,Datetime (hs),month (hs),Datetime (he),load_price,charge_price,discharge_price,export_price,soc_hs,load,charge_mpc,discharge_to_load,discharge_to_grid,net_load,net_load_after_export,is_exporting,is_charging
0,2019-01-01 00:00:00,1,2019-01-01 01:00:00,0.10531,0.10531,0.10531,0.0,0.5,161.13902718218333,-180.26876383087387,0.0,0.0,341.4077910130572,341.4077910130572,0.0,1.0
1,2019-01-01 01:00:00,1,2019-01-01 02:00:00,0.10531,0.10531,0.10531,0.0,0.7764121045406733,159.953371555752,-0.0,0.0,0.0,159.953371555752,159.953371555752,0.0,0.0
2,2019-01-01 02:00:00,1,2019-01-01 03:00:00,0.10531,0.10531,0.10531,0.0,0.7764121045406733,159.27045153844273,-0.0,0.0,0.0,159.27045153844273,159.27045153844273,0.0,0.0
3,2019-01-01 03:00:00,1,2019-01-01 04:00:00,0.10531,0.10531,0.10531,0.0,0.7764121045406733,158.44975417740696,-0.0,0.0,0.0,158.44975417740696,158.44975417740696,0.0,0.0
4,2019-01-01 04:00:00,1,2019-01-01 05:00:00,0.10531,0.10531,0.10531,0.0,0.7764121045406733,171.58946697276528,-0.0,0.0,0.0,171.58946697276528,171.58946697276528,0.0,0.0
5,2019-01-01 05:00:00,1,2019-01-01 06:00:00,0.10531,0.10531,0.10531,0.0,0.7764121045406733,184.0949545629922,-0.0,0.0,0.0,184.0949545629922,184.0949545629922,0.0,0.0
6,2019-01-01 06:00:00,1,2019-01-01 07:00:00,0.10531,0.10531,0.10531,0.0,0.7764121045406733,243.4192774633918,-65.96454694626867,0.0,0.0,309.38382440966046,309.38382440966046,0.0,1.0
7,2019-01-01 07:00:00,1,2019-01-01 08:00:00,0.10531,0.10531,0.10531,0.0,0.8775577431916186,234.499775841708,-0.0,0.0,0.0,234.499775841708,234.499775841708,0.0,0.0
8,2019-01-01 08:00:00,1,2019-01-01 09:00:00,0.10531,0.10531,0.10531,0.0,0.8775577431916186,309.8759898455817,-0.0,0.0,0.0,309.8759898455817,309.8759898455817,0.0,0.0
9,2019-01-01 09:00:00,1,2019-01-01 10:00:00,0.10531,0.10531,0.10531,0.0,0.8775577431916186,261.5541452684606,-79.85364574459658,0.0,0.0,341.4077910130572,341.4077910130572,0.0,1.0
10,2019-01-01 10:00:00,1,2019-01-01 11:00:00,0.10531,0.10531,0.10531,0.0,1.0,342.7549372958322,-0.0,1.347146282774986,0.0,341.4077910130572,341.4077910130572,0.0,0.0
11,2019-01-01 11:00:00,1,2019-01-01 12:00:00,0.10531,0.10531,0.10531,0.0,0.9975595176036685,414.53261218886706,-0.0,73.12482117580987,0.0,341.4077910130572,341.4077910130572,0.0,0.0
12,2019-01-01 12:00:00,1,2019-01-01 13:00:00,0.10531,0.10531,0.10531,0.0,0.8650870154735781,444.3679254035601,-0.0,95.01307516256321,0.0,349.3548502409969,349.3548502409969,0.0,0.0
13,2019-01-01 13:00:00,1,2019-01-01 14:00:00,0.10531,0.10531,0.10531,0.0,0.6929618793095144,434.1905243086563,-0.0,84.8356740676594,0.0,349.3548502409969,349.3548502409969,0.0,0.0
14,2019-01-01 14:00:00,1,2019-01-01 15:00:00,0.10531,0.10531,0.10531,0.0,0.5392740639695517,418.8075784090971,-0.0,69.45272816810024,0.0,349.3548502409969,349.3548502409969,0.0,0.0
15,2019-01-01 15:00:00,1,2019-01-01 16:00:00,0.10531,0.10531,0.10531,0.0,0.41345390424473244,408.08995855065075,-0.0,58.73510830965387,0.0,349.3548502409969,349.3548502409969,0.0,0.0
16,2019-01-01 16:00:00,1,2019-01-01 17:00:00,0.13592,0.13592,0.13592,0.0,0.307049722524345,404.87024466880393,-0.0,111.14480902338502,0.0,293.7254356454189,293.7254356454189,0.0,0.0
17,2019-01-01 17:00:00,1,2019-01-01 18:00:00,0.13592,0.13592,0.13592,0.0,0.10570043081531415,358.19092000919375,-0.0,8.836069768196865,0.0,349.3548502409969,349.3548502409969,0.0,0.0
18,2019-01-01 18:00:00,1,2019-01-01 19:00:00,0.13592,0.13592,0.13592,0.0,0.08969305804684156,371.26541828285343,-0.0,21.91056804185655,0.0,349.3548502409969,349.3548502409969,0.0,0.0
19,2019-01-01 19:00:00,1,2019-01-01 20:00:00,0.13592,0.13592,0.13592,0.0,0.05,330.0995347769663,-0.0,0.0,0.0,330.0995347769663,330.0995347769663,0.0,0.0
20,2019-01-01 20:00:00,1,2019-01-01 21:00:00,0.13592,0.13592,0.13592,0.0,0.05,306.93240759743225,-0.0,0.0,0.0,306.93240759743225,306.93240759743225,0.0,0.0
21,2019-01-01 21:00:00,1,2019-01-01 22:00:00,0.10531,0.10531,0.10531,0.0,0.05,276.7160895934025,-72.63876064759438,0.0,0.0,349.3548502409969,349.3548502409969,0.0,1.0
22,2019-01-01 22:00:00,1,2019-01-01 23:00:00,0.10531,0.10531,0.10531,0.0,0.16137943299297805,164.96218544709916,-0.0,0.0,0.0,164.96218544709916,164.96218544709916,0.0,0.0
23,2019-01-01 23:00:00,1,2019-01-02 00:00:00,0.10531,0.10531,0.10531,0.0,0.16137943299297805,237.74875725101455,-0.0,0.0,0.0,237.74875725101455,237.74875725101455,0.0,0.0
24,2019-01-02 00:00:00,1,2019-01-02 01:00:00,0.10531,0.10531,0.10531,0.0,0.16137943299297805,180.77492874297374,-0.0,0.0,0.0,180.77492874297374,180.77492874297374,0.0,0.0
25,2019-01-02 01:00:00,1,2019-01-02 02:00:00,0.10531,0.10531,0.10531,0.0,0.16137943299297805,165.83563954061572,-0.0,0.0,0.0,165.83563954061572,165.83563954061572,0.0,0.0
26,2019-01-02 02:00:00,1,2019-01-02 03:00:00,0.10531,0.10531,0.10531,0.0,0.16137943299297805,165.45628457341084,-0.0,0.0,0.0,165.45628457341084,165.45628457341084,0.0,0.0
27,2019-01-02 03:00:00,1,2019-01-02 04:00:00,0.10531,0.10531,0.10531,0.0,0.16137943299297805,165.51665251592496,-0.0,0.0,0.0,165.51665251592496,165.51665251592496,0.0,0.0
28,2019-01-02 04:00:00,1,2019-01-02 05:00:00,0.10531,0.10531,0.10531,0.0,0.16137943299297805,179.32086823093633,-0.0,0.0,0.0,179.32086823093633,179.32086823093633,0.0,0.0
29,2019-01-02 05:00:00,1,2019-01-02 06:00:00,0.10531,0.10531,0.10531,0.0,0.16137943299297805,178.01310850123826,-202.13905827272993,0.0,0.0,380.1521667739682,380.1521667739682,0.0,1.0
30,2019-01-02 06:00:00,1,2019-01-02 07:00:00,0.10531,0.10531,0.10531,0.0,0.4713259890111639,274.35609884430977,-167.87540166482893,0.0,0.0,442.2315005091387,442.2315005091387,0.0,1.0
31,2019-01-02 07:00:00,1,2019-01-02 08:00:00,0.10531,0.10531,0.10531,0.0,0.7287349382305683,265.3195037029876,-176.91199680615108,0.0,0.0,442.2315005091387,442.2315005091387,0.0,1.0
32,2019-01-02 08:00:00,1,2019-01-02 09:00:00,0.10531,0.10531,0.10531,0.0,1.0,425.0600244686388,-0.0,0.0,0.0,425.0600244686388,425.0600244686388,0.0,1.0
33,2019-01-02 09:00:00,1,2019-01-02 10:00:00,0.10531,0.10531,0.10531,0.0,1.0,486.5525000016403,-0.0,44.320999492501585,0.0,442.2315005091387,442.2315005091387,0.0,0.0
34,2019-01-02 10:00:00,1,2019-01-02 11:00:00,0.10531,0.10531,0.10531,0.0,0.9197083342527145,473.52400241601146,-0.0,31.292501906872758,0.0,442.2315005091387,442.2315005091387,0.0,0.0
35,2019-01-02 11:00:00,1,2019-01-02 12:00:00,0.10531,0.10531,0.10531,0.0,0.863019019204032,536.6828740776971,-0.0,94.45137356855838,0.0,442.2315005091387,442.2315005091387,0.0,0.0
36,2019-01-02 12:00:00,1,2019-01-02 13:00:00,0.10531,0.10531,0.10531,0.0,0.6919114583914264,498.92192842875653,-0.0,56.6904279196179,0.0,442.23150050913864,442.23150050913864,0.0,0.0
37,2019-01-02 13:00:00,1,2019-01-02 14:00:00,0.10531,0.10531,0.10531,0.0,0.5892114078124084,492.8260048666372,-0.0,50.59450435749858,0.0,442.23150050913864,442.23150050913864,0.0,0.0
38,2019-01-02 14:00:00,1,2019-01-02 15:00:00,0.10531,0.10531,0.10531,0.0,0.49755469701983857,482.83168874547187,-0.0,40.600188236333224,0.0,442.23150050913864,442.23150050913864,0.0,0.0
39,2019-01-02 15:00:00,1,2019-01-02 16:00:00,0.10531,0.10531,0.10531,0.0,0.4240036313743072,475.8451756047537,-0.0,33.613675095615065,0.0,442.23150050913864,442.23150050913864,0.0,0.0
40,2019-01-02 16:00:00,1,2019-01-02 17:00:00,0.13592,0.13592,0.13592,0.0,0.3631092924329759,482.2143194170744,-0.0,39.98281890793578,0.0,442.23150050913864,442.23150050913864,0.0,0.0
41,2019-01-02 17:00:00,1,2019-01-02 18:00:00,0.13592,0.13592,0.13592,0.0,0.290676649483817,500.365004820679,-0.0,58.13350431154038,0.0,442.23150050913864,442.23150050913864,0.0,0.0
42,2019-01-02 18:00:00,1,2019-01-02 19:00:00,0.13592,0.13592,0.13592,0.0,0.18536233007885233,495.8917721931105,-0.0,53.66027168397187,0.0,442.23150050913864,442.23150050913864,0.0,0.0
43,2019-01-02 19:00:00,1,2019-01-02 20:00:00,0.13592,0.13592,0.13592,0.0,0.08815169297020778,463.29123502869334,-0.0,21.059734519554695,0.0,442.23150050913864,442.23150050913864,0.0,0.0
44,2019-01-02 20:00:00,1,2019-01-02 21:00:00,0.13592,0.13592,0.13592,0.0,0.05,408.4505095044046,-0.0,0.0,0.0,408.4505095044046,408.4505095044046,0.0,1.0
45,2019-01-02 21:00:00,1,2019-01-02 22:00:00,0.10531,0.10531,0.10531,0.0,0.05,290.5527756094731,-151.67872489966555,0.0,0.0,442.23150050913864,442.23150050913864,0.0,1.0
46,2019-01-02 22:00:00,1,2019-01-02 23:00:00,0.10531,0.10531,0.10531,0.0,0.2825740448461539,186.29113708330587,-0.0,0.0,0.0,186.29113708330587,186.29113708330587,0.0,0.0
47,2019-01-02 23:00:00,1,2019-01-03 00:00:00,0.10531,0.10531,0.10531,0.0,0.28257404484615384,255.4236104133607,-113.02035367629307,0.0,0.0,368.4439640896538,368.4439640896538,0.0,1.0
48,2019-01-03 00:00:00,1,2019-01-03 01:00:00,0.10531,0.10531,0.10531,0.0,0.4558719204831365,194.56469503198971,-0.0,0.0,0.0,194.56469503198971,194.56469503198971,0.0,0.0
49,2019-01-03 01:00:00,1,2019-01-03 02:00:00,0.10531,0.10531,0.10531,0.0,0.4558719204831365,178.43079286385037,-0.0,0.0,0.0,178.43079286385037,178.43079286385037,0.0,0.0
50,2019-01-03 02:00:00,1,2019-01-03 03:00:00,0.10531,0.10531,0.10531,0.0,0.4558719204831365,177.8588809134031,-0.0,0.0,0.0,177.8588809134031,177.8588809134031,0.0,0.0
51,2019-01-03 03:00:00,1,2019-01-03 04:00:00,0.10531,0.10531,0.10531,0.0,0.4558719204831365,177.74430638207724,-0.0,0.0,0.0,177.74430638207724,177.74430638207724,0.0,0.0
52,2019-01-03 04:00:00,1,2019-01-03 05:00:00,0.10531,0.10531,0.10531,0.0,0.4558719204831365,224.67819851633598,-0.0,0.0,0.0,224.67819851633598,224.67819851633598,0.0,0.0
53,2019-01-03 05:00:00,1,2019-01-03 06:00:00,0.10531,0.10531,0.10531,0.0,0.4558719204831365,225.75873927087395,-201.00508952651757,0.0,0.0,426.7638287973915,426.7638287973915,0.0,1.0
54,2019-01-03 06:00:00,1,2019-01-03 07:00:00,0.10531,0.10531,0.10531,0.0,0.7640797244237968,325.5357755180023,-0.0,0.0,0.0,325.5357755180023,325.5357755180023,0.0,0.0
55,2019-01-03 07:00:00,1,2019-01-03 08:00:00,0.10531,0.10531,0.10531,0.0,0.7640797244237968,310.00230150863865,-153.86104928882816,0.0,0.0,463.8633507974668,463.8633507974668,0.0,1.0
56,2019-01-03 08:00:00,1,2019-01-03 09:00:00,0.10531,0.10531,0.10531,0.0,1.0,449.501792204322,-0.0,0.0,0.0,449.501792204322,449.501792204322,0.0,0.0
57,2019-01-03 09:00:00,1,2019-01-03 10:00:00,0.10531,0.10531,0.10531,0.0,1.0,506.3511849627411,-0.0,42.48783416527431,0.0,463.8633507974668,463.8633507974668,0.0,0.0
58,2019-01-03 10:00:00,1,2019-01-03 11:00:00,0.10531,0.10531,0.10531,0.0,0.9230292859324741,488.68573363492237,-0.0,24.822382837455564,0.0,463.8633507974668,463.8633507974668,0.0,0.0
59,2019-01-03 11:00:00,1,2019-01-03 12:00:00,0.10531,0.10531,0.10531,0.0,0.8780612010820111,548.4285913412605,-0.0,84.56524054379366,0.0,463.8633507974668,463.8633507974668,0.0,0.0
60,2019-01-03 12:00:00,1,2019-01-03 13:00:00,0.10531,0.10531,0.10531,0.0,0.724863301546153,514.0086881633292,-0.0,50.14533736586244,0.0,463.86335079746675,463.86335079746675,0.0,0.0
61,2019-01-03 13:00:00,1,2019-01-03 14:00:00,0.10531,0.10531,0.10531,0.0,0.6340202990717645,512.5222354465284,-0.0,48.65888464906158,0.0,463.8633507974668,463.8633507974668,0.0,0.0
62,2019-01-03 14:00:00,1,2019-01-03 15:00:00,0.10531,0.10531,0.10531,0.0,0.5458701457220153,507.5202353649212,-0.0,43.65688456745437,0.0,463.8633507974668,463.8633507974668,0.0,0.0
63,2019-01-03 15:00:00,1,2019-01-03 16:00:00,0.10531,0.10531,0.10531,0.0,0.4667815867230041,499.91128476145974,-0.0,36.04793396399293,0.0,463.8633507974668,463.8633507974668,0.0,0.0
64,2019-01-03 16:00:00,1,2019-01-03 17:00:00,0.13592,0.13592,0.13592,0.0,0.40147735852736505,507.1098224356166,-0.0,43.246471638149785,0.0,463.8633507974668,463.8633507974668,0.0,0.0
65,2019-01-03 17:00:00,1,2019-01-03 18:00:00,0.13592,0.13592,0.13592,0.0,0.32313230121187625,530.8835506040389,-0.0,67.02019980657207,0.0,463.8633507974668,463.8633507974668,0.0,0.0
66,2019-01-03 18:00:00,1,2019-01-03 19:00:00,0.13592,0.13592,0.13592,0.0,0.20171889576518764,526.1863208614782,-0.0,62.32297006401137,0.0,463.8633507974668,463.8633507974668,0.0,0.0
67,2019-01-03 19:00:00,1,2019-01-03 20:00:00,0.13592,0.13592,0.13592,0.0,0.08881496448980472,485.289211195839,-0.0,21.42586039837221,0.0,463.8633507974668,463.8633507974668,0.0,0.0
68,2019-01-03 20:00:00,1,2019-01-03 21:00:00,0.13592,0.13592,0.13592,0.0,0.05,432.652564243904,-0.0,0.0,0.0,432.652564243904,432.652564243904,0.0,1.0
69,2019-01-03 21:00:00,1,2019-01-03 22:00:00,0.10531,0.10531,0.10531,0.0,0.05,312.0327241424313,-151.83062665503553,0.0,0.0,463.8633507974668,463.8633507974668,0.0,1.0
70,2019-01-03 22:00:00,1,2019-01-03 23:00:00,0.10531,0.10531,0.10531,0.0,0.2828069608710545,220.74139397638922,-0.0,0.0,0.0,220.74139397638922,220.74139397638922,0.0,0.0
71,2019-01-03 23:00:00,1,2019-01-04 00:00:00,0.10531,0.10531,0.10531,0.0,0.28280696087105456,288.6824795145531,-135.54744800771806,0.0,0.0,424.22992752227117,424.22992752227117,0.0,1.0
72,2019-01-04 00:00:00,1,2019-01-04 01:00:00,0.10531,0.10531,0.10531,0.0,0.49064638114955555,231.79068430799444,-0.0,0.0,0.0,231.79068430799444,231.79068430799444,0.0,0.0
73,2019-01-04 01:00:00,1,2019-01-04 02:00:00,0.10531,0.10531,0.10531,0.0,0.49064638114955555,213.4163557364262,-0.0,0.0,0.0,213.4163557364262,213.4163557364262,0.0,0.0
74,2019-01-04 02:00:00,1,2019-01-04 03:00:00,0.10531,0.10531,0.10531,0.0,0.49064638114955555,210.47470228334802,-0.0,0.0,0.0,210.47470228334802,210.47470228334802,0.0,0.0
75,2019-01-04 03:00:00,1,2019-01-04 04:00:00,0.10531,0.10531,0.10531,0.0,0.49064638114955555,208.58185258522755,-0.0,0.0,0.0,208.58185258522755,208.58185258522755,0.0,0.0
76,2019-01-04 04:00:00,1,2019-01-04 05:00:00,0.10531,0.10531,0.10531,0.0,0.49064638114955555,221.0481915770673,-0.0,0.0,0.0,221.0481915770673,221.0481915770673,0.0,0.0
77,2019-01-04 05:00:00,1,2019-01-04 06:00:00,0.10531,0.10531,0.10531,0.0,0.49064638114955555,219.85290721470562,-0.0,0.0,0.0,219.85290721470562,219.85290721470562,0.0,0.0
78,2019-01-04 06:00:00,1,2019-01-04 07:00:00,0.10531,0.10531,0.10531,0.0,0.49064638114955555,313.8989959266464,-178.03761931957854,0.0,0.0,491.93661524622496,491.93661524622496,0.0,1.0
79,2019-01-04 07:00:00,1,2019-01-04 08:00:00,0.10531,0.10531,0.10531,0.0,0.763637397439576,317.0456550861324,-154.14952340897216,0.0,0.0,471.1951784951046,471.1951784951046,0.0,1.0
80,2019-01-04 08:00:00,1,2019-01-04 09:00:00,0.10531,0.10531,0.10531,0.0,1.0,472.070743201677,-0.0,0.0,0.0,472.070743201677,472.070743201677,0.0,0.0
81,2019-01-04 09:00:00,1,2019-01-04 10:00:00,0.10531,0.10531,0.10531,0.0,1.0,529.6387378360358,-0.0,37.70212258981095,0.0,491.93661524622496,491.93661524622496,0.0,0.0
82,2019-01-04 10:00:00,1,2019-01-04 11:00:00,0.10531,0.10531,0.10531,0.0,0.931699053279328,519.41845170008,-0.0,27.481836453855095,0.0,491.93661524622496,491.93661524622496,0.0,0.0
83,2019-01-04 11:00:00,1,2019-01-04 12:00:00,0.10531,0.10531,0.10531,0.0,0.881913117674518,577.5622728466291,-0.0,85.62565760040414,0.0,491.93661524622496,491.93661524622496,0.0,0.0
84,2019-01-04 12:00:00,1,2019-01-04 13:00:00,0.10531,0.10531,0.10531,0.0,0.7267941727462498,550.6617406263524,-0.0,58.72512538012741,0.0,491.936615246225,491.936615246225,0.0,0.0
85,2019-01-04 13:00:00,1,2019-01-04 14:00:00,0.10531,0.10531,0.10531,0.0,0.6204080760431204,550.0593815346735,-0.0,58.12276628844856,0.0,491.93661524622496,491.93661524622496,0.0,0.0
86,2019-01-04 14:00:00,1,2019-01-04 15:00:00,0.10531,0.10531,0.10531,0.0,0.5151132095785397,540.5419122857438,-0.0,48.60529703951883,0.0,491.93661524622496,491.93661524622496,0.0,0.0
87,2019-01-04 15:00:00,1,2019-01-04 16:00:00,0.10531,0.10531,0.10531,0.0,0.4270601352315854,532.8993094723768,-0.0,40.962694226151825,0.0,491.93661524622496,491.93661524622496,0.0,0.0
88,2019-01-04 16:00:00,1,2019-01-04 17:00:00,0.13592,0.13592,0.13592,0.0,0.3528523558363831,538.1475308420836,-0.0,46.21091559585861,0.0,491.93661524622496,491.93661524622496,0.0,0.0
89,2019-01-04 17:00:00,1,2019-01-04 18:00:00,0.13592,0.13592,0.13592,0.0,0.2691369290322914,551.0735798979141,-0.0,59.13696465168911,0.0,491.93661524622496,491.93661524622496,0.0,0.0
90,2019-01-04 18:00:00,1,2019-01-04 19:00:00,0.13592,0.13592,0.13592,0.0,0.16200474669227485,537.9798742098983,-0.0,46.04325896367331,0.0,491.93661524622496,491.93661524622496,0.0,0.0
91,2019-01-04 19:00:00,1,2019-01-04 20:00:00,0.13592,0.13592,0.13592,0.0,0.07859304567112758,507.7199764566874,-0.0,15.78336121046243,0.0,491.93661524622496,491.93661524622496,0.0,0.0
92,2019-01-04 20:00:00,1,2019-01-04 21:00:00,0.13592,0.13592,0.13592,0.0,0.05,452.07900167268747,-0.0,0.0,0.0,452.07900167268747,452.07900167268747,0.0,1.0
93,2019-01-04 21:00:00,1,2019-01-04 22:00:00,0.10531,0.10531,0.10531,0.0,0.05,322.59679809580973,-115.9533387743513,0.0,0.0,438.55013687016105,438.55013687016105,0.0,1.0
94,2019-01-04 22:00:00,1,2019-01-04 23:00:00,0.10531,0.10531,0.10531,0.0,0.22779511945400532,219.0915073397936,-0.0,0.0,0.0,219.0915073397936,219.0915073397936,0.0,0.0
95,2019-01-04 23:00:00,1,2019-01-05 00:00:00,0.10531,0.10531,0.10531,0.0,0.22779511945400532,287.1740921874546,-0.0,0.0,0.0,287.1740921874546,287.1740921874546,0.0,1.0
96,2019-01-05 00:00:00,1,2019-01-05 01:00:00,0.10531,0.10531,0.10531,0.0,0.22779511945400532,227.56187496090897,-0.0,0.0,0.0,227.56187496090897,227.56187496090897,0.0,0.0
97,2019-01-05 01:00:00,1,2019-01-05 02:00:00,0.10531,0.10531,0.10531,0.0,0.22779511945400532,209.24274558314627,-0.0,0.0,0.0,209.24274558314627,209.24274558314627,0.0,0.0
98,2019-01-05 02:00:00,1,2019-01-05 03:00:00,0.10531,0.10531,0.10531,0.0,0.22779511945400532,205.30798296368616,-0.0,0.0,0.0,205.30798296368616,205.30798296368616,0.0,0.0
99,2019-01-05 03:00:00,1,2019-01-05 04:00:00,0.10531,0.10531,0.10531,0.0,0.22779511945400532,202.36266583939252,-0.0,0.0,0.0,202.36266583939252,202.36266583939252,0.0,0.0
100,2019-01-05 04:00:00,1,2019-01-05 05:00:00,0.10531,0.10531,0.10531,0.0,0.22779511945400532,213.92426360925793,-124.89485341285416,0.0,0.0,338.8191170221121,338.8191170221121,0.0,1.0
101,2019-01-05 05:00:00,1,2019-01-05 06:00:00,0.10531,0.10531,0.10531,0.0,0.4193005613537151,211.21176139031374,-0.0,0.0,0.0,211.21176139031374,211.21176139031374,0.0,0.0
102,2019-01-05 06:00:00,1,2019-01-05 07:00:00,0.10531,0.10531,0.10531,0.0,0.4193005613537151,301.7436311802149,-190.19298406601013,0.0,0.0,491.936615246225,491.936615246225,0.0,1.0
103,2019-01-05 07:00:00,1,2019-01-05 08:00:00,0.10531,0.10531,0.10531,0.0,0.710929803588264,303.4125741081363,-188.5240411380887,0.0,0.0,491.936615246225,491.936615246225,0.0,1.0
104,2019-01-05 08:00:00,1,2019-01-05 09:00:00,0.10531,0.10531,0.10531,0.0,1.0,449.39157394130456,-0.0,0.0,0.0,449.39157394130456,449.39157394130456,0.0,0.0
105,2019-01-05 09:00:00,1,2019-01-05 10:00:00,0.10531,0.10531,0.10531,0.0,1.0,507.9067234666945,-0.0,15.970108220469456,0.0,491.936615246225,491.936615246225,0.0,0.0
106,2019-01-05 10:00:00,1,2019-01-05 11:00:00,0.10531,0.10531,0.10531,0.0,0.9710686445281351,499.4727003361361,-0.0,7.536085089911069,0.0,491.936615246225,491.936615246225,0.0,0.0
107,2019-01-05 11:00:00,1,2019-01-05 12:00:00,0.10531,0.10531,0.10531,0.0,0.957416316466702,566.5733278744553,-0.0,74.63671262823033,0.0,491.936615246225,491.936615246225,0.0,0.0
108,2019-01-05 12:00:00,1,2019-01-05 13:00:00,0.10531,0.10531,0.10531,0.0,0.8222048805459948,538.5340242738963,-0.0,46.59740902767129,0.0,491.936615246225,491.936615246225,0.0,0.0
109,2019-01-05 13:00:00,1,2019-01-05 14:00:00,0.10531,0.10531,0.10531,0.0,0.7377892844813729,534.0000320913109,-0.0,42.0634168450859,0.0,491.936615246225,491.936615246225,0.0,0.0
110,2019-01-05 14:00:00,1,2019-01-05 15:00:00,0.10531,0.10531,0.10531,0.0,0.6615874423707101,517.4620947430199,-0.0,25.525479496794844,0.0,491.936615246225,491.936615246225,0.0,0.0
111,2019-01-05 15:00:00,1,2019-01-05 16:00:00,0.10531,0.10531,0.10531,0.0,0.6153456316881106,510.3904185589396,-0.0,18.45380331271457,0.0,491.936615246225,491.936615246225,0.0,0.0
112,2019-01-05 16:00:00,1,2019-01-05 17:00:00,0.13592,0.13592,0.13592,0.0,0.5819148285853669,517.1713213972699,-0.0,219.5255517935375,0.0,297.64576960373245,297.64576960373245,0.0,0.0
113,2019-01-05 17:00:00,1,2019-01-05 18:00:00,0.13592,0.13592,0.13592,0.0,0.18422361156808884,534.6911714599617,-0.0,42.754556213736635,0.0,491.936615246225,491.936615246225,0.0,0.0
114,2019-01-05 18:00:00,1,2019-01-05 19:00:00,0.13592,0.13592,0.13592,0.0,0.10676970538378332,522.970477232253,-0.0,31.033861986027944,0.0,491.936615246225,491.936615246225,0.0,0.0
115,2019-01-05 19:00:00,1,2019-01-05 20:00:00,0.13592,0.13592,0.13592,0.0,0.05054894091634141,492.2396306320455,-0.0,0.3030153858204585,0.0,491.936615246225,491.936615246225,0.0,0.0
116,2019-01-05 20:00:00,1,2019-01-05 21:00:00,0.13592,0.13592,0.13592,0.0,0.05,434.41888712276176,-0.0,0.0,0.0,434.41888712276176,434.41888712276176,0.0,0.0
117,2019-01-05 21:00:00,1,2019-01-05 22:00:00,0.10531,0.10531,0.10531,0.0,0.05,307.84275498655376,-0.0,0.0,0.0,307.84275498655376,307.84275498655376,0.0,0.0
118,2019-01-05 22:00:00,1,2019-01-05 23:00:00,0.10531,0.10531,0.10531,0.0,0.05,203.68164009937786,-0.0,0.0,0.0,203.68164009937786,203.68164009937786,0.0,0.0
119,2019-01-05 23:00:00,1,2019-01-06 00:00:00,0.10531,0.10531,0.10531,0.0,0.05,272.87975461186363,-133.66481074406232,0.0,0.0,406.54456535592595,406.54456535592595,0.0,1.0
120,2019-01-06 00:00:00,1,2019-01-06 01:00:00,0.10531,0.10531,0.10531,0.0,0.25495270980756224,210.8045821021015,-0.0,0.0,0.0,210.8045821021015,210.8045821021015,0.0,0.0
121,2019-01-06 01:00:00,1,2019-01-06 02:00:00,0.10531,0.10531,0.10531,0.0,0.25495270980756224,192.80292764818125,-0.0,0.0,0.0,192.80292764818125,192.80292764818125,0.0,0.0
122,2019-01-06 02:00:00,1,2019-01-06 03:00:00,0.10531,0.10531,0.10531,0.0,0.25495270980756224,189.11307730626496,-0.0,0.0,0.0,189.11307730626496,189.11307730626496,0.0,0.0
123,2019-01-06 03:00:00,1,2019-01-06 04:00:00,0.10531,0.10531,0.10531,0.0,0.25495270980756224,185.9546134976135,-0.0,0.0,0.0,185.9546134976135,185.9546134976135,0.0,0.0
124,2019-01-06 04:00:00,1,2019-01-06 05:00:00,0.10531,0.10531,0.10531,0.0,0.25495270980756224,229.70410214685995,-142.4163655521276,0.0,0.0,372.12046769898757,372.12046769898757,0.0,1.0
125,2019-01-06 05:00:00,1,2019-01-06 06:00:00,0.10531,0.10531,0.10531,0.0,0.4733244703208245,227.91068918216538,-0.0,0.0,0.0,227.91068918216538,227.91068918216538,0.0,0.0
126,2019-01-06 06:00:00,1,2019-01-06 07:00:00,0.10531,0.10531,0.10531,0.0,0.4733244703208245,324.69193721996857,-167.24467802625645,0.0,0.0,491.936615246225,491.936615246225,0.0,1.0
127,2019-01-06 07:00:00,1,2019-01-06 08:00:00,0.10531,0.10531,0.10531,0.0,0.7297663099610844,315.69725217736703,-176.23936306885798,0.0,0.0,491.936615246225,491.936615246225,0.0,1.0
128,2019-01-06 08:00:00,1,2019-01-06 09:00:00,0.10531,0.10531,0.10531,0.0,1.0,450.33242869445746,-0.0,0.0,0.0,450.33242869445746,450.33242869445746,0.0,0.0
129,2019-01-06 09:00:00,1,2019-01-06 10:00:00,0.10531,0.10531,0.10531,0.0,1.0,517.3554567647644,-0.0,25.41884151853941,0.0,491.936615246225,491.936615246225,0.0,0.0
130,2019-01-06 10:00:00,1,2019-01-06 11:00:00,0.10531,0.10531,0.10531,0.0,0.953951374060617,504.8031283324833,-0.0,12.866513086258294,0.0,491.936615246225,491.936615246225,0.0,0.0
131,2019-01-06 11:00:00,1,2019-01-06 12:00:00,0.10531,0.10531,0.10531,0.0,0.930642473542033,566.7851564552017,-0.0,74.84854120897666,0.0,491.936615246225,491.936615246225,0.0,0.0
132,2019-01-06 12:00:00,1,2019-01-06 13:00:00,0.10531,0.10531,0.10531,0.0,0.7950472901924377,538.0196325513058,-0.0,46.08301730508077,0.0,491.936615246225,491.936615246225,0.0,0.0
133,2019-01-06 13:00:00,1,2019-01-06 14:00:00,0.10531,0.10531,0.10531,0.0,0.7115635631904798,533.179760409333,-0.0,41.243145163107954,0.0,491.936615246225,491.936615246225,0.0,0.0
134,2019-01-06 14:00:00,1,2019-01-06 15:00:00,0.10531,0.10531,0.10531,0.0,0.63684772050369,522.2912594815862,-0.0,30.35464423536115,0.0,491.936615246225,491.936615246225,0.0,0.0
135,2019-01-06 15:00:00,1,2019-01-06 16:00:00,0.10531,0.10531,0.10531,0.0,0.5818574229758618,512.0872913675772,-0.0,20.150676121352205,0.0,491.936615246225,491.936615246225,0.0,0.0
136,2019-01-06 16:00:00,1,2019-01-06 17:00:00,0.13592,0.13592,0.13592,0.0,0.5453525749299339,517.7596375069246,-0.0,25.823022260699588,0.0,491.936615246225,491.936615246225,0.0,0.0
137,2019-01-06 17:00:00,1,2019-01-06 18:00:00,0.13592,0.13592,0.13592,0.0,0.4985717375011304,538.0500178354139,-0.0,46.113402589188865,0.0,491.936615246225,491.936615246225,0.0,0.0
138,2019-01-06 18:00:00,1,2019-01-06 19:00:00,0.13592,0.13592,0.13592,0.0,0.4150329646946288,531.6395165161167,-0.0,201.4981965114351,0.0,330.1413200046816,330.1413200046816,0.0,0.0
139,2019-01-06 19:00:00,1,2019-01-06 20:00:00,0.13592,0.13592,0.13592,0.0,0.05,489.8022720680963,-0.0,0.0,0.0,489.8022720680963,489.8022720680963,0.0,0.0
140,2019-01-06 20:00:00,1,2019-01-06 21:00:00,0.13592,0.13592,0.13592,0.0,0.05,434.2905026580162,-0.0,0.0,0.0,434.2905026580162,434.2905026580162,0.0,1.0
141,2019-01-06 21:00:00,1,2019-01-06 22:00:00,0.10531,0.10531,0.10531,0.0,0.05,311.80147160149073,-0.0,0.0,0.0,311.80147160149073,311.80147160149073,0.0,1.0
142,2019-01-06 22:00:00,1,2019-01-06 23:00:00,0.10531,0.10531,0.10531,0.0,0.05,220.0731480393867,-0.0,0.0,0.0,220.0731480393867,220.0731480393867,0.0,0.0
143,2019-01-06 23:00:00,1,2019-01-07 00:00:00,0.10531,0.10531,0.10531,0.0,0.05,288.0009643984511,-0.0,0.0,0.0,288.0009643984511,288.0009643984511,0.0,1.0
144,2019-01-07 00:00:00,1,2019-01-07 01:00:00,0.10531,0.10531,0.10531,0.0,0.05,224.4818744971237,-0.0,0.0,0.0,224.4818744971237,224.4818744971237,0.0,0.0
145,2019-01-07 01:00:00,1,2019-01-07 02:00:00,0.10531,0.10531,0.10531,0.0,0.05,205.95509230095945,-0.0,0.0,0.0,205.95509230095945,205.95509230095945,0.0,0.0
146,2019-01-07 02:00:00,1,2019-01-07 03:00:00,0.10531,0.10531,0.10531,0.0,0.05,203.1488286139036,-0.0,0.0,0.0,203.1488286139036,203.1488286139036,0.0,0.0
147,2019-01-07 03:00:00,1,2019-01-07 04:00:00,0.10531,0.10531,0.10531,0.0,0.05,200.1602856004236,-0.0,0.0,0.0,200.1602856004236,200.1602856004236,0.0,0.0
148,2019-01-07 04:00:00,1,2019-01-07 05:00:00,0.10531,0.10531,0.10531,0.0,0.05,211.6143241788271,-0.0,0.0,0.0,211.6143241788271,211.6143241788271,0.0,0.0
149,2019-01-07 05:00:00,1,2019-01-07 06:00:00,0.10531,0.10531,0.10531,0.0,0.05,209.13268859848387,-161.7010737353799,0.0,0.0,370.8337623338638,370.8337623338638,0.0,1.0
150,2019-01-07 06:00:00,1,2019-01-07 07:00:00,0.10531,0.10531,0.10531,0.0,0.2979416463942492,276.54917384294305,-215.38744140328197,0.0,0.0,491.936615246225,491.936615246225,0.0,1.0
151,2019-01-07 07:00:00,1,2019-01-07 08:00:00,0.10531,0.10531,0.10531,0.0,0.6282023898792816,284.5527536912633,-207.3838615549617,0.0,0.0,491.936615246225,491.936615246225,0.0,1.0
152,2019-01-07 08:00:00,1,2019-01-07 09:00:00,0.10531,0.10531,0.10531,0.0,0.9461909775968896,408.94741507267173,-0.0,0.0,0.0,408.94741507267173,408.94741507267173,0.0,0.0
153,2019-01-07 09:00:00,1,2019-01-07 10:00:00,0.10531,0.10531,0.10531,0.0,0.9461909775968896,456.8437745485443,-35.09284069768074,0.0,0.0,491.936615246225,491.936615246225,0.0,1.0
154,2019-01-07 10:00:00,1,2019-01-07 11:00:00,0.10531,0.10531,0.10531,0.0,1.0,508.3892587706468,-0.0,16.452643524421774,0.0,491.936615246225,491.936615246225,0.0,0.0
155,2019-01-07 11:00:00,1,2019-01-07 12:00:00,0.10531,0.10531,0.10531,0.0,0.9701944863688012,567.6195025136766,-0.0,75.68288726745158,0.0,491.936615246225,491.936615246225,0.0,0.0
156,2019-01-07 12:00:00,1,2019-01-07 13:00:00,0.10531,0.10531,0.10531,0.0,0.8330878065364614,534.2608337170759,-0.0,42.324218470850894,0.0,491.936615246225,491.936615246225,0.0,0.0
157,2019-01-07 13:00:00,1,2019-01-07 14:00:00,0.10531,0.10531,0.10531,0.0,0.7564134977124563,532.1102241133935,-0.0,40.173608867168525,0.0,491.936615246225,491.936615246225,0.0,0.0
158,2019-01-07 14:00:00,1,2019-01-07 15:00:00,0.10531,0.10531,0.10531,0.0,0.6836352207791799,521.6051329008656,-0.0,29.66851765464054,0.0,491.936615246225,491.936615246225,0.0,0.0
159,2019-01-07 15:00:00,1,2019-01-07 16:00:00,0.10531,0.10531,0.10531,0.0,0.6298879061874398,510.147868889132,-0.0,18.211253642906968,0.0,491.936615246225,491.936615246225,0.0,0.0
160,2019-01-07 16:00:00,1,2019-01-07 17:00:00,0.13592,0.13592,0.13592,0.0,0.5968965046604344,508.6630556330822,-0.0,259.02983263292253,0.0,249.63322300015966,249.63322300015966,0.0,0.0
161,2019-01-07 17:00:00,1,2019-01-07 18:00:00,0.13592,0.13592,0.13592,0.0,0.12763956148485026,532.6023115253377,-0.0,40.66569627911264,0.0,491.936615246225,491.936615246225,0.0,0.0
162,2019-01-07 18:00:00,1,2019-01-07 19:00:00,0.13592,0.13592,0.13592,0.0,0.053969821848776627,494.1279569067497,-0.0,2.1913416605246994,0.0,491.936615246225,491.936615246225,0.0,0.0
163,2019-01-07 19:00:00,1,2019-01-07 20:00:00,0.13592,0.13592,0.13592,0.0,0.05,403.4038899440937,-0.0,0.0,0.0,403.4038899440937,403.4038899440937,0.0,0.0
164,2019-01-07 20:00:00,1,2019-01-07 21:00:00,0.13592,0.13592,0.13592,0.0,0.05,380.0189569536883,-0.0,0.0,0.0,380.0189569536883,380.0189569536883,0.0,1.0
165,2019-01-07 21:00:00,1,2019-01-07 22:00:00,0.10531,0.10531,0.10531,0.0,0.05,287.3654565321861,-0.0,0.0,0.0,287.3654565321861,287.3654565321861,0.0,1.0
166,2019-01-07 22:00:00,1,2019-01-07 23:00:00,0.10531,0.10531,0.10531,0.0,0.05,210.50407853655173,-0.0,0.0,0.0,210.50407853655173,210.50407853655173,0.0,0.0
167,2019-01-07 23:00:00,1,2019-01-08 00:00:00,0.10531,0.10531,0.10531,0.0,0.05,279.15321589765966,-0.0,0.0,0.0,279.15321589765966,279.15321589765966,0.0,1.0
168,2019-01-08 00:00:00,1,2019-01-08 01:00:00,0.10531,0.10531,0.10531,0.0,0.05,220.62780277047085,-0.0,0.0,0.0,220.62780277047085,220.62780277047085,0.0,0.0
169,2019-01-08 01:00:00,1,2019-01-08 02:00:00,0.10531,0.10531,0.10531,0.0,0.05,202.94971943259665,-0.0,0.0,0.0,202.94971943259665,202.94971943259665,0.0,0.0
170,2019-01-08 02:00:00,1,2019-01-08 03:00:00,0.10531,0.10531,0.10531,0.0,0.05,199.4369593444526,-0.0,0.0,0.0,199.4369593444526,199.4369593444526,0.0,0.0
171,2019-01-08 03:00:00,1,2019-01-08 04:00:00,0.10531,0.10531,0.10531,0.0,0.05,196.74685592408773,-0.0,0.0,0.0,196.74685592408773,196.74685592408773,0.0,0.0
172,2019-01-08 04:00:00,1,2019-01-08 05:00:00,0.10531,0.10531,0.10531,0.0,0.05,208.74579806418615,-0.0,0.0,0.0,208.74579806418615,208.74579806418615,0.0,0.0
173,2019-01-08 05:00:00,1,2019-01-08 06:00:00,0.10531,0.10531,0.10531,0.0,0.05,206.63145421478617,-0.0,0.0,0.0,206.63145421478617,206.63145421478617,0.0,0.0
174,2019-01-08 06:00:00,1,2019-01-08 07:00:00,0.10531,0.10531,0.10531,0.0,0.05,274.4090753970925,-0.0,0.0,0.0,274.4090753970925,274.4090753970925,0.0,1.0
175,2019-01-08 07:00:00,1,2019-01-08 08:00:00,0.10531,0.10531,0.10531,0.0,0.05,278.28176712038595,-188.52249592452281,0.0,0.0,466.8042630449088,466.8042630449088,0.0,1.0
176,2019-01-08 08:00:00,1,2019-01-08 09:00:00,0.10531,0.10531,0.10531,0.0,0.3390678270842683,339.93442282915817,-126.86984021575063,0.0,0.0,466.8042630449088,466.8042630449088,0.0,1.0
177,2019-01-08 09:00:00,1,2019-01-08 10:00:00,0.10531,0.10531,0.10531,0.0,0.5336015820817525,293.76331613394285,-173.04094691096594,0.0,0.0,466.8042630449088,466.8042630449088,0.0,1.0
178,2019-01-08 10:00:00,1,2019-01-08 11:00:00,0.10531,0.10531,0.10531,0.0,0.7989310340119002,369.3774648990439,-97.42679814586484,0.0,0.0,466.80426304490874,466.80426304490874,0.0,1.0
179,2019-01-08 11:00:00,1,2019-01-08 12:00:00,0.10531,0.10531,0.10531,0.0,0.948318791168893,436.96952481943816,-0.0,0.0,0.0,436.96952481943816,436.96952481943816,0.0,0.0
180,2019-01-08 12:00:00,1,2019-01-08 13:00:00,0.10531,0.10531,0.10531,0.0,0.948318791168893,460.71744976175773,-0.0,0.0,0.0,460.71744976175773,460.71744976175773,0.0,0.0
181,2019-01-08 13:00:00,1,2019-01-08 14:00:00,0.10531,0.10531,0.10531,0.0,0.948318791168893,457.2008287658019,-33.705136194200236,0.0,0.0,490.9059649600021,490.9059649600021,0.0,1.0
182,2019-01-08 14:00:00,1,2019-01-08 15:00:00,0.10531,0.10531,0.10531,0.0,1.0,447.3699144117883,-0.0,0.0,0.0,447.3699144117883,447.3699144117883,0.0,0.0
183,2019-01-08 15:00:00,1,2019-01-08 16:00:00,0.10531,0.10531,0.10531,0.0,1.0,439.1859401338597,-0.0,0.0,0.0,439.1859401338597,439.1859401338597,0.0,0.0
184,2019-01-08 16:00:00,1,2019-01-08 17:00:00,0.13592,0.13592,0.13592,0.0,1.0,435.25042875996036,-0.0,224.4,0.0,210.85042875996035,210.85042875996035,0.0,0.0
185,2019-01-08 17:00:00,1,2019-01-08 18:00:00,0.13592,0.13592,0.13592,0.0,0.5934782608695652,401.3182492681795,-0.0,300.0,0.0,101.3182492681795,101.3182492681795,0.0,0.0
186,2019-01-08 18:00:00,1,2019-01-08 19:00:00,0.13592,0.13592,0.13592,0.0,0.05,409.91755052259475,-0.0,0.0,0.0,409.91755052259475,409.91755052259475,0.0,0.0
187,2019-01-08 19:00:00,1,2019-01-08 20:00:00,0.13592,0.13592,0.13592,0.0,0.05,373.43767940858834,-0.0,0.0,0.0,373.43767940858834,373.43767940858834,0.0,0.0
188,2019-01-08 20:00:00,1,2019-01-08 21:00:00,0.13592,0.13592,0.13592,0.0,0.05,351.2451988304242,-0.0,0.0,0.0,351.2451988304242,351.2451988304242,0.0,0.0
189,2019-01-08 21:00:00,1,2019-01-08 22:00:00,0.10531,0.10531,0.10531,0.0,0.05,310.8032365009916,-0.0,0.0,0.0,310.8032365009916,310.8032365009916,0.0,0.0
190,2019-01-08 22:00:00,1,2019-01-08 23:00:00,0.10531,0.10531,0.10531,0.0,0.05,201.24594005719877,-0.0,0.0,0.0,201.24594005719877,201.24594005719877,0.0,0.0
191,2019-01-08 23:00:00,1,2019-01-09 00:00:00,0.10531,0.10531,0.10531,0.0,0.05,269.8247538094456,-117.0755834526241,0.0,0.0,386.9003372620697,386.9003372620697,0.0,1.0
192,2019-01-09 00:00:00,1,2019-01-09 01:00:00,0.10531,0.10531,0.10531,0.0,0.22951589462735697,214.38779342551143,-0.0,0.0,0.0,214.38779342551143,214.38779342551143,0.0,0.0
193,2019-01-09 01:00:00,1,2019-01-09 02:00:00,0.10531,0.10531,0.10531,0.0,0.22951589462735697,197.56890298905628,-0.0,0.0,0.0,197.56890298905628,197.56890298905628,0.0,0.0
194,2019-01-09 02:00:00,1,2019-01-09 03:00:00,0.10531,0.10531,0.10531,0.0,0.22951589462735697,195.5624238923554,-0.0,0.0,0.0,195.5624238923554,195.5624238923554,0.0,0.0
195,2019-01-09 03:00:00,1,2019-01-09 04:00:00,0.10531,0.10531,0.10531,0.0,0.22951589462735697,193.50872384347247,-0.0,0.0,0.0,193.50872384347247,193.50872384347247,0.0,0.0
196,2019-01-09 04:00:00,1,2019-01-09 05:00:00,0.10531,0.10531,0.10531,0.0,0.22951589462735697,205.80338775255763,-81.81285923417563,0.0,0.0,287.61624698673324,287.61624698673324,0.0,1.0
197,2019-01-09 05:00:00,1,2019-01-09 06:00:00,0.10531,0.10531,0.10531,0.0,0.3549622787864263,204.3048825526317,-0.0,0.0,0.0,204.3048825526317,204.3048825526317,0.0,0.0
198,2019-01-09 06:00:00,1,2019-01-09 07:00:00,0.10531,0.10531,0.10531,0.0,0.3549622787864263,298.10669978843436,-193.82991545779066,0.0,0.0,491.936615246225,491.936615246225,0.0,1.0
199,2019-01-09 07:00:00,1,2019-01-09 08:00:00,0.10531,0.10531,0.10531,0.0,0.6521681491550386,302.7546811040628,-189.18193414216222,0.0,0.0,491.936615246225,491.936615246225,0.0,1.0
200,2019-01-09 08:00:00,1,2019-01-09 09:00:00,0.10531,0.10531,0.10531,0.0,0.9422471148396875,454.27169014167333,-37.664925104551685,0.0,0.0,491.936615246225,491.936615246225,0.0,1.0
201,2019-01-09 09:00:00,1,2019-01-09 10:00:00,0.10531,0.10531,0.10531,0.0,1.0,514.6935023100965,-0.0,22.75688706387149,0.0,491.936615246225,491.936615246225,0.0,0.0
202,2019-01-09 10:00:00,1,2019-01-09 11:00:00,0.10531,0.10531,0.10531,0.0,0.9587737553190734,499.97860525655386,-0.0,8.041990010328846,0.0,491.936615246225,491.936615246225,0.0,0.0
203,2019-01-09 11:00:00,1,2019-01-09 12:00:00,0.10531,0.10531,0.10531,0.0,0.9442049328365935,560.2305120063257,-0.0,68.29389676010072,0.0,491.936615246225,491.936615246225,0.0,0.0
204,2019-01-09 12:00:00,1,2019-01-09 13:00:00,0.10531,0.10531,0.10531,0.0,0.8204841053726429,529.3495602139706,-0.0,37.412944967745545,0.0,491.936615246225,491.936615246225,0.0,0.0
205,2019-01-09 13:00:00,1,2019-01-09 14:00:00,0.10531,0.10531,0.10531,0.0,0.7527070311557126,525.3619302013942,-0.0,33.4253149551692,0.0,491.936615246225,491.936615246225,0.0,0.0
206,2019-01-09 14:00:00,1,2019-01-09 15:00:00,0.10531,0.10531,0.10531,0.0,0.6921539243528698,516.6624320389951,-0.0,24.725816792770104,0.0,491.936615246225,491.936615246225,0.0,0.0
207,2019-01-09 15:00:00,1,2019-01-09 16:00:00,0.10531,0.10531,0.10531,0.0,0.6473607779891559,512.5389274852005,-0.0,20.602312238975458,0.0,491.936615246225,491.936615246225,0.0,0.0
208,2019-01-09 16:00:00,1,2019-01-09 17:00:00,0.13592,0.13592,0.13592,0.0,0.6100377485707221,512.8221093985627,-0.0,20.885494152337685,0.0,491.936615246225,491.936615246225,0.0,0.0
209,2019-01-09 17:00:00,1,2019-01-09 18:00:00,0.13592,0.13592,0.13592,0.0,0.5722017084396757,536.2272101036256,-0.0,255.74662675381003,0.0,280.48058334981556,280.48058334981556,0.0,0.0
210,2019-01-09 18:00:00,1,2019-01-09 19:00:00,0.13592,0.13592,0.13592,0.0,0.10889260200161398,523.2709594547957,-0.0,31.334344208570712,0.0,491.936615246225,491.936615246225,0.0,0.0
211,2019-01-09 19:00:00,1,2019-01-09 20:00:00,0.13592,0.13592,0.13592,0.0,0.05212748568173951,493.11098734254523,-0.0,1.1743720963202122,0.0,491.936615246225,491.936615246225,0.0,0.0
212,2019-01-09 20:00:00,1,2019-01-09 21:00:00,0.13592,0.13592,0.13592,0.0,0.05,438.3822423863498,-0.0,0.0,0.0,438.3822423863498,438.3822423863498,0.0,1.0
213,2019-01-09 21:00:00,1,2019-01-09 22:00:00,0.10531,0.10531,0.10531,0.0,0.05,316.3521132675963,-112.85854594615438,0.0,0.0,429.21065921375066,429.21065921375066,0.0,1.0
214,2019-01-09 22:00:00,1,2019-01-09 23:00:00,0.10531,0.10531,0.10531,0.0,0.22304977045077004,215.80113621893813,-0.0,0.0,0.0,215.80113621893813,215.80113621893813,0.0,0.0
215,2019-01-09 23:00:00,1,2019-01-10 00:00:00,0.10531,0.10531,0.10531,0.0,0.22304977045077004,284.4970681531613,-0.0,0.0,0.0,284.4970681531613,284.4970681531613,0.0,1.0
216,2019-01-10 00:00:00,1,2019-01-10 01:00:00,0.10531,0.10531,0.10531,0.0,0.22304977045077004,225.47670762615505,-0.0,0.0,0.0,225.47670762615505,225.47670762615505,0.0,0.0
217,2019-01-10 01:00:00,1,2019-01-10 02:00:00,0.10531,0.10531,0.10531,0.0,0.22304977045077004,207.28735242892557,-0.0,0.0,0.0,207.28735242892557,207.28735242892557,0.0,0.0
218,2019-01-10 02:00:00,1,2019-01-10 03:00:00,0.10531,0.10531,0.10531,0.0,0.22304977045077004,203.17027267818844,-0.0,0.0,0.0,203.17027267818844,203.17027267818844,0.0,0.0
219,2019-01-10 03:00:00,1,2019-01-10 04:00:00,0.10531,0.10531,0.10531,0.0,0.22304977045077004,199.81418836203835,-0.0,0.0,0.0,199.81418836203835,199.81418836203835,0.0,0.0
220,2019-01-10 04:00:00,1,2019-01-10 05:00:00,0.10531,0.10531,0.10531,0.0,0.22304977045077004,243.69759479965023,-0.0,0.0,0.0,243.69759479965023,243.69759479965023,0.0,0.0
221,2019-01-10 05:00:00,1,2019-01-10 06:00:00,0.10531,0.10531,0.10531,0.0,0.22304977045077004,241.47861403916173,-170.8596042677703,0.0,0.0,412.33821830693205,412.33821830693205,0.0,1.0
222,2019-01-10 06:00:00,1,2019-01-10 07:00:00,0.10531,0.10531,0.10531,0.0,0.48503449699468454,333.24027201743115,-158.69634322879386,0.0,0.0,491.936615246225,491.936615246225,0.0,1.0
223,2019-01-10 07:00:00,1,2019-01-10 08:00:00,0.10531,0.10531,0.10531,0.0,0.7283688899455018,314.78589129763924,-177.15072394858578,0.0,0.0,491.936615246225,491.936615246225,0.0,1.0
224,2019-01-10 08:00:00,1,2019-01-10 09:00:00,0.10531,0.10531,0.10531,0.0,1.0,457.1816086951983,-0.0,0.0,0.0,457.1816086951983,457.1816086951983,0.0,0.0
225,2019-01-10 09:00:00,1,2019-01-10 10:00:00,0.10531,0.10531,0.10531,0.0,1.0,514.3753570261858,-0.0,22.43874177996082,0.0,491.936615246225,491.936615246225,0.0,0.0
226,2019-01-10 10:00:00,1,2019-01-10 11:00:00,0.10531,0.10531,0.10531,0.0,0.9593501054710855,495.94838337379406,-0.0,4.0117681275690416,0.0,491.936615246225,491.936615246225,0.0,0.0
227,2019-01-10 11:00:00,1,2019-01-10 12:00:00,0.10531,0.10531,0.10531,0.0,0.9520824095878081,561.0095786275202,-0.0,69.07296338129521,0.0,491.936615246225,491.936615246225,0.0,0.0
228,2019-01-10 12:00:00,1,2019-01-10 13:00:00,0.10531,0.10531,0.10531,0.0,0.8269502295492299,532.3790769653497,-0.0,40.44246171912465,0.0,491.936615246225,491.936615246225,0.0,0.0
229,2019-01-10 13:00:00,1,2019-01-10 14:00:00,0.10531,0.10531,0.10531,0.0,0.7536849003479171,528.1997721633584,-0.0,36.26315691713336,0.0,491.936615246225,491.936615246225,0.0,0.0
230,2019-01-10 14:00:00,1,2019-01-10 15:00:00,0.10531,0.10531,0.10531,0.0,0.6879907754980379,517.8949894383904,-0.0,25.958374192165422,0.0,491.936615246225,491.936615246225,0.0,0.0
231,2019-01-10 15:00:00,1,2019-01-10 16:00:00,0.10531,0.10531,0.10531,0.0,0.6409647352948397,512.7759527435218,-0.0,20.839337497296754,0.0,491.936615246225,491.936615246225,0.0,0.0
232,2019-01-10 16:00:00,1,2019-01-10 17:00:00,0.13592,0.13592,0.13592,0.0,0.6032123122924905,508.51817406038515,-0.0,232.1319594452652,0.0,276.3862146151199,276.3862146151199,0.0,0.0
233,2019-01-10 17:00:00,1,2019-01-10 18:00:00,0.13592,0.13592,0.13592,0.0,0.18268340025396654,533.096385804027,-0.0,41.159770557802005,0.0,491.936615246225,491.936615246225,0.0,0.0
234,2019-01-10 18:00:00,1,2019-01-10 19:00:00,0.13592,0.13592,0.13592,0.0,0.10811859851881798,524.0180816286125,-0.0,32.08146638238753,0.0,491.936615246225,491.936615246225,0.0,0.0
235,2019-01-10 19:00:00,1,2019-01-10 20:00:00,0.13592,0.13592,0.13592,0.0,0.05,479.0630533232956,-0.0,0.0,0.0,479.0630533232956,479.0630533232956,0.0,0.0
236,2019-01-10 20:00:00,1,2019-01-10 21:00:00,0.13592,0.13592,0.13592,0.0,0.05,421.14282087694085,-0.0,0.0,0.0,421.14282087694085,421.14282087694085,0.0,1.0
237,2019-01-10 21:00:00,1,2019-01-10 22:00:00,0.10531,0.10531,0.10531,0.0,0.05,301.4302006797716,-0.0,0.0,0.0,301.4302006797716,301.4302006797716,0.0,1.0
238,2019-01-10 22:00:00,1,2019-01-10 23:00:00,0.10531,0.10531,0.10531,0.0,0.05,208.17217378681923,-0.0,0.0,0.0,208.17217378681923,208.17217378681923,0.0,0.0
239,2019-01-10 23:00:00,1,2019-01-11 00:00:00,0.10531,0.10531,0.10531,0.0,0.05,276.45571886996794,-0.0,0.0,0.0,276.45571886996794,276.45571886996794,0.0,1.0
240,2019-01-11 00:00:00,1,2019-01-11 01:00:00,0.10531,0.10531,0.10531,0.0,0.05,215.93614068209445,-0.0,0.0,0.0,215.93614068209445,215.93614068209445,0.0,0.0
241,2019-01-11 01:00:00,1,2019-01-11 02:00:00,0.10531,0.10531,0.10531,0.0,0.05,197.63670949256706,-0.0,0.0,0.0,197.63670949256706,197.63670949256706,0.0,0.0
242,2019-01-11 02:00:00,1,2019-01-11 03:00:00,0.10531,0.10531,0.10531,0.0,0.05,194.07704450987544,-0.0,0.0,0.0,194.07704450987544,194.07704450987544,0.0,0.0
243,2019-01-11 03:00:00,1,2019-01-11 04:00:00,0.10531,0.10531,0.10531,0.0,0.05,190.90763554502743,-0.0,0.0,0.0,190.90763554502743,190.90763554502743,0.0,0.0
244,2019-01-11 04:00:00,1,2019-01-11 05:00:00,0.10531,0.10531,0.10531,0.0,0.05,201.85851923753003,-0.0,0.0,0.0,201.85851923753003,201.85851923753003,0.0,0.0
245,2019-01-11 05:00:00,1,2019-01-11 06:00:00,0.10531,0.10531,0.10531,0.0,0.05,198.94628346593825,-218.83026914061352,0.0,0.0,417.7765526065518,417.7765526065518,0.0,1.0
246,2019-01-11 06:00:00,1,2019-01-11 07:00:00,0.10531,0.10531,0.10531,0.0,0.3855397460156074,293.2961030318868,-198.64051221433823,0.0,0.0,491.936615246225,491.936615246225,0.0,1.0
247,2019-01-11 07:00:00,1,2019-01-11 08:00:00,0.10531,0.10531,0.10531,0.0,0.6901218647442594,289.8421792098725,-202.09443603635253,0.0,0.0,491.936615246225,491.936615246225,0.0,1.0
248,2019-01-11 08:00:00,1,2019-01-11 09:00:00,0.10531,0.10531,0.10531,0.0,1.0,450.3745908857685,-0.0,0.0,0.0,450.3745908857685,450.3745908857685,0.0,0.0
249,2019-01-11 09:00:00,1,2019-01-11 10:00:00,0.10531,0.10531,0.10531,0.0,1.0,519.927284594417,-0.0,27.990669348191943,0.0,491.936615246225,491.936615246225,0.0,0.0
250,2019-01-11 10:00:00,1,2019-01-11 11:00:00,0.10531,0.10531,0.10531,0.0,0.9492922656735652,507.36243854769015,-0.0,15.42582330146513,0.0,491.936615246225,491.936615246225,0.0,0.0
251,2019-01-11 11:00:00,1,2019-01-11 12:00:00,0.10531,0.10531,0.10531,0.0,0.9213469336056935,571.2169000779439,-0.0,79.28028483171892,0.0,491.936615246225,491.936615246225,0.0,0.0
252,2019-01-11 12:00:00,1,2019-01-11 13:00:00,0.10531,0.10531,0.10531,0.0,0.7777232292004057,541.2407738306163,-0.0,49.304158584391246,0.0,491.936615246225,491.936615246225,0.0,0.0
253,2019-01-11 13:00:00,1,2019-01-11 14:00:00,0.10531,0.10531,0.10531,0.0,0.6884041013301317,541.2651947194842,-0.0,49.32857947325914,0.0,491.936615246225,491.936615246225,0.0,0.0
254,2019-01-11 14:00:00,1,2019-01-11 15:00:00,0.10531,0.10531,0.10531,0.0,0.599040732719155,528.4583872079158,-0.0,36.52177196169083,0.0,491.936615246225,491.936615246225,0.0,0.0
255,2019-01-11 15:00:00,1,2019-01-11 16:00:00,0.10531,0.10531,0.10531,0.0,0.5328781023537731,514.056438144991,-0.0,22.119822898766017,0.0,491.936615246225,491.936615246225,0.0,0.0
256,2019-01-11 16:00:00,1,2019-01-11 17:00:00,0.13592,0.13592,0.13592,0.0,0.492805959421226,510.52327401704406,-0.0,18.586658770819042,0.0,491.936615246225,491.936615246225,0.0,0.0
257,2019-01-11 17:00:00,1,2019-01-11 18:00:00,0.13592,0.13592,0.13592,0.0,0.45913447614075675,534.7420715489902,-0.0,180.50541060974305,0.0,354.23666093924714,354.23666093924714,0.0,0.0
258,2019-01-11 18:00:00,1,2019-01-11 19:00:00,0.13592,0.13592,0.13592,0.0,0.1321319206883237,528.0967966347298,-0.0,36.16018138850478,0.0,491.936615246225,491.936615246225,0.0,0.0
259,2019-01-11 19:00:00,1,2019-01-11 20:00:00,0.13592,0.13592,0.13592,0.0,0.06662434570914838,501.1132540776749,-0.0,9.176638831449907,0.0,491.936615246225,491.936615246225,0.0,0.0
260,2019-01-11 20:00:00,1,2019-01-11 21:00:00,0.13592,0.13592,0.13592,0.0,0.05,444.00336912866555,-0.0,0.0,0.0,444.00336912866555,444.00336912866555,0.0,1.0
261,2019-01-11 21:00:00,1,2019-01-11 22:00:00,0.10531,0.10531,0.10531,0.0,0.05,316.74149247337374,-0.0,0.0,0.0,316.74149247337374,316.74149247337374,0.0,1.0
262,2019-01-11 22:00:00,1,2019-01-11 23:00:00,0.10531,0.10531,0.10531,0.0,0.05,212.2195081416028,-0.0,0.0,0.0,212.2195081416028,212.2195081416028,0.0,0.0
263,2019-01-11 23:00:00,1,2019-01-12 00:00:00,0.10531,0.10531,0.10531,0.0,0.05,280.1426373042048,-0.0,0.0,0.0,280.1426373042048,280.1426373042048,0.0,1.0
264,2019-01-12 00:00:00,1,2019-01-12 01:00:00,0.10531,0.10531,0.10531,0.0,0.05,219.86555862020586,-0.0,0.0,0.0,219.86555862020586,219.86555862020586,0.0,0.0
265,2019-01-12 01:00:00,1,2019-01-12 02:00:00,0.10531,0.10531,0.10531,0.0,0.05,202.17707883189397,-0.0,0.0,0.0,202.17707883189397,202.17707883189397,0.0,0.0
266,2019-01-12 02:00:00,1,2019-01-12 03:00:00,0.10531,0.10531,0.10531,0.0,0.05,199.41420418267086,-0.0,0.0,0.0,199.41420418267086,199.41420418267086,0.0,0.0
267,2019-01-12 03:00:00,1,2019-01-12 04:00:00,0.10531,0.10531,0.10531,0.0,0.05,197.38035435319583,-0.0,0.0,0.0,197.38035435319583,197.38035435319583,0.0,0.0
268,2019-01-12 04:00:00,1,2019-01-12 05:00:00,0.10531,0.10531,0.10531,0.0,0.05,209.86987962288921,-0.0,0.0,0.0,209.86987962288921,209.86987962288921,0.0,0.0
269,2019-01-12 05:00:00,1,2019-01-12 06:00:00,0.10531,0.10531,0.10531,0.0,0.05,208.2526566982023,-235.09420333358332,0.0,0.0,443.3468600317856,443.3468600317856,0.0,1.0
270,2019-01-12 06:00:00,1,2019-01-12 07:00:00,0.10531,0.10531,0.10531,0.0,0.41047777844482775,300.96065240555816,-190.97596284066685,0.0,0.0,491.936615246225,491.936615246225,0.0,1.0
271,2019-01-12 07:00:00,1,2019-01-12 08:00:00,0.10531,0.10531,0.10531,0.0,0.7033075881338503,298.4415640291709,-193.49505121705414,0.0,0.0,491.936615246225,491.936615246225,0.0,1.0
272,2019-01-12 08:00:00,1,2019-01-12 09:00:00,0.10531,0.10531,0.10531,0.0,1.0,454.4454579196686,-0.0,0.0,0.0,454.4454579196686,454.4454579196686,0.0,0.0
273,2019-01-12 09:00:00,1,2019-01-12 10:00:00,0.10531,0.10531,0.10531,0.0,1.0,523.5382631284785,-0.0,31.60164788225353,0.0,491.936615246225,491.936615246225,0.0,0.0
274,2019-01-12 10:00:00,1,2019-01-12 11:00:00,0.10531,0.10531,0.10531,0.0,0.9427506378944682,520.1323637353095,-0.0,28.19574848908445,0.0,491.936615246225,491.936615246225,0.0,0.0
275,2019-01-12 11:00:00,1,2019-01-12 12:00:00,0.10531,0.10531,0.10531,0.0,0.8916713833852573,580.3378707960246,-0.0,88.4012555497996,0.0,491.936615246225,491.936615246225,0.0,0.0
276,2019-01-12 12:00:00,1,2019-01-12 13:00:00,0.10531,0.10531,0.10531,0.0,0.7315241813022871,556.1019144772099,-0.0,64.16529923098489,0.0,491.936615246225,491.936615246225,0.0,0.0
277,2019-01-12 13:00:00,1,2019-01-12 14:00:00,0.10531,0.10531,0.10531,0.0,0.6152826971881841,545.7056815595977,-0.0,53.76906631337266,0.0,491.936615246225,491.936615246225,0.0,0.0
278,2019-01-12 14:00:00,1,2019-01-12 15:00:00,0.10531,0.10531,0.10531,0.0,0.5178749683596103,533.2267657890426,-0.0,41.29015054281757,0.0,491.936615246225,491.936615246225,0.0,0.0
279,2019-01-12 15:00:00,1,2019-01-12 16:00:00,0.10531,0.10531,0.10531,0.0,0.4430739709994336,523.937089748307,-0.0,32.000474502082,0.0,491.936615246225,491.936615246225,0.0,0.0
280,2019-01-12 16:00:00,1,2019-01-12 17:00:00,0.13592,0.13592,0.13592,0.0,0.38510209690145897,519.5228013756293,-0.0,27.586186129404325,0.0,491.936615246225,491.936615246225,0.0,0.0
281,2019-01-12 17:00:00,1,2019-01-12 18:00:00,0.13592,0.13592,0.13592,0.0,0.3351271220293497,541.7559321088564,-0.0,49.81931686263141,0.0,491.936615246225,491.936615246225,0.0,0.0
282,2019-01-12 18:00:00,1,2019-01-12 19:00:00,0.13592,0.13592,0.13592,0.0,0.24487473640864063,529.8221399762067,-0.0,98.9529454242942,0.0,430.8691945519125,430.8691945519125,0.0,0.0
283,2019-01-12 19:00:00,1,2019-01-12 20:00:00,0.13592,0.13592,0.13592,0.0,0.0656121541182526,500.55452431950044,-0.0,8.617909073275428,0.0,491.936615246225,491.936615246225,0.0,0.0
284,2019-01-12 20:00:00,1,2019-01-12 21:00:00,0.13592,0.13592,0.13592,0.0,0.05,442.6702802584857,-0.0,0.0,0.0,442.6702802584857,442.6702802584857,0.0,1.0
285,2019-01-12 21:00:00,1,2019-01-12 22:00:00,0.10531,0.10531,0.10531,0.0,0.05,312.8343866332502,-0.0,0.0,0.0,312.8343866332502,312.8343866332502,0.0,1.0
286,2019-01-12 22:00:00,1,2019-01-12 23:00:00,0.10531,0.10531,0.10531,0.0,0.05,208.10914954869065,-0.0,0.0,0.0,208.10914954869065,208.10914954869065,0.0,0.0
287,2019-01-12 23:00:00,1,2019-01-13 00:00:00,0.10531,0.10531,0.10531,0.0,0.05,277.79996321584036,-0.0,0.0,0.0,277.79996321584036,277.79996321584036,0.0,1.0
288,2019-01-13 00:00:00,1,2019-01-13 01:00:00,0.10531,0.10531,0.10531,0.0,0.05,219.41996658669123,-60.73664534138872,0.0,0.0,280.15661192807994,280.15661192807994,0.0,1.0
289,2019-01-13 01:00:00,1,2019-01-13 02:00:00,0.10531,0.10531,0.10531,0.0,0.14312952285679606,203.3480904046696,-0.0,0.0,0.0,203.3480904046696,203.3480904046696,0.0,0.0
290,2019-01-13 02:00:00,1,2019-01-13 03:00:00,0.10531,0.10531,0.10531,0.0,0.14312952285679606,202.04542659406985,-0.0,0.0,0.0,202.04542659406985,202.04542659406985,0.0,0.0
291,2019-01-13 03:00:00,1,2019-01-13 04:00:00,0.10531,0.10531,0.10531,0.0,0.14312952285679606,201.34362993144663,-0.0,0.0,0.0,201.34362993144663,201.34362993144663,0.0,0.0
292,2019-01-13 04:00:00,1,2019-01-13 05:00:00,0.10531,0.10531,0.10531,0.0,0.14312952285679606,250.40595549467804,-0.0,0.0,0.0,250.40595549467804,250.40595549467804,0.0,0.0
293,2019-01-13 05:00:00,1,2019-01-13 06:00:00,0.10531,0.10531,0.10531,0.0,0.14312952285679606,251.11591567741328,-245.35649185232242,0.0,0.0,496.47240752973573,496.47240752973573,0.0,1.0
294,2019-01-13 06:00:00,1,2019-01-13 07:00:00,0.10531,0.10531,0.10531,0.0,0.5193428103636905,346.10995285597005,-150.36245467376568,0.0,0.0,496.47240752973573,496.47240752973573,0.0,1.0
295,2019-01-13 07:00:00,1,2019-01-13 08:00:00,0.10531,0.10531,0.10531,0.0,0.7498985741967978,333.3627820059082,-163.1096255238275,0.0,0.0,496.4724075297357,496.4724075297357,0.0,1.0
296,2019-01-13 08:00:00,1,2019-01-13 09:00:00,0.10531,0.10531,0.10531,0.0,1.0,473.3094924390281,-0.0,0.0,0.0,473.3094924390281,473.3094924390281,0.0,0.0
297,2019-01-13 09:00:00,1,2019-01-13 10:00:00,0.10531,0.10531,0.10531,0.0,1.0,537.7519977754014,-0.0,41.279590245665645,0.0,496.47240752973573,496.47240752973573,0.0,0.0
298,2019-01-13 10:00:00,1,2019-01-13 11:00:00,0.10531,0.10531,0.10531,0.0,0.9252181336129246,522.4566885560674,-0.0,25.98428102633173,0.0,496.47240752973573,496.47240752973573,0.0,0.0
299,2019-01-13 11:00:00,1,2019-01-13 12:00:00,0.10531,0.10531,0.10531,0.0,0.8781451607391353,584.0286123309357,-0.0,87.55620480120004,0.0,496.47240752973573,496.47240752973573,0.0,0.0
300,2019-01-13 12:00:00,1,2019-01-13 13:00:00,0.10531,0.10531,0.10531,0.0,0.7195288476934831,564.6611393617565,-0.0,68.18873183202076,0.0,496.47240752973573,496.47240752973573,0.0,0.0
301,2019-01-13 13:00:00,1,2019-01-13 14:00:00,0.10531,0.10531,0.10531,0.0,0.5959985364035906,560.731618194115,-0.0,64.25921066437925,0.0,496.47240752973573,496.47240752973573,0.0,0.0
302,2019-01-13 14:00:00,1,2019-01-13 15:00:00,0.10531,0.10531,0.10531,0.0,0.4795869228811642,554.2886654380685,-0.0,57.8162579083328,0.0,496.47240752973573,496.47240752973573,0.0,0.0
303,2019-01-13 15:00:00,1,2019-01-13 16:00:00,0.10531,0.10531,0.10531,0.0,0.37484732522114084,546.3128531057451,-0.0,49.840445576009444,0.0,496.47240752973573,496.47240752973573,0.0,0.0
304,2019-01-13 16:00:00,1,2019-01-13 17:00:00,0.13592,0.13592,0.13592,0.0,0.28455666294576115,534.4190166630589,-0.0,37.946609133323165,0.0,496.47240752973573,496.47240752973573,0.0,0.0
305,2019-01-13 17:00:00,1,2019-01-13 18:00:00,0.13592,0.13592,0.13592,0.0,0.21581280582017578,547.8991899864101,-0.0,51.426782456674374,0.0,496.47240752973573,496.47240752973573,0.0,0.0
306,2019-01-13 18:00:00,1,2019-01-13 19:00:00,0.13592,0.13592,0.13592,0.0,0.12264834484793942,536.5742938857983,-0.0,40.10188635606256,0.0,496.47240752973573,496.47240752973573,0.0,0.0
307,2019-01-13 19:00:00,1,2019-01-13 20:00:00,0.13592,0.13592,0.13592,0.0,0.05,494.18791368012734,-0.0,0.0,0.0,494.18791368012734,494.18791368012734,0.0,1.0
308,2019-01-13 20:00:00,1,2019-01-13 21:00:00,0.13592,0.13592,0.13592,0.0,0.05,435.47795609348583,-0.0,0.0,0.0,435.47795609348583,435.47795609348583,0.0,1.0
309,2019-01-13 21:00:00,1,2019-01-13 22:00:00,0.10531,0.10531,0.10531,0.0,0.05,310.51748861811365,-0.0,0.0,0.0,310.51748861811365,310.51748861811365,0.0,1.0
310,2019-01-13 22:00:00,1,2019-01-13 23:00:00,0.10531,0.10531,0.10531,0.0,0.05,212.5387895963476,-0.0,0.0,0.0,212.5387895963476,212.5387895963476,0.0,0.0
311,2019-01-13 23:00:00,1,2019-01-14 00:00:00,0.10531,0.10531,0.10531,0.0,0.05,278.3791632712359,-0.0,0.0,0.0,278.3791632712359,278.3791632712359,0.0,1.0
312,2019-01-14 00:00:00,1,2019-01-14 01:00:00,0.10531,0.10531,0.10531,0.0,0.05,214.93597200485962,-0.0,0.0,0.0,214.93597200485962,214.93597200485962,0.0,0.0
313,2019-01-14 01:00:00,1,2019-01-14 02:00:00,0.10531,0.10531,0.10531,0.0,0.05,197.89248436179338,-0.0,0.0,0.0,197.89248436179338,197.89248436179338,0.0,0.0
314,2019-01-14 02:00:00,1,2019-01-14 03:00:00,0.10531,0.10531,0.10531,0.0,0.05,194.88656346857073,-0.0,0.0,0.0,194.88656346857073,194.88656346857073,0.0,0.0
315,2019-01-14 03:00:00,1,2019-01-14 04:00:00,0.10531,0.10531,0.10531,0.0,0.05,194.37252370265642,-0.0,0.0,0.0,194.37252370265642,194.37252370265642,0.0,0.0
316,2019-01-14 04:00:00,1,2019-01-14 05:00:00,0.10531,0.10531,0.10531,0.0,0.05,208.96724901140317,-287.50515851833256,0.0,0.0,496.47240752973573,496.47240752973573,0.0,1.0
317,2019-01-14 05:00:00,1,2019-01-14 06:00:00,0.10531,0.10531,0.10531,0.0,0.49084124306144333,207.88424299518496,-248.1527060432756,0.0,0.0,456.03694903846053,456.03694903846053,0.0,1.0
318,2019-01-14 06:00:00,1,2019-01-14 07:00:00,0.10531,0.10531,0.10531,0.0,0.8713420589944659,277.6634644908507,-0.0,0.0,0.0,277.6634644908507,277.6634644908507,0.0,1.0
319,2019-01-14 07:00:00,1,2019-01-14 08:00:00,0.10531,0.10531,0.10531,0.0,0.8713420589944659,277.72892324426624,-0.0,0.0,0.0,277.72892324426624,277.72892324426624,0.0,0.0
320,2019-01-14 08:00:00,1,2019-01-14 09:00:00,0.10531,0.10531,0.10531,0.0,0.8713420589944659,412.5650547000396,-83.90735282969615,0.0,0.0,496.47240752973573,496.47240752973573,0.0,1.0
321,2019-01-14 09:00:00,1,2019-01-14 10:00:00,0.10531,0.10531,0.10531,0.0,1.0,462.36513219228794,-0.0,0.0,0.0,462.36513219228794,462.36513219228794,0.0,1.0
322,2019-01-14 10:00:00,1,2019-01-14 11:00:00,0.10531,0.10531,0.10531,0.0,1.0,517.2093862775217,-0.0,20.736978747785997,0.0,496.47240752973573,496.47240752973573,0.0,0.0
323,2019-01-14 11:00:00,1,2019-01-14 12:00:00,0.10531,0.10531,0.10531,0.0,0.9624330095148804,579.8083912852635,-0.0,83.33598375552776,0.0,496.47240752973573,496.47240752973573,0.0,0.0
324,2019-01-14 12:00:00,1,2019-01-14 13:00:00,0.10531,0.10531,0.10531,0.0,0.8114620244505185,553.6882028226438,-0.0,57.21579529290807,0.0,496.47240752973573,496.47240752973573,0.0,0.0
325,2019-01-14 13:00:00,1,2019-01-14 14:00:00,0.10531,0.10531,0.10531,0.0,0.707810221383656,552.0224800175382,-0.0,55.55007248780248,0.0,496.47240752973573,496.47240752973573,0.0,0.0
326,2019-01-14 14:00:00,1,2019-01-14 15:00:00,0.10531,0.10531,0.10531,0.0,0.6071760320941588,542.8861630749942,-0.0,46.41375554525848,0.0,496.47240752973573,496.47240752973573,0.0,0.0
327,2019-01-14 15:00:00,1,2019-01-14 16:00:00,0.10531,0.10531,0.10531,0.0,0.523093141613618,529.4712863729832,-0.0,32.99887884324744,0.0,496.47240752973573,496.47240752973573,0.0,0.0
328,2019-01-14 16:00:00,1,2019-01-14 17:00:00,0.13592,0.13592,0.13592,0.0,0.46331256399903936,510.4663762189895,-0.0,13.99396868925379,0.0,496.47240752973573,496.47240752973573,0.0,0.0
329,2019-01-14 17:00:00,1,2019-01-14 18:00:00,0.13592,0.13592,0.13592,0.0,0.43796117144604335,543.1235704198785,-0.0,209.55866930234163,0.0,333.5649011175369,333.5649011175369,0.0,0.0
330,2019-01-14 18:00:00,1,2019-01-14 19:00:00,0.13592,0.13592,0.13592,0.0,0.058325900970786826,501.06830486561006,-0.0,4.5958973358743265,0.0,496.47240752973573,496.47240752973573,0.0,0.0
331,2019-01-14 19:00:00,1,2019-01-14 20:00:00,0.13592,0.13592,0.13592,0.0,0.05,408.9404252098151,-0.0,0.0,0.0,408.9404252098151,408.9404252098151,0.0,1.0
332,2019-01-14 20:00:00,1,2019-01-14 21:00:00,0.13592,0.13592,0.13592,0.0,0.05,378.2696263073111,-0.0,0.0,0.0,378.2696263073111,378.2696263073111,0.0,0.0
333,2019-01-14 21:00:00,1,2019-01-14 22:00:00,0.10531,0.10531,0.10531,0.0,0.05,276.35164530542175,-0.0,0.0,0.0,276.35164530542175,276.35164530542175,0.0,1.0
334,2019-01-14 22:00:00,1,2019-01-14 23:00:00,0.10531,0.10531,0.10531,0.0,0.05,193.17481359049256,-0.0,0.0,0.0,193.17481359049256,193.17481359049256,0.0,0.0
335,2019-01-14 23:00:00,1,2019-01-15 00:00:00,0.10531,0.10531,0.10531,0.0,0.05,262.0535880684818,-0.0,0.0,0.0,262.0535880684818,262.0535880684818,0.0,1.0
336,2019-01-15 00:00:00,1,2019-01-15 01:00:00,0.10531,0.10531,0.10531,0.0,0.05,201.69411167114782,-0.0,0.0,0.0,201.69411167114782,201.69411167114782,0.0,0.0
337,2019-01-15 01:00:00,1,2019-01-15 02:00:00,0.10531,0.10531,0.10531,0.0,0.05,184.34937613476723,-0.0,0.0,0.0,184.34937613476723,184.34937613476723,0.0,0.0
338,2019-01-15 02:00:00,1,2019-01-15 03:00:00,0.10531,0.10531,0.10531,0.0,0.05,182.48240537132878,-0.0,0.0,0.0,182.48240537132878,182.48240537132878,0.0,0.0
339,2019-01-15 03:00:00,1,2019-01-15 04:00:00,0.10531,0.10531,0.10531,0.0,0.05,181.17582420435048,-0.0,0.0,0.0,181.17582420435048,181.17582420435048,0.0,0.0
340,2019-01-15 04:00:00,1,2019-01-15 05:00:00,0.10531,0.10531,0.10531,0.0,0.05,194.1060464578337,-0.0,0.0,0.0,194.1060464578337,194.1060464578337,0.0,0.0
341,2019-01-15 05:00:00,1,2019-01-15 06:00:00,0.10531,0.10531,0.10531,0.0,0.05,193.67149160346113,-0.0,0.0,0.0,193.67149160346113,193.67149160346113,0.0,0.0
342,2019-01-15 06:00:00,1,2019-01-15 07:00:00,0.10531,0.10531,0.10531,0.0,0.05,268.44274432638196,-0.0,0.0,0.0,268.44274432638196,268.44274432638196,0.0,1.0
343,2019-01-15 07:00:00,1,2019-01-15 08:00:00,0.10531,0.10531,0.10531,0.0,0.05,271.2351566249397,-225.23725090479604,0.0,0.0,496.47240752973573,496.47240752973573,0.0,1.0
344,2019-01-15 08:00:00,1,2019-01-15 09:00:00,0.10531,0.10531,0.10531,0.0,0.3953637847206873,350.10209082737026,-146.37031670236547,0.0,0.0,496.47240752973573,496.47240752973573,0.0,1.0
345,2019-01-15 09:00:00,1,2019-01-15 10:00:00,0.10531,0.10531,0.10531,0.0,0.619798270330981,311.7924793491355,-184.67992818060026,0.0,0.0,496.47240752973573,496.47240752973573,0.0,1.0
346,2019-01-15 10:00:00,1,2019-01-15 11:00:00,0.10531,0.10531,0.10531,0.0,0.9029741602079013,384.51973956891027,-0.0,0.0,0.0,384.51973956891027,384.51973956891027,0.0,0.0
347,2019-01-15 11:00:00,1,2019-01-15 12:00:00,0.10531,0.10531,0.10531,0.0,0.9029741602079013,446.5127845883709,-49.95962294136484,0.0,0.0,496.47240752973573,496.47240752973573,0.0,1.0
348,2019-01-15 12:00:00,1,2019-01-15 13:00:00,0.10531,0.10531,0.10531,0.0,0.9795789153846607,474.5223151863616,-0.0,0.0,0.0,474.5223151863616,474.5223151863616,0.0,1.0
349,2019-01-15 13:00:00,1,2019-01-15 14:00:00,0.10531,0.10531,0.10531,0.0,0.9795789153846607,467.2082408127787,-7.3140743735832245,3.126388037344441e-13,0.0,474.5223151863616,474.5223151863616,0.0,1.0
350,2019-01-15 14:00:00,1,2019-01-15 15:00:00,0.10531,0.10531,0.10531,0.0,0.9907938294241546,450.68358129711174,-6.004024288594792,0.0,0.0,456.68760558570654,456.68760558570654,0.0,1.0
351,2019-01-15 15:00:00,1,2019-01-15 16:00:00,0.10531,0.10531,0.10531,0.0,1.0,443.1282554963924,-0.0,0.0,0.0,443.1282554963924,443.1282554963924,0.0,0.0
352,2019-01-15 16:00:00,1,2019-01-15 17:00:00,0.13592,0.13592,0.13592,0.0,1.0,441.51404735298297,-0.0,300.0,0.0,141.51404735298297,141.51404735298297,0.0,0.0
353,2019-01-15 17:00:00,1,2019-01-15 18:00:00,0.13592,0.13592,0.13592,0.0,0.4565217391304348,405.97230031899153,-0.0,224.4,0.0,181.57230031899152,181.57230031899152,0.0,0.0
354,2019-01-15 18:00:00,1,2019-01-15 19:00:00,0.13592,0.13592,0.13592,0.0,0.05,411.16492989573027,-0.0,0.0,0.0,411.16492989573027,411.16492989573027,0.0,0.0
355,2019-01-15 19:00:00,1,2019-01-15 20:00:00,0.13592,0.13592,0.13592,0.0,0.05,376.02358460172036,-0.0,0.0,0.0,376.02358460172036,376.02358460172036,0.0,0.0
356,2019-01-15 20:00:00,1,2019-01-15 21:00:00,0.13592,0.13592,0.13592,0.0,0.05,349.87709607064227,-0.0,0.0,0.0,349.87709607064227,349.87709607064227,0.0,0.0
357,2019-01-15 21:00:00,1,2019-01-15 22:00:00,0.10531,0.10531,0.10531,0.0,0.05,309.33520094437,0.0,0.0,0.0,309.33520094437,309.33520094437,0.0,0.0
358,2019-01-15 22:00:00,1,2019-01-15 23:00:00,0.10531,0.10531,0.10531,0.0,0.05,197.34166581033645,-0.0,0.0,0.0,197.34166581033645,197.34166581033645,0.0,0.0
359,2019-01-15 23:00:00,1,2019-01-16 00:00:00,0.10531,0.10531,0.10531,0.0,0.05,265.40376883202146,-0.0,0.0,0.0,265.40376883202146,265.40376883202146,0.0,1.0
360,2019-01-16 00:00:00,1,2019-01-16 01:00:00,0.10531,0.10531,0.10531,0.0,0.05,203.35520843752852,-0.0,0.0,0.0,203.35520843752852,203.35520843752852,0.0,0.0
361,2019-01-16 01:00:00,1,2019-01-16 02:00:00,0.10531,0.10531,0.10531,0.0,0.05,185.8245515466676,-0.0,0.0,0.0,185.8245515466676,185.8245515466676,0.0,0.0
362,2019-01-16 02:00:00,1,2019-01-16 03:00:00,0.10531,0.10531,0.10531,0.0,0.05,182.73150922643748,-0.0,0.0,0.0,182.73150922643748,182.73150922643748,0.0,0.0
363,2019-01-16 03:00:00,1,2019-01-16 04:00:00,0.10531,0.10531,0.10531,0.0,0.05,181.38250592631636,-0.0,0.0,0.0,181.38250592631636,181.38250592631636,0.0,0.0
364,2019-01-16 04:00:00,1,2019-01-16 05:00:00,0.10531,0.10531,0.10531,0.0,0.05,195.11297144934403,-0.0,0.0,0.0,195.11297144934403,195.11297144934403,0.0,0.0
365,2019-01-16 05:00:00,1,2019-01-16 06:00:00,0.10531,0.10531,0.10531,0.0,0.05,192.07764081091022,-0.0,0.0,0.0,192.07764081091022,192.07764081091022,0.0,0.0
366,2019-01-16 06:00:00,1,2019-01-16 07:00:00,0.10531,0.10531,0.10531,0.0,0.05,262.377262715872,-18.742074158750416,0.0,0.0,281.11933687462243,281.11933687462243,0.0,1.0
367,2019-01-16 07:00:00,1,2019-01-16 08:00:00,0.10531,0.10531,0.10531,0.0,0.0787378470434173,259.67257423724647,-195.33296995227363,0.0,0.0,455.0055441895201,455.0055441895201,0.0,1.0
368,2019-01-16 08:00:00,1,2019-01-16 09:00:00,0.10531,0.10531,0.10531,0.0,0.3782484009702369,334.38025864880285,-120.62528554071724,0.0,0.0,455.0055441895201,455.0055441895201,0.0,1.0
369,2019-01-16 09:00:00,1,2019-01-16 10:00:00,0.10531,0.10531,0.10531,0.0,0.56320717213267,287.0511498218507,-167.9543943676694,0.0,0.0,455.0055441895201,455.0055441895201,0.0,1.0
370,2019-01-16 10:00:00,1,2019-01-16 11:00:00,0.10531,0.10531,0.10531,0.0,0.8207372434964297,364.50782497860627,-90.49771921091383,0.0,0.0,455.0055441895201,455.0055441895201,0.0,1.0
371,2019-01-16 11:00:00,1,2019-01-16 12:00:00,0.10531,0.10531,0.10531,0.0,0.9595004129531643,428.5927700285403,-26.41277416097978,0.0,0.0,455.0055441895201,455.0055441895201,0.0,1.0
372,2019-01-16 12:00:00,1,2019-01-16 13:00:00,0.10531,0.10531,0.10531,0.0,1.0,454.9129564904161,-0.0,0.0,0.0,454.9129564904161,454.9129564904161,0.0,0.0
373,2019-01-16 13:00:00,1,2019-01-16 14:00:00,0.10531,0.10531,0.10531,0.0,1.0,455.0055441895201,-0.0,0.0,0.0,455.0055441895201,455.0055441895201,0.0,1.0
374,2019-01-16 14:00:00,1,2019-01-16 15:00:00,0.10531,0.10531,0.10531,0.0,1.0,444.0723103961375,-0.0,0.0,0.0,444.0723103961375,444.0723103961375,0.0,1.0
375,2019-01-16 15:00:00,1,2019-01-16 16:00:00,0.10531,0.10531,0.10531,0.0,1.0,438.4433262221347,-0.0,0.0,0.0,438.4433262221347,438.4433262221347,0.0,0.0
376,2019-01-16 16:00:00,1,2019-01-16 17:00:00,0.13592,0.13592,0.13592,0.0,1.0,431.70299913226347,-0.0,300.0,0.0,131.70299913226347,131.70299913226347,0.0,0.0
377,2019-01-16 17:00:00,1,2019-01-16 18:00:00,0.13592,0.13592,0.13592,0.0,0.4565217391304348,389.13945809030156,-0.0,0.0,0.0,389.13945809030156,389.13945809030156,0.0,1.0
378,2019-01-16 18:00:00,1,2019-01-16 19:00:00,0.13592,0.13592,0.13592,0.0,0.4565217391304348,392.77392199158953,-0.0,224.4,0.0,168.37392199158953,168.37392199158953,0.0,0.0
379,2019-01-16 19:00:00,1,2019-01-16 20:00:00,0.13592,0.13592,0.13592,0.0,0.05,344.4065707957602,-0.0,0.0,0.0,344.4065707957602,344.4065707957602,0.0,1.0
380,2019-01-16 20:00:00,1,2019-01-16 21:00:00,0.13592,0.13592,0.13592,0.0,0.05,323.15662790268755,-0.0,0.0,0.0,323.15662790268755,323.15662790268755,0.0,1.0
381,2019-01-16 21:00:00,1,2019-01-16 22:00:00,0.10531,0.10531,0.10531,0.0,0.05,291.763278198494,-65.33446098911001,0.0,0.0,357.097739187604,357.097739187604,0.0,1.0
382,2019-01-16 22:00:00,1,2019-01-16 23:00:00,0.10531,0.10531,0.10531,0.0,0.1501795068499687,182.062152079014,-0.0,0.0,0.0,182.062152079014,182.062152079014,0.0,0.0
383,2019-01-16 23:00:00,1,2019-01-17 00:00:00,0.10531,0.10531,0.10531,0.0,0.1501795068499687,252.6792348779328,-0.0,0.0,0.0,252.6792348779328,252.6792348779328,0.0,0.0
384,2019-01-17 00:00:00,1,2019-01-17 01:00:00,0.10531,0.10531,0.10531,0.0,0.1501795068499687,194.88599659144828,-0.0,0.0,0.0,194.88599659144828,194.88599659144828,0.0,0.0
385,2019-01-17 01:00:00,1,2019-01-17 02:00:00,0.10531,0.10531,0.10531,0.0,0.1501795068499687,177.92251361064797,-0.0,0.0,0.0,177.92251361064797,177.92251361064797,0.0,0.0
386,2019-01-17 02:00:00,1,2019-01-17 03:00:00,0.10531,0.10531,0.10531,0.0,0.1501795068499687,175.09550755921862,-0.0,0.0,0.0,175.09550755921862,175.09550755921862,0.0,0.0
387,2019-01-17 03:00:00,1,2019-01-17 04:00:00,0.10531,0.10531,0.10531,0.0,0.1501795068499687,172.55390511955076,-0.0,0.0,0.0,172.55390511955076,172.55390511955076,0.0,0.0
388,2019-01-17 04:00:00,1,2019-01-17 05:00:00,0.10531,0.10531,0.10531,0.0,0.1501795068499687,217.21469408340627,-147.89947586828742,0.0,0.0,365.1141699516937,365.1141699516937,0.0,1.0
389,2019-01-17 05:00:00,1,2019-01-17 06:00:00,0.10531,0.10531,0.10531,0.0,0.3769587031813427,215.66273396567397,-0.0,0.0,0.0,215.66273396567397,215.66273396567397,0.0,0.0
390,2019-01-17 06:00:00,1,2019-01-17 07:00:00,0.10531,0.10531,0.10531,0.0,0.3769587031813427,309.56303427949445,-186.9093732502413,0.0,0.0,496.47240752973573,496.47240752973573,0.0,1.0
391,2019-01-17 07:00:00,1,2019-01-17 08:00:00,0.10531,0.10531,0.10531,0.0,0.6635530754983794,284.04389895747374,-212.428508572262,0.0,0.0,496.47240752973573,496.47240752973573,0.0,1.0
392,2019-01-17 08:00:00,1,2019-01-17 09:00:00,0.10531,0.10531,0.10531,0.0,0.9892767886425144,427.3190941555389,-0.0,0.0,0.0,427.3190941555389,427.3190941555389,0.0,0.0
393,2019-01-17 09:00:00,1,2019-01-17 10:00:00,0.10531,0.10531,0.10531,0.0,0.9892767886425144,489.47900881833215,-6.993398711403586,0.0,0.0,496.47240752973573,496.47240752973573,0.0,1.0
394,2019-01-17 10:00:00,1,2019-01-17 11:00:00,0.10531,0.10531,0.10531,0.0,1.0,474.3323485520615,-0.0,0.0,0.0,474.3323485520615,474.3323485520615,0.0,0.0
395,2019-01-17 11:00:00,1,2019-01-17 12:00:00,0.10531,0.10531,0.10531,0.0,1.0,551.7714953109185,-0.0,55.29908778118272,0.0,496.47240752973573,496.47240752973573,0.0,0.0
396,2019-01-17 12:00:00,1,2019-01-17 13:00:00,0.10531,0.10531,0.10531,0.0,0.8998204931500313,523.36982398376,-0.0,26.897416454024324,0.0,496.47240752973573,496.47240752973573,0.0,0.0
397,2019-01-17 13:00:00,1,2019-01-17 14:00:00,0.10531,0.10531,0.10531,0.0,0.8510932894289728,516.9979653617122,-0.0,20.52555783197647,0.0,496.47240752973573,496.47240752973573,0.0,0.0
398,2019-01-17 14:00:00,1,2019-01-17 15:00:00,0.10531,0.10531,0.10531,0.0,0.8139093078493053,508.95708752321525,-0.0,12.484679993479517,0.0,496.47240752973573,496.47240752973573,0.0,0.0
399,2019-01-17 15:00:00,1,2019-01-17 16:00:00,0.10531,0.10531,0.10531,0.0,0.7912921339480742,496.7535124633293,-0.0,0.2811049335935536,0.0,496.47240752973573,496.47240752973573,0.0,0.0
400,2019-01-17 16:00:00,1,2019-01-17 17:00:00,0.13592,0.13592,0.13592,0.0,0.7907828858799699,490.9485663193423,-0.0,300.0,0.0,190.94856631934232,190.94856631934232,0.0,0.0
401,2019-01-17 17:00:00,1,2019-01-17 18:00:00,0.13592,0.13592,0.13592,0.0,0.24730462501040468,512.7952495222429,-0.0,106.19774821074662,0.0,406.5975013114963,406.5975013114963,0.0,0.0
402,2019-01-17 18:00:00,1,2019-01-17 19:00:00,0.13592,0.13592,0.13592,0.0,0.05491739999093617,499.1868123247325,-0.0,2.714404794996767,0.0,496.47240752973573,496.47240752973573,0.0,0.0
403,2019-01-17 19:00:00,1,2019-01-17 20:00:00,0.13592,0.13592,0.13592,0.0,0.05,449.0514231550779,-0.0,0.0,0.0,449.0514231550779,449.0514231550779,0.0,1.0
404,2019-01-17 20:00:00,1,2019-01-17 21:00:00,0.13592,0.13592,0.13592,0.0,0.05,393.99494108925364,-0.0,0.0,0.0,393.99494108925364,393.99494108925364,0.0,1.0
405,2019-01-17 21:00:00,1,2019-01-17 22:00:00,0.10531,0.10531,0.10531,0.0,0.05,275.73488654904645,-0.0,0.0,0.0,275.73488654904645,275.73488654904645,0.0,1.0
406,2019-01-17 22:00:00,1,2019-01-17 23:00:00,0.10531,0.10531,0.10531,0.0,0.05,179.21320464506266,-0.0,0.0,0.0,179.21320464506266,179.21320464506266,0.0,0.0
407,2019-01-17 23:00:00,1,2019-01-18 00:00:00,0.10531,0.10531,0.10531,0.0,0.05,250.51199259925696,-0.0,0.0,0.0,250.51199259925696,250.51199259925696,0.0,0.0
408,2019-01-18 00:00:00,1,2019-01-18 01:00:00,0.10531,0.10531,0.10531,0.0,0.05,187.80002514788467,-0.0,0.0,0.0,187.80002514788467,187.80002514788467,0.0,0.0
409,2019-01-18 01:00:00,1,2019-01-18 02:00:00,0.10531,0.10531,0.10531,0.0,0.05,170.78435325725758,-0.0,0.0,0.0,170.78435325725758,170.78435325725758,0.0,0.0
410,2019-01-18 02:00:00,1,2019-01-18 03:00:00,0.10531,0.10531,0.10531,0.0,0.05,168.28264465105286,-0.0,0.0,0.0,168.28264465105286,168.28264465105286,0.0,0.0
411,2019-01-18 03:00:00,1,2019-01-18 04:00:00,0.10531,0.10531,0.10531,0.0,0.05,166.05656268596545,-0.0,0.0,0.0,166.05656268596545,166.05656268596545,0.0,0.0
412,2019-01-18 04:00:00,1,2019-01-18 05:00:00,0.10531,0.10531,0.10531,0.0,0.05,179.18554837546563,-101.27666115027897,0.0,0.0,280.4622095257446,280.4622095257446,0.0,1.0
413,2019-01-18 05:00:00,1,2019-01-18 06:00:00,0.10531,0.10531,0.10531,0.0,0.20529088043042776,177.55203009105483,-0.0,0.0,0.0,177.55203009105483,177.55203009105483,0.0,0.0
414,2019-01-18 06:00:00,1,2019-01-18 07:00:00,0.10531,0.10531,0.10531,0.0,0.20529088043042776,274.56539825898534,-221.9070092707504,0.0,0.0,496.47240752973573,496.47240752973573,0.0,1.0
415,2019-01-18 07:00:00,1,2019-01-18 08:00:00,0.10531,0.10531,0.10531,0.0,0.5455482946455784,266.1996111793246,-230.2727963504111,0.0,0.0,496.47240752973573,496.47240752973573,0.0,1.0
416,2019-01-18 08:00:00,1,2019-01-18 09:00:00,0.10531,0.10531,0.10531,0.0,0.898633249049542,432.3879010481228,-64.08450648161295,0.0,0.0,496.47240752973573,496.47240752973573,0.0,1.0
417,2019-01-18 09:00:00,1,2019-01-18 10:00:00,0.10531,0.10531,0.10531,0.0,0.9968961589880153,499.3000097661914,-0.0,2.827602236455675,0.0,496.47240752973573,496.47240752973573,0.0,0.0
418,2019-01-18 10:00:00,1,2019-01-18 11:00:00,0.10531,0.10531,0.10531,0.0,0.9917736911683492,491.10742350909396,-5.364984020641771,0.0,0.0,496.47240752973573,496.47240752973573,0.0,1.0
419,2019-01-18 11:00:00,1,2019-01-18 12:00:00,0.10531,0.10531,0.10531,0.0,1.0,555.0231269878678,-0.0,58.55071945813211,0.0,496.47240752973573,496.47240752973573,0.0,0.0
420,2019-01-18 12:00:00,1,2019-01-18 13:00:00,0.10531,0.10531,0.10531,0.0,0.8939298560541086,522.4718932789906,-0.0,25.99948574925486,0.0,496.47240752973573,496.47240752973573,0.0,0.0
421,2019-01-18 13:00:00,1,2019-01-18 14:00:00,0.10531,0.10531,0.10531,0.0,0.846829338392415,521.1569129729953,-0.0,24.68450544325958,0.0,496.47240752973573,496.47240752973573,0.0,0.0
422,2019-01-18 14:00:00,1,2019-01-18 15:00:00,0.10531,0.10531,0.10531,0.0,0.8021110314299883,509.9806010527957,-0.0,13.508193523059958,0.0,496.47240752973573,496.47240752973573,0.0,0.0
423,2019-01-18 15:00:00,1,2019-01-18 16:00:00,0.10531,0.10531,0.10531,0.0,0.7776396663519811,495.98473012224383,-0.48767740749190125,0.0,0.0,496.47240752973573,496.47240752973573,0.0,1.0
424,2019-01-18 16:00:00,1,2019-01-18 17:00:00,0.13592,0.13592,0.13592,0.0,0.778387438376802,485.00167525710555,-0.0,0.0,0.0,485.00167525710555,485.00167525710555,0.0,0.0
425,2019-01-18 17:00:00,1,2019-01-18 18:00:00,0.13592,0.13592,0.13592,0.0,0.778387438376802,507.8328562622718,-0.0,102.06986598399476,0.0,405.762990278277,405.762990278277,0.0,0.0
426,2019-01-18 18:00:00,1,2019-01-18 19:00:00,0.13592,0.13592,0.13592,0.0,0.5934782608695652,509.8207519937868,-0.0,300.0,0.0,209.8207519937868,209.8207519937868,0.0,0.0
427,2019-01-18 19:00:00,1,2019-01-18 20:00:00,0.13592,0.13592,0.13592,0.0,0.05,486.79152804412405,-0.0,0.0,0.0,486.79152804412405,486.79152804412405,0.0,0.0
428,2019-01-18 20:00:00,1,2019-01-18 21:00:00,0.13592,0.13592,0.13592,0.0,0.05,428.2230665618936,-0.0,0.0,0.0,428.2230665618936,428.2230665618936,0.0,0.0
429,2019-01-18 21:00:00,1,2019-01-18 22:00:00,0.10531,0.10531,0.10531,0.0,0.05,300.06975777670806,-0.0,0.0,0.0,300.06975777670806,300.06975777670806,0.0,0.0
430,2019-01-18 22:00:00,1,2019-01-18 23:00:00,0.10531,0.10531,0.10531,0.0,0.05,192.0912562028725,-0.0,0.0,0.0,192.0912562028725,192.0912562028725,0.0,0.0
431,2019-01-18 23:00:00,1,2019-01-19 00:00:00,0.10531,0.10531,0.10531,0.0,0.05,261.2857768435653,-0.0,0.0,0.0,261.2857768435653,261.2857768435653,0.0,1.0
432,2019-01-19 00:00:00,1,2019-01-19 01:00:00,0.10531,0.10531,0.10531,0.0,0.05,198.5519336842329,-0.0,0.0,0.0,198.5519336842329,198.5519336842329,0.0,0.0
433,2019-01-19 01:00:00,1,2019-01-19 02:00:00,0.10531,0.10531,0.10531,0.0,0.05,180.7307257069467,-0.0,0.0,0.0,180.7307257069467,180.7307257069467,0.0,0.0
434,2019-01-19 02:00:00,1,2019-01-19 03:00:00,0.10531,0.10531,0.10531,0.0,0.05,178.02682094146348,-0.0,0.0,0.0,178.02682094146348,178.02682094146348,0.0,0.0
435,2019-01-19 03:00:00,1,2019-01-19 04:00:00,0.10531,0.10531,0.10531,0.0,0.05,175.9602489268874,-0.0,0.0,0.0,175.9602489268874,175.9602489268874,0.0,0.0
436,2019-01-19 04:00:00,1,2019-01-19 05:00:00,0.10531,0.10531,0.10531,0.0,0.05,187.7299182269407,-138.0090868003089,0.0,0.0,325.7390050272496,325.7390050272496,0.0,1.0
437,2019-01-19 05:00:00,1,2019-01-19 06:00:00,0.10531,0.10531,0.10531,0.0,0.261613933093807,185.129028629295,-0.0,0.0,0.0,185.129028629295,185.129028629295,0.0,0.0
438,2019-01-19 06:00:00,1,2019-01-19 07:00:00,0.10531,0.10531,0.10531,0.0,0.261613933093807,278.59183213292124,-217.8805753968145,0.0,0.0,496.47240752973573,496.47240752973573,0.0,1.0
439,2019-01-19 07:00:00,1,2019-01-19 08:00:00,0.10531,0.10531,0.10531,0.0,0.5956974820355893,271.6383183595082,-224.83408917022751,0.0,0.0,496.47240752973573,496.47240752973573,0.0,1.0
440,2019-01-19 08:00:00,1,2019-01-19 09:00:00,0.10531,0.10531,0.10531,0.0,0.940443085429938,430.5193328664376,-0.0,0.0,0.0,430.5193328664376,430.5193328664376,0.0,0.0
441,2019-01-19 09:00:00,1,2019-01-19 10:00:00,0.10531,0.10531,0.10531,0.0,0.940443085429938,484.32773367434606,-12.14467385538967,0.0,0.0,496.47240752973573,496.47240752973573,0.0,1.0
442,2019-01-19 10:00:00,1,2019-01-19 11:00:00,0.10531,0.10531,0.10531,0.0,0.9590649186748689,469.77561536117196,-26.696792168563775,0.0,0.0,496.47240752973573,496.47240752973573,0.0,1.0
443,2019-01-19 11:00:00,1,2019-01-19 12:00:00,0.10531,0.10531,0.10531,0.0,1.0,538.5036918228185,-0.0,42.03128429308276,0.0,496.47240752973573,496.47240752973573,0.0,0.0
444,2019-01-19 12:00:00,1,2019-01-19 13:00:00,0.10531,0.10531,0.10531,0.0,0.9238563690342704,504.589480689841,-0.0,8.117073160105292,0.0,496.47240752973573,496.47240752973573,0.0,0.0
445,2019-01-19 13:00:00,1,2019-01-19 14:00:00,0.10531,0.10531,0.10531,0.0,0.9091515263529201,500.15188620003875,-0.0,3.6794786703030127,0.0,496.47240752973573,496.47240752973573,0.0,0.0
446,2019-01-19 14:00:00,1,2019-01-19 15:00:00,0.10531,0.10531,0.10531,0.0,0.9024858041241104,492.92488533171354,-3.547522198022193,0.0,0.0,496.47240752973573,496.47240752973573,0.0,1.0
447,2019-01-19 15:00:00,1,2019-01-19 16:00:00,0.10531,0.10531,0.10531,0.0,0.9079253381610778,483.70222650142216,-12.770181028313573,0.0,0.0,496.47240752973573,496.47240752973573,0.0,1.0
448,2019-01-19 16:00:00,1,2019-01-19 17:00:00,0.13592,0.13592,0.13592,0.0,0.9275062824044918,479.2635653971784,-0.0,300.0,0.0,179.2635653971784,179.2635653971784,0.0,0.0
449,2019-01-19 17:00:00,1,2019-01-19 18:00:00,0.13592,0.13592,0.13592,0.0,0.3840280215349266,500.9579255028749,-0.0,184.38346788727952,0.0,316.5744576155954,316.5744576155954,0.0,0.0
450,2019-01-19 18:00:00,1,2019-01-19 19:00:00,0.13592,0.13592,0.13592,0.0,0.05,492.3766167378435,-0.0,0.0,0.0,492.3766167378435,492.3766167378435,0.0,0.0
451,2019-01-19 19:00:00,1,2019-01-19 20:00:00,0.13592,0.13592,0.13592,0.0,0.05,458.0715963262194,-0.0,0.0,0.0,458.0715963262194,458.0715963262194,0.0,1.0
452,2019-01-19 20:00:00,1,2019-01-19 21:00:00,0.13592,0.13592,0.13592,0.0,0.05,409.4892330931792,-0.0,0.0,0.0,409.4892330931792,409.4892330931792,0.0,1.0
453,2019-01-19 21:00:00,1,2019-01-19 22:00:00,0.10531,0.10531,0.10531,0.0,0.05,287.77190586670775,-50.199066871726764,0.0,0.0,337.9709727384345,337.9709727384345,0.0,1.0
454,2019-01-19 22:00:00,1,2019-01-19 23:00:00,0.10531,0.10531,0.10531,0.0,0.12697190253664772,180.32162928141096,-0.0,0.0,0.0,180.32162928141096,180.32162928141096,0.0,0.0
455,2019-01-19 23:00:00,1,2019-01-20 00:00:00,0.10531,0.10531,0.10531,0.0,0.12697190253664772,251.28096643748736,-0.0,0.0,0.0,251.28096643748736,251.28096643748736,0.0,0.0
456,2019-01-20 00:00:00,1,2019-01-20 01:00:00,0.10531,0.10531,0.10531,0.0,0.12697190253664772,189.6138915339728,-0.0,0.0,0.0,189.6138915339728,189.6138915339728,0.0,0.0
457,2019-01-20 01:00:00,1,2019-01-20 02:00:00,0.10531,0.10531,0.10531,0.0,0.12697190253664772,172.85955981269012,-0.0,0.0,0.0,172.85955981269012,172.85955981269012,0.0,0.0
458,2019-01-20 02:00:00,1,2019-01-20 03:00:00,0.10531,0.10531,0.10531,0.0,0.12697190253664772,170.96923069379295,-0.0,0.0,0.0,170.96923069379295,170.96923069379295,0.0,0.0
459,2019-01-20 03:00:00,1,2019-01-20 04:00:00,0.10531,0.10531,0.10531,0.0,0.12697190253664772,169.34196970670408,-0.0,0.0,0.0,169.34196970670408,169.34196970670408,0.0,0.0
460,2019-01-20 04:00:00,1,2019-01-20 05:00:00,0.10531,0.10531,0.10531,0.0,0.12697190253664772,214.4580219245324,-0.0,0.0,0.0,214.4580219245324,214.4580219245324,0.0,0.0
461,2019-01-20 05:00:00,1,2019-01-20 06:00:00,0.10531,0.10531,0.10531,0.0,0.12697190253664772,214.1317269686419,-282.3406805610938,0.0,0.0,496.47240752973573,496.47240752973573,0.0,1.0
462,2019-01-20 06:00:00,1,2019-01-20 07:00:00,0.10531,0.10531,0.10531,0.0,0.5598942793969915,310.01344155505086,-79.8566223584555,0.0,0.0,389.8700639135064,389.8700639135064,0.0,1.0
463,2019-01-20 07:00:00,1,2019-01-20 08:00:00,0.10531,0.10531,0.10531,0.0,0.6823411003466233,289.30355992970743,-207.1688476000283,0.0,0.0,496.47240752973573,496.47240752973573,0.0,1.0
464,2019-01-20 08:00:00,1,2019-01-20 09:00:00,0.10531,0.10531,0.10531,0.0,1.0,431.6445326076106,-0.0,0.0,0.0,431.6445326076106,431.6445326076106,0.0,0.0
465,2019-01-20 09:00:00,1,2019-01-20 10:00:00,0.10531,0.10531,0.10531,0.0,1.0,494.1103033256235,-0.0,0.0,0.0,494.1103033256235,494.1103033256235,0.0,1.0
466,2019-01-20 10:00:00,1,2019-01-20 11:00:00,0.10531,0.10531,0.10531,0.0,1.0,478.3496505664884,-0.0,0.0,0.0,478.3496505664884,478.3496505664884,0.0,1.0
467,2019-01-20 11:00:00,1,2019-01-20 12:00:00,0.10531,0.10531,0.10531,0.0,1.0,538.9608977299653,-0.0,42.488490200229535,0.0,496.47240752973573,496.47240752973573,0.0,0.0
468,2019-01-20 12:00:00,1,2019-01-20 13:00:00,0.10531,0.10531,0.10531,0.0,0.9230280974633522,511.2942687212741,-0.0,14.821861191538346,0.0,496.47240752973573,496.47240752973573,0.0,0.0
469,2019-01-20 13:00:00,1,2019-01-20 14:00:00,0.10531,0.10531,0.10531,0.0,0.8961768996525943,511.54985758084496,-0.0,15.077450051109224,0.0,496.47240752973573,496.47240752973573,0.0,0.0
470,2019-01-20 14:00:00,1,2019-01-20 15:00:00,0.10531,0.10531,0.10531,0.0,0.8688626785455124,509.54160268737974,-0.0,13.069195157644003,0.0,496.47240752973573,496.47240752973573,0.0,0.0
471,2019-01-20 15:00:00,1,2019-01-20 16:00:00,0.10531,0.10531,0.10531,0.0,0.8451866003613747,502.928623390338,-0.0,6.456215860602242,0.0,496.47240752973573,496.47240752973573,0.0,0.0
472,2019-01-20 16:00:00,1,2019-01-20 17:00:00,0.13592,0.13592,0.13592,0.0,0.8334905571356461,497.928588321483,-0.0,112.02743625696814,0.0,385.90115206451486,385.90115206451486,0.0,0.0
473,2019-01-20 17:00:00,1,2019-01-20 18:00:00,0.13592,0.13592,0.13592,0.0,0.6305423030469357,523.140557322905,-0.0,300.0,0.0,223.140557322905,223.140557322905,0.0,0.0
474,2019-01-20 18:00:00,1,2019-01-20 19:00:00,0.13592,0.13592,0.13592,0.0,0.08706404217737054,516.9317588116443,-0.0,20.45935128190854,0.0,496.47240752973573,496.47240752973573,0.0,0.0
475,2019-01-20 19:00:00,1,2019-01-20 20:00:00,0.13592,0.13592,0.13592,0.0,0.05,473.3670445669428,-0.0,0.0,0.0,473.3670445669428,473.3670445669428,0.0,0.0
476,2019-01-20 20:00:00,1,2019-01-20 21:00:00,0.13592,0.13592,0.13592,0.0,0.05,416.25950003496604,-0.0,0.0,0.0,416.25950003496604,416.25950003496604,0.0,1.0
477,2019-01-20 21:00:00,1,2019-01-20 22:00:00,0.10531,0.10531,0.10531,0.0,0.05,296.099901314768,-0.0,0.0,0.0,296.099901314768,296.099901314768,0.0,1.0
478,2019-01-20 22:00:00,1,2019-01-20 23:00:00,0.10531,0.10531,0.10531,0.0,0.05,203.3494652443293,-0.0,0.0,0.0,203.3494652443293,203.3494652443293,0.0,0.0
479,2019-01-20 23:00:00,1,2019-01-21 00:00:00,0.10531,0.10531,0.10531,0.0,0.05,272.75390228770806,-0.0,0.0,0.0,272.75390228770806,272.75390228770806,0.0,1.0
480,2019-01-21 00:00:00,1,2019-01-21 01:00:00,0.10531,0.10531,0.10531,0.0,0.05,208.1292358711936,-0.0,0.0,0.0,208.1292358711936,208.1292358711936,0.0,0.0
481,2019-01-21 01:00:00,1,2019-01-21 02:00:00,0.10531,0.10531,0.10531,0.0,0.05,190.39181126692395,-0.0,0.0,0.0,190.39181126692395,190.39181126692395,0.0,0.0
482,2019-01-21 02:00:00,1,2019-01-21 03:00:00,0.10531,0.10531,0.10531,0.0,0.05,187.30234728389343,-0.0,0.0,0.0,187.30234728389343,187.30234728389343,0.0,0.0
483,2019-01-21 03:00:00,1,2019-01-21 04:00:00,0.10531,0.10531,0.10531,0.0,0.05,184.76119292253557,-0.0,0.0,0.0,184.76119292253557,184.76119292253557,0.0,0.0
484,2019-01-21 04:00:00,1,2019-01-21 05:00:00,0.10531,0.10531,0.10531,0.0,0.05,196.38971529455102,-0.0,0.0,0.0,196.38971529455102,196.38971529455102,0.0,0.0
485,2019-01-21 05:00:00,1,2019-01-21 06:00:00,0.10531,0.10531,0.10531,0.0,0.05,193.1738150586858,-0.0,0.0,0.0,193.1738150586858,193.1738150586858,0.0,0.0
486,2019-01-21 06:00:00,1,2019-01-21 07:00:00,0.10531,0.10531,0.10531,0.0,0.05,261.3089275877529,-235.1634799419828,0.0,0.0,496.47240752973573,496.47240752973573,0.0,1.0
487,2019-01-21 07:00:00,1,2019-01-21 08:00:00,0.10531,0.10531,0.10531,0.0,0.410584002577707,256.30210631921966,-240.17030121051607,0.0,0.0,496.47240752973573,496.47240752973573,0.0,1.0
488,2019-01-21 08:00:00,1,2019-01-21 09:00:00,0.10531,0.10531,0.10531,0.0,0.7788451311004984,386.6701940966921,-109.80221343304362,0.0,0.0,496.47240752973573,496.47240752973573,0.0,1.0
489,2019-01-21 09:00:00,1,2019-01-21 10:00:00,0.10531,0.10531,0.10531,0.0,0.9472085250311651,432.372521921155,-34.42922280576187,0.0,0.0,466.80174472691687,466.80174472691687,0.0,1.0
490,2019-01-21 10:00:00,1,2019-01-21 11:00:00,0.10531,0.10531,0.10531,0.0,1.0,492.4912441670075,-0.0,0.0,0.0,492.4912441670075,492.4912441670075,0.0,0.0
491,2019-01-21 11:00:00,1,2019-01-21 12:00:00,0.10531,0.10531,0.10531,0.0,1.0,559.251882590042,-0.0,62.779475060306254,0.0,496.47240752973573,496.47240752973573,0.0,0.0
492,2019-01-21 12:00:00,1,2019-01-21 13:00:00,0.10531,0.10531,0.10531,0.0,0.8862690669197351,525.2795388180523,-0.0,28.807131288316555,0.0,496.47240752973573,496.47240752973573,0.0,0.0
493,2019-01-21 13:00:00,1,2019-01-21 14:00:00,0.10531,0.10531,0.10531,0.0,0.8340822348756833,514.2965716700767,-0.0,17.82416414034094,0.0,496.47240752973573,496.47240752973573,0.0,0.0
494,2019-01-21 14:00:00,1,2019-01-21 15:00:00,0.10531,0.10531,0.10531,0.0,0.8017920824475294,505.52919725106534,-0.0,9.056789721329608,0.0,496.47240752973573,496.47240752973573,0.0,0.0
495,2019-01-21 15:00:00,1,2019-01-21 16:00:00,0.10531,0.10531,0.10531,0.0,0.7853848546914974,495.865660985858,-0.6067465438777049,0.0,0.0,496.47240752973573,496.47240752973573,0.0,1.0
496,2019-01-21 16:00:00,1,2019-01-21 17:00:00,0.13592,0.13592,0.13592,0.0,0.78631519939211,490.9922116658143,-0.0,106.44599006444477,0.0,384.54622160136955,384.54622160136955,0.0,0.0
497,2019-01-21 17:00:00,1,2019-01-21 18:00:00,0.13592,0.13592,0.13592,0.0,0.5934782608695651,514.8024285661321,-0.0,300.0,0.0,214.8024285661321,214.8024285661321,0.0,0.0
498,2019-01-21 18:00:00,1,2019-01-21 19:00:00,0.13592,0.13592,0.13592,0.0,0.049999999999999906,475.61810914308705,-0.0,0.0,0.0,475.61810914308705,475.61810914308705,0.0,1.0
499,2019-01-21 19:00:00,1,2019-01-21 20:00:00,0.13592,0.13592,0.13592,0.0,0.05,379.03797173471224,-0.0,0.0,0.0,379.03797173471224,379.03797173471224,0.0,1.0
500,2019-01-21 20:00:00,1,2019-01-21 21:00:00,0.13592,0.13592,0.13592,0.0,0.05,352.8861161363272,-0.0,0.0,0.0,352.8861161363272,352.8861161363272,0.0,1.0
501,2019-01-21 21:00:00,1,2019-01-21 22:00:00,0.10531,0.10531,0.10531,0.0,0.05,260.3064016164117,-0.0,0.0,0.0,260.3064016164117,260.3064016164117,0.0,1.0
502,2019-01-21 22:00:00,1,2019-01-21 23:00:00,0.10531,0.10531,0.10531,0.0,0.05,178.75523515096944,-0.0,0.0,0.0,178.75523515096944,178.75523515096944,0.0,0.0
503,2019-01-21 23:00:00,1,2019-01-22 00:00:00,0.10531,0.10531,0.10531,0.0,0.05,250.00850127070905,-0.0,0.0,0.0,250.00850127070905,250.00850127070905,0.0,1.0
504,2019-01-22 00:00:00,1,2019-01-22 01:00:00,0.10531,0.10531,0.10531,0.0,0.05,187.0938302841238,-0.0,0.0,0.0,187.0938302841238,187.0938302841238,0.0,0.0
505,2019-01-22 01:00:00,1,2019-01-22 02:00:00,0.10531,0.10531,0.10531,0.0,0.05,171.0729960304204,-0.0,0.0,0.0,171.0729960304204,171.0729960304204,0.0,0.0
506,2019-01-22 02:00:00,1,2019-01-22 03:00:00,0.10531,0.10531,0.10531,0.0,0.05,169.41703280582232,-0.0,0.0,0.0,169.41703280582232,169.41703280582232,0.0,0.0
507,2019-01-22 03:00:00,1,2019-01-22 04:00:00,0.10531,0.10531,0.10531,0.0,0.05,168.39656902515432,-0.0,0.0,0.0,168.39656902515432,168.39656902515432,0.0,0.0
508,2019-01-22 04:00:00,1,2019-01-22 05:00:00,0.10531,0.10531,0.10531,0.0,0.05,181.25964193264983,-0.0,0.0,0.0,181.25964193264983,181.25964193264983,0.0,0.0
509,2019-01-22 05:00:00,1,2019-01-22 06:00:00,0.10531,0.10531,0.10531,0.0,0.05,178.73334097606332,-0.0,0.0,0.0,178.73334097606332,178.73334097606332,0.0,0.0
510,2019-01-22 06:00:00,1,2019-01-22 07:00:00,0.10531,0.10531,0.10531,0.0,0.05,246.1369626327126,-0.0,0.0,0.0,246.1369626327126,246.1369626327126,0.0,0.0
511,2019-01-22 07:00:00,1,2019-01-22 08:00:00,0.10531,0.10531,0.10531,0.0,0.05,237.25495951953576,-0.0,0.0,0.0,237.25495951953576,237.25495951953576,0.0,0.0
512,2019-01-22 08:00:00,1,2019-01-22 09:00:00,0.10531,0.10531,0.10531,0.0,0.05,313.7329702533215,-153.44884000858596,0.0,0.0,467.18181026190746,467.18181026190746,0.0,1.0
513,2019-01-22 09:00:00,1,2019-01-22 10:00:00,0.10531,0.10531,0.10531,0.0,0.2852882213464985,263.87044477167234,-203.3113654902353,0.0,0.0,467.18181026190763,467.18181026190763,0.0,1.0
514,2019-01-22 10:00:00,1,2019-01-22 11:00:00,0.10531,0.10531,0.10531,0.0,0.5970323150981927,346.6548629557913,-120.52694730611631,0.0,0.0,467.18181026190763,467.18181026190763,0.0,1.0
515,2019-01-22 11:00:00,1,2019-01-22 12:00:00,0.10531,0.10531,0.10531,0.0,0.781840300967571,414.5230523683122,-52.65875789359541,0.0,0.0,467.18181026190763,467.18181026190763,0.0,1.0
516,2019-01-22 12:00:00,1,2019-01-22 13:00:00,0.10531,0.10531,0.10531,0.0,0.8625837297377507,434.8883246896032,-0.0,0.0,0.0,434.8883246896032,434.8883246896032,0.0,0.0
517,2019-01-22 13:00:00,1,2019-01-22 14:00:00,0.10531,0.10531,0.10531,0.0,0.8625837297377507,425.7873048827718,-70.68510264696391,0.0,0.0,496.47240752973573,496.47240752973573,0.0,1.0
518,2019-01-22 14:00:00,1,2019-01-22 15:00:00,0.10531,0.10531,0.10531,0.0,0.9709675537964286,418.9570089482721,-18.93420404580742,0.0,0.0,437.8912129940795,437.8912129940795,0.0,1.0
519,2019-01-22 15:00:00,1,2019-01-22 16:00:00,0.10531,0.10531,0.10531,0.0,1.0,414.31185405331547,-0.0,0.0,0.0,414.31185405331547,414.31185405331547,0.0,1.0
520,2019-01-22 16:00:00,1,2019-01-22 17:00:00,0.13592,0.13592,0.13592,0.0,1.0,414.0497259601806,-0.0,224.4,0.0,189.64972596018058,189.64972596018058,0.0,0.0
521,2019-01-22 17:00:00,1,2019-01-22 18:00:00,0.13592,0.13592,0.13592,0.0,0.5934782608695652,384.1365119246012,-0.0,0.0,0.0,384.1365119246012,384.1365119246012,0.0,1.0
522,2019-01-22 18:00:00,1,2019-01-22 19:00:00,0.13592,0.13592,0.13592,0.0,0.5934782608695652,394.2101903568442,-0.0,0.0,0.0,394.2101903568442,394.2101903568442,0.0,1.0
523,2019-01-22 19:00:00,1,2019-01-22 20:00:00,0.13592,0.13592,0.13592,0.0,0.5934782608695652,356.63829344334306,-0.0,0.0,0.0,356.63829344334306,356.63829344334306,0.0,1.0
524,2019-01-22 20:00:00,1,2019-01-22 21:00:00,0.13592,0.13592,0.13592,0.0,0.5934782608695652,335.48455923644525,-0.0,300.0,0.0,35.48455923644525,35.48455923644525,0.0,0.0
525,2019-01-22 21:00:00,1,2019-01-22 22:00:00,0.10531,0.10531,0.10531,0.0,0.05,299.4511524150525,-0.0,0.0,0.0,299.4511524150525,299.4511524150525,0.0,0.0
526,2019-01-22 22:00:00,1,2019-01-22 23:00:00,0.10531,0.10531,0.10531,0.0,0.05,187.6413907026867,-0.0,0.0,0.0,187.6413907026867,187.6413907026867,0.0,0.0
527,2019-01-22 23:00:00,1,2019-01-23 00:00:00,0.10531,0.10531,0.10531,0.0,0.05,257.6030883980744,-46.65387014628991,0.0,0.0,304.25695854436435,304.25695854436435,0.0,1.0
528,2019-01-23 00:00:00,1,2019-01-23 01:00:00,0.10531,0.10531,0.10531,0.0,0.12153593422431119,198.28764268349158,-0.0,0.0,0.0,198.28764268349158,198.28764268349158,0.0,0.0
529,2019-01-23 01:00:00,1,2019-01-23 02:00:00,0.10531,0.10531,0.10531,0.0,0.12153593422431119,179.77089327639666,-0.0,0.0,0.0,179.77089327639666,179.77089327639666,0.0,0.0
530,2019-01-23 02:00:00,1,2019-01-23 03:00:00,0.10531,0.10531,0.10531,0.0,0.12153593422431119,176.02914492890517,-0.0,0.0,0.0,176.02914492890517,176.02914492890517,0.0,0.0
531,2019-01-23 03:00:00,1,2019-01-23 04:00:00,0.10531,0.10531,0.10531,0.0,0.12153593422431119,172.81786888847677,-0.0,0.0,0.0,172.81786888847677,172.81786888847677,0.0,0.0
532,2019-01-23 04:00:00,1,2019-01-23 05:00:00,0.10531,0.10531,0.10531,0.0,0.12153593422431119,183.77007665190874,-32.685813612000324,0.0,0.0,216.45589026390905,216.45589026390905,0.0,1.0
533,2019-01-23 05:00:00,1,2019-01-23 06:00:00,0.10531,0.10531,0.10531,0.0,0.1716541817627117,180.8114319116739,-0.0,0.0,0.0,180.8114319116739,180.8114319116739,0.0,0.0
534,2019-01-23 06:00:00,1,2019-01-23 07:00:00,0.10531,0.10531,0.10531,0.0,0.1716541817627117,273.3738851550817,-223.098522374654,0.0,0.0,496.47240752973573,496.47240752973573,0.0,1.0
535,2019-01-23 07:00:00,1,2019-01-23 08:00:00,0.10531,0.10531,0.10531,0.0,0.5137385827371812,263.6922560582382,-232.78015147149756,0.0,0.0,496.47240752973573,496.47240752973573,0.0,1.0
536,2019-01-23 08:00:00,1,2019-01-23 09:00:00,0.10531,0.10531,0.10531,0.0,0.8706681483268107,425.00754328341503,-71.4648642463207,0.0,0.0,496.47240752973573,496.47240752973573,0.0,1.0
537,2019-01-23 09:00:00,1,2019-01-23 10:00:00,0.10531,0.10531,0.10531,0.0,0.9802476068378357,483.59041198919385,-12.88199554054188,0.0,0.0,496.47240752973573,496.47240752973573,0.0,1.0
538,2019-01-23 10:00:00,1,2019-01-23 11:00:00,0.10531,0.10531,0.10531,0.0,1.0,471.79248586055945,-0.0,0.0,0.0,471.79248586055945,471.79248586055945,0.0,0.0
539,2019-01-23 11:00:00,1,2019-01-23 12:00:00,0.10531,0.10531,0.10531,0.0,1.0,535.9602432215555,-0.0,39.48783569181978,0.0,496.47240752973573,496.47240752973573,0.0,0.0
540,2019-01-23 12:00:00,1,2019-01-23 13:00:00,0.10531,0.10531,0.10531,0.0,0.9284640657756889,500.76129437285044,-0.0,4.28888684311471,0.0,496.47240752973573,496.47240752973573,0.0,0.0
541,2019-01-23 13:00:00,1,2019-01-23 14:00:00,0.10531,0.10531,0.10531,0.0,0.9206943432338145,494.0469627997089,-2.425444730026811,0.0,0.0,496.47240752973573,496.47240752973573,0.0,1.0
542,2019-01-23 14:00:00,1,2019-01-23 15:00:00,0.10531,0.10531,0.10531,0.0,0.9244133584865222,489.5484908854069,-6.923916644328813,0.0,0.0,496.47240752973573,496.47240752973573,0.0,1.0
543,2019-01-23 15:00:00,1,2019-01-23 16:00:00,0.10531,0.10531,0.10531,0.0,0.935030030674493,486.7566938013647,-9.715713728371043,0.0,0.0,496.47240752973573,496.47240752973573,0.0,1.0
544,2019-01-23 16:00:00,1,2019-01-23 17:00:00,0.13592,0.13592,0.13592,0.0,0.9499274583913285,490.415459373949,-0.0,300.0,0.0,190.41545937394898,190.41545937394898,0.0,0.0
545,2019-01-23 17:00:00,1,2019-01-23 18:00:00,0.13592,0.13592,0.13592,0.0,0.4064491975217633,513.4345610509473,-0.0,179.29103902907576,0.0,334.14352202187155,334.14352202187155,0.0,0.0
546,2019-01-23 18:00:00,1,2019-01-23 19:00:00,0.13592,0.13592,0.13592,0.0,0.08164659058503186,513.9413255326733,-0.0,17.468918002937585,0.0,496.47240752973573,496.47240752973573,0.0,0.0
547,2019-01-23 19:00:00,1,2019-01-23 20:00:00,0.13592,0.13592,0.13592,0.0,0.05,483.8359180674144,-0.0,0.0,0.0,483.8359180674144,483.8359180674144,0.0,0.0
548,2019-01-23 20:00:00,1,2019-01-23 21:00:00,0.13592,0.13592,0.13592,0.0,0.05,428.459179849621,-0.0,0.0,0.0,428.459179849621,428.459179849621,0.0,1.0
549,2019-01-23 21:00:00,1,2019-01-23 22:00:00,0.10531,0.10531,0.10531,0.0,0.05,309.5762864485808,-58.352871725594554,0.0,0.0,367.92915817417537,367.92915817417537,0.0,1.0
550,2019-01-23 22:00:00,1,2019-01-23 23:00:00,0.10531,0.10531,0.10531,0.0,0.13947440331257832,208.28195859049987,-0.0,0.0,0.0,208.28195859049987,208.28195859049987,0.0,0.0
551,2019-01-23 23:00:00,1,2019-01-24 00:00:00,0.10531,0.10531,0.10531,0.0,0.13947440331257832,276.38701122689406,-0.0,0.0,0.0,276.38701122689406,276.38701122689406,0.0,1.0
552,2019-01-24 00:00:00,1,2019-01-24 01:00:00,0.10531,0.10531,0.10531,0.0,0.13947440331257832,215.84505490961172,-0.0,0.0,0.0,215.84505490961172,215.84505490961172,0.0,0.0
553,2019-01-24 01:00:00,1,2019-01-24 02:00:00,0.10531,0.10531,0.10531,0.0,0.13947440331257832,195.8154618355139,-0.0,0.0,0.0,195.8154618355139,195.8154618355139,0.0,0.0
554,2019-01-24 02:00:00,1,2019-01-24 03:00:00,0.10531,0.10531,0.10531,0.0,0.13947440331257832,191.29831569650818,-0.0,0.0,0.0,191.29831569650818,191.29831569650818,0.0,0.0
555,2019-01-24 03:00:00,1,2019-01-24 04:00:00,0.10531,0.10531,0.10531,0.0,0.13947440331257832,187.24007923774874,-0.0,0.0,0.0,187.24007923774874,187.24007923774874,0.0,0.0
556,2019-01-24 04:00:00,1,2019-01-24 05:00:00,0.10531,0.10531,0.10531,0.0,0.13947440331257832,230.2450853701791,-0.0,0.0,0.0,230.2450853701791,230.2450853701791,0.0,0.0
557,2019-01-24 05:00:00,1,2019-01-24 06:00:00,0.10531,0.10531,0.10531,0.0,0.13947440331257832,226.99391487458803,-181.72142031766592,0.0,0.0,408.715335192254,408.715335192254,0.0,1.0
558,2019-01-24 06:00:00,1,2019-01-24 07:00:00,0.10531,0.10531,0.10531,0.0,0.4181139144663328,318.48900260798456,-177.98340492175117,0.0,0.0,496.47240752973573,496.47240752973573,0.0,1.0
559,2019-01-24 07:00:00,1,2019-01-24 08:00:00,0.10531,0.10531,0.10531,0.0,0.6910218020130179,294.9648871034431,-201.50752042629261,0.0,0.0,496.47240752973573,496.47240752973573,0.0,1.0
560,2019-01-24 08:00:00,1,2019-01-24 09:00:00,0.10531,0.10531,0.10531,0.0,1.0,434.2290975845294,-0.0,0.0,0.0,434.2290975845294,434.2290975845294,0.0,0.0
561,2019-01-24 09:00:00,1,2019-01-24 10:00:00,0.10531,0.10531,0.10531,0.0,1.0,488.7524628279775,-0.0,0.0,0.0,488.7524628279775,488.7524628279775,0.0,0.0
562,2019-01-24 10:00:00,1,2019-01-24 11:00:00,0.10531,0.10531,0.10531,0.0,1.0,475.4516246273065,-0.0,0.0,0.0,475.4516246273065,475.4516246273065,0.0,0.0
563,2019-01-24 11:00:00,1,2019-01-24 12:00:00,0.10531,0.10531,0.10531,0.0,1.0,545.862278158279,-0.0,49.389870628543235,0.0,496.47240752973573,496.47240752973573,0.0,0.0
564,2019-01-24 12:00:00,1,2019-01-24 13:00:00,0.10531,0.10531,0.10531,0.0,0.9105255966874216,517.1837206437099,-0.0,20.711313113974143,0.0,496.47240752973573,496.47240752973573,0.0,0.0
565,2019-01-24 13:00:00,1,2019-01-24 14:00:00,0.10531,0.10531,0.10531,0.0,0.8730051019157292,515.5932567670307,-0.0,19.12084923729492,0.0,496.47240752973573,496.47240752973573,0.0,0.0
566,2019-01-24 14:00:00,1,2019-01-24 15:00:00,0.10531,0.10531,0.10531,0.0,0.8383658822829486,505.99536474726136,-0.0,9.52295721752563,0.0,496.47240752973573,496.47240752973573,0.0,0.0
567,2019-01-24 15:00:00,1,2019-01-24 16:00:00,0.10531,0.10531,0.10531,0.0,0.8211141481932284,494.18922567164174,-2.2831818580939967,0.0,0.0,496.47240752973573,496.47240752973573,0.0,1.0
568,2019-01-24 16:00:00,1,2019-01-24 17:00:00,0.13592,0.13592,0.13592,0.0,0.8246150270423058,488.0418346392402,-0.0,300.0,0.0,188.04183463924022,188.04183463924022,0.0,0.0
569,2019-01-24 17:00:00,1,2019-01-24 18:00:00,0.13592,0.13592,0.13592,0.0,0.28113676617274064,505.20351730404974,-0.0,8.731109774314007,0.0,496.47240752973573,496.47240752973573,0.0,0.0
570,2019-01-24 18:00:00,1,2019-01-24 19:00:00,0.13592,0.13592,0.13592,0.0,0.26531953832072247,505.94662189098796,-0.0,118.85638515303881,0.0,387.0902367379491,387.0902367379491,0.0,0.0
571,2019-01-24 19:00:00,1,2019-01-24 20:00:00,0.13592,0.13592,0.13592,0.0,0.05,461.3131659271318,-0.0,0.0,0.0,461.3131659271318,461.3131659271318,0.0,1.0
572,2019-01-24 20:00:00,1,2019-01-24 21:00:00,0.13592,0.13592,0.13592,0.0,0.05,407.0976430718136,-0.0,0.0,0.0,407.0976430718136,407.0976430718136,0.0,1.0
573,2019-01-24 21:00:00,1,2019-01-24 22:00:00,0.10531,0.10531,0.10531,0.0,0.05,290.1716725716798,-0.0,0.0,0.0,290.1716725716798,290.1716725716798,0.0,1.0
574,2019-01-24 22:00:00,1,2019-01-24 23:00:00,0.10531,0.10531,0.10531,0.0,0.05,197.47257048976067,-0.0,0.0,0.0,197.47257048976067,197.47257048976067,0.0,0.0
575,2019-01-24 23:00:00,1,2019-01-25 00:00:00,0.10531,0.10531,0.10531,0.0,0.05,268.21270110410944,-0.0,0.0,0.0,268.21270110410944,268.21270110410944,0.0,1.0
576,2019-01-25 00:00:00,1,2019-01-25 01:00:00,0.10531,0.10531,0.10531,0.0,0.05,207.7667515027239,-0.0,0.0,0.0,207.7667515027239,207.7667515027239,0.0,0.0
577,2019-01-25 01:00:00,1,2019-01-25 02:00:00,0.10531,0.10531,0.10531,0.0,0.05,190.68540824577255,-0.0,0.0,0.0,190.68540824577255,190.68540824577255,0.0,0.0
578,2019-01-25 02:00:00,1,2019-01-25 03:00:00,0.10531,0.10531,0.10531,0.0,0.05,188.2002532305671,-0.0,0.0,0.0,188.2002532305671,188.2002532305671,0.0,0.0
579,2019-01-25 03:00:00,1,2019-01-25 04:00:00,0.10531,0.10531,0.10531,0.0,0.05,185.9723479376827,-0.0,0.0,0.0,185.9723479376827,185.9723479376827,0.0,0.0
580,2019-01-25 04:00:00,1,2019-01-25 05:00:00,0.10531,0.10531,0.10531,0.0,0.05,198.22616037407633,-196.40018637303868,0.0,0.0,394.626346747115,394.626346747115,0.0,1.0
581,2019-01-25 05:00:00,1,2019-01-25 06:00:00,0.10531,0.10531,0.10531,0.0,0.35114695243865934,196.20435634482047,-0.0,0.0,0.0,196.20435634482047,196.20435634482047,0.0,0.0
582,2019-01-25 06:00:00,1,2019-01-25 07:00:00,0.10531,0.10531,0.10531,0.0,0.35114695243865934,291.27021019429344,-205.2021973354423,0.0,0.0,496.47240752973573,496.47240752973573,0.0,1.0
583,2019-01-25 07:00:00,1,2019-01-25 08:00:00,0.10531,0.10531,0.10531,0.0,0.6657903216863376,287.8147692240953,-208.65763830564043,0.0,0.0,496.47240752973573,496.47240752973573,0.0,1.0
584,2019-01-25 08:00:00,1,2019-01-25 09:00:00,0.10531,0.10531,0.10531,0.0,0.9857320337549862,443.77935632889995,-0.0,0.0,0.0,443.77935632889995,443.77935632889995,0.0,0.0
585,2019-01-25 09:00:00,1,2019-01-25 10:00:00,0.10531,0.10531,0.10531,0.0,0.9857320337549862,499.8474653213156,-0.0,3.375057791579877,0.0,496.47240752973573,496.47240752973573,0.0,0.0
586,2019-01-25 10:00:00,1,2019-01-25 11:00:00,0.10531,0.10531,0.10531,0.0,0.9796177986253125,483.1796675027656,-13.292740026970137,0.0,0.0,496.47240752973573,496.47240752973573,0.0,1.0
587,2019-01-25 11:00:00,1,2019-01-25 12:00:00,0.10531,0.10531,0.10531,0.0,1.0,549.0392682151135,-0.0,52.56686068537772,0.0,496.47240752973573,496.47240752973573,0.0,0.0
588,2019-01-25 12:00:00,1,2019-01-25 13:00:00,0.10531,0.10531,0.10531,0.0,0.9047701799177941,516.6095159154836,-0.0,20.137108385747865,0.0,496.47240752973573,496.47240752973573,0.0,0.0
589,2019-01-25 13:00:00,1,2019-01-25 14:00:00,0.10531,0.10531,0.10531,0.0,0.8682899111030334,512.151861219541,-0.0,15.679453689805314,0.0,496.47240752973573,496.47240752973573,0.0,0.0
590,2019-01-25 14:00:00,1,2019-01-25 15:00:00,0.10531,0.10531,0.10531,0.0,0.8398851036939657,504.2955599079754,-0.0,7.8231523782396835,0.0,496.47240752973573,496.47240752973573,0.0,0.0
591,2019-01-25 15:00:00,1,2019-01-25 16:00:00,0.10531,0.10531,0.10531,0.0,0.8257127261971549,496.6182454302951,-0.0,0.14583790055934287,0.0,496.47240752973573,496.47240752973573,0.0,0.0
592,2019-01-25 16:00:00,1,2019-01-25 17:00:00,0.13592,0.13592,0.13592,0.0,0.8254485271019386,491.54400982182926,-0.0,300.0,0.0,191.54400982182926,191.54400982182926,0.0,0.0
593,2019-01-25 17:00:00,1,2019-01-25 18:00:00,0.13592,0.13592,0.13592,0.0,0.28197026623237337,506.33766202515426,-0.0,117.64224176766028,0.0,388.695420257494,388.695420257494,0.0,0.0
594,2019-01-25 18:00:00,1,2019-01-25 19:00:00,0.13592,0.13592,0.13592,0.0,0.0688502630300903,506.8777527223456,-0.0,10.405345192609843,0.0,496.47240752973573,496.47240752973573,0.0,0.0
595,2019-01-25 19:00:00,1,2019-01-25 20:00:00,0.13592,0.13592,0.13592,0.0,0.05,477.3743685521211,-0.0,0.0,0.0,477.3743685521211,477.3743685521211,0.0,0.0
596,2019-01-25 20:00:00,1,2019-01-25 21:00:00,0.13592,0.13592,0.13592,0.0,0.05,424.52947646774436,-0.0,0.0,0.0,424.52947646774436,424.52947646774436,0.0,0.0
597,2019-01-25 21:00:00,1,2019-01-25 22:00:00,0.10531,0.10531,0.10531,0.0,0.05,303.1974482000109,-0.0,0.0,0.0,303.1974482000109,303.1974482000109,0.0,0.0
598,2019-01-25 22:00:00,1,2019-01-25 23:00:00,0.10531,0.10531,0.10531,0.0,0.05,200.54568854582328,-0.0,0.0,0.0,200.54568854582328,200.54568854582328,0.0,0.0
599,2019-01-25 23:00:00,1,2019-01-26 00:00:00,0.10531,0.10531,0.10531,0.0,0.05,270.10772611682233,-0.0,0.0,0.0,270.10772611682233,270.10772611682233,0.0,1.0
600,2019-01-26 00:00:00,1,2019-01-26 01:00:00,0.10531,0.10531,0.10531,0.0,0.05,208.95471307416767,-0.0,0.0,0.0,208.95471307416767,208.95471307416767,0.0,0.0
601,2019-01-26 01:00:00,1,2019-01-26 02:00:00,0.10531,0.10531,0.10531,0.0,0.05,190.77450599618354,-0.0,0.0,0.0,190.77450599618354,190.77450599618354,0.0,0.0
602,2019-01-26 02:00:00,1,2019-01-26 03:00:00,0.10531,0.10531,0.10531,0.0,0.05,187.3157663561259,-0.0,0.0,0.0,187.3157663561259,187.3157663561259,0.0,0.0
603,2019-01-26 03:00:00,1,2019-01-26 04:00:00,0.10531,0.10531,0.10531,0.0,0.05,184.24158176185432,-0.0,0.0,0.0,184.24158176185432,184.24158176185432,0.0,0.0
604,2019-01-26 04:00:00,1,2019-01-26 05:00:00,0.10531,0.10531,0.10531,0.0,0.05,195.62883296273807,-190.58978697038563,0.0,0.0,386.2186199331237,386.2186199331237,0.0,1.0
605,2019-01-26 05:00:00,1,2019-01-26 06:00:00,0.10531,0.10531,0.10531,0.0,0.3422376733545913,193.0856504581941,-0.0,0.0,0.0,193.0856504581941,193.0856504581941,0.0,0.0
606,2019-01-26 06:00:00,1,2019-01-26 07:00:00,0.10531,0.10531,0.10531,0.0,0.3422376733545913,286.8162936465869,-209.6561138831488,0.0,0.0,496.47240752973573,496.47240752973573,0.0,1.0
607,2019-01-26 07:00:00,1,2019-01-26 08:00:00,0.10531,0.10531,0.10531,0.0,0.6637103813087528,281.9817943734801,-214.49061315625562,0.0,0.0,496.47240752973573,496.47240752973573,0.0,1.0
608,2019-01-26 08:00:00,1,2019-01-26 09:00:00,0.10531,0.10531,0.10531,0.0,0.9925959881483447,442.39623188714705,-0.0,0.0,0.0,442.39623188714705,442.39623188714705,0.0,0.0
609,2019-01-26 09:00:00,1,2019-01-26 10:00:00,0.10531,0.10531,0.10531,0.0,0.9925959881483447,500.3646195477245,-0.0,3.8922120179887543,0.0,496.47240752973573,496.47240752973573,0.0,0.0
610,2019-01-26 10:00:00,1,2019-01-26 11:00:00,0.10531,0.10531,0.10531,0.0,0.9855448794201042,487.04515497762975,-9.427252552105983,0.0,0.0,496.47240752973573,496.47240752973573,0.0,1.0
611,2019-01-26 11:00:00,1,2019-01-26 12:00:00,0.10531,0.10531,0.10531,0.0,1.0,553.0831773755759,-0.0,56.610769845840196,0.0,496.47240752973573,496.47240752973573,0.0,0.0
612,2019-01-26 12:00:00,1,2019-01-26 13:00:00,0.10531,0.10531,0.10531,0.0,0.8974442575256519,519.3000567700736,-0.0,22.827649240337905,0.0,496.47240752973573,496.47240752973573,0.0,0.0
613,2019-01-26 13:00:00,1,2019-01-26 14:00:00,0.10531,0.10531,0.10531,0.0,0.8560898204960544,513.8440631604149,-0.0,17.37165563067913,0.0,496.47240752973573,496.47240752973573,0.0,0.0
614,2019-01-26 14:00:00,1,2019-01-26 15:00:00,0.10531,0.10531,0.10531,0.0,0.824619429860766,504.49779499295227,-0.0,8.025387463216532,0.0,496.47240752973573,496.47240752973573,0.0,0.0
615,2019-01-26 15:00:00,1,2019-01-26 16:00:00,0.10531,0.10531,0.10531,0.0,0.8100806844563883,495.5204001706763,-0.9520073590594507,0.0,0.0,496.47240752973573,496.47240752973573,0.0,1.0
616,2019-01-26 16:00:00,1,2019-01-26 17:00:00,0.13592,0.13592,0.13592,0.0,0.8115404290736128,490.01496903400414,-0.0,0.0,0.0,490.01496903400414,490.01496903400414,0.0,1.0
617,2019-01-26 17:00:00,1,2019-01-26 18:00:00,0.13592,0.13592,0.13592,0.0,0.8115404290736128,507.7962293814016,-0.0,11.323821851665855,0.0,496.47240752973573,496.47240752973573,0.0,0.0
618,2019-01-26 18:00:00,1,2019-01-26 19:00:00,0.13592,0.13592,0.13592,0.0,0.791026259052479,509.55822175062366,-0.0,109.04649499696842,0.0,400.51172675365524,400.51172675365524,0.0,0.0
619,2019-01-26 19:00:00,1,2019-01-26 20:00:00,0.13592,0.13592,0.13592,0.0,0.5934782608695652,479.78293587936406,-0.0,0.0,0.0,479.78293587936406,479.78293587936406,0.0,0.0
620,2019-01-26 20:00:00,1,2019-01-26 21:00:00,0.13592,0.13592,0.13592,0.0,0.5934782608695652,423.47858630142576,-0.0,300.0,0.0,123.47858630142576,123.47858630142576,0.0,0.0
621,2019-01-26 21:00:00,1,2019-01-26 22:00:00,0.10531,0.10531,0.10531,0.0,0.05,299.829553473849,-0.0,0.0,0.0,299.829553473849,299.829553473849,0.0,0.0
622,2019-01-26 22:00:00,1,2019-01-26 23:00:00,0.10531,0.10531,0.10531,0.0,0.05,196.34597272720256,-0.0,0.0,0.0,196.34597272720256,196.34597272720256,0.0,0.0
623,2019-01-26 23:00:00,1,2019-01-27 00:00:00,0.10531,0.10531,0.10531,0.0,0.05,266.53146598959484,-56.67030804535937,0.0,0.0,323.2017740349542,323.2017740349542,0.0,1.0
624,2019-01-27 00:00:00,1,2019-01-27 01:00:00,0.10531,0.10531,0.10531,0.0,0.1368944723362177,204.3154581297867,-0.0,0.0,0.0,204.3154581297867,204.3154581297867,0.0,0.0
625,2019-01-27 01:00:00,1,2019-01-27 02:00:00,0.10531,0.10531,0.10531,0.0,0.1368944723362177,185.70065669344527,-0.0,0.0,0.0,185.70065669344527,185.70065669344527,0.0,0.0
626,2019-01-27 02:00:00,1,2019-01-27 03:00:00,0.10531,0.10531,0.10531,0.0,0.1368944723362177,181.99696468921059,-0.0,0.0,0.0,181.99696468921059,181.99696468921059,0.0,0.0
627,2019-01-27 03:00:00,1,2019-01-27 04:00:00,0.10531,0.10531,0.10531,0.0,0.1368944723362177,178.69437894630016,-0.0,0.0,0.0,178.69437894630016,178.69437894630016,0.0,0.0
628,2019-01-27 04:00:00,1,2019-01-27 05:00:00,0.10531,0.10531,0.10531,0.0,0.1368944723362177,222.5910395684845,-0.0,0.0,0.0,222.5910395684845,222.5910395684845,0.0,0.0
629,2019-01-27 05:00:00,1,2019-01-27 06:00:00,0.10531,0.10531,0.10531,0.0,0.1368944723362177,220.32796749549664,-174.53859926249945,0.0,0.0,394.8665667579961,394.8665667579961,0.0,1.0
630,2019-01-27 06:00:00,1,2019-01-27 07:00:00,0.10531,0.10531,0.10531,0.0,0.4045203245387169,313.51563119480096,-182.95677633493477,0.0,0.0,496.47240752973573,496.47240752973573,0.0,1.0
631,2019-01-27 07:00:00,1,2019-01-27 08:00:00,0.10531,0.10531,0.10531,0.0,0.6850540482522836,291.07287378122504,-205.3995337485107,0.0,0.0,496.47240752973573,496.47240752973573,0.0,1.0
632,2019-01-27 08:00:00,1,2019-01-27 09:00:00,0.10531,0.10531,0.10531,0.0,1.0,432.1294702991332,-0.0,0.0,0.0,432.1294702991332,432.1294702991332,0.0,0.0
633,2019-01-27 09:00:00,1,2019-01-27 10:00:00,0.10531,0.10531,0.10531,0.0,1.0,492.1547908100905,-0.0,0.0,0.0,492.1547908100905,492.1547908100905,0.0,0.0
634,2019-01-27 10:00:00,1,2019-01-27 11:00:00,0.10531,0.10531,0.10531,0.0,1.0,477.07216857374544,-0.0,0.0,0.0,477.07216857374544,477.07216857374544,0.0,1.0
635,2019-01-27 11:00:00,1,2019-01-27 12:00:00,0.10531,0.10531,0.10531,0.0,1.0,544.4381562593279,-0.0,47.96574872959218,0.0,496.47240752973573,496.47240752973573,0.0,0.0
636,2019-01-27 12:00:00,1,2019-01-27 13:00:00,0.10531,0.10531,0.10531,0.0,0.9131055276637824,515.2679842751568,-0.0,18.795576745421045,0.0,496.47240752973573,496.47240752973573,0.0,0.0
637,2019-01-27 13:00:00,1,2019-01-27 14:00:00,0.10531,0.10531,0.10531,0.0,0.8790555697916428,509.21830080625347,-0.0,12.745893276517734,0.0,496.47240752973573,496.47240752973573,0.0,0.0
638,2019-01-27 14:00:00,1,2019-01-27 15:00:00,0.10531,0.10531,0.10531,0.0,0.8559651834211396,497.7170814084144,-0.0,1.2446738786786682,0.0,496.47240752973573,496.47240752973573,0.0,0.0
639,2019-01-27 15:00:00,1,2019-01-27 16:00:00,0.10531,0.10531,0.10531,0.0,0.8537103394380261,495.51535823993476,-0.9570492898009775,0.0,0.0,496.47240752973573,496.47240752973573,0.0,1.0
640,2019-01-27 16:00:00,1,2019-01-27 17:00:00,0.13592,0.13592,0.13592,0.0,0.8551778150157209,498.6389941441287,-0.0,125.6270007454616,0.0,373.0119933986671,373.0119933986671,0.0,0.0
641,2019-01-27 17:00:00,1,2019-01-27 18:00:00,0.13592,0.13592,0.13592,0.0,0.6275926687377108,516.5843247818974,-0.0,300.0,0.0,216.5843247818974,216.5843247818974,0.0,0.0
642,2019-01-27 18:00:00,1,2019-01-27 19:00:00,0.13592,0.13592,0.13592,0.0,0.08411440786814561,515.3035606729521,-0.0,18.831153143216397,0.0,496.47240752973573,496.47240752973573,0.0,0.0
643,2019-01-27 19:00:00,1,2019-01-27 20:00:00,0.13592,0.13592,0.13592,0.0,0.04999999999999997,473.6069049867022,-0.0,0.0,0.0,473.6069049867022,473.6069049867022,0.0,1.0
644,2019-01-27 20:00:00,1,2019-01-27 21:00:00,0.13592,0.13592,0.13592,0.0,0.05,419.689246359403,-0.0,0.0,0.0,419.689246359403,419.689246359403,0.0,1.0
645,2019-01-27 21:00:00,1,2019-01-27 22:00:00,0.10531,0.10531,0.10531,0.0,0.05,297.06131557164133,-0.0,0.0,0.0,297.06131557164133,297.06131557164133,0.0,1.0
646,2019-01-27 22:00:00,1,2019-01-27 23:00:00,0.10531,0.10531,0.10531,0.0,0.05,201.53490607897973,-0.0,0.0,0.0,201.53490607897973,201.53490607897973,0.0,0.0
647,2019-01-27 23:00:00,1,2019-01-28 00:00:00,0.10531,0.10531,0.10531,0.0,0.05,270.2690748341738,-0.0,0.0,0.0,270.2690748341738,270.2690748341738,0.0,1.0
648,2019-01-28 00:00:00,1,2019-01-28 01:00:00,0.10531,0.10531,0.10531,0.0,0.05,202.22631279917263,-0.0,0.0,0.0,202.22631279917263,202.22631279917263,0.0,0.0
649,2019-01-28 01:00:00,1,2019-01-28 02:00:00,0.10531,0.10531,0.10531,0.0,0.05,181.7853827486694,-0.0,0.0,0.0,181.7853827486694,181.7853827486694,0.0,0.0
650,2019-01-28 02:00:00,1,2019-01-28 03:00:00,0.10531,0.10531,0.10531,0.0,0.05,176.30941480300615,-0.0,0.0,0.0,176.30941480300615,176.30941480300615,0.0,0.0
651,2019-01-28 03:00:00,1,2019-01-28 04:00:00,0.10531,0.10531,0.10531,0.0,0.05,172.6218886190093,-0.0,0.0,0.0,172.6218886190093,172.6218886190093,0.0,0.0
652,2019-01-28 04:00:00,1,2019-01-28 05:00:00,0.10531,0.10531,0.10531,0.0,0.05,184.0307903158195,-0.0,0.0,0.0,184.0307903158195,184.0307903158195,0.0,0.0
653,2019-01-28 05:00:00,1,2019-01-28 06:00:00,0.10531,0.10531,0.10531,0.0,0.05,180.96902510540076,-300.0,0.0,0.0,480.96902510540076,480.96902510540076,0.0,1.0
654,2019-01-28 06:00:00,1,2019-01-28 07:00:00,0.10531,0.10531,0.10531,0.0,0.51,247.90959209908712,-0.0,0.0,0.0,247.90959209908712,247.90959209908712,0.0,0.0
655,2019-01-28 07:00:00,1,2019-01-28 08:00:00,0.10531,0.10531,0.10531,0.0,0.51,240.1897396041481,-256.28266792558765,0.0,0.0,496.47240752973573,496.47240752973573,0.0,1.0
656,2019-01-28 08:00:00,1,2019-01-28 09:00:00,0.10531,0.10531,0.10531,0.0,0.9029667574859009,375.21197196361715,-63.28254946571671,0.0,0.0,438.4945214293339,438.4945214293339,0.0,1.0
657,2019-01-28 09:00:00,1,2019-01-28 10:00:00,0.10531,0.10531,0.10531,0.0,1.0,421.3845346112664,-0.0,0.0,0.0,421.3845346112664,421.3845346112664,0.0,1.0
658,2019-01-28 10:00:00,1,2019-01-28 11:00:00,0.10531,0.10531,0.10531,0.0,1.0,478.82002299650577,-0.0,0.0,0.0,478.82002299650577,478.82002299650577,0.0,0.0
659,2019-01-28 11:00:00,1,2019-01-28 12:00:00,0.10531,0.10531,0.10531,0.0,1.0,550.206405104023,-0.0,53.73399757428729,0.0,496.47240752973573,496.47240752973573,0.0,0.0
660,2019-01-28 12:00:00,1,2019-01-28 13:00:00,0.10531,0.10531,0.10531,0.0,0.9026558014958563,517.6871153543862,-0.0,21.214707824650418,0.0,496.47240752973573,496.47240752973573,0.0,0.0
661,2019-01-28 13:00:00,1,2019-01-28 14:00:00,0.10531,0.10531,0.10531,0.0,0.8642233597845332,512.5806980245424,-0.0,16.108290494806624,0.0,496.47240752973573,496.47240752973573,0.0,0.0
662,2019-01-28 14:00:00,1,2019-01-28 15:00:00,0.10531,0.10531,0.10531,0.0,0.8350416741055355,503.33214746581245,-0.0,6.859739936076721,0.0,496.47240752973573,496.47240752973573,0.0,0.0
663,2019-01-28 15:00:00,1,2019-01-28 16:00:00,0.10531,0.10531,0.10531,0.0,0.8226146090039473,494.311321435453,-2.161086094282723,0.0,0.0,496.47240752973573,496.47240752973573,0.0,1.0
664,2019-01-28 16:00:00,1,2019-01-28 17:00:00,0.13592,0.13592,0.13592,0.0,0.8259282743485141,491.0294445987665,-0.0,0.0,0.0,491.0294445987665,491.0294445987665,0.0,0.0
665,2019-01-28 17:00:00,1,2019-01-28 18:00:00,0.13592,0.13592,0.13592,0.0,0.8259282743485141,506.8609104912191,-0.0,128.31240744037981,0.0,378.54850305083926,378.54850305083926,0.0,0.0
666,2019-01-28 18:00:00,1,2019-01-28 19:00:00,0.13592,0.13592,0.13592,0.0,0.5934782608695652,478.05365986398033,-0.0,300.0,0.0,178.05365986398033,178.05365986398033,0.0,0.0
667,2019-01-28 19:00:00,1,2019-01-28 20:00:00,0.13592,0.13592,0.13592,0.0,0.05,385.49934969377233,-0.0,0.0,0.0,385.49934969377233,385.49934969377233,0.0,1.0
668,2019-01-28 20:00:00,1,2019-01-28 21:00:00,0.13592,0.13592,0.13592,0.0,0.05,360.2203104660841,-0.0,0.0,0.0,360.2203104660841,360.2203104660841,0.0,1.0
669,2019-01-28 21:00:00,1,2019-01-28 22:00:00,0.10531,0.10531,0.10531,0.0,0.05,266.2678188663525,-0.0,0.0,0.0,266.2678188663525,266.2678188663525,0.0,1.0
670,2019-01-28 22:00:00,1,2019-01-28 23:00:00,0.10531,0.10531,0.10531,0.0,0.05,185.1046375313184,-0.0,0.0,0.0,185.1046375313184,185.1046375313184,0.0,0.0
671,2019-01-28 23:00:00,1,2019-01-29 00:00:00,0.10531,0.10531,0.10531,0.0,0.05,255.76532511336353,-0.0,0.0,0.0,255.76532511336353,255.76532511336353,0.0,1.0
672,2019-01-29 00:00:00,1,2019-01-29 01:00:00,0.10531,0.10531,0.10531,0.0,0.05,191.80270051894124,-0.0,0.0,0.0,191.80270051894124,191.80270051894124,0.0,0.0
673,2019-01-29 01:00:00,1,2019-01-29 02:00:00,0.10531,0.10531,0.10531,0.0,0.05,175.13278670087163,-0.0,0.0,0.0,175.13278670087163,175.13278670087163,0.0,0.0
674,2019-01-29 02:00:00,1,2019-01-29 03:00:00,0.10531,0.10531,0.10531,0.0,0.05,172.27742021141518,-0.0,0.0,0.0,172.27742021141518,172.27742021141518,0.0,0.0
675,2019-01-29 03:00:00,1,2019-01-29 04:00:00,0.10531,0.10531,0.10531,0.0,0.05,169.77074476986525,-0.0,0.0,0.0,169.77074476986525,169.77074476986525,0.0,0.0
676,2019-01-29 04:00:00,1,2019-01-29 05:00:00,0.10531,0.10531,0.10531,0.0,0.05,181.23041361712353,-0.0,0.0,0.0,181.23041361712353,181.23041361712353,0.0,0.0
677,2019-01-29 05:00:00,1,2019-01-29 06:00:00,0.10531,0.10531,0.10531,0.0,0.05,178.26149152126135,-0.0,0.0,0.0,178.26149152126135,178.26149152126135,0.0,0.0
678,2019-01-29 06:00:00,1,2019-01-29 07:00:00,0.10531,0.10531,0.10531,0.0,0.05,247.9186365239298,-0.0,0.0,0.0,247.9186365239298,247.9186365239298,0.0,0.0
679,2019-01-29 07:00:00,1,2019-01-29 08:00:00,0.10531,0.10531,0.10531,0.0,0.05,243.87051021168315,-0.0,0.0,0.0,243.87051021168315,243.87051021168315,0.0,0.0
680,2019-01-29 08:00:00,1,2019-01-29 09:00:00,0.10531,0.10531,0.10531,0.0,0.05,320.4052818013895,-162.26267877292238,0.0,0.0,482.66796057431185,482.66796057431185,0.0,1.0
681,2019-01-29 09:00:00,1,2019-01-29 10:00:00,0.10531,0.10531,0.10531,0.0,0.298802774118481,269.6591401361285,-213.00882043818336,0.0,0.0,482.66796057431185,482.66796057431185,0.0,1.0
682,2019-01-29 10:00:00,1,2019-01-29 11:00:00,0.10531,0.10531,0.10531,0.0,0.6254162987903621,347.949333489869,-134.71862708444286,0.0,0.0,482.66796057431185,482.66796057431185,0.0,1.0
683,2019-01-29 11:00:00,1,2019-01-29 12:00:00,0.10531,0.10531,0.10531,0.0,0.8319848603198413,416.4175094410105,-0.0,0.0,0.0,416.4175094410105,416.4175094410105,0.0,1.0
684,2019-01-29 12:00:00,1,2019-01-29 13:00:00,0.10531,0.10531,0.10531,0.0,0.8319848603198413,437.37893787404033,-0.0,0.0,0.0,437.37893787404033,437.37893787404033,0.0,0.0
685,2019-01-29 13:00:00,1,2019-01-29 14:00:00,0.10531,0.10531,0.10531,0.0,0.8319848603198413,432.6681491506948,-63.80425837904096,0.0,0.0,496.47240752973573,496.47240752973573,0.0,1.0
686,2019-01-29 14:00:00,1,2019-01-29 15:00:00,0.10531,0.10531,0.10531,0.0,0.9298180565010375,427.59762264112624,-45.77083271671466,0.0,0.0,473.3684553578409,473.3684553578409,0.0,1.0
687,2019-01-29 15:00:00,1,2019-01-29 16:00:00,0.10531,0.10531,0.10531,0.0,1.0,418.3818921788278,-0.0,0.0,0.0,418.3818921788278,418.3818921788278,0.0,0.0
688,2019-01-29 16:00:00,1,2019-01-29 17:00:00,0.13592,0.13592,0.13592,0.0,1.0,411.87733668293026,-0.0,224.4,0.0,187.47733668293026,187.47733668293026,0.0,0.0
689,2019-01-29 17:00:00,1,2019-01-29 18:00:00,0.13592,0.13592,0.13592,0.0,0.5934782608695652,374.2806547387416,-0.0,300.0,0.0,74.28065473874159,74.28065473874159,0.0,0.0
690,2019-01-29 18:00:00,1,2019-01-29 19:00:00,0.13592,0.13592,0.13592,0.0,0.05,391.05889708111005,-0.0,0.0,0.0,391.05889708111005,391.05889708111005,0.0,1.0
691,2019-01-29 19:00:00,1,2019-01-29 20:00:00,0.13592,0.13592,0.13592,0.0,0.05,350.4134769793132,-0.0,0.0,0.0,350.4134769793132,350.4134769793132,0.0,1.0
692,2019-01-29 20:00:00,1,2019-01-29 21:00:00,0.13592,0.13592,0.13592,0.0,0.05,325.8796190765048,-0.0,0.0,0.0,325.8796190765048,325.8796190765048,0.0,1.0
693,2019-01-29 21:00:00,1,2019-01-29 22:00:00,0.10531,0.10531,0.10531,0.0,0.05,292.2868320076923,-0.0,0.0,0.0,292.2868320076923,292.2868320076923,0.0,1.0
694,2019-01-29 22:00:00,1,2019-01-29 23:00:00,0.10531,0.10531,0.10531,0.0,0.05,180.94855427496802,-0.0,0.0,0.0,180.94855427496802,180.94855427496802,0.0,0.0
695,2019-01-29 23:00:00,1,2019-01-30 00:00:00,0.10531,0.10531,0.10531,0.0,0.05,251.61112158414775,-0.0,0.0,0.0,251.61112158414775,251.61112158414775,0.0,0.0
696,2019-01-30 00:00:00,1,2019-01-30 01:00:00,0.10531,0.10531,0.10531,0.0,0.05,192.61087620173976,-0.0,0.0,0.0,192.61087620173976,192.61087620173976,0.0,0.0
697,2019-01-30 01:00:00,1,2019-01-30 02:00:00,0.10531,0.10531,0.10531,0.0,0.05,176.06790946304787,-0.0,0.0,0.0,176.06790946304787,176.06790946304787,0.0,0.0
698,2019-01-30 02:00:00,1,2019-01-30 03:00:00,0.10531,0.10531,0.10531,0.0,0.05,173.45988651314556,-0.0,0.0,0.0,173.45988651314556,173.45988651314556,0.0,0.0
699,2019-01-30 03:00:00,1,2019-01-30 04:00:00,0.10531,0.10531,0.10531,0.0,0.05,171.21697841381712,-0.0,0.0,0.0,171.21697841381712,171.21697841381712,0.0,0.0
700,2019-01-30 04:00:00,1,2019-01-30 05:00:00,0.10531,0.10531,0.10531,0.0,0.05,183.210990000436,-90.92322724512562,0.0,0.0,274.1342172455616,274.1342172455616,0.0,1.0
701,2019-01-30 05:00:00,1,2019-01-30 06:00:00,0.10531,0.10531,0.10531,0.0,0.1894156151091926,187.5147925400348,-0.0,0.0,0.0,187.5147925400348,187.5147925400348,0.0,0.0
702,2019-01-30 06:00:00,1,2019-01-30 07:00:00,0.10531,0.10531,0.10531,0.0,0.1894156151091926,274.64296415771923,-221.8294433720165,0.0,0.0,496.47240752973573,496.47240752973573,0.0,1.0
703,2019-01-30 07:00:00,1,2019-01-30 08:00:00,0.10531,0.10531,0.10531,0.0,0.5295540949462846,266.2329097890904,-230.23949774064533,0.0,0.0,496.47240752973573,496.47240752973573,0.0,1.0
704,2019-01-30 08:00:00,1,2019-01-30 09:00:00,0.10531,0.10531,0.10531,0.0,0.8825879914819408,427.4828793490337,-68.98952818070205,0.0,0.0,496.47240752973573,496.47240752973573,0.0,1.0
705,2019-01-30 09:00:00,1,2019-01-30 10:00:00,0.10531,0.10531,0.10531,0.0,0.9883719346923506,488.88888667692095,-7.583520852814786,0.0,0.0,496.47240752973573,496.47240752973573,0.0,1.0
706,2019-01-30 10:00:00,1,2019-01-30 11:00:00,0.10531,0.10531,0.10531,0.0,1.0,476.2132922733509,-0.0,0.0,0.0,476.2132922733509,476.2132922733509,0.0,0.0
707,2019-01-30 11:00:00,1,2019-01-30 12:00:00,0.10531,0.10531,0.10531,0.0,1.0,542.8944471902623,-0.0,46.42203966052659,0.0,496.47240752973573,496.47240752973573,0.0,0.0
708,2019-01-30 12:00:00,1,2019-01-30 13:00:00,0.10531,0.10531,0.10531,0.0,0.9159021020642634,514.9514293350388,-0.0,18.47902180530309,0.0,496.47240752973573,496.47240752973573,0.0,0.0
709,2019-01-30 13:00:00,1,2019-01-30 14:00:00,0.10531,0.10531,0.10531,0.0,0.8824256132865405,513.8142135141215,-0.0,17.341805984385815,0.0,496.47240752973573,496.47240752973573,0.0,0.0
710,2019-01-30 14:00:00,1,2019-01-30 15:00:00,0.10531,0.10531,0.10531,0.0,0.8510092980974356,512.8534562936717,-0.0,16.38104876393595,0.0,496.47240752973573,496.47240752973573,0.0,0.0
711,2019-01-30 15:00:00,1,2019-01-30 16:00:00,0.10531,0.10531,0.10531,0.0,0.8213334851192908,510.4690881559791,-0.0,13.996680626243347,0.0,496.47240752973573,496.47240752973573,0.0,0.0
712,2019-01-30 16:00:00,1,2019-01-30 17:00:00,0.13592,0.13592,0.13592,0.0,0.7959771796369659,510.2113764160277,-0.0,86.03304627181109,0.0,424.1783301442166,424.1783301442166,0.0,0.0
713,2019-01-30 17:00:00,1,2019-01-30 18:00:00,0.13592,0.13592,0.13592,0.0,0.6401202117532502,522.2187644175299,-0.0,25.74635688779415,0.0,496.47240752973573,496.47240752973573,0.0,0.0
714,2019-01-30 18:00:00,1,2019-01-30 19:00:00,0.13592,0.13592,0.13592,0.0,0.5934782608695652,519.771822710468,-0.0,300.0,0.0,219.77182271046797,219.77182271046797,0.0,0.0
715,2019-01-30 19:00:00,1,2019-01-30 20:00:00,0.13592,0.13592,0.13592,0.0,0.05,488.5821055898104,-0.0,0.0,0.0,488.5821055898104,488.5821055898104,0.0,0.0
716,2019-01-30 20:00:00,1,2019-01-30 21:00:00,0.13592,0.13592,0.13592,0.0,0.05,427.33527885171907,-0.0,0.0,0.0,427.33527885171907,427.33527885171907,0.0,0.0
717,2019-01-30 21:00:00,1,2019-01-30 22:00:00,0.10531,0.10531,0.10531,0.0,0.05,302.3163332568848,-0.0,0.0,0.0,302.3163332568848,302.3163332568848,0.0,0.0
718,2019-01-30 22:00:00,1,2019-01-30 23:00:00,0.10531,0.10531,0.10531,0.0,0.05,198.72338146074256,-0.0,0.0,0.0,198.72338146074256,198.72338146074256,0.0,0.0
719,2019-01-30 23:00:00,1,2019-01-31 00:00:00,0.10531,0.10531,0.10531,0.0,0.05,268.7351452763493,-0.0,0.0,0.0,268.7351452763493,268.7351452763493,0.0,1.0
720,2019-01-31 00:00:00,1,2019-01-31 01:00:00,0.10531,0.10531,0.10531,0.0,0.05,207.16878449883924,-0.0,0.0,0.0,207.16878449883924,207.16878449883924,0.0,0.0
721,2019-01-31 01:00:00,1,2019-01-31 02:00:00,0.10531,0.10531,0.10531,0.0,0.05,188.87474261904418,-0.0,0.0,0.0,188.87474261904418,188.87474261904418,0.0,0.0
722,2019-01-31 02:00:00,1,2019-01-31 03:00:00,0.10531,0.10531,0.10531,0.0,0.05,184.92496698733984,-0.0,0.0,0.0,184.92496698733984,184.92496698733984,0.0,0.0
723,2019-01-31 03:00:00,1,2019-01-31 04:00:00,0.10531,0.10531,0.10531,0.0,0.05,181.70431998880858,-0.0,0.0,0.0,181.70431998880858,181.70431998880858,0.0,0.0
724,2019-01-31 04:00:00,1,2019-01-31 05:00:00,0.10531,0.10531,0.10531,0.0,0.05,225.61229598205537,-0.0,0.0,0.0,225.61229598205537,225.61229598205537,0.0,0.0
725,2019-01-31 05:00:00,1,2019-01-31 06:00:00,0.10531,0.10531,0.10531,0.0,0.05,223.88318106638937,-187.82572731855913,0.0,0.0,411.7089083849485,411.7089083849485,0.0,1.0
726,2019-01-31 06:00:00,1,2019-01-31 07:00:00,0.10531,0.10531,0.10531,0.0,0.33799944855512404,318.3533063343627,-178.11910119537305,0.0,0.0,496.47240752973573,496.47240752973573,0.0,1.0
727,2019-01-31 07:00:00,1,2019-01-31 08:00:00,0.10531,0.10531,0.10531,0.0,0.6111154037213627,298.60027687995654,-197.8721306497792,0.0,0.0,496.47240752973573,496.47240752973573,0.0,1.0
728,2019-01-31 08:00:00,1,2019-01-31 09:00:00,0.10531,0.10531,0.10531,0.0,0.9145193373843574,440.7241493021428,-55.74825822759294,0.0,0.0,496.47240752973573,496.47240752973573,0.0,1.0
729,2019-01-31 09:00:00,1,2019-01-31 10:00:00,0.10531,0.10531,0.10531,0.0,1.0,498.51022176425766,-0.0,2.0378142345219317,0.0,496.47240752973573,496.47240752973573,0.0,0.0
730,2019-01-31 10:00:00,1,2019-01-31 11:00:00,0.10531,0.10531,0.10531,0.0,0.9963083075461558,485.02747213119704,-2.407625513376635,0.0,0.0,487.43509764457366,487.43509764457366,0.0,1.0
731,2019-01-31 11:00:00,1,2019-01-31 12:00:00,0.10531,0.10531,0.10531,0.0,1.0,554.211527168032,-0.0,57.7391196382963,0.0,496.47240752973573,496.47240752973573,0.0,0.0
732,2019-01-31 12:00:00,1,2019-01-31 13:00:00,0.10531,0.10531,0.10531,0.0,0.8954001455827967,517.0501959353736,-0.0,20.577788405637875,0.0,496.47240752973573,496.47240752973573,0.0,0.0
733,2019-01-31 13:00:00,1,2019-01-31 14:00:00,0.10531,0.10531,0.10531,0.0,0.8581215433986701,512.532337907066,-0.0,16.05993037733026,0.0,496.47240752973573,496.47240752973573,0.0,0.0
734,2019-01-31 14:00:00,1,2019-01-31 15:00:00,0.10531,0.10531,0.10531,0.0,0.8290274666281442,503.03648991985534,-0.0,6.564082390119609,0.0,496.47240752973573,496.47240752973573,0.0,0.0
735,2019-01-31 15:00:00,1,2019-01-31 16:00:00,0.10531,0.10531,0.10531,0.0,0.8171360130228551,493.82193415589416,-2.650473373841578,0.0,0.0,496.47240752973573,496.47240752973573,0.0,1.0
736,2019-01-31 16:00:00,1,2019-01-31 17:00:00,0.13592,0.13592,0.13592,0.0,0.8212000721960788,494.34665647966983,-0.0,0.0,0.0,494.34665647966983,494.34665647966983,0.0,1.0
737,2019-01-31 17:00:00,1,2019-01-31 18:00:00,0.13592,0.13592,0.13592,0.0,0.8212000721960788,511.0855644161052,-0.0,300.0,0.0,211.08556441610523,211.08556441610523,0.0,0.0
738,2019-01-31 18:00:00,1,2019-01-31 19:00:00,0.13592,0.13592,0.13592,0.0,0.27772181132651363,512.25457339935,-0.0,125.70243985223554,0.0,386.5521335471144,386.5521335471144,0.0,0.0
739,2019-01-31 19:00:00,1,2019-01-31 20:00:00,0.13592,0.13592,0.13592,0.0,0.05,472.9202476786163,-0.0,0.0,0.0,472.9202476786163,472.9202476786163,0.0,0.0
740,2019-01-31 20:00:00,1,2019-01-31 21:00:00,0.13592,0.13592,0.13592,0.0,0.05,419.6172319377888,-0.0,0.0,0.0,419.6172319377888,419.6172319377888,0.0,1.0
741,2019-01-31 21:00:00,1,2019-01-31 22:00:00,0.10531,0.10531,0.10531,0.0,0.05,298.19264730934043,-93.39870921692722,0.0,0.0,391.59135652626765,391.59135652626765,0.0,1.0
742,2019-01-31 22:00:00,1,2019-01-31 23:00:00,0.10531,0.10531,0.10531,0.0,0.19321135413262175,205.4277021143865,-0.0,0.0,0.0,205.4277021143865,205.4277021143865,0.0,0.0
743,2019-01-31 23:00:00,1,2019-02-01 00:00:00,0.10531,0.10531,0.10531,0.0,0.19321135413262175,274.69687426920996,-0.0,0.0,0.0,274.69687426920996,274.69687426920996,0.0,1.0
744,2019-02-01 00:00:00,2,2019-02-01 01:00:00,0.10531,0.10531,0.10531,0.0,0.19321135413262175,212.77994223496117,-0.0,0.0,0.0,212.77994223496117,212.77994223496117,0.0,0.0
745,2019-02-01 01:00:00,2,2019-02-01 02:00:00,0.10531,0.10531,0.10531,0.0,0.19321135413262175,187.2049926138788,-0.0,0.0,0.0,187.2049926138788,187.2049926138788,0.0,0.0
746,2019-02-01 02:00:00,2,2019-02-01 03:00:00,0.10531,0.10531,0.10531,0.0,0.19321135413262175,179.09824504683831,-0.0,0.0,0.0,179.09824504683831,179.09824504683831,0.0,0.0
747,2019-02-01 03:00:00,2,2019-02-01 04:00:00,0.10531,0.10531,0.10531,0.0,0.19321135413262175,173.5282848573076,-0.0,0.0,0.0,173.5282848573076,173.5282848573076,0.0,0.0
748,2019-02-01 04:00:00,2,2019-02-01 05:00:00,0.10531,0.10531,0.10531,0.0,0.19321135413262175,183.00118883586342,-91.12230333716352,0.0,0.0,274.12349217302693,274.12349217302693,0.0,1.0
749,2019-02-01 05:00:00,2,2019-02-01 06:00:00,0.10531,0.10531,0.10531,0.0,0.3329322192496058,178.9490413322106,-0.0,0.0,0.0,178.9490413322106,178.9490413322106,0.0,0.0
750,2019-02-01 06:00:00,2,2019-02-01 07:00:00,0.10531,0.10531,0.10531,0.0,0.3329322192496058,274.79395569431205,-196.1398914655981,0.0,0.0,470.93384715991016,470.93384715991016,0.0,1.0
751,2019-02-01 07:00:00,2,2019-02-01 08:00:00,0.10531,0.10531,0.10531,0.0,0.6336800528301896,266.99987422734546,-203.9339729325647,0.0,0.0,470.93384715991016,470.93384715991016,0.0,1.0
752,2019-02-01 08:00:00,2,2019-02-01 09:00:00,0.10531,0.10531,0.10531,0.0,0.9463788113267888,435.96350672085936,-34.9703404390508,0.0,0.0,470.93384715991016,470.93384715991016,0.0,1.0
753,2019-02-01 09:00:00,2,2019-02-01 10:00:00,0.10531,0.10531,0.10531,0.0,1.0,504.1883456934553,-0.0,33.25449853354513,0.0,470.93384715991016,470.93384715991016,0.0,0.0
754,2019-02-01 10:00:00,2,2019-02-01 11:00:00,0.10531,0.10531,0.10531,0.0,0.9397563432363313,492.6231784193833,-0.0,21.689331259473136,0.0,470.93384715991016,470.93384715991016,0.0,0.0
755,2019-02-01 11:00:00,2,2019-02-01 12:00:00,0.10531,0.10531,0.10531,0.0,0.9004640764619235,567.8091368472234,-0.0,96.87528968731323,0.0,470.93384715991016,470.93384715991016,0.0,0.0
756,2019-02-01 12:00:00,2,2019-02-01 13:00:00,0.10531,0.10531,0.10531,0.0,0.724965363260269,550.1678459550394,-0.0,79.23399879512928,0.0,470.9338471599101,470.9338471599101,0.0,0.0
757,2019-02-01 13:00:00,2,2019-02-01 14:00:00,0.10531,0.10531,0.10531,0.0,0.581425510370542,546.8311731692486,-0.0,75.89732600933846,0.0,470.9338471599101,470.9338471599101,0.0,0.0
758,2019-02-01 14:00:00,2,2019-02-01 15:00:00,0.10531,0.10531,0.10531,0.0,0.44393035455652313,532.1962479165956,-0.0,61.26240075668542,0.0,470.9338471599101,470.9338471599101,0.0,0.0
759,2019-02-01 15:00:00,2,2019-02-01 16:00:00,0.10531,0.10531,0.10531,0.0,0.3329477444900639,516.0305813587873,-0.0,45.096734198877215,0.0,470.9338471599101,470.9338471599101,0.0,0.0
760,2019-02-01 16:00:00,2,2019-02-01 17:00:00,0.13592,0.13592,0.13592,0.0,0.25125076224572124,505.0937030065144,-0.0,34.15985584660427,0.0,470.9338471599101,470.9338471599101,0.0,0.0
761,2019-02-01 17:00:00,2,2019-02-01 18:00:00,0.13592,0.13592,0.13592,0.0,0.18936696542216283,514.1039277440437,-0.0,43.170080584133615,0.0,470.9338471599101,470.9338471599101,0.0,0.0
762,2019-02-01 18:00:00,2,2019-02-01 19:00:00,0.13592,0.13592,0.13592,0.0,0.111160297697283,504.69433148881035,-0.0,33.76048432890022,0.0,470.9338471599101,470.9338471599101,0.0,0.0
763,2019-02-01 19:00:00,2,2019-02-01 20:00:00,0.13592,0.13592,0.13592,0.0,0.05,464.3591019774403,-0.0,0.0,0.0,464.3591019774403,464.3591019774403,0.0,0.0
764,2019-02-01 20:00:00,2,2019-02-01 21:00:00,0.13592,0.13592,0.13592,0.0,0.05,405.12490621366493,-0.0,0.0,0.0,405.12490621366493,405.12490621366493,0.0,1.0
765,2019-02-01 21:00:00,2,2019-02-01 22:00:00,0.10531,0.10531,0.10531,0.0,0.05,281.16884381236866,-0.0,0.0,0.0,281.16884381236866,281.16884381236866,0.0,1.0
766,2019-02-01 22:00:00,2,2019-02-01 23:00:00,0.10531,0.10531,0.10531,0.0,0.05,172.9172871331464,-0.0,0.0,0.0,172.9172871331464,172.9172871331464,0.0,0.0
767,2019-02-01 23:00:00,2,2019-02-02 00:00:00,0.10531,0.10531,0.10531,0.0,0.05,244.4896424724644,-0.0,0.0,0.0,244.4896424724644,244.4896424724644,0.0,0.0
768,2019-02-02 00:00:00,2,2019-02-02 01:00:00,0.10531,0.10531,0.10531,0.0,0.05,181.65467983076678,-0.0,0.0,0.0,181.65467983076678,181.65467983076678,0.0,0.0
769,2019-02-02 01:00:00,2,2019-02-02 02:00:00,0.10531,0.10531,0.10531,0.0,0.05,166.55417787110136,-0.0,0.0,0.0,166.55417787110136,166.55417787110136,0.0,0.0
770,2019-02-02 02:00:00,2,2019-02-02 03:00:00,0.10531,0.10531,0.10531,0.0,0.05,165.74230684801157,-0.0,0.0,0.0,165.74230684801157,165.74230684801157,0.0,0.0
771,2019-02-02 03:00:00,2,2019-02-02 04:00:00,0.10531,0.10531,0.10531,0.0,0.05,165.0563101279086,-0.0,0.0,0.0,165.0563101279086,165.0563101279086,0.0,0.0
772,2019-02-02 04:00:00,2,2019-02-02 05:00:00,0.10531,0.10531,0.10531,0.0,0.05,178.31177741109917,-0.0,0.0,0.0,178.31177741109917,178.31177741109917,0.0,0.0
773,2019-02-02 05:00:00,2,2019-02-02 06:00:00,0.10531,0.10531,0.10531,0.0,0.05,177.10000392691353,-172.74688378070945,0.0,0.0,349.84688770762295,349.84688770762295,0.0,1.0
774,2019-02-02 06:00:00,2,2019-02-02 07:00:00,0.10531,0.10531,0.10531,0.0,0.3148785551304212,273.71176123996565,-197.2220859199445,0.0,0.0,470.93384715991016,470.93384715991016,0.0,1.0
775,2019-02-02 07:00:00,2,2019-02-02 08:00:00,0.10531,0.10531,0.10531,0.0,0.6172857535410028,265.59757649719876,-205.3362706627114,0.0,0.0,470.93384715991016,470.93384715991016,0.0,1.0
776,2019-02-02 08:00:00,2,2019-02-02 09:00:00,0.10531,0.10531,0.10531,0.0,0.9321347018904936,426.67387013197117,-44.25997702793899,0.0,0.0,470.93384715991016,470.93384715991016,0.0,1.0
777,2019-02-02 09:00:00,2,2019-02-02 10:00:00,0.10531,0.10531,0.10531,0.0,1.0,490.1244657039735,-0.0,19.19061854406334,0.0,470.93384715991016,470.93384715991016,0.0,0.0
778,2019-02-02 10:00:00,2,2019-02-02 11:00:00,0.10531,0.10531,0.10531,0.0,0.9652343866955374,480.46188374848543,-0.0,9.528036588575276,0.0,470.93384715991016,470.93384715991016,0.0,0.0
779,2019-02-02 11:00:00,2,2019-02-02 12:00:00,0.10531,0.10531,0.10531,0.0,0.9479734508466692,553.3809208177538,-0.0,82.44707365784365,0.0,470.93384715991016,470.93384715991016,0.0,0.0
780,2019-02-02 12:00:00,2,2019-02-02 13:00:00,0.10531,0.10531,0.10531,0.0,0.7986128101621698,533.9369562477647,-0.0,63.00310908785451,0.0,470.93384715991016,470.93384715991016,0.0,0.0
781,2019-02-02 13:00:00,2,2019-02-02 14:00:00,0.10531,0.10531,0.10531,0.0,0.6844767429740276,534.8550183435748,-0.0,63.921171183664626,0.0,470.93384715991016,470.93384715991016,0.0,0.0
782,2019-02-02 14:00:00,2,2019-02-02 15:00:00,0.10531,0.10531,0.10531,0.0,0.5686775198152149,525.9061241815323,-0.0,54.97227702162212,0.0,470.93384715991016,470.93384715991016,0.0,0.0
783,2019-02-02 15:00:00,2,2019-02-02 16:00:00,0.10531,0.10531,0.10531,0.0,0.46909006144271104,516.1854469346978,-0.0,45.25159977478762,0.0,470.93384715991016,470.93384715991016,0.0,0.0
784,2019-02-02 16:00:00,2,2019-02-02 17:00:00,0.13592,0.13592,0.13592,0.0,0.38711252561882037,512.0798623144489,-0.0,41.1460151545387,0.0,470.93384715991016,470.93384715991016,0.0,0.0
785,2019-02-02 17:00:00,2,2019-02-02 18:00:00,0.13592,0.13592,0.13592,0.0,0.31257264309248217,526.3071924215618,-0.0,55.37334526165165,0.0,470.93384715991016,470.93384715991016,0.0,0.0
786,2019-02-02 18:00:00,2,2019-02-02 19:00:00,0.13592,0.13592,0.13592,0.0,0.21225861182137412,519.9317404285284,-0.0,72.6826694746786,0.0,447.2490709538498,447.2490709538498,0.0,0.0
787,2019-02-02 19:00:00,2,2019-02-02 20:00:00,0.13592,0.13592,0.13592,0.0,0.08058710914985494,487.8179314106301,-0.0,16.884084250719923,0.0,470.93384715991016,470.93384715991016,0.0,0.0
788,2019-02-02 20:00:00,2,2019-02-02 21:00:00,0.13592,0.13592,0.13592,0.0,0.05,431.3348334671846,-0.0,0.0,0.0,431.3348334671846,431.3348334671846,0.0,1.0
789,2019-02-02 21:00:00,2,2019-02-02 22:00:00,0.10531,0.10531,0.10531,0.0,0.05,308.1342281939124,-141.15474296147127,0.0,0.0,449.28897115538365,449.28897115538365,0.0,1.0
790,2019-02-02 22:00:00,2,2019-02-02 23:00:00,0.10531,0.10531,0.10531,0.0,0.26643727254092264,205.21225668160824,-0.0,0.0,0.0,205.21225668160824,205.21225668160824,0.0,0.0
791,2019-02-02 23:00:00,2,2019-02-03 00:00:00,0.10531,0.10531,0.10531,0.0,0.26643727254092264,274.64154947674103,-0.0,0.0,0.0,274.64154947674103,274.64154947674103,0.0,1.0
792,2019-02-03 00:00:00,2,2019-02-03 01:00:00,0.10531,0.10531,0.10531,0.0,0.26643727254092264,215.29265451936848,-0.0,0.0,0.0,215.29265451936848,215.29265451936848,0.0,0.0
793,2019-02-03 01:00:00,2,2019-02-03 02:00:00,0.10531,0.10531,0.10531,0.0,0.26643727254092264,197.9034456071899,-0.0,0.0,0.0,197.9034456071899,197.9034456071899,0.0,0.0
794,2019-02-03 02:00:00,2,2019-02-03 03:00:00,0.10531,0.10531,0.10531,0.0,0.26643727254092264,195.2183133181904,-0.0,0.0,0.0,195.2183133181904,195.2183133181904,0.0,0.0
795,2019-02-03 03:00:00,2,2019-02-03 04:00:00,0.10531,0.10531,0.10531,0.0,0.26643727254092264,192.90363051671028,-0.0,0.0,0.0,192.90363051671028,192.90363051671028,0.0,0.0
796,2019-02-03 04:00:00,2,2019-02-03 05:00:00,0.10531,0.10531,0.10531,0.0,0.26643727254092264,237.3904346712957,-82.63130047029532,0.0,0.0,320.021735141591,320.021735141591,0.0,1.0
797,2019-02-03 05:00:00,2,2019-02-03 06:00:00,0.10531,0.10531,0.10531,0.0,0.3931385999287088,235.8418465555025,-235.09200060440764,0.0,0.0,470.93384715991016,470.93384715991016,0.0,1.0
798,2019-02-03 06:00:00,2,2019-02-03 07:00:00,0.10531,0.10531,0.10531,0.0,0.7536130008554672,329.4555217566583,-0.0,0.0,0.0,329.4555217566583,329.4555217566583,0.0,0.0
799,2019-02-03 07:00:00,2,2019-02-03 08:00:00,0.10531,0.10531,0.10531,0.0,0.7536130008554672,310.24667380478013,-160.68717335513003,0.0,0.0,470.93384715991016,470.93384715991016,0.0,1.0
800,2019-02-03 08:00:00,2,2019-02-03 09:00:00,0.10531,0.10531,0.10531,0.0,1.0,446.9069648469851,-0.0,0.0,0.0,446.9069648469851,446.9069648469851,0.0,0.0
801,2019-02-03 09:00:00,2,2019-02-03 10:00:00,0.10531,0.10531,0.10531,0.0,1.0,501.6514361990486,-0.0,30.71758903913843,0.0,470.93384715991016,470.93384715991016,0.0,0.0
802,2019-02-03 10:00:00,2,2019-02-03 11:00:00,0.10531,0.10531,0.10531,0.0,0.9443521937696766,482.08719337133755,-0.0,11.15334621142739,0.0,470.93384715991016,470.93384715991016,0.0,0.0
803,2019-02-03 11:00:00,2,2019-02-03 12:00:00,0.10531,0.10531,0.10531,0.0,0.9241468564301344,548.5362863519337,-0.0,77.6024391920235,0.0,470.93384715991016,470.93384715991016,0.0,0.0
804,2019-02-03 12:00:00,2,2019-02-03 13:00:00,0.10531,0.10531,0.10531,0.0,0.7835627274590774,519.5636677545679,-0.0,48.6298205946577,0.0,470.93384715991016,470.93384715991016,0.0,0.0
805,2019-02-03 13:00:00,2,2019-02-03 14:00:00,0.10531,0.10531,0.10531,0.0,0.6954652263817989,518.139553453935,-0.0,47.20570629402488,0.0,470.93384715991016,470.93384715991016,0.0,0.0
806,2019-02-03 14:00:00,2,2019-02-03 15:00:00,0.10531,0.10531,0.10531,0.0,0.6099476425158118,509.45240317558813,-0.0,38.51855601567797,0.0,470.93384715991016,470.93384715991016,0.0,0.0
807,2019-02-03 15:00:00,2,2019-02-03 16:00:00,0.10531,0.10531,0.10531,0.0,0.5401676497337865,502.04673895858645,-0.0,31.112891798676287,0.0,470.93384715991016,470.93384715991016,0.0,0.0
808,2019-02-03 16:00:00,2,2019-02-03 17:00:00,0.13592,0.13592,0.13592,0.0,0.48380371531589467,501.7681870071157,-0.0,30.83433984720557,0.0,470.93384715991016,470.93384715991016,0.0,0.0
809,2019-02-03 17:00:00,2,2019-02-03 18:00:00,0.13592,0.13592,0.13592,0.0,0.4279444039984933,521.0555702955365,-0.0,50.12172313562638,0.0,470.93384715991016,470.93384715991016,0.0,0.0
810,2019-02-03 18:00:00,2,2019-02-03 19:00:00,0.13592,0.13592,0.13592,0.0,0.33714418092670634,520.7093669440823,-0.0,49.775519784172104,0.0,470.93384715991016,470.93384715991016,0.0,0.0
811,2019-02-03 19:00:00,2,2019-02-03 20:00:00,0.13592,0.13592,0.13592,0.0,0.24697113783943805,478.5581929161421,-0.0,108.72806808736982,0.0,369.8301248287723,369.8301248287723,0.0,0.0
812,2019-02-03 20:00:00,2,2019-02-03 21:00:00,0.13592,0.13592,0.13592,0.0,0.05,423.6966214618622,-0.0,0.0,0.0,423.6966214618622,423.6966214618622,0.0,1.0
813,2019-02-03 21:00:00,2,2019-02-03 22:00:00,0.10531,0.10531,0.10531,0.0,0.05,302.48746031602576,-111.82144389930542,0.0,0.0,414.3089042153312,414.3089042153312,0.0,1.0
814,2019-02-03 22:00:00,2,2019-02-03 23:00:00,0.10531,0.10531,0.10531,0.0,0.22145954731226833,209.43362201946613,-0.0,0.0,0.0,209.43362201946613,209.43362201946613,0.0,0.0
815,2019-02-03 23:00:00,2,2019-02-04 00:00:00,0.10531,0.10531,0.10531,0.0,0.22145954731226833,278.1137163789297,-0.0,0.0,0.0,278.1137163789297,278.1137163789297,0.0,1.0
816,2019-02-04 00:00:00,2,2019-02-04 01:00:00,0.10531,0.10531,0.10531,0.0,0.22145954731226833,214.21287315213772,-0.0,0.0,0.0,214.21287315213772,214.21287315213772,0.0,0.0
817,2019-02-04 01:00:00,2,2019-02-04 02:00:00,0.10531,0.10531,0.10531,0.0,0.22145954731226833,195.82714261859056,-0.0,0.0,0.0,195.82714261859056,195.82714261859056,0.0,0.0
818,2019-02-04 02:00:00,2,2019-02-04 03:00:00,0.10531,0.10531,0.10531,0.0,0.22145954731226833,192.5687619359174,-0.0,0.0,0.0,192.5687619359174,192.5687619359174,0.0,0.0
819,2019-02-04 03:00:00,2,2019-02-04 04:00:00,0.10531,0.10531,0.10531,0.0,0.22145954731226833,189.98496799553715,-0.0,0.0,0.0,189.98496799553715,189.98496799553715,0.0,0.0
820,2019-02-04 04:00:00,2,2019-02-04 05:00:00,0.10531,0.10531,0.10531,0.0,0.22145954731226833,202.1738061230244,-0.0,0.0,0.0,202.1738061230244,202.1738061230244,0.0,0.0
821,2019-02-04 05:00:00,2,2019-02-04 06:00:00,0.10531,0.10531,0.10531,0.0,0.22145954731226833,199.84445287401465,-18.427187280854255,0.0,0.0,218.27164015486892,218.27164015486892,0.0,1.0
822,2019-02-04 06:00:00,2,2019-02-04 07:00:00,0.10531,0.10531,0.10531,0.0,0.24971456780957818,267.6193171322191,-203.31453002769103,0.0,0.0,470.93384715991016,470.93384715991016,0.0,1.0
823,2019-02-04 07:00:00,2,2019-02-04 08:00:00,0.10531,0.10531,0.10531,0.0,0.5614635138520377,263.2300628522163,-207.70378430769387,0.0,0.0,470.93384715991016,470.93384715991016,0.0,1.0
824,2019-02-04 08:00:00,2,2019-02-04 09:00:00,0.10531,0.10531,0.10531,0.0,0.8799426497905017,392.6355752841504,-78.29827187575978,0.0,0.0,470.93384715991016,470.93384715991016,0.0,1.0
825,2019-02-04 09:00:00,2,2019-02-04 10:00:00,0.10531,0.10531,0.10531,0.0,1.0,434.92741727666964,-0.0,0.0,0.0,434.92741727666964,434.92741727666964,0.0,0.0
826,2019-02-04 10:00:00,2,2019-02-04 11:00:00,0.10531,0.10531,0.10531,0.0,1.0,487.0530862010761,-0.0,16.11923904116594,0.0,470.93384715991016,470.93384715991016,0.0,0.0
827,2019-02-04 11:00:00,2,2019-02-04 12:00:00,0.10531,0.10531,0.10531,0.0,0.9707984799978878,549.4602782351163,-0.0,78.52643107520618,0.0,470.93384715991016,470.93384715991016,0.0,0.0
828,2019-02-04 12:00:00,2,2019-02-04 13:00:00,0.10531,0.10531,0.10531,0.0,0.8285404526877317,513.9243925558582,-0.0,42.990545395948004,0.0,470.93384715991016,470.93384715991016,0.0,0.0
829,2019-02-04 13:00:00,2,2019-02-04 14:00:00,0.10531,0.10531,0.10531,0.0,0.7506590298689854,510.1487922925152,-0.0,39.21494513260507,0.0,470.93384715991016,470.93384715991016,0.0,0.0
830,2019-02-04 14:00:00,2,2019-02-04 15:00:00,0.10531,0.10531,0.10531,0.0,0.6796174625997732,498.34846829417353,-0.0,27.41462113426337,0.0,470.93384715991016,470.93384715991016,0.0,0.0
831,2019-02-04 15:00:00,2,2019-02-04 16:00:00,0.10531,0.10531,0.10531,0.0,0.6299532938782816,485.8857186726736,-0.0,14.951871512763432,0.0,470.93384715991016,470.93384715991016,0.0,0.0
832,2019-02-04 16:00:00,2,2019-02-04 17:00:00,0.13592,0.13592,0.13592,0.0,0.6028665701232754,479.91302016350795,-0.0,8.979173003597793,0.0,470.93384715991016,470.93384715991016,0.0,0.0
833,2019-02-04 17:00:00,2,2019-02-04 18:00:00,0.13592,0.13592,0.13592,0.0,0.5865999523631344,497.7878783688217,-0.0,296.20317370445025,0.0,201.58470466437143,201.58470466437143,0.0,0.0
834,2019-02-04 18:00:00,2,2019-02-04 19:00:00,0.13592,0.13592,0.13592,0.0,0.05,470.0658365389222,-0.0,0.0,0.0,470.0658365389222,470.0658365389222,0.0,0.0
835,2019-02-04 19:00:00,2,2019-02-04 20:00:00,0.13592,0.13592,0.13592,0.0,0.05,376.05529827874267,-0.0,0.0,0.0,376.05529827874267,376.05529827874267,0.0,1.0
836,2019-02-04 20:00:00,2,2019-02-04 21:00:00,0.13592,0.13592,0.13592,0.0,0.05,353.8337737647458,-0.0,0.0,0.0,353.8337737647458,353.8337737647458,0.0,0.0
837,2019-02-04 21:00:00,2,2019-02-04 22:00:00,0.10531,0.10531,0.10531,0.0,0.05,263.1526598894257,-0.0,0.0,0.0,263.1526598894257,263.1526598894257,0.0,1.0
838,2019-02-04 22:00:00,2,2019-02-04 23:00:00,0.10531,0.10531,0.10531,0.0,0.05,183.12950158415865,-0.0,0.0,0.0,183.12950158415865,183.12950158415865,0.0,0.0
839,2019-02-04 23:00:00,2,2019-02-05 00:00:00,0.10531,0.10531,0.10531,0.0,0.05,254.71875406335766,-0.0,0.0,0.0,254.71875406335766,254.71875406335766,0.0,1.0
840,2019-02-05 00:00:00,2,2019-02-05 01:00:00,0.10531,0.10531,0.10531,0.0,0.05,192.83631853410063,-249.64345487605115,0.0,0.0,442.4797734101518,442.4797734101518,0.0,1.0
841,2019-02-05 01:00:00,2,2019-02-05 02:00:00,0.10531,0.10531,0.10531,0.0,0.43278663080994517,177.85268296459654,-0.0,0.0,0.0,177.85268296459654,177.85268296459654,0.0,0.0
842,2019-02-05 02:00:00,2,2019-02-05 03:00:00,0.10531,0.10531,0.10531,0.0,0.43278663080994517,176.49389647247446,-0.0,0.0,0.0,176.49389647247446,176.49389647247446,0.0,0.0
843,2019-02-05 03:00:00,2,2019-02-05 04:00:00,0.10531,0.10531,0.10531,0.0,0.43278663080994517,175.59818006615652,-0.0,0.0,0.0,175.59818006615652,175.59818006615652,0.0,0.0
844,2019-02-05 04:00:00,2,2019-02-05 05:00:00,0.10531,0.10531,0.10531,0.0,0.43278663080994517,188.88440376477212,-0.0,0.0,0.0,188.88440376477212,188.88440376477212,0.0,0.0
845,2019-02-05 05:00:00,2,2019-02-05 06:00:00,0.10531,0.10531,0.10531,0.0,0.43278663080994517,187.65063774671785,-0.0,0.0,0.0,187.65063774671785,187.65063774671785,0.0,0.0
846,2019-02-05 06:00:00,2,2019-02-05 07:00:00,0.10531,0.10531,0.10531,0.0,0.43278663080994517,258.13314742288753,-0.0,0.0,0.0,258.13314742288753,258.13314742288753,0.0,1.0
847,2019-02-05 07:00:00,2,2019-02-05 08:00:00,0.10531,0.10531,0.10531,0.0,0.43278663080994517,254.94321511404675,-187.53655829610503,0.0,0.0,442.4797734101518,442.4797734101518,0.0,1.0
848,2019-02-05 08:00:00,2,2019-02-05 09:00:00,0.10531,0.10531,0.10531,0.0,0.7203426868639727,328.0975176914897,-0.0,0.0,0.0,328.0975176914897,328.0975176914897,0.0,0.0
849,2019-02-05 09:00:00,2,2019-02-05 10:00:00,0.10531,0.10531,0.10531,0.0,0.7203426868639727,276.7070845518604,-165.77268885829136,0.0,0.0,442.4797734101518,442.4797734101518,0.0,1.0
850,2019-02-05 10:00:00,2,2019-02-05 11:00:00,0.10531,0.10531,0.10531,0.0,0.9745274764466862,349.2063923414927,-0.0,0.0,0.0,349.2063923414927,349.2063923414927,0.0,0.0
851,2019-02-05 11:00:00,2,2019-02-05 12:00:00,0.10531,0.10531,0.10531,0.0,0.9745274764466862,411.8064136066423,-0.0,0.0,0.0,411.8064136066423,411.8064136066423,0.0,0.0
852,2019-02-05 12:00:00,2,2019-02-05 13:00:00,0.10531,0.10531,0.10531,0.0,0.9745274764466862,430.438576822725,-0.0,0.0,0.0,430.438576822725,430.438576822725,0.0,1.0
853,2019-02-05 13:00:00,2,2019-02-05 14:00:00,0.10531,0.10531,0.10531,0.0,0.9745274764466862,425.867258049295,-16.61251536085677,0.0,0.0,442.4797734101518,442.4797734101518,0.0,1.0
854,2019-02-05 14:00:00,2,2019-02-05 15:00:00,0.10531,0.10531,0.10531,0.0,1.0,415.24885438609977,-0.0,0.0,0.0,415.24885438609977,415.24885438609977,0.0,1.0
855,2019-02-05 15:00:00,2,2019-02-05 16:00:00,0.10531,0.10531,0.10531,0.0,1.0,404.94939512223476,-0.0,0.0,0.0,404.94939512223476,404.94939512223476,0.0,0.0
856,2019-02-05 16:00:00,2,2019-02-05 17:00:00,0.13592,0.13592,0.13592,0.0,1.0,402.4440318281953,-0.0,0.0,0.0,402.4440318281953,402.4440318281953,0.0,1.0
857,2019-02-05 17:00:00,2,2019-02-05 18:00:00,0.13592,0.13592,0.13592,0.0,1.0,363.2896996478889,-0.0,0.0,0.0,363.2896996478889,363.2896996478889,0.0,1.0
858,2019-02-05 18:00:00,2,2019-02-05 19:00:00,0.13592,0.13592,0.13592,0.0,1.0,380.9939410155226,-0.0,224.39999999999998,0.0,156.5939410155226,156.5939410155226,0.0,0.0
859,2019-02-05 19:00:00,2,2019-02-05 20:00:00,0.13592,0.13592,0.13592,0.0,0.5934782608695653,341.27949237565525,-0.0,300.00000000000006,0.0,41.279492375655195,41.279492375655195,0.0,0.0
860,2019-02-05 20:00:00,2,2019-02-05 21:00:00,0.13592,0.13592,0.13592,0.0,0.05,321.666257868559,-0.0,0.0,0.0,321.666257868559,321.666257868559,0.0,1.0
861,2019-02-05 21:00:00,2,2019-02-05 22:00:00,0.10531,0.10531,0.10531,0.0,0.05,289.5159831941389,-114.29326282546734,0.0,0.0,403.80924601960623,403.80924601960623,0.0,1.0
862,2019-02-05 22:00:00,2,2019-02-05 23:00:00,0.10531,0.10531,0.10531,0.0,0.22524966966571658,178.8425420334411,-0.0,0.0,0.0,178.8425420334411,178.8425420334411,0.0,0.0
863,2019-02-05 23:00:00,2,2019-02-06 00:00:00,0.10531,0.10531,0.10531,0.0,0.22524966966571658,250.67501692857073,-0.0,0.0,0.0,250.67501692857073,250.67501692857073,0.0,0.0
864,2019-02-06 00:00:00,2,2019-02-06 01:00:00,0.10531,0.10531,0.10531,0.0,0.22524966966571658,191.18750633044547,-0.0,0.0,0.0,191.18750633044547,191.18750633044547,0.0,0.0
865,2019-02-06 01:00:00,2,2019-02-06 02:00:00,0.10531,0.10531,0.10531,0.0,0.22524966966571658,175.3691505118813,-0.0,0.0,0.0,175.3691505118813,175.3691505118813,0.0,0.0
866,2019-02-06 02:00:00,2,2019-02-06 03:00:00,0.10531,0.10531,0.10531,0.0,0.22524966966571658,172.92990909526733,-0.0,0.0,0.0,172.92990909526733,172.92990909526733,0.0,0.0
867,2019-02-06 03:00:00,2,2019-02-06 04:00:00,0.10531,0.10531,0.10531,0.0,0.22524966966571658,171.09304690919905,-0.0,0.0,0.0,171.09304690919905,171.09304690919905,0.0,0.0
868,2019-02-06 04:00:00,2,2019-02-06 05:00:00,0.10531,0.10531,0.10531,0.0,0.22524966966571658,197.13474714297976,-115.83920086069081,0.0,0.0,312.97394800367056,312.97394800367056,0.0,1.0
869,2019-02-06 05:00:00,2,2019-02-06 06:00:00,0.10531,0.10531,0.10531,0.0,0.4028697776521092,197.21103495514984,-0.0,0.0,0.0,197.21103495514984,197.21103495514984,0.0,0.0
870,2019-02-06 06:00:00,2,2019-02-06 07:00:00,0.10531,0.10531,0.10531,0.0,0.4028697776521092,278.95441130380874,-191.97943585610142,0.0,0.0,470.93384715991016,470.93384715991016,0.0,1.0
871,2019-02-06 07:00:00,2,2019-02-06 08:00:00,0.10531,0.10531,0.10531,0.0,0.697238245964798,273.4805293108654,-197.45331784904477,0.0,0.0,470.93384715991016,470.93384715991016,0.0,1.0
872,2019-02-06 08:00:00,2,2019-02-06 09:00:00,0.10531,0.10531,0.10531,0.0,1.0,434.50030509465273,-0.0,0.0,0.0,434.50030509465273,434.50030509465273,0.0,0.0
873,2019-02-06 09:00:00,2,2019-02-06 10:00:00,0.10531,0.10531,0.10531,0.0,1.0,492.4086795719213,-0.0,21.474832412011153,0.0,470.93384715991016,470.93384715991016,0.0,0.0
874,2019-02-06 10:00:00,2,2019-02-06 11:00:00,0.10531,0.10531,0.10531,0.0,0.9610963180941826,476.9060210302923,-0.0,5.972173870382164,0.0,470.93384715991016,470.93384715991016,0.0,0.0
875,2019-02-06 11:00:00,2,2019-02-06 12:00:00,0.10531,0.10531,0.10531,0.0,0.9502771625318961,540.2246585329924,-0.0,69.29081137308225,0.0,470.93384715991016,470.93384715991016,0.0,0.0
876,2019-02-06 12:00:00,2,2019-02-06 13:00:00,0.10531,0.10531,0.10531,0.0,0.8247503303342834,503.1330744049744,-0.0,32.199227245064264,0.0,470.93384715991016,470.93384715991016,0.0,0.0
877,2019-02-06 13:00:00,2,2019-02-06 14:00:00,0.10531,0.10531,0.10531,0.0,0.7664183969193118,491.3375815868636,-0.0,20.403734426953463,0.0,470.93384715991016,470.93384715991016,0.0,0.0
878,2019-02-06 14:00:00,2,2019-02-06 15:00:00,0.10531,0.10531,0.10531,0.0,0.7294551099139613,479.76722283975243,-0.0,8.833375679842277,0.0,470.93384715991016,470.93384715991016,0.0,0.0
879,2019-02-06 15:00:00,2,2019-02-06 16:00:00,0.10531,0.10531,0.10531,0.0,0.713452617740334,472.5759832837896,-0.0,1.6421361238794248,0.0,470.93384715991016,470.93384715991016,0.0,0.0
880,2019-02-06 16:00:00,2,2019-02-06 17:00:00,0.13592,0.13592,0.13592,0.0,0.7104777334579437,472.3319668830698,-0.0,25.847695683778714,0.0,446.4842711992911,446.4842711992911,0.0,0.0
881,2019-02-06 17:00:00,2,2019-02-06 18:00:00,0.13592,0.13592,0.13592,0.0,0.6636521977989244,485.4631431623162,-0.0,14.529296002406056,0.0,470.93384715991016,470.93384715991016,0.0,0.0
882,2019-02-06 18:00:00,2,2019-02-06 19:00:00,0.13592,0.13592,0.13592,0.0,0.6373310093887684,495.14056434251034,-0.0,24.206717182600187,0.0,470.93384715991016,470.93384715991016,0.0,0.0
883,2019-02-06 19:00:00,2,2019-02-06 20:00:00,0.13592,0.13592,0.13592,0.0,0.5934782608695652,463.2167964486032,-0.0,300.0,0.0,163.2167964486032,163.2167964486032,0.0,0.0
884,2019-02-06 20:00:00,2,2019-02-06 21:00:00,0.13592,0.13592,0.13592,0.0,0.05,409.1611364343719,-0.0,0.0,0.0,409.1611364343719,409.1611364343719,0.0,1.0
885,2019-02-06 21:00:00,2,2019-02-06 22:00:00,0.10531,0.10531,0.10531,0.0,0.05,288.1586693337771,-0.0,0.0,0.0,288.1586693337771,288.1586693337771,0.0,1.0
886,2019-02-06 22:00:00,2,2019-02-06 23:00:00,0.10531,0.10531,0.10531,0.0,0.05,182.81435680404041,-0.0,0.0,0.0,182.81435680404041,182.81435680404041,0.0,0.0
887,2019-02-06 23:00:00,2,2019-02-07 00:00:00,0.10531,0.10531,0.10531,0.0,0.05,255.09952812180563,-0.0,0.0,0.0,255.09952812180563,255.09952812180563,0.0,1.0
888,2019-02-07 00:00:00,2,2019-02-07 01:00:00,0.10531,0.10531,0.10531,0.0,0.05,192.53727032109555,-0.0,0.0,0.0,192.53727032109555,192.53727032109555,0.0,0.0
889,2019-02-07 01:00:00,2,2019-02-07 02:00:00,0.10531,0.10531,0.10531,0.0,0.05,177.37651632629624,-0.0,0.0,0.0,177.37651632629624,177.37651632629624,0.0,0.0
890,2019-02-07 02:00:00,2,2019-02-07 03:00:00,0.10531,0.10531,0.10531,0.0,0.05,176.05018409920928,-0.0,0.0,0.0,176.05018409920928,176.05018409920928,0.0,0.0
891,2019-02-07 03:00:00,2,2019-02-07 04:00:00,0.10531,0.10531,0.10531,0.0,0.05,175.31247494074756,-46.817031335780875,0.0,0.0,222.12950627652845,222.12950627652845,0.0,1.0
892,2019-02-07 04:00:00,2,2019-02-07 05:00:00,0.10531,0.10531,0.10531,0.0,0.121786114714864,221.51659168266482,-0.0,0.0,0.0,221.51659168266482,221.51659168266482,0.0,0.0
893,2019-02-07 05:00:00,2,2019-02-07 06:00:00,0.10531,0.10531,0.10531,0.0,0.121786114714864,221.58543534975982,-249.34841181015034,0.0,0.0,470.93384715991016,470.93384715991016,0.0,1.0
894,2019-02-07 06:00:00,2,2019-02-07 07:00:00,0.10531,0.10531,0.10531,0.0,0.5041203461570946,318.35314405896213,-152.58070310094803,0.0,0.0,470.93384715991016,470.93384715991016,0.0,1.0
895,2019-02-07 07:00:00,2,2019-02-07 08:00:00,0.10531,0.10531,0.10531,0.0,0.7380774242452148,300.1147760154851,-170.81907114442504,0.0,0.0,470.93384715991016,470.93384715991016,0.0,1.0
896,2019-02-07 08:00:00,2,2019-02-07 09:00:00,0.10531,0.10531,0.10531,0.0,1.0,442.0379740323042,-0.0,0.0,0.0,442.0379740323042,442.0379740323042,0.0,0.0
897,2019-02-07 09:00:00,2,2019-02-07 10:00:00,0.10531,0.10531,0.10531,0.0,1.0,501.861989724665,-0.0,30.928142564754864,0.0,470.93384715991016,470.93384715991016,0.0,0.0
898,2019-02-07 10:00:00,2,2019-02-07 11:00:00,0.10531,0.10531,0.10531,0.0,0.9439707562232701,486.70904414741494,-0.0,15.775196987504785,0.0,470.93384715991016,470.93384715991016,0.0,0.0
899,2019-02-07 11:00:00,2,2019-02-07 12:00:00,0.10531,0.10531,0.10531,0.0,0.9153925008111238,551.6544251242238,-0.0,80.72057796431369,0.0,470.93384715991016,470.93384715991016,0.0,0.0
900,2019-02-07 12:00:00,2,2019-02-07 13:00:00,0.10531,0.10531,0.10531,0.0,0.7691595697163526,519.009968895241,-0.0,48.07612173533079,0.0,470.93384715991016,470.93384715991016,0.0,0.0
901,2019-02-07 13:00:00,2,2019-02-07 14:00:00,0.10531,0.10531,0.10531,0.0,0.6820651462827823,519.8733237333059,-0.0,48.93947657339578,0.0,470.93384715991016,470.93384715991016,0.0,0.0
902,2019-02-07 14:00:00,2,2019-02-07 15:00:00,0.10531,0.10531,0.10531,0.0,0.5934066742295291,517.0189470332282,-0.0,46.08509987331803,0.0,470.93384715991016,470.93384715991016,0.0,0.0
903,2019-02-07 15:00:00,2,2019-02-07 16:00:00,0.10531,0.10531,0.10531,0.0,0.5099191744590255,515.0983257104522,-0.0,44.164478550542015,0.0,470.93384715991016,470.93384715991016,0.0,0.0
904,2019-02-07 16:00:00,2,2019-02-07 17:00:00,0.13592,0.13592,0.13592,0.0,0.4299110611428262,514.4658363726944,-0.0,87.57423067379088,0.0,426.8916056989035,426.8916056989035,0.0,0.0
905,2019-02-07 17:00:00,2,2019-02-07 18:00:00,0.13592,0.13592,0.13592,0.0,0.2712620925308862,523.868082310243,-0.0,52.93423515033288,0.0,470.93384715991016,470.93384715991016,0.0,0.0
906,2019-02-07 18:00:00,2,2019-02-07 19:00:00,0.13592,0.13592,0.13592,0.0,0.17536673899767444,527.4419199448914,-0.0,56.508072784981266,0.0,470.93384715991016,470.93384715991016,0.0,0.0
907,2019-02-07 19:00:00,2,2019-02-07 20:00:00,0.13592,0.13592,0.13592,0.0,0.07299704192343302,483.6282143016452,-0.0,12.694367141735029,0.0,470.93384715991016,470.93384715991016,0.0,0.0
908,2019-02-07 20:00:00,2,2019-02-07 21:00:00,0.13592,0.13592,0.13592,0.0,0.05,427.4248590251293,-0.0,0.0,0.0,427.4248590251293,427.4248590251293,0.0,1.0
909,2019-02-07 21:00:00,2,2019-02-07 22:00:00,0.10531,0.10531,0.10531,0.0,0.05,305.31024307179297,-0.0,0.0,0.0,305.31024307179297,305.31024307179297,0.0,1.0
910,2019-02-07 22:00:00,2,2019-02-07 23:00:00,0.10531,0.10531,0.10531,0.0,0.05,210.9529238716513,-0.0,0.0,0.0,210.9529238716513,210.9529238716513,0.0,0.0
911,2019-02-07 23:00:00,2,2019-02-08 00:00:00,0.10531,0.10531,0.10531,0.0,0.05,279.4730635039685,-0.0,0.0,0.0,279.4730635039685,279.4730635039685,0.0,1.0
912,2019-02-08 00:00:00,2,2019-02-08 01:00:00,0.10531,0.10531,0.10531,0.0,0.05,219.4053108931514,-0.0,0.0,0.0,219.4053108931514,219.4053108931514,0.0,0.0
913,2019-02-08 01:00:00,2,2019-02-08 02:00:00,0.10531,0.10531,0.10531,0.0,0.05,201.15867295788456,-0.0,0.0,0.0,201.15867295788456,201.15867295788456,0.0,0.0
914,2019-02-08 02:00:00,2,2019-02-08 03:00:00,0.10531,0.10531,0.10531,0.0,0.05,197.16958053679642,-0.0,0.0,0.0,197.16958053679642,197.16958053679642,0.0,0.0
915,2019-02-08 03:00:00,2,2019-02-08 04:00:00,0.10531,0.10531,0.10531,0.0,0.05,193.40762751146718,-0.0,0.0,0.0,193.40762751146718,193.40762751146718,0.0,0.0
916,2019-02-08 04:00:00,2,2019-02-08 05:00:00,0.10531,0.10531,0.10531,0.0,0.05,203.49547971090394,-0.0,0.0,0.0,203.49547971090394,203.49547971090394,0.0,0.0
917,2019-02-08 05:00:00,2,2019-02-08 06:00:00,0.10531,0.10531,0.10531,0.0,0.05,200.5529258080937,-239.73530963562064,0.0,0.0,440.28823544371437,440.28823544371437,0.0,1.0
918,2019-02-08 06:00:00,2,2019-02-08 07:00:00,0.10531,0.10531,0.10531,0.0,0.417594141441285,290.9134889092516,-196.25925419625304,0.0,0.0,487.17274310550465,487.17274310550465,0.0,1.0
919,2019-02-08 07:00:00,2,2019-02-08 08:00:00,0.10531,0.10531,0.10531,0.0,0.7185249978755397,303.602089546074,-183.57065355943064,0.0,0.0,487.17274310550465,487.17274310550465,0.0,1.0
920,2019-02-08 08:00:00,2,2019-02-08 09:00:00,0.10531,0.10531,0.10531,0.0,1.0,466.1237249579671,-0.0,0.0,0.0,466.1237249579671,466.1237249579671,0.0,1.0
921,2019-02-08 09:00:00,2,2019-02-08 10:00:00,0.10531,0.10531,0.10531,0.0,1.0,528.4636480711733,-0.0,41.29090496566869,0.0,487.17274310550465,487.17274310550465,0.0,0.0
922,2019-02-08 10:00:00,2,2019-02-08 11:00:00,0.10531,0.10531,0.10531,0.0,0.9251976359317596,516.9434642472961,-0.0,29.770721141791455,0.0,487.17274310550465,487.17274310550465,0.0,0.0
923,2019-02-08 11:00:00,2,2019-02-08 12:00:00,0.10531,0.10531,0.10531,0.0,0.8712651700951805,575.0951826346544,-0.0,87.92243952914976,0.0,487.17274310550465,487.17274310550465,0.0,0.0
924,2019-02-08 12:00:00,2,2019-02-08 13:00:00,0.10531,0.10531,0.10531,0.0,0.7119853883394743,545.0054850413102,-0.0,57.83274193580555,0.0,487.17274310550465,487.17274310550465,0.0,0.0
925,2019-02-08 13:00:00,2,2019-02-08 14:00:00,0.10531,0.10531,0.10531,0.0,0.6072159283108411,543.0976164841039,-0.0,55.92487337859927,0.0,487.17274310550465,487.17274310550465,0.0,0.0
926,2019-02-08 14:00:00,2,2019-02-08 15:00:00,0.10531,0.10531,0.10531,0.0,0.5059027519003352,532.5191097059546,-0.0,45.34636660044998,0.0,487.17274310550465,487.17274310550465,0.0,0.0
927,2019-02-08 15:00:00,2,2019-02-08 16:00:00,0.10531,0.10531,0.10531,0.0,0.42375353704444746,524.3861940410713,-0.0,37.2134509355667,0.0,487.17274310550465,487.17274310550465,0.0,0.0
928,2019-02-08 16:00:00,2,2019-02-08 17:00:00,0.13592,0.13592,0.13592,0.0,0.3563378650597254,523.3132056098082,-0.0,36.140462504303514,0.0,487.17274310550465,487.17274310550465,0.0,0.0
929,2019-02-08 17:00:00,2,2019-02-08 18:00:00,0.13592,0.13592,0.13592,0.0,0.29086601269685675,536.099208483613,-0.0,48.92646537810833,0.0,487.17274310550465,487.17274310550465,0.0,0.0
930,2019-02-08 18:00:00,2,2019-02-08 19:00:00,0.13592,0.13592,0.13592,0.0,0.20223111164955904,542.6231643429593,-0.0,55.450421237454634,0.0,487.17274310550465,487.17274310550465,0.0,0.0
931,2019-02-08 19:00:00,2,2019-02-08 20:00:00,0.13592,0.13592,0.13592,0.0,0.10177744998750342,515.7538954986065,-0.0,28.58115239310189,0.0,487.17274310550465,487.17274310550465,0.0,0.0
932,2019-02-08 20:00:00,2,2019-02-08 21:00:00,0.13592,0.13592,0.13592,0.0,0.05,460.98530730672655,-0.0,0.0,0.0,460.98530730672655,460.98530730672655,0.0,1.0
933,2019-02-08 21:00:00,2,2019-02-08 22:00:00,0.10531,0.10531,0.10531,0.0,0.05,331.677122474604,-0.0,0.0,0.0,331.677122474604,331.677122474604,0.0,1.0
934,2019-02-08 22:00:00,2,2019-02-08 23:00:00,0.10531,0.10531,0.10531,0.0,0.05,229.73022342011853,-0.0,0.0,0.0,229.73022342011853,229.73022342011853,0.0,0.0
935,2019-02-08 23:00:00,2,2019-02-09 00:00:00,0.10531,0.10531,0.10531,0.0,0.05,296.3470936110233,-0.0,0.0,0.0,296.3470936110233,296.3470936110233,0.0,1.0
936,2019-02-09 00:00:00,2,2019-02-09 01:00:00,0.10531,0.10531,0.10531,0.0,0.05,236.4533267759873,-0.0,0.0,0.0,236.4533267759873,236.4533267759873,0.0,0.0
937,2019-02-09 01:00:00,2,2019-02-09 02:00:00,0.10531,0.10531,0.10531,0.0,0.05,217.35028538682258,-0.0,0.0,0.0,217.35028538682258,217.35028538682258,0.0,0.0
938,2019-02-09 02:00:00,2,2019-02-09 03:00:00,0.10531,0.10531,0.10531,0.0,0.05,214.53722027561773,-0.0,0.0,0.0,214.53722027561773,214.53722027561773,0.0,0.0
939,2019-02-09 03:00:00,2,2019-02-09 04:00:00,0.10531,0.10531,0.10531,0.0,0.05,211.96101948919082,-0.0,0.0,0.0,211.96101948919082,211.96101948919082,0.0,0.0
940,2019-02-09 04:00:00,2,2019-02-09 05:00:00,0.10531,0.10531,0.10531,0.0,0.05,220.88494231011504,-0.0,0.0,0.0,220.88494231011504,220.88494231011504,0.0,0.0
941,2019-02-09 05:00:00,2,2019-02-09 06:00:00,0.10531,0.10531,0.10531,0.0,0.05,211.87718086510088,-246.64022531131636,0.0,0.0,458.51740617641724,458.51740617641724,0.0,1.0
942,2019-02-09 06:00:00,2,2019-02-09 07:00:00,0.10531,0.10531,0.10531,0.0,0.4281816788106851,294.55323443519427,-192.61950867031038,0.0,0.0,487.17274310550465,487.17274310550465,0.0,1.0
943,2019-02-09 07:00:00,2,2019-02-09 08:00:00,0.10531,0.10531,0.10531,0.0,0.723531592105161,306.86725969582704,-180.3054834096776,0.0,0.0,487.17274310550465,487.17274310550465,0.0,1.0
944,2019-02-09 08:00:00,2,2019-02-09 09:00:00,0.10531,0.10531,0.10531,0.0,1.0,469.5736763821167,-0.0,0.0,0.0,469.5736763821167,469.5736763821167,0.0,1.0
945,2019-02-09 09:00:00,2,2019-02-09 10:00:00,0.10531,0.10531,0.10531,0.0,1.0,531.7494794253737,-0.0,44.57673631986904,0.0,487.17274310550465,487.17274310550465,0.0,0.0
946,2019-02-09 10:00:00,2,2019-02-09 11:00:00,0.10531,0.10531,0.10531,0.0,0.9192450428987878,516.1016618519558,-0.0,28.92891874645113,0.0,487.17274310550465,487.17274310550465,0.0,0.0
947,2019-02-09 11:00:00,2,2019-02-09 12:00:00,0.10531,0.10531,0.10531,0.0,0.8668375814015938,573.2611437514134,-0.0,86.08840064590879,0.0,487.17274310550465,487.17274310550465,0.0,0.0
948,2019-02-09 12:00:00,2,2019-02-09 13:00:00,0.10531,0.10531,0.10531,0.0,0.7108803338546575,541.8524593240926,-0.0,54.67971621858794,0.0,487.17274310550465,487.17274310550465,0.0,0.0
949,2019-02-09 13:00:00,2,2019-02-09 14:00:00,0.10531,0.10531,0.10531,0.0,0.6118228769369257,537.3158483348068,-0.0,50.14310522930214,0.0,487.17274310550465,487.17274310550465,0.0,0.0
950,2019-02-09 14:00:00,2,2019-02-09 15:00:00,0.10531,0.10531,0.10531,0.0,0.52098391818819,525.5145443777482,-0.0,38.341801272243515,0.0,487.17274310550465,487.17274310550465,0.0,0.0
951,2019-02-09 15:00:00,2,2019-02-09 16:00:00,0.10531,0.10531,0.10531,0.0,0.45152413327470536,516.1737403856782,-0.0,29.00099728017358,0.0,487.17274310550465,487.17274310550465,0.0,0.0
952,2019-02-09 16:00:00,2,2019-02-09 17:00:00,0.13592,0.13592,0.13592,0.0,0.39898609472366625,513.0401767843432,-0.0,25.86743367883855,0.0,487.17274310550465,487.17274310550465,0.0,0.0
953,2019-02-09 17:00:00,2,2019-02-09 18:00:00,0.13592,0.13592,0.13592,0.0,0.3521248018272196,525.1735528473718,-0.0,103.41338294093595,0.0,421.7601699064358,421.7601699064358,0.0,0.0
954,2019-02-09 18:00:00,2,2019-02-09 19:00:00,0.13592,0.13592,0.13592,0.0,0.16478171678929218,532.5841107967518,-0.0,45.411367691247165,0.0,487.17274310550465,487.17274310550465,0.0,0.0
955,2019-02-09 19:00:00,2,2019-02-09 20:00:00,0.13592,0.13592,0.13592,0.0,0.08251474633413428,505.1208830819468,-0.0,17.94813997644212,0.0,487.17274310550465,487.17274310550465,0.0,0.0
956,2019-02-09 20:00:00,2,2019-02-09 21:00:00,0.13592,0.13592,0.13592,0.0,0.05,446.737016571991,-0.0,0.0,0.0,446.737016571991,446.737016571991,0.0,1.0
957,2019-02-09 21:00:00,2,2019-02-09 22:00:00,0.10531,0.10531,0.10531,0.0,0.05,317.0479142958793,-147.0365453008119,0.0,0.0,464.0844595966912,464.0844595966912,0.0,1.0
958,2019-02-09 22:00:00,2,2019-02-09 23:00:00,0.10531,0.10531,0.10531,0.0,0.2754560361279116,212.15500397209408,-0.0,0.0,0.0,212.15500397209408,212.15500397209408,0.0,0.0
959,2019-02-09 23:00:00,2,2019-02-10 00:00:00,0.10531,0.10531,0.10531,0.0,0.2754560361279116,279.625178474138,-0.0,0.0,0.0,279.625178474138,279.625178474138,0.0,1.0
960,2019-02-10 00:00:00,2,2019-02-10 01:00:00,0.10531,0.10531,0.10531,0.0,0.2754560361279116,219.45203728496602,-0.0,0.0,0.0,219.45203728496602,219.45203728496602,0.0,0.0
961,2019-02-10 01:00:00,2,2019-02-10 02:00:00,0.10531,0.10531,0.10531,0.0,0.2754560361279116,201.57428989516848,-0.0,0.0,0.0,201.57428989516848,201.57428989516848,0.0,0.0
962,2019-02-10 02:00:00,2,2019-02-10 03:00:00,0.10531,0.10531,0.10531,0.0,0.2754560361279116,197.731907473424,-0.0,0.0,0.0,197.731907473424,197.731907473424,0.0,0.0
963,2019-02-10 03:00:00,2,2019-02-10 04:00:00,0.10531,0.10531,0.10531,0.0,0.2754560361279116,193.9407330296313,-0.0,0.0,0.0,193.9407330296313,193.9407330296313,0.0,0.0
964,2019-02-10 04:00:00,2,2019-02-10 05:00:00,0.10531,0.10531,0.10531,0.0,0.2754560361279116,237.17891308919394,-0.0,0.0,0.0,237.17891308919394,237.17891308919394,0.0,0.0
965,2019-02-10 05:00:00,2,2019-02-10 06:00:00,0.10531,0.10531,0.10531,0.0,0.2754560361279116,235.25021749808775,-251.9225256074169,0.0,0.0,487.17274310550465,487.17274310550465,0.0,1.0
966,2019-02-10 06:00:00,2,2019-02-10 07:00:00,0.10531,0.10531,0.10531,0.0,0.6617372420592842,321.8466325462788,-165.32611055922587,0.0,0.0,487.17274310550465,487.17274310550465,0.0,1.0
967,2019-02-10 07:00:00,2,2019-02-10 08:00:00,0.10531,0.10531,0.10531,0.0,0.9152372782500972,309.66471351592224,-55.28003592384965,0.0,0.0,364.9447494397719,364.9447494397719,0.0,1.0
968,2019-02-10 08:00:00,2,2019-02-10 09:00:00,0.10531,0.10531,0.10531,0.0,1.0,449.37188438686087,-0.0,0.0,0.0,449.37188438686087,449.37188438686087,0.0,0.0
969,2019-02-10 09:00:00,2,2019-02-10 10:00:00,0.10531,0.10531,0.10531,0.0,1.0,512.7555216218835,-0.0,25.58277851637888,0.0,487.17274310550465,487.17274310550465,0.0,0.0
970,2019-02-10 10:00:00,2,2019-02-10 11:00:00,0.10531,0.10531,0.10531,0.0,0.9536543867456904,502.64570303942213,-0.0,15.47295993391748,0.0,487.17274310550465,487.17274310550465,0.0,0.0
971,2019-02-10 11:00:00,2,2019-02-10 12:00:00,0.10531,0.10531,0.10531,0.0,0.9256236622277239,570.5687365978155,-0.0,83.39599349231082,0.0,487.17274310550465,487.17274310550465,0.0,0.0
972,2019-02-10 12:00:00,2,2019-02-10 13:00:00,0.10531,0.10531,0.10531,0.0,0.7745439638720883,546.6184941148492,-0.0,59.445751009344576,0.0,487.17274310550465,487.17274310550465,0.0,0.0
973,2019-02-10 13:00:00,2,2019-02-10 14:00:00,0.10531,0.10531,0.10531,0.0,0.666852385956609,547.1713669219084,-0.0,59.99862381640378,0.0,487.17274310550465,487.17274310550465,0.0,0.0
974,2019-02-10 14:00:00,2,2019-02-10 15:00:00,0.10531,0.10531,0.10531,0.0,0.558159226868921,537.6720188705618,-0.0,50.49927576505718,0.0,487.17274310550465,487.17274310550465,0.0,0.0
975,2019-02-10 15:00:00,2,2019-02-10 16:00:00,0.10531,0.10531,0.10531,0.0,0.4666750316423682,529.9776532744731,-0.0,42.80491016896849,0.0,487.17274310550465,487.17274310550465,0.0,0.0
976,2019-02-10 16:00:00,2,2019-02-10 17:00:00,0.13592,0.13592,0.13592,0.0,0.38912990452467167,525.0640038283547,-0.0,107.6713971892713,0.0,417.39260663908334,417.39260663908334,0.0,0.0
977,2019-02-10 17:00:00,2,2019-02-10 18:00:00,0.13592,0.13592,0.13592,0.0,0.19407302555860048,528.572738507382,-0.0,41.39999540187739,0.0,487.17274310550465,487.17274310550465,0.0,0.0
978,2019-02-10 18:00:00,2,2019-02-10 19:00:00,0.13592,0.13592,0.13592,0.0,0.11907303388853271,525.3010578119747,-0.0,38.128314706470064,0.0,487.17274310550465,487.17274310550465,0.0,0.0
979,2019-02-10 19:00:00,2,2019-02-10 20:00:00,0.13592,0.13592,0.13592,0.0,0.05,475.7501707493418,-0.0,0.0,0.0,475.7501707493418,475.7501707493418,0.0,1.0
980,2019-02-10 20:00:00,2,2019-02-10 21:00:00,0.13592,0.13592,0.13592,0.0,0.05,419.14601302437796,-0.0,0.0,0.0,419.14601302437796,419.14601302437796,0.0,1.0
981,2019-02-10 21:00:00,2,2019-02-10 22:00:00,0.10531,0.10531,0.10531,0.0,0.05,298.53333169774703,-115.47994524892326,0.0,0.0,414.0132769466703,414.0132769466703,0.0,1.0
982,2019-02-10 22:00:00,2,2019-02-10 23:00:00,0.10531,0.10531,0.10531,0.0,0.22706924938168233,204.79250904864776,-0.0,0.0,0.0,204.79250904864776,204.79250904864776,0.0,0.0
983,2019-02-10 23:00:00,2,2019-02-11 00:00:00,0.10531,0.10531,0.10531,0.0,0.22706924938168233,273.13807140062,-0.0,0.0,0.0,273.13807140062,273.13807140062,0.0,1.0
984,2019-02-11 00:00:00,2,2019-02-11 01:00:00,0.10531,0.10531,0.10531,0.0,0.22706924938168233,205.76159878719014,-0.0,0.0,0.0,205.76159878719014,205.76159878719014,0.0,0.0
985,2019-02-11 01:00:00,2,2019-02-11 02:00:00,0.10531,0.10531,0.10531,0.0,0.22706924938168233,186.99831660394557,-0.0,0.0,0.0,186.99831660394557,186.99831660394557,0.0,0.0
986,2019-02-11 02:00:00,2,2019-02-11 03:00:00,0.10531,0.10531,0.10531,0.0,0.22706924938168233,182.62854359826392,-0.0,0.0,0.0,182.62854359826392,182.62854359826392,0.0,0.0
987,2019-02-11 03:00:00,2,2019-02-11 04:00:00,0.10531,0.10531,0.10531,0.0,0.22706924938168233,179.47958427060613,-0.0,0.0,0.0,179.47958427060613,179.47958427060613,0.0,0.0
988,2019-02-11 04:00:00,2,2019-02-11 05:00:00,0.10531,0.10531,0.10531,0.0,0.22706924938168233,191.34977242113163,-0.0,0.0,0.0,191.34977242113163,191.34977242113163,0.0,0.0
989,2019-02-11 05:00:00,2,2019-02-11 06:00:00,0.10531,0.10531,0.10531,0.0,0.22706924938168233,189.177230146613,-0.0,0.0,0.0,189.177230146613,189.177230146613,0.0,0.0
990,2019-02-11 06:00:00,2,2019-02-11 07:00:00,0.10531,0.10531,0.10531,0.0,0.22706924938168233,251.0153377214556,-174.05794542509932,0.0,0.0,425.0732831465549,425.0732831465549,0.0,1.0
991,2019-02-11 07:00:00,2,2019-02-11 08:00:00,0.10531,0.10531,0.10531,0.0,0.4939580990335013,254.39119257292273,-232.78155053258192,0.0,0.0,487.17274310550465,487.17274310550465,0.0,1.0
992,2019-02-11 08:00:00,2,2019-02-11 09:00:00,0.10531,0.10531,0.10531,0.0,0.850889809850127,389.92696692080483,-97.24577618469982,0.0,0.0,487.17274310550465,487.17274310550465,0.0,1.0
993,2019-02-11 09:00:00,2,2019-02-11 10:00:00,0.10531,0.10531,0.10531,0.0,1.0,445.0844507991283,-0.0,0.0,0.0,445.0844507991283,445.0844507991283,0.0,1.0
994,2019-02-11 10:00:00,2,2019-02-11 11:00:00,0.10531,0.10531,0.10531,0.0,1.0,504.215587679187,-0.0,17.042844573682373,0.0,487.17274310550465,487.17274310550465,0.0,0.0
995,2019-02-11 11:00:00,2,2019-02-11 12:00:00,0.10531,0.10531,0.10531,0.0,0.969125281569416,567.8721241905109,-0.0,80.69938108500628,0.0,487.17274310550465,487.17274310550465,0.0,0.0
996,2019-02-11 12:00:00,2,2019-02-11 13:00:00,0.10531,0.10531,0.10531,0.0,0.8229307506183177,539.1895238160349,-0.0,52.01678071053027,0.0,487.17274310550465,487.17274310550465,0.0,0.0
997,2019-02-11 13:00:00,2,2019-02-11 14:00:00,0.10531,0.10531,0.10531,0.0,0.7286974522296759,533.0774765270728,-0.0,45.90473342156815,0.0,487.17274310550465,487.17274310550465,0.0,0.0
998,2019-02-11 14:00:00,2,2019-02-11 15:00:00,0.10531,0.10531,0.10531,0.0,0.6455367032775596,524.8663541726437,-0.0,37.693611067139045,0.0,487.17274310550465,487.17274310550465,0.0,0.0
999,2019-02-11 15:00:00,2,2019-02-11 16:00:00,0.10531,0.10531,0.10531,0.0,0.5772511759820179,520.3138829445058,-0.0,33.1411398390012,0.0,487.17274310550465,487.17274310550465,0.0,0.0
1000,2019-02-11 16:00:00,2,2019-02-11 17:00:00,0.13592,0.13592,0.13592,0.0,0.5172128791722331,517.8191945024117,-0.0,30.646451396907082,0.0,487.17274310550465,487.17274310550465,0.0,0.0
1001,2019-02-11 17:00:00,2,2019-02-11 18:00:00,0.13592,0.13592,0.13592,0.0,0.46169394548218406,527.2098429884998,-0.0,215.24395881926785,0.0,311.9658841692319,311.9658841692319,0.0,0.0
1002,2019-02-11 18:00:00,2,2019-02-11 19:00:00,0.13592,0.13592,0.13592,0.0,0.07175923747626411,499.18384219240244,-0.0,12.011099086897786,0.0,487.17274310550465,487.17274310550465,0.0,0.0
1003,2019-02-11 19:00:00,2,2019-02-11 20:00:00,0.13592,0.13592,0.13592,0.0,0.05,404.84969983827096,-0.0,0.0,0.0,404.84969983827096,404.84969983827096,0.0,0.0
1004,2019-02-11 20:00:00,2,2019-02-11 21:00:00,0.13592,0.13592,0.13592,0.0,0.05,374.88944860891905,-0.0,0.0,0.0,374.88944860891905,374.88944860891905,0.0,1.0
1005,2019-02-11 21:00:00,2,2019-02-11 22:00:00,0.10531,0.10531,0.10531,0.0,0.05,278.1804714993245,-0.0,0.0,0.0,278.1804714993245,278.1804714993245,0.0,1.0
1006,2019-02-11 22:00:00,2,2019-02-11 23:00:00,0.10531,0.10531,0.10531,0.0,0.05,198.07026233274354,-0.0,0.0,0.0,198.07026233274354,198.07026233274354,0.0,0.0
1007,2019-02-11 23:00:00,2,2019-02-12 00:00:00,0.10531,0.10531,0.10531,0.0,0.05,266.94835052576934,-0.0,0.0,0.0,266.94835052576934,266.94835052576934,0.0,1.0
1008,2019-02-12 00:00:00,2,2019-02-12 01:00:00,0.10531,0.10531,0.10531,0.0,0.05,205.30731006343652,-0.0,0.0,0.0,205.30731006343652,205.30731006343652,0.0,0.0
1009,2019-02-12 01:00:00,2,2019-02-12 02:00:00,0.10531,0.10531,0.10531,0.0,0.05,186.72953290416316,-0.0,0.0,0.0,186.72953290416316,186.72953290416316,0.0,0.0
1010,2019-02-12 02:00:00,2,2019-02-12 03:00:00,0.10531,0.10531,0.10531,0.0,0.05,182.70266649710422,-0.0,0.0,0.0,182.70266649710422,182.70266649710422,0.0,0.0
1011,2019-02-12 03:00:00,2,2019-02-12 04:00:00,0.10531,0.10531,0.10531,0.0,0.05,179.13074705602446,-0.0,0.0,0.0,179.13074705602446,179.13074705602446,0.0,0.0
1012,2019-02-12 04:00:00,2,2019-02-12 05:00:00,0.10531,0.10531,0.10531,0.0,0.05,190.340884883726,-0.0,0.0,0.0,190.340884883726,190.340884883726,0.0,0.0
1013,2019-02-12 05:00:00,2,2019-02-12 06:00:00,0.10531,0.10531,0.10531,0.0,0.05,187.2220662287513,-0.0,0.0,0.0,187.2220662287513,187.2220662287513,0.0,0.0
1014,2019-02-12 06:00:00,2,2019-02-12 07:00:00,0.10531,0.10531,0.10531,0.0,0.05,247.75076696019673,-239.42197614530795,0.0,0.0,487.17274310550465,487.17274310550465,0.0,1.0
1015,2019-02-12 07:00:00,2,2019-02-12 08:00:00,0.10531,0.10531,0.10531,0.0,0.41711369675613885,249.26373458385345,-237.90900852165123,0.0,0.0,487.17274310550465,487.17274310550465,0.0,1.0
1016,2019-02-12 08:00:00,2,2019-02-12 09:00:00,0.10531,0.10531,0.10531,0.0,0.7819075098226708,325.5838190859684,-0.0,0.0,0.0,325.5838190859684,325.5838190859684,0.0,0.0
1017,2019-02-12 09:00:00,2,2019-02-12 10:00:00,0.10531,0.10531,0.10531,0.0,0.7819075098226708,281.80212739871706,-0.0,0.0,0.0,281.80212739871706,281.80212739871706,0.0,0.0
1018,2019-02-12 10:00:00,2,2019-02-12 11:00:00,0.10531,0.10531,0.10531,0.0,0.7819075098226708,361.3658879641077,-125.80685514139697,0.0,0.0,487.17274310550465,487.17274310550465,0.0,1.0
1019,2019-02-12 11:00:00,2,2019-02-12 12:00:00,0.10531,0.10531,0.10531,0.0,0.9748113543728132,429.20510806965774,-0.0,0.0,0.0,429.20510806965774,429.20510806965774,0.0,1.0
1020,2019-02-12 12:00:00,2,2019-02-12 13:00:00,0.10531,0.10531,0.10531,0.0,0.9748113543728132,459.25819807496396,-0.0,0.0,0.0,459.25819807496396,459.25819807496396,0.0,1.0
1021,2019-02-12 13:00:00,2,2019-02-12 14:00:00,0.10531,0.10531,0.10531,0.0,0.9748113543728132,458.62682946006527,-0.0,-1.0459189070388675e-13,0.0,458.6268294600654,458.6268294600654,0.0,0.0
1022,2019-02-12 14:00:00,2,2019-02-12 15:00:00,0.10531,0.10531,0.10531,0.0,0.9748113543728133,450.2414682672222,-16.427377582947884,0.0,0.0,466.6688458501701,466.6688458501701,0.0,1.0
1023,2019-02-12 15:00:00,2,2019-02-12 16:00:00,0.10531,0.10531,0.10531,0.0,1.0,443.20921863893614,-0.0,0.0,0.0,443.20921863893614,443.20921863893614,0.0,1.0
1024,2019-02-12 16:00:00,2,2019-02-12 17:00:00,0.13592,0.13592,0.13592,0.0,1.0,441.94358616531815,-0.0,224.4,0.0,217.54358616531812,217.54358616531812,0.0,0.0
1025,2019-02-12 17:00:00,2,2019-02-12 18:00:00,0.13592,0.13592,0.13592,0.0,0.5934782608695652,392.1143391489595,-0.0,300.0,0.0,92.11433914895952,92.11433914895952,0.0,0.0
1026,2019-02-12 18:00:00,2,2019-02-12 19:00:00,0.13592,0.13592,0.13592,0.0,0.05,409.12378911951924,-0.0,0.0,0.0,409.12378911951924,409.12378911951924,0.0,0.0
1027,2019-02-12 19:00:00,2,2019-02-12 20:00:00,0.13592,0.13592,0.13592,0.0,0.05,369.703072402389,-0.0,0.0,0.0,369.703072402389,369.703072402389,0.0,0.0
1028,2019-02-12 20:00:00,2,2019-02-12 21:00:00,0.13592,0.13592,0.13592,0.0,0.05,345.894034703731,-0.0,0.0,0.0,345.894034703731,345.894034703731,0.0,0.0
1029,2019-02-12 21:00:00,2,2019-02-12 22:00:00,0.10531,0.10531,0.10531,0.0,0.05,309.48086206546697,-0.0,0.0,0.0,309.48086206546697,309.48086206546697,0.0,0.0
1030,2019-02-12 22:00:00,2,2019-02-12 23:00:00,0.10531,0.10531,0.10531,0.0,0.05,200.98474164343367,-0.0,-1.0628414275679476e-14,0.0,200.98474164343367,200.98474164343367,0.0,0.0
1031,2019-02-12 23:00:00,2,2019-02-13 00:00:00,0.10531,0.10531,0.10531,0.0,0.05000000000000005,269.81426121120177,-0.0,0.0,0.0,269.81426121120177,269.81426121120177,0.0,1.0
1032,2019-02-13 00:00:00,2,2019-02-13 01:00:00,0.10531,0.10531,0.10531,0.0,0.05,212.9733057557965,-0.0,0.0,0.0,212.9733057557965,212.9733057557965,0.0,0.0
1033,2019-02-13 01:00:00,2,2019-02-13 02:00:00,0.10531,0.10531,0.10531,0.0,0.05,196.29459392501514,-0.0,0.0,0.0,196.29459392501514,196.29459392501514,0.0,0.0
1034,2019-02-13 02:00:00,2,2019-02-13 03:00:00,0.10531,0.10531,0.10531,0.0,0.05,194.5209659889415,-0.0,0.0,0.0,194.5209659889415,194.5209659889415,0.0,0.0
1035,2019-02-13 03:00:00,2,2019-02-13 04:00:00,0.10531,0.10531,0.10531,0.0,0.05,190.33125124337002,-0.0,0.0,0.0,190.33125124337002,190.33125124337002,0.0,0.0
1036,2019-02-13 04:00:00,2,2019-02-13 05:00:00,0.10531,0.10531,0.10531,0.0,0.05,198.52242210805568,-0.0,0.0,0.0,198.52242210805568,198.52242210805568,0.0,0.0
1037,2019-02-13 05:00:00,2,2019-02-13 06:00:00,0.10531,0.10531,0.10531,0.0,0.05,193.51921155993182,-157.52069859664348,0.0,0.0,351.0399101565753,351.0399101565753,0.0,1.0
1038,2019-02-13 06:00:00,2,2019-02-13 07:00:00,0.10531,0.10531,0.10531,0.0,0.29153173784818665,278.6426712422264,-208.53007186327824,0.0,0.0,487.17274310550465,487.17274310550465,0.0,1.0
1039,2019-02-13 07:00:00,2,2019-02-13 08:00:00,0.10531,0.10531,0.10531,0.0,0.6112778480385467,279.9952593786226,-207.17748372688203,0.0,0.0,487.17274310550465,487.17274310550465,0.0,1.0
1040,2019-02-13 08:00:00,2,2019-02-13 09:00:00,0.10531,0.10531,0.10531,0.0,0.9289499897530992,440.83577990100406,-46.33696320450059,0.0,0.0,487.17274310550465,487.17274310550465,0.0,1.0
1041,2019-02-13 09:00:00,2,2019-02-13 10:00:00,0.10531,0.10531,0.10531,0.0,1.0,503.71982136844093,-0.0,16.54707826293628,0.0,487.17274310550465,487.17274310550465,0.0,0.0
1042,2019-02-13 10:00:00,2,2019-02-13 11:00:00,0.10531,0.10531,0.10531,0.0,0.970023408943956,492.4629762359084,-0.0,5.290233130403749,0.0,487.17274310550465,487.17274310550465,0.0,0.0
1043,2019-02-13 11:00:00,2,2019-02-13 12:00:00,0.10531,0.10531,0.10531,0.0,0.9604396532729347,562.0600099430743,-0.0,74.88726683756965,0.0,487.17274310550465,487.17274310550465,0.0,0.0
1044,2019-02-13 12:00:00,2,2019-02-13 13:00:00,0.10531,0.10531,0.10531,0.0,0.8247743147990767,538.6123320347841,-0.0,51.439588929279466,0.0,487.17274310550465,487.17274310550465,0.0,0.0
1045,2019-02-13 13:00:00,2,2019-02-13 14:00:00,0.10531,0.10531,0.10531,0.0,0.7315866536953096,538.688799997305,-0.0,51.516056891800304,0.0,487.17274310550465,487.17274310550465,0.0,0.0
1046,2019-02-13 14:00:00,2,2019-02-13 15:00:00,0.10531,0.10531,0.10531,0.0,0.6382604636739323,526.5710672575527,-0.0,39.398324152048076,0.0,487.17274310550465,487.17274310550465,0.0,0.0
1047,2019-02-13 15:00:00,2,2019-02-13 16:00:00,0.10531,0.10531,0.10531,0.0,0.566886688036164,515.3429364583542,-0.0,28.170193352849537,0.0,487.17274310550465,487.17274310550465,0.0,0.0
1048,2019-02-13 16:00:00,2,2019-02-13 17:00:00,0.13592,0.13592,0.13592,0.0,0.5158537290636105,511.82936804001224,-0.0,24.65662493450759,0.0,487.17274310550465,487.17274310550465,0.0,0.0
1049,2019-02-13 17:00:00,2,2019-02-13 18:00:00,0.13592,0.13592,0.13592,0.0,0.47118593026921274,522.6315054856663,-0.0,35.4587623801616,0.0,487.17274310550465,487.17274310550465,0.0,0.0
1050,2019-02-13 18:00:00,2,2019-02-13 19:00:00,0.13592,0.13592,0.13592,0.0,0.4069490418993548,528.0562616114287,-0.0,183.93817094067043,0.0,344.11809067075825,344.11809067075825,0.0,0.0
1051,2019-02-13 19:00:00,2,2019-02-13 20:00:00,0.13592,0.13592,0.13592,0.0,0.07372771773147366,500.2704432932781,-0.0,13.097700187773455,0.0,487.17274310550465,487.17274310550465,0.0,0.0
1052,2019-02-13 20:00:00,2,2019-02-13 21:00:00,0.13592,0.13592,0.13592,0.0,0.05,447.39415132705096,-0.0,0.0,0.0,447.39415132705096,447.39415132705096,0.0,1.0
1053,2019-02-13 21:00:00,2,2019-02-13 22:00:00,0.10531,0.10531,0.10531,0.0,0.05,324.3304296632907,-0.0,0.0,0.0,324.3304296632907,324.3304296632907,0.0,1.0
1054,2019-02-13 22:00:00,2,2019-02-13 23:00:00,0.10531,0.10531,0.10531,0.0,0.05,223.30734503241396,-0.0,0.0,0.0,223.30734503241396,223.30734503241396,0.0,0.0
1055,2019-02-13 23:00:00,2,2019-02-14 00:00:00,0.10531,0.10531,0.10531,0.0,0.05,287.1431406728497,-0.0,0.0,0.0,287.1431406728497,287.1431406728497,0.0,1.0
1056,2019-02-14 00:00:00,2,2019-02-14 01:00:00,0.10531,0.10531,0.10531,0.0,0.05,227.1785025663527,-0.0,0.0,0.0,227.1785025663527,227.1785025663527,0.0,0.0
1057,2019-02-14 01:00:00,2,2019-02-14 02:00:00,0.10531,0.10531,0.10531,0.0,0.05,206.93245811692088,-0.0,0.0,0.0,206.93245811692088,206.93245811692088,0.0,0.0
1058,2019-02-14 02:00:00,2,2019-02-14 03:00:00,0.10531,0.10531,0.10531,0.0,0.05,202.34395438791466,-0.0,0.0,0.0,202.34395438791466,202.34395438791466,0.0,0.0
1059,2019-02-14 03:00:00,2,2019-02-14 04:00:00,0.10531,0.10531,0.10531,0.0,0.05,199.05761316225787,-62.860694626198054,0.0,0.0,261.91830778845593,261.91830778845593,0.0,1.0
1060,2019-02-14 04:00:00,2,2019-02-14 05:00:00,0.10531,0.10531,0.10531,0.0,0.146386398426837,243.38385687889527,-0.0,0.0,0.0,243.38385687889527,243.38385687889527,0.0,0.0
1061,2019-02-14 05:00:00,2,2019-02-14 06:00:00,0.10531,0.10531,0.10531,0.0,0.146386398426837,243.0293192420851,-244.14342386341954,0.0,0.0,487.17274310550465,487.17274310550465,0.0,1.0
1062,2019-02-14 06:00:00,2,2019-02-14 07:00:00,0.10531,0.10531,0.10531,0.0,0.520739648350747,335.8079142642555,-151.36482884124916,0.0,0.0,487.17274310550465,487.17274310550465,0.0,1.0
1063,2019-02-14 07:00:00,2,2019-02-14 08:00:00,0.10531,0.10531,0.10531,0.0,0.752832385907329,337.29698311650554,-149.8757599889991,0.0,0.0,487.17274310550465,487.17274310550465,0.0,1.0
1064,2019-02-14 08:00:00,2,2019-02-14 09:00:00,0.10531,0.10531,0.10531,0.0,0.9826418845571276,475.85223303406616,-11.320510071438491,0.0,0.0,487.17274310550465,487.17274310550465,0.0,1.0
1065,2019-02-14 09:00:00,2,2019-02-14 10:00:00,0.10531,0.10531,0.10531,0.0,1.0,533.2650849138417,-0.0,46.092341808337096,0.0,487.17274310550465,487.17274310550465,0.0,0.0
1066,2019-02-14 10:00:00,2,2019-02-14 11:00:00,0.10531,0.10531,0.10531,0.0,0.916499380781998,519.8224509612492,-0.0,32.64970785574451,0.0,487.17274310550465,487.17274310550465,0.0,0.0
1067,2019-02-14 11:00:00,2,2019-02-14 12:00:00,0.10531,0.10531,0.10531,0.0,0.8573513593041999,575.5445636989646,-0.0,88.37182059345992,0.0,487.17274310550465,487.17274310550465,0.0,0.0
1068,2019-02-14 12:00:00,2,2019-02-14 13:00:00,0.10531,0.10531,0.10531,0.0,0.6972574814174971,543.5442311291148,-0.0,56.37148802361014,0.0,487.17274310550465,487.17274310550465,0.0,0.0
1069,2019-02-14 13:00:00,2,2019-02-14 14:00:00,0.10531,0.10531,0.10531,0.0,0.5951352205051599,535.8063125420558,-0.0,48.63356943655117,0.0,487.17274310550465,487.17274310550465,0.0,0.0
1070,2019-02-14 14:00:00,2,2019-02-14 15:00:00,0.10531,0.10531,0.10531,0.0,0.5070309280476397,519.7063379528571,-0.0,32.53359484735245,0.0,487.17274310550465,487.17274310550465,0.0,0.0
1071,2019-02-14 15:00:00,2,2019-02-14 16:00:00,0.10531,0.10531,0.10531,0.0,0.44809325622272583,506.69992323405006,-0.0,19.52718012854541,0.0,487.17274310550465,487.17274310550465,0.0,0.0
1072,2019-02-14 16:00:00,2,2019-02-14 17:00:00,0.13592,0.13592,0.13592,0.0,0.4127179299028972,500.3471016624253,-0.0,13.174358556920652,0.0,487.17274310550465,487.17274310550465,0.0,0.0
1073,2019-02-14 17:00:00,2,2019-02-14 18:00:00,0.13592,0.13592,0.13592,0.0,0.38885133831427277,508.5302834781365,-0.0,160.89262938313533,0.0,347.63765409500115,347.63765409500115,0.0,0.0
1074,2019-02-14 18:00:00,2,2019-02-14 19:00:00,0.13592,0.13592,0.13592,0.0,0.0973791836346798,513.3260524718479,-0.0,26.15330936634325,0.0,487.17274310550465,487.17274310550465,0.0,0.0
1075,2019-02-14 19:00:00,2,2019-02-14 20:00:00,0.13592,0.13592,0.13592,0.0,0.05,468.9782442646441,-0.0,0.0,0.0,468.9782442646441,468.9782442646441,0.0,0.0
1076,2019-02-14 20:00:00,2,2019-02-14 21:00:00,0.13592,0.13592,0.13592,0.0,0.05,414.50107039211775,-0.0,0.0,0.0,414.50107039211775,414.50107039211775,0.0,0.0
1077,2019-02-14 21:00:00,2,2019-02-14 22:00:00,0.10531,0.10531,0.10531,0.0,0.05,293.91091614519763,-119.43075381203828,0.0,0.0,413.3416699572359,413.3416699572359,0.0,1.0
1078,2019-02-14 22:00:00,2,2019-02-14 23:00:00,0.10531,0.10531,0.10531,0.0,0.23312715584512536,200.42100415193485,-0.0,0.0,0.0,200.42100415193485,200.42100415193485,0.0,0.0
1079,2019-02-14 23:00:00,2,2019-02-15 00:00:00,0.10531,0.10531,0.10531,0.0,0.23312715584512536,270.56222457576183,-0.0,0.0,0.0,270.56222457576183,270.56222457576183,0.0,1.0
1080,2019-02-15 00:00:00,2,2019-02-15 01:00:00,0.10531,0.10531,0.10531,0.0,0.23312715584512536,209.4539966833981,-0.0,0.0,0.0,209.4539966833981,209.4539966833981,0.0,0.0
1081,2019-02-15 01:00:00,2,2019-02-15 02:00:00,0.10531,0.10531,0.10531,0.0,0.23312715584512536,192.64137281367303,-0.0,0.0,0.0,192.64137281367303,192.64137281367303,0.0,0.0
1082,2019-02-15 02:00:00,2,2019-02-15 03:00:00,0.10531,0.10531,0.10531,0.0,0.23312715584512536,190.18056846333772,-0.0,0.0,0.0,190.18056846333772,190.18056846333772,0.0,0.0
1083,2019-02-15 03:00:00,2,2019-02-15 04:00:00,0.10531,0.10531,0.10531,0.0,0.23312715584512536,188.54895551434655,-0.0,0.0,0.0,188.54895551434655,188.54895551434655,0.0,0.0
1084,2019-02-15 04:00:00,2,2019-02-15 05:00:00,0.10531,0.10531,0.10531,0.0,0.23312715584512536,201.13221483007453,-0.0,0.0,0.0,201.13221483007453,201.13221483007453,0.0,0.0
1085,2019-02-15 05:00:00,2,2019-02-15 06:00:00,0.10531,0.10531,0.10531,0.0,0.23312715584512536,199.3441477249043,-287.82859538060035,0.0,0.0,487.17274310550465,487.17274310550465,0.0,1.0
1086,2019-02-15 06:00:00,2,2019-02-15 07:00:00,0.10531,0.10531,0.10531,0.0,0.6744643354287126,286.75877955803844,-17.030252563255587,0.0,0.0,303.78903212129404,303.78903212129404,0.0,1.0
1087,2019-02-15 07:00:00,2,2019-02-15 08:00:00,0.10531,0.10531,0.10531,0.0,0.7005773893590379,291.8971274700946,-195.27561563541008,0.0,0.0,487.17274310550465,487.17274310550465,0.0,1.0
1088,2019-02-15 08:00:00,2,2019-02-15 09:00:00,0.10531,0.10531,0.10531,0.0,1.0,449.98936870161765,-0.0,0.0,0.0,449.98936870161765,449.98936870161765,0.0,1.0
1089,2019-02-15 09:00:00,2,2019-02-15 10:00:00,0.10531,0.10531,0.10531,0.0,1.0,511.16627397464447,-0.0,23.993530869139818,0.0,487.17274310550465,487.17274310550465,0.0,0.0
1090,2019-02-15 10:00:00,2,2019-02-15 11:00:00,0.10531,0.10531,0.10531,0.0,0.9565334585703988,494.7456616703626,-0.0,7.572918564857957,0.0,487.17274310550465,487.17274310550465,0.0,0.0
1091,2019-02-15 11:00:00,2,2019-02-15 12:00:00,0.10531,0.10531,0.10531,0.0,0.9428144031992792,556.6924836980161,-0.0,69.51974059251143,0.0,487.17274310550465,487.17274310550465,0.0,0.0
1092,2019-02-15 12:00:00,2,2019-02-15 13:00:00,0.10531,0.10531,0.10531,0.0,0.8168728441548745,523.8148770289713,-0.0,36.642133923466645,0.0,487.17274310550465,487.17274310550465,0.0,0.0
1093,2019-02-15 13:00:00,2,2019-02-15 14:00:00,0.10531,0.10531,0.10531,0.0,0.7504921667572899,518.0717174634242,-0.0,30.898974357919542,0.0,487.17274310550465,487.17274310550465,0.0,0.0
1094,2019-02-15 14:00:00,2,2019-02-15 15:00:00,0.10531,0.10531,0.10531,0.0,0.6945157639349719,507.3439006494448,-0.0,20.171157543940126,0.0,487.17274310550465,487.17274310550465,0.0,0.0
1095,2019-02-15 15:00:00,2,2019-02-15 16:00:00,0.10531,0.10531,0.10531,0.0,0.6579738118626166,498.7806652985868,-0.0,11.607922193082175,0.0,487.17274310550465,487.17274310550465,0.0,0.0
1096,2019-02-15 16:00:00,2,2019-02-15 17:00:00,0.13592,0.13592,0.13592,0.0,0.6369449673099316,496.6990166934931,-0.0,280.5281128494571,0.0,216.170903844036,216.170903844036,0.0,0.0
1097,2019-02-15 17:00:00,2,2019-02-15 18:00:00,0.13592,0.13592,0.13592,0.0,0.12874186432178467,506.46851251182744,-0.0,19.29576940632279,0.0,487.17274310550465,487.17274310550465,0.0,0.0
1098,2019-02-15 18:00:00,2,2019-02-15 19:00:00,0.13592,0.13592,0.13592,0.0,0.09378576032482307,511.342482804807,-0.0,24.16973969930234,0.0,487.17274310550465,487.17274310550465,0.0,0.0
1099,2019-02-15 19:00:00,2,2019-02-15 20:00:00,0.13592,0.13592,0.13592,0.0,0.05,480.7073096600865,-0.0,0.0,0.0,480.7073096600865,480.7073096600865,0.0,1.0
1100,2019-02-15 20:00:00,2,2019-02-15 21:00:00,0.13592,0.13592,0.13592,0.0,0.05,425.4950284554895,-0.0,0.0,0.0,425.4950284554895,425.4950284554895,0.0,0.0
1101,2019-02-15 21:00:00,2,2019-02-15 22:00:00,0.10531,0.10531,0.10531,0.0,0.05,302.8425364197675,-0.0,0.0,0.0,302.8425364197675,302.8425364197675,0.0,0.0
1102,2019-02-15 22:00:00,2,2019-02-15 23:00:00,0.10531,0.10531,0.10531,0.0,0.05,199.8575121131184,-0.0,0.0,0.0,199.8575121131184,199.8575121131184,0.0,0.0
1103,2019-02-15 23:00:00,2,2019-02-16 00:00:00,0.10531,0.10531,0.10531,0.0,0.05,269.4734311814384,-0.0,0.0,0.0,269.4734311814384,269.4734311814384,0.0,1.0
1104,2019-02-16 00:00:00,2,2019-02-16 01:00:00,0.10531,0.10531,0.10531,0.0,0.05,207.74291534370283,-0.0,0.0,0.0,207.74291534370283,207.74291534370283,0.0,0.0
1105,2019-02-16 01:00:00,2,2019-02-16 02:00:00,0.10531,0.10531,0.10531,0.0,0.05,190.20192754568845,-0.0,0.0,0.0,190.20192754568845,190.20192754568845,0.0,0.0
1106,2019-02-16 02:00:00,2,2019-02-16 03:00:00,0.10531,0.10531,0.10531,0.0,0.05,187.0681016845983,-0.0,0.0,0.0,187.0681016845983,187.0681016845983,0.0,0.0
1107,2019-02-16 03:00:00,2,2019-02-16 04:00:00,0.10531,0.10531,0.10531,0.0,0.05,184.0946559681956,-0.0,0.0,0.0,184.0946559681956,184.0946559681956,0.0,0.0
1108,2019-02-16 04:00:00,2,2019-02-16 05:00:00,0.10531,0.10531,0.10531,0.0,0.05,195.65263652563866,-0.0,0.0,0.0,195.65263652563866,195.65263652563866,0.0,0.0
1109,2019-02-16 05:00:00,2,2019-02-16 06:00:00,0.10531,0.10531,0.10531,0.0,0.05,193.17045485781975,-208.12575040092437,0.0,0.0,401.2962052587441,401.2962052587441,0.0,1.0
1110,2019-02-16 06:00:00,2,2019-02-16 07:00:00,0.10531,0.10531,0.10531,0.0,0.3691261506147507,280.26680109842624,-206.9059420070784,0.0,0.0,487.17274310550465,487.17274310550465,0.0,1.0
1111,2019-02-16 07:00:00,2,2019-02-16 08:00:00,0.10531,0.10531,0.10531,0.0,0.6863819283589376,282.6392181222031,-204.53352498330156,0.0,0.0,487.17274310550465,487.17274310550465,0.0,1.0
1112,2019-02-16 08:00:00,2,2019-02-16 09:00:00,0.10531,0.10531,0.10531,0.0,1.0,442.2589768532283,-0.0,0.0,0.0,442.2589768532283,442.2589768532283,0.0,0.0
1113,2019-02-16 09:00:00,2,2019-02-16 10:00:00,0.10531,0.10531,0.10531,0.0,1.0,503.8127713814477,-0.0,16.640028275943052,0.0,487.17274310550465,487.17274310550465,0.0,0.0
1114,2019-02-16 10:00:00,2,2019-02-16 11:00:00,0.10531,0.10531,0.10531,0.0,0.9698550212392337,490.08472276276603,-0.0,2.9119796572613836,0.0,487.17274310550465,487.17274310550465,0.0,0.0
1115,2019-02-16 11:00:00,2,2019-02-16 12:00:00,0.10531,0.10531,0.10531,0.0,0.9645796957731805,555.1054192752645,-0.0,67.93267616975982,0.0,487.17274310550465,487.17274310550465,0.0,0.0
1116,2019-02-16 12:00:00,2,2019-02-16 13:00:00,0.10531,0.10531,0.10531,0.0,0.8415132534366591,523.0397028197368,-0.0,35.866959714232166,0.0,487.17274310550465,487.17274310550465,0.0,0.0
1117,2019-02-16 13:00:00,2,2019-02-16 14:00:00,0.10531,0.10531,0.10531,0.0,0.7765368771427602,517.5842576744687,-0.0,30.411514568964094,0.0,487.17274310550465,487.17274310550465,0.0,0.0
1118,2019-02-16 14:00:00,2,2019-02-16 15:00:00,0.10531,0.10531,0.10531,0.0,0.7214435536482601,508.2001835678015,-0.0,21.027440462296852,0.0,487.17274310550465,487.17274310550465,0.0,0.0
1119,2019-02-16 15:00:00,2,2019-02-16 16:00:00,0.10531,0.10531,0.10531,0.0,0.6833503644049687,501.22238249716594,-0.0,14.049639391661287,0.0,487.17274310550465,487.17274310550465,0.0,0.0
1120,2019-02-16 16:00:00,2,2019-02-16 17:00:00,0.13592,0.13592,0.13592,0.0,0.65789811913022,500.92459622149426,-0.0,13.751853115989604,0.0,487.17274310550465,487.17274310550465,0.0,0.0
1121,2019-02-16 17:00:00,2,2019-02-16 18:00:00,0.13592,0.13592,0.13592,0.0,0.6329853417461809,514.4674540396907,-0.0,27.294710934186014,0.0,487.17274310550465,487.17274310550465,0.0,0.0
1122,2019-02-16 18:00:00,2,2019-02-16 19:00:00,0.13592,0.13592,0.13592,0.0,0.5835384016480178,522.0763681450522,-0.0,34.90362503954759,0.0,487.17274310550465,487.17274310550465,0.0,0.0
1123,2019-02-16 19:00:00,2,2019-02-16 20:00:00,0.13592,0.13592,0.13592,0.0,0.5203071968662288,495.73194638603553,-0.0,8.55920328053088,0.0,487.17274310550465,487.17274310550465,0.0,0.0
1124,2019-02-16 20:00:00,2,2019-02-16 21:00:00,0.13592,0.13592,0.13592,0.0,0.5048013938217888,442.99013147077613,-0.0,251.05036938962743,0.0,191.9397620811487,191.9397620811487,0.0,0.0
1125,2019-02-16 21:00:00,2,2019-02-16 22:00:00,0.10531,0.10531,0.10531,0.0,0.05,320.00674374109377,-7.082591250484087,0.0,0.0,327.08933499157786,327.08933499157786,0.0,1.0
1126,2019-02-16 22:00:00,2,2019-02-16 23:00:00,0.10531,0.10531,0.10531,0.0,0.060859973250742265,217.60917657146368,-0.0,0.0,0.0,217.60917657146368,217.60917657146368,0.0,0.0
1127,2019-02-16 23:00:00,2,2019-02-17 00:00:00,0.10531,0.10531,0.10531,0.0,0.060859973250742265,284.60283271117504,-0.0,0.0,0.0,284.60283271117504,284.60283271117504,0.0,1.0
1128,2019-02-17 00:00:00,2,2019-02-17 01:00:00,0.10531,0.10531,0.10531,0.0,0.060859973250742265,225.83204531519212,-0.0,0.0,0.0,225.83204531519212,225.83204531519212,0.0,0.0
1129,2019-02-17 01:00:00,2,2019-02-17 02:00:00,0.10531,0.10531,0.10531,0.0,0.060859973250742265,206.56719721807102,-0.0,0.0,0.0,206.56719721807102,206.56719721807102,0.0,0.0
1130,2019-02-17 02:00:00,2,2019-02-17 03:00:00,0.10531,0.10531,0.10531,0.0,0.060859973250742265,202.76858085469206,-0.0,0.0,0.0,202.76858085469206,202.76858085469206,0.0,0.0
1131,2019-02-17 03:00:00,2,2019-02-17 04:00:00,0.10531,0.10531,0.10531,0.0,0.060859973250742265,199.0940853722772,-1.260945995652269,0.0,0.0,200.35503136792946,200.35503136792946,0.0,1.0
1132,2019-02-17 04:00:00,2,2019-02-17 05:00:00,0.10531,0.10531,0.10531,0.0,0.06279342377740908,242.4256796551464,-0.0,0.0,0.0,242.4256796551464,242.4256796551464,0.0,0.0
1133,2019-02-17 05:00:00,2,2019-02-17 06:00:00,0.10531,0.10531,0.10531,0.0,0.06279342377740908,240.17315082408658,-246.99959228141807,0.0,0.0,487.17274310550465,487.17274310550465,0.0,1.0
1134,2019-02-17 06:00:00,2,2019-02-17 07:00:00,0.10531,0.10531,0.10531,0.0,0.4415261319422501,325.05879241402766,-162.113950691477,0.0,0.0,487.17274310550465,487.17274310550465,0.0,1.0
1135,2019-02-17 07:00:00,2,2019-02-17 08:00:00,0.10531,0.10531,0.10531,0.0,0.6901008563358482,313.00068250177446,-174.1720606037302,0.0,0.0,487.17274310550465,487.17274310550465,0.0,1.0
1136,2019-02-17 08:00:00,2,2019-02-17 09:00:00,0.10531,0.10531,0.10531,0.0,0.9571646825949012,459.2366665369619,-27.936076568542774,0.0,0.0,487.17274310550465,487.17274310550465,0.0,1.0
1137,2019-02-17 09:00:00,2,2019-02-17 10:00:00,0.10531,0.10531,0.10531,0.0,1.0,528.8732440462512,-0.0,41.700500940746565,0.0,487.17274310550465,487.17274310550465,0.0,0.0
1138,2019-02-17 10:00:00,2,2019-02-17 11:00:00,0.10531,0.10531,0.10531,0.0,0.924455614237778,513.1378524195339,-0.0,25.96510931402929,0.0,487.17274310550465,487.17274310550465,0.0,0.0
1139,2019-02-17 11:00:00,2,2019-02-17 12:00:00,0.10531,0.10531,0.10531,0.0,0.8774173727268554,572.9210701801358,-0.0,85.7483270746311,0.0,487.17274310550465,487.17274310550465,0.0,0.0
1140,2019-02-17 12:00:00,2,2019-02-17 13:00:00,0.10531,0.10531,0.10531,0.0,0.7220762004902048,541.9153154000971,-0.0,54.74257229459249,0.0,487.17274310550465,487.17274310550465,0.0,0.0
1141,2019-02-17 13:00:00,2,2019-02-17 14:00:00,0.10531,0.10531,0.10531,0.0,0.6229048738695663,536.6734224532056,-0.0,49.50067934770095,0.0,487.17274310550465,487.17274310550465,0.0,0.0
1142,2019-02-17 14:00:00,2,2019-02-17 15:00:00,0.10531,0.10531,0.10531,0.0,0.5332297301237312,526.5364809654902,-0.0,39.36373785998558,0.0,487.17274310550465,487.17274310550465,0.0,0.0
1143,2019-02-17 15:00:00,2,2019-02-17 16:00:00,0.10531,0.10531,0.10531,0.0,0.46191861081216323,518.2759369453811,-0.0,31.10319383987644,0.0,487.17274310550465,487.17274310550465,0.0,0.0
1144,2019-02-17 16:00:00,2,2019-02-17 17:00:00,0.13592,0.13592,0.13592,0.0,0.4055722451602132,512.2133714854914,-0.0,133.24328463119082,0.0,378.9700868543006,378.9700868543006,0.0,0.0
1145,2019-02-17 17:00:00,2,2019-02-17 18:00:00,0.13592,0.13592,0.13592,0.0,0.16418948314718634,517.4286690473311,-0.0,30.25592594182649,0.0,487.17274310550465,487.17274310550465,0.0,0.0
1146,2019-02-17 18:00:00,2,2019-02-17 19:00:00,0.13592,0.13592,0.13592,0.0,0.10937802310764558,519.949411860925,-0.0,32.77666875542036,0.0,487.17274310550465,487.17274310550465,0.0,0.0
1147,2019-02-17 19:00:00,2,2019-02-17 20:00:00,0.13592,0.13592,0.13592,0.0,0.05,470.6238677399561,-0.0,0.0,0.0,470.6238677399561,470.6238677399561,0.0,1.0
1148,2019-02-17 20:00:00,2,2019-02-17 21:00:00,0.13592,0.13592,0.13592,0.0,0.05,412.27888752210356,-0.0,0.0,0.0,412.27888752210356,412.27888752210356,0.0,1.0
1149,2019-02-17 21:00:00,2,2019-02-17 22:00:00,0.10531,0.10531,0.10531,0.0,0.05,289.82226455577046,-125.64329126691987,0.0,0.0,415.46555582269036,415.46555582269036,0.0,1.0
1150,2019-02-17 22:00:00,2,2019-02-17 23:00:00,0.10531,0.10531,0.10531,0.0,0.24265304660927717,193.67779356094744,-0.0,0.0,0.0,193.67779356094744,193.67779356094744,0.0,0.0
1151,2019-02-17 23:00:00,2,2019-02-18 00:00:00,0.10531,0.10531,0.10531,0.0,0.24265304660927717,263.7392143773962,-0.0,0.0,0.0,263.7392143773962,263.7392143773962,0.0,1.0
1152,2019-02-18 00:00:00,2,2019-02-18 01:00:00,0.10531,0.10531,0.10531,0.0,0.24265304660927717,197.90311629362657,-0.0,0.0,0.0,197.90311629362657,197.90311629362657,0.0,0.0
1153,2019-02-18 01:00:00,2,2019-02-18 02:00:00,0.10531,0.10531,0.10531,0.0,0.24265304660927717,181.03326835680386,-0.0,0.0,0.0,181.03326835680386,181.03326835680386,0.0,0.0
1154,2019-02-18 02:00:00,2,2019-02-18 03:00:00,0.10531,0.10531,0.10531,0.0,0.24265304660927717,178.8265668105146,-0.0,0.0,0.0,178.8265668105146,178.8265668105146,0.0,0.0
1155,2019-02-18 03:00:00,2,2019-02-18 04:00:00,0.10531,0.10531,0.10531,0.0,0.24265304660927717,176.99115542381625,-0.0,0.0,0.0,176.99115542381625,176.99115542381625,0.0,0.0
1156,2019-02-18 04:00:00,2,2019-02-18 05:00:00,0.10531,0.10531,0.10531,0.0,0.24265304660927717,189.1391120158181,-0.0,0.0,0.0,189.1391120158181,189.1391120158181,0.0,0.0
1157,2019-02-18 05:00:00,2,2019-02-18 06:00:00,0.10531,0.10531,0.10531,0.0,0.24265304660927717,187.36427393851386,-299.8084691669908,0.0,0.0,487.17274310550465,487.17274310550465,0.0,1.0
1158,2019-02-18 06:00:00,2,2019-02-18 07:00:00,0.10531,0.10531,0.10531,0.0,0.7023593659986631,249.34941825741708,-0.0,0.0,0.0,249.34941825741708,249.34941825741708,0.0,0.0
1159,2019-02-18 07:00:00,2,2019-02-18 08:00:00,0.10531,0.10531,0.10531,0.0,0.7023593659986631,253.58815093541486,-102.79499021067161,0.0,0.0,356.3831411460865,356.3831411460865,0.0,1.0
1160,2019-02-18 08:00:00,2,2019-02-18 09:00:00,0.10531,0.10531,0.10531,0.0,0.8599783509883595,395.8542763587826,-91.31846674672204,0.0,0.0,487.17274310550465,487.17274310550465,0.0,1.0
1161,2019-02-18 09:00:00,2,2019-02-18 10:00:00,0.10531,0.10531,0.10531,0.0,1.0,450.7451849903879,-0.0,0.0,0.0,450.7451849903879,450.7451849903879,0.0,1.0
1162,2019-02-18 10:00:00,2,2019-02-18 11:00:00,0.10531,0.10531,0.10531,0.0,1.0,507.82739446317095,-0.0,20.654651357666296,0.0,487.17274310550465,487.17274310550465,0.0,0.0
1163,2019-02-18 11:00:00,2,2019-02-18 12:00:00,0.10531,0.10531,0.10531,0.0,0.962582153337561,572.8625734761594,-0.0,85.6898303706547,0.0,487.17274310550465,487.17274310550465,0.0,0.0
1164,2019-02-18 12:00:00,2,2019-02-18 13:00:00,0.10531,0.10531,0.10531,0.0,0.8073469533907228,550.7373352891079,-0.0,63.56459218360328,0.0,487.17274310550465,487.17274310550465,0.0,0.0
1165,2019-02-18 13:00:00,2,2019-02-18 14:00:00,0.10531,0.10531,0.10531,0.0,0.6921937066812966,545.8187688295966,-0.0,58.64602572409194,0.0,487.17274310550465,487.17274310550465,0.0,0.0
1166,2019-02-18 14:00:00,2,2019-02-18 15:00:00,0.10531,0.10531,0.10531,0.0,0.5859509064564924,532.4454143755735,-0.0,45.27267127006883,0.0,487.17274310550465,487.17274310550465,0.0,0.0
1167,2019-02-18 15:00:00,2,2019-02-18 16:00:00,0.10531,0.10531,0.10531,0.0,0.5039351976339039,520.5730126639946,-0.0,33.40026955848998,0.0,487.17274310550465,487.17274310550465,0.0,0.0
1168,2019-02-18 16:00:00,2,2019-02-18 17:00:00,0.13592,0.13592,0.13592,0.0,0.4434274629264945,516.4209932399898,-0.0,172.16918705895947,0.0,344.25180618103036,344.25180618103036,0.0,0.0
1169,2019-02-18 17:00:00,2,2019-02-18 18:00:00,0.13592,0.13592,0.13592,0.0,0.13152676173272737,524.0345446729169,-0.0,36.86180156741227,0.0,487.17274310550465,487.17274310550465,0.0,0.0
1170,2019-02-18 18:00:00,2,2019-02-18 19:00:00,0.13592,0.13592,0.13592,0.0,0.06474813570480659,495.3137140145579,-0.0,8.140970909053237,0.0,487.17274310550465,487.17274310550465,0.0,0.0
1171,2019-02-18 19:00:00,2,2019-02-18 20:00:00,0.13592,0.13592,0.13592,0.0,0.05,398.53083505112926,-0.0,0.0,0.0,398.53083505112926,398.53083505112926,0.0,1.0
1172,2019-02-18 20:00:00,2,2019-02-18 21:00:00,0.13592,0.13592,0.13592,0.0,0.05,370.23638546410825,-0.0,0.0,0.0,370.23638546410825,370.23638546410825,0.0,1.0
1173,2019-02-18 21:00:00,2,2019-02-18 22:00:00,0.10531,0.10531,0.10531,0.0,0.05,274.8400314453351,-0.0,0.0,0.0,274.8400314453351,274.8400314453351,0.0,1.0
1174,2019-02-18 22:00:00,2,2019-02-18 23:00:00,0.10531,0.10531,0.10531,0.0,0.05,195.18002343549213,-0.0,0.0,0.0,195.18002343549213,195.18002343549213,0.0,0.0
1175,2019-02-18 23:00:00,2,2019-02-19 00:00:00,0.10531,0.10531,0.10531,0.0,0.05,265.4313128394785,-0.0,0.0,0.0,265.4313128394785,265.4313128394785,0.0,1.0
1176,2019-02-19 00:00:00,2,2019-02-19 01:00:00,0.10531,0.10531,0.10531,0.0,0.05,204.55719689868064,-0.0,0.0,0.0,204.55719689868064,204.55719689868064,0.0,0.0
1177,2019-02-19 01:00:00,2,2019-02-19 02:00:00,0.10531,0.10531,0.10531,0.0,0.05,188.02162090870294,-0.0,0.0,0.0,188.02162090870294,188.02162090870294,0.0,0.0
1178,2019-02-19 02:00:00,2,2019-02-19 03:00:00,0.10531,0.10531,0.10531,0.0,0.05,185.25203535938445,-0.0,0.0,0.0,185.25203535938445,185.25203535938445,0.0,0.0
1179,2019-02-19 03:00:00,2,2019-02-19 04:00:00,0.10531,0.10531,0.10531,0.0,0.05,182.76743993435224,-0.0,0.0,0.0,182.76743993435224,182.76743993435224,0.0,0.0
1180,2019-02-19 04:00:00,2,2019-02-19 05:00:00,0.10531,0.10531,0.10531,0.0,0.05,194.71333932885003,-0.0,0.0,0.0,194.71333932885003,194.71333932885003,0.0,0.0
1181,2019-02-19 05:00:00,2,2019-02-19 06:00:00,0.10531,0.10531,0.10531,0.0,0.05,193.0630775929038,-0.0,0.0,0.0,193.0630775929038,193.0630775929038,0.0,0.0
1182,2019-02-19 06:00:00,2,2019-02-19 07:00:00,0.10531,0.10531,0.10531,0.0,0.05,258.54643111646635,-0.0,0.0,0.0,258.54643111646635,258.54643111646635,0.0,1.0
1183,2019-02-19 07:00:00,2,2019-02-19 08:00:00,0.10531,0.10531,0.10531,0.0,0.05,268.19982857051576,-186.4656786437459,0.0,0.0,454.66550721426165,454.66550721426165,0.0,1.0
1184,2019-02-19 08:00:00,2,2019-02-19 09:00:00,0.10531,0.10531,0.10531,0.0,0.335914040587077,343.70726629053735,-110.9582409237243,0.0,0.0,454.66550721426165,454.66550721426165,0.0,1.0
1185,2019-02-19 09:00:00,2,2019-02-19 10:00:00,0.10531,0.10531,0.10531,0.0,0.5060500100034543,298.3265133022263,-156.33899391203533,0.0,0.0,454.66550721426165,454.66550721426165,0.0,1.0
1186,2019-02-19 10:00:00,2,2019-02-19 11:00:00,0.10531,0.10531,0.10531,0.0,0.7457698006685751,371.37392383758123,-83.29158337668042,0.0,0.0,454.66550721426165,454.66550721426165,0.0,1.0
1187,2019-02-19 11:00:00,2,2019-02-19 12:00:00,0.10531,0.10531,0.10531,0.0,0.873483561846152,430.7910403783046,-0.0,0.0,0.0,430.7910403783046,430.7910403783046,0.0,0.0
1188,2019-02-19 12:00:00,2,2019-02-19 13:00:00,0.10531,0.10531,0.10531,0.0,0.873483561846152,449.5553991287904,-9.876321987256063,8.881784197001252e-15,0.0,459.43172111604645,459.43172111604645,0.0,1.0
1189,2019-02-19 13:00:00,2,2019-02-19 14:00:00,0.10531,0.10531,0.10531,0.0,0.8886272555599445,440.3668655089076,0.0,0.0,0.0,440.3668655089076,440.3668655089076,0.0,0.0
1190,2019-02-19 14:00:00,2,2019-02-19 15:00:00,0.10531,0.10531,0.10531,0.0,0.8886272555599445,427.89973778130843,-31.531983334738015,8.881784197001252e-15,0.0,459.43172111604645,459.43172111604645,0.0,1.0
1191,2019-02-19 15:00:00,2,2019-02-19 16:00:00,0.10531,0.10531,0.10531,0.0,0.9369762966732094,418.3293059029221,-41.10241521312431,-2.1316282072803006e-14,0.0,459.43172111604645,459.43172111604645,0.0,1.0
1192,2019-02-19 16:00:00,2,2019-02-19 17:00:00,0.13592,0.13592,0.13592,0.0,1.0,416.0053873034619,-0.0,-1.2434497875801753e-14,0.0,416.00538730346193,416.00538730346193,0.0,1.0
1193,2019-02-19 17:00:00,2,2019-02-19 18:00:00,0.13592,0.13592,0.13592,0.0,1.0,368.34832161387925,-0.0,224.4,0.0,143.94832161387924,143.94832161387924,0.0,0.0
1194,2019-02-19 18:00:00,2,2019-02-19 19:00:00,0.13592,0.13592,0.13592,0.0,0.5934782608695652,391.5041685395428,-0.0,300.0,0.0,91.50416853954277,91.50416853954277,0.0,0.0
1195,2019-02-19 19:00:00,2,2019-02-19 20:00:00,0.13592,0.13592,0.13592,0.0,0.05,353.5213753165741,-0.0,0.0,0.0,353.5213753165741,353.5213753165741,0.0,1.0
1196,2019-02-19 20:00:00,2,2019-02-19 21:00:00,0.13592,0.13592,0.13592,0.0,0.05,330.67222267689425,-0.0,0.0,0.0,330.67222267689425,330.67222267689425,0.0,1.0
1197,2019-02-19 21:00:00,2,2019-02-19 22:00:00,0.10531,0.10531,0.10531,0.0,0.05,294.45895332686433,-0.0,0.0,0.0,294.45895332686433,294.45895332686433,0.0,1.0
1198,2019-02-19 22:00:00,2,2019-02-19 23:00:00,0.10531,0.10531,0.10531,0.0,0.05,182.2256001880137,-0.0,0.0,0.0,182.2256001880137,182.2256001880137,0.0,0.0
1199,2019-02-19 23:00:00,2,2019-02-20 00:00:00,0.10531,0.10531,0.10531,0.0,0.05,253.16659596768403,-0.0,0.0,0.0,253.16659596768403,253.16659596768403,0.0,0.0
1200,2019-02-20 00:00:00,2,2019-02-20 01:00:00,0.10531,0.10531,0.10531,0.0,0.05,191.50279069133737,-256.76878196649204,0.0,0.0,448.27157265782944,448.27157265782944,0.0,1.0
1201,2019-02-20 01:00:00,2,2019-02-20 02:00:00,0.10531,0.10531,0.10531,0.0,0.44371213234862117,176.59918111402,-0.0,0.0,0.0,176.59918111402,176.59918111402,0.0,0.0
1202,2019-02-20 02:00:00,2,2019-02-20 03:00:00,0.10531,0.10531,0.10531,0.0,0.44371213234862117,175.4915236298869,-0.0,0.0,0.0,175.4915236298869,175.4915236298869,0.0,0.0
1203,2019-02-20 03:00:00,2,2019-02-20 04:00:00,0.10531,0.10531,0.10531,0.0,0.44371213234862117,174.83367654100894,-0.0,0.0,0.0,174.83367654100894,174.83367654100894,0.0,0.0
1204,2019-02-20 04:00:00,2,2019-02-20 05:00:00,0.10531,0.10531,0.10531,0.0,0.44371213234862117,188.2110751303266,-0.0,0.0,0.0,188.2110751303266,188.2110751303266,0.0,0.0
1205,2019-02-20 05:00:00,2,2019-02-20 06:00:00,0.10531,0.10531,0.10531,0.0,0.44371213234862117,186.6752549975116,-0.0,0.0,0.0,186.6752549975116,186.6752549975116,0.0,0.0
1206,2019-02-20 06:00:00,2,2019-02-20 07:00:00,0.10531,0.10531,0.10531,0.0,0.44371213234862117,248.45879955677842,-0.0,0.0,0.0,248.45879955677842,248.45879955677842,0.0,0.0
1207,2019-02-20 07:00:00,2,2019-02-20 08:00:00,0.10531,0.10531,0.10531,0.0,0.44371213234862117,249.00689484750816,-0.0,0.0,0.0,249.00689484750816,249.00689484750816,0.0,0.0
1208,2019-02-20 08:00:00,2,2019-02-20 09:00:00,0.10531,0.10531,0.10531,0.0,0.44371213234862117,324.2142650349407,-124.05730762288869,0.0,0.0,448.2715726578294,448.2715726578294,0.0,1.0
1209,2019-02-20 09:00:00,2,2019-02-20 10:00:00,0.10531,0.10531,0.10531,0.0,0.6339333373703837,275.23968077109697,-173.0318918867324,0.0,0.0,448.2715726578294,448.2715726578294,0.0,1.0
1210,2019-02-20 10:00:00,2,2019-02-20 11:00:00,0.10531,0.10531,0.10531,0.0,0.8992489049300402,350.72794382763277,-0.0,0.0,0.0,350.72794382763277,350.72794382763277,0.0,0.0
1211,2019-02-20 11:00:00,2,2019-02-20 12:00:00,0.10531,0.10531,0.10531,0.0,0.8992489049300402,417.16015141956876,-31.111421238260622,0.0,0.0,448.2715726578294,448.2715726578294,0.0,1.0
1212,2019-02-20 12:00:00,2,2019-02-20 13:00:00,0.10531,0.10531,0.10531,0.0,0.94695308416204,442.2871708637832,-0.0,0.0,0.0,442.2871708637832,442.2871708637832,0.0,0.0
1213,2019-02-20 13:00:00,2,2019-02-20 14:00:00,0.10531,0.10531,0.10531,0.0,0.94695308416204,437.2341822136604,-0.0,0.0,0.0,437.2341822136604,437.2341822136604,0.0,0.0
1214,2019-02-20 14:00:00,2,2019-02-20 15:00:00,0.10531,0.10531,0.10531,0.0,0.94695308416204,427.2544319979255,-34.59581467693043,0.0,0.0,461.85024667485595,461.85024667485595,0.0,1.0
1215,2019-02-20 15:00:00,2,2019-02-20 16:00:00,0.10531,0.10531,0.10531,0.0,1.0,419.66015977494527,-0.0,0.0,0.0,419.66015977494527,419.66015977494527,0.0,1.0
1216,2019-02-20 16:00:00,2,2019-02-20 17:00:00,0.13592,0.13592,0.13592,0.0,1.0,416.1334267281195,-0.0,224.39999999999998,0.0,191.73342672811953,191.73342672811953,0.0,0.0
1217,2019-02-20 17:00:00,2,2019-02-20 18:00:00,0.13592,0.13592,0.13592,0.0,0.5934782608695653,369.40633198599306,-0.0,0.0,0.0,369.40633198599306,369.40633198599306,0.0,1.0
1218,2019-02-20 18:00:00,2,2019-02-20 19:00:00,0.13592,0.13592,0.13592,0.0,0.5934782608695653,391.7979388713838,-0.0,300.00000000000006,0.0,91.79793887138374,91.79793887138374,0.0,0.0
1219,2019-02-20 19:00:00,2,2019-02-20 20:00:00,0.13592,0.13592,0.13592,0.0,0.05,352.0089413553356,-0.0,0.0,0.0,352.0089413553356,352.0089413553356,0.0,1.0
1220,2019-02-20 20:00:00,2,2019-02-20 21:00:00,0.13592,0.13592,0.13592,0.0,0.05,330.8157715735354,-0.0,0.0,0.0,330.8157715735354,330.8157715735354,0.0,1.0
1221,2019-02-20 21:00:00,2,2019-02-20 22:00:00,0.10531,0.10531,0.10531,0.0,0.05,296.2865055748504,-0.0,0.0,0.0,296.2865055748504,296.2865055748504,0.0,1.0
1222,2019-02-20 22:00:00,2,2019-02-20 23:00:00,0.10531,0.10531,0.10531,0.0,0.05,185.02859697544451,-0.0,0.0,0.0,185.02859697544451,185.02859697544451,0.0,0.0
1223,2019-02-20 23:00:00,2,2019-02-21 00:00:00,0.10531,0.10531,0.10531,0.0,0.05,255.22838435944195,-0.0,0.0,0.0,255.22838435944195,255.22838435944195,0.0,1.0
1224,2019-02-21 00:00:00,2,2019-02-21 01:00:00,0.10531,0.10531,0.10531,0.0,0.05,198.0054945433433,-0.0,0.0,0.0,198.0054945433433,198.0054945433433,0.0,0.0
1225,2019-02-21 01:00:00,2,2019-02-21 02:00:00,0.10531,0.10531,0.10531,0.0,0.05,180.61764354099037,-0.0,0.0,0.0,180.61764354099037,180.61764354099037,0.0,0.0
1226,2019-02-21 02:00:00,2,2019-02-21 03:00:00,0.10531,0.10531,0.10531,0.0,0.05,177.8206487552821,-0.0,0.0,0.0,177.8206487552821,177.8206487552821,0.0,0.0
1227,2019-02-21 03:00:00,2,2019-02-21 04:00:00,0.10531,0.10531,0.10531,0.0,0.05,175.23188519613774,-0.0,0.0,0.0,175.23188519613774,175.23188519613774,0.0,0.0
1228,2019-02-21 04:00:00,2,2019-02-21 05:00:00,0.10531,0.10531,0.10531,0.0,0.05,219.35391930219262,-0.0,0.0,0.0,219.35391930219262,219.35391930219262,0.0,0.0
1229,2019-02-21 05:00:00,2,2019-02-21 06:00:00,0.10531,0.10531,0.10531,0.0,0.05,217.21124901464316,-236.1510548956966,0.0,0.0,453.36230391033973,453.36230391033973,0.0,1.0
1230,2019-02-21 06:00:00,2,2019-02-21 07:00:00,0.10531,0.10531,0.10531,0.0,0.4120982841734015,302.8185289600061,-184.35421414549853,0.0,0.0,487.17274310550465,487.17274310550465,0.0,1.0
1231,2019-02-21 07:00:00,2,2019-02-21 08:00:00,0.10531,0.10531,0.10531,0.0,0.6947747458631659,288.1127947553955,-199.05994835010915,0.0,0.0,487.17274310550465,487.17274310550465,0.0,1.0
1232,2019-02-21 08:00:00,2,2019-02-21 09:00:00,0.10531,0.10531,0.10531,0.0,1.0,433.31696164102976,-0.0,0.0,0.0,433.31696164102976,433.31696164102976,0.0,0.0
1233,2019-02-21 09:00:00,2,2019-02-21 10:00:00,0.10531,0.10531,0.10531,0.0,1.0,502.39519662180123,-0.0,15.222453516296582,0.0,487.17274310550465,487.17274310550465,0.0,0.0
1234,2019-02-21 10:00:00,2,2019-02-21 11:00:00,0.10531,0.10531,0.10531,0.0,0.9724230914559845,491.19161569593444,-0.0,4.018872590429794,0.0,487.17274310550465,487.17274310550465,0.0,0.0
1235,2019-02-21 11:00:00,2,2019-02-21 12:00:00,0.10531,0.10531,0.10531,0.0,0.9651425251689738,555.7005624510035,-0.0,68.52781934549887,0.0,487.17274310550465,487.17274310550465,0.0,0.0
1236,2019-02-21 12:00:00,2,2019-02-21 13:00:00,0.10531,0.10531,0.10531,0.0,0.8409979249053889,524.3419298782567,-0.0,37.16918677275203,0.0,487.17274310550465,487.17274310550465,0.0,0.0
1237,2019-02-21 13:00:00,2,2019-02-21 14:00:00,0.10531,0.10531,0.10531,0.0,0.7736624416214178,513.3299359000115,-0.0,26.15719279450684,0.0,487.17274310550465,487.17274310550465,0.0,0.0
1238,2019-02-21 14:00:00,2,2019-02-21 15:00:00,0.10531,0.10531,0.10531,0.0,0.7262762227907895,502.23154820218895,-0.0,15.058805096684296,0.0,487.17274310550465,487.17274310550465,0.0,0.0
1239,2019-02-21 15:00:00,2,2019-02-21 16:00:00,0.10531,0.10531,0.10531,0.0,0.6989957787750571,495.60425088602113,-0.0,8.431507780516483,0.0,487.17274310550465,487.17274310550465,0.0,0.0
1240,2019-02-21 16:00:00,2,2019-02-21 17:00:00,0.13592,0.13592,0.13592,0.0,0.6837213081581794,494.6074134253294,-0.0,22.47930379228124,0.0,472.12810963304815,472.12810963304815,0.0,0.0
1241,2019-02-21 17:00:00,2,2019-02-21 18:00:00,0.13592,0.13592,0.13592,0.0,0.6429979317228873,495.98792342868785,-0.0,8.815180323183199,0.0,487.17274310550465,487.17274310550465,0.0,0.0
1242,2019-02-21 18:00:00,2,2019-02-21 19:00:00,0.13592,0.13592,0.13592,0.0,0.6270284021519033,505.6924210933552,-0.0,18.51967798785057,0.0,487.17274310550465,487.17274310550465,0.0,0.0
1243,2019-02-21 19:00:00,2,2019-02-21 20:00:00,0.13592,0.13592,0.13592,0.0,0.5934782608695652,456.61200550683276,-0.0,300.0,0.0,156.61200550683276,156.61200550683276,0.0,0.0
1244,2019-02-21 20:00:00,2,2019-02-21 21:00:00,0.13592,0.13592,0.13592,0.0,0.05,401.9229892070896,-0.0,0.0,0.0,401.9229892070896,401.9229892070896,0.0,1.0
1245,2019-02-21 21:00:00,2,2019-02-21 22:00:00,0.10531,0.10531,0.10531,0.0,0.05,282.5872742095334,-0.0,0.0,0.0,282.5872742095334,282.5872742095334,0.0,1.0
1246,2019-02-21 22:00:00,2,2019-02-21 23:00:00,0.10531,0.10531,0.10531,0.0,0.05,186.19560070600804,-0.0,0.0,0.0,186.19560070600804,186.19560070600804,0.0,0.0
1247,2019-02-21 23:00:00,2,2019-02-22 00:00:00,0.10531,0.10531,0.10531,0.0,0.05,256.73746977216155,-0.0,0.0,0.0,256.73746977216155,256.73746977216155,0.0,1.0
1248,2019-02-22 00:00:00,2,2019-02-22 01:00:00,0.10531,0.10531,0.10531,0.0,0.05,194.98511677598708,-0.0,0.0,0.0,194.98511677598708,194.98511677598708,0.0,0.0
1249,2019-02-22 01:00:00,2,2019-02-22 02:00:00,0.10531,0.10531,0.10531,0.0,0.05,177.87068643352944,-0.0,0.0,0.0,177.87068643352944,177.87068643352944,0.0,0.0
1250,2019-02-22 02:00:00,2,2019-02-22 03:00:00,0.10531,0.10531,0.10531,0.0,0.05,174.57398349824211,-0.0,0.0,0.0,174.57398349824211,174.57398349824211,0.0,0.0
1251,2019-02-22 03:00:00,2,2019-02-22 04:00:00,0.10531,0.10531,0.10531,0.0,0.05,171.1246933392356,-0.0,0.0,0.0,171.1246933392356,171.1246933392356,0.0,0.0
1252,2019-02-22 04:00:00,2,2019-02-22 05:00:00,0.10531,0.10531,0.10531,0.0,0.05,181.80533597098733,-118.7206244711792,0.0,0.0,300.52596044216654,300.52596044216654,0.0,1.0
1253,2019-02-22 05:00:00,2,2019-02-22 06:00:00,0.10531,0.10531,0.10531,0.0,0.23203829085580813,178.92633784480898,-0.0,0.0,0.0,178.92633784480898,178.92633784480898,0.0,0.0
1254,2019-02-22 06:00:00,2,2019-02-22 07:00:00,0.10531,0.10531,0.10531,0.0,0.23203829085580813,266.2798741756863,-220.89286892981835,0.0,0.0,487.17274310550465,487.17274310550465,0.0,1.0
1255,2019-02-22 07:00:00,2,2019-02-22 08:00:00,0.10531,0.10531,0.10531,0.0,0.5707406898815296,265.5796494929381,-221.59309361256658,0.0,0.0,487.17274310550465,487.17274310550465,0.0,1.0
1256,2019-02-22 08:00:00,2,2019-02-22 09:00:00,0.10531,0.10531,0.10531,0.0,0.9105167667541316,428.81411272776444,-58.35863037774021,0.0,0.0,487.17274310550465,487.17274310550465,0.0,1.0
1257,2019-02-22 09:00:00,2,2019-02-22 10:00:00,0.10531,0.10531,0.10531,0.0,1.0,493.8144746721036,-0.0,6.641731566598935,0.0,487.17274310550465,487.17274310550465,0.0,0.0
1258,2019-02-22 10:00:00,2,2019-02-22 11:00:00,0.10531,0.10531,0.10531,0.0,0.9879678775967411,482.74457973292823,-4.428163372576421,0.0,0.0,487.17274310550465,487.17274310550465,0.0,1.0
1259,2019-02-22 11:00:00,2,2019-02-22 12:00:00,0.10531,0.10531,0.10531,0.0,0.9947577281013582,551.0049220967337,-0.0,63.83217899122906,0.0,487.17274310550465,487.17274310550465,0.0,0.0
1260,2019-02-22 12:00:00,2,2019-02-22 13:00:00,0.10531,0.10531,0.10531,0.0,0.8791197226824651,526.0628457204112,-0.0,38.890102614906596,0.0,487.17274310550465,487.17274310550465,0.0,0.0
1261,2019-02-22 13:00:00,2,2019-02-22 14:00:00,0.10531,0.10531,0.10531,0.0,0.8086666382351706,515.738980382114,-0.0,28.5662372766094,0.0,487.17274310550465,487.17274310550465,0.0,0.0
1262,2019-02-22 14:00:00,2,2019-02-22 15:00:00,0.10531,0.10531,0.10531,0.0,0.7569162083862405,502.0005891520025,-0.0,14.827846046497825,0.0,487.17274310550465,487.17274310550465,0.0,0.0
1263,2019-02-22 15:00:00,2,2019-02-22 16:00:00,0.10531,0.10531,0.10531,0.0,0.7300541684469328,498.1667202297803,-0.0,10.99397712427566,0.0,487.17274310550465,487.17274310550465,0.0,0.0
1264,2019-02-22 16:00:00,2,2019-02-22 17:00:00,0.13592,0.13592,0.13592,0.0,0.7101375432217958,500.078380555503,-0.0,48.97997461720911,0.0,451.09840593829387,451.09840593829387,0.0,0.0
1265,2019-02-22 17:00:00,2,2019-02-22 18:00:00,0.13592,0.13592,0.13592,0.0,0.6214057051471417,502.5886923467268,-0.0,15.415949241222165,0.0,487.17274310550465,487.17274310550465,0.0,0.0
1266,2019-02-22 18:00:00,2,2019-02-22 19:00:00,0.13592,0.13592,0.13592,0.0,0.5934782608695652,512.0299250287214,-0.0,300.0,0.0,212.02992502872144,212.02992502872144,0.0,0.0
1267,2019-02-22 19:00:00,2,2019-02-22 20:00:00,0.13592,0.13592,0.13592,0.0,0.05,478.1455241317335,-0.0,0.0,0.0,478.1455241317335,478.1455241317335,0.0,1.0
1268,2019-02-22 20:00:00,2,2019-02-22 21:00:00,0.13592,0.13592,0.13592,0.0,0.05,420.92313932005493,-0.0,0.0,0.0,420.92313932005493,420.92313932005493,0.0,0.0
1269,2019-02-22 21:00:00,2,2019-02-22 22:00:00,0.10531,0.10531,0.10531,0.0,0.05,297.1299024579545,-0.0,0.0,0.0,297.1299024579545,297.1299024579545,0.0,1.0
1270,2019-02-22 22:00:00,2,2019-02-22 23:00:00,0.10531,0.10531,0.10531,0.0,0.05,190.51136159911204,-0.0,0.0,0.0,190.51136159911204,190.51136159911204,0.0,0.0
1271,2019-02-22 23:00:00,2,2019-02-23 00:00:00,0.10531,0.10531,0.10531,0.0,0.05,260.45036491012434,-0.0,0.0,0.0,260.45036491012434,260.45036491012434,0.0,1.0
1272,2019-02-23 00:00:00,2,2019-02-23 01:00:00,0.10531,0.10531,0.10531,0.0,0.05,197.8933317975731,-0.0,0.0,0.0,197.8933317975731,197.8933317975731,0.0,0.0
1273,2019-02-23 01:00:00,2,2019-02-23 02:00:00,0.10531,0.10531,0.10531,0.0,0.05,180.2472354898548,-0.0,0.0,0.0,180.2472354898548,180.2472354898548,0.0,0.0
1274,2019-02-23 02:00:00,2,2019-02-23 03:00:00,0.10531,0.10531,0.10531,0.0,0.05,177.09899623475047,-0.0,0.0,0.0,177.09899623475047,177.09899623475047,0.0,0.0
1275,2019-02-23 03:00:00,2,2019-02-23 04:00:00,0.10531,0.10531,0.10531,0.0,0.05,174.17195026078798,-0.0,0.0,0.0,174.17195026078798,174.17195026078798,0.0,0.0
1276,2019-02-23 04:00:00,2,2019-02-23 05:00:00,0.10531,0.10531,0.10531,0.0,0.05,185.1726954689541,-112.67203853136205,0.0,0.0,297.8447340003161,297.8447340003161,0.0,1.0
1277,2019-02-23 05:00:00,2,2019-02-23 06:00:00,0.10531,0.10531,0.10531,0.0,0.22276379241475516,181.6754490806822,-0.0,0.0,0.0,181.6754490806822,181.6754490806822,0.0,0.0
1278,2019-02-23 06:00:00,2,2019-02-23 07:00:00,0.10531,0.10531,0.10531,0.0,0.22276379241475516,259.9099160388466,-227.26282706665808,0.0,0.0,487.17274310550465,487.17274310550465,0.0,1.0
1279,2019-02-23 07:00:00,2,2019-02-23 08:00:00,0.10531,0.10531,0.10531,0.0,0.5712334605836309,265.5198190286187,-221.65292407688594,0.0,0.0,487.17274310550465,487.17274310550465,0.0,1.0
1280,2019-02-23 08:00:00,2,2019-02-23 09:00:00,0.10531,0.10531,0.10531,0.0,0.9111012775015227,429.1953153891064,-57.97742771639827,0.0,0.0,487.17274310550465,487.17274310550465,0.0,1.0
1281,2019-02-23 09:00:00,2,2019-02-23 10:00:00,0.10531,0.10531,0.10531,0.0,1.0,497.23634144913603,-0.0,10.063598343631384,0.0,487.17274310550465,487.17274310550465,0.0,0.0
1282,2019-02-23 10:00:00,2,2019-02-23 11:00:00,0.10531,0.10531,0.10531,0.0,0.981768843580378,484.0651593659224,-3.107583739582253,0.0,0.0,487.17274310550465,487.17274310550465,0.0,1.0
1283,2019-02-23 11:00:00,2,2019-02-23 12:00:00,0.10531,0.10531,0.10531,0.0,0.986533805314404,548.3647484850852,-0.0,61.192005379580564,0.0,487.17274310550465,487.17274310550465,0.0,0.0
1284,2019-02-23 12:00:00,2,2019-02-23 13:00:00,0.10531,0.10531,0.10531,0.0,0.8756787231050189,516.6225759310365,-0.0,29.44983282553187,0.0,487.17274310550465,487.17274310550465,0.0,0.0
1285,2019-02-23 13:00:00,2,2019-02-23 14:00:00,0.10531,0.10531,0.10531,0.0,0.822327576681954,507.679619227386,-0.0,20.506876121881362,0.0,487.17274310550465,487.17274310550465,0.0,0.0
1286,2019-02-23 14:00:00,2,2019-02-23 15:00:00,0.10531,0.10531,0.10531,0.0,0.785177438779995,498.1619746749935,-0.0,10.989231569488823,0.0,487.17274310550465,487.17274310550465,0.0,0.0
1287,2019-02-23 15:00:00,2,2019-02-23 16:00:00,0.10531,0.10531,0.10531,0.0,0.7652694105743993,490.6816239687482,-0.0,3.5088808632435757,0.0,487.17274310550465,487.17274310550465,0.0,0.0
1288,2019-02-23 16:00:00,2,2019-02-23 17:00:00,0.13592,0.13592,0.13592,0.0,0.7589127423438856,491.7477252536219,-0.0,300.0,0.0,191.74772525362192,191.74772525362192,0.0,0.0
1289,2019-02-23 17:00:00,2,2019-02-23 18:00:00,0.13592,0.13592,0.13592,0.0,0.2154344814743204,499.16665520160706,-0.0,11.993912096102406,0.0,487.17274310550465,487.17274310550465,0.0,0.0
1290,2019-02-23 18:00:00,2,2019-02-23 19:00:00,0.13592,0.13592,0.13592,0.0,0.1937063798509465,515.1265899088618,-0.0,27.953846803357123,0.0,487.17274310550465,487.17274310550465,0.0,0.0
1291,2019-02-23 19:00:00,2,2019-02-23 20:00:00,0.13592,0.13592,0.13592,0.0,0.14306535303327053,487.8205063307073,-0.0,51.37207487436534,0.0,436.44843145634195,436.44843145634195,0.0,0.0
1292,2019-02-23 20:00:00,2,2019-02-23 21:00:00,0.13592,0.13592,0.13592,0.0,0.05,432.8369685166702,-0.0,0.0,0.0,432.8369685166702,432.8369685166702,0.0,1.0
1293,2019-02-23 21:00:00,2,2019-02-23 22:00:00,0.10531,0.10531,0.10531,0.0,0.05,310.11897732849195,-0.0,0.0,0.0,310.11897732849195,310.11897732849195,0.0,1.0
1294,2019-02-23 22:00:00,2,2019-02-23 23:00:00,0.10531,0.10531,0.10531,0.0,0.05,206.95555925248223,-0.0,0.0,0.0,206.95555925248223,206.95555925248223,0.0,0.0
1295,2019-02-23 23:00:00,2,2019-02-24 00:00:00,0.10531,0.10531,0.10531,0.0,0.05,276.20569485831334,-0.0,0.0,0.0,276.20569485831334,276.20569485831334,0.0,1.0
1296,2019-02-24 00:00:00,2,2019-02-24 01:00:00,0.10531,0.10531,0.10531,0.0,0.05,217.14165453067855,-0.0,0.0,0.0,217.14165453067855,217.14165453067855,0.0,0.0
1297,2019-02-24 01:00:00,2,2019-02-24 02:00:00,0.10531,0.10531,0.10531,0.0,0.05,198.06946898502503,-0.0,0.0,0.0,198.06946898502503,198.06946898502503,0.0,0.0
1298,2019-02-24 02:00:00,2,2019-02-24 03:00:00,0.10531,0.10531,0.10531,0.0,0.05,194.57345447793963,-0.0,0.0,0.0,194.57345447793963,194.57345447793963,0.0,0.0
1299,2019-02-24 03:00:00,2,2019-02-24 04:00:00,0.10531,0.10531,0.10531,0.0,0.05,191.94687404802437,-3.6311082581717233,0.0,0.0,195.5779823061961,195.5779823061961,0.0,1.0
1300,2019-02-24 04:00:00,2,2019-02-24 05:00:00,0.10531,0.10531,0.10531,0.0,0.05556769932919664,236.67837713462416,-0.0,0.0,0.0,236.67837713462416,236.67837713462416,0.0,0.0
1301,2019-02-24 05:00:00,2,2019-02-24 06:00:00,0.10531,0.10531,0.10531,0.0,0.05556769932919664,235.42101717523354,-251.7517259302711,0.0,0.0,487.17274310550465,487.17274310550465,0.0,1.0
1302,2019-02-24 06:00:00,2,2019-02-24 07:00:00,0.10531,0.10531,0.10531,0.0,0.441587012422279,317.49720360083796,-169.6755395046667,0.0,0.0,487.17274310550465,487.17274310550465,0.0,1.0
1303,2019-02-24 07:00:00,2,2019-02-24 08:00:00,0.10531,0.10531,0.10531,0.0,0.7017561729961013,318.21955909376044,-168.9531840117442,0.0,0.0,487.17274310550465,487.17274310550465,0.0,1.0
1304,2019-02-24 08:00:00,2,2019-02-24 09:00:00,0.10531,0.10531,0.10531,0.0,0.9608177218141091,461.61908341905405,-25.5536596864506,0.0,0.0,487.17274310550465,487.17274310550465,0.0,1.0
1305,2019-02-24 09:00:00,2,2019-02-24 10:00:00,0.10531,0.10531,0.10531,0.0,1.0,524.2792651082965,-0.0,37.10652200279185,0.0,487.17274310550465,487.17274310550465,0.0,0.0
1306,2019-02-24 10:00:00,2,2019-02-24 11:00:00,0.10531,0.10531,0.10531,0.0,0.9327780398500147,509.767802654117,-0.0,22.59505954861237,0.0,487.17274310550465,487.17274310550465,0.0,0.0
1307,2019-02-24 11:00:00,2,2019-02-24 12:00:00,0.10531,0.10531,0.10531,0.0,0.8918449609576009,570.1194502943796,-0.0,82.94670718887494,0.0,487.17274310550465,487.17274310550465,0.0,0.0
1308,2019-02-24 12:00:00,2,2019-02-24 13:00:00,0.10531,0.10531,0.10531,0.0,0.7415791870647116,540.0950823972856,-0.0,52.922339291780986,0.0,487.17274310550465,487.17274310550465,0.0,0.0
1309,2019-02-24 13:00:00,2,2019-02-24 14:00:00,0.10531,0.10531,0.10531,0.0,0.645705383999891,534.2338657963268,-0.0,47.06112269082212,0.0,487.17274310550465,487.17274310550465,0.0,0.0
1310,2019-02-24 14:00:00,2,2019-02-24 15:00:00,0.10531,0.10531,0.10531,0.0,0.5604497269513002,522.2576286022246,-0.0,35.08488549671995,0.0,487.17274310550465,487.17274310550465,0.0,0.0
1311,2019-02-24 15:00:00,2,2019-02-24 16:00:00,0.10531,0.10531,0.10531,0.0,0.496890151776083,512.8694806732304,-0.0,25.69673756772579,0.0,487.17274310550465,487.17274310550465,0.0,0.0
1312,2019-02-24 16:00:00,2,2019-02-24 17:00:00,0.13592,0.13592,0.13592,0.0,0.45033809096498556,509.5802793984236,-0.0,22.407536292918962,0.0,487.17274310550465,487.17274310550465,0.0,0.0
1313,2019-02-24 17:00:00,2,2019-02-24 18:00:00,0.13592,0.13592,0.13592,0.0,0.40974472811549467,510.90990475865135,-0.0,23.7371616531467,0.0,487.17274310550465,487.17274310550465,0.0,0.0
1314,2019-02-24 18:00:00,2,2019-02-24 19:00:00,0.13592,0.13592,0.13592,0.0,0.3667426236713883,520.4068594353045,-0.0,174.84192826660637,0.0,345.5649311686981,345.5649311686981,0.0,0.0
1315,2019-02-24 19:00:00,2,2019-02-24 20:00:00,0.13592,0.13592,0.13592,0.0,0.05,473.7323681431939,-0.0,0.0,0.0,473.7323681431939,473.7323681431939,0.0,0.0
1316,2019-02-24 20:00:00,2,2019-02-24 21:00:00,0.13592,0.13592,0.13592,0.0,0.05,417.9024277918966,-0.0,0.0,0.0,417.9024277918966,417.9024277918966,0.0,1.0
1317,2019-02-24 21:00:00,2,2019-02-24 22:00:00,0.10531,0.10531,0.10531,0.0,0.05,296.8674071778565,-93.4838134392211,0.0,0.0,390.35122061707756,390.35122061707756,0.0,1.0
1318,2019-02-24 22:00:00,2,2019-02-24 23:00:00,0.10531,0.10531,0.10531,0.0,0.19334184727347237,202.97238971069467,-0.0,0.0,0.0,202.97238971069467,202.97238971069467,0.0,0.0
1319,2019-02-24 23:00:00,2,2019-02-25 00:00:00,0.10531,0.10531,0.10531,0.0,0.19334184727347237,272.1772039339317,-0.0,0.0,0.0,272.1772039339317,272.1772039339317,0.0,1.0
1320,2019-02-25 00:00:00,2,2019-02-25 01:00:00,0.10531,0.10531,0.10531,0.0,0.19334184727347237,205.4893390182124,-0.0,0.0,0.0,205.4893390182124,205.4893390182124,0.0,0.0
1321,2019-02-25 01:00:00,2,2019-02-25 02:00:00,0.10531,0.10531,0.10531,0.0,0.19334184727347237,186.39813133378328,-0.0,0.0,0.0,186.39813133378328,186.39813133378328,0.0,0.0
1322,2019-02-25 02:00:00,2,2019-02-25 03:00:00,0.10531,0.10531,0.10531,0.0,0.19334184727347237,181.54674476205093,-0.0,0.0,0.0,181.54674476205093,181.54674476205093,0.0,0.0
1323,2019-02-25 03:00:00,2,2019-02-25 04:00:00,0.10531,0.10531,0.10531,0.0,0.19334184727347237,177.25463007229706,-0.0,0.0,0.0,177.25463007229706,177.25463007229706,0.0,0.0
1324,2019-02-25 04:00:00,2,2019-02-25 05:00:00,0.10531,0.10531,0.10531,0.0,0.19334184727347237,187.93895738052217,-0.0,0.0,0.0,187.93895738052217,187.93895738052217,0.0,0.0
1325,2019-02-25 05:00:00,2,2019-02-25 06:00:00,0.10531,0.10531,0.10531,0.0,0.19334184727347237,184.91427993861896,-38.94876911431319,0.0,0.0,223.86304905293215,223.86304905293215,0.0,1.0
1326,2019-02-25 06:00:00,2,2019-02-25 07:00:00,0.10531,0.10531,0.10531,0.0,0.2530632932487526,239.1179212308058,-248.05482187469886,0.0,0.0,487.17274310550465,487.17274310550465,0.0,1.0
1327,2019-02-25 07:00:00,2,2019-02-25 08:00:00,0.10531,0.10531,0.10531,0.0,0.6334140201232908,248.09493014243347,-239.07781296307118,0.0,0.0,487.17274310550465,487.17274310550465,0.0,1.0
1328,2019-02-25 08:00:00,2,2019-02-25 09:00:00,0.10531,0.10531,0.10531,0.0,1.0,382.25957097990926,-0.0,0.0,0.0,382.25957097990926,382.25957097990926,0.0,0.0
1329,2019-02-25 09:00:00,2,2019-02-25 10:00:00,0.10531,0.10531,0.10531,0.0,1.0,431.2603283093754,-0.0,0.0,0.0,431.2603283093754,431.2603283093754,0.0,0.0
1330,2019-02-25 10:00:00,2,2019-02-25 11:00:00,0.10531,0.10531,0.10531,0.0,1.0,492.99878422972273,-0.0,5.826041124218079,0.0,487.17274310550465,487.17274310550465,0.0,0.0
1331,2019-02-25 11:00:00,2,2019-02-25 12:00:00,0.10531,0.10531,0.10531,0.0,0.9894455776735179,560.4714016762433,-0.0,73.29865857073867,0.0,487.17274310550465,487.17274310550465,0.0,0.0
1332,2019-02-25 12:00:00,2,2019-02-25 13:00:00,0.10531,0.10531,0.10531,0.0,0.8566581527265277,533.680737201377,-0.0,46.50799409587239,0.0,487.17274310550465,487.17274310550465,0.0,0.0
1333,2019-02-25 13:00:00,2,2019-02-25 14:00:00,0.10531,0.10531,0.10531,0.0,0.7724045402340052,529.7706730023701,-0.0,42.59792989686548,0.0,487.17274310550465,487.17274310550465,0.0,0.0
1334,2019-02-25 14:00:00,2,2019-02-25 15:00:00,0.10531,0.10531,0.10531,0.0,0.6952343773773648,519.6732120043835,-0.0,32.50046889887881,0.0,487.17274310550465,487.17274310550465,0.0,0.0
1335,2019-02-25 15:00:00,2,2019-02-25 16:00:00,0.10531,0.10531,0.10531,0.0,0.6363567163286713,511.31462328435157,-0.0,24.141880178846918,0.0,487.17274310550465,487.17274310550465,0.0,0.0
1336,2019-02-25 16:00:00,2,2019-02-25 17:00:00,0.13592,0.13592,0.13592,0.0,0.5926214261496008,509.1272981063626,-0.0,21.954555000857965,0.0,487.17274310550465,487.17274310550465,0.0,0.0
1337,2019-02-25 17:00:00,2,2019-02-25 18:00:00,0.13592,0.13592,0.13592,0.0,0.5528486815828292,511.18590063005195,-0.0,273.19200812706697,0.0,237.99389250298498,237.99389250298498,0.0,0.0
1338,2019-02-25 18:00:00,2,2019-02-25 19:00:00,0.13592,0.13592,0.13592,0.0,0.05793562338162083,491.55320721215935,-0.0,4.380464106654699,0.0,487.17274310550465,487.17274310550465,0.0,0.0
1339,2019-02-25 19:00:00,2,2019-02-25 20:00:00,0.13592,0.13592,0.13592,0.0,0.05,397.1449236634011,-0.0,0.0,0.0,397.1449236634011,397.1449236634011,0.0,1.0
1340,2019-02-25 20:00:00,2,2019-02-25 21:00:00,0.13592,0.13592,0.13592,0.0,0.05,371.47515232008567,-0.0,0.0,0.0,371.47515232008567,371.47515232008567,0.0,0.0
1341,2019-02-25 21:00:00,2,2019-02-25 22:00:00,0.10531,0.10531,0.10531,0.0,0.05,277.80108758207007,-0.0,0.0,0.0,277.80108758207007,277.80108758207007,0.0,1.0
1342,2019-02-25 22:00:00,2,2019-02-25 23:00:00,0.10531,0.10531,0.10531,0.0,0.05,199.53912908264914,-0.0,0.0,0.0,199.53912908264914,199.53912908264914,0.0,0.0
1343,2019-02-25 23:00:00,2,2019-02-26 00:00:00,0.10531,0.10531,0.10531,0.0,0.05,269.189189610105,-0.0,0.0,0.0,269.189189610105,269.189189610105,0.0,1.0
1344,2019-02-26 00:00:00,2,2019-02-26 01:00:00,0.10531,0.10531,0.10531,0.0,0.05,208.69943547353392,-0.0,0.0,0.0,208.69943547353392,208.69943547353392,0.0,0.0
1345,2019-02-26 01:00:00,2,2019-02-26 02:00:00,0.10531,0.10531,0.10531,0.0,0.05,190.56992042837575,-0.0,0.0,0.0,190.56992042837575,190.56992042837575,0.0,0.0
1346,2019-02-26 02:00:00,2,2019-02-26 03:00:00,0.10531,0.10531,0.10531,0.0,0.05,186.15084709953916,-0.0,0.0,0.0,186.15084709953916,186.15084709953916,0.0,0.0
1347,2019-02-26 03:00:00,2,2019-02-26 04:00:00,0.10531,0.10531,0.10531,0.0,0.05,182.2534591540702,-0.0,0.0,0.0,182.2534591540702,182.2534591540702,0.0,0.0
1348,2019-02-26 04:00:00,2,2019-02-26 05:00:00,0.10531,0.10531,0.10531,0.0,0.05,193.12780918788746,-0.0,0.0,0.0,193.12780918788746,193.12780918788746,0.0,0.0
1349,2019-02-26 05:00:00,2,2019-02-26 06:00:00,0.10531,0.10531,0.10531,0.0,0.05,190.9791263045907,-0.0,0.0,0.0,190.9791263045907,190.9791263045907,0.0,0.0
1350,2019-02-26 06:00:00,2,2019-02-26 07:00:00,0.10531,0.10531,0.10531,0.0,0.05,244.78452371665136,-182.60936116327292,0.0,0.0,427.39388487992426,427.39388487992426,0.0,1.0
1351,2019-02-26 07:00:00,2,2019-02-26 08:00:00,0.10531,0.10531,0.10531,0.0,0.33000102045035185,253.41164884921952,-0.0,0.0,0.0,253.41164884921952,253.41164884921952,0.0,0.0
1352,2019-02-26 08:00:00,2,2019-02-26 09:00:00,0.10531,0.10531,0.10531,0.0,0.33000102045035185,329.7910883744663,-145.67076197313833,0.0,0.0,475.46185034760464,475.46185034760464,0.0,1.0
1353,2019-02-26 09:00:00,2,2019-02-26 10:00:00,0.10531,0.10531,0.10531,0.0,0.5533628554758306,287.23726035534503,-188.2245899922596,0.0,0.0,475.46185034760464,475.46185034760464,0.0,1.0
1354,2019-02-26 10:00:00,2,2019-02-26 11:00:00,0.10531,0.10531,0.10531,0.0,0.841973893463962,372.4013460849712,-103.06050426263346,0.0,0.0,475.46185034760464,475.46185034760464,0.0,1.0
1355,2019-02-26 11:00:00,2,2019-02-26 12:00:00,0.10531,0.10531,0.10531,0.0,1.0,443.11838849232413,-0.0,0.0,0.0,443.11838849232413,443.11838849232413,0.0,0.0
1356,2019-02-26 12:00:00,2,2019-02-26 13:00:00,0.10531,0.10531,0.10531,0.0,1.0,475.46185034760464,-0.0,0.0,0.0,475.46185034760464,475.46185034760464,0.0,0.0
1357,2019-02-26 13:00:00,2,2019-02-26 14:00:00,0.10531,0.10531,0.10531,0.0,1.0,470.0786365125235,-0.0,0.0,0.0,470.0786365125235,470.0786365125235,0.0,1.0
1358,2019-02-26 14:00:00,2,2019-02-26 15:00:00,0.10531,0.10531,0.10531,0.0,1.0,456.07543748594026,-0.0,0.0,0.0,456.07543748594026,456.07543748594026,0.0,1.0
1359,2019-02-26 15:00:00,2,2019-02-26 16:00:00,0.10531,0.10531,0.10531,0.0,1.0,445.43951519589314,-0.0,0.0,0.0,445.43951519589314,445.43951519589314,0.0,0.0
1360,2019-02-26 16:00:00,2,2019-02-26 17:00:00,0.13592,0.13592,0.13592,0.0,1.0,442.25237764321815,-0.0,300.0,0.0,142.25237764321815,142.25237764321815,0.0,0.0
1361,2019-02-26 17:00:00,2,2019-02-26 18:00:00,0.13592,0.13592,0.13592,0.0,0.4565217391304348,385.3990259096605,-0.0,0.0,0.0,385.3990259096605,385.3990259096605,0.0,0.0
1362,2019-02-26 18:00:00,2,2019-02-26 19:00:00,0.13592,0.13592,0.13592,0.0,0.4565217391304348,410.38184897375334,-0.0,0.0,0.0,410.38184897375334,410.38184897375334,0.0,0.0
1363,2019-02-26 19:00:00,2,2019-02-26 20:00:00,0.13592,0.13592,0.13592,0.0,0.4565217391304348,371.5502400038553,-0.0,224.4,0.0,147.15024000385532,147.15024000385532,0.0,0.0
1364,2019-02-26 20:00:00,2,2019-02-26 21:00:00,0.13592,0.13592,0.13592,0.0,0.05,348.4712972169988,-0.0,0.0,0.0,348.4712972169988,348.4712972169988,0.0,1.0
1365,2019-02-26 21:00:00,2,2019-02-26 22:00:00,0.10531,0.10531,0.10531,0.0,0.05,312.50034579637907,-3.83690709765753,0.0,0.0,316.3372528940366,316.3372528940366,0.0,1.0
1366,2019-02-26 22:00:00,2,2019-02-26 23:00:00,0.10531,0.10531,0.10531,0.0,0.05588325754974155,203.55598394311042,-0.0,0.0,0.0,203.55598394311042,203.55598394311042,0.0,0.0
1367,2019-02-26 23:00:00,2,2019-02-27 00:00:00,0.10531,0.10531,0.10531,0.0,0.05588325754974155,272.3928819373556,-0.0,0.0,0.0,272.3928819373556,272.3928819373556,0.0,1.0
1368,2019-02-27 00:00:00,2,2019-02-27 01:00:00,0.10531,0.10531,0.10531,0.0,0.05588325754974155,216.19940247629845,-0.0,0.0,0.0,216.19940247629845,216.19940247629845,0.0,0.0
1369,2019-02-27 01:00:00,2,2019-02-27 02:00:00,0.10531,0.10531,0.10531,0.0,0.05588325754974155,197.6034164552475,-0.0,0.0,0.0,197.6034164552475,197.6034164552475,0.0,0.0
1370,2019-02-27 02:00:00,2,2019-02-27 03:00:00,0.10531,0.10531,0.10531,0.0,0.05588325754974155,193.17139506972984,-0.0,0.0,0.0,193.17139506972984,193.17139506972984,0.0,0.0
1371,2019-02-27 03:00:00,2,2019-02-27 04:00:00,0.10531,0.10531,0.10531,0.0,0.05588325754974155,189.20045130340617,-0.0,0.0,0.0,189.20045130340617,189.20045130340617,0.0,0.0
1372,2019-02-27 04:00:00,2,2019-02-27 05:00:00,0.10531,0.10531,0.10531,0.0,0.05588325754974155,199.42861723498922,-0.0,0.0,0.0,199.42861723498922,199.42861723498922,0.0,0.0
1373,2019-02-27 05:00:00,2,2019-02-27 06:00:00,0.10531,0.10531,0.10531,0.0,0.05588325754974155,196.34639792144694,-177.64546604847638,0.0,0.0,373.9918639699233,373.9918639699233,0.0,1.0
1374,2019-02-27 06:00:00,2,2019-02-27 07:00:00,0.10531,0.10531,0.10531,0.0,0.32827297215740536,276.3452082461814,-210.82753485932324,0.0,0.0,487.17274310550465,487.17274310550465,0.0,1.0
1375,2019-02-27 07:00:00,2,2019-02-27 08:00:00,0.10531,0.10531,0.10531,0.0,0.651541858941701,288.6137648402307,-198.55897826527394,0.0,0.0,487.17274310550465,487.17274310550465,0.0,1.0
1376,2019-02-27 08:00:00,2,2019-02-27 09:00:00,0.10531,0.10531,0.10531,0.0,0.9559989589484543,458.4764119849314,-28.696331120573234,0.0,0.0,487.17274310550465,487.17274310550465,0.0,1.0
1377,2019-02-27 09:00:00,2,2019-02-27 10:00:00,0.10531,0.10531,0.10531,0.0,1.0,531.6222954616742,-0.0,44.449552356169534,0.0,487.17274310550465,487.17274310550465,0.0,0.0
1378,2019-02-27 10:00:00,2,2019-02-27 11:00:00,0.10531,0.10531,0.10531,0.0,0.9194754486301278,519.4651217048124,-0.0,32.29237859930777,0.0,487.17274310550465,487.17274310550465,0.0,0.0
1379,2019-02-27 11:00:00,2,2019-02-27 12:00:00,0.10531,0.10531,0.10531,0.0,0.8609747627618166,581.7386895212126,-0.0,94.56594641570791,0.0,487.17274310550465,487.17274310550465,0.0,0.0
1380,2019-02-27 12:00:00,2,2019-02-27 13:00:00,0.10531,0.10531,0.10531,0.0,0.6896596424435051,556.3342420140063,-0.0,69.1614989085017,0.0,487.17274310550465,487.17274310550465,0.0,0.0
1381,2019-02-27 13:00:00,2,2019-02-27 14:00:00,0.10531,0.10531,0.10531,0.0,0.5643670719570889,551.1783614250643,-0.0,64.00561831955963,0.0,487.17274310550465,487.17274310550465,0.0,0.0
1382,2019-02-27 14:00:00,2,2019-02-27 15:00:00,0.10531,0.10531,0.10531,0.0,0.44841486485643745,536.0927459540121,-0.0,48.920002848507465,0.0,487.17274310550465,487.17274310550465,0.0,0.0
1383,2019-02-27 15:00:00,2,2019-02-27 16:00:00,0.10531,0.10531,0.10531,0.0,0.3597916712903007,524.0409798917774,-0.0,36.868236786272746,0.0,487.17274310550465,487.17274310550465,0.0,0.0
1384,2019-02-27 16:00:00,2,2019-02-27 17:00:00,0.13592,0.13592,0.13592,0.0,0.29300138725719793,518.9248751777047,-0.0,38.66248460216273,0.0,480.262390575542,480.262390575542,0.0,0.0
1385,2019-02-27 17:00:00,2,2019-02-27 18:00:00,0.13592,0.13592,0.13592,0.0,0.2229606542822654,521.3649817114556,-0.0,34.192238605950934,0.0,487.17274310550465,487.17274310550465,0.0,0.0
1386,2019-02-27 18:00:00,2,2019-02-27 19:00:00,0.13592,0.13592,0.13592,0.0,0.16101819303960072,532.560501122867,-0.0,45.38775801736233,0.0,487.17274310550465,487.17274310550465,0.0,0.0
1387,2019-02-27 19:00:00,2,2019-02-27 20:00:00,0.13592,0.13592,0.13592,0.0,0.07879399373278491,503.0670276460019,-0.0,15.894284540497267,0.0,487.17274310550465,487.17274310550465,0.0,0.0
1388,2019-02-27 20:00:00,2,2019-02-27 21:00:00,0.13592,0.13592,0.13592,0.0,0.05,445.02476922902684,-0.0,0.0,0.0,445.02476922902684,445.02476922902684,0.0,1.0
1389,2019-02-27 21:00:00,2,2019-02-27 22:00:00,0.10531,0.10531,0.10531,0.0,0.05,317.49075392897095,-31.870673286652845,0.0,0.0,349.3614272156238,349.3614272156238,0.0,1.0
1390,2019-02-27 22:00:00,2,2019-02-27 23:00:00,0.10531,0.10531,0.10531,0.0,0.09886836570620103,213.84154779351402,-0.0,0.0,0.0,213.84154779351402,213.84154779351402,0.0,0.0
1391,2019-02-27 23:00:00,2,2019-02-28 00:00:00,0.10531,0.10531,0.10531,0.0,0.09886836570620103,282.29087651301734,-0.0,0.0,0.0,282.29087651301734,282.29087651301734,0.0,1.0
1392,2019-02-28 00:00:00,2,2019-02-28 01:00:00,0.10531,0.10531,0.10531,0.0,0.09886836570620103,224.17493019780508,-0.0,0.0,0.0,224.17493019780508,224.17493019780508,0.0,0.0
1393,2019-02-28 01:00:00,2,2019-02-28 02:00:00,0.10531,0.10531,0.10531,0.0,0.09886836570620103,206.75192606344874,-0.0,0.0,0.0,206.75192606344874,206.75192606344874,0.0,0.0
1394,2019-02-28 02:00:00,2,2019-02-28 03:00:00,0.10531,0.10531,0.10531,0.0,0.09886836570620103,204.12903822239446,-0.0,0.0,0.0,204.12903822239446,204.12903822239446,0.0,0.0
1395,2019-02-28 03:00:00,2,2019-02-28 04:00:00,0.10531,0.10531,0.10531,0.0,0.09886836570620103,201.9784144490325,-0.0,0.0,0.0,201.9784144490325,201.9784144490325,0.0,0.0
1396,2019-02-28 04:00:00,2,2019-02-28 05:00:00,0.10531,0.10531,0.10531,0.0,0.09886836570620103,246.70223776666725,-0.0,0.0,0.0,246.70223776666725,246.70223776666725,0.0,0.0
1397,2019-02-28 05:00:00,2,2019-02-28 06:00:00,0.10531,0.10531,0.10531,0.0,0.09886836570620103,245.4485480795571,-252.8266759287992,0.0,0.0,498.2752240083563,498.2752240083563,0.0,1.0
1398,2019-02-28 06:00:00,2,2019-02-28 07:00:00,0.10531,0.10531,0.10531,0.0,0.48653593546369317,323.2287763480002,-175.04644766035608,0.0,0.0,498.2752240083563,498.2752240083563,0.0,1.0
1399,2019-02-28 07:00:00,2,2019-02-28 08:00:00,0.10531,0.10531,0.10531,0.0,0.7549404885429059,325.07371838169956,-159.8214205154962,0.0,0.0,484.89513889719575,484.89513889719575,0.0,1.0
1400,2019-02-28 08:00:00,2,2019-02-28 09:00:00,0.10531,0.10531,0.10531,0.0,1.0,476.73609573304464,-0.0,0.0,0.0,476.73609573304464,476.73609573304464,0.0,0.0
1401,2019-02-28 09:00:00,2,2019-02-28 10:00:00,0.10531,0.10531,0.10531,0.0,1.0,551.3067614291808,-0.0,53.03153742082452,0.0,498.2752240083563,498.2752240083563,0.0,0.0
1402,2019-02-28 10:00:00,2,2019-02-28 11:00:00,0.10531,0.10531,0.10531,0.0,0.9039283742376367,542.4432378434617,-0.0,44.1680138351054,0.0,498.2752240083563,498.2752240083563,0.0,0.0
1403,2019-02-28 11:00:00,2,2019-02-28 12:00:00,0.10531,0.10531,0.10531,0.0,0.8239138564204167,599.3389265836564,-0.0,101.06370257530011,0.0,498.2752240083563,498.2752240083563,0.0,0.0
1404,2019-02-28 12:00:00,2,2019-02-28 13:00:00,0.10531,0.10531,0.10531,0.0,0.6408274387115398,574.9533858212948,-0.0,76.67816181293844,0.0,498.2752240083563,498.2752240083563,0.0,0.0
1405,2019-02-28 13:00:00,2,2019-02-28 14:00:00,0.10531,0.10531,0.10531,0.0,0.5019177252823035,567.0888889321088,-0.0,68.8136649237525,0.0,498.2752240083563,498.2752240083563,0.0,0.0
1406,2019-02-28 14:00:00,2,2019-02-28 15:00:00,0.10531,0.10531,0.10531,0.0,0.37725528882623005,547.6670886397907,-0.0,49.391864631434345,0.0,498.2752240083563,498.2752240083563,0.0,0.0
1407,2019-02-28 15:00:00,2,2019-02-28 16:00:00,0.10531,0.10531,0.10531,0.0,0.28777727318957336,533.1547264599834,-0.0,34.879502451627076,0.0,498.2752240083563,498.2752240083563,0.0,0.0
1408,2019-02-28 16:00:00,2,2019-02-28 17:00:00,0.13592,0.13592,0.13592,0.0,0.22458976874821984,527.1438076851656,-0.0,28.868583676809294,0.0,498.2752240083563,498.2752240083563,0.0,0.0
1409,2019-02-28 17:00:00,2,2019-02-28 18:00:00,0.13592,0.13592,0.13592,0.0,0.17229160991342052,527.8208838296895,-0.0,29.545659821333174,0.0,498.2752240083563,498.2752240083563,0.0,0.0
1410,2019-02-28 18:00:00,2,2019-02-28 19:00:00,0.13592,0.13592,0.13592,0.0,0.11876686386028074,536.2345328592313,-0.0,37.959308850874976,0.0,498.2752240083563,498.2752240083563,0.0,0.0
1411,2019-02-28 19:00:00,2,2019-02-28 20:00:00,0.13592,0.13592,0.13592,0.0,0.05,491.7762044939926,-0.0,0.0,0.0,491.7762044939926,491.7762044939926,0.0,0.0
1412,2019-02-28 20:00:00,2,2019-02-28 21:00:00,0.13592,0.13592,0.13592,0.0,0.05,436.8525284618922,-0.0,0.0,0.0,436.8525284618922,436.8525284618922,0.0,1.0
1413,2019-02-28 21:00:00,2,2019-02-28 22:00:00,0.10531,0.10531,0.10531,0.0,0.05,314.02673142065197,-0.0,0.0,0.0,314.02673142065197,314.02673142065197,0.0,1.0
1414,2019-02-28 22:00:00,2,2019-02-28 23:00:00,0.10531,0.10531,0.10531,0.0,0.05,222.4346107455721,-0.0,0.0,0.0,222.4346107455721,222.4346107455721,0.0,0.0
1415,2019-02-28 23:00:00,2,2019-03-01 00:00:00,0.10531,0.10531,0.10531,0.0,0.05,290.134699792847,-0.0,0.0,0.0,290.134699792847,290.134699792847,0.0,1.0
1416,2019-03-01 00:00:00,3,2019-03-01 01:00:00,0.10531,0.10531,0.10531,0.0,0.05,233.639993052393,-0.0,0.0,0.0,233.639993052393,233.639993052393,0.0,0.0
1417,2019-03-01 01:00:00,3,2019-03-01 02:00:00,0.10531,0.10531,0.10531,0.0,0.05,215.87583374422996,-0.0,0.0,0.0,215.87583374422996,215.87583374422996,0.0,0.0
1418,2019-03-01 02:00:00,3,2019-03-01 03:00:00,0.10531,0.10531,0.10531,0.0,0.05,213.46906905047973,-0.0,0.0,0.0,213.46906905047973,213.46906905047973,0.0,0.0
1419,2019-03-01 03:00:00,3,2019-03-01 04:00:00,0.10531,0.10531,0.10531,0.0,0.05,212.4614572659281,-0.0,0.0,0.0,212.4614572659281,212.4614572659281,0.0,0.0
1420,2019-03-01 04:00:00,3,2019-03-01 05:00:00,0.10531,0.10531,0.10531,0.0,0.05,227.27326728125811,-263.95674550281456,0.0,0.0,491.23001278407264,491.23001278407264,0.0,1.0
1421,2019-03-01 05:00:00,3,2019-03-01 06:00:00,0.10531,0.10531,0.10531,0.0,0.454733676437649,227.4250455491334,-263.8049672349392,0.0,0.0,491.23001278407264,491.23001278407264,0.0,1.0
1422,2019-03-01 06:00:00,3,2019-03-01 07:00:00,0.10531,0.10531,0.10531,0.0,0.8592346261978892,308.5918594199343,-0.0,0.0,0.0,308.5918594199343,308.5918594199343,0.0,1.0
1423,2019-03-01 07:00:00,3,2019-03-01 08:00:00,0.10531,0.10531,0.10531,0.0,0.8592346261978892,325.54040750929704,-91.80350465355058,0.0,0.0,417.34391216284763,417.34391216284763,0.0,1.0
1424,2019-03-01 08:00:00,3,2019-03-01 09:00:00,0.10531,0.10531,0.10531,0.0,1.0,481.2471734068536,-0.0,0.0,0.0,481.2471734068536,481.2471734068536,0.0,1.0
1425,2019-03-01 09:00:00,3,2019-03-01 10:00:00,0.06431,0.06431,0.06431,0.0,1.0,538.4870371671242,-0.0,47.257024383051515,0.0,491.23001278407264,491.23001278407264,0.0,0.0
1426,2019-03-01 10:00:00,3,2019-03-01 11:00:00,0.06431,0.06431,0.06431,0.0,0.9143894485814285,522.4801643994314,-0.0,31.25015161535879,0.0,491.2300127840726,491.2300127840726,0.0,0.0
1427,2019-03-01 11:00:00,3,2019-03-01 12:00:00,0.06431,0.06431,0.06431,0.0,0.8577768550753436,577.6921545830393,-0.0,86.4621417989666,0.0,491.23001278407264,491.23001278407264,0.0,0.0
1428,2019-03-01 12:00:00,3,2019-03-01 13:00:00,0.06431,0.06431,0.06431,0.0,0.7011425402221433,548.2924482229646,-0.0,57.06243543889189,0.0,491.2300127840727,491.2300127840727,0.0,0.0
1429,2019-03-01 13:00:00,3,2019-03-01 14:00:00,0.06431,0.06431,0.06431,0.0,0.5977685629777739,548.7770414705494,-0.0,57.54702868647672,0.0,491.2300127840727,491.2300127840727,0.0,0.0
1430,2019-03-01 14:00:00,3,2019-03-01 15:00:00,0.10531,0.10531,0.10531,0.0,0.4935166994153161,539.3316712134713,-0.0,48.10165842939858,0.0,491.2300127840727,491.2300127840727,0.0,0.0
1431,2019-03-01 15:00:00,3,2019-03-01 16:00:00,0.10531,0.10531,0.10531,0.0,0.4063760138548116,530.1411770010718,-0.0,38.91116421699911,0.0,491.2300127840727,491.2300127840727,0.0,0.0
1432,2019-03-01 16:00:00,3,2019-03-01 17:00:00,0.13592,0.13592,0.13592,0.0,0.33588477433126246,528.8826344064457,-0.0,37.65262162237303,0.0,491.2300127840727,491.2300127840727,0.0,0.0
1433,2019-03-01 17:00:00,3,2019-03-01 18:00:00,0.13592,0.13592,0.13592,0.0,0.26767350327623907,532.5045699231185,-0.0,41.27455713904584,0.0,491.2300127840727,491.2300127840727,0.0,0.0
1434,2019-03-01 18:00:00,3,2019-03-01 19:00:00,0.13592,0.13592,0.13592,0.0,0.19290075483593852,543.3593799888258,-0.0,52.12936720475312,0.0,491.2300127840727,491.2300127840727,0.0,0.0
1435,2019-03-01 19:00:00,3,2019-03-01 20:00:00,0.13592,0.13592,0.13592,0.0,0.09846349540703803,517.9818622487577,-0.0,26.751849464684994,0.0,491.2300127840727,491.2300127840727,0.0,0.0
1436,2019-03-01 20:00:00,3,2019-03-01 21:00:00,0.13592,0.13592,0.13592,0.0,0.05,463.88569971906577,-0.0,0.0,0.0,463.88569971906577,463.88569971906577,0.0,1.0
1437,2019-03-01 21:00:00,3,2019-03-01 22:00:00,0.10531,0.10531,0.10531,0.0,0.05,334.9294030163576,-0.0,0.0,0.0,334.9294030163576,334.9294030163576,0.0,1.0
1438,2019-03-01 22:00:00,3,2019-03-01 23:00:00,0.10531,0.10531,0.10531,0.0,0.05,231.94737804176464,-0.0,0.0,0.0,231.94737804176464,231.94737804176464,0.0,0.0
1439,2019-03-01 23:00:00,3,2019-03-02 00:00:00,0.10531,0.10531,0.10531,0.0,0.05,297.5107361854264,-0.0,0.0,0.0,297.5107361854264,297.5107361854264,0.0,1.0
1440,2019-03-02 00:00:00,3,2019-03-02 01:00:00,0.10531,0.10531,0.10531,0.0,0.05,240.98374542048583,-0.0,0.0,0.0,240.98374542048583,240.98374542048583,0.0,0.0
1441,2019-03-02 01:00:00,3,2019-03-02 02:00:00,0.10531,0.10531,0.10531,0.0,0.05,222.22082621480249,-0.0,0.0,0.0,222.22082621480249,222.22082621480249,0.0,0.0
1442,2019-03-02 02:00:00,3,2019-03-02 03:00:00,0.10531,0.10531,0.10531,0.0,0.05,219.46311476884497,-0.0,0.0,0.0,219.46311476884497,219.46311476884497,0.0,0.0
1443,2019-03-02 03:00:00,3,2019-03-02 04:00:00,0.10531,0.10531,0.10531,0.0,0.05,217.41485310967875,-0.0,0.0,0.0,217.41485310967875,217.41485310967875,0.0,0.0
1444,2019-03-02 04:00:00,3,2019-03-02 05:00:00,0.10531,0.10531,0.10531,0.0,0.05,230.2262879970516,-6.911548071223202,0.0,0.0,237.1378360682748,237.1378360682748,0.0,1.0
1445,2019-03-02 05:00:00,3,2019-03-02 06:00:00,0.10531,0.10531,0.10531,0.0,0.06059770704254224,228.191974102056,-263.0380386820167,0.0,0.0,491.2300127840727,491.2300127840727,0.0,1.0
1446,2019-03-02 06:00:00,3,2019-03-02 07:00:00,0.10531,0.10531,0.10531,0.0,0.4639226996883012,307.4361546183206,-183.7938581657521,0.0,0.0,491.2300127840727,491.2300127840727,0.0,1.0
1447,2019-03-02 07:00:00,3,2019-03-02 08:00:00,0.10531,0.10531,0.10531,0.0,0.7457399488757878,325.4082403117604,-165.82177247231232,0.0,0.0,491.2300127840727,491.2300127840727,0.0,1.0
1448,2019-03-02 08:00:00,3,2019-03-02 09:00:00,0.10531,0.10531,0.10531,0.0,1.0,481.97374995250107,-0.0,0.0,0.0,481.97374995250107,481.97374995250107,0.0,0.0
1449,2019-03-02 09:00:00,3,2019-03-02 10:00:00,0.06431,0.06431,0.06431,0.0,1.0,541.8903397405253,-0.0,50.66032695645259,0.0,491.2300127840727,491.2300127840727,0.0,0.0
1450,2019-03-02 10:00:00,3,2019-03-02 11:00:00,0.06431,0.06431,0.06431,0.0,0.9082240453687453,531.18307854802,-0.0,39.953065763947336,0.0,491.2300127840727,491.2300127840727,0.0,0.0
1451,2019-03-02 11:00:00,3,2019-03-02 12:00:00,0.06431,0.06431,0.06431,0.0,0.8358453030427537,587.2097635699852,-0.0,95.97975078591247,0.0,491.2300127840727,491.2300127840727,0.0,0.0
1452,2019-03-02 12:00:00,3,2019-03-02 13:00:00,0.06431,0.06431,0.06431,0.0,0.6619689429233471,559.089716455253,-0.0,67.85970367118028,0.0,491.2300127840727,491.2300127840727,0.0,0.0
1453,2019-03-02 13:00:00,3,2019-03-02 14:00:00,0.06431,0.06431,0.06431,0.0,0.5390346971422233,551.1253690379513,-0.0,59.89535625387856,0.0,491.2300127840727,491.2300127840727,0.0,0.0
1454,2019-03-02 14:00:00,3,2019-03-02 15:00:00,0.10531,0.10531,0.10531,0.0,0.4305286169721535,535.9341791496331,-0.0,44.70416636556041,0.0,491.2300127840727,491.2300127840727,0.0,0.0
1455,2019-03-02 15:00:00,3,2019-03-02 16:00:00,0.10531,0.10531,0.10531,0.0,0.3495428083388919,522.8848366954512,-0.0,31.654823911378514,0.0,491.2300127840727,491.2300127840727,0.0,0.0
1456,2019-03-02 16:00:00,3,2019-03-02 17:00:00,0.13592,0.13592,0.13592,0.0,0.29219711284726413,512.1941935649901,-0.0,101.57802973781254,0.0,410.61616382717756,410.61616382717756,0.0,0.0
1457,2019-03-02 17:00:00,3,2019-03-02 18:00:00,0.13592,0.13592,0.13592,0.0,0.10817894303238636,503.9655428251254,-0.0,12.735530041052698,0.0,491.2300127840727,491.2300127840727,0.0,0.0
1458,2019-03-02 18:00:00,3,2019-03-02 19:00:00,0.13592,0.13592,0.13592,0.0,0.08510733063917497,510.6092592968973,-0.0,19.37924651282458,0.0,491.2300127840727,491.2300127840727,0.0,0.0
1459,2019-03-02 19:00:00,3,2019-03-02 20:00:00,0.13592,0.13592,0.13592,0.0,0.05,487.782271418871,-0.0,0.0,0.0,487.782271418871,487.782271418871,0.0,0.0
1460,2019-03-02 20:00:00,3,2019-03-02 21:00:00,0.13592,0.13592,0.13592,0.0,0.05,435.4309165109582,-0.0,0.0,0.0,435.4309165109582,435.4309165109582,0.0,1.0
1461,2019-03-02 21:00:00,3,2019-03-02 22:00:00,0.10531,0.10531,0.10531,0.0,0.05,309.35646285216535,-0.0,0.0,0.0,309.35646285216535,309.35646285216535,0.0,1.0
1462,2019-03-02 22:00:00,3,2019-03-02 23:00:00,0.10531,0.10531,0.10531,0.0,0.05,204.2473091126599,-0.0,0.0,0.0,204.2473091126599,204.2473091126599,0.0,0.0
1463,2019-03-02 23:00:00,3,2019-03-03 00:00:00,0.10531,0.10531,0.10531,0.0,0.05,272.93348530915557,-0.0,0.0,0.0,272.93348530915557,272.93348530915557,0.0,1.0
1464,2019-03-03 00:00:00,3,2019-03-03 01:00:00,0.10531,0.10531,0.10531,0.0,0.05,210.1081933694524,-0.0,0.0,0.0,210.1081933694524,210.1081933694524,0.0,0.0
1465,2019-03-03 01:00:00,3,2019-03-03 02:00:00,0.10531,0.10531,0.10531,0.0,0.05,191.48264897360485,-0.0,0.0,0.0,191.48264897360485,191.48264897360485,0.0,0.0
1466,2019-03-03 02:00:00,3,2019-03-03 03:00:00,0.10531,0.10531,0.10531,0.0,0.05,186.8198618131103,-0.0,0.0,0.0,186.8198618131103,186.8198618131103,0.0,0.0
1467,2019-03-03 03:00:00,3,2019-03-03 04:00:00,0.10531,0.10531,0.10531,0.0,0.05,182.74654440923658,-0.0,0.0,0.0,182.74654440923658,182.74654440923658,0.0,0.0
1468,2019-03-03 04:00:00,3,2019-03-03 05:00:00,0.10531,0.10531,0.10531,0.0,0.05,226.12774117262586,-0.0,0.0,0.0,226.12774117262586,226.12774117262586,0.0,0.0
1469,2019-03-03 05:00:00,3,2019-03-03 06:00:00,0.10531,0.10531,0.10531,0.0,0.05,224.00151645615693,-267.22849632791576,0.0,0.0,491.2300127840727,491.2300127840727,0.0,1.0
1470,2019-03-03 06:00:00,3,2019-03-03 07:00:00,0.10531,0.10531,0.10531,0.0,0.45975036103613753,304.0021341900247,-158.7611061002359,0.0,0.0,462.7632402902606,462.7632402902606,0.0,1.0
1471,2019-03-03 07:00:00,3,2019-03-03 08:00:00,0.10531,0.10531,0.10531,0.0,0.7031840570564992,297.65439782092,-193.5756149631527,0.0,0.0,491.2300127840727,491.2300127840727,0.0,1.0
1472,2019-03-03 08:00:00,3,2019-03-03 09:00:00,0.10531,0.10531,0.10531,0.0,1.0,441.4198212711835,-0.0,0.0,0.0,441.4198212711835,441.4198212711835,0.0,0.0
1473,2019-03-03 09:00:00,3,2019-03-03 10:00:00,0.06431,0.06431,0.06431,0.0,1.0,506.56245359853216,-0.0,15.33244081445946,0.0,491.2300127840727,491.2300127840727,0.0,0.0
1474,2019-03-03 10:00:00,3,2019-03-03 11:00:00,0.06431,0.06431,0.06431,0.0,0.9722238391042402,494.4667272688227,-0.0,3.236714484749996,0.0,491.2300127840727,491.2300127840727,0.0,0.0
1475,2019-03-03 11:00:00,3,2019-03-03 12:00:00,0.06431,0.06431,0.06431,0.0,0.9663602259072294,562.8804600858263,-0.0,71.65044730175356,0.0,491.2300127840727,491.2300127840727,0.0,0.0
1476,2019-03-03 12:00:00,3,2019-03-03 13:00:00,0.06431,0.06431,0.06431,0.0,0.8365586909402845,534.6016561132092,-0.0,43.371643329136475,0.0,491.2300127840727,491.2300127840727,0.0,0.0
1477,2019-03-03 13:00:00,3,2019-03-03 14:00:00,0.06431,0.06431,0.06431,0.0,0.7579868733150372,531.6594683600191,-0.0,40.429455575946406,0.0,491.2300127840727,491.2300127840727,0.0,0.0
1478,2019-03-03 14:00:00,3,2019-03-03 15:00:00,0.10531,0.10531,0.10531,0.0,0.6847451059673082,521.4147472477721,-0.0,30.184734463699385,0.0,491.2300127840727,491.2300127840727,0.0,0.0
1479,2019-03-03 15:00:00,3,2019-03-03 16:00:00,0.10531,0.10531,0.10531,0.0,0.6300626159968383,510.38367665508866,-0.0,19.153663871015965,0.0,491.2300127840727,491.2300127840727,0.0,0.0
1480,2019-03-03 16:00:00,3,2019-03-03 17:00:00,0.13592,0.13592,0.13592,0.0,0.5953639495638384,504.8414205328972,-0.0,13.61140774882449,0.0,491.2300127840727,491.2300127840727,0.0,0.0
1481,2019-03-03 17:00:00,3,2019-03-03 18:00:00,0.13592,0.13592,0.13592,0.0,0.5707056021927795,503.75516412314363,-0.0,12.52515133907093,0.0,491.2300127840727,491.2300127840727,0.0,0.0
1482,2019-03-03 18:00:00,3,2019-03-03 19:00:00,0.13592,0.13592,0.13592,0.0,0.5480151106364918,511.51454738383507,-0.0,274.9043410713434,0.0,236.61020631249164,236.61020631249164,0.0,0.0
1483,2019-03-03 19:00:00,3,2019-03-03 20:00:00,0.13592,0.13592,0.13592,0.0,0.05,471.1798159964396,-0.0,0.0,0.0,471.1798159964396,471.1798159964396,0.0,0.0
1484,2019-03-03 20:00:00,3,2019-03-03 21:00:00,0.13592,0.13592,0.13592,0.0,0.05,418.83212798746956,-0.0,0.0,0.0,418.83212798746956,418.83212798746956,0.0,1.0
1485,2019-03-03 21:00:00,3,2019-03-03 22:00:00,0.10531,0.10531,0.10531,0.0,0.05,297.0050582465905,-0.0,0.0,0.0,297.0050582465905,297.0050582465905,0.0,1.0
1486,2019-03-03 22:00:00,3,2019-03-03 23:00:00,0.10531,0.10531,0.10531,0.0,0.05,202.8458299199653,-0.0,0.0,0.0,202.8458299199653,202.8458299199653,0.0,0.0
1487,2019-03-03 23:00:00,3,2019-03-04 00:00:00,0.10531,0.10531,0.10531,0.0,0.05,271.8624147054623,-0.0,0.0,0.0,271.8624147054623,271.8624147054623,0.0,1.0
1488,2019-03-04 00:00:00,3,2019-03-04 01:00:00,0.10531,0.10531,0.10531,0.0,0.05,204.93064567401217,-0.0,0.0,0.0,204.93064567401217,204.93064567401217,0.0,0.0
1489,2019-03-04 01:00:00,3,2019-03-04 02:00:00,0.10531,0.10531,0.10531,0.0,0.05,186.12020222588868,-0.0,0.0,0.0,186.12020222588868,186.12020222588868,0.0,0.0
1490,2019-03-04 02:00:00,3,2019-03-04 03:00:00,0.10531,0.10531,0.10531,0.0,0.05,181.64008098731225,-0.0,0.0,0.0,181.64008098731225,181.64008098731225,0.0,0.0
1491,2019-03-04 03:00:00,3,2019-03-04 04:00:00,0.10531,0.10531,0.10531,0.0,0.05,178.0253548698478,-0.0,0.0,0.0,178.0253548698478,178.0253548698478,0.0,0.0
1492,2019-03-04 04:00:00,3,2019-03-04 05:00:00,0.10531,0.10531,0.10531,0.0,0.05,189.73338043755922,-0.0,0.0,0.0,189.73338043755922,189.73338043755922,0.0,0.0
1493,2019-03-04 05:00:00,3,2019-03-04 06:00:00,0.10531,0.10531,0.10531,0.0,0.05,188.04974094823802,-0.0,0.0,0.0,188.04974094823802,188.04974094823802,0.0,0.0
1494,2019-03-04 06:00:00,3,2019-03-04 07:00:00,0.10531,0.10531,0.10531,0.0,0.05,244.30643046680953,-246.92358231726317,0.0,0.0,491.2300127840727,491.2300127840727,0.0,1.0
1495,2019-03-04 07:00:00,3,2019-03-04 08:00:00,0.10531,0.10531,0.10531,0.0,0.4286161595531369,254.67502936452013,-227.76955907293384,0.0,0.0,482.44458843745394,482.44458843745394,0.0,1.0
1496,2019-03-04 08:00:00,3,2019-03-04 09:00:00,0.10531,0.10531,0.10531,0.0,0.7778628167983022,393.29951532815727,-97.93049745591543,0.0,0.0,491.2300127840727,491.2300127840727,0.0,1.0
1497,2019-03-04 09:00:00,3,2019-03-04 10:00:00,0.06431,0.06431,0.06431,0.0,0.9280229128973724,444.28843423888077,-46.94157854519193,0.0,0.0,491.2300127840727,491.2300127840727,0.0,1.0
1498,2019-03-04 10:00:00,3,2019-03-04 11:00:00,0.06431,0.06431,0.06431,0.0,1.0,499.87084211027775,-0.0,8.64082932620505,0.0,491.2300127840727,491.2300127840727,0.0,0.0
1499,2019-03-04 11:00:00,3,2019-03-04 12:00:00,0.06431,0.06431,0.06431,0.0,0.9843463236844112,563.0524870596183,-0.0,71.82247427554563,0.0,491.2300127840727,491.2300127840727,0.0,0.0
1500,2019-03-04 12:00:00,3,2019-03-04 13:00:00,0.06431,0.06431,0.06431,0.0,0.8542331456490024,533.3211926820547,-0.0,42.091179897982045,0.0,491.2300127840727,491.2300127840727,0.0,0.0
1501,2019-03-04 13:00:00,3,2019-03-04 14:00:00,0.06431,0.06431,0.06431,0.0,0.777981008152658,529.6542152073058,-0.0,38.42420242323311,0.0,491.2300127840727,491.2300127840727,0.0,0.0
1502,2019-03-04 14:00:00,3,2019-03-04 15:00:00,0.10531,0.10531,0.10531,0.0,0.7083719457917285,520.7940568623106,-0.0,29.56404407823794,0.0,491.2300127840727,491.2300127840727,0.0,0.0
1503,2019-03-04 15:00:00,3,2019-03-04 16:00:00,0.10531,0.10531,0.10531,0.0,0.6548138949253555,515.4508041199338,-0.0,24.220791335861065,0.0,491.2300127840727,491.2300127840727,0.0,0.0
1504,2019-03-04 16:00:00,3,2019-03-04 17:00:00,0.13592,0.13592,0.13592,0.0,0.6109356497516941,518.8338747440154,-0.0,27.603861959942662,0.0,491.2300127840727,491.2300127840727,0.0,0.0
1505,2019-03-04 17:00:00,3,2019-03-04 18:00:00,0.13592,0.13592,0.13592,0.0,0.5609286534474501,528.0497036687198,-0.0,36.81969088464706,0.0,491.2300127840727,491.2300127840727,0.0,0.0
1506,2019-03-04 18:00:00,3,2019-03-04 19:00:00,0.13592,0.13592,0.13592,0.0,0.494226314888307,512.7824097748315,-0.0,21.552396990758837,0.0,491.2300127840727,491.2300127840727,0.0,0.0
1507,2019-03-04 19:00:00,3,2019-03-04 20:00:00,0.13592,0.13592,0.13592,0.0,0.4551821174412801,419.39933380465067,-0.0,223.66052882758663,0.0,195.73880497706404,195.73880497706404,0.0,0.0
1508,2019-03-04 20:00:00,3,2019-03-04 21:00:00,0.13592,0.13592,0.13592,0.0,0.05,388.6954918455504,-0.0,0.0,0.0,388.6954918455504,388.6954918455504,0.0,1.0
1509,2019-03-04 21:00:00,3,2019-03-04 22:00:00,0.10531,0.10531,0.10531,0.0,0.05,290.5636151816579,-0.0,0.0,0.0,290.5636151816579,290.5636151816579,0.0,1.0
1510,2019-03-04 22:00:00,3,2019-03-04 23:00:00,0.10531,0.10531,0.10531,0.0,0.05,210.35812491136045,-0.0,0.0,0.0,210.35812491136045,210.35812491136045,0.0,0.0
1511,2019-03-04 23:00:00,3,2019-03-05 00:00:00,0.10531,0.10531,0.10531,0.0,0.05,276.3294807930295,-0.0,0.0,0.0,276.3294807930295,276.3294807930295,0.0,1.0
1512,2019-03-05 00:00:00,3,2019-03-05 01:00:00,0.10531,0.10531,0.10531,0.0,0.05,216.87500367882447,-0.0,0.0,0.0,216.87500367882447,216.87500367882447,0.0,0.0
1513,2019-03-05 01:00:00,3,2019-03-05 02:00:00,0.10531,0.10531,0.10531,0.0,0.05,197.9776376540496,-0.0,0.0,0.0,197.9776376540496,197.9776376540496,0.0,0.0
1514,2019-03-05 02:00:00,3,2019-03-05 03:00:00,0.10531,0.10531,0.10531,0.0,0.05,193.08238171507332,-0.0,0.0,0.0,193.08238171507332,193.08238171507332,0.0,0.0
1515,2019-03-05 03:00:00,3,2019-03-05 04:00:00,0.10531,0.10531,0.10531,0.0,0.05,188.57601660464363,-0.0,0.0,0.0,188.57601660464363,188.57601660464363,0.0,0.0
1516,2019-03-05 04:00:00,3,2019-03-05 05:00:00,0.10531,0.10531,0.10531,0.0,0.05,199.74037374927764,-0.0,0.0,0.0,199.74037374927764,199.74037374927764,0.0,0.0
1517,2019-03-05 05:00:00,3,2019-03-05 06:00:00,0.10531,0.10531,0.10531,0.0,0.05,198.8474387779733,-0.0,0.0,0.0,198.8474387779733,198.8474387779733,0.0,0.0
1518,2019-03-05 06:00:00,3,2019-03-05 07:00:00,0.10531,0.10531,0.10531,0.0,0.05,256.0375670146612,-0.0,0.0,0.0,256.0375670146612,256.0375670146612,0.0,1.0
1519,2019-03-05 07:00:00,3,2019-03-05 08:00:00,0.10531,0.10531,0.10531,0.0,0.05,261.7351400441421,-160.3497940104969,0.0,0.0,422.084934054639,422.084934054639,0.0,1.0
1520,2019-03-05 08:00:00,3,2019-03-05 09:00:00,0.10531,0.10531,0.10531,0.0,0.2958696841494286,337.57857677987045,-0.0,0.0,0.0,337.57857677987045,337.57857677987045,0.0,1.0
1521,2019-03-05 09:00:00,3,2019-03-05 10:00:00,0.06431,0.06431,0.06431,0.0,0.2958696841494286,291.34730590086934,-199.88270688320335,0.0,0.0,491.2300127840727,491.2300127840727,0.0,1.0
1522,2019-03-05 10:00:00,3,2019-03-05 11:00:00,0.06431,0.06431,0.06431,0.0,0.6023565013703405,365.6572958794035,-125.57271690466922,0.0,0.0,491.2300127840727,491.2300127840727,0.0,1.0
1523,2019-03-05 11:00:00,3,2019-03-05 12:00:00,0.06431,0.06431,0.06431,0.0,0.7949013339574998,430.25644368270923,-60.973569101363466,0.0,0.0,491.2300127840727,491.2300127840727,0.0,1.0
1524,2019-03-05 12:00:00,3,2019-03-05 13:00:00,0.06431,0.06431,0.06431,0.0,0.8883941399129238,456.10968183291044,-35.12033095116226,0.0,0.0,491.2300127840727,491.2300127840727,0.0,1.0
1525,2019-03-05 13:00:00,3,2019-03-05 14:00:00,0.06431,0.06431,0.06431,0.0,0.9422453140380393,453.56391324366354,-37.666099540409164,0.0,0.0,491.2300127840727,491.2300127840727,0.0,1.0
1526,2019-03-05 14:00:00,3,2019-03-05 15:00:00,0.10531,0.10531,0.10531,0.0,1.0,443.98725546159733,-6.178632484870436e-14,0.0,0.0,443.9872554615974,443.9872554615974,0.0,1.0
1527,2019-03-05 15:00:00,3,2019-03-05 16:00:00,0.10531,0.10531,0.10531,0.0,1.0,439.68682449770074,-0.0,0.0,0.0,439.68682449770074,439.68682449770074,0.0,0.0
1528,2019-03-05 16:00:00,3,2019-03-05 17:00:00,0.13592,0.13592,0.13592,0.0,1.0,444.74246554041997,-0.0,300.0,0.0,144.74246554041997,144.74246554041997,0.0,0.0
1529,2019-03-05 17:00:00,3,2019-03-05 18:00:00,0.13592,0.13592,0.13592,0.0,0.4565217391304348,392.5503229698964,-0.0,0.0,0.0,392.5503229698964,392.5503229698964,0.0,1.0
1530,2019-03-05 18:00:00,3,2019-03-05 19:00:00,0.13592,0.13592,0.13592,0.0,0.4565217391304348,412.3725682843603,-0.0,224.4,0.0,187.97256828436028,187.97256828436028,0.0,0.0
1531,2019-03-05 19:00:00,3,2019-03-05 20:00:00,0.13592,0.13592,0.13592,0.0,0.05,361.7049038860453,-0.0,0.0,0.0,361.7049038860453,361.7049038860453,0.0,1.0
1532,2019-03-05 20:00:00,3,2019-03-05 21:00:00,0.13592,0.13592,0.13592,0.0,0.05,333.1282032481927,-0.0,0.0,0.0,333.1282032481927,333.1282032481927,0.0,1.0
1533,2019-03-05 21:00:00,3,2019-03-05 22:00:00,0.10531,0.10531,0.10531,0.0,0.05,295.3505297001738,-0.0,0.0,0.0,295.3505297001738,295.3505297001738,0.0,1.0
1534,2019-03-05 22:00:00,3,2019-03-05 23:00:00,0.10531,0.10531,0.10531,0.0,0.05,182.20714748648277,-0.0,0.0,0.0,182.20714748648277,182.20714748648277,0.0,0.0
1535,2019-03-05 23:00:00,3,2019-03-06 00:00:00,0.10531,0.10531,0.10531,0.0,0.05,252.42414077107603,-0.0,0.0,0.0,252.42414077107603,252.42414077107603,0.0,0.0
1536,2019-03-06 00:00:00,3,2019-03-06 01:00:00,0.10531,0.10531,0.10531,0.0,0.05,192.55142282068397,-0.0,0.0,0.0,192.55142282068397,192.55142282068397,0.0,0.0
1537,2019-03-06 01:00:00,3,2019-03-06 02:00:00,0.10531,0.10531,0.10531,0.0,0.05,175.95009129836345,-0.0,0.0,0.0,175.95009129836345,175.95009129836345,0.0,0.0
1538,2019-03-06 02:00:00,3,2019-03-06 03:00:00,0.10531,0.10531,0.10531,0.0,0.05,172.88526598388285,-0.0,0.0,0.0,172.88526598388285,172.88526598388285,0.0,0.0
1539,2019-03-06 03:00:00,3,2019-03-06 04:00:00,0.10531,0.10531,0.10531,0.0,0.05,170.20218107689493,-0.0,0.0,0.0,170.20218107689493,170.20218107689493,0.0,0.0
1540,2019-03-06 04:00:00,3,2019-03-06 05:00:00,0.10531,0.10531,0.10531,0.0,0.05,182.1088045550618,-172.938218637567,0.0,0.0,355.0470231926288,355.0470231926288,0.0,1.0
1541,2019-03-06 05:00:00,3,2019-03-06 06:00:00,0.10531,0.10531,0.10531,0.0,0.3151719352442694,180.47780800790127,-0.0,0.0,0.0,180.47780800790127,180.47780800790127,0.0,0.0
1542,2019-03-06 06:00:00,3,2019-03-06 07:00:00,0.10531,0.10531,0.10531,0.0,0.3151719352442694,261.3696401569965,-229.86037262707617,0.0,0.0,491.2300127840727,491.2300127840727,0.0,1.0
1543,2019-03-06 07:00:00,3,2019-03-06 08:00:00,0.10531,0.10531,0.10531,0.0,0.6676245066057862,274.46338665741155,-216.76662612666115,0.0,0.0,491.2300127840727,491.2300127840727,0.0,1.0
1544,2019-03-06 08:00:00,3,2019-03-06 09:00:00,0.10531,0.10531,0.10531,0.0,1.0,444.55154700385026,-0.0,0.0,0.0,444.55154700385026,444.55154700385026,0.0,0.0
1545,2019-03-06 09:00:00,3,2019-03-06 10:00:00,0.06431,0.06431,0.06431,0.0,1.0,511.11505879428466,-0.0,19.885046010211965,0.0,491.2300127840727,491.2300127840727,0.0,0.0
1546,2019-03-06 10:00:00,3,2019-03-06 11:00:00,0.06431,0.06431,0.06431,0.0,0.9639763659235291,500.06148821244994,-0.0,8.831475428377246,0.0,491.2300127840727,491.2300127840727,0.0,0.0
1547,2019-03-06 11:00:00,3,2019-03-06 12:00:00,0.06431,0.06431,0.06431,0.0,0.9479773162344399,569.4684856292184,-0.0,78.23847284514574,0.0,491.2300127840727,491.2300127840727,0.0,0.0
1548,2019-03-06 12:00:00,3,2019-03-06 13:00:00,0.06431,0.06431,0.06431,0.0,0.8062409523845382,538.7587080541833,-0.0,47.52869527011063,0.0,491.2300127840727,491.2300127840727,0.0,0.0
1549,2019-03-06 13:00:00,3,2019-03-06 14:00:00,0.06431,0.06431,0.06431,0.0,0.720138243561874,528.0218054234292,-0.0,36.791792639356515,0.0,491.2300127840727,491.2300127840727,0.0,0.0
1550,2019-03-06 14:00:00,3,2019-03-06 15:00:00,0.10531,0.10531,0.10531,0.0,0.6534864453021701,526.6362133852476,-0.0,35.40620060117493,0.0,491.2300127840727,491.2300127840727,0.0,0.0
1551,2019-03-06 15:00:00,3,2019-03-06 16:00:00,0.10531,0.10531,0.10531,0.0,0.5893447775464186,517.0965438029859,-0.0,25.866531018913236,0.0,491.2300127840727,491.2300127840727,0.0,0.0
1552,2019-03-06 16:00:00,3,2019-03-06 17:00:00,0.13592,0.13592,0.13592,0.0,0.5424851199034598,511.63286963337265,-0.0,232.0945608443139,0.0,279.53830878905876,279.53830878905876,0.0,0.0
1553,2019-03-06 17:00:00,3,2019-03-06 18:00:00,0.13592,0.13592,0.13592,0.0,0.12202395895361583,510.61646278507936,-0.0,19.386450001006665,0.0,491.2300127840727,491.2300127840727,0.0,0.0
1554,2019-03-06 18:00:00,3,2019-03-06 19:00:00,0.13592,0.13592,0.13592,0.0,0.08690357851700956,511.600788125462,-0.0,20.370775341389276,0.0,491.2300127840727,491.2300127840727,0.0,0.0
1555,2019-03-06 19:00:00,3,2019-03-06 20:00:00,0.13592,0.13592,0.13592,0.0,0.05,471.5055855840848,-0.0,0.0,0.0,471.5055855840848,471.5055855840848,0.0,0.0
1556,2019-03-06 20:00:00,3,2019-03-06 21:00:00,0.13592,0.13592,0.13592,0.0,0.05,415.9978078605471,-0.0,0.0,0.0,415.9978078605471,415.9978078605471,0.0,1.0
1557,2019-03-06 21:00:00,3,2019-03-06 22:00:00,0.10531,0.10531,0.10531,0.0,0.05,292.4815276063561,-0.0,0.0,0.0,292.4815276063561,292.4815276063561,0.0,1.0
1558,2019-03-06 22:00:00,3,2019-03-06 23:00:00,0.10531,0.10531,0.10531,0.0,0.05,187.10783226493308,-0.0,0.0,0.0,187.10783226493308,187.10783226493308,0.0,0.0
1559,2019-03-06 23:00:00,3,2019-03-07 00:00:00,0.10531,0.10531,0.10531,0.0,0.05,257.2032430344558,-0.0,0.0,0.0,257.2032430344558,257.2032430344558,0.0,1.0
1560,2019-03-07 00:00:00,3,2019-03-07 01:00:00,0.10531,0.10531,0.10531,0.0,0.05,194.81510441526484,-0.0,0.0,0.0,194.81510441526484,194.81510441526484,0.0,0.0
1561,2019-03-07 01:00:00,3,2019-03-07 02:00:00,0.10531,0.10531,0.10531,0.0,0.05,178.6125687518392,-0.0,0.0,0.0,178.6125687518392,178.6125687518392,0.0,0.0
1562,2019-03-07 02:00:00,3,2019-03-07 03:00:00,0.10531,0.10531,0.10531,0.0,0.05,176.64640574446943,-0.0,0.0,0.0,176.64640574446943,176.64640574446943,0.0,0.0
1563,2019-03-07 03:00:00,3,2019-03-07 04:00:00,0.10531,0.10531,0.10531,0.0,0.05,175.40082812701112,-0.0,0.0,0.0,175.40082812701112,175.40082812701112,0.0,0.0
1564,2019-03-07 04:00:00,3,2019-03-07 05:00:00,0.10531,0.10531,0.10531,0.0,0.05,221.41526699772447,-0.0,0.0,0.0,221.41526699772447,221.41526699772447,0.0,0.0
1565,2019-03-07 05:00:00,3,2019-03-07 06:00:00,0.10531,0.10531,0.10531,0.0,0.05,221.6792248917671,-235.32006636273871,0.0,0.0,456.9992912545058,456.9992912545058,0.0,1.0
1566,2019-03-07 06:00:00,3,2019-03-07 07:00:00,0.10531,0.10531,0.10531,0.0,0.4108241017561994,297.18785634954224,-194.04215643453045,0.0,0.0,491.2300127840727,491.2300127840727,0.0,1.0
1567,2019-03-07 07:00:00,3,2019-03-07 08:00:00,0.10531,0.10531,0.10531,0.0,0.7083554082891461,301.02701819003755,-190.20299459403515,0.0,0.0,491.2300127840727,491.2300127840727,0.0,1.0
1568,2019-03-07 08:00:00,3,2019-03-07 09:00:00,0.10531,0.10531,0.10531,0.0,1.0,445.48034554409674,-0.0,0.0,0.0,445.48034554409674,445.48034554409674,0.0,0.0
1569,2019-03-07 09:00:00,3,2019-03-07 10:00:00,0.06431,0.06431,0.06431,0.0,1.0,510.37468524606777,-0.0,19.14467246199507,0.0,491.2300127840727,491.2300127840727,0.0,0.0
1570,2019-03-07 10:00:00,3,2019-03-07 11:00:00,0.06431,0.06431,0.06431,0.0,0.9653176223514581,499.9168414252936,-0.0,8.686828641220927,0.0,491.2300127840727,491.2300127840727,0.0,0.0
1571,2019-03-07 11:00:00,3,2019-03-07 12:00:00,0.06431,0.06431,0.06431,0.0,0.9495806139434492,547.5327120494745,-0.0,56.30269926540183,0.0,491.2300127840727,491.2300127840727,0.0,0.0
1572,2019-03-07 12:00:00,3,2019-03-07 13:00:00,0.06431,0.06431,0.06431,0.0,0.8475829703467067,506.9206838248265,-0.0,15.690671040753784,0.0,491.2300127840727,491.2300127840727,0.0,0.0
1573,2019-03-07 13:00:00,3,2019-03-07 14:00:00,0.06431,0.06431,0.06431,0.0,0.819157841649689,505.00880012765765,-0.0,13.778787343584952,0.0,491.2300127840727,491.2300127840727,0.0,0.0
1574,2019-03-07 14:00:00,3,2019-03-07 15:00:00,0.10531,0.10531,0.10531,0.0,0.7941962703750786,491.86161505807576,-0.0,0.6316022740030576,0.0,491.2300127840727,491.2300127840727,0.0,0.0
1575,2019-03-07 15:00:00,3,2019-03-07 16:00:00,0.10531,0.10531,0.10531,0.0,0.7930520633569571,479.29198636854335,-11.93802641552935,0.0,0.0,491.2300127840727,491.2300127840727,0.0,1.0
1576,2019-03-07 16:00:00,3,2019-03-07 17:00:00,0.13592,0.13592,0.13592,0.0,0.811357037194102,482.2027003982715,-0.0,0.0,0.0,482.2027003982715,482.2027003982715,0.0,1.0
1577,2019-03-07 17:00:00,3,2019-03-07 18:00:00,0.13592,0.13592,0.13592,0.0,0.811357037194102,498.1072827655187,-0.0,300.0,0.0,198.10728276551868,198.10728276551868,0.0,0.0
1578,2019-03-07 18:00:00,3,2019-03-07 19:00:00,0.13592,0.13592,0.13592,0.0,0.2678787763245368,517.0513502524374,-0.0,120.26908453114433,0.0,396.782265721293,396.782265721293,0.0,0.0
1579,2019-03-07 19:00:00,3,2019-03-07 20:00:00,0.13592,0.13592,0.13592,0.0,0.05,479.4416320431525,-0.0,0.0,0.0,479.4416320431525,479.4416320431525,0.0,0.0
1580,2019-03-07 20:00:00,3,2019-03-07 21:00:00,0.13592,0.13592,0.13592,0.0,0.05,431.9802583206593,-0.0,0.0,0.0,431.9802583206593,431.9802583206593,0.0,1.0
1581,2019-03-07 21:00:00,3,2019-03-07 22:00:00,0.10531,0.10531,0.10531,0.0,0.05,313.6704535280135,-0.0,0.0,0.0,313.6704535280135,313.6704535280135,0.0,1.0
1582,2019-03-07 22:00:00,3,2019-03-07 23:00:00,0.10531,0.10531,0.10531,0.0,0.05,218.8288659405879,-0.0,0.0,0.0,218.8288659405879,218.8288659405879,0.0,0.0
1583,2019-03-07 23:00:00,3,2019-03-08 00:00:00,0.10531,0.10531,0.10531,0.0,0.05,285.11965890543183,-0.0,0.0,0.0,285.11965890543183,285.11965890543183,0.0,1.0
1584,2019-03-08 00:00:00,3,2019-03-08 01:00:00,0.10531,0.10531,0.10531,0.0,0.05,226.68369054455403,-0.0,0.0,0.0,226.68369054455403,226.68369054455403,0.0,0.0
1585,2019-03-08 01:00:00,3,2019-03-08 02:00:00,0.10531,0.10531,0.10531,0.0,0.05,205.38426616514357,-0.0,0.0,0.0,205.38426616514357,205.38426616514357,0.0,1.0
1586,2019-03-08 02:00:00,3,2019-03-08 03:00:00,0.10531,0.10531,0.10531,0.0,0.05,200.09072574073647,-0.0,0.0,0.0,200.09072574073647,200.09072574073647,0.0,0.0
1587,2019-03-08 03:00:00,3,2019-03-08 04:00:00,0.10531,0.10531,0.10531,0.0,0.05,192.98355958921138,-0.0,0.0,0.0,192.98355958921138,192.98355958921138,0.0,0.0
1588,2019-03-08 04:00:00,3,2019-03-08 05:00:00,0.10531,0.10531,0.10531,0.0,0.05,203.31548292467798,-0.0,0.0,0.0,203.31548292467798,203.31548292467798,0.0,0.0
1589,2019-03-08 05:00:00,3,2019-03-08 06:00:00,0.10531,0.10531,0.10531,0.0,0.05,202.07503639585462,-216.22312791452993,0.0,0.0,418.29816431038455,418.29816431038455,0.0,1.0
1590,2019-03-08 06:00:00,3,2019-03-08 07:00:00,0.10531,0.10531,0.10531,0.0,0.3815421294689459,277.5093127995795,-213.7206999844932,0.0,0.0,491.2300127840727,491.2300127840727,0.0,1.0
1591,2019-03-08 07:00:00,3,2019-03-08 08:00:00,0.10531,0.10531,0.10531,0.0,0.7092472027785022,301.60862329179145,-189.62138949228125,0.0,0.0,491.2300127840727,491.2300127840727,0.0,1.0
1592,2019-03-08 08:00:00,3,2019-03-08 09:00:00,0.10531,0.10531,0.10531,0.0,1.0,468.18558349395903,-0.0,0.0,0.0,468.18558349395903,468.18558349395903,0.0,1.0
1593,2019-03-08 09:00:00,3,2019-03-08 10:00:00,0.06431,0.06431,0.06431,0.0,1.0,533.3672809979292,-0.0,42.137268213856544,0.0,491.2300127840727,491.2300127840727,0.0,0.0
1594,2019-03-08 10:00:00,3,2019-03-08 11:00:00,0.06431,0.06431,0.06431,0.0,0.9236643691777962,515.8455521669285,-0.0,24.615539382855843,0.0,491.2300127840727,491.2300127840727,0.0,0.0
1595,2019-03-08 11:00:00,3,2019-03-08 12:00:00,0.06431,0.06431,0.06431,0.0,0.8790710007305934,577.5244566752441,-0.0,86.2944438911714,0.0,491.2300127840727,491.2300127840727,0.0,0.0
1596,2019-03-08 12:00:00,3,2019-03-08 13:00:00,0.06431,0.06431,0.06431,0.0,0.7227404864349932,554.358081155914,-0.0,63.128068371841266,0.0,491.2300127840727,491.2300127840727,0.0,0.0
1597,2019-03-08 13:00:00,3,2019-03-08 14:00:00,0.06431,0.06431,0.06431,0.0,0.6083780437323822,553.9966553195849,-0.0,62.766642535512176,0.0,491.2300127840727,491.2300127840727,0.0,0.0
1598,2019-03-08 14:00:00,3,2019-03-08 15:00:00,0.10531,0.10531,0.10531,0.0,0.49467035797964276,540.1620073830904,-0.0,48.93199459901774,0.0,491.2300127840727,491.2300127840727,0.0,0.0
1599,2019-03-08 15:00:00,3,2019-03-08 16:00:00,0.10531,0.10531,0.10531,0.0,0.4060254402277991,532.2616920445986,-0.0,41.03167926052589,0.0,491.2300127840727,491.2300127840727,0.0,0.0
1600,2019-03-08 16:00:00,3,2019-03-08 17:00:00,0.13592,0.13592,0.13592,0.0,0.3316926879442377,534.0714851534116,-0.0,42.841472369338874,0.0,491.2300127840727,491.2300127840727,0.0,0.0
1601,2019-03-08 17:00:00,3,2019-03-08 18:00:00,0.13592,0.13592,0.13592,0.0,0.2540813249563049,532.525200759219,-0.0,59.949421059069344,0.0,472.5757797001497,472.5757797001497,0.0,0.0
1602,2019-03-08 18:00:00,3,2019-03-08 19:00:00,0.13592,0.13592,0.13592,0.0,0.14547730129857062,535.0178147586536,-0.0,43.78780197458087,0.0,491.2300127840727,491.2300127840727,0.0,0.0
1603,2019-03-08 19:00:00,3,2019-03-08 20:00:00,0.13592,0.13592,0.13592,0.0,0.06615157308375019,500.1456811263028,-0.0,8.915668342230106,0.0,491.2300127840727,491.2300127840727,0.0,0.0
1604,2019-03-08 20:00:00,3,2019-03-08 21:00:00,0.13592,0.13592,0.13592,0.0,0.05,444.01937108923886,-0.0,0.0,0.0,444.01937108923886,444.01937108923886,0.0,1.0
1605,2019-03-08 21:00:00,3,2019-03-08 22:00:00,0.10531,0.10531,0.10531,0.0,0.05,320.65543834117415,-0.0,0.0,0.0,320.65543834117415,320.65543834117415,0.0,1.0
1606,2019-03-08 22:00:00,3,2019-03-08 23:00:00,0.10531,0.10531,0.10531,0.0,0.05,218.12217715789217,-0.0,0.0,0.0,218.12217715789217,218.12217715789217,0.0,0.0
1607,2019-03-08 23:00:00,3,2019-03-09 00:00:00,0.10531,0.10531,0.10531,0.0,0.05,285.0000778339129,-0.0,0.0,0.0,285.0000778339129,285.0000778339129,0.0,1.0
1608,2019-03-09 00:00:00,3,2019-03-09 01:00:00,0.10531,0.10531,0.10531,0.0,0.05,225.65796788184113,-0.0,0.0,0.0,225.65796788184113,225.65796788184113,0.0,0.0
1609,2019-03-09 01:00:00,3,2019-03-09 02:00:00,0.10531,0.10531,0.10531,0.0,0.05,206.1227665062808,-0.0,0.0,0.0,206.1227665062808,206.1227665062808,0.0,0.0
1610,2019-03-09 02:00:00,3,2019-03-09 03:00:00,0.10531,0.10531,0.10531,0.0,0.05,201.57231613479527,-0.0,0.0,0.0,201.57231613479527,201.57231613479527,0.0,0.0
1611,2019-03-09 03:00:00,3,2019-03-09 04:00:00,0.10531,0.10531,0.10531,0.0,0.05,197.4755755766394,-0.0,0.0,0.0,197.4755755766394,197.4755755766394,0.0,0.0
1612,2019-03-09 04:00:00,3,2019-03-09 05:00:00,0.10531,0.10531,0.10531,0.0,0.05,207.43724735184483,-0.0,0.0,0.0,207.43724735184483,207.43724735184483,0.0,0.0
1613,2019-03-09 05:00:00,3,2019-03-09 06:00:00,0.10531,0.10531,0.10531,0.0,0.05,203.13557298735398,-171.68880684153893,0.0,0.0,374.8243798288929,374.8243798288929,0.0,1.0
1614,2019-03-09 06:00:00,3,2019-03-09 07:00:00,0.10531,0.10531,0.10531,0.0,0.3132561704903597,273.73954677756143,-220.04309719575394,0.0,0.0,493.7826439733154,493.7826439733154,0.0,1.0
1615,2019-03-09 07:00:00,3,2019-03-09 08:00:00,0.10531,0.10531,0.10531,0.0,0.6506555861905158,294.73776322025947,-199.0448807530559,0.0,0.0,493.7826439733154,493.7826439733154,0.0,1.0
1616,2019-03-09 08:00:00,3,2019-03-09 09:00:00,0.10531,0.10531,0.10531,0.0,0.9558577366785348,464.9942113723598,-28.78843260095556,0.0,0.0,493.7826439733154,493.7826439733154,0.0,1.0
1617,2019-03-09 09:00:00,3,2019-03-09 10:00:00,0.06431,0.06431,0.06431,0.0,1.0,536.8322708668788,-0.0,43.04962689356347,0.0,493.7826439733154,493.7826439733154,0.0,0.0
1618,2019-03-09 10:00:00,3,2019-03-09 11:00:00,0.06431,0.06431,0.06431,0.0,0.9220115454826748,530.598794704663,-0.0,36.81615073134759,0.0,493.7826439733154,493.7826439733154,0.0,0.0
1619,2019-03-09 11:00:00,3,2019-03-09 12:00:00,0.06431,0.06431,0.06431,0.0,0.8553156202447263,594.7877654754953,-0.0,101.00512150217997,0.0,493.7826439733154,493.7826439733154,0.0,0.0
1620,2019-03-09 12:00:00,3,2019-03-09 13:00:00,0.06431,0.06431,0.06431,0.0,0.6723353276683132,568.3858083970908,-0.0,74.60316442377543,0.0,493.78264397331543,493.78264397331543,0.0,0.0
1621,2019-03-09 13:00:00,3,2019-03-09 14:00:00,0.06431,0.06431,0.06431,0.0,0.5371846674803142,556.7968876315398,-0.0,63.01424365822436,0.0,493.78264397331543,493.78264397331543,0.0,0.0
1622,2019-03-09 14:00:00,3,2019-03-09 15:00:00,0.10531,0.10531,0.10531,0.0,0.42302842896903814,540.4245077792787,-0.0,46.641863805963226,0.0,493.78264397331543,493.78264397331543,0.0,0.0
1623,2019-03-09 15:00:00,3,2019-03-09 16:00:00,0.10531,0.10531,0.10531,0.0,0.33853229888577147,528.3490929153513,-0.0,34.56644894203589,0.0,493.78264397331543,493.78264397331543,0.0,0.0
1624,2019-03-09 16:00:00,3,2019-03-09 17:00:00,0.13592,0.13592,0.13592,0.0,0.27591192036759044,522.0337703154443,-0.0,28.251126342128828,0.0,493.78264397331543,493.78264397331543,0.0,0.0
1625,2019-03-09 17:00:00,3,2019-03-09 18:00:00,0.13592,0.13592,0.13592,0.0,0.22473234366083544,524.9285931979072,-0.0,31.14594922459179,0.0,493.7826439733154,493.7826439733154,0.0,0.0
1626,2019-03-09 18:00:00,3,2019-03-09 19:00:00,0.13592,0.13592,0.13592,0.0,0.16830852260179208,538.3595006626458,-0.0,44.576856689330384,0.0,493.78264397331543,493.78264397331543,0.0,0.0
1627,2019-03-09 19:00:00,3,2019-03-09 20:00:00,0.13592,0.13592,0.13592,0.0,0.08755334743996164,514.5120917601743,-0.0,20.729447786858827,0.0,493.78264397331543,493.78264397331543,0.0,0.0
1628,2019-03-09 20:00:00,3,2019-03-09 21:00:00,0.13592,0.13592,0.13592,0.0,0.05,461.4232539469153,-0.0,0.0,0.0,461.4232539469153,461.4232539469153,0.0,1.0
1629,2019-03-09 21:00:00,3,2019-03-09 22:00:00,0.10531,0.10531,0.10531,0.0,0.05,333.4114425996892,-59.809610570994735,0.0,0.0,393.22105317068394,393.22105317068394,0.0,1.0
1630,2019-03-09 22:00:00,3,2019-03-09 23:00:00,0.10531,0.10531,0.10531,0.0,0.14170806954219192,229.93048026071725,-0.0,0.0,0.0,229.93048026071725,229.93048026071725,0.0,0.0
1631,2019-03-09 23:00:00,3,2019-03-10 00:00:00,0.10531,0.10531,0.10531,0.0,0.14170806954219192,295.0974125394586,-0.0,0.0,0.0,295.0974125394586,295.0974125394586,0.0,1.0
1632,2019-03-10 00:00:00,3,2019-03-10 01:00:00,0.10531,0.10531,0.10531,0.0,0.14170806954219192,237.61898412194898,-0.0,0.0,0.0,237.61898412194898,237.61898412194898,0.0,0.0
1633,2019-03-10 01:00:00,3,2019-03-10 02:00:00,0.10531,0.10531,0.10531,0.0,0.14170806954219192,219.56604044519423,-0.0,0.0,0.0,219.56604044519423,219.56604044519423,0.0,0.0
1634,2019-03-10 02:00:00,3,2019-03-10 03:00:00,0.10531,0.10531,0.10531,0.0,0.14170806954219192,218.09984932320148,-0.0,0.0,0.0,218.09984932320148,218.09984932320148,0.0,0.0
1635,2019-03-10 03:00:00,3,2019-03-10 04:00:00,0.10531,0.10531,0.10531,0.0,0.14170806954219192,217.41694151720804,-0.0,0.0,0.0,217.41694151720804,217.41694151720804,0.0,0.0
1636,2019-03-10 04:00:00,3,2019-03-10 05:00:00,0.10531,0.10531,0.10531,0.0,0.14170806954219192,266.4333035676688,-28.43380170358247,0.0,0.0,294.86710527125126,294.86710527125126,0.0,1.0
1637,2019-03-10 05:00:00,3,2019-03-10 06:00:00,0.10531,0.10531,0.10531,0.0,0.18530656548768504,267.17272968370384,-227.7653581757256,0.0,0.0,494.9380878594294,494.9380878594294,0.0,1.0
1638,2019-03-10 06:00:00,3,2019-03-10 07:00:00,0.10531,0.10531,0.10531,0.0,0.534546781357131,340.04010803688357,-154.89797982254584,0.0,0.0,494.9380878594294,494.9380878594294,0.0,1.0
1639,2019-03-10 07:00:00,3,2019-03-10 08:00:00,0.10531,0.10531,0.10531,0.0,0.7720570170850345,346.27962074097366,-148.65846711845575,0.0,0.0,494.9380878594294,494.9380878594294,0.0,1.0
1640,2019-03-10 08:00:00,3,2019-03-10 09:00:00,0.10531,0.10531,0.10531,0.0,1.0,481.0579013290488,-0.0,0.0,0.0,481.0579013290488,481.0579013290488,0.0,0.0
1641,2019-03-10 09:00:00,3,2019-03-10 10:00:00,0.06431,0.06431,0.06431,0.0,1.0,542.5639522089228,-0.0,47.62586434949341,0.0,494.9380878594294,494.9380878594294,0.0,0.0
1642,2019-03-10 10:00:00,3,2019-03-10 11:00:00,0.06431,0.06431,0.06431,0.0,0.9137212602364251,531.9451753806454,-0.0,37.00708752121602,0.0,494.9380878594294,494.9380878594294,0.0,0.0
1643,2019-03-10 11:00:00,3,2019-03-10 12:00:00,0.06431,0.06431,0.06431,0.0,0.8466794350168307,587.5893411342639,-0.0,92.65125327483449,0.0,494.9380878594294,494.9380878594294,0.0,0.0
1644,2019-03-10 12:00:00,3,2019-03-10 13:00:00,0.06431,0.06431,0.06431,0.0,0.6788329616928553,557.8252604164933,-0.0,62.88717255706387,0.0,494.9380878594294,494.9380878594294,0.0,0.0
1645,2019-03-10 13:00:00,3,2019-03-10 14:00:00,0.06431,0.06431,0.06431,0.0,0.5649069244517977,559.2894769790222,-0.0,64.3513891195928,0.0,494.9380878594294,494.9380878594294,0.0,0.0
1646,2019-03-10 14:00:00,3,2019-03-10 15:00:00,0.10531,0.10531,0.10531,0.0,0.4483283209742741,550.6707724884208,-0.0,55.732684628991365,0.0,494.9380878594294,494.9380878594294,0.0,0.0
1647,2019-03-10 15:00:00,3,2019-03-10 16:00:00,0.10531,0.10531,0.10531,0.0,0.34736331258842024,540.7079055966308,-0.0,45.76981773720138,0.0,494.9380878594294,494.9380878594294,0.0,0.0
1648,2019-03-10 16:00:00,3,2019-03-10 17:00:00,0.13592,0.13592,0.13592,0.0,0.264446976107983,534.6760322200846,-0.0,39.737944360655206,0.0,494.9380878594294,494.9380878594294,0.0,0.0
1649,2019-03-10 17:00:00,3,2019-03-10 18:00:00,0.13592,0.13592,0.13592,0.0,0.19245794646911485,523.439046183366,-0.0,28.50095832393663,0.0,494.9380878594294,494.9380878594294,0.0,0.0
1650,2019-03-10 18:00:00,3,2019-03-10 19:00:00,0.13592,0.13592,0.13592,0.0,0.14082577559241807,537.8193593487736,-0.0,42.88127148934416,0.0,494.9380878594294,494.9380878594294,0.0,0.0
1651,2019-03-10 19:00:00,3,2019-03-10 20:00:00,0.13592,0.13592,0.13592,0.0,0.06314231274940324,502.1926444971,-0.0,7.254556637670589,0.0,494.9380878594294,494.9380878594294,0.0,0.0
1652,2019-03-10 20:00:00,3,2019-03-10 21:00:00,0.13592,0.13592,0.13592,0.0,0.05,451.87696248847374,-0.0,0.0,0.0,451.87696248847374,451.87696248847374,0.0,1.0
1653,2019-03-10 21:00:00,3,2019-03-10 22:00:00,0.10531,0.10531,0.10531,0.0,0.05,327.7101754893102,-89.29935394260394,0.0,0.0,417.00952943191413,417.00952943191413,0.0,1.0
1654,2019-03-10 22:00:00,3,2019-03-10 23:00:00,0.10531,0.10531,0.10531,0.0,0.18692567604532606,234.70798064157864,-0.0,0.0,0.0,234.70798064157864,234.70798064157864,0.0,0.0
1655,2019-03-10 23:00:00,3,2019-03-11 00:00:00,0.10531,0.10531,0.10531,0.0,0.18692567604532606,300.58572613786913,-0.0,0.0,0.0,300.58572613786913,300.58572613786913,0.0,0.0
1656,2019-03-11 00:00:00,3,2019-03-11 01:00:00,0.10531,0.10531,0.10531,0.0,0.18692567604532606,239.7586287874273,-0.0,0.0,0.0,239.7586287874273,239.7586287874273,0.0,0.0
1657,2019-03-11 01:00:00,3,2019-03-11 02:00:00,0.10531,0.10531,0.10531,0.0,0.18692567604532606,219.7976857867835,-0.0,0.0,0.0,219.7976857867835,219.7976857867835,0.0,0.0
1658,2019-03-11 02:00:00,3,2019-03-11 03:00:00,0.10531,0.10531,0.10531,0.0,0.18692567604532606,216.31214138480118,-0.0,0.0,0.0,216.31214138480118,216.31214138480118,0.0,0.0
1659,2019-03-11 03:00:00,3,2019-03-11 04:00:00,0.10531,0.10531,0.10531,0.0,0.18692567604532606,213.8590963670455,-0.0,0.0,0.0,213.8590963670455,213.8590963670455,0.0,0.0
1660,2019-03-11 04:00:00,3,2019-03-11 05:00:00,0.10531,0.10531,0.10531,0.0,0.18692567604532606,225.96227617542294,-0.0,0.0,0.0,225.96227617542294,225.96227617542294,0.0,0.0
1661,2019-03-11 05:00:00,3,2019-03-11 06:00:00,0.10531,0.10531,0.10531,0.0,0.18692567604532606,222.68153730009823,-0.0,0.0,0.0,222.68153730009823,222.68153730009823,0.0,0.0
1662,2019-03-11 06:00:00,3,2019-03-11 07:00:00,0.10531,0.10531,0.10531,0.0,0.18692567604532606,270.01354362668667,-221.75792753323012,0.0,0.0,491.7714711599168,491.7714711599168,0.0,1.0
1663,2019-03-11 07:00:00,3,2019-03-11 08:00:00,0.10531,0.10531,0.10531,0.0,0.5269544982629456,293.54906523717773,-201.38902262225167,0.0,0.0,494.9380878594294,494.9380878594294,0.0,1.0
1664,2019-03-11 08:00:00,3,2019-03-11 09:00:00,0.10531,0.10531,0.10531,0.0,0.8357509996170649,418.86180314663113,-76.07628471279827,0.0,0.0,494.9380878594294,494.9380878594294,0.0,1.0
1665,2019-03-11 09:00:00,3,2019-03-11 10:00:00,0.06431,0.06431,0.06431,0.0,0.9524013028433556,463.8954592790091,-31.042628580420285,0.0,0.0,494.9380878594294,494.9380878594294,0.0,1.0
1666,2019-03-11 10:00:00,3,2019-03-11 11:00:00,0.06431,0.06431,0.06431,0.0,1.0,515.6701488519718,-0.0,20.732060992542415,0.0,494.9380878594294,494.9380878594294,0.0,0.0
1667,2019-03-11 11:00:00,3,2019-03-11 12:00:00,0.06431,0.06431,0.06431,0.0,0.9624419184917709,576.0634808743747,-0.0,81.1253930149453,0.0,494.9380878594294,494.9380878594294,0.0,0.0
1668,2019-03-11 12:00:00,3,2019-03-11 13:00:00,0.06431,0.06431,0.06431,0.0,0.8154756267980294,548.4791121666112,-0.0,53.54102430718183,0.0,494.9380878594294,494.9380878594294,0.0,0.0
1669,2019-03-11 13:00:00,3,2019-03-11 14:00:00,0.06431,0.06431,0.06431,0.0,0.7184810175458884,551.4557965130732,-0.0,56.51770865364381,0.0,494.9380878594294,494.9380878594294,0.0,0.0
1670,2019-03-11 14:00:00,3,2019-03-11 15:00:00,0.10531,0.10531,0.10531,0.0,0.616093864187838,540.7845387426017,-0.0,45.84645088317234,0.0,494.9380878594294,494.9380878594294,0.0,0.0
1671,2019-03-11 15:00:00,3,2019-03-11 16:00:00,0.10531,0.10531,0.10531,0.0,0.5330386995444099,530.5095278320563,-0.0,35.57143997262688,0.0,494.9380878594294,494.9380878594294,0.0,0.0
1672,2019-03-11 16:00:00,3,2019-03-11 17:00:00,0.13592,0.13592,0.13592,0.0,0.4685976851012452,528.5277780245477,-0.0,175.10056440619164,0.0,353.42721361835606,353.42721361835606,0.0,0.0
1673,2019-03-11 17:00:00,3,2019-03-11 18:00:00,0.13592,0.13592,0.13592,0.0,0.1513865176987242,527.7576997983884,-0.0,32.81961193895904,0.0,494.9380878594294,494.9380878594294,0.0,0.0
1674,2019-03-11 18:00:00,3,2019-03-11 19:00:00,0.13592,0.13592,0.13592,0.0,0.09193069896872591,518.0838336901661,-0.0,23.1457458307367,0.0,494.9380878594294,494.9380878594294,0.0,0.0
1675,2019-03-11 19:00:00,3,2019-03-11 20:00:00,0.13592,0.13592,0.13592,0.0,0.05,427.21419633340713,-0.0,0.0,0.0,427.21419633340713,427.21419633340713,0.0,0.0
1676,2019-03-11 20:00:00,3,2019-03-11 21:00:00,0.13592,0.13592,0.13592,0.0,0.05,398.8516578303362,-0.0,0.0,0.0,398.8516578303362,398.8516578303362,0.0,1.0
1677,2019-03-11 21:00:00,3,2019-03-11 22:00:00,0.10531,0.10531,0.10531,0.0,0.05,300.4077465381291,-0.0,0.0,0.0,300.4077465381291,300.4077465381291,0.0,1.0
1678,2019-03-11 22:00:00,3,2019-03-11 23:00:00,0.10531,0.10531,0.10531,0.0,0.05,221.68453622007155,-0.0,0.0,0.0,221.68453622007155,221.68453622007155,0.0,0.0
1679,2019-03-11 23:00:00,3,2019-03-12 00:00:00,0.10531,0.10531,0.10531,0.0,0.05,288.6085395008765,-0.0,0.0,0.0,288.6085395008765,288.6085395008765,0.0,1.0
1680,2019-03-12 00:00:00,3,2019-03-12 01:00:00,0.10531,0.10531,0.10531,0.0,0.05,230.98778599786672,-0.0,0.0,0.0,230.98778599786672,230.98778599786672,0.0,0.0
1681,2019-03-12 01:00:00,3,2019-03-12 02:00:00,0.10531,0.10531,0.10531,0.0,0.05,211.98897379752376,-0.0,0.0,0.0,211.98897379752376,211.98897379752376,0.0,0.0
1682,2019-03-12 02:00:00,3,2019-03-12 03:00:00,0.10531,0.10531,0.10531,0.0,0.05,208.315640385656,-0.0,0.0,0.0,208.315640385656,208.315640385656,0.0,0.0
1683,2019-03-12 03:00:00,3,2019-03-12 04:00:00,0.10531,0.10531,0.10531,0.0,0.05,219.6193196719363,-0.0,0.0,0.0,219.6193196719363,219.6193196719363,0.0,0.0
1684,2019-03-12 04:00:00,3,2019-03-12 05:00:00,0.10531,0.10531,0.10531,0.0,0.05,216.82827231424497,-0.0,0.0,0.0,216.82827231424497,216.82827231424497,0.0,0.0
1685,2019-03-12 05:00:00,3,2019-03-12 06:00:00,0.10531,0.10531,0.10531,0.0,0.05,283.7570127933485,-0.0,0.0,0.0,283.7570127933485,283.7570127933485,0.0,1.0
1686,2019-03-12 06:00:00,3,2019-03-12 07:00:00,0.10531,0.10531,0.10531,0.0,0.05,292.6708064806885,-202.2672813787409,0.0,0.0,494.9380878594294,494.9380878594294,0.0,1.0
1687,2019-03-12 07:00:00,3,2019-03-12 08:00:00,0.10531,0.10531,0.10531,0.0,0.36014316478073605,358.73373210492196,-2.0631059896677297,0.0,0.0,360.7968380945897,360.7968380945897,0.0,1.0
1688,2019-03-12 08:00:00,3,2019-03-12 09:00:00,0.10531,0.10531,0.10531,0.0,0.36330659396489323,316.36554564644064,-178.57254221298876,0.0,0.0,494.9380878594294,494.9380878594294,0.0,1.0
1689,2019-03-12 09:00:00,3,2019-03-12 10:00:00,0.06431,0.06431,0.06431,0.0,0.6371178253581427,389.7609535360668,-105.17713432336262,0.0,0.0,494.9380878594294,494.9380878594294,0.0,1.0
1690,2019-03-12 10:00:00,3,2019-03-12 11:00:00,0.06431,0.06431,0.06431,0.0,0.7983894313206321,454.52861734799694,-40.40947051143246,0.0,0.0,494.9380878594294,494.9380878594294,0.0,1.0
1691,2019-03-12 11:00:00,3,2019-03-12 12:00:00,0.06431,0.06431,0.06431,0.0,0.8603506194381619,485.7816479289356,-9.156439930493775,0.0,0.0,494.9380878594294,494.9380878594294,0.0,1.0
1692,2019-03-12 12:00:00,3,2019-03-12 13:00:00,0.06431,0.06431,0.06431,0.0,0.8743904939982523,486.7185293162588,-8.219558543170592,0.0,0.0,494.9380878594294,494.9380878594294,0.0,1.0
1693,2019-03-12 13:00:00,3,2019-03-12 14:00:00,0.06431,0.06431,0.06431,0.0,0.8869938170977806,477.5937993437335,-17.344288515695894,0.0,0.0,494.9380878594294,494.9380878594294,0.0,1.0
1694,2019-03-12 14:00:00,3,2019-03-12 15:00:00,0.10531,0.10531,0.10531,0.0,0.9135883928218476,468.52417866265966,-26.413909196769737,0.0,0.0,494.9380878594294,494.9380878594294,0.0,1.0
1695,2019-03-12 15:00:00,3,2019-03-12 16:00:00,0.10531,0.10531,0.10531,0.0,0.9540897202568946,464.99660107044764,-29.941486788981763,0.0,0.0,494.9380878594294,494.9380878594294,0.0,1.0
1696,2019-03-12 16:00:00,3,2019-03-12 17:00:00,0.13592,0.13592,0.13592,0.0,1.0,403.66469959815277,-0.0,300.0,0.0,103.66469959815277,103.66469959815277,0.0,0.0
1697,2019-03-12 17:00:00,3,2019-03-12 18:00:00,0.13592,0.13592,0.13592,0.0,0.4565217391304347,408.8313191511485,-0.0,0.0,0.0,408.8313191511485,408.8313191511485,0.0,0.0
1698,2019-03-12 18:00:00,3,2019-03-12 19:00:00,0.13592,0.13592,0.13592,0.0,0.4565217391304347,402.0876031801872,-0.0,0.0,0.0,402.0876031801872,402.0876031801872,0.0,0.0
1699,2019-03-12 19:00:00,3,2019-03-12 20:00:00,0.13592,0.13592,0.13592,0.0,0.4565217391304347,373.64063573556996,-0.0,224.39999999999998,0.0,149.24063573556998,149.24063573556998,0.0,0.0
1700,2019-03-12 20:00:00,3,2019-03-12 21:00:00,0.13592,0.13592,0.13592,0.0,0.05,329.17595100115926,-0.0,0.0,0.0,329.17595100115926,329.17595100115926,0.0,1.0
1701,2019-03-12 21:00:00,3,2019-03-12 22:00:00,0.10531,0.10531,0.10531,0.0,0.05,216.74203787685425,-0.0,0.0,0.0,216.74203787685425,216.74203787685425,0.0,0.0
1702,2019-03-12 22:00:00,3,2019-03-12 23:00:00,0.10531,0.10531,0.10531,0.0,0.05,282.05799891448004,-0.0,0.0,0.0,282.05799891448004,282.05799891448004,0.0,1.0
1703,2019-03-12 23:00:00,3,2019-03-13 00:00:00,0.10531,0.10531,0.10531,0.0,0.05,220.0999675810581,-0.0,0.0,0.0,220.0999675810581,220.0999675810581,0.0,0.0
1704,2019-03-13 00:00:00,3,2019-03-13 01:00:00,0.10531,0.10531,0.10531,0.0,0.05,203.23598232067732,-0.0,0.0,0.0,203.23598232067732,203.23598232067732,0.0,0.0
1705,2019-03-13 01:00:00,3,2019-03-13 02:00:00,0.10531,0.10531,0.10531,0.0,0.05,195.45912244551926,-0.0,0.0,0.0,195.45912244551926,195.45912244551926,0.0,0.0
1706,2019-03-13 02:00:00,3,2019-03-13 03:00:00,0.10531,0.10531,0.10531,0.0,0.05,188.80065515624256,-0.0,0.0,0.0,188.80065515624256,188.80065515624256,0.0,0.0
1707,2019-03-13 03:00:00,3,2019-03-13 04:00:00,0.10531,0.10531,0.10531,0.0,0.05,196.67122982178464,-0.0,0.0,0.0,196.67122982178464,196.67122982178464,0.0,0.0
1708,2019-03-13 04:00:00,3,2019-03-13 05:00:00,0.10531,0.10531,0.10531,0.0,0.05,192.93277689129138,-208.00780035095892,0.0,0.0,400.9405772422503,400.9405772422503,0.0,1.0
1709,2019-03-13 05:00:00,3,2019-03-13 06:00:00,0.10531,0.10531,0.10531,0.0,0.36894529387147035,286.9341578845401,-208.00392997488927,0.0,0.0,494.9380878594294,494.9380878594294,0.0,1.0
1710,2019-03-13 06:00:00,3,2019-03-13 07:00:00,0.10531,0.10531,0.10531,0.0,0.6878846531663005,291.3846007939732,-203.55348706545618,0.0,0.0,494.9380878594294,494.9380878594294,0.0,1.0
1711,2019-03-13 07:00:00,3,2019-03-13 08:00:00,0.10531,0.10531,0.10531,0.0,1.0,443.715666749789,-0.0,0.0,0.0,443.715666749789,443.715666749789,0.0,0.0
1712,2019-03-13 08:00:00,3,2019-03-13 09:00:00,0.10531,0.10531,0.10531,0.0,1.0,503.6906361657889,-0.0,8.752548306359472,0.0,494.9380878594294,494.9380878594294,0.0,0.0
1713,2019-03-13 09:00:00,3,2019-03-13 10:00:00,0.06431,0.06431,0.06431,0.0,0.9841439342276097,486.51007582413854,-8.428012035290863,0.0,0.0,494.9380878594294,494.9380878594294,0.0,1.0
1714,2019-03-13 10:00:00,3,2019-03-13 11:00:00,0.06431,0.06431,0.06431,0.0,0.9970668860150557,549.3269833478647,-0.0,54.38889548843531,0.0,494.9380878594294,494.9380878594294,0.0,0.0
1715,2019-03-13 11:00:00,3,2019-03-13 12:00:00,0.06431,0.06431,0.06431,0.0,0.898536278246151,514.9218639983715,-0.0,19.983776138942062,0.0,494.9380878594294,494.9380878594294,0.0,0.0
1716,2019-03-13 12:00:00,3,2019-03-13 13:00:00,0.06431,0.06431,0.06431,0.0,0.8623337852408213,511.91456146833855,-0.0,16.976473608909146,0.0,494.9380878594294,494.9380878594294,0.0,0.0
1717,2019-03-13 13:00:00,3,2019-03-13 14:00:00,0.06431,0.06431,0.06431,0.0,0.8315793040652613,504.99886862720314,-0.0,10.060780767773736,0.0,494.9380878594294,494.9380878594294,0.0,0.0
1718,2019-03-13 14:00:00,3,2019-03-13 15:00:00,0.10531,0.10531,0.10531,0.0,0.8133532519497291,501.96079766298374,-0.0,7.022709803554335,0.0,494.9380878594294,494.9380878594294,0.0,0.0
1719,2019-03-13 15:00:00,3,2019-03-13 16:00:00,0.10531,0.10531,0.10531,0.0,0.8006309515809713,511.7397044699703,-0.0,16.80161661054092,0.0,494.9380878594294,494.9380878594294,0.0,0.0
1720,2019-03-13 16:00:00,3,2019-03-13 17:00:00,0.13592,0.13592,0.13592,0.0,0.7701932403299914,515.3044893689857,-0.0,66.11460676690274,0.0,449.189882602083,449.189882602083,0.0,0.0
1721,2019-03-13 17:00:00,3,2019-03-13 18:00:00,0.13592,0.13592,0.13592,0.0,0.6504204019841531,508.77885275666085,-0.0,13.840764897231452,0.0,494.9380878594294,494.9380878594294,0.0,0.0
1722,2019-03-13 18:00:00,3,2019-03-13 19:00:00,0.13592,0.13592,0.13592,0.0,0.6253465525326467,512.5293848574504,-0.0,17.591296998020994,0.0,494.9380878594294,494.9380878594294,0.0,0.0
1723,2019-03-13 19:00:00,3,2019-03-13 20:00:00,0.13592,0.13592,0.13592,0.0,0.5934782608695652,454.39646885337373,-0.0,0.0,0.0,454.39646885337373,454.39646885337373,0.0,1.0
1724,2019-03-13 20:00:00,3,2019-03-13 21:00:00,0.13592,0.13592,0.13592,0.0,0.5934782608695652,323.6261388458525,-0.0,300.0,0.0,23.626138845852495,23.626138845852495,0.0,0.0
1725,2019-03-13 21:00:00,3,2019-03-13 22:00:00,0.10531,0.10531,0.10531,0.0,0.05,218.49635041105697,-0.0,0.0,0.0,218.49635041105697,218.49635041105697,0.0,0.0
1726,2019-03-13 22:00:00,3,2019-03-13 23:00:00,0.10531,0.10531,0.10531,0.0,0.05,286.0799381858487,-123.11980055545233,0.0,0.0,409.199738741301,409.199738741301,0.0,1.0
1727,2019-03-13 23:00:00,3,2019-03-14 00:00:00,0.10531,0.10531,0.10531,0.0,0.2387836941850269,230.13868201129017,-0.0,0.0,0.0,230.13868201129017,230.13868201129017,0.0,0.0
1728,2019-03-14 00:00:00,3,2019-03-14 01:00:00,0.10531,0.10531,0.10531,0.0,0.2387836941850269,211.22505779914357,-0.0,0.0,0.0,211.22505779914357,211.22505779914357,0.0,0.0
1729,2019-03-14 01:00:00,3,2019-03-14 02:00:00,0.10531,0.10531,0.10531,0.0,0.2387836941850269,208.92257732697712,-0.0,0.0,0.0,208.92257732697712,208.92257732697712,0.0,0.0
1730,2019-03-14 02:00:00,3,2019-03-14 03:00:00,0.10531,0.10531,0.10531,0.0,0.2387836941850269,207.45619539206197,-0.0,0.0,0.0,207.45619539206197,207.45619539206197,0.0,0.0
1731,2019-03-14 03:00:00,3,2019-03-14 04:00:00,0.10531,0.10531,0.10531,0.0,0.2387836941850269,254.17795791487083,-0.0,0.0,0.0,254.17795791487083,254.17795791487083,0.0,1.0
1732,2019-03-14 04:00:00,3,2019-03-14 05:00:00,0.10531,0.10531,0.10531,0.0,0.2387836941850269,252.95463577068892,-189.34546826740922,0.0,0.0,442.30010403809814,442.30010403809814,0.0,1.0
1733,2019-03-14 05:00:00,3,2019-03-14 06:00:00,0.10531,0.10531,0.10531,0.0,0.5291134121950544,346.0782321020012,-148.8598557574282,0.0,0.0,494.9380878594294,494.9380878594294,0.0,1.0
1734,2019-03-14 06:00:00,3,2019-03-14 07:00:00,0.10531,0.10531,0.10531,0.0,0.757365191023111,336.6979950484148,-158.24009281101462,0.0,0.0,494.9380878594294,494.9380878594294,0.0,1.0
1735,2019-03-14 07:00:00,3,2019-03-14 08:00:00,0.10531,0.10531,0.10531,0.0,1.0,463.6892667186165,0.0,0.0,0.0,463.6892667186165,463.6892667186165,0.0,0.0
1736,2019-03-14 08:00:00,3,2019-03-14 09:00:00,0.10531,0.10531,0.10531,0.0,1.0,517.1039938356151,-0.0,22.16590597618574,0.0,494.9380878594294,494.9380878594294,0.0,0.0
1737,2019-03-14 09:00:00,3,2019-03-14 10:00:00,0.06431,0.06431,0.06431,0.0,0.9598443732315476,496.0351512014926,-0.0,1.0970633420632225,0.0,494.9380878594294,494.9380878594294,0.0,0.0
1738,2019-03-14 10:00:00,3,2019-03-14 11:00:00,0.06431,0.06431,0.06431,0.0,0.9578569396408534,553.5483107236274,-0.0,58.61022286419802,0.0,494.9380878594294,494.9380878594294,0.0,0.0
1739,2019-03-14 11:00:00,3,2019-03-14 12:00:00,0.06431,0.06431,0.06431,0.0,0.8516789996694801,517.2734948671173,-0.0,22.335407007687877,0.0,494.9380878594294,494.9380878594294,0.0,0.0
1740,2019-03-14 12:00:00,3,2019-03-14 13:00:00,0.06431,0.06431,0.06431,0.0,0.8112163058149732,513.7028254071325,-0.0,18.764737547703135,0.0,494.9380878594294,494.9380878594294,0.0,0.0
1741,2019-03-14 13:00:00,3,2019-03-14 14:00:00,0.06431,0.06431,0.06431,0.0,0.7772222160546414,504.7795670589301,-0.0,9.841479199500725,0.0,494.9380878594294,494.9380878594294,0.0,0.0
1742,2019-03-14 14:00:00,3,2019-03-14 15:00:00,0.10531,0.10531,0.10531,0.0,0.7593934493888793,496.5881052573811,-0.0,1.6500173979516717,0.0,494.9380878594294,494.9380878594294,0.0,0.0
1743,2019-03-14 15:00:00,3,2019-03-14 16:00:00,0.10531,0.10531,0.10531,0.0,0.7564042874360682,498.8201595246957,-0.0,3.8820716652663236,0.0,494.9380878594294,494.9380878594294,0.0,0.0
1744,2019-03-14 16:00:00,3,2019-03-14 17:00:00,0.13592,0.13592,0.13592,0.0,0.7493715489120351,501.46208333354787,-0.0,6.523995474118465,0.0,494.9380878594294,494.9380878594294,0.0,0.0
1745,2019-03-14 17:00:00,3,2019-03-14 18:00:00,0.13592,0.13592,0.13592,0.0,0.7375527165313857,494.6862229514854,-0.0,80.88897316153141,0.0,413.797249789954,413.797249789954,0.0,0.0
1746,2019-03-14 18:00:00,3,2019-03-14 19:00:00,0.13592,0.13592,0.13592,0.0,0.591014721673539,476.8761733323922,-0.0,0.0,0.0,476.8761733323922,476.8761733323922,0.0,1.0
1747,2019-03-14 19:00:00,3,2019-03-14 20:00:00,0.13592,0.13592,0.13592,0.0,0.591014721673539,418.33737934868964,-0.0,0.0,0.0,418.33737934868964,418.33737934868964,0.0,0.0
1748,2019-03-14 20:00:00,3,2019-03-14 21:00:00,0.13592,0.13592,0.13592,0.0,0.591014721673539,298.6401263637935,-0.0,298.6401263637935,0.0,0.0,0.0,0.0,0.0
1749,2019-03-14 21:00:00,3,2019-03-14 22:00:00,0.10531,0.10531,0.10531,0.0,0.05,208.605224997575,-78.50129931400545,0.0,0.0,287.1065243115804,287.1065243115804,0.0,1.0
1750,2019-03-14 22:00:00,3,2019-03-14 23:00:00,0.10531,0.10531,0.10531,0.0,0.1703686589481417,277.92777001729985,-0.0,0.0,0.0,277.92777001729985,277.92777001729985,0.0,1.0
1751,2019-03-14 23:00:00,3,2019-03-15 00:00:00,0.10531,0.10531,0.10531,0.0,0.1703686589481417,219.51697880228946,-0.0,0.0,0.0,219.51697880228946,219.51697880228946,0.0,0.0
1752,2019-03-15 00:00:00,3,2019-03-15 01:00:00,0.10531,0.10531,0.10531,0.0,0.1703686589481417,200.92741051815085,-0.0,0.0,0.0,200.92741051815085,200.92741051815085,0.0,0.0
1753,2019-03-15 01:00:00,3,2019-03-15 02:00:00,0.10531,0.10531,0.10531,0.0,0.1703686589481417,198.80579668718326,-0.0,0.0,0.0,198.80579668718326,198.80579668718326,0.0,0.0
1754,2019-03-15 02:00:00,3,2019-03-15 03:00:00,0.10531,0.10531,0.10531,0.0,0.1703686589481417,196.72584392452214,-0.0,0.0,0.0,196.72584392452214,196.72584392452214,0.0,0.0
1755,2019-03-15 03:00:00,3,2019-03-15 04:00:00,0.10531,0.10531,0.10531,0.0,0.1703686589481417,208.54000728200694,-103.03196264887715,0.0,0.0,311.5719699308841,311.5719699308841,0.0,1.0
1756,2019-03-15 04:00:00,3,2019-03-15 05:00:00,0.10531,0.10531,0.10531,0.0,0.32835100167642,205.4844077138329,-0.0,0.0,0.0,205.4844077138329,205.4844077138329,0.0,0.0
1757,2019-03-15 05:00:00,3,2019-03-15 06:00:00,0.10531,0.10531,0.10531,0.0,0.32835100167642,298.0187846873837,-196.91930317204572,0.0,0.0,494.9380878594294,494.9380878594294,0.0,1.0
1758,2019-03-15 06:00:00,3,2019-03-15 07:00:00,0.10531,0.10531,0.10531,0.0,0.6302939332068902,300.32606818570633,-194.61201967372307,0.0,0.0,494.9380878594294,494.9380878594294,0.0,1.0
1759,2019-03-15 07:00:00,3,2019-03-15 08:00:00,0.10531,0.10531,0.10531,0.0,0.9286990300399321,448.43745527677646,-46.50063258265294,0.0,0.0,494.9380878594294,494.9380878594294,0.0,1.0
1760,2019-03-15 08:00:00,3,2019-03-15 09:00:00,0.10531,0.10531,0.10531,0.0,1.0,503.7007458569842,-0.0,8.762657997554811,0.0,494.9380878594294,494.9380878594294,0.0,0.0
1761,2019-03-15 09:00:00,3,2019-03-15 10:00:00,0.06431,0.06431,0.06431,0.0,0.984125619569647,484.91142745158527,-10.026660407844133,0.0,0.0,494.9380878594294,494.9380878594294,0.0,1.0
1762,2019-03-15 10:00:00,3,2019-03-15 11:00:00,0.06431,0.06431,0.06431,0.0,0.999499832195008,545.8528756133564,-0.0,50.914787753927044,0.0,494.9380878594294,494.9380878594294,0.0,0.0
1763,2019-03-15 11:00:00,3,2019-03-15 12:00:00,0.06431,0.06431,0.06431,0.0,0.9072628978581836,510.19070721652105,-0.0,15.252619357091646,0.0,494.9380878594294,494.9380878594294,0.0,0.0
1764,2019-03-15 12:00:00,3,2019-03-15 13:00:00,0.06431,0.06431,0.06431,0.0,0.8796313410518581,504.6523126871948,-0.0,9.714224827765406,0.0,494.9380878594294,494.9380878594294,0.0,0.0
1765,2019-03-15 13:00:00,3,2019-03-15 14:00:00,0.06431,0.06431,0.06431,0.0,0.8620331076682252,497.2081209317089,-0.0,2.270033072279489,0.0,494.9380878594294,494.9380878594294,0.0,0.0
1766,2019-03-15 14:00:00,3,2019-03-15 15:00:00,0.10531,0.10531,0.10531,0.0,0.8579207289140957,490.96025920883733,-3.9778286505920732,0.0,0.0,494.9380878594294,494.9380878594294,0.0,1.0
1767,2019-03-15 15:00:00,3,2019-03-15 16:00:00,0.10531,0.10531,0.10531,0.0,0.8640200661783368,492.4766063309696,-2.4614815284597853,0.0,0.0,494.9380878594294,494.9380878594294,0.0,1.0
1768,2019-03-15 16:00:00,3,2019-03-15 17:00:00,0.13592,0.13592,0.13592,0.0,0.8677943378553085,492.92153283655574,-0.0,151.42247449613032,0.0,341.49905834042545,341.49905834042545,0.0,0.0
1769,2019-03-15 17:00:00,3,2019-03-15 18:00:00,0.13592,0.13592,0.13592,0.0,0.5934782608695652,487.4300918468004,-0.0,300.0,0.0,187.4300918468004,187.4300918468004,0.0,0.0
1770,2019-03-15 18:00:00,3,2019-03-15 19:00:00,0.13592,0.13592,0.13592,0.0,0.05,483.6001770536597,-0.0,0.0,0.0,483.6001770536597,483.6001770536597,0.0,0.0
1771,2019-03-15 19:00:00,3,2019-03-15 20:00:00,0.13592,0.13592,0.13592,0.0,0.05,425.78838860693094,-0.0,0.0,0.0,425.78838860693094,425.78838860693094,0.0,0.0
1772,2019-03-15 20:00:00,3,2019-03-15 21:00:00,0.13592,0.13592,0.13592,0.0,0.05,301.1542742068981,-0.0,0.0,0.0,301.1542742068981,301.1542742068981,0.0,0.0
1773,2019-03-15 21:00:00,3,2019-03-15 22:00:00,0.10531,0.10531,0.10531,0.0,0.05,196.76995885246163,-0.0,0.0,0.0,196.76995885246163,196.76995885246163,0.0,0.0
1774,2019-03-15 22:00:00,3,2019-03-15 23:00:00,0.10531,0.10531,0.10531,0.0,0.05,266.6220094212084,-118.49302090392848,0.0,0.0,385.1150303251369,385.1150303251369,0.0,1.0
1775,2019-03-15 23:00:00,3,2019-03-16 00:00:00,0.10531,0.10531,0.10531,0.0,0.23168929871935698,205.03194717951214,-0.0,0.0,0.0,205.03194717951214,205.03194717951214,0.0,0.0
1776,2019-03-16 00:00:00,3,2019-03-16 01:00:00,0.10531,0.10531,0.10531,0.0,0.23168929871935698,187.01199333560632,-0.0,0.0,0.0,187.01199333560632,187.01199333560632,0.0,0.0
1777,2019-03-16 01:00:00,3,2019-03-16 02:00:00,0.10531,0.10531,0.10531,0.0,0.23168929871935698,184.66503181911503,-0.0,0.0,0.0,184.66503181911503,184.66503181911503,0.0,0.0
1778,2019-03-16 02:00:00,3,2019-03-16 03:00:00,0.10531,0.10531,0.10531,0.0,0.23168929871935698,183.37715022090836,-0.0,0.0,0.0,183.37715022090836,183.37715022090836,0.0,0.0
1779,2019-03-16 03:00:00,3,2019-03-16 04:00:00,0.10531,0.10531,0.10531,0.0,0.23168929871935698,196.33762130221766,-104.53807739417364,0.0,0.0,300.8756986963913,300.8756986963913,0.0,1.0
1780,2019-03-16 04:00:00,3,2019-03-16 05:00:00,0.10531,0.10531,0.10531,0.0,0.39198101739042324,195.43683535945848,-0.0,0.0,0.0,195.43683535945848,195.43683535945848,0.0,0.0
1781,2019-03-16 05:00:00,3,2019-03-16 06:00:00,0.10531,0.10531,0.10531,0.0,0.39198101739042324,293.0416962944883,-201.8963915649411,0.0,0.0,494.9380878594294,494.9380878594294,0.0,1.0
1782,2019-03-16 06:00:00,3,2019-03-16 07:00:00,0.10531,0.10531,0.10531,0.0,0.7015554844566663,300.30036033116824,-194.63772752826117,0.0,0.0,494.9380878594294,494.9380878594294,0.0,1.0
1783,2019-03-16 07:00:00,3,2019-03-16 08:00:00,0.10531,0.10531,0.10531,0.0,1.0,448.83098804360145,-0.0,0.0,0.0,448.83098804360145,448.83098804360145,0.0,0.0
1784,2019-03-16 08:00:00,3,2019-03-16 09:00:00,0.10531,0.10531,0.10531,0.0,1.0,505.4374112742396,-0.0,10.499323414810192,0.0,494.9380878594294,494.9380878594294,0.0,0.0
1785,2019-03-16 09:00:00,3,2019-03-16 10:00:00,0.06431,0.06431,0.06431,0.0,0.9809794865673729,491.57159955836664,-3.366488301062759,0.0,0.0,494.9380878594294,494.9380878594294,0.0,1.0
1786,2019-03-16 10:00:00,3,2019-03-16 11:00:00,0.06431,0.06431,0.06431,0.0,0.9861414352956691,560.0123944109912,-0.0,65.07430655156179,0.0,494.9380878594294,494.9380878594294,0.0,0.0
1787,2019-03-16 11:00:00,3,2019-03-16 12:00:00,0.06431,0.06431,0.06431,0.0,0.8682531987892166,522.506346484162,-0.0,27.568258624732607,0.0,494.9380878594294,494.9380878594294,0.0,0.0
1788,2019-03-16 12:00:00,3,2019-03-16 13:00:00,0.06431,0.06431,0.06431,0.0,0.818310701280643,516.4798901248294,-0.0,21.54180226539995,0.0,494.9380878594294,494.9380878594294,0.0,0.0
1789,2019-03-16 13:00:00,3,2019-03-16 14:00:00,0.06431,0.06431,0.06431,0.0,0.7792856971766575,506.06634380142737,-0.0,11.128255941997963,0.0,494.9380878594294,494.9380878594294,0.0,0.0
1790,2019-03-16 14:00:00,3,2019-03-16 15:00:00,0.10531,0.10531,0.10531,0.0,0.7591258132237627,493.5877010427255,-1.3503868167039172,0.0,0.0,494.9380878594294,494.9380878594294,0.0,1.0
1791,2019-03-16 15:00:00,3,2019-03-16 16:00:00,0.10531,0.10531,0.10531,0.0,0.7611964063427087,488.60717493220096,-6.3309129272284395,0.0,0.0,494.9380878594294,494.9380878594294,0.0,1.0
1792,2019-03-16 16:00:00,3,2019-03-16 17:00:00,0.13592,0.13592,0.13592,0.0,0.770903806164459,486.4419459523643,-0.0,97.93890100278135,0.0,388.50304494958294,388.50304494958294,0.0,0.0
1793,2019-03-16 17:00:00,3,2019-03-16 18:00:00,0.13592,0.13592,0.13592,0.0,0.5934782608695652,481.8943506655725,-0.0,0.0,0.0,481.8943506655725,481.8943506655725,0.0,1.0
1794,2019-03-16 18:00:00,3,2019-03-16 19:00:00,0.13592,0.13592,0.13592,0.0,0.5934782608695652,471.07445226736866,-0.0,0.0,0.0,471.07445226736866,471.07445226736866,0.0,1.0
1795,2019-03-16 19:00:00,3,2019-03-16 20:00:00,0.13592,0.13592,0.13592,0.0,0.5934782608695652,411.73149267251523,-0.0,300.0,0.0,111.73149267251523,111.73149267251523,0.0,0.0
1796,2019-03-16 20:00:00,3,2019-03-16 21:00:00,0.13592,0.13592,0.13592,0.0,0.05,294.70559107882787,-0.0,0.0,0.0,294.70559107882787,294.70559107882787,0.0,1.0
1797,2019-03-16 21:00:00,3,2019-03-16 22:00:00,0.10531,0.10531,0.10531,0.0,0.05,191.4818258507817,-0.0,0.0,0.0,191.4818258507817,191.4818258507817,0.0,0.0
1798,2019-03-16 22:00:00,3,2019-03-16 23:00:00,0.10531,0.10531,0.10531,0.0,0.05,262.1215454222894,-76.44619976397419,0.0,0.0,338.56774518626355,338.56774518626355,0.0,1.0
1799,2019-03-16 23:00:00,3,2019-03-17 00:00:00,0.10531,0.10531,0.10531,0.0,0.16721750630476043,201.55553342230496,-0.0,0.0,0.0,201.55553342230496,201.55553342230496,0.0,0.0
1800,2019-03-17 00:00:00,3,2019-03-17 01:00:00,0.10531,0.10531,0.10531,0.0,0.16721750630476043,185.56282268969522,-0.0,0.0,0.0,185.56282268969522,185.56282268969522,0.0,0.0
1801,2019-03-17 01:00:00,3,2019-03-17 02:00:00,0.10531,0.10531,0.10531,0.0,0.16721750630476043,183.94580674585578,-0.0,0.0,0.0,183.94580674585578,183.94580674585578,0.0,0.0
1802,2019-03-17 02:00:00,3,2019-03-17 03:00:00,0.10531,0.10531,0.10531,0.0,0.16721750630476043,182.73234922259542,-0.0,0.0,0.0,182.73234922259542,182.73234922259542,0.0,0.0
1803,2019-03-17 03:00:00,3,2019-03-17 04:00:00,0.10531,0.10531,0.10531,0.0,0.16721750630476043,228.29195679271854,-0.0,0.0,0.0,228.29195679271854,228.29195679271854,0.0,0.0
1804,2019-03-17 04:00:00,3,2019-03-17 05:00:00,0.10531,0.10531,0.10531,0.0,0.16721750630476043,227.66264418967637,-267.27544366975303,0.0,0.0,494.9380878594294,494.9380878594294,0.0,1.0
1805,2019-03-17 05:00:00,3,2019-03-17 06:00:00,0.10531,0.10531,0.10531,0.0,0.5770398532650485,323.9303761123994,-171.00771174703,0.0,0.0,494.9380878594294,494.9380878594294,0.0,1.0
1806,2019-03-17 06:00:00,3,2019-03-17 07:00:00,0.10531,0.10531,0.10531,0.0,0.8392516779438278,313.6101549071709,-102.92109820090708,0.0,0.0,416.531253108078,416.531253108078,0.0,1.0
1807,2019-03-17 07:00:00,3,2019-03-17 08:00:00,0.10531,0.10531,0.10531,0.0,0.997064028518552,447.36625220726836,0.0,0.0,0.0,447.36625220726836,447.36625220726836,0.0,0.0
1808,2019-03-17 08:00:00,3,2019-03-17 09:00:00,0.10531,0.10531,0.10531,0.0,0.997064028518552,502.9523274242015,-0.0,8.014239564772083,0.0,494.9380878594294,494.9380878594294,0.0,0.0
1809,2019-03-17 09:00:00,3,2019-03-17 10:00:00,0.06431,0.06431,0.06431,0.0,0.9825454785823706,483.5547043261928,-11.38338353323661,0.0,0.0,494.9380878594294,494.9380878594294,0.0,1.0
1810,2019-03-17 10:00:00,3,2019-03-17 11:00:00,0.06431,0.06431,0.06431,0.0,1.0,545.4002943609105,-0.0,50.46220650148109,0.0,494.9380878594294,494.9380878594294,0.0,0.0
1811,2019-03-17 11:00:00,3,2019-03-17 12:00:00,0.06431,0.06431,0.06431,0.0,0.9085829592364473,510.80060109593546,-0.0,15.86251323650606,0.0,494.9380878594294,494.9380878594294,0.0,0.0
1812,2019-03-17 12:00:00,3,2019-03-17 13:00:00,0.06431,0.06431,0.06431,0.0,0.8798465222137914,510.94308172470136,-0.0,16.004993865271956,0.0,494.9380878594294,494.9380878594294,0.0,0.0
1813,2019-03-17 13:00:00,3,2019-03-17 14:00:00,0.06431,0.06431,0.06431,0.0,0.8508519681100378,496.4703456095098,-0.0,1.5322577500804186,0.0,494.9380878594294,494.9380878594294,0.0,0.0
1814,2019-03-17 14:00:00,3,2019-03-17 15:00:00,0.10531,0.10531,0.10531,0.0,0.8480761388526458,488.39121752336916,-6.546870336060238,0.0,0.0,494.9380878594294,494.9380878594294,0.0,1.0
1815,2019-03-17 15:00:00,3,2019-03-17 16:00:00,0.10531,0.10531,0.10531,0.0,0.858114673367938,494.7818681012636,-0.1562197581657756,0.0,0.0,494.9380878594294,494.9380878594294,0.0,1.0
1816,2019-03-17 16:00:00,3,2019-03-17 17:00:00,0.13592,0.13592,0.13592,0.0,0.858354210330459,495.4267702660532,-0.0,146.21152410241336,0.0,349.21524616363985,349.21524616363985,0.0,0.0
1817,2019-03-17 17:00:00,3,2019-03-17 18:00:00,0.13592,0.13592,0.13592,0.0,0.5934782608695652,486.21550665937434,-0.0,0.0,0.0,486.21550665937434,486.21550665937434,0.0,1.0
1818,2019-03-17 18:00:00,3,2019-03-17 19:00:00,0.13592,0.13592,0.13592,0.0,0.5934782608695652,463.33956312646615,-0.0,300.0,0.0,163.33956312646615,163.33956312646615,0.0,0.0
1819,2019-03-17 19:00:00,3,2019-03-17 20:00:00,0.13592,0.13592,0.13592,0.0,0.05,406.1867126166651,-0.0,0.0,0.0,406.1867126166651,406.1867126166651,0.0,1.0
1820,2019-03-17 20:00:00,3,2019-03-17 21:00:00,0.13592,0.13592,0.13592,0.0,0.05,292.47100567627757,-0.0,0.0,0.0,292.47100567627757,292.47100567627757,0.0,1.0
1821,2019-03-17 21:00:00,3,2019-03-17 22:00:00,0.10531,0.10531,0.10531,0.0,0.05,202.27008886746043,-0.0,0.0,0.0,202.27008886746043,202.27008886746043,0.0,0.0
1822,2019-03-17 22:00:00,3,2019-03-17 23:00:00,0.10531,0.10531,0.10531,0.0,0.05,272.57122922258145,-62.19920835578777,0.0,0.0,334.77043757836924,334.77043757836924,0.0,1.0
1823,2019-03-17 23:00:00,3,2019-03-18 00:00:00,0.10531,0.10531,0.10531,0.0,0.14537211947887457,213.03252220828657,-0.0,0.0,0.0,213.03252220828657,213.03252220828657,0.0,0.0
1824,2019-03-18 00:00:00,3,2019-03-18 01:00:00,0.10531,0.10531,0.10531,0.0,0.14537211947887457,191.27115139849133,-0.0,0.0,0.0,191.27115139849133,191.27115139849133,0.0,0.0
1825,2019-03-18 01:00:00,3,2019-03-18 02:00:00,0.10531,0.10531,0.10531,0.0,0.14537211947887457,189.07052155031903,-0.0,0.0,0.0,189.07052155031903,189.07052155031903,0.0,0.0
1826,2019-03-18 02:00:00,3,2019-03-18 03:00:00,0.10531,0.10531,0.10531,0.0,0.14537211947887457,187.391555410782,-0.0,0.0,0.0,187.391555410782,187.391555410782,0.0,0.0
1827,2019-03-18 03:00:00,3,2019-03-18 04:00:00,0.10531,0.10531,0.10531,0.0,0.14537211947887457,199.80078639910815,-0.0,0.0,0.0,199.80078639910815,199.80078639910815,0.0,0.0
1828,2019-03-18 04:00:00,3,2019-03-18 05:00:00,0.10531,0.10531,0.10531,0.0,0.14537211947887457,198.00790057116842,-296.930187288261,0.0,0.0,494.9380878594294,494.9380878594294,0.0,1.0
1829,2019-03-18 05:00:00,3,2019-03-18 06:00:00,0.10531,0.10531,0.10531,0.0,0.6006650733208748,267.7146916775939,-19.76561584557152,0.0,0.0,287.48030752316544,287.48030752316544,0.0,1.0
1830,2019-03-18 06:00:00,3,2019-03-18 07:00:00,0.10531,0.10531,0.10531,0.0,0.6309723509507511,264.88001662113754,-230.05807123829186,0.0,0.0,494.9380878594294,494.9380878594294,0.0,1.0
1831,2019-03-18 07:00:00,3,2019-03-18 08:00:00,0.10531,0.10531,0.10531,0.0,0.9837280601827987,391.72002286632403,-0.0,0.0,0.0,391.72002286632403,391.72002286632403,0.0,1.0
1832,2019-03-18 08:00:00,3,2019-03-18 09:00:00,0.10531,0.10531,0.10531,0.0,0.9837280601827987,435.32949000066026,-0.0,0.0,0.0,435.32949000066026,435.32949000066026,0.0,1.0
1833,2019-03-18 09:00:00,3,2019-03-18 10:00:00,0.06431,0.06431,0.06431,0.0,0.9837280601827987,484.3259531960372,-10.612134663392226,0.0,0.0,494.9380878594294,494.9380878594294,0.0,1.0
1834,2019-03-18 10:00:00,3,2019-03-18 11:00:00,0.06431,0.06431,0.06431,0.0,1.0,544.9004299206971,-0.0,49.96234206126769,0.0,494.9380878594294,494.9380878594294,0.0,0.0
1835,2019-03-18 11:00:00,3,2019-03-18 12:00:00,0.06431,0.06431,0.06431,0.0,0.9094885107585731,506.60326652959566,-0.0,11.665178670166256,0.0,494.9380878594294,494.9380878594294,0.0,0.0
1836,2019-03-18 12:00:00,3,2019-03-18 13:00:00,0.06431,0.06431,0.06431,0.0,0.888355940703924,498.90089802248315,-0.0,3.962810163053746,0.0,494.9380878594294,494.9380878594294,0.0,0.0
1837,2019-03-18 13:00:00,3,2019-03-18 14:00:00,0.06431,0.06431,0.06431,0.0,0.8811769367853485,490.2283953844557,-4.709692474973679,0.0,0.0,494.9380878594294,494.9380878594294,0.0,1.0
1838,2019-03-18 14:00:00,3,2019-03-18 15:00:00,0.10531,0.10531,0.10531,0.0,0.8883984652469746,484.6880980497131,-10.249989809716283,0.0,0.0,494.9380878594294,494.9380878594294,0.0,1.0
1839,2019-03-18 15:00:00,3,2019-03-18 16:00:00,0.10531,0.10531,0.10531,0.0,0.9041151162885397,485.05149225966886,-9.88659559976054,0.0,0.0,494.9380878594294,494.9380878594294,0.0,1.0
1840,2019-03-18 16:00:00,3,2019-03-18 17:00:00,0.13592,0.13592,0.13592,0.0,0.9192745628748391,490.591046315622,-0.0,300.0,0.0,190.591046315622,190.591046315622,0.0,0.0
1841,2019-03-18 17:00:00,3,2019-03-18 18:00:00,0.13592,0.13592,0.13592,0.0,0.3757963020052739,459.07170310977233,-0.0,0.0,0.0,459.07170310977233,459.07170310977233,0.0,0.0
1842,2019-03-18 18:00:00,3,2019-03-18 19:00:00,0.13592,0.13592,0.13592,0.0,0.3757963020052739,394.49420570892005,-0.0,179.8395587069112,0.0,214.65464700200886,214.65464700200886,0.0,0.0
1843,2019-03-18 19:00:00,3,2019-03-18 20:00:00,0.13592,0.13592,0.13592,0.0,0.05,367.00586384283406,-0.0,0.0,0.0,367.00586384283406,367.00586384283406,0.0,0.0
1844,2019-03-18 20:00:00,3,2019-03-18 21:00:00,0.13592,0.13592,0.13592,0.0,0.05,270.73857865261715,-0.0,0.0,0.0,270.73857865261715,270.73857865261715,0.0,1.0
1845,2019-03-18 21:00:00,3,2019-03-18 22:00:00,0.10531,0.10531,0.10531,0.0,0.05,190.1199625889808,-0.0,0.0,0.0,190.1199625889808,190.1199625889808,0.0,0.0
1846,2019-03-18 22:00:00,3,2019-03-18 23:00:00,0.10531,0.10531,0.10531,0.0,0.05,260.2815903904285,-0.0,0.0,0.0,260.2815903904285,260.2815903904285,0.0,1.0
1847,2019-03-18 23:00:00,3,2019-03-19 00:00:00,0.10531,0.10531,0.10531,0.0,0.05,196.5768885446616,-0.0,0.0,0.0,196.5768885446616,196.5768885446616,0.0,0.0
1848,2019-03-19 00:00:00,3,2019-03-19 01:00:00,0.10531,0.10531,0.10531,0.0,0.05,178.21451400232877,-0.0,0.0,0.0,178.21451400232877,178.21451400232877,0.0,0.0
1849,2019-03-19 01:00:00,3,2019-03-19 02:00:00,0.10531,0.10531,0.10531,0.0,0.05,174.28920144636055,-0.0,0.0,0.0,174.28920144636055,174.28920144636055,0.0,0.0
1850,2019-03-19 02:00:00,3,2019-03-19 03:00:00,0.10531,0.10531,0.10531,0.0,0.05,171.296826167488,-0.0,0.0,0.0,171.296826167488,171.296826167488,0.0,0.0
1851,2019-03-19 03:00:00,3,2019-03-19 04:00:00,0.10531,0.10531,0.10531,0.0,0.05,182.33540516961205,-0.0,0.0,0.0,182.33540516961205,182.33540516961205,0.0,0.0
1852,2019-03-19 04:00:00,3,2019-03-19 05:00:00,0.10531,0.10531,0.10531,0.0,0.05,179.06467617519573,-0.0,0.0,0.0,179.06467617519573,179.06467617519573,0.0,0.0
1853,2019-03-19 05:00:00,3,2019-03-19 06:00:00,0.10531,0.10531,0.10531,0.0,0.05,247.75175303412658,-0.0,0.0,0.0,247.75175303412658,247.75175303412658,0.0,0.0
1854,2019-03-19 06:00:00,3,2019-03-19 07:00:00,0.10531,0.10531,0.10531,0.0,0.05,241.53592334493277,-0.0,0.0,0.0,241.53592334493277,241.53592334493277,0.0,0.0
1855,2019-03-19 07:00:00,3,2019-03-19 08:00:00,0.10531,0.10531,0.10531,0.0,0.05,316.34994595429475,0.0,0.0,0.0,316.34994595429475,316.34994595429475,0.0,0.0
1856,2019-03-19 08:00:00,3,2019-03-19 09:00:00,0.10531,0.10531,0.10531,0.0,0.05,268.2162351051844,-218.69291247137528,0.0,0.0,486.9091475765597,486.9091475765597,0.0,1.0
1857,2019-03-19 09:00:00,3,2019-03-19 10:00:00,0.06431,0.06431,0.06431,0.0,0.3853291324561088,347.0299588707868,-147.9081289886426,0.0,0.0,494.9380878594294,494.9380878594294,0.0,1.0
1858,2019-03-19 10:00:00,3,2019-03-19 11:00:00,0.06431,0.06431,0.06431,0.0,0.6121215969053607,417.04609695719085,-77.89199090223855,0.0,0.0,494.9380878594294,494.9380878594294,0.0,1.0
1859,2019-03-19 11:00:00,3,2019-03-19 12:00:00,0.06431,0.06431,0.06431,0.0,0.7315559829554599,441.43500765262206,-53.50308020680734,0.0,0.0,494.9380878594294,494.9380878594294,0.0,1.0
1860,2019-03-19 12:00:00,3,2019-03-19 13:00:00,0.06431,0.06431,0.06431,0.0,0.8135940392725645,437.4597170803681,-57.47837077906132,0.0,0.0,494.9380878594294,494.9380878594294,0.0,1.0
1861,2019-03-19 13:00:00,3,2019-03-19 14:00:00,0.06431,0.06431,0.06431,0.0,0.9017275411337918,430.8473538162501,-64.09073404317928,0.0,0.0,494.9380878594294,494.9380878594294,0.0,1.0
1862,2019-03-19 14:00:00,3,2019-03-19 15:00:00,0.10531,0.10531,0.10531,0.0,1.0,422.328914776362,-0.0,0.0,0.0,422.328914776362,422.328914776362,0.0,1.0
1863,2019-03-19 15:00:00,3,2019-03-19 16:00:00,0.10531,0.10531,0.10531,0.0,1.0,420.60748518154327,-0.0,0.0,0.0,420.60748518154327,420.60748518154327,0.0,0.0
1864,2019-03-19 16:00:00,3,2019-03-19 17:00:00,0.13592,0.13592,0.13592,0.0,1.0,359.97831537588013,-0.0,300.0,0.0,59.97831537588013,59.97831537588013,0.0,0.0
1865,2019-03-19 17:00:00,3,2019-03-19 18:00:00,0.13592,0.13592,0.13592,0.0,0.4565217391304348,366.3932113418476,-0.0,224.4,0.0,141.99321134184757,141.99321134184757,0.0,0.0
1866,2019-03-19 18:00:00,3,2019-03-19 19:00:00,0.13592,0.13592,0.13592,0.0,0.05,351.64443475408297,-0.0,0.0,0.0,351.64443475408297,351.64443475408297,0.0,1.0
1867,2019-03-19 19:00:00,3,2019-03-19 20:00:00,0.13592,0.13592,0.13592,0.0,0.05,327.20176256926857,-0.0,0.0,0.0,327.20176256926857,327.20176256926857,0.0,1.0
1868,2019-03-19 20:00:00,3,2019-03-19 21:00:00,0.13592,0.13592,0.13592,0.0,0.05,292.05701246636534,-0.0,0.0,0.0,292.05701246636534,292.05701246636534,0.0,1.0
1869,2019-03-19 21:00:00,3,2019-03-19 22:00:00,0.10531,0.10531,0.10531,0.0,0.05,181.1990728619458,-0.0,0.0,0.0,181.1990728619458,181.1990728619458,0.0,0.0
1870,2019-03-19 22:00:00,3,2019-03-19 23:00:00,0.10531,0.10531,0.10531,0.0,0.05,251.6934104504316,-0.0,0.0,0.0,251.6934104504316,251.6934104504316,0.0,0.0
1871,2019-03-19 23:00:00,3,2019-03-20 00:00:00,0.10531,0.10531,0.10531,0.0,0.05,188.7391485714676,-0.0,0.0,0.0,188.7391485714676,188.7391485714676,0.0,0.0
1872,2019-03-20 00:00:00,3,2019-03-20 01:00:00,0.10531,0.10531,0.10531,0.0,0.05,177.11959290999212,-0.0,0.0,0.0,177.11959290999212,177.11959290999212,0.0,0.0
1873,2019-03-20 01:00:00,3,2019-03-20 02:00:00,0.10531,0.10531,0.10531,0.0,0.05,174.59023065205818,-0.0,0.0,0.0,174.59023065205818,174.59023065205818,0.0,0.0
1874,2019-03-20 02:00:00,3,2019-03-20 03:00:00,0.10531,0.10531,0.10531,0.0,0.05,172.2978837598839,-0.0,0.0,0.0,172.2978837598839,172.2978837598839,0.0,0.0
1875,2019-03-20 03:00:00,3,2019-03-20 04:00:00,0.10531,0.10531,0.10531,0.0,0.05,184.36698826683897,-0.0,0.0,0.0,184.36698826683897,184.36698826683897,0.0,0.0
1876,2019-03-20 04:00:00,3,2019-03-20 05:00:00,0.10531,0.10531,0.10531,0.0,0.05,182.6350523452896,-300.0,0.0,0.0,482.63505234528964,482.63505234528964,0.0,1.0
1877,2019-03-20 05:00:00,3,2019-03-20 06:00:00,0.10531,0.10531,0.10531,0.0,0.51,278.2348237589889,-73.63797326657118,0.0,0.0,351.8727970255601,351.8727970255601,0.0,1.0
1878,2019-03-20 06:00:00,3,2019-03-20 07:00:00,0.10531,0.10531,0.10531,0.0,0.6229115590087425,274.7050072697566,-220.2330805896728,0.0,0.0,494.9380878594294,494.9380878594294,0.0,1.0
1879,2019-03-20 07:00:00,3,2019-03-20 08:00:00,0.10531,0.10531,0.10531,0.0,0.9606022825795741,434.00555836687687,-0.0,0.0,0.0,434.00555836687687,434.00555836687687,0.0,1.0
1880,2019-03-20 08:00:00,3,2019-03-20 09:00:00,0.10531,0.10531,0.10531,0.0,0.9606022825795741,486.7572167683918,-0.0,0.0,0.0,486.7572167683918,486.7572167683918,0.0,0.0
1881,2019-03-20 09:00:00,3,2019-03-20 10:00:00,0.06431,0.06431,0.06431,0.0,0.9606022825795741,469.2439243243691,-25.694163535060284,0.0,0.0,494.9380878594294,494.9380878594294,0.0,1.0
1882,2019-03-20 10:00:00,3,2019-03-20 11:00:00,0.06431,0.06431,0.06431,0.0,1.0,531.7314334008735,-0.0,36.79334554144407,0.0,494.9380878594294,494.9380878594294,0.0,0.0
1883,2019-03-20 11:00:00,3,2019-03-20 12:00:00,0.06431,0.06431,0.06431,0.0,0.9333453885118767,496.1473500976432,-0.0,1.209262238213796,0.0,494.9380878594294,494.9380878594294,0.0,0.0
1884,2019-03-20 12:00:00,3,2019-03-20 13:00:00,0.06431,0.06431,0.06431,0.0,0.9311546960513444,492.98756348701056,-1.9505243724188404,0.0,0.0,494.9380878594294,494.9380878594294,0.0,1.0
1885,2019-03-20 13:00:00,3,2019-03-20 14:00:00,0.06431,0.06431,0.06431,0.0,0.9341455000890534,486.4714309292346,-8.466656930194802,0.0,0.0,494.9380878594294,494.9380878594294,0.0,1.0
1886,2019-03-20 14:00:00,3,2019-03-20 15:00:00,0.10531,0.10531,0.10531,0.0,0.9471277073820187,477.8432997278182,-17.09478813161121,0.0,0.0,494.9380878594294,494.9380878594294,0.0,1.0
1887,2019-03-20 15:00:00,3,2019-03-20 16:00:00,0.10531,0.10531,0.10531,0.0,0.9733397158504892,489.2141117634316,-5.723976095997784,0.0,0.0,494.9380878594294,494.9380878594294,0.0,1.0
1888,2019-03-20 16:00:00,3,2019-03-20 17:00:00,0.13592,0.13592,0.13592,0.0,0.9821164791976857,495.54235847950116,-0.0,214.52829651712253,0.0,281.0140619623786,281.0140619623786,0.0,0.0
1889,2019-03-20 17:00:00,3,2019-03-20 18:00:00,0.13592,0.13592,0.13592,0.0,0.5934782608695652,494.06355288216133,-0.0,0.0,0.0,494.06355288216133,494.06355288216133,0.0,0.0
1890,2019-03-20 18:00:00,3,2019-03-20 19:00:00,0.13592,0.13592,0.13592,0.0,0.5934782608695652,488.8999205712132,-0.0,300.0,0.0,188.89992057121322,188.89992057121322,0.0,0.0
1891,2019-03-20 19:00:00,3,2019-03-20 20:00:00,0.13592,0.13592,0.13592,0.0,0.05,418.4794448492172,-0.0,0.0,0.0,418.4794448492172,418.4794448492172,0.0,1.0
1892,2019-03-20 20:00:00,3,2019-03-20 21:00:00,0.13592,0.13592,0.13592,0.0,0.05,280.1150292428004,-0.0,0.0,0.0,280.1150292428004,280.1150292428004,0.0,1.0
1893,2019-03-20 21:00:00,3,2019-03-20 22:00:00,0.10531,0.10531,0.10531,0.0,0.05,169.49575456413248,-0.0,0.0,0.0,169.49575456413248,169.49575456413248,0.0,0.0
1894,2019-03-20 22:00:00,3,2019-03-20 23:00:00,0.10531,0.10531,0.10531,0.0,0.05,241.75752137091396,-0.0,0.0,0.0,241.75752137091396,241.75752137091396,0.0,0.0
1895,2019-03-20 23:00:00,3,2019-03-21 00:00:00,0.10531,0.10531,0.10531,0.0,0.05,179.42101008974848,-0.0,0.0,0.0,179.42101008974848,179.42101008974848,0.0,0.0
1896,2019-03-21 00:00:00,3,2019-03-21 01:00:00,0.10531,0.10531,0.10531,0.0,0.05,164.5787320311646,-0.0,0.0,0.0,164.5787320311646,164.5787320311646,0.0,0.0
1897,2019-03-21 01:00:00,3,2019-03-21 02:00:00,0.10531,0.10531,0.10531,0.0,0.05,163.73124492433382,-0.0,0.0,0.0,163.73124492433382,163.73124492433382,0.0,0.0
1898,2019-03-21 02:00:00,3,2019-03-21 03:00:00,0.10531,0.10531,0.10531,0.0,0.05,162.99719426802938,-0.0,0.0,0.0,162.99719426802938,162.99719426802938,0.0,0.0
1899,2019-03-21 03:00:00,3,2019-03-21 04:00:00,0.10531,0.10531,0.10531,0.0,0.05,209.00914694201327,-64.59493023549425,0.0,0.0,273.6040771775075,273.6040771775075,0.0,1.0
1900,2019-03-21 04:00:00,3,2019-03-21 05:00:00,0.10531,0.10531,0.10531,0.0,0.1490455596944245,208.42897815712672,-286.5091097023027,0.0,0.0,494.9380878594294,494.9380878594294,0.0,1.0
1901,2019-03-21 05:00:00,3,2019-03-21 06:00:00,0.10531,0.10531,0.10531,0.0,0.588359527904622,305.8878792466471,-0.0,0.0,0.0,305.8878792466471,305.8878792466471,0.0,0.0
1902,2019-03-21 06:00:00,3,2019-03-21 07:00:00,0.10531,0.10531,0.10531,0.0,0.588359527904622,281.91430405659673,-213.02378380283267,0.0,0.0,494.9380878594294,494.9380878594294,0.0,1.0
1903,2019-03-21 07:00:00,3,2019-03-21 08:00:00,0.10531,0.10531,0.10531,0.0,0.9149959964022988,423.42375752459543,-0.0,0.0,0.0,423.42375752459543,423.42375752459543,0.0,0.0
1904,2019-03-21 08:00:00,3,2019-03-21 09:00:00,0.10531,0.10531,0.10531,0.0,0.9149959964022988,476.58387981200957,-18.35420804741983,0.0,0.0,494.9380878594294,494.9380878594294,0.0,1.0
1905,2019-03-21 09:00:00,3,2019-03-21 10:00:00,0.06431,0.06431,0.06431,0.0,0.9431391154083425,462.2995695217963,-32.638518337633116,0.0,0.0,494.9380878594294,494.9380878594294,0.0,1.0
1906,2019-03-21 10:00:00,3,2019-03-21 11:00:00,0.06431,0.06431,0.06431,0.0,0.9931848435260465,530.580849103425,-0.0,35.64276124399555,0.0,494.9380878594294,494.9380878594294,0.0,0.0
1907,2019-03-21 11:00:00,3,2019-03-21 12:00:00,0.06431,0.06431,0.06431,0.0,0.928614623881127,496.00865073933477,-0.0,1.070562879905367,0.0,494.9380878594294,494.9380878594294,0.0,0.0
1908,2019-03-21 12:00:00,3,2019-03-21 13:00:00,0.06431,0.06431,0.06431,0.0,0.9266751983740522,489.3755966045089,-5.562491254920474,0.0,0.0,494.9380878594294,494.9380878594294,0.0,1.0
1909,2019-03-21 13:00:00,3,2019-03-21 14:00:00,0.06431,0.06431,0.06431,0.0,0.935204351631597,479.7873479618689,-15.150739897560527,0.0,0.0,494.9380878594294,494.9380878594294,0.0,1.0
1910,2019-03-21 14:00:00,3,2019-03-21 15:00:00,0.10531,0.10531,0.10531,0.0,0.9584354861411898,478.6990939816704,-16.238993877759015,0.0,0.0,494.9380878594294,494.9380878594294,0.0,1.0
1911,2019-03-21 15:00:00,3,2019-03-21 16:00:00,0.10531,0.10531,0.10531,0.0,0.9833352767537537,484.06979009013827,-10.868297769291132,0.0,0.0,494.9380878594294,494.9380878594294,0.0,1.0
1912,2019-03-21 16:00:00,3,2019-03-21 17:00:00,0.13592,0.13592,0.13592,0.0,1.0,483.7495045357103,-0.0,300.0,0.0,183.7495045357103,183.7495045357103,0.0,0.0
1913,2019-03-21 17:00:00,3,2019-03-21 18:00:00,0.13592,0.13592,0.13592,0.0,0.4565217391304348,478.59966943504946,-0.0,224.4,0.0,254.19966943504946,254.19966943504946,0.0,0.0
1914,2019-03-21 18:00:00,3,2019-03-21 19:00:00,0.13592,0.13592,0.13592,0.0,0.05,463.6914367052466,-0.0,0.0,0.0,463.6914367052466,463.6914367052466,0.0,1.0
1915,2019-03-21 19:00:00,3,2019-03-21 20:00:00,0.13592,0.13592,0.13592,0.0,0.05,410.37545677948714,-0.0,0.0,0.0,410.37545677948714,410.37545677948714,0.0,1.0
1916,2019-03-21 20:00:00,3,2019-03-21 21:00:00,0.13592,0.13592,0.13592,0.0,0.05,289.6783182326045,-0.0,0.0,0.0,289.6783182326045,289.6783182326045,0.0,1.0
1917,2019-03-21 21:00:00,3,2019-03-21 22:00:00,0.10531,0.10531,0.10531,0.0,0.05,193.69345174518807,-0.0,0.0,0.0,193.69345174518807,193.69345174518807,0.0,0.0
1918,2019-03-21 22:00:00,3,2019-03-21 23:00:00,0.10531,0.10531,0.10531,0.0,0.05,262.79699255426914,-0.0,0.0,0.0,262.79699255426914,262.79699255426914,0.0,1.0
1919,2019-03-21 23:00:00,3,2019-03-22 00:00:00,0.10531,0.10531,0.10531,0.0,0.05,200.75281813588873,-0.0,0.0,0.0,200.75281813588873,200.75281813588873,0.0,0.0
1920,2019-03-22 00:00:00,3,2019-03-22 01:00:00,0.10531,0.10531,0.10531,0.0,0.05,182.2536422074854,-0.0,0.0,0.0,182.2536422074854,182.2536422074854,0.0,0.0
1921,2019-03-22 01:00:00,3,2019-03-22 02:00:00,0.10531,0.10531,0.10531,0.0,0.05,179.1105483361572,-0.0,0.0,0.0,179.1105483361572,179.1105483361572,0.0,0.0
1922,2019-03-22 02:00:00,3,2019-03-22 03:00:00,0.10531,0.10531,0.10531,0.0,0.05,176.48032869483953,-0.0,0.0,0.0,176.48032869483953,176.48032869483953,0.0,0.0
1923,2019-03-22 03:00:00,3,2019-03-22 04:00:00,0.10531,0.10531,0.10531,0.0,0.05,187.60607368816983,-113.80323498092756,0.0,0.0,301.4093086690974,301.4093086690974,0.0,1.0
1924,2019-03-22 04:00:00,3,2019-03-22 05:00:00,0.10531,0.10531,0.10531,0.0,0.22449829363742224,183.69269569370653,-0.0,0.0,0.0,183.69269569370653,183.69269569370653,0.0,0.0
1925,2019-03-22 05:00:00,3,2019-03-22 06:00:00,0.10531,0.10531,0.10531,0.0,0.22449829363742224,276.01841119890577,-218.91967666052363,0.0,0.0,494.9380878594294,494.9380878594294,0.0,1.0
1926,2019-03-22 06:00:00,3,2019-03-22 07:00:00,0.10531,0.10531,0.10531,0.0,0.5601751311835586,269.4937688009725,-225.44431905845693,0.0,0.0,494.9380878594294,494.9380878594294,0.0,1.0
1927,2019-03-22 07:00:00,3,2019-03-22 08:00:00,0.10531,0.10531,0.10531,0.0,0.9058564204065258,433.54010116803323,-61.39798669139617,0.0,0.0,494.9380878594294,494.9380878594294,0.0,1.0
1928,2019-03-22 08:00:00,3,2019-03-22 09:00:00,0.10531,0.10531,0.10531,0.0,1.0,501.9139049224219,-0.0,6.975817062992519,0.0,494.9380878594294,494.9380878594294,0.0,0.0
1929,2019-03-22 09:00:00,3,2019-03-22 10:00:00,0.06431,0.06431,0.06431,0.0,0.9873626502482019,496.0965228552576,-0.0,1.1584349958282019,0.0,494.9380878594294,494.9380878594294,0.0,0.0
1930,2019-03-22 10:00:00,3,2019-03-22 11:00:00,0.06431,0.06431,0.06431,0.0,0.9852640361253248,566.0919773099201,-0.0,71.15388945049074,0.0,494.9380878594294,494.9380878594294,0.0,0.0
1931,2019-03-22 11:00:00,3,2019-03-22 12:00:00,0.06431,0.06431,0.06431,0.0,0.8563620624831314,539.5976887793587,-0.0,44.65960091992929,0.0,494.9380878594294,494.9380878594294,0.0,0.0
1932,2019-03-22 12:00:00,3,2019-03-22 13:00:00,0.06431,0.06431,0.06431,0.0,0.7754569883528247,533.6760991696477,-0.0,38.738011310218326,0.0,494.9380878594294,494.9380878594294,0.0,0.0
1933,2019-03-22 13:00:00,3,2019-03-22 14:00:00,0.06431,0.06431,0.06431,0.0,0.7052794316314147,525.6394200542092,-0.0,30.701332194779752,0.0,494.9380878594294,494.9380878594294,0.0,0.0
1934,2019-03-22 14:00:00,3,2019-03-22 15:00:00,0.10531,0.10531,0.10531,0.0,0.649661076206089,516.0355741704935,-0.0,21.09748631106413,0.0,494.9380878594294,494.9380878594294,0.0,0.0
1935,2019-03-22 15:00:00,3,2019-03-22 16:00:00,0.10531,0.10531,0.10531,0.0,0.6114409923092338,512.8866923949108,-0.0,17.948604535481422,0.0,494.9380878594294,494.9380878594294,0.0,0.0
1936,2019-03-22 16:00:00,3,2019-03-22 17:00:00,0.13592,0.13592,0.13592,0.0,0.5789254043826371,507.01499508755387,-0.0,12.076907228124469,0.0,494.9380878594294,494.9380878594294,0.0,0.0
1937,2019-03-22 17:00:00,3,2019-03-22 18:00:00,0.13592,0.13592,0.13592,0.0,0.5570469492592232,492.8209815868796,-0.0,279.8899159910912,0.0,212.93106559578843,212.93106559578843,0.0,0.0
1938,2019-03-22 18:00:00,3,2019-03-22 19:00:00,0.13592,0.13592,0.13592,0.0,0.05,478.9710068703878,-0.0,0.0,0.0,478.9710068703878,478.9710068703878,0.0,0.0
1939,2019-03-22 19:00:00,3,2019-03-22 20:00:00,0.13592,0.13592,0.13592,0.0,0.05,417.397404789457,-0.0,0.0,0.0,417.397404789457,417.397404789457,0.0,0.0
1940,2019-03-22 20:00:00,3,2019-03-22 21:00:00,0.13592,0.13592,0.13592,0.0,0.05,301.82685810229776,-0.0,0.0,0.0,301.82685810229776,301.82685810229776,0.0,0.0
1941,2019-03-22 21:00:00,3,2019-03-22 22:00:00,0.10531,0.10531,0.10531,0.0,0.05,201.23870674032085,-0.0,0.0,0.0,201.23870674032085,201.23870674032085,0.0,0.0
1942,2019-03-22 22:00:00,3,2019-03-22 23:00:00,0.10531,0.10531,0.10531,0.0,0.05,271.3832708894587,-0.0,0.0,0.0,271.3832708894587,271.3832708894587,0.0,1.0
1943,2019-03-22 23:00:00,3,2019-03-23 00:00:00,0.10531,0.10531,0.10531,0.0,0.05,211.4079026884594,-0.0,0.0,0.0,211.4079026884594,211.4079026884594,0.0,0.0
1944,2019-03-23 00:00:00,3,2019-03-23 01:00:00,0.10531,0.10531,0.10531,0.0,0.05,193.11272970635304,-0.0,0.0,0.0,193.11272970635304,193.11272970635304,0.0,0.0
1945,2019-03-23 01:00:00,3,2019-03-23 02:00:00,0.10531,0.10531,0.10531,0.0,0.05,189.44805438576617,-0.0,0.0,0.0,189.44805438576617,189.44805438576617,0.0,0.0
1946,2019-03-23 02:00:00,3,2019-03-23 03:00:00,0.10531,0.10531,0.10531,0.0,0.05,185.99511352419916,-0.0,0.0,0.0,185.99511352419916,185.99511352419916,0.0,0.0
1947,2019-03-23 03:00:00,3,2019-03-23 04:00:00,0.10531,0.10531,0.10531,0.0,0.05,196.512901327087,-143.3691541016225,0.0,0.0,339.8820554287095,339.8820554287095,0.0,1.0
1948,2019-03-23 04:00:00,3,2019-03-23 05:00:00,0.10531,0.10531,0.10531,0.0,0.26983270295582124,193.40621087856454,-0.0,0.0,0.0,193.40621087856454,193.40621087856454,0.0,0.0
1949,2019-03-23 05:00:00,3,2019-03-23 06:00:00,0.10531,0.10531,0.10531,0.0,0.26983270295582124,287.0047041606838,-207.93338369874562,0.0,0.0,494.9380878594294,494.9380878594294,0.0,1.0
1950,2019-03-23 06:00:00,3,2019-03-23 07:00:00,0.10531,0.10531,0.10531,0.0,0.5886638912938978,281.4299637428596,-213.50812411656977,0.0,0.0,494.9380878594294,494.9380878594294,0.0,1.0
1951,2019-03-23 07:00:00,3,2019-03-23 08:00:00,0.10531,0.10531,0.10531,0.0,0.9160430149393048,440.1835323850631,-54.75455547436633,0.0,0.0,494.9380878594294,494.9380878594294,0.0,1.0
1952,2019-03-23 08:00:00,3,2019-03-23 09:00:00,0.10531,0.10531,0.10531,0.0,1.0,509.6228277434129,-0.0,14.684739883983525,0.0,494.9380878594294,494.9380878594294,0.0,0.0
1953,2019-03-23 09:00:00,3,2019-03-23 10:00:00,0.06431,0.06431,0.06431,0.0,0.9733972103551023,500.9913711955592,-0.0,6.053283336129823,0.0,494.9380878594294,494.9380878594294,0.0,0.0
1954,2019-03-23 10:00:00,3,2019-03-23 11:00:00,0.06431,0.06431,0.06431,0.0,0.9624311173548671,568.36103513985,-0.0,73.42294728042054,0.0,494.9380878594294,494.9380878594294,0.0,0.0
1955,2019-03-23 11:00:00,3,2019-03-23 12:00:00,0.06431,0.06431,0.06431,0.0,0.8294185317019314,545.5902154904655,-0.0,50.65212763103614,0.0,494.9380878594294,494.9380878594294,0.0,0.0
1956,2019-03-23 12:00:00,3,2019-03-23 13:00:00,0.06431,0.06431,0.06431,0.0,0.7376574309210688,551.1074616921061,-0.0,56.16937383267668,0.0,494.9380878594294,494.9380878594294,0.0,0.0
1957,2019-03-23 13:00:00,3,2019-03-23 14:00:00,0.06431,0.06431,0.06431,0.0,0.6359013189053502,546.217951346924,-0.0,51.279863487494595,0.0,494.9380878594294,494.9380878594294,0.0,0.0
1958,2019-03-23 14:00:00,3,2019-03-23 15:00:00,0.10531,0.10531,0.10531,0.0,0.543003015485976,534.5721118723645,-0.0,39.63402401293513,0.0,494.9380878594294,494.9380878594294,0.0,0.0
1959,2019-03-23 15:00:00,3,2019-03-23 16:00:00,0.10531,0.10531,0.10531,0.0,0.4712022473466008,528.6449902383087,-0.0,33.70690237887925,0.0,494.9380878594294,494.9380878594294,0.0,0.0
1960,2019-03-23 16:00:00,3,2019-03-23 17:00:00,0.13592,0.13592,0.13592,0.0,0.41013901839935574,520.7382511947558,-0.0,177.34743260883397,0.0,343.3908185859218,343.3908185859218,0.0,0.0
1961,2019-03-23 17:00:00,3,2019-03-23 18:00:00,0.13592,0.13592,0.13592,0.0,0.0888574375862508,508.137157559917,-0.0,13.199069700487598,0.0,494.9380878594294,494.9380878594294,0.0,0.0
1962,2019-03-23 18:00:00,3,2019-03-23 19:00:00,0.13592,0.13592,0.13592,0.0,0.06494607943319354,503.18832370655224,-0.0,8.250235847122838,0.0,494.9380878594294,494.9380878594294,0.0,0.0
1963,2019-03-23 19:00:00,3,2019-03-23 20:00:00,0.13592,0.13592,0.13592,0.0,0.05,438.85848747718205,-0.0,0.0,0.0,438.85848747718205,438.85848747718205,0.0,1.0
1964,2019-03-23 20:00:00,3,2019-03-23 21:00:00,0.13592,0.13592,0.13592,0.0,0.05,316.2114225766094,-0.0,0.0,0.0,316.2114225766094,316.2114225766094,0.0,1.0
1965,2019-03-23 21:00:00,3,2019-03-23 22:00:00,0.10531,0.10531,0.10531,0.0,0.05,212.7548173654401,-0.0,0.0,0.0,212.7548173654401,212.7548173654401,0.0,0.0
1966,2019-03-23 22:00:00,3,2019-03-23 23:00:00,0.10531,0.10531,0.10531,0.0,0.05,279.80697089044236,-0.0,0.0,0.0,279.80697089044236,279.80697089044236,0.0,1.0
1967,2019-03-23 23:00:00,3,2019-03-24 00:00:00,0.10531,0.10531,0.10531,0.0,0.05,219.26420628907553,-0.0,0.0,0.0,219.26420628907553,219.26420628907553,0.0,0.0
1968,2019-03-24 00:00:00,3,2019-03-24 01:00:00,0.10531,0.10531,0.10531,0.0,0.05,200.52228453917846,-0.0,0.0,0.0,200.52228453917846,200.52228453917846,0.0,0.0
1969,2019-03-24 01:00:00,3,2019-03-24 02:00:00,0.10531,0.10531,0.10531,0.0,0.05,197.31192697195056,-0.0,0.0,0.0,197.31192697195056,197.31192697195056,0.0,0.0
1970,2019-03-24 02:00:00,3,2019-03-24 03:00:00,0.10531,0.10531,0.10531,0.0,0.05,195.57276813104696,-35.068063883843706,0.0,0.0,230.64083201489066,230.64083201489066,0.0,1.0
1971,2019-03-24 03:00:00,3,2019-03-24 04:00:00,0.10531,0.10531,0.10531,0.0,0.10377103128856036,240.99682483480697,-0.0,0.0,0.0,240.99682483480697,240.99682483480697,0.0,0.0
1972,2019-03-24 04:00:00,3,2019-03-24 05:00:00,0.10531,0.10531,0.10531,0.0,0.10377103128856036,240.6430435775499,-254.2950442818795,0.0,0.0,494.9380878594294,494.9380878594294,0.0,1.0
1973,2019-03-24 05:00:00,3,2019-03-24 06:00:00,0.10531,0.10531,0.10531,0.0,0.4936900991874423,336.68975553016463,-158.24833232926477,0.0,0.0,494.9380878594294,494.9380878594294,0.0,1.0
1974,2019-03-24 06:00:00,3,2019-03-24 07:00:00,0.10531,0.10531,0.10531,0.0,0.736337542092315,322.98431096311305,-171.95377689631636,0.0,0.0,494.9380878594294,494.9380878594294,0.0,1.0
1975,2019-03-24 07:00:00,3,2019-03-24 08:00:00,0.10531,0.10531,0.10531,0.0,1.0,459.95117962242784,-0.0,0.0,0.0,459.95117962242784,459.95117962242784,0.0,0.0
1976,2019-03-24 08:00:00,3,2019-03-24 09:00:00,0.10531,0.10531,0.10531,0.0,1.0,519.3402706387601,-0.0,24.4021827793307,0.0,494.9380878594294,494.9380878594294,0.0,0.0
1977,2019-03-24 09:00:00,3,2019-03-24 10:00:00,0.06431,0.06431,0.06431,0.0,0.9557931471388936,505.0212765350401,-0.0,10.0831886756107,0.0,494.9380878594294,494.9380878594294,0.0,0.0
1978,2019-03-24 10:00:00,3,2019-03-24 11:00:00,0.06431,0.06431,0.06431,0.0,0.937526500987425,566.0314688359078,-0.0,71.09338097647844,0.0,494.9380878594294,494.9380878594294,0.0,0.0
1979,2019-03-24 11:00:00,3,2019-03-24 12:00:00,0.06431,0.06431,0.06431,0.0,0.8087341441459784,537.3067806871107,-0.0,42.36869282768134,0.0,494.9380878594294,494.9380878594294,0.0,0.0
1980,2019-03-24 12:00:00,3,2019-03-24 13:00:00,0.06431,0.06431,0.06431,0.0,0.7319792658349615,537.5380255694948,-0.0,42.59993771006543,0.0,494.9380878594294,494.9380878594294,0.0,0.0
1981,2019-03-24 13:00:00,3,2019-03-24 14:00:00,0.06431,0.06431,0.06431,0.0,0.6548054656355676,530.0608919159961,-0.0,35.12280405656668,0.0,494.9380878594294,494.9380878594294,0.0,0.0
1982,2019-03-24 14:00:00,3,2019-03-24 15:00:00,0.10531,0.10531,0.10531,0.0,0.5911771974171497,524.6688399157232,-0.0,29.730752056293795,0.0,494.9380878594294,494.9380878594294,0.0,0.0
1983,2019-03-24 15:00:00,3,2019-03-24 16:00:00,0.10531,0.10531,0.10531,0.0,0.5373171393441537,522.7564292301103,-0.0,27.818341370680855,0.0,494.9380878594294,494.9380878594294,0.0,0.0
1984,2019-03-24 16:00:00,3,2019-03-24 17:00:00,0.13592,0.13592,0.13592,0.0,0.4869215933827754,511.2886550243555,-0.0,240.89469902554814,0.0,270.3939559988073,270.3939559988073,0.0,0.0
1985,2019-03-24 17:00:00,3,2019-03-24 18:00:00,0.13592,0.13592,0.13592,0.0,0.050518153119101204,495.22410838117327,-0.0,0.2860205217438647,0.0,494.9380878594294,494.9380878594294,0.0,0.0
1986,2019-03-24 18:00:00,3,2019-03-24 19:00:00,0.13592,0.13592,0.13592,0.0,0.05,474.1543255330634,-0.0,0.0,0.0,474.1543255330634,474.1543255330634,0.0,0.0
1987,2019-03-24 19:00:00,3,2019-03-24 20:00:00,0.13592,0.13592,0.13592,0.0,0.05,416.55374207738237,-0.0,0.0,0.0,416.55374207738237,416.55374207738237,0.0,1.0
1988,2019-03-24 20:00:00,3,2019-03-24 21:00:00,0.13592,0.13592,0.13592,0.0,0.05,303.49305424648634,-0.0,0.0,0.0,303.49305424648634,303.49305424648634,0.0,1.0
1989,2019-03-24 21:00:00,3,2019-03-24 22:00:00,0.10531,0.10531,0.10531,0.0,0.05,211.55278448964611,-0.0,0.0,0.0,211.55278448964611,211.55278448964611,0.0,0.0
1990,2019-03-24 22:00:00,3,2019-03-24 23:00:00,0.10531,0.10531,0.10531,0.0,0.05,279.2670015710879,-0.0,0.0,0.0,279.2670015710879,279.2670015710879,0.0,1.0
1991,2019-03-24 23:00:00,3,2019-03-25 00:00:00,0.10531,0.10531,0.10531,0.0,0.05,219.48196979821066,-0.0,0.0,0.0,219.48196979821066,219.48196979821066,0.0,0.0
1992,2019-03-25 00:00:00,3,2019-03-25 01:00:00,0.10531,0.10531,0.10531,0.0,0.05,196.58832124555593,-0.0,0.0,0.0,196.58832124555593,196.58832124555593,0.0,0.0
1993,2019-03-25 01:00:00,3,2019-03-25 02:00:00,0.10531,0.10531,0.10531,0.0,0.05,193.5859675336314,-0.0,0.0,0.0,193.5859675336314,193.5859675336314,0.0,0.0
1994,2019-03-25 02:00:00,3,2019-03-25 03:00:00,0.10531,0.10531,0.10531,0.0,0.05,191.33169033640058,-0.0,0.0,0.0,191.33169033640058,191.33169033640058,0.0,0.0
1995,2019-03-25 03:00:00,3,2019-03-25 04:00:00,0.10531,0.10531,0.10531,0.0,0.05,203.33875682310543,-6.11818583247617,0.0,0.0,209.4569426555816,209.4569426555816,0.0,1.0
1996,2019-03-25 04:00:00,3,2019-03-25 05:00:00,0.10531,0.10531,0.10531,0.0,0.05938121827646346,201.2143129538523,-0.0,0.0,0.0,201.2143129538523,201.2143129538523,0.0,0.0
1997,2019-03-25 05:00:00,3,2019-03-25 06:00:00,0.10531,0.10531,0.10531,0.0,0.05938121827646346,269.10286045546087,-225.83522740396853,0.0,0.0,494.9380878594294,494.9380878594294,0.0,1.0
1998,2019-03-25 06:00:00,3,2019-03-25 07:00:00,0.10531,0.10531,0.10531,0.0,0.4056619002958819,264.47755864704135,-230.46052921238805,0.0,0.0,494.9380878594294,494.9380878594294,0.0,1.0
1999,2019-03-25 07:00:00,3,2019-03-25 08:00:00,0.10531,0.10531,0.10531,0.0,0.7590347117548769,392.0753838467615,-102.8627040126679,0.0,0.0,494.9380878594294,494.9380878594294,0.0,1.0
2000,2019-03-25 08:00:00,3,2019-03-25 09:00:00,0.10531,0.10531,0.10531,0.0,0.916757524574301,440.6495169296257,-54.28857092980371,0.0,0.0,494.9380878594294,494.9380878594294,0.0,1.0
2001,2019-03-25 09:00:00,3,2019-03-25 10:00:00,0.06431,0.06431,0.06431,0.0,1.0,500.6177423085124,-0.0,5.679654449082989,0.0,494.9380878594294,494.9380878594294,0.0,0.0
2002,2019-03-25 10:00:00,3,2019-03-25 11:00:00,0.06431,0.06431,0.06431,0.0,0.9897107709255744,563.150642230115,-0.0,68.21255437068555,0.0,494.9380878594294,494.9380878594294,0.0,0.0
2003,2019-03-25 11:00:00,3,2019-03-25 12:00:00,0.06431,0.06431,0.06431,0.0,0.8661373028627384,527.3044062981196,-0.0,32.3663184386902,0.0,494.9380878594294,494.9380878594294,0.0,0.0
2004,2019-03-25 12:00:00,3,2019-03-25 13:00:00,0.06431,0.06431,0.06431,0.0,0.8075026680100387,521.2414058272409,-0.0,26.303317967811495,0.0,494.9380878594294,494.9380878594294,0.0,0.0
2005,2019-03-25 13:00:00,3,2019-03-25 14:00:00,0.06431,0.06431,0.06431,0.0,0.7598517296625541,511.27776425595704,-0.0,16.339676396527636,0.0,494.9380878594294,494.9380878594294,0.0,0.0
2006,2019-03-25 14:00:00,3,2019-03-25 15:00:00,0.10531,0.10531,0.10531,0.0,0.7302508666253664,501.4706370727915,-0.0,6.532549213362113,0.0,494.93808785942934,494.93808785942934,0.0,0.0
2007,2019-03-25 15:00:00,3,2019-03-25 16:00:00,0.10531,0.10531,0.10531,0.0,0.7184165383402901,499.6004538683579,-0.0,4.662366008928473,0.0,494.9380878594294,494.9380878594294,0.0,0.0
2008,2019-03-25 16:00:00,3,2019-03-25 17:00:00,0.13592,0.13592,0.13592,0.0,0.709970223106724,499.47798980006166,-0.0,64.30356315491164,0.0,435.17442664515,435.17442664515,0.0,0.0
2009,2019-03-25 17:00:00,3,2019-03-25 18:00:00,0.13592,0.13592,0.13592,0.0,0.5934782608695652,465.07571795875435,-0.0,300.0,0.0,165.07571795875435,165.07571795875435,0.0,0.0
2010,2019-03-25 18:00:00,3,2019-03-25 19:00:00,0.13592,0.13592,0.13592,0.0,0.05,404.35240508156824,-0.0,0.0,0.0,404.35240508156824,404.35240508156824,0.0,1.0
2011,2019-03-25 19:00:00,3,2019-03-25 20:00:00,0.13592,0.13592,0.13592,0.0,0.05,380.16897670526083,-0.0,0.0,0.0,380.16897670526083,380.16897670526083,0.0,1.0
2012,2019-03-25 20:00:00,3,2019-03-25 21:00:00,0.13592,0.13592,0.13592,0.0,0.05,283.1857738312233,-0.0,0.0,0.0,283.1857738312233,283.1857738312233,0.0,1.0
2013,2019-03-25 21:00:00,3,2019-03-25 22:00:00,0.10531,0.10531,0.10531,0.0,0.05,204.55309932278126,-0.0,0.0,0.0,204.55309932278126,204.55309932278126,0.0,0.0
2014,2019-03-25 22:00:00,3,2019-03-25 23:00:00,0.10531,0.10531,0.10531,0.0,0.05,272.5179002308016,-0.0,0.0,0.0,272.5179002308016,272.5179002308016,0.0,1.0
2015,2019-03-25 23:00:00,3,2019-03-26 00:00:00,0.10531,0.10531,0.10531,0.0,0.05,212.9271822982193,-0.0,0.0,0.0,212.9271822982193,212.9271822982193,0.0,0.0
2016,2019-03-26 00:00:00,3,2019-03-26 01:00:00,0.10531,0.10531,0.10531,0.0,0.05,195.35798743271502,-0.0,0.0,0.0,195.35798743271502,195.35798743271502,0.0,0.0
2017,2019-03-26 01:00:00,3,2019-03-26 02:00:00,0.10531,0.10531,0.10531,0.0,0.05,192.95078668689402,-0.0,0.0,0.0,192.95078668689402,192.95078668689402,0.0,0.0
2018,2019-03-26 02:00:00,3,2019-03-26 03:00:00,0.10531,0.10531,0.10531,0.0,0.05,191.14651287617767,-0.0,0.0,0.0,191.14651287617767,191.14651287617767,0.0,0.0
2019,2019-03-26 03:00:00,3,2019-03-26 04:00:00,0.10531,0.10531,0.10531,0.0,0.05,203.43910666687302,-0.0,0.0,0.0,203.43910666687302,203.43910666687302,0.0,0.0
2020,2019-03-26 04:00:00,3,2019-03-26 05:00:00,0.10531,0.10531,0.10531,0.0,0.05,202.38315805894567,-0.0,0.0,0.0,202.38315805894567,202.38315805894567,0.0,0.0
2021,2019-03-26 05:00:00,3,2019-03-26 06:00:00,0.10531,0.10531,0.10531,0.0,0.05,273.3672125645935,-111.70374881316287,0.0,0.0,385.07096137775636,385.07096137775636,0.0,1.0
2022,2019-03-26 06:00:00,3,2019-03-26 07:00:00,0.10531,0.10531,0.10531,0.0,0.2212790815135164,275.3306987133222,-219.6073891461072,0.0,0.0,494.9380878594294,494.9380878594294,0.0,1.0
2023,2019-03-26 07:00:00,3,2019-03-26 08:00:00,0.10531,0.10531,0.10531,0.0,0.5580104115375475,351.98070399199236,-0.0,0.0,0.0,351.98070399199236,351.98070399199236,0.0,1.0
2024,2019-03-26 08:00:00,3,2019-03-26 09:00:00,0.10531,0.10531,0.10531,0.0,0.5580104115375475,309.2490763917887,-0.0,0.0,0.0,309.2490763917887,309.2490763917887,0.0,0.0
2025,2019-03-26 09:00:00,3,2019-03-26 10:00:00,0.06431,0.06431,0.06431,0.0,0.5580104115375475,384.05996642101434,-110.87812143841506,0.0,0.0,494.9380878594294,494.9380878594294,0.0,1.0
2026,2019-03-26 10:00:00,3,2019-03-26 11:00:00,0.06431,0.06431,0.06431,0.0,0.7280235310764506,450.47042231897416,-44.46766554045524,0.0,0.0,494.9380878594294,494.9380878594294,0.0,1.0
2027,2019-03-26 11:00:00,3,2019-03-26 12:00:00,0.06431,0.06431,0.06431,0.0,0.7962072849051487,479.89170539152474,-15.046382467904664,0.0,0.0,494.9380878594294,494.9380878594294,0.0,1.0
2028,2019-03-26 12:00:00,3,2019-03-26 13:00:00,0.06431,0.06431,0.06431,0.0,0.8192784046892692,476.75414322610993,-18.18394463331947,0.0,0.0,494.9380878594294,494.9380878594294,0.0,1.0
2029,2019-03-26 13:00:00,3,2019-03-26 14:00:00,0.06431,0.06431,0.06431,0.0,0.8471604531270257,464.94676930745527,-29.991318551974132,0.0,0.0,494.9380878594294,494.9380878594294,0.0,1.0
2030,2019-03-26 14:00:00,3,2019-03-26 15:00:00,0.10531,0.10531,0.10531,0.0,0.893147141573386,457.2391328705246,-37.6989549889048,0.0,0.0,494.9380878594294,494.9380878594294,0.0,1.0
2031,2019-03-26 15:00:00,3,2019-03-26 16:00:00,0.10531,0.10531,0.10531,0.0,0.9509522058897067,462.9503960483686,-31.987691811060813,0.0,0.0,494.9380878594294,494.9380878594294,0.0,1.0
2032,2019-03-26 16:00:00,3,2019-03-26 17:00:00,0.13592,0.13592,0.13592,0.0,1.0,405.24584596958925,-0.0,300.0,0.0,105.24584596958925,105.24584596958925,0.0,0.0
2033,2019-03-26 17:00:00,3,2019-03-26 18:00:00,0.13592,0.13592,0.13592,0.0,0.4565217391304348,402.9921217535735,-0.0,0.0,0.0,402.9921217535735,402.9921217535735,0.0,0.0
2034,2019-03-26 18:00:00,3,2019-03-26 19:00:00,0.13592,0.13592,0.13592,0.0,0.4565217391304348,387.1474006988207,-0.0,224.4,0.0,162.7474006988207,162.7474006988207,0.0,0.0
2035,2019-03-26 19:00:00,3,2019-03-26 20:00:00,0.13592,0.13592,0.13592,0.0,0.05,354.6735183597791,-0.0,0.0,0.0,354.6735183597791,354.6735183597791,0.0,0.0
2036,2019-03-26 20:00:00,3,2019-03-26 21:00:00,0.13592,0.13592,0.13592,0.0,0.05,312.1224661072596,-0.0,0.0,0.0,312.1224661072596,312.1224661072596,0.0,0.0
2037,2019-03-26 21:00:00,3,2019-03-26 22:00:00,0.10531,0.10531,0.10531,0.0,0.05,199.65445009120367,-0.0,0.0,0.0,199.65445009120367,199.65445009120367,0.0,0.0
2038,2019-03-26 22:00:00,3,2019-03-26 23:00:00,0.10531,0.10531,0.10531,0.0,0.05,267.6933254435183,-0.0,0.0,0.0,267.6933254435183,267.6933254435183,0.0,1.0
2039,2019-03-26 23:00:00,3,2019-03-27 00:00:00,0.10531,0.10531,0.10531,0.0,0.05,203.653669405847,-0.0,0.0,0.0,203.653669405847,203.653669405847,0.0,0.0
2040,2019-03-27 00:00:00,3,2019-03-27 01:00:00,0.10531,0.10531,0.10531,0.0,0.05,189.00335911312277,-0.0,0.0,0.0,189.00335911312277,189.00335911312277,0.0,0.0
2041,2019-03-27 01:00:00,3,2019-03-27 02:00:00,0.10531,0.10531,0.10531,0.0,0.05,184.76001859746728,-0.0,0.0,0.0,184.76001859746728,184.76001859746728,0.0,0.0
2042,2019-03-27 02:00:00,3,2019-03-27 03:00:00,0.10531,0.10531,0.10531,0.0,0.05,180.64225160024083,-0.0,0.0,0.0,180.64225160024083,180.64225160024083,0.0,0.0
2043,2019-03-27 03:00:00,3,2019-03-27 04:00:00,0.10531,0.10531,0.10531,0.0,0.05,188.62979189770746,-152.52962726936104,0.0,0.0,341.1594191670685,341.1594191670685,0.0,1.0
2044,2019-03-27 04:00:00,3,2019-03-27 05:00:00,0.10531,0.10531,0.10531,0.0,0.2838787618130203,182.65621244330612,-0.0,0.0,0.0,182.65621244330612,182.65621244330612,0.0,0.0
2045,2019-03-27 05:00:00,3,2019-03-27 06:00:00,0.10531,0.10531,0.10531,0.0,0.2838787618130203,276.5910806929568,-218.34700716647262,0.0,0.0,494.9380878594294,494.9380878594294,0.0,1.0
2046,2019-03-27 06:00:00,3,2019-03-27 07:00:00,0.10531,0.10531,0.10531,0.0,0.618677506134945,266.85858100301647,-228.07950685641293,0.0,0.0,494.9380878594294,494.9380878594294,0.0,1.0
2047,2019-03-27 07:00:00,3,2019-03-27 08:00:00,0.10531,0.10531,0.10531,0.0,0.9683994166481116,430.9997327396982,-0.0,0.0,0.0,430.9997327396982,430.9997327396982,0.0,0.0
2048,2019-03-27 08:00:00,3,2019-03-27 09:00:00,0.10531,0.10531,0.10531,0.0,0.9683994166481116,490.0633168151186,-0.0,0.0,0.0,490.0633168151186,490.0633168151186,0.0,0.0
2049,2019-03-27 09:00:00,3,2019-03-27 10:00:00,0.06431,0.06431,0.06431,0.0,0.9683994166481116,474.3290117603717,-20.60907609905769,0.0,0.0,494.9380878594294,494.9380878594294,0.0,1.0
2050,2019-03-27 10:00:00,3,2019-03-27 11:00:00,0.06431,0.06431,0.06431,0.0,1.0,538.2673456418596,-0.0,43.329257782430204,0.0,494.9380878594294,494.9380878594294,0.0,0.0
2051,2019-03-27 11:00:00,3,2019-03-27 12:00:00,0.06431,0.06431,0.06431,0.0,0.9215049677854525,503.23075073394267,-0.0,8.292662874513269,0.0,494.9380878594294,494.9380878594294,0.0,0.0
2052,2019-03-27 12:00:00,3,2019-03-27 13:00:00,0.06431,0.06431,0.06431,0.0,0.9064820277953923,497.8661392685669,-0.0,2.928051409137481,0.0,494.9380878594294,494.9380878594294,0.0,0.0
2053,2019-03-27 13:00:00,3,2019-03-27 14:00:00,0.06431,0.06431,0.06431,0.0,0.9011775868368098,485.7322809823638,-9.205806877065584,0.0,0.0,494.9380878594294,494.9380878594294,0.0,1.0
2054,2019-03-27 14:00:00,3,2019-03-27 15:00:00,0.10531,0.10531,0.10531,0.0,0.9152931573816439,475.5990757360346,-19.33901212339481,0.0,0.0,494.9380878594294,494.9380878594294,0.0,1.0
2055,2019-03-27 15:00:00,3,2019-03-27 16:00:00,0.10531,0.10531,0.10531,0.0,0.9449463093041827,474.5800559636099,-20.358031895819522,0.0,0.0,494.9380878594294,494.9380878594294,0.0,1.0
2056,2019-03-27 16:00:00,3,2019-03-27 17:00:00,0.13592,0.13592,0.13592,0.0,0.976161958211106,471.9467103340812,-0.0,300.0,0.0,171.94671033408122,171.94671033408122,0.0,0.0
2057,2019-03-27 17:00:00,3,2019-03-27 18:00:00,0.13592,0.13592,0.13592,0.0,0.4326836973415408,466.1385983730279,-0.0,0.0,0.0,466.1385983730279,466.1385983730279,0.0,0.0
2058,2019-03-27 18:00:00,3,2019-03-27 19:00:00,0.13592,0.13592,0.13592,0.0,0.4326836973415408,458.39105986641425,-0.0,0.0,0.0,458.39105986641425,458.39105986641425,0.0,1.0
2059,2019-03-27 19:00:00,3,2019-03-27 20:00:00,0.13592,0.13592,0.13592,0.0,0.4326836973415408,403.1468424442201,-0.0,211.24140093253052,0.0,191.9054415116896,191.9054415116896,0.0,0.0
2060,2019-03-27 20:00:00,3,2019-03-27 21:00:00,0.13592,0.13592,0.13592,0.0,0.05,282.08306319894155,-0.0,0.0,0.0,282.08306319894155,282.08306319894155,0.0,1.0
2061,2019-03-27 21:00:00,3,2019-03-27 22:00:00,0.10531,0.10531,0.10531,0.0,0.05,174.06600835578328,-0.0,0.0,0.0,174.06600835578328,174.06600835578328,0.0,0.0
2062,2019-03-27 22:00:00,3,2019-03-27 23:00:00,0.10531,0.10531,0.10531,0.0,0.05,245.67328768193389,-0.0,0.0,0.0,245.67328768193389,245.67328768193389,0.0,0.0
2063,2019-03-27 23:00:00,3,2019-03-28 00:00:00,0.10531,0.10531,0.10531,0.0,0.05,185.8442473282841,-0.0,0.0,0.0,185.8442473282841,185.8442473282841,0.0,0.0
2064,2019-03-28 00:00:00,3,2019-03-28 01:00:00,0.10531,0.10531,0.10531,0.0,0.05,169.68012583655923,-0.0,0.0,0.0,169.68012583655923,169.68012583655923,0.0,0.0
2065,2019-03-28 01:00:00,3,2019-03-28 02:00:00,0.10531,0.10531,0.10531,0.0,0.05,169.1110221888038,-0.0,0.0,0.0,169.1110221888038,169.1110221888038,0.0,0.0
2066,2019-03-28 02:00:00,3,2019-03-28 03:00:00,0.10531,0.10531,0.10531,0.0,0.05,168.8434248282813,-0.0,0.0,0.0,168.8434248282813,168.8434248282813,0.0,0.0
2067,2019-03-28 03:00:00,3,2019-03-28 04:00:00,0.10531,0.10531,0.10531,0.0,0.05,215.7628967103062,-49.51180418185118,0.0,0.0,265.2747008921574,265.2747008921574,0.0,1.0
2068,2019-03-28 04:00:00,3,2019-03-28 05:00:00,0.10531,0.10531,0.10531,0.0,0.12591809974550514,218.87602674931853,-0.0,0.0,0.0,218.87602674931853,218.87602674931853,0.0,0.0
2069,2019-03-28 05:00:00,3,2019-03-28 06:00:00,0.10531,0.10531,0.10531,0.0,0.12591809974550514,310.04348421067505,-184.89460364875436,0.0,0.0,494.9380878594294,494.9380878594294,0.0,1.0
2070,2019-03-28 06:00:00,3,2019-03-28 07:00:00,0.10531,0.10531,0.10531,0.0,0.40942315867359513,298.4391973898393,-196.4988904695901,0.0,0.0,494.9380878594294,494.9380878594294,0.0,1.0
2071,2019-03-28 07:00:00,3,2019-03-28 08:00:00,0.10531,0.10531,0.10531,0.0,0.7107214573936333,437.2450371694277,-57.69305069000171,0.0,0.0,494.9380878594294,494.9380878594294,0.0,1.0
2072,2019-03-28 08:00:00,3,2019-03-28 09:00:00,0.10531,0.10531,0.10531,0.0,0.7991841351183026,485.2186419045597,-9.719445954869684,0.0,0.0,494.9380878594294,494.9380878594294,0.0,1.0
2073,2019-03-28 09:00:00,3,2019-03-28 10:00:00,0.06431,0.06431,0.06431,0.0,0.8140872855824361,457.3393551491642,-37.59873271026521,0.0,0.0,494.9380878594294,494.9380878594294,0.0,1.0
2074,2019-03-28 10:00:00,3,2019-03-28 11:00:00,0.06431,0.06431,0.06431,0.0,0.8717386757381761,518.1729294385927,-0.0,23.234841579163344,0.0,494.9380878594294,494.9380878594294,0.0,0.0
2075,2019-03-28 11:00:00,3,2019-03-28 12:00:00,0.06431,0.06431,0.06431,0.0,0.8296465714280976,479.2398120947226,-15.698275764706807,0.0,0.0,494.9380878594294,494.9380878594294,0.0,1.0
2076,2019-03-28 12:00:00,3,2019-03-28 13:00:00,0.06431,0.06431,0.06431,0.0,0.8537172609339814,478.38477157825275,-16.55331628117665,0.0,0.0,494.9380878594294,494.9380878594294,0.0,1.0
2077,2019-03-28 13:00:00,3,2019-03-28 14:00:00,0.06431,0.06431,0.06431,0.0,0.8790990125651189,472.0379072065227,-22.900180652906727,0.0,0.0,494.9380878594294,494.9380878594294,0.0,1.0
2078,2019-03-28 14:00:00,3,2019-03-28 15:00:00,0.10531,0.10531,0.10531,0.0,0.9142126228995759,465.10977214005084,-29.828315719378566,0.0,0.0,494.9380878594294,494.9380878594294,0.0,1.0
2079,2019-03-28 15:00:00,3,2019-03-28 16:00:00,0.10531,0.10531,0.10531,0.0,0.9599493736692896,468.8181141654879,-26.119973693941517,0.0,0.0,494.9380878594294,494.9380878594294,0.0,1.0
2080,2019-03-28 16:00:00,3,2019-03-28 17:00:00,0.13592,0.13592,0.13592,0.0,1.0,468.3415704034189,-0.0,300.0,0.0,168.34157040341893,168.34157040341893,0.0,0.0
2081,2019-03-28 17:00:00,3,2019-03-28 18:00:00,0.13592,0.13592,0.13592,0.0,0.4565217391304348,462.39130355046984,-0.0,224.4,0.0,237.99130355046984,237.99130355046984,0.0,0.0
2082,2019-03-28 18:00:00,3,2019-03-28 19:00:00,0.13592,0.13592,0.13592,0.0,0.05,447.5644801514961,-0.0,0.0,0.0,447.5644801514961,447.5644801514961,0.0,1.0
2083,2019-03-28 19:00:00,3,2019-03-28 20:00:00,0.13592,0.13592,0.13592,0.0,0.05,402.9585737266229,-0.0,0.0,0.0,402.9585737266229,402.9585737266229,0.0,1.0
2084,2019-03-28 20:00:00,3,2019-03-28 21:00:00,0.13592,0.13592,0.13592,0.0,0.05,288.58264730299555,-0.0,0.0,0.0,288.58264730299555,288.58264730299555,0.0,1.0
2085,2019-03-28 21:00:00,3,2019-03-28 22:00:00,0.10531,0.10531,0.10531,0.0,0.05,194.4292501634123,-0.0,0.0,0.0,194.4292501634123,194.4292501634123,0.0,0.0
2086,2019-03-28 22:00:00,3,2019-03-28 23:00:00,0.10531,0.10531,0.10531,0.0,0.05,265.4314943952481,-0.0,0.0,0.0,265.4314943952481,265.4314943952481,0.0,1.0
2087,2019-03-28 23:00:00,3,2019-03-29 00:00:00,0.10531,0.10531,0.10531,0.0,0.05,205.79518038321157,-0.0,0.0,0.0,205.79518038321157,205.79518038321157,0.0,0.0
2088,2019-03-29 00:00:00,3,2019-03-29 01:00:00,0.10531,0.10531,0.10531,0.0,0.05,187.53360077244275,-0.0,0.0,0.0,187.53360077244275,187.53360077244275,0.0,0.0
2089,2019-03-29 01:00:00,3,2019-03-29 02:00:00,0.10531,0.10531,0.10531,0.0,0.05,186.03872284762184,-0.0,0.0,0.0,186.03872284762184,186.03872284762184,0.0,0.0
2090,2019-03-29 02:00:00,3,2019-03-29 03:00:00,0.10531,0.10531,0.10531,0.0,0.05,184.03147242980896,-0.0,0.0,0.0,184.03147242980896,184.03147242980896,0.0,0.0
2091,2019-03-29 03:00:00,3,2019-03-29 04:00:00,0.10531,0.10531,0.10531,0.0,0.05,196.24512701901492,-197.5259988770046,0.0,0.0,393.7711258960195,393.7711258960195,0.0,1.0
2092,2019-03-29 04:00:00,3,2019-03-29 05:00:00,0.10531,0.10531,0.10531,0.0,0.35287319827807373,194.62372699635762,-0.0,0.0,0.0,194.62372699635762,194.62372699635762,0.0,0.0
2093,2019-03-29 05:00:00,3,2019-03-29 06:00:00,0.10531,0.10531,0.10531,0.0,0.35287319827807373,282.29326275260337,-212.64482510682603,0.0,0.0,494.9380878594294,494.9380878594294,0.0,1.0
2094,2019-03-29 06:00:00,3,2019-03-29 07:00:00,0.10531,0.10531,0.10531,0.0,0.678928596775207,285.54369445195573,-209.39439340747367,0.0,0.0,494.9380878594294,494.9380878594294,0.0,1.0
2095,2019-03-29 07:00:00,3,2019-03-29 08:00:00,0.10531,0.10531,0.10531,0.0,1.0,443.44990267235596,-0.0,0.0,0.0,443.44990267235596,443.44990267235596,0.0,0.0
2096,2019-03-29 08:00:00,3,2019-03-29 09:00:00,0.10531,0.10531,0.10531,0.0,1.0,502.53956685759243,-0.0,7.6014789981630315,0.0,494.9380878594294,494.9380878594294,0.0,0.0
2097,2019-03-29 09:00:00,3,2019-03-29 10:00:00,0.06431,0.06431,0.06431,0.0,0.9862292047134728,486.99880349988155,-7.939284359547855,0.0,0.0,494.9380878594294,494.9380878594294,0.0,1.0
2098,2019-03-29 10:00:00,3,2019-03-29 11:00:00,0.06431,0.06431,0.06431,0.0,0.9984027740647794,551.2521574965159,-0.0,56.314069637086504,0.0,494.9380878594294,494.9380878594294,0.0,0.0
2099,2019-03-29 11:00:00,3,2019-03-29 12:00:00,0.06431,0.06431,0.06431,0.0,0.8963845319686082,520.1318340091442,-0.0,25.193746149714798,0.0,494.9380878594294,494.9380878594294,0.0,0.0
2100,2019-03-29 12:00:00,3,2019-03-29 13:00:00,0.06431,0.06431,0.06431,0.0,0.8507436874944871,520.4760183640593,-0.0,25.537930504629912,0.0,494.9380878594294,494.9380878594294,0.0,0.0
2101,2019-03-29 13:00:00,3,2019-03-29 14:00:00,0.06431,0.06431,0.06431,0.0,0.8044793206382735,512.3159253884679,-0.0,17.377837529038516,0.0,494.9380878594294,494.9380878594294,0.0,0.0
2102,2019-03-29 14:00:00,3,2019-03-29 15:00:00,0.10531,0.10531,0.10531,0.0,0.7729977309117545,507.82045765352547,-0.0,12.882369794096064,0.0,494.9380878594294,494.9380878594294,0.0,0.0
2103,2019-03-29 15:00:00,3,2019-03-29 16:00:00,0.10531,0.10531,0.10531,0.0,0.7496601044731747,503.7489121965738,-0.0,8.810824337144425,0.0,494.9380878594294,494.9380878594294,0.0,0.0
2104,2019-03-29 16:00:00,3,2019-03-29 17:00:00,0.13592,0.13592,0.13592,0.0,0.7336984661812463,497.9417967763519,-0.0,77.40155333204797,0.0,420.54024344430394,420.54024344430394,0.0,0.0
2105,2019-03-29 17:00:00,3,2019-03-29 18:00:00,0.13592,0.13592,0.13592,0.0,0.5934782608695652,492.9417757699941,-0.0,300.0,0.0,192.94177576999408,192.94177576999408,0.0,0.0
2106,2019-03-29 18:00:00,3,2019-03-29 19:00:00,0.13592,0.13592,0.13592,0.0,0.05,483.52834030764603,-0.0,0.0,0.0,483.52834030764603,483.52834030764603,0.0,1.0
2107,2019-03-29 19:00:00,3,2019-03-29 20:00:00,0.13592,0.13592,0.13592,0.0,0.05,434.0960483173807,-0.0,0.0,0.0,434.0960483173807,434.0960483173807,0.0,0.0
2108,2019-03-29 20:00:00,3,2019-03-29 21:00:00,0.13592,0.13592,0.13592,0.0,0.05,312.4840182754958,-0.0,0.0,0.0,312.4840182754958,312.4840182754958,0.0,0.0
2109,2019-03-29 21:00:00,3,2019-03-29 22:00:00,0.10531,0.10531,0.10531,0.0,0.05,209.97626560410447,-0.0,0.0,0.0,209.97626560410447,209.97626560410447,0.0,0.0
2110,2019-03-29 22:00:00,3,2019-03-29 23:00:00,0.10531,0.10531,0.10531,0.0,0.05,278.25402852286544,-0.0,0.0,0.0,278.25402852286544,278.25402852286544,0.0,1.0
2111,2019-03-29 23:00:00,3,2019-03-30 00:00:00,0.10531,0.10531,0.10531,0.0,0.05,217.28289297358415,-0.0,0.0,0.0,217.28289297358415,217.28289297358415,0.0,0.0
2112,2019-03-30 00:00:00,3,2019-03-30 01:00:00,0.10531,0.10531,0.10531,0.0,0.05,198.2172967887922,-0.0,0.0,0.0,198.2172967887922,198.2172967887922,0.0,0.0
2113,2019-03-30 01:00:00,3,2019-03-30 02:00:00,0.10531,0.10531,0.10531,0.0,0.05,193.70966448576803,-0.0,0.0,0.0,193.70966448576803,193.70966448576803,0.0,0.0
2114,2019-03-30 02:00:00,3,2019-03-30 03:00:00,0.10531,0.10531,0.10531,0.0,0.05,189.7254188584369,-0.0,0.0,0.0,189.7254188584369,189.7254188584369,0.0,0.0
2115,2019-03-30 03:00:00,3,2019-03-30 04:00:00,0.10531,0.10531,0.10531,0.0,0.05,199.7404044921397,-139.69350043173776,0.0,0.0,339.43390492387744,339.43390492387744,0.0,1.0
2116,2019-03-30 04:00:00,3,2019-03-30 05:00:00,0.10531,0.10531,0.10531,0.0,0.2641967006619979,195.5273343326017,-0.0,0.0,0.0,195.5273343326017,195.5273343326017,0.0,0.0
2117,2019-03-30 05:00:00,3,2019-03-30 06:00:00,0.10531,0.10531,0.10531,0.0,0.2641967006619979,280.48874459031697,-214.44934326911243,0.0,0.0,494.9380878594294,494.9380878594294,0.0,1.0
2118,2019-03-30 06:00:00,3,2019-03-30 07:00:00,0.10531,0.10531,0.10531,0.0,0.5930190270079703,281.4182923376199,-213.5197955218095,0.0,0.0,494.9380878594294,494.9380878594294,0.0,1.0
2119,2019-03-30 07:00:00,3,2019-03-30 08:00:00,0.10531,0.10531,0.10531,0.0,0.9204160468080782,443.0355096907847,-51.90257816864471,0.0,0.0,494.9380878594294,494.9380878594294,0.0,1.0
2120,2019-03-30 08:00:00,3,2019-03-30 09:00:00,0.10531,0.10531,0.10531,0.0,1.0,508.1009944402608,-0.0,13.162906580831418,0.0,494.9380878594294,494.9380878594294,0.0,0.0
2121,2019-03-30 09:00:00,3,2019-03-30 10:00:00,0.06431,0.06431,0.06431,0.0,0.9761541547448707,492.1467964715814,-2.7912913878479912,0.0,0.0,494.9380878594294,494.9380878594294,0.0,1.0
2122,2019-03-30 10:00:00,3,2019-03-30 11:00:00,0.06431,0.06431,0.06431,0.0,0.9804341348729042,553.2141130120192,-0.0,58.276025152589796,0.0,494.9380878594294,494.9380878594294,0.0,0.0
2123,2019-03-30 11:00:00,3,2019-03-30 12:00:00,0.06431,0.06431,0.06431,0.0,0.8748616255385024,519.4841550453953,-0.0,24.546067185965853,0.0,494.9380878594294,494.9380878594294,0.0,0.0
2124,2019-03-30 12:00:00,3,2019-03-30 13:00:00,0.06431,0.06431,0.06431,0.0,0.8303941125204483,515.4623160851213,-0.0,20.5242282256919,0.0,494.9380878594294,494.9380878594294,0.0,0.0
2125,2019-03-30 13:00:00,3,2019-03-30 14:00:00,0.06431,0.06431,0.06431,0.0,0.7932125396478181,509.6123523919805,-0.0,14.674264532551092,0.0,494.9380878594294,494.9380878594294,0.0,0.0
2126,2019-03-30 14:00:00,3,2019-03-30 15:00:00,0.10531,0.10531,0.10531,0.0,0.7666287270888487,503.1108328084954,-0.0,8.172744949065986,0.0,494.9380878594294,494.9380878594294,0.0,0.0
2127,2019-03-30 15:00:00,3,2019-03-30 16:00:00,0.10531,0.10531,0.10531,0.0,0.7518230297173524,502.2462865362676,-0.0,7.308198676838174,0.0,494.9380878594294,494.9380878594294,0.0,0.0
2128,2019-03-30 16:00:00,3,2019-03-30 17:00:00,0.13592,0.13592,0.13592,0.0,0.7385835393607615,497.7135670345972,-0.0,300.0,0.0,197.7135670345972,197.7135670345972,0.0,0.0
2129,2019-03-30 17:00:00,3,2019-03-30 18:00:00,0.13592,0.13592,0.13592,0.0,0.19510527849119627,488.53407698375963,-0.0,80.09811372714034,0.0,408.4359632566193,408.4359632566193,0.0,0.0
2130,2019-03-30 18:00:00,3,2019-03-30 19:00:00,0.13592,0.13592,0.13592,0.0,0.05,476.9439366008906,-0.0,0.0,0.0,476.9439366008906,476.9439366008906,0.0,0.0
2131,2019-03-30 19:00:00,3,2019-03-30 20:00:00,0.13592,0.13592,0.13592,0.0,0.05,425.62376691503874,-0.0,0.0,0.0,425.62376691503874,425.62376691503874,0.0,0.0
2132,2019-03-30 20:00:00,3,2019-03-30 21:00:00,0.13592,0.13592,0.13592,0.0,0.05,304.27364662576866,-0.0,0.0,0.0,304.27364662576866,304.27364662576866,0.0,0.0
2133,2019-03-30 21:00:00,3,2019-03-30 22:00:00,0.10531,0.10531,0.10531,0.0,0.05,201.034775019637,-0.0,0.0,0.0,201.034775019637,201.034775019637,0.0,0.0
2134,2019-03-30 22:00:00,3,2019-03-30 23:00:00,0.10531,0.10531,0.10531,0.0,0.05,270.9007562991283,-11.768649335209602,0.0,0.0,282.6694056343379,282.6694056343379,0.0,1.0
2135,2019-03-30 23:00:00,3,2019-03-31 00:00:00,0.10531,0.10531,0.10531,0.0,0.06804526231398805,212.16182379713473,-0.0,0.0,0.0,212.16182379713473,212.16182379713473,0.0,0.0
2136,2019-03-31 00:00:00,3,2019-03-31 01:00:00,0.10531,0.10531,0.10531,0.0,0.06804526231398805,194.61826323203846,-0.0,0.0,0.0,194.61826323203846,194.61826323203846,0.0,0.0
2137,2019-03-31 01:00:00,3,2019-03-31 02:00:00,0.10531,0.10531,0.10531,0.0,0.06804526231398805,192.50738202869215,-0.0,0.0,0.0,192.50738202869215,192.50738202869215,0.0,0.0
2138,2019-03-31 02:00:00,3,2019-03-31 03:00:00,0.10531,0.10531,0.10531,0.0,0.06804526231398805,190.9148077646136,-0.0,0.0,0.0,190.9148077646136,190.9148077646136,0.0,0.0
2139,2019-03-31 03:00:00,3,2019-03-31 04:00:00,0.10531,0.10531,0.10531,0.0,0.06804526231398805,237.26534215403737,-4.068901811920039,0.0,0.0,241.3342439659574,241.3342439659574,0.0,1.0
2140,2019-03-31 04:00:00,3,2019-03-31 05:00:00,0.10531,0.10531,0.10531,0.0,0.07428424509226544,236.52008182783516,-258.41800603159425,0.0,0.0,494.9380878594294,494.9380878594294,0.0,1.0
2141,2019-03-31 05:00:00,3,2019-03-31 06:00:00,0.10531,0.10531,0.10531,0.0,0.4705251876740433,326.21193882782626,-168.72614903160314,0.0,0.0,494.9380878594294,494.9380878594294,0.0,1.0
2142,2019-03-31 06:00:00,3,2019-03-31 07:00:00,0.10531,0.10531,0.10531,0.0,0.7292386161891682,318.35457667845213,-176.58351118097727,0.0,0.0,494.9380878594294,494.9380878594294,0.0,1.0
2143,2019-03-31 07:00:00,3,2019-03-31 08:00:00,0.10531,0.10531,0.10531,0.0,1.0,459.9348686338068,-0.0,0.0,0.0,459.9348686338068,459.9348686338068,0.0,0.0
2144,2019-03-31 08:00:00,3,2019-03-31 09:00:00,0.10531,0.10531,0.10531,0.0,1.0,524.1656237322907,-0.0,29.227535872861267,0.0,494.9380878594294,494.9380878594294,0.0,0.0
2145,2019-03-31 09:00:00,3,2019-03-31 10:00:00,0.06431,0.06431,0.06431,0.0,0.9470515654477151,509.6769813396672,-0.0,14.738893480237778,0.0,494.9380878594294,494.9380878594294,0.0,0.0
2146,2019-03-31 10:00:00,3,2019-03-31 11:00:00,0.06431,0.06431,0.06431,0.0,0.9203506714617771,569.3569588934267,-0.0,74.41887103399733,0.0,494.9380878594294,494.9380878594294,0.0,0.0
2147,2019-03-31 11:00:00,3,2019-03-31 12:00:00,0.06431,0.06431,0.06431,0.0,0.7855338761103327,535.9740561332336,-0.0,41.0359682738042,0.0,494.9380878594294,494.9380878594294,0.0,0.0
2148,2019-03-31 12:00:00,3,2019-03-31 13:00:00,0.06431,0.06431,0.06431,0.0,0.7111933538751801,529.4595824391313,-0.0,34.52149457970188,0.0,494.9380878594294,494.9380878594294,0.0,0.0
2149,2019-03-31 13:00:00,3,2019-03-31 14:00:00,0.06431,0.06431,0.06431,0.0,0.6486544144191985,524.0803844689478,-0.0,29.14229660951844,0.0,494.9380878594294,494.9380878594294,0.0,0.0
2150,2019-03-31 14:00:00,3,2019-03-31 15:00:00,0.10531,0.10531,0.10531,0.0,0.5958603988222447,519.2942050181357,-0.0,24.356117158706297,0.0,494.9380878594294,494.9380878594294,0.0,0.0
2151,2019-03-31 15:00:00,3,2019-03-31 16:00:00,0.10531,0.10531,0.10531,0.0,0.5517369981724144,518.8089295130285,-0.0,23.870841653599086,0.0,494.9380878594294,494.9380878594294,0.0,0.0
2152,2019-03-31 16:00:00,3,2019-03-31 17:00:00,0.13592,0.13592,0.13592,0.0,0.508492719814445,516.500450351408,-0.0,21.562362491978547,0.0,494.9380878594294,494.9380878594294,0.0,0.0
2153,2019-03-31 17:00:00,3,2019-03-31 18:00:00,0.13592,0.13592,0.13592,0.0,0.4694304689231796,509.2697067941351,-0.0,14.331618934705716,0.0,494.9380878594294,494.9380878594294,0.0,0.0
2154,2019-03-31 18:00:00,3,2019-03-31 19:00:00,0.13592,0.13592,0.13592,0.0,0.4434673911429156,486.55728076459945,-0.0,0.0,0.0,486.55728076459945,486.55728076459945,0.0,0.0
2155,2019-03-31 19:00:00,3,2019-03-31 20:00:00,0.13592,0.13592,0.13592,0.0,0.4434673911429156,434.9968038558579,-0.0,217.19399991088943,0.0,217.80280394496845,217.80280394496845,0.0,0.0
2156,2019-03-31 20:00:00,3,2019-03-31 21:00:00,0.13592,0.13592,0.13592,0.0,0.05,310.90746785215606,-0.0,0.0,0.0,310.90746785215606,310.90746785215606,0.0,1.0
2157,2019-03-31 21:00:00,3,2019-03-31 22:00:00,0.10531,0.10531,0.10531,0.0,0.05,216.71436981407734,-0.0,0.0,0.0,216.71436981407734,216.71436981407734,0.0,0.0
2158,2019-03-31 22:00:00,3,2019-03-31 23:00:00,0.10531,0.10531,0.10531,0.0,0.05,283.2375615753966,-129.04449902461383,0.0,0.0,412.2820606000105,412.2820606000105,0.0,1.0
2159,2019-03-31 23:00:00,3,2019-04-01 00:00:00,0.10531,0.10531,0.10531,0.0,0.24786823183774123,221.6117312887876,-0.0,0.0,0.0,221.6117312887876,221.6117312887876,0.0,0.0
2160,2019-04-01 00:00:00,4,2019-04-01 01:00:00,0.10531,0.10531,0.10531,0.0,0.24786823183774123,195.77805618248547,-0.0,0.0,0.0,195.77805618248547,195.77805618248547,0.0,0.0
2161,2019-04-01 01:00:00,4,2019-04-01 02:00:00,0.10531,0.10531,0.10531,0.0,0.24786823183774123,186.2846721790749,-0.0,0.0,0.0,186.2846721790749,186.2846721790749,0.0,0.0
2162,2019-04-01 02:00:00,4,2019-04-01 03:00:00,0.10531,0.10531,0.10531,0.0,0.24786823183774123,178.34227459758003,-0.0,0.0,0.0,178.34227459758003,178.34227459758003,0.0,0.0
2163,2019-04-01 03:00:00,4,2019-04-01 04:00:00,0.10531,0.10531,0.10531,0.0,0.24786823183774123,187.2895063659921,-0.0,0.0,0.0,187.2895063659921,187.2895063659921,0.0,0.0
2164,2019-04-01 04:00:00,4,2019-04-01 05:00:00,0.10531,0.10531,0.10531,0.0,0.24786823183774123,183.4242358268525,-177.79368737070251,0.0,0.0,361.217923197555,361.217923197555,0.0,1.0
2165,2019-04-01 05:00:00,4,2019-04-01 06:00:00,0.10531,0.10531,0.10531,0.0,0.5204852191394851,243.6795168239933,-0.0,0.0,0.0,243.6795168239933,243.6795168239933,0.0,0.0
2166,2019-04-01 06:00:00,4,2019-04-01 07:00:00,0.10531,0.10531,0.10531,0.0,0.5204852191394851,242.55038837424684,-224.37199567924722,0.0,0.0,466.92238405349406,466.92238405349406,0.0,1.0
2167,2019-04-01 07:00:00,4,2019-04-01 08:00:00,0.10531,0.10531,0.10531,0.0,0.8645222791809977,378.56734873675333,-88.35503531674073,0.0,0.0,466.92238405349406,466.92238405349406,0.0,1.0
2168,2019-04-01 08:00:00,4,2019-04-01 09:00:00,0.10531,0.10531,0.10531,0.0,1.0,434.49268412271226,-0.0,0.0,0.0,434.49268412271226,434.49268412271226,0.0,0.0
2169,2019-04-01 09:00:00,4,2019-04-01 10:00:00,0.06431,0.06431,0.06431,0.0,1.0,495.01496656616985,-0.0,28.09258251267579,0.0,466.92238405349406,466.92238405349406,0.0,0.0
2170,2019-04-01 10:00:00,4,2019-04-01 11:00:00,0.06431,0.06431,0.06431,0.0,0.9491076403755873,562.5329569504346,-0.0,95.61057289694054,0.0,466.92238405349406,466.92238405349406,0.0,0.0
2171,2019-04-01 11:00:00,4,2019-04-01 12:00:00,0.06431,0.06431,0.06431,0.0,0.7759000807796804,536.4896040361169,-0.0,69.56721998262287,0.0,466.92238405349406,466.92238405349406,0.0,0.0
2172,2019-04-01 12:00:00,4,2019-04-01 13:00:00,0.06431,0.06431,0.06431,0.0,0.6498725083473925,533.8953126302486,-0.0,66.97292857675448,0.0,466.92238405349406,466.92238405349406,0.0,0.0
2173,2019-04-01 13:00:00,4,2019-04-01 14:00:00,0.06431,0.06431,0.06431,0.0,0.5285447391866054,525.1326336374801,-0.0,58.21024958398607,0.0,466.92238405349406,466.92238405349406,0.0,0.0
2174,2019-04-01 14:00:00,4,2019-04-01 15:00:00,0.10531,0.10531,0.10531,0.0,0.4230913884909784,520.0294559621599,-0.0,53.10707190866583,0.0,466.92238405349406,466.92238405349406,0.0,0.0
2175,2019-04-01 15:00:00,4,2019-04-01 16:00:00,0.10531,0.10531,0.10531,0.0,0.32688292488832293,524.8695156941053,-0.0,57.94713164061123,0.0,466.92238405349406,466.92238405349406,0.0,0.0
2176,2019-04-01 16:00:00,4,2019-04-01 17:00:00,0.13592,0.13592,0.13592,0.0,0.22190623713359248,531.4985244660243,-0.0,64.57614041253018,0.0,466.92238405349406,466.92238405349406,0.0,0.0
2177,2019-04-01 17:00:00,4,2019-04-01 18:00:00,0.13592,0.13592,0.13592,0.0,0.10492047551669005,497.238486538707,-0.0,30.316102485212905,0.0,466.92238405349406,466.92238405349406,0.0,0.0
2178,2019-04-01 18:00:00,4,2019-04-01 19:00:00,0.13592,0.13592,0.13592,0.0,0.05,425.7075283428741,-0.0,0.0,0.0,425.7075283428741,425.7075283428741,0.0,1.0
2179,2019-04-01 19:00:00,4,2019-04-01 20:00:00,0.13592,0.13592,0.13592,0.0,0.05,395.4197822735076,-0.0,0.0,0.0,395.4197822735076,395.4197822735076,0.0,1.0
2180,2019-04-01 20:00:00,4,2019-04-01 21:00:00,0.13592,0.13592,0.13592,0.0,0.05,295.62175442802805,-0.0,0.0,0.0,295.62175442802805,295.62175442802805,0.0,1.0
2181,2019-04-01 21:00:00,4,2019-04-01 22:00:00,0.10531,0.10531,0.10531,0.0,0.05,218.0432710554082,-0.0,0.0,0.0,218.0432710554082,218.0432710554082,0.0,0.0
2182,2019-04-01 22:00:00,4,2019-04-01 23:00:00,0.10531,0.10531,0.10531,0.0,0.05,285.39019836177783,-0.0,0.0,0.0,285.39019836177783,285.39019836177783,0.0,1.0
2183,2019-04-01 23:00:00,4,2019-04-02 00:00:00,0.10531,0.10531,0.10531,0.0,0.05,229.2442583769789,-0.0,0.0,0.0,229.2442583769789,229.2442583769789,0.0,0.0
2184,2019-04-02 00:00:00,4,2019-04-02 01:00:00,0.10531,0.10531,0.10531,0.0,0.05,210.49209447443377,-0.0,0.0,0.0,210.49209447443377,210.49209447443377,0.0,0.0
2185,2019-04-02 01:00:00,4,2019-04-02 02:00:00,0.10531,0.10531,0.10531,0.0,0.05,207.1424138368532,-0.0,0.0,0.0,207.1424138368532,207.1424138368532,0.0,0.0
2186,2019-04-02 02:00:00,4,2019-04-02 03:00:00,0.10531,0.10531,0.10531,0.0,0.05,204.46385830709775,-0.0,0.0,0.0,204.46385830709775,204.46385830709775,0.0,0.0
2187,2019-04-02 03:00:00,4,2019-04-02 04:00:00,0.10531,0.10531,0.10531,0.0,0.05,216.57996996144132,-0.0,0.0,0.0,216.57996996144132,216.57996996144132,0.0,0.0
2188,2019-04-02 04:00:00,4,2019-04-02 05:00:00,0.10531,0.10531,0.10531,0.0,0.05,214.24388311230857,-252.6785009411855,0.0,0.0,466.92238405349406,466.92238405349406,0.0,1.0
2189,2019-04-02 05:00:00,4,2019-04-02 06:00:00,0.10531,0.10531,0.10531,0.0,0.43744036810981773,277.26404363808473,-189.65834041540933,0.0,0.0,466.92238405349406,466.92238405349406,0.0,1.0
2190,2019-04-02 06:00:00,4,2019-04-02 07:00:00,0.10531,0.10531,0.10531,0.0,0.7282498234134454,288.79392542941423,-0.0,0.0,0.0,288.79392542941423,288.79392542941423,0.0,1.0
2191,2019-04-02 07:00:00,4,2019-04-02 08:00:00,0.10531,0.10531,0.10531,0.0,0.7282498234134454,359.6306468908639,-0.0,0.0,0.0,359.6306468908639,359.6306468908639,0.0,0.0
2192,2019-04-02 08:00:00,4,2019-04-02 09:00:00,0.10531,0.10531,0.10531,0.0,0.7282498234134454,313.4490807117812,-82.32342475265703,0.0,0.0,395.77250546443827,395.77250546443827,0.0,1.0
2193,2019-04-02 09:00:00,4,2019-04-02 10:00:00,0.06431,0.06431,0.06431,0.0,0.8544790747008528,386.7704256187751,-80.15195843471895,0.0,0.0,466.92238405349406,466.92238405349406,0.0,1.0
2194,2019-04-02 10:00:00,4,2019-04-02 11:00:00,0.06431,0.06431,0.06431,0.0,0.9773787443007552,452.1693912061605,-14.75299284733353,0.0,0.0,466.92238405349406,466.92238405349406,0.0,1.0
2195,2019-04-02 11:00:00,4,2019-04-02 12:00:00,0.06431,0.06431,0.06431,0.0,1.0,481.84216615541715,-0.0,14.91978210192309,0.0,466.92238405349406,466.92238405349406,0.0,0.0
2196,2019-04-02 12:00:00,4,2019-04-02 13:00:00,0.06431,0.06431,0.06431,0.0,0.9729714092356465,481.0723461391385,-0.0,14.14996208564446,0.0,466.92238405349406,466.92238405349406,0.0,0.0
2197,2019-04-02 13:00:00,4,2019-04-02 14:00:00,0.06431,0.06431,0.06431,0.0,0.9473374199500587,470.9845296171085,-0.0,4.062145563614422,0.0,466.92238405349406,466.92238405349406,0.0,0.0
2198,2019-04-02 14:00:00,4,2019-04-02 15:00:00,0.10531,0.10531,0.10531,0.0,0.9399784605956847,461.359582991785,-5.562801061709081,0.0,0.0,466.92238405349406,466.92238405349406,0.0,1.0
2199,2019-04-02 15:00:00,4,2019-04-02 16:00:00,0.10531,0.10531,0.10531,0.0,0.9485080888903054,459.7156945544294,-7.20668949906468,0.0,0.0,466.92238405349406,466.92238405349406,0.0,1.0
2200,2019-04-02 16:00:00,4,2019-04-02 17:00:00,0.13592,0.13592,0.13592,0.0,0.9595583461222045,398.17897900581096,-0.0,0.0,0.0,398.17897900581096,398.17897900581096,0.0,0.0
2201,2019-04-02 17:00:00,4,2019-04-02 18:00:00,0.13592,0.13592,0.13592,0.0,0.9595583461222045,403.4317484155741,-0.0,0.0,0.0,403.4317484155741,403.4317484155741,0.0,1.0
2202,2019-04-02 18:00:00,4,2019-04-02 19:00:00,0.13592,0.13592,0.13592,0.0,0.9595583461222045,387.0884332189992,-0.0,0.0,0.0,387.0884332189992,387.0884332189992,0.0,0.0
2203,2019-04-02 19:00:00,4,2019-04-02 20:00:00,0.13592,0.13592,0.13592,0.0,0.9595583461222045,368.1003201715106,-0.0,202.0762070594569,0.0,166.0241131120537,166.0241131120537,0.0,0.0
2204,2019-04-02 20:00:00,4,2019-04-02 21:00:00,0.13592,0.13592,0.13592,0.0,0.5934782608695652,327.52859884197926,-0.0,300.0,0.0,27.52859884197926,27.52859884197926,0.0,0.0
2205,2019-04-02 21:00:00,4,2019-04-02 22:00:00,0.10531,0.10531,0.10531,0.0,0.05,218.46259414282713,-0.0,0.0,0.0,218.46259414282713,218.46259414282713,0.0,0.0
2206,2019-04-02 22:00:00,4,2019-04-02 23:00:00,0.10531,0.10531,0.10531,0.0,0.05,282.49809852713133,-0.0,0.0,0.0,282.49809852713133,282.49809852713133,0.0,1.0
2207,2019-04-02 23:00:00,4,2019-04-03 00:00:00,0.10531,0.10531,0.10531,0.0,0.05,222.31125807909226,-0.0,0.0,0.0,222.31125807909226,222.31125807909226,0.0,0.0
2208,2019-04-03 00:00:00,4,2019-04-03 01:00:00,0.10531,0.10531,0.10531,0.0,0.05,207.65160028812457,-0.0,0.0,0.0,207.65160028812457,207.65160028812457,0.0,0.0
2209,2019-04-03 01:00:00,4,2019-04-03 02:00:00,0.10531,0.10531,0.10531,0.0,0.05,202.04594887936702,-0.0,0.0,0.0,202.04594887936702,202.04594887936702,0.0,0.0
2210,2019-04-03 02:00:00,4,2019-04-03 03:00:00,0.10531,0.10531,0.10531,0.0,0.05,196.49149871601094,-0.0,0.0,0.0,196.49149871601094,196.49149871601094,0.0,0.0
2211,2019-04-03 03:00:00,4,2019-04-03 04:00:00,0.10531,0.10531,0.10531,0.0,0.05000000000000009,205.33217049112665,-0.0,0.0,0.0,205.33217049112665,205.33217049112665,0.0,0.0
2212,2019-04-03 04:00:00,4,2019-04-03 05:00:00,0.10531,0.10531,0.10531,0.0,0.05000000000000009,200.78867902298603,-266.13370503050805,0.0,0.0,466.92238405349406,466.92238405349406,0.0,1.0
2213,2019-04-03 05:00:00,4,2019-04-03 06:00:00,0.10531,0.10531,0.10531,0.0,0.45807168104677914,287.41246441281857,-179.5099196406755,0.0,0.0,466.92238405349406,466.92238405349406,0.0,1.0
2214,2019-04-03 06:00:00,4,2019-04-03 07:00:00,0.10531,0.10531,0.10531,0.0,0.7333202244958149,294.18993029792125,-172.7324537555728,0.0,0.0,466.92238405349406,466.92238405349406,0.0,1.0
2215,2019-04-03 07:00:00,4,2019-04-03 08:00:00,0.10531,0.10531,0.10531,0.0,0.9981766535876931,459.1261979926534,-1.1891389645479253,0.0,0.0,460.3153369572013,460.3153369572013,0.0,1.0
2216,2019-04-03 08:00:00,4,2019-04-03 09:00:00,0.10531,0.10531,0.10531,0.0,1.0,518.8221882273036,-0.0,51.89980417380957,0.0,466.92238405349406,466.92238405349406,0.0,0.0
2217,2019-04-03 09:00:00,4,2019-04-03 10:00:00,0.06431,0.06431,0.06431,0.0,0.9059786156271565,502.44570961618996,-0.0,35.5233255626959,0.0,466.92238405349406,466.92238405349406,0.0,0.0
2218,2019-04-03 10:00:00,4,2019-04-03 11:00:00,0.06431,0.06431,0.06431,0.0,0.8416247649700987,567.609509036453,-0.0,100.68712498295895,0.0,466.92238405349406,466.92238405349406,0.0,0.0
2219,2019-04-03 11:00:00,4,2019-04-03 12:00:00,0.06431,0.06431,0.06431,0.0,0.6592205530444485,537.6269995848869,-0.0,70.70461553139285,0.0,466.92238405349406,466.92238405349406,0.0,0.0
2220,2019-04-03 12:00:00,4,2019-04-03 13:00:00,0.06431,0.06431,0.06431,0.0,0.5311324814296063,525.1538835952688,-0.0,58.231499541774724,0.0,466.92238405349406,466.92238405349406,0.0,0.0
2221,2019-04-03 13:00:00,4,2019-04-03 14:00:00,0.06431,0.06431,0.06431,0.0,0.4256406344336377,506.38032090303244,-0.0,39.457936849538385,0.0,466.92238405349406,466.92238405349406,0.0,0.0
2222,2019-04-03 14:00:00,4,2019-04-03 15:00:00,0.10531,0.10531,0.10531,0.0,0.3541588647786768,488.6928431494809,-0.0,21.770459095986837,0.0,466.92238405349406,466.92238405349406,0.0,0.0
2223,2019-04-03 15:00:00,4,2019-04-03 16:00:00,0.10531,0.10531,0.10531,0.0,0.31471962728594705,489.228924105296,-0.0,22.30654005180196,0.0,466.92238405349406,466.92238405349406,0.0,0.0
2224,2019-04-03 16:00:00,4,2019-04-03 17:00:00,0.13592,0.13592,0.13592,0.0,0.27430922864137824,490.8913734414924,-0.0,23.968989387998363,0.0,466.92238405349406,466.92238405349406,0.0,0.0
2225,2019-04-03 17:00:00,4,2019-04-03 18:00:00,0.13592,0.13592,0.13592,0.0,0.23088714641674357,484.1692912638668,-0.0,93.66251230828868,0.0,390.5067789555781,390.5067789555781,0.0,0.0
2226,2019-04-03 18:00:00,4,2019-04-03 19:00:00,0.13592,0.13592,0.13592,0.0,0.061208682090133616,473.1095765672478,-0.0,6.187192513753757,0.0,466.92238405349406,466.92238405349406,0.0,0.0
2227,2019-04-03 19:00:00,4,2019-04-03 20:00:00,0.13592,0.13592,0.13592,0.0,0.05,426.3184752042088,-0.0,0.0,0.0,426.3184752042088,426.3184752042088,0.0,0.0
2228,2019-04-03 20:00:00,4,2019-04-03 21:00:00,0.13592,0.13592,0.13592,0.0,0.05,305.5486418372641,-0.0,0.0,0.0,305.5486418372641,305.5486418372641,0.0,0.0
2229,2019-04-03 21:00:00,4,2019-04-03 22:00:00,0.10531,0.10531,0.10531,0.0,0.05,204.70163518179453,-0.0,0.0,0.0,204.70163518179453,204.70163518179453,0.0,0.0
2230,2019-04-03 22:00:00,4,2019-04-03 23:00:00,0.10531,0.10531,0.10531,0.0,0.05,273.600265796865,-0.0,0.0,0.0,273.600265796865,273.600265796865,0.0,1.0
2231,2019-04-03 23:00:00,4,2019-04-04 00:00:00,0.10531,0.10531,0.10531,0.0,0.05,212.71275395226613,-0.0,0.0,0.0,212.71275395226613,212.71275395226613,0.0,0.0
2232,2019-04-04 00:00:00,4,2019-04-04 01:00:00,0.10531,0.10531,0.10531,0.0,0.05,194.22164330091894,-0.0,0.0,0.0,194.22164330091894,194.22164330091894,0.0,0.0
2233,2019-04-04 01:00:00,4,2019-04-04 02:00:00,0.10531,0.10531,0.10531,0.0,0.05,189.73634955809564,-0.0,0.0,0.0,189.73634955809564,189.73634955809564,0.0,0.0
2234,2019-04-04 02:00:00,4,2019-04-04 03:00:00,0.10531,0.10531,0.10531,0.0,0.05,185.75250723424992,-20.125614841196036,0.0,0.0,205.87812207544596,205.87812207544596,0.0,1.0
2235,2019-04-04 03:00:00,4,2019-04-04 04:00:00,0.10531,0.10531,0.10531,0.0,0.08085927608983393,228.71716293307534,-0.0,0.0,0.0,228.71716293307534,228.71716293307534,0.0,0.0
2236,2019-04-04 04:00:00,4,2019-04-04 05:00:00,0.10531,0.10531,0.10531,0.0,0.08085927608983393,225.8584401902225,-244.88555061753834,0.0,0.0,470.74399080776084,470.74399080776084,0.0,1.0
2237,2019-04-04 05:00:00,4,2019-04-04 06:00:00,0.10531,0.10531,0.10531,0.0,0.4563504537033928,312.29007728039755,-158.45391352736328,0.0,0.0,470.74399080776084,470.74399080776084,0.0,1.0
2238,2019-04-04 06:00:00,4,2019-04-04 07:00:00,0.10531,0.10531,0.10531,0.0,0.6993131211120165,299.95604793898246,-170.78794286877837,0.0,0.0,470.74399080776084,470.74399080776084,0.0,1.0
2239,2019-04-04 07:00:00,4,2019-04-04 08:00:00,0.10531,0.10531,0.10531,0.0,0.9611879668441433,445.4317952713326,-25.31219553642825,0.0,0.0,470.74399080776084,470.74399080776084,0.0,1.0
2240,2019-04-04 08:00:00,4,2019-04-04 09:00:00,0.10531,0.10531,0.10531,0.0,1.0,514.514270456413,-0.0,43.77027964865215,0.0,470.74399080776084,470.74399080776084,0.0,0.0
2241,2019-04-04 09:00:00,4,2019-04-04 10:00:00,0.06431,0.06431,0.06431,0.0,0.9207060151292533,502.7408055367545,-0.0,31.996814728993684,0.0,470.74399080776084,470.74399080776084,0.0,0.0
2242,2019-04-04 10:00:00,4,2019-04-04 11:00:00,0.06431,0.06431,0.06431,0.0,0.8627407710549894,566.4852561313116,-0.0,95.74126532355083,0.0,470.74399080776084,470.74399080776084,0.0,0.0
2243,2019-04-04 11:00:00,4,2019-04-04 12:00:00,0.06431,0.06431,0.06431,0.0,0.6892964498166725,537.8969173355351,-0.0,67.1529265277743,0.0,470.74399080776084,470.74399080776084,0.0,0.0
2244,2019-04-04 12:00:00,4,2019-04-04 13:00:00,0.06431,0.06431,0.06431,0.0,0.5676425974112843,534.9223451719856,-0.0,64.17835436422483,0.0,470.74399080776084,470.74399080776084,0.0,0.0
2245,2019-04-04 13:00:00,4,2019-04-04 14:00:00,0.06431,0.06431,0.06431,0.0,0.4513774626934857,525.9057166100687,-0.0,55.16172580230787,0.0,470.74399080776084,470.74399080776084,0.0,0.0
2246,2019-04-04 14:00:00,4,2019-04-04 15:00:00,0.10531,0.10531,0.10531,0.0,0.35144680000814543,517.6853091107577,-0.0,46.94131830299685,0.0,470.74399080776084,470.74399080776084,0.0,0.0
2247,2019-04-04 15:00:00,4,2019-04-04 16:00:00,0.10531,0.10531,0.10531,0.0,0.266408179894021,515.2634104760122,-0.0,44.519419668251345,0.0,470.74399080776084,470.74399080776084,0.0,0.0
2248,2019-04-04 16:00:00,4,2019-04-04 17:00:00,0.13592,0.13592,0.13592,0.0,0.18575705730660919,511.7312567602932,-0.0,40.9872659525324,0.0,470.74399080776084,470.74399080776084,0.0,0.0
2249,2019-04-04 17:00:00,4,2019-04-04 18:00:00,0.13592,0.13592,0.13592,0.0,0.1115047639143404,500.0251745368331,-0.0,29.281183729072296,0.0,470.74399080776084,470.74399080776084,0.0,0.0
2250,2019-04-04 18:00:00,4,2019-04-04 19:00:00,0.13592,0.13592,0.13592,0.0,0.05845914121674557,475.41343675940436,-0.0,4.669445951643553,0.0,470.74399080776084,470.74399080776084,0.0,0.0
2251,2019-04-04 19:00:00,4,2019-04-04 20:00:00,0.13592,0.13592,0.13592,0.0,0.05,425.5608986813094,-0.0,0.0,0.0,425.5608986813094,425.5608986813094,0.0,1.0
2252,2019-04-04 20:00:00,4,2019-04-04 21:00:00,0.13592,0.13592,0.13592,0.0,0.05,303.0743744757283,-0.0,0.0,0.0,303.0743744757283,303.0743744757283,0.0,1.0
2253,2019-04-04 21:00:00,4,2019-04-04 22:00:00,0.10531,0.10531,0.10531,0.0,0.05,208.69782349800616,-0.0,0.0,0.0,208.69782349800616,208.69782349800616,0.0,0.0
2254,2019-04-04 22:00:00,4,2019-04-04 23:00:00,0.10531,0.10531,0.10531,0.0,0.05,276.77277934543247,-0.0,0.0,0.0,276.77277934543247,276.77277934543247,0.0,1.0
2255,2019-04-04 23:00:00,4,2019-04-05 00:00:00,0.10531,0.10531,0.10531,0.0,0.05,216.77070897579895,-0.0,0.0,0.0,216.77070897579895,216.77070897579895,0.0,0.0
2256,2019-04-05 00:00:00,4,2019-04-05 01:00:00,0.10531,0.10531,0.10531,0.0,0.05,198.78073786528532,-0.0,0.0,0.0,198.78073786528532,198.78073786528532,0.0,0.0
2257,2019-04-05 01:00:00,4,2019-04-05 02:00:00,0.10531,0.10531,0.10531,0.0,0.05,195.4726815322401,-0.0,0.0,0.0,195.4726815322401,195.4726815322401,0.0,0.0
2258,2019-04-05 02:00:00,4,2019-04-05 03:00:00,0.10531,0.10531,0.10531,0.0,0.05,192.10991672816988,-0.0,0.0,0.0,192.10991672816988,192.10991672816988,0.0,0.0
2259,2019-04-05 03:00:00,4,2019-04-05 04:00:00,0.10531,0.10531,0.10531,0.0,0.05,203.6321157677063,-0.0,0.0,0.0,203.6321157677063,203.6321157677063,0.0,0.0
2260,2019-04-05 04:00:00,4,2019-04-05 05:00:00,0.10531,0.10531,0.10531,0.0,0.05,202.93536013889909,-257.92648847685047,0.0,0.0,460.8618486157495,460.8618486157495,0.0,1.0
2261,2019-04-05 05:00:00,4,2019-04-05 06:00:00,0.10531,0.10531,0.10531,0.0,0.4454872823311707,292.1012949623558,-184.931805138892,0.0,0.0,477.0331001012478,477.0331001012478,0.0,1.0
2262,2019-04-05 06:00:00,4,2019-04-05 07:00:00,0.10531,0.10531,0.10531,0.0,0.7290493835441384,300.32617632568594,-176.70692377556185,0.0,0.0,477.0331001012478,477.0331001012478,0.0,1.0
2263,2019-04-05 07:00:00,4,2019-04-05 08:00:00,0.10531,0.10531,0.10531,0.0,1.0,457.9474809447927,-0.0,0.0,0.0,457.9474809447927,457.9474809447927,0.0,1.0
2264,2019-04-05 08:00:00,4,2019-04-05 09:00:00,0.10531,0.10531,0.10531,0.0,1.0,519.946997614744,-0.0,42.91389751349618,0.0,477.0331001012478,477.0331001012478,0.0,0.0
2265,2019-04-05 09:00:00,4,2019-04-05 10:00:00,0.06431,0.06431,0.06431,0.0,0.9222574320407678,508.0841153558368,-0.0,31.051015254589004,0.0,477.0331001012478,477.0331001012478,0.0,0.0
2266,2019-04-05 10:00:00,4,2019-04-05 11:00:00,0.06431,0.06431,0.06431,0.0,0.8660055928114399,572.2586974440144,-0.0,95.22559734276658,0.0,477.0331001012478,477.0331001012478,0.0,0.0
2267,2019-04-05 11:00:00,4,2019-04-05 12:00:00,0.06431,0.06431,0.06431,0.0,0.6934954526977322,544.4751708829175,-0.0,67.44207078166971,0.0,477.0331001012478,477.0331001012478,0.0,0.0
2268,2019-04-05 12:00:00,4,2019-04-05 13:00:00,0.06431,0.06431,0.06431,0.0,0.5713177882381857,544.9245518724492,-0.0,67.89145177120142,0.0,477.0331001012478,477.0331001012478,0.0,0.0
2269,2019-04-05 13:00:00,4,2019-04-05 14:00:00,0.06431,0.06431,0.06431,0.0,0.4483260277831106,535.019295122087,-0.0,57.986195020839176,0.0,477.0331001012478,477.0331001012478,0.0,0.0
2270,2019-04-05 14:00:00,4,2019-04-05 15:00:00,0.10531,0.10531,0.10531,0.0,0.34327857303521353,521.6907314371219,-0.0,44.65763133587413,0.0,477.0331001012478,477.0331001012478,0.0,0.0
2271,2019-04-05 15:00:00,4,2019-04-05 16:00:00,0.10531,0.10531,0.10531,0.0,0.2623770669919634,517.5765539103554,-0.0,40.5434538091076,0.0,477.0331001012478,477.0331001012478,0.0,0.0
2272,2019-04-05 16:00:00,4,2019-04-05 17:00:00,0.13592,0.13592,0.13592,0.0,0.18892878110589892,514.4437660208719,-0.0,37.41066591962405,0.0,477.0331001012478,477.0331001012478,0.0,0.0
2273,2019-04-05 17:00:00,4,2019-04-05 18:00:00,0.13592,0.13592,0.13592,0.0,0.12115583559933356,502.3593137882765,-0.0,25.326213687028712,0.0,477.0331001012478,477.0331001012478,0.0,0.0
2274,2019-04-05 18:00:00,4,2019-04-05 19:00:00,0.13592,0.13592,0.13592,0.0,0.07527501370254257,490.9849076650513,-0.0,13.951807563803499,0.0,477.0331001012478,477.0331001012478,0.0,0.0
2275,2019-04-05 19:00:00,4,2019-04-05 20:00:00,0.13592,0.13592,0.13592,0.0,0.05,438.6467002177438,-0.0,0.0,0.0,438.6467002177438,438.6467002177438,0.0,1.0
2276,2019-04-05 20:00:00,4,2019-04-05 21:00:00,0.13592,0.13592,0.13592,0.0,0.05,314.0006886543473,-0.0,0.0,0.0,314.0006886543473,314.0006886543473,0.0,1.0
2277,2019-04-05 21:00:00,4,2019-04-05 22:00:00,0.10531,0.10531,0.10531,0.0,0.05,210.13664783116315,-0.0,0.0,0.0,210.13664783116315,210.13664783116315,0.0,0.0
2278,2019-04-05 22:00:00,4,2019-04-05 23:00:00,0.10531,0.10531,0.10531,0.0,0.05,277.69552658129857,-0.0,0.0,0.0,277.69552658129857,277.69552658129857,0.0,1.0
2279,2019-04-05 23:00:00,4,2019-04-06 00:00:00,0.10531,0.10531,0.10531,0.0,0.05,216.47194208502202,-0.0,0.0,0.0,216.47194208502202,216.47194208502202,0.0,0.0
2280,2019-04-06 00:00:00,4,2019-04-06 01:00:00,0.10531,0.10531,0.10531,0.0,0.05,197.00780881641595,-0.0,0.0,0.0,197.00780881641595,197.00780881641595,0.0,0.0
2281,2019-04-06 01:00:00,4,2019-04-06 02:00:00,0.10531,0.10531,0.10531,0.0,0.05,192.2340106820484,-0.0,0.0,0.0,192.2340106820484,192.2340106820484,0.0,0.0
2282,2019-04-06 02:00:00,4,2019-04-06 03:00:00,0.10531,0.10531,0.10531,0.0,0.05,187.9872889255801,-0.0,0.0,0.0,187.9872889255801,187.9872889255801,0.0,0.0
2283,2019-04-06 03:00:00,4,2019-04-06 04:00:00,0.10531,0.10531,0.10531,0.0,0.05,199.27233884589933,-0.0,0.0,0.0,199.27233884589933,199.27233884589933,0.0,0.0
2284,2019-04-06 04:00:00,4,2019-04-06 05:00:00,0.10531,0.10531,0.10531,0.0,0.05,198.58558934848597,-223.1613887769381,0.0,0.0,421.7469781254241,421.7469781254241,0.0,1.0
2285,2019-04-06 05:00:00,4,2019-04-06 06:00:00,0.10531,0.10531,0.10531,0.0,0.39218079612463846,287.259357542234,-201.20707014821784,0.0,0.0,488.46642769045184,488.46642769045184,0.0,1.0
2286,2019-04-06 06:00:00,4,2019-04-06 07:00:00,0.10531,0.10531,0.10531,0.0,0.7006983036852391,293.26966922430347,-195.19675846614837,0.0,0.0,488.46642769045184,488.46642769045184,0.0,1.0
2287,2019-04-06 07:00:00,4,2019-04-06 08:00:00,0.10531,0.10531,0.10531,0.0,1.0,461.3186914519857,-0.0,0.0,0.0,461.3186914519857,461.3186914519857,0.0,0.0
2288,2019-04-06 08:00:00,4,2019-04-06 09:00:00,0.10531,0.10531,0.10531,0.0,1.0,538.8578949404487,-0.0,50.39146724999682,0.0,488.46642769045184,488.46642769045184,0.0,0.0
2289,2019-04-06 09:00:00,4,2019-04-06 10:00:00,0.06431,0.06431,0.06431,0.0,0.9087111100543536,525.0046141142678,-0.0,36.538186423816,0.0,488.46642769045184,488.46642769045184,0.0,0.0
2290,2019-04-06 10:00:00,4,2019-04-06 11:00:00,0.06431,0.06431,0.06431,0.0,0.8425187433445419,586.416229339592,-0.0,97.94980164914011,0.0,488.46642769045184,488.46642769045184,0.0,0.0
2291,2019-04-06 11:00:00,4,2019-04-06 12:00:00,0.06431,0.06431,0.06431,0.0,0.6650734505018969,569.7822201911762,-0.0,81.31579250072434,0.0,488.46642769045184,488.46642769045184,0.0,0.0
2292,2019-04-06 12:00:00,4,2019-04-06 13:00:00,0.06431,0.06431,0.06431,0.0,0.5177622322034832,563.7657314689692,-0.0,75.2993037785173,0.0,488.4664276904519,488.4664276904519,0.0,0.0
2293,2019-04-06 13:00:00,4,2019-04-06 14:00:00,0.06431,0.06431,0.06431,0.0,0.38135044999602435,541.1237631779292,-0.0,52.6573354874773,0.0,488.46642769045184,488.46642769045184,0.0,0.0
2294,2019-04-06 14:00:00,4,2019-04-06 15:00:00,0.10531,0.10531,0.10531,0.0,0.2859567262868263,526.3151545762701,-0.0,37.848726885818195,0.0,488.46642769045184,488.46642769045184,0.0,0.0
2295,2019-04-06 15:00:00,4,2019-04-06 16:00:00,0.10531,0.10531,0.10531,0.0,0.21739019207338742,524.0419098382723,-0.0,35.57548214782045,0.0,488.46642769045184,488.46642769045184,0.0,0.0
2296,2019-04-06 16:00:00,4,2019-04-06 17:00:00,0.13592,0.13592,0.13592,0.0,0.1529418548490751,518.5002260971027,-0.0,30.03379840665079,0.0,488.46642769045184,488.46642769045184,0.0,0.0
2297,2019-04-06 17:00:00,4,2019-04-06 18:00:00,0.13592,0.13592,0.13592,0.0,0.09853279976456274,507.0395083298462,-0.0,18.573080639394334,0.0,488.4664276904519,488.4664276904519,0.0,0.0
2298,2019-04-06 18:00:00,4,2019-04-06 19:00:00,0.13592,0.13592,0.13592,0.0,0.06488591454826861,496.6834525210961,-0.0,8.217024830644277,0.0,488.46642769045184,488.46642769045184,0.0,0.0
2299,2019-04-06 19:00:00,4,2019-04-06 20:00:00,0.13592,0.13592,0.13592,0.0,0.05,445.7715775765142,-0.0,0.0,0.0,445.7715775765142,445.7715775765142,0.0,1.0
2300,2019-04-06 20:00:00,4,2019-04-06 21:00:00,0.13592,0.13592,0.13592,0.0,0.05,318.4395616120834,-0.0,0.0,0.0,318.4395616120834,318.4395616120834,0.0,1.0
2301,2019-04-06 21:00:00,4,2019-04-06 22:00:00,0.10531,0.10531,0.10531,0.0,0.05,213.93414980645375,-0.0,0.0,0.0,213.93414980645375,213.93414980645375,0.0,0.0
2302,2019-04-06 22:00:00,4,2019-04-06 23:00:00,0.10531,0.10531,0.10531,0.0,0.05,281.0934998941149,-32.53294838662221,0.0,0.0,313.6264482807371,313.6264482807371,0.0,1.0
2303,2019-04-06 23:00:00,4,2019-04-07 00:00:00,0.10531,0.10531,0.10531,0.0,0.09988385419282073,221.79067178290208,-0.0,0.0,0.0,221.79067178290208,221.79067178290208,0.0,0.0
2304,2019-04-07 00:00:00,4,2019-04-07 01:00:00,0.10531,0.10531,0.10531,0.0,0.09988385419282073,203.08055457037614,-0.0,0.0,0.0,203.08055457037614,203.08055457037614,0.0,0.0
2305,2019-04-07 01:00:00,4,2019-04-07 02:00:00,0.10531,0.10531,0.10531,0.0,0.09988385419282073,198.34970322222412,-0.0,0.0,0.0,198.34970322222412,198.34970322222412,0.0,0.0
2306,2019-04-07 02:00:00,4,2019-04-07 03:00:00,0.10531,0.10531,0.10531,0.0,0.09988385419282073,193.8153631621252,-0.0,0.0,0.0,193.8153631621252,193.8153631621252,0.0,0.0
2307,2019-04-07 03:00:00,4,2019-04-07 04:00:00,0.10531,0.10531,0.10531,0.0,0.09988385419282073,237.24519327523268,-0.0,0.0,0.0,237.24519327523268,237.24519327523268,0.0,0.0
2308,2019-04-07 04:00:00,4,2019-04-07 05:00:00,0.10531,0.10531,0.10531,0.0,0.09988385419282073,237.03830797379877,-238.91164354798465,0.0,0.0,475.9499515217834,475.9499515217834,0.0,1.0
2309,2019-04-07 05:00:00,4,2019-04-07 06:00:00,0.10531,0.10531,0.10531,0.0,0.4662150409663972,326.7346484468359,-171.33929630509562,0.0,0.0,498.0739447519315,498.0739447519315,0.0,1.0
2310,2019-04-07 06:00:00,4,2019-04-07 07:00:00,0.10531,0.10531,0.10531,0.0,0.7289352953008771,321.2926156003296,-176.78132915160188,0.0,0.0,498.0739447519315,498.0739447519315,0.0,1.0
2311,2019-04-07 07:00:00,4,2019-04-07 08:00:00,0.10531,0.10531,0.10531,0.0,1.0,476.7985139481716,0.0,0.0,0.0,476.7985139481716,476.7985139481716,0.0,0.0
2312,2019-04-07 08:00:00,4,2019-04-07 09:00:00,0.10531,0.10531,0.10531,0.0,1.0,545.805353982137,-0.0,47.73140923020554,0.0,498.0739447519315,498.0739447519315,0.0,0.0
2313,2019-04-07 09:00:00,4,2019-04-07 10:00:00,0.06431,0.06431,0.06431,0.0,0.9135300557423812,530.9959354055704,-0.0,32.92199065363894,0.0,498.0739447519315,498.0739447519315,0.0,0.0
2314,2019-04-07 10:00:00,4,2019-04-07 11:00:00,0.06431,0.06431,0.06431,0.0,0.8538887683263685,601.0375950589307,-0.0,102.96365030699926,0.0,498.07394475193144,498.07394475193144,0.0,0.0
2315,2019-04-07 11:00:00,4,2019-04-07 12:00:00,0.06431,0.06431,0.06431,0.0,0.6673604163209359,581.9484063344823,-0.0,83.87446158255085,0.0,498.0739447519315,498.0739447519315,0.0,0.0
2316,2019-04-07 12:00:00,4,2019-04-07 13:00:00,0.06431,0.06431,0.06431,0.0,0.5154139279467499,576.3661273152233,-0.0,78.2921825632917,0.0,498.07394475193155,498.07394475193155,0.0,0.0
2317,2019-04-07 13:00:00,4,2019-04-07 14:00:00,0.06431,0.06431,0.06431,0.0,0.3735802638828156,550.267704658929,-0.0,52.19375990699746,0.0,498.07394475193155,498.07394475193155,0.0,0.0
2318,2019-04-07 14:00:00,4,2019-04-07 15:00:00,0.10531,0.10531,0.10531,0.0,0.27902635100782025,537.9281965333262,-0.0,39.85425178139462,0.0,498.07394475193155,498.07394475193155,0.0,0.0
2319,2019-04-07 15:00:00,4,2019-04-07 16:00:00,0.10531,0.10531,0.10531,0.0,0.20682661951978634,536.4257310296987,-0.0,38.35178627776713,0.0,498.07394475193155,498.07394475193155,0.0,0.0
2320,2019-04-07 16:00:00,4,2019-04-07 17:00:00,0.13592,0.13592,0.13592,0.0,0.13734874582817905,529.3313846337822,-0.0,31.2574398818507,0.0,498.07394475193155,498.07394475193155,0.0,0.0
2321,2019-04-07 17:00:00,4,2019-04-07 18:00:00,0.13592,0.13592,0.13592,0.0,0.08072294894076835,515.0330125672357,-0.0,16.959067815304138,0.0,498.07394475193155,498.07394475193155,0.0,0.0
2322,2019-04-07 18:00:00,4,2019-04-07 19:00:00,0.13592,0.13592,0.13592,0.0,0.05,488.1837218555539,-0.0,0.0,0.0,488.1837218555539,488.1837218555539,0.0,1.0
2323,2019-04-07 19:00:00,4,2019-04-07 20:00:00,0.13592,0.13592,0.13592,0.0,0.05,436.43193102973845,-0.0,0.0,0.0,436.43193102973845,436.43193102973845,0.0,1.0
2324,2019-04-07 20:00:00,4,2019-04-07 21:00:00,0.13592,0.13592,0.13592,0.0,0.05,310.2467939612363,-0.0,0.0,0.0,310.2467939612363,310.2467939612363,0.0,1.0
2325,2019-04-07 21:00:00,4,2019-04-07 22:00:00,0.10531,0.10531,0.10531,0.0,0.05,214.57490538536047,-0.0,0.0,0.0,214.57490538536047,214.57490538536047,0.0,0.0
2326,2019-04-07 22:00:00,4,2019-04-07 23:00:00,0.10531,0.10531,0.10531,0.0,0.05,280.9134913689235,-0.0,0.0,0.0,280.9134913689235,280.9134913689235,0.0,1.0
2327,2019-04-07 23:00:00,4,2019-04-08 00:00:00,0.10531,0.10531,0.10531,0.0,0.05,221.34889425885208,-0.0,0.0,0.0,221.34889425885208,221.34889425885208,0.0,0.0
2328,2019-04-08 00:00:00,4,2019-04-08 01:00:00,0.10531,0.10531,0.10531,0.0,0.05,197.7208127286088,-0.0,0.0,0.0,197.7208127286088,197.7208127286088,0.0,0.0
2329,2019-04-08 01:00:00,4,2019-04-08 02:00:00,0.10531,0.10531,0.10531,0.0,0.05,193.21898003930863,-0.0,0.0,0.0,193.21898003930863,193.21898003930863,0.0,0.0
2330,2019-04-08 02:00:00,4,2019-04-08 03:00:00,0.10531,0.10531,0.10531,0.0,0.05,188.83927907579996,-0.0,0.0,0.0,188.83927907579996,188.83927907579996,0.0,0.0
2331,2019-04-08 03:00:00,4,2019-04-08 04:00:00,0.10531,0.10531,0.10531,0.0,0.05,198.890537900499,-137.00551117028624,0.0,0.0,335.89604907078524,335.89604907078524,0.0,1.0
2332,2019-04-08 04:00:00,4,2019-04-08 05:00:00,0.10531,0.10531,0.10531,0.0,0.26007511712777226,196.10690907315853,-0.0,0.0,0.0,196.10690907315853,196.10690907315853,0.0,0.0
2333,2019-04-08 05:00:00,4,2019-04-08 06:00:00,0.10531,0.10531,0.10531,0.0,0.26007511712777226,251.9838530740837,-247.95773265030272,0.0,0.0,499.9415857243864,499.9415857243864,0.0,1.0
2334,2019-04-08 06:00:00,4,2019-04-08 07:00:00,0.10531,0.10531,0.10531,0.0,0.6402769738582365,265.33961215367106,-234.60197357071536,0.0,0.0,499.9415857243864,499.9415857243864,0.0,1.0
2335,2019-04-08 07:00:00,4,2019-04-08 08:00:00,0.10531,0.10531,0.10531,0.0,1.0,416.2622748315255,-0.0,0.0,0.0,416.2622748315255,416.2622748315255,0.0,0.0
2336,2019-04-08 08:00:00,4,2019-04-08 09:00:00,0.10531,0.10531,0.10531,0.0,1.0,494.18145440546505,-0.0,0.0,0.0,494.18145440546505,494.18145440546505,0.0,0.0
2337,2019-04-08 09:00:00,4,2019-04-08 10:00:00,0.06431,0.06431,0.06431,0.0,1.0,546.9024821603391,-0.0,46.96089643595269,0.0,499.9415857243864,499.9415857243864,0.0,0.0
2338,2019-04-08 10:00:00,4,2019-04-08 11:00:00,0.06431,0.06431,0.06431,0.0,0.914925912253709,610.1512625178011,-0.0,110.2096767934147,0.0,499.9415857243864,499.9415857243864,0.0,0.0
2339,2019-04-08 11:00:00,4,2019-04-08 12:00:00,0.06431,0.06431,0.06431,0.0,0.7152707006714358,591.881668491764,-0.0,91.94008276737759,0.0,499.9415857243864,499.9415857243864,0.0,0.0
2340,2019-04-08 12:00:00,4,2019-04-08 13:00:00,0.06431,0.06431,0.06431,0.0,0.5487125797160417,578.3883069327975,-0.0,78.44672120841112,0.0,499.94158572438636,499.94158572438636,0.0,0.0
2341,2019-04-08 13:00:00,4,2019-04-08 14:00:00,0.06431,0.06431,0.06431,0.0,0.4065989543384853,562.3465745433808,-0.0,62.40498881899447,0.0,499.94158572438636,499.94158572438636,0.0,0.0
2342,2019-04-08 14:00:00,4,2019-04-08 15:00:00,0.10531,0.10531,0.10531,0.0,0.29354643836204597,549.8815331669044,-0.0,49.93994744251805,0.0,499.9415857243864,499.9415857243864,0.0,0.0
2343,2019-04-08 15:00:00,4,2019-04-08 16:00:00,0.10531,0.10531,0.10531,0.0,0.20307551908212196,547.4390939993079,-0.0,47.49750827492156,0.0,499.9415857243864,499.9415857243864,0.0,0.0
2344,2019-04-08 16:00:00,4,2019-04-08 17:00:00,0.13592,0.13592,0.13592,0.0,0.11702930843914806,536.9417639827961,-0.0,37.00017825840973,0.0,499.9415857243864,499.9415857243864,0.0,0.0
2345,2019-04-08 17:00:00,4,2019-04-08 18:00:00,0.13592,0.13592,0.13592,0.0,0.05,490.9273479824392,-0.0,0.0,0.0,490.9273479824392,490.9273479824392,0.0,1.0
2346,2019-04-08 18:00:00,4,2019-04-08 19:00:00,0.13592,0.13592,0.13592,0.0,0.05,414.72214695702615,-0.0,0.0,0.0,414.72214695702615,414.72214695702615,0.0,1.0
2347,2019-04-08 19:00:00,4,2019-04-08 20:00:00,0.13592,0.13592,0.13592,0.0,0.05,388.27140724438374,-0.0,0.0,0.0,388.27140724438374,388.27140724438374,0.0,1.0
2348,2019-04-08 20:00:00,4,2019-04-08 21:00:00,0.13592,0.13592,0.13592,0.0,0.05,289.63748292617623,-0.0,0.0,0.0,289.63748292617623,289.63748292617623,0.0,1.0
2349,2019-04-08 21:00:00,4,2019-04-08 22:00:00,0.10531,0.10531,0.10531,0.0,0.05,209.21780674986843,-0.0,0.0,0.0,209.21780674986843,209.21780674986843,0.0,0.0
2350,2019-04-08 22:00:00,4,2019-04-08 23:00:00,0.10531,0.10531,0.10531,0.0,0.05,276.22678708349014,-0.0,0.0,0.0,276.22678708349014,276.22678708349014,0.0,1.0
2351,2019-04-08 23:00:00,4,2019-04-09 00:00:00,0.10531,0.10531,0.10531,0.0,0.05,217.51162280847845,-0.0,0.0,0.0,217.51162280847845,217.51162280847845,0.0,0.0
2352,2019-04-09 00:00:00,4,2019-04-09 01:00:00,0.10531,0.10531,0.10531,0.0,0.05,199.54704893022074,-0.0,0.0,0.0,199.54704893022074,199.54704893022074,0.0,0.0
2353,2019-04-09 01:00:00,4,2019-04-09 02:00:00,0.10531,0.10531,0.10531,0.0,0.05,196.14651873720533,-0.0,0.0,0.0,196.14651873720533,196.14651873720533,0.0,0.0
2354,2019-04-09 02:00:00,4,2019-04-09 03:00:00,0.10531,0.10531,0.10531,0.0,0.05,192.94234804306163,-0.0,0.0,0.0,192.94234804306163,192.94234804306163,0.0,0.0
2355,2019-04-09 03:00:00,4,2019-04-09 04:00:00,0.10531,0.10531,0.10531,0.0,0.05,204.35696262703956,-0.0,0.0,0.0,204.35696262703956,204.35696262703956,0.0,0.0
2356,2019-04-09 04:00:00,4,2019-04-09 05:00:00,0.10531,0.10531,0.10531,0.0,0.05,203.0044915263468,-0.0,0.0,0.0,203.0044915263468,203.0044915263468,0.0,0.0
2357,2019-04-09 05:00:00,4,2019-04-09 06:00:00,0.10531,0.10531,0.10531,0.0,0.05,257.71709533668997,-214.35876065717557,0.0,0.0,472.0758559938655,472.0758559938655,0.0,1.0
2358,2019-04-09 06:00:00,4,2019-04-09 07:00:00,0.10531,0.10531,0.10531,0.0,0.3786834330076692,272.6012784254716,-0.0,0.0,0.0,272.6012784254716,272.6012784254716,0.0,1.0
2359,2019-04-09 07:00:00,4,2019-04-09 08:00:00,0.10531,0.10531,0.10531,0.0,0.3786834330076692,358.3115309415612,-141.6300547828252,0.0,0.0,499.9415857243864,499.9415857243864,0.0,1.0
2360,2019-04-09 08:00:00,4,2019-04-09 09:00:00,0.10531,0.10531,0.10531,0.0,0.5958495170080013,329.6735752668879,-170.26801045749852,0.0,0.0,499.9415857243864,499.9415857243864,0.0,1.0
2361,2019-04-09 09:00:00,4,2019-04-09 10:00:00,0.06431,0.06431,0.06431,0.0,0.8569271330428323,420.35857091278325,-79.58301481160316,0.0,0.0,499.9415857243864,499.9415857243864,0.0,1.0
2362,2019-04-09 10:00:00,4,2019-04-09 11:00:00,0.06431,0.06431,0.06431,0.0,0.9789544224206238,486.26095286750586,-13.68063285688055,0.0,0.0,499.9415857243864,499.9415857243864,0.0,1.0
2363,2019-04-09 11:00:00,4,2019-04-09 12:00:00,0.06431,0.06431,0.06431,0.0,0.999931392801174,527.8162340245137,-0.0,27.87464830012732,0.0,499.9415857243864,499.9415857243864,0.0,0.0
2364,2019-04-09 12:00:00,4,2019-04-09 13:00:00,0.06431,0.06431,0.06431,0.0,0.9494338415328275,517.3113229905861,-0.0,17.36973726619965,0.0,499.9415857243864,499.9415857243864,0.0,0.0
2365,2019-04-09 13:00:00,4,2019-04-09 14:00:00,0.06431,0.06431,0.06431,0.0,0.9179669261955095,494.86239858833846,-5.079187136047949,0.0,0.0,499.9415857243864,499.9415857243864,0.0,1.0
2366,2019-04-09 14:00:00,4,2019-04-09 15:00:00,0.10531,0.10531,0.10531,0.0,0.9257550131374497,480.2546806761603,-19.686905048226095,0.0,0.0,499.9415857243864,499.9415857243864,0.0,1.0
2367,2019-04-09 15:00:00,4,2019-04-09 16:00:00,0.10531,0.10531,0.10531,0.0,0.955941600878063,471.20784716660125,-28.73373855778516,0.0,0.0,499.9415857243864,499.9415857243864,0.0,1.0
2368,2019-04-09 16:00:00,4,2019-04-09 17:00:00,0.13592,0.13592,0.13592,0.0,1.0000000000000002,401.9155367275443,-0.0,300.0,0.0,101.91553672754429,101.91553672754429,0.0,0.0
2369,2019-04-09 17:00:00,4,2019-04-09 18:00:00,0.13592,0.13592,0.13592,0.0,0.456521739130435,402.62859590659707,-0.0,224.40000000000012,0.0,178.22859590659695,178.22859590659695,0.0,0.0
2370,2019-04-09 18:00:00,4,2019-04-09 19:00:00,0.13592,0.13592,0.13592,0.0,0.05,379.8741249881635,-0.0,0.0,0.0,379.8741249881635,379.8741249881635,0.0,0.0
2371,2019-04-09 19:00:00,4,2019-04-09 20:00:00,0.13592,0.13592,0.13592,0.0,0.05,355.0661096289207,-0.0,0.0,0.0,355.0661096289207,355.0661096289207,0.0,0.0
2372,2019-04-09 20:00:00,4,2019-04-09 21:00:00,0.13592,0.13592,0.13592,0.0,0.05,314.5934031059725,-0.0,0.0,0.0,314.5934031059725,314.5934031059725,0.0,1.0
2373,2019-04-09 21:00:00,4,2019-04-09 22:00:00,0.10531,0.10531,0.10531,0.0,0.05,204.21471628238373,-0.0,0.0,0.0,204.21471628238373,204.21471628238373,0.0,0.0
2374,2019-04-09 22:00:00,4,2019-04-09 23:00:00,0.10531,0.10531,0.10531,0.0,0.05,271.3620344229433,-0.0,0.0,0.0,271.3620344229433,271.3620344229433,0.0,1.0
2375,2019-04-09 23:00:00,4,2019-04-10 00:00:00,0.10531,0.10531,0.10531,0.0,0.05,210.92039633539787,-0.0,0.0,0.0,210.92039633539787,210.92039633539787,0.0,0.0
2376,2019-04-10 00:00:00,4,2019-04-10 01:00:00,0.10531,0.10531,0.10531,0.0,0.05,197.9813147779027,-0.0,0.0,0.0,197.9813147779027,197.9813147779027,0.0,0.0
2377,2019-04-10 01:00:00,4,2019-04-10 02:00:00,0.10531,0.10531,0.10531,0.0,0.05,194.39375297154135,-0.0,0.0,0.0,194.39375297154135,194.39375297154135,0.0,0.0
2378,2019-04-10 02:00:00,4,2019-04-10 03:00:00,0.10531,0.10531,0.10531,0.0,0.05,191.2415295972629,-0.0,0.0,0.0,191.2415295972629,191.2415295972629,0.0,0.0
2379,2019-04-10 03:00:00,4,2019-04-10 04:00:00,0.10531,0.10531,0.10531,0.0,0.05,202.01925594690613,-0.0,0.0,0.0,202.01925594690613,202.01925594690613,0.0,0.0
2380,2019-04-10 04:00:00,4,2019-04-10 05:00:00,0.10531,0.10531,0.10531,0.0,0.05,198.9500832716808,-156.39492131736074,0.0,0.0,355.34500458904154,355.34500458904154,0.0,1.0
2381,2019-04-10 05:00:00,4,2019-04-10 06:00:00,0.10531,0.10531,0.10531,0.0,0.2898055460199531,279.18494278761324,-220.75664293677318,0.0,0.0,499.9415857243864,499.9415857243864,0.0,1.0
2382,2019-04-10 06:00:00,4,2019-04-10 07:00:00,0.10531,0.10531,0.10531,0.0,0.628299065189672,293.3571614326233,-206.58442429176313,0.0,0.0,499.9415857243864,499.9415857243864,0.0,1.0
2383,2019-04-10 07:00:00,4,2019-04-10 08:00:00,0.10531,0.10531,0.10531,0.0,0.9450618491037088,464.1123568789792,-35.829228845407215,0.0,0.0,499.9415857243864,499.9415857243864,0.0,1.0
2384,2019-04-10 08:00:00,4,2019-04-10 09:00:00,0.10531,0.10531,0.10531,0.0,1.0,545.0501008143278,-0.0,45.10851508994142,0.0,499.9415857243864,499.9415857243864,0.0,0.0
2385,2019-04-10 09:00:00,4,2019-04-10 10:00:00,0.06431,0.06431,0.06431,0.0,0.9182816755617004,541.5267218807816,-0.0,41.58513615639515,0.0,499.9415857243864,499.9415857243864,0.0,0.0
2386,2019-04-10 10:00:00,4,2019-04-10 11:00:00,0.06431,0.06431,0.06431,0.0,0.8429462839740279,601.1554932172056,-0.0,101.2139074928192,0.0,499.9415857243864,499.9415857243864,0.0,0.0
2387,2019-04-10 11:00:00,4,2019-04-10 12:00:00,0.06431,0.06431,0.06431,0.0,0.6595877559073265,572.7375413944037,-0.0,72.79595567001729,0.0,499.9415857243864,499.9415857243864,0.0,0.0
2388,2019-04-10 12:00:00,4,2019-04-10 13:00:00,0.06431,0.06431,0.06431,0.0,0.5277110246210633,559.1676122119786,-0.0,59.22602648759221,0.0,499.9415857243864,499.9415857243864,0.0,0.0
2389,2019-04-10 13:00:00,4,2019-04-10 14:00:00,0.06431,0.06431,0.06431,0.0,0.4204174983754253,543.6740911444716,-0.0,43.732505420085204,0.0,499.9415857243864,499.9415857243864,0.0,0.0
2390,2019-04-10 14:00:00,4,2019-04-10 15:00:00,0.10531,0.10531,0.10531,0.0,0.34119194507816947,534.7445149649863,-0.0,34.80292924059984,0.0,499.9415857243864,499.9415857243864,0.0,0.0
2391,2019-04-10 15:00:00,4,2019-04-10 16:00:00,0.10531,0.10531,0.10531,0.0,0.27814316022201035,528.0537118584438,-0.0,28.11212613405735,0.0,499.9415857243864,499.9415857243864,0.0,0.0
2392,2019-04-10 16:00:00,4,2019-04-10 17:00:00,0.13592,0.13592,0.13592,0.0,0.22721539548639924,520.5056667899361,-0.0,88.05473803874617,0.0,432.4509287511899,432.4509287511899,0.0,0.0
2393,2019-04-10 17:00:00,4,2019-04-10 18:00:00,0.13592,0.13592,0.13592,0.0,0.06769594251765616,509.7097459941326,-0.0,9.768160269746204,0.0,499.9415857243864,499.9415857243864,0.0,0.0
2394,2019-04-10 18:00:00,4,2019-04-10 19:00:00,0.13592,0.13592,0.13592,0.0,0.05,499.29605973122835,-0.0,0.0,0.0,499.29605973122835,499.29605973122835,0.0,1.0
2395,2019-04-10 19:00:00,4,2019-04-10 20:00:00,0.13592,0.13592,0.13592,0.0,0.05,447.4690064686325,-0.0,0.0,0.0,447.4690064686325,447.4690064686325,0.0,1.0
2396,2019-04-10 20:00:00,4,2019-04-10 21:00:00,0.13592,0.13592,0.13592,0.0,0.05,320.362045399396,-0.0,0.0,0.0,320.362045399396,320.362045399396,0.0,1.0
2397,2019-04-10 21:00:00,4,2019-04-10 22:00:00,0.10531,0.10531,0.10531,0.0,0.05,216.65027885764854,-0.0,0.0,0.0,216.65027885764854,216.65027885764854,0.0,0.0
2398,2019-04-10 22:00:00,4,2019-04-10 23:00:00,0.10531,0.10531,0.10531,0.0,0.05,283.92409801247703,-30.72842839281416,0.0,0.0,314.6525264052912,314.6525264052912,0.0,1.0
2399,2019-04-10 23:00:00,4,2019-04-11 00:00:00,0.10531,0.10531,0.10531,0.0,0.09711692353564838,225.23912958083497,-0.0,0.0,0.0,225.23912958083497,225.23912958083497,0.0,0.0
2400,2019-04-11 00:00:00,4,2019-04-11 01:00:00,0.10531,0.10531,0.10531,0.0,0.09711692353564838,206.38552666566338,-0.0,0.0,0.0,206.38552666566338,206.38552666566338,0.0,0.0
2401,2019-04-11 01:00:00,4,2019-04-11 02:00:00,0.10531,0.10531,0.10531,0.0,0.09711692353564838,202.58237220443434,-0.0,0.0,0.0,202.58237220443434,202.58237220443434,0.0,0.0
2402,2019-04-11 02:00:00,4,2019-04-11 03:00:00,0.10531,0.10531,0.10531,0.0,0.09711692353564838,200.9640479319767,-0.0,0.0,0.0,200.9640479319767,200.9640479319767,0.0,0.0
2403,2019-04-11 03:00:00,4,2019-04-11 04:00:00,0.10531,0.10531,0.10531,0.0,0.09711692353564838,246.7308162961609,-164.6150703989013,0.0,0.0,411.3458866950622,411.3458866950622,0.0,1.0
2404,2019-04-11 04:00:00,4,2019-04-11 05:00:00,0.10531,0.10531,0.10531,0.0,0.3495266981472971,246.4953021642836,-253.4462835601028,0.0,0.0,499.9415857243864,499.9415857243864,0.0,1.0
2405,2019-04-11 05:00:00,4,2019-04-11 06:00:00,0.10531,0.10531,0.10531,0.0,0.7381443329394547,327.3947290603201,-0.0,0.0,0.0,327.3947290603201,327.3947290603201,0.0,0.0
2406,2019-04-11 06:00:00,4,2019-04-11 07:00:00,0.10531,0.10531,0.10531,0.0,0.7381443329394547,329.1661506849004,-170.775435039486,0.0,0.0,499.9415857243864,499.9415857243864,0.0,1.0
2407,2019-04-11 07:00:00,4,2019-04-11 08:00:00,0.10531,0.10531,0.10531,0.0,1.0,468.8481642989539,-0.0,0.0,0.0,468.8481642989539,468.8481642989539,0.0,0.0
2408,2019-04-11 08:00:00,4,2019-04-11 09:00:00,0.10531,0.10531,0.10531,0.0,1.0,526.478762054698,-0.0,26.53717633031158,0.0,499.9415857243864,499.9415857243864,0.0,0.0
2409,2019-04-11 09:00:00,4,2019-04-11 10:00:00,0.06431,0.06431,0.06431,0.0,0.9519254051987108,516.7568169605423,-0.0,16.81523123615591,0.0,499.9415857243864,499.9415857243864,0.0,0.0
2410,2019-04-11 10:00:00,4,2019-04-11 11:00:00,0.06431,0.06431,0.06431,0.0,0.9214630297708921,578.5286222257356,-0.0,78.58703650134919,0.0,499.9415857243864,499.9415857243864,0.0,0.0
2411,2019-04-11 11:00:00,4,2019-04-11 12:00:00,0.06431,0.06431,0.06431,0.0,0.779095210022071,548.5550116656686,-0.0,48.61342594128223,0.0,499.9415857243864,499.9415857243864,0.0,0.0
2412,2019-04-11 12:00:00,4,2019-04-11 13:00:00,0.06431,0.06431,0.06431,0.0,0.6910274094038062,540.6720640615652,-0.0,40.73047833717874,0.0,499.9415857243864,499.9415857243864,0.0,0.0
2413,2019-04-11 13:00:00,4,2019-04-11 14:00:00,0.06431,0.06431,0.06431,0.0,0.6172403109668883,525.2063873448805,-0.0,25.26480162049404,0.0,499.9415857243864,499.9415857243864,0.0,0.0
2414,2019-04-11 14:00:00,4,2019-04-11 15:00:00,0.10531,0.10531,0.10531,0.0,0.5714707428138193,510.6471713923762,-0.0,10.705585667989794,0.0,499.9415857243864,499.9415857243864,0.0,0.0
2415,2019-04-11 15:00:00,4,2019-04-11 16:00:00,0.10531,0.10531,0.10531,0.0,0.5520765658790552,504.60725704051373,-0.0,4.665671316127316,0.0,499.9415857243864,499.9415857243864,0.0,0.0
2416,2019-04-11 16:00:00,4,2019-04-11 17:00:00,0.13592,0.13592,0.13592,0.0,0.5436242627701289,499.0327966221705,-0.0,272.4805930491112,0.0,226.55220357305933,226.55220357305933,0.0,0.0
2417,2019-04-11 17:00:00,4,2019-04-11 18:00:00,0.13592,0.13592,0.13592,0.0,0.05,490.87563205670574,-0.0,0.0,0.0,490.87563205670574,490.87563205670574,0.0,1.0
2418,2019-04-11 18:00:00,4,2019-04-11 19:00:00,0.13592,0.13592,0.13592,0.0,0.05,466.7424063152681,-0.0,0.0,0.0,466.7424063152681,466.7424063152681,0.0,0.0
2419,2019-04-11 19:00:00,4,2019-04-11 20:00:00,0.13592,0.13592,0.13592,0.0,0.05,419.26748732136696,-0.0,0.0,0.0,419.26748732136696,419.26748732136696,0.0,1.0
2420,2019-04-11 20:00:00,4,2019-04-11 21:00:00,0.13592,0.13592,0.13592,0.0,0.05,300.68745224582534,-0.0,0.0,0.0,300.68745224582534,300.68745224582534,0.0,1.0
2421,2019-04-11 21:00:00,4,2019-04-11 22:00:00,0.10531,0.10531,0.10531,0.0,0.05,207.2758427573584,-0.0,0.0,0.0,207.2758427573584,207.2758427573584,0.0,0.0
2422,2019-04-11 22:00:00,4,2019-04-11 23:00:00,0.10531,0.10531,0.10531,0.0,0.05,275.5180791920877,-0.0,0.0,0.0,275.5180791920877,275.5180791920877,0.0,1.0
2423,2019-04-11 23:00:00,4,2019-04-12 00:00:00,0.10531,0.10531,0.10531,0.0,0.05,215.20850763163244,-0.0,0.0,0.0,215.20850763163244,215.20850763163244,0.0,0.0
2424,2019-04-12 00:00:00,4,2019-04-12 01:00:00,0.10531,0.10531,0.10531,0.0,0.05,196.90627346862186,-0.0,0.0,0.0,196.90627346862186,196.90627346862186,0.0,0.0
2425,2019-04-12 01:00:00,4,2019-04-12 02:00:00,0.10531,0.10531,0.10531,0.0,0.05,193.0607783503226,-0.0,0.0,0.0,193.0607783503226,193.0607783503226,0.0,0.0
2426,2019-04-12 02:00:00,4,2019-04-12 03:00:00,0.10531,0.10531,0.10531,0.0,0.05,189.00639301461888,-0.0,0.0,0.0,189.00639301461888,189.00639301461888,0.0,0.0
2427,2019-04-12 03:00:00,4,2019-04-12 04:00:00,0.10531,0.10531,0.10531,0.0,0.05,199.63893663373813,-186.0180165819519,0.0,0.0,385.65695321569,385.65695321569,0.0,1.0
2428,2019-04-12 04:00:00,4,2019-04-12 05:00:00,0.10531,0.10531,0.10531,0.0,0.3352276254256596,198.0085637857434,-0.0,0.0,0.0,198.0085637857434,198.0085637857434,0.0,0.0
2429,2019-04-12 05:00:00,4,2019-04-12 06:00:00,0.10531,0.10531,0.10531,0.0,0.3352276254256596,277.945333895481,-221.99625182890543,0.0,0.0,499.9415857243864,499.9415857243864,0.0,1.0
2430,2019-04-12 06:00:00,4,2019-04-12 07:00:00,0.10531,0.10531,0.10531,0.0,0.6756218782299813,288.39063674393947,-211.55094898044695,0.0,0.0,499.9415857243864,499.9415857243864,0.0,1.0
2431,2019-04-12 07:00:00,4,2019-04-12 08:00:00,0.10531,0.10531,0.10531,0.0,1.0,454.5340608575427,-0.0,0.0,0.0,454.5340608575427,454.5340608575427,0.0,0.0
2432,2019-04-12 08:00:00,4,2019-04-12 09:00:00,0.10531,0.10531,0.10531,0.0,1.0,527.6866343066016,-0.0,27.74504858221519,0.0,499.9415857243864,499.9415857243864,0.0,0.0
2433,2019-04-12 09:00:00,4,2019-04-12 10:00:00,0.06431,0.06431,0.06431,0.0,0.9497372308293204,512.864797599967,-0.0,12.923211875580591,0.0,499.9415857243864,499.9415857243864,0.0,0.0
2434,2019-04-12 10:00:00,4,2019-04-12 11:00:00,0.06431,0.06431,0.06431,0.0,0.9263256151126887,567.1389272393258,-0.0,67.19734151493935,0.0,499.9415857243864,499.9415857243864,0.0,0.0
2435,2019-04-12 11:00:00,4,2019-04-12 12:00:00,0.06431,0.06431,0.06431,0.0,0.8045913007740305,542.060997652329,-0.0,42.119411927942565,0.0,499.9415857243864,499.9415857243864,0.0,0.0
2436,2019-04-12 12:00:00,4,2019-04-12 13:00:00,0.06431,0.06431,0.06431,0.0,0.7282880182958738,540.6494153256756,-0.0,40.70782960128918,0.0,499.9415857243864,499.9415857243864,0.0,0.0
2437,2019-04-12 13:00:00,4,2019-04-12 14:00:00,0.06431,0.06431,0.06431,0.0,0.6545419501775963,529.4978765879384,-0.0,29.55629086355202,0.0,499.9415857243864,499.9415857243864,0.0,0.0
2438,2019-04-12 14:00:00,4,2019-04-12 15:00:00,0.10531,0.10531,0.10531,0.0,0.600997944990002,517.3234914085101,-0.0,17.381905684123694,0.0,499.9415857243864,499.9415857243864,0.0,0.0
2439,2019-04-12 15:00:00,4,2019-04-12 16:00:00,0.10531,0.10531,0.10531,0.0,0.5695089854173142,514.9854315017135,-0.0,15.043845777327078,0.0,499.9415857243864,499.9415857243864,0.0,0.0
2440,2019-04-12 16:00:00,4,2019-04-12 17:00:00,0.13592,0.13592,0.13592,0.0,0.5422556416178086,506.0982329439326,-0.0,6.156647219546187,0.0,499.9415857243864,499.9415857243864,0.0,0.0
2441,2019-04-12 17:00:00,4,2019-04-12 18:00:00,0.13592,0.13592,0.13592,0.0,0.5311022952055873,493.31061395893795,-0.0,265.5684669534842,0.0,227.74214700545377,227.74214700545377,0.0,0.0
2442,2019-04-12 18:00:00,4,2019-04-12 19:00:00,0.13592,0.13592,0.13592,0.0,0.05,482.5405439836237,-0.0,0.0,0.0,482.5405439836237,482.5405439836237,0.0,0.0
2443,2019-04-12 19:00:00,4,2019-04-12 20:00:00,0.13592,0.13592,0.13592,0.0,0.05,431.71788598251356,-0.0,0.0,0.0,431.71788598251356,431.71788598251356,0.0,0.0
2444,2019-04-12 20:00:00,4,2019-04-12 21:00:00,0.13592,0.13592,0.13592,0.0,0.05,306.0279765334907,-0.0,0.0,0.0,306.0279765334907,306.0279765334907,0.0,0.0
2445,2019-04-12 21:00:00,4,2019-04-12 22:00:00,0.10531,0.10531,0.10531,0.0,0.05,200.51552457260033,-0.0,0.0,0.0,200.51552457260033,200.51552457260033,0.0,0.0
2446,2019-04-12 22:00:00,4,2019-04-12 23:00:00,0.10531,0.10531,0.10531,0.0,0.05,268.70421209699725,-37.0503669537451,0.0,0.0,305.75457905074234,305.75457905074234,0.0,1.0
2447,2019-04-12 23:00:00,4,2019-04-13 00:00:00,0.10531,0.10531,0.10531,0.0,0.10681056266240915,206.91112951633096,-0.0,0.0,0.0,206.91112951633096,206.91112951633096,0.0,0.0
2448,2019-04-13 00:00:00,4,2019-04-13 01:00:00,0.10531,0.10531,0.10531,0.0,0.10681056266240915,187.65660729398343,-0.0,0.0,0.0,187.65660729398343,187.65660729398343,0.0,0.0
2449,2019-04-13 01:00:00,4,2019-04-13 02:00:00,0.10531,0.10531,0.10531,0.0,0.10681056266240915,183.59451284335506,-0.0,0.0,0.0,183.59451284335506,183.59451284335506,0.0,0.0
2450,2019-04-13 02:00:00,4,2019-04-13 03:00:00,0.10531,0.10531,0.10531,0.0,0.10681056266240915,180.60430458614826,-0.0,0.0,0.0,180.60430458614826,180.60430458614826,0.0,0.0
2451,2019-04-13 03:00:00,4,2019-04-13 04:00:00,0.10531,0.10531,0.10531,0.0,0.10681056266240915,191.6781716249055,-133.7684840440549,0.0,0.0,325.4466556689604,325.4466556689604,0.0,1.0
2452,2019-04-13 04:00:00,4,2019-04-13 05:00:00,0.10531,0.10531,0.10531,0.0,0.3119222381966267,188.88752162539984,-0.0,0.0,0.0,188.88752162539984,188.88752162539984,0.0,0.0
2453,2019-04-13 05:00:00,4,2019-04-13 06:00:00,0.10531,0.10531,0.10531,0.0,0.3119222381966267,269.14927418832,-230.7923115360664,0.0,0.0,499.9415857243864,499.9415857243864,0.0,1.0
2454,2019-04-13 06:00:00,4,2019-04-13 07:00:00,0.10531,0.10531,0.10531,0.0,0.6658037825519285,281.9875308669485,-217.95405485743794,0.0,0.0,499.9415857243864,499.9415857243864,0.0,1.0
2455,2019-04-13 07:00:00,4,2019-04-13 08:00:00,0.10531,0.10531,0.10531,0.0,1.0,458.80842093014047,-0.0,0.0,0.0,458.80842093014047,458.80842093014047,0.0,0.0
2456,2019-04-13 08:00:00,4,2019-04-13 09:00:00,0.10531,0.10531,0.10531,0.0,1.0,534.2376649782926,-0.0,34.296079253906214,0.0,499.9415857243864,499.9415857243864,0.0,0.0
2457,2019-04-13 09:00:00,4,2019-04-13 10:00:00,0.06431,0.06431,0.06431,0.0,0.9378694216414744,517.5436540295052,-0.0,17.60206830511879,0.0,499.9415857243864,499.9415857243864,0.0,0.0
2458,2019-04-13 10:00:00,4,2019-04-13 11:00:00,0.06431,0.06431,0.06431,0.0,0.9059816167408968,591.7209384183494,-0.0,91.779352693963,0.0,499.9415857243864,499.9415857243864,0.0,0.0
2459,2019-04-13 11:00:00,4,2019-04-13 12:00:00,0.06431,0.06431,0.06431,0.0,0.739714673454732,572.0998280923837,-0.0,72.15824236799733,0.0,499.9415857243864,499.9415857243864,0.0,0.0
2460,2019-04-13 12:00:00,4,2019-04-13 13:00:00,0.06431,0.06431,0.06431,0.0,0.6089932198895194,571.2455693365088,-0.0,71.30398361212235,0.0,499.9415857243864,499.9415857243864,0.0,0.0
2461,2019-04-13 13:00:00,4,2019-04-13 14:00:00,0.06431,0.06431,0.06431,0.0,0.47981933653422526,561.9352312874577,-0.0,61.993645563071254,0.0,499.9415857243864,499.9415857243864,0.0,0.0
2462,2019-04-13 14:00:00,4,2019-04-13 15:00:00,0.10531,0.10531,0.10531,0.0,0.3675120076156179,554.5555127390608,-0.0,54.613927014674346,0.0,499.9415857243864,499.9415857243864,0.0,0.0
2463,2019-04-13 15:00:00,4,2019-04-13 16:00:00,0.10531,0.10531,0.10531,0.0,0.26857373403830936,553.1625778402646,-0.0,53.220992115878175,0.0,499.9415857243864,499.9415857243864,0.0,0.0
2464,2019-04-13 16:00:00,4,2019-04-13 17:00:00,0.13592,0.13592,0.13592,0.0,0.17215889324867498,543.0734941023757,-0.0,50.61788189747821,0.0,492.4556122048974,492.4556122048974,0.0,0.0
2465,2019-04-13 17:00:00,4,2019-04-13 18:00:00,0.13592,0.13592,0.13592,0.0,0.08045983184019995,516.7554129001768,-0.0,16.81382717579038,0.0,499.9415857243864,499.9415857243864,0.0,0.0
2466,2019-04-13 18:00:00,4,2019-04-13 19:00:00,0.13592,0.13592,0.13592,0.0,0.05,499.49810987048045,-0.0,0.0,0.0,499.49810987048045,499.49810987048045,0.0,1.0
2467,2019-04-13 19:00:00,4,2019-04-13 20:00:00,0.13592,0.13592,0.13592,0.0,0.05,444.1269979082257,-0.0,0.0,0.0,444.1269979082257,444.1269979082257,0.0,1.0
2468,2019-04-13 20:00:00,4,2019-04-13 21:00:00,0.13592,0.13592,0.13592,0.0,0.05,314.13235907599807,-0.0,0.0,0.0,314.13235907599807,314.13235907599807,0.0,1.0
2469,2019-04-13 21:00:00,4,2019-04-13 22:00:00,0.10531,0.10531,0.10531,0.0,0.05,206.53968211184971,-0.0,0.0,0.0,206.53968211184971,206.53968211184971,0.0,0.0
2470,2019-04-13 22:00:00,4,2019-04-13 23:00:00,0.10531,0.10531,0.10531,0.0,0.05,272.9190685825165,-5.396333889033956,0.0,0.0,278.31540247155044,278.31540247155044,0.0,1.0
2471,2019-04-13 23:00:00,4,2019-04-14 00:00:00,0.10531,0.10531,0.10531,0.0,0.05827437862985207,213.0001127201533,-0.0,0.0,0.0,213.0001127201533,213.0001127201533,0.0,0.0
2472,2019-04-14 00:00:00,4,2019-04-14 01:00:00,0.10531,0.10531,0.10531,0.0,0.05827437862985207,195.3604121499519,-0.0,0.0,0.0,195.3604121499519,195.3604121499519,0.0,0.0
2473,2019-04-14 01:00:00,4,2019-04-14 02:00:00,0.10531,0.10531,0.10531,0.0,0.05827437862985207,192.44268341493785,-0.0,0.0,0.0,192.44268341493785,192.44268341493785,0.0,0.0
2474,2019-04-14 02:00:00,4,2019-04-14 03:00:00,0.10531,0.10531,0.10531,0.0,0.05827437862985207,190.07456899390618,-0.0,0.0,0.0,190.07456899390618,190.07456899390618,0.0,0.0
2475,2019-04-14 03:00:00,4,2019-04-14 04:00:00,0.10531,0.10531,0.10531,0.0,0.05827437862985207,234.38804953477919,-0.0,0.0,0.0,234.38804953477919,234.38804953477919,0.0,0.0
2476,2019-04-14 04:00:00,4,2019-04-14 05:00:00,0.10531,0.10531,0.10531,0.0,0.05827437862985207,232.90725125874928,-273.5454159336025,0.0,0.0,506.4526671923518,506.4526671923518,0.0,1.0
2477,2019-04-14 05:00:00,4,2019-04-14 06:00:00,0.10531,0.10531,0.10531,0.0,0.477710683061376,315.6662607082374,-150.70715508874852,0.0,0.0,466.37341579698597,466.37341579698597,0.0,1.0
2478,2019-04-14 06:00:00,4,2019-04-14 07:00:00,0.10531,0.10531,0.10531,0.0,0.7087949875307904,316.53635471243246,-189.91631247991933,0.0,0.0,506.4526671923518,506.4526671923518,0.0,1.0
2479,2019-04-14 07:00:00,4,2019-04-14 08:00:00,0.10531,0.10531,0.10531,0.0,1.0,473.78681201265306,-0.0,0.0,0.0,473.78681201265306,473.78681201265306,0.0,0.0
2480,2019-04-14 08:00:00,4,2019-04-14 09:00:00,0.10531,0.10531,0.10531,0.0,1.0,556.1746515553874,-0.0,49.72198436303563,0.0,506.4526671923518,506.4526671923518,0.0,0.0
2481,2019-04-14 09:00:00,4,2019-04-14 10:00:00,0.06431,0.06431,0.06431,0.0,0.9099239413713124,554.2969080679318,-0.0,47.84424087558,0.0,506.4526671923518,506.4526671923518,0.0,0.0
2482,2019-04-14 10:00:00,4,2019-04-14 11:00:00,0.06431,0.06431,0.06431,0.0,0.8232495919590296,616.2071771830344,-0.0,109.75450999068265,0.0,506.4526671923518,506.4526671923518,0.0,0.0
2483,2019-04-14 11:00:00,4,2019-04-14 12:00:00,0.06431,0.06431,0.06431,0.0,0.6244189579179378,588.8598857170567,-0.0,82.40721852470494,0.0,506.4526671923518,506.4526671923518,0.0,0.0
2484,2019-04-14 12:00:00,4,2019-04-14 13:00:00,0.06431,0.06431,0.06431,0.0,0.47513051856158844,576.4678391965853,-0.0,70.01517200423346,0.0,506.4526671923518,506.4526671923518,0.0,0.0
2485,2019-04-14 13:00:00,4,2019-04-14 14:00:00,0.06431,0.06431,0.06431,0.0,0.3482914388437742,559.4077715273099,-0.0,52.95510433495812,0.0,506.4526671923518,506.4526671923518,0.0,0.0
2486,2019-04-14 14:00:00,4,2019-04-14 15:00:00,0.10531,0.10531,0.10531,0.0,0.2523582788166761,545.0657061522443,-0.0,38.61303895989249,0.0,506.4526671923518,506.4526671923518,0.0,0.0
2487,2019-04-14 15:00:00,4,2019-04-14 16:00:00,0.10531,0.10531,0.10531,0.0,0.18240712128063896,541.4537424685972,-0.0,35.00107527624536,0.0,506.4526671923518,506.4526671923518,0.0,0.0
2488,2019-04-14 16:00:00,4,2019-04-14 17:00:00,0.13592,0.13592,0.13592,0.0,0.11899937621497704,535.3325515778373,-0.0,28.879884385485525,0.0,506.4526671923518,506.4526671923518,0.0,0.0
2489,2019-04-14 17:00:00,4,2019-04-14 18:00:00,0.13592,0.13592,0.13592,0.0,0.06668074508185112,515.6604384775336,-0.0,9.20777128518182,0.0,506.4526671923518,506.4526671923518,0.0,0.0
2490,2019-04-14 18:00:00,4,2019-04-14 19:00:00,0.13592,0.13592,0.13592,0.0,0.05,486.7993305510625,-0.0,0.0,0.0,486.7993305510625,486.7993305510625,0.0,1.0
2491,2019-04-14 19:00:00,4,2019-04-14 20:00:00,0.13592,0.13592,0.13592,0.0,0.05,431.2122459189469,-0.0,0.0,0.0,431.2122459189469,431.2122459189469,0.0,1.0
2492,2019-04-14 20:00:00,4,2019-04-14 21:00:00,0.13592,0.13592,0.13592,0.0,0.05,306.10913583644464,-0.0,0.0,0.0,306.10913583644464,306.10913583644464,0.0,1.0
2493,2019-04-14 21:00:00,4,2019-04-14 22:00:00,0.10531,0.10531,0.10531,0.0,0.05,211.1869820095512,-0.0,0.0,0.0,211.1869820095512,211.1869820095512,0.0,0.0
2494,2019-04-14 22:00:00,4,2019-04-14 23:00:00,0.10531,0.10531,0.10531,0.0,0.05,278.4900009820583,-60.17657935196464,0.0,0.0,338.6665803340229,338.6665803340229,0.0,1.0
2495,2019-04-14 23:00:00,4,2019-04-15 00:00:00,0.10531,0.10531,0.10531,0.0,0.14227075500634578,218.75980009227,-0.0,0.0,0.0,218.75980009227,218.75980009227,0.0,0.0
2496,2019-04-15 00:00:00,4,2019-04-15 01:00:00,0.10531,0.10531,0.10531,0.0,0.14227075500634578,195.83119857489908,-0.0,0.0,0.0,195.83119857489908,195.83119857489908,0.0,0.0
2497,2019-04-15 01:00:00,4,2019-04-15 02:00:00,0.10531,0.10531,0.10531,0.0,0.14227075500634578,192.12224870165937,-0.0,0.0,0.0,192.12224870165937,192.12224870165937,0.0,0.0
2498,2019-04-15 02:00:00,4,2019-04-15 03:00:00,0.10531,0.10531,0.10531,0.0,0.14227075500634578,189.00696426357848,-0.0,0.0,0.0,189.00696426357848,189.00696426357848,0.0,0.0
2499,2019-04-15 03:00:00,4,2019-04-15 04:00:00,0.10531,0.10531,0.10531,0.0,0.14227075500634578,200.51205433134422,-0.0,0.0,0.0,200.51205433134422,200.51205433134422,0.0,0.0
2500,2019-04-15 04:00:00,4,2019-04-15 05:00:00,0.10531,0.10531,0.10531,0.0,0.14227075500634578,197.99138013878954,-0.0,0.0,0.0,197.99138013878954,197.99138013878954,0.0,0.0
2501,2019-04-15 05:00:00,4,2019-04-15 06:00:00,0.10531,0.10531,0.10531,0.0,0.14227075500634578,252.09583374603602,-223.97329583231698,0.0,0.0,476.069129578353,476.069129578353,0.0,1.0
2502,2019-04-15 06:00:00,4,2019-04-15 07:00:00,0.10531,0.10531,0.10531,0.0,0.48569647528256515,265.1458144984159,-241.30685269393587,0.0,0.0,506.4526671923518,506.4526671923518,0.0,1.0
2503,2019-04-15 07:00:00,4,2019-04-15 08:00:00,0.10531,0.10531,0.10531,0.0,0.8557003160799336,412.34417767926493,-94.10848951308685,0.0,0.0,506.4526671923518,506.4526671923518,0.0,1.0
2504,2019-04-15 08:00:00,4,2019-04-15 09:00:00,0.10531,0.10531,0.10531,0.0,1.0,484.4192707283554,-0.0,0.0,0.0,484.4192707283554,484.4192707283554,0.0,0.0
2505,2019-04-15 09:00:00,4,2019-04-15 10:00:00,0.06431,0.06431,0.06431,0.0,1.0,554.2357563645003,-0.0,47.78308917214849,0.0,506.4526671923518,506.4526671923518,0.0,0.0
2506,2019-04-15 10:00:00,4,2019-04-15 11:00:00,0.06431,0.06431,0.06431,0.0,0.9134364326591513,622.3262414316441,-0.0,115.87357423929234,0.0,506.4526671923518,506.4526671923518,0.0,0.0
2507,2019-04-15 11:00:00,4,2019-04-15 12:00:00,0.06431,0.06431,0.06431,0.0,0.7035205372981145,597.9715806645612,-0.0,91.51891347220942,0.0,506.4526671923518,506.4526671923518,0.0,0.0
2508,2019-04-15 12:00:00,4,2019-04-15 13:00:00,0.06431,0.06431,0.06431,0.0,0.5377254041962858,588.2209812945279,-0.0,81.76831410217608,0.0,506.4526671923518,506.4526671923518,0.0,0.0
2509,2019-04-15 13:00:00,4,2019-04-15 14:00:00,0.06431,0.06431,0.06431,0.0,0.3895944003879958,566.6572825712689,-0.0,60.20461537891708,0.0,506.4526671923518,506.4526671923518,0.0,0.0
2510,2019-04-15 14:00:00,4,2019-04-15 15:00:00,0.10531,0.10531,0.10531,0.0,0.2805280681798127,550.9225182544765,-0.0,44.46985106212469,0.0,506.4526671923518,506.4526671923518,0.0,0.0
2511,2019-04-15 15:00:00,4,2019-04-15 16:00:00,0.10531,0.10531,0.10531,0.0,0.19996674379190565,548.0269275679798,-0.0,41.574260375628,0.0,506.4526671923518,506.4526671923518,0.0,0.0
2512,2019-04-15 16:00:00,4,2019-04-15 17:00:00,0.13592,0.13592,0.13592,0.0,0.12465105470562307,544.5801573590193,-0.0,38.127490166667485,0.0,506.4526671923518,506.4526671923518,0.0,0.0
2513,2019-04-15 17:00:00,4,2019-04-15 18:00:00,0.13592,0.13592,0.13592,0.0,0.05557951454861674,496.80127675051796,-0.0,3.079892030836441,0.0,493.7213847196815,493.7213847196815,0.0,0.0
2514,2019-04-15 18:00:00,4,2019-04-15 19:00:00,0.13592,0.13592,0.13592,0.0,0.05,416.51042358737953,-0.0,0.0,0.0,416.51042358737953,416.51042358737953,0.0,1.0
2515,2019-04-15 19:00:00,4,2019-04-15 20:00:00,0.13592,0.13592,0.13592,0.0,0.05,389.789430067797,-0.0,0.0,0.0,389.789430067797,389.789430067797,0.0,1.0
2516,2019-04-15 20:00:00,4,2019-04-15 21:00:00,0.13592,0.13592,0.13592,0.0,0.05,294.84600234363506,-0.0,0.0,0.0,294.84600234363506,294.84600234363506,0.0,1.0
2517,2019-04-15 21:00:00,4,2019-04-15 22:00:00,0.10531,0.10531,0.10531,0.0,0.05,215.35601966192303,-0.0,0.0,0.0,215.35601966192303,215.35601966192303,0.0,0.0
2518,2019-04-15 22:00:00,4,2019-04-15 23:00:00,0.10531,0.10531,0.10531,0.0,0.05,281.6936124655292,-0.0,0.0,0.0,281.6936124655292,281.6936124655292,0.0,1.0
2519,2019-04-15 23:00:00,4,2019-04-16 00:00:00,0.10531,0.10531,0.10531,0.0,0.05,223.37244204315076,-0.0,0.0,0.0,223.37244204315076,223.37244204315076,0.0,0.0
2520,2019-04-16 00:00:00,4,2019-04-16 01:00:00,0.10531,0.10531,0.10531,0.0,0.05,204.89853486625523,-0.0,0.0,0.0,204.89853486625523,204.89853486625523,0.0,0.0
2521,2019-04-16 01:00:00,4,2019-04-16 02:00:00,0.10531,0.10531,0.10531,0.0,0.05,201.39549656830593,-0.0,0.0,0.0,201.39549656830593,201.39549656830593,0.0,0.0
2522,2019-04-16 02:00:00,4,2019-04-16 03:00:00,0.10531,0.10531,0.10531,0.0,0.05,198.12281869416586,-0.0,0.0,0.0,198.12281869416586,198.12281869416586,0.0,0.0
2523,2019-04-16 03:00:00,4,2019-04-16 04:00:00,0.10531,0.10531,0.10531,0.0,0.05,208.9296577402675,-0.0,0.0,0.0,208.9296577402675,208.9296577402675,0.0,0.0
2524,2019-04-16 04:00:00,4,2019-04-16 05:00:00,0.10531,0.10531,0.10531,0.0,0.05,206.2000883585821,-0.0,0.0,0.0,206.2000883585821,206.2000883585821,0.0,0.0
2525,2019-04-16 05:00:00,4,2019-04-16 06:00:00,0.10531,0.10531,0.10531,0.0,0.05,261.00386656837463,-245.44880062397715,0.0,0.0,506.4526671923518,506.4526671923518,0.0,1.0
2526,2019-04-16 06:00:00,4,2019-04-16 07:00:00,0.10531,0.10531,0.10531,0.0,0.42635482762343163,276.5999220403854,-177.96568994874335,0.0,0.0,454.5656119891288,454.5656119891288,0.0,1.0
2527,2019-04-16 07:00:00,4,2019-04-16 08:00:00,0.10531,0.10531,0.10531,0.0,0.6992355522115048,348.49938370865027,-0.0,0.0,0.0,348.49938370865027,348.49938370865027,0.0,1.0
2528,2019-04-16 08:00:00,4,2019-04-16 09:00:00,0.10531,0.10531,0.10531,0.0,0.6992355522115048,306.43171548267475,-0.0,0.0,0.0,306.43171548267475,306.43171548267475,0.0,1.0
2529,2019-04-16 09:00:00,4,2019-04-16 10:00:00,0.06431,0.06431,0.06431,0.0,0.6992355522115048,396.21763318783763,-110.23503400451415,0.0,0.0,506.4526671923518,506.4526671923518,0.0,1.0
2530,2019-04-16 10:00:00,4,2019-04-16 11:00:00,0.06431,0.06431,0.06431,0.0,0.8682626043517598,469.0434819356641,-37.40918525668769,0.0,0.0,506.4526671923518,506.4526671923518,0.0,1.0
2531,2019-04-16 11:00:00,4,2019-04-16 12:00:00,0.06431,0.06431,0.06431,0.0,0.925623355078681,497.1613493176455,-9.291317874706294,0.0,0.0,506.4526671923518,506.4526671923518,0.0,1.0
2532,2019-04-16 12:00:00,4,2019-04-16 13:00:00,0.06431,0.06431,0.06431,0.0,0.9398700424865639,490.42156901380497,-16.031098178546813,0.0,0.0,506.4526671923518,506.4526671923518,0.0,1.0
2533,2019-04-16 13:00:00,4,2019-04-16 14:00:00,0.06431,0.06431,0.06431,0.0,0.9644510596936691,483.26857568822294,-23.184091504128844,0.0,0.0,506.4526671923518,506.4526671923518,0.0,1.0
2534,2019-04-16 14:00:00,4,2019-04-16 15:00:00,0.10531,0.10531,0.10531,0.0,1.0,478.35029528524456,-0.0,0.0,0.0,478.35029528524456,478.35029528524456,0.0,1.0
2535,2019-04-16 15:00:00,4,2019-04-16 16:00:00,0.10531,0.10531,0.10531,0.0,1.0,473.00477163445254,-0.0,0.0,0.0,473.00477163445254,473.00477163445254,0.0,1.0
2536,2019-04-16 16:00:00,4,2019-04-16 17:00:00,0.13592,0.13592,0.13592,0.0,1.0,401.814790601154,-0.0,0.0,0.0,401.814790601154,401.814790601154,0.0,0.0
2537,2019-04-16 17:00:00,4,2019-04-16 18:00:00,0.13592,0.13592,0.13592,0.0,1.0,398.0122337044487,-0.0,300.0,0.0,98.0122337044487,98.0122337044487,0.0,0.0
2538,2019-04-16 18:00:00,4,2019-04-16 19:00:00,0.13592,0.13592,0.13592,0.0,0.4565217391304348,378.99378518566493,-0.0,0.0,0.0,378.99378518566493,378.99378518566493,0.0,0.0
2539,2019-04-16 19:00:00,4,2019-04-16 20:00:00,0.13592,0.13592,0.13592,0.0,0.4565217391304348,360.8358152278405,-0.0,224.4,0.0,136.4358152278405,136.4358152278405,0.0,0.0
2540,2019-04-16 20:00:00,4,2019-04-16 21:00:00,0.13592,0.13592,0.13592,0.0,0.05,324.26516225538614,-0.0,0.0,0.0,324.26516225538614,324.26516225538614,0.0,1.0
2541,2019-04-16 21:00:00,4,2019-04-16 22:00:00,0.10531,0.10531,0.10531,0.0,0.05,215.9414263738643,-0.0,0.0,0.0,215.9414263738643,215.9414263738643,0.0,0.0
2542,2019-04-16 22:00:00,4,2019-04-16 23:00:00,0.10531,0.10531,0.10531,0.0,0.05,281.48469522673537,-120.05864633452506,0.0,0.0,401.54334156126043,401.54334156126043,0.0,1.0
2543,2019-04-16 23:00:00,4,2019-04-17 00:00:00,0.10531,0.10531,0.10531,0.0,0.2340899243796051,222.93285207450492,-0.0,0.0,0.0,222.93285207450492,222.93285207450492,0.0,0.0
2544,2019-04-17 00:00:00,4,2019-04-17 01:00:00,0.10531,0.10531,0.10531,0.0,0.2340899243796051,209.7566505148471,-0.0,0.0,0.0,209.7566505148471,209.7566505148471,0.0,0.0
2545,2019-04-17 01:00:00,4,2019-04-17 02:00:00,0.10531,0.10531,0.10531,0.0,0.2340899243796051,206.92441392218592,-0.0,0.0,0.0,206.92441392218592,206.92441392218592,0.0,0.0
2546,2019-04-17 02:00:00,4,2019-04-17 03:00:00,0.10531,0.10531,0.10531,0.0,0.2340899243796051,204.52572498464872,-3.089316242435218e-14,0.0,0.0,204.52572498464872,204.52572498464872,0.0,0.0
2547,2019-04-17 03:00:00,4,2019-04-17 04:00:00,0.10531,0.10531,0.10531,0.0,0.23408992437960516,216.0727675606768,-290.379899631675,0.0,0.0,506.4526671923518,506.4526671923518,0.0,1.0
2548,2019-04-17 04:00:00,4,2019-04-17 05:00:00,0.10531,0.10531,0.10531,0.0,0.6793391038148402,213.58015158169133,-0.0,0.0,0.0,213.58015158169133,213.58015158169133,0.0,0.0
2549,2019-04-17 05:00:00,4,2019-04-17 06:00:00,0.10531,0.10531,0.10531,0.0,0.6793391038148402,293.0892651939771,-12.456081149858392,0.0,0.0,305.5453463438355,305.5453463438355,0.0,1.0
2550,2019-04-17 06:00:00,4,2019-04-17 07:00:00,0.10531,0.10531,0.10531,0.0,0.6984384282446231,309.782076917106,-196.6705902752458,0.0,0.0,506.4526671923518,506.4526671923518,0.0,1.0
2551,2019-04-17 07:00:00,4,2019-04-17 08:00:00,0.10531,0.10531,0.10531,0.0,1.0,465.3383798638642,-0.0,0.0,0.0,465.3383798638642,465.3383798638642,0.0,1.0
2552,2019-04-17 08:00:00,4,2019-04-17 09:00:00,0.10531,0.10531,0.10531,0.0,1.0,522.1470942155183,-0.0,15.694427023166554,0.0,506.4526671923518,506.4526671923518,0.0,0.0
2553,2019-04-17 09:00:00,4,2019-04-17 10:00:00,0.06431,0.06431,0.06431,0.0,0.9715680669870171,507.619634945936,-0.0,1.166967753584231,0.0,506.4526671923518,506.4526671923518,0.0,0.0
2554,2019-04-17 10:00:00,4,2019-04-17 11:00:00,0.06431,0.06431,0.06431,0.0,0.9694539949696545,566.4596919884317,-0.0,60.00702479607992,0.0,506.4526671923518,506.4526671923518,0.0,0.0
2555,2019-04-17 11:00:00,4,2019-04-17 12:00:00,0.06431,0.06431,0.06431,0.0,0.8607456167158865,531.2018858770631,-0.0,24.74921868471131,0.0,506.4526671923518,506.4526671923518,0.0,0.0
2556,2019-04-17 12:00:00,4,2019-04-17 13:00:00,0.06431,0.06431,0.06431,0.0,0.815910075620395,531.4396948215235,-0.0,24.987027629171735,0.0,506.4526671923518,506.4526671923518,0.0,0.0
2557,2019-04-17 13:00:00,4,2019-04-17 14:00:00,0.06431,0.06431,0.06431,0.0,0.7706437212197215,528.1683284426598,-0.0,21.715661250308017,0.0,506.4526671923518,506.4526671923518,0.0,0.0
2558,2019-04-17 14:00:00,4,2019-04-17 15:00:00,0.10531,0.10531,0.10531,0.0,0.7313037551865548,518.206828037157,-0.0,11.754160844805256,0.0,506.4526671923518,506.4526671923518,0.0,0.0
2559,2019-04-17 15:00:00,4,2019-04-17 16:00:00,0.10531,0.10531,0.10531,0.0,0.7100099855401684,513.019755984204,-0.0,6.567088791852257,0.0,506.4526671923518,506.4526671923518,0.0,0.0
2560,2019-04-17 16:00:00,4,2019-04-17 17:00:00,0.13592,0.13592,0.13592,0.0,0.6981130855549288,509.75639148192954,-0.0,57.75842322632076,0.0,451.9979682556088,451.9979682556088,0.0,0.0
2561,2019-04-17 17:00:00,4,2019-04-17 18:00:00,0.13592,0.13592,0.13592,0.0,0.5934782608695651,499.61964956535115,-0.0,0.0,0.0,499.61964956535115,499.61964956535115,0.0,1.0
2562,2019-04-17 18:00:00,4,2019-04-17 19:00:00,0.13592,0.13592,0.13592,0.0,0.5934782608695652,484.68542762720904,-0.0,0.0,0.0,484.68542762720904,484.68542762720904,0.0,0.0
2563,2019-04-17 19:00:00,4,2019-04-17 20:00:00,0.13592,0.13592,0.13592,0.0,0.5934782608695652,442.86227841471026,-0.0,300.0,0.0,142.86227841471026,142.86227841471026,0.0,0.0
2564,2019-04-17 20:00:00,4,2019-04-17 21:00:00,0.13592,0.13592,0.13592,0.0,0.05,318.6136727164947,-0.0,0.0,0.0,318.6136727164947,318.6136727164947,0.0,1.0
2565,2019-04-17 21:00:00,4,2019-04-17 22:00:00,0.10531,0.10531,0.10531,0.0,0.05,216.00316913630496,-0.0,0.0,0.0,216.00316913630496,216.00316913630496,0.0,0.0
2566,2019-04-17 22:00:00,4,2019-04-17 23:00:00,0.10531,0.10531,0.10531,0.0,0.05,283.72572544470984,-96.78463448571969,0.0,0.0,380.51035993042956,380.51035993042956,0.0,1.0
2567,2019-04-17 23:00:00,4,2019-04-18 00:00:00,0.10531,0.10531,0.10531,0.0,0.19840310621143686,224.72483458205207,-0.0,0.0,0.0,224.72483458205207,224.72483458205207,0.0,0.0
2568,2019-04-18 00:00:00,4,2019-04-18 01:00:00,0.10531,0.10531,0.10531,0.0,0.19840310621143686,206.05494436556407,-0.0,0.0,0.0,206.05494436556407,206.05494436556407,0.0,0.0
2569,2019-04-18 01:00:00,4,2019-04-18 02:00:00,0.10531,0.10531,0.10531,0.0,0.19840310621143686,202.35542532052196,-0.0,0.0,0.0,202.35542532052196,202.35542532052196,0.0,0.0
2570,2019-04-18 02:00:00,4,2019-04-18 03:00:00,0.10531,0.10531,0.10531,0.0,0.19840310621143686,201.03283300394892,-0.0,0.0,0.0,201.03283300394892,201.03283300394892,0.0,0.0
2571,2019-04-18 03:00:00,4,2019-04-18 04:00:00,0.10531,0.10531,0.10531,0.0,0.19840310621143686,246.47050944180478,-150.88900760656566,0.0,0.0,397.35951704837044,397.35951704837044,0.0,1.0
2572,2019-04-18 04:00:00,4,2019-04-18 05:00:00,0.10531,0.10531,0.10531,0.0,0.4297662512081709,244.56377197257734,-0.0,0.0,0.0,244.56377197257734,244.56377197257734,0.0,0.0
2573,2019-04-18 05:00:00,4,2019-04-18 06:00:00,0.10531,0.10531,0.10531,0.0,0.4297662512081709,321.7348394933795,-184.71782769897226,0.0,0.0,506.4526671923518,506.4526671923518,0.0,1.0
2574,2019-04-18 06:00:00,4,2019-04-18 07:00:00,0.10531,0.10531,0.10531,0.0,0.7130002536799284,319.27891959230504,-187.17374760004674,0.0,0.0,506.4526671923518,506.4526671923518,0.0,1.0
2575,2019-04-18 07:00:00,4,2019-04-18 08:00:00,0.10531,0.10531,0.10531,0.0,1.0,466.96150730497243,-0.0,0.0,0.0,466.96150730497243,466.96150730497243,0.0,0.0
2576,2019-04-18 08:00:00,4,2019-04-18 09:00:00,0.10531,0.10531,0.10531,0.0,1.0,527.213507666939,-0.0,20.760840474587212,0.0,506.4526671923518,506.4526671923518,0.0,0.0
2577,2019-04-18 09:00:00,4,2019-04-18 10:00:00,0.06431,0.06431,0.06431,0.0,0.9623897817489363,502.0691599173348,-4.383507275016996,0.0,0.0,506.4526671923518,506.4526671923518,0.0,1.0
2578,2019-04-18 10:00:00,4,2019-04-18 11:00:00,0.06431,0.06431,0.06431,0.0,0.969111159570629,555.4010791954363,-0.0,48.94841200308451,0.0,506.4526671923518,506.4526671923518,0.0,0.0
2579,2019-04-18 11:00:00,4,2019-04-18 12:00:00,0.06431,0.06431,0.06431,0.0,0.8804365001447514,522.3721299009676,-0.0,15.91946270861581,0.0,506.4526671923518,506.4526671923518,0.0,0.0
2580,2019-04-18 12:00:00,4,2019-04-18 13:00:00,0.06431,0.06431,0.06431,0.0,0.8515968937885632,516.8275658072686,-0.0,10.374898614916788,0.0,506.4526671923518,506.4526671923518,0.0,0.0
2581,2019-04-18 13:00:00,4,2019-04-18 14:00:00,0.06431,0.06431,0.06431,0.0,0.8328017876021198,504.66384063003784,-1.7888265623139432,0.0,0.0,506.4526671923518,506.4526671923518,0.0,1.0
2582,2019-04-18 14:00:00,4,2019-04-18 15:00:00,0.10531,0.10531,0.10531,0.0,0.8355446549976677,494.60443304004735,-11.848234152304428,0.0,0.0,506.4526671923518,506.4526671923518,0.0,1.0
2583,2019-04-18 15:00:00,4,2019-04-18 16:00:00,0.10531,0.10531,0.10531,0.0,0.8537119473645347,493.88781859376803,-12.564848598583751,0.0,0.0,506.4526671923518,506.4526671923518,0.0,1.0
2584,2019-04-18 16:00:00,4,2019-04-18 17:00:00,0.13592,0.13592,0.13592,0.0,0.8729780485490297,492.672329088073,-0.0,0.0,0.0,492.672329088073,492.672329088073,0.0,1.0
2585,2019-04-18 17:00:00,4,2019-04-18 18:00:00,0.13592,0.13592,0.13592,0.0,0.8729780485490297,485.5011192348869,-0.0,154.2838827990644,0.0,331.21723643582254,331.21723643582254,0.0,0.0
2586,2019-04-18 18:00:00,4,2019-04-18 19:00:00,0.13592,0.13592,0.13592,0.0,0.5934782608695652,452.1227757335902,-0.0,300.0,0.0,152.12277573359017,152.12277573359017,0.0,0.0
2587,2019-04-18 19:00:00,4,2019-04-18 20:00:00,0.13592,0.13592,0.13592,0.0,0.05,411.6261091333949,-0.0,0.0,0.0,411.6261091333949,411.6261091333949,0.0,1.0
2588,2019-04-18 20:00:00,4,2019-04-18 21:00:00,0.13592,0.13592,0.13592,0.0,0.05,292.28722508876,-0.0,0.0,0.0,292.28722508876,292.28722508876,0.0,1.0
2589,2019-04-18 21:00:00,4,2019-04-18 22:00:00,0.10531,0.10531,0.10531,0.0,0.05,197.22807354194143,-0.0,0.0,0.0,197.22807354194143,197.22807354194143,0.0,0.0
2590,2019-04-18 22:00:00,4,2019-04-18 23:00:00,0.10531,0.10531,0.10531,0.0,0.05,265.9641330324842,-0.0,0.0,0.0,265.9641330324842,265.9641330324842,0.0,0.0
2591,2019-04-18 23:00:00,4,2019-04-19 00:00:00,0.10531,0.10531,0.10531,0.0,0.05,203.58258211760514,-0.0,0.0,0.0,203.58258211760514,203.58258211760514,0.0,0.0
2592,2019-04-19 00:00:00,4,2019-04-19 01:00:00,0.10531,0.10531,0.10531,0.0,0.05,184.60442688364267,-0.0,0.0,0.0,184.60442688364267,184.60442688364267,0.0,0.0
2593,2019-04-19 01:00:00,4,2019-04-19 02:00:00,0.10531,0.10531,0.10531,0.0,0.05,180.7339783955564,-0.0,0.0,0.0,180.7339783955564,180.7339783955564,0.0,0.0
2594,2019-04-19 02:00:00,4,2019-04-19 03:00:00,0.10531,0.10531,0.10531,0.0,0.05,177.15240701210254,-0.0,0.0,0.0,177.15240701210254,177.15240701210254,0.0,0.0
2595,2019-04-19 03:00:00,4,2019-04-19 04:00:00,0.10531,0.10531,0.10531,0.0,0.05,187.7987802907731,-60.431358194521046,0.0,0.0,248.23013848529413,248.23013848529413,0.0,1.0
2596,2019-04-19 04:00:00,4,2019-04-19 05:00:00,0.10531,0.10531,0.10531,0.0,0.14266141589826561,184.88780834944723,-0.0,0.0,0.0,184.88780834944723,184.88780834944723,0.0,0.0
2597,2019-04-19 05:00:00,4,2019-04-19 06:00:00,0.10531,0.10531,0.10531,0.0,0.14266141589826561,266.0060850050422,-240.44658218730956,0.0,0.0,506.4526671923518,506.4526671923518,0.0,1.0
2598,2019-04-19 06:00:00,4,2019-04-19 07:00:00,0.10531,0.10531,0.10531,0.0,0.5113461752521402,276.48314871778257,-229.9695184745692,0.0,0.0,506.4526671923518,506.4526671923518,0.0,1.0
2599,2019-04-19 07:00:00,4,2019-04-19 08:00:00,0.10531,0.10531,0.10531,0.0,0.8639661035798131,443.5076053728487,-62.94506181950311,0.0,0.0,506.4526671923518,506.4526671923518,0.0,1.0
2600,2019-04-19 08:00:00,4,2019-04-19 09:00:00,0.10531,0.10531,0.10531,0.0,0.9604818650363846,501.90541661014055,-0.0,0.0,0.0,501.90541661014055,501.90541661014055,0.0,0.0
2601,2019-04-19 09:00:00,4,2019-04-19 10:00:00,0.06431,0.06431,0.06431,0.0,0.9604818650363846,480.6799704769505,-25.77269671540131,0.0,0.0,506.4526671923518,506.4526671923518,0.0,1.0
2602,2019-04-19 10:00:00,4,2019-04-19 11:00:00,0.06431,0.06431,0.06431,0.0,1.0,549.1461542686966,-0.0,42.69348707634481,0.0,506.4526671923518,506.4526671923518,0.0,0.0
2603,2019-04-19 11:00:00,4,2019-04-19 12:00:00,0.06431,0.06431,0.06431,0.0,0.9226567263109695,522.1053857775761,-0.0,15.652718585224306,0.0,506.4526671923518,506.4526671923518,0.0,0.0
2604,2019-04-19 12:00:00,4,2019-04-19 13:00:00,0.06431,0.06431,0.06431,0.0,0.8943003520623747,521.0782622948959,-0.0,14.625595102544139,0.0,506.4526671923518,506.4526671923518,0.0,0.0
2605,2019-04-19 13:00:00,4,2019-04-19 14:00:00,0.06431,0.06431,0.06431,0.0,0.8678047087606643,516.9816543793225,-0.0,10.528987186970767,0.0,506.4526671923518,506.4526671923518,0.0,0.0
2606,2019-04-19 14:00:00,4,2019-04-19 15:00:00,0.10531,0.10531,0.10531,0.0,0.848730456610355,503.9644781486914,-2.488189043660384,0.0,0.0,506.4526671923518,506.4526671923518,0.0,1.0
2607,2019-04-19 15:00:00,4,2019-04-19 16:00:00,0.10531,0.10531,0.10531,0.0,0.8525456798106342,503.5576311009944,-2.895036091357383,0.0,0.0,506.4526671923518,506.4526671923518,0.0,1.0
2608,2019-04-19 16:00:00,4,2019-04-19 17:00:00,0.13592,0.13592,0.13592,0.0,0.8569847351507156,500.4290530578589,-0.0,145.45557380319497,0.0,354.9734792546639,354.9734792546639,0.0,0.0
2609,2019-04-19 17:00:00,4,2019-04-19 18:00:00,0.13592,0.13592,0.13592,0.0,0.5934782608695652,491.68693189252815,-0.0,0.0,0.0,491.68693189252815,491.68693189252815,0.0,0.0
2610,2019-04-19 18:00:00,4,2019-04-19 19:00:00,0.13592,0.13592,0.13592,0.0,0.5934782608695652,472.1496670349549,-0.0,300.0,0.0,172.14966703495492,172.14966703495492,0.0,0.0
2611,2019-04-19 19:00:00,4,2019-04-19 20:00:00,0.13592,0.13592,0.13592,0.0,0.05,421.6492575653902,-0.0,0.0,0.0,421.6492575653902,421.6492575653902,0.0,1.0
2612,2019-04-19 20:00:00,4,2019-04-19 21:00:00,0.13592,0.13592,0.13592,0.0,0.05,297.72720802408253,-0.0,0.0,0.0,297.72720802408253,297.72720802408253,0.0,1.0
2613,2019-04-19 21:00:00,4,2019-04-19 22:00:00,0.10531,0.10531,0.10531,0.0,0.05,191.62889843032235,-0.0,0.0,0.0,191.62889843032235,191.62889843032235,0.0,0.0
2614,2019-04-19 22:00:00,4,2019-04-19 23:00:00,0.10531,0.10531,0.10531,0.0,0.05,260.5656123396227,-0.0,0.0,0.0,260.5656123396227,260.5656123396227,0.0,1.0
2615,2019-04-19 23:00:00,4,2019-04-20 00:00:00,0.10531,0.10531,0.10531,0.0,0.05,200.2079306247583,-0.0,0.0,0.0,200.2079306247583,200.2079306247583,0.0,0.0
2616,2019-04-20 00:00:00,4,2019-04-20 01:00:00,0.10531,0.10531,0.10531,0.0,0.05,181.87302656047092,-0.0,0.0,0.0,181.87302656047092,181.87302656047092,0.0,0.0
2617,2019-04-20 01:00:00,4,2019-04-20 02:00:00,0.10531,0.10531,0.10531,0.0,0.05,178.96275682630338,-0.0,0.0,0.0,178.96275682630338,178.96275682630338,0.0,0.0
2618,2019-04-20 02:00:00,4,2019-04-20 03:00:00,0.10531,0.10531,0.10531,0.0,0.05,176.57418025121282,-0.0,0.0,0.0,176.57418025121282,176.57418025121282,0.0,0.0
2619,2019-04-20 03:00:00,4,2019-04-20 04:00:00,0.10531,0.10531,0.10531,0.0,0.05,188.57835162682878,-0.0,0.0,0.0,188.57835162682878,188.57835162682878,0.0,0.0
2620,2019-04-20 04:00:00,4,2019-04-20 05:00:00,0.10531,0.10531,0.10531,0.0,0.05,186.40473491500754,-300.0,0.0,0.0,486.40473491500757,486.40473491500757,0.0,1.0
2621,2019-04-20 05:00:00,4,2019-04-20 06:00:00,0.10531,0.10531,0.10531,0.0,0.51,258.8407322359108,-247.61193495644096,0.0,0.0,506.4526671923518,506.4526671923518,0.0,1.0
2622,2019-04-20 06:00:00,4,2019-04-20 07:00:00,0.10531,0.10531,0.10531,0.0,0.8896716335998762,278.73842775161074,-71.95328243486335,0.0,0.0,350.6917101864741,350.6917101864741,0.0,1.0
2623,2019-04-20 07:00:00,4,2019-04-20 08:00:00,0.10531,0.10531,0.10531,0.0,1.0,456.16125533899066,-0.0,0.0,0.0,456.16125533899066,456.16125533899066,0.0,0.0
2624,2019-04-20 08:00:00,4,2019-04-20 09:00:00,0.10531,0.10531,0.10531,0.0,1.0,525.3767689026513,-0.0,18.92410171029951,0.0,506.4526671923518,506.4526671923518,0.0,0.0
2625,2019-04-20 09:00:00,4,2019-04-20 10:00:00,0.06431,0.06431,0.06431,0.0,0.9657172070465588,509.7005792006389,-0.0,3.2479120082871304,0.0,506.4526671923518,506.4526671923518,0.0,0.0
2626,2019-04-20 10:00:00,4,2019-04-20 11:00:00,0.06431,0.06431,0.06431,0.0,0.9598333084808214,581.3653145131296,-0.0,74.91264732077786,0.0,506.4526671923518,506.4526671923518,0.0,0.0
2627,2019-04-20 11:00:00,4,2019-04-20 12:00:00,0.06431,0.06431,0.06431,0.0,0.8241219908707166,555.8784408838515,-0.0,49.42577369149967,0.0,506.4526671923518,506.4526671923518,0.0,0.0
2628,2019-04-20 12:00:00,4,2019-04-20 13:00:00,0.06431,0.06431,0.06431,0.0,0.7345825457774201,546.010783038255,-0.0,39.55811584590322,0.0,506.4526671923518,506.4526671923518,0.0,0.0
2629,2019-04-20 13:00:00,4,2019-04-20 14:00:00,0.06431,0.06431,0.06431,0.0,0.6629192924333925,531.2807925237678,-0.0,24.828125331416004,0.0,506.4526671923518,506.4526671923518,0.0,0.0
2630,2019-04-20 14:00:00,4,2019-04-20 15:00:00,0.10531,0.10531,0.10531,0.0,0.6179408045141606,518.130754111206,-0.0,11.678086918854206,0.0,506.4526671923518,506.4526671923518,0.0,0.0
2631,2019-04-20 15:00:00,4,2019-04-20 16:00:00,0.10531,0.10531,0.10531,0.0,0.5967848499510189,515.6910819008982,-0.0,9.23841470854643,0.0,506.4526671923518,506.4526671923518,0.0,0.0
2632,2019-04-20 16:00:00,4,2019-04-20 17:00:00,0.13592,0.13592,0.13592,0.0,0.5800485914210435,514.4701454396185,-0.0,8.017478247266695,0.0,506.4526671923518,506.4526671923518,0.0,0.0
2633,2019-04-20 17:00:00,4,2019-04-20 18:00:00,0.13592,0.13592,0.13592,0.0,0.56552417430643,501.4164057838371,-0.0,0.0,0.0,501.4164057838371,501.4164057838371,0.0,0.0
2634,2019-04-20 18:00:00,4,2019-04-20 19:00:00,0.13592,0.13592,0.13592,0.0,0.56552417430643,474.73856951536874,-0.0,284.56934421714936,0.0,190.16922529821937,190.16922529821937,0.0,0.0
2635,2019-04-20 19:00:00,4,2019-04-20 20:00:00,0.13592,0.13592,0.13592,0.0,0.05,420.57547900250376,-0.0,0.0,0.0,420.57547900250376,420.57547900250376,0.0,1.0
2636,2019-04-20 20:00:00,4,2019-04-20 21:00:00,0.13592,0.13592,0.13592,0.0,0.05,293.3360215362044,-0.0,0.0,0.0,293.3360215362044,293.3360215362044,0.0,0.0
2637,2019-04-20 21:00:00,4,2019-04-20 22:00:00,0.10531,0.10531,0.10531,0.0,0.05,185.06363490298486,-0.0,0.0,0.0,185.06363490298486,185.06363490298486,0.0,0.0
2638,2019-04-20 22:00:00,4,2019-04-20 23:00:00,0.10531,0.10531,0.10531,0.0,0.05,253.44425907378687,-0.0,0.0,0.0,253.44425907378687,253.44425907378687,0.0,0.0
2639,2019-04-20 23:00:00,4,2019-04-21 00:00:00,0.10531,0.10531,0.10531,0.0,0.05,193.5139275681247,-0.0,0.0,0.0,193.5139275681247,193.5139275681247,0.0,0.0
2640,2019-04-21 00:00:00,4,2019-04-21 01:00:00,0.10531,0.10531,0.10531,0.0,0.05,176.13901450514044,-0.0,0.0,0.0,176.13901450514044,176.13901450514044,0.0,0.0
2641,2019-04-21 01:00:00,4,2019-04-21 02:00:00,0.10531,0.10531,0.10531,0.0,0.05,174.0913536704216,-0.0,0.0,0.0,174.0913536704216,174.0913536704216,0.0,0.0
2642,2019-04-21 02:00:00,4,2019-04-21 03:00:00,0.10531,0.10531,0.10531,0.0,0.05,172.19405823763825,-0.0,0.0,0.0,172.19405823763825,172.19405823763825,0.0,0.0
2643,2019-04-21 03:00:00,4,2019-04-21 04:00:00,0.10531,0.10531,0.10531,0.0,0.05,216.99358810565317,-0.0,0.0,0.0,216.99358810565317,216.99358810565317,0.0,0.0
2644,2019-04-21 04:00:00,4,2019-04-21 05:00:00,0.10531,0.10531,0.10531,0.0,0.05,216.50148224213407,-157.05946841494196,0.0,0.0,373.56095065707603,373.56095065707603,0.0,1.0
2645,2019-04-21 05:00:00,4,2019-04-21 06:00:00,0.10531,0.10531,0.10531,0.0,0.29082451823624433,291.7464569281737,-214.70621026417808,0.0,0.0,506.4526671923518,506.4526671923518,0.0,1.0
2646,2019-04-21 06:00:00,4,2019-04-21 07:00:00,0.10531,0.10531,0.10531,0.0,0.6200407073079841,299.86195780019415,-206.59070939215763,0.0,0.0,506.4526671923518,506.4526671923518,0.0,1.0
2647,2019-04-21 07:00:00,4,2019-04-21 08:00:00,0.10531,0.10531,0.10531,0.0,0.9368131283759592,465.2438378723252,-41.20882932002661,0.0,0.0,506.4526671923518,506.4526671923518,0.0,1.0
2648,2019-04-21 08:00:00,4,2019-04-21 09:00:00,0.10531,0.10531,0.10531,0.0,1.0,546.7406590777784,-0.0,40.28799188542666,0.0,506.4526671923518,506.4526671923518,0.0,0.0
2649,2019-04-21 09:00:00,4,2019-04-21 10:00:00,0.06431,0.06431,0.06431,0.0,0.9270145074539372,532.0682912363357,-0.0,25.61562404398387,0.0,506.4526671923518,506.4526671923518,0.0,0.0
2650,2019-04-21 10:00:00,4,2019-04-21 11:00:00,0.06431,0.06431,0.06431,0.0,0.8806093914322274,598.5639537672441,-0.0,92.11128657489235,0.0,506.4526671923518,506.4526671923518,0.0,0.0
2651,2019-04-21 11:00:00,4,2019-04-21 12:00:00,0.06431,0.06431,0.06431,0.0,0.7137411186516253,577.1360464648365,-0.0,70.68337927248467,0.0,506.4526671923518,506.4526671923518,0.0,0.0
2652,2019-04-21 12:00:00,4,2019-04-21 13:00:00,0.06431,0.06431,0.06431,0.0,0.5856915185203125,570.5698273366058,-0.0,64.11716014425406,0.0,506.4526671923518,506.4526671923518,0.0,0.0
2653,2019-04-21 13:00:00,4,2019-04-21 14:00:00,0.06431,0.06431,0.06431,0.0,0.4695372428966638,567.3016679361737,-0.0,60.849000743821875,0.0,506.4526671923518,506.4526671923518,0.0,0.0
2654,2019-04-21 14:00:00,4,2019-04-21 15:00:00,0.10531,0.10531,0.10531,0.0,0.35930354589698654,550.0729016680697,-0.0,43.62023447571789,0.0,506.4526671923518,506.4526671923518,0.0,0.0
2655,2019-04-21 15:00:00,4,2019-04-21 16:00:00,0.10531,0.10531,0.10531,0.0,0.2802813819917005,540.9562095862509,-0.0,34.503542393899124,0.0,506.4526671923518,506.4526671923518,0.0,0.0
2656,2019-04-21 16:00:00,4,2019-04-21 17:00:00,0.13592,0.13592,0.13592,0.0,0.21777496461144843,533.0153272919958,-0.0,78.945481336264,0.0,454.06984595573186,454.06984595573186,0.0,0.0
2657,2019-04-21 17:00:00,4,2019-04-21 18:00:00,0.13592,0.13592,0.13592,0.0,0.07475778827763686,520.1189663216073,-0.0,13.666299129255549,0.0,506.4526671923518,506.4526671923518,0.0,0.0
2658,2019-04-21 18:00:00,4,2019-04-21 19:00:00,0.13592,0.13592,0.13592,0.0,0.05,473.4483672856683,-0.0,0.0,0.0,473.4483672856683,473.4483672856683,0.0,1.0
2659,2019-04-21 19:00:00,4,2019-04-21 20:00:00,0.13592,0.13592,0.13592,0.0,0.05,414.1348475015202,-0.0,0.0,0.0,414.1348475015202,414.1348475015202,0.0,1.0
2660,2019-04-21 20:00:00,4,2019-04-21 21:00:00,0.13592,0.13592,0.13592,0.0,0.05,288.9295793888369,-0.0,0.0,0.0,288.9295793888369,288.9295793888369,0.0,1.0
2661,2019-04-21 21:00:00,4,2019-04-21 22:00:00,0.10531,0.10531,0.10531,0.0,0.05,191.2706617838854,-0.0,0.0,0.0,191.2706617838854,191.2706617838854,0.0,0.0
2662,2019-04-21 22:00:00,4,2019-04-21 23:00:00,0.10531,0.10531,0.10531,0.0,0.05,259.35360147196934,-0.0,0.0,0.0,259.35360147196934,259.35360147196934,0.0,1.0
2663,2019-04-21 23:00:00,4,2019-04-22 00:00:00,0.10531,0.10531,0.10531,0.0,0.05,200.20032085711753,-0.0,0.0,0.0,200.20032085711753,200.20032085711753,0.0,0.0
2664,2019-04-22 00:00:00,4,2019-04-22 01:00:00,0.10531,0.10531,0.10531,0.0,0.05,175.89763868514265,-0.0,0.0,0.0,175.89763868514265,175.89763868514265,0.0,0.0
2665,2019-04-22 01:00:00,4,2019-04-22 02:00:00,0.10531,0.10531,0.10531,0.0,0.05,173.319768496478,-0.0,0.0,0.0,173.319768496478,173.319768496478,0.0,0.0
2666,2019-04-22 02:00:00,4,2019-04-22 03:00:00,0.10531,0.10531,0.10531,0.0,0.05,171.562792722446,-0.0,0.0,0.0,171.562792722446,171.562792722446,0.0,0.0
2667,2019-04-22 03:00:00,4,2019-04-22 04:00:00,0.10531,0.10531,0.10531,0.0,0.05,183.37532583437354,-0.0,0.0,0.0,183.37532583437354,183.37532583437354,0.0,0.0
2668,2019-04-22 04:00:00,4,2019-04-22 05:00:00,0.10531,0.10531,0.10531,0.0,0.05,181.80023226226268,-0.0,0.0,0.0,181.80023226226268,181.80023226226268,0.0,0.0
2669,2019-04-22 05:00:00,4,2019-04-22 06:00:00,0.10531,0.10531,0.10531,0.0,0.05,230.58969528492202,-275.86297190742977,0.0,0.0,506.4526671923518,506.4526671923518,0.0,1.0
2670,2019-04-22 06:00:00,4,2019-04-22 07:00:00,0.10531,0.10531,0.10531,0.0,0.47298989025805893,252.90207006300278,-239.00222764850474,0.0,0.0,491.9042977115075,491.9042977115075,0.0,1.0
2671,2019-04-22 07:00:00,4,2019-04-22 08:00:00,0.10531,0.10531,0.10531,0.0,0.839459972652433,401.752649356982,-104.7000178353698,0.0,0.0,506.4526671923518,506.4526671923518,0.0,1.0
2672,2019-04-22 08:00:00,4,2019-04-22 09:00:00,0.10531,0.10531,0.10531,0.0,1.0,462.8057592482856,-0.0,0.0,0.0,462.8057592482856,462.8057592482856,0.0,0.0
2673,2019-04-22 09:00:00,4,2019-04-22 10:00:00,0.06431,0.06431,0.06431,0.0,1.0,525.159809884673,-0.0,18.707142692321213,0.0,506.4526671923518,506.4526671923518,0.0,0.0
2674,2019-04-22 10:00:00,4,2019-04-22 11:00:00,0.06431,0.06431,0.06431,0.0,0.9661102487457949,603.3800015423371,-0.0,96.92733434998536,0.0,506.4526671923518,506.4526671923518,0.0,0.0
2675,2019-04-22 11:00:00,4,2019-04-22 12:00:00,0.06431,0.06431,0.06431,0.0,0.7905172517349519,594.8641918217488,-0.0,88.41152462939704,0.0,506.4526671923518,506.4526671923518,0.0,0.0
2676,2019-04-22 12:00:00,4,2019-04-22 13:00:00,0.06431,0.06431,0.06431,0.0,0.6303514462469137,596.9778645277767,-0.0,90.52519733542488,0.0,506.4526671923518,506.4526671923518,0.0,0.0
2677,2019-04-22 13:00:00,4,2019-04-22 14:00:00,0.06431,0.06431,0.06431,0.0,0.4663565235378107,570.2076830437678,-0.0,63.75501585141603,0.0,506.4526671923518,506.4526671923518,0.0,0.0
2678,2019-04-22 14:00:00,4,2019-04-22 15:00:00,0.10531,0.10531,0.10531,0.0,0.35085830641568017,555.3061537090074,-0.0,48.85348651665561,0.0,506.4526671923518,506.4526671923518,0.0,0.0
2679,2019-04-22 15:00:00,4,2019-04-22 16:00:00,0.10531,0.10531,0.10531,0.0,0.26235561345072433,543.7582237183719,-0.0,37.305556526020155,0.0,506.4526671923518,506.4526671923518,0.0,0.0
2680,2019-04-22 16:00:00,4,2019-04-22 17:00:00,0.13592,0.13592,0.13592,0.0,0.19477308351228206,526.7211645522684,-0.0,79.91474209877971,0.0,446.8064224534887,446.8064224534887,0.0,0.0
2681,2019-04-22 17:00:00,4,2019-04-22 18:00:00,0.13592,0.13592,0.13592,0.0,0.05,482.0487579100132,-0.0,0.0,0.0,482.0487579100132,482.0487579100132,0.0,1.0
2682,2019-04-22 18:00:00,4,2019-04-22 19:00:00,0.13592,0.13592,0.13592,0.0,0.05,403.5419492988406,-0.0,0.0,0.0,403.5419492988406,403.5419492988406,0.0,1.0
2683,2019-04-22 19:00:00,4,2019-04-22 20:00:00,0.13592,0.13592,0.13592,0.0,0.05,388.50477865467343,-0.0,0.0,0.0,388.50477865467343,388.50477865467343,0.0,1.0
2684,2019-04-22 20:00:00,4,2019-04-22 21:00:00,0.13592,0.13592,0.13592,0.0,0.05,293.6945694419941,-0.0,0.0,0.0,293.6945694419941,293.6945694419941,0.0,1.0
2685,2019-04-22 21:00:00,4,2019-04-22 22:00:00,0.10531,0.10531,0.10531,0.0,0.05,214.6770565525444,-0.0,0.0,0.0,214.6770565525444,214.6770565525444,0.0,0.0
2686,2019-04-22 22:00:00,4,2019-04-22 23:00:00,0.10531,0.10531,0.10531,0.0,0.05,281.2347368746869,-0.0,0.0,0.0,281.2347368746869,281.2347368746869,0.0,1.0
2687,2019-04-22 23:00:00,4,2019-04-23 00:00:00,0.10531,0.10531,0.10531,0.0,0.05,224.02545338532906,-0.0,0.0,0.0,224.02545338532906,224.02545338532906,0.0,0.0
2688,2019-04-23 00:00:00,4,2019-04-23 01:00:00,0.10531,0.10531,0.10531,0.0,0.05,205.35815776478205,-0.0,0.0,0.0,205.35815776478205,205.35815776478205,0.0,0.0
2689,2019-04-23 01:00:00,4,2019-04-23 02:00:00,0.10531,0.10531,0.10531,0.0,0.05,201.71361253949192,-0.0,0.0,0.0,201.71361253949192,201.71361253949192,0.0,0.0
2690,2019-04-23 02:00:00,4,2019-04-23 03:00:00,0.10531,0.10531,0.10531,0.0,0.05,198.84377426965492,-0.0,0.0,0.0,198.84377426965492,198.84377426965492,0.0,0.0
2691,2019-04-23 03:00:00,4,2019-04-23 04:00:00,0.10531,0.10531,0.10531,0.0,0.05,210.2122833250125,-0.0,0.0,0.0,210.2122833250125,210.2122833250125,0.0,0.0
2692,2019-04-23 04:00:00,4,2019-04-23 05:00:00,0.10531,0.10531,0.10531,0.0,0.05,207.5158746805907,-0.0,0.0,0.0,207.5158746805907,207.5158746805907,0.0,0.0
2693,2019-04-23 05:00:00,4,2019-04-23 06:00:00,0.10531,0.10531,0.10531,0.0,0.05,254.2788071420062,-252.17386005034558,0.0,0.0,506.4526671923518,506.4526671923518,0.0,1.0
2694,2019-04-23 06:00:00,4,2019-04-23 07:00:00,0.10531,0.10531,0.10531,0.0,0.43666658541052994,274.73792126503344,-0.0,0.0,0.0,274.73792126503344,274.73792126503344,0.0,1.0
2695,2019-04-23 07:00:00,4,2019-04-23 08:00:00,0.10531,0.10531,0.10531,0.0,0.43666658541052994,344.6536346746212,-49.34401368419975,0.0,0.0,393.9976483588209,393.9976483588209,0.0,1.0
2696,2019-04-23 08:00:00,4,2019-04-23 09:00:00,0.10531,0.10531,0.10531,0.0,0.5123274063929696,297.8701887522195,-0.0,0.0,0.0,297.8701887522195,297.8701887522195,0.0,1.0
2697,2019-04-23 09:00:00,4,2019-04-23 10:00:00,0.06431,0.06431,0.06431,0.0,0.5123274063929696,371.2293550193898,-135.22331217296198,0.0,0.0,506.4526671923518,506.4526671923518,0.0,1.0
2698,2019-04-23 10:00:00,4,2019-04-23 11:00:00,0.06431,0.06431,0.06431,0.0,0.7196698183915112,439.14240216504294,-67.31026502730884,0.0,0.0,506.4526671923518,506.4526671923518,0.0,1.0
2699,2019-04-23 11:00:00,4,2019-04-23 12:00:00,0.06431,0.06431,0.06431,0.0,0.8228788914333849,474.22056898212657,-32.23209821022522,0.0,0.0,506.4526671923518,506.4526671923518,0.0,1.0
2700,2019-04-23 12:00:00,4,2019-04-23 13:00:00,0.06431,0.06431,0.06431,0.0,0.8723014420223967,470.47501304861345,-35.977654143738334,0.0,0.0,506.4526671923518,506.4526671923518,0.0,1.0
2701,2019-04-23 13:00:00,4,2019-04-23 14:00:00,0.06431,0.06431,0.06431,0.0,0.9274671783761289,459.1486530898272,-47.304014102524604,0.0,0.0,506.4526671923518,506.4526671923518,0.0,1.0
2702,2019-04-23 14:00:00,4,2019-04-23 15:00:00,0.10531,0.10531,0.10531,0.0,1.0,449.8968922624151,-0.0,0.0,0.0,449.8968922624151,449.8968922624151,0.0,0.0
2703,2019-04-23 15:00:00,4,2019-04-23 16:00:00,0.10531,0.10531,0.10531,0.0,1.0,446.37228796607565,-0.0,0.0,0.0,446.37228796607565,446.37228796607565,0.0,0.0
2704,2019-04-23 16:00:00,4,2019-04-23 17:00:00,0.13592,0.13592,0.13592,0.0,1.0,385.5610151415593,-0.0,0.0,0.0,385.5610151415593,385.5610151415593,0.0,0.0
2705,2019-04-23 17:00:00,4,2019-04-23 18:00:00,0.13592,0.13592,0.13592,0.0,1.0,392.29887950390787,-0.0,224.4,0.0,167.89887950390786,167.89887950390786,0.0,0.0
2706,2019-04-23 18:00:00,4,2019-04-23 19:00:00,0.13592,0.13592,0.13592,0.0,0.5934782608695652,364.2691105090363,-0.0,0.0,0.0,364.2691105090363,364.2691105090363,0.0,0.0
2707,2019-04-23 19:00:00,4,2019-04-23 20:00:00,0.13592,0.13592,0.13592,0.0,0.5934782608695652,351.81147938099303,-0.0,300.0,0.0,51.811479380993035,51.811479380993035,0.0,0.0
2708,2019-04-23 20:00:00,4,2019-04-23 21:00:00,0.13592,0.13592,0.13592,0.0,0.05,314.7768335352347,-0.0,0.0,0.0,314.7768335352347,314.7768335352347,0.0,1.0
2709,2019-04-23 21:00:00,4,2019-04-23 22:00:00,0.10531,0.10531,0.10531,0.0,0.05,206.67547815961564,-0.0,0.0,0.0,206.67547815961564,206.67547815961564,0.0,0.0
2710,2019-04-23 22:00:00,4,2019-04-23 23:00:00,0.10531,0.10531,0.10531,0.0,0.05,274.92259975441607,-0.0,0.0,0.0,274.92259975441607,274.92259975441607,0.0,1.0
2711,2019-04-23 23:00:00,4,2019-04-24 00:00:00,0.10531,0.10531,0.10531,0.0,0.05,215.79509735062416,-0.0,0.0,0.0,215.79509735062416,215.79509735062416,0.0,0.0
2712,2019-04-24 00:00:00,4,2019-04-24 01:00:00,0.10531,0.10531,0.10531,0.0,0.05,202.4361862910937,-0.0,0.0,0.0,202.4361862910937,202.4361862910937,0.0,0.0
2713,2019-04-24 01:00:00,4,2019-04-24 02:00:00,0.10531,0.10531,0.10531,0.0,0.05,199.75759776806126,-0.0,0.0,0.0,199.75759776806126,199.75759776806126,0.0,0.0
2714,2019-04-24 02:00:00,4,2019-04-24 03:00:00,0.10531,0.10531,0.10531,0.0,0.05,198.44764985108148,-0.0,0.0,0.0,198.44764985108148,198.44764985108148,0.0,0.0
2715,2019-04-24 03:00:00,4,2019-04-24 04:00:00,0.10531,0.10531,0.10531,0.0,0.05,211.0280564494757,-295.4246107428761,0.0,0.0,506.4526671923518,506.4526671923518,0.0,1.0
2716,2019-04-24 04:00:00,4,2019-04-24 05:00:00,0.10531,0.10531,0.10531,0.0,0.5029844031390767,209.47863496559282,-123.57372039120804,0.0,0.0,333.05235535680083,333.05235535680083,0.0,1.0
2717,2019-04-24 05:00:00,4,2019-04-24 06:00:00,0.10531,0.10531,0.10531,0.0,0.6924641077389291,282.59844317026767,-0.0,0.0,0.0,282.59844317026767,282.59844317026767,0.0,1.0
2718,2019-04-24 06:00:00,4,2019-04-24 07:00:00,0.10531,0.10531,0.10531,0.0,0.6924641077389291,305.8857809351316,-200.56688625722018,0.0,0.0,506.4526671923518,506.4526671923518,0.0,1.0
2719,2019-04-24 07:00:00,4,2019-04-24 08:00:00,0.10531,0.10531,0.10531,0.0,1.0,463.45657907180356,-0.0,0.0,0.0,463.45657907180356,463.45657907180356,0.0,1.0
2720,2019-04-24 08:00:00,4,2019-04-24 09:00:00,0.10531,0.10531,0.10531,0.0,1.0,523.500539285592,-0.0,17.047872093240244,0.0,506.4526671923518,506.4526671923518,0.0,0.0
2721,2019-04-24 09:00:00,4,2019-04-24 10:00:00,0.06431,0.06431,0.06431,0.0,0.9691161737441301,509.7537655920511,-0.0,3.301098399699299,0.0,506.4526671923518,506.4526671923518,0.0,0.0
2722,2019-04-24 10:00:00,4,2019-04-24 11:00:00,0.06431,0.06431,0.06431,0.0,0.9631359230200371,572.5312007395069,-0.0,66.07853354715508,0.0,506.4526671923518,506.4526671923518,0.0,0.0
2723,2019-04-24 11:00:00,4,2019-04-24 12:00:00,0.06431,0.06431,0.06431,0.0,0.8434284347099735,549.2422668334453,-0.0,42.78959964109356,0.0,506.4526671923518,506.4526671923518,0.0,0.0
2724,2019-04-24 12:00:00,4,2019-04-24 13:00:00,0.06431,0.06431,0.06431,0.0,0.7659110440558186,548.6757452678779,-0.0,42.22307807552613,0.0,506.4526671923518,506.4526671923518,0.0,0.0
2725,2019-04-24 13:00:00,4,2019-04-24 14:00:00,0.06431,0.06431,0.06431,0.0,0.6894199605856626,539.130733162248,-0.0,32.67806596989624,0.0,506.4526671923518,506.4526671923518,0.0,0.0
2726,2019-04-24 14:00:00,4,2019-04-24 15:00:00,0.10531,0.10531,0.10531,0.0,0.6302205657126622,530.9245547476739,-0.0,24.471887555322155,0.0,506.4526671923518,506.4526671923518,0.0,0.0
2727,2019-04-24 15:00:00,4,2019-04-24 16:00:00,0.10531,0.10531,0.10531,0.0,0.5858874360834554,527.4175242023442,-0.0,20.964857009992443,0.0,506.4526671923518,506.4526671923518,0.0,0.0
2728,2019-04-24 16:00:00,4,2019-04-24 17:00:00,0.13592,0.13592,0.13592,0.0,0.5479076226595561,522.9409120472195,-0.0,268.3497025051664,0.0,254.5912095420531,254.5912095420531,0.0,0.0
2729,2019-04-24 17:00:00,4,2019-04-24 18:00:00,0.13592,0.13592,0.13592,0.0,0.06176685725164588,512.9479723952603,-0.0,6.495305202908526,0.0,506.4526671923518,506.4526671923518,0.0,0.0
2730,2019-04-24 18:00:00,4,2019-04-24 19:00:00,0.13592,0.13592,0.13592,0.0,0.05,494.00772285138214,-0.0,0.0,0.0,494.00772285138214,494.00772285138214,0.0,0.0
2731,2019-04-24 19:00:00,4,2019-04-24 20:00:00,0.13592,0.13592,0.13592,0.0,0.05,445.8455254315388,-0.0,0.0,0.0,445.8455254315388,445.8455254315388,0.0,1.0
2732,2019-04-24 20:00:00,4,2019-04-24 21:00:00,0.13592,0.13592,0.13592,0.0,0.05,318.8168601254082,-0.0,0.0,0.0,318.8168601254082,318.8168601254082,0.0,1.0
2733,2019-04-24 21:00:00,4,2019-04-24 22:00:00,0.10531,0.10531,0.10531,0.0,0.05,215.4597964433875,-0.0,0.0,0.0,215.4597964433875,215.4597964433875,0.0,0.0
2734,2019-04-24 22:00:00,4,2019-04-24 23:00:00,0.10531,0.10531,0.10531,0.0,0.05,281.8603650910222,-0.0,0.0,0.0,281.8603650910222,281.8603650910222,0.0,1.0
2735,2019-04-24 23:00:00,4,2019-04-25 00:00:00,0.10531,0.10531,0.10531,0.0,0.05,223.09794807552245,-0.0,0.0,0.0,223.09794807552245,223.09794807552245,0.0,0.0
2736,2019-04-25 00:00:00,4,2019-04-25 01:00:00,0.10531,0.10531,0.10531,0.0,0.05,205.04599987982266,-0.0,0.0,0.0,205.04599987982266,205.04599987982266,0.0,0.0
2737,2019-04-25 01:00:00,4,2019-04-25 02:00:00,0.10531,0.10531,0.10531,0.0,0.05,202.33502430259801,-0.0,0.0,0.0,202.33502430259801,202.33502430259801,0.0,0.0
2738,2019-04-25 02:00:00,4,2019-04-25 03:00:00,0.10531,0.10531,0.10531,0.0,0.05,200.37510150256568,-0.0,0.0,0.0,200.37510150256568,200.37510150256568,0.0,0.0
2739,2019-04-25 03:00:00,4,2019-04-25 04:00:00,0.10531,0.10531,0.10531,0.0,0.05,245.0605109864566,-261.39215620589516,0.0,0.0,506.4526671923518,506.4526671923518,0.0,1.0
2740,2019-04-25 04:00:00,4,2019-04-25 05:00:00,0.10531,0.10531,0.10531,0.0,0.45080130618237263,243.82379649688775,-262.628870695464,0.0,0.0,506.4526671923518,506.4526671923518,0.0,1.0
2741,2019-04-25 05:00:00,4,2019-04-25 06:00:00,0.10531,0.10531,0.10531,0.0,0.8534989079154175,316.99580114510735,-0.0,0.0,0.0,316.99580114510735,316.99580114510735,0.0,1.0
2742,2019-04-25 06:00:00,4,2019-04-25 07:00:00,0.10531,0.10531,0.10531,0.0,0.8534989079154175,323.32640547101437,-95.54419048994515,0.0,0.0,418.8705959609595,418.8705959609595,0.0,1.0
2743,2019-04-25 07:00:00,4,2019-04-25 08:00:00,0.10531,0.10531,0.10531,0.0,1.0,463.9894019360606,-0.0,0.0,0.0,463.9894019360606,463.9894019360606,0.0,1.0
2744,2019-04-25 08:00:00,4,2019-04-25 09:00:00,0.10531,0.10531,0.10531,0.0,1.0,538.9869820190643,-0.0,32.53431482671249,0.0,506.4526671923518,506.4526671923518,0.0,0.0
2745,2019-04-25 09:00:00,4,2019-04-25 10:00:00,0.06431,0.06431,0.06431,0.0,0.9410610238646513,531.7330334388574,-0.0,25.28036624650565,0.0,506.4526671923518,506.4526671923518,0.0,0.0
2746,2019-04-25 10:00:00,4,2019-04-25 11:00:00,0.06431,0.06431,0.06431,0.0,0.8952632589253293,588.257175704798,-0.0,81.8045085124462,0.0,506.4526671923518,506.4526671923518,0.0,0.0
2747,2019-04-25 11:00:00,4,2019-04-25 12:00:00,0.06431,0.06431,0.06431,0.0,0.7470666855332168,565.3804254560752,-0.0,58.927758263723376,0.0,506.4526671923518,506.4526671923518,0.0,0.0
2748,2019-04-25 12:00:00,4,2019-04-25 13:00:00,0.06431,0.06431,0.06431,0.0,0.6403135002728484,563.3716948534662,-0.0,56.919027661114455,0.0,506.4526671923518,506.4526671923518,0.0,0.0
2749,2019-04-25 13:00:00,4,2019-04-25 14:00:00,0.06431,0.06431,0.06431,0.0,0.5371993197273512,547.5056549616924,-0.0,41.052987769340575,0.0,506.4526671923518,506.4526671923518,0.0,0.0
2750,2019-04-25 14:00:00,4,2019-04-25 15:00:00,0.10531,0.10531,0.10531,0.0,0.46282796507274876,536.3196948058434,-0.0,29.867027613491587,0.0,506.4526671923518,506.4526671923518,0.0,0.0
2751,2019-04-25 15:00:00,4,2019-04-25 16:00:00,0.10531,0.10531,0.10531,0.0,0.4087210309903364,535.7017249610441,-0.0,29.249057768692296,0.0,506.4526671923518,506.4526671923518,0.0,0.0
2752,2019-04-25 16:00:00,4,2019-04-25 17:00:00,0.13592,0.13592,0.13592,0.0,0.35573360749632865,533.6770780274602,-0.0,151.51871576877542,0.0,382.15836225868475,382.15836225868475,0.0,0.0
2753,2019-04-25 17:00:00,4,2019-04-25 18:00:00,0.13592,0.13592,0.13592,0.0,0.0812431803789819,523.6989027615498,-0.0,17.246235569198006,0.0,506.4526671923518,506.4526671923518,0.0,0.0
2754,2019-04-25 18:00:00,4,2019-04-25 19:00:00,0.13592,0.13592,0.13592,0.0,0.05,488.6955554894431,-0.0,0.0,0.0,488.6955554894431,488.6955554894431,0.0,0.0
2755,2019-04-25 19:00:00,4,2019-04-25 20:00:00,0.13592,0.13592,0.13592,0.0,0.05,438.37415233977333,-0.0,0.0,0.0,438.37415233977333,438.37415233977333,0.0,1.0
2756,2019-04-25 20:00:00,4,2019-04-25 21:00:00,0.13592,0.13592,0.13592,0.0,0.05,310.5605652248574,-0.0,0.0,0.0,310.5605652248574,310.5605652248574,0.0,1.0
2757,2019-04-25 21:00:00,4,2019-04-25 22:00:00,0.10531,0.10531,0.10531,0.0,0.05,215.462448615803,-0.0,0.0,0.0,215.462448615803,215.462448615803,0.0,0.0
2758,2019-04-25 22:00:00,4,2019-04-25 23:00:00,0.10531,0.10531,0.10531,0.0,0.05,282.49916339674303,-20.253806585999712,0.0,0.0,302.75296998274274,302.75296998274274,0.0,1.0
2759,2019-04-25 23:00:00,4,2019-04-26 00:00:00,0.10531,0.10531,0.10531,0.0,0.08105583676519956,224.28299446638826,-0.0,0.0,0.0,224.28299446638826,224.28299446638826,0.0,0.0
2760,2019-04-26 00:00:00,4,2019-04-26 01:00:00,0.10531,0.10531,0.10531,0.0,0.08105583676519956,207.1378895370754,-0.0,0.0,0.0,207.1378895370754,207.1378895370754,0.0,0.0
2761,2019-04-26 01:00:00,4,2019-04-26 02:00:00,0.10531,0.10531,0.10531,0.0,0.08105583676519956,205.17036211353437,-0.0,0.0,0.0,205.17036211353437,205.17036211353437,0.0,0.0
2762,2019-04-26 02:00:00,4,2019-04-26 03:00:00,0.10531,0.10531,0.10531,0.0,0.08105583676519956,203.41174165049355,-0.0,0.0,0.0,203.41174165049355,203.41174165049355,0.0,0.0
2763,2019-04-26 03:00:00,4,2019-04-26 04:00:00,0.10531,0.10531,0.10531,0.0,0.08105583676519956,215.80227351975714,-0.0,0.0,0.0,215.80227351975714,215.80227351975714,0.0,0.0
2764,2019-04-26 04:00:00,4,2019-04-26 05:00:00,0.10531,0.10531,0.10531,0.0,0.08105583676519956,216.03792584007547,-163.4313065435436,0.0,0.0,379.4692323836191,379.4692323836191,0.0,1.0
2765,2019-04-26 05:00:00,4,2019-04-26 06:00:00,0.10531,0.10531,0.10531,0.0,0.33165050679863306,291.87640005558876,-214.57626713676302,0.0,0.0,506.4526671923518,506.4526671923518,0.0,1.0
2766,2019-04-26 06:00:00,4,2019-04-26 07:00:00,0.10531,0.10531,0.10531,0.0,0.6606674497416698,318.0025418794777,-188.4501253128741,0.0,0.0,506.4526671923518,506.4526671923518,0.0,1.0
2767,2019-04-26 07:00:00,4,2019-04-26 08:00:00,0.10531,0.10531,0.10531,0.0,0.9496243085547433,473.59895538022795,-32.853711812123834,0.0,0.0,506.4526671923518,506.4526671923518,0.0,1.0
2768,2019-04-26 08:00:00,4,2019-04-26 09:00:00,0.10531,0.10531,0.10531,0.0,1.0,533.4879062960619,-0.0,27.03523910371007,0.0,506.4526671923518,506.4526671923518,0.0,0.0
2769,2019-04-26 09:00:00,4,2019-04-26 10:00:00,0.06431,0.06431,0.06431,0.0,0.9510231175657425,524.0561141277319,-0.0,17.603446935380134,0.0,506.4526671923518,506.4526671923518,0.0,0.0
2770,2019-04-26 10:00:00,4,2019-04-26 11:00:00,0.06431,0.06431,0.06431,0.0,0.9191328151465757,585.9968507998211,-0.0,79.54418360746934,0.0,506.4526671923518,506.4526671923518,0.0,0.0
2771,2019-04-26 11:00:00,4,2019-04-26 12:00:00,0.06431,0.06431,0.06431,0.0,0.7750310332489864,558.916805504999,-0.0,52.464138312647265,0.0,506.4526671923518,506.4526671923518,0.0,0.0
2772,2019-04-26 12:00:00,4,2019-04-26 13:00:00,0.06431,0.06431,0.06431,0.0,0.6799873044217268,554.6122399737733,-0.0,48.1595727814215,0.0,506.4526671923518,506.4526671923518,0.0,0.0
2773,2019-04-26 13:00:00,4,2019-04-26 14:00:00,0.06431,0.06431,0.06431,0.0,0.5927417015568327,540.2776255743756,-0.0,33.82495838202385,0.0,506.4526671923518,506.4526671923518,0.0,0.0
2774,2019-04-26 14:00:00,4,2019-04-26 15:00:00,0.10531,0.10531,0.10531,0.0,0.5314646030386736,531.2631217685314,-0.0,24.81045457617961,0.0,506.4526671923518,506.4526671923518,0.0,0.0
2775,2019-04-26 15:00:00,4,2019-04-26 16:00:00,0.10531,0.10531,0.10531,0.0,0.4865181273571888,532.85690768478,-0.0,26.404240492428244,0.0,506.4526671923518,506.4526671923518,0.0,0.0
2776,2019-04-26 16:00:00,4,2019-04-26 17:00:00,0.13592,0.13592,0.13592,0.0,0.43868435834916664,528.8179337628727,-0.0,22.36526657052093,0.0,506.4526671923518,506.4526671923518,0.0,0.0
2777,2019-04-26 17:00:00,4,2019-04-26 18:00:00,0.13592,0.13592,0.13592,0.0,0.39816757108373013,512.3356278297258,-0.0,5.882960637374026,0.0,506.4526671923518,506.4526671923518,0.0,0.0
2778,2019-04-26 18:00:00,4,2019-04-26 19:00:00,0.13592,0.13592,0.13592,0.0,0.387510033697183,493.74305466414137,-0.0,0.0,0.0,493.74305466414137,493.74305466414137,0.0,0.0
2779,2019-04-26 19:00:00,4,2019-04-26 20:00:00,0.13592,0.13592,0.13592,0.0,0.387510033697183,448.5084512786402,-0.0,186.30553860084504,0.0,262.2029126777952,262.2029126777952,0.0,0.0
2780,2019-04-26 20:00:00,4,2019-04-26 21:00:00,0.13592,0.13592,0.13592,0.0,0.05,322.1831851819329,-0.0,0.0,0.0,322.1831851819329,322.1831851819329,0.0,1.0
2781,2019-04-26 21:00:00,4,2019-04-26 22:00:00,0.10531,0.10531,0.10531,0.0,0.05,218.8504845933709,-0.0,0.0,0.0,218.8504845933709,218.8504845933709,0.0,0.0
2782,2019-04-26 22:00:00,4,2019-04-26 23:00:00,0.10531,0.10531,0.10531,0.0,0.05,286.0077503800843,-26.756976815216618,0.0,0.0,312.7647271953009,312.7647271953009,0.0,1.0
2783,2019-04-26 23:00:00,4,2019-04-27 00:00:00,0.10531,0.10531,0.10531,0.0,0.09102736444999882,228.60152224802624,-0.0,0.0,0.0,228.60152224802624,228.60152224802624,0.0,0.0
2784,2019-04-27 00:00:00,4,2019-04-27 01:00:00,0.10531,0.10531,0.10531,0.0,0.09102736444999882,210.6748588959393,-0.0,0.0,0.0,210.6748588959393,210.6748588959393,0.0,0.0
2785,2019-04-27 01:00:00,4,2019-04-27 02:00:00,0.10531,0.10531,0.10531,0.0,0.09102736444999882,207.61364007584882,-0.0,0.0,0.0,207.61364007584882,207.61364007584882,0.0,0.0
2786,2019-04-27 02:00:00,4,2019-04-27 03:00:00,0.10531,0.10531,0.10531,0.0,0.09102736444999882,205.33712873941678,-0.0,0.0,0.0,205.33712873941678,205.33712873941678,0.0,0.0
2787,2019-04-27 03:00:00,4,2019-04-27 04:00:00,0.10531,0.10531,0.10531,0.0,0.09102736444999882,217.7245038352329,-288.7281633571189,0.0,0.0,506.4526671923518,506.4526671923518,0.0,1.0
2788,2019-04-27 04:00:00,4,2019-04-27 05:00:00,0.10531,0.10531,0.10531,0.0,0.5337438815975811,215.9263322129108,-0.0,0.0,0.0,215.9263322129108,215.9263322129108,0.0,0.0
2789,2019-04-27 05:00:00,4,2019-04-27 06:00:00,0.10531,0.10531,0.10531,0.0,0.5337438815975811,289.5895369523556,-111.36534897768192,0.0,0.0,400.95488593003756,400.95488593003756,0.0,1.0
2790,2019-04-27 06:00:00,4,2019-04-27 07:00:00,0.10531,0.10531,0.10531,0.0,0.7045040833633601,313.7379389510649,-192.71472824128688,0.0,0.0,506.4526671923518,506.4526671923518,0.0,1.0
2791,2019-04-27 07:00:00,4,2019-04-27 08:00:00,0.10531,0.10531,0.10531,0.0,1.0,470.3603585060411,-0.0,0.0,0.0,470.3603585060411,470.3603585060411,0.0,0.0
2792,2019-04-27 08:00:00,4,2019-04-27 09:00:00,0.10531,0.10531,0.10531,0.0,1.0,529.8233675179599,-0.0,23.37070032560814,0.0,506.4526671923518,506.4526671923518,0.0,0.0
2793,2019-04-27 09:00:00,4,2019-04-27 10:00:00,0.06431,0.06431,0.06431,0.0,0.9576617747724491,520.300211310033,-0.0,13.847544117681196,0.0,506.4526671923518,506.4526671923518,0.0,0.0
2794,2019-04-27 10:00:00,4,2019-04-27 11:00:00,0.06431,0.06431,0.06431,0.0,0.9325756441244759,588.6689437582244,-0.0,82.21627656587259,0.0,506.4526671923518,506.4526671923518,0.0,0.0
2795,2019-04-27 11:00:00,4,2019-04-27 12:00:00,0.06431,0.06431,0.06431,0.0,0.7836331141138372,572.7789973430145,-0.0,66.32633015066267,0.0,506.4526671923518,506.4526671923518,0.0,0.0
2796,2019-04-27 12:00:00,4,2019-04-27 13:00:00,0.06431,0.06431,0.06431,0.0,0.6634767189133612,564.753347682938,-0.0,58.300680490586274,0.0,506.4526671923518,506.4526671923518,0.0,0.0
2797,2019-04-27 13:00:00,4,2019-04-27 14:00:00,0.06431,0.06431,0.06431,0.0,0.5578595441115746,545.545031098196,-0.0,39.092363905844195,0.0,506.4526671923518,506.4526671923518,0.0,0.0
2798,2019-04-27 14:00:00,4,2019-04-27 15:00:00,0.10531,0.10531,0.10531,0.0,0.4870400442821466,536.1752852158319,-0.0,29.722618023480095,0.0,506.4526671923518,506.4526671923518,0.0,0.0
2799,2019-04-27 15:00:00,4,2019-04-27 16:00:00,0.10531,0.10531,0.10531,0.0,0.433194721775842,535.425713533655,-0.0,28.97304634130319,0.0,506.4526671923518,506.4526671923518,0.0,0.0
2800,2019-04-27 16:00:00,4,2019-04-27 17:00:00,0.13592,0.13592,0.13592,0.0,0.38070731898362614,528.3902516197467,-0.0,174.40387793947096,0.0,353.98637368027573,353.98637368027573,0.0,0.0
2801,2019-04-27 17:00:00,4,2019-04-27 18:00:00,0.13592,0.13592,0.13592,0.0,0.06475826474545417,514.5992293318425,-0.0,8.146562139490698,0.0,506.4526671923518,506.4526671923518,0.0,0.0
2802,2019-04-27 18:00:00,4,2019-04-27 19:00:00,0.13592,0.13592,0.13592,0.0,0.05,497.16814704358626,-0.0,0.0,0.0,497.16814704358626,497.16814704358626,0.0,0.0
2803,2019-04-27 19:00:00,4,2019-04-27 20:00:00,0.13592,0.13592,0.13592,0.0,0.05,455.30164729853203,-0.0,0.0,0.0,455.30164729853203,455.30164729853203,0.0,1.0
2804,2019-04-27 20:00:00,4,2019-04-27 21:00:00,0.13592,0.13592,0.13592,0.0,0.05,329.3338333607472,-0.0,0.0,0.0,329.3338333607472,329.3338333607472,0.0,1.0
2805,2019-04-27 21:00:00,4,2019-04-27 22:00:00,0.10531,0.10531,0.10531,0.0,0.05,225.40194133172116,-0.0,0.0,0.0,225.40194133172116,225.40194133172116,0.0,0.0
2806,2019-04-27 22:00:00,4,2019-04-27 23:00:00,0.10531,0.10531,0.10531,0.0,0.05,291.50997710779444,-0.0,0.0,0.0,291.50997710779444,291.50997710779444,0.0,1.0
2807,2019-04-27 23:00:00,4,2019-04-28 00:00:00,0.10531,0.10531,0.10531,0.0,0.05,235.05857357554245,-0.0,0.0,0.0,235.05857357554245,235.05857357554245,0.0,0.0
2808,2019-04-28 00:00:00,4,2019-04-28 01:00:00,0.10531,0.10531,0.10531,0.0,0.05,215.89803419803832,-0.0,0.0,0.0,215.89803419803832,215.89803419803832,0.0,0.0
2809,2019-04-28 01:00:00,4,2019-04-28 02:00:00,0.10531,0.10531,0.10531,0.0,0.05,213.03483023587793,-0.0,0.0,0.0,213.03483023587793,213.03483023587793,0.0,0.0
2810,2019-04-28 02:00:00,4,2019-04-28 03:00:00,0.10531,0.10531,0.10531,0.0,0.05,211.11668364879236,-0.0,0.0,0.0,211.11668364879236,211.11668364879236,0.0,0.0
2811,2019-04-28 03:00:00,4,2019-04-28 04:00:00,0.10531,0.10531,0.10531,0.0,0.05,256.99989710360285,-249.45277008874893,0.0,0.0,506.4526671923518,506.4526671923518,0.0,1.0
2812,2019-04-28 04:00:00,4,2019-04-28 05:00:00,0.10531,0.10531,0.10531,0.0,0.43249424746941506,256.1123133079452,-204.05539517600818,0.0,0.0,460.1677084839534,460.1677084839534,0.0,1.0
2813,2019-04-28 05:00:00,4,2019-04-28 06:00:00,0.10531,0.10531,0.10531,0.0,0.7453791867392943,331.0767817272302,-0.0,0.0,0.0,331.0767817272302,331.0767817272302,0.0,0.0
2814,2019-04-28 06:00:00,4,2019-04-28 07:00:00,0.10531,0.10531,0.10531,0.0,0.7453791867392943,340.3956150658046,-166.0570521265472,0.0,0.0,506.4526671923518,506.4526671923518,0.0,1.0
2815,2019-04-28 07:00:00,4,2019-04-28 08:00:00,0.10531,0.10531,0.10531,0.0,1.0,475.9668601142642,-0.0,0.0,0.0,475.9668601142642,475.9668601142642,0.0,0.0
2816,2019-04-28 08:00:00,4,2019-04-28 09:00:00,0.10531,0.10531,0.10531,0.0,1.0,533.2834465032699,-0.0,26.83077931091816,0.0,506.4526671923518,506.4526671923518,0.0,0.0
2817,2019-04-28 09:00:00,4,2019-04-28 10:00:00,0.06431,0.06431,0.06431,0.0,0.9513935157410903,521.9207017691306,-0.0,15.468034576778791,0.0,506.4526671923518,506.4526671923518,0.0,0.0
2818,2019-04-28 10:00:00,4,2019-04-28 11:00:00,0.06431,0.06431,0.06431,0.0,0.9233717139715636,585.9009796177313,-0.0,79.44831242537953,0.0,506.4526671923518,506.4526671923518,0.0,0.0
2819,2019-04-28 11:00:00,4,2019-04-28 12:00:00,0.06431,0.06431,0.06431,0.0,0.7794436117516731,565.645474917702,-0.0,59.192807725350235,0.0,506.4526671923518,506.4526671923518,0.0,0.0
2820,2019-04-28 12:00:00,4,2019-04-28 13:00:00,0.06431,0.06431,0.06431,0.0,0.67221026442314,563.049568401844,-0.0,56.596901209492216,0.0,506.4526671923518,506.4526671923518,0.0,0.0
2821,2019-04-28 13:00:00,4,2019-04-28 14:00:00,0.06431,0.06431,0.06431,0.0,0.569679646290002,542.7135462095672,-0.0,36.260879017215416,0.0,506.4526671923518,506.4526671923518,0.0,0.0
2822,2019-04-28 14:00:00,4,2019-04-28 15:00:00,0.10531,0.10531,0.10531,0.0,0.5039896480704089,530.1927765279646,-0.0,23.74010933561283,0.0,506.4526671923518,506.4526671923518,0.0,0.0
2823,2019-04-28 15:00:00,4,2019-04-28 16:00:00,0.10531,0.10531,0.10531,0.0,0.46098220362183495,532.0910878631661,-0.0,25.6384206708143,0.0,506.4526671923518,506.4526671923518,0.0,0.0
2824,2019-04-28 16:00:00,4,2019-04-28 17:00:00,0.13592,0.13592,0.13592,0.0,0.41453578936311336,524.5194172739801,-0.0,18.066750081628356,0.0,506.4526671923518,506.4526671923518,0.0,0.0
2825,2019-04-28 17:00:00,4,2019-04-28 18:00:00,0.13592,0.13592,0.13592,0.0,0.3818061696500185,510.8518692734226,-0.0,183.15700564681023,0.0,327.69486362661235,327.69486362661235,0.0,0.0
2826,2019-04-28 18:00:00,4,2019-04-28 19:00:00,0.13592,0.13592,0.13592,0.0,0.05,481.8194929005149,-0.0,0.0,0.0,481.8194929005149,481.8194929005149,0.0,0.0
2827,2019-04-28 19:00:00,4,2019-04-28 20:00:00,0.13592,0.13592,0.13592,0.0,0.05,441.2439918937219,-0.0,0.0,0.0,441.2439918937219,441.2439918937219,0.0,1.0
2828,2019-04-28 20:00:00,4,2019-04-28 21:00:00,0.13592,0.13592,0.13592,0.0,0.05,317.4724468031579,-0.0,0.0,0.0,317.4724468031579,317.4724468031579,0.0,1.0
2829,2019-04-28 21:00:00,4,2019-04-28 22:00:00,0.10531,0.10531,0.10531,0.0,0.05,224.19308843147732,-0.0,0.0,0.0,224.19308843147732,224.19308843147732,0.0,0.0
2830,2019-04-28 22:00:00,4,2019-04-28 23:00:00,0.10531,0.10531,0.10531,0.0,0.05,290.88429232781687,-0.0,0.0,0.0,290.88429232781687,290.88429232781687,0.0,1.0
2831,2019-04-28 23:00:00,4,2019-04-29 00:00:00,0.10531,0.10531,0.10531,0.0,0.05,233.9856076214257,-0.0,0.0,0.0,233.9856076214257,233.9856076214257,0.0,0.0
2832,2019-04-29 00:00:00,4,2019-04-29 01:00:00,0.10531,0.10531,0.10531,0.0,0.05,210.26994750215644,-0.0,0.0,0.0,210.26994750215644,210.26994750215644,0.0,0.0
2833,2019-04-29 01:00:00,4,2019-04-29 02:00:00,0.10531,0.10531,0.10531,0.0,0.05,207.40691034447624,-0.0,0.0,0.0,207.40691034447624,207.40691034447624,0.0,0.0
2834,2019-04-29 02:00:00,4,2019-04-29 03:00:00,0.10531,0.10531,0.10531,0.0,0.05,205.4411534148712,-0.0,0.0,0.0,205.4411534148712,205.4411534148712,0.0,0.0
2835,2019-04-29 03:00:00,4,2019-04-29 04:00:00,0.10531,0.10531,0.10531,0.0,0.05,218.15935233905597,-76.07632504120856,0.0,0.0,294.2356773802645,294.2356773802645,0.0,1.0
2836,2019-04-29 04:00:00,4,2019-04-29 05:00:00,0.10531,0.10531,0.10531,0.0,0.16665036506318648,216.33921763455328,-0.0,0.0,0.0,216.33921763455328,216.33921763455328,0.0,0.0
2837,2019-04-29 05:00:00,4,2019-04-29 06:00:00,0.10531,0.10531,0.10531,0.0,0.16665036506318648,264.83225629305053,-241.62041089930125,0.0,0.0,506.4526671923518,506.4526671923518,0.0,1.0
2838,2019-04-29 06:00:00,4,2019-04-29 07:00:00,0.10531,0.10531,0.10531,0.0,0.5371349951087817,290.82625379121316,-215.62641340113862,0.0,0.0,506.4526671923518,506.4526671923518,0.0,1.0
2839,2019-04-29 07:00:00,4,2019-04-29 08:00:00,0.10531,0.10531,0.10531,0.0,0.867762162323861,420.2105991426959,-86.24206804965587,0.0,0.0,506.4526671923518,506.4526671923518,0.0,1.0
2840,2019-04-29 08:00:00,4,2019-04-29 09:00:00,0.10531,0.10531,0.10531,0.0,1.0,469.1139995529787,-0.0,0.0,0.0,469.1139995529787,469.1139995529787,0.0,0.0
2841,2019-04-29 09:00:00,4,2019-04-29 10:00:00,0.06431,0.06431,0.06431,0.0,1.0,522.3071092763857,-0.0,15.854442084033963,0.0,506.4526671923518,506.4526671923518,0.0,0.0
2842,2019-04-29 10:00:00,4,2019-04-29 11:00:00,0.06431,0.06431,0.06431,0.0,0.9712781846303733,586.8466836620327,-0.0,80.39401646968088,0.0,506.4526671923518,506.4526671923518,0.0,0.0
2843,2019-04-29 11:00:00,4,2019-04-29 12:00:00,0.06431,0.06431,0.06431,0.0,0.8256368504461687,562.5634451317243,-0.0,56.1107779393725,0.0,506.4526671923518,506.4526671923518,0.0,0.0
2844,2019-04-29 12:00:00,4,2019-04-29 13:00:00,0.06431,0.06431,0.06431,0.0,0.7239868904110737,561.3286101374769,-0.0,54.875942945125075,0.0,506.4526671923518,506.4526671923518,0.0,0.0
2845,2019-04-29 13:00:00,4,2019-04-29 14:00:00,0.06431,0.06431,0.06431,0.0,0.6245739502930935,545.6660618656878,-0.0,39.21339467333598,0.0,506.4526671923518,506.4526671923518,0.0,0.0
2846,2019-04-29 14:00:00,4,2019-04-29 15:00:00,0.10531,0.10531,0.10531,0.0,0.5535351918269051,531.2388425723043,-0.0,24.78617537995251,0.0,506.4526671923518,506.4526671923518,0.0,0.0
2847,2019-04-29 15:00:00,4,2019-04-29 16:00:00,0.10531,0.10531,0.10531,0.0,0.5086327001965564,525.8260177774114,-0.0,19.373350585059598,0.0,506.4526671923518,506.4526671923518,0.0,0.0
2848,2019-04-29 16:00:00,4,2019-04-29 17:00:00,0.13592,0.13592,0.13592,0.0,0.47353605058594117,520.6584911061103,-0.0,14.205823913758536,0.0,506.4526671923518,506.4526671923518,0.0,0.0
2849,2019-04-29 17:00:00,4,2019-04-29 18:00:00,0.13592,0.13592,0.13592,0.0,0.4478008623363786,481.60086640895906,-0.0,0.0,0.0,481.60086640895906,481.60086640895906,0.0,1.0
2850,2019-04-29 18:00:00,4,2019-04-29 19:00:00,0.13592,0.13592,0.13592,0.0,0.4478008623363786,407.2769393574909,-0.0,0.0,0.0,407.2769393574909,407.2769393574909,0.0,0.0
2851,2019-04-29 19:00:00,4,2019-04-29 20:00:00,0.13592,0.13592,0.13592,0.0,0.4478008623363786,396.11607860080267,-0.0,0.0,0.0,396.11607860080267,396.11607860080267,0.0,0.0
2852,2019-04-29 20:00:00,4,2019-04-29 21:00:00,0.13592,0.13592,0.13592,0.0,0.4478008623363786,299.17665861152125,-0.0,219.586076009681,0.0,79.59058260184025,79.59058260184025,0.0,0.0
2853,2019-04-29 21:00:00,4,2019-04-29 22:00:00,0.10531,0.10531,0.10531,0.0,0.05,220.48057864332466,-0.0,0.0,0.0,220.48057864332466,220.48057864332466,0.0,0.0
2854,2019-04-29 22:00:00,4,2019-04-29 23:00:00,0.10531,0.10531,0.10531,0.0,0.05,286.5700105208891,-0.0,0.0,0.0,286.5700105208891,286.5700105208891,0.0,1.0
2855,2019-04-29 23:00:00,4,2019-04-30 00:00:00,0.10531,0.10531,0.10531,0.0,0.05,229.07155366768154,-0.0,0.0,0.0,229.07155366768154,229.07155366768154,0.0,0.0
2856,2019-04-30 00:00:00,4,2019-04-30 01:00:00,0.10531,0.10531,0.10531,0.0,0.05,211.17423879484713,-0.0,0.0,0.0,211.17423879484713,211.17423879484713,0.0,0.0
2857,2019-04-30 01:00:00,4,2019-04-30 02:00:00,0.10531,0.10531,0.10531,0.0,0.05,208.35094480187877,-0.0,0.0,0.0,208.35094480187877,208.35094480187877,0.0,0.0
2858,2019-04-30 02:00:00,4,2019-04-30 03:00:00,0.10531,0.10531,0.10531,0.0,0.05,206.3842242642735,-0.0,0.0,0.0,206.3842242642735,206.3842242642735,0.0,0.0
2859,2019-04-30 03:00:00,4,2019-04-30 04:00:00,0.10531,0.10531,0.10531,0.0,0.05,220.09942922629418,-0.0,0.0,0.0,220.09942922629418,220.09942922629418,0.0,0.0
2860,2019-04-30 04:00:00,4,2019-04-30 05:00:00,0.10531,0.10531,0.10531,0.0,0.05,218.7856663378852,-287.66700085446655,0.0,0.0,506.4526671923518,506.4526671923518,0.0,1.0
2861,2019-04-30 05:00:00,4,2019-04-30 06:00:00,0.10531,0.10531,0.10531,0.0,0.4910894013101821,269.01609084969766,-0.0,0.0,0.0,269.01609084969766,269.01609084969766,0.0,0.0
2862,2019-04-30 06:00:00,4,2019-04-30 07:00:00,0.10531,0.10531,0.10531,0.0,0.4910894013101821,298.7023359845209,-0.0,0.0,0.0,298.7023359845209,298.7023359845209,0.0,0.0
2863,2019-04-30 07:00:00,4,2019-04-30 08:00:00,0.10531,0.10531,0.10531,0.0,0.4910894013101821,370.5857632072209,-65.57138933962008,0.0,0.0,436.15715254684096,436.15715254684096,0.0,1.0
2864,2019-04-30 08:00:00,4,2019-04-30 09:00:00,0.10531,0.10531,0.10531,0.0,0.5916321982975995,321.1946906538903,-0.0,0.0,0.0,321.1946906538903,321.1946906538903,0.0,1.0
2865,2019-04-30 09:00:00,4,2019-04-30 10:00:00,0.06431,0.06431,0.06431,0.0,0.5916321982975995,391.8017506389731,-114.65091655337869,0.0,0.0,506.4526671923518,506.4526671923518,0.0,1.0
2866,2019-04-30 10:00:00,4,2019-04-30 11:00:00,0.06431,0.06431,0.06431,0.0,0.7674302703461136,453.73867846814005,-52.71398872421173,0.0,0.0,506.4526671923518,506.4526671923518,0.0,1.0
2867,2019-04-30 11:00:00,4,2019-04-30 12:00:00,0.06431,0.06431,0.06431,0.0,0.8482583863899049,481.59612871629196,-24.856538476059825,0.0,0.0,506.4526671923518,506.4526671923518,0.0,1.0
2868,2019-04-30 12:00:00,4,2019-04-30 13:00:00,0.06431,0.06431,0.06431,0.0,0.8863717453865301,478.3185744731147,-28.13409271923706,0.0,0.0,506.4526671923518,506.4526671923518,0.0,1.0
2869,2019-04-30 13:00:00,4,2019-04-30 14:00:00,0.06431,0.06431,0.06431,0.0,0.9295106875560268,460.48137646802144,-45.971290724330345,0.0,0.0,506.4526671923518,506.4526671923518,0.0,1.0
2870,2019-04-30 14:00:00,4,2019-04-30 15:00:00,0.10531,0.10531,0.10531,0.0,1.0000000000000002,447.52701705472487,-0.0,0.0,0.0,447.52701705472487,447.52701705472487,0.0,1.0
2871,2019-04-30 15:00:00,4,2019-04-30 16:00:00,0.10531,0.10531,0.10531,0.0,1.0,443.7470011382075,-0.0,5.2295945351943376e-14,0.0,443.74700113820745,443.74700113820745,0.0,1.0
2872,2019-04-30 16:00:00,4,2019-04-30 17:00:00,0.13592,0.13592,0.13592,0.0,1.0,379.07323615278955,-0.0,300.0,0.0,79.07323615278955,79.07323615278955,0.0,0.0
2873,2019-04-30 17:00:00,4,2019-04-30 18:00:00,0.13592,0.13592,0.13592,0.0,0.4565217391304348,385.2096867909259,-0.0,224.4,0.0,160.8096867909259,160.8096867909259,0.0,0.0
2874,2019-04-30 18:00:00,4,2019-04-30 19:00:00,0.13592,0.13592,0.13592,0.0,0.05,356.7815329131182,-0.0,0.0,0.0,356.7815329131182,356.7815329131182,0.0,0.0
2875,2019-04-30 19:00:00,4,2019-04-30 20:00:00,0.13592,0.13592,0.13592,0.0,0.05,344.297487330562,-0.0,0.0,0.0,344.297487330562,344.297487330562,0.0,0.0
2876,2019-04-30 20:00:00,4,2019-04-30 21:00:00,0.13592,0.13592,0.13592,0.0,0.05,308.2603821347435,-0.0,0.0,0.0,308.2603821347435,308.2603821347435,0.0,0.0
2877,2019-04-30 21:00:00,4,2019-04-30 22:00:00,0.10531,0.10531,0.10531,0.0,0.05,199.7288530464396,-0.0,0.0,0.0,199.7288530464396,199.7288530464396,0.0,0.0
2878,2019-04-30 22:00:00,4,2019-04-30 23:00:00,0.10531,0.10531,0.10531,0.0,0.05,268.6088054654492,-0.0,0.0,0.0,268.6088054654492,268.6088054654492,0.0,1.0
2879,2019-04-30 23:00:00,4,2019-05-01 00:00:00,0.10531,0.10531,0.10531,0.0,0.05,207.89646831533133,-0.0,0.0,0.0,207.89646831533133,207.89646831533133,0.0,0.0
2880,2019-05-01 00:00:00,5,2019-05-01 01:00:00,0.10531,0.10531,0.10531,0.0,0.05,193.8511759276482,-0.0,0.0,0.0,193.8511759276482,193.8511759276482,0.0,0.0
2881,2019-05-01 01:00:00,5,2019-05-01 02:00:00,0.10531,0.10531,0.10531,0.0,0.05,186.9505212105963,-0.0,0.0,0.0,186.9505212105963,186.9505212105963,0.0,0.0
2882,2019-05-01 02:00:00,5,2019-05-01 03:00:00,0.10531,0.10531,0.10531,0.0,0.05,185.73921047126117,-0.0,0.0,0.0,185.73921047126117,185.73921047126117,0.0,0.0
2883,2019-05-01 03:00:00,5,2019-05-01 04:00:00,0.10531,0.10531,0.10531,0.0,0.05,199.0979480112094,-0.0,0.0,0.0,199.0979480112094,199.0979480112094,0.0,0.0
2884,2019-05-01 04:00:00,5,2019-05-01 05:00:00,0.10531,0.10531,0.10531,0.0,0.05,197.70626727902254,-223.76028098683813,0.0,0.0,421.46654826586064,421.46654826586064,0.0,1.0
2885,2019-05-01 05:00:00,5,2019-05-01 06:00:00,0.10531,0.10531,0.10531,0.0,0.3930990975131518,272.34602463345556,-208.88761153825465,0.0,0.0,481.2336361717102,481.2336361717102,0.0,1.0
2886,2019-05-01 06:00:00,5,2019-05-01 07:00:00,0.10531,0.10531,0.10531,0.0,0.7133934352051422,294.31631130549863,-186.91732486621157,0.0,0.0,481.2336361717102,481.2336361717102,0.0,1.0
2887,2019-05-01 07:00:00,5,2019-05-01 08:00:00,0.10531,0.10531,0.10531,0.0,1.0,460.1116027948252,-0.0,0.0,0.0,460.1116027948252,460.1116027948252,0.0,1.0
2888,2019-05-01 08:00:00,5,2019-05-01 09:00:00,0.10531,0.10531,0.10531,0.0,1.0,525.9379794535681,-0.0,44.704343281857916,0.0,481.2336361717102,481.2336361717102,0.0,0.0
2889,2019-05-01 09:00:00,5,2019-05-01 10:00:00,0.06431,0.06431,0.06431,0.0,0.9190138708661993,515.0683655541186,-0.0,33.8347293824084,0.0,481.2336361717102,481.2336361717102,0.0,0.0
2890,2019-05-01 10:00:00,5,2019-05-01 11:00:00,0.06431,0.06431,0.06431,0.0,0.857719071260387,577.2615368469042,-0.0,96.02790067519396,0.0,481.2336361717102,481.2336361717102,0.0,0.0
2891,2019-05-01 11:00:00,5,2019-05-01 12:00:00,0.06431,0.06431,0.06431,0.0,0.683755483080688,549.9603192791063,-0.0,68.72668310739613,0.0,481.2336361717102,481.2336361717102,0.0,0.0
2892,2019-05-01 12:00:00,5,2019-05-01 13:00:00,0.06431,0.06431,0.06431,0.0,0.5592506223788833,545.4775268808354,-0.0,64.24389070912518,0.0,481.23363617171026,481.23363617171026,0.0,0.0
2893,2019-05-01 13:00:00,5,2019-05-01 14:00:00,0.06431,0.06431,0.06431,0.0,0.442866762398584,532.0034817984719,-0.0,50.769845626761594,0.0,481.23363617171026,481.23363617171026,0.0,0.0
2894,2019-05-01 14:00:00,5,2019-05-01 15:00:00,0.10531,0.10531,0.10531,0.0,0.3508924043790884,521.2718887138032,-0.0,40.03825254209289,0.0,481.23363617171026,481.23363617171026,0.0,0.0
2895,2019-05-01 15:00:00,5,2019-05-01 16:00:00,0.10531,0.10531,0.10531,0.0,0.2783593381796449,522.4483988137232,-0.0,41.21476264201294,0.0,481.23363617171026,481.23363617171026,0.0,0.0
2896,2019-05-01 16:00:00,5,2019-05-01 17:00:00,0.13592,0.13592,0.13592,0.0,0.20369491310353452,522.7920666221693,-0.0,41.558430450459014,0.0,481.23363617171026,481.23363617171026,0.0,0.0
2897,2019-05-01 17:00:00,5,2019-05-01 18:00:00,0.13592,0.13592,0.13592,0.0,0.1284079014179204,512.1013170280114,-0.0,30.86768085630115,0.0,481.23363617171026,481.23363617171026,0.0,0.0
2898,2019-05-01 18:00:00,5,2019-05-01 19:00:00,0.13592,0.13592,0.13592,0.0,0.07248818972172275,493.6471168981012,-0.0,12.413480726390958,0.0,481.23363617171026,481.23363617171026,0.0,0.0
2899,2019-05-01 19:00:00,5,2019-05-01 20:00:00,0.13592,0.13592,0.13592,0.0,0.05,447.32886011052864,-0.0,0.0,0.0,447.32886011052864,447.32886011052864,0.0,1.0
2900,2019-05-01 20:00:00,5,2019-05-01 21:00:00,0.13592,0.13592,0.13592,0.0,0.05,319.37865790086295,-0.0,0.0,0.0,319.37865790086295,319.37865790086295,0.0,1.0
2901,2019-05-01 21:00:00,5,2019-05-01 22:00:00,0.10531,0.10531,0.10531,0.0,0.05,215.139188571125,-0.0,0.0,0.0,215.139188571125,215.139188571125,0.0,0.0
2902,2019-05-01 22:00:00,5,2019-05-01 23:00:00,0.10531,0.10531,0.10531,0.0,0.05,281.9004912633178,-0.0,0.0,0.0,281.9004912633178,281.9004912633178,0.0,1.0
2903,2019-05-01 23:00:00,5,2019-05-02 00:00:00,0.10531,0.10531,0.10531,0.0,0.05,223.43651859019374,-0.0,0.0,0.0,223.43651859019374,223.43651859019374,0.0,0.0
2904,2019-05-02 00:00:00,5,2019-05-02 01:00:00,0.10531,0.10531,0.10531,0.0,0.05,205.52160734213908,-0.0,0.0,0.0,205.52160734213908,205.52160734213908,0.0,0.0
2905,2019-05-02 01:00:00,5,2019-05-02 02:00:00,0.10531,0.10531,0.10531,0.0,0.05,201.54274447665114,-0.0,0.0,0.0,201.54274447665114,201.54274447665114,0.0,0.0
2906,2019-05-02 02:00:00,5,2019-05-02 03:00:00,0.10531,0.10531,0.10531,0.0,0.05,198.5466108064016,-30.302192283161936,0.0,0.0,228.84880308956352,228.84880308956352,0.0,1.0
2907,2019-05-02 03:00:00,5,2019-05-02 04:00:00,0.10531,0.10531,0.10531,0.0,0.0964633615008483,242.9154374680026,-0.0,0.0,0.0,242.9154374680026,242.9154374680026,0.0,0.0
2908,2019-05-02 04:00:00,5,2019-05-02 05:00:00,0.10531,0.10531,0.10531,0.0,0.0964633615008483,240.4396442736004,-240.79399189810985,0.0,0.0,481.23363617171026,481.23363617171026,0.0,1.0
2909,2019-05-02 05:00:00,5,2019-05-02 06:00:00,0.10531,0.10531,0.10531,0.0,0.46568081574461684,312.7457970931762,-168.48783907853408,0.0,0.0,481.23363617171026,481.23363617171026,0.0,1.0
2910,2019-05-02 06:00:00,5,2019-05-02 07:00:00,0.10531,0.10531,0.10531,0.0,0.7240288356650357,319.7734800158817,-161.46015615582854,0.0,0.0,481.23363617171026,481.23363617171026,0.0,1.0
2911,2019-05-02 07:00:00,5,2019-05-02 08:00:00,0.10531,0.10531,0.10531,0.0,0.9716010751039729,462.7125981960404,-18.521037975669856,0.0,0.0,481.23363617171026,481.23363617171026,0.0,1.0
2912,2019-05-02 08:00:00,5,2019-05-02 09:00:00,0.10531,0.10531,0.10531,0.0,1.0,524.3838018295977,-0.0,43.15016565788744,0.0,481.23363617171026,481.23363617171026,0.0,0.0
2913,2019-05-02 09:00:00,5,2019-05-02 10:00:00,0.06431,0.06431,0.06431,0.0,0.921829410040059,507.0028158309135,-0.0,25.769179659203246,0.0,481.23363617171026,481.23363617171026,0.0,0.0
2914,2019-05-02 10:00:00,5,2019-05-02 11:00:00,0.06431,0.06431,0.06431,0.0,0.875146113555995,562.6055481234537,-0.0,81.37191195174341,0.0,481.23363617171026,481.23363617171026,0.0,0.0
2915,2019-05-02 11:00:00,5,2019-05-02 12:00:00,0.06431,0.06431,0.06431,0.0,0.7277332295854454,527.2246369390274,-0.0,45.99100076731713,0.0,481.23363617171026,481.23363617171026,0.0,0.0
2916,2019-05-02 12:00:00,5,2019-05-02 13:00:00,0.06431,0.06431,0.06431,0.0,0.644416199209871,523.4764728381211,-0.0,42.24283666641088,0.0,481.23363617171026,481.23363617171026,0.0,0.0
2917,2019-05-02 13:00:00,5,2019-05-02 14:00:00,0.06431,0.06431,0.06431,0.0,0.5678893211910108,517.7920284271611,-0.0,36.558392255450826,0.0,481.23363617171026,481.23363617171026,0.0,0.0
2918,2019-05-02 14:00:00,5,2019-05-02 15:00:00,0.10531,0.10531,0.10531,0.0,0.5016603497137448,512.599778136949,-0.0,31.36614196523874,0.0,481.23363617171026,481.23363617171026,0.0,0.0
2919,2019-05-02 15:00:00,5,2019-05-02 16:00:00,0.10531,0.10531,0.10531,0.0,0.4448376287622254,518.202478591964,-0.0,36.968842420253736,0.0,481.23363617171026,481.23363617171026,0.0,0.0
2920,2019-05-02 16:00:00,5,2019-05-02 17:00:00,0.13592,0.13592,0.13592,0.0,0.37786508814582365,519.2032095260535,-0.0,37.9695733543432,0.0,481.23363617171026,481.23363617171026,0.0,0.0
2921,2019-05-02 17:00:00,5,2019-05-02 18:00:00,0.13592,0.13592,0.13592,0.0,0.30907962917056425,512.112898053146,-0.0,30.879261881435696,0.0,481.23363617171026,481.23363617171026,0.0,0.0
2922,2019-05-02 18:00:00,5,2019-05-02 19:00:00,0.13592,0.13592,0.13592,0.0,0.2531389373563692,487.36451847468607,-0.0,112.1326934207158,0.0,375.2318250539703,375.2318250539703,0.0,0.0
2923,2019-05-02 19:00:00,5,2019-05-02 20:00:00,0.13592,0.13592,0.13592,0.0,0.05,446.85051813727966,-0.0,0.0,0.0,446.85051813727966,446.85051813727966,0.0,1.0
2924,2019-05-02 20:00:00,5,2019-05-02 21:00:00,0.13592,0.13592,0.13592,0.0,0.05,320.56700987381447,-0.0,0.0,0.0,320.56700987381447,320.56700987381447,0.0,1.0
2925,2019-05-02 21:00:00,5,2019-05-02 22:00:00,0.10531,0.10531,0.10531,0.0,0.05,228.57820759785304,-0.0,0.0,0.0,228.57820759785304,228.57820759785304,0.0,0.0
2926,2019-05-02 22:00:00,5,2019-05-02 23:00:00,0.10531,0.10531,0.10531,0.0,0.05,296.06369230816586,-37.99717989629766,0.0,0.0,334.0608722044635,334.0608722044635,0.0,1.0
2927,2019-05-02 23:00:00,5,2019-05-03 00:00:00,0.10531,0.10531,0.10531,0.0,0.10826234250765641,239.9325699184152,-0.0,0.0,0.0,239.9325699184152,239.9325699184152,0.0,0.0
2928,2019-05-03 00:00:00,5,2019-05-03 01:00:00,0.10531,0.10531,0.10531,0.0,0.10826234250765641,221.15248708396078,-0.0,0.0,0.0,221.15248708396078,221.15248708396078,0.0,0.0
2929,2019-05-03 01:00:00,5,2019-05-03 02:00:00,0.10531,0.10531,0.10531,0.0,0.10826234250765641,218.95296689601128,-0.0,0.0,0.0,218.95296689601128,218.95296689601128,0.0,0.0
2930,2019-05-03 02:00:00,5,2019-05-03 03:00:00,0.10531,0.10531,0.10531,0.0,0.10826234250765641,216.59165703483703,-0.0,0.0,0.0,216.59165703483703,216.59165703483703,0.0,0.0
2931,2019-05-03 03:00:00,5,2019-05-03 04:00:00,0.10531,0.10531,0.10531,0.0,0.10826234250765641,229.55135729729605,-0.0,0.0,0.0,229.55135729729605,229.55135729729605,0.0,0.0
2932,2019-05-03 04:00:00,5,2019-05-03 05:00:00,0.10531,0.10531,0.10531,0.0,0.10826234250765641,227.5473315367793,-205.73494053420563,0.0,0.0,433.28227207098496,433.28227207098496,0.0,1.0
2933,2019-05-03 05:00:00,5,2019-05-03 06:00:00,0.10531,0.10531,0.10531,0.0,0.4237225846601051,293.87353099661937,-202.42981688436265,0.0,0.0,496.303347880982,496.303347880982,0.0,1.0
2934,2019-05-03 06:00:00,5,2019-05-03 07:00:00,0.10531,0.10531,0.10531,0.0,0.7341149705494612,330.97632531943816,-165.32702256154386,0.0,0.0,496.303347880982,496.303347880982,0.0,1.0
2935,2019-05-03 07:00:00,5,2019-05-03 08:00:00,0.10531,0.10531,0.10531,0.0,0.9876164051438284,488.22709036608745,-8.076257514894564,0.0,0.0,496.303347880982,496.303347880982,0.0,1.0
2936,2019-05-03 08:00:00,5,2019-05-03 09:00:00,0.10531,0.10531,0.10531,0.0,1.0,547.3427491603268,-0.0,51.039401279344794,0.0,496.30334788098196,496.30334788098196,0.0,0.0
2937,2019-05-03 09:00:00,5,2019-05-03 10:00:00,0.06431,0.06431,0.06431,0.0,0.9075373165229261,535.6304749265053,-0.0,39.32712704552324,0.0,496.303347880982,496.303347880982,0.0,0.0
2938,2019-05-03 10:00:00,5,2019-05-03 11:00:00,0.06431,0.06431,0.06431,0.0,0.836292521150602,589.6853222447252,-0.0,93.38197436374315,0.0,496.303347880982,496.303347880982,0.0,0.0
2939,2019-05-03 11:00:00,5,2019-05-03 12:00:00,0.06431,0.06431,0.06431,0.0,0.6671222777380247,563.202738150693,-0.0,66.89939026971098,0.0,496.303347880982,496.303347880982,0.0,0.0
2940,2019-05-03 12:00:00,5,2019-05-03 13:00:00,0.06431,0.06431,0.06431,0.0,0.5459277301479684,555.5712407737933,-0.0,59.26789289281132,0.0,496.30334788098196,496.30334788098196,0.0,0.0
2941,2019-05-03 13:00:00,5,2019-05-03 14:00:00,0.06431,0.06431,0.06431,0.0,0.43855835896533923,548.6245301706052,-0.0,52.321182289623266,0.0,496.30334788098196,496.30334788098196,0.0,0.0
2942,2019-05-03 14:00:00,5,2019-05-03 15:00:00,0.10531,0.10531,0.10531,0.0,0.34377360844065935,542.2703680711905,-0.0,45.967020190208586,0.0,496.30334788098196,496.30334788098196,0.0,0.0
2943,2019-05-03 15:00:00,5,2019-05-03 16:00:00,0.10531,0.10531,0.10531,0.0,0.2605000211395571,537.2670222646934,-0.0,40.963674383711464,0.0,496.30334788098196,496.30334788098196,0.0,0.0
2944,2019-05-03 16:00:00,5,2019-05-03 17:00:00,0.13592,0.13592,0.13592,0.0,0.1862904660966014,534.1008598798892,-0.0,37.797511998907225,0.0,496.30334788098196,496.30334788098196,0.0,0.0
2945,2019-05-03 17:00:00,5,2019-05-03 18:00:00,0.13592,0.13592,0.13592,0.0,0.11781671247539284,521.7311496108348,-0.0,25.42780172985283,0.0,496.30334788098196,496.30334788098196,0.0,0.0
2946,2019-05-03 18:00:00,5,2019-05-03 19:00:00,0.13592,0.13592,0.13592,0.0,0.07175185426913774,508.310371437546,-0.0,12.007023556564036,0.0,496.30334788098196,496.30334788098196,0.0,0.0
2947,2019-05-03 19:00:00,5,2019-05-03 20:00:00,0.13592,0.13592,0.13592,0.0,0.05,466.82834166598644,-0.0,0.0,0.0,466.82834166598644,466.82834166598644,0.0,0.0
2948,2019-05-03 20:00:00,5,2019-05-03 21:00:00,0.13592,0.13592,0.13592,0.0,0.05,338.00785645382626,-0.0,0.0,0.0,338.00785645382626,338.00785645382626,0.0,0.0
2949,2019-05-03 21:00:00,5,2019-05-03 22:00:00,0.10531,0.10531,0.10531,0.0,0.05,234.36125879110773,-0.0,0.0,0.0,234.36125879110773,234.36125879110773,0.0,0.0
2950,2019-05-03 22:00:00,5,2019-05-03 23:00:00,0.10531,0.10531,0.10531,0.0,0.05,299.5518306800276,-0.0,0.0,0.0,299.5518306800276,299.5518306800276,0.0,1.0
2951,2019-05-03 23:00:00,5,2019-05-04 00:00:00,0.10531,0.10531,0.10531,0.0,0.05,243.81854804477055,-0.0,0.0,0.0,243.81854804477055,243.81854804477055,0.0,0.0
2952,2019-05-04 00:00:00,5,2019-05-04 01:00:00,0.10531,0.10531,0.10531,0.0,0.05,224.32874556067404,-0.0,0.0,0.0,224.32874556067404,224.32874556067404,0.0,0.0
2953,2019-05-04 01:00:00,5,2019-05-04 02:00:00,0.10531,0.10531,0.10531,0.0,0.05,220.5858987578827,-0.0,0.0,0.0,220.5858987578827,220.5858987578827,0.0,0.0
2954,2019-05-04 02:00:00,5,2019-05-04 03:00:00,0.10531,0.10531,0.10531,0.0,0.05,217.9696983907146,-0.0,0.0,0.0,217.9696983907146,217.9696983907146,0.0,0.0
2955,2019-05-04 03:00:00,5,2019-05-04 04:00:00,0.10531,0.10531,0.10531,0.0,0.05,230.72582551640346,-265.57752236457856,0.0,0.0,496.303347880982,496.303347880982,0.0,1.0
2956,2019-05-04 04:00:00,5,2019-05-04 05:00:00,0.10531,0.10531,0.10531,0.0,0.45721886762568714,228.1816538888396,-176.68609232760818,0.0,0.0,404.8677462164478,404.8677462164478,0.0,1.0
2957,2019-05-04 05:00:00,5,2019-05-04 06:00:00,0.10531,0.10531,0.10531,0.0,0.7281375425280197,290.10856403126974,-0.0,0.0,0.0,290.10856403126974,290.10856403126974,0.0,1.0
2958,2019-05-04 06:00:00,5,2019-05-04 07:00:00,0.10531,0.10531,0.10531,0.0,0.7281375425280197,319.00174518186446,-177.30160269911755,0.0,0.0,496.303347880982,496.303347880982,0.0,1.0
2959,2019-05-04 07:00:00,5,2019-05-04 08:00:00,0.10531,0.10531,0.10531,0.0,1.0,473.1171871304479,-0.0,0.0,0.0,473.1171871304479,473.1171871304479,0.0,1.0
2960,2019-05-04 08:00:00,5,2019-05-04 09:00:00,0.10531,0.10531,0.10531,0.0,1.0,535.2658865508971,-0.0,38.96253866991509,0.0,496.303347880982,496.303347880982,0.0,0.0
2961,2019-05-04 09:00:00,5,2019-05-04 10:00:00,0.06431,0.06431,0.06431,0.0,0.9294156908153712,521.1064362731431,-0.0,24.8030883921611,0.0,496.303347880982,496.303347880982,0.0,0.0
2962,2019-05-04 10:00:00,5,2019-05-04 11:00:00,0.06431,0.06431,0.06431,0.0,0.8844825596701518,578.9538999207306,-0.0,82.65055203974856,0.0,496.303347880982,496.303347880982,0.0,0.0
2963,2019-05-04 11:00:00,5,2019-05-04 12:00:00,0.06431,0.06431,0.06431,0.0,0.7347532987285784,547.5533796599398,-0.0,51.25003177895775,0.0,496.303347880982,496.303347880982,0.0,0.0
2964,2019-05-04 12:00:00,5,2019-05-04 13:00:00,0.06431,0.06431,0.06431,0.0,0.6419090382594521,541.6158268851146,-0.0,45.312479004132626,0.0,496.303347880982,496.303347880982,0.0,0.0
2965,2019-05-04 13:00:00,5,2019-05-04 14:00:00,0.06431,0.06431,0.06431,0.0,0.5598212139766031,525.3030049049097,-0.0,28.999657023927682,0.0,496.303347880982,496.303347880982,0.0,0.0
2966,2019-05-04 14:00:00,5,2019-05-04 15:00:00,0.10531,0.10531,0.10531,0.0,0.5072856034260096,519.1876891364208,-0.0,22.884341255438756,0.0,496.303347880982,496.303347880982,0.0,0.0
2967,2019-05-04 15:00:00,5,2019-05-04 16:00:00,0.10531,0.10531,0.10531,0.0,0.4658284634705046,518.2652216611601,-0.0,21.96187378017811,0.0,496.303347880982,496.303347880982,0.0,0.0
2968,2019-05-04 16:00:00,5,2019-05-04 17:00:00,0.13592,0.13592,0.13592,0.0,0.4260424602455442,512.2635676208702,-0.0,15.960219739888146,0.0,496.303347880982,496.303347880982,0.0,0.0
2969,2019-05-04 17:00:00,5,2019-05-04 18:00:00,0.13592,0.13592,0.13592,0.0,0.39712901868777584,502.6752992159558,-0.0,6.371951334973801,0.0,496.303347880982,496.303347880982,0.0,0.0
2970,2019-05-04 18:00:00,5,2019-05-04 19:00:00,0.13592,0.13592,0.13592,0.0,0.3855856285881856,485.04508359337876,-0.0,185.24326698067847,0.0,299.8018166127003,299.8018166127003,0.0,0.0
2971,2019-05-04 19:00:00,5,2019-05-04 20:00:00,0.13592,0.13592,0.13592,0.0,0.05,441.56419915514533,-0.0,0.0,0.0,441.56419915514533,441.56419915514533,0.0,1.0
2972,2019-05-04 20:00:00,5,2019-05-04 21:00:00,0.13592,0.13592,0.13592,0.0,0.05,317.8365763633136,-0.0,0.0,0.0,317.8365763633136,317.8365763633136,0.0,1.0
2973,2019-05-04 21:00:00,5,2019-05-04 22:00:00,0.10531,0.10531,0.10531,0.0,0.05,214.17372122631863,-0.0,0.0,0.0,214.17372122631863,214.17372122631863,0.0,0.0
2974,2019-05-04 22:00:00,5,2019-05-04 23:00:00,0.10531,0.10531,0.10531,0.0,0.05,281.79734022143134,-51.30902204277422,0.0,0.0,333.1063622642056,333.1063622642056,0.0,1.0
2975,2019-05-04 23:00:00,5,2019-05-05 00:00:00,0.10531,0.10531,0.10531,0.0,0.12867383379892047,223.64007443237736,-0.0,0.0,0.0,223.64007443237736,223.64007443237736,0.0,0.0
2976,2019-05-05 00:00:00,5,2019-05-05 01:00:00,0.10531,0.10531,0.10531,0.0,0.12867383379892047,205.19681970958678,-0.0,0.0,0.0,205.19681970958678,205.19681970958678,0.0,0.0
2977,2019-05-05 01:00:00,5,2019-05-05 02:00:00,0.10531,0.10531,0.10531,0.0,0.12867383379892047,201.05946021864267,-0.0,0.0,0.0,201.05946021864267,201.05946021864267,0.0,0.0
2978,2019-05-05 02:00:00,5,2019-05-05 03:00:00,0.10531,0.10531,0.10531,0.0,0.12867383379892047,196.74971287928062,-0.0,0.0,0.0,196.74971287928062,196.74971287928062,0.0,0.0
2979,2019-05-05 03:00:00,5,2019-05-05 04:00:00,0.10531,0.10531,0.10531,0.0,0.12867383379892047,239.37066871609832,-0.0,0.0,0.0,239.37066871609832,239.37066871609832,0.0,0.0
2980,2019-05-05 04:00:00,5,2019-05-05 05:00:00,0.10531,0.10531,0.10531,0.0,0.12867383379892047,237.52078210692733,-258.78256577405466,0.0,0.0,496.30334788098196,496.30334788098196,0.0,1.0
2981,2019-05-05 05:00:00,5,2019-05-05 06:00:00,0.10531,0.10531,0.10531,0.0,0.5254737679858043,304.9625903691774,-109.83654076769727,0.0,0.0,414.7991311368747,414.7991311368747,0.0,1.0
2982,2019-05-05 06:00:00,5,2019-05-05 07:00:00,0.10531,0.10531,0.10531,0.0,0.6938897971629401,322.64487279860134,-173.65847508238068,0.0,0.0,496.303347880982,496.303347880982,0.0,1.0
2983,2019-05-05 07:00:00,5,2019-05-05 08:00:00,0.10531,0.10531,0.10531,0.0,0.9601661256225905,470.32473415658455,-25.978613724397462,0.0,0.0,496.303347880982,496.303347880982,0.0,1.0
2984,2019-05-05 08:00:00,5,2019-05-05 09:00:00,0.10531,0.10531,0.10531,0.0,1.0,534.9590705256475,-0.0,38.655722644665445,0.0,496.303347880982,496.303347880982,0.0,0.0
2985,2019-05-05 09:00:00,5,2019-05-05 10:00:00,0.06431,0.06431,0.06431,0.0,0.9299715169480699,519.0294256021512,-0.0,22.726077721169133,0.0,496.303347880982,496.303347880982,0.0,0.0
2986,2019-05-05 10:00:00,5,2019-05-05 11:00:00,0.06431,0.06431,0.06431,0.0,0.8888010862937781,576.5122626478181,-0.0,80.20891476683613,0.0,496.303347880982,496.303347880982,0.0,0.0
2987,2019-05-05 11:00:00,5,2019-05-05 12:00:00,0.06431,0.06431,0.06431,0.0,0.7434950812813937,545.1251223150424,-0.0,48.82177443406039,0.0,496.303347880982,496.303347880982,0.0,0.0
2988,2019-05-05 12:00:00,5,2019-05-05 13:00:00,0.06431,0.06431,0.06431,0.0,0.6550498377414293,539.9310805894058,-0.0,43.62773270842382,0.0,496.303347880982,496.303347880982,0.0,0.0
2989,2019-05-05 13:00:00,5,2019-05-05 14:00:00,0.06431,0.06431,0.06431,0.0,0.5760140900812413,529.3276321800195,-0.0,33.02428429903745,0.0,496.303347880982,496.303347880982,0.0,0.0
2990,2019-05-05 14:00:00,5,2019-05-05 15:00:00,0.10531,0.10531,0.10531,0.0,0.5161874880902314,520.6167183857312,-0.0,24.31337050474923,0.0,496.303347880982,496.303347880982,0.0,0.0
2991,2019-05-05 15:00:00,5,2019-05-05 16:00:00,0.10531,0.10531,0.10531,0.0,0.4721415270309031,516.7810549081627,-0.0,20.477707027180656,0.0,496.303347880982,496.303347880982,0.0,0.0
2992,2019-05-05 16:00:00,5,2019-05-05 17:00:00,0.13592,0.13592,0.13592,0.0,0.4350442316918078,511.4842031094582,-0.0,15.180855228476162,0.0,496.303347880982,496.303347880982,0.0,0.0
2993,2019-05-05 17:00:00,5,2019-05-05 18:00:00,0.13592,0.13592,0.13592,0.0,0.40754268236485824,502.4004592381973,-0.0,6.097111357215283,0.0,496.303347880982,496.303347880982,0.0,0.0
2994,2019-05-05 18:00:00,5,2019-05-05 19:00:00,0.13592,0.13592,0.13592,0.0,0.3964971907757001,473.3204417007675,-0.0,191.26644930818648,0.0,282.053992392581,282.053992392581,0.0,0.0
2995,2019-05-05 19:00:00,5,2019-05-05 20:00:00,0.13592,0.13592,0.13592,0.0,0.05,428.18114288050407,-0.0,0.0,0.0,428.18114288050407,428.18114288050407,0.0,1.0
2996,2019-05-05 20:00:00,5,2019-05-05 21:00:00,0.13592,0.13592,0.13592,0.0,0.05,305.2470752154793,-0.0,0.0,0.0,305.2470752154793,305.2470752154793,0.0,1.0
2997,2019-05-05 21:00:00,5,2019-05-05 22:00:00,0.10531,0.10531,0.10531,0.0,0.05,212.24975085442372,-0.0,0.0,0.0,212.24975085442372,212.24975085442372,0.0,0.0
2998,2019-05-05 22:00:00,5,2019-05-05 23:00:00,0.10531,0.10531,0.10531,0.0,0.05,280.19825575360204,-0.0,0.0,0.0,280.19825575360204,280.19825575360204,0.0,1.0
2999,2019-05-05 23:00:00,5,2019-05-06 00:00:00,0.10531,0.10531,0.10531,0.0,0.05,221.06198257659142,-0.0,0.0,0.0,221.06198257659142,221.06198257659142,0.0,0.0
3000,2019-05-06 00:00:00,5,2019-05-06 01:00:00,0.10531,0.10531,0.10531,0.0,0.05,198.2636766948027,-51.61746188875237,0.0,0.0,249.88113858355507,249.88113858355507,0.0,1.0
3001,2019-05-06 01:00:00,5,2019-05-06 02:00:00,0.10531,0.10531,0.10531,0.0,0.12914677489608697,195.47021046027672,-0.0,0.0,0.0,195.47021046027672,195.47021046027672,0.0,0.0
3002,2019-05-06 02:00:00,5,2019-05-06 03:00:00,0.10531,0.10531,0.10531,0.0,0.12914677489608697,192.83446214281793,-0.0,0.0,0.0,192.83446214281793,192.83446214281793,0.0,0.0
3003,2019-05-06 03:00:00,5,2019-05-06 04:00:00,0.10531,0.10531,0.10531,0.0,0.12914677489608697,203.8532075674712,-0.0,0.0,0.0,203.8532075674712,203.8532075674712,0.0,0.0
3004,2019-05-06 04:00:00,5,2019-05-06 05:00:00,0.10531,0.10531,0.10531,0.0,0.12914677489608697,201.40575343734685,-0.0,0.0,0.0,201.40575343734685,201.40575343734685,0.0,0.0
3005,2019-05-06 05:00:00,5,2019-05-06 06:00:00,0.10531,0.10531,0.10531,0.0,0.12914677489608697,242.40688978063264,-253.89645810034938,0.0,0.0,496.303347880982,496.303347880982,0.0,1.0
3006,2019-05-06 06:00:00,5,2019-05-06 07:00:00,0.10531,0.10531,0.10531,0.0,0.5184546773166226,271.65948057728514,-224.64386730369688,0.0,0.0,496.303347880982,496.303347880982,0.0,1.0
3007,2019-05-06 07:00:00,5,2019-05-06 08:00:00,0.10531,0.10531,0.10531,0.0,0.8629086071822913,406.8959177824763,-89.4074300985057,0.0,0.0,496.303347880982,496.303347880982,0.0,1.0
3008,2019-05-06 08:00:00,5,2019-05-06 09:00:00,0.10531,0.10531,0.10531,0.0,1.0,458.35538271923957,-0.0,0.0,0.0,458.35538271923957,458.35538271923957,0.0,1.0
3009,2019-05-06 09:00:00,5,2019-05-06 10:00:00,0.06431,0.06431,0.06431,0.0,1.0,511.6760115112903,-0.0,15.372663630308296,0.0,496.303347880982,496.303347880982,0.0,0.0
3010,2019-05-06 10:00:00,5,2019-05-06 11:00:00,0.06431,0.06431,0.06431,0.0,0.972150971684224,571.9072539533104,-0.0,75.60390607232836,0.0,496.303347880982,496.303347880982,0.0,0.0
3011,2019-05-06 11:00:00,5,2019-05-06 12:00:00,0.06431,0.06431,0.06431,0.0,0.8351873737271075,541.7023514170728,-0.0,45.39900353609079,0.0,496.303347880982,496.303347880982,0.0,0.0
3012,2019-05-06 12:00:00,5,2019-05-06 13:00:00,0.06431,0.06431,0.06431,0.0,0.7529428021037546,535.2790322521323,-0.0,38.975684371150294,0.0,496.303347880982,496.303347880982,0.0,0.0
3013,2019-05-06 13:00:00,5,2019-05-06 14:00:00,0.06431,0.06431,0.06431,0.0,0.6823346782429751,523.9904107408731,-0.0,27.687062859891114,0.0,496.303347880982,496.303347880982,0.0,0.0
3014,2019-05-06 14:00:00,5,2019-05-06 15:00:00,0.10531,0.10531,0.10531,0.0,0.6321769556707085,515.3274335855662,-0.0,19.024085704584138,0.0,496.303347880982,496.303347880982,0.0,0.0
3015,2019-05-06 15:00:00,5,2019-05-06 16:00:00,0.10531,0.10531,0.10531,0.0,0.5977130322928388,512.161334810193,-0.0,15.857986929210995,0.0,496.303347880982,496.303347880982,0.0,0.0
3016,2019-05-06 16:00:00,5,2019-05-06 17:00:00,0.13592,0.13592,0.13592,0.0,0.5689847951022391,507.7829429451049,-0.0,11.479595064122861,0.0,496.303347880982,496.303347880982,0.0,0.0
3017,2019-05-06 17:00:00,5,2019-05-06 18:00:00,0.13592,0.13592,0.13592,0.0,0.5481884272324513,468.2487092188652,-0.0,0.0,0.0,468.2487092188652,468.2487092188652,0.0,1.0
3018,2019-05-06 18:00:00,5,2019-05-06 19:00:00,0.13592,0.13592,0.13592,0.0,0.5481884272324513,379.50792179960206,-0.0,275.00001183231313,0.0,104.50790996728892,104.50790996728892,0.0,0.0
3019,2019-05-06 19:00:00,5,2019-05-06 20:00:00,0.13592,0.13592,0.13592,0.0,0.05,372.8400949521926,-0.0,0.0,0.0,372.8400949521926,372.8400949521926,0.0,1.0
3020,2019-05-06 20:00:00,5,2019-05-06 21:00:00,0.13592,0.13592,0.13592,0.0,0.05,280.617051624087,-0.0,0.0,0.0,280.617051624087,280.617051624087,0.0,1.0
3021,2019-05-06 21:00:00,5,2019-05-06 22:00:00,0.10531,0.10531,0.10531,0.0,0.05,205.11136892343845,-0.0,0.0,0.0,205.11136892343845,205.11136892343845,0.0,0.0
3022,2019-05-06 22:00:00,5,2019-05-06 23:00:00,0.10531,0.10531,0.10531,0.0,0.05,274.18097535435106,-0.0,0.0,0.0,274.18097535435106,274.18097535435106,0.0,1.0
3023,2019-05-06 23:00:00,5,2019-05-07 00:00:00,0.10531,0.10531,0.10531,0.0,0.05,216.81527726452063,-0.0,0.0,0.0,216.81527726452063,216.81527726452063,0.0,0.0
3024,2019-05-07 00:00:00,5,2019-05-07 01:00:00,0.10531,0.10531,0.10531,0.0,0.05,199.27277114970187,-0.0,0.0,0.0,199.27277114970187,199.27277114970187,0.0,0.0
3025,2019-05-07 01:00:00,5,2019-05-07 02:00:00,0.10531,0.10531,0.10531,0.0,0.05,197.78892750635927,-0.0,0.0,0.0,197.78892750635927,197.78892750635927,0.0,0.0
3026,2019-05-07 02:00:00,5,2019-05-07 03:00:00,0.10531,0.10531,0.10531,0.0,0.05,197.23954324257429,-0.0,0.0,0.0,197.23954324257429,197.23954324257429,0.0,0.0
3027,2019-05-07 03:00:00,5,2019-05-07 04:00:00,0.10531,0.10531,0.10531,0.0,0.05,208.82873874071288,-0.0,0.0,0.0,208.82873874071288,208.82873874071288,0.0,0.0
3028,2019-05-07 04:00:00,5,2019-05-07 05:00:00,0.10531,0.10531,0.10531,0.0,0.05,206.49736657243503,-0.0,0.0,0.0,206.49736657243503,206.49736657243503,0.0,0.0
3029,2019-05-07 05:00:00,5,2019-05-07 06:00:00,0.10531,0.10531,0.10531,0.0,0.05,247.74140673362788,-205.54392368661814,0.0,0.0,453.28533042024605,453.28533042024605,0.0,1.0
3030,2019-05-07 06:00:00,5,2019-05-07 07:00:00,0.10531,0.10531,0.10531,0.0,0.3651673496528145,280.65539673438667,-0.0,0.0,0.0,280.65539673438667,280.65539673438667,0.0,1.0
3031,2019-05-07 07:00:00,5,2019-05-07 08:00:00,0.10531,0.10531,0.10531,0.0,0.3651673496528145,356.7912981956878,-0.0,0.0,0.0,356.7912981956878,356.7912981956878,0.0,0.0
3032,2019-05-07 08:00:00,5,2019-05-07 09:00:00,0.10531,0.10531,0.10531,0.0,0.3651673496528145,315.2933252975531,-181.0100225834289,0.0,0.0,496.303347880982,496.303347880982,0.0,1.0
3033,2019-05-07 09:00:00,5,2019-05-07 10:00:00,0.06431,0.06431,0.06431,0.0,0.6427160509474055,387.3869641817873,-108.91638369919474,0.0,0.0,496.303347880982,496.303347880982,0.0,1.0
3034,2019-05-07 10:00:00,5,2019-05-07 11:00:00,0.06431,0.06431,0.06431,0.0,0.809721172619504,447.3373650132332,-48.965982867748835,0.0,0.0,496.303347880982,496.303347880982,0.0,1.0
3035,2019-05-07 11:00:00,5,2019-05-07 12:00:00,0.06431,0.06431,0.06431,0.0,0.8848023463500522,477.4866443765701,-18.81670350441192,0.0,0.0,496.303347880982,496.303347880982,0.0,1.0
3036,2019-05-07 12:00:00,5,2019-05-07 13:00:00,0.06431,0.06431,0.06431,0.0,0.9136546250568173,473.7880927114763,-22.515255169505735,0.0,0.0,496.303347880982,496.303347880982,0.0,1.0
3037,2019-05-07 13:00:00,5,2019-05-07 14:00:00,0.06431,0.06431,0.06431,0.0,0.948178016316726,462.5064020005859,-33.79694588039612,0.0,0.0,496.3033478809821,496.3033478809821,0.0,1.0
3038,2019-05-07 14:00:00,5,2019-05-07 15:00:00,0.10531,0.10531,0.10531,0.0,1.0,450.27190890605493,0.0,0.0,0.0,450.27190890605493,450.27190890605493,0.0,1.0
3039,2019-05-07 15:00:00,5,2019-05-07 16:00:00,0.10531,0.10531,0.10531,0.0,1.0,447.7981867435856,-0.0,0.0,0.0,447.7981867435856,447.7981867435856,0.0,0.0
3040,2019-05-07 16:00:00,5,2019-05-07 17:00:00,0.13592,0.13592,0.13592,0.0,1.0,388.5206788916709,-0.0,224.40000000000003,0.0,164.12067889167093,164.12067889167093,0.0,0.0
3041,2019-05-07 17:00:00,5,2019-05-07 18:00:00,0.13592,0.13592,0.13592,0.0,0.5934782608695651,391.8756395229058,-0.0,0.0,0.0,391.8756395229058,391.8756395229058,0.0,0.0
3042,2019-05-07 18:00:00,5,2019-05-07 19:00:00,0.13592,0.13592,0.13592,0.0,0.5934782608695651,358.26521352953705,-0.0,0.0,0.0,358.26521352953705,358.26521352953705,0.0,0.0
3043,2019-05-07 19:00:00,5,2019-05-07 20:00:00,0.13592,0.13592,0.13592,0.0,0.5934782608695651,354.59948124424835,-0.0,300.0,0.0,54.59948124424835,54.59948124424835,0.0,0.0
3044,2019-05-07 20:00:00,5,2019-05-07 21:00:00,0.13592,0.13592,0.13592,0.0,0.05,318.40652683719696,-0.0,0.0,0.0,318.40652683719696,318.40652683719696,0.0,1.0
3045,2019-05-07 21:00:00,5,2019-05-07 22:00:00,0.10531,0.10531,0.10531,0.0,0.05,208.35644641633326,-0.0,6.736629806761736e-15,0.0,208.35644641633326,208.35644641633326,0.0,0.0
3046,2019-05-07 22:00:00,5,2019-05-07 23:00:00,0.10531,0.10531,0.10531,0.0,0.05,276.2279057956406,-0.0,0.0,0.0,276.2279057956406,276.2279057956406,0.0,1.0
3047,2019-05-07 23:00:00,5,2019-05-08 00:00:00,0.10531,0.10531,0.10531,0.0,0.05,215.64708419899068,-0.0,0.0,0.0,215.64708419899068,215.64708419899068,0.0,0.0
3048,2019-05-08 00:00:00,5,2019-05-08 01:00:00,0.10531,0.10531,0.10531,0.0,0.05,201.0698698294589,-0.0,0.0,0.0,201.0698698294589,201.0698698294589,0.0,0.0
3049,2019-05-08 01:00:00,5,2019-05-08 02:00:00,0.10531,0.10531,0.10531,0.0,0.05,198.52157317421492,-0.0,0.0,0.0,198.52157317421492,198.52157317421492,0.0,0.0
3050,2019-05-08 02:00:00,5,2019-05-08 03:00:00,0.10531,0.10531,0.10531,0.0,0.05,195.1692818240747,-0.0,0.0,0.0,195.1692818240747,195.1692818240747,0.0,0.0
3051,2019-05-08 03:00:00,5,2019-05-08 04:00:00,0.10531,0.10531,0.10531,0.0,0.05,205.7222334938234,-0.0,0.0,0.0,205.7222334938234,205.7222334938234,0.0,0.0
3052,2019-05-08 04:00:00,5,2019-05-08 05:00:00,0.10531,0.10531,0.10531,0.0,0.05,202.31454217917005,-155.5583897223309,0.0,0.0,357.8729319015009,357.8729319015009,0.0,1.0
3053,2019-05-08 05:00:00,5,2019-05-08 06:00:00,0.10531,0.10531,0.10531,0.0,0.2885228642409074,268.8064794366093,-227.49686844437275,0.0,0.0,496.3033478809821,496.3033478809821,0.0,1.0
3054,2019-05-08 06:00:00,5,2019-05-08 07:00:00,0.10531,0.10531,0.10531,0.0,0.6373513958556123,296.58084437846367,-199.7225035025184,0.0,0.0,496.3033478809821,496.3033478809821,0.0,1.0
3055,2019-05-08 07:00:00,5,2019-05-08 08:00:00,0.10531,0.10531,0.10531,0.0,0.9435925678928072,459.51589215889976,-36.78745572208231,0.0,0.0,496.3033478809821,496.3033478809821,0.0,1.0
3056,2019-05-08 08:00:00,5,2019-05-08 09:00:00,0.10531,0.10531,0.10531,0.0,1.0,520.1818132268698,-0.0,23.878465345887776,0.0,496.3033478809821,496.3033478809821,0.0,0.0
3057,2019-05-08 09:00:00,5,2019-05-08 10:00:00,0.06431,0.06431,0.06431,0.0,0.9567419106052758,498.989005171131,-0.0,2.6856572901489244,0.0,496.3033478809821,496.3033478809821,0.0,0.0
3058,2019-05-08 10:00:00,5,2019-05-08 11:00:00,0.06431,0.06431,0.06431,0.0,0.9518765894274698,558.9825574832898,-0.0,62.679209602307765,0.0,496.3033478809821,496.3033478809821,0.0,0.0
3059,2019-05-08 11:00:00,5,2019-05-08 12:00:00,0.06431,0.06431,0.06431,0.0,0.8383272966696659,529.3518727760421,-0.0,33.04852489506004,0.0,496.3033478809821,496.3033478809821,0.0,0.0
3060,2019-05-08 12:00:00,5,2019-05-08 13:00:00,0.06431,0.06431,0.06431,0.0,0.7784567805554268,526.4958538130998,-0.0,30.192505932117683,0.0,496.3033478809821,496.3033478809821,0.0,0.0
3061,2019-05-08 13:00:00,5,2019-05-08 14:00:00,0.06431,0.06431,0.06431,0.0,0.7237602118378222,515.9964596110349,-0.0,19.693111730052806,0.0,496.3033478809821,496.3033478809821,0.0,0.0
3062,2019-05-08 14:00:00,5,2019-05-08 15:00:00,0.10531,0.10531,0.10531,0.0,0.6880842847906251,507.19455183685017,-0.0,10.891203955868093,0.0,496.3033478809821,496.3033478809821,0.0,0.0
3063,2019-05-08 15:00:00,5,2019-05-08 16:00:00,0.10531,0.10531,0.10531,0.0,0.6683538428415887,509.3756026007371,-0.0,13.072254719755051,0.0,496.3033478809821,496.3033478809821,0.0,0.0
3064,2019-05-08 16:00:00,5,2019-05-08 17:00:00,0.13592,0.13592,0.13592,0.0,0.6446722219724672,506.08810218807207,-0.0,300.0,0.0,206.08810218807207,206.08810218807207,0.0,0.0
3065,2019-05-08 17:00:00,5,2019-05-08 18:00:00,0.13592,0.13592,0.13592,0.0,0.10119396110290202,494.763863522702,-0.0,0.0,0.0,494.763863522702,494.763863522702,0.0,1.0
3066,2019-05-08 18:00:00,5,2019-05-08 19:00:00,0.13592,0.13592,0.13592,0.0,0.10119396110290206,467.91734587936736,-0.0,28.259066528801938,0.0,439.6582793505654,439.6582793505654,0.0,0.0
3067,2019-05-08 19:00:00,5,2019-05-08 20:00:00,0.13592,0.13592,0.13592,0.0,0.05,430.6523684387498,-0.0,0.0,0.0,430.6523684387498,430.6523684387498,0.0,1.0
3068,2019-05-08 20:00:00,5,2019-05-08 21:00:00,0.13592,0.13592,0.13592,0.0,0.05,308.98707849826707,-0.0,0.0,0.0,308.98707849826707,308.98707849826707,0.0,1.0
3069,2019-05-08 21:00:00,5,2019-05-08 22:00:00,0.10531,0.10531,0.10531,0.0,0.05,206.8949187154201,-0.0,0.0,0.0,206.8949187154201,206.8949187154201,0.0,0.0
3070,2019-05-08 22:00:00,5,2019-05-08 23:00:00,0.10531,0.10531,0.10531,0.0,0.05,275.82949925604356,-108.57933315918146,0.0,0.0,384.408832415225,384.408832415225,0.0,1.0
3071,2019-05-08 23:00:00,5,2019-05-09 00:00:00,0.10531,0.10531,0.10531,0.0,0.21648831084407827,216.11189738947306,-0.0,0.0,0.0,216.11189738947306,216.11189738947306,0.0,0.0
3072,2019-05-09 00:00:00,5,2019-05-09 01:00:00,0.10531,0.10531,0.10531,0.0,0.21648831084407827,196.76214030119033,-0.0,0.0,0.0,196.76214030119033,196.76214030119033,0.0,0.0
3073,2019-05-09 01:00:00,5,2019-05-09 02:00:00,0.10531,0.10531,0.10531,0.0,0.21648831084407827,192.27464105053397,-0.0,0.0,0.0,192.27464105053397,192.27464105053397,0.0,0.0
3074,2019-05-09 02:00:00,5,2019-05-09 03:00:00,0.10531,0.10531,0.10531,0.0,0.21648831084407827,187.85278060020042,-0.0,0.0,0.0,187.85278060020042,187.85278060020042,0.0,0.0
3075,2019-05-09 03:00:00,5,2019-05-09 04:00:00,0.10531,0.10531,0.10531,0.0,0.21648831084407827,230.7124514024105,-118.82576822385666,0.0,0.0,349.53821962626716,349.53821962626716,0.0,1.0
3076,2019-05-09 04:00:00,5,2019-05-09 05:00:00,0.10531,0.10531,0.10531,0.0,0.39868782212065845,228.58044917858768,-0.0,0.0,0.0,228.58044917858768,228.58044917858768,0.0,0.0
3077,2019-05-09 05:00:00,5,2019-05-09 06:00:00,0.10531,0.10531,0.10531,0.0,0.39868782212065845,294.89236298589395,-201.41098489508812,0.0,0.0,496.3033478809821,496.3033478809821,0.0,1.0
3078,2019-05-09 06:00:00,5,2019-05-09 07:00:00,0.10531,0.10531,0.10531,0.0,0.7075179989597936,305.554216767804,-190.74913111317807,0.0,0.0,496.3033478809821,496.3033478809821,0.0,1.0
3079,2019-05-09 07:00:00,5,2019-05-09 08:00:00,0.10531,0.10531,0.10531,0.0,1.0,449.46435564765795,-0.0,0.0,0.0,449.46435564765795,449.46435564765795,0.0,0.0
3080,2019-05-09 08:00:00,5,2019-05-09 09:00:00,0.10531,0.10531,0.10531,0.0,1.0,509.9039361966207,-0.0,13.600588315638618,0.0,496.3033478809821,496.3033478809821,0.0,0.0
3081,2019-05-09 09:00:00,5,2019-05-09 10:00:00,0.06431,0.06431,0.06431,0.0,0.9753612530513792,490.7696606802798,-5.533687200702275,0.0,0.0,496.3033478809821,496.3033478809821,0.0,1.0
3082,2019-05-09 10:00:00,5,2019-05-09 11:00:00,0.06431,0.06431,0.06431,0.0,0.9838462400924561,553.8226432342634,-0.0,57.519295353281336,0.0,496.3033478809821,496.3033478809821,0.0,0.0
3083,2019-05-09 11:00:00,5,2019-05-09 12:00:00,0.06431,0.06431,0.06431,0.0,0.8796446180756421,521.7687246446677,-0.0,25.46537676368564,0.0,496.3033478809821,496.3033478809821,0.0,0.0
3084,2019-05-09 12:00:00,5,2019-05-09 13:00:00,0.06431,0.06431,0.06431,0.0,0.8335116891559218,518.9965716186327,-0.0,22.69322373765067,0.0,496.3033478809821,496.3033478809821,0.0,0.0
3085,2019-05-09 13:00:00,5,2019-05-09 14:00:00,0.06431,0.06431,0.06431,0.0,0.792400776587714,510.2491603786859,-0.0,13.945812497703798,0.0,496.3033478809821,496.3033478809821,0.0,0.0
3086,2019-05-09 14:00:00,5,2019-05-09 15:00:00,0.10531,0.10531,0.10531,0.0,0.7671366235121636,501.5774355338427,-0.0,5.274087652860601,0.0,496.3033478809821,496.3033478809821,0.0,0.0
3087,2019-05-09 15:00:00,5,2019-05-09 16:00:00,0.10531,0.10531,0.10531,0.0,0.7575821168946626,501.2601295649831,-0.0,4.956781684001044,0.0,496.3033478809821,496.3033478809821,0.0,0.0
3088,2019-05-09 16:00:00,5,2019-05-09 17:00:00,0.13592,0.13592,0.13592,0.0,0.7486024399308926,501.1675298327852,-0.0,85.6285468418527,0.0,415.5389829909325,415.5389829909325,0.0,0.0
3089,2019-05-09 17:00:00,5,2019-05-09 18:00:00,0.13592,0.13592,0.13592,0.0,0.5934782608695652,493.84234991264447,-0.0,300.0,0.0,193.84234991264447,193.84234991264447,0.0,0.0
3090,2019-05-09 18:00:00,5,2019-05-09 19:00:00,0.13592,0.13592,0.13592,0.0,0.05,455.20293450121113,-0.0,0.0,0.0,455.20293450121113,455.20293450121113,0.0,0.0
3091,2019-05-09 19:00:00,5,2019-05-09 20:00:00,0.13592,0.13592,0.13592,0.0,0.05,419.21992413619563,-0.0,0.0,0.0,419.21992413619563,419.21992413619563,0.0,1.0
3092,2019-05-09 20:00:00,5,2019-05-09 21:00:00,0.13592,0.13592,0.13592,0.0,0.05,297.6353671287396,-0.0,0.0,0.0,297.6353671287396,297.6353671287396,0.0,1.0
3093,2019-05-09 21:00:00,5,2019-05-09 22:00:00,0.10531,0.10531,0.10531,0.0,0.05,203.7856533023688,-0.0,0.0,0.0,203.7856533023688,203.7856533023688,0.0,0.0
3094,2019-05-09 22:00:00,5,2019-05-09 23:00:00,0.10531,0.10531,0.10531,0.0,0.05,272.7154291505237,-0.0,0.0,0.0,272.7154291505237,272.7154291505237,0.0,1.0
3095,2019-05-09 23:00:00,5,2019-05-10 00:00:00,0.10531,0.10531,0.10531,0.0,0.05,212.72644479025246,-0.0,0.0,0.0,212.72644479025246,212.72644479025246,0.0,0.0
3096,2019-05-10 00:00:00,5,2019-05-10 01:00:00,0.10531,0.10531,0.10531,0.0,0.05,194.6151845235214,-0.0,0.0,0.0,194.6151845235214,194.6151845235214,0.0,0.0
3097,2019-05-10 01:00:00,5,2019-05-10 02:00:00,0.10531,0.10531,0.10531,0.0,0.05,191.7379859692827,-0.0,0.0,0.0,191.7379859692827,191.7379859692827,0.0,0.0
3098,2019-05-10 02:00:00,5,2019-05-10 03:00:00,0.10531,0.10531,0.10531,0.0,0.05,189.7819673183061,-0.0,0.0,0.0,189.7819673183061,189.7819673183061,0.0,0.0
3099,2019-05-10 03:00:00,5,2019-05-10 04:00:00,0.10531,0.10531,0.10531,0.0,0.05,201.49858430714502,-141.0867099187764,0.0,0.0,342.5852942259214,342.5852942259214,0.0,1.0
3100,2019-05-10 04:00:00,5,2019-05-10 05:00:00,0.10531,0.10531,0.10531,0.0,0.2663329552087905,198.1958305414893,-0.0,0.0,0.0,198.1958305414893,198.1958305414893,0.0,0.0
3101,2019-05-10 05:00:00,5,2019-05-10 06:00:00,0.10531,0.10531,0.10531,0.0,0.2663329552087905,262.7736573254905,-233.52969055549158,0.0,0.0,496.3033478809821,496.3033478809821,0.0,1.0
3102,2019-05-10 06:00:00,5,2019-05-10 07:00:00,0.10531,0.10531,0.10531,0.0,0.6244118140605442,288.7517186203132,-207.55162926066885,0.0,0.0,496.3033478809821,496.3033478809821,0.0,1.0
3103,2019-05-10 07:00:00,5,2019-05-10 08:00:00,0.10531,0.10531,0.10531,0.0,0.9426576455935699,458.9061602246146,-37.397187656367464,0.0,0.0,496.3033478809821,496.3033478809821,0.0,1.0
3104,2019-05-10 08:00:00,5,2019-05-10 09:00:00,0.10531,0.10531,0.10531,0.0,1.0,530.0922814908877,-0.0,33.7889336099056,0.0,496.3033478809821,496.3033478809821,0.0,0.0
3105,2019-05-10 09:00:00,5,2019-05-10 10:00:00,0.06431,0.06431,0.06431,0.0,0.9387881637501709,509.0281674783945,-0.0,12.72481959741242,0.0,496.3033478809821,496.3033478809821,0.0,0.0
3106,2019-05-10 10:00:00,5,2019-05-10 11:00:00,0.06431,0.06431,0.06431,0.0,0.9157359543345687,570.3373523159954,-0.0,74.03400443501334,0.0,496.3033478809821,496.3033478809821,0.0,0.0
3107,2019-05-10 11:00:00,5,2019-05-10 12:00:00,0.06431,0.06431,0.06431,0.0,0.7816163810827329,544.52819153835,-0.0,48.224843657367956,0.0,496.3033478809821,496.3033478809821,0.0,0.0
3108,2019-05-10 12:00:00,5,2019-05-10 13:00:00,0.06431,0.06431,0.06431,0.0,0.6942525338773562,540.0567045693505,-0.0,43.7533566883684,0.0,496.3033478809821,496.3033478809821,0.0,0.0
3109,2019-05-10 13:00:00,5,2019-05-10 14:00:00,0.06431,0.06431,0.06431,0.0,0.6149892065433554,525.5031494262461,-0.0,29.199801545263995,0.0,496.3033478809821,496.3033478809821,0.0,0.0
3110,2019-05-10 14:00:00,5,2019-05-10 15:00:00,0.10531,0.10531,0.10531,0.0,0.562091015338167,510.3712748433334,-0.0,14.06792696235135,0.0,496.3033478809821,496.3033478809821,0.0,0.0
3111,2019-05-10 15:00:00,5,2019-05-10 16:00:00,0.10531,0.10531,0.10531,0.0,0.536605640406371,510.4103210137735,-0.0,14.106973132791438,0.0,496.3033478809821,496.3033478809821,0.0,0.0
3112,2019-05-10 16:00:00,5,2019-05-10 17:00:00,0.13592,0.13592,0.13592,0.0,0.5110495296585604,507.68197892478764,-0.0,11.37863104380557,0.0,496.3033478809821,496.3033478809821,0.0,0.0
3113,2019-05-10 17:00:00,5,2019-05-10 18:00:00,0.13592,0.13592,0.13592,0.0,0.49043606762268077,498.3255938292406,-0.0,2.022245948258501,0.0,496.3033478809821,496.3033478809821,0.0,0.0
3114,2019-05-10 18:00:00,5,2019-05-10 19:00:00,0.13592,0.13592,0.13592,0.0,0.4867725785859806,472.5690639182874,-0.0,0.0,0.0,472.5690639182874,472.5690639182874,0.0,0.0
3115,2019-05-10 19:00:00,5,2019-05-10 20:00:00,0.13592,0.13592,0.13592,0.0,0.4867725785859806,432.97450762757086,-0.0,241.0984633794613,0.0,191.87604424810957,191.87604424810957,0.0,0.0
3116,2019-05-10 20:00:00,5,2019-05-10 21:00:00,0.13592,0.13592,0.13592,0.0,0.05,308.7994720619686,-0.0,0.0,0.0,308.7994720619686,308.7994720619686,0.0,1.0
3117,2019-05-10 21:00:00,5,2019-05-10 22:00:00,0.10531,0.10531,0.10531,0.0,0.05,205.68252243003283,-0.0,0.0,0.0,205.68252243003283,205.68252243003283,0.0,0.0
3118,2019-05-10 22:00:00,5,2019-05-10 23:00:00,0.10531,0.10531,0.10531,0.0,0.05,273.17820932143616,-0.0,0.0,0.0,273.17820932143616,273.17820932143616,0.0,1.0
3119,2019-05-10 23:00:00,5,2019-05-11 00:00:00,0.10531,0.10531,0.10531,0.0,0.05,212.62709165702162,-0.0,0.0,0.0,212.62709165702162,212.62709165702162,0.0,0.0
3120,2019-05-11 00:00:00,5,2019-05-11 01:00:00,0.10531,0.10531,0.10531,0.0,0.05,193.3872850934435,-0.0,0.0,0.0,193.3872850934435,193.3872850934435,0.0,0.0
3121,2019-05-11 01:00:00,5,2019-05-11 02:00:00,0.10531,0.10531,0.10531,0.0,0.05,189.10783972713756,-0.0,0.0,0.0,189.10783972713756,189.10783972713756,0.0,0.0
3122,2019-05-11 02:00:00,5,2019-05-11 03:00:00,0.10531,0.10531,0.10531,0.0,0.05,185.8327834528901,-0.0,0.0,0.0,185.8327834528901,185.8327834528901,0.0,0.0
3123,2019-05-11 03:00:00,5,2019-05-11 04:00:00,0.10531,0.10531,0.10531,0.0,0.05,196.77074133591444,-180.6062093550542,0.0,0.0,377.37695069096867,377.37695069096867,0.0,1.0
3124,2019-05-11 04:00:00,5,2019-05-11 05:00:00,0.10531,0.10531,0.10531,0.0,0.32692952101108314,193.96988400807044,-0.0,0.0,0.0,193.96988400807044,193.96988400807044,0.0,0.0
3125,2019-05-11 05:00:00,5,2019-05-11 06:00:00,0.10531,0.10531,0.10531,0.0,0.32692952101108314,261.21562882274054,-235.08771905824153,0.0,0.0,496.3033478809821,496.3033478809821,0.0,1.0
3126,2019-05-11 06:00:00,5,2019-05-11 07:00:00,0.10531,0.10531,0.10531,0.0,0.6873973569003868,292.43205890297355,-203.87128897800852,0.0,0.0,496.3033478809821,496.3033478809821,0.0,1.0
3127,2019-05-11 07:00:00,5,2019-05-11 08:00:00,0.10531,0.10531,0.10531,0.0,1.0,464.24754964458026,-0.0,0.0,0.0,464.24754964458026,464.24754964458026,0.0,0.0
3128,2019-05-11 08:00:00,5,2019-05-11 09:00:00,0.10531,0.10531,0.10531,0.0,1.0,535.6269623411386,-0.0,39.32361446015648,0.0,496.3033478809821,496.3033478809821,0.0,0.0
3129,2019-05-11 09:00:00,5,2019-05-11 10:00:00,0.06431,0.06431,0.06431,0.0,0.9287615680069629,524.0635061800832,-0.0,27.760158299101136,0.0,496.3033478809821,496.3033478809821,0.0,0.0
3130,2019-05-11 10:00:00,5,2019-05-11 11:00:00,0.06431,0.06431,0.06431,0.0,0.8784714261607651,591.4913504097021,-0.0,95.18800252872006,0.0,496.3033478809821,496.3033478809821,0.0,0.0
3131,2019-05-11 11:00:00,5,2019-05-11 12:00:00,0.06431,0.06431,0.06431,0.0,0.7060293925942432,568.3320014881269,-0.0,72.02865360714486,0.0,496.3033478809821,496.3033478809821,0.0,0.0
3132,2019-05-11 12:00:00,5,2019-05-11 13:00:00,0.06431,0.06431,0.06431,0.0,0.575542701276952,559.8430669215048,-0.0,63.539719040522755,0.0,496.3033478809821,496.3033478809821,0.0,0.0
3133,2019-05-11 13:00:00,5,2019-05-11 14:00:00,0.06431,0.06431,0.06431,0.0,0.4604345146093383,541.8378091683101,-0.0,45.534461287327986,0.0,496.3033478809821,496.3033478809821,0.0,0.0
3134,2019-05-11 14:00:00,5,2019-05-11 15:00:00,0.10531,0.10531,0.10531,0.0,0.37794454850910647,528.7633843561384,-0.0,32.46003647515636,0.0,496.3033478809821,496.3033478809821,0.0,0.0
3135,2019-05-11 15:00:00,5,2019-05-11 16:00:00,0.10531,0.10531,0.10531,0.0,0.3191401346048377,523.7266048588932,-0.0,27.423256977911137,0.0,496.3033478809821,496.3033478809821,0.0,0.0
3136,2019-05-11 16:00:00,5,2019-05-11 17:00:00,0.13592,0.13592,0.13592,0.0,0.26946032123905667,518.2278251524938,-0.0,109.59402234405161,0.0,408.63380280844217,408.63380280844217,0.0,0.0
3137,2019-05-11 17:00:00,5,2019-05-11 18:00:00,0.13592,0.13592,0.13592,0.0,0.07092042568823854,507.8514228608897,-0.0,11.548074979907653,0.0,496.3033478809821,496.3033478809821,0.0,0.0
3138,2019-05-11 18:00:00,5,2019-05-11 19:00:00,0.13592,0.13592,0.13592,0.0,0.050000000000000044,482.7432373211376,-0.0,0.0,0.0,482.7432373211376,482.7432373211376,0.0,1.0
3139,2019-05-11 19:00:00,5,2019-05-11 20:00:00,0.13592,0.13592,0.13592,0.0,0.05,443.14594956172374,-0.0,0.0,0.0,443.14594956172374,443.14594956172374,0.0,1.0
3140,2019-05-11 20:00:00,5,2019-05-11 21:00:00,0.13592,0.13592,0.13592,0.0,0.05,315.64830074331144,-0.0,0.0,0.0,315.64830074331144,315.64830074331144,0.0,1.0
3141,2019-05-11 21:00:00,5,2019-05-11 22:00:00,0.10531,0.10531,0.10531,0.0,0.05,211.29532458263782,-0.0,0.0,0.0,211.29532458263782,211.29532458263782,0.0,0.0
3142,2019-05-11 22:00:00,5,2019-05-11 23:00:00,0.10531,0.10531,0.10531,0.0,0.05,279.14010403989056,-0.0,0.0,0.0,279.14010403989056,279.14010403989056,0.0,1.0
3143,2019-05-11 23:00:00,5,2019-05-12 00:00:00,0.10531,0.10531,0.10531,0.0,0.05,219.62050931972576,-0.0,0.0,0.0,219.62050931972576,219.62050931972576,0.0,0.0
3144,2019-05-12 00:00:00,5,2019-05-12 01:00:00,0.10531,0.10531,0.10531,0.0,0.05,200.68005701416465,-0.0,0.0,0.0,200.68005701416465,200.68005701416465,0.0,0.0
3145,2019-05-12 01:00:00,5,2019-05-12 02:00:00,0.10531,0.10531,0.10531,0.0,0.05,196.7926335584807,-0.0,0.0,0.0,196.7926335584807,196.7926335584807,0.0,0.0
3146,2019-05-12 02:00:00,5,2019-05-12 03:00:00,0.10531,0.10531,0.10531,0.0,0.05,193.78546290787511,-0.0,0.0,0.0,193.78546290787511,193.78546290787511,0.0,0.0
3147,2019-05-12 03:00:00,5,2019-05-12 04:00:00,0.10531,0.10531,0.10531,0.0,0.05,237.80509751156345,-0.0,0.0,0.0,237.80509751156345,237.80509751156345,0.0,0.0
3148,2019-05-12 04:00:00,5,2019-05-12 05:00:00,0.10531,0.10531,0.10531,0.0,0.05,235.42416572056234,-243.68950085271885,0.0,0.0,479.1136665732812,479.1136665732812,0.0,1.0
3149,2019-05-12 05:00:00,5,2019-05-12 06:00:00,0.10531,0.10531,0.10531,0.0,0.4236572346408356,302.35535005186927,-195.45382170525914,0.0,0.0,497.8091717571284,497.8091717571284,0.0,1.0
3150,2019-05-12 06:00:00,5,2019-05-12 07:00:00,0.10531,0.10531,0.10531,0.0,0.7233530945888996,317.38727692380206,-180.42189483332635,0.0,0.0,497.8091717571284,497.8091717571284,0.0,1.0
3151,2019-05-12 07:00:00,5,2019-05-12 08:00:00,0.10531,0.10531,0.10531,0.0,1.0,466.05756359068164,-0.0,0.0,0.0,466.05756359068164,466.05756359068164,0.0,1.0
3152,2019-05-12 08:00:00,5,2019-05-12 09:00:00,0.10531,0.10531,0.10531,0.0,1.0,538.1700493929003,-0.0,40.360877635771885,0.0,497.8091717571284,497.8091717571284,0.0,0.0
3153,2019-05-12 09:00:00,5,2019-05-12 10:00:00,0.06431,0.06431,0.06431,0.0,0.9268824680511378,533.1428719057784,-0.0,35.333700148649996,0.0,497.8091717571284,497.8091717571284,0.0,0.0
3154,2019-05-12 10:00:00,5,2019-05-12 11:00:00,0.06431,0.06431,0.06431,0.0,0.862872141694888,597.2934856993915,-0.0,99.48431394226304,0.0,497.8091717571284,497.8091717571284,0.0,0.0
3155,2019-05-12 11:00:00,5,2019-05-12 12:00:00,0.06431,0.06431,0.06431,0.0,0.6826469352777446,576.8497644438665,-0.0,79.04059268673814,0.0,497.8091717571284,497.8091717571284,0.0,0.0
3156,2019-05-12 12:00:00,5,2019-05-12 13:00:00,0.06431,0.06431,0.06431,0.0,0.5394574557727843,576.2987711466691,-0.0,78.48959938954064,0.0,497.8091717571284,497.8091717571284,0.0,0.0
3157,2019-05-12 13:00:00,5,2019-05-12 14:00:00,0.06431,0.06431,0.06431,0.0,0.3972661525308628,557.7810742870358,-0.0,59.971902529907396,0.0,497.8091717571284,497.8091717571284,0.0,0.0
3158,2019-05-12 14:00:00,5,2019-05-12 15:00:00,0.10531,0.10531,0.10531,0.0,0.2886214015708856,541.2293390720693,-0.0,43.42016731494081,0.0,497.8091717571284,497.8091717571284,0.0,0.0
3159,2019-05-12 15:00:00,5,2019-05-12 16:00:00,0.10531,0.10531,0.10531,0.0,0.20996167817425365,535.3413811767455,-0.0,37.53220941961703,0.0,497.8091717571284,497.8091717571284,0.0,0.0
3160,2019-05-12 16:00:00,5,2019-05-12 17:00:00,0.13592,0.13592,0.13592,0.0,0.14196854516770108,529.7650703498085,-0.0,31.955898592680114,0.0,497.8091717571284,497.8091717571284,0.0,0.0
3161,2019-05-12 17:00:00,5,2019-05-12 18:00:00,0.13592,0.13592,0.13592,0.0,0.08407742452878783,516.6199100970193,-0.0,18.81073833989089,0.0,497.8091717571284,497.8091717571284,0.0,0.0
3162,2019-05-12 18:00:00,5,2019-05-12 19:00:00,0.13592,0.13592,0.13592,0.0,0.05,476.17195937262846,-0.0,0.0,0.0,476.17195937262846,476.17195937262846,0.0,1.0
3163,2019-05-12 19:00:00,5,2019-05-12 20:00:00,0.13592,0.13592,0.13592,0.0,0.05,438.4944511947952,-0.0,0.0,0.0,438.4944511947952,438.4944511947952,0.0,1.0
3164,2019-05-12 20:00:00,5,2019-05-12 21:00:00,0.13592,0.13592,0.13592,0.0,0.05,313.357832362707,-0.0,0.0,0.0,313.357832362707,313.357832362707,0.0,1.0
3165,2019-05-12 21:00:00,5,2019-05-12 22:00:00,0.10531,0.10531,0.10531,0.0,0.05,219.57100263721512,-0.0,0.0,0.0,219.57100263721512,219.57100263721512,0.0,0.0
3166,2019-05-12 22:00:00,5,2019-05-12 23:00:00,0.10531,0.10531,0.10531,0.0,0.05,287.4420464250734,-0.0,0.0,0.0,287.4420464250734,287.4420464250734,0.0,1.0
3167,2019-05-12 23:00:00,5,2019-05-13 00:00:00,0.10531,0.10531,0.10531,0.0,0.05,231.02954668307478,-0.0,0.0,0.0,231.02954668307478,231.02954668307478,0.0,0.0
3168,2019-05-13 00:00:00,5,2019-05-13 01:00:00,0.10531,0.10531,0.10531,0.0,0.05,208.74340922397286,-0.0,0.0,0.0,208.74340922397286,208.74340922397286,0.0,0.0
3169,2019-05-13 01:00:00,5,2019-05-13 02:00:00,0.10531,0.10531,0.10531,0.0,0.05,206.56896740749266,-0.0,0.0,0.0,206.56896740749266,206.56896740749266,0.0,0.0
3170,2019-05-13 02:00:00,5,2019-05-13 03:00:00,0.10531,0.10531,0.10531,0.0,0.05,204.1388862940211,-0.0,0.0,0.0,204.1388862940211,204.1388862940211,0.0,0.0
3171,2019-05-13 03:00:00,5,2019-05-13 04:00:00,0.10531,0.10531,0.10531,0.0,0.05,215.75295751390604,-71.92863780789962,0.0,0.0,287.6815953218057,287.6815953218057,0.0,1.0
3172,2019-05-13 04:00:00,5,2019-05-13 05:00:00,0.10531,0.10531,0.10531,0.0,0.16029057797211274,212.51197638591566,-0.0,0.0,0.0,212.51197638591566,212.51197638591566,0.0,0.0
3173,2019-05-13 05:00:00,5,2019-05-13 06:00:00,0.10531,0.10531,0.10531,0.0,0.16029057797211274,251.96029182337952,-245.8488799337489,0.0,0.0,497.8091717571284,497.8091717571284,0.0,1.0
3174,2019-05-13 06:00:00,5,2019-05-13 07:00:00,0.10531,0.10531,0.10531,0.0,0.5372588605371944,282.4413319963597,-215.36783976076873,0.0,0.0,497.8091717571284,497.8091717571284,0.0,1.0
3175,2019-05-13 07:00:00,5,2019-05-13 08:00:00,0.10531,0.10531,0.10531,0.0,0.8674895481703732,411.38931186824135,-86.41985988888706,0.0,0.0,497.8091717571284,497.8091717571284,0.0,1.0
3176,2019-05-13 08:00:00,5,2019-05-13 09:00:00,0.10531,0.10531,0.10531,0.0,1.0,458.36128327655905,-0.0,0.0,0.0,458.36128327655905,458.36128327655905,0.0,0.0
3177,2019-05-13 09:00:00,5,2019-05-13 10:00:00,0.06431,0.06431,0.06431,0.0,1.0,513.8101994355969,-0.0,16.001027678468517,0.0,497.8091717571284,497.8091717571284,0.0,0.0
3178,2019-05-13 10:00:00,5,2019-05-13 11:00:00,0.06431,0.06431,0.06431,0.0,0.9710126310172672,584.681692278159,-0.0,86.87252052103054,0.0,497.8091717571284,497.8091717571284,0.0,0.0
3179,2019-05-13 11:00:00,5,2019-05-13 12:00:00,0.06431,0.06431,0.06431,0.0,0.8136348764501828,561.581118369218,-0.0,63.77194661208955,0.0,497.8091717571284,497.8091717571284,0.0,0.0
3180,2019-05-13 12:00:00,5,2019-05-13 13:00:00,0.06431,0.06431,0.06431,0.0,0.6981059876601656,562.6163165315097,-0.0,64.8071447743813,0.0,497.8091717571284,497.8091717571284,0.0,0.0
3181,2019-05-13 13:00:00,5,2019-05-13 14:00:00,0.06431,0.06431,0.06431,0.0,0.5807017398804893,552.0467634553635,-0.0,54.237591698235065,0.0,497.8091717571284,497.8091717571284,0.0,0.0
3182,2019-05-13 14:00:00,5,2019-05-13 15:00:00,0.10531,0.10531,0.10531,0.0,0.4824452331807882,541.6908506977287,-0.0,43.881678940600295,0.0,497.8091717571284,497.8091717571284,0.0,0.0
3183,2019-05-13 15:00:00,5,2019-05-13 16:00:00,0.10531,0.10531,0.10531,0.0,0.40294943799854127,537.8740146064371,-0.0,40.06484284930866,0.0,497.8091717571284,497.8091717571284,0.0,0.0
3184,2019-05-13 16:00:00,5,2019-05-13 17:00:00,0.13592,0.13592,0.13592,0.0,0.33036820095269226,531.1992083173744,-0.0,154.76324692588614,0.0,376.43596139148826,376.43596139148826,0.0,0.0
3185,2019-05-13 17:00:00,5,2019-05-13 18:00:00,0.13592,0.13592,0.13592,0.0,0.05,487.7291824408898,-0.0,0.0,0.0,487.7291824408898,487.7291824408898,0.0,0.0
3186,2019-05-13 18:00:00,5,2019-05-13 19:00:00,0.13592,0.13592,0.13592,0.0,0.05,400.0862793321976,-0.0,0.0,0.0,400.0862793321976,400.0862793321976,0.0,0.0
3187,2019-05-13 19:00:00,5,2019-05-13 20:00:00,0.13592,0.13592,0.13592,0.0,0.05,390.2601910942542,-0.0,0.0,0.0,390.2601910942542,390.2601910942542,0.0,1.0
3188,2019-05-13 20:00:00,5,2019-05-13 21:00:00,0.13592,0.13592,0.13592,0.0,0.05,292.5696422660808,-0.0,0.0,0.0,292.5696422660808,292.5696422660808,0.0,1.0
3189,2019-05-13 21:00:00,5,2019-05-13 22:00:00,0.10531,0.10531,0.10531,0.0,0.05,214.27418956126854,-0.0,0.0,0.0,214.27418956126854,214.27418956126854,0.0,0.0
3190,2019-05-13 22:00:00,5,2019-05-13 23:00:00,0.10531,0.10531,0.10531,0.0,0.05,282.07878784669845,-0.0,0.0,0.0,282.07878784669845,282.07878784669845,0.0,1.0
3191,2019-05-13 23:00:00,5,2019-05-14 00:00:00,0.10531,0.10531,0.10531,0.0,0.05,225.58079210627318,-0.0,0.0,0.0,225.58079210627318,225.58079210627318,0.0,0.0
3192,2019-05-14 00:00:00,5,2019-05-14 01:00:00,0.10531,0.10531,0.10531,0.0,0.05,207.94654174971058,-0.0,0.0,0.0,207.94654174971058,207.94654174971058,0.0,0.0
3193,2019-05-14 01:00:00,5,2019-05-14 02:00:00,0.10531,0.10531,0.10531,0.0,0.05,205.05178280362674,-0.0,0.0,0.0,205.05178280362674,205.05178280362674,0.0,0.0
3194,2019-05-14 02:00:00,5,2019-05-14 03:00:00,0.10531,0.10531,0.10531,0.0,0.05,203.19644751668255,-0.0,0.0,0.0,203.19644751668255,203.19644751668255,0.0,0.0
3195,2019-05-14 03:00:00,5,2019-05-14 04:00:00,0.10531,0.10531,0.10531,0.0,0.05,216.08964162663798,-0.0,0.0,0.0,216.08964162663798,216.08964162663798,0.0,0.0
3196,2019-05-14 04:00:00,5,2019-05-14 05:00:00,0.10531,0.10531,0.10531,0.0,0.05,214.1377726563322,-283.6713991007962,0.0,0.0,497.8091717571284,497.8091717571284,0.0,1.0
3197,2019-05-14 05:00:00,5,2019-05-14 06:00:00,0.10531,0.10531,0.10531,0.0,0.48496281195455415,254.81358199095314,-0.0,0.0,0.0,254.81358199095314,254.81358199095314,0.0,0.0
3198,2019-05-14 06:00:00,5,2019-05-14 07:00:00,0.10531,0.10531,0.10531,0.0,0.48496281195455415,287.37655530091115,-0.0,0.0,0.0,287.37655530091115,287.37655530091115,0.0,0.0
3199,2019-05-14 07:00:00,5,2019-05-14 08:00:00,0.10531,0.10531,0.10531,0.0,0.48496281195455415,357.96288647562443,-38.56250747678791,0.0,0.0,396.52539395241234,396.52539395241234,0.0,1.0
3200,2019-05-14 08:00:00,5,2019-05-14 09:00:00,0.10531,0.10531,0.10531,0.0,0.5440919900856289,308.52924935246483,-0.0,0.0,0.0,308.52924935246483,308.52924935246483,0.0,1.0
3201,2019-05-14 09:00:00,5,2019-05-14 10:00:00,0.06431,0.06431,0.06431,0.0,0.5440919900856289,379.6089497762392,-118.20022198088918,0.0,0.0,497.8091717571284,497.8091717571284,0.0,1.0
3202,2019-05-14 10:00:00,5,2019-05-14 11:00:00,0.06431,0.06431,0.06431,0.0,0.7253323304563256,438.40730159626474,-59.401870160863666,0.0,0.0,497.8091717571284,497.8091717571284,0.0,1.0
3203,2019-05-14 11:00:00,5,2019-05-14 12:00:00,0.06431,0.06431,0.06431,0.0,0.8164151980363166,463.2451165106462,-34.56405524648221,0.0,0.0,497.8091717571284,497.8091717571284,0.0,1.0
3204,2019-05-14 12:00:00,5,2019-05-14 13:00:00,0.06431,0.06431,0.06431,0.0,0.8694134160809225,460.98718435513194,-36.821987401996466,0.0,0.0,497.8091717571284,497.8091717571284,0.0,1.0
3205,2019-05-14 13:00:00,5,2019-05-14 14:00:00,0.06431,0.06431,0.06431,0.0,0.9258737967639837,449.46599573363966,-48.34317602348875,0.0,0.0,497.8091717571284,497.8091717571284,0.0,1.0
3206,2019-05-14 14:00:00,5,2019-05-14 15:00:00,0.10531,0.10531,0.10531,0.0,1.0,441.1399913025268,-0.0,0.0,0.0,441.1399913025268,441.1399913025268,0.0,0.0
3207,2019-05-14 15:00:00,5,2019-05-14 16:00:00,0.10531,0.10531,0.10531,0.0,1.0,442.47040272518547,-0.0,0.0,0.0,442.47040272518547,442.47040272518547,0.0,1.0
3208,2019-05-14 16:00:00,5,2019-05-14 17:00:00,0.13592,0.13592,0.13592,0.0,1.0,383.6729858410372,-0.0,224.4,0.0,159.27298584103718,159.27298584103718,0.0,0.0
3209,2019-05-14 17:00:00,5,2019-05-14 18:00:00,0.13592,0.13592,0.13592,0.0,0.5934782608695652,394.35644807678466,-0.0,0.0,0.0,394.35644807678466,394.35644807678466,0.0,0.0
3210,2019-05-14 18:00:00,5,2019-05-14 19:00:00,0.13592,0.13592,0.13592,0.0,0.5934782608695652,365.7003741063463,-0.0,0.0,0.0,365.7003741063463,365.7003741063463,0.0,0.0
3211,2019-05-14 19:00:00,5,2019-05-14 20:00:00,0.13592,0.13592,0.13592,0.0,0.5934782608695652,364.04886614899783,-0.0,300.0,0.0,64.04886614899783,64.04886614899783,0.0,0.0
3212,2019-05-14 20:00:00,5,2019-05-14 21:00:00,0.13592,0.13592,0.13592,0.0,0.05,328.92464807082325,-0.0,0.0,0.0,328.92464807082325,328.92464807082325,0.0,1.0
3213,2019-05-14 21:00:00,5,2019-05-14 22:00:00,0.10531,0.10531,0.10531,0.0,0.05,222.92122742239445,-0.0,0.0,0.0,222.92122742239445,222.92122742239445,0.0,0.0
3214,2019-05-14 22:00:00,5,2019-05-14 23:00:00,0.10531,0.10531,0.10531,0.0,0.05,288.8991265715078,-0.0,0.0,0.0,288.8991265715078,288.8991265715078,0.0,1.0
3215,2019-05-14 23:00:00,5,2019-05-15 00:00:00,0.10531,0.10531,0.10531,0.0,0.05,232.68378834624158,-0.0,0.0,0.0,232.68378834624158,232.68378834624158,0.0,0.0
3216,2019-05-15 00:00:00,5,2019-05-15 01:00:00,0.10531,0.10531,0.10531,0.0,0.05,216.7668498173867,-0.0,0.0,0.0,216.7668498173867,216.7668498173867,0.0,0.0
3217,2019-05-15 01:00:00,5,2019-05-15 02:00:00,0.10531,0.10531,0.10531,0.0,0.05,212.55550539586238,-0.0,0.0,0.0,212.55550539586238,212.55550539586238,0.0,0.0
3218,2019-05-15 02:00:00,5,2019-05-15 03:00:00,0.10531,0.10531,0.10531,0.0,0.05,209.0358450206834,-0.0,0.0,0.0,209.0358450206834,209.0358450206834,0.0,0.0
3219,2019-05-15 03:00:00,5,2019-05-15 04:00:00,0.10531,0.10531,0.10531,0.0,0.05,220.7944354929234,-277.014736264205,0.0,0.0,497.8091717571284,497.8091717571284,0.0,1.0
3220,2019-05-15 04:00:00,5,2019-05-15 05:00:00,0.10531,0.10531,0.10531,0.0,0.47475592893844765,218.31661295347973,-279.49255880364865,0.0,0.0,497.8091717571284,497.8091717571284,0.0,1.0
3221,2019-05-15 05:00:00,5,2019-05-15 06:00:00,0.10531,0.10531,0.10531,0.0,0.9033111857707089,284.2309519877743,-63.057922323450676,0.0,0.0,347.28887431122496,347.28887431122496,0.0,1.0
3222,2019-05-15 06:00:00,5,2019-05-15 07:00:00,0.10531,0.10531,0.10531,0.0,1.0,317.0053518240005,-0.0,0.0,0.0,317.0053518240005,317.0053518240005,0.0,0.0
3223,2019-05-15 07:00:00,5,2019-05-15 08:00:00,0.10531,0.10531,0.10531,0.0,1.0,476.30522324760807,-0.0,0.0,0.0,476.30522324760807,476.30522324760807,0.0,0.0
3224,2019-05-15 08:00:00,5,2019-05-15 09:00:00,0.10531,0.10531,0.10531,0.0,1.0,539.002176221079,-0.0,41.193004463950615,0.0,497.8091717571284,497.8091717571284,0.0,0.0
3225,2019-05-15 09:00:00,5,2019-05-15 10:00:00,0.06431,0.06431,0.06431,0.0,0.9253749919131328,526.6696718089579,-0.0,28.86050005182949,0.0,497.8091717571284,497.8091717571284,0.0,0.0
3226,2019-05-15 10:00:00,5,2019-05-15 11:00:00,0.06431,0.06431,0.06431,0.0,0.8730914773264851,583.5203226810405,-0.0,85.7111509239121,0.0,497.8091717571284,497.8091717571284,0.0,0.0
3227,2019-05-15 11:00:00,5,2019-05-15 12:00:00,0.06431,0.06431,0.06431,0.0,0.7178176531889633,554.0464203241438,-0.0,56.2372485670154,0.0,497.8091717571284,497.8091717571284,0.0,0.0
3228,2019-05-15 12:00:00,5,2019-05-15 13:00:00,0.06431,0.06431,0.06431,0.0,0.6159385796979934,549.8207283501723,-0.0,52.011556593043906,0.0,497.8091717571284,497.8091717571284,0.0,0.0
3229,2019-05-15 13:00:00,5,2019-05-15 14:00:00,0.06431,0.06431,0.06431,0.0,0.5217147452903051,538.6137726264843,-0.0,40.80460086935591,0.0,497.8091717571284,497.8091717571284,0.0,0.0
3230,2019-05-15 14:00:00,5,2019-05-15 15:00:00,0.10531,0.10531,0.10531,0.0,0.44779336690379085,527.632784890261,-0.0,29.82361313313254,0.0,497.8091717571284,497.8091717571284,0.0,0.0
3231,2019-05-15 15:00:00,5,2019-05-15 16:00:00,0.10531,0.10531,0.10531,0.0,0.3937650822423189,522.5702368973343,-0.0,24.761065140205915,0.0,497.8091717571284,497.8091717571284,0.0,0.0
3232,2019-05-15 16:00:00,5,2019-05-15 17:00:00,0.13592,0.13592,0.13592,0.0,0.3489080801767285,517.1842686739705,-0.0,159.00261982522025,0.0,358.1816488487502,358.1816488487502,0.0,0.0
3233,2019-05-15 17:00:00,5,2019-05-15 18:00:00,0.13592,0.13592,0.13592,0.0,0.06085985585567732,503.8038121894623,-0.0,5.994640432333881,0.0,497.8091717571284,497.8091717571284,0.0,0.0
3234,2019-05-15 18:00:00,5,2019-05-15 19:00:00,0.13592,0.13592,0.13592,0.0,0.05,478.57649763242824,-0.0,0.0,0.0,478.57649763242824,478.57649763242824,0.0,1.0
3235,2019-05-15 19:00:00,5,2019-05-15 20:00:00,0.13592,0.13592,0.13592,0.0,0.05,439.54362781156703,-0.0,0.0,0.0,439.54362781156703,439.54362781156703,0.0,1.0
3236,2019-05-15 20:00:00,5,2019-05-15 21:00:00,0.13592,0.13592,0.13592,0.0,0.05,315.62520529568746,-0.0,0.0,0.0,315.62520529568746,315.62520529568746,0.0,1.0
3237,2019-05-15 21:00:00,5,2019-05-15 22:00:00,0.10531,0.10531,0.10531,0.0,0.05,212.62684360454296,-0.0,0.0,0.0,212.62684360454296,212.62684360454296,0.0,0.0
3238,2019-05-15 22:00:00,5,2019-05-15 23:00:00,0.10531,0.10531,0.10531,0.0,0.05,280.29218787520523,-0.0,0.0,0.0,280.29218787520523,280.29218787520523,0.0,1.0
3239,2019-05-15 23:00:00,5,2019-05-16 00:00:00,0.10531,0.10531,0.10531,0.0,0.05,220.9161605738805,-0.0,0.0,0.0,220.9161605738805,220.9161605738805,0.0,0.0
3240,2019-05-16 00:00:00,5,2019-05-16 01:00:00,0.10531,0.10531,0.10531,0.0,0.05,202.66839031658327,-0.0,0.0,0.0,202.66839031658327,202.66839031658327,0.0,0.0
3241,2019-05-16 01:00:00,5,2019-05-16 02:00:00,0.10531,0.10531,0.10531,0.0,0.05,199.40029218003272,-0.0,0.0,0.0,199.40029218003272,199.40029218003272,0.0,0.0
3242,2019-05-16 02:00:00,5,2019-05-16 03:00:00,0.10531,0.10531,0.10531,0.0,0.05,196.19317371313724,-0.0,0.0,0.0,196.19317371313724,196.19317371313724,0.0,0.0
3243,2019-05-16 03:00:00,5,2019-05-16 04:00:00,0.10531,0.10531,0.10531,0.0,0.05,240.4239585509607,-257.3852132061677,0.0,0.0,497.8091717571284,497.8091717571284,0.0,1.0
3244,2019-05-16 04:00:00,5,2019-05-16 05:00:00,0.10531,0.10531,0.10531,0.0,0.4446573269161238,238.9081642116728,-258.9010075454556,0.0,0.0,497.8091717571284,497.8091717571284,0.0,1.0
3245,2019-05-16 05:00:00,5,2019-05-16 06:00:00,0.10531,0.10531,0.10531,0.0,0.8416388718191559,305.5463918834237,-0.0,0.0,0.0,305.5463918834237,305.5463918834237,0.0,1.0
3246,2019-05-16 06:00:00,5,2019-05-16 07:00:00,0.10531,0.10531,0.10531,0.0,0.8416388718191559,321.3096757710809,-103.27899663968097,0.0,0.0,424.58867241076183,424.58867241076183,0.0,1.0
3247,2019-05-16 07:00:00,5,2019-05-16 08:00:00,0.10531,0.10531,0.10531,0.0,1.0,470.04763881601326,-0.0,0.0,0.0,470.04763881601326,470.04763881601326,0.0,1.0
3248,2019-05-16 08:00:00,5,2019-05-16 09:00:00,0.10531,0.10531,0.10531,0.0,1.0,538.4635391041841,-0.0,40.654367347055654,0.0,497.8091717571284,497.8091717571284,0.0,0.0
3249,2019-05-16 09:00:00,5,2019-05-16 10:00:00,0.06431,0.06431,0.06431,0.0,0.9263507837915658,532.9558725435337,-0.0,35.14670078640529,0.0,497.8091717571284,497.8091717571284,0.0,0.0
3250,2019-05-16 10:00:00,5,2019-05-16 11:00:00,0.06431,0.06431,0.06431,0.0,0.8626792243959039,595.261951326536,-0.0,97.45277956940754,0.0,497.8091717571284,497.8091717571284,0.0,0.0
3251,2019-05-16 11:00:00,5,2019-05-16 12:00:00,0.06431,0.06431,0.06431,0.0,0.6861343338716149,569.3697384629054,-0.0,71.56056670577698,0.0,497.8091717571284,497.8091717571284,0.0,0.0
3252,2019-05-16 12:00:00,5,2019-05-16 13:00:00,0.06431,0.06431,0.06431,0.0,0.5564956260712944,557.1912211651411,-0.0,59.382049408012676,0.0,497.8091717571284,497.8091717571284,0.0,0.0
3253,2019-05-16 13:00:00,5,2019-05-16 14:00:00,0.06431,0.06431,0.06431,0.0,0.4489194496075033,537.4832812631975,-0.0,39.674109506069044,0.0,497.8091717571284,497.8091717571284,0.0,0.0
3254,2019-05-16 14:00:00,5,2019-05-16 15:00:00,0.10531,0.10531,0.10531,0.0,0.37704606282114633,523.3970166385843,-0.0,25.587844881455908,0.0,497.8091717571284,497.8091717571284,0.0,0.0
3255,2019-05-16 15:00:00,5,2019-05-16 16:00:00,0.10531,0.10531,0.10531,0.0,0.3306912713692335,519.2349491594958,-0.0,21.42577740236743,0.0,497.8091717571284,497.8091717571284,0.0,0.0
3256,2019-05-16 16:00:00,5,2019-05-16 17:00:00,0.13592,0.13592,0.13592,0.0,0.29187645723450983,513.8268268719468,-0.0,16.017655114818353,0.0,497.8091717571284,497.8091717571284,0.0,0.0
3257,2019-05-16 17:00:00,5,2019-05-16 18:00:00,0.13592,0.13592,0.13592,0.0,0.2628589660844766,502.04584109618753,-0.0,4.2366693390591195,0.0,497.8091717571284,497.8091717571284,0.0,0.0
3258,2019-05-16 18:00:00,5,2019-05-16 19:00:00,0.13592,0.13592,0.13592,0.0,0.25518384047023907,462.19642988777304,-0.0,113.26147993957197,0.0,348.93494994820105,348.93494994820105,0.0,0.0
3259,2019-05-16 19:00:00,5,2019-05-16 20:00:00,0.13592,0.13592,0.13592,0.0,0.05,428.2022243375887,-0.0,0.0,0.0,428.2022243375887,428.2022243375887,0.0,1.0
3260,2019-05-16 20:00:00,5,2019-05-16 21:00:00,0.13592,0.13592,0.13592,0.0,0.05,307.00177804940813,-0.0,0.0,0.0,307.00177804940813,307.00177804940813,0.0,1.0
3261,2019-05-16 21:00:00,5,2019-05-16 22:00:00,0.10531,0.10531,0.10531,0.0,0.05,213.98395114709268,-0.0,0.0,0.0,213.98395114709268,213.98395114709268,0.0,0.0
3262,2019-05-16 22:00:00,5,2019-05-16 23:00:00,0.10531,0.10531,0.10531,0.0,0.05,281.9527138938494,-0.0,0.0,0.0,281.9527138938494,281.9527138938494,0.0,1.0
3263,2019-05-16 23:00:00,5,2019-05-17 00:00:00,0.10531,0.10531,0.10531,0.0,0.05,223.59800643071648,-0.0,0.0,0.0,223.59800643071648,223.59800643071648,0.0,0.0
3264,2019-05-17 00:00:00,5,2019-05-17 01:00:00,0.10531,0.10531,0.10531,0.0,0.05,204.58674229028196,-0.0,0.0,0.0,204.58674229028196,204.58674229028196,0.0,0.0
3265,2019-05-17 01:00:00,5,2019-05-17 02:00:00,0.10531,0.10531,0.10531,0.0,0.05,201.46113503503398,-0.0,0.0,0.0,201.46113503503398,201.46113503503398,0.0,0.0
3266,2019-05-17 02:00:00,5,2019-05-17 03:00:00,0.10531,0.10531,0.10531,0.0,0.05,199.82038385624332,-0.0,0.0,0.0,199.82038385624332,199.82038385624332,0.0,0.0
3267,2019-05-17 03:00:00,5,2019-05-17 04:00:00,0.10531,0.10531,0.10531,0.0,0.05,212.060767620725,-0.0,0.0,0.0,212.060767620725,212.060767620725,0.0,0.0
3268,2019-05-17 04:00:00,5,2019-05-17 05:00:00,0.10531,0.10531,0.10531,0.0,0.05,210.02663332687422,-209.20363549228423,0.0,0.0,419.2302688191585,419.2302688191585,0.0,1.0
3269,2019-05-17 05:00:00,5,2019-05-17 06:00:00,0.10531,0.10531,0.10531,0.0,0.37077890775483585,276.74953607541454,-221.05963568171387,0.0,0.0,497.8091717571284,497.8091717571284,0.0,1.0
3270,2019-05-17 06:00:00,5,2019-05-17 07:00:00,0.10531,0.10531,0.10531,0.0,0.7097370158001305,308.5072255398222,-189.30194621730624,0.0,0.0,497.8091717571284,497.8091717571284,0.0,1.0
3271,2019-05-17 07:00:00,5,2019-05-17 08:00:00,0.10531,0.10531,0.10531,0.0,1.0,466.68081123397326,-0.0,0.0,0.0,466.68081123397326,466.68081123397326,0.0,1.0
3272,2019-05-17 08:00:00,5,2019-05-17 09:00:00,0.10531,0.10531,0.10531,0.0,1.0,526.1229753690304,-0.0,28.313803611902017,0.0,497.8091717571284,497.8091717571284,0.0,0.0
3273,2019-05-17 09:00:00,5,2019-05-17 10:00:00,0.06431,0.06431,0.06431,0.0,0.9487068775146702,509.42486927775786,-0.0,11.615697520629453,0.0,497.8091717571284,497.8091717571284,0.0,0.0
3274,2019-05-17 10:00:00,5,2019-05-17 11:00:00,0.06431,0.06431,0.06431,0.0,0.9276639472236748,568.3050503156664,-0.0,70.49587855853804,0.0,497.8091717571284,497.8091717571284,0.0,0.0
3275,2019-05-17 11:00:00,5,2019-05-17 12:00:00,0.06431,0.06431,0.06431,0.0,0.7999540222987871,539.2453823519319,-0.0,41.43621059480347,0.0,497.8091717571284,497.8091717571284,0.0,0.0
3276,2019-05-17 12:00:00,5,2019-05-17 13:00:00,0.06431,0.06431,0.06431,0.0,0.7248884233951576,538.6480143894448,-0.0,40.838842632316414,0.0,497.8091717571284,497.8091717571284,0.0,0.0
3277,2019-05-17 13:00:00,5,2019-05-17 14:00:00,0.06431,0.06431,0.06431,0.0,0.6509050128293671,529.4339450071693,-0.0,31.624773250040903,0.0,497.8091717571284,497.8091717571284,0.0,0.0
3278,2019-05-17 14:00:00,5,2019-05-17 15:00:00,0.10531,0.10531,0.10531,0.0,0.5936137569416118,519.9580786776011,-0.0,22.148906920472655,0.0,497.8091717571284,497.8091717571284,0.0,0.0
3279,2019-05-17 15:00:00,5,2019-05-17 16:00:00,0.10531,0.10531,0.10531,0.0,0.553488925563944,515.8740060179489,-0.0,18.064834260820476,0.0,497.8091717571284,497.8091717571284,0.0,0.0
3280,2019-05-17 16:00:00,5,2019-05-17 17:00:00,0.13592,0.13592,0.13592,0.0,0.5207627765407185,510.50762628184106,-0.0,258.99678996381374,0.0,251.51083631802732,251.51083631802732,0.0,0.0
3281,2019-05-17 17:00:00,5,2019-05-17 18:00:00,0.13592,0.13592,0.13592,0.0,0.05156569327293998,498.6734344437913,-0.0,0.8642626866628689,0.0,497.8091717571284,497.8091717571284,0.0,0.0
3282,2019-05-17 18:00:00,5,2019-05-17 19:00:00,0.13592,0.13592,0.13592,0.0,0.05,472.41179264170734,-0.0,0.0,0.0,472.41179264170734,472.41179264170734,0.0,0.0
3283,2019-05-17 19:00:00,5,2019-05-17 20:00:00,0.13592,0.13592,0.13592,0.0,0.05,433.7355080610951,-0.0,0.0,0.0,433.7355080610951,433.7355080610951,0.0,1.0
3284,2019-05-17 20:00:00,5,2019-05-17 21:00:00,0.13592,0.13592,0.13592,0.0,0.05,310.0156102746021,-0.0,0.0,0.0,310.0156102746021,310.0156102746021,0.0,1.0
3285,2019-05-17 21:00:00,5,2019-05-17 22:00:00,0.10531,0.10531,0.10531,0.0,0.05,207.07541510249445,-0.0,0.0,0.0,207.07541510249445,207.07541510249445,0.0,0.0
3286,2019-05-17 22:00:00,5,2019-05-17 23:00:00,0.10531,0.10531,0.10531,0.0,0.05,275.5153495554617,-0.0,0.0,0.0,275.5153495554617,275.5153495554617,0.0,1.0
3287,2019-05-17 23:00:00,5,2019-05-18 00:00:00,0.10531,0.10531,0.10531,0.0,0.05,215.48212634694775,-0.0,0.0,0.0,215.48212634694775,215.48212634694775,0.0,0.0
3288,2019-05-18 00:00:00,5,2019-05-18 01:00:00,0.10531,0.10531,0.10531,0.0,0.05,196.97192708878103,-0.0,0.0,0.0,196.97192708878103,196.97192708878103,0.0,0.0
3289,2019-05-18 01:00:00,5,2019-05-18 02:00:00,0.10531,0.10531,0.10531,0.0,0.05,193.32912882673565,-0.0,0.0,0.0,193.32912882673565,193.32912882673565,0.0,0.0
3290,2019-05-18 02:00:00,5,2019-05-18 03:00:00,0.10531,0.10531,0.10531,0.0,0.05,190.34929712080609,-0.0,0.0,0.0,190.34929712080609,190.34929712080609,0.0,0.0
3291,2019-05-18 03:00:00,5,2019-05-18 04:00:00,0.10531,0.10531,0.10531,0.0,0.05,201.48495115634682,-141.02131552158258,0.0,0.0,342.5062666779294,342.5062666779294,0.0,1.0
3292,2019-05-18 04:00:00,5,2019-05-18 05:00:00,0.10531,0.10531,0.10531,0.0,0.26623268379975995,198.7374895373803,-0.0,0.0,0.0,198.7374895373803,198.7374895373803,0.0,0.0
3293,2019-05-18 05:00:00,5,2019-05-18 06:00:00,0.10531,0.10531,0.10531,0.0,0.26623268379975995,264.8871391596039,-232.9220325975245,0.0,0.0,497.8091717571284,497.8091717571284,0.0,1.0
3294,2019-05-18 06:00:00,5,2019-05-18 07:00:00,0.10531,0.10531,0.10531,0.0,0.6233798004492975,291.73257435001256,-206.07659740711586,0.0,0.0,497.8091717571284,497.8091717571284,0.0,1.0
3295,2019-05-18 07:00:00,5,2019-05-18 08:00:00,0.10531,0.10531,0.10531,0.0,0.9393639164735419,458.263899892047,-39.54527186508142,0.0,0.0,497.8091717571284,497.8091717571284,0.0,1.0
3296,2019-05-18 08:00:00,5,2019-05-18 09:00:00,0.10531,0.10531,0.10531,0.0,1.0,534.0430706379167,-0.0,36.233898880788274,0.0,497.8091717571284,497.8091717571284,0.0,0.0
3297,2019-05-18 09:00:00,5,2019-05-18 10:00:00,0.06431,0.06431,0.06431,0.0,0.9343588788391516,527.5591945965551,-0.0,29.75002283942672,0.0,497.8091717571284,497.8091717571284,0.0,0.0
3298,2019-05-18 10:00:00,5,2019-05-18 11:00:00,0.06431,0.06431,0.06431,0.0,0.8804639099271465,595.9153022956755,-0.0,98.10613053854706,0.0,497.8091717571284,497.8091717571284,0.0,0.0
3299,2019-05-18 11:00:00,5,2019-05-18 12:00:00,0.06431,0.06431,0.06431,0.0,0.7027354125747063,573.8744503766193,-0.0,76.06527861949087,0.0,497.8091717571284,497.8091717571284,0.0,0.0
3300,2019-05-18 12:00:00,5,2019-05-18 13:00:00,0.06431,0.06431,0.06431,0.0,0.5649359947857736,564.5871053973052,-0.0,66.7779336401768,0.0,497.8091717571284,497.8091717571284,0.0,0.0
3301,2019-05-18 13:00:00,5,2019-05-18 14:00:00,0.06431,0.06431,0.06431,0.0,0.4439614773216852,545.199193944968,-0.0,47.39002218783958,0.0,497.8091717571284,497.8091717571284,0.0,0.0
3302,2019-05-18 14:00:00,5,2019-05-18 15:00:00,0.10531,0.10531,0.10531,0.0,0.35810998785096143,529.7264168533093,-0.0,31.917245096180864,0.0,497.8091717571284,497.8091717571284,0.0,0.0
3303,2019-05-18 15:00:00,5,2019-05-18 16:00:00,0.10531,0.10531,0.10531,0.0,0.30028889166222794,522.1858358861593,-0.0,24.376664129030928,0.0,497.8091717571284,497.8091717571284,0.0,0.0
3304,2019-05-18 16:00:00,5,2019-05-18 17:00:00,0.13592,0.13592,0.13592,0.0,0.2561282682400705,513.9746362980866,-0.0,16.16546454095817,0.0,497.8091717571284,497.8091717571284,0.0,0.0
3305,2019-05-18 17:00:00,5,2019-05-18 18:00:00,0.13592,0.13592,0.13592,0.0,0.2268430063905086,500.6467376944567,-0.0,97.61733952756074,0.0,403.02939816689593,403.02939816689593,0.0,0.0
3306,2019-05-18 18:00:00,5,2019-05-18 19:00:00,0.13592,0.13592,0.13592,0.0,0.05,473.32813585377687,-0.0,0.0,0.0,473.32813585377687,473.32813585377687,0.0,0.0
3307,2019-05-18 19:00:00,5,2019-05-18 20:00:00,0.13592,0.13592,0.13592,0.0,0.05,430.9478795020929,-0.0,0.0,0.0,430.9478795020929,430.9478795020929,0.0,0.0
3308,2019-05-18 20:00:00,5,2019-05-18 21:00:00,0.13592,0.13592,0.13592,0.0,0.05,307.200936781388,-0.0,0.0,0.0,307.200936781388,307.200936781388,0.0,0.0
3309,2019-05-18 21:00:00,5,2019-05-18 22:00:00,0.10531,0.10531,0.10531,0.0,0.05,204.60824294728974,-0.0,0.0,0.0,204.60824294728974,204.60824294728974,0.0,0.0
3310,2019-05-18 22:00:00,5,2019-05-18 23:00:00,0.10531,0.10531,0.10531,0.0,0.05,273.2055701550017,-0.0,0.0,0.0,273.2055701550017,273.2055701550017,0.0,1.0
3311,2019-05-18 23:00:00,5,2019-05-19 00:00:00,0.10531,0.10531,0.10531,0.0,0.05,213.279365121074,-0.0,0.0,0.0,213.279365121074,213.279365121074,0.0,0.0
3312,2019-05-19 00:00:00,5,2019-05-19 01:00:00,0.10531,0.10531,0.10531,0.0,0.05,194.95135240676183,-0.0,0.0,0.0,194.95135240676183,194.95135240676183,0.0,0.0
3313,2019-05-19 01:00:00,5,2019-05-19 02:00:00,0.10531,0.10531,0.10531,0.0,0.05,191.5888208376188,-0.0,0.0,0.0,191.5888208376188,191.5888208376188,0.0,0.0
3314,2019-05-19 02:00:00,5,2019-05-19 03:00:00,0.10531,0.10531,0.10531,0.0,0.05,189.12859890377683,-0.0,0.0,0.0,189.12859890377683,189.12859890377683,0.0,0.0
3315,2019-05-19 03:00:00,5,2019-05-19 04:00:00,0.10531,0.10531,0.10531,0.0,0.05,233.64546944159414,-0.0,0.0,0.0,233.64546944159414,233.64546944159414,0.0,0.0
3316,2019-05-19 04:00:00,5,2019-05-19 05:00:00,0.10531,0.10531,0.10531,0.0,0.05,231.55052573629294,-208.46973922802977,0.0,0.0,440.0202649643227,440.0202649643227,0.0,1.0
3317,2019-05-19 05:00:00,5,2019-05-19 06:00:00,0.10531,0.10531,0.10531,0.0,0.36965360014964566,299.0267476085416,-203.11550953836652,0.0,0.0,502.14225714690815,502.14225714690815,0.0,1.0
3318,2019-05-19 06:00:00,5,2019-05-19 07:00:00,0.10531,0.10531,0.10531,0.0,0.6810973814418076,317.88499986380873,-184.25725728309942,0.0,0.0,502.14225714690815,502.14225714690815,0.0,1.0
3319,2019-05-19 07:00:00,5,2019-05-19 08:00:00,0.10531,0.10531,0.10531,0.0,0.9636251759425601,478.4195458050995,-23.722711341808576,0.0,0.0,502.1422571469081,502.1422571469081,0.0,1.0
3320,2019-05-19 08:00:00,5,2019-05-19 09:00:00,0.10531,0.10531,0.10531,0.0,1.0,561.9497388885703,-0.0,59.8074817416622,0.0,502.14225714690815,502.14225714690815,0.0,0.0
3321,2019-05-19 09:00:00,5,2019-05-19 10:00:00,0.06431,0.06431,0.06431,0.0,0.8916531127868439,543.4442560097672,-0.0,41.30199886285902,0.0,502.14225714690815,502.14225714690815,0.0,0.0
3322,2019-05-19 10:00:00,5,2019-05-19 11:00:00,0.06431,0.06431,0.06431,0.0,0.8168306510787657,609.2512488186288,-0.0,107.1089916717207,0.0,502.14225714690815,502.14225714690815,0.0,0.0
3323,2019-05-19 11:00:00,5,2019-05-19 12:00:00,0.06431,0.06431,0.06431,0.0,0.6227926226879674,580.6327173367937,-0.0,78.49046018988557,0.0,502.14225714690815,502.14225714690815,0.0,0.0
3324,2019-05-19 12:00:00,5,2019-05-19 13:00:00,0.06431,0.06431,0.06431,0.0,0.4805997600251311,566.5432446660793,-0.0,64.40098751917125,0.0,502.14225714690804,502.14225714690804,0.0,0.0
3325,2019-05-19 13:00:00,5,2019-05-19 14:00:00,0.06431,0.06431,0.06431,0.0,0.3639313043744586,555.9275445854626,-0.0,53.78528743855449,0.0,502.14225714690804,502.14225714690804,0.0,0.0
3326,2019-05-19 14:00:00,5,2019-05-19 15:00:00,0.10531,0.10531,0.10531,0.0,0.266494189449541,545.9262165916592,-0.0,43.78395944475116,0.0,502.14225714690804,502.14225714690804,0.0,0.0
3327,2019-05-19 15:00:00,5,2019-05-19 16:00:00,0.10531,0.10531,0.10531,0.0,0.18717542233948464,540.0673300052241,-0.0,37.92507285831604,0.0,502.14225714690804,502.14225714690804,0.0,0.0
3328,2019-05-19 16:00:00,5,2019-05-19 17:00:00,0.13592,0.13592,0.13592,0.0,0.11847058020485425,529.3382475187293,-0.0,27.19599037182124,0.0,502.14225714690804,502.14225714690804,0.0,0.0
3329,2019-05-19 17:00:00,5,2019-05-19 18:00:00,0.13592,0.13592,0.13592,0.0,0.06920248170517813,512.7420270481664,-0.0,10.599769901258327,0.0,502.14225714690804,502.14225714690804,0.0,0.0
3330,2019-05-19 18:00:00,5,2019-05-19 19:00:00,0.13592,0.13592,0.13592,0.0,0.05,466.99209153706414,-0.0,0.0,0.0,466.99209153706414,466.99209153706414,0.0,0.0
3331,2019-05-19 19:00:00,5,2019-05-19 20:00:00,0.13592,0.13592,0.13592,0.0,0.05,425.40290441166326,-0.0,0.0,0.0,425.40290441166326,425.40290441166326,0.0,1.0
3332,2019-05-19 20:00:00,5,2019-05-19 21:00:00,0.13592,0.13592,0.13592,0.0,0.05,305.024962261151,-0.0,0.0,0.0,305.024962261151,305.024962261151,0.0,1.0
3333,2019-05-19 21:00:00,5,2019-05-19 22:00:00,0.10531,0.10531,0.10531,0.0,0.05,211.1828728938878,-0.0,0.0,0.0,211.1828728938878,211.1828728938878,0.0,0.0
3334,2019-05-19 22:00:00,5,2019-05-19 23:00:00,0.10531,0.10531,0.10531,0.0,0.05,277.83255316922464,-0.0,0.0,0.0,277.83255316922464,277.83255316922464,0.0,1.0
3335,2019-05-19 23:00:00,5,2019-05-20 00:00:00,0.10531,0.10531,0.10531,0.0,0.05,218.3240427190803,-0.0,0.0,0.0,218.3240427190803,218.3240427190803,0.0,0.0
3336,2019-05-20 00:00:00,5,2019-05-20 01:00:00,0.10531,0.10531,0.10531,0.0,0.05,192.92353340525895,-0.0,0.0,0.0,192.92353340525895,192.92353340525895,0.0,0.0
3337,2019-05-20 01:00:00,5,2019-05-20 02:00:00,0.10531,0.10531,0.10531,0.0,0.05,189.60489960420338,-0.0,0.0,0.0,189.60489960420338,189.60489960420338,0.0,0.0
3338,2019-05-20 02:00:00,5,2019-05-20 03:00:00,0.10531,0.10531,0.10531,0.0,0.05,188.30268160488123,-0.0,0.0,0.0,188.30268160488123,188.30268160488123,0.0,0.0
3339,2019-05-20 03:00:00,5,2019-05-20 04:00:00,0.10531,0.10531,0.10531,0.0,0.05,200.22293706460263,-0.0,0.0,0.0,200.22293706460263,200.22293706460263,0.0,0.0
3340,2019-05-20 04:00:00,5,2019-05-20 05:00:00,0.10531,0.10531,0.10531,0.0,0.05,203.30160256639726,-153.48305298438441,0.0,0.0,356.7846555507817,356.7846555507817,0.0,1.0
3341,2019-05-20 05:00:00,5,2019-05-20 06:00:00,0.10531,0.10531,0.10531,0.0,0.28534068124272277,262.6226892028515,-250.41607946133553,0.0,0.0,513.038768664187,513.038768664187,0.0,1.0
3342,2019-05-20 06:00:00,5,2019-05-20 07:00:00,0.10531,0.10531,0.10531,0.0,0.6693120030834372,297.3726837186027,-215.66608494558437,0.0,0.0,513.038768664187,513.038768664187,0.0,1.0
3343,2019-05-20 07:00:00,5,2019-05-20 08:00:00,0.10531,0.10531,0.10531,0.0,1.0,440.2769654001864,-0.0,0.0,0.0,440.2769654001864,440.2769654001864,0.0,0.0
3344,2019-05-20 08:00:00,5,2019-05-20 09:00:00,0.10531,0.10531,0.10531,0.0,1.0,501.88764586784924,-0.0,0.0,0.0,501.88764586784924,501.88764586784924,0.0,1.0
3345,2019-05-20 09:00:00,5,2019-05-20 10:00:00,0.06431,0.06431,0.06431,0.0,1.0,559.7195841094184,-0.0,46.68081544523136,0.0,513.038768664187,513.038768664187,0.0,0.0
3346,2019-05-20 10:00:00,5,2019-05-20 11:00:00,0.06431,0.06431,0.06431,0.0,0.9154333053528417,620.2275198666122,-0.0,107.18875120242512,0.0,513.038768664187,513.038768664187,0.0,0.0
3347,2019-05-20 11:00:00,5,2019-05-20 12:00:00,0.06431,0.06431,0.06431,0.0,0.7212507850585933,598.607702887467,-0.0,85.56893422327994,0.0,513.038768664187,513.038768664187,0.0,0.0
3348,2019-05-20 12:00:00,5,2019-05-20 13:00:00,0.06431,0.06431,0.06431,0.0,0.566234599871492,591.0822528120148,-0.0,78.04348414782787,0.0,513.0387686641868,513.0387686641868,0.0,0.0
3349,2019-05-20 13:00:00,5,2019-05-20 14:00:00,0.06431,0.06431,0.06431,0.0,0.42485147641528215,577.6751800875843,-0.0,64.63641142339739,0.0,513.0387686641869,513.0387686641869,0.0,0.0
3350,2019-05-20 14:00:00,5,2019-05-20 15:00:00,0.10531,0.10531,0.10531,0.0,0.30775652818448973,563.6459656511348,-0.0,50.60719698694791,0.0,513.0387686641869,513.0387686641869,0.0,0.0
3351,2019-05-20 15:00:00,5,2019-05-20 16:00:00,0.10531,0.10531,0.10531,0.0,0.21607682349799007,563.4211293519536,-0.0,50.38236068776669,0.0,513.0387686641869,513.0387686641869,0.0,0.0
3352,2019-05-20 16:00:00,5,2019-05-20 17:00:00,0.13592,0.13592,0.13592,0.0,0.12480443094768806,554.3308145473108,-0.0,41.29204588312382,0.0,513.0387686641869,513.0387686641869,0.0,0.0
3353,2019-05-20 17:00:00,5,2019-05-20 18:00:00,0.13592,0.13592,0.13592,0.0,0.05,494.2953931752431,-0.0,0.0,0.0,494.2953931752431,494.2953931752431,0.0,1.0
3354,2019-05-20 18:00:00,5,2019-05-20 19:00:00,0.13592,0.13592,0.13592,0.0,0.05,399.5937086813385,-0.0,0.0,0.0,399.5937086813385,399.5937086813385,0.0,1.0
3355,2019-05-20 19:00:00,5,2019-05-20 20:00:00,0.13592,0.13592,0.13592,0.0,0.05,385.48271248637576,-0.0,0.0,0.0,385.48271248637576,385.48271248637576,0.0,0.0
3356,2019-05-20 20:00:00,5,2019-05-20 21:00:00,0.13592,0.13592,0.13592,0.0,0.05,289.3920471542097,-0.0,0.0,0.0,289.3920471542097,289.3920471542097,0.0,1.0
3357,2019-05-20 21:00:00,5,2019-05-20 22:00:00,0.10531,0.10531,0.10531,0.0,0.05,211.46849995976697,-0.0,0.0,0.0,211.46849995976697,211.46849995976697,0.0,0.0
3358,2019-05-20 22:00:00,5,2019-05-20 23:00:00,0.10531,0.10531,0.10531,0.0,0.05,277.25142287927326,-0.0,0.0,0.0,277.25142287927326,277.25142287927326,0.0,1.0
3359,2019-05-20 23:00:00,5,2019-05-21 00:00:00,0.10531,0.10531,0.10531,0.0,0.05,219.45534269256873,-0.0,0.0,0.0,219.45534269256873,219.45534269256873,0.0,0.0
3360,2019-05-21 00:00:00,5,2019-05-21 01:00:00,0.10531,0.10531,0.10531,0.0,0.05,199.4429587191677,-0.0,0.0,0.0,199.4429587191677,199.4429587191677,0.0,0.0
3361,2019-05-21 01:00:00,5,2019-05-21 02:00:00,0.10531,0.10531,0.10531,0.0,0.05,195.95146398402687,-0.0,0.0,0.0,195.95146398402687,195.95146398402687,0.0,0.0
3362,2019-05-21 02:00:00,5,2019-05-21 03:00:00,0.10531,0.10531,0.10531,0.0,0.05,192.5122837937267,-0.0,0.0,0.0,192.5122837937267,192.5122837937267,0.0,0.0
3363,2019-05-21 03:00:00,5,2019-05-21 04:00:00,0.10531,0.10531,0.10531,0.0,0.05,203.83887443562668,-0.0,0.0,0.0,203.83887443562668,203.83887443562668,0.0,0.0
3364,2019-05-21 04:00:00,5,2019-05-21 05:00:00,0.10531,0.10531,0.10531,0.0,0.05,195.10885166778547,-0.0,0.0,0.0,195.10885166778547,195.10885166778547,0.0,0.0
3365,2019-05-21 05:00:00,5,2019-05-21 06:00:00,0.10531,0.10531,0.10531,0.0,0.05,246.6232666485024,-32.389492592688455,0.0,0.0,279.01275924119085,279.01275924119085,0.0,1.0
3366,2019-05-21 06:00:00,5,2019-05-21 07:00:00,0.10531,0.10531,0.10531,0.0,0.09966388864212229,284.99761651056275,-228.0411521536243,0.0,0.0,513.038768664187,513.038768664187,0.0,1.0
3367,2019-05-21 07:00:00,5,2019-05-21 08:00:00,0.10531,0.10531,0.10531,0.0,0.4493269886110129,369.5113795456772,-143.52738911850986,0.0,0.0,513.038768664187,513.038768664187,0.0,1.0
3368,2019-05-21 08:00:00,5,2019-05-21 09:00:00,0.10531,0.10531,0.10531,0.0,0.669402318592728,333.839874292606,-0.0,0.0,0.0,333.839874292606,333.839874292606,0.0,1.0
3369,2019-05-21 09:00:00,5,2019-05-21 10:00:00,0.06431,0.06431,0.06431,0.0,0.669402318592728,408.8910897428804,-104.14767892130664,0.0,0.0,513.038768664187,513.038768664187,0.0,1.0
3370,2019-05-21 10:00:00,5,2019-05-21 11:00:00,0.06431,0.06431,0.06431,0.0,0.8290954262720649,468.1479232480406,-44.89084541614642,0.0,0.0,513.038768664187,513.038768664187,0.0,1.0
3371,2019-05-21 11:00:00,5,2019-05-21 12:00:00,0.06431,0.06431,0.06431,0.0,0.8979280559101562,499.41323458070593,-13.625534083481114,0.0,0.0,513.038768664187,513.038768664187,0.0,1.0
3372,2019-05-21 12:00:00,5,2019-05-21 13:00:00,0.06431,0.06431,0.06431,0.0,0.9188205415048272,494.1342024397645,-18.904566224422524,0.0,0.0,513.038768664187,513.038768664187,0.0,1.0
3373,2019-05-21 13:00:00,5,2019-05-21 14:00:00,0.06431,0.06431,0.06431,0.0,0.9478075430489418,479.0002097830621,-34.03855888112497,0.0,0.0,513.038768664187,513.038768664187,0.0,1.0
3374,2019-05-21 14:00:00,5,2019-05-21 15:00:00,0.10531,0.10531,0.10531,0.0,1.0,466.4395845356445,-0.0,1.9610979506978767e-14,0.0,466.4395845356445,466.4395845356445,0.0,1.0
3375,2019-05-21 15:00:00,5,2019-05-21 16:00:00,0.10531,0.10531,0.10531,0.0,1.0,464.6426536617752,-0.0,0.0,0.0,464.6426536617752,464.6426536617752,0.0,0.0
3376,2019-05-21 16:00:00,5,2019-05-21 17:00:00,0.13592,0.13592,0.13592,0.0,1.0,399.7355389227286,-0.0,0.0,0.0,399.7355389227286,399.7355389227286,0.0,0.0
3377,2019-05-21 17:00:00,5,2019-05-21 18:00:00,0.13592,0.13592,0.13592,0.0,1.0,400.0415896510987,-0.0,300.0,0.0,100.04158965109872,100.04158965109872,0.0,0.0
3378,2019-05-21 18:00:00,5,2019-05-21 19:00:00,0.13592,0.13592,0.13592,0.0,0.4565217391304348,364.20439621424754,-0.0,0.0,0.0,364.20439621424754,364.20439621424754,0.0,0.0
3379,2019-05-21 19:00:00,5,2019-05-21 20:00:00,0.13592,0.13592,0.13592,0.0,0.4565217391304348,357.57136095681807,-0.0,224.4,0.0,133.17136095681806,133.17136095681806,0.0,0.0
3380,2019-05-21 20:00:00,5,2019-05-21 21:00:00,0.13592,0.13592,0.13592,0.0,0.05,321.1258501420291,-0.0,0.0,0.0,321.1258501420291,321.1258501420291,0.0,1.0
3381,2019-05-21 21:00:00,5,2019-05-21 22:00:00,0.10531,0.10531,0.10531,0.0,0.05,214.53719131559788,-0.0,0.0,0.0,214.53719131559788,214.53719131559788,0.0,0.0
3382,2019-05-21 22:00:00,5,2019-05-21 23:00:00,0.10531,0.10531,0.10531,0.0,0.05,281.7239503214251,-0.0,0.0,0.0,281.7239503214251,281.7239503214251,0.0,1.0
3383,2019-05-21 23:00:00,5,2019-05-22 00:00:00,0.10531,0.10531,0.10531,0.0,0.05,223.98143742454982,-0.0,0.0,0.0,223.98143742454982,223.98143742454982,0.0,0.0
3384,2019-05-22 00:00:00,5,2019-05-22 01:00:00,0.10531,0.10531,0.10531,0.0,0.05,210.764522125324,-0.0,0.0,0.0,210.764522125324,210.764522125324,0.0,0.0
3385,2019-05-22 01:00:00,5,2019-05-22 02:00:00,0.10531,0.10531,0.10531,0.0,0.05,208.21944655753762,-0.0,0.0,0.0,208.21944655753762,208.21944655753762,0.0,0.0
3386,2019-05-22 02:00:00,5,2019-05-22 03:00:00,0.10531,0.10531,0.10531,0.0,0.05,205.59744000839996,-0.0,0.0,0.0,205.59744000839996,205.59744000839996,0.0,0.0
3387,2019-05-22 03:00:00,5,2019-05-22 04:00:00,0.10531,0.10531,0.10531,0.0,0.05,217.48573299104385,-295.5530356731432,0.0,0.0,513.038768664187,513.038768664187,0.0,1.0
3388,2019-05-22 04:00:00,5,2019-05-22 05:00:00,0.10531,0.10531,0.10531,0.0,0.5031813213654863,208.53203438413234,-300.0,0.0,0.0,508.5320343841323,508.5320343841323,0.0,1.0
3389,2019-05-22 05:00:00,5,2019-05-22 06:00:00,0.10531,0.10531,0.10531,0.0,0.9631813213654863,282.20728974056516,-0.0,0.0,0.0,282.20728974056516,282.20728974056516,0.0,1.0
3390,2019-05-22 06:00:00,5,2019-05-22 07:00:00,0.10531,0.10531,0.10531,0.0,0.9631813213654863,314.12275212634466,-24.012181718161127,0.0,0.0,338.1349338445058,338.1349338445058,0.0,1.0
3391,2019-05-22 07:00:00,5,2019-05-22 08:00:00,0.10531,0.10531,0.10531,0.0,1.0,472.78130022005416,-0.0,0.0,0.0,472.78130022005416,472.78130022005416,0.0,1.0
3392,2019-05-22 08:00:00,5,2019-05-22 09:00:00,0.10531,0.10531,0.10531,0.0,1.0,539.4365128126179,-0.0,26.39774414843089,0.0,513.038768664187,513.038768664187,0.0,0.0
3393,2019-05-22 09:00:00,5,2019-05-22 10:00:00,0.06431,0.06431,0.06431,0.0,0.9521779997311035,529.1302832934954,-0.0,16.091514629308335,0.0,513.038768664187,513.038768664187,0.0,0.0
3394,2019-05-22 10:00:00,5,2019-05-22 11:00:00,0.06431,0.06431,0.06431,0.0,0.9230267051127913,588.9770339682661,-0.0,75.9382653040791,0.0,513.038768664187,513.038768664187,0.0,0.0
3395,2019-05-22 11:00:00,5,2019-05-22 12:00:00,0.06431,0.06431,0.06431,0.0,0.7854573839097495,560.0837490169173,-0.0,47.04498035273025,0.0,513.038768664187,513.038768664187,0.0,0.0
3396,2019-05-22 12:00:00,5,2019-05-22 13:00:00,0.06431,0.06431,0.06431,0.0,0.7002309702272672,555.0041784356264,-0.0,41.96540977143934,0.0,513.038768664187,513.038768664187,0.0,0.0
3397,2019-05-22 13:00:00,5,2019-05-22 14:00:00,0.06431,0.06431,0.06431,0.0,0.6242066771630655,544.7227133665086,-0.0,31.683944702321583,0.0,513.038768664187,513.038768664187,0.0,0.0
3398,2019-05-22 14:00:00,5,2019-05-22 15:00:00,0.10531,0.10531,0.10531,0.0,0.5668082266153815,537.6807011809109,-0.0,24.64193251672384,0.0,513.038768664187,513.038768664187,0.0,0.0
3399,2019-05-22 15:00:00,5,2019-05-22 16:00:00,0.10531,0.10531,0.10531,0.0,0.5221670445198673,534.0058425136323,-0.0,20.967073849445228,0.0,513.038768664187,513.038768664187,0.0,0.0
3400,2019-05-22 16:00:00,5,2019-05-22 17:00:00,0.13592,0.13592,0.13592,0.0,0.48418321508246653,527.4509793046461,-0.0,14.41221064045908,0.0,513.038768664187,513.038768664187,0.0,0.0
3401,2019-05-22 17:00:00,5,2019-05-22 18:00:00,0.13592,0.13592,0.13592,0.0,0.4580741378352581,511.7511597219586,-0.0,225.25692408506248,0.0,286.49423563689606,286.49423563689606,0.0,0.0
3402,2019-05-22 18:00:00,5,2019-05-22 19:00:00,0.13592,0.13592,0.13592,0.0,0.05,484.01990393000057,-0.0,0.0,0.0,484.01990393000057,484.01990393000057,0.0,1.0
3403,2019-05-22 19:00:00,5,2019-05-22 20:00:00,0.13592,0.13592,0.13592,0.0,0.05,447.7872205985409,-0.0,0.0,0.0,447.7872205985409,447.7872205985409,0.0,1.0
3404,2019-05-22 20:00:00,5,2019-05-22 21:00:00,0.13592,0.13592,0.13592,0.0,0.05,322.56859355188374,-0.0,0.0,0.0,322.56859355188374,322.56859355188374,0.0,1.0
3405,2019-05-22 21:00:00,5,2019-05-22 22:00:00,0.10531,0.10531,0.10531,0.0,0.05,219.0911078734797,-0.0,0.0,0.0,219.0911078734797,219.0911078734797,0.0,0.0
3406,2019-05-22 22:00:00,5,2019-05-22 23:00:00,0.10531,0.10531,0.10531,0.0,0.05,286.9206825517256,-0.0,0.0,0.0,286.9206825517256,286.9206825517256,0.0,1.0
3407,2019-05-22 23:00:00,5,2019-05-23 00:00:00,0.10531,0.10531,0.10531,0.0,0.05,229.33011681186184,-0.0,0.0,0.0,229.33011681186184,229.33011681186184,0.0,0.0
3408,2019-05-23 00:00:00,5,2019-05-23 01:00:00,0.10531,0.10531,0.10531,0.0,0.05,210.96660248128893,-0.0,0.0,0.0,210.96660248128893,210.96660248128893,0.0,0.0
3409,2019-05-23 01:00:00,5,2019-05-23 02:00:00,0.10531,0.10531,0.10531,0.0,0.05,208.40925814501762,-0.0,0.0,0.0,208.40925814501762,208.40925814501762,0.0,0.0
3410,2019-05-23 02:00:00,5,2019-05-23 03:00:00,0.10531,0.10531,0.10531,0.0,0.05,205.67216496386985,-0.0,0.0,0.0,205.67216496386985,205.67216496386985,0.0,0.0
3411,2019-05-23 03:00:00,5,2019-05-23 04:00:00,0.10531,0.10531,0.10531,0.0,0.05,249.50777493236183,-235.75463288032438,0.0,0.0,485.2624078126862,485.2624078126862,0.0,1.0
3412,2019-05-23 04:00:00,5,2019-05-23 05:00:00,0.10531,0.10531,0.10531,0.0,0.4114904370831641,240.92607467738125,-0.0,0.0,0.0,240.92607467738125,240.92607467738125,0.0,0.0
3413,2019-05-23 05:00:00,5,2019-05-23 06:00:00,0.10531,0.10531,0.10531,0.0,0.4114904370831641,313.5984946854591,-199.44027397872793,0.0,0.0,513.038768664187,513.038768664187,0.0,1.0
3414,2019-05-23 06:00:00,5,2019-05-23 07:00:00,0.10531,0.10531,0.10531,0.0,0.7172988571838802,328.66845813193504,-184.370310532252,0.0,0.0,513.038768664187,513.038768664187,0.0,1.0
3415,2019-05-23 07:00:00,5,2019-05-23 08:00:00,0.10531,0.10531,0.10531,0.0,1.0,469.9249016610855,-0.0,0.0,0.0,469.9249016610855,469.9249016610855,0.0,1.0
3416,2019-05-23 08:00:00,5,2019-05-23 09:00:00,0.10531,0.10531,0.10531,0.0,1.0,535.5743230224076,-0.0,22.535554358220566,0.0,513.038768664187,513.038768664187,0.0,0.0
3417,2019-05-23 09:00:00,5,2019-05-23 10:00:00,0.06431,0.06431,0.06431,0.0,0.9591747203655425,524.0528504672587,-0.0,11.01408180307169,0.0,513.038768664187,513.038768664187,0.0,0.0
3418,2019-05-23 10:00:00,5,2019-05-23 11:00:00,0.06431,0.06431,0.06431,0.0,0.9392216736208474,585.2920929371501,-0.0,72.25332427296303,0.0,513.038768664187,513.038768664187,0.0,0.0
3419,2019-05-23 11:00:00,5,2019-05-23 12:00:00,0.06431,0.06431,0.06431,0.0,0.8083279702277983,559.5911149269556,-0.0,46.55234626276854,0.0,513.038768664187,513.038768664187,0.0,0.0
3420,2019-05-23 12:00:00,5,2019-05-23 13:00:00,0.06431,0.06431,0.06431,0.0,0.7239940096068409,558.7168078443231,-0.0,45.67803918013601,0.0,513.038768664187,513.038768664187,0.0,0.0
3421,2019-05-23 13:00:00,5,2019-05-23 14:00:00,0.06431,0.06431,0.06431,0.0,0.6412439386283336,550.439368568957,-0.0,37.40059990476993,0.0,513.038768664187,513.038768664187,0.0,0.0
3422,2019-05-23 14:00:00,5,2019-05-23 15:00:00,0.10531,0.10531,0.10531,0.0,0.5734892286559244,546.6373942792223,-0.0,33.5986256150353,0.0,513.038768664187,513.038768664187,0.0,0.0
3423,2019-05-23 15:00:00,5,2019-05-23 16:00:00,0.10531,0.10531,0.10531,0.0,0.5126221532663677,542.7596545078972,-0.0,29.720885843710107,0.0,513.038768664187,513.038768664187,0.0,0.0
3424,2019-05-23 16:00:00,5,2019-05-23 17:00:00,0.13592,0.13592,0.13592,0.0,0.4587799687668928,535.2306475720225,-0.0,218.75211475797613,0.0,316.47853281404633,316.47853281404633,0.0,0.0
3425,2019-05-23 17:00:00,5,2019-05-23 18:00:00,0.13592,0.13592,0.13592,0.0,0.062489905799544804,519.9331966655358,-0.0,6.894428001348729,0.0,513.038768664187,513.038768664187,0.0,0.0
3426,2019-05-23 18:00:00,5,2019-05-23 19:00:00,0.13592,0.13592,0.13592,0.0,0.05,477.4426078870377,-0.0,0.0,0.0,477.4426078870377,477.4426078870377,0.0,0.0
3427,2019-05-23 19:00:00,5,2019-05-23 20:00:00,0.13592,0.13592,0.13592,0.0,0.05,440.7082813964256,-0.0,0.0,0.0,440.7082813964256,440.7082813964256,0.0,1.0
3428,2019-05-23 20:00:00,5,2019-05-23 21:00:00,0.13592,0.13592,0.13592,0.0,0.05,315.82298648871443,-0.0,0.0,0.0,315.82298648871443,315.82298648871443,0.0,1.0
3429,2019-05-23 21:00:00,5,2019-05-23 22:00:00,0.10531,0.10531,0.10531,0.0,0.05,222.6518645961615,-0.0,0.0,0.0,222.6518645961615,222.6518645961615,0.0,0.0
3430,2019-05-23 22:00:00,5,2019-05-23 23:00:00,0.10531,0.10531,0.10531,0.0,0.05,289.64979012661416,-0.0,0.0,0.0,289.64979012661416,289.64979012661416,0.0,1.0
3431,2019-05-23 23:00:00,5,2019-05-24 00:00:00,0.10531,0.10531,0.10531,0.0,0.05,232.20703685180214,-0.0,0.0,0.0,232.20703685180214,232.20703685180214,0.0,0.0
3432,2019-05-24 00:00:00,5,2019-05-24 01:00:00,0.10531,0.10531,0.10531,0.0,0.05,213.04530655319823,-0.0,0.0,0.0,213.04530655319823,213.04530655319823,0.0,0.0
3433,2019-05-24 01:00:00,5,2019-05-24 02:00:00,0.10531,0.10531,0.10531,0.0,0.05,209.1952491834118,-0.0,0.0,0.0,209.1952491834118,209.1952491834118,0.0,0.0
3434,2019-05-24 02:00:00,5,2019-05-24 03:00:00,0.10531,0.10531,0.10531,0.0,0.05,207.19330386610736,-0.0,0.0,0.0,207.19330386610736,207.19330386610736,0.0,0.0
3435,2019-05-24 03:00:00,5,2019-05-24 04:00:00,0.10531,0.10531,0.10531,0.0,0.05,219.75472793855485,-0.0,0.0,0.0,219.75472793855485,219.75472793855485,0.0,1.0
3436,2019-05-24 04:00:00,5,2019-05-24 05:00:00,0.10531,0.10531,0.10531,0.0,0.05,211.18077221854335,-194.02168507956847,0.0,0.0,405.2024572981118,405.2024572981118,0.0,1.0
3437,2019-05-24 05:00:00,5,2019-05-24 06:00:00,0.10531,0.10531,0.10531,0.0,0.347499917122005,283.6371905074219,-229.40157815676514,0.0,0.0,513.038768664187,513.038768664187,0.0,1.0
3438,2019-05-24 06:00:00,5,2019-05-24 07:00:00,0.10531,0.10531,0.10531,0.0,0.6992490036290449,316.89681450921637,-196.14195415497068,0.0,0.0,513.038768664187,513.038768664187,0.0,1.0
3439,2019-05-24 07:00:00,5,2019-05-24 08:00:00,0.10531,0.10531,0.10531,0.0,1.0,473.68101349900564,-0.0,0.0,0.0,473.68101349900564,473.68101349900564,0.0,0.0
3440,2019-05-24 08:00:00,5,2019-05-24 09:00:00,0.10531,0.10531,0.10531,0.0,1.0,532.3632183259249,-0.0,19.324449661737845,0.0,513.038768664187,513.038768664187,0.0,0.0
3441,2019-05-24 09:00:00,5,2019-05-24 10:00:00,0.06431,0.06431,0.06431,0.0,0.9649919390185908,518.6626160914745,-0.0,5.623847427287501,0.0,513.038768664187,513.038768664187,0.0,0.0
3442,2019-05-24 10:00:00,5,2019-05-24 11:00:00,0.06431,0.06431,0.06431,0.0,0.9548038096213309,578.8061790280843,-0.0,65.76741036389728,0.0,513.038768664187,513.038768664187,0.0,0.0
3443,2019-05-24 11:00:00,5,2019-05-24 12:00:00,0.06431,0.06431,0.06431,0.0,0.8356599502664446,552.87338076127,-0.0,39.83461209708298,0.0,513.038768664187,513.038768664187,0.0,0.0
3444,2019-05-24 12:00:00,5,2019-05-24 13:00:00,0.06431,0.06431,0.06431,0.0,0.7634957979166566,550.9364888073702,-0.0,37.897720143183165,0.0,513.038768664187,513.038768664187,0.0,0.0
3445,2019-05-24 13:00:00,5,2019-05-24 14:00:00,0.06431,0.06431,0.06431,0.0,0.6948405078021942,536.8724241941266,-0.0,23.833655529939506,0.0,513.038768664187,513.038768664187,0.0,0.0
3446,2019-05-24 14:00:00,5,2019-05-24 15:00:00,0.10531,0.10531,0.10531,0.0,0.6516635956102749,522.4358938472161,-0.0,9.397125183029061,0.0,513.038768664187,513.038768664187,0.0,0.0
3447,2019-05-24 15:00:00,5,2019-05-24 16:00:00,0.10531,0.10531,0.10531,0.0,0.6346398181047875,519.8325377058558,-0.0,6.793769041668725,0.0,513.038768664187,513.038768664187,0.0,0.0
3448,2019-05-24 16:00:00,5,2019-05-24 17:00:00,0.13592,0.13592,0.13592,0.0,0.6223322654930689,521.5682309995108,-0.0,15.927410552173995,0.0,505.64082044733675,505.64082044733675,0.0,0.0
3449,2019-05-24 17:00:00,5,2019-05-24 18:00:00,0.13592,0.13592,0.13592,0.0,0.5934782608695652,514.773112339227,-0.0,300.0,0.0,214.77311233922705,214.77311233922705,0.0,0.0
3450,2019-05-24 18:00:00,5,2019-05-24 19:00:00,0.13592,0.13592,0.13592,0.0,0.05,490.5241017129453,-0.0,0.0,0.0,490.5241017129453,490.5241017129453,0.0,0.0
3451,2019-05-24 19:00:00,5,2019-05-24 20:00:00,0.13592,0.13592,0.13592,0.0,0.05,455.0518057088304,-0.0,0.0,0.0,455.0518057088304,455.0518057088304,0.0,1.0
3452,2019-05-24 20:00:00,5,2019-05-24 21:00:00,0.13592,0.13592,0.13592,0.0,0.05,329.52646049487066,-0.0,0.0,0.0,329.52646049487066,329.52646049487066,0.0,1.0
3453,2019-05-24 21:00:00,5,2019-05-24 22:00:00,0.10531,0.10531,0.10531,0.0,0.05,227.22502539261643,-0.0,0.0,0.0,227.22502539261643,227.22502539261643,0.0,0.0
3454,2019-05-24 22:00:00,5,2019-05-24 23:00:00,0.10531,0.10531,0.10531,0.0,0.05,294.133914278674,-0.0,0.0,0.0,294.133914278674,294.133914278674,0.0,1.0
3455,2019-05-24 23:00:00,5,2019-05-25 00:00:00,0.10531,0.10531,0.10531,0.0,0.05,237.8923504019395,-0.0,0.0,0.0,237.8923504019395,237.8923504019395,0.0,0.0
3456,2019-05-25 00:00:00,5,2019-05-25 01:00:00,0.10531,0.10531,0.10531,0.0,0.05,219.10423661455405,-0.0,0.0,0.0,219.10423661455405,219.10423661455405,0.0,0.0
3457,2019-05-25 01:00:00,5,2019-05-25 02:00:00,0.10531,0.10531,0.10531,0.0,0.05,216.35495417536018,-0.0,0.0,0.0,216.35495417536018,216.35495417536018,0.0,0.0
3458,2019-05-25 02:00:00,5,2019-05-25 03:00:00,0.10531,0.10531,0.10531,0.0,0.05,213.91786183504544,-0.0,0.0,0.0,213.91786183504544,213.91786183504544,0.0,0.0
3459,2019-05-25 03:00:00,5,2019-05-25 04:00:00,0.10531,0.10531,0.10531,0.0,0.05,225.62090236946023,-0.0,0.0,0.0,225.62090236946023,225.62090236946023,0.0,0.0
3460,2019-05-25 04:00:00,5,2019-05-25 05:00:00,0.10531,0.10531,0.10531,0.0,0.05,216.4388429279941,-296.599925736193,0.0,0.0,513.038768664187,513.038768664187,0.0,1.0
3461,2019-05-25 05:00:00,5,2019-05-25 06:00:00,0.10531,0.10531,0.10531,0.0,0.5047865527954959,287.55403209263955,-129.98146440791962,0.0,0.0,417.53549650055913,417.53549650055913,0.0,1.0
3462,2019-05-25 06:00:00,5,2019-05-25 07:00:00,0.10531,0.10531,0.10531,0.0,0.7040914648876393,320.05494141699535,-192.9838272471917,0.0,0.0,513.038768664187,513.038768664187,0.0,1.0
3463,2019-05-25 07:00:00,5,2019-05-25 08:00:00,0.10531,0.10531,0.10531,0.0,1.0,475.68086927214875,-0.0,0.0,0.0,475.68086927214875,475.68086927214875,0.0,0.0
3464,2019-05-25 08:00:00,5,2019-05-25 09:00:00,0.10531,0.10531,0.10531,0.0,1.0,535.1634209487703,-0.0,22.12465228458325,0.0,513.038768664187,513.038768664187,0.0,0.0
3465,2019-05-25 09:00:00,5,2019-05-25 10:00:00,0.06431,0.06431,0.06431,0.0,0.9599191081801027,524.5868383418933,-0.0,11.54806967770628,0.0,513.038768664187,513.038768664187,0.0,0.0
3466,2019-05-25 10:00:00,5,2019-05-25 11:00:00,0.06431,0.06431,0.06431,0.0,0.9389986920973015,587.9174925142564,-0.0,74.87872385006938,0.0,513.038768664187,513.038768664187,0.0,0.0
3467,2019-05-25 11:00:00,5,2019-05-25 12:00:00,0.06431,0.06431,0.06431,0.0,0.8033488300500743,562.6034727294464,-0.0,49.56470406525932,0.0,513.038768664187,513.038768664187,0.0,0.0
3468,2019-05-25 12:00:00,5,2019-05-25 13:00:00,0.06431,0.06431,0.06431,0.0,0.7135576994970683,559.5596246608457,-0.0,46.52085599665861,0.0,513.038768664187,513.038768664187,0.0,0.0
3469,2019-05-25 13:00:00,5,2019-05-25 14:00:00,0.06431,0.06431,0.06431,0.0,0.6292807864596432,546.4351181533566,-0.0,33.39634948916955,0.0,513.038768664187,513.038768664187,0.0,0.0
3470,2019-05-25 14:00:00,5,2019-05-25 15:00:00,0.10531,0.10531,0.10531,0.0,0.5687801533270896,536.9785579186542,-0.0,23.9397892544672,0.0,513.038768664187,513.038768664187,0.0,0.0
3471,2019-05-25 15:00:00,5,2019-05-25 16:00:00,0.10531,0.10531,0.10531,0.0,0.5254109698950838,534.9516914120398,-0.0,21.912922747852804,0.0,513.038768664187,513.038768664187,0.0,0.0
3472,2019-05-25 16:00:00,5,2019-05-25 17:00:00,0.13592,0.13592,0.13592,0.0,0.48571364607651,529.1392128462235,-0.0,232.06429387443285,0.0,297.0749189717906,297.0749189717906,0.0,0.0
3473,2019-05-25 17:00:00,5,2019-05-25 18:00:00,0.13592,0.13592,0.13592,0.0,0.0653073165938418,521.4884074239877,-0.0,8.449638759800678,0.0,513.038768664187,513.038768664187,0.0,0.0
3474,2019-05-25 18:00:00,5,2019-05-25 19:00:00,0.13592,0.13592,0.13592,0.0,0.05,498.1446872817075,-0.0,0.0,0.0,498.1446872817075,498.1446872817075,0.0,0.0
3475,2019-05-25 19:00:00,5,2019-05-25 20:00:00,0.13592,0.13592,0.13592,0.0,0.05,475.15062044724533,-0.0,0.0,0.0,475.15062044724533,475.15062044724533,0.0,1.0
3476,2019-05-25 20:00:00,5,2019-05-25 21:00:00,0.13592,0.13592,0.13592,0.0,0.05,344.93331428880356,-0.0,0.0,0.0,344.93331428880356,344.93331428880356,0.0,1.0
3477,2019-05-25 21:00:00,5,2019-05-25 22:00:00,0.10531,0.10531,0.10531,0.0,0.05,240.61027106511887,-0.0,0.0,0.0,240.61027106511887,240.61027106511887,0.0,0.0
3478,2019-05-25 22:00:00,5,2019-05-25 23:00:00,0.10531,0.10531,0.10531,0.0,0.05,304.48898797051896,-0.0,0.0,0.0,304.48898797051896,304.48898797051896,0.0,0.0
3479,2019-05-25 23:00:00,5,2019-05-26 00:00:00,0.10531,0.10531,0.10531,0.0,0.05,251.8758981585523,-0.0,0.0,0.0,251.8758981585523,251.8758981585523,0.0,0.0
3480,2019-05-26 00:00:00,5,2019-05-26 01:00:00,0.10531,0.10531,0.10531,0.0,0.05,232.1882575708977,-0.0,0.0,0.0,232.1882575708977,232.1882575708977,0.0,0.0
3481,2019-05-26 01:00:00,5,2019-05-26 02:00:00,0.10531,0.10531,0.10531,0.0,0.05,228.50953036674676,-0.0,0.0,0.0,228.50953036674676,228.50953036674676,0.0,0.0
3482,2019-05-26 02:00:00,5,2019-05-26 03:00:00,0.10531,0.10531,0.10531,0.0,0.05,225.22535279959635,-287.8134158645907,0.0,0.0,513.038768664187,513.038768664187,0.0,1.0
3483,2019-05-26 03:00:00,5,2019-05-26 04:00:00,0.10531,0.10531,0.10531,0.0,0.49131390432570576,270.06797490844525,-0.0,0.0,0.0,270.06797490844525,270.06797490844525,0.0,0.0
3484,2019-05-26 04:00:00,5,2019-05-26 05:00:00,0.10531,0.10531,0.10531,0.0,0.49131390432570576,260.46217412368145,-0.0,0.0,0.0,260.46217412368145,260.46217412368145,0.0,1.0
3485,2019-05-26 05:00:00,5,2019-05-26 06:00:00,0.10531,0.10531,0.10531,0.0,0.49131390432570576,332.1586017805733,-165.56255535716653,0.0,0.0,497.72115713773985,497.72115713773985,0.0,1.0
3486,2019-05-26 06:00:00,5,2019-05-26 07:00:00,0.10531,0.10531,0.10531,0.0,0.7451764892066944,346.8495224946399,-166.18924616954712,0.0,0.0,513.038768664187,513.038768664187,0.0,1.0
3487,2019-05-26 07:00:00,5,2019-05-26 08:00:00,0.10531,0.10531,0.10531,0.0,1.0,483.32329124637266,-0.0,0.0,0.0,483.32329124637266,483.32329124637266,0.0,0.0
3488,2019-05-26 08:00:00,5,2019-05-26 09:00:00,0.10531,0.10531,0.10531,0.0,1.0,550.9997424781512,-0.0,37.96097381396419,0.0,513.038768664187,513.038768664187,0.0,0.0
3489,2019-05-26 09:00:00,5,2019-05-26 10:00:00,0.06431,0.06431,0.06431,0.0,0.9312301199022388,547.3589742534707,-0.0,34.32020558928366,0.0,513.038768664187,513.038768664187,0.0,0.0
3490,2019-05-26 10:00:00,5,2019-05-26 11:00:00,0.06431,0.06431,0.06431,0.0,0.869055834414406,604.2923378961539,-0.0,91.25356923196682,0.0,513.038768664187,513.038768664187,0.0,0.0
3491,2019-05-26 11:00:00,5,2019-05-26 12:00:00,0.06431,0.06431,0.06431,0.0,0.7037413973999734,569.7265298090944,-0.0,56.68776114490731,0.0,513.038768664187,513.038768664187,0.0,0.0
3492,2019-05-26 12:00:00,5,2019-05-26 13:00:00,0.06431,0.06431,0.06431,0.0,0.6010461779345616,562.7061453036965,-0.0,49.667376639509484,0.0,513.038768664187,513.038768664187,0.0,0.0
3493,2019-05-26 13:00:00,5,2019-05-26 14:00:00,0.06431,0.06431,0.06431,0.0,0.5110690463412473,551.4882571060242,-0.0,38.44948844183716,0.0,513.038768664187,513.038768664187,0.0,0.0
3494,2019-05-26 14:00:00,5,2019-05-26 15:00:00,0.10531,0.10531,0.10531,0.0,0.4414141759756003,539.634277836889,-0.0,26.59550917270201,0.0,513.038768664187,513.038768664187,0.0,0.0
3495,2019-05-26 15:00:00,5,2019-05-26 16:00:00,0.10531,0.10531,0.10531,0.0,0.39323390573519806,535.8988790497868,-0.0,22.860110385599796,0.0,513.038768664187,513.038768664187,0.0,0.0
3496,2019-05-26 16:00:00,5,2019-05-26 17:00:00,0.13592,0.13592,0.13592,0.0,0.3518206622830245,530.4887952266819,-0.0,164.0546426641779,0.0,366.434152562504,366.434152562504,0.0,0.0
3497,2019-05-26 17:00:00,5,2019-05-26 18:00:00,0.13592,0.13592,0.13592,0.0,0.05462022267400662,515.5891315802387,-0.0,2.550362916051654,0.0,513.038768664187,513.038768664187,0.0,0.0
3498,2019-05-26 18:00:00,5,2019-05-26 19:00:00,0.13592,0.13592,0.13592,0.0,0.05,467.10547023725616,-0.0,0.0,0.0,467.10547023725616,467.10547023725616,0.0,0.0
3499,2019-05-26 19:00:00,5,2019-05-26 20:00:00,0.13592,0.13592,0.13592,0.0,0.05,433.7435545347024,-0.0,0.0,0.0,433.7435545347024,433.7435545347024,0.0,1.0
3500,2019-05-26 20:00:00,5,2019-05-26 21:00:00,0.13592,0.13592,0.13592,0.0,0.05,308.3470764781053,-0.0,0.0,0.0,308.3470764781053,308.3470764781053,0.0,1.0
3501,2019-05-26 21:00:00,5,2019-05-26 22:00:00,0.10531,0.10531,0.10531,0.0,0.05,214.5766849497109,-0.0,0.0,0.0,214.5766849497109,214.5766849497109,0.0,0.0
3502,2019-05-26 22:00:00,5,2019-05-26 23:00:00,0.10531,0.10531,0.10531,0.0,0.05,281.72151588091657,-112.3137985524551,0.0,0.0,394.0353144333717,394.0353144333717,0.0,1.0
3503,2019-05-26 23:00:00,5,2019-05-27 00:00:00,0.10531,0.10531,0.10531,0.0,0.22221449111376448,221.88453643983118,-0.0,0.0,0.0,221.88453643983118,221.88453643983118,0.0,0.0
3504,2019-05-27 00:00:00,5,2019-05-27 01:00:00,0.10531,0.10531,0.10531,0.0,0.22221449111376448,199.02021636091706,-0.0,0.0,0.0,199.02021636091706,199.02021636091706,0.0,0.0
3505,2019-05-27 01:00:00,5,2019-05-27 02:00:00,0.10531,0.10531,0.10531,0.0,0.22221449111376448,197.59762359526098,-0.0,0.0,0.0,197.59762359526098,197.59762359526098,0.0,0.0
3506,2019-05-27 02:00:00,5,2019-05-27 03:00:00,0.10531,0.10531,0.10531,0.0,0.22221449111376448,196.86612187374092,-0.0,0.0,0.0,196.86612187374092,196.86612187374092,0.0,0.0
3507,2019-05-27 03:00:00,5,2019-05-27 04:00:00,0.10531,0.10531,0.10531,0.0,0.22221449111376448,208.9382346940558,-0.0,0.0,0.0,208.9382346940558,208.9382346940558,0.0,0.0
3508,2019-05-27 04:00:00,5,2019-05-27 05:00:00,0.10531,0.10531,0.10531,0.0,0.22221449111376448,199.53183914105978,-0.0,0.0,0.0,199.53183914105978,199.53183914105978,0.0,0.0
3509,2019-05-27 05:00:00,5,2019-05-27 06:00:00,0.10531,0.10531,0.10531,0.0,0.22221449111376448,252.09779226552888,-174.0171756000882,0.0,0.0,426.1149678656171,426.1149678656171,0.0,1.0
3510,2019-05-27 06:00:00,5,2019-05-27 07:00:00,0.10531,0.10531,0.10531,0.0,0.4890408270338997,295.0824818835953,-239.45744364294808,0.0,0.0,534.5399255265434,534.5399255265434,0.0,1.0
3511,2019-05-27 07:00:00,5,2019-05-27 08:00:00,0.10531,0.10531,0.10531,0.0,0.8562089072864202,440.7631259307305,-93.77679959581292,0.0,0.0,534.5399255265434,534.5399255265434,0.0,1.0
3512,2019-05-27 08:00:00,5,2019-05-27 09:00:00,0.10531,0.10531,0.10531,0.0,1.0,502.16152419306326,-0.0,0.0,0.0,502.16152419306326,502.16152419306326,0.0,0.0
3513,2019-05-27 09:00:00,5,2019-05-27 10:00:00,0.06431,0.06431,0.06431,0.0,1.0,565.5088175710683,-0.0,30.968892044524978,0.0,534.5399255265434,534.5399255265434,0.0,0.0
3514,2019-05-27 10:00:00,5,2019-05-27 11:00:00,0.06431,0.06431,0.06431,0.0,0.9438969347019475,634.5575299198811,-0.0,100.01760439333768,0.0,534.5399255265434,534.5399255265434,0.0,0.0
3515,2019-05-27 11:00:00,5,2019-05-27 12:00:00,0.06431,0.06431,0.06431,0.0,0.7627056223951764,618.5905587275026,-0.0,84.05063320095925,0.0,534.5399255265434,534.5399255265434,0.0,0.0
3516,2019-05-27 12:00:00,5,2019-05-27 13:00:00,0.06431,0.06431,0.06431,0.0,0.6104399825383663,619.0320211851475,-0.0,84.49209565860411,0.0,534.5399255265434,534.5399255265434,0.0,0.0
3517,2019-05-27 13:00:00,5,2019-05-27 14:00:00,0.06431,0.06431,0.06431,0.0,0.45737459185248924,598.6993061328403,-0.0,64.1593806062969,0.0,534.5399255265434,534.5399255265434,0.0,0.0
3518,2019-05-27 14:00:00,5,2019-05-27 15:00:00,0.10531,0.10531,0.10531,0.0,0.34114382988455993,588.193538046836,-0.0,53.653612520292604,0.0,534.5399255265434,534.5399255265434,0.0,0.0
3519,2019-05-27 15:00:00,5,2019-05-27 16:00:00,0.10531,0.10531,0.10531,0.0,0.24394525647823267,588.0854114899071,-0.0,53.54548596336366,0.0,534.5399255265434,534.5399255265434,0.0,0.0
3520,2019-05-27 16:00:00,5,2019-05-27 17:00:00,0.13592,0.13592,0.13592,0.0,0.14694256451561735,586.3560700143263,-0.0,51.81614448778288,0.0,534.5399255265434,534.5399255265434,0.0,0.0
3521,2019-05-27 17:00:00,5,2019-05-27 18:00:00,0.13592,0.13592,0.13592,0.0,0.05307273754499611,536.2360766513813,-0.0,1.6961511248378542,0.0,534.5399255265434,534.5399255265434,0.0,0.0
3522,2019-05-27 18:00:00,5,2019-05-27 19:00:00,0.13592,0.13592,0.13592,0.0,0.05,428.994309081804,-0.0,0.0,0.0,428.994309081804,428.994309081804,0.0,1.0
3523,2019-05-27 19:00:00,5,2019-05-27 20:00:00,0.13592,0.13592,0.13592,0.0,0.05,405.73865475647773,-0.0,0.0,0.0,405.73865475647773,405.73865475647773,0.0,0.0
3524,2019-05-27 20:00:00,5,2019-05-27 21:00:00,0.13592,0.13592,0.13592,0.0,0.05,302.58680379660905,-0.0,0.0,0.0,302.58680379660905,302.58680379660905,0.0,0.0
3525,2019-05-27 21:00:00,5,2019-05-27 22:00:00,0.10531,0.10531,0.10531,0.0,0.05,222.22151482849054,-0.0,0.0,0.0,222.22151482849054,222.22151482849054,0.0,0.0
3526,2019-05-27 22:00:00,5,2019-05-27 23:00:00,0.10531,0.10531,0.10531,0.0,0.05,286.94244698919067,-0.0,0.0,0.0,286.94244698919067,286.94244698919067,0.0,1.0
3527,2019-05-27 23:00:00,5,2019-05-28 00:00:00,0.10531,0.10531,0.10531,0.0,0.05,231.21664171599778,-0.0,0.0,0.0,231.21664171599778,231.21664171599778,0.0,0.0
3528,2019-05-28 00:00:00,5,2019-05-28 01:00:00,0.10531,0.10531,0.10531,0.0,0.05,212.20543157991426,-0.0,0.0,0.0,212.20543157991426,212.20543157991426,0.0,0.0
3529,2019-05-28 01:00:00,5,2019-05-28 02:00:00,0.10531,0.10531,0.10531,0.0,0.05,210.47667917548299,-0.0,0.0,0.0,210.47667917548299,210.47667917548299,0.0,0.0
3530,2019-05-28 02:00:00,5,2019-05-28 03:00:00,0.10531,0.10531,0.10531,0.0,0.05,209.4668729413725,-0.0,0.0,0.0,209.4668729413725,209.4668729413725,0.0,0.0
3531,2019-05-28 03:00:00,5,2019-05-28 04:00:00,0.10531,0.10531,0.10531,0.0,0.05,219.26636055769734,-0.0,0.0,0.0,219.26636055769734,219.26636055769734,0.0,0.0
3532,2019-05-28 04:00:00,5,2019-05-28 05:00:00,0.10531,0.10531,0.10531,0.0,0.05,207.12682265116788,-0.0,0.0,0.0,207.12682265116788,207.12682265116788,0.0,0.0
3533,2019-05-28 05:00:00,5,2019-05-28 06:00:00,0.10531,0.10531,0.10531,0.0,0.05,256.570975832223,-107.90907860054038,0.0,0.0,364.4800544327634,364.4800544327634,0.0,1.0
3534,2019-05-28 06:00:00,5,2019-05-28 07:00:00,0.10531,0.10531,0.10531,0.0,0.21546058718749525,299.6872770898714,-234.85264843667198,0.0,0.0,534.5399255265434,534.5399255265434,0.0,1.0
3535,2019-05-28 07:00:00,5,2019-05-28 08:00:00,0.10531,0.10531,0.10531,0.0,0.575567981457059,384.4052116469729,-150.13471387957048,0.0,0.0,534.5399255265434,534.5399255265434,0.0,1.0
3536,2019-05-28 08:00:00,5,2019-05-28 09:00:00,0.10531,0.10531,0.10531,0.0,0.805774542739067,349.3715188126387,-0.0,0.0,0.0,349.3715188126387,349.3715188126387,0.0,0.0
3537,2019-05-28 09:00:00,5,2019-05-28 10:00:00,0.06431,0.06431,0.06431,0.0,0.805774542739067,434.2417488820164,-100.29817664452696,0.0,0.0,534.5399255265434,534.5399255265434,0.0,1.0
3538,2019-05-28 10:00:00,5,2019-05-28 11:00:00,0.06431,0.06431,0.06431,0.0,0.9595650802606751,508.16932569654887,-26.37059982999449,0.0,0.0,534.5399255265434,534.5399255265434,0.0,1.0
3539,2019-05-28 11:00:00,5,2019-05-28 12:00:00,0.06431,0.06431,0.06431,0.0,1.0,554.295976771271,-0.0,19.756051244727587,0.0,534.5399255265434,534.5399255265434,0.0,0.0
3540,2019-05-28 12:00:00,5,2019-05-28 13:00:00,0.06431,0.06431,0.06431,0.0,0.9642100520928849,552.573115998524,-0.0,18.033190471980674,0.0,534.5399255265434,534.5399255265434,0.0,0.0
3541,2019-05-28 13:00:00,5,2019-05-28 14:00:00,0.06431,0.06431,0.06431,0.0,0.9315412287740793,538.5535137046736,-0.0,4.013588178130249,0.0,534.5399255265434,534.5399255265434,0.0,0.0
3542,2019-05-28 14:00:00,5,2019-05-28 15:00:00,0.10531,0.10531,0.10531,0.0,0.9242702356977563,530.6940659519607,-3.8458595745826187,0.0,0.0,534.5399255265434,534.5399255265434,0.0,1.0
3543,2019-05-28 15:00:00,5,2019-05-28 16:00:00,0.10531,0.10531,0.10531,0.0,0.9301672203787831,518.1898182857547,-16.350107240788702,0.0,0.0,534.5399255265434,534.5399255265434,0.0,1.0
3544,2019-05-28 16:00:00,5,2019-05-28 17:00:00,0.13592,0.13592,0.13592,0.0,0.9552373848146591,434.9593345940214,-0.0,300.0,0.0,134.9593345940214,134.9593345940214,0.0,0.0
3545,2019-05-28 17:00:00,5,2019-05-28 18:00:00,0.13592,0.13592,0.13592,0.0,0.41175912394509395,437.65678586355233,-0.0,199.6910364176919,0.0,237.96574944586044,237.96574944586044,0.0,0.0
3546,2019-05-28 18:00:00,5,2019-05-28 19:00:00,0.13592,0.13592,0.13592,0.0,0.05,402.28566920213467,-0.0,0.0,0.0,402.28566920213467,402.28566920213467,0.0,0.0
3547,2019-05-28 19:00:00,5,2019-05-28 20:00:00,0.13592,0.13592,0.13592,0.0,0.05,393.09125266225345,-0.0,0.0,0.0,393.09125266225345,393.09125266225345,0.0,1.0
3548,2019-05-28 20:00:00,5,2019-05-28 21:00:00,0.13592,0.13592,0.13592,0.0,0.05,342.93218066880297,-0.0,0.0,0.0,342.93218066880297,342.93218066880297,0.0,0.0
3549,2019-05-28 21:00:00,5,2019-05-28 22:00:00,0.10531,0.10531,0.10531,0.0,0.05,229.78717108914694,-0.0,0.0,0.0,229.78717108914694,229.78717108914694,0.0,0.0
3550,2019-05-28 22:00:00,5,2019-05-28 23:00:00,0.10531,0.10531,0.10531,0.0,0.05,295.3205730355771,-0.0,0.0,0.0,295.3205730355771,295.3205730355771,0.0,1.0
3551,2019-05-28 23:00:00,5,2019-05-29 00:00:00,0.10531,0.10531,0.10531,0.0,0.05,239.60693834057358,-0.0,0.0,0.0,239.60693834057358,239.60693834057358,0.0,0.0
3552,2019-05-29 00:00:00,5,2019-05-29 01:00:00,0.10531,0.10531,0.10531,0.0,0.05,216.63028636959825,-0.0,0.0,0.0,216.63028636959825,216.63028636959825,0.0,0.0
3553,2019-05-29 01:00:00,5,2019-05-29 02:00:00,0.10531,0.10531,0.10531,0.0,0.05,210.8012871863264,-0.0,0.0,0.0,210.8012871863264,210.8012871863264,0.0,0.0
3554,2019-05-29 02:00:00,5,2019-05-29 03:00:00,0.10531,0.10531,0.10531,0.0,0.05,208.68271843394373,-0.0,0.0,0.0,208.68271843394373,208.68271843394373,0.0,0.0
3555,2019-05-29 03:00:00,5,2019-05-29 04:00:00,0.10531,0.10531,0.10531,0.0,0.05,223.45700704610752,-0.0,0.0,0.0,223.45700704610752,223.45700704610752,0.0,0.0
3556,2019-05-29 04:00:00,5,2019-05-29 05:00:00,0.10531,0.10531,0.10531,0.0,0.05,217.02850427647923,-300.0,0.0,0.0,517.0285042764792,517.0285042764792,0.0,1.0
3557,2019-05-29 05:00:00,5,2019-05-29 06:00:00,0.10531,0.10531,0.10531,0.0,0.51,266.7955359557157,-12.938383142114077,0.0,0.0,279.7339190978298,279.7339190978298,0.0,1.0
3558,2019-05-29 06:00:00,5,2019-05-29 07:00:00,0.10531,0.10531,0.10531,0.0,0.5298388541512415,301.20138648235763,-0.0,0.0,0.0,301.20138648235763,301.20138648235763,0.0,1.0
3559,2019-05-29 07:00:00,5,2019-05-29 08:00:00,0.10531,0.10531,0.10531,0.0,0.5298388541512415,375.9848415123665,-0.0,0.0,0.0,375.9848415123665,375.9848415123665,0.0,1.0
3560,2019-05-29 08:00:00,5,2019-05-29 09:00:00,0.10531,0.10531,0.10531,0.0,0.5298388541512415,338.53106269708775,-0.0,0.0,0.0,338.53106269708775,338.53106269708775,0.0,1.0
3561,2019-05-29 09:00:00,5,2019-05-29 10:00:00,0.06431,0.06431,0.06431,0.0,0.5298388541512415,414.36366594884095,-120.17625957770241,0.0,0.0,534.5399255265434,534.5399255265434,0.0,1.0
3562,2019-05-29 10:00:00,5,2019-05-29 11:00:00,0.06431,0.06431,0.06431,0.0,0.714109118837052,472.6431383295545,-61.89678719698884,0.0,0.0,534.5399255265434,534.5399255265434,0.0,1.0
3563,2019-05-29 11:00:00,5,2019-05-29 12:00:00,0.06431,0.06431,0.06431,0.0,0.8090175258724349,501.0184602781188,-33.52146524842453,0.0,0.0,534.5399255265434,534.5399255265434,0.0,1.0
3564,2019-05-29 12:00:00,5,2019-05-29 13:00:00,0.06431,0.06431,0.06431,0.0,0.8604171059200193,495.29555250932987,-39.24437301721349,0.0,0.0,534.5399255265434,534.5399255265434,0.0,1.0
3565,2019-05-29 13:00:00,5,2019-05-29 14:00:00,0.06431,0.06431,0.06431,0.0,0.9205918112130799,482.7519763176825,-51.78794920886088,0.0,0.0,534.5399255265434,534.5399255265434,0.0,1.0
3566,2019-05-29 14:00:00,5,2019-05-29 15:00:00,0.10531,0.10531,0.10531,0.0,1.0,473.4878798532616,-0.0,0.0,0.0,473.4878798532616,473.4878798532616,0.0,0.0
3567,2019-05-29 15:00:00,5,2019-05-29 16:00:00,0.10531,0.10531,0.10531,0.0,1.0,469.6610744506387,-0.0,0.0,0.0,469.6610744506387,469.6610744506387,0.0,1.0
3568,2019-05-29 16:00:00,5,2019-05-29 17:00:00,0.13592,0.13592,0.13592,0.0,1.0,403.4025606621471,-0.0,0.0,0.0,403.4025606621471,403.4025606621471,0.0,0.0
3569,2019-05-29 17:00:00,5,2019-05-29 18:00:00,0.13592,0.13592,0.13592,0.0,1.0,407.2586978165057,-0.0,300.0,0.0,107.25869781650567,107.25869781650567,0.0,0.0
3570,2019-05-29 18:00:00,5,2019-05-29 19:00:00,0.13592,0.13592,0.13592,0.0,0.4565217391304348,370.03237490474504,-0.0,0.0,0.0,370.03237490474504,370.03237490474504,0.0,0.0
3571,2019-05-29 19:00:00,5,2019-05-29 20:00:00,0.13592,0.13592,0.13592,0.0,0.4565217391304348,369.7746108697526,-0.0,224.4,0.0,145.37461086975262,145.37461086975262,0.0,0.0
3572,2019-05-29 20:00:00,5,2019-05-29 21:00:00,0.13592,0.13592,0.13592,0.0,0.05,330.9048277641784,-0.0,0.0,0.0,330.9048277641784,330.9048277641784,0.0,1.0
3573,2019-05-29 21:00:00,5,2019-05-29 22:00:00,0.10531,0.10531,0.10531,0.0,0.05,223.6368466489278,-0.0,0.0,0.0,223.6368466489278,223.6368466489278,0.0,0.0
3574,2019-05-29 22:00:00,5,2019-05-29 23:00:00,0.10531,0.10531,0.10531,0.0,0.05,289.64856749323326,-127.08199204868524,0.0,0.0,416.7305595419185,416.7305595419185,0.0,1.0
3575,2019-05-29 23:00:00,5,2019-05-30 00:00:00,0.10531,0.10531,0.10531,0.0,0.24485905447465067,232.91777398854154,-0.0,0.0,0.0,232.91777398854154,232.91777398854154,0.0,0.0
3576,2019-05-30 00:00:00,5,2019-05-30 01:00:00,0.10531,0.10531,0.10531,0.0,0.24485905447465067,218.89517804247126,-0.0,0.0,0.0,218.89517804247126,218.89517804247126,0.0,0.0
3577,2019-05-30 01:00:00,5,2019-05-30 02:00:00,0.10531,0.10531,0.10531,0.0,0.24485905447465067,216.02960634422914,-0.0,0.0,0.0,216.02960634422914,216.02960634422914,0.0,0.0
3578,2019-05-30 02:00:00,5,2019-05-30 03:00:00,0.10531,0.10531,0.10531,0.0,0.24485905447465067,213.85331401778896,-0.0,0.0,0.0,213.85331401778896,213.85331401778896,0.0,0.0
3579,2019-05-30 03:00:00,5,2019-05-30 04:00:00,0.10531,0.10531,0.10531,0.0,0.24485905447465067,260.15256565416547,-209.91378556853957,0.0,0.0,470.06635122270507,470.06635122270507,0.0,1.0
3580,2019-05-30 04:00:00,5,2019-05-30 05:00:00,0.10531,0.10531,0.10531,0.0,0.5667268590130781,251.9704857524638,-282.56943977407957,0.0,0.0,534.5399255265434,534.5399255265434,0.0,1.0
3581,2019-05-30 05:00:00,5,2019-05-30 06:00:00,0.10531,0.10531,0.10531,0.0,1.0,325.6256631324961,-0.0,0.0,0.0,325.6256631324961,325.6256631324961,0.0,1.0
3582,2019-05-30 06:00:00,5,2019-05-30 07:00:00,0.10531,0.10531,0.10531,0.0,1.0,341.94307558535576,-0.0,0.0,0.0,341.94307558535576,341.94307558535576,0.0,1.0
3583,2019-05-30 07:00:00,5,2019-05-30 08:00:00,0.10531,0.10531,0.10531,0.0,1.0,478.9558692548642,-0.0,0.0,0.0,478.9558692548642,478.9558692548642,0.0,1.0
3584,2019-05-30 08:00:00,5,2019-05-30 09:00:00,0.10531,0.10531,0.10531,0.0,1.0,544.0745285849166,-0.0,9.53460305837325,0.0,534.5399255265434,534.5399255265434,0.0,0.0
3585,2019-05-30 09:00:00,5,2019-05-30 10:00:00,0.06431,0.06431,0.06431,0.0,0.9827271683725123,535.5624604129051,-0.0,1.0225348863617683,0.0,534.5399255265434,534.5399255265434,0.0,0.0
3586,2019-05-30 10:00:00,5,2019-05-30 11:00:00,0.06431,0.06431,0.06431,0.0,0.9808747501001178,595.3892285783902,-0.0,60.849303051846846,0.0,534.5399255265434,534.5399255265434,0.0,0.0
3587,2019-05-30 11:00:00,5,2019-05-30 12:00:00,0.06431,0.06431,0.06431,0.0,0.870640505440975,570.6956825999687,-0.0,36.15575707342532,0.0,534.5399255265434,534.5399255265434,0.0,0.0
3588,2019-05-30 12:00:00,5,2019-05-30 13:00:00,0.06431,0.06431,0.06431,0.0,0.8051409455253493,564.9301099668734,-0.0,30.390184440330017,0.0,534.5399255265434,534.5399255265434,0.0,0.0
3589,2019-05-30 13:00:00,5,2019-05-30 14:00:00,0.06431,0.06431,0.06431,0.0,0.7500862635682298,550.2898108981611,-0.0,15.74988537161778,0.0,534.5399255265434,534.5399255265434,0.0,0.0
3590,2019-05-30 14:00:00,5,2019-05-30 15:00:00,0.10531,0.10531,0.10531,0.0,0.7215538625326903,539.0812319281761,-0.0,4.54130640163271,0.0,534.5399255265434,534.5399255265434,0.0,0.0
3591,2019-05-30 15:00:00,5,2019-05-30 16:00:00,0.10531,0.10531,0.10531,0.0,0.7133268581819064,535.2806835984977,-0.0,0.7407580719543603,0.0,534.5399255265434,534.5399255265434,0.0,0.0
3592,2019-05-30 16:00:00,5,2019-05-30 17:00:00,0.13592,0.13592,0.13592,0.0,0.7119849051530035,530.5815060380668,-0.0,300.0,0.0,230.58150603806678,230.58150603806678,0.0,0.0
3593,2019-05-30 17:00:00,5,2019-05-30 18:00:00,0.13592,0.13592,0.13592,0.0,0.16850664428343834,518.3479475366786,-0.0,0.0,0.0,518.3479475366786,518.3479475366786,0.0,1.0
3594,2019-05-30 18:00:00,5,2019-05-30 19:00:00,0.13592,0.13592,0.13592,0.0,0.16850664428343834,472.64411176593165,-0.0,65.41566764445797,0.0,407.2284441214737,407.2284441214737,0.0,0.0
3595,2019-05-30 19:00:00,5,2019-05-30 20:00:00,0.13592,0.13592,0.13592,0.0,0.05,441.6725276698892,-0.0,0.0,0.0,441.6725276698892,441.6725276698892,0.0,1.0
3596,2019-05-30 20:00:00,5,2019-05-30 21:00:00,0.13592,0.13592,0.13592,0.0,0.05,315.86851443173515,-0.0,0.0,0.0,315.86851443173515,315.86851443173515,0.0,1.0
3597,2019-05-30 21:00:00,5,2019-05-30 22:00:00,0.10531,0.10531,0.10531,0.0,0.05,222.03695171389958,-0.0,0.0,0.0,222.03695171389958,222.03695171389958,0.0,0.0
3598,2019-05-30 22:00:00,5,2019-05-30 23:00:00,0.10531,0.10531,0.10531,0.0,0.05,288.3226865875547,-117.63238692494859,0.0,0.0,405.9550735125033,405.9550735125033,0.0,1.0
3599,2019-05-30 23:00:00,5,2019-05-31 00:00:00,0.10531,0.10531,0.10531,0.0,0.23036965995158784,231.40436475054597,-0.0,0.0,0.0,231.40436475054597,231.40436475054597,0.0,0.0
3600,2019-05-31 00:00:00,5,2019-05-31 01:00:00,0.10531,0.10531,0.10531,0.0,0.23036965995158784,213.9951458814553,-0.0,0.0,0.0,213.9951458814553,213.9951458814553,0.0,0.0
3601,2019-05-31 01:00:00,5,2019-05-31 02:00:00,0.10531,0.10531,0.10531,0.0,0.23036965995158784,211.6678540981414,-0.0,0.0,0.0,211.6678540981414,211.6678540981414,0.0,0.0
3602,2019-05-31 02:00:00,5,2019-05-31 03:00:00,0.10531,0.10531,0.10531,0.0,0.23036965995158784,209.9116485108744,-0.0,0.0,0.0,209.9116485108744,209.9116485108744,0.0,0.0
3603,2019-05-31 03:00:00,5,2019-05-31 04:00:00,0.10531,0.10531,0.10531,0.0,0.23036965995158784,222.58437719771356,-201.93283046635574,0.0,0.0,424.5172076640693,424.5172076640693,0.0,1.0
3604,2019-05-31 04:00:00,5,2019-05-31 05:00:00,0.10531,0.10531,0.10531,0.0,0.54,213.63937711352776,-300.0,0.0,0.0,513.6393771135278,513.6393771135278,0.0,1.0
3605,2019-05-31 05:00:00,5,2019-05-31 06:00:00,0.10531,0.10531,0.10531,0.0,1.0,286.2689347633408,-0.0,0.0,0.0,286.2689347633408,286.2689347633408,0.0,1.0
3606,2019-05-31 06:00:00,5,2019-05-31 07:00:00,0.10531,0.10531,0.10531,0.0,1.0,318.4126540998336,-0.0,0.0,0.0,318.4126540998336,318.4126540998336,0.0,0.0
3607,2019-05-31 07:00:00,5,2019-05-31 08:00:00,0.10531,0.10531,0.10531,0.0,1.0,476.23425153419015,-0.0,0.0,0.0,476.23425153419015,476.23425153419015,0.0,1.0
3608,2019-05-31 08:00:00,5,2019-05-31 09:00:00,0.10531,0.10531,0.10531,0.0,1.0,540.7747952454783,-0.0,6.234869718934988,0.0,534.5399255265434,534.5399255265434,0.0,0.0
3609,2019-05-31 09:00:00,5,2019-05-31 10:00:00,0.06431,0.06431,0.06431,0.0,0.9887049461613496,534.4956285719591,-0.044296954584297055,0.0,0.0,534.5399255265434,534.5399255265434,0.0,1.0
3610,2019-05-31 10:00:00,5,2019-05-31 11:00:00,0.06431,0.06431,0.06431,0.0,0.9887728681583788,594.1416207011011,-0.0,59.60169517455779,0.0,534.5399255265434,534.5399255265434,0.0,0.0
3611,2019-05-31 11:00:00,5,2019-05-31 12:00:00,0.06431,0.06431,0.06431,0.0,0.8807987826972233,568.3049058686872,-0.0,33.76498034214387,0.0,534.5399255265434,534.5399255265434,0.0,0.0
3612,2019-05-31 12:00:00,5,2019-05-31 13:00:00,0.06431,0.06431,0.06431,0.0,0.8196303400484121,565.8336726788884,-0.0,31.293747152345077,0.0,534.5399255265434,534.5399255265434,0.0,0.0
3613,2019-05-31 13:00:00,5,2019-05-31 14:00:00,0.06431,0.06431,0.06431,0.0,0.7629387691202507,552.3698006354269,-0.0,17.829875108883584,0.0,534.5399255265434,534.5399255265434,0.0,0.0
3614,2019-05-31 14:00:00,5,2019-05-31 15:00:00,0.10531,0.10531,0.10531,0.0,0.7306382707345921,538.3112645942578,-0.0,3.7713390677143934,0.0,534.5399255265434,534.5399255265434,0.0,0.0
3615,2019-05-31 15:00:00,5,2019-05-31 16:00:00,0.10531,0.10531,0.10531,0.0,0.7238061347423559,534.6742721147403,-0.0,0.13434658819699052,0.0,534.5399255265434,534.5399255265434,0.0,0.0
3616,2019-05-31 16:00:00,5,2019-05-31 17:00:00,0.13592,0.13592,0.13592,0.0,0.723562753241999,531.6804280570658,-0.0,71.80663978958343,0.0,459.8737882674824,459.8737882674824,0.0,0.0
3617,2019-05-31 17:00:00,5,2019-05-31 18:00:00,0.13592,0.13592,0.13592,0.0,0.5934782608695653,518.499532876233,-0.0,0.0,0.0,518.499532876233,518.499532876233,0.0,1.0
3618,2019-05-31 18:00:00,5,2019-05-31 19:00:00,0.13592,0.13592,0.13592,0.0,0.5934782608695653,485.7704201134313,-0.0,0.0,0.0,485.7704201134313,485.7704201134313,0.0,1.0
3619,2019-05-31 19:00:00,5,2019-05-31 20:00:00,0.13592,0.13592,0.13592,0.0,0.5934782608695653,450.65088323905985,-0.0,0.0,0.0,450.65088323905985,450.65088323905985,0.0,1.0
3620,2019-05-31 20:00:00,5,2019-05-31 21:00:00,0.13592,0.13592,0.13592,0.0,0.5934782608695652,322.7685850017965,-0.0,300.0,0.0,22.76858500179651,22.76858500179651,0.0,0.0
3621,2019-05-31 21:00:00,5,2019-05-31 22:00:00,0.10531,0.10531,0.10531,0.0,0.05,220.08795193544407,-0.0,0.0,0.0,220.08795193544407,220.08795193544407,0.0,0.0
3622,2019-05-31 22:00:00,5,2019-05-31 23:00:00,0.10531,0.10531,0.10531,0.0,0.05,287.77238879196864,-76.64834066073969,0.0,0.0,364.4207294527083,364.4207294527083,0.0,1.0
3623,2019-05-31 23:00:00,5,2019-06-01 00:00:00,0.10531,0.10531,0.10531,0.0,0.16752745567980087,230.97395786878045,-0.0,0.0,0.0,230.97395786878045,230.97395786878045,0.0,0.0
3624,2019-06-01 00:00:00,6,2019-06-01 01:00:00,0.10547,0.10547,0.10547,0.0,0.16752745567980087,213.52606123136198,-0.0,0.0,0.0,213.52606123136198,213.52606123136198,0.0,0.0
3625,2019-06-01 01:00:00,6,2019-06-01 02:00:00,0.10547,0.10547,0.10547,0.0,0.16752745567980087,211.1868958419636,-0.0,0.0,0.0,211.1868958419636,211.1868958419636,0.0,0.0
3626,2019-06-01 02:00:00,6,2019-06-01 03:00:00,0.10547,0.10547,0.10547,0.0,0.16752745567980087,209.94584525930378,-0.0,0.0,0.0,209.94584525930378,209.94584525930378,0.0,0.0
3627,2019-06-01 03:00:00,6,2019-06-01 04:00:00,0.10547,0.10547,0.10547,0.0,0.16752745567980087,223.30594818816587,-264.0703687603495,0.0,0.0,487.37631694851535,487.37631694851535,0.0,1.0
3628,2019-06-01 04:00:00,6,2019-06-01 05:00:00,0.10547,0.10547,0.10547,0.0,0.5724353544456701,214.70218444228271,-272.67413250623264,0.0,0.0,487.37631694851535,487.37631694851535,0.0,1.0
3629,2019-06-01 05:00:00,6,2019-06-01 06:00:00,0.10547,0.10547,0.10547,0.0,0.9905356909552268,287.86498574905636,-0.0,0.0,0.0,287.86498574905636,287.86498574905636,0.0,1.0
3630,2019-06-01 06:00:00,6,2019-06-01 07:00:00,0.10547,0.10547,0.10547,0.0,0.9905356909552268,320.65571757833067,-6.172375463982551,0.0,0.0,326.82809304231324,326.82809304231324,0.0,1.0
3631,2019-06-01 07:00:00,6,2019-06-01 08:00:00,0.10547,0.10547,0.10547,0.0,1.0,479.07002714410413,-0.0,0.0,0.0,479.07002714410413,479.07002714410413,0.0,1.0
3632,2019-06-01 08:00:00,6,2019-06-01 09:00:00,0.10547,0.10547,0.10547,0.0,1.0,538.138372274216,-0.0,50.7620553257006,0.0,487.37631694851535,487.37631694851535,0.0,0.0
3633,2019-06-01 09:00:00,6,2019-06-01 10:00:00,0.10547,0.10547,0.10547,0.0,0.9080397548447453,525.1460286333466,-0.0,37.76971168483135,0.0,487.3763169485153,487.3763169485153,0.0,0.0
3634,2019-06-01 10:00:00,6,2019-06-01 11:00:00,0.10547,0.10547,0.10547,0.0,0.8396163641113545,581.9245952241544,-0.0,94.548278275639,0.0,487.37631694851535,487.37631694851535,0.0,0.0
3635,2019-06-01 11:00:00,6,2019-06-01 12:00:00,0.10547,0.10547,0.10547,0.0,0.6683332512931682,548.4319646165098,-0.0,61.05564766799449,0.0,487.37631694851535,487.37631694851535,0.0,0.0
3636,2019-06-01 12:00:00,6,2019-06-01 13:00:00,0.10547,0.10547,0.10547,0.0,0.5577251939236134,548.3199094548662,-0.0,60.943592506350846,0.0,487.37631694851535,487.37631694851535,0.0,0.0
3637,2019-06-01 13:00:00,6,2019-06-01 14:00:00,0.10547,0.10547,0.10547,0.0,0.44732013503529666,543.7294823048645,-0.0,56.353165356349166,0.0,487.37631694851535,487.37631694851535,0.0,0.0
3638,2019-06-01 14:00:00,6,2019-06-01 15:00:00,0.12561,0.12561,0.12561,0.0,0.3452310673607511,533.9441872336331,-0.0,46.56787028511775,0.0,487.37631694851535,487.37631694851535,0.0,0.0
3639,2019-06-01 15:00:00,6,2019-06-01 16:00:00,0.12561,0.12561,0.12561,0.0,0.26086898351090043,531.547073114435,-0.0,44.17075616591961,0.0,487.37631694851535,487.37631694851535,0.0,0.0
3640,2019-06-01 16:00:00,6,2019-06-01 17:00:00,0.15111,0.15111,0.15111,0.0,0.18084949770307504,528.2648482569097,-0.0,40.888531308394306,0.0,487.37631694851535,487.37631694851535,0.0,0.0
3641,2019-06-01 17:00:00,6,2019-06-01 18:00:00,0.15111,0.15111,0.15111,0.0,0.10677607141975197,517.7020659989364,-0.0,30.325749050421052,0.0,487.37631694851535,487.37631694851535,0.0,0.0
3642,2019-06-01 18:00:00,6,2019-06-01 19:00:00,0.15111,0.15111,0.15111,0.0,0.051838120241453026,488.3909593217974,-0.0,1.0146423732820722,0.0,487.37631694851535,487.37631694851535,0.0,0.0
3643,2019-06-01 19:00:00,6,2019-06-01 20:00:00,0.15111,0.15111,0.15111,0.0,0.05,456.5801836669817,-0.0,0.0,0.0,456.5801836669817,456.5801836669817,0.0,1.0
3644,2019-06-01 20:00:00,6,2019-06-01 21:00:00,0.15111,0.15111,0.15111,0.0,0.05,327.9664248583468,-0.0,0.0,0.0,327.9664248583468,327.9664248583468,0.0,1.0
3645,2019-06-01 21:00:00,6,2019-06-01 22:00:00,0.12561,0.12561,0.12561,0.0,0.05,224.7087829000617,-0.0,0.0,0.0,224.7087829000617,224.7087829000617,0.0,0.0
3646,2019-06-01 22:00:00,6,2019-06-01 23:00:00,0.12561,0.12561,0.12561,0.0,0.05,291.9185910324368,-0.0,0.0,0.0,291.9185910324368,291.9185910324368,0.0,1.0
3647,2019-06-01 23:00:00,6,2019-06-02 00:00:00,0.10547,0.10547,0.10547,0.0,0.05,235.70061429220246,-0.0,0.0,0.0,235.70061429220246,235.70061429220246,0.0,0.0
3648,2019-06-02 00:00:00,6,2019-06-02 01:00:00,0.10547,0.10547,0.10547,0.0,0.05,217.30570068216082,-0.0,0.0,0.0,217.30570068216082,217.30570068216082,0.0,0.0
3649,2019-06-02 01:00:00,6,2019-06-02 02:00:00,0.10547,0.10547,0.10547,0.0,0.05,215.0011176651895,-0.0,0.0,0.0,215.0011176651895,215.0011176651895,0.0,0.0
3650,2019-06-02 02:00:00,6,2019-06-02 03:00:00,0.10547,0.10547,0.10547,0.0,0.05,213.3260689339604,-0.0,0.0,0.0,213.3260689339604,213.3260689339604,0.0,0.0
3651,2019-06-02 03:00:00,6,2019-06-02 04:00:00,0.10547,0.10547,0.10547,0.0,0.05,260.5996336994248,-230.98669074395735,0.0,0.0,491.5863244433822,491.5863244433822,0.0,1.0
3652,2019-06-02 04:00:00,6,2019-06-02 05:00:00,0.10547,0.10547,0.10547,0.0,0.40417959247406793,252.78473807914082,-238.80158636424136,0.0,0.0,491.5863244433822,491.5863244433822,0.0,1.0
3653,2019-06-02 05:00:00,6,2019-06-02 06:00:00,0.10547,0.10547,0.10547,0.0,0.7703420248992381,327.25516151418213,-149.7769402831056,0.0,0.0,477.03210179728774,477.03210179728774,0.0,1.0
3654,2019-06-02 06:00:00,6,2019-06-02 07:00:00,0.10547,0.10547,0.10547,0.0,1.0,345.3948566816281,-0.0,0.0,0.0,345.3948566816281,345.3948566816281,0.0,0.0
3655,2019-06-02 07:00:00,6,2019-06-02 08:00:00,0.10547,0.10547,0.10547,0.0,1.0,481.90773110872783,0.0,0.0,0.0,481.90773110872783,481.90773110872783,0.0,0.0
3656,2019-06-02 08:00:00,6,2019-06-02 09:00:00,0.10547,0.10547,0.10547,0.0,1.0,541.8538427830036,-0.0,50.26751833962143,0.0,491.5863244433822,491.5863244433822,0.0,0.0
3657,2019-06-02 09:00:00,6,2019-06-02 10:00:00,0.10547,0.10547,0.10547,0.0,0.9089356551818452,529.1330326487749,-0.0,37.54670820539275,0.0,491.5863244433822,491.5863244433822,0.0,0.0
3658,2019-06-02 10:00:00,6,2019-06-02 11:00:00,0.10547,0.10547,0.10547,0.0,0.8409162562590323,583.0394242517522,-0.0,91.45309980836996,0.0,491.5863244433822,491.5863244433822,0.0,0.0
3659,2019-06-02 11:00:00,6,2019-06-02 12:00:00,0.10547,0.10547,0.10547,0.0,0.6752403508090866,554.2358729378238,-0.0,62.64954849444163,0.0,491.5863244433822,491.5863244433822,0.0,0.0
3660,2019-06-02 12:00:00,6,2019-06-02 13:00:00,0.10547,0.10547,0.10547,0.0,0.5617447919423447,552.9495653758986,-0.0,61.36324093251637,0.0,491.58632444338224,491.58632444338224,0.0,0.0
3661,2019-06-02 13:00:00,6,2019-06-02 14:00:00,0.10547,0.10547,0.10547,0.0,0.4505795003979311,544.466053322704,-0.0,52.87972887932182,0.0,491.58632444338224,491.58632444338224,0.0,0.0
3662,2019-06-02 14:00:00,6,2019-06-02 15:00:00,0.12561,0.12561,0.12561,0.0,0.3547828901093045,538.9312401437321,-0.0,47.34491570034987,0.0,491.58632444338224,491.58632444338224,0.0,0.0
3663,2019-06-02 15:00:00,6,2019-06-02 16:00:00,0.12561,0.12561,0.12561,0.0,0.2690131152898302,538.4462213425512,-0.0,46.85989689916897,0.0,491.58632444338224,491.58632444338224,0.0,0.0
3664,2019-06-02 16:00:00,6,2019-06-02 17:00:00,0.15111,0.15111,0.15111,0.0,0.18412199771887192,534.4361365651497,-0.0,42.84981212176746,0.0,491.58632444338224,491.58632444338224,0.0,0.0
3665,2019-06-02 17:00:00,6,2019-06-02 18:00:00,0.15111,0.15111,0.15111,0.0,0.106495526483786,522.7718550624321,-0.0,31.185530619049874,0.0,491.58632444338224,491.58632444338224,0.0,0.0
3666,2019-06-02 18:00:00,6,2019-06-02 19:00:00,0.15111,0.15111,0.15111,0.0,0.05,476.61272115441085,-0.0,0.0,0.0,476.61272115441085,476.61272115441085,0.0,0.0
3667,2019-06-02 19:00:00,6,2019-06-02 20:00:00,0.15111,0.15111,0.15111,0.0,0.05,447.18505464082347,-0.0,0.0,0.0,447.18505464082347,447.18505464082347,0.0,1.0
3668,2019-06-02 20:00:00,6,2019-06-02 21:00:00,0.15111,0.15111,0.15111,0.0,0.05,320.6077107971924,-0.0,0.0,0.0,320.6077107971924,320.6077107971924,0.0,1.0
3669,2019-06-02 21:00:00,6,2019-06-02 22:00:00,0.12561,0.12561,0.12561,0.0,0.05,227.35965490016287,-0.0,0.0,0.0,227.35965490016287,227.35965490016287,0.0,0.0
3670,2019-06-02 22:00:00,6,2019-06-02 23:00:00,0.12561,0.12561,0.12561,0.0,0.05,294.0489834804636,-0.0,0.0,0.0,294.0489834804636,294.0489834804636,0.0,1.0
3671,2019-06-02 23:00:00,6,2019-06-03 00:00:00,0.10547,0.10547,0.10547,0.0,0.05,237.8137858602698,-0.0,0.0,0.0,237.8137858602698,237.8137858602698,0.0,0.0
3672,2019-06-03 00:00:00,6,2019-06-03 01:00:00,0.10547,0.10547,0.10547,0.0,0.05,214.46376759497446,-0.0,0.0,0.0,214.46376759497446,214.46376759497446,0.0,0.0
3673,2019-06-03 01:00:00,6,2019-06-03 02:00:00,0.10547,0.10547,0.10547,0.0,0.05,212.0445590681519,-0.0,0.0,0.0,212.0445590681519,212.0445590681519,0.0,0.0
3674,2019-06-03 02:00:00,6,2019-06-03 03:00:00,0.10547,0.10547,0.10547,0.0,0.05,210.2388983207049,-0.0,0.0,0.0,210.2388983207049,210.2388983207049,0.0,0.0
3675,2019-06-03 03:00:00,6,2019-06-03 04:00:00,0.10547,0.10547,0.10547,0.0,0.05,223.1709589777298,-268.4153654656524,0.0,0.0,491.58632444338224,491.58632444338224,0.0,1.0
3676,2019-06-03 04:00:00,6,2019-06-03 05:00:00,0.10547,0.10547,0.10547,0.0,0.4615702270473338,214.9159169958196,-155.01066718154365,0.0,0.0,369.9265841773632,369.9265841773632,0.0,1.0
3677,2019-06-03 05:00:00,6,2019-06-03 06:00:00,0.10547,0.10547,0.10547,0.0,0.699253250059034,263.2914975524971,-0.0,0.0,0.0,263.2914975524971,263.2914975524971,0.0,1.0
3678,2019-06-03 06:00:00,6,2019-06-03 07:00:00,0.10547,0.10547,0.10547,0.0,0.699253250059034,295.44713969927403,-196.1391847441082,0.0,0.0,491.58632444338224,491.58632444338224,0.0,1.0
3679,2019-06-03 07:00:00,6,2019-06-03 08:00:00,0.10547,0.10547,0.10547,0.0,1.0,423.8892524990037,-0.0,0.0,0.0,423.8892524990037,423.8892524990037,0.0,1.0
3680,2019-06-03 08:00:00,6,2019-06-03 09:00:00,0.10547,0.10547,0.10547,0.0,1.0,476.9517797665171,-0.0,0.0,0.0,476.9517797665171,476.9517797665171,0.0,1.0
3681,2019-06-03 09:00:00,6,2019-06-03 10:00:00,0.10547,0.10547,0.10547,0.0,1.0,532.9066447305189,-0.0,41.32032028713667,0.0,491.58632444338224,491.58632444338224,0.0,0.0
3682,2019-06-03 10:00:00,6,2019-06-03 11:00:00,0.10547,0.10547,0.10547,0.0,0.9251443473059118,594.4597532851436,-0.0,102.87342884176138,0.0,491.58632444338224,491.58632444338224,0.0,0.0
3683,2019-06-03 11:00:00,6,2019-06-03 12:00:00,0.10547,0.10547,0.10547,0.0,0.7387794399838803,568.2989261459483,-0.0,76.71260170256602,0.0,491.58632444338224,491.58632444338224,0.0,0.0
3684,2019-06-03 12:00:00,6,2019-06-03 13:00:00,0.10547,0.10547,0.10547,0.0,0.5998073354502461,560.7020496398983,-0.0,69.11572519651605,0.0,491.58632444338224,491.58632444338224,0.0,0.0
3685,2019-06-03 13:00:00,6,2019-06-03 14:00:00,0.10547,0.10547,0.10547,0.0,0.4745976883551084,549.8485982855997,-0.0,58.26227384221744,0.0,491.58632444338224,491.58632444338224,0.0,0.0
3686,2019-06-03 14:00:00,6,2019-06-03 15:00:00,0.12561,0.12561,0.12561,0.0,0.3690500908148594,538.8296176308895,-0.0,47.24329318750728,0.0,491.58632444338224,491.58632444338224,0.0,0.0
3687,2019-06-03 15:00:00,6,2019-06-03 16:00:00,0.12561,0.12561,0.12561,0.0,0.28346441475053463,536.79498990541,-0.0,45.208665462027795,0.0,491.58632444338224,491.58632444338224,0.0,0.0
3688,2019-06-03 16:00:00,6,2019-06-03 17:00:00,0.15111,0.15111,0.15111,0.0,0.20156465847874513,534.0771205028367,-0.0,42.49079605945445,0.0,491.58632444338224,491.58632444338224,0.0,0.0
3689,2019-06-03 17:00:00,6,2019-06-03 18:00:00,0.15111,0.15111,0.15111,0.0,0.12458857866089289,493.8206374295631,-0.0,2.2343129861808393,0.0,491.58632444338224,491.58632444338224,0.0,0.0
3690,2019-06-03 18:00:00,6,2019-06-03 19:00:00,0.15111,0.15111,0.15111,0.0,0.12054091020766672,406.00139906740543,-0.0,38.93858243463203,0.0,367.0628166327734,367.0628166327734,0.0,0.0
3691,2019-06-03 19:00:00,6,2019-06-03 20:00:00,0.15111,0.15111,0.15111,0.0,0.05,403.36441226270995,-0.0,0.0,0.0,403.36441226270995,403.36441226270995,0.0,0.0
3692,2019-06-03 20:00:00,6,2019-06-03 21:00:00,0.15111,0.15111,0.15111,0.0,0.05,301.7729786021836,-0.0,0.0,0.0,301.7729786021836,301.7729786021836,0.0,1.0
3693,2019-06-03 21:00:00,6,2019-06-03 22:00:00,0.12561,0.12561,0.12561,0.0,0.05,221.90348577516897,-0.0,0.0,0.0,221.90348577516897,221.90348577516897,0.0,0.0
3694,2019-06-03 22:00:00,6,2019-06-03 23:00:00,0.12561,0.12561,0.12561,0.0,0.05,288.44433149981523,-0.0,0.0,0.0,288.44433149981523,288.44433149981523,0.0,1.0
3695,2019-06-03 23:00:00,6,2019-06-04 00:00:00,0.10547,0.10547,0.10547,0.0,0.05,231.188021630475,-0.0,0.0,0.0,231.188021630475,231.188021630475,0.0,0.0
3696,2019-06-04 00:00:00,6,2019-06-04 01:00:00,0.10547,0.10547,0.10547,0.0,0.05,212.40539696123938,-0.0,0.0,0.0,212.40539696123938,212.40539696123938,0.0,0.0
3697,2019-06-04 01:00:00,6,2019-06-04 02:00:00,0.10547,0.10547,0.10547,0.0,0.05,209.00650842289076,-0.0,0.0,0.0,209.00650842289076,209.00650842289076,0.0,0.0
3698,2019-06-04 02:00:00,6,2019-06-04 03:00:00,0.10547,0.10547,0.10547,0.0,0.05,206.9072153347117,-0.0,0.0,0.0,206.9072153347117,206.9072153347117,0.0,0.0
3699,2019-06-04 03:00:00,6,2019-06-04 04:00:00,0.10547,0.10547,0.10547,0.0,0.05,220.84544815878456,-0.0,0.0,0.0,220.84544815878456,220.84544815878456,0.0,0.0
3700,2019-06-04 04:00:00,6,2019-06-04 05:00:00,0.10547,0.10547,0.10547,0.0,0.05,212.97581414177546,-277.7393117945716,0.0,0.0,490.7151259363471,490.7151259363471,0.0,1.0
3701,2019-06-04 05:00:00,6,2019-06-04 06:00:00,0.10547,0.10547,0.10547,0.0,0.4758669447516765,263.55653849146154,-0.0,0.0,0.0,263.55653849146154,263.55653849146154,0.0,0.0
3702,2019-06-04 06:00:00,6,2019-06-04 07:00:00,0.10547,0.10547,0.10547,0.0,0.4758669447516765,298.3700515286132,-136.3563315985134,0.0,0.0,434.7263831271266,434.7263831271266,0.0,1.0
3703,2019-06-04 07:00:00,6,2019-06-04 08:00:00,0.10547,0.10547,0.10547,0.0,0.6849466532027304,368.56308273210544,-0.0,0.0,0.0,368.56308273210544,368.56308273210544,0.0,0.0
3704,2019-06-04 08:00:00,6,2019-06-04 09:00:00,0.10547,0.10547,0.10547,0.0,0.6849466532027304,325.43655516008585,-165.27857077626123,0.0,0.0,490.7151259363471,490.7151259363471,0.0,1.0
3705,2019-06-04 09:00:00,6,2019-06-04 10:00:00,0.10547,0.10547,0.10547,0.0,0.9383737950596643,397.3136409319085,-0.0,0.0,0.0,397.3136409319085,397.3136409319085,0.0,0.0
3706,2019-06-04 10:00:00,6,2019-06-04 11:00:00,0.10547,0.10547,0.10547,0.0,0.9383737950596643,456.265934747901,-34.44919118844609,0.0,0.0,490.7151259363471,490.7151259363471,0.0,1.0
3707,2019-06-04 11:00:00,6,2019-06-04 12:00:00,0.10547,0.10547,0.10547,0.0,0.9911958882152817,484.9733139028352,-5.741812033511906,0.0,0.0,490.7151259363471,490.7151259363471,0.0,1.0
3708,2019-06-04 12:00:00,6,2019-06-04 13:00:00,0.10547,0.10547,0.10547,0.0,1.0,490.7151259363471,-0.0,0.0,0.0,490.7151259363471,490.7151259363471,0.0,0.0
3709,2019-06-04 13:00:00,6,2019-06-04 14:00:00,0.10547,0.10547,0.10547,0.0,1.0,481.42167276497037,-0.0,0.0,0.0,481.42167276497037,481.42167276497037,0.0,0.0
3710,2019-06-04 14:00:00,6,2019-06-04 15:00:00,0.12561,0.12561,0.12561,0.0,1.0,473.86652723840155,-0.0,0.0,0.0,473.86652723840155,473.86652723840155,0.0,1.0
3711,2019-06-04 15:00:00,6,2019-06-04 16:00:00,0.12561,0.12561,0.12561,0.0,1.0,472.01021742684657,-0.0,0.0,0.0,472.01021742684657,472.01021742684657,0.0,0.0
3712,2019-06-04 16:00:00,6,2019-06-04 17:00:00,0.15111,0.15111,0.15111,0.0,1.0,412.44795358416025,-0.0,300.0,0.0,112.44795358416025,112.44795358416025,0.0,0.0
3713,2019-06-04 17:00:00,6,2019-06-04 18:00:00,0.15111,0.15111,0.15111,0.0,0.4565217391304348,416.22761618511123,-0.0,0.0,0.0,416.22761618511123,416.22761618511123,0.0,0.0
3714,2019-06-04 18:00:00,6,2019-06-04 19:00:00,0.15111,0.15111,0.15111,0.0,0.4565217391304348,377.4573064813915,-0.0,0.0,0.0,377.4573064813915,377.4573064813915,0.0,0.0
3715,2019-06-04 19:00:00,6,2019-06-04 20:00:00,0.15111,0.15111,0.15111,0.0,0.4565217391304348,377.4755259170453,-0.0,224.4,0.0,153.07552591704527,153.07552591704527,0.0,0.0
3716,2019-06-04 20:00:00,6,2019-06-04 21:00:00,0.15111,0.15111,0.15111,0.0,0.05,337.4308684458443,-0.0,0.0,0.0,337.4308684458443,337.4308684458443,0.0,1.0
3717,2019-06-04 21:00:00,6,2019-06-04 22:00:00,0.12561,0.12561,0.12561,0.0,0.05,229.36410863211134,-0.0,0.0,0.0,229.36410863211134,229.36410863211134,0.0,0.0
3718,2019-06-04 22:00:00,6,2019-06-04 23:00:00,0.12561,0.12561,0.12561,0.0,0.05,295.40228419495406,-0.0,0.0,0.0,295.40228419495406,295.40228419495406,0.0,1.0
3719,2019-06-04 23:00:00,6,2019-06-05 00:00:00,0.10547,0.10547,0.10547,0.0,0.05,238.89938242940914,-0.0,0.0,0.0,238.89938242940914,238.89938242940914,0.0,0.0
3720,2019-06-05 00:00:00,6,2019-06-05 01:00:00,0.10547,0.10547,0.10547,0.0,0.05,223.8998312665361,-0.0,0.0,0.0,223.8998312665361,223.8998312665361,0.0,0.0
3721,2019-06-05 01:00:00,6,2019-06-05 02:00:00,0.10547,0.10547,0.10547,0.0,0.05,221.06231820498448,-0.0,0.0,0.0,221.06231820498448,221.06231820498448,0.0,0.0
3722,2019-06-05 02:00:00,6,2019-06-05 03:00:00,0.10547,0.10547,0.10547,0.0,0.05,218.9427541352285,-0.0,0.0,0.0,218.9427541352285,218.9427541352285,0.0,0.0
3723,2019-06-05 03:00:00,6,2019-06-05 04:00:00,0.10547,0.10547,0.10547,0.0,0.05,231.5279208309427,-0.0,0.0,0.0,231.5279208309427,231.5279208309427,0.0,0.0
3724,2019-06-05 04:00:00,6,2019-06-05 05:00:00,0.10547,0.10547,0.10547,0.0,0.05,222.98330347432542,-258.7118129706239,0.0,0.0,481.69511644494935,481.69511644494935,0.0,1.0
3725,2019-06-05 05:00:00,6,2019-06-05 06:00:00,0.10547,0.10547,0.10547,0.0,0.44669144655495663,296.5261612907652,-197.36693183933002,0.0,0.0,493.89309313009517,493.89309313009517,0.0,1.0
3726,2019-06-05 06:00:00,6,2019-06-05 07:00:00,0.10547,0.10547,0.10547,0.0,0.7493207420419293,330.4066205487448,-163.4864725813504,0.0,0.0,493.89309313009517,493.89309313009517,0.0,1.0
3727,2019-06-05 07:00:00,6,2019-06-05 08:00:00,0.10547,0.10547,0.10547,0.0,1.0,488.44256112735485,-0.0,0.0,0.0,488.44256112735485,488.44256112735485,0.0,1.0
3728,2019-06-05 08:00:00,6,2019-06-05 09:00:00,0.10547,0.10547,0.10547,0.0,1.0,550.2278037109224,-0.0,56.33471058082725,0.0,493.89309313009517,493.89309313009517,0.0,0.0
3729,2019-06-05 09:00:00,6,2019-06-05 10:00:00,0.10547,0.10547,0.10547,0.0,0.8979443648898056,539.8481950993523,-0.0,45.95510196925713,0.0,493.89309313009517,493.89309313009517,0.0,0.0
3730,2019-06-05 10:00:00,6,2019-06-05 11:00:00,0.10547,0.10547,0.10547,0.0,0.8146923685686877,597.9749810906081,-0.0,104.08188796051294,0.0,493.89309313009517,493.89309313009517,0.0,0.0
3731,2019-06-05 11:00:00,6,2019-06-05 12:00:00,0.10547,0.10547,0.10547,0.0,0.6261382237126859,570.5067964681241,-0.0,76.6137033380289,0.0,493.89309313009517,493.89309313009517,0.0,0.0
3732,2019-06-05 12:00:00,6,2019-06-05 13:00:00,0.10547,0.10547,0.10547,0.0,0.48734528288292345,561.6860833672961,-0.0,67.79299023720085,0.0,493.8930931300952,493.8930931300952,0.0,0.0
3733,2019-06-05 13:00:00,6,2019-06-05 14:00:00,0.10547,0.10547,0.10547,0.0,0.36453189477205233,544.418485517888,-0.0,50.525392387792806,0.0,493.8930931300952,493.8930931300952,0.0,0.0
3734,2019-06-05 14:00:00,6,2019-06-05 15:00:00,0.12561,0.12561,0.12561,0.0,0.2730003868231523,532.6697035231405,-0.0,38.776610393045246,0.0,493.8930931300952,493.8930931300952,0.0,0.0
3735,2019-06-05 15:00:00,6,2019-06-05 16:00:00,0.12561,0.12561,0.12561,0.0,0.20275290422705572,528.4140396380835,-0.0,34.5209465079883,0.0,493.8930931300952,493.8930931300952,0.0,0.0
3736,2019-06-05 16:00:00,6,2019-06-05 17:00:00,0.15111,0.15111,0.15111,0.0,0.14021495765461311,523.0887938007079,-0.0,29.195700670612666,0.0,493.8930931300952,493.8930931300952,0.0,0.0
3737,2019-06-05 17:00:00,6,2019-06-05 18:00:00,0.15111,0.15111,0.15111,0.0,0.08732419557016986,514.496049084829,-0.0,20.602955954733773,0.0,493.8930931300952,493.8930931300952,0.0,0.0
3738,2019-06-05 18:00:00,6,2019-06-05 19:00:00,0.15111,0.15111,0.15111,0.0,0.05,484.41718039528183,-0.0,0.0,0.0,484.41718039528183,484.41718039528183,0.0,1.0
3739,2019-06-05 19:00:00,6,2019-06-05 20:00:00,0.15111,0.15111,0.15111,0.0,0.05,448.2892382604784,-0.0,0.0,0.0,448.2892382604784,448.2892382604784,0.0,1.0
3740,2019-06-05 20:00:00,6,2019-06-05 21:00:00,0.15111,0.15111,0.15111,0.0,0.05,320.2719530415912,-0.0,0.0,0.0,320.2719530415912,320.2719530415912,0.0,1.0
3741,2019-06-05 21:00:00,6,2019-06-05 22:00:00,0.12561,0.12561,0.12561,0.0,0.05,215.4761984581162,-0.0,0.0,0.0,215.4761984581162,215.4761984581162,0.0,0.0
3742,2019-06-05 22:00:00,6,2019-06-05 23:00:00,0.12561,0.12561,0.12561,0.0,0.05,282.08871861183195,-0.0,0.0,0.0,282.08871861183195,282.08871861183195,0.0,1.0
3743,2019-06-05 23:00:00,6,2019-06-06 00:00:00,0.10547,0.10547,0.10547,0.0,0.05,223.4955287103314,-0.0,0.0,0.0,223.4955287103314,223.4955287103314,0.0,0.0
3744,2019-06-06 00:00:00,6,2019-06-06 01:00:00,0.10547,0.10547,0.10547,0.0,0.05,207.11475377412086,-0.0,0.0,0.0,207.11475377412086,207.11475377412086,0.0,0.0
3745,2019-06-06 01:00:00,6,2019-06-06 02:00:00,0.10547,0.10547,0.10547,0.0,0.05,206.73781245507746,-0.0,0.0,0.0,206.73781245507746,206.73781245507746,0.0,0.0
3746,2019-06-06 02:00:00,6,2019-06-06 03:00:00,0.10547,0.10547,0.10547,0.0,0.05,204.57844469371108,-0.0,0.0,0.0,204.57844469371108,204.57844469371108,0.0,0.0
3747,2019-06-06 03:00:00,6,2019-06-06 04:00:00,0.10547,0.10547,0.10547,0.0,0.05,249.8274958183311,-244.06559731176412,0.0,0.0,493.8930931300952,493.8930931300952,0.0,1.0
3748,2019-06-06 04:00:00,6,2019-06-06 05:00:00,0.10547,0.10547,0.10547,0.0,0.4242339158780383,243.12445123327223,-250.768641896823,0.0,0.0,493.8930931300952,493.8930931300952,0.0,1.0
3749,2019-06-06 05:00:00,6,2019-06-06 06:00:00,0.10547,0.10547,0.10547,0.0,0.808745833453167,318.3002058799713,-0.0,0.0,0.0,318.3002058799713,318.3002058799713,0.0,1.0
3750,2019-06-06 06:00:00,6,2019-06-06 07:00:00,0.10547,0.10547,0.10547,0.0,0.808745833453167,339.99268367784697,-124.73097818271721,0.0,0.0,464.72366186056416,464.72366186056416,0.0,1.0
3751,2019-06-06 07:00:00,6,2019-06-06 08:00:00,0.10547,0.10547,0.10547,0.0,1.0,483.263455420856,-0.0,0.0,0.0,483.263455420856,483.263455420856,0.0,0.0
3752,2019-06-06 08:00:00,6,2019-06-06 09:00:00,0.10547,0.10547,0.10547,0.0,1.0,547.4585499667427,-0.0,53.565456836647456,0.0,493.8930931300952,493.8930931300952,0.0,0.0
3753,2019-06-06 09:00:00,6,2019-06-06 10:00:00,0.10547,0.10547,0.10547,0.0,0.902961128919117,533.1398253166694,-0.0,39.24673218657421,0.0,493.8930931300952,493.8930931300952,0.0,0.0
3754,2019-06-06 10:00:00,6,2019-06-06 11:00:00,0.10547,0.10547,0.10547,0.0,0.831861976407207,591.7252762458843,-0.0,97.83218311578906,0.0,493.8930931300952,493.8930931300952,0.0,0.0
3755,2019-06-06 11:00:00,6,2019-06-06 12:00:00,0.10547,0.10547,0.10547,0.0,0.6546297606177341,561.8964799267798,-0.0,68.00338679668454,0.0,493.8930931300952,493.8930931300952,0.0,0.0
3756,2019-06-06 12:00:00,6,2019-06-06 13:00:00,0.10547,0.10547,0.10547,0.0,0.5314352193193926,554.0496967468005,-0.0,60.15660361670524,0.0,493.8930931300952,493.8930931300952,0.0,0.0
3757,2019-06-06 13:00:00,6,2019-06-06 14:00:00,0.10547,0.10547,0.10547,0.0,0.4224558649413034,541.234067735242,-0.0,47.340974605146755,0.0,493.8930931300952,493.8930931300952,0.0,0.0
3758,2019-06-06 14:00:00,6,2019-06-06 15:00:00,0.12561,0.12561,0.12561,0.0,0.3366932297870521,529.161202954571,-0.0,35.268109824475744,0.0,493.8930931300952,493.8930931300952,0.0,0.0
3759,2019-06-06 15:00:00,6,2019-06-06 16:00:00,0.12561,0.12561,0.12561,0.0,0.27280172648184237,526.4596182601589,-0.0,32.56652513006367,0.0,493.8930931300952,493.8930931300952,0.0,0.0
3760,2019-06-06 16:00:00,6,2019-06-06 17:00:00,0.15111,0.15111,0.15111,0.0,0.2138043983476691,522.8478218932241,-0.0,28.954728763128912,0.0,493.8930931300952,493.8930931300952,0.0,0.0
3761,2019-06-06 17:00:00,6,2019-06-06 18:00:00,0.15111,0.15111,0.15111,0.0,0.1613501795738848,511.8943306386182,-0.0,61.46529912478442,0.0,450.4290315138338,450.4290315138338,0.0,0.0
3762,2019-06-06 18:00:00,6,2019-06-06 19:00:00,0.15111,0.15111,0.15111,0.0,0.05,467.0485276469287,-0.0,0.0,0.0,467.0485276469287,467.0485276469287,0.0,0.0
3763,2019-06-06 19:00:00,6,2019-06-06 20:00:00,0.15111,0.15111,0.15111,0.0,0.05,435.9906619657023,-0.0,0.0,0.0,435.9906619657023,435.9906619657023,0.0,1.0
3764,2019-06-06 20:00:00,6,2019-06-06 21:00:00,0.15111,0.15111,0.15111,0.0,0.05,312.7340057994364,-0.0,0.0,0.0,312.7340057994364,312.7340057994364,0.0,1.0
3765,2019-06-06 21:00:00,6,2019-06-06 22:00:00,0.12561,0.12561,0.12561,0.0,0.05,218.6428249697178,-0.0,0.0,0.0,218.6428249697178,218.6428249697178,0.0,0.0
3766,2019-06-06 22:00:00,6,2019-06-06 23:00:00,0.12561,0.12561,0.12561,0.0,0.05,284.7445692448203,-0.0,0.0,0.0,284.7445692448203,284.7445692448203,0.0,1.0
3767,2019-06-06 23:00:00,6,2019-06-07 00:00:00,0.10547,0.10547,0.10547,0.0,0.05,226.03432840375945,-0.0,0.0,0.0,226.03432840375945,226.03432840375945,0.0,0.0
3768,2019-06-07 00:00:00,6,2019-06-07 01:00:00,0.10547,0.10547,0.10547,0.0,0.05,206.65484590501,-0.0,0.0,0.0,206.65484590501,206.65484590501,0.0,0.0
3769,2019-06-07 01:00:00,6,2019-06-07 02:00:00,0.10547,0.10547,0.10547,0.0,0.05,203.46049994435612,-0.0,0.0,0.0,203.46049994435612,203.46049994435612,0.0,0.0
3770,2019-06-07 02:00:00,6,2019-06-07 03:00:00,0.10547,0.10547,0.10547,0.0,0.05,200.69166741309303,-0.0,0.0,0.0,200.69166741309303,200.69166741309303,0.0,0.0
3771,2019-06-07 03:00:00,6,2019-06-07 04:00:00,0.10547,0.10547,0.10547,0.0,0.05,212.04663331763396,-0.0,0.0,0.0,212.04663331763396,212.04663331763396,0.0,0.0
3772,2019-06-07 04:00:00,6,2019-06-07 05:00:00,0.10547,0.10547,0.10547,0.0,0.05,202.19913435245573,-291.6939587776395,0.0,0.0,493.8930931300952,493.8930931300952,0.0,1.0
3773,2019-06-07 05:00:00,6,2019-06-07 06:00:00,0.10547,0.10547,0.10547,0.0,0.497264070125714,274.4379953586154,-128.93297500583466,0.0,0.0,403.37097036445005,403.37097036445005,0.0,1.0
3774,2019-06-07 06:00:00,6,2019-06-07 07:00:00,0.10547,0.10547,0.10547,0.0,0.6949612984679938,310.2708799362604,-183.6222131938348,0.0,0.0,493.8930931300952,493.8930931300952,0.0,1.0
3775,2019-06-07 07:00:00,6,2019-06-07 08:00:00,0.10547,0.10547,0.10547,0.0,0.9765153586985406,478.5770227161,-15.316070413995249,0.0,0.0,493.8930931300952,493.8930931300952,0.0,1.0
3776,2019-06-07 08:00:00,6,2019-06-07 09:00:00,0.10547,0.10547,0.10547,0.0,1.0,546.2886363183402,-0.0,52.39554318824497,0.0,493.8930931300952,493.8930931300952,0.0,0.0
3777,2019-06-07 09:00:00,6,2019-06-07 10:00:00,0.10547,0.10547,0.10547,0.0,0.9050805377024548,532.7594200653836,-0.0,38.86632693528833,0.0,493.8930931300952,493.8930931300952,0.0,0.0
3778,2019-06-07 10:00:00,6,2019-06-07 11:00:00,0.10547,0.10547,0.10547,0.0,0.8346705251385266,588.127045436081,-0.0,94.23395230598572,0.0,493.8930931300952,493.8930931300952,0.0,0.0
3779,2019-06-07 11:00:00,6,2019-06-07 12:00:00,0.10547,0.10547,0.10547,0.0,0.6639568434247843,560.6711217822772,-0.0,66.77802865218194,0.0,493.8930931300952,493.8930931300952,0.0,0.0
3780,2019-06-07 12:00:00,6,2019-06-07 13:00:00,0.10547,0.10547,0.10547,0.0,0.5429821538374981,556.8886183554228,-0.0,62.995525225327526,0.0,493.8930931300952,493.8930931300952,0.0,0.0
3781,2019-06-07 13:00:00,6,2019-06-07 14:00:00,0.10547,0.10547,0.10547,0.0,0.4288598255307454,543.7417191616591,-0.0,49.848626031563924,0.0,493.8930931300952,493.8930931300952,0.0,0.0
3782,2019-06-07 14:00:00,6,2019-06-07 15:00:00,0.12561,0.12561,0.12561,0.0,0.3385543435895064,531.8268082640566,-0.0,37.93371513396136,0.0,493.8930931300952,493.8930931300952,0.0,0.0
3783,2019-06-07 15:00:00,6,2019-06-07 16:00:00,0.12561,0.12561,0.12561,0.0,0.269833845158417,529.2743555663677,-0.0,35.38126243627249,0.0,493.8930931300952,493.8930931300952,0.0,0.0
3784,2019-06-07 16:00:00,6,2019-06-07 17:00:00,0.15111,0.15111,0.15111,0.0,0.2057373552376335,525.6057326070508,-0.0,65.11762347753967,0.0,460.4881091295111,460.4881091295111,0.0,0.0
3785,2019-06-07 17:00:00,6,2019-06-07 18:00:00,0.15111,0.15111,0.15111,0.0,0.0877706460391921,514.7424897437293,-0.0,20.849396613634042,0.0,493.8930931300952,493.8930931300952,0.0,0.0
3786,2019-06-07 18:00:00,6,2019-06-07 19:00:00,0.15111,0.15111,0.15111,0.0,0.05,484.15793372442306,-0.0,0.0,0.0,484.15793372442306,484.15793372442306,0.0,1.0
3787,2019-06-07 19:00:00,6,2019-06-07 20:00:00,0.15111,0.15111,0.15111,0.0,0.05,451.4643371191689,-0.0,0.0,0.0,451.4643371191689,451.4643371191689,0.0,1.0
3788,2019-06-07 20:00:00,6,2019-06-07 21:00:00,0.15111,0.15111,0.15111,0.0,0.05,324.0307985230142,-0.0,0.0,0.0,324.0307985230142,324.0307985230142,0.0,1.0
3789,2019-06-07 21:00:00,6,2019-06-07 22:00:00,0.12561,0.12561,0.12561,0.0,0.05,219.91751802654852,-0.0,0.0,0.0,219.91751802654852,219.91751802654852,0.0,0.0
3790,2019-06-07 22:00:00,6,2019-06-07 23:00:00,0.12561,0.12561,0.12561,0.0,0.05,286.82659225299454,-0.0,0.0,0.0,286.82659225299454,286.82659225299454,0.0,1.0
3791,2019-06-07 23:00:00,6,2019-06-08 00:00:00,0.10547,0.10547,0.10547,0.0,0.05,228.56455993609495,-0.0,0.0,0.0,228.56455993609495,228.56455993609495,0.0,0.0
3792,2019-06-08 00:00:00,6,2019-06-08 01:00:00,0.10547,0.10547,0.10547,0.0,0.05,209.8269072427212,-0.0,0.0,0.0,209.8269072427212,209.8269072427212,0.0,0.0
3793,2019-06-08 01:00:00,6,2019-06-08 02:00:00,0.10547,0.10547,0.10547,0.0,0.05,205.56965247775156,-0.0,0.0,0.0,205.56965247775156,205.56965247775156,0.0,0.0
3794,2019-06-08 02:00:00,6,2019-06-08 03:00:00,0.10547,0.10547,0.10547,0.0,0.05,202.310968422564,-0.0,0.0,0.0,202.310968422564,202.310968422564,0.0,0.0
3795,2019-06-08 03:00:00,6,2019-06-08 04:00:00,0.10547,0.10547,0.10547,0.0,0.05,212.72292830602203,-0.0,0.0,0.0,212.72292830602203,212.72292830602203,0.0,0.0
3796,2019-06-08 04:00:00,6,2019-06-08 05:00:00,0.10547,0.10547,0.10547,0.0,0.05,202.42467468027286,-298.5398875745378,0.0,0.0,500.96456225481063,500.96456225481063,0.0,1.0
3797,2019-06-08 05:00:00,6,2019-06-08 06:00:00,0.10547,0.10547,0.10547,0.0,0.5077611609476246,276.3046125671966,-111.04968674706707,0.0,0.0,387.3542993142637,387.3542993142637,0.0,1.0
3798,2019-06-08 06:00:00,6,2019-06-08 07:00:00,0.10547,0.10547,0.10547,0.0,0.6780373472931275,311.374763060916,-189.5897991938947,0.0,0.0,500.9645622548107,500.9645622548107,0.0,1.0
3799,2019-06-08 07:00:00,6,2019-06-08 08:00:00,0.10547,0.10547,0.10547,0.0,0.9687417060570993,480.5787183790059,-20.385843875804767,0.0,0.0,500.9645622548107,500.9645622548107,0.0,1.0
3800,2019-06-08 08:00:00,6,2019-06-08 09:00:00,0.10547,0.10547,0.10547,0.0,1.0,552.633011883574,-0.0,51.66844962876334,0.0,500.96456225481063,500.96456225481063,0.0,0.0
3801,2019-06-08 09:00:00,6,2019-06-08 10:00:00,0.10547,0.10547,0.10547,0.0,0.9063977361797765,554.8893575152262,-0.0,53.92479526041549,0.0,500.96456225481063,500.96456225481063,0.0,0.0
3802,2019-06-08 10:00:00,6,2019-06-08 11:00:00,0.10547,0.10547,0.10547,0.0,0.8087078896935166,599.0107865159769,-0.0,98.0462242611662,0.0,500.96456225481063,500.96456225481063,0.0,0.0
3803,2019-06-08 11:00:00,6,2019-06-08 12:00:00,0.10547,0.10547,0.10547,0.0,0.6310879182058966,566.3720299666312,-0.0,65.40746771182054,0.0,500.96456225481063,500.96456225481063,0.0,0.0
3804,2019-06-08 12:00:00,6,2019-06-08 13:00:00,0.10547,0.10547,0.10547,0.0,0.5125961288728876,564.5385372961198,-0.0,63.57397504130915,0.0,500.96456225481063,500.96456225481063,0.0,0.0
3805,2019-06-08 13:00:00,6,2019-06-08 14:00:00,0.10547,0.10547,0.10547,0.0,0.39742588423283487,556.3587949927197,-0.0,55.39423273790905,0.0,500.96456225481063,500.96456225481063,0.0,0.0
3806,2019-06-08 14:00:00,6,2019-06-08 15:00:00,0.12561,0.12561,0.12561,0.0,0.2970740133308258,547.3448683890279,-0.0,46.38030613421719,0.0,500.96456225481063,500.96456225481063,0.0,0.0
3807,2019-06-08 15:00:00,6,2019-06-08 16:00:00,0.12561,0.12561,0.12561,0.0,0.21305171960941796,541.3239540535766,-0.0,40.359391798765955,0.0,500.96456225481063,500.96456225481063,0.0,0.0
3808,2019-06-08 16:00:00,6,2019-06-08 17:00:00,0.15111,0.15111,0.15111,0.0,0.13993687939426233,532.1993376798556,-0.0,31.234775425044944,0.0,500.96456225481063,500.96456225481063,0.0,0.0
3809,2019-06-08 17:00:00,6,2019-06-08 18:00:00,0.15111,0.15111,0.15111,0.0,0.08335214130541287,519.3749442553985,-0.0,18.4103820005879,0.0,500.96456225481063,500.96456225481063,0.0,0.0
3810,2019-06-08 18:00:00,6,2019-06-08 19:00:00,0.15111,0.15111,0.15111,0.0,0.05,489.66354813884567,-0.0,0.0,0.0,489.66354813884567,489.66354813884567,0.0,1.0
3811,2019-06-08 19:00:00,6,2019-06-08 20:00:00,0.15111,0.15111,0.15111,0.0,0.05,456.16945663716,-0.0,0.0,0.0,456.16945663716,456.16945663716,0.0,1.0
3812,2019-06-08 20:00:00,6,2019-06-08 21:00:00,0.15111,0.15111,0.15111,0.0,0.05,324.90076514632693,-0.0,0.0,0.0,324.90076514632693,324.90076514632693,0.0,1.0
3813,2019-06-08 21:00:00,6,2019-06-08 22:00:00,0.12561,0.12561,0.12561,0.0,0.05,219.1178964008019,-0.0,0.0,0.0,219.1178964008019,219.1178964008019,0.0,0.0
3814,2019-06-08 22:00:00,6,2019-06-08 23:00:00,0.12561,0.12561,0.12561,0.0,0.05,284.8781093014271,-0.0,0.0,0.0,284.8781093014271,284.8781093014271,0.0,1.0
3815,2019-06-08 23:00:00,6,2019-06-09 00:00:00,0.10547,0.10547,0.10547,0.0,0.05,225.53601728994437,-0.0,0.0,0.0,225.53601728994437,225.53601728994437,0.0,0.0
3816,2019-06-09 00:00:00,6,2019-06-09 01:00:00,0.10547,0.10547,0.10547,0.0,0.05,206.32000786351568,-0.0,0.0,0.0,206.32000786351568,206.32000786351568,0.0,0.0
3817,2019-06-09 01:00:00,6,2019-06-09 02:00:00,0.10547,0.10547,0.10547,0.0,0.05,202.43189134150427,-0.0,0.0,0.0,202.43189134150427,202.43189134150427,0.0,0.0
3818,2019-06-09 02:00:00,6,2019-06-09 03:00:00,0.10547,0.10547,0.10547,0.0,0.05,198.86027885524052,-0.0,0.0,0.0,198.86027885524052,198.86027885524052,0.0,0.0
3819,2019-06-09 03:00:00,6,2019-06-09 04:00:00,0.10547,0.10547,0.10547,0.0,0.05,241.90391516680515,-282.1140591064212,0.0,0.0,524.0179742732264,524.0179742732264,0.0,1.0
3820,2019-06-09 04:00:00,6,2019-06-09 05:00:00,0.10547,0.10547,0.10547,0.0,0.4825748906298459,231.9794329971051,-292.0385412761213,0.0,0.0,524.0179742732264,524.0179742732264,0.0,1.0
3821,2019-06-09 05:00:00,6,2019-06-09 06:00:00,0.10547,0.10547,0.10547,0.0,0.9303673205865652,305.06698461889596,-0.0,0.0,0.0,305.06698461889596,305.06698461889596,0.0,1.0
3822,2019-06-09 06:00:00,6,2019-06-09 07:00:00,0.10547,0.10547,0.10547,0.0,0.9303673205865652,321.76267208529543,-45.412617008761785,0.0,0.0,367.17528909405723,367.17528909405723,0.0,1.0
3823,2019-06-09 07:00:00,6,2019-06-09 08:00:00,0.10547,0.10547,0.10547,0.0,1.0,476.48368383252443,-0.0,0.0,0.0,476.48368383252443,476.48368383252443,0.0,1.0
3824,2019-06-09 08:00:00,6,2019-06-09 09:00:00,0.10547,0.10547,0.10547,0.0,1.0,558.3728479659129,-0.0,34.35487369268645,0.0,524.0179742732264,524.0179742732264,0.0,0.0
3825,2019-06-09 09:00:00,6,2019-06-09 10:00:00,0.10547,0.10547,0.10547,0.0,0.9377629099770172,555.0196171693027,-0.0,31.001642896076245,0.0,524.0179742732264,524.0179742732264,0.0,0.0
3826,2019-06-09 10:00:00,6,2019-06-09 11:00:00,0.10547,0.10547,0.10547,0.0,0.8816005134261544,613.7143409878369,-0.0,89.6963667146104,0.0,524.0179742732264,524.0179742732264,0.0,0.0
3827,2019-06-09 11:00:00,6,2019-06-09 12:00:00,0.10547,0.10547,0.10547,0.0,0.7191070954649039,592.253710343963,-0.0,68.23573607073655,0.0,524.0179742732264,524.0179742732264,0.0,0.0
3828,2019-06-09 12:00:00,6,2019-06-09 13:00:00,0.10547,0.10547,0.10547,0.0,0.5954916315686425,590.7514817529068,-0.0,66.73350747968027,0.0,524.0179742732265,524.0179742732265,0.0,0.0
3829,2019-06-09 13:00:00,6,2019-06-09 14:00:00,0.10547,0.10547,0.10547,0.0,0.47459759627936665,582.3445355451063,-0.0,58.32656127187977,0.0,524.0179742732265,524.0179742732265,0.0,0.0
3830,2019-06-09 14:00:00,6,2019-06-09 15:00:00,0.12561,0.12561,0.12561,0.0,0.368933536004222,578.2617850509877,-0.0,54.243810777761155,0.0,524.0179742732265,524.0179742732265,0.0,0.0
3831,2019-06-09 15:00:00,6,2019-06-09 16:00:00,0.12561,0.12561,0.12561,0.0,0.2706657628561036,579.1883838282531,-0.0,55.170409555026595,0.0,524.0179742732265,524.0179742732265,0.0,0.0
3832,2019-06-09 16:00:00,6,2019-06-09 17:00:00,0.15111,0.15111,0.15111,0.0,0.17071936873467866,568.6340763518217,-0.0,44.61610207859519,0.0,524.0179742732265,524.0179742732265,0.0,0.0
3833,2019-06-09 17:00:00,6,2019-06-09 18:00:00,0.15111,0.15111,0.15111,0.0,0.08989309685316568,546.038963736174,-0.0,22.020989462947455,0.0,524.0179742732265,524.0179742732265,0.0,0.0
3834,2019-06-09 18:00:00,6,2019-06-09 19:00:00,0.15111,0.15111,0.15111,0.0,0.05,494.54403473126365,-0.0,0.0,0.0,494.54403473126365,494.54403473126365,0.0,1.0
3835,2019-06-09 19:00:00,6,2019-06-09 20:00:00,0.15111,0.15111,0.15111,0.0,0.05,460.3823312494708,-0.0,0.0,0.0,460.3823312494708,460.3823312494708,0.0,1.0
3836,2019-06-09 20:00:00,6,2019-06-09 21:00:00,0.15111,0.15111,0.15111,0.0,0.05,328.72378816097046,-0.0,0.0,0.0,328.72378816097046,328.72378816097046,0.0,1.0
3837,2019-06-09 21:00:00,6,2019-06-09 22:00:00,0.12561,0.12561,0.12561,0.0,0.05,233.92072536599926,-0.0,0.0,0.0,233.92072536599926,233.92072536599926,0.0,0.0
3838,2019-06-09 22:00:00,6,2019-06-09 23:00:00,0.12561,0.12561,0.12561,0.0,0.05,298.20807643398996,-0.0,0.0,0.0,298.20807643398996,298.20807643398996,0.0,1.0
3839,2019-06-09 23:00:00,6,2019-06-10 00:00:00,0.10547,0.10547,0.10547,0.0,0.05,243.10701987075808,-0.0,0.0,0.0,243.10701987075808,243.10701987075808,0.0,0.0
3840,2019-06-10 00:00:00,6,2019-06-10 01:00:00,0.10547,0.10547,0.10547,0.0,0.05,219.08955260491962,-0.0,0.0,0.0,219.08955260491962,219.08955260491962,0.0,0.0
3841,2019-06-10 01:00:00,6,2019-06-10 02:00:00,0.10547,0.10547,0.10547,0.0,0.05,215.72303063396896,-0.0,0.0,0.0,215.72303063396896,215.72303063396896,0.0,0.0
3842,2019-06-10 02:00:00,6,2019-06-10 03:00:00,0.10547,0.10547,0.10547,0.0,0.05,212.16847887700985,-0.0,0.0,0.0,212.16847887700985,212.16847887700985,0.0,0.0
3843,2019-06-10 03:00:00,6,2019-06-10 04:00:00,0.10547,0.10547,0.10547,0.0,0.05,224.34922713074172,-299.6687471424848,0.0,0.0,524.0179742732265,524.0179742732265,0.0,1.0
3844,2019-06-10 04:00:00,6,2019-06-10 05:00:00,0.10547,0.10547,0.10547,0.0,0.50949207895181,215.58549730385553,-92.98676574111627,0.0,0.0,308.5722630449718,308.5722630449718,0.0,1.0
3845,2019-06-10 05:00:00,6,2019-06-10 06:00:00,0.10547,0.10547,0.10547,0.0,0.6520717864215216,264.0067568725774,-0.0,0.0,0.0,264.0067568725774,264.0067568725774,0.0,1.0
3846,2019-06-10 06:00:00,6,2019-06-10 07:00:00,0.10547,0.10547,0.10547,0.0,0.6520717864215216,297.10826976552323,-226.90970450770328,0.0,0.0,524.0179742732265,524.0179742732265,0.0,1.0
3847,2019-06-10 07:00:00,6,2019-06-10 08:00:00,0.10547,0.10547,0.10547,0.0,1.0,427.2113705795095,-0.0,0.0,0.0,427.2113705795095,427.2113705795095,0.0,1.0
3848,2019-06-10 08:00:00,6,2019-06-10 09:00:00,0.10547,0.10547,0.10547,0.0,1.0,478.9484009285256,-0.0,0.0,0.0,478.9484009285256,478.9484009285256,0.0,0.0
3849,2019-06-10 09:00:00,6,2019-06-10 10:00:00,0.10547,0.10547,0.10547,0.0,1.0,534.2976652581699,-0.0,10.279690984943386,0.0,524.0179742732265,524.0179742732265,0.0,0.0
3850,2019-06-10 10:00:00,6,2019-06-10 11:00:00,0.10547,0.10547,0.10547,0.0,0.9813773714040881,599.9817533939051,-0.0,75.96377912067862,0.0,524.0179742732265,524.0179742732265,0.0,0.0
3851,2019-06-10 11:00:00,6,2019-06-10 12:00:00,0.10547,0.10547,0.10547,0.0,0.8437618295188009,579.4357325194172,-0.0,55.417758246190715,0.0,524.0179742732265,524.0179742732265,0.0,0.0
3852,2019-06-10 12:00:00,6,2019-06-10 13:00:00,0.10547,0.10547,0.10547,0.0,0.7433673399423684,585.7817563339436,-0.0,61.76378206071706,0.0,524.0179742732265,524.0179742732265,0.0,0.0
3853,2019-06-10 13:00:00,6,2019-06-10 14:00:00,0.10547,0.10547,0.10547,0.0,0.6314764304120838,578.7220428502795,-0.0,54.70406857705302,0.0,524.0179742732265,524.0179742732265,0.0,0.0
3854,2019-06-10 14:00:00,6,2019-06-10 15:00:00,0.12561,0.12561,0.12561,0.0,0.5323748569029298,568.6001525176182,-0.0,44.582178244391685,0.0,524.0179742732265,524.0179742732265,0.0,0.0
3855,2019-06-10 15:00:00,6,2019-06-10 16:00:00,0.12561,0.12561,0.12561,0.0,0.45161004124279996,559.1665888921646,-0.0,35.14861461893804,0.0,524.0179742732265,524.0179742732265,0.0,0.0
3856,2019-06-10 16:00:00,6,2019-06-10 17:00:00,0.15111,0.15111,0.15111,0.0,0.38793501475921655,551.730858547424,-0.0,186.54012814708753,0.0,365.1907304003364,365.1907304003364,0.0,0.0
3857,2019-06-10 17:00:00,6,2019-06-10 18:00:00,0.15111,0.15111,0.15111,0.0,0.05,508.0950588928728,-0.0,0.0,0.0,508.0950588928728,508.0950588928728,0.0,1.0
3858,2019-06-10 18:00:00,6,2019-06-10 19:00:00,0.15111,0.15111,0.15111,0.0,0.05,416.76949674114877,-0.0,0.0,0.0,416.76949674114877,416.76949674114877,0.0,1.0
3859,2019-06-10 19:00:00,6,2019-06-10 20:00:00,0.15111,0.15111,0.15111,0.0,0.05,412.1794327525384,-0.0,0.0,0.0,412.1794327525384,412.1794327525384,0.0,1.0
3860,2019-06-10 20:00:00,6,2019-06-10 21:00:00,0.15111,0.15111,0.15111,0.0,0.05,311.29573843463805,-0.0,0.0,0.0,311.29573843463805,311.29573843463805,0.0,0.0
3861,2019-06-10 21:00:00,6,2019-06-10 22:00:00,0.12561,0.12561,0.12561,0.0,0.05,231.24965610545635,-0.0,0.0,0.0,231.24965610545635,231.24965610545635,0.0,0.0
3862,2019-06-10 22:00:00,6,2019-06-10 23:00:00,0.12561,0.12561,0.12561,0.0,0.05,296.6661025607464,-0.0,0.0,0.0,296.6661025607464,296.6661025607464,0.0,1.0
3863,2019-06-10 23:00:00,6,2019-06-11 00:00:00,0.10547,0.10547,0.10547,0.0,0.05,242.09598086040495,-0.0,0.0,0.0,242.09598086040495,242.09598086040495,0.0,0.0
3864,2019-06-11 00:00:00,6,2019-06-11 01:00:00,0.10547,0.10547,0.10547,0.0,0.05,222.69097940903583,-0.0,0.0,0.0,222.69097940903583,222.69097940903583,0.0,0.0
3865,2019-06-11 01:00:00,6,2019-06-11 02:00:00,0.10547,0.10547,0.10547,0.0,0.05,220.24642826416786,-0.0,0.0,0.0,220.24642826416786,220.24642826416786,0.0,0.0
3866,2019-06-11 02:00:00,6,2019-06-11 03:00:00,0.10547,0.10547,0.10547,0.0,0.05,217.65518143669993,-0.0,0.0,0.0,217.65518143669993,217.65518143669993,0.0,0.0
3867,2019-06-11 03:00:00,6,2019-06-11 04:00:00,0.10547,0.10547,0.10547,0.0,0.05,230.5343803133521,-0.0,0.0,0.0,230.5343803133521,230.5343803133521,0.0,0.0
3868,2019-06-11 04:00:00,6,2019-06-11 05:00:00,0.10547,0.10547,0.10547,0.0,0.05,221.4216988141668,-265.4918293210131,0.0,0.0,486.9135281351799,486.9135281351799,0.0,1.0
3869,2019-06-11 05:00:00,6,2019-06-11 06:00:00,0.10547,0.10547,0.10547,0.0,0.4570874716255534,270.07657267556016,-171.1773051642763,0.0,0.0,441.2538778398365,441.2538778398365,0.0,1.0
3870,2019-06-11 06:00:00,6,2019-06-11 07:00:00,0.10547,0.10547,0.10547,0.0,0.7195593395441104,304.017445229165,-182.8960829060149,0.0,0.0,486.9135281351799,486.9135281351799,0.0,1.0
3871,2019-06-11 07:00:00,6,2019-06-11 08:00:00,0.10547,0.10547,0.10547,0.0,1.0,373.05603527831005,-0.0,0.0,0.0,373.05603527831005,373.05603527831005,0.0,1.0
3872,2019-06-11 08:00:00,6,2019-06-11 09:00:00,0.10547,0.10547,0.10547,0.0,1.0,325.38646053848794,-0.0,0.0,0.0,325.38646053848794,325.38646053848794,0.0,1.0
3873,2019-06-11 09:00:00,6,2019-06-11 10:00:00,0.10547,0.10547,0.10547,0.0,1.0,396.6916580326336,-0.0,0.0,0.0,396.6916580326336,396.6916580326336,0.0,0.0
3874,2019-06-11 10:00:00,6,2019-06-11 11:00:00,0.10547,0.10547,0.10547,0.0,1.0,459.13011080042696,-0.0,0.0,0.0,459.13011080042696,459.13011080042696,0.0,0.0
3875,2019-06-11 11:00:00,6,2019-06-11 12:00:00,0.10547,0.10547,0.10547,0.0,1.0,486.9135281351799,-0.0,0.0,0.0,486.9135281351799,486.9135281351799,0.0,1.0
3876,2019-06-11 12:00:00,6,2019-06-11 13:00:00,0.10547,0.10547,0.10547,0.0,1.0,486.5595939207441,-0.0,0.0,0.0,486.5595939207441,486.5595939207441,0.0,1.0
3877,2019-06-11 13:00:00,6,2019-06-11 14:00:00,0.10547,0.10547,0.10547,0.0,1.0,474.7316259216589,-0.0,0.0,0.0,474.7316259216589,474.7316259216589,0.0,1.0
3878,2019-06-11 14:00:00,6,2019-06-11 15:00:00,0.12561,0.12561,0.12561,0.0,1.0,465.9984273318143,-0.0,0.0,0.0,465.9984273318143,465.9984273318143,0.0,1.0
3879,2019-06-11 15:00:00,6,2019-06-11 16:00:00,0.12561,0.12561,0.12561,0.0,1.0,467.5224843436589,-0.0,0.0,0.0,467.5224843436589,467.5224843436589,0.0,1.0
3880,2019-06-11 16:00:00,6,2019-06-11 17:00:00,0.15111,0.15111,0.15111,0.0,1.0,405.37639731973775,-0.0,0.0,0.0,405.37639731973775,405.37639731973775,0.0,1.0
3881,2019-06-11 17:00:00,6,2019-06-11 18:00:00,0.15111,0.15111,0.15111,0.0,1.0,410.95318135904984,-0.0,0.0,0.0,410.95318135904984,410.95318135904984,0.0,1.0
3882,2019-06-11 18:00:00,6,2019-06-11 19:00:00,0.15111,0.15111,0.15111,0.0,1.0,373.99037916592306,-0.0,0.0,0.0,373.99037916592306,373.99037916592306,0.0,1.0
3883,2019-06-11 19:00:00,6,2019-06-11 20:00:00,0.15111,0.15111,0.15111,0.0,1.0,369.38743433500576,-0.0,224.4,0.0,144.98743433500576,144.98743433500576,0.0,0.0
3884,2019-06-11 20:00:00,6,2019-06-11 21:00:00,0.15111,0.15111,0.15111,0.0,0.5934782608695652,326.8239075154837,-0.0,300.0,0.0,26.82390751548371,26.82390751548371,0.0,0.0
3885,2019-06-11 21:00:00,6,2019-06-11 22:00:00,0.12561,0.12561,0.12561,0.0,0.05,216.4508797109746,-0.0,0.0,0.0,216.4508797109746,216.4508797109746,0.0,0.0
3886,2019-06-11 22:00:00,6,2019-06-11 23:00:00,0.12561,0.12561,0.12561,0.0,0.05,282.1016272530161,-0.0,0.0,0.0,282.1016272530161,282.1016272530161,0.0,1.0
3887,2019-06-11 23:00:00,6,2019-06-12 00:00:00,0.10547,0.10547,0.10547,0.0,0.05,222.45131970909304,-0.0,0.0,0.0,222.45131970909304,222.45131970909304,0.0,0.0
3888,2019-06-12 00:00:00,6,2019-06-12 01:00:00,0.10547,0.10547,0.10547,0.0,0.05,207.470118993456,-0.0,0.0,0.0,207.470118993456,207.470118993456,0.0,0.0
3889,2019-06-12 01:00:00,6,2019-06-12 02:00:00,0.10547,0.10547,0.10547,0.0,0.05,202.22929373075254,-0.0,0.0,0.0,202.22929373075254,202.22929373075254,0.0,0.0
3890,2019-06-12 02:00:00,6,2019-06-12 03:00:00,0.10547,0.10547,0.10547,0.0,0.05,197.52718757304132,-0.0,0.0,0.0,197.52718757304132,197.52718757304132,0.0,0.0
3891,2019-06-12 03:00:00,6,2019-06-12 04:00:00,0.10547,0.10547,0.10547,0.0,0.05,207.2825234810382,-106.35916444651546,0.0,0.0,313.6416879275537,313.6416879275537,0.0,1.0
3892,2019-06-12 04:00:00,6,2019-06-12 05:00:00,0.10547,0.10547,0.10547,0.0,0.21308405215132373,196.19282503694862,-0.0,0.0,0.0,196.19282503694862,196.19282503694862,0.0,0.0
3893,2019-06-12 05:00:00,6,2019-06-12 06:00:00,0.10547,0.10547,0.10547,0.0,0.21308405215132373,269.44167071389757,-254.57630355932895,0.0,0.0,524.0179742732265,524.0179742732265,0.0,1.0
3894,2019-06-12 06:00:00,6,2019-06-12 07:00:00,0.10547,0.10547,0.10547,0.0,0.6034343842756281,308.1550769426344,-215.8628973305921,0.0,0.0,524.0179742732265,524.0179742732265,0.0,1.0
3895,2019-06-12 07:00:00,6,2019-06-12 08:00:00,0.10547,0.10547,0.10547,0.0,0.9344241601825359,481.2511222183587,-42.7668520548678,0.0,0.0,524.0179742732265,524.0179742732265,0.0,1.0
3896,2019-06-12 08:00:00,6,2019-06-12 09:00:00,0.10547,0.10547,0.10547,0.0,1.0,553.368937281162,-0.0,29.350963007935434,0.0,524.0179742732265,524.0179742732265,0.0,0.0
3897,2019-06-12 09:00:00,6,2019-06-12 10:00:00,0.10547,0.10547,0.10547,0.0,0.9468279655653343,545.3298219679218,-0.0,21.311847694695302,0.0,524.0179742732265,524.0179742732265,0.0,0.0
3898,2019-06-12 10:00:00,6,2019-06-12 11:00:00,0.10547,0.10547,0.10547,0.0,0.9082195458285673,602.1873741382097,-0.0,78.16939986498323,0.0,524.0179742732265,524.0179742732265,0.0,0.0
3899,2019-06-12 11:00:00,6,2019-06-12 12:00:00,0.10547,0.10547,0.10547,0.0,0.7666083141891049,578.0386715115619,-0.0,54.0206972383354,0.0,524.0179742732265,524.0179742732265,0.0,0.0
3900,2019-06-12 12:00:00,6,2019-06-12 13:00:00,0.10547,0.10547,0.10547,0.0,0.6687447322355988,575.2465483520696,-0.0,51.22857407884305,0.0,524.0179742732265,524.0179742732265,0.0,0.0
3901,2019-06-12 13:00:00,6,2019-06-12 14:00:00,0.10547,0.10547,0.10547,0.0,0.5759393444116078,564.0134752373694,-0.0,39.995500964142934,0.0,524.0179742732265,524.0179742732265,0.0,0.0
3902,2019-06-12 14:00:00,6,2019-06-12 15:00:00,0.12561,0.12561,0.12561,0.0,0.5034837267229431,553.8574515642235,-0.0,29.839477290997024,0.0,524.0179742732265,524.0179742732265,0.0,0.0
3903,2019-06-12 15:00:00,6,2019-06-12 16:00:00,0.12561,0.12561,0.12561,0.0,0.4494267026450499,548.1411138086264,-0.0,24.1231395353999,0.0,524.0179742732265,524.0179742732265,0.0,0.0
3904,2019-06-12 16:00:00,6,2019-06-12 17:00:00,0.15111,0.15111,0.15111,0.0,0.4057253629070066,542.4713396314544,-0.0,18.45336535822787,0.0,524.0179742732265,524.0179742732265,0.0,0.0
3905,2019-06-12 17:00:00,6,2019-06-12 18:00:00,0.15111,0.15111,0.15111,0.0,0.3722953532000721,529.7108275387461,-0.0,177.90703496643982,0.0,351.8037925723063,351.8037925723063,0.0,0.0
3906,2019-06-12 18:00:00,6,2019-06-12 19:00:00,0.15111,0.15111,0.15111,0.0,0.05,500.43700078656406,-0.0,0.0,0.0,500.43700078656406,500.43700078656406,0.0,0.0
3907,2019-06-12 19:00:00,6,2019-06-12 20:00:00,0.15111,0.15111,0.15111,0.0,0.05,467.61196461102423,-0.0,0.0,0.0,467.61196461102423,467.61196461102423,0.0,0.0
3908,2019-06-12 20:00:00,6,2019-06-12 21:00:00,0.15111,0.15111,0.15111,0.0,0.05,334.2232012717358,-0.0,0.0,0.0,334.2232012717358,334.2232012717358,0.0,1.0
3909,2019-06-12 21:00:00,6,2019-06-12 22:00:00,0.12561,0.12561,0.12561,0.0,0.05,229.19865408519252,-0.0,0.0,0.0,229.19865408519252,229.19865408519252,0.0,0.0
3910,2019-06-12 22:00:00,6,2019-06-12 23:00:00,0.12561,0.12561,0.12561,0.0,0.05,295.1253924303196,-0.0,0.0,0.0,295.1253924303196,295.1253924303196,0.0,1.0
3911,2019-06-12 23:00:00,6,2019-06-13 00:00:00,0.10547,0.10547,0.10547,0.0,0.05,238.34891654855477,-0.0,0.0,0.0,238.34891654855477,238.34891654855477,0.0,0.0
3912,2019-06-13 00:00:00,6,2019-06-13 01:00:00,0.10547,0.10547,0.10547,0.0,0.05,218.83839162064018,-0.0,0.0,0.0,218.83839162064018,218.83839162064018,0.0,0.0
3913,2019-06-13 01:00:00,6,2019-06-13 02:00:00,0.10547,0.10547,0.10547,0.0,0.05,215.0230180934409,-0.0,0.0,0.0,215.0230180934409,215.0230180934409,0.0,0.0
3914,2019-06-13 02:00:00,6,2019-06-13 03:00:00,0.10547,0.10547,0.10547,0.0,0.05,213.5069573913476,-0.0,0.0,0.0,213.5069573913476,213.5069573913476,0.0,0.0
3915,2019-06-13 03:00:00,6,2019-06-13 04:00:00,0.10547,0.10547,0.10547,0.0,0.05,261.11811632705667,-262.89985794616985,0.0,0.0,524.0179742732265,524.0179742732265,0.0,1.0
3916,2019-06-13 04:00:00,6,2019-06-13 05:00:00,0.10547,0.10547,0.10547,0.0,0.4531131155174605,255.5495719140079,-163.90566961553895,0.0,0.0,419.45524152954687,419.45524152954687,0.0,1.0
3917,2019-06-13 05:00:00,6,2019-06-13 06:00:00,0.10547,0.10547,0.10547,0.0,0.7044351422612869,331.258284443631,-192.75968982959552,0.0,0.0,524.0179742732265,524.0179742732265,0.0,1.0
3918,2019-06-13 06:00:00,6,2019-06-13 07:00:00,0.10547,0.10547,0.10547,0.0,1.0,348.95109892937774,-0.0,0.0,0.0,348.95109892937774,348.95109892937774,0.0,1.0
3919,2019-06-13 07:00:00,6,2019-06-13 08:00:00,0.10547,0.10547,0.10547,0.0,1.0,485.7084947732494,-0.0,0.0,0.0,485.7084947732494,485.7084947732494,0.0,0.0
3920,2019-06-13 08:00:00,6,2019-06-13 09:00:00,0.10547,0.10547,0.10547,0.0,1.0,546.4087676198515,-0.0,22.390793346624946,0.0,524.0179742732265,524.0179742732265,0.0,0.0
3921,2019-06-13 09:00:00,6,2019-06-13 10:00:00,0.10547,0.10547,0.10547,0.0,0.9594369685749549,538.1286258191905,-0.0,14.110651545963947,0.0,524.0179742732265,524.0179742732265,0.0,0.0
3922,2019-06-13 10:00:00,6,2019-06-13 11:00:00,0.10547,0.10547,0.10547,0.0,0.933874194035165,598.8082271356918,-0.0,74.79025286246531,0.0,524.0179742732265,524.0179742732265,0.0,0.0
3923,2019-06-13 11:00:00,6,2019-06-13 12:00:00,0.10547,0.10547,0.10547,0.0,0.7983846055162062,578.748518702029,-0.0,54.73054442880243,0.0,524.0179742732265,524.0179742732265,0.0,0.0
3924,2019-06-13 12:00:00,6,2019-06-13 13:00:00,0.10547,0.10547,0.10547,0.0,0.699235068507506,577.6367282165514,-0.0,53.61875394332492,0.0,524.0179742732265,524.0179742732265,0.0,0.0
3925,2019-06-13 13:00:00,6,2019-06-13 14:00:00,0.10547,0.10547,0.10547,0.0,0.6020996446971348,561.6446609547293,-0.0,37.62668668150275,0.0,524.0179742732265,524.0179742732265,0.0,0.0
3926,2019-06-13 14:00:00,6,2019-06-13 15:00:00,0.12561,0.12561,0.12561,0.0,0.5339353572306442,548.4091847774343,-0.0,24.391210504207834,0.0,524.0179742732265,524.0179742732265,0.0,0.0
3927,2019-06-13 15:00:00,6,2019-06-13 16:00:00,0.12561,0.12561,0.12561,0.0,0.4897483816795431,545.1727499695968,-0.0,21.15477569637028,0.0,524.0179742732265,524.0179742732265,0.0,0.0
3928,2019-06-13 16:00:00,6,2019-06-13 17:00:00,0.15111,0.15111,0.15111,0.0,0.45142451266437955,540.3601696386316,-0.0,218.09717569619121,0.0,322.2629939424404,322.2629939424404,0.0,0.0
3929,2019-06-13 17:00:00,6,2019-06-13 18:00:00,0.15111,0.15111,0.15111,0.0,0.0563209335046129,527.5071295677728,-0.0,3.489155294546322,0.0,524.0179742732265,524.0179742732265,0.0,0.0
3930,2019-06-13 18:00:00,6,2019-06-13 19:00:00,0.15111,0.15111,0.15111,0.0,0.05,482.1291674845391,-0.0,0.0,0.0,482.1291674845391,482.1291674845391,0.0,0.0
3931,2019-06-13 19:00:00,6,2019-06-13 20:00:00,0.15111,0.15111,0.15111,0.0,0.05,451.99514648102337,-0.0,0.0,0.0,451.99514648102337,451.99514648102337,0.0,0.0
3932,2019-06-13 20:00:00,6,2019-06-13 21:00:00,0.15111,0.15111,0.15111,0.0,0.05,322.92401754560206,-0.0,0.0,0.0,322.92401754560206,322.92401754560206,0.0,1.0
3933,2019-06-13 21:00:00,6,2019-06-13 22:00:00,0.12561,0.12561,0.12561,0.0,0.05,228.91445316423855,-0.0,0.0,0.0,228.91445316423855,228.91445316423855,0.0,0.0
3934,2019-06-13 22:00:00,6,2019-06-13 23:00:00,0.12561,0.12561,0.12561,0.0,0.05,292.6793265654892,-0.0,0.0,0.0,292.6793265654892,292.6793265654892,0.0,1.0
3935,2019-06-13 23:00:00,6,2019-06-14 00:00:00,0.10547,0.10547,0.10547,0.0,0.05,237.31389932303352,-0.0,0.0,0.0,237.31389932303352,237.31389932303352,0.0,0.0
3936,2019-06-14 00:00:00,6,2019-06-14 01:00:00,0.10547,0.10547,0.10547,0.0,0.05,220.5690899423235,-0.0,0.0,0.0,220.5690899423235,220.5690899423235,0.0,0.0
3937,2019-06-14 01:00:00,6,2019-06-14 02:00:00,0.10547,0.10547,0.10547,0.0,0.05,218.71159756407997,-0.0,0.0,0.0,218.71159756407997,218.71159756407997,0.0,0.0
3938,2019-06-14 02:00:00,6,2019-06-14 03:00:00,0.10547,0.10547,0.10547,0.0,0.05,217.04439444954778,-0.0,0.0,0.0,217.04439444954778,217.04439444954778,0.0,0.0
3939,2019-06-14 03:00:00,6,2019-06-14 04:00:00,0.10547,0.10547,0.10547,0.0,0.05,229.47114618884834,-0.0,0.0,0.0,229.47114618884834,229.47114618884834,0.0,0.0
3940,2019-06-14 04:00:00,6,2019-06-14 05:00:00,0.10547,0.10547,0.10547,0.0,0.05,221.93369164923268,-155.75462041105888,0.0,0.0,377.68831206029154,377.68831206029154,0.0,1.0
3941,2019-06-14 05:00:00,6,2019-06-14 06:00:00,0.10547,0.10547,0.10547,0.0,0.288823751296957,295.837107814181,-228.1808664590455,0.0,0.0,524.0179742732265,524.0179742732265,0.0,1.0
3942,2019-06-14 06:00:00,6,2019-06-14 07:00:00,0.10547,0.10547,0.10547,0.0,0.6387010798674934,327.82503313214556,-196.19294114108095,0.0,0.0,524.0179742732265,524.0179742732265,0.0,1.0
3943,2019-06-14 07:00:00,6,2019-06-14 08:00:00,0.10547,0.10547,0.10547,0.0,0.9395302562838176,484.5811848931075,-39.43678938011902,0.0,0.0,524.0179742732265,524.0179742732265,0.0,1.0
3944,2019-06-14 08:00:00,6,2019-06-14 09:00:00,0.10547,0.10547,0.10547,0.0,1.0,544.2978944786572,-0.0,20.2799202054307,0.0,524.0179742732265,524.0179742732265,0.0,0.0
3945,2019-06-14 09:00:00,6,2019-06-14 10:00:00,0.10547,0.10547,0.10547,0.0,0.9632610141205966,527.9950706742533,-0.0,3.977096401026756,0.0,524.0179742732265,524.0179742732265,0.0,0.0
3946,2019-06-14 10:00:00,6,2019-06-14 11:00:00,0.10547,0.10547,0.10547,0.0,0.9560561293361278,589.9949476453215,-0.0,65.97697337209502,0.0,524.0179742732265,524.0179742732265,0.0,0.0
3947,2019-06-14 11:00:00,6,2019-06-14 12:00:00,0.10547,0.10547,0.10547,0.0,0.8365326268504485,566.2374002015146,-0.0,42.21942592828805,0.0,524.0179742732265,524.0179742732265,0.0,0.0
3948,2019-06-14 12:00:00,6,2019-06-14 13:00:00,0.10547,0.10547,0.10547,0.0,0.7600481595890571,566.280655545297,-0.0,42.262681272070495,0.0,524.0179742732265,524.0179742732265,0.0,0.0
3949,2019-06-14 13:00:00,6,2019-06-14 14:00:00,0.10547,0.10547,0.10547,0.0,0.683485331197625,558.651392362686,-0.0,34.6334180894595,0.0,524.0179742732265,524.0179742732265,0.0,0.0
3950,2019-06-14 14:00:00,6,2019-06-14 15:00:00,0.12561,0.12561,0.12561,0.0,0.6207436317601984,550.7775366490266,-0.0,26.7595623758001,0.0,524.0179742732265,524.0179742732265,0.0,0.0
3951,2019-06-14 15:00:00,6,2019-06-14 16:00:00,0.12561,0.12561,0.12561,0.0,0.5722661636880968,546.1219740584121,-0.0,22.10399978518558,0.0,524.0179742732265,524.0179742732265,0.0,0.0
3952,2019-06-14 16:00:00,6,2019-06-14 17:00:00,0.15111,0.15111,0.15111,0.0,0.5322226858163838,540.0168536024082,-0.0,15.998879329181705,0.0,524.0179742732265,524.0179742732265,0.0,0.0
3953,2019-06-14 17:00:00,6,2019-06-14 18:00:00,0.15111,0.15111,0.15111,0.0,0.5032392087707648,529.110885520288,-0.0,5.0929112470614655,0.0,524.0179742732265,524.0179742732265,0.0,0.0
3954,2019-06-14 18:00:00,6,2019-06-14 19:00:00,0.15111,0.15111,0.15111,0.0,0.49401292027971144,501.51619680287166,-0.0,0.0,0.0,501.51619680287166,501.51619680287166,0.0,0.0
3955,2019-06-14 19:00:00,6,2019-06-14 20:00:00,0.15111,0.15111,0.15111,0.0,0.49401292027971144,468.77581330175326,-0.0,245.09513199440073,0.0,223.68068130735253,223.68068130735253,0.0,0.0
3956,2019-06-14 20:00:00,6,2019-06-14 21:00:00,0.15111,0.15111,0.15111,0.0,0.05,335.03404542449084,-0.0,0.0,0.0,335.03404542449084,335.03404542449084,0.0,1.0
3957,2019-06-14 21:00:00,6,2019-06-14 22:00:00,0.12561,0.12561,0.12561,0.0,0.05,229.82776593518324,-0.0,0.0,0.0,229.82776593518324,229.82776593518324,0.0,0.0
3958,2019-06-14 22:00:00,6,2019-06-14 23:00:00,0.12561,0.12561,0.12561,0.0,0.05,294.8849286754273,-0.0,0.0,0.0,294.8849286754273,294.8849286754273,0.0,1.0
3959,2019-06-14 23:00:00,6,2019-06-15 00:00:00,0.10547,0.10547,0.10547,0.0,0.05,238.26107339680618,-0.0,0.0,0.0,238.26107339680618,238.26107339680618,0.0,0.0
3960,2019-06-15 00:00:00,6,2019-06-15 01:00:00,0.10547,0.10547,0.10547,0.0,0.05,219.04869573322623,-0.0,0.0,0.0,219.04869573322623,219.04869573322623,0.0,0.0
3961,2019-06-15 01:00:00,6,2019-06-15 02:00:00,0.10547,0.10547,0.10547,0.0,0.05,215.09212553517713,-0.0,0.0,0.0,215.09212553517713,215.09212553517713,0.0,0.0
3962,2019-06-15 02:00:00,6,2019-06-15 03:00:00,0.10547,0.10547,0.10547,0.0,0.05,210.79056481892735,-0.0,0.0,0.0,210.79056481892735,210.79056481892735,0.0,0.0
3963,2019-06-15 03:00:00,6,2019-06-15 04:00:00,0.10547,0.10547,0.10547,0.0,0.05,221.06203214845164,-0.0,0.0,0.0,221.06203214845164,221.06203214845164,0.0,0.0
3964,2019-06-15 04:00:00,6,2019-06-15 05:00:00,0.10547,0.10547,0.10547,0.0,0.05,213.7272797785119,-188.85817538987814,0.0,0.0,402.58545516839,402.58545516839,0.0,1.0
3965,2019-06-15 05:00:00,6,2019-06-15 06:00:00,0.10547,0.10547,0.10547,0.0,0.33958253559781315,290.7071399601818,-233.31083431304472,0.0,0.0,524.0179742732265,524.0179742732265,0.0,1.0
3966,2019-06-15 06:00:00,6,2019-06-15 07:00:00,0.10547,0.10547,0.10547,0.0,0.6973258148778151,326.6217665848451,-197.39620768838142,0.0,0.0,524.0179742732265,524.0179742732265,0.0,1.0
3967,2019-06-15 07:00:00,6,2019-06-15 08:00:00,0.10547,0.10547,0.10547,0.0,1.0,486.68764198023183,-0.0,0.0,0.0,486.68764198023183,486.68764198023183,0.0,0.0
3968,2019-06-15 08:00:00,6,2019-06-15 09:00:00,0.10547,0.10547,0.10547,0.0,1.0,548.953915161866,-0.0,24.935940888639493,0.0,524.0179742732265,524.0179742732265,0.0,0.0
3969,2019-06-15 09:00:00,6,2019-06-15 10:00:00,0.10547,0.10547,0.10547,0.0,0.9548261940423197,541.9792668179192,-0.0,17.961292544692697,0.0,524.0179742732265,524.0179742732265,0.0,0.0
3970,2019-06-15 10:00:00,6,2019-06-15 11:00:00,0.10547,0.10547,0.10547,0.0,0.9222876205917895,597.8272384083616,-0.0,73.8092641351351,0.0,524.0179742732265,524.0179742732265,0.0,0.0
3971,2019-06-15 11:00:00,6,2019-06-15 12:00:00,0.10547,0.10547,0.10547,0.0,0.7885751855643708,570.218621269459,-0.0,46.200646996232535,0.0,524.0179742732265,524.0179742732265,0.0,0.0
3972,2019-06-15 12:00:00,6,2019-06-15 13:00:00,0.10547,0.10547,0.10547,0.0,0.7048783612958336,568.1503606414462,-0.0,44.13238636821973,0.0,524.0179742732265,524.0179742732265,0.0,0.0
3973,2019-06-15 13:00:00,6,2019-06-15 14:00:00,0.10547,0.10547,0.10547,0.0,0.6249283859910877,554.8385166984804,-0.0,30.820542425253848,0.0,524.0179742732265,524.0179742732265,0.0,0.0
3974,2019-06-15 14:00:00,6,2019-06-15 15:00:00,0.12561,0.12561,0.12561,0.0,0.569094070003309,541.7571885254653,-0.0,17.739214252238753,0.0,524.0179742732265,524.0179742732265,0.0,0.0
3975,2019-06-15 15:00:00,6,2019-06-15 16:00:00,0.12561,0.12561,0.12561,0.0,0.536957812299978,538.6823545254924,-0.0,14.664380252265914,0.0,524.0179742732265,524.0179742732265,0.0,0.0
3976,2019-06-15 16:00:00,6,2019-06-15 17:00:00,0.15111,0.15111,0.15111,0.0,0.510391906045873,531.6924647091839,-0.0,7.674490435957409,0.0,524.0179742732265,524.0179742732265,0.0,0.0
3977,2019-06-15 17:00:00,6,2019-06-15 18:00:00,0.15111,0.15111,0.15111,0.0,0.4964888436618923,518.2299032925307,-0.0,0.0,0.0,518.2299032925307,518.2299032925307,0.0,1.0
3978,2019-06-15 18:00:00,6,2019-06-15 19:00:00,0.15111,0.15111,0.15111,0.0,0.4964888436618923,490.160561398422,-0.0,0.0,0.0,490.160561398422,490.160561398422,0.0,0.0
3979,2019-06-15 19:00:00,6,2019-06-15 20:00:00,0.15111,0.15111,0.15111,0.0,0.4964888436618923,457.3020807598875,-0.0,246.46184170136453,0.0,210.84023905852294,210.84023905852294,0.0,0.0
3980,2019-06-15 20:00:00,6,2019-06-15 21:00:00,0.15111,0.15111,0.15111,0.0,0.05,325.64771039855896,-0.0,0.0,0.0,325.64771039855896,325.64771039855896,0.0,1.0
3981,2019-06-15 21:00:00,6,2019-06-15 22:00:00,0.12561,0.12561,0.12561,0.0,0.05,219.32934572202484,-0.0,0.0,0.0,219.32934572202484,219.32934572202484,0.0,0.0
3982,2019-06-15 22:00:00,6,2019-06-15 23:00:00,0.12561,0.12561,0.12561,0.0,0.05,284.82340005789945,-0.0,0.0,0.0,284.82340005789945,284.82340005789945,0.0,1.0
3983,2019-06-15 23:00:00,6,2019-06-16 00:00:00,0.10547,0.10547,0.10547,0.0,0.05,226.51800294030676,-0.0,0.0,0.0,226.51800294030676,226.51800294030676,0.0,0.0
3984,2019-06-16 00:00:00,6,2019-06-16 01:00:00,0.10547,0.10547,0.10547,0.0,0.05,208.43453431828345,-0.0,0.0,0.0,208.43453431828345,208.43453431828345,0.0,0.0
3985,2019-06-16 01:00:00,6,2019-06-16 02:00:00,0.10547,0.10547,0.10547,0.0,0.05,205.04109408173872,-0.0,0.0,0.0,205.04109408173872,205.04109408173872,0.0,0.0
3986,2019-06-16 02:00:00,6,2019-06-16 03:00:00,0.10547,0.10547,0.10547,0.0,0.05,202.46431364894346,-0.0,0.0,0.0,202.46431364894346,202.46431364894346,0.0,0.0
3987,2019-06-16 03:00:00,6,2019-06-16 04:00:00,0.10547,0.10547,0.10547,0.0,0.05,247.60966398047424,-0.0,0.0,0.0,247.60966398047424,247.60966398047424,0.0,0.0
3988,2019-06-16 04:00:00,6,2019-06-16 05:00:00,0.10547,0.10547,0.10547,0.0,0.05,239.66090963327406,-227.12159922572613,0.0,0.0,466.7825088590002,466.7825088590002,0.0,1.0
3989,2019-06-16 05:00:00,6,2019-06-16 06:00:00,0.10547,0.10547,0.10547,0.0,0.3982531188127801,316.66317603818936,-207.35479823503715,0.0,0.0,524.0179742732265,524.0179742732265,0.0,1.0
3990,2019-06-16 06:00:00,6,2019-06-16 07:00:00,0.10547,0.10547,0.10547,0.0,0.7161971427731704,338.9291543426855,-185.08881993054104,0.0,0.0,524.0179742732265,524.0179742732265,0.0,1.0
3991,2019-06-16 07:00:00,6,2019-06-16 08:00:00,0.10547,0.10547,0.10547,0.0,1.0,485.3532281777169,-0.0,0.0,0.0,485.3532281777169,485.3532281777169,0.0,0.0
3992,2019-06-16 08:00:00,6,2019-06-16 09:00:00,0.10547,0.10547,0.10547,0.0,1.0,553.3872941429323,-0.0,29.369319869705805,0.0,524.0179742732265,524.0179742732265,0.0,0.0
3993,2019-06-16 09:00:00,6,2019-06-16 10:00:00,0.10547,0.10547,0.10547,0.0,0.9467947103809677,544.459562994226,-0.0,20.441588720999448,0.0,524.0179742732265,524.0179742732265,0.0,0.0
3994,2019-06-16 10:00:00,6,2019-06-16 11:00:00,0.10547,0.10547,0.10547,0.0,0.9097628467559689,603.7882670556312,-0.0,79.77029278240468,0.0,524.0179742732265,524.0179742732265,0.0,0.0
3995,2019-06-16 11:00:00,6,2019-06-16 12:00:00,0.10547,0.10547,0.10547,0.0,0.7652514467878444,580.6197589035684,-0.0,56.601784630341854,0.0,524.0179742732265,524.0179742732265,0.0,0.0
3996,2019-06-16 12:00:00,6,2019-06-16 13:00:00,0.10547,0.10547,0.10547,0.0,0.6627119818778048,579.2933556851741,-0.0,55.27538141194759,0.0,524.0179742732265,524.0179742732265,0.0,0.0
3997,2019-06-16 13:00:00,6,2019-06-16 14:00:00,0.10547,0.10547,0.10547,0.0,0.5625754213489143,562.4171951139608,-0.0,38.3992208407343,0.0,524.0179742732265,524.0179742732265,0.0,0.0
3998,2019-06-16 14:00:00,6,2019-06-16 15:00:00,0.12561,0.12561,0.12561,0.0,0.49301161547801875,548.4314067715818,-0.0,24.41343249835529,0.0,524.0179742732265,524.0179742732265,0.0,0.0
3999,2019-06-16 15:00:00,6,2019-06-16 16:00:00,0.12561,0.12561,0.12561,0.0,0.4487843826911433,546.0458300256162,-0.0,22.027855752389655,0.0,524.0179742732265,524.0179742732265,0.0,0.0
4000,2019-06-16 16:00:00,6,2019-06-16 17:00:00,0.15111,0.15111,0.15111,0.0,0.40887884690782866,542.7018551230631,-0.0,18.683880849836555,0.0,524.0179742732265,524.0179742732265,0.0,0.0
4001,2019-06-16 17:00:00,6,2019-06-16 18:00:00,0.15111,0.15111,0.15111,0.0,0.37503123667261745,532.2725591082383,-0.0,8.25458483501177,0.0,524.0179742732265,524.0179742732265,0.0,0.0
4002,2019-06-16 18:00:00,6,2019-06-16 19:00:00,0.15111,0.15111,0.15111,0.0,0.3600772786381759,487.8797998714386,-0.0,0.0,0.0,487.8797998714386,487.8797998714386,0.0,1.0
4003,2019-06-16 19:00:00,6,2019-06-16 20:00:00,0.15111,0.15111,0.15111,0.0,0.3600772786381759,460.82136896495257,-0.0,171.16265780827308,0.0,289.6587111566795,289.6587111566795,0.0,0.0
4004,2019-06-16 20:00:00,6,2019-06-16 21:00:00,0.15111,0.15111,0.15111,0.0,0.05,333.91882429002186,-0.0,0.0,0.0,333.91882429002186,333.91882429002186,0.0,1.0
4005,2019-06-16 21:00:00,6,2019-06-16 22:00:00,0.12561,0.12561,0.12561,0.0,0.05,240.20123442846022,-0.0,0.0,0.0,240.20123442846022,240.20123442846022,0.0,0.0
4006,2019-06-16 22:00:00,6,2019-06-16 23:00:00,0.12561,0.12561,0.12561,0.0,0.05,304.8973582629181,-0.0,0.0,0.0,304.8973582629181,304.8973582629181,0.0,0.0
4007,2019-06-16 23:00:00,6,2019-06-17 00:00:00,0.10547,0.10547,0.10547,0.0,0.05,250.96880337516103,-0.0,0.0,0.0,250.96880337516103,250.96880337516103,0.0,0.0
4008,2019-06-17 00:00:00,6,2019-06-17 01:00:00,0.10547,0.10547,0.10547,0.0,0.05,225.81679860626397,-0.0,0.0,0.0,225.81679860626397,225.81679860626397,0.0,0.0
4009,2019-06-17 01:00:00,6,2019-06-17 02:00:00,0.10547,0.10547,0.10547,0.0,0.05,223.38562667278455,-0.0,0.0,0.0,223.38562667278455,223.38562667278455,0.0,0.0
4010,2019-06-17 02:00:00,6,2019-06-17 03:00:00,0.10547,0.10547,0.10547,0.0,0.05,221.56881983849073,-0.0,0.0,0.0,221.56881983849073,221.56881983849073,0.0,0.0
4011,2019-06-17 03:00:00,6,2019-06-17 04:00:00,0.10547,0.10547,0.10547,0.0,0.05,234.09692597261284,-0.0,0.0,0.0,234.09692597261284,234.09692597261284,0.0,0.0
4012,2019-06-17 04:00:00,6,2019-06-17 05:00:00,0.10547,0.10547,0.10547,0.0,0.05,224.4906243635427,-299.52734990968383,0.0,0.0,524.0179742732265,524.0179742732265,0.0,1.0
4013,2019-06-17 05:00:00,6,2019-06-17 06:00:00,0.10547,0.10547,0.10547,0.0,0.5092752698615152,273.13036431302135,-250.88760996020517,0.0,0.0,524.0179742732265,524.0179742732265,0.0,1.0
4014,2019-06-17 06:00:00,6,2019-06-17 07:00:00,0.10547,0.10547,0.10547,0.0,0.8939696051338298,306.6926211584553,-69.15025752141533,0.0,0.0,375.84287867987064,375.84287867987064,0.0,1.0
4015,2019-06-17 07:00:00,6,2019-06-17 08:00:00,0.10547,0.10547,0.10547,0.0,1.0,432.80814855258797,-0.0,0.0,0.0,432.80814855258797,432.80814855258797,0.0,0.0
4016,2019-06-17 08:00:00,6,2019-06-17 09:00:00,0.10547,0.10547,0.10547,0.0,1.0,481.7856084516891,-0.0,0.0,0.0,481.7856084516891,481.7856084516891,0.0,0.0
4017,2019-06-17 09:00:00,6,2019-06-17 10:00:00,0.10547,0.10547,0.10547,0.0,1.0,539.3189496824316,-0.0,15.30097540920508,0.0,524.0179742732265,524.0179742732265,0.0,0.0
4018,2019-06-17 10:00:00,6,2019-06-17 11:00:00,0.10547,0.10547,0.10547,0.0,0.9722808416499907,600.9154566651891,-0.0,76.89748239196263,0.0,524.0179742732265,524.0179742732265,0.0,0.0
4019,2019-06-17 11:00:00,6,2019-06-17 12:00:00,0.10547,0.10547,0.10547,0.0,0.8329738083312179,577.3645976083901,-0.0,53.3466233351636,0.0,524.0179742732265,524.0179742732265,0.0,0.0
4020,2019-06-17 12:00:00,6,2019-06-17 13:00:00,0.10547,0.10547,0.10547,0.0,0.736331374753023,573.8330787344445,-0.0,49.81510446121797,0.0,524.0179742732265,524.0179742732265,0.0,0.0
4021,2019-06-17 13:00:00,6,2019-06-17 14:00:00,0.10547,0.10547,0.10547,0.0,0.6460866202942949,565.5730322587772,-0.0,41.55505798555066,0.0,524.0179742732265,524.0179742732265,0.0,0.0
4022,2019-06-17 14:00:00,6,2019-06-17 15:00:00,0.12561,0.12561,0.12561,0.0,0.5708057181465581,561.7499492531472,-0.0,37.731974979920665,0.0,524.0179742732265,524.0179742732265,0.0,0.0
4023,2019-06-17 15:00:00,6,2019-06-17 16:00:00,0.12561,0.12561,0.12561,0.0,0.5024506910090207,560.328193810736,-0.0,36.31021953750951,0.0,524.0179742732265,524.0179742732265,0.0,0.0
4024,2019-06-17 16:00:00,6,2019-06-17 17:00:00,0.15111,0.15111,0.15111,0.0,0.4366713077888948,555.5554703542083,-0.0,213.44256189946992,0.0,342.1129084547384,342.1129084547384,0.0,0.0
4025,2019-06-17 17:00:00,6,2019-06-17 18:00:00,0.15111,0.15111,0.15111,0.0,0.05,512.1953225986395,-0.0,0.0,0.0,512.1953225986395,512.1953225986395,0.0,1.0
4026,2019-06-17 18:00:00,6,2019-06-17 19:00:00,0.15111,0.15111,0.15111,0.0,0.05,425.43688300859566,-0.0,0.0,0.0,425.43688300859566,425.43688300859566,0.0,0.0
4027,2019-06-17 19:00:00,6,2019-06-17 20:00:00,0.15111,0.15111,0.15111,0.0,0.05,419.5581827646219,-0.0,0.0,0.0,419.5581827646219,419.5581827646219,0.0,1.0
4028,2019-06-17 20:00:00,6,2019-06-17 21:00:00,0.15111,0.15111,0.15111,0.0,0.05,315.4961029124222,-0.0,0.0,0.0,315.4961029124222,315.4961029124222,0.0,1.0
4029,2019-06-17 21:00:00,6,2019-06-17 22:00:00,0.12561,0.12561,0.12561,0.0,0.05,234.34451906042173,-0.0,0.0,0.0,234.34451906042173,234.34451906042173,0.0,0.0
4030,2019-06-17 22:00:00,6,2019-06-17 23:00:00,0.12561,0.12561,0.12561,0.0,0.05,298.06620791435813,-0.0,0.0,0.0,298.06620791435813,298.06620791435813,0.0,1.0
4031,2019-06-17 23:00:00,6,2019-06-18 00:00:00,0.10547,0.10547,0.10547,0.0,0.05,243.96773651166322,-0.0,0.0,0.0,243.96773651166322,243.96773651166322,0.0,0.0
4032,2019-06-18 00:00:00,6,2019-06-18 01:00:00,0.10547,0.10547,0.10547,0.0,0.05,224.5949014001667,-0.0,0.0,0.0,224.5949014001667,224.5949014001667,0.0,0.0
4033,2019-06-18 01:00:00,6,2019-06-18 02:00:00,0.10547,0.10547,0.10547,0.0,0.05,221.63717672300467,-0.0,0.0,0.0,221.63717672300467,221.63717672300467,0.0,0.0
4034,2019-06-18 02:00:00,6,2019-06-18 03:00:00,0.10547,0.10547,0.10547,0.0,0.05,219.2484427221017,-0.0,0.0,0.0,219.2484427221017,219.2484427221017,0.0,0.0
4035,2019-06-18 03:00:00,6,2019-06-18 04:00:00,0.10547,0.10547,0.10547,0.0,0.05,231.76753591932706,-292.2504383538994,0.0,0.0,524.0179742732265,524.0179742732265,0.0,1.0
4036,2019-06-18 04:00:00,6,2019-06-18 05:00:00,0.10547,0.10547,0.10547,0.0,0.49811733880931247,222.14378213026177,-0.0,0.0,0.0,222.14378213026177,222.14378213026177,0.0,0.0
4037,2019-06-18 05:00:00,6,2019-06-18 06:00:00,0.10547,0.10547,0.10547,0.0,0.49811733880931247,270.05109441569437,-0.0,0.0,0.0,270.05109441569437,270.05109441569437,0.0,0.0
4038,2019-06-18 06:00:00,6,2019-06-18 07:00:00,0.10547,0.10547,0.10547,0.0,0.49811733880931247,308.3910795209126,-215.6268947523139,0.0,0.0,524.0179742732265,524.0179742732265,0.0,1.0
4039,2019-06-18 07:00:00,6,2019-06-18 08:00:00,0.10547,0.10547,0.10547,0.0,0.8287452440961938,393.47613875064604,-0.0,0.0,0.0,393.47613875064604,393.47613875064604,0.0,0.0
4040,2019-06-18 08:00:00,6,2019-06-18 09:00:00,0.10547,0.10547,0.10547,0.0,0.8287452440961938,353.35312616927786,-106.35162176757947,0.0,0.0,459.7047479368573,459.7047479368573,0.0,1.0
4041,2019-06-18 09:00:00,6,2019-06-18 10:00:00,0.10547,0.10547,0.10547,0.0,0.9918177308064823,421.29439906477035,-0.0,0.0,0.0,421.29439906477035,421.29439906477035,0.0,0.0
4042,2019-06-18 10:00:00,6,2019-06-18 11:00:00,0.10547,0.10547,0.10547,0.0,0.9918177308064823,483.62837773195685,-0.0,0.0,0.0,483.62837773195685,483.62837773195685,0.0,0.0
4043,2019-06-18 11:00:00,6,2019-06-18 12:00:00,0.10547,0.10547,0.10547,0.0,0.9918177308064823,518.681711755715,-5.3362625175115,0.0,0.0,524.0179742732265,524.0179742732265,0.0,1.0
4044,2019-06-18 12:00:00,6,2019-06-18 13:00:00,0.10547,0.10547,0.10547,0.0,1.0,508.9225947976494,-0.0,0.0,0.0,508.9225947976494,508.9225947976494,0.0,1.0
4045,2019-06-18 13:00:00,6,2019-06-18 14:00:00,0.10547,0.10547,0.10547,0.0,1.0,486.9256548641352,-0.0,0.0,0.0,486.9256548641352,486.9256548641352,0.0,1.0
4046,2019-06-18 14:00:00,6,2019-06-18 15:00:00,0.12561,0.12561,0.12561,0.0,1.0,473.02686672546866,-0.0,0.0,0.0,473.02686672546866,473.02686672546866,0.0,1.0
4047,2019-06-18 15:00:00,6,2019-06-18 16:00:00,0.12561,0.12561,0.12561,0.0,1.0,464.311102547436,-0.0,0.0,0.0,464.311102547436,464.311102547436,0.0,1.0
4048,2019-06-18 16:00:00,6,2019-06-18 17:00:00,0.15111,0.15111,0.15111,0.0,1.0,396.61051735573744,-0.0,0.0,0.0,396.61051735573744,396.61051735573744,0.0,0.0
4049,2019-06-18 17:00:00,6,2019-06-18 18:00:00,0.15111,0.15111,0.15111,0.0,1.0,401.6582859612335,-0.0,224.4,0.0,177.2582859612335,177.2582859612335,0.0,0.0
4050,2019-06-18 18:00:00,6,2019-06-18 19:00:00,0.15111,0.15111,0.15111,0.0,0.5934782608695652,361.5588179134385,-0.0,0.0,0.0,361.5588179134385,361.5588179134385,0.0,0.0
4051,2019-06-18 19:00:00,6,2019-06-18 20:00:00,0.15111,0.15111,0.15111,0.0,0.5934782608695652,362.8725669595311,-0.0,300.0,0.0,62.87256695953113,62.87256695953113,0.0,0.0
4052,2019-06-18 20:00:00,6,2019-06-18 21:00:00,0.15111,0.15111,0.15111,0.0,0.05,324.8026022570358,-0.0,0.0,0.0,324.8026022570358,324.8026022570358,0.0,1.0
4053,2019-06-18 21:00:00,6,2019-06-18 22:00:00,0.12561,0.12561,0.12561,0.0,0.05,215.25400204691806,-0.0,0.0,0.0,215.25400204691806,215.25400204691806,0.0,0.0
4054,2019-06-18 22:00:00,6,2019-06-18 23:00:00,0.12561,0.12561,0.12561,0.0,0.05,281.73203155868856,-0.0,0.0,0.0,281.73203155868856,281.73203155868856,0.0,1.0
4055,2019-06-18 23:00:00,6,2019-06-19 00:00:00,0.10547,0.10547,0.10547,0.0,0.05,222.91967126895645,-0.0,0.0,0.0,222.91967126895645,222.91967126895645,0.0,0.0
4056,2019-06-19 00:00:00,6,2019-06-19 01:00:00,0.10547,0.10547,0.10547,0.0,0.05,209.1790201270117,-0.0,0.0,0.0,209.1790201270117,209.1790201270117,0.0,0.0
4057,2019-06-19 01:00:00,6,2019-06-19 02:00:00,0.10547,0.10547,0.10547,0.0,0.05,204.3234753430141,-0.0,0.0,0.0,204.3234753430141,204.3234753430141,0.0,0.0
4058,2019-06-19 02:00:00,6,2019-06-19 03:00:00,0.10547,0.10547,0.10547,0.0,0.05,200.37505457308404,-0.0,0.0,0.0,200.37505457308404,200.37505457308404,0.0,0.0
4059,2019-06-19 03:00:00,6,2019-06-19 04:00:00,0.10547,0.10547,0.10547,0.0,0.05,212.1414659936591,-135.09421129033427,0.0,0.0,347.23567728399337,347.23567728399337,0.0,1.0
4060,2019-06-19 04:00:00,6,2019-06-19 05:00:00,0.10547,0.10547,0.10547,0.0,0.2571444573118459,204.33531082020593,-0.0,0.0,0.0,204.33531082020593,204.33531082020593,0.0,0.0
4061,2019-06-19 05:00:00,6,2019-06-19 06:00:00,0.10547,0.10547,0.10547,0.0,0.2571444573118459,280.3617543691922,-243.6562199040343,0.0,0.0,524.0179742732265,524.0179742732265,0.0,1.0
4062,2019-06-19 06:00:00,6,2019-06-19 07:00:00,0.10547,0.10547,0.10547,0.0,0.6307506611646985,320.24431435219276,-203.77365992103375,0.0,0.0,524.0179742732265,524.0179742732265,0.0,1.0
4063,2019-06-19 07:00:00,6,2019-06-19 08:00:00,0.10547,0.10547,0.10547,0.0,0.9432036063769502,486.97684799732457,-37.041126275901945,0.0,0.0,524.0179742732265,524.0179742732265,0.0,1.0
4064,2019-06-19 08:00:00,6,2019-06-19 09:00:00,0.10547,0.10547,0.10547,0.0,1.0,552.8202973127376,-0.0,28.802323039511066,0.0,524.0179742732265,524.0179742732265,0.0,0.0
4065,2019-06-19 09:00:00,6,2019-06-19 10:00:00,0.10547,0.10547,0.10547,0.0,0.9478218785516104,538.7577603685858,-0.0,14.73978609535925,0.0,524.0179742732265,524.0179742732265,0.0,0.0
4066,2019-06-19 10:00:00,6,2019-06-19 11:00:00,0.10547,0.10547,0.10547,0.0,0.9211193675092928,595.0991461353789,-0.0,71.08117186215236,0.0,524.0179742732265,524.0179742732265,0.0,0.0
4067,2019-06-19 11:00:00,6,2019-06-19 12:00:00,0.10547,0.10547,0.10547,0.0,0.792349128628582,569.4982365991566,-0.0,45.480262325930084,0.0,524.0179742732265,524.0179742732265,0.0,0.0
4068,2019-06-19 12:00:00,6,2019-06-19 13:00:00,0.10547,0.10547,0.10547,0.0,0.7099573490526216,559.2311433273112,-0.0,35.21316905408469,0.0,524.0179742732265,524.0179742732265,0.0,0.0
4069,2019-06-19 13:00:00,6,2019-06-19 14:00:00,0.10547,0.10547,0.10547,0.0,0.6461653761285553,545.2665138833781,-0.0,21.248539610151624,0.0,524.0179742732265,524.0179742732265,0.0,0.0
4070,2019-06-19 14:00:00,6,2019-06-19 15:00:00,0.12561,0.12561,0.12561,0.0,0.6076716449507443,539.3419735546456,-0.0,15.323999281419106,0.0,524.0179742732265,524.0179742732265,0.0,0.0
4071,2019-06-19 15:00:00,6,2019-06-19 16:00:00,0.12561,0.12561,0.12561,0.0,0.579910776687304,536.9158239745024,-0.0,12.897849701275845,0.0,524.0179742732265,524.0179742732265,0.0,0.0
4072,2019-06-19 16:00:00,6,2019-06-19 17:00:00,0.15111,0.15111,0.15111,0.0,0.5565451069386158,530.056836917059,-0.0,6.038862643832431,0.0,524.0179742732265,524.0179742732265,0.0,0.0
4073,2019-06-19 17:00:00,6,2019-06-19 18:00:00,0.15111,0.15111,0.15111,0.0,0.5456051383809484,518.450477090971,-0.0,0.0,0.0,518.450477090971,518.450477090971,0.0,1.0
4074,2019-06-19 18:00:00,6,2019-06-19 19:00:00,0.15111,0.15111,0.15111,0.0,0.5456051383809484,487.7243154812626,-0.0,0.0,0.0,487.7243154812626,487.7243154812626,0.0,0.0
4075,2019-06-19 19:00:00,6,2019-06-19 20:00:00,0.15111,0.15111,0.15111,0.0,0.5456051383809484,453.5634078433333,-0.0,273.5740363862835,0.0,179.9893714570498,179.9893714570498,0.0,0.0
4076,2019-06-19 20:00:00,6,2019-06-19 21:00:00,0.15111,0.15111,0.15111,0.0,0.05,322.5882946886736,-0.0,0.0,0.0,322.5882946886736,322.5882946886736,0.0,1.0
4077,2019-06-19 21:00:00,6,2019-06-19 22:00:00,0.12561,0.12561,0.12561,0.0,0.05,218.26824267652427,-0.0,0.0,0.0,218.26824267652427,218.26824267652427,0.0,0.0
4078,2019-06-19 22:00:00,6,2019-06-19 23:00:00,0.12561,0.12561,0.12561,0.0,0.05,284.40561635693535,-0.0,0.0,0.0,284.40561635693535,284.40561635693535,0.0,1.0
4079,2019-06-19 23:00:00,6,2019-06-20 00:00:00,0.10547,0.10547,0.10547,0.0,0.05,226.38085504101343,-0.0,0.0,0.0,226.38085504101343,226.38085504101343,0.0,0.0
4080,2019-06-20 00:00:00,6,2019-06-20 01:00:00,0.10547,0.10547,0.10547,0.0,0.05,208.08890568675363,-0.0,0.0,0.0,208.08890568675363,208.08890568675363,0.0,0.0
4081,2019-06-20 01:00:00,6,2019-06-20 02:00:00,0.10547,0.10547,0.10547,0.0,0.05,205.02334210322218,-0.0,0.0,0.0,205.02334210322218,205.02334210322218,0.0,0.0
4082,2019-06-20 02:00:00,6,2019-06-20 03:00:00,0.10547,0.10547,0.10547,0.0,0.05,202.06799869412768,-0.0,0.0,0.0,202.06799869412768,202.06799869412768,0.0,0.0
4083,2019-06-20 03:00:00,6,2019-06-20 04:00:00,0.10547,0.10547,0.10547,0.0,0.05,246.01300958069314,-278.00496469253335,0.0,0.0,524.0179742732265,524.0179742732265,0.0,1.0
4084,2019-06-20 04:00:00,6,2019-06-20 05:00:00,0.10547,0.10547,0.10547,0.0,0.4762742791952178,237.98341238034473,-286.0345618928818,0.0,0.0,524.0179742732265,524.0179742732265,0.0,1.0
4085,2019-06-20 05:00:00,6,2019-06-20 06:00:00,0.10547,0.10547,0.10547,0.0,0.9148606074309699,313.0333086707625,-0.0,0.0,0.0,313.0333086707625,313.0333086707625,0.0,1.0
4086,2019-06-20 06:00:00,6,2019-06-20 07:00:00,0.10547,0.10547,0.10547,0.0,0.9148606074309699,335.4960350732705,-55.5256908058892,0.0,0.0,391.0217258791597,391.0217258791597,0.0,1.0
4087,2019-06-20 07:00:00,6,2019-06-20 08:00:00,0.10547,0.10547,0.10547,0.0,1.0,483.3113518705915,-0.0,0.0,0.0,483.3113518705915,483.3113518705915,0.0,0.0
4088,2019-06-20 08:00:00,6,2019-06-20 09:00:00,0.10547,0.10547,0.10547,0.0,1.0,545.2172283954307,-0.0,21.199254122204138,0.0,524.0179742732265,524.0179742732265,0.0,0.0
4089,2019-06-20 09:00:00,6,2019-06-20 10:00:00,0.10547,0.10547,0.10547,0.0,0.9615955541264418,529.3195668456333,-0.0,5.301592572406776,0.0,524.0179742732265,524.0179742732265,0.0,0.0
4090,2019-06-20 10:00:00,6,2019-06-20 11:00:00,0.10547,0.10547,0.10547,0.0,0.9519912197561398,586.3226756424864,-0.0,62.304701369259874,0.0,524.0179742732265,524.0179742732265,0.0,0.0
4091,2019-06-20 11:00:00,6,2019-06-20 12:00:00,0.10547,0.10547,0.10547,0.0,0.8391203839422631,557.9251111855617,-0.0,33.907136912335204,0.0,524.0179742732265,524.0179742732265,0.0,0.0
4092,2019-06-20 12:00:00,6,2019-06-20 13:00:00,0.10547,0.10547,0.10547,0.0,0.7776944112749892,553.5765366791074,-0.0,29.558562405880934,0.0,524.0179742732265,524.0179742732265,0.0,0.0
4093,2019-06-20 13:00:00,6,2019-06-20 14:00:00,0.10547,0.10547,0.10547,0.0,0.7241462909744801,541.0058355257995,-0.0,16.987861252572998,0.0,524.0179742732265,524.0179742732265,0.0,0.0
4094,2019-06-20 14:00:00,6,2019-06-20 15:00:00,0.12561,0.12561,0.12561,0.0,0.693371180009674,531.9658276179141,-0.0,7.947853344687587,0.0,524.0179742732265,524.0179742732265,0.0,0.0
4095,2019-06-20 15:00:00,6,2019-06-20 16:00:00,0.12561,0.12561,0.12561,0.0,0.6789728949649502,531.0481230543421,-0.0,7.030148781115599,0.0,524.0179742732265,524.0179742732265,0.0,0.0
4096,2019-06-20 16:00:00,6,2019-06-20 17:00:00,0.15111,0.15111,0.15111,0.0,0.6662371181875668,527.6770963628887,-0.0,300.0,0.0,227.67709636288873,227.67709636288873,0.0,0.0
4097,2019-06-20 17:00:00,6,2019-06-20 18:00:00,0.15111,0.15111,0.15111,0.0,0.12275885731800164,518.01035113139,-0.0,40.1628892395369,0.0,477.84746189185313,477.84746189185313,0.0,0.0
4098,2019-06-20 18:00:00,6,2019-06-20 19:00:00,0.15111,0.15111,0.15111,0.0,0.05,471.331253571761,-0.0,0.0,0.0,471.331253571761,471.331253571761,0.0,0.0
4099,2019-06-20 19:00:00,6,2019-06-20 20:00:00,0.15111,0.15111,0.15111,0.0,0.05,439.1158465434153,-0.0,0.0,0.0,439.1158465434153,439.1158465434153,0.0,0.0
4100,2019-06-20 20:00:00,6,2019-06-20 21:00:00,0.15111,0.15111,0.15111,0.0,0.05,313.0373913044797,-0.0,0.0,0.0,313.0373913044797,313.0373913044797,0.0,1.0
4101,2019-06-20 21:00:00,6,2019-06-20 22:00:00,0.12561,0.12561,0.12561,0.0,0.05,217.8077943459752,-0.0,0.0,0.0,217.8077943459752,217.8077943459752,0.0,0.0
4102,2019-06-20 22:00:00,6,2019-06-20 23:00:00,0.12561,0.12561,0.12561,0.0,0.05,284.48859037840543,-0.0,0.0,0.0,284.48859037840543,284.48859037840543,0.0,1.0
4103,2019-06-20 23:00:00,6,2019-06-21 00:00:00,0.10547,0.10547,0.10547,0.0,0.05,226.890103277538,-0.0,0.0,0.0,226.890103277538,226.890103277538,0.0,0.0
4104,2019-06-21 00:00:00,6,2019-06-21 01:00:00,0.10547,0.10547,0.10547,0.0,0.05,208.937043947439,-0.0,0.0,0.0,208.937043947439,208.937043947439,0.0,0.0
4105,2019-06-21 01:00:00,6,2019-06-21 02:00:00,0.10547,0.10547,0.10547,0.0,0.05,206.42952288909436,-0.0,0.0,0.0,206.42952288909436,206.42952288909436,0.0,0.0
4106,2019-06-21 02:00:00,6,2019-06-21 03:00:00,0.10547,0.10547,0.10547,0.0,0.05,204.20000820863865,-0.0,0.0,0.0,204.20000820863865,204.20000820863865,0.0,0.0
4107,2019-06-21 03:00:00,6,2019-06-21 04:00:00,0.10547,0.10547,0.10547,0.0,0.05,215.95868612198421,-162.431037071488,0.0,0.0,378.3897231934722,378.3897231934722,0.0,1.0
4108,2019-06-21 04:00:00,6,2019-06-21 05:00:00,0.10547,0.10547,0.10547,0.0,0.29906092350961494,206.81213487084045,-0.0,0.0,0.0,206.81213487084045,206.81213487084045,0.0,0.0
4109,2019-06-21 05:00:00,6,2019-06-21 06:00:00,0.10547,0.10547,0.10547,0.0,0.29906092350961494,279.7336238924768,-244.2843503807497,0.0,0.0,524.0179742732265,524.0179742732265,0.0,1.0
4110,2019-06-21 06:00:00,6,2019-06-21 07:00:00,0.10547,0.10547,0.10547,0.0,0.6736302607600978,311.16814433415976,-212.8498299390667,0.0,0.0,524.0179742732264,524.0179742732264,0.0,1.0
4111,2019-06-21 07:00:00,6,2019-06-21 08:00:00,0.10547,0.10547,0.10547,0.0,1.0,472.9100984898755,-0.0,0.0,0.0,472.9100984898755,472.9100984898755,0.0,1.0
4112,2019-06-21 08:00:00,6,2019-06-21 09:00:00,0.10547,0.10547,0.10547,0.0,1.0,542.1211996282967,-0.0,18.103225355070208,0.0,524.0179742732265,524.0179742732265,0.0,0.0
4113,2019-06-21 09:00:00,6,2019-06-21 10:00:00,0.10547,0.10547,0.10547,0.0,0.9672043018929888,538.9202116501035,-0.0,14.902237376876997,0.0,524.0179742732265,524.0179742732265,0.0,0.0
4114,2019-06-21 10:00:00,6,2019-06-21 11:00:00,0.10547,0.10547,0.10547,0.0,0.9402074950508204,601.0089851495044,-0.0,76.99101087627787,0.0,524.0179742732265,524.0179742732265,0.0,0.0
4115,2019-06-21 11:00:00,6,2019-06-21 12:00:00,0.10547,0.10547,0.10547,0.0,0.8007310260720562,575.1254060941095,-0.0,51.107431820882994,0.0,524.0179742732265,524.0179742732265,0.0,0.0
4116,2019-06-21 12:00:00,6,2019-06-21 13:00:00,0.10547,0.10547,0.10547,0.0,0.7081450988603115,567.4164532662008,-0.0,43.39847899297433,0.0,524.0179742732265,524.0179742732265,0.0,0.0
4117,2019-06-21 13:00:00,6,2019-06-21 14:00:00,0.10547,0.10547,0.10547,0.0,0.6295246659020247,554.7787414081711,-0.0,30.760767134944558,0.0,524.0179742732265,524.0179742732265,0.0,0.0
4118,2019-06-21 14:00:00,6,2019-06-21 15:00:00,0.12561,0.12561,0.12561,0.0,0.5737986384836469,550.5706042018768,-0.0,26.552629928650276,0.0,524.0179742732265,524.0179742732265,0.0,0.0
4119,2019-06-21 15:00:00,6,2019-06-21 16:00:00,0.12561,0.12561,0.12561,0.0,0.5256960480331935,553.3896385024494,-0.0,29.371664229222915,0.0,524.0179742732265,524.0179742732265,0.0,0.0
4120,2019-06-21 16:00:00,6,2019-06-21 17:00:00,0.15111,0.15111,0.15111,0.0,0.4724865113860506,551.1070209190244,-0.0,27.089046645797907,0.0,524.0179742732265,524.0179742732265,0.0,0.0
4121,2019-06-21 17:00:00,6,2019-06-21 18:00:00,0.15111,0.15111,0.15111,0.0,0.4234121515204746,534.8326597957257,-0.0,10.81468552249919,0.0,524.0179742732265,524.0179742732265,0.0,0.0
4122,2019-06-21 18:00:00,6,2019-06-21 19:00:00,0.15111,0.15111,0.15111,0.0,0.4038203299217442,500.0417398551657,-0.0,0.0,0.0,500.0417398551657,500.0417398551657,0.0,0.0
4123,2019-06-21 19:00:00,6,2019-06-21 20:00:00,0.15111,0.15111,0.15111,0.0,0.4038203299217442,462.00304830587237,-0.0,195.30882211680282,0.0,266.6942261890696,266.6942261890696,0.0,0.0
4124,2019-06-21 20:00:00,6,2019-06-21 21:00:00,0.15111,0.15111,0.15111,0.0,0.05,327.3715718872657,-0.0,0.0,0.0,327.3715718872657,327.3715718872657,0.0,1.0
4125,2019-06-21 21:00:00,6,2019-06-21 22:00:00,0.12561,0.12561,0.12561,0.0,0.05,222.3637690780562,-0.0,0.0,0.0,222.3637690780562,222.3637690780562,0.0,0.0
4126,2019-06-21 22:00:00,6,2019-06-21 23:00:00,0.12561,0.12561,0.12561,0.0,0.05,288.40825935018285,-0.0,0.0,0.0,288.40825935018285,288.40825935018285,0.0,1.0
4127,2019-06-21 23:00:00,6,2019-06-22 00:00:00,0.10547,0.10547,0.10547,0.0,0.05,231.13558734378293,-0.0,0.0,0.0,231.13558734378293,231.13558734378293,0.0,0.0
4128,2019-06-22 00:00:00,6,2019-06-22 01:00:00,0.10547,0.10547,0.10547,0.0,0.05,212.143801940604,-0.0,0.0,0.0,212.143801940604,212.143801940604,0.0,0.0
4129,2019-06-22 01:00:00,6,2019-06-22 02:00:00,0.10547,0.10547,0.10547,0.0,0.05,208.75860162922856,-0.0,0.0,0.0,208.75860162922856,208.75860162922856,0.0,0.0
4130,2019-06-22 02:00:00,6,2019-06-22 03:00:00,0.10547,0.10547,0.10547,0.0,0.05,206.4863744786558,-0.0,0.0,0.0,206.4863744786558,206.4863744786558,0.0,0.0
4131,2019-06-22 03:00:00,6,2019-06-22 04:00:00,0.10547,0.10547,0.10547,0.0,0.05,218.4674539964273,-165.77077020353948,0.0,0.0,384.2382241999668,384.2382241999668,0.0,1.0
4132,2019-06-22 04:00:00,6,2019-06-22 05:00:00,0.10547,0.10547,0.10547,0.0,0.3041818476454272,209.2631325543597,-0.0,0.0,0.0,209.2631325543597,209.2631325543597,0.0,0.0
4133,2019-06-22 05:00:00,6,2019-06-22 06:00:00,0.10547,0.10547,0.10547,0.0,0.3041818476454272,281.34203119766556,-242.67594307556095,0.0,0.0,524.0179742732265,524.0179742732265,0.0,1.0
4134,2019-06-22 06:00:00,6,2019-06-22 07:00:00,0.10547,0.10547,0.10547,0.0,0.6762849603612874,312.89947016102263,-211.11850411220388,0.0,0.0,524.0179742732265,524.0179742732265,0.0,1.0
4135,2019-06-22 07:00:00,6,2019-06-22 08:00:00,0.10547,0.10547,0.10547,0.0,1.0,475.2338418980405,-0.0,0.0,0.0,475.2338418980405,475.2338418980405,0.0,1.0
4136,2019-06-22 08:00:00,6,2019-06-22 09:00:00,0.10547,0.10547,0.10547,0.0,1.0,540.340774601068,-0.0,16.32280032784149,0.0,524.0179742732265,524.0179742732265,0.0,0.0
4137,2019-06-22 09:00:00,6,2019-06-22 10:00:00,0.10547,0.10547,0.10547,0.0,0.9704297095510118,533.4779110158474,-0.0,9.459936742620926,0.0,524.0179742732265,524.0179742732265,0.0,0.0
4138,2019-06-22 10:00:00,6,2019-06-22 11:00:00,0.10547,0.10547,0.10547,0.0,0.9532921429882928,597.4517550954582,-0.0,73.43378082223171,0.0,524.0179742732265,524.0179742732265,0.0,0.0
4139,2019-06-22 11:00:00,6,2019-06-22 12:00:00,0.10547,0.10547,0.10547,0.0,0.820259931353815,580.9556395782729,-0.0,56.93766530504638,0.0,524.0179742732265,524.0179742732265,0.0,0.0
4140,2019-06-22 12:00:00,6,2019-06-22 13:00:00,0.10547,0.10547,0.10547,0.0,0.7171119869606151,581.0690116127997,-0.0,57.05103733957321,0.0,524.0179742732265,524.0179742732265,0.0,0.0
4141,2019-06-22 13:00:00,6,2019-06-22 14:00:00,0.10547,0.10547,0.10547,0.0,0.6137586584468955,569.5141807747067,-0.0,45.496206501480174,0.0,524.0179742732265,524.0179742732265,0.0,0.0
4142,2019-06-22 14:00:00,6,2019-06-22 15:00:00,0.12561,0.12561,0.12561,0.0,0.5313379944949387,558.4640870466175,-0.0,34.44611277339095,0.0,524.0179742732265,524.0179742732265,0.0,0.0
4143,2019-06-22 15:00:00,6,2019-06-22 16:00:00,0.12561,0.12561,0.12561,0.0,0.468935616282274,555.0849709109691,-0.0,31.06699663774259,0.0,524.0179742732265,524.0179742732265,0.0,0.0
4144,2019-06-22 16:00:00,6,2019-06-22 17:00:00,0.15111,0.15111,0.15111,0.0,0.41265482527187075,551.0625599082535,-0.0,187.80148971454173,0.0,363.2610701937118,363.2610701937118,0.0,0.0
4145,2019-06-22 17:00:00,6,2019-06-22 18:00:00,0.15111,0.15111,0.15111,0.0,0.07243473520929515,536.4019481087574,-0.0,12.383973835530924,0.0,524.0179742732265,524.0179742732265,0.0,0.0
4146,2019-06-22 18:00:00,6,2019-06-22 19:00:00,0.15111,0.15111,0.15111,0.0,0.05,502.8700530566221,-0.0,0.0,0.0,502.8700530566221,502.8700530566221,0.0,0.0
4147,2019-06-22 19:00:00,6,2019-06-22 20:00:00,0.15111,0.15111,0.15111,0.0,0.05,469.50248136995395,-0.0,0.0,0.0,469.50248136995395,469.50248136995395,0.0,1.0
4148,2019-06-22 20:00:00,6,2019-06-22 21:00:00,0.15111,0.15111,0.15111,0.0,0.05,336.7232342977591,-0.0,0.0,0.0,336.7232342977591,336.7232342977591,0.0,1.0
4149,2019-06-22 21:00:00,6,2019-06-22 22:00:00,0.12561,0.12561,0.12561,0.0,0.05,231.64883966552722,-0.0,0.0,0.0,231.64883966552722,231.64883966552722,0.0,0.0
4150,2019-06-22 22:00:00,6,2019-06-22 23:00:00,0.12561,0.12561,0.12561,0.0,0.05,297.1037534169763,-0.0,0.0,0.0,297.1037534169763,297.1037534169763,0.0,1.0
4151,2019-06-22 23:00:00,6,2019-06-23 00:00:00,0.10547,0.10547,0.10547,0.0,0.05,241.7445472092946,-0.0,0.0,0.0,241.7445472092946,241.7445472092946,0.0,0.0
4152,2019-06-23 00:00:00,6,2019-06-23 01:00:00,0.10547,0.10547,0.10547,0.0,0.05,222.45410503694652,-0.0,0.0,0.0,222.45410503694652,222.45410503694652,0.0,0.0
4153,2019-06-23 01:00:00,6,2019-06-23 02:00:00,0.10547,0.10547,0.10547,0.0,0.05,219.04199035447851,-0.0,0.0,0.0,219.04199035447851,219.04199035447851,0.0,0.0
4154,2019-06-23 02:00:00,6,2019-06-23 03:00:00,0.10547,0.10547,0.10547,0.0,0.05,216.52120196343822,-0.0,0.0,0.0,216.52120196343822,216.52120196343822,0.0,0.0
4155,2019-06-23 03:00:00,6,2019-06-23 04:00:00,0.10547,0.10547,0.10547,0.0,0.05,263.1707774955675,-260.847196777659,0.0,0.0,524.0179742732265,524.0179742732265,0.0,1.0
4156,2019-06-23 04:00:00,6,2019-06-23 05:00:00,0.10547,0.10547,0.10547,0.0,0.44996570172574385,254.79410441670973,-269.2238698565168,0.0,0.0,524.0179742732265,524.0179742732265,0.0,1.0
4157,2019-06-23 05:00:00,6,2019-06-23 06:00:00,0.10547,0.10547,0.10547,0.0,0.8627756355057363,327.160681975086,-0.0,0.0,0.0,327.160681975086,327.160681975086,0.0,1.0
4158,2019-06-23 06:00:00,6,2019-06-23 07:00:00,0.10547,0.10547,0.10547,0.0,0.8627756355057363,343.43932677803554,-89.49415075712848,0.0,0.0,432.933477535164,432.933477535164,0.0,1.0
4159,2019-06-23 07:00:00,6,2019-06-23 08:00:00,0.10547,0.10547,0.10547,0.0,1.0,480.84207212781615,-0.0,0.0,0.0,480.84207212781615,480.84207212781615,0.0,1.0
4160,2019-06-23 08:00:00,6,2019-06-23 09:00:00,0.10547,0.10547,0.10547,0.0,1.0,543.0241143832345,-0.0,19.006140110008005,0.0,524.0179742732265,524.0179742732265,0.0,0.0
4161,2019-06-23 09:00:00,6,2019-06-23 10:00:00,0.10547,0.10547,0.10547,0.0,0.9655685867572318,535.1407543574561,-0.0,11.12278008422959,0.0,524.0179742732265,524.0179742732265,0.0,0.0
4162,2019-06-23 10:00:00,6,2019-06-23 11:00:00,0.10547,0.10547,0.10547,0.0,0.945418622836526,594.6182681538337,-0.0,70.60029388060718,0.0,524.0179742732265,524.0179742732265,0.0,0.0
4163,2019-06-23 11:00:00,6,2019-06-23 12:00:00,0.10547,0.10547,0.10547,0.0,0.817519539719484,572.2272545230295,-0.0,48.20928024980299,0.0,524.0179742732265,524.0179742732265,0.0,0.0
4164,2019-06-23 12:00:00,6,2019-06-23 13:00:00,0.10547,0.10547,0.10547,0.0,0.7301838870930293,571.3928662562914,-0.0,47.37489198306491,0.0,524.0179742732265,524.0179742732265,0.0,0.0
4165,2019-06-23 13:00:00,6,2019-06-23 14:00:00,0.10547,0.10547,0.10547,0.0,0.6443598074135639,559.7976058470081,-0.0,35.77963157378156,0.0,524.0179742732265,524.0179742732265,0.0,0.0
4166,2019-06-23 14:00:00,6,2019-06-23 15:00:00,0.12561,0.12561,0.12561,0.0,0.5795416342726553,552.1404482660407,-0.0,28.122473992814207,0.0,524.0179742732265,524.0179742732265,0.0,0.0
4167,2019-06-23 15:00:00,6,2019-06-23 16:00:00,0.12561,0.12561,0.12561,0.0,0.5285951234161077,552.7343768574648,-0.0,28.716402584238267,0.0,524.0179742732265,524.0179742732265,0.0,0.0
4168,2019-06-23 16:00:00,6,2019-06-23 17:00:00,0.15111,0.15111,0.15111,0.0,0.4765726549664007,548.6496156069734,-0.0,225.59296822279956,0.0,323.05664738417386,323.05664738417386,0.0,0.0
4169,2019-06-23 17:00:00,6,2019-06-23 18:00:00,0.15111,0.15111,0.15111,0.0,0.06788974151930005,533.8931115918801,-0.0,9.875137318653628,0.0,524.0179742732265,524.0179742732265,0.0,0.0
4170,2019-06-23 18:00:00,6,2019-06-23 19:00:00,0.15111,0.15111,0.15111,0.0,0.05,487.6385213184307,-0.0,0.0,0.0,487.6385213184307,487.6385213184307,0.0,0.0
4171,2019-06-23 19:00:00,6,2019-06-23 20:00:00,0.15111,0.15111,0.15111,0.0,0.05,451.7916858795422,-0.0,0.0,0.0,451.7916858795422,451.7916858795422,0.0,0.0
4172,2019-06-23 20:00:00,6,2019-06-23 21:00:00,0.15111,0.15111,0.15111,0.0,0.05,319.1297891036132,-0.0,0.0,0.0,319.1297891036132,319.1297891036132,0.0,1.0
4173,2019-06-23 21:00:00,6,2019-06-23 22:00:00,0.12561,0.12561,0.12561,0.0,0.05,224.7683249419421,-0.0,0.0,0.0,224.7683249419421,224.7683249419421,0.0,0.0
4174,2019-06-23 22:00:00,6,2019-06-23 23:00:00,0.12561,0.12561,0.12561,0.0,0.05,291.62376461744833,-0.0,0.0,0.0,291.62376461744833,291.62376461744833,0.0,1.0
4175,2019-06-23 23:00:00,6,2019-06-24 00:00:00,0.10547,0.10547,0.10547,0.0,0.05,235.40771184492297,-0.0,0.0,0.0,235.40771184492297,235.40771184492297,0.0,0.0
4176,2019-06-24 00:00:00,6,2019-06-24 01:00:00,0.10547,0.10547,0.10547,0.0,0.05,212.58237231381656,-0.0,0.0,0.0,212.58237231381656,212.58237231381656,0.0,0.0
4177,2019-06-24 01:00:00,6,2019-06-24 02:00:00,0.10547,0.10547,0.10547,0.0,0.05,210.43200125536768,-0.0,0.0,0.0,210.43200125536768,210.43200125536768,0.0,0.0
4178,2019-06-24 02:00:00,6,2019-06-24 03:00:00,0.10547,0.10547,0.10547,0.0,0.05,209.00539328140982,-0.0,0.0,0.0,209.00539328140982,209.00539328140982,0.0,0.0
4179,2019-06-24 03:00:00,6,2019-06-24 04:00:00,0.10547,0.10547,0.10547,0.0,0.05,222.25387225214968,-300.0,0.0,0.0,522.2538722521497,522.2538722521497,0.0,1.0
4180,2019-06-24 04:00:00,6,2019-06-24 05:00:00,0.10547,0.10547,0.10547,0.0,0.51,213.63955393125366,-300.0,0.0,0.0,513.6395539312537,513.6395539312537,0.0,1.0
4181,2019-06-24 05:00:00,6,2019-06-24 06:00:00,0.10547,0.10547,0.10547,0.0,0.97,262.17123272583945,-0.0,0.0,0.0,262.17123272583945,262.17123272583945,0.0,1.0
4182,2019-06-24 06:00:00,6,2019-06-24 07:00:00,0.10547,0.10547,0.10547,0.0,0.97,295.9526653393967,-19.565217391304348,0.0,0.0,315.51788273070105,315.51788273070105,0.0,1.0
4183,2019-06-24 07:00:00,6,2019-06-24 08:00:00,0.10547,0.10547,0.10547,0.0,1.0,424.7507228897541,-0.0,0.0,0.0,424.7507228897541,424.7507228897541,0.0,1.0
4184,2019-06-24 08:00:00,6,2019-06-24 09:00:00,0.10547,0.10547,0.10547,0.0,1.0,473.94268365741175,-0.0,0.0,0.0,473.94268365741175,473.94268365741175,0.0,0.0
4185,2019-06-24 09:00:00,6,2019-06-24 10:00:00,0.10547,0.10547,0.10547,0.0,1.0,524.9608194643738,-0.0,0.9428451911472848,0.0,524.0179742732265,524.0179742732265,0.0,0.0
4186,2019-06-24 10:00:00,6,2019-06-24 11:00:00,0.10547,0.10547,0.10547,0.0,0.9982919471174868,590.8024277434216,-0.0,66.7844534701951,0.0,524.0179742732265,524.0179742732265,0.0,0.0
4187,2019-06-24 11:00:00,6,2019-06-24 12:00:00,0.10547,0.10547,0.10547,0.0,0.8773056183671334,569.2506590216381,-0.0,45.23268474841154,0.0,524.0179742732265,524.0179742732265,0.0,0.0
4188,2019-06-24 12:00:00,6,2019-06-24 13:00:00,0.10547,0.10547,0.10547,0.0,0.7953623488953734,576.2991808389316,-0.0,52.28120656570513,0.0,524.0179742732265,524.0179742732265,0.0,0.0
4189,2019-06-24 13:00:00,6,2019-06-24 14:00:00,0.10547,0.10547,0.10547,0.0,0.7006500181604003,569.5153990667849,-0.0,45.497424793558366,0.0,524.0179742732265,524.0179742732265,0.0,0.0
4190,2019-06-24 14:00:00,6,2019-06-24 15:00:00,0.12561,0.12561,0.12561,0.0,0.6182271471575772,560.0906547104319,-0.0,36.07268043720535,0.0,524.0179742732265,524.0179742732265,0.0,0.0
4191,2019-06-24 15:00:00,6,2019-06-24 16:00:00,0.12561,0.12561,0.12561,0.0,0.552878088394524,557.955375511423,-0.0,33.93740123819646,0.0,524.0179742732265,524.0179742732265,0.0,0.0
4192,2019-06-24 16:00:00,6,2019-06-24 17:00:00,0.15111,0.15111,0.15111,0.0,0.4913972890499652,548.4660700958017,-0.0,24.44809582257517,0.0,524.0179742732265,524.0179742732265,0.0,0.0
4193,2019-06-24 17:00:00,6,2019-06-24 18:00:00,0.15111,0.15111,0.15111,0.0,0.4471072603858798,500.8730002320361,-0.0,0.0,0.0,500.8730002320361,500.8730002320361,0.0,1.0
4194,2019-06-24 18:00:00,6,2019-06-24 19:00:00,0.15111,0.15111,0.15111,0.0,0.4471072603858798,407.4599612390157,-0.0,0.0,0.0,407.4599612390157,407.4599612390157,0.0,1.0
4195,2019-06-24 19:00:00,6,2019-06-24 20:00:00,0.15111,0.15111,0.15111,0.0,0.4471072603858798,406.091049574073,-0.0,219.20320773300566,0.0,186.88784184106734,186.88784184106734,0.0,0.0
4196,2019-06-24 20:00:00,6,2019-06-24 21:00:00,0.15111,0.15111,0.15111,0.0,0.05,307.3221890737143,-0.0,0.0,0.0,307.3221890737143,307.3221890737143,0.0,1.0
4197,2019-06-24 21:00:00,6,2019-06-24 22:00:00,0.12561,0.12561,0.12561,0.0,0.05,227.44236957553585,-0.0,0.0,0.0,227.44236957553585,227.44236957553585,0.0,0.0
4198,2019-06-24 22:00:00,6,2019-06-24 23:00:00,0.12561,0.12561,0.12561,0.0,0.05,293.2537166071007,-0.0,0.0,0.0,293.2537166071007,293.2537166071007,0.0,1.0
4199,2019-06-24 23:00:00,6,2019-06-25 00:00:00,0.10547,0.10547,0.10547,0.0,0.05,237.31523900541185,-0.0,0.0,0.0,237.31523900541185,237.31523900541185,0.0,0.0
4200,2019-06-25 00:00:00,6,2019-06-25 01:00:00,0.10547,0.10547,0.10547,0.0,0.05,218.02537864239784,-0.0,0.0,0.0,218.02537864239784,218.02537864239784,0.0,0.0
4201,2019-06-25 01:00:00,6,2019-06-25 02:00:00,0.10547,0.10547,0.10547,0.0,0.05,215.70523708010558,-0.0,0.0,0.0,215.70523708010558,215.70523708010558,0.0,0.0
4202,2019-06-25 02:00:00,6,2019-06-25 03:00:00,0.10547,0.10547,0.10547,0.0,0.05,213.1761318810877,-0.0,0.0,0.0,213.1761318810877,213.1761318810877,0.0,0.0
4203,2019-06-25 03:00:00,6,2019-06-25 04:00:00,0.10547,0.10547,0.10547,0.0,0.05,225.6503574952012,-0.0,0.0,0.0,225.6503574952012,225.6503574952012,0.0,0.0
4204,2019-06-25 04:00:00,6,2019-06-25 05:00:00,0.10547,0.10547,0.10547,0.0,0.05,216.5733560761664,-0.0,0.0,0.0,216.5733560761664,216.5733560761664,0.0,0.0
4205,2019-06-25 05:00:00,6,2019-06-25 06:00:00,0.10547,0.10547,0.10547,0.0,0.05,264.797283382022,-236.53963913047778,0.0,0.0,501.33692251249977,501.33692251249977,0.0,1.0
4206,2019-06-25 06:00:00,6,2019-06-25 07:00:00,0.10547,0.10547,0.10547,0.0,0.4126941133333993,297.6817372761664,-203.65518523633335,0.0,0.0,501.33692251249977,501.33692251249977,0.0,1.0
4207,2019-06-25 07:00:00,6,2019-06-25 08:00:00,0.10547,0.10547,0.10547,0.0,0.7249653973624438,368.5490763188054,-0.0,0.0,0.0,368.5490763188054,368.5490763188054,0.0,0.0
4208,2019-06-25 08:00:00,6,2019-06-25 09:00:00,0.10547,0.10547,0.10547,0.0,0.7249653973624438,324.5014336890836,-176.83548882341614,0.0,0.0,501.33692251249977,501.33692251249977,0.0,1.0
4209,2019-06-25 09:00:00,6,2019-06-25 10:00:00,0.10547,0.10547,0.10547,0.0,0.9961131468916816,395.94305955418986,0.0,0.0,0.0,395.94305955418986,395.94305955418986,0.0,0.0
4210,2019-06-25 10:00:00,6,2019-06-25 11:00:00,0.10547,0.10547,0.10547,0.0,0.9961131468916816,462.9484748495384,-0.0,0.0,0.0,462.9484748495384,462.9484748495384,0.0,0.0
4211,2019-06-25 11:00:00,6,2019-06-25 12:00:00,0.10547,0.10547,0.10547,0.0,0.9961131468916816,497.2505063303689,-0.0,0.0,0.0,497.2505063303689,497.2505063303689,0.0,1.0
4212,2019-06-25 12:00:00,6,2019-06-25 13:00:00,0.10547,0.10547,0.10547,0.0,0.9961131468916816,498.80201831142256,-2.534904201077196,0.0,0.0,501.33692251249977,501.33692251249977,0.0,1.0
4213,2019-06-25 13:00:00,6,2019-06-25 14:00:00,0.10547,0.10547,0.10547,0.0,1.0,487.88847202023135,-0.0,0.0,0.0,487.88847202023135,487.88847202023135,0.0,0.0
4214,2019-06-25 14:00:00,6,2019-06-25 15:00:00,0.12561,0.12561,0.12561,0.0,1.0,479.57398198460464,-0.0,0.0,0.0,479.57398198460464,479.57398198460464,0.0,1.0
4215,2019-06-25 15:00:00,6,2019-06-25 16:00:00,0.12561,0.12561,0.12561,0.0,1.0,474.7389232297534,-0.0,0.0,0.0,474.7389232297534,474.7389232297534,0.0,1.0
4216,2019-06-25 16:00:00,6,2019-06-25 17:00:00,0.15111,0.15111,0.15111,0.0,1.0,408.4581075713,-0.0,300.0,0.0,108.45810757129999,108.45810757129999,0.0,0.0
4217,2019-06-25 17:00:00,6,2019-06-25 18:00:00,0.15111,0.15111,0.15111,0.0,0.4565217391304348,411.99570779185586,-0.0,0.0,0.0,411.99570779185586,411.99570779185586,0.0,0.0
4218,2019-06-25 18:00:00,6,2019-06-25 19:00:00,0.15111,0.15111,0.15111,0.0,0.4565217391304348,373.65072683809666,-0.0,0.0,0.0,373.65072683809666,373.65072683809666,0.0,0.0
4219,2019-06-25 19:00:00,6,2019-06-25 20:00:00,0.15111,0.15111,0.15111,0.0,0.4565217391304348,375.04593443999005,-0.0,224.4,0.0,150.64593443999004,150.64593443999004,0.0,0.0
4220,2019-06-25 20:00:00,6,2019-06-25 21:00:00,0.15111,0.15111,0.15111,0.0,0.05,335.69313756490425,-0.0,0.0,0.0,335.69313756490425,335.69313756490425,0.0,1.0
4221,2019-06-25 21:00:00,6,2019-06-25 22:00:00,0.12561,0.12561,0.12561,0.0,0.05,227.39344428484642,-0.0,0.0,0.0,227.39344428484642,227.39344428484642,0.0,0.0
4222,2019-06-25 22:00:00,6,2019-06-25 23:00:00,0.12561,0.12561,0.12561,0.0,0.05,292.91190466399564,-0.0,0.0,0.0,292.91190466399564,292.91190466399564,0.0,1.0
4223,2019-06-25 23:00:00,6,2019-06-26 00:00:00,0.10547,0.10547,0.10547,0.0,0.05,237.12379638221597,-0.0,0.0,0.0,237.12379638221597,237.12379638221597,0.0,0.0
4224,2019-06-26 00:00:00,6,2019-06-26 01:00:00,0.10547,0.10547,0.10547,0.0,0.05,222.91184574688245,-0.0,0.0,0.0,222.91184574688245,222.91184574688245,0.0,0.0
4225,2019-06-26 01:00:00,6,2019-06-26 02:00:00,0.10547,0.10547,0.10547,0.0,0.05,219.6888290206709,-0.0,0.0,0.0,219.6888290206709,219.6888290206709,0.0,0.0
4226,2019-06-26 02:00:00,6,2019-06-26 03:00:00,0.10547,0.10547,0.10547,0.0,0.05,217.3967184644433,-0.0,0.0,0.0,217.3967184644433,217.3967184644433,0.0,0.0
4227,2019-06-26 03:00:00,6,2019-06-26 04:00:00,0.10547,0.10547,0.10547,0.0,0.05,230.29590575579905,-0.0,0.0,0.0,230.29590575579905,230.29590575579905,0.0,0.0
4228,2019-06-26 04:00:00,6,2019-06-26 05:00:00,0.10547,0.10547,0.10547,0.0,0.05,221.20998639546278,-151.75777989492573,0.0,0.0,372.9677662903885,372.9677662903885,0.0,1.0
4229,2019-06-26 05:00:00,6,2019-06-26 06:00:00,0.10547,0.10547,0.10547,0.0,0.28269526250555277,293.69888730576827,-230.31908696745825,0.0,0.0,524.0179742732265,524.0179742732265,0.0,1.0
4230,2019-06-26 06:00:00,6,2019-06-26 07:00:00,0.10547,0.10547,0.10547,0.0,0.6358511958556554,327.7880618530355,-196.229912420191,0.0,0.0,524.0179742732265,524.0179742732265,0.0,1.0
4231,2019-06-26 07:00:00,6,2019-06-26 08:00:00,0.10547,0.10547,0.10547,0.0,0.9367370615666151,482.75953616449715,-41.258438108729365,0.0,0.0,524.0179742732265,524.0179742732265,0.0,1.0
4232,2019-06-26 08:00:00,6,2019-06-26 09:00:00,0.10547,0.10547,0.10547,0.0,1.0,541.9375828719864,-0.0,17.91960859875985,0.0,524.0179742732265,524.0179742732265,0.0,0.0
4233,2019-06-26 09:00:00,6,2019-06-26 10:00:00,0.10547,0.10547,0.10547,0.0,0.9675369409442757,531.0908234757866,-0.0,7.072849202560064,0.0,524.0179742732265,524.0179742732265,0.0,0.0
4234,2019-06-26 10:00:00,6,2019-06-26 11:00:00,0.10547,0.10547,0.10547,0.0,0.9547238083309422,589.2499298566896,-0.0,65.2319555834631,0.0,524.0179742732265,524.0179742732265,0.0,0.0
4235,2019-06-26 11:00:00,6,2019-06-26 12:00:00,0.10547,0.10547,0.10547,0.0,0.8365499757522047,565.6633886280215,-0.0,41.64541435479498,0.0,524.0179742732265,524.0179742732265,0.0,0.0
4236,2019-06-26 12:00:00,6,2019-06-26 13:00:00,0.10547,0.10547,0.10547,0.0,0.7611053845297501,564.9946747276734,-0.0,40.97670045444693,0.0,524.0179742732265,524.0179742732265,0.0,0.0
4237,2019-06-26 13:00:00,6,2019-06-26 14:00:00,0.10547,0.10547,0.10547,0.0,0.6868722315325636,555.4832907408351,-0.0,31.465316467608545,0.0,524.0179742732265,524.0179742732265,0.0,0.0
4238,2019-06-26 14:00:00,6,2019-06-26 15:00:00,0.12561,0.12561,0.12561,0.0,0.6298698466274757,550.104620295008,-0.0,26.086646021781462,0.0,524.0179742732265,524.0179742732265,0.0,0.0
4239,2019-06-26 15:00:00,6,2019-06-26 16:00:00,0.12561,0.12561,0.12561,0.0,0.5826114299213497,546.2324963123199,-0.0,22.214522039093367,0.0,524.0179742732265,524.0179742732265,0.0,0.0
4240,2019-06-26 16:00:00,6,2019-06-26 17:00:00,0.15111,0.15111,0.15111,0.0,0.5423677305751662,538.2349627810751,-0.0,268.58657944631017,0.0,269.6483833347649,269.6483833347649,0.0,0.0
4241,2019-06-26 17:00:00,6,2019-06-26 18:00:00,0.15111,0.15111,0.15111,0.0,0.05579784027387964,527.2183821044081,-0.0,3.2004078311815647,0.0,524.0179742732265,524.0179742732265,0.0,0.0
4242,2019-06-26 18:00:00,6,2019-06-26 19:00:00,0.15111,0.15111,0.15111,0.0,0.05,499.92363098169216,-0.0,0.0,0.0,499.92363098169216,499.92363098169216,0.0,0.0
4243,2019-06-26 19:00:00,6,2019-06-26 20:00:00,0.15111,0.15111,0.15111,0.0,0.05,467.76827174036856,-0.0,0.0,0.0,467.76827174036856,467.76827174036856,0.0,1.0
4244,2019-06-26 20:00:00,6,2019-06-26 21:00:00,0.15111,0.15111,0.15111,0.0,0.05,332.3212360864257,-0.0,0.0,0.0,332.3212360864257,332.3212360864257,0.0,1.0
4245,2019-06-26 21:00:00,6,2019-06-26 22:00:00,0.12561,0.12561,0.12561,0.0,0.05,225.88704204019695,-0.0,0.0,0.0,225.88704204019695,225.88704204019695,0.0,0.0
4246,2019-06-26 22:00:00,6,2019-06-26 23:00:00,0.12561,0.12561,0.12561,0.0,0.05,292.88330817521836,-0.0,0.0,0.0,292.88330817521836,292.88330817521836,0.0,1.0
4247,2019-06-26 23:00:00,6,2019-06-27 00:00:00,0.10547,0.10547,0.10547,0.0,0.05,236.34494328041094,-0.0,0.0,0.0,236.34494328041094,236.34494328041094,0.0,0.0
4248,2019-06-27 00:00:00,6,2019-06-27 01:00:00,0.10547,0.10547,0.10547,0.0,0.05,217.32367947878532,-0.0,0.0,0.0,217.32367947878532,217.32367947878532,0.0,0.0
4249,2019-06-27 01:00:00,6,2019-06-27 02:00:00,0.10547,0.10547,0.10547,0.0,0.05,214.67787495456443,-0.0,0.0,0.0,214.67787495456443,214.67787495456443,0.0,0.0
4250,2019-06-27 02:00:00,6,2019-06-27 03:00:00,0.10547,0.10547,0.10547,0.0,0.05,212.6816118150083,-0.0,0.0,0.0,212.6816118150083,212.6816118150083,0.0,0.0
4251,2019-06-27 03:00:00,6,2019-06-27 04:00:00,0.10547,0.10547,0.10547,0.0,0.05,259.745488600515,-264.2724856727115,0.0,0.0,524.0179742732265,524.0179742732265,0.0,1.0
4252,2019-06-27 04:00:00,6,2019-06-27 05:00:00,0.10547,0.10547,0.10547,0.0,0.45521781136482437,254.94423490058043,-163.22357037820345,0.0,0.0,418.1678052787839,418.1678052787839,0.0,1.0
4253,2019-06-27 05:00:00,6,2019-06-27 06:00:00,0.10547,0.10547,0.10547,0.0,0.705493952611403,331.94881293283714,-192.06916134038937,0.0,0.0,524.0179742732265,524.0179742732265,0.0,1.0
4254,2019-06-27 06:00:00,6,2019-06-27 07:00:00,0.10547,0.10547,0.10547,0.0,1.0,350.5682146654327,-0.0,0.0,0.0,350.5682146654327,350.5682146654327,0.0,1.0
4255,2019-06-27 07:00:00,6,2019-06-27 08:00:00,0.10547,0.10547,0.10547,0.0,1.0,486.2269751305253,-0.0,0.0,0.0,486.2269751305253,486.2269751305253,0.0,0.0
4256,2019-06-27 08:00:00,6,2019-06-27 09:00:00,0.10547,0.10547,0.10547,0.0,1.0,546.3970240762864,-0.0,22.379049803059843,0.0,524.0179742732265,524.0179742732265,0.0,0.0
4257,2019-06-27 09:00:00,6,2019-06-27 10:00:00,0.10547,0.10547,0.10547,0.0,0.959458243110399,535.8067234764712,-0.0,11.78874920324472,0.0,524.0179742732265,524.0179742732265,0.0,0.0
4258,2019-06-27 10:00:00,6,2019-06-27 11:00:00,0.10547,0.10547,0.10547,0.0,0.9381018133943758,594.5988084495552,-0.0,70.58083417632872,0.0,524.0179742732265,524.0179742732265,0.0,0.0
4259,2019-06-27 11:00:00,6,2019-06-27 12:00:00,0.10547,0.10547,0.10547,0.0,0.8102379833647947,572.5330670218973,-0.0,48.51509274867078,0.0,524.0179742732265,524.0179742732265,0.0,0.0
4260,2019-06-27 12:00:00,6,2019-06-27 13:00:00,0.10547,0.10547,0.10547,0.0,0.7223483225882172,571.8797998689794,-0.0,47.86182559575286,0.0,524.0179742732265,524.0179742732265,0.0,0.0
4261,2019-06-27 13:00:00,6,2019-06-27 14:00:00,0.10547,0.10547,0.10547,0.0,0.6356421167988099,566.2999809392265,-0.0,42.28200666600003,0.0,524.0179742732265,524.0179742732265,0.0,0.0
4262,2019-06-27 14:00:00,6,2019-06-27 15:00:00,0.12561,0.12561,0.12561,0.0,0.5590442786357663,559.1778902896331,-0.0,35.159916016406555,0.0,524.0179742732265,524.0179742732265,0.0,0.0
4263,2019-06-27 15:00:00,6,2019-06-27 16:00:00,0.12561,0.12561,0.12561,0.0,0.4953487786060443,554.7898825658738,-0.0,30.771908292647254,0.0,524.0179742732265,524.0179742732265,0.0,0.0
4264,2019-06-27 16:00:00,6,2019-06-27 17:00:00,0.15111,0.15111,0.15111,0.0,0.4396025679309587,546.257845625111,-0.0,22.239871351884517,0.0,524.0179742732265,524.0179742732265,0.0,0.0
4265,2019-06-27 17:00:00,6,2019-06-27 18:00:00,0.15111,0.15111,0.15111,0.0,0.39931294591667515,528.6343101768001,-0.0,192.8207461460047,0.0,335.8135640307954,335.8135640307954,0.0,0.0
4266,2019-06-27 18:00:00,6,2019-06-27 19:00:00,0.15111,0.15111,0.15111,0.0,0.05,485.03409197589656,-0.0,0.0,0.0,485.03409197589656,485.03409197589656,0.0,0.0
4267,2019-06-27 19:00:00,6,2019-06-27 20:00:00,0.15111,0.15111,0.15111,0.0,0.05,454.1227682743843,-0.0,0.0,0.0,454.1227682743843,454.1227682743843,0.0,1.0
4268,2019-06-27 20:00:00,6,2019-06-27 21:00:00,0.15111,0.15111,0.15111,0.0,0.05,324.6420710152828,-0.0,0.0,0.0,324.6420710152828,324.6420710152828,0.0,1.0
4269,2019-06-27 21:00:00,6,2019-06-27 22:00:00,0.12561,0.12561,0.12561,0.0,0.05,229.5394482981704,-0.0,0.0,0.0,229.5394482981704,229.5394482981704,0.0,0.0
4270,2019-06-27 22:00:00,6,2019-06-27 23:00:00,0.12561,0.12561,0.12561,0.0,0.05,294.9903848783991,-0.0,0.0,0.0,294.9903848783991,294.9903848783991,0.0,1.0
4271,2019-06-27 23:00:00,6,2019-06-28 00:00:00,0.10547,0.10547,0.10547,0.0,0.05,238.2857233797463,-0.0,0.0,0.0,238.2857233797463,238.2857233797463,0.0,0.0
4272,2019-06-28 00:00:00,6,2019-06-28 01:00:00,0.10547,0.10547,0.10547,0.0,0.05,218.7680802422049,-0.0,0.0,0.0,218.7680802422049,218.7680802422049,0.0,0.0
4273,2019-06-28 01:00:00,6,2019-06-28 02:00:00,0.10547,0.10547,0.10547,0.0,0.05,215.72538550608544,-0.0,0.0,0.0,215.72538550608544,215.72538550608544,0.0,0.0
4274,2019-06-28 02:00:00,6,2019-06-28 03:00:00,0.10547,0.10547,0.10547,0.0,0.05,213.43373568877732,-0.0,0.0,0.0,213.43373568877732,213.43373568877732,0.0,0.0
4275,2019-06-28 03:00:00,6,2019-06-28 04:00:00,0.10547,0.10547,0.10547,0.0,0.05,224.88753151275316,-145.34162900791785,0.0,0.0,370.22916052067103,370.22916052067103,0.0,1.0
4276,2019-06-28 04:00:00,6,2019-06-28 05:00:00,0.10547,0.10547,0.10547,0.0,0.27285716447880737,216.57636463214052,-0.0,0.0,0.0,216.57636463214052,216.57636463214052,0.0,0.0
4277,2019-06-28 05:00:00,6,2019-06-28 06:00:00,0.10547,0.10547,0.10547,0.0,0.27285716447880737,291.22641482777294,-232.79155944545357,0.0,0.0,524.0179742732265,524.0179742732265,0.0,1.0
4278,2019-06-28 06:00:00,6,2019-06-28 07:00:00,0.10547,0.10547,0.10547,0.0,0.6298042222951695,324.50948341970656,-199.50849085351996,0.0,0.0,524.0179742732265,524.0179742732265,0.0,1.0
4279,2019-06-28 07:00:00,6,2019-06-28 08:00:00,0.10547,0.10547,0.10547,0.0,0.9357172416039001,482.0944361888136,-41.92353808441294,0.0,0.0,524.0179742732265,524.0179742732265,0.0,1.0
4280,2019-06-28 08:00:00,6,2019-06-28 09:00:00,0.10547,0.10547,0.10547,0.0,1.0,549.4681560459999,-0.0,25.450181772773362,0.0,524.0179742732265,524.0179742732265,0.0,0.0
4281,2019-06-28 09:00:00,6,2019-06-28 10:00:00,0.10547,0.10547,0.10547,0.0,0.9538945982377294,549.2202867994126,-0.0,25.20231252618612,0.0,524.0179742732265,524.0179742732265,0.0,0.0
4282,2019-06-28 10:00:00,6,2019-06-28 11:00:00,0.10547,0.10547,0.10547,0.0,0.9082382349656531,601.6664240450116,-0.0,77.64844977178507,0.0,524.0179742732265,524.0179742732265,0.0,0.0
4283,2019-06-28 11:00:00,6,2019-06-28 12:00:00,0.10547,0.10547,0.10547,0.0,0.7675707534950281,572.6464121154214,-0.0,48.6284378421949,0.0,524.0179742732265,524.0179742732265,0.0,0.0
4284,2019-06-28 12:00:00,6,2019-06-28 13:00:00,0.10547,0.10547,0.10547,0.0,0.6794757574040953,575.170989138439,-0.0,51.153014865212526,0.0,524.0179742732265,524.0179742732265,0.0,0.0
4285,2019-06-28 13:00:00,6,2019-06-28 14:00:00,0.10547,0.10547,0.10547,0.0,0.586807252213493,564.6303335985988,-0.0,40.61235932537227,0.0,524.0179742732265,524.0179742732265,0.0,0.0
4286,2019-06-28 14:00:00,6,2019-06-28 15:00:00,0.12561,0.12561,0.12561,0.0,0.5132341374936156,549.6254223518921,-0.0,25.607448078665584,0.0,524.0179742732265,524.0179742732265,0.0,0.0
4287,2019-06-28 15:00:00,6,2019-06-28 16:00:00,0.12561,0.12561,0.12561,0.0,0.46684383300327936,545.003896978259,-0.0,20.98592270503252,0.0,524.0179742732265,524.0179742732265,0.0,0.0
4288,2019-06-28 16:00:00,6,2019-06-28 17:00:00,0.15111,0.15111,0.15111,0.0,0.4288258570883654,542.9503904999603,-0.0,202.39940743509155,0.0,340.5509830648688,340.5509830648688,0.0,0.0
4289,2019-06-28 17:00:00,6,2019-06-28 18:00:00,0.15111,0.15111,0.15111,0.0,0.06216026390885175,530.7304399509127,-0.0,6.712465677686168,0.0,524.0179742732265,524.0179742732265,0.0,0.0
4290,2019-06-28 18:00:00,6,2019-06-28 19:00:00,0.15111,0.15111,0.15111,0.0,0.05,498.9312804878603,-0.0,0.0,0.0,498.9312804878603,498.9312804878603,0.0,0.0
4291,2019-06-28 19:00:00,6,2019-06-28 20:00:00,0.15111,0.15111,0.15111,0.0,0.05,464.7673893218783,-0.0,0.0,0.0,464.7673893218783,464.7673893218783,0.0,1.0
4292,2019-06-28 20:00:00,6,2019-06-28 21:00:00,0.15111,0.15111,0.15111,0.0,0.05,332.1990189302373,-0.0,0.0,0.0,332.1990189302373,332.1990189302373,0.0,1.0
4293,2019-06-28 21:00:00,6,2019-06-28 22:00:00,0.12561,0.12561,0.12561,0.0,0.05,226.23874080365132,-0.0,0.0,0.0,226.23874080365132,226.23874080365132,0.0,0.0
4294,2019-06-28 22:00:00,6,2019-06-28 23:00:00,0.12561,0.12561,0.12561,0.0,0.05,291.30382490697633,-0.0,0.0,0.0,291.30382490697633,291.30382490697633,0.0,1.0
4295,2019-06-28 23:00:00,6,2019-06-29 00:00:00,0.10547,0.10547,0.10547,0.0,0.05,232.6147391049643,-0.0,0.0,0.0,232.6147391049643,232.6147391049643,0.0,0.0
4296,2019-06-29 00:00:00,6,2019-06-29 01:00:00,0.10547,0.10547,0.10547,0.0,0.05,212.98313887693226,-0.0,0.0,0.0,212.98313887693226,212.98313887693226,0.0,0.0
4297,2019-06-29 01:00:00,6,2019-06-29 02:00:00,0.10547,0.10547,0.10547,0.0,0.05,208.6151088953344,-0.0,0.0,0.0,208.6151088953344,208.6151088953344,0.0,0.0
4298,2019-06-29 02:00:00,6,2019-06-29 03:00:00,0.10547,0.10547,0.10547,0.0,0.05,204.59399010544902,-0.0,0.0,0.0,204.59399010544902,204.59399010544902,0.0,0.0
4299,2019-06-29 03:00:00,6,2019-06-29 04:00:00,0.10547,0.10547,0.10547,0.0,0.05,214.9759697929959,-300.0,0.0,0.0,514.9759697929959,514.9759697929959,0.0,1.0
4300,2019-06-29 04:00:00,6,2019-06-29 05:00:00,0.10547,0.10547,0.10547,0.0,0.51,204.97079589754006,-300.0,0.0,0.0,504.97079589754003,504.97079589754003,0.0,1.0
4301,2019-06-29 05:00:00,6,2019-06-29 06:00:00,0.10547,0.10547,0.10547,0.0,0.97,277.800748353927,-0.0,0.0,0.0,277.800748353927,277.800748353927,0.0,1.0
4302,2019-06-29 06:00:00,6,2019-06-29 07:00:00,0.10547,0.10547,0.10547,0.0,0.97,316.8427598198842,-19.565217391304348,0.0,0.0,336.40797721118855,336.40797721118855,0.0,1.0
4303,2019-06-29 07:00:00,6,2019-06-29 08:00:00,0.10547,0.10547,0.10547,0.0,1.0,488.53464730006624,-0.0,0.0,0.0,488.53464730006624,488.53464730006624,0.0,1.0
4304,2019-06-29 08:00:00,6,2019-06-29 09:00:00,0.10547,0.10547,0.10547,0.0,1.0,561.1857270138711,-0.0,37.16775274064457,0.0,524.0179742732265,524.0179742732265,0.0,0.0
4305,2019-06-29 09:00:00,6,2019-06-29 10:00:00,0.10547,0.10547,0.10547,0.0,0.9326671146002816,556.5016326406608,-0.0,32.48365836743426,0.0,524.0179742732265,524.0179742732265,0.0,0.0
4306,2019-06-29 10:00:00,6,2019-06-29 11:00:00,0.10547,0.10547,0.10547,0.0,0.8738199074129007,614.7737661759454,-0.0,90.7557919027189,0.0,524.0179742732265,524.0179742732265,0.0,0.0
4307,2019-06-29 11:00:00,6,2019-06-29 12:00:00,0.10547,0.10547,0.10547,0.0,0.709407240922468,589.9481162729156,-0.0,65.93014199968911,0.0,524.0179742732265,524.0179742732265,0.0,0.0
4308,2019-06-29 12:00:00,6,2019-06-29 13:00:00,0.10547,0.10547,0.10547,0.0,0.5899685778795529,579.1848827462999,-0.0,55.16690847307336,0.0,524.0179742732265,524.0179742732265,0.0,0.0
4309,2019-06-29 13:00:00,6,2019-06-29 14:00:00,0.10547,0.10547,0.10547,0.0,0.4900285262978983,566.0637909620762,-0.0,42.04581668884964,0.0,524.0179742732265,524.0179742732265,0.0,0.0
4310,2019-06-29 14:00:00,6,2019-06-29 15:00:00,0.12561,0.12561,0.12561,0.0,0.41385856852824315,555.7946476253356,-0.0,31.77667335210913,0.0,524.0179742732265,524.0179742732265,0.0,0.0
4311,2019-06-29 15:00:00,6,2019-06-29 16:00:00,0.12561,0.12561,0.12561,0.0,0.3562921312961614,552.3021717624418,-0.0,28.28419748921533,0.0,524.0179742732265,524.0179742732265,0.0,0.0
4312,2019-06-29 16:00:00,6,2019-06-29 17:00:00,0.15111,0.15111,0.15111,0.0,0.30505264309106117,545.0547206645153,-0.0,21.03674639128883,0.0,524.0179742732265,524.0179742732265,0.0,0.0
4313,2019-06-29 17:00:00,6,2019-06-29 18:00:00,0.15111,0.15111,0.15111,0.0,0.2669425952807553,530.5151655681593,-0.0,119.75231259497693,0.0,410.76285297318236,410.76285297318236,0.0,0.0
4314,2019-06-29 18:00:00,6,2019-06-29 19:00:00,0.15111,0.15111,0.15111,0.0,0.05,499.9180159242217,-0.0,0.0,0.0,499.9180159242217,499.9180159242217,0.0,0.0
4315,2019-06-29 19:00:00,6,2019-06-29 20:00:00,0.15111,0.15111,0.15111,0.0,0.05,462.3946036778853,-0.0,0.0,0.0,462.3946036778853,462.3946036778853,0.0,1.0
4316,2019-06-29 20:00:00,6,2019-06-29 21:00:00,0.15111,0.15111,0.15111,0.0,0.05,329.6659218099559,-0.0,0.0,0.0,329.6659218099559,329.6659218099559,0.0,1.0
4317,2019-06-29 21:00:00,6,2019-06-29 22:00:00,0.12561,0.12561,0.12561,0.0,0.05,224.39806830609578,-0.0,0.0,0.0,224.39806830609578,224.39806830609578,0.0,0.0
4318,2019-06-29 22:00:00,6,2019-06-29 23:00:00,0.12561,0.12561,0.12561,0.0,0.05,289.810665288856,-0.0,0.0,0.0,289.810665288856,289.810665288856,0.0,1.0
4319,2019-06-29 23:00:00,6,2019-06-30 00:00:00,0.10547,0.10547,0.10547,0.0,0.05,232.01581102162854,-0.0,0.0,0.0,232.01581102162854,232.01581102162854,0.0,0.0
4320,2019-06-30 00:00:00,6,2019-06-30 01:00:00,0.10547,0.10547,0.10547,0.0,0.05,212.75159979132195,-0.0,0.0,0.0,212.75159979132195,212.75159979132195,0.0,0.0
4321,2019-06-30 01:00:00,6,2019-06-30 02:00:00,0.10547,0.10547,0.10547,0.0,0.05,209.25532032830404,-0.0,0.0,0.0,209.25532032830404,209.25532032830404,0.0,0.0
4322,2019-06-30 02:00:00,6,2019-06-30 03:00:00,0.10547,0.10547,0.10547,0.0,0.05,205.34798444795354,-0.0,0.0,0.0,205.34798444795354,205.34798444795354,0.0,0.0
4323,2019-06-30 03:00:00,6,2019-06-30 04:00:00,0.10547,0.10547,0.10547,0.0,0.05,248.96298436168883,-275.0549899115377,0.0,0.0,524.0179742732265,524.0179742732265,0.0,1.0
4324,2019-06-30 04:00:00,6,2019-06-30 05:00:00,0.10547,0.10547,0.10547,0.0,0.47175098453102443,239.98330847775026,-0.0,0.0,0.0,239.98330847775026,239.98330847775026,0.0,0.0
4325,2019-06-30 05:00:00,6,2019-06-30 06:00:00,0.10547,0.10547,0.10547,0.0,0.47175098453102443,313.5150507065523,-210.5029235666742,0.0,0.0,524.0179742732265,524.0179742732265,0.0,1.0
4326,2019-06-30 06:00:00,6,2019-06-30 07:00:00,0.10547,0.10547,0.10547,0.0,0.7945221339999249,331.2841247473664,-134.00730391309244,0.0,0.0,465.2914286604588,465.2914286604588,0.0,1.0
4327,2019-06-30 07:00:00,6,2019-06-30 08:00:00,0.10547,0.10547,0.10547,0.0,1.0,475.8353775360018,-0.0,0.0,0.0,475.8353775360018,475.8353775360018,0.0,1.0
4328,2019-06-30 08:00:00,6,2019-06-30 09:00:00,0.10547,0.10547,0.10547,0.0,1.0,550.8336030086901,-0.0,26.815628735463633,0.0,524.0179742732265,524.0179742732265,0.0,0.0
4329,2019-06-30 09:00:00,6,2019-06-30 10:00:00,0.10547,0.10547,0.10547,0.0,0.9514209624357544,549.8190966061386,-0.0,25.801122332912087,0.0,524.0179742732265,524.0179742732265,0.0,0.0
4330,2019-06-30 10:00:00,6,2019-06-30 11:00:00,0.10547,0.10547,0.10547,0.0,0.9046797987891745,603.0239939612201,-0.0,79.00601968799356,0.0,524.0179742732265,524.0179742732265,0.0,0.0
4331,2019-06-30 11:00:00,6,2019-06-30 12:00:00,0.10547,0.10547,0.10547,0.0,0.7615529515283166,577.2406670418258,-0.0,53.222692768599245,0.0,524.0179742732265,524.0179742732265,0.0,0.0
4332,2019-06-30 12:00:00,6,2019-06-30 13:00:00,0.10547,0.10547,0.10547,0.0,0.6651350298460715,573.8153635649816,-0.0,49.79738929175505,0.0,524.0179742732265,524.0179742732265,0.0,0.0
4333,2019-06-30 13:00:00,6,2019-06-30 14:00:00,0.10547,0.10547,0.10547,0.0,0.5749223680856458,559.0229892853695,-0.0,35.00501501214296,0.0,524.0179742732265,524.0179742732265,0.0,0.0
4334,2019-06-30 14:00:00,6,2019-06-30 15:00:00,0.12561,0.12561,0.12561,0.0,0.5115074858172708,549.8282607969279,-0.0,25.810286523701393,0.0,524.0179742732265,524.0179742732265,0.0,0.0
4335,2019-06-30 15:00:00,6,2019-06-30 16:00:00,0.12561,0.12561,0.12561,0.0,0.4647497203757827,548.2939517967884,-0.0,24.27597752356189,0.0,524.0179742732265,524.0179742732265,0.0,0.0
4336,2019-06-30 16:00:00,6,2019-06-30 17:00:00,0.15111,0.15111,0.15111,0.0,0.4207715002244026,542.9211630807365,-0.0,18.90318880750999,0.0,524.0179742732265,524.0179742732265,0.0,0.0
4337,2019-06-30 17:00:00,6,2019-06-30 18:00:00,0.15111,0.15111,0.15111,0.0,0.38652659296442066,529.165547283674,-0.0,5.147573010447445,0.0,524.0179742732265,524.0179742732265,0.0,0.0
4338,2019-06-30 18:00:00,6,2019-06-30 19:00:00,0.15111,0.15111,0.15111,0.0,0.377201279539697,482.8278896964453,-0.0,0.0,0.0,482.8278896964453,482.8278896964453,0.0,0.0
4339,2019-06-30 19:00:00,6,2019-06-30 20:00:00,0.15111,0.15111,0.15111,0.0,0.377201279539697,449.3170171697689,-0.0,180.61510630591278,0.0,268.70191086385614,268.70191086385614,0.0,0.0
4340,2019-06-30 20:00:00,6,2019-06-30 21:00:00,0.15111,0.15111,0.15111,0.0,0.05,319.51877045912147,-0.0,0.0,0.0,319.51877045912147,319.51877045912147,0.0,1.0
4341,2019-06-30 21:00:00,6,2019-06-30 22:00:00,0.12561,0.12561,0.12561,0.0,0.05,225.30844728286777,-0.0,0.0,0.0,225.30844728286777,225.30844728286777,0.0,0.0
4342,2019-06-30 22:00:00,6,2019-06-30 23:00:00,0.12561,0.12561,0.12561,0.0,0.05,292.59942394710004,-0.0,0.0,0.0,292.59942394710004,292.59942394710004,0.0,1.0
4343,2019-06-30 23:00:00,6,2019-07-01 00:00:00,0.10547,0.10547,0.10547,0.0,0.05,237.0426553605082,-0.0,0.0,0.0,237.0426553605082,237.0426553605082,0.0,0.0
4344,2019-07-01 00:00:00,7,2019-07-01 01:00:00,0.10547,0.10547,0.10547,0.0,0.05,214.18617112890598,-0.0,0.0,0.0,214.18617112890598,214.18617112890598,0.0,0.0
4345,2019-07-01 01:00:00,7,2019-07-01 02:00:00,0.10547,0.10547,0.10547,0.0,0.05,212.2442114934851,-0.0,0.0,0.0,212.2442114934851,212.2442114934851,0.0,0.0
4346,2019-07-01 02:00:00,7,2019-07-01 03:00:00,0.10547,0.10547,0.10547,0.0,0.05,210.88992952411854,-0.0,0.0,0.0,210.88992952411854,210.88992952411854,0.0,0.0
4347,2019-07-01 03:00:00,7,2019-07-01 04:00:00,0.10547,0.10547,0.10547,0.0,0.05,224.57230777804904,-277.24701608692806,0.0,0.0,501.8193238649771,501.8193238649771,0.0,1.0
4348,2019-07-01 04:00:00,7,2019-07-01 05:00:00,0.10547,0.10547,0.10547,0.0,0.47511209133328974,216.2730635602409,-0.0,0.0,0.0,216.2730635602409,216.2730635602409,0.0,0.0
4349,2019-07-01 05:00:00,7,2019-07-01 06:00:00,0.10547,0.10547,0.10547,0.0,0.47511209133328974,265.6941594763636,-65.425334526188,0.0,0.0,331.1194940025516,331.1194940025516,0.0,1.0
4350,2019-07-01 06:00:00,7,2019-07-01 07:00:00,0.10547,0.10547,0.10547,0.0,0.575430937606778,298.56576952274673,-203.25355434223036,0.0,0.0,501.8193238649771,501.8193238649771,0.0,1.0
4351,2019-07-01 07:00:00,7,2019-07-01 08:00:00,0.10547,0.10547,0.10547,0.0,0.8870863875981979,428.1800114290192,-73.63931243595789,0.0,0.0,501.8193238649771,501.8193238649771,0.0,1.0
4352,2019-07-01 08:00:00,7,2019-07-01 09:00:00,0.10547,0.10547,0.10547,0.0,1.0,481.0883696525139,-0.0,0.0,0.0,481.0883696525139,481.0883696525139,0.0,1.0
4353,2019-07-01 09:00:00,7,2019-07-01 10:00:00,0.10547,0.10547,0.10547,0.0,1.0,536.0884800737023,-0.0,34.26915620872518,0.0,501.8193238649771,501.8193238649771,0.0,0.0
4354,2019-07-01 10:00:00,7,2019-07-01 11:00:00,0.10547,0.10547,0.10547,0.0,0.9379181952740487,597.5738558964268,-0.0,95.75453203144974,0.0,501.8193238649771,501.8193238649771,0.0,0.0
4355,2019-07-01 11:00:00,7,2019-07-01 12:00:00,0.10547,0.10547,0.10547,0.0,0.7644498401446107,574.9698860097016,-0.0,73.15056214472446,0.0,501.8193238649771,501.8193238649771,0.0,0.0
4356,2019-07-01 12:00:00,7,2019-07-01 13:00:00,0.10547,0.10547,0.10547,0.0,0.6319307058244577,578.749499745033,-0.0,76.93017588005586,0.0,501.8193238649771,501.8193238649771,0.0,0.0
4357,2019-07-01 13:00:00,7,2019-07-01 14:00:00,0.10547,0.10547,0.10547,0.0,0.49256444517218256,571.0054105529349,-0.0,69.18608668795781,0.0,501.8193238649771,501.8193238649771,0.0,0.0
4358,2019-07-01 14:00:00,7,2019-07-01 15:00:00,0.12561,0.12561,0.12561,0.0,0.3672273316070416,562.179292650779,-0.0,60.35996878580187,0.0,501.8193238649771,501.8193238649771,0.0,0.0
4359,2019-07-01 15:00:00,7,2019-07-01 16:00:00,0.12561,0.12561,0.12561,0.0,0.2578795620675455,561.2121766287814,-0.0,59.39285276380434,0.0,501.8193238649771,501.8193238649771,0.0,0.0
4360,2019-07-01 16:00:00,7,2019-07-01 17:00:00,0.15111,0.15111,0.15111,0.0,0.15028381430703044,553.2949810924979,-0.0,51.4756572275208,0.0,501.8193238649771,501.8193238649771,0.0,0.0
4361,2019-07-01 17:00:00,7,2019-07-01 18:00:00,0.15111,0.15111,0.15111,0.0,0.05703081208326093,505.7003321349371,-0.0,3.8810082699600343,0.0,501.8193238649771,501.8193238649771,0.0,0.0
4362,2019-07-01 18:00:00,7,2019-07-01 19:00:00,0.15111,0.15111,0.15111,0.0,0.05,412.19674825004677,-0.0,0.0,0.0,412.19674825004677,412.19674825004677,0.0,1.0
4363,2019-07-01 19:00:00,7,2019-07-01 20:00:00,0.15111,0.15111,0.15111,0.0,0.05,407.91120126781703,-0.0,0.0,0.0,407.91120126781703,407.91120126781703,0.0,1.0
4364,2019-07-01 20:00:00,7,2019-07-01 21:00:00,0.15111,0.15111,0.15111,0.0,0.05,308.02036290431687,-0.0,0.0,0.0,308.02036290431687,308.02036290431687,0.0,0.0
4365,2019-07-01 21:00:00,7,2019-07-01 22:00:00,0.12561,0.12561,0.12561,0.0,0.05,227.6975802785652,-0.0,0.0,0.0,227.6975802785652,227.6975802785652,0.0,0.0
4366,2019-07-01 22:00:00,7,2019-07-01 23:00:00,0.12561,0.12561,0.12561,0.0,0.05,293.38914788470055,-0.0,0.0,0.0,293.38914788470055,293.38914788470055,0.0,1.0
4367,2019-07-01 23:00:00,7,2019-07-02 00:00:00,0.10547,0.10547,0.10547,0.0,0.05,238.27563813486245,-0.0,0.0,0.0,238.27563813486245,238.27563813486245,0.0,0.0
4368,2019-07-02 00:00:00,7,2019-07-02 01:00:00,0.10547,0.10547,0.10547,0.0,0.05,219.03113327998932,-0.0,0.0,0.0,219.03113327998932,219.03113327998932,0.0,0.0
4369,2019-07-02 01:00:00,7,2019-07-02 02:00:00,0.10547,0.10547,0.10547,0.0,0.05,216.26541102765322,-0.0,0.0,0.0,216.26541102765322,216.26541102765322,0.0,0.0
4370,2019-07-02 02:00:00,7,2019-07-02 03:00:00,0.10547,0.10547,0.10547,0.0,0.05,214.08156726489335,-0.0,0.0,0.0,214.08156726489335,214.08156726489335,0.0,0.0
4371,2019-07-02 03:00:00,7,2019-07-02 04:00:00,0.10547,0.10547,0.10547,0.0,0.05,226.8230391872565,-0.0,0.0,0.0,226.8230391872565,226.8230391872565,0.0,0.0
4372,2019-07-02 04:00:00,7,2019-07-02 05:00:00,0.10547,0.10547,0.10547,0.0,0.05,217.76991109419416,-284.04941277078296,0.0,0.0,501.81932386497715,501.81932386497715,0.0,1.0
4373,2019-07-02 05:00:00,7,2019-07-02 06:00:00,0.10547,0.10547,0.10547,0.0,0.48554243291520055,267.1762058665207,-133.82207189897994,0.0,0.0,400.9982777655007,400.9982777655007,0.0,1.0
4374,2019-07-02 06:00:00,7,2019-07-02 07:00:00,0.10547,0.10547,0.10547,0.0,0.6907362764936364,300.12559114343566,-201.69373272154144,0.0,0.0,501.8193238649771,501.8193238649771,0.0,1.0
4375,2019-07-02 07:00:00,7,2019-07-02 08:00:00,0.10547,0.10547,0.10547,0.0,1.0,371.5994499614454,-0.0,0.0,0.0,371.5994499614454,371.5994499614454,0.0,1.0
4376,2019-07-02 08:00:00,7,2019-07-02 09:00:00,0.10547,0.10547,0.10547,0.0,1.0,329.1418560947049,-0.0,0.0,0.0,329.1418560947049,329.1418560947049,0.0,1.0
4377,2019-07-02 09:00:00,7,2019-07-02 10:00:00,0.10547,0.10547,0.10547,0.0,1.0,403.94528181900915,-0.0,0.0,0.0,403.94528181900915,403.94528181900915,0.0,1.0
4378,2019-07-02 10:00:00,7,2019-07-02 11:00:00,0.10547,0.10547,0.10547,0.0,1.0,467.12040412936335,-0.0,0.0,0.0,467.12040412936335,467.12040412936335,0.0,0.0
4379,2019-07-02 11:00:00,7,2019-07-02 12:00:00,0.10547,0.10547,0.10547,0.0,1.0,501.6096753809011,-0.0,0.0,0.0,501.6096753809011,501.6096753809011,0.0,0.0
4380,2019-07-02 12:00:00,7,2019-07-02 13:00:00,0.10547,0.10547,0.10547,0.0,1.0,507.9297595631027,-0.0,6.1104356981255705,0.0,501.81932386497715,501.81932386497715,0.0,0.0
4381,2019-07-02 13:00:00,7,2019-07-02 14:00:00,0.10547,0.10547,0.10547,0.0,0.9889303701120914,499.694417174639,-2.1249066903381504,0.0,0.0,501.81932386497715,501.81932386497715,0.0,1.0
4382,2019-07-02 14:00:00,7,2019-07-02 15:00:00,0.12561,0.12561,0.12561,0.0,0.99218856037061,491.475298865656,-5.094417149602253,0.0,0.0,496.5697160152582,496.5697160152582,0.0,1.0
4383,2019-07-02 15:00:00,7,2019-07-02 16:00:00,0.12561,0.12561,0.12561,0.0,1.0,492.1302821168185,-0.0,0.0,0.0,492.1302821168185,492.1302821168185,0.0,0.0
4384,2019-07-02 16:00:00,7,2019-07-02 17:00:00,0.15111,0.15111,0.15111,0.0,1.0,424.6161910095879,-0.0,300.0,0.0,124.61619100958791,124.61619100958791,0.0,0.0
4385,2019-07-02 17:00:00,7,2019-07-02 18:00:00,0.15111,0.15111,0.15111,0.0,0.4565217391304348,424.7258960600075,-0.0,0.0,0.0,424.7258960600075,424.7258960600075,0.0,0.0
4386,2019-07-02 18:00:00,7,2019-07-02 19:00:00,0.15111,0.15111,0.15111,0.0,0.4565217391304348,387.5613083559901,-0.0,0.0,0.0,387.5613083559901,387.5613083559901,0.0,0.0
4387,2019-07-02 19:00:00,7,2019-07-02 20:00:00,0.15111,0.15111,0.15111,0.0,0.4565217391304348,383.5564018137702,-0.0,224.4,0.0,159.1564018137702,159.1564018137702,0.0,0.0
4388,2019-07-02 20:00:00,7,2019-07-02 21:00:00,0.15111,0.15111,0.15111,0.0,0.05,337.2599969211781,-0.0,0.0,0.0,337.2599969211781,337.2599969211781,0.0,1.0
4389,2019-07-02 21:00:00,7,2019-07-02 22:00:00,0.12561,0.12561,0.12561,0.0,0.05,225.5274272333153,-0.0,0.0,0.0,225.5274272333153,225.5274272333153,0.0,0.0
4390,2019-07-02 22:00:00,7,2019-07-02 23:00:00,0.12561,0.12561,0.12561,0.0,0.05,290.16754586231616,-0.0,0.0,0.0,290.16754586231616,290.16754586231616,0.0,1.0
4391,2019-07-02 23:00:00,7,2019-07-03 00:00:00,0.10547,0.10547,0.10547,0.0,0.05,233.97536971432237,-0.0,0.0,0.0,233.97536971432237,233.97536971432237,0.0,0.0
4392,2019-07-03 00:00:00,7,2019-07-03 01:00:00,0.10547,0.10547,0.10547,0.0,0.05,219.19889449602496,-0.0,0.0,0.0,219.19889449602496,219.19889449602496,0.0,0.0
4393,2019-07-03 01:00:00,7,2019-07-03 02:00:00,0.10547,0.10547,0.10547,0.0,0.05,216.742691560712,-0.0,0.0,0.0,216.742691560712,216.742691560712,0.0,0.0
4394,2019-07-03 02:00:00,7,2019-07-03 03:00:00,0.10547,0.10547,0.10547,0.0,0.05,215.94336622575577,-0.0,0.0,0.0,215.94336622575577,215.94336622575577,0.0,0.0
4395,2019-07-03 03:00:00,7,2019-07-03 04:00:00,0.10547,0.10547,0.10547,0.0,0.05,230.27478622195903,-0.0,0.0,0.0,230.27478622195903,230.27478622195903,0.0,0.0
4396,2019-07-03 04:00:00,7,2019-07-03 05:00:00,0.10547,0.10547,0.10547,0.0,0.05,222.46109524461468,-295.21037294729,0.0,0.0,517.6714681919048,517.6714681919048,0.0,1.0
4397,2019-07-03 05:00:00,7,2019-07-03 06:00:00,0.10547,0.10547,0.10547,0.0,0.5026559051858448,297.66039642313257,-220.01107176877218,0.0,0.0,517.6714681919048,517.6714681919048,0.0,1.0
4398,2019-07-03 06:00:00,7,2019-07-03 07:00:00,0.10547,0.10547,0.10547,0.0,0.8400062152312955,331.9998617935302,-104.3437726752421,0.0,0.0,436.34363446877234,436.34363446877234,0.0,1.0
4399,2019-07-03 07:00:00,7,2019-07-03 08:00:00,0.10547,0.10547,0.10547,0.0,1.0,491.13657875260327,-0.0,0.0,0.0,491.13657875260327,491.13657875260327,0.0,1.0
4400,2019-07-03 08:00:00,7,2019-07-03 09:00:00,0.10547,0.10547,0.10547,0.0,1.0,559.0936175913615,-0.0,41.42214939945677,0.0,517.6714681919048,517.6714681919048,0.0,0.0
4401,2019-07-03 09:00:00,7,2019-07-03 10:00:00,0.10547,0.10547,0.10547,0.0,0.9249598742763464,554.4432383894084,-0.0,36.771770197503656,0.0,517.6714681919048,517.6714681919048,0.0,0.0
4402,2019-07-03 10:00:00,7,2019-07-03 11:00:00,0.10547,0.10547,0.10547,0.0,0.858344348556231,610.1969004889565,-0.0,92.52543229705182,0.0,517.6714681919048,517.6714681919048,0.0,0.0
4403,2019-07-03 11:00:00,7,2019-07-03 12:00:00,0.10547,0.10547,0.10547,0.0,0.6907258117862095,588.3404590721242,-0.0,70.66899088021947,0.0,517.6714681919048,517.6714681919048,0.0,0.0
4404,2019-07-03 12:00:00,7,2019-07-03 13:00:00,0.10547,0.10547,0.10547,0.0,0.5627022775829134,589.0804654396094,-0.0,71.40899724770466,0.0,517.6714681919048,517.6714681919048,0.0,0.0
4405,2019-07-03 13:00:00,7,2019-07-03 14:00:00,0.10547,0.10547,0.10547,0.0,0.43333815213417304,576.8710177479893,-0.0,59.19954955608458,0.0,517.6714681919048,517.6714681919048,0.0,0.0
4406,2019-07-03 14:00:00,7,2019-07-03 15:00:00,0.12561,0.12561,0.12561,0.0,0.3260925913441648,565.980874129479,-0.0,48.309405937574326,0.0,517.6714681919048,517.6714681919048,0.0,0.0
4407,2019-07-03 15:00:00,7,2019-07-03 16:00:00,0.12561,0.12561,0.12561,0.0,0.23857555160218244,563.0151914104217,-0.0,45.343723218517,0.0,517.6714681919048,517.6714681919048,0.0,0.0
4408,2019-07-03 16:00:00,7,2019-07-03 17:00:00,0.15111,0.15111,0.15111,0.0,0.15643112548168062,555.3753832140494,-0.0,37.703915022144656,0.0,517.6714681919048,517.6714681919048,0.0,0.0
4409,2019-07-03 17:00:00,7,2019-07-03 18:00:00,0.15111,0.15111,0.15111,0.0,0.08812693160098367,538.7175344356477,-0.0,21.046066243742985,0.0,517.6714681919048,517.6714681919048,0.0,0.0
4410,2019-07-03 18:00:00,7,2019-07-03 19:00:00,0.15111,0.15111,0.15111,0.0,0.05,508.70784596385573,-0.0,0.0,0.0,508.70784596385573,508.70784596385573,0.0,1.0
4411,2019-07-03 19:00:00,7,2019-07-03 20:00:00,0.15111,0.15111,0.15111,0.0,0.05,477.80918445878507,-0.0,0.0,0.0,477.80918445878507,477.80918445878507,0.0,1.0
4412,2019-07-03 20:00:00,7,2019-07-03 21:00:00,0.15111,0.15111,0.15111,0.0,0.05,343.40243655665444,-0.0,0.0,0.0,343.40243655665444,343.40243655665444,0.0,1.0
4413,2019-07-03 21:00:00,7,2019-07-03 22:00:00,0.12561,0.12561,0.12561,0.0,0.05,237.2545715026287,-0.0,0.0,0.0,237.2545715026287,237.2545715026287,0.0,0.0
4414,2019-07-03 22:00:00,7,2019-07-03 23:00:00,0.12561,0.12561,0.12561,0.0,0.05,301.5489341046772,-0.0,0.0,0.0,301.5489341046772,301.5489341046772,0.0,0.0
4415,2019-07-03 23:00:00,7,2019-07-04 00:00:00,0.10547,0.10547,0.10547,0.0,0.05,246.88714937777095,-0.0,0.0,0.0,246.88714937777095,246.88714937777095,0.0,0.0
4416,2019-07-04 00:00:00,7,2019-07-04 01:00:00,0.10547,0.10547,0.10547,0.0,0.05,221.71943194107723,-0.0,0.0,0.0,221.71943194107723,221.71943194107723,0.0,0.0
4417,2019-07-04 01:00:00,7,2019-07-04 02:00:00,0.10547,0.10547,0.10547,0.0,0.05,218.9051259256311,-0.0,0.0,0.0,218.9051259256311,218.9051259256311,0.0,0.0
4418,2019-07-04 02:00:00,7,2019-07-04 03:00:00,0.10547,0.10547,0.10547,0.0,0.05,216.87631834159012,-0.0,0.0,0.0,216.87631834159012,216.87631834159012,0.0,0.0
4419,2019-07-04 03:00:00,7,2019-07-04 04:00:00,0.10547,0.10547,0.10547,0.0,0.05,230.01186494374875,-0.0,0.0,0.0,230.01186494374875,230.01186494374875,0.0,0.0
4420,2019-07-04 04:00:00,7,2019-07-04 05:00:00,0.10547,0.10547,0.10547,0.0,0.05,221.97297002743534,-0.0,0.0,0.0,221.97297002743534,221.97297002743534,0.0,0.0
4421,2019-07-04 05:00:00,7,2019-07-04 06:00:00,0.10547,0.10547,0.10547,0.0,0.05,274.96257894557505,-242.7088892463297,0.0,0.0,517.6714681919048,517.6714681919048,0.0,1.0
4422,2019-07-04 06:00:00,7,2019-07-04 07:00:00,0.10547,0.10547,0.10547,0.0,0.4221536301777056,313.86164919340376,-203.809818998501,0.0,0.0,517.6714681919048,517.6714681919048,0.0,1.0
4423,2019-07-04 07:00:00,7,2019-07-04 08:00:00,0.10547,0.10547,0.10547,0.0,0.7346620193087403,390.3454056848731,-14.580050081964842,0.0,0.0,404.92545576683796,404.92545576683796,0.0,1.0
4424,2019-07-04 08:00:00,7,2019-07-04 09:00:00,0.10547,0.10547,0.10547,0.0,0.7570180961010865,359.20500912739595,-158.4664590645088,0.0,0.0,517.6714681919048,517.6714681919048,0.0,1.0
4425,2019-07-04 09:00:00,7,2019-07-04 10:00:00,0.10547,0.10547,0.10547,0.0,1.0,441.9275914997949,-0.0,0.0,0.0,441.9275914997949,441.9275914997949,0.0,1.0
4426,2019-07-04 10:00:00,7,2019-07-04 11:00:00,0.10547,0.10547,0.10547,0.0,1.0,500.25444818531594,-0.0,0.0,0.0,500.25444818531594,500.25444818531594,0.0,0.0
4427,2019-07-04 11:00:00,7,2019-07-04 12:00:00,0.10547,0.10547,0.10547,0.0,1.0,539.260275410868,-0.0,21.58880721896321,0.0,517.6714681919048,517.6714681919048,0.0,0.0
4428,2019-07-04 12:00:00,7,2019-07-04 13:00:00,0.10547,0.10547,0.10547,0.0,0.9608898419946318,540.7268372385638,-0.0,23.055369046659052,0.0,517.6714681919048,517.6714681919048,0.0,0.0
4429,2019-07-04 13:00:00,7,2019-07-04 14:00:00,0.10547,0.10547,0.10547,0.0,0.9191228690840175,525.2741489308644,-0.0,7.602680738959634,0.0,517.6714681919048,517.6714681919048,0.0,0.0
4430,2019-07-04 14:00:00,7,2019-07-04 15:00:00,0.12561,0.12561,0.12561,0.0,0.90534989673083,511.70609915028774,-5.965369041617009,0.0,0.0,517.6714681919048,517.6714681919048,0.0,1.0
4431,2019-07-04 15:00:00,7,2019-07-04 16:00:00,0.12561,0.12561,0.12561,0.0,0.9144967959279761,506.75253761625544,-10.918930575649313,0.0,0.0,517.6714681919048,517.6714681919048,0.0,1.0
4432,2019-07-04 16:00:00,7,2019-07-04 17:00:00,0.15111,0.15111,0.15111,0.0,0.9312391561439717,436.3896365242467,-0.0,300.0,0.0,136.38963652424673,136.38963652424673,0.0,0.0
4433,2019-07-04 17:00:00,7,2019-07-04 18:00:00,0.15111,0.15111,0.15111,0.0,0.38776089527440644,434.41817709336544,-0.0,0.0,0.0,434.41817709336544,434.41817709336544,0.0,0.0
4434,2019-07-04 18:00:00,7,2019-07-04 19:00:00,0.15111,0.15111,0.15111,0.0,0.38776089527440644,398.5540486008801,-0.0,0.0,0.0,398.5540486008801,398.5540486008801,0.0,0.0
4435,2019-07-04 19:00:00,7,2019-07-04 20:00:00,0.15111,0.15111,0.15111,0.0,0.38776089527440644,393.5370929102667,-0.0,186.44401419147235,0.0,207.09307871879437,207.09307871879437,0.0,0.0
4436,2019-07-04 20:00:00,7,2019-07-04 21:00:00,0.15111,0.15111,0.15111,0.0,0.05,345.5060701997035,-0.0,0.0,0.0,345.5060701997035,345.5060701997035,0.0,1.0
4437,2019-07-04 21:00:00,7,2019-07-04 22:00:00,0.12561,0.12561,0.12561,0.0,0.05,233.10423453696586,-0.0,0.0,0.0,233.10423453696586,233.10423453696586,0.0,0.0
4438,2019-07-04 22:00:00,7,2019-07-04 23:00:00,0.12561,0.12561,0.12561,0.0,0.05,297.4830573877921,-0.0,0.0,0.0,297.4830573877921,297.4830573877921,0.0,1.0
4439,2019-07-04 23:00:00,7,2019-07-05 00:00:00,0.10547,0.10547,0.10547,0.0,0.05,243.24207096864455,-0.0,0.0,0.0,243.24207096864455,243.24207096864455,0.0,0.0
4440,2019-07-05 00:00:00,7,2019-07-05 01:00:00,0.10547,0.10547,0.10547,0.0,0.05,227.27446025668723,-0.0,0.0,0.0,227.27446025668723,227.27446025668723,0.0,0.0
4441,2019-07-05 01:00:00,7,2019-07-05 02:00:00,0.10547,0.10547,0.10547,0.0,0.05,225.17855882470846,-0.0,0.0,0.0,225.17855882470846,225.17855882470846,0.0,0.0
4442,2019-07-05 02:00:00,7,2019-07-05 03:00:00,0.10547,0.10547,0.10547,0.0,0.05,224.02888436874613,-0.0,0.0,0.0,224.02888436874613,224.02888436874613,0.0,0.0
4443,2019-07-05 03:00:00,7,2019-07-05 04:00:00,0.10547,0.10547,0.10547,0.0,0.05,238.89288606672824,-151.28614627436392,0.0,0.0,390.1790323410921,390.1790323410921,0.0,1.0
4444,2019-07-05 04:00:00,7,2019-07-05 05:00:00,0.10547,0.10547,0.10547,0.0,0.28197209095402465,231.27542008742932,-0.0,0.0,0.0,231.27542008742932,231.27542008742932,0.0,0.0
4445,2019-07-05 05:00:00,7,2019-07-05 06:00:00,0.10547,0.10547,0.10547,0.0,0.28197209095402465,309.63941279040887,-253.794752293265,0.0,0.0,563.4341650836739,563.4341650836739,0.0,1.0
4446,2019-07-05 06:00:00,7,2019-07-05 07:00:00,0.10547,0.10547,0.10547,0.0,0.6711240444703643,348.9498462599985,-214.48431882367538,0.0,0.0,563.4341650836739,563.4341650836739,0.0,1.0
4447,2019-07-05 07:00:00,7,2019-07-05 08:00:00,0.10547,0.10547,0.10547,0.0,1.0,512.7331911844884,-0.0,0.0,0.0,512.7331911844884,512.7331911844884,0.0,1.0
4448,2019-07-05 08:00:00,7,2019-07-05 09:00:00,0.10547,0.10547,0.10547,0.0,1.0,597.0772267611255,-0.0,33.64306167745167,0.0,563.4341650836739,563.4341650836739,0.0,0.0
4449,2019-07-05 09:00:00,7,2019-07-05 10:00:00,0.10547,0.10547,0.10547,0.0,0.9390524244973703,601.46408939257,-0.0,38.02992430889623,0.0,563.4341650836739,563.4341650836739,0.0,0.0
4450,2019-07-05 10:00:00,7,2019-07-05 11:00:00,0.10547,0.10547,0.10547,0.0,0.8701576340827031,653.16289646818,-0.0,89.72873138450612,0.0,563.4341650836739,563.4341650836739,0.0,0.0
4451,2019-07-05 11:00:00,7,2019-07-05 12:00:00,0.10547,0.10547,0.10547,0.0,0.7076055844730911,639.2347642704963,-0.0,75.80059918682244,0.0,563.4341650836739,563.4341650836739,0.0,0.0
4452,2019-07-05 12:00:00,7,2019-07-05 13:00:00,0.10547,0.10547,0.10547,0.0,0.5702856584100069,645.1469214696152,-0.0,81.71275638594135,0.0,563.4341650836739,563.4341650836739,0.0,0.0
4453,2019-07-05 13:00:00,7,2019-07-05 14:00:00,0.10547,0.10547,0.10547,0.0,0.422255302638374,627.7559623957526,-0.0,64.3217973120787,0.0,563.4341650836739,563.4341650836739,0.0,0.0
4454,2019-07-05 14:00:00,7,2019-07-05 15:00:00,0.12561,0.12561,0.12561,0.0,0.3057303075077967,614.6180925298997,-0.0,51.18392744622585,0.0,563.4341650836739,563.4341650836739,0.0,0.0
4455,2019-07-05 15:00:00,7,2019-07-05 16:00:00,0.12561,0.12561,0.12561,0.0,0.21300580126463386,610.2300908237261,-0.0,46.79592574005218,0.0,563.4341650836739,563.4341650836739,0.0,0.0
4456,2019-07-05 16:00:00,7,2019-07-05 17:00:00,0.15111,0.15111,0.15111,0.0,0.1282305734746842,598.9893069365129,-0.0,35.555141852839,0.0,563.4341650836739,563.4341650836739,0.0,0.0
4457,2019-07-05 17:00:00,7,2019-07-05 18:00:00,0.15111,0.15111,0.15111,0.0,0.06381908461084533,571.0622997888605,-0.0,7.628134705186625,0.0,563.4341650836739,563.4341650836739,0.0,0.0
4458,2019-07-05 18:00:00,7,2019-07-05 19:00:00,0.15111,0.15111,0.15111,0.0,0.05,529.8156311296842,-0.0,0.0,0.0,529.8156311296842,529.8156311296842,0.0,1.0
4459,2019-07-05 19:00:00,7,2019-07-05 20:00:00,0.15111,0.15111,0.15111,0.0,0.05,492.3878287169405,-0.0,0.0,0.0,492.3878287169405,492.3878287169405,0.0,1.0
4460,2019-07-05 20:00:00,7,2019-07-05 21:00:00,0.15111,0.15111,0.15111,0.0,0.05,351.591600697809,-0.0,0.0,0.0,351.591600697809,351.591600697809,0.0,1.0
4461,2019-07-05 21:00:00,7,2019-07-05 22:00:00,0.12561,0.12561,0.12561,0.0,0.05,243.29356244072207,-0.0,0.0,0.0,243.29356244072207,243.29356244072207,0.0,0.0
4462,2019-07-05 22:00:00,7,2019-07-05 23:00:00,0.12561,0.12561,0.12561,0.0,0.05,305.81724587441715,-0.0,0.0,0.0,305.81724587441715,305.81724587441715,0.0,0.0
4463,2019-07-05 23:00:00,7,2019-07-06 00:00:00,0.10547,0.10547,0.10547,0.0,0.05,252.63679779699945,-0.0,0.0,0.0,252.63679779699945,252.63679779699945,0.0,0.0
4464,2019-07-06 00:00:00,7,2019-07-06 01:00:00,0.10547,0.10547,0.10547,0.0,0.05,230.81980541933922,-0.0,0.0,0.0,230.81980541933922,230.81980541933922,0.0,0.0
4465,2019-07-06 01:00:00,7,2019-07-06 02:00:00,0.10547,0.10547,0.10547,0.0,0.05,228.15808768821955,-0.0,0.0,0.0,228.15808768821955,228.15808768821955,0.0,0.0
4466,2019-07-06 02:00:00,7,2019-07-06 03:00:00,0.10547,0.10547,0.10547,0.0,0.05,226.47576085864097,-0.0,0.0,0.0,226.47576085864097,226.47576085864097,0.0,0.0
4467,2019-07-06 03:00:00,7,2019-07-06 04:00:00,0.10547,0.10547,0.10547,0.0,0.05,240.35112161866778,-300.0,0.0,0.0,540.3511216186678,540.3511216186678,0.0,1.0
4468,2019-07-06 04:00:00,7,2019-07-06 05:00:00,0.10547,0.10547,0.10547,0.0,0.51,232.72612177805482,-8.665546087821642,0.0,0.0,241.39166786587646,241.39166786587646,0.0,1.0
4469,2019-07-06 05:00:00,7,2019-07-06 06:00:00,0.10547,0.10547,0.10547,0.0,0.5232871706679932,307.7771621637418,-255.65700291993204,0.0,0.0,563.4341650836739,563.4341650836739,0.0,1.0
4470,2019-07-06 06:00:00,7,2019-07-06 07:00:00,0.10547,0.10547,0.10547,0.0,0.9152945751452224,345.9897536660403,-0.0,0.0,0.0,345.9897536660403,345.9897536660403,0.0,0.0
4471,2019-07-06 07:00:00,7,2019-07-06 08:00:00,0.10547,0.10547,0.10547,0.0,0.9152945751452224,508.19149670012325,-55.24266838355061,0.0,0.0,563.4341650836739,563.4341650836739,0.0,1.0
4472,2019-07-06 08:00:00,7,2019-07-06 09:00:00,0.10547,0.10547,0.10547,0.0,1.0,580.6601392186295,-0.0,17.225974134955663,0.0,563.4341650836739,563.4341650836739,0.0,0.0
4473,2019-07-06 09:00:00,7,2019-07-06 10:00:00,0.10547,0.10547,0.10547,0.0,0.9687935251178339,580.2165937001122,-0.0,16.782428616438324,0.0,563.4341650836739,563.4341650836739,0.0,0.0
4474,2019-07-06 10:00:00,7,2019-07-06 11:00:00,0.10547,0.10547,0.10547,0.0,0.9383905747257355,631.2449223248683,-0.0,67.81075724119444,0.0,563.4341650836739,563.4341650836739,0.0,0.0
4475,2019-07-06 11:00:00,7,2019-07-06 12:00:00,0.10547,0.10547,0.10547,0.0,0.8155450000134267,606.977711080091,-0.0,43.54354599641715,0.0,563.4341650836739,563.4341650836739,0.0,0.0
4476,2019-07-06 12:00:00,7,2019-07-06 13:00:00,0.10547,0.10547,0.10547,0.0,0.736661764512671,599.6811348648449,-0.0,36.24696978117106,0.0,563.4341650836739,563.4341650836739,0.0,0.0
4477,2019-07-06 13:00:00,7,2019-07-06 14:00:00,0.10547,0.10547,0.10547,0.0,0.6709969641844625,577.1170570815011,-0.0,13.682891997827255,0.0,563.4341650836739,563.4341650836739,0.0,0.0
4478,2019-07-06 14:00:00,7,2019-07-06 15:00:00,0.12561,0.12561,0.12561,0.0,0.6462091163623116,562.9546139221603,-0.47955116151354105,0.0,0.0,563.4341650836739,563.4341650836739,0.0,1.0
4479,2019-07-06 15:00:00,7,2019-07-06 16:00:00,0.12561,0.12561,0.12561,0.0,0.646944428143299,560.5154998309679,-2.9186652527059778,0.0,0.0,563.4341650836739,563.4341650836739,0.0,1.0
4480,2019-07-06 16:00:00,7,2019-07-06 17:00:00,0.15111,0.15111,0.15111,0.0,0.6514197148641149,555.631719965823,-0.0,300.0,0.0,255.63171996582298,255.63171996582298,0.0,0.0
4481,2019-07-06 17:00:00,7,2019-07-06 18:00:00,0.15111,0.15111,0.15111,0.0,0.10794145399454967,538.9698081352639,-0.0,0.0,0.0,538.9698081352639,538.9698081352639,0.0,1.0
4482,2019-07-06 18:00:00,7,2019-07-06 19:00:00,0.15111,0.15111,0.15111,0.0,0.10794145399454967,508.062610092063,-0.0,31.983682604991444,0.0,476.07892748707155,476.07892748707155,0.0,0.0
4483,2019-07-06 19:00:00,7,2019-07-06 20:00:00,0.15111,0.15111,0.15111,0.0,0.049999999999999954,475.3266044727087,-0.0,0.0,0.0,475.3266044727087,475.3266044727087,0.0,1.0
4484,2019-07-06 20:00:00,7,2019-07-06 21:00:00,0.15111,0.15111,0.15111,0.0,0.05,339.5182238262164,-0.0,0.0,0.0,339.5182238262164,339.5182238262164,0.0,1.0
4485,2019-07-06 21:00:00,7,2019-07-06 22:00:00,0.12561,0.12561,0.12561,0.0,0.05,233.36040565246424,-0.0,0.0,0.0,233.36040565246424,233.36040565246424,0.0,0.0
4486,2019-07-06 22:00:00,7,2019-07-06 23:00:00,0.12561,0.12561,0.12561,0.0,0.05,298.00769087065174,-0.0,0.0,0.0,298.00769087065174,298.00769087065174,0.0,1.0
4487,2019-07-06 23:00:00,7,2019-07-07 00:00:00,0.10547,0.10547,0.10547,0.0,0.05,242.9749575894204,-0.0,0.0,0.0,242.9749575894204,242.9749575894204,0.0,0.0
4488,2019-07-07 00:00:00,7,2019-07-07 01:00:00,0.10547,0.10547,0.10547,0.0,0.05,222.89462841266632,-0.0,0.0,0.0,222.89462841266632,222.89462841266632,0.0,0.0
4489,2019-07-07 01:00:00,7,2019-07-07 02:00:00,0.10547,0.10547,0.10547,0.0,0.05,219.6787718779323,-0.0,0.0,0.0,219.6787718779323,219.6787718779323,0.0,0.0
4490,2019-07-07 02:00:00,7,2019-07-07 03:00:00,0.10547,0.10547,0.10547,0.0,0.05,217.14085050273243,-0.0,0.0,0.0,217.14085050273243,217.14085050273243,0.0,0.0
4491,2019-07-07 03:00:00,7,2019-07-07 04:00:00,0.10547,0.10547,0.10547,0.0,0.05,263.02868156645496,-300.0,0.0,0.0,563.0286815664549,563.0286815664549,0.0,1.0
4492,2019-07-07 04:00:00,7,2019-07-07 05:00:00,0.10547,0.10547,0.10547,0.0,0.51,257.3281343853041,-300.0,0.0,0.0,557.3281343853041,557.3281343853041,0.0,1.0
4493,2019-07-07 05:00:00,7,2019-07-07 06:00:00,0.10547,0.10547,0.10547,0.0,0.97,335.3794496792203,-0.0,0.0,0.0,335.3794496792203,335.3794496792203,0.0,1.0
4494,2019-07-07 06:00:00,7,2019-07-07 07:00:00,0.10547,0.10547,0.10547,0.0,0.97,358.8667976966151,-19.565217391304348,0.0,0.0,378.43201508791947,378.43201508791947,0.0,1.0
4495,2019-07-07 07:00:00,7,2019-07-07 08:00:00,0.10547,0.10547,0.10547,0.0,1.0,502.5143656538459,-0.0,0.0,0.0,502.5143656538459,502.5143656538459,0.0,0.0
4496,2019-07-07 08:00:00,7,2019-07-07 09:00:00,0.10547,0.10547,0.10547,0.0,1.0,574.5430319814814,-0.0,11.108866897807502,0.0,563.4341650836739,563.4341650836739,0.0,0.0
4497,2019-07-07 09:00:00,7,2019-07-07 10:00:00,0.10547,0.10547,0.10547,0.0,0.9798752411271604,573.5785999895829,-0.0,10.144434905909065,0.0,563.4341650836739,563.4341650836739,0.0,0.0
4498,2019-07-07 10:00:00,7,2019-07-07 11:00:00,0.10547,0.10547,0.10547,0.0,0.9614976416599338,627.6804941666862,-0.0,64.24632908301237,0.0,563.4341650836739,563.4341650836739,0.0,0.0
4499,2019-07-07 11:00:00,7,2019-07-07 12:00:00,0.10547,0.10547,0.10547,0.0,0.8451093643356361,606.0674394809743,-0.0,42.6332743973004,0.0,563.4341650836739,563.4341650836739,0.0,0.0
4500,2019-07-07 12:00:00,7,2019-07-07 13:00:00,0.10547,0.10547,0.10547,0.0,0.7678751715869034,605.2610523940975,-0.0,41.82688731042367,0.0,563.4341650836739,563.4341650836739,0.0,0.0
4501,2019-07-07 13:00:00,7,2019-07-07 14:00:00,0.10547,0.10547,0.10547,0.0,0.6921018250100489,592.4841937992508,-0.0,29.0500287155769,0.0,563.4341650836739,563.4341650836739,0.0,0.0
4502,2019-07-07 14:00:00,7,2019-07-07 15:00:00,0.12561,0.12561,0.12561,0.0,0.6394749613948734,581.8124008084776,-0.0,18.378235724803744,0.0,563.4341650836739,563.4341650836739,0.0,0.0
4503,2019-07-07 15:00:00,7,2019-07-07 16:00:00,0.12561,0.12561,0.12561,0.0,0.6061810560963159,579.26860309378,-0.0,15.834438010106169,0.0,563.4341650836739,563.4341650836739,0.0,0.0
4504,2019-07-07 16:00:00,7,2019-07-07 17:00:00,0.15111,0.15111,0.15111,0.0,0.5774954799910511,568.8481302635369,-0.0,5.413965179862998,0.0,563.4341650836739,563.4341650836739,0.0,0.0
4505,2019-07-07 17:00:00,7,2019-07-07 18:00:00,0.15111,0.15111,0.15111,0.0,0.5676875720565167,546.3569080613926,-0.0,285.7635397751972,0.0,260.59336828619536,260.59336828619536,0.0,0.0
4506,2019-07-07 18:00:00,7,2019-07-07 19:00:00,0.15111,0.15111,0.15111,0.0,0.05,496.90688656705686,-0.0,0.0,0.0,496.90688656705686,496.90688656705686,0.0,0.0
4507,2019-07-07 19:00:00,7,2019-07-07 20:00:00,0.15111,0.15111,0.15111,0.0,0.05,461.4959779991077,-0.0,0.0,0.0,461.4959779991077,461.4959779991077,0.0,0.0
4508,2019-07-07 20:00:00,7,2019-07-07 21:00:00,0.15111,0.15111,0.15111,0.0,0.05,328.60150071099105,-0.0,0.0,0.0,328.60150071099105,328.60150071099105,0.0,1.0
4509,2019-07-07 21:00:00,7,2019-07-07 22:00:00,0.12561,0.12561,0.12561,0.0,0.05,231.75559859372092,-0.0,0.0,0.0,231.75559859372092,231.75559859372092,0.0,0.0
4510,2019-07-07 22:00:00,7,2019-07-07 23:00:00,0.12561,0.12561,0.12561,0.0,0.05,296.2667097353473,-0.0,0.0,0.0,296.2667097353473,296.2667097353473,0.0,1.0
4511,2019-07-07 23:00:00,7,2019-07-08 00:00:00,0.10547,0.10547,0.10547,0.0,0.05,241.3743661225004,-0.0,0.0,0.0,241.3743661225004,241.3743661225004,0.0,0.0
4512,2019-07-08 00:00:00,7,2019-07-08 01:00:00,0.10547,0.10547,0.10547,0.0,0.05,216.57065402862264,-0.0,0.0,0.0,216.57065402862264,216.57065402862264,0.0,0.0
4513,2019-07-08 01:00:00,7,2019-07-08 02:00:00,0.10547,0.10547,0.10547,0.0,0.05,213.46472182994455,-0.0,0.0,0.0,213.46472182994455,213.46472182994455,0.0,0.0
4514,2019-07-08 02:00:00,7,2019-07-08 03:00:00,0.10547,0.10547,0.10547,0.0,0.05,210.9247756400291,-0.0,0.0,0.0,210.9247756400291,210.9247756400291,0.0,0.0
4515,2019-07-08 03:00:00,7,2019-07-08 04:00:00,0.10547,0.10547,0.10547,0.0,0.05,223.15007676358812,-300.0,0.0,0.0,523.1500767635881,523.1500767635881,0.0,1.0
4516,2019-07-08 04:00:00,7,2019-07-08 05:00:00,0.10547,0.10547,0.10547,0.0,0.51,216.2393451589715,-64.56083511500631,0.0,0.0,280.80018027397784,280.80018027397784,0.0,1.0
4517,2019-07-08 05:00:00,7,2019-07-08 06:00:00,0.10547,0.10547,0.10547,0.0,0.6089932805096764,267.856417235429,-0.0,0.0,0.0,267.856417235429,267.856417235429,0.0,1.0
4518,2019-07-08 06:00:00,7,2019-07-08 07:00:00,0.10547,0.10547,0.10547,0.0,0.6089932805096764,308.42978280737583,-255.00438227629803,0.0,0.0,563.4341650836739,563.4341650836739,0.0,1.0
4519,2019-07-08 07:00:00,7,2019-07-08 08:00:00,0.10547,0.10547,0.10547,0.0,1.0,448.0716537334889,-0.0,0.0,0.0,448.0716537334889,448.0716537334889,0.0,1.0
4520,2019-07-08 08:00:00,7,2019-07-08 09:00:00,0.10547,0.10547,0.10547,0.0,1.0,512.1310345366842,-0.0,0.0,0.0,512.1310345366842,512.1310345366842,0.0,1.0
4521,2019-07-08 09:00:00,7,2019-07-08 10:00:00,0.10547,0.10547,0.10547,0.0,1.0,574.6285395954891,-0.0,11.194374511815226,0.0,563.4341650836739,563.4341650836739,0.0,0.0
4522,2019-07-08 10:00:00,7,2019-07-08 11:00:00,0.10547,0.10547,0.10547,0.0,0.9797203360293202,635.3223572760876,-0.0,71.88819219241373,0.0,563.4341650836739,563.4341650836739,0.0,0.0
4523,2019-07-08 11:00:00,7,2019-07-08 12:00:00,0.10547,0.10547,0.10547,0.0,0.8494881037966866,622.369341944633,-0.0,58.93517686095913,0.0,563.4341650836739,563.4341650836739,0.0,0.0
4524,2019-07-08 12:00:00,7,2019-07-08 13:00:00,0.10547,0.10547,0.10547,0.0,0.7427214790485722,627.7298660527881,-0.0,64.2957009691142,0.0,563.4341650836739,563.4341650836739,0.0,0.0
4525,2019-07-08 13:00:00,7,2019-07-08 14:00:00,0.10547,0.10547,0.10547,0.0,0.6262437599016263,618.6561693621186,-0.0,55.22200427844467,0.0,563.4341650836739,563.4341650836739,0.0,0.0
4526,2019-07-08 14:00:00,7,2019-07-08 15:00:00,0.12561,0.12561,0.12561,0.0,0.5262038970783567,611.3036491932494,-0.0,47.869484109575254,0.0,563.4341650836739,563.4341650836739,0.0,0.0
4527,2019-07-08 15:00:00,7,2019-07-08 16:00:00,0.12561,0.12561,0.12561,0.0,0.43948381716970614,612.0373417695636,-0.0,48.60317668588965,0.0,563.4341650836739,563.4341650836739,0.0,0.0
4528,2019-07-08 16:00:00,7,2019-07-08 17:00:00,0.15111,0.15111,0.15111,0.0,0.3514345840430934,605.2576086921176,-0.0,166.39189039178777,0.0,438.86571830033006,438.86571830033006,0.0,0.0
4529,2019-07-08 17:00:00,7,2019-07-08 18:00:00,0.15111,0.15111,0.15111,0.0,0.05,545.8306643644524,-0.0,-1.1368683772161603e-13,0.0,545.8306643644524,545.8306643644524,0.0,0.0
4530,2019-07-08 18:00:00,7,2019-07-08 19:00:00,0.15111,0.15111,0.15111,0.0,0.05,449.0376280884387,-0.0,3.410605131648481e-13,0.0,449.0376280884384,449.0376280884384,0.0,1.0
4531,2019-07-08 19:00:00,7,2019-07-08 20:00:00,0.15111,0.15111,0.15111,0.0,0.05,442.60800862775443,-0.0,0.0,0.0,442.60800862775443,442.60800862775443,0.0,1.0
4532,2019-07-08 20:00:00,7,2019-07-08 21:00:00,0.15111,0.15111,0.15111,0.0,0.05,333.6456586758414,-0.0,0.0,0.0,333.6456586758414,333.6456586758414,0.0,1.0
4533,2019-07-08 21:00:00,7,2019-07-08 22:00:00,0.12561,0.12561,0.12561,0.0,0.05,250.91123663014264,-0.0,2.6147972675971694e-14,0.0,250.9112366301426,250.9112366301426,0.0,1.0
4534,2019-07-08 22:00:00,7,2019-07-08 23:00:00,0.12561,0.12561,0.12561,0.0,0.05,314.30968538031266,-0.0,0.0,0.0,314.30968538031266,314.30968538031266,0.0,0.0
4535,2019-07-08 23:00:00,7,2019-07-09 00:00:00,0.10547,0.10547,0.10547,0.0,0.05,265.3826483530653,-0.0,0.0,0.0,265.3826483530653,265.3826483530653,0.0,1.0
4536,2019-07-09 00:00:00,7,2019-07-09 01:00:00,0.10547,0.10547,0.10547,0.0,0.05,244.4228766566786,-0.0,0.0,0.0,244.4228766566786,244.4228766566786,0.0,0.0
4537,2019-07-09 01:00:00,7,2019-07-09 02:00:00,0.10547,0.10547,0.10547,0.0,0.05,242.1402104215835,-0.0,0.0,0.0,242.1402104215835,242.1402104215835,0.0,0.0
4538,2019-07-09 02:00:00,7,2019-07-09 03:00:00,0.10547,0.10547,0.10547,0.0,0.05,240.26786305077346,-0.0,0.0,0.0,240.26786305077346,240.26786305077346,0.0,0.0
4539,2019-07-09 03:00:00,7,2019-07-09 04:00:00,0.10547,0.10547,0.10547,0.0,0.05,254.36897279720176,-279.1417368474396,0.0,0.0,533.5107096446413,533.5107096446413,0.0,1.0
4540,2019-07-09 04:00:00,7,2019-07-09 05:00:00,0.10547,0.10547,0.10547,0.0,0.47801732983274076,244.89916908432713,-288.6115405603142,0.0,0.0,533.5107096446413,533.5107096446413,0.0,1.0
4541,2019-07-09 05:00:00,7,2019-07-09 06:00:00,0.10547,0.10547,0.10547,0.0,0.9205550253585558,294.03370780320694,-0.0,0.0,0.0,294.03370780320694,294.03370780320694,0.0,1.0
4542,2019-07-09 06:00:00,7,2019-07-09 07:00:00,0.10547,0.10547,0.10547,0.0,0.9205550253585558,331.4683136292055,-51.81193998355052,0.0,0.0,383.28025361275604,383.28025361275604,0.0,1.0
4543,2019-07-09 07:00:00,7,2019-07-09 08:00:00,0.10547,0.10547,0.10547,0.0,1.0,401.3980227338533,-0.0,0.0,0.0,401.3980227338533,401.3980227338533,0.0,0.0
4544,2019-07-09 08:00:00,7,2019-07-09 09:00:00,0.10547,0.10547,0.10547,0.0,1.0,362.4350068593758,-0.0,0.0,0.0,362.4350068593758,362.4350068593758,0.0,1.0
4545,2019-07-09 09:00:00,7,2019-07-09 10:00:00,0.10547,0.10547,0.10547,0.0,1.0,434.1945898326558,-0.0,0.0,0.0,434.1945898326558,434.1945898326558,0.0,0.0
4546,2019-07-09 10:00:00,7,2019-07-09 11:00:00,0.10547,0.10547,0.10547,0.0,1.0,490.0732981263088,-0.0,0.0,0.0,490.0732981263088,490.0732981263088,0.0,0.0
4547,2019-07-09 11:00:00,7,2019-07-09 12:00:00,0.10547,0.10547,0.10547,0.0,1.0,529.9337122312838,-0.0,0.0,0.0,529.9337122312838,529.9337122312838,0.0,0.0
4548,2019-07-09 12:00:00,7,2019-07-09 13:00:00,0.10547,0.10547,0.10547,0.0,1.0,533.5107096446413,-0.0,0.0,0.0,533.5107096446413,533.5107096446413,0.0,1.0
4549,2019-07-09 13:00:00,7,2019-07-09 14:00:00,0.10547,0.10547,0.10547,0.0,1.0,519.7515108437904,-0.0,0.0,0.0,519.7515108437904,519.7515108437904,0.0,1.0
4550,2019-07-09 14:00:00,7,2019-07-09 15:00:00,0.12561,0.12561,0.12561,0.0,1.0,505.8691618494148,-0.0,0.0,0.0,505.8691618494148,505.8691618494148,0.0,1.0
4551,2019-07-09 15:00:00,7,2019-07-09 16:00:00,0.12561,0.12561,0.12561,0.0,1.0,498.80683112108846,-0.0,0.0,0.0,498.80683112108846,498.80683112108846,0.0,0.0
4552,2019-07-09 16:00:00,7,2019-07-09 17:00:00,0.15111,0.15111,0.15111,0.0,1.0,425.1716124957308,-0.0,0.0,0.0,425.1716124957308,425.1716124957308,0.0,0.0
4553,2019-07-09 17:00:00,7,2019-07-09 18:00:00,0.15111,0.15111,0.15111,0.0,1.0,424.1134276447939,-0.0,0.0,0.0,424.1134276447939,424.1134276447939,0.0,0.0
4554,2019-07-09 18:00:00,7,2019-07-09 19:00:00,0.15111,0.15111,0.15111,0.0,1.0,387.56519625424136,-0.0,224.4,0.0,163.16519625424135,163.16519625424135,0.0,0.0
4555,2019-07-09 19:00:00,7,2019-07-09 20:00:00,0.15111,0.15111,0.15111,0.0,0.5934782608695652,387.4016127132163,-0.0,300.0,0.0,87.40161271321631,87.40161271321631,0.0,0.0
4556,2019-07-09 20:00:00,7,2019-07-09 21:00:00,0.15111,0.15111,0.15111,0.0,0.05,343.9591600347753,-0.0,0.0,0.0,343.9591600347753,343.9591600347753,0.0,1.0
4557,2019-07-09 21:00:00,7,2019-07-09 22:00:00,0.12561,0.12561,0.12561,0.0,0.05,232.71084435596828,-0.0,0.0,0.0,232.71084435596828,232.71084435596828,0.0,0.0
4558,2019-07-09 22:00:00,7,2019-07-09 23:00:00,0.12561,0.12561,0.12561,0.0,0.05,297.3552324567204,-0.0,0.0,0.0,297.3552324567204,297.3552324567204,0.0,1.0
4559,2019-07-09 23:00:00,7,2019-07-10 00:00:00,0.10547,0.10547,0.10547,0.0,0.05,242.83548845791321,-0.0,0.0,0.0,242.83548845791321,242.83548845791321,0.0,0.0
4560,2019-07-10 00:00:00,7,2019-07-10 01:00:00,0.10547,0.10547,0.10547,0.0,0.05,227.57919237565292,-39.33724357352094,0.0,0.0,266.9164359491739,266.9164359491739,0.0,1.0
4561,2019-07-10 01:00:00,7,2019-07-10 02:00:00,0.10547,0.10547,0.10547,0.0,0.1103171068127321,223.87265786092328,-0.0,0.0,0.0,223.87265786092328,223.87265786092328,0.0,0.0
4562,2019-07-10 02:00:00,7,2019-07-10 03:00:00,0.10547,0.10547,0.10547,0.0,0.1103171068127321,220.31450927239982,-0.0,0.0,0.0,220.31450927239982,220.31450927239982,0.0,0.0
4563,2019-07-10 03:00:00,7,2019-07-10 04:00:00,0.10547,0.10547,0.10547,0.0,0.1103171068127321,231.4974906236994,-0.0,0.0,0.0,231.4974906236994,231.4974906236994,0.0,0.0
4564,2019-07-10 04:00:00,7,2019-07-10 05:00:00,0.10547,0.10547,0.10547,0.0,0.1103171068127321,229.0608982145044,-0.0,0.0,0.0,229.0608982145044,229.0608982145044,0.0,0.0
4565,2019-07-10 05:00:00,7,2019-07-10 06:00:00,0.10547,0.10547,0.10547,0.0,0.1103171068127321,294.9386281651924,-268.49553691848143,0.0,0.0,563.4341650836739,563.4341650836739,0.0,1.0
4566,2019-07-10 06:00:00,7,2019-07-10 07:00:00,0.10547,0.10547,0.10547,0.0,0.5220102634210704,327.6048040705253,-235.82936101314863,0.0,0.0,563.4341650836739,563.4341650836739,0.0,1.0
4567,2019-07-10 07:00:00,7,2019-07-10 08:00:00,0.10547,0.10547,0.10547,0.0,0.8836152836412317,487.53108919752054,-75.90307588615332,0.0,0.0,563.4341650836739,563.4341650836739,0.0,1.0
4568,2019-07-10 08:00:00,7,2019-07-10 09:00:00,0.10547,0.10547,0.10547,0.0,1.0,556.0513121558454,-0.0,0.0,0.0,556.0513121558454,556.0513121558454,0.0,1.0
4569,2019-07-10 09:00:00,7,2019-07-10 10:00:00,0.10547,0.10547,0.10547,0.0,1.0,550.7969757123843,-0.0,0.0,0.0,550.7969757123843,550.7969757123843,0.0,1.0
4570,2019-07-10 10:00:00,7,2019-07-10 11:00:00,0.10547,0.10547,0.10547,0.0,1.0,606.7717113524691,-0.0,43.33754626879522,0.0,563.4341650836739,563.4341650836739,0.0,0.0
4571,2019-07-10 11:00:00,7,2019-07-10 12:00:00,0.10547,0.10547,0.10547,0.0,0.921489952411603,582.0788343064712,-0.0,18.644669222797347,0.0,563.4341650836739,563.4341650836739,0.0,0.0
4572,2019-07-10 12:00:00,7,2019-07-10 13:00:00,0.10547,0.10547,0.10547,0.0,0.8877133777326223,582.4296721231394,-0.0,18.995507039465565,0.0,563.4341650836739,563.4341650836739,0.0,0.0
4573,2019-07-10 13:00:00,7,2019-07-10 14:00:00,0.10547,0.10547,0.10547,0.0,0.8533012272988079,571.7089917314862,-0.0,8.274826647812347,0.0,563.4341650836739,563.4341650836739,0.0,0.0
4574,2019-07-10 14:00:00,7,2019-07-10 15:00:00,0.12561,0.12561,0.12561,0.0,0.8383105993136406,560.4407022957723,-2.993462787901535,0.0,0.0,563.4341650836739,563.4341650836739,0.0,1.0
4575,2019-07-10 15:00:00,7,2019-07-10 16:00:00,0.12561,0.12561,0.12561,0.0,0.842900575588423,558.2445832588052,-5.1895818248686965,0.0,0.0,563.4341650836739,563.4341650836739,0.0,1.0
4576,2019-07-10 16:00:00,7,2019-07-10 17:00:00,0.15111,0.15111,0.15111,0.0,0.850857934386555,549.6271475377918,-0.0,300.0,0.0,249.62714753779176,249.62714753779176,0.0,0.0
4577,2019-07-10 17:00:00,7,2019-07-10 18:00:00,0.15111,0.15111,0.15111,0.0,0.30737967351698975,532.4061057951983,-0.0,0.0,0.0,532.4061057951983,532.4061057951983,0.0,1.0
4578,2019-07-10 18:00:00,7,2019-07-10 19:00:00,0.15111,0.15111,0.15111,0.0,0.30737967351698975,501.73975413144194,-0.0,142.07357978137836,0.0,359.66617435006356,359.66617435006356,0.0,0.0
4579,2019-07-10 19:00:00,7,2019-07-10 20:00:00,0.15111,0.15111,0.15111,0.0,0.05,468.1187701606424,-0.0,0.0,0.0,468.1187701606424,468.1187701606424,0.0,1.0
4580,2019-07-10 20:00:00,7,2019-07-10 21:00:00,0.15111,0.15111,0.15111,0.0,0.05,333.8641875109366,-0.0,0.0,0.0,333.8641875109366,333.8641875109366,0.0,0.0
4581,2019-07-10 21:00:00,7,2019-07-10 22:00:00,0.12561,0.12561,0.12561,0.0,0.05,227.0681632993904,-0.0,0.0,0.0,227.0681632993904,227.0681632993904,0.0,0.0
4582,2019-07-10 22:00:00,7,2019-07-10 23:00:00,0.12561,0.12561,0.12561,0.0,0.05,291.9470040066653,-0.0,0.0,0.0,291.9470040066653,291.9470040066653,0.0,1.0
4583,2019-07-10 23:00:00,7,2019-07-11 00:00:00,0.10547,0.10547,0.10547,0.0,0.05,234.97456862347707,-0.0,0.0,0.0,234.97456862347707,234.97456862347707,0.0,0.0
4584,2019-07-11 00:00:00,7,2019-07-11 01:00:00,0.10547,0.10547,0.10547,0.0,0.05,215.45458833630445,-0.0,0.0,0.0,215.45458833630445,215.45458833630445,0.0,0.0
4585,2019-07-11 01:00:00,7,2019-07-11 02:00:00,0.10547,0.10547,0.10547,0.0,0.05,212.87043154569406,-0.0,0.0,0.0,212.87043154569406,212.87043154569406,0.0,0.0
4586,2019-07-11 02:00:00,7,2019-07-11 03:00:00,0.10547,0.10547,0.10547,0.0,0.05,211.75343197685964,-0.0,0.0,0.0,211.75343197685964,211.75343197685964,0.0,0.0
4587,2019-07-11 03:00:00,7,2019-07-11 04:00:00,0.10547,0.10547,0.10547,0.0,0.05,258.9886393704409,-300.00000000000006,0.0,0.0,558.988639370441,558.988639370441,0.0,1.0
4588,2019-07-11 04:00:00,7,2019-07-11 05:00:00,0.10547,0.10547,0.10547,0.0,0.5100000000000001,258.4569670261656,-299.99999999999994,0.0,0.0,558.4569670261656,558.4569670261656,0.0,1.0
4589,2019-07-11 05:00:00,7,2019-07-11 06:00:00,0.10547,0.10547,0.10547,0.0,0.97,324.89502372163736,-0.0,0.0,0.0,324.89502372163736,324.89502372163736,0.0,1.0
4590,2019-07-11 06:00:00,7,2019-07-11 07:00:00,0.10547,0.10547,0.10547,0.0,0.97,340.7765791611412,-19.565217391304348,0.0,0.0,360.3417965524456,360.3417965524456,0.0,1.0
4591,2019-07-11 07:00:00,7,2019-07-11 08:00:00,0.10547,0.10547,0.10547,0.0,1.0,480.6510662417444,-0.0,0.0,0.0,480.6510662417444,480.6510662417444,0.0,0.0
4592,2019-07-11 08:00:00,7,2019-07-11 09:00:00,0.10547,0.10547,0.10547,0.0,1.0,550.3174639138584,-0.0,0.0,0.0,550.3174639138584,550.3174639138584,0.0,1.0
4593,2019-07-11 09:00:00,7,2019-07-11 10:00:00,0.10547,0.10547,0.10547,0.0,1.0,545.9375897867959,-0.0,0.0,0.0,545.9375897867959,545.9375897867959,0.0,0.0
4594,2019-07-11 10:00:00,7,2019-07-11 11:00:00,0.10547,0.10547,0.10547,0.0,1.0,602.2419620641386,-0.0,38.807796980464786,0.0,563.4341650836739,563.4341650836739,0.0,0.0
4595,2019-07-11 11:00:00,7,2019-07-11 12:00:00,0.10547,0.10547,0.10547,0.0,0.9296960199629261,574.8733142452223,-0.0,11.439149161548471,0.0,563.4341650836739,563.4341650836739,0.0,0.0
4596,2019-07-11 12:00:00,7,2019-07-11 13:00:00,0.10547,0.10547,0.10547,0.0,0.908972923655773,572.0803087066183,-0.0,8.646143622944464,0.0,563.4341650836739,563.4341650836739,0.0,0.0
4597,2019-07-11 13:00:00,7,2019-07-11 14:00:00,0.10547,0.10547,0.10547,0.0,0.8933096199910185,560.7894151673449,-2.6447499163289194,0.0,0.0,563.4341650836739,563.4341650836739,0.0,1.0
4598,2019-07-11 14:00:00,7,2019-07-11 15:00:00,0.12561,0.12561,0.12561,0.0,0.8973649031960561,552.1609548827244,-11.273210200949507,0.0,0.0,563.4341650836739,563.4341650836739,0.0,1.0
4599,2019-07-11 15:00:00,7,2019-07-11 16:00:00,0.12561,0.12561,0.12561,0.0,0.9146504921708455,551.0997742151478,-12.334390868526043,0.0,0.0,563.4341650836739,563.4341650836739,0.0,1.0
4600,2019-07-11 16:00:00,7,2019-07-11 17:00:00,0.15111,0.15111,0.15111,0.0,0.9335632248359188,544.4667280899215,-0.0,300.0,0.0,244.4667280899215,244.4667280899215,0.0,0.0
4601,2019-07-11 17:00:00,7,2019-07-11 18:00:00,0.15111,0.15111,0.15111,0.0,0.39008496396635356,529.2032719802808,-0.0,0.0,0.0,529.2032719802808,529.2032719802808,0.0,0.0
4602,2019-07-11 18:00:00,7,2019-07-11 19:00:00,0.15111,0.15111,0.15111,0.0,0.39008496396635356,483.7425267599542,-0.0,0.0,0.0,483.7425267599542,483.7425267599542,0.0,0.0
4603,2019-07-11 19:00:00,7,2019-07-11 20:00:00,0.15111,0.15111,0.15111,0.0,0.39008496396635356,452.52704726713694,-0.0,187.72690010942716,0.0,264.8001471577098,264.8001471577098,0.0,0.0
4604,2019-07-11 20:00:00,7,2019-07-11 21:00:00,0.15111,0.15111,0.15111,0.0,0.05,322.5467028863703,-0.0,0.0,0.0,322.5467028863703,322.5467028863703,0.0,1.0
4605,2019-07-11 21:00:00,7,2019-07-11 22:00:00,0.12561,0.12561,0.12561,0.0,0.05,226.9311700314815,-0.0,0.0,0.0,226.9311700314815,226.9311700314815,0.0,0.0
4606,2019-07-11 22:00:00,7,2019-07-11 23:00:00,0.12561,0.12561,0.12561,0.0,0.05,292.54845671743715,-0.0,0.0,0.0,292.54845671743715,292.54845671743715,0.0,1.0
4607,2019-07-11 23:00:00,7,2019-07-12 00:00:00,0.10547,0.10547,0.10547,0.0,0.05,236.55603123077006,-0.0,0.0,0.0,236.55603123077006,236.55603123077006,0.0,0.0
4608,2019-07-12 00:00:00,7,2019-07-12 01:00:00,0.10547,0.10547,0.10547,0.0,0.05,217.69401026781986,-0.0,0.0,0.0,217.69401026781986,217.69401026781986,0.0,0.0
4609,2019-07-12 01:00:00,7,2019-07-12 02:00:00,0.10547,0.10547,0.10547,0.0,0.05,215.10373823935802,-0.0,0.0,0.0,215.10373823935802,215.10373823935802,0.0,0.0
4610,2019-07-12 02:00:00,7,2019-07-12 03:00:00,0.10547,0.10547,0.10547,0.0,0.05,213.14865200027927,-0.0,0.0,0.0,213.14865200027927,213.14865200027927,0.0,0.0
4611,2019-07-12 03:00:00,7,2019-07-12 04:00:00,0.10547,0.10547,0.10547,0.0,0.05,225.86641468337004,-0.0,0.0,0.0,225.86641468337004,225.86641468337004,0.0,0.0
4612,2019-07-12 04:00:00,7,2019-07-12 05:00:00,0.10547,0.10547,0.10547,0.0,0.05,224.19501210838132,-0.0,0.0,0.0,224.19501210838132,224.19501210838132,0.0,0.0
4613,2019-07-12 05:00:00,7,2019-07-12 06:00:00,0.10547,0.10547,0.10547,0.0,0.05,289.5305007075464,-273.90366437612744,0.0,0.0,563.4341650836739,563.4341650836739,0.0,1.0
4614,2019-07-12 06:00:00,7,2019-07-12 07:00:00,0.10547,0.10547,0.10547,0.0,0.46998561871006206,320.146345388268,-243.28781969540591,0.0,0.0,563.4341650836739,563.4341650836739,0.0,1.0
4615,2019-07-12 07:00:00,7,2019-07-12 08:00:00,0.10547,0.10547,0.10547,0.0,0.8430269422430179,479.93918171740813,-83.49498336626573,0.0,0.0,563.4341650836739,563.4341650836739,0.0,1.0
4616,2019-07-12 08:00:00,7,2019-07-12 09:00:00,0.10547,0.10547,0.10547,0.0,0.9710525834046253,548.3572639546787,-0.0,0.0,0.0,548.3572639546787,548.3572639546787,0.0,0.0
4617,2019-07-12 09:00:00,7,2019-07-12 10:00:00,0.10547,0.10547,0.10547,0.0,0.9710525834046253,541.6691745382643,-18.878749953505228,0.0,0.0,560.5479244917695,560.5479244917695,0.0,1.0
4618,2019-07-12 10:00:00,7,2019-07-12 11:00:00,0.10547,0.10547,0.10547,0.0,1.0,598.1806426141359,-0.0,34.746477530462016,0.0,563.4341650836739,563.4341650836739,0.0,0.0
4619,2019-07-12 11:00:00,7,2019-07-12 12:00:00,0.10547,0.10547,0.10547,0.0,0.9370534827346704,570.1000838200948,-0.0,6.665918736420963,0.0,563.4341650836739,563.4341650836739,0.0,0.0
4620,2019-07-12 12:00:00,7,2019-07-12 13:00:00,0.10547,0.10547,0.10547,0.0,0.9249775429947772,566.4868992956717,-0.0,3.0527342119978584,0.0,563.4341650836739,563.4341650836739,0.0,0.0
4621,2019-07-12 13:00:00,7,2019-07-12 14:00:00,0.10547,0.10547,0.10547,0.0,0.9194472273933318,554.7164983261785,-8.717666757495408,0.0,0.0,563.4341650836739,563.4341650836739,0.0,1.0
4622,2019-07-12 14:00:00,7,2019-07-12 15:00:00,0.12561,0.12561,0.12561,0.0,0.9328143164214915,545.9238797639907,-17.510285319683135,0.0,0.0,563.4341650836739,563.4341650836739,0.0,1.0
4623,2019-07-12 15:00:00,7,2019-07-12 16:00:00,0.12561,0.12561,0.12561,0.0,0.959663420578339,544.8349442387419,-18.599220844932006,0.0,0.0,563.4341650836739,563.4341650836739,0.0,1.0
4624,2019-07-12 16:00:00,7,2019-07-12 17:00:00,0.15111,0.15111,0.15111,0.0,0.9881822258739014,539.030884088157,-0.0,300.0,0.0,239.030884088157,239.030884088157,0.0,0.0
4625,2019-07-12 17:00:00,7,2019-07-12 18:00:00,0.15111,0.15111,0.15111,0.0,0.4447039650043361,525.659352146223,-0.0,217.87658868239356,0.0,307.78276346382944,307.78276346382944,0.0,0.0
4626,2019-07-12 18:00:00,7,2019-07-12 19:00:00,0.15111,0.15111,0.15111,0.0,0.05,496.81711486949837,-0.0,0.0,0.0,496.81711486949837,496.81711486949837,0.0,0.0
4627,2019-07-12 19:00:00,7,2019-07-12 20:00:00,0.15111,0.15111,0.15111,0.0,0.05,463.1124659184063,-0.0,0.0,0.0,463.1124659184063,463.1124659184063,0.0,1.0
4628,2019-07-12 20:00:00,7,2019-07-12 21:00:00,0.15111,0.15111,0.15111,0.0,0.05,329.8450998252549,-0.0,0.0,0.0,329.8450998252549,329.8450998252549,0.0,1.0
4629,2019-07-12 21:00:00,7,2019-07-12 22:00:00,0.12561,0.12561,0.12561,0.0,0.05,223.34684125469118,-0.0,0.0,0.0,223.34684125469118,223.34684125469118,0.0,0.0
4630,2019-07-12 22:00:00,7,2019-07-12 23:00:00,0.12561,0.12561,0.12561,0.0,0.05,288.04207761056455,-0.0,0.0,0.0,288.04207761056455,288.04207761056455,0.0,1.0
4631,2019-07-12 23:00:00,7,2019-07-13 00:00:00,0.10547,0.10547,0.10547,0.0,0.05,229.70313909845157,-0.0,0.0,0.0,229.70313909845157,229.70313909845157,0.0,0.0
4632,2019-07-13 00:00:00,7,2019-07-13 01:00:00,0.10547,0.10547,0.10547,0.0,0.05,210.37188822209777,-0.0,0.0,0.0,210.37188822209777,210.37188822209777,0.0,0.0
4633,2019-07-13 01:00:00,7,2019-07-13 02:00:00,0.10547,0.10547,0.10547,0.0,0.05,206.7346800425694,-0.0,0.0,0.0,206.7346800425694,206.7346800425694,0.0,0.0
4634,2019-07-13 02:00:00,7,2019-07-13 03:00:00,0.10547,0.10547,0.10547,0.0,0.05,204.62438273217472,-0.0,0.0,0.0,204.62438273217472,204.62438273217472,0.0,0.0
4635,2019-07-13 03:00:00,7,2019-07-13 04:00:00,0.10547,0.10547,0.10547,0.0,0.05,218.1149844814232,-95.2347114381924,0.0,0.0,313.3496959196156,313.3496959196156,0.0,1.0
4636,2019-07-13 04:00:00,7,2019-07-13 05:00:00,0.10547,0.10547,0.10547,0.0,0.19602655753856169,217.9507122997067,-0.0,0.0,0.0,217.9507122997067,217.9507122997067,0.0,0.0
4637,2019-07-13 05:00:00,7,2019-07-13 06:00:00,0.10547,0.10547,0.10547,0.0,0.19602655753856169,284.9102704815888,-278.5238946020851,0.0,0.0,563.4341650836739,563.4341650836739,0.0,1.0
4638,2019-07-13 06:00:00,7,2019-07-13 07:00:00,0.10547,0.10547,0.10547,0.0,0.6230965292617588,317.627553732647,-245.80661135102685,0.0,0.0,563.4341650836739,563.4341650836739,0.0,1.0
4639,2019-07-13 07:00:00,7,2019-07-13 08:00:00,0.10547,0.10547,0.10547,0.0,1.0,481.07249298733575,-0.0,0.0,0.0,481.07249298733575,481.07249298733575,0.0,1.0
4640,2019-07-13 08:00:00,7,2019-07-13 09:00:00,0.10547,0.10547,0.10547,0.0,1.0,555.0487775746001,-0.0,0.0,0.0,555.0487775746001,555.0487775746001,0.0,1.0
4641,2019-07-13 09:00:00,7,2019-07-13 10:00:00,0.10547,0.10547,0.10547,0.0,1.0,556.1006638164622,-0.0,0.0,0.0,556.1006638164622,556.1006638164622,0.0,0.0
4642,2019-07-13 10:00:00,7,2019-07-13 11:00:00,0.10547,0.10547,0.10547,0.0,1.0,615.5342805601325,-0.0,52.100115476458654,0.0,563.4341650836739,563.4341650836739,0.0,0.0
4643,2019-07-13 11:00:00,7,2019-07-13 12:00:00,0.10547,0.10547,0.10547,0.0,0.9056157328325024,591.0101203360488,-0.0,27.57595525237491,0.0,563.4341650836739,563.4341650836739,0.0,0.0
4644,2019-07-13 12:00:00,7,2019-07-13 13:00:00,0.10547,0.10547,0.10547,0.0,0.8556592921579101,589.017585752319,-0.0,25.58342066864509,0.0,563.4341650836739,563.4341650836739,0.0,0.0
4645,2019-07-13 13:00:00,7,2019-07-13 14:00:00,0.10547,0.10547,0.10547,0.0,0.8093125155842777,577.8215748057427,-0.0,14.38740972206881,0.0,563.4341650836739,563.4341650836739,0.0,0.0
4646,2019-07-13 14:00:00,7,2019-07-13 15:00:00,0.12561,0.12561,0.12561,0.0,0.7832483675370517,570.1734701618946,-0.0,6.739305078220696,0.0,563.4341650836739,563.4341650836739,0.0,0.0
4647,2019-07-13 15:00:00,7,2019-07-13 16:00:00,0.12561,0.12561,0.12561,0.0,0.7710394815257824,571.3087412640919,-0.0,7.874576180417989,0.0,563.4341650836739,563.4341650836739,0.0,0.0
4648,2019-07-13 16:00:00,7,2019-07-13 17:00:00,0.15111,0.15111,0.15111,0.0,0.7567739449670541,561.3519763660645,-0.0,0.0,0.0,561.3519763660645,561.3519763660645,0.0,1.0
4649,2019-07-13 17:00:00,7,2019-07-13 18:00:00,0.15111,0.15111,0.15111,0.0,0.7567739449670541,541.3965221553764,-0.0,0.0,0.0,541.3965221553764,541.3965221553764,0.0,1.0
4650,2019-07-13 18:00:00,7,2019-07-13 19:00:00,0.15111,0.15111,0.15111,0.0,0.7567739449670541,509.7210770246268,-0.0,90.13921762181384,0.0,419.581859402813,419.581859402813,0.0,0.0
4651,2019-07-13 19:00:00,7,2019-07-13 20:00:00,0.15111,0.15111,0.15111,0.0,0.5934782608695652,474.9452252325163,-0.0,300.0,0.0,174.9452252325163,174.9452252325163,0.0,0.0
4652,2019-07-13 20:00:00,7,2019-07-13 21:00:00,0.15111,0.15111,0.15111,0.0,0.05,338.52417302900375,-0.0,0.0,0.0,338.52417302900375,338.52417302900375,0.0,0.0
4653,2019-07-13 21:00:00,7,2019-07-13 22:00:00,0.12561,0.12561,0.12561,0.0,0.05,230.99222150678847,-0.0,0.0,0.0,230.99222150678847,230.99222150678847,0.0,0.0
4654,2019-07-13 22:00:00,7,2019-07-13 23:00:00,0.12561,0.12561,0.12561,0.0,0.05,294.54751846424756,-0.0,0.0,0.0,294.54751846424756,294.54751846424756,0.0,1.0
4655,2019-07-13 23:00:00,7,2019-07-14 00:00:00,0.10547,0.10547,0.10547,0.0,0.05,237.66048143964275,-0.0,0.0,0.0,237.66048143964275,237.66048143964275,0.0,0.0
4656,2019-07-14 00:00:00,7,2019-07-14 01:00:00,0.10547,0.10547,0.10547,0.0,0.05,216.3004357538946,-0.0,0.0,0.0,216.3004357538946,216.3004357538946,0.0,0.0
4657,2019-07-14 01:00:00,7,2019-07-14 02:00:00,0.10547,0.10547,0.10547,0.0,0.05,211.71230407494124,-0.0,0.0,0.0,211.71230407494124,211.71230407494124,0.0,0.0
4658,2019-07-14 02:00:00,7,2019-07-14 03:00:00,0.10547,0.10547,0.10547,0.0,0.05,208.3249736525277,-0.0,0.0,0.0,208.3249736525277,208.3249736525277,0.0,0.0
4659,2019-07-14 03:00:00,7,2019-07-14 04:00:00,0.10547,0.10547,0.10547,0.0,0.05,251.79850826329044,-0.0,0.0,0.0,251.79850826329044,251.79850826329044,0.0,0.0
4660,2019-07-14 04:00:00,7,2019-07-14 05:00:00,0.10547,0.10547,0.10547,0.0,0.05,251.37064532256494,-300.0,0.0,0.0,551.370645322565,551.370645322565,0.0,1.0
4661,2019-07-14 05:00:00,7,2019-07-14 06:00:00,0.10547,0.10547,0.10547,0.0,0.51,323.2934631035591,-240.14070198011473,0.0,0.0,563.4341650836739,563.4341650836739,0.0,1.0
4662,2019-07-14 06:00:00,7,2019-07-14 07:00:00,0.10547,0.10547,0.10547,0.0,0.878215743036176,343.9723440163295,-79.42451541118956,0.0,0.0,423.396859427519,423.396859427519,0.0,1.0
4663,2019-07-14 07:00:00,7,2019-07-14 08:00:00,0.10547,0.10547,0.10547,0.0,1.0,492.434010985667,-0.0,0.0,0.0,492.434010985667,492.434010985667,0.0,0.0
4664,2019-07-14 08:00:00,7,2019-07-14 09:00:00,0.10547,0.10547,0.10547,0.0,1.0,576.528966308303,-0.0,13.094801224629123,0.0,563.4341650836739,563.4341650836739,0.0,0.0
4665,2019-07-14 09:00:00,7,2019-07-14 10:00:00,0.10547,0.10547,0.10547,0.0,0.976277534013353,585.4310265201611,-0.0,21.99686143648728,0.0,563.4341650836739,563.4341650836739,0.0,0.0
4666,2019-07-14 10:00:00,7,2019-07-14 11:00:00,0.10547,0.10547,0.10547,0.0,0.93642814735305,638.4548011889983,-0.0,75.02063610532446,0.0,563.4341650836739,563.4341650836739,0.0,0.0
4667,2019-07-14 11:00:00,7,2019-07-14 12:00:00,0.10547,0.10547,0.10547,0.0,0.8005211978868826,621.3772745535865,-0.0,57.943109469912656,0.0,563.4341650836739,563.4341650836739,0.0,0.0
4668,2019-07-14 12:00:00,7,2019-07-14 13:00:00,0.10547,0.10547,0.10547,0.0,0.6955517966732727,621.484718329544,-0.0,58.050553245870105,0.0,563.4341650836739,563.4341650836739,0.0,0.0
4669,2019-07-14 13:00:00,7,2019-07-14 14:00:00,0.10547,0.10547,0.10547,0.0,0.5903877509380008,607.941761807989,-0.0,44.507596724315135,0.0,563.4341650836739,563.4341650836739,0.0,0.0
4670,2019-07-14 14:00:00,7,2019-07-14 15:00:00,0.12561,0.12561,0.12561,0.0,0.509758046727285,596.548970263869,-0.0,33.11480518019516,0.0,563.4341650836739,563.4341650836739,0.0,0.0
4671,2019-07-14 15:00:00,7,2019-07-14 16:00:00,0.12561,0.12561,0.12561,0.0,0.44976745763272846,593.8042788498593,-0.0,30.370113766185455,0.0,563.4341650836739,563.4341650836739,0.0,0.0
4672,2019-07-14 16:00:00,7,2019-07-14 17:00:00,0.15111,0.15111,0.15111,0.0,0.39474913559253744,584.8482553424371,-0.0,21.41409025876328,0.0,563.4341650836739,563.4341650836739,0.0,0.0
4673,2019-07-14 17:00:00,7,2019-07-14 18:00:00,0.15111,0.15111,0.15111,0.0,0.35595549381941555,566.3551500804164,-0.0,2.9209849967425043,0.0,563.4341650836739,563.4341650836739,0.0,0.0
4674,2019-07-14 18:00:00,7,2019-07-14 19:00:00,0.15111,0.15111,0.15111,0.0,0.3506638543325632,518.4430665164208,-0.0,0.0,0.0,518.4430665164208,518.4430665164208,0.0,1.0
4675,2019-07-14 19:00:00,7,2019-07-14 20:00:00,0.15111,0.15111,0.15111,0.0,0.3506638543325632,478.16254802872015,-0.0,165.9664475915749,0.0,312.1961004371452,312.1961004371452,0.0,0.0
4676,2019-07-14 20:00:00,7,2019-07-14 21:00:00,0.15111,0.15111,0.15111,0.0,0.05,336.1337724830218,-0.0,0.0,0.0,336.1337724830218,336.1337724830218,0.0,1.0
4677,2019-07-14 21:00:00,7,2019-07-14 22:00:00,0.12561,0.12561,0.12561,0.0,0.05,237.13204606202234,-0.0,0.0,0.0,237.13204606202234,237.13204606202234,0.0,0.0
4678,2019-07-14 22:00:00,7,2019-07-14 23:00:00,0.12561,0.12561,0.12561,0.0,0.05,300.5575708521494,-0.0,0.0,0.0,300.5575708521494,300.5575708521494,0.0,0.0
4679,2019-07-14 23:00:00,7,2019-07-15 00:00:00,0.10547,0.10547,0.10547,0.0,0.05,247.51632770577606,-0.0,0.0,0.0,247.51632770577606,247.51632770577606,0.0,0.0
4680,2019-07-15 00:00:00,7,2019-07-15 01:00:00,0.10547,0.10547,0.10547,0.0,0.05,222.4361659933604,-0.0,0.0,0.0,222.4361659933604,222.4361659933604,0.0,0.0
4681,2019-07-15 01:00:00,7,2019-07-15 02:00:00,0.10547,0.10547,0.10547,0.0,0.05,219.65729031060857,-0.0,0.0,0.0,219.65729031060857,219.65729031060857,0.0,0.0
4682,2019-07-15 02:00:00,7,2019-07-15 03:00:00,0.10547,0.10547,0.10547,0.0,0.05,217.39918545641305,-0.0,0.0,0.0,217.39918545641305,217.39918545641305,0.0,0.0
4683,2019-07-15 03:00:00,7,2019-07-15 04:00:00,0.10547,0.10547,0.10547,0.0,0.05,230.25429702241547,-72.4784268834527,0.0,0.0,302.73272390586817,302.73272390586817,0.0,1.0
4684,2019-07-15 04:00:00,7,2019-07-15 05:00:00,0.10547,0.10547,0.10547,0.0,0.1611335878879608,228.4912046834228,-0.0,0.0,0.0,228.4912046834228,228.4912046834228,0.0,0.0
4685,2019-07-15 05:00:00,7,2019-07-15 06:00:00,0.10547,0.10547,0.10547,0.0,0.1611335878879608,271.1925861704647,-292.24157891320914,0.0,0.0,563.4341650836739,563.4341650836739,0.0,1.0
4686,2019-07-15 06:00:00,7,2019-07-15 07:00:00,0.10547,0.10547,0.10547,0.0,0.6092373422215482,308.5889534890314,-254.84521159464248,0.0,0.0,563.4341650836739,563.4341650836739,0.0,1.0
4687,2019-07-15 07:00:00,7,2019-07-15 08:00:00,0.10547,0.10547,0.10547,0.0,1.0,441.7021064812123,-0.0,0.0,0.0,441.7021064812123,441.7021064812123,0.0,1.0
4688,2019-07-15 08:00:00,7,2019-07-15 09:00:00,0.10547,0.10547,0.10547,0.0,1.0,500.9919461481278,-0.0,0.0,0.0,500.9919461481278,500.9919461481278,0.0,1.0
4689,2019-07-15 09:00:00,7,2019-07-15 10:00:00,0.10547,0.10547,0.10547,0.0,1.0,559.5156937480549,-0.0,0.0,0.0,559.5156937480549,559.5156937480549,0.0,0.0
4690,2019-07-15 10:00:00,7,2019-07-15 11:00:00,0.10547,0.10547,0.10547,0.0,1.0,616.7560178027288,-0.0,53.32185271905496,0.0,563.4341650836739,563.4341650836739,0.0,0.0
4691,2019-07-15 11:00:00,7,2019-07-15 12:00:00,0.10547,0.10547,0.10547,0.0,0.9034024407263498,590.7256912225179,-0.0,27.291526138844006,0.0,563.4341650836739,563.4341650836739,0.0,0.0
4692,2019-07-15 12:00:00,7,2019-07-15 13:00:00,0.10547,0.10547,0.10547,0.0,0.8539612701849656,586.3214866614711,-0.0,22.887321577797252,0.0,563.4341650836739,563.4341650836739,0.0,0.0
4693,2019-07-15 13:00:00,7,2019-07-15 14:00:00,0.10547,0.10547,0.10547,0.0,0.8124987310947531,572.4957351778686,-0.0,9.061570094194735,0.0,563.4341650836739,563.4341650836739,0.0,0.0
4694,2019-07-15 14:00:00,7,2019-07-15 15:00:00,0.12561,0.12561,0.12561,0.0,0.7960828432429511,562.8555684522711,-0.5785966314027746,0.0,0.0,563.4341650836739,563.4341650836739,0.0,1.0
4695,2019-07-15 15:00:00,7,2019-07-15 16:00:00,0.12561,0.12561,0.12561,0.0,0.7969700247444353,562.0250150762711,-1.4091500074027863,0.0,0.0,563.4341650836739,563.4341650836739,0.0,1.0
4696,2019-07-15 16:00:00,7,2019-07-15 17:00:00,0.15111,0.15111,0.15111,0.0,0.7991307214224529,555.2601185231995,-0.0,0.0,0.0,555.2601185231995,555.2601185231995,0.0,1.0
4697,2019-07-15 17:00:00,7,2019-07-15 18:00:00,0.15111,0.15111,0.15111,0.0,0.7991307214224529,507.9887326533828,-0.0,300.0,0.0,207.98873265338278,207.98873265338278,0.0,0.0
4698,2019-07-15 18:00:00,7,2019-07-15 19:00:00,0.15111,0.15111,0.15111,0.0,0.2556524605528877,416.065147295353,-0.0,113.52015822519407,0.0,302.5449890701589,302.5449890701589,0.0,0.0
4699,2019-07-15 19:00:00,7,2019-07-15 20:00:00,0.15111,0.15111,0.15111,0.0,0.049999999999999926,410.801974628862,-0.0,0.0,0.0,410.801974628862,410.801974628862,0.0,1.0
4700,2019-07-15 20:00:00,7,2019-07-15 21:00:00,0.15111,0.15111,0.15111,0.0,0.05,308.1730542208416,-0.0,0.0,0.0,308.1730542208416,308.1730542208416,0.0,1.0
4701,2019-07-15 21:00:00,7,2019-07-15 22:00:00,0.12561,0.12561,0.12561,0.0,0.05,226.90009730521385,-0.0,0.0,0.0,226.90009730521385,226.90009730521385,0.0,0.0
4702,2019-07-15 22:00:00,7,2019-07-15 23:00:00,0.12561,0.12561,0.12561,0.0,0.05,292.2436077135711,-0.0,0.0,0.0,292.2436077135711,292.2436077135711,0.0,1.0
4703,2019-07-15 23:00:00,7,2019-07-16 00:00:00,0.10547,0.10547,0.10547,0.0,0.05,237.0929021811148,-0.0,0.0,0.0,237.0929021811148,237.0929021811148,0.0,0.0
4704,2019-07-16 00:00:00,7,2019-07-16 01:00:00,0.10547,0.10547,0.10547,0.0,0.05,217.8117984041916,-0.0,0.0,0.0,217.8117984041916,217.8117984041916,0.0,0.0
4705,2019-07-16 01:00:00,7,2019-07-16 02:00:00,0.10547,0.10547,0.10547,0.0,0.05,215.24930439394004,-0.0,0.0,0.0,215.24930439394004,215.24930439394004,0.0,0.0
4706,2019-07-16 02:00:00,7,2019-07-16 03:00:00,0.10547,0.10547,0.10547,0.0,0.05,213.31162889722643,-0.0,0.0,0.0,213.31162889722643,213.31162889722643,0.0,0.0
4707,2019-07-16 03:00:00,7,2019-07-16 04:00:00,0.10547,0.10547,0.10547,0.0,0.05,226.3633627860173,-0.0,0.0,0.0,226.3633627860173,226.3633627860173,0.0,0.0
4708,2019-07-16 04:00:00,7,2019-07-16 05:00:00,0.10547,0.10547,0.10547,0.0,0.05,224.4535057397897,-270.4962715473832,0.0,0.0,494.9497772871729,494.9497772871729,0.0,1.0
4709,2019-07-16 05:00:00,7,2019-07-16 06:00:00,0.10547,0.10547,0.10547,0.0,0.4647609497059875,266.45839710295513,-155.4898368431327,0.0,0.0,421.94823394608784,421.94823394608784,0.0,1.0
4710,2019-07-16 06:00:00,7,2019-07-16 07:00:00,0.10547,0.10547,0.10547,0.0,0.7031786995321244,301.37066828638444,-193.57910900078843,0.0,0.0,494.9497772871729,494.9497772871729,0.0,1.0
4711,2019-07-16 07:00:00,7,2019-07-16 08:00:00,0.10547,0.10547,0.10547,0.0,1.0,372.65525209153634,-0.0,0.0,0.0,372.65525209153634,372.65525209153634,0.0,1.0
4712,2019-07-16 08:00:00,7,2019-07-16 09:00:00,0.10547,0.10547,0.10547,0.0,1.0,328.4475311384049,-0.0,0.0,0.0,328.4475311384049,328.4475311384049,0.0,1.0
4713,2019-07-16 09:00:00,7,2019-07-16 10:00:00,0.10547,0.10547,0.10547,0.0,1.0,400.71529350287864,-0.0,0.0,0.0,400.71529350287864,400.71529350287864,0.0,0.0
4714,2019-07-16 10:00:00,7,2019-07-16 11:00:00,0.10547,0.10547,0.10547,0.0,1.0,461.514501359182,-0.0,0.0,0.0,461.514501359182,461.514501359182,0.0,0.0
4715,2019-07-16 11:00:00,7,2019-07-16 12:00:00,0.10547,0.10547,0.10547,0.0,1.0,492.3046677785036,-0.0,0.0,0.0,492.3046677785036,492.3046677785036,0.0,1.0
4716,2019-07-16 12:00:00,7,2019-07-16 13:00:00,0.10547,0.10547,0.10547,0.0,1.0,494.9497772871729,-0.0,0.0,0.0,494.9497772871729,494.9497772871729,0.0,1.0
4717,2019-07-16 13:00:00,7,2019-07-16 14:00:00,0.10547,0.10547,0.10547,0.0,1.0,485.1312676176521,-0.0,0.0,0.0,485.1312676176521,485.1312676176521,0.0,1.0
4718,2019-07-16 14:00:00,7,2019-07-16 15:00:00,0.12561,0.12561,0.12561,0.0,1.0,476.00201620749294,-0.0,0.0,0.0,476.00201620749294,476.00201620749294,0.0,1.0
4719,2019-07-16 15:00:00,7,2019-07-16 16:00:00,0.12561,0.12561,0.12561,0.0,1.0,474.9984211768715,-0.0,0.0,0.0,474.9984211768715,474.9984211768715,0.0,0.0
4720,2019-07-16 16:00:00,7,2019-07-16 17:00:00,0.15111,0.15111,0.15111,0.0,1.0,411.0846945736151,-0.0,224.4,0.0,186.68469457361508,186.68469457361508,0.0,0.0
4721,2019-07-16 17:00:00,7,2019-07-16 18:00:00,0.15111,0.15111,0.15111,0.0,0.5934782608695652,414.7858821260465,-0.0,300.0,0.0,114.78588212604649,114.78588212604649,0.0,0.0
4722,2019-07-16 18:00:00,7,2019-07-16 19:00:00,0.15111,0.15111,0.15111,0.0,0.05,378.6743532102715,-0.0,0.0,0.0,378.6743532102715,378.6743532102715,0.0,1.0
4723,2019-07-16 19:00:00,7,2019-07-16 20:00:00,0.15111,0.15111,0.15111,0.0,0.05,379.5349844687625,-0.0,0.0,0.0,379.5349844687625,379.5349844687625,0.0,0.0
4724,2019-07-16 20:00:00,7,2019-07-16 21:00:00,0.15111,0.15111,0.15111,0.0,0.05,338.33809863841196,-0.0,0.0,0.0,338.33809863841196,338.33809863841196,0.0,0.0
4725,2019-07-16 21:00:00,7,2019-07-16 22:00:00,0.12561,0.12561,0.12561,0.0,0.05,227.8939587800872,-0.0,0.0,0.0,227.8939587800872,227.8939587800872,0.0,0.0
4726,2019-07-16 22:00:00,7,2019-07-16 23:00:00,0.12561,0.12561,0.12561,0.0,0.05,293.5376792216967,-0.0,0.0,0.0,293.5376792216967,293.5376792216967,0.0,1.0
4727,2019-07-16 23:00:00,7,2019-07-17 00:00:00,0.10547,0.10547,0.10547,0.0,0.05,238.3017816962442,-0.0,0.0,0.0,238.3017816962442,238.3017816962442,0.0,0.0
4728,2019-07-17 00:00:00,7,2019-07-17 01:00:00,0.10547,0.10547,0.10547,0.0,0.05,223.77023581722548,-0.0,0.0,0.0,223.77023581722548,223.77023581722548,0.0,0.0
4729,2019-07-17 01:00:00,7,2019-07-17 02:00:00,0.10547,0.10547,0.10547,0.0,0.05,220.98277121406116,-0.0,0.0,0.0,220.98277121406116,220.98277121406116,0.0,0.0
4730,2019-07-17 02:00:00,7,2019-07-17 03:00:00,0.10547,0.10547,0.10547,0.0,0.05,218.77310371514008,-0.0,0.0,0.0,218.77310371514008,218.77310371514008,0.0,0.0
4731,2019-07-17 03:00:00,7,2019-07-17 04:00:00,0.10547,0.10547,0.10547,0.0,0.05,231.45937305374264,-0.0,0.0,0.0,231.45937305374264,231.45937305374264,0.0,0.0
4732,2019-07-17 04:00:00,7,2019-07-17 05:00:00,0.10547,0.10547,0.10547,0.0,0.05,229.3012553810692,-242.29772109392124,0.0,0.0,471.5989764749904,471.5989764749904,0.0,1.0
4733,2019-07-17 05:00:00,7,2019-07-17 06:00:00,0.10547,0.10547,0.10547,0.0,0.42152317234401254,295.2375179501465,-268.19664713352734,0.0,0.0,563.4341650836739,563.4341650836739,0.0,1.0
4734,2019-07-17 06:00:00,7,2019-07-17 07:00:00,0.10547,0.10547,0.10547,0.0,0.8327580312820878,328.67882235017385,0.0,0.0,0.0,328.67882235017385,328.67882235017385,0.0,0.0
4735,2019-07-17 07:00:00,7,2019-07-17 08:00:00,0.10547,0.10547,0.10547,0.0,0.8327580312820878,484.82920458764204,-78.60496049603182,0.0,0.0,563.4341650836739,563.4341650836739,0.0,1.0
4736,2019-07-17 08:00:00,7,2019-07-17 09:00:00,0.10547,0.10547,0.10547,0.0,0.9532856373760032,544.9078655356316,-0.0,0.0,0.0,544.9078655356316,544.9078655356316,0.0,0.0
4737,2019-07-17 09:00:00,7,2019-07-17 10:00:00,0.10547,0.10547,0.10547,0.0,0.9532856373760032,532.9682764158499,-30.465888667823947,0.0,0.0,563.4341650836739,563.4341650836739,0.0,1.0
4738,2019-07-17 10:00:00,7,2019-07-17 11:00:00,0.10547,0.10547,0.10547,0.0,1.0,590.9371042180467,-0.0,27.50293913437281,0.0,563.4341650836739,563.4341650836739,0.0,0.0
4739,2019-07-17 11:00:00,7,2019-07-17 12:00:00,0.10547,0.10547,0.10547,0.0,0.9501758349014985,567.8309434410221,-0.0,4.396778357348239,0.0,563.4341650836739,563.4341650836739,0.0,0.0
4740,2019-07-17 12:00:00,7,2019-07-17 13:00:00,0.10547,0.10547,0.10547,0.0,0.9422106567178967,572.744181144703,-0.0,9.31001606102916,0.0,563.4341650836739,563.4341650836739,0.0,0.0
4741,2019-07-17 13:00:00,7,2019-07-17 14:00:00,0.10547,0.10547,0.10547,0.0,0.9253446855928439,562.4627586224285,-0.9714064612453512,0.0,0.0,563.4341650836739,563.4341650836739,0.0,1.0
4742,2019-07-17 14:00:00,7,2019-07-17 15:00:00,0.12561,0.12561,0.12561,0.0,0.9268341755000868,551.9603851442947,-11.473779939379142,0.0,0.0,563.4341650836739,563.4341650836739,0.0,1.0
4743,2019-07-17 15:00:00,7,2019-07-17 16:00:00,0.12561,0.12561,0.12561,0.0,0.9444273047404681,550.2877728476653,-13.146392236008523,0.0,0.0,563.4341650836739,563.4341650836739,0.0,1.0
4744,2019-07-17 16:00:00,7,2019-07-17 17:00:00,0.15111,0.15111,0.15111,0.0,0.9645851061690145,544.3797374786183,-0.0,0.0,0.0,544.3797374786183,544.3797374786183,0.0,0.0
4745,2019-07-17 17:00:00,7,2019-07-17 18:00:00,0.15111,0.15111,0.15111,0.0,0.9645851061690145,530.6350701311185,-0.0,204.85097860529604,0.0,325.7840915258224,325.7840915258224,0.0,0.0
4746,2019-07-17 18:00:00,7,2019-07-17 19:00:00,0.15111,0.15111,0.15111,0.0,0.5934782608695652,501.1344663180597,-0.0,0.0,0.0,501.1344663180597,501.1344663180597,0.0,0.0
4747,2019-07-17 19:00:00,7,2019-07-17 20:00:00,0.15111,0.15111,0.15111,0.0,0.5934782608695652,470.2133427427277,-0.0,0.0,0.0,470.2133427427277,470.2133427427277,0.0,1.0
4748,2019-07-17 20:00:00,7,2019-07-17 21:00:00,0.15111,0.15111,0.15111,0.0,0.5934782608695652,337.14806285072103,-0.0,300.0,0.0,37.14806285072103,37.14806285072103,0.0,0.0
4749,2019-07-17 21:00:00,7,2019-07-17 22:00:00,0.12561,0.12561,0.12561,0.0,0.05,231.4996173198564,-0.0,0.0,0.0,231.4996173198564,231.4996173198564,0.0,0.0
4750,2019-07-17 22:00:00,7,2019-07-17 23:00:00,0.12561,0.12561,0.12561,0.0,0.05,296.9853105436174,-0.0,0.0,0.0,296.9853105436174,296.9853105436174,0.0,1.0
4751,2019-07-17 23:00:00,7,2019-07-18 00:00:00,0.10547,0.10547,0.10547,0.0,0.05,241.8055043538204,-0.0,0.0,0.0,241.8055043538204,241.8055043538204,0.0,0.0
4752,2019-07-18 00:00:00,7,2019-07-18 01:00:00,0.10547,0.10547,0.10547,0.0,0.05,222.68845552107516,-0.0,0.0,0.0,222.68845552107516,222.68845552107516,0.0,0.0
4753,2019-07-18 01:00:00,7,2019-07-18 02:00:00,0.10547,0.10547,0.10547,0.0,0.05,219.9818022374152,-0.0,0.0,0.0,219.9818022374152,219.9818022374152,0.0,0.0
4754,2019-07-18 02:00:00,7,2019-07-18 03:00:00,0.10547,0.10547,0.10547,0.0,0.05,217.6970204377616,-0.0,0.0,0.0,217.6970204377616,217.6970204377616,0.0,0.0
4755,2019-07-18 03:00:00,7,2019-07-18 04:00:00,0.10547,0.10547,0.10547,0.0,0.05,264.2763819571114,-299.15778312656244,0.0,0.0,563.4341650836739,563.4341650836739,0.0,1.0
4756,2019-07-18 04:00:00,7,2019-07-18 05:00:00,0.10547,0.10547,0.10547,0.0,0.5087086007940624,263.4044540724305,-295.6372561431674,0.0,0.0,559.041710215598,559.041710215598,0.0,1.0
4757,2019-07-18 05:00:00,7,2019-07-18 06:00:00,0.10547,0.10547,0.10547,0.0,0.9620190602135859,330.80572247570836,-0.0,0.0,0.0,330.80572247570836,330.80572247570836,0.0,1.0
4758,2019-07-18 06:00:00,7,2019-07-18 07:00:00,0.10547,0.10547,0.10547,0.0,0.9620190602135859,348.28594187491154,-0.0,0.0,0.0,348.28594187491154,348.28594187491154,0.0,1.0
4759,2019-07-18 07:00:00,7,2019-07-18 08:00:00,0.10547,0.10547,0.10547,0.0,0.9620190602135859,485.6163733695168,-0.0,0.0,0.0,485.6163733695168,485.6163733695168,0.0,0.0
4760,2019-07-18 08:00:00,7,2019-07-18 09:00:00,0.10547,0.10547,0.10547,0.0,0.9620190602135859,549.0978901064719,-0.0,0.0,0.0,549.0978901064719,549.0978901064719,0.0,1.0
4761,2019-07-18 09:00:00,7,2019-07-18 10:00:00,0.10547,0.10547,0.10547,0.0,0.9620190602135859,538.6639869620994,-24.770178121574418,0.0,0.0,563.4341650836739,563.4341650836739,0.0,1.0
4762,2019-07-18 10:00:00,7,2019-07-18 11:00:00,0.10547,0.10547,0.10547,0.0,1.0,593.8845358556388,-0.0,30.450370771964913,0.0,563.4341650836739,563.4341650836739,0.0,0.0
4763,2019-07-18 11:00:00,7,2019-07-18 12:00:00,0.10547,0.10547,0.10547,0.0,0.944836284833397,569.1662105255351,-0.0,5.73204544186126,0.0,563.4341650836739,563.4341650836739,0.0,0.0
4764,2019-07-18 12:00:00,7,2019-07-18 13:00:00,0.10547,0.10547,0.10547,0.0,0.9344521445401701,570.8545282613807,-0.0,7.420363177706804,0.0,563.4341650836739,563.4341650836739,0.0,0.0
4765,2019-07-18 13:00:00,7,2019-07-18 14:00:00,0.10547,0.10547,0.10547,0.0,0.9210094576240345,562.8330054623019,-0.6011596213719486,0.0,0.0,563.4341650836739,563.4341650836739,0.0,1.0
4766,2019-07-18 14:00:00,7,2019-07-18 15:00:00,0.12561,0.12561,0.12561,0.0,0.9219312357101381,554.8327011268341,-8.60146395683978,0.0,0.0,563.4341650836739,563.4341650836739,0.0,1.0
4767,2019-07-18 15:00:00,7,2019-07-18 16:00:00,0.12561,0.12561,0.12561,0.0,0.9351201471106257,553.9312608901499,-9.502904193523932,0.0,0.0,563.4341650836739,563.4341650836739,0.0,1.0
4768,2019-07-18 16:00:00,7,2019-07-18 17:00:00,0.15111,0.15111,0.15111,0.0,0.9496912668740292,547.4954273303902,-0.0,300.0,0.0,247.49542733039016,247.49542733039016,0.0,0.0
4769,2019-07-18 17:00:00,7,2019-07-18 18:00:00,0.15111,0.15111,0.15111,0.0,0.4062130060044639,532.2858501143273,-0.0,196.6295793144641,0.0,335.65627079986325,335.65627079986325,0.0,0.0
4770,2019-07-18 18:00:00,7,2019-07-18 19:00:00,0.15111,0.15111,0.15111,0.0,0.05,486.3763300583328,-0.0,0.0,0.0,486.3763300583328,486.3763300583328,0.0,0.0
4771,2019-07-18 19:00:00,7,2019-07-18 20:00:00,0.15111,0.15111,0.15111,0.0,0.05,456.59508089066026,-0.0,0.0,0.0,456.59508089066026,456.59508089066026,0.0,1.0
4772,2019-07-18 20:00:00,7,2019-07-18 21:00:00,0.15111,0.15111,0.15111,0.0,0.05,326.9879502666251,-0.0,0.0,0.0,326.9879502666251,326.9879502666251,0.0,1.0
4773,2019-07-18 21:00:00,7,2019-07-18 22:00:00,0.12561,0.12561,0.12561,0.0,0.05,231.7196599526468,-0.0,0.0,0.0,231.7196599526468,231.7196599526468,0.0,0.0
4774,2019-07-18 22:00:00,7,2019-07-18 23:00:00,0.12561,0.12561,0.12561,0.0,0.05,297.0689070808848,-0.0,0.0,0.0,297.0689070808848,297.0689070808848,0.0,1.0
4775,2019-07-18 23:00:00,7,2019-07-19 00:00:00,0.10547,0.10547,0.10547,0.0,0.05,242.0277661068164,-0.0,0.0,0.0,242.0277661068164,242.0277661068164,0.0,0.0
4776,2019-07-19 00:00:00,7,2019-07-19 01:00:00,0.10547,0.10547,0.10547,0.0,0.05,222.80651200395755,-0.0,0.0,0.0,222.80651200395755,222.80651200395755,0.0,0.0
4777,2019-07-19 01:00:00,7,2019-07-19 02:00:00,0.10547,0.10547,0.10547,0.0,0.05,220.0441281780504,-0.0,0.0,0.0,220.0441281780504,220.0441281780504,0.0,0.0
4778,2019-07-19 02:00:00,7,2019-07-19 03:00:00,0.10547,0.10547,0.10547,0.0,0.05,217.77951317286443,-0.0,0.0,0.0,217.77951317286443,217.77951317286443,0.0,0.0
4779,2019-07-19 03:00:00,7,2019-07-19 04:00:00,0.10547,0.10547,0.10547,0.0,0.05,230.28605749618782,-0.0,0.0,0.0,230.28605749618782,230.28605749618782,0.0,0.0
4780,2019-07-19 04:00:00,7,2019-07-19 05:00:00,0.10547,0.10547,0.10547,0.0,0.05,228.4299316707011,-0.0,0.0,0.0,228.4299316707011,228.4299316707011,0.0,0.0
4781,2019-07-19 05:00:00,7,2019-07-19 06:00:00,0.10547,0.10547,0.10547,0.0,0.05,294.49438069957955,-268.9397843840943,0.0,0.0,563.4341650836739,563.4341650836739,0.0,1.0
4782,2019-07-19 06:00:00,7,2019-07-19 07:00:00,0.10547,0.10547,0.10547,0.0,0.4623743360556113,327.4623536293917,-235.97181145428215,0.0,0.0,563.4341650836739,563.4341650836739,0.0,1.0
4783,2019-07-19 07:00:00,7,2019-07-19 08:00:00,0.10547,0.10547,0.10547,0.0,0.8241977802855106,485.3769025619374,-78.05726252173645,0.0,0.0,563.4341650836739,563.4341650836739,0.0,1.0
4784,2019-07-19 08:00:00,7,2019-07-19 09:00:00,0.10547,0.10547,0.10547,0.0,0.9438855828188398,549.7717942626327,-13.662370821041122,0.0,0.0,563.4341650836739,563.4341650836739,0.0,1.0
4785,2019-07-19 09:00:00,7,2019-07-19 10:00:00,0.10547,0.10547,0.10547,0.0,0.964834551411103,539.9689102707584,-22.93398821015026,0.0,0.0,562.9028984809087,562.9028984809087,0.0,1.0
4786,2019-07-19 10:00:00,7,2019-07-19 11:00:00,0.10547,0.10547,0.10547,0.0,1.0,595.9670428172773,-0.0,32.532877733603414,0.0,563.4341650836739,563.4341650836739,0.0,0.0
4787,2019-07-19 11:00:00,7,2019-07-19 12:00:00,0.10547,0.10547,0.10547,0.0,0.9410636272941967,573.0386688030677,-0.0,9.604503719393847,0.0,563.4341650836739,563.4341650836739,0.0,0.0
4788,2019-07-19 12:00:00,7,2019-07-19 13:00:00,0.10547,0.10547,0.10547,0.0,0.9236641640344252,577.0718414110806,-0.0,13.63767632740678,0.0,563.4341650836739,563.4341650836739,0.0,0.0
4789,2019-07-19 13:00:00,7,2019-07-19 14:00:00,0.10547,0.10547,0.10547,0.0,0.8989582286586882,572.4597401164774,-0.0,9.025575032803545,0.0,563.4341650836739,563.4341650836739,0.0,0.0
4790,2019-07-19 14:00:00,7,2019-07-19 15:00:00,0.12561,0.12561,0.12561,0.0,0.8826075492514355,564.0379901227099,-0.0,0.6038250390359963,0.0,563.4341650836739,563.4341650836739,0.0,0.0
4791,2019-07-19 15:00:00,7,2019-07-19 16:00:00,0.12561,0.12561,0.12561,0.0,0.8815136633111528,563.8538843550061,-0.0,0.4197192713322693,0.0,563.4341650836739,563.4341650836739,0.0,0.0
4792,2019-07-19 16:00:00,7,2019-07-19 17:00:00,0.15111,0.15111,0.15111,0.0,0.8807533023123625,555.2267251899486,-0.0,300.0,0.0,255.22672518994864,255.22672518994864,0.0,0.0
4793,2019-07-19 17:00:00,7,2019-07-19 18:00:00,0.15111,0.15111,0.15111,0.0,0.3372750414427973,534.5160730145417,-0.0,158.57582287642413,0.0,375.94025013811756,375.94025013811756,0.0,0.0
4794,2019-07-19 18:00:00,7,2019-07-19 19:00:00,0.15111,0.15111,0.15111,0.0,0.05,500.00391718428983,-0.0,0.0,0.0,500.00391718428983,500.00391718428983,0.0,1.0
4795,2019-07-19 19:00:00,7,2019-07-19 20:00:00,0.15111,0.15111,0.15111,0.0,0.05,467.3989045294228,-0.0,0.0,0.0,467.3989045294228,467.3989045294228,0.0,1.0
4796,2019-07-19 20:00:00,7,2019-07-19 21:00:00,0.15111,0.15111,0.15111,0.0,0.05,335.81506827405036,-0.0,0.0,0.0,335.81506827405036,335.81506827405036,0.0,0.0
4797,2019-07-19 21:00:00,7,2019-07-19 22:00:00,0.12561,0.12561,0.12561,0.0,0.05,230.04290486721658,-0.0,0.0,0.0,230.04290486721658,230.04290486721658,0.0,0.0
4798,2019-07-19 22:00:00,7,2019-07-19 23:00:00,0.12561,0.12561,0.12561,0.0,0.05,295.83074718471636,-0.0,0.0,0.0,295.83074718471636,295.83074718471636,0.0,1.0
4799,2019-07-19 23:00:00,7,2019-07-20 00:00:00,0.10547,0.10547,0.10547,0.0,0.05,240.60118337888366,-0.0,0.0,0.0,240.60118337888366,240.60118337888366,0.0,0.0
4800,2019-07-20 00:00:00,7,2019-07-20 01:00:00,0.10547,0.10547,0.10547,0.0,0.05,221.42830522575423,-0.0,0.0,0.0,221.42830522575423,221.42830522575423,0.0,0.0
4801,2019-07-20 01:00:00,7,2019-07-20 02:00:00,0.10547,0.10547,0.10547,0.0,0.05,218.68213739495002,-0.0,0.0,0.0,218.68213739495002,218.68213739495002,0.0,0.0
4802,2019-07-20 02:00:00,7,2019-07-20 03:00:00,0.10547,0.10547,0.10547,0.0,0.05,216.4069336887888,-0.0,0.0,0.0,216.4069336887888,216.4069336887888,0.0,0.0
4803,2019-07-20 03:00:00,7,2019-07-20 04:00:00,0.10547,0.10547,0.10547,0.0,0.05,229.11988612545161,-0.0,0.0,0.0,229.11988612545161,229.11988612545161,0.0,0.0
4804,2019-07-20 04:00:00,7,2019-07-20 05:00:00,0.10547,0.10547,0.10547,0.0,0.05,226.60152468253773,-31.274048682965926,0.0,0.0,257.87557336550367,257.87557336550367,0.0,1.0
4805,2019-07-20 05:00:00,7,2019-07-20 06:00:00,0.10547,0.10547,0.10547,0.0,0.09795354131388109,292.5068828162564,-270.92728226741747,0.0,0.0,563.4341650836739,563.4341650836739,0.0,1.0
4806,2019-07-20 06:00:00,7,2019-07-20 07:00:00,0.10547,0.10547,0.10547,0.0,0.5133753741239212,325.87507641010876,-237.55908867356516,0.0,0.0,563.4341650836739,563.4341650836739,0.0,1.0
4807,2019-07-20 07:00:00,7,2019-07-20 08:00:00,0.10547,0.10547,0.10547,0.0,0.8776326434233878,483.6293673163181,-79.80479776735575,0.0,0.0,563.4341650836739,563.4341650836739,0.0,1.0
4808,2019-07-20 08:00:00,7,2019-07-20 09:00:00,0.10547,0.10547,0.10547,0.0,1.0,548.5360733892281,-0.0,0.0,0.0,548.5360733892281,548.5360733892281,0.0,0.0
4809,2019-07-20 09:00:00,7,2019-07-20 10:00:00,0.10547,0.10547,0.10547,0.0,1.0,539.7144528979845,-0.0,0.0,0.0,539.7144528979845,539.7144528979845,0.0,0.0
4810,2019-07-20 10:00:00,7,2019-07-20 11:00:00,0.10547,0.10547,0.10547,0.0,1.0,595.9652853146376,-0.0,32.53112023096378,0.0,563.4341650836739,563.4341650836739,0.0,0.0
4811,2019-07-20 11:00:00,7,2019-07-20 12:00:00,0.10547,0.10547,0.10547,0.0,0.9410668111757902,573.0870373725827,-0.0,9.652872288908839,0.0,563.4341650836739,563.4341650836739,0.0,0.0
4812,2019-07-20 12:00:00,7,2019-07-20 13:00:00,0.10547,0.10547,0.10547,0.0,0.9235797236958829,577.1172170346163,-0.0,13.6830519509424,0.0,563.4341650836739,563.4341650836739,0.0,0.0
4813,2019-07-20 13:00:00,7,2019-07-20 14:00:00,0.10547,0.10547,0.10547,0.0,0.898791586103596,572.5375903559948,-0.0,9.10342527232092,0.0,563.4341650836739,563.4341650836739,0.0,0.0
4814,2019-07-20 14:00:00,7,2019-07-20 15:00:00,0.12561,0.12561,0.12561,0.0,0.8822998736537393,564.192617016293,-0.0,0.7584519326190957,0.0,563.4341650836739,563.4341650836739,0.0,0.0
4815,2019-07-20 15:00:00,7,2019-07-20 16:00:00,0.12561,0.12561,0.12561,0.0,0.8809258665294294,563.9776395454063,-0.0,0.5434744617324441,0.0,563.4341650836739,563.4341650836739,0.0,0.0
4816,2019-07-20 16:00:00,7,2019-07-20 17:00:00,0.15111,0.15111,0.15111,0.0,0.8799413113451313,555.3396747222542,-0.0,300.0,0.0,255.33967472225424,255.33967472225424,0.0,0.0
4817,2019-07-20 17:00:00,7,2019-07-20 18:00:00,0.15111,0.15111,0.15111,0.0,0.3364630504755662,534.5630860839655,-0.0,158.12760386251253,0.0,376.43548222145296,376.43548222145296,0.0,0.0
4818,2019-07-20 18:00:00,7,2019-07-20 19:00:00,0.15111,0.15111,0.15111,0.0,0.05,500.0256146971472,-0.0,0.0,0.0,500.0256146971472,500.0256146971472,0.0,1.0
4819,2019-07-20 19:00:00,7,2019-07-20 20:00:00,0.15111,0.15111,0.15111,0.0,0.05,467.3659675480909,-0.0,0.0,0.0,467.3659675480909,467.3659675480909,0.0,1.0
4820,2019-07-20 20:00:00,7,2019-07-20 21:00:00,0.15111,0.15111,0.15111,0.0,0.05,335.79326701652263,-0.0,0.0,0.0,335.79326701652263,335.79326701652263,0.0,0.0
4821,2019-07-20 21:00:00,7,2019-07-20 22:00:00,0.12561,0.12561,0.12561,0.0,0.05,230.0083412267835,-0.0,0.0,0.0,230.0083412267835,230.0083412267835,0.0,0.0
4822,2019-07-20 22:00:00,7,2019-07-20 23:00:00,0.12561,0.12561,0.12561,0.0,0.05,295.4433132626516,-0.0,0.0,0.0,295.4433132626516,295.4433132626516,0.0,1.0
4823,2019-07-20 23:00:00,7,2019-07-21 00:00:00,0.10547,0.10547,0.10547,0.0,0.05,239.9458891886694,-0.0,0.0,0.0,239.9458891886694,239.9458891886694,0.0,0.0
4824,2019-07-21 00:00:00,7,2019-07-21 01:00:00,0.10547,0.10547,0.10547,0.0,0.05,220.5207066206883,-0.0,0.0,0.0,220.5207066206883,220.5207066206883,0.0,0.0
4825,2019-07-21 01:00:00,7,2019-07-21 02:00:00,0.10547,0.10547,0.10547,0.0,0.05,217.53177024572145,-0.0,0.0,0.0,217.53177024572145,217.53177024572145,0.0,0.0
4826,2019-07-21 02:00:00,7,2019-07-21 03:00:00,0.10547,0.10547,0.10547,0.0,0.05,215.14283591966569,-0.0,0.0,0.0,215.14283591966569,215.14283591966569,0.0,0.0
4827,2019-07-21 03:00:00,7,2019-07-21 04:00:00,0.10547,0.10547,0.10547,0.0,0.05,261.6858349351683,-299.99999999999994,0.0,0.0,561.6858349351683,561.6858349351683,0.0,1.0
4828,2019-07-21 04:00:00,7,2019-07-21 05:00:00,0.10547,0.10547,0.10547,0.0,0.5099999999999999,260.07058958393077,-300.0,0.0,0.0,560.0705895839308,560.0705895839308,0.0,1.0
4829,2019-07-21 05:00:00,7,2019-07-21 06:00:00,0.10547,0.10547,0.10547,0.0,0.97,327.16979996942985,-0.0,0.0,0.0,327.16979996942985,327.16979996942985,0.0,1.0
4830,2019-07-21 06:00:00,7,2019-07-21 07:00:00,0.10547,0.10547,0.10547,0.0,0.97,344.7323656003501,-19.565217391304348,0.0,0.0,364.29758299165445,364.29758299165445,0.0,1.0
4831,2019-07-21 07:00:00,7,2019-07-21 08:00:00,0.10547,0.10547,0.10547,0.0,1.0,482.34684020644204,-0.0,0.0,0.0,482.34684020644204,482.34684020644204,0.0,1.0
4832,2019-07-21 08:00:00,7,2019-07-21 09:00:00,0.10547,0.10547,0.10547,0.0,1.0,546.8385757051187,-0.0,0.0,0.0,546.8385757051187,546.8385757051187,0.0,1.0
4833,2019-07-21 09:00:00,7,2019-07-21 10:00:00,0.10547,0.10547,0.10547,0.0,1.0,538.5121161040014,-0.0,0.0,0.0,538.5121161040014,538.5121161040014,0.0,0.0
4834,2019-07-21 10:00:00,7,2019-07-21 11:00:00,0.10547,0.10547,0.10547,0.0,1.0,595.5803370126777,-0.0,32.1461719290038,0.0,563.4341650836739,563.4341650836739,0.0,0.0
4835,2019-07-21 11:00:00,7,2019-07-21 12:00:00,0.10547,0.10547,0.10547,0.0,0.9417641812880365,572.9109297030808,-0.0,9.476764619406936,0.0,563.4341650836739,563.4341650836739,0.0,0.0
4836,2019-07-21 12:00:00,7,2019-07-21 13:00:00,0.10547,0.10547,0.10547,0.0,0.9245961294412848,577.3749532104932,-0.0,13.94078812681937,0.0,563.4341650836739,563.4341650836739,0.0,0.0
4837,2019-07-21 13:00:00,7,2019-07-21 14:00:00,0.10547,0.10547,0.10547,0.0,0.8993410784869019,571.643714878652,-0.0,8.209549794978102,0.0,563.4341650836739,563.4341650836739,0.0,0.0
4838,2019-07-21 14:00:00,7,2019-07-21 15:00:00,0.12561,0.12561,0.12561,0.0,0.8844687056699126,562.4143312376098,-1.0198338460641025,0.0,0.0,563.4341650836739,563.4341650836739,0.0,1.0
4839,2019-07-21 15:00:00,7,2019-07-21 16:00:00,0.12561,0.12561,0.12561,0.0,0.8860324509005443,561.3940877911378,-2.0400772925360116,0.0,0.0,563.4341650836739,563.4341650836739,0.0,1.0
4840,2019-07-21 16:00:00,7,2019-07-21 17:00:00,0.15111,0.15111,0.15111,0.0,0.889160569415766,553.7488463298632,-0.0,163.21663431750287,0.0,390.53221201236033,390.53221201236033,0.0,0.0
4841,2019-07-21 17:00:00,7,2019-07-21 18:00:00,0.15111,0.15111,0.15111,0.0,0.5934782608695652,535.8132646127304,-0.0,300.0,0.0,235.81326461273045,235.81326461273045,0.0,0.0
4842,2019-07-21 18:00:00,7,2019-07-21 19:00:00,0.15111,0.15111,0.15111,0.0,0.05,488.12655715670485,-0.0,0.0,0.0,488.12655715670485,488.12655715670485,0.0,0.0
4843,2019-07-21 19:00:00,7,2019-07-21 20:00:00,0.15111,0.15111,0.15111,0.0,0.05,457.59006913090434,-0.0,0.0,0.0,457.59006913090434,457.59006913090434,0.0,0.0
4844,2019-07-21 20:00:00,7,2019-07-21 21:00:00,0.15111,0.15111,0.15111,0.0,0.05,327.9377087344851,-0.0,0.0,0.0,327.9377087344851,327.9377087344851,0.0,0.0
4845,2019-07-21 21:00:00,7,2019-07-21 22:00:00,0.12561,0.12561,0.12561,0.0,0.05,232.57350069508294,-0.0,0.0,0.0,232.57350069508294,232.57350069508294,0.0,0.0
4846,2019-07-21 22:00:00,7,2019-07-21 23:00:00,0.12561,0.12561,0.12561,0.0,0.05,297.58209423739135,-0.0,0.0,0.0,297.58209423739135,297.58209423739135,0.0,1.0
4847,2019-07-21 23:00:00,7,2019-07-22 00:00:00,0.10547,0.10547,0.10547,0.0,0.05,242.6036923547227,-0.0,0.0,0.0,242.6036923547227,242.6036923547227,0.0,0.0
4848,2019-07-22 00:00:00,7,2019-07-22 01:00:00,0.10547,0.10547,0.10547,0.0,0.05,218.2990669452635,-0.0,0.0,0.0,218.2990669452635,218.2990669452635,0.0,0.0
4849,2019-07-22 01:00:00,7,2019-07-22 02:00:00,0.10547,0.10547,0.10547,0.0,0.05,215.63072905994477,-0.0,0.0,0.0,215.63072905994477,215.63072905994477,0.0,0.0
4850,2019-07-22 02:00:00,7,2019-07-22 03:00:00,0.10547,0.10547,0.10547,0.0,0.05,213.6059769484375,-0.0,0.0,0.0,213.6059769484375,213.6059769484375,0.0,0.0
4851,2019-07-22 03:00:00,7,2019-07-22 04:00:00,0.10547,0.10547,0.10547,0.0,0.05,226.5926660716802,-0.0,0.0,0.0,226.5926660716802,226.5926660716802,0.0,0.0
4852,2019-07-22 04:00:00,7,2019-07-22 05:00:00,0.10547,0.10547,0.10547,0.0,0.05,224.63151176123776,-0.0,0.0,0.0,224.63151176123776,224.63151176123776,0.0,0.0
4853,2019-07-22 05:00:00,7,2019-07-22 06:00:00,0.10547,0.10547,0.10547,0.0,0.05,265.83222338220827,-220.400685388195,0.0,0.0,486.23290877040324,486.23290877040324,0.0,1.0
4854,2019-07-22 06:00:00,7,2019-07-22 07:00:00,0.10547,0.10547,0.10547,0.0,0.38794771759523233,299.57004237196065,-263.8641227117132,0.0,0.0,563.4341650836739,563.4341650836739,0.0,1.0
4855,2019-07-22 07:00:00,7,2019-07-22 08:00:00,0.10547,0.10547,0.10547,0.0,0.7925393724198593,428.1337557922778,-135.30040929139608,0.0,0.0,563.4341650836739,563.4341650836739,0.0,1.0
4856,2019-07-22 08:00:00,7,2019-07-22 09:00:00,0.10547,0.10547,0.10547,0.0,1.0,477.56772266749306,-0.0,0.0,0.0,477.56772266749306,477.56772266749306,0.0,0.0
4857,2019-07-22 09:00:00,7,2019-07-22 10:00:00,0.10547,0.10547,0.10547,0.0,1.0,528.9092248478134,0.0,0.0,0.0,528.9092248478134,528.9092248478134,0.0,0.0
4858,2019-07-22 10:00:00,7,2019-07-22 11:00:00,0.10547,0.10547,0.10547,0.0,1.0,590.8264301494082,-0.0,27.392265065734364,0.0,563.4341650836739,563.4341650836739,0.0,0.0
4859,2019-07-22 11:00:00,7,2019-07-22 12:00:00,0.10547,0.10547,0.10547,0.0,0.9503763314026552,568.0825536691164,-0.0,4.64838858544249,0.0,563.4341650836739,563.4341650836739,0.0,0.0
4860,2019-07-22 12:00:00,7,2019-07-22 13:00:00,0.10547,0.10547,0.10547,0.0,0.9419553375884478,574.6424024155303,-0.0,11.20823733185648,0.0,563.4341650836739,563.4341650836739,0.0,0.0
4861,2019-07-22 13:00:00,7,2019-07-22 14:00:00,0.10547,0.10547,0.10547,0.0,0.9216505598133454,566.6612708076182,-0.0,3.2271057239443053,0.0,563.4341650836739,563.4341650836739,0.0,0.0
4862,2019-07-22 14:00:00,7,2019-07-22 15:00:00,0.12561,0.12561,0.12561,0.0,0.9158043537917073,556.2805162707847,-7.153648812889173,0.0,0.0,563.4341650836739,563.4341650836739,0.0,1.0
4863,2019-07-22 15:00:00,7,2019-07-22 16:00:00,0.12561,0.12561,0.12561,0.0,0.9267732819714708,554.9336337422925,-8.500531341381361,0.0,0.0,563.4341650836739,563.4341650836739,0.0,1.0
4864,2019-07-22 16:00:00,7,2019-07-22 17:00:00,0.15111,0.15111,0.15111,0.0,0.9398074300282555,547.4549765408235,-0.0,300.0,0.0,247.4549765408235,247.4549765408235,0.0,0.0
4865,2019-07-22 17:00:00,7,2019-07-22 18:00:00,0.15111,0.15111,0.15111,0.0,0.3963291691586903,501.7748594314297,-0.0,191.17370137559706,0.0,310.6011580558327,310.6011580558327,0.0,0.0
4866,2019-07-22 18:00:00,7,2019-07-22 19:00:00,0.15111,0.15111,0.15111,0.0,0.05,408.74987419255694,-0.0,0.0,0.0,408.74987419255694,408.74987419255694,0.0,0.0
4867,2019-07-22 19:00:00,7,2019-07-22 20:00:00,0.15111,0.15111,0.15111,0.0,0.05,407.0194099730228,-0.0,0.0,0.0,407.0194099730228,407.0194099730228,0.0,1.0
4868,2019-07-22 20:00:00,7,2019-07-22 21:00:00,0.15111,0.15111,0.15111,0.0,0.05,309.06824328289457,-0.0,0.0,0.0,309.06824328289457,309.06824328289457,0.0,1.0
4869,2019-07-22 21:00:00,7,2019-07-22 22:00:00,0.12561,0.12561,0.12561,0.0,0.05,228.90366350041685,-0.0,0.0,0.0,228.90366350041685,228.90366350041685,0.0,0.0
4870,2019-07-22 22:00:00,7,2019-07-22 23:00:00,0.12561,0.12561,0.12561,0.0,0.05,294.41657197039325,-0.0,0.0,0.0,294.41657197039325,294.41657197039325,0.0,1.0
4871,2019-07-22 23:00:00,7,2019-07-23 00:00:00,0.10547,0.10547,0.10547,0.0,0.05,239.3047310983054,-0.0,0.0,0.0,239.3047310983054,239.3047310983054,0.0,0.0
4872,2019-07-23 00:00:00,7,2019-07-23 01:00:00,0.10547,0.10547,0.10547,0.0,0.05,219.41428026746482,-0.0,1.5246815536982024e-14,0.0,219.4142802674648,219.4142802674648,0.0,0.0
4873,2019-07-23 01:00:00,7,2019-07-23 02:00:00,0.10547,0.10547,0.10547,0.0,0.049999999999999975,216.44954475833126,-0.0,1.5342916094357448e-14,0.0,216.44954475833123,216.44954475833123,0.0,0.0
4874,2019-07-23 02:00:00,7,2019-07-23 03:00:00,0.10547,0.10547,0.10547,0.0,0.04999999999999995,214.2246905123881,-0.0,0.0,0.0,214.2246905123881,214.2246905123881,0.0,0.0
4875,2019-07-23 03:00:00,7,2019-07-23 04:00:00,0.10547,0.10547,0.10547,0.0,0.049999999999999975,226.8928430757202,-0.0,0.0,0.0,226.8928430757202,226.8928430757202,0.0,0.0
4876,2019-07-23 04:00:00,7,2019-07-23 05:00:00,0.10547,0.10547,0.10547,0.0,0.049999999999999975,224.6834431298277,-267.8016419106285,0.0,0.0,492.4850850404562,492.4850850404562,0.0,1.0
4877,2019-07-23 05:00:00,7,2019-07-23 06:00:00,0.10547,0.10547,0.10547,0.0,0.46062918426296373,265.59933180010665,-177.8364808465467,0.0,0.0,443.43581264665335,443.43581264665335,0.0,1.0
4878,2019-07-23 06:00:00,7,2019-07-23 07:00:00,0.10547,0.10547,0.10547,0.0,0.7333117882276686,297.7926687051195,-0.0,0.0,0.0,297.7926687051195,297.7926687051195,0.0,1.0
4879,2019-07-23 07:00:00,7,2019-07-23 08:00:00,0.10547,0.10547,0.10547,0.0,0.7333117882276686,367.2558269495436,-0.0,5.6646387946212495e-14,0.0,367.2558269495435,367.2558269495435,0.0,0.0
4880,2019-07-23 08:00:00,7,2019-07-23 09:00:00,0.10547,0.10547,0.10547,0.0,0.7333117882276686,318.5579904063277,-173.9270946341283,-1.2789769243681803e-13,0.0,492.4850850404561,492.4850850404561,0.0,1.0
4881,2019-07-23 09:00:00,7,2019-07-23 10:00:00,0.10547,0.10547,0.10547,0.0,0.9999999999999989,387.30387409382513,-0.0,5.684341886080802e-14,0.0,387.3038740938251,387.3038740938251,0.0,0.0
4882,2019-07-23 10:00:00,7,2019-07-23 11:00:00,0.10547,0.10547,0.10547,0.0,0.9999999999999984,450.92973386176726,-0.0,5.684341886080802e-14,0.0,450.9297338617672,450.9297338617672,0.0,1.0
4883,2019-07-23 11:00:00,7,2019-07-23 12:00:00,0.10547,0.10547,0.10547,0.0,0.9999999999999984,484.2080382936279,-0.0,-5.684341886080801e-13,0.0,484.2080382936285,484.2080382936285,0.0,0.0
4884,2019-07-23 12:00:00,7,2019-07-23 13:00:00,0.10547,0.10547,0.10547,0.0,1.0,492.48508504045566,-0.0,0.0,0.0,492.48508504045566,492.48508504045566,0.0,1.0
4885,2019-07-23 13:00:00,7,2019-07-23 14:00:00,0.10547,0.10547,0.10547,0.0,1.0,484.5366216623151,-0.0,0.0,0.0,484.5366216623151,484.5366216623151,0.0,1.0
4886,2019-07-23 14:00:00,7,2019-07-23 15:00:00,0.12561,0.12561,0.12561,0.0,1.0,474.6860325973739,-0.0,0.0,0.0,474.6860325973739,474.6860325973739,0.0,1.0
4887,2019-07-23 15:00:00,7,2019-07-23 16:00:00,0.12561,0.12561,0.12561,0.0,1.0,473.12205829636116,-0.0,0.0,0.0,473.12205829636116,473.12205829636116,0.0,0.0
4888,2019-07-23 16:00:00,7,2019-07-23 17:00:00,0.15111,0.15111,0.15111,0.0,1.0,408.59949732002747,-0.0,224.4,0.0,184.19949732002746,184.19949732002746,0.0,0.0
4889,2019-07-23 17:00:00,7,2019-07-23 18:00:00,0.15111,0.15111,0.15111,0.0,0.5934782608695652,412.31341622855194,-0.0,300.0,0.0,112.31341622855194,112.31341622855194,0.0,0.0
4890,2019-07-23 18:00:00,7,2019-07-23 19:00:00,0.15111,0.15111,0.15111,0.0,0.05,375.6038056172846,-0.0,0.0,0.0,375.6038056172846,375.6038056172846,0.0,1.0
4891,2019-07-23 19:00:00,7,2019-07-23 20:00:00,0.15111,0.15111,0.15111,0.0,0.05,377.57127786702324,-0.0,0.0,0.0,377.57127786702324,377.57127786702324,0.0,0.0
4892,2019-07-23 20:00:00,7,2019-07-23 21:00:00,0.15111,0.15111,0.15111,0.0,0.05,337.96940273618185,-0.0,0.0,0.0,337.96940273618185,337.96940273618185,0.0,0.0
4893,2019-07-23 21:00:00,7,2019-07-23 22:00:00,0.12561,0.12561,0.12561,0.0,0.05,228.35402113351827,-0.0,0.0,0.0,228.35402113351827,228.35402113351827,0.0,0.0
4894,2019-07-23 22:00:00,7,2019-07-23 23:00:00,0.12561,0.12561,0.12561,0.0,0.05,294.0292836792994,-0.0,0.0,0.0,294.0292836792994,294.0292836792994,0.0,1.0
4895,2019-07-23 23:00:00,7,2019-07-24 00:00:00,0.10547,0.10547,0.10547,0.0,0.05,238.71849181175656,-0.0,0.0,0.0,238.71849181175656,238.71849181175656,0.0,0.0
4896,2019-07-24 00:00:00,7,2019-07-24 01:00:00,0.10547,0.10547,0.10547,0.0,0.05,223.9721239843451,-0.0,0.0,0.0,223.9721239843451,223.9721239843451,0.0,0.0
4897,2019-07-24 01:00:00,7,2019-07-24 02:00:00,0.10547,0.10547,0.10547,0.0,0.05,221.0859006678335,-0.0,0.0,0.0,221.0859006678335,221.0859006678335,0.0,0.0
4898,2019-07-24 02:00:00,7,2019-07-24 03:00:00,0.10547,0.10547,0.10547,0.0,0.05,218.8342542844323,-0.0,0.0,0.0,218.8342542844323,218.8342542844323,0.0,0.0
4899,2019-07-24 03:00:00,7,2019-07-24 04:00:00,0.10547,0.10547,0.10547,0.0,0.05,231.49480313925275,-0.0,0.0,0.0,231.49480313925275,231.49480313925275,0.0,0.0
4900,2019-07-24 04:00:00,7,2019-07-24 05:00:00,0.10547,0.10547,0.10547,0.0,0.05,229.32002221759842,-40.8020067330575,0.0,0.0,270.12202895065593,270.12202895065593,0.0,1.0
4901,2019-07-24 05:00:00,7,2019-07-24 06:00:00,0.10547,0.10547,0.10547,0.0,0.11256307699068818,295.4718802284936,-267.96228485518026,0.0,0.0,563.4341650836739,563.4341650836739,0.0,1.0
4902,2019-07-24 06:00:00,7,2019-07-24 07:00:00,0.10547,0.10547,0.10547,0.0,0.5234385804352979,329.6360863570218,-233.79807872665208,0.0,0.0,563.4341650836739,563.4341650836739,0.0,1.0
4903,2019-07-24 07:00:00,7,2019-07-24 08:00:00,0.10547,0.10547,0.10547,0.0,0.8819289678161645,486.4313180072594,-77.00284707641447,0.0,0.0,563.4341650836739,563.4341650836739,0.0,1.0
4904,2019-07-24 08:00:00,7,2019-07-24 09:00:00,0.10547,0.10547,0.10547,0.0,1.0,548.0576942095613,-0.0,0.0,0.0,548.0576942095613,548.0576942095613,0.0,0.0
4905,2019-07-24 09:00:00,7,2019-07-24 10:00:00,0.10547,0.10547,0.10547,0.0,1.0,537.0347931944573,-0.0,0.0,0.0,537.0347931944573,537.0347931944573,0.0,0.0
4906,2019-07-24 10:00:00,7,2019-07-24 11:00:00,0.10547,0.10547,0.10547,0.0,1.0,593.4982296191348,-0.0,30.064064535460943,0.0,563.4341650836739,563.4341650836739,0.0,0.0
4907,2019-07-24 11:00:00,7,2019-07-24 12:00:00,0.10547,0.10547,0.10547,0.0,0.9455361149719911,570.1124769907884,-0.0,6.678311907114562,0.0,563.4341650836739,563.4341650836739,0.0,0.0
4908,2019-07-24 12:00:00,7,2019-07-24 13:00:00,0.10547,0.10547,0.10547,0.0,0.9334377238359138,574.4202233196904,-0.0,10.98605823601656,0.0,563.4341650836739,563.4341650836739,0.0,0.0
4909,2019-07-24 13:00:00,7,2019-07-24 14:00:00,0.10547,0.10547,0.10547,0.0,0.9135354444228403,566.3102721529566,-0.0,2.876107069282739,0.0,563.4341650836739,563.4341650836739,0.0,0.0
4910,2019-07-24 14:00:00,7,2019-07-24 15:00:00,0.12561,0.12561,0.12561,0.0,0.9083251055292123,554.4643554825639,-8.96980960111,0.0,0.0,563.4341650836739,563.4341650836739,0.0,1.0
4911,2019-07-24 15:00:00,7,2019-07-24 16:00:00,0.12561,0.12561,0.12561,0.0,0.9220788135842476,551.4530469459214,-11.981118137752446,0.0,0.0,563.4341650836739,563.4341650836739,0.0,1.0
4912,2019-07-24 16:00:00,7,2019-07-24 17:00:00,0.15111,0.15111,0.15111,0.0,0.9404498613954679,544.8499572921141,-0.0,300.0,0.0,244.84995729211414,244.84995729211414,0.0,0.0
4913,2019-07-24 17:00:00,7,2019-07-24 18:00:00,0.15111,0.15111,0.15111,0.0,0.39697160052590275,530.7894852480649,-0.0,191.52832349029833,0.0,339.26116175776656,339.26116175776656,0.0,0.0
4914,2019-07-24 18:00:00,7,2019-07-24 19:00:00,0.15111,0.15111,0.15111,0.0,0.05,501.19816103195546,-0.0,0.0,0.0,501.19816103195546,501.19816103195546,0.0,0.0
4915,2019-07-24 19:00:00,7,2019-07-24 20:00:00,0.15111,0.15111,0.15111,0.0,0.05,471.169572890159,-0.0,0.0,0.0,471.169572890159,471.169572890159,0.0,0.0
4916,2019-07-24 20:00:00,7,2019-07-24 21:00:00,0.15111,0.15111,0.15111,0.0,0.05,339.3855655920376,-0.0,0.0,0.0,339.3855655920376,339.3855655920376,0.0,0.0
4917,2019-07-24 21:00:00,7,2019-07-24 22:00:00,0.12561,0.12561,0.12561,0.0,0.05,233.82438865917123,-0.0,0.0,0.0,233.82438865917123,233.82438865917123,0.0,0.0
4918,2019-07-24 22:00:00,7,2019-07-24 23:00:00,0.12561,0.12561,0.12561,0.0,0.05,299.32056198071706,-0.0,0.0,0.0,299.32056198071706,299.32056198071706,0.0,1.0
4919,2019-07-24 23:00:00,7,2019-07-25 00:00:00,0.10547,0.10547,0.10547,0.0,0.05,244.86941445232375,-0.0,0.0,0.0,244.86941445232375,244.86941445232375,0.0,0.0
4920,2019-07-25 00:00:00,7,2019-07-25 01:00:00,0.10547,0.10547,0.10547,0.0,0.05,225.30539956377385,-0.0,0.0,0.0,225.30539956377385,225.30539956377385,0.0,0.0
4921,2019-07-25 01:00:00,7,2019-07-25 02:00:00,0.10547,0.10547,0.10547,0.0,0.05,222.53837337106637,-0.0,0.0,0.0,222.53837337106637,222.53837337106637,0.0,0.0
4922,2019-07-25 02:00:00,7,2019-07-25 03:00:00,0.10547,0.10547,0.10547,0.0,0.05,220.09659102386695,-0.0,0.0,0.0,220.09659102386695,220.09659102386695,0.0,0.0
4923,2019-07-25 03:00:00,7,2019-07-25 04:00:00,0.10547,0.10547,0.10547,0.0,0.05,267.6648920776304,-90.75794340491763,0.0,0.0,358.422835482548,358.422835482548,0.0,1.0
4924,2019-07-25 04:00:00,7,2019-07-25 05:00:00,0.10547,0.10547,0.10547,0.0,0.18916217988754036,266.3792074240892,-297.05495765958466,0.0,0.0,563.4341650836739,563.4341650836739,0.0,1.0
4925,2019-07-25 05:00:00,7,2019-07-25 06:00:00,0.10547,0.10547,0.10547,0.0,0.6446464482989036,333.5726415607938,-0.0,0.0,0.0,333.5726415607938,333.5726415607938,0.0,0.0
4926,2019-07-25 06:00:00,7,2019-07-25 07:00:00,0.10547,0.10547,0.10547,0.0,0.6446464482989036,351.3830535374104,-212.05111154626348,0.0,0.0,563.4341650836739,563.4341650836739,0.0,1.0
4927,2019-07-25 07:00:00,7,2019-07-25 08:00:00,0.10547,0.10547,0.10547,0.0,0.9697914860031742,486.06024850922756,-0.0,0.0,0.0,486.06024850922756,486.06024850922756,0.0,0.0
4928,2019-07-25 08:00:00,7,2019-07-25 09:00:00,0.10547,0.10547,0.10547,0.0,0.9697914860031742,543.7329603031353,-19.701204780538546,0.0,0.0,563.4341650836739,563.4341650836739,0.0,1.0
4929,2019-07-25 09:00:00,7,2019-07-25 10:00:00,0.10547,0.10547,0.10547,0.0,1.0,529.1864323622445,-0.0,0.0,0.0,529.1864323622445,529.1864323622445,0.0,1.0
4930,2019-07-25 10:00:00,7,2019-07-25 11:00:00,0.10547,0.10547,0.10547,0.0,1.0,587.2324090904027,-0.0,23.79824400672885,0.0,563.4341650836739,563.4341650836739,0.0,0.0
4931,2019-07-25 11:00:00,7,2019-07-25 12:00:00,0.10547,0.10547,0.10547,0.0,0.9568872391182449,564.332161343732,-0.0,0.8979962600581075,0.0,563.4341650836739,563.4341650836739,0.0,0.0
4932,2019-07-25 12:00:00,7,2019-07-25 13:00:00,0.10547,0.10547,0.10547,0.0,0.9552604342992991,570.9331803145722,-0.0,7.499015230898294,0.0,563.4341650836739,563.4341650836739,0.0,0.0
4933,2019-07-25 13:00:00,7,2019-07-25 14:00:00,0.10547,0.10547,0.10547,0.0,0.9416752617795558,562.4545833907696,-0.9795816929042758,0.0,0.0,563.4341650836739,563.4341650836739,0.0,1.0
4934,2019-07-25 14:00:00,7,2019-07-25 15:00:00,0.12561,0.12561,0.12561,0.0,0.9431772870420091,552.3915141799464,-11.042650903727463,0.0,0.0,563.4341650836739,563.4341650836739,0.0,1.0
4935,2019-07-25 15:00:00,7,2019-07-25 16:00:00,0.12561,0.12561,0.12561,0.0,0.9601093517610579,550.7977126142364,-12.636452469437472,0.0,0.0,563.4341650836739,563.4341650836739,0.0,1.0
4936,2019-07-25 16:00:00,7,2019-07-25 17:00:00,0.15111,0.15111,0.15111,0.0,0.9794852455475287,544.5271930034276,-0.0,300.0,0.0,244.52719300342756,244.52719300342756,0.0,0.0
4937,2019-07-25 17:00:00,7,2019-07-25 18:00:00,0.15111,0.15111,0.15111,0.0,0.4360069846779635,529.8338602408345,-0.0,213.07585554223584,0.0,316.75800469859865,316.75800469859865,0.0,0.0
4938,2019-07-25 18:00:00,7,2019-07-25 19:00:00,0.15111,0.15111,0.15111,0.0,0.05,484.0573526921644,-0.0,0.0,0.0,484.0573526921644,484.0573526921644,0.0,0.0
4939,2019-07-25 19:00:00,7,2019-07-25 20:00:00,0.15111,0.15111,0.15111,0.0,0.05,453.5616821547565,-0.0,0.0,0.0,453.5616821547565,453.5616821547565,0.0,1.0
4940,2019-07-25 20:00:00,7,2019-07-25 21:00:00,0.15111,0.15111,0.15111,0.0,0.05,324.75834984274155,-0.0,0.0,0.0,324.75834984274155,324.75834984274155,0.0,1.0
4941,2019-07-25 21:00:00,7,2019-07-25 22:00:00,0.12561,0.12561,0.12561,0.0,0.05,229.69066719854598,-0.0,0.0,0.0,229.69066719854598,229.69066719854598,0.0,0.0
4942,2019-07-25 22:00:00,7,2019-07-25 23:00:00,0.12561,0.12561,0.12561,0.0,0.05,295.53510701851013,-0.0,0.0,0.0,295.53510701851013,295.53510701851013,0.0,1.0
4943,2019-07-25 23:00:00,7,2019-07-26 00:00:00,0.10547,0.10547,0.10547,0.0,0.05,240.3078560634768,-0.0,0.0,0.0,240.3078560634768,240.3078560634768,0.0,0.0
4944,2019-07-26 00:00:00,7,2019-07-26 01:00:00,0.10547,0.10547,0.10547,0.0,0.05,221.21152365696415,-0.0,0.0,0.0,221.21152365696415,221.21152365696415,0.0,0.0
4945,2019-07-26 01:00:00,7,2019-07-26 02:00:00,0.10547,0.10547,0.10547,0.0,0.05,218.78351312654718,-0.0,0.0,0.0,218.78351312654718,218.78351312654718,0.0,0.0
4946,2019-07-26 02:00:00,7,2019-07-26 03:00:00,0.10547,0.10547,0.10547,0.0,0.05,216.834518256464,-0.0,0.0,0.0,216.834518256464,216.834518256464,0.0,0.0
4947,2019-07-26 03:00:00,7,2019-07-26 04:00:00,0.10547,0.10547,0.10547,0.0,0.05,230.02701503480526,-0.0,0.0,0.0,230.02701503480526,230.02701503480526,0.0,0.0
4948,2019-07-26 04:00:00,7,2019-07-26 05:00:00,0.10547,0.10547,0.10547,0.0,0.05,228.4471923307023,-0.0,0.0,0.0,228.4471923307023,228.4471923307023,0.0,0.0
4949,2019-07-26 05:00:00,7,2019-07-26 06:00:00,0.10547,0.10547,0.10547,0.0,0.05,294.8071724489999,-268.62699263467397,0.0,0.0,563.4341650836739,563.4341650836739,0.0,1.0
4950,2019-07-26 06:00:00,7,2019-07-26 07:00:00,0.10547,0.10547,0.10547,0.0,0.46189472203983345,327.9816830893829,-235.45248199429102,0.0,0.0,563.4341650836739,563.4341650836739,0.0,1.0
4951,2019-07-26 07:00:00,7,2019-07-26 08:00:00,0.10547,0.10547,0.10547,0.0,0.8229218610977463,485.0723658057455,-78.36179927792836,0.0,0.0,563.4341650836739,563.4341650836739,0.0,1.0
4952,2019-07-26 08:00:00,7,2019-07-26 09:00:00,0.10547,0.10547,0.10547,0.0,0.9430766199905698,546.3807687643525,-17.053396319321337,0.0,0.0,563.4341650836739,563.4341650836739,0.0,1.0
4953,2019-07-26 09:00:00,7,2019-07-26 10:00:00,0.10547,0.10547,0.10547,0.0,0.9692251610135293,534.6753610733888,-20.07054716508961,0.0,0.0,554.7459082384784,554.7459082384784,0.0,1.0
4954,2019-07-26 10:00:00,7,2019-07-26 11:00:00,0.10547,0.10547,0.10547,0.0,1.0,593.8814170596577,-0.0,30.447251975983818,0.0,563.4341650836739,563.4341650836739,0.0,0.0
4955,2019-07-26 11:00:00,7,2019-07-26 12:00:00,0.10547,0.10547,0.10547,0.0,0.9448419348261162,573.7658399534678,-0.0,10.331674869793915,0.0,563.4341650836739,563.4341650836739,0.0,0.0
4956,2019-07-26 12:00:00,7,2019-07-26 13:00:00,0.10547,0.10547,0.10547,0.0,0.9261251325257649,582.0084634875017,-0.0,18.57429840382781,0.0,563.4341650836739,563.4341650836739,0.0,0.0
4957,2019-07-26 13:00:00,7,2019-07-26 14:00:00,0.10547,0.10547,0.10547,0.0,0.8924760412144827,575.6433778750497,-0.0,12.209212791375876,0.0,563.4341650836739,563.4341650836739,0.0,0.0
4958,2019-07-26 14:00:00,7,2019-07-26 15:00:00,0.12561,0.12561,0.12561,0.0,0.8703579020996712,569.1614502227823,-0.0,5.727285139108403,0.0,563.4341650836739,563.4341650836739,0.0,0.0
4959,2019-07-26 15:00:00,7,2019-07-26 16:00:00,0.12561,0.12561,0.12561,0.0,0.8599823855433154,572.3112731990119,-0.0,8.877108115338046,0.0,563.4341650836739,563.4341650836739,0.0,0.0
4960,2019-07-26 16:00:00,7,2019-07-26 17:00:00,0.15111,0.15111,0.15111,0.0,0.8439006679430654,563.910549419772,-0.0,0.47638433609813546,0.0,563.4341650836739,563.4341650836739,0.0,0.0
4961,2019-07-26 17:00:00,7,2019-07-26 18:00:00,0.15111,0.15111,0.15111,0.0,0.8430376528414383,543.2234572404536,-0.0,137.75678436847397,0.0,405.46667287197965,405.46667287197965,0.0,0.0
4962,2019-07-26 18:00:00,7,2019-07-26 19:00:00,0.15111,0.15111,0.15111,0.0,0.5934782608695652,511.2196590128493,-0.0,300.0,0.0,211.21965901284932,211.21965901284932,0.0,0.0
4963,2019-07-26 19:00:00,7,2019-07-26 20:00:00,0.15111,0.15111,0.15111,0.0,0.05,479.0759367413036,-0.0,0.0,0.0,479.0759367413036,479.0759367413036,0.0,1.0
4964,2019-07-26 20:00:00,7,2019-07-26 21:00:00,0.15111,0.15111,0.15111,0.0,0.05,343.656136764702,-0.0,0.0,0.0,343.656136764702,343.656136764702,0.0,0.0
4965,2019-07-26 21:00:00,7,2019-07-26 22:00:00,0.12561,0.12561,0.12561,0.0,0.05,237.3255765692986,-0.0,0.0,0.0,237.3255765692986,237.3255765692986,0.0,0.0
4966,2019-07-26 22:00:00,7,2019-07-26 23:00:00,0.12561,0.12561,0.12561,0.0,0.05,302.60032312821437,-0.0,0.0,0.0,302.60032312821437,302.60032312821437,0.0,0.0
4967,2019-07-26 23:00:00,7,2019-07-27 00:00:00,0.10547,0.10547,0.10547,0.0,0.05,249.26910873226132,-0.0,0.0,0.0,249.26910873226132,249.26910873226132,0.0,0.0
4968,2019-07-27 00:00:00,7,2019-07-27 01:00:00,0.10547,0.10547,0.10547,0.0,0.05,229.6968559955127,-0.0,0.0,0.0,229.6968559955127,229.6968559955127,0.0,0.0
4969,2019-07-27 01:00:00,7,2019-07-27 02:00:00,0.10547,0.10547,0.10547,0.0,0.05,227.2608232093103,-0.0,0.0,0.0,227.2608232093103,227.2608232093103,0.0,0.0
4970,2019-07-27 02:00:00,7,2019-07-27 03:00:00,0.10547,0.10547,0.10547,0.0,0.05,225.35186688367892,-0.0,0.0,0.0,225.35186688367892,225.35186688367892,0.0,0.0
4971,2019-07-27 03:00:00,7,2019-07-27 04:00:00,0.10547,0.10547,0.10547,0.0,0.05,239.05474551029508,-57.550987056643116,0.0,0.0,296.6057325669382,296.6057325669382,0.0,1.0
4972,2019-07-27 04:00:00,7,2019-07-27 05:00:00,0.10547,0.10547,0.10547,0.0,0.13824484682018612,236.61893358007578,-0.0,0.0,0.0,236.61893358007578,236.61893358007578,0.0,0.0
4973,2019-07-27 05:00:00,7,2019-07-27 06:00:00,0.10547,0.10547,0.10547,0.0,0.13824484682018612,302.14268983955435,-261.2914752441195,0.0,0.0,563.4341650836739,563.4341650836739,0.0,1.0
4974,2019-07-27 06:00:00,7,2019-07-27 07:00:00,0.10547,0.10547,0.10547,0.0,0.5388917755278361,335.5883060566899,-227.84585902698404,0.0,0.0,563.4341650836739,563.4341650836739,0.0,1.0
4975,2019-07-27 07:00:00,7,2019-07-27 08:00:00,0.10547,0.10547,0.10547,0.0,0.8882554260358783,490.5572690201162,-72.87689606355764,0.0,0.0,563.4341650836739,563.4341650836739,0.0,1.0
4976,2019-07-27 08:00:00,7,2019-07-27 09:00:00,0.10547,0.10547,0.10547,0.0,1.0,550.1620661316317,-0.0,0.0,0.0,550.1620661316317,550.1620661316317,0.0,0.0
4977,2019-07-27 09:00:00,7,2019-07-27 10:00:00,0.10547,0.10547,0.10547,0.0,1.0,536.7120808746946,-0.0,0.0,0.0,536.7120808746946,536.7120808746946,0.0,1.0
4978,2019-07-27 10:00:00,7,2019-07-27 11:00:00,0.10547,0.10547,0.10547,0.0,1.0,594.1598310511769,-0.0,30.725665967503005,0.0,563.4341650836739,563.4341650836739,0.0,0.0
4979,2019-07-27 11:00:00,7,2019-07-27 12:00:00,0.10547,0.10547,0.10547,0.0,0.9443375616530743,572.8749173824151,-0.0,9.440752298741245,0.0,563.4341650836739,563.4341650836739,0.0,0.0
4980,2019-07-27 12:00:00,7,2019-07-27 13:00:00,0.10547,0.10547,0.10547,0.0,0.9272347495176735,580.3911682188486,-0.0,16.957003135174773,0.0,563.4341650836739,563.4341650836739,0.0,0.0
4981,2019-07-27 13:00:00,7,2019-07-27 14:00:00,0.10547,0.10547,0.10547,0.0,0.8965155409394583,572.3087999692757,-0.0,8.874634885601836,0.0,563.4341650836739,563.4341650836739,0.0,0.0
4982,2019-07-27 14:00:00,7,2019-07-27 15:00:00,0.12561,0.12561,0.12561,0.0,0.8804383038278608,565.2332011544459,-0.0,1.7990360707719901,0.0,563.4341650836739,563.4341650836739,0.0,0.0
4983,2019-07-27 15:00:00,7,2019-07-27 16:00:00,0.12561,0.12561,0.12561,0.0,0.8771791805112448,563.9765734377964,-0.0,0.5424083541225855,0.0,563.4341650836739,563.4341650836739,0.0,0.0
4984,2019-07-27 16:00:00,7,2019-07-27 17:00:00,0.15111,0.15111,0.15111,0.0,0.8761965566813126,556.5598080300798,-0.0,156.06049928808451,0.0,400.49930874199526,400.49930874199526,0.0,0.0
4985,2019-07-27 17:00:00,7,2019-07-27 18:00:00,0.15111,0.15111,0.15111,0.0,0.5934782608695652,539.2152724622003,-0.0,300.0,0.0,239.21527246220035,239.21527246220035,0.0,0.0
4986,2019-07-27 18:00:00,7,2019-07-27 19:00:00,0.15111,0.15111,0.15111,0.0,0.05,509.29008912700937,-0.0,0.0,0.0,509.29008912700937,509.29008912700937,0.0,0.0
4987,2019-07-27 19:00:00,7,2019-07-27 20:00:00,0.15111,0.15111,0.15111,0.0,0.05,478.86151362153106,-0.0,0.0,0.0,478.86151362153106,478.86151362153106,0.0,1.0
4988,2019-07-27 20:00:00,7,2019-07-27 21:00:00,0.15111,0.15111,0.15111,0.0,0.05,345.3137339494753,-0.0,0.0,0.0,345.3137339494753,345.3137339494753,0.0,0.0
4989,2019-07-27 21:00:00,7,2019-07-27 22:00:00,0.12561,0.12561,0.12561,0.0,0.05,239.0718522036089,-0.0,0.0,0.0,239.0718522036089,239.0718522036089,0.0,0.0
4990,2019-07-27 22:00:00,7,2019-07-27 23:00:00,0.12561,0.12561,0.12561,0.0,0.05,303.44958070135465,-0.0,0.0,0.0,303.44958070135465,303.44958070135465,0.0,0.0
4991,2019-07-27 23:00:00,7,2019-07-28 00:00:00,0.10547,0.10547,0.10547,0.0,0.05,249.44013042653296,-0.0,0.0,0.0,249.44013042653296,249.44013042653296,0.0,0.0
4992,2019-07-28 00:00:00,7,2019-07-28 01:00:00,0.10547,0.10547,0.10547,0.0,0.05,228.8694177139621,-0.0,0.0,0.0,228.8694177139621,228.8694177139621,0.0,0.0
4993,2019-07-28 01:00:00,7,2019-07-28 02:00:00,0.10547,0.10547,0.10547,0.0,0.05,225.90413539802603,-0.0,0.0,0.0,225.90413539802603,225.90413539802603,0.0,0.0
4994,2019-07-28 02:00:00,7,2019-07-28 03:00:00,0.10547,0.10547,0.10547,0.0,0.05,223.58060979031484,-0.0,0.0,0.0,223.58060979031484,223.58060979031484,0.0,0.0
4995,2019-07-28 03:00:00,7,2019-07-28 04:00:00,0.10547,0.10547,0.10547,0.0,0.05,271.84603159721047,-291.5881334864634,0.0,0.0,563.4341650836739,563.4341650836739,0.0,1.0
4996,2019-07-28 04:00:00,7,2019-07-28 05:00:00,0.10547,0.10547,0.10547,0.0,0.4971018046792439,270.5030105369529,-102.82458520080299,0.0,0.0,373.32759573775587,373.32759573775587,0.0,1.0
4997,2019-07-28 05:00:00,7,2019-07-28 06:00:00,0.10547,0.10547,0.10547,0.0,0.6547661686538085,338.28166637963596,-225.15249870403795,0.0,0.0,563.4341650836739,563.4341650836739,0.0,1.0
4998,2019-07-28 06:00:00,7,2019-07-28 07:00:00,0.10547,0.10547,0.10547,0.0,1.0,357.41507627761683,-0.0,0.0,0.0,357.41507627761683,357.41507627761683,0.0,1.0
4999,2019-07-28 07:00:00,7,2019-07-28 08:00:00,0.10547,0.10547,0.10547,0.0,1.0,492.92448132884215,-0.0,0.0,0.0,492.92448132884215,492.92448132884215,0.0,0.0
5000,2019-07-28 08:00:00,7,2019-07-28 09:00:00,0.10547,0.10547,0.10547,0.0,1.0,553.7933174191033,-0.0,0.0,0.0,553.7933174191033,553.7933174191033,0.0,0.0
5001,2019-07-28 09:00:00,7,2019-07-28 10:00:00,0.10547,0.10547,0.10547,0.0,1.0,542.3012075303348,-0.0,0.0,0.0,542.3012075303348,542.3012075303348,0.0,1.0
5002,2019-07-28 10:00:00,7,2019-07-28 11:00:00,0.10547,0.10547,0.10547,0.0,1.0,597.454711105053,-0.0,34.02054602137912,0.0,563.4341650836739,563.4341650836739,0.0,0.0
5003,2019-07-28 11:00:00,7,2019-07-28 12:00:00,0.10547,0.10547,0.10547,0.0,0.9383685760482262,575.7181539156043,-0.0,12.283988831930401,0.0,563.4341650836739,563.4341650836739,0.0,0.0
5004,2019-07-28 12:00:00,7,2019-07-28 13:00:00,0.10547,0.10547,0.10547,0.0,0.9161149730918307,581.6411764646906,-0.0,18.20701138101674,0.0,563.4341650836739,563.4341650836739,0.0,0.0
5005,2019-07-28 13:00:00,7,2019-07-28 14:00:00,0.10547,0.10547,0.10547,0.0,0.8831312568218728,571.1628474367096,-0.0,7.728682353035765,0.0,563.4341650836739,563.4341650836739,0.0,0.0
5006,2019-07-28 14:00:00,7,2019-07-28 15:00:00,0.12561,0.12561,0.12561,0.0,0.869130020675069,559.5662902346255,-3.8678748490483486,0.0,0.0,563.4341650836739,563.4341650836739,0.0,1.0
5007,2019-07-28 15:00:00,7,2019-07-28 16:00:00,0.12561,0.12561,0.12561,0.0,0.8750607621102764,555.9217371584323,-7.512427925241582,0.0,0.0,563.4341650836739,563.4341650836739,0.0,1.0
5008,2019-07-28 16:00:00,7,2019-07-28 17:00:00,0.15111,0.15111,0.15111,0.0,0.8865798182623136,548.9417592506328,-0.0,161.79205968079705,0.0,387.1496995698358,387.1496995698358,0.0,0.0
5009,2019-07-28 17:00:00,7,2019-07-28 18:00:00,0.15111,0.15111,0.15111,0.0,0.5934782608695652,534.3558935990183,-0.0,300.0,0.0,234.35589359901826,234.35589359901826,0.0,0.0
5010,2019-07-28 18:00:00,7,2019-07-28 19:00:00,0.15111,0.15111,0.15111,0.0,0.05,489.0692532515681,-0.0,0.0,0.0,489.0692532515681,489.0692532515681,0.0,0.0
5011,2019-07-28 19:00:00,7,2019-07-28 20:00:00,0.15111,0.15111,0.15111,0.0,0.05,461.2991583672293,-0.0,0.0,0.0,461.2991583672293,461.2991583672293,0.0,1.0
5012,2019-07-28 20:00:00,7,2019-07-28 21:00:00,0.15111,0.15111,0.15111,0.0,0.05,332.3970302039962,-0.0,0.0,0.0,332.3970302039962,332.3970302039962,0.0,0.0
5013,2019-07-28 21:00:00,7,2019-07-28 22:00:00,0.12561,0.12561,0.12561,0.0,0.05,237.58826982526068,-0.0,0.0,0.0,237.58826982526068,237.58826982526068,0.0,0.0
5014,2019-07-28 22:00:00,7,2019-07-28 23:00:00,0.12561,0.12561,0.12561,0.0,0.05,302.63995174360514,-0.0,0.0,0.0,302.63995174360514,302.63995174360514,0.0,0.0
5015,2019-07-28 23:00:00,7,2019-07-29 00:00:00,0.10547,0.10547,0.10547,0.0,0.05,248.77428625394708,-0.0,0.0,0.0,248.77428625394708,248.77428625394708,0.0,0.0
5016,2019-07-29 00:00:00,7,2019-07-29 01:00:00,0.10547,0.10547,0.10547,0.0,0.05,224.03649370848817,-0.0,0.0,0.0,224.03649370848817,224.03649370848817,0.0,0.0
5017,2019-07-29 01:00:00,7,2019-07-29 02:00:00,0.10547,0.10547,0.10547,0.0,0.05,221.21805395658419,-0.0,0.0,0.0,221.21805395658419,221.21805395658419,0.0,0.0
5018,2019-07-29 02:00:00,7,2019-07-29 03:00:00,0.10547,0.10547,0.10547,0.0,0.05,218.8826358321573,-0.0,0.0,0.0,218.8826358321573,218.8826358321573,0.0,0.0
5019,2019-07-29 03:00:00,7,2019-07-29 04:00:00,0.10547,0.10547,0.10547,0.0,0.05,231.8847677021848,-0.0,0.0,0.0,231.8847677021848,231.8847677021848,0.0,0.0
5020,2019-07-29 04:00:00,7,2019-07-29 05:00:00,0.10547,0.10547,0.10547,0.0,0.05,229.58664575455785,-0.0,0.0,0.0,229.58664575455785,229.58664575455785,0.0,0.0
5021,2019-07-29 05:00:00,7,2019-07-29 06:00:00,0.10547,0.10547,0.10547,0.0,0.05,270.55197377768997,-292.8821913059839,0.0,0.0,563.4341650836739,563.4341650836739,0.0,1.0
5022,2019-07-29 06:00:00,7,2019-07-29 07:00:00,0.10547,0.10547,0.10547,0.0,0.49908602666917534,304.20742296806026,-259.2267421156136,0.0,0.0,563.4341650836739,563.4341650836739,0.0,1.0
5023,2019-07-29 07:00:00,7,2019-07-29 08:00:00,0.10547,0.10547,0.10547,0.0,0.8965670312464495,432.32895175815173,-67.45628396970682,0.0,0.0,499.78523572785855,499.78523572785855,0.0,1.0
5024,2019-07-29 08:00:00,7,2019-07-29 09:00:00,0.10547,0.10547,0.10547,0.0,1.0,482.0361502457337,-0.0,0.0,0.0,482.0361502457337,482.0361502457337,0.0,1.0
5025,2019-07-29 09:00:00,7,2019-07-29 10:00:00,0.10547,0.10547,0.10547,0.0,1.0,533.1561896036086,-0.0,0.0,0.0,533.1561896036086,533.1561896036086,0.0,1.0
5026,2019-07-29 10:00:00,7,2019-07-29 11:00:00,0.10547,0.10547,0.10547,0.0,1.0,594.5212773601754,-0.0,31.087112276501557,0.0,563.4341650836739,563.4341650836739,0.0,0.0
5027,2019-07-29 11:00:00,7,2019-07-29 12:00:00,0.10547,0.10547,0.10547,0.0,0.9436827676150333,572.9111168298426,-0.0,9.476951746168766,0.0,563.4341650836739,563.4341650836739,0.0,0.0
5028,2019-07-29 12:00:00,7,2019-07-29 13:00:00,0.10547,0.10547,0.10547,0.0,0.9265143767705247,579.871195051687,-0.0,16.43702996801312,0.0,563.4341650836739,563.4341650836739,0.0,0.0
5029,2019-07-29 13:00:00,7,2019-07-29 14:00:00,0.10547,0.10547,0.10547,0.0,0.8967371485676024,571.3612162925591,-0.0,7.927051208885246,0.0,563.4341650836739,563.4341650836739,0.0,0.0
5030,2019-07-29 14:00:00,7,2019-07-29 15:00:00,0.12561,0.12561,0.12561,0.0,0.8823765485515059,562.1749242201762,-1.2592408634976664,0.0,0.0,563.4341650836739,563.4341650836739,0.0,1.0
5031,2019-07-29 15:00:00,7,2019-07-29 16:00:00,0.12561,0.12561,0.12561,0.0,0.8843073845422024,561.0428403486765,-2.391324734997397,0.0,0.0,563.4341650836739,563.4341650836739,0.0,1.0
5032,2019-07-29 16:00:00,7,2019-07-29 17:00:00,0.15111,0.15111,0.15111,0.0,0.8879740824691983,555.0659400879265,-0.0,300.0,0.0,255.0659400879265,255.0659400879265,0.0,0.0
5033,2019-07-29 17:00:00,7,2019-07-29 18:00:00,0.15111,0.15111,0.15111,0.0,0.34449582159963316,509.69621927192696,-0.0,162.5616935229975,0.0,347.1345257489295,347.1345257489295,0.0,0.0
5034,2019-07-29 18:00:00,7,2019-07-29 19:00:00,0.15111,0.15111,0.15111,0.0,0.05,419.4175471604035,-0.0,0.0,0.0,419.4175471604035,419.4175471604035,0.0,1.0
5035,2019-07-29 19:00:00,7,2019-07-29 20:00:00,0.15111,0.15111,0.15111,0.0,0.05,415.86985915249744,-0.0,0.0,0.0,415.86985915249744,415.86985915249744,0.0,0.0
5036,2019-07-29 20:00:00,7,2019-07-29 21:00:00,0.15111,0.15111,0.15111,0.0,0.05,314.6686508217903,-0.0,0.0,0.0,314.6686508217903,314.6686508217903,0.0,1.0
5037,2019-07-29 21:00:00,7,2019-07-29 22:00:00,0.12561,0.12561,0.12561,0.0,0.05,233.7556997377055,-0.0,0.0,0.0,233.7556997377055,233.7556997377055,0.0,0.0
5038,2019-07-29 22:00:00,7,2019-07-29 23:00:00,0.12561,0.12561,0.12561,0.0,0.05,298.58946319772207,-0.0,0.0,0.0,298.58946319772207,298.58946319772207,0.0,1.0
5039,2019-07-29 23:00:00,7,2019-07-30 00:00:00,0.10547,0.10547,0.10547,0.0,0.05,244.35563224654862,-0.0,0.0,0.0,244.35563224654862,244.35563224654862,0.0,0.0
5040,2019-07-30 00:00:00,7,2019-07-30 01:00:00,0.10547,0.10547,0.10547,0.0,0.05,224.02620000837564,-0.0,0.0,0.0,224.02620000837564,224.02620000837564,0.0,0.0
5041,2019-07-30 01:00:00,7,2019-07-30 02:00:00,0.10547,0.10547,0.10547,0.0,0.05,221.3770584868244,-0.0,0.0,0.0,221.3770584868244,221.3770584868244,0.0,0.0
5042,2019-07-30 02:00:00,7,2019-07-30 03:00:00,0.10547,0.10547,0.10547,0.0,0.05,219.34645443020153,-0.0,0.0,0.0,219.34645443020153,219.34645443020153,0.0,0.0
5043,2019-07-30 03:00:00,7,2019-07-30 04:00:00,0.10547,0.10547,0.10547,0.0,0.05,232.81193856966715,-179.00421325001452,0.0,0.0,411.81615181968164,411.81615181968164,0.0,1.0
5044,2019-07-30 04:00:00,7,2019-07-30 05:00:00,0.10547,0.10547,0.10547,0.0,0.3244731269833556,230.531349635429,-271.72247280194165,0.0,0.0,502.2538224373707,502.2538224373707,0.0,1.0
5045,2019-07-30 05:00:00,7,2019-07-30 06:00:00,0.10547,0.10547,0.10547,0.0,0.7411142519463328,272.4768537542727,-0.0,0.0,0.0,272.4768537542727,272.4768537542727,0.0,0.0
5046,2019-07-30 06:00:00,7,2019-07-30 07:00:00,0.10547,0.10547,0.10547,0.0,0.7411142519463328,308.52884289644595,-0.0,0.0,0.0,308.52884289644595,308.52884289644595,0.0,1.0
5047,2019-07-30 07:00:00,7,2019-07-30 08:00:00,0.10547,0.10547,0.10547,0.0,0.7411142519463328,378.5306949522698,-0.0,0.0,0.0,378.5306949522698,378.5306949522698,0.0,0.0
5048,2019-07-30 08:00:00,7,2019-07-30 09:00:00,0.10547,0.10547,0.10547,0.0,0.7411142519463328,333.41529109802246,-168.83853133934815,0.0,0.0,502.2538224373706,502.2538224373706,0.0,1.0
5049,2019-07-30 09:00:00,7,2019-07-30 10:00:00,0.10547,0.10547,0.10547,0.0,1.0,403.71103332433523,-0.0,0.0,0.0,403.71103332433523,403.71103332433523,0.0,0.0
5050,2019-07-30 10:00:00,7,2019-07-30 11:00:00,0.10547,0.10547,0.10547,0.0,1.0,464.6294098242512,-0.0,0.0,0.0,464.6294098242512,464.6294098242512,0.0,0.0
5051,2019-07-30 11:00:00,7,2019-07-30 12:00:00,0.10547,0.10547,0.10547,0.0,1.0,497.4969645684291,-0.0,0.0,0.0,497.4969645684291,497.4969645684291,0.0,1.0
5052,2019-07-30 12:00:00,7,2019-07-30 13:00:00,0.10547,0.10547,0.10547,0.0,1.0,502.2538224373707,-0.0,0.0,0.0,502.2538224373707,502.2538224373707,0.0,0.0
5053,2019-07-30 13:00:00,7,2019-07-30 14:00:00,0.10547,0.10547,0.10547,0.0,1.0,493.0750622654454,-0.0,0.0,0.0,493.0750622654454,493.0750622654454,0.0,0.0
5054,2019-07-30 14:00:00,7,2019-07-30 15:00:00,0.12561,0.12561,0.12561,0.0,1.0,484.16458220302553,-0.0,0.0,0.0,484.16458220302553,484.16458220302553,0.0,1.0
5055,2019-07-30 15:00:00,7,2019-07-30 16:00:00,0.12561,0.12561,0.12561,0.0,1.0,483.66874723945926,-0.0,0.0,0.0,483.66874723945926,483.66874723945926,0.0,0.0
5056,2019-07-30 16:00:00,7,2019-07-30 17:00:00,0.15111,0.15111,0.15111,0.0,1.0,418.2324256338442,-0.0,224.4,0.0,193.83242563384417,193.83242563384417,0.0,0.0
5057,2019-07-30 17:00:00,7,2019-07-30 18:00:00,0.15111,0.15111,0.15111,0.0,0.5934782608695652,420.3485018200377,-0.0,300.0,0.0,120.34850182003771,120.34850182003771,0.0,0.0
5058,2019-07-30 18:00:00,7,2019-07-30 19:00:00,0.15111,0.15111,0.15111,0.0,0.05,382.84555047999925,-0.0,0.0,0.0,382.84555047999925,382.84555047999925,0.0,1.0
5059,2019-07-30 19:00:00,7,2019-07-30 20:00:00,0.15111,0.15111,0.15111,0.0,0.05,381.9427737597913,-0.0,0.0,0.0,381.9427737597913,381.9427737597913,0.0,0.0
5060,2019-07-30 20:00:00,7,2019-07-30 21:00:00,0.15111,0.15111,0.15111,0.0,0.05,339.6680439713398,-0.0,0.0,0.0,339.6680439713398,339.6680439713398,0.0,1.0
5061,2019-07-30 21:00:00,7,2019-07-30 22:00:00,0.12561,0.12561,0.12561,0.0,0.05,229.18895453700753,-0.0,0.0,0.0,229.18895453700753,229.18895453700753,0.0,0.0
5062,2019-07-30 22:00:00,7,2019-07-30 23:00:00,0.12561,0.12561,0.12561,0.0,0.05,294.84227008835404,-0.0,0.0,0.0,294.84227008835404,294.84227008835404,0.0,1.0
5063,2019-07-30 23:00:00,7,2019-07-31 00:00:00,0.10547,0.10547,0.10547,0.0,0.05,239.85820838502266,-0.0,0.0,0.0,239.85820838502266,239.85820838502266,0.0,0.0
5064,2019-07-31 00:00:00,7,2019-07-31 01:00:00,0.10547,0.10547,0.10547,0.0,0.05,225.1599065861062,-0.0,0.0,0.0,225.1599065861062,225.1599065861062,0.0,0.0
5065,2019-07-31 01:00:00,7,2019-07-31 02:00:00,0.10547,0.10547,0.10547,0.0,0.05,222.7107701366031,-0.0,0.0,0.0,222.7107701366031,222.7107701366031,0.0,0.0
5066,2019-07-31 02:00:00,7,2019-07-31 03:00:00,0.10547,0.10547,0.10547,0.0,0.05,220.88677659357356,-0.0,0.0,0.0,220.88677659357356,220.88677659357356,0.0,0.0
5067,2019-07-31 03:00:00,7,2019-07-31 04:00:00,0.10547,0.10547,0.10547,0.0,0.05,234.32793634779807,-0.0,0.0,0.0,234.32793634779807,234.32793634779807,0.0,0.0
5068,2019-07-31 04:00:00,7,2019-07-31 05:00:00,0.10547,0.10547,0.10547,0.0,0.05,232.00063337472469,-244.53400960196583,0.0,0.0,476.5346429766905,476.5346429766905,0.0,1.0
5069,2019-07-31 05:00:00,7,2019-07-31 06:00:00,0.10547,0.10547,0.10547,0.0,0.4249521480563476,297.33249555707494,-266.1016695265989,0.0,0.0,563.4341650836739,563.4341650836739,0.0,1.0
5070,2019-07-31 06:00:00,7,2019-07-31 07:00:00,0.10547,0.10547,0.10547,0.0,0.8329747079971327,329.77600241421277,0.0,0.0,0.0,329.77600241421277,329.77600241421277,0.0,0.0
5071,2019-07-31 07:00:00,7,2019-07-31 08:00:00,0.10547,0.10547,0.10547,0.0,0.8329747079971327,484.9704398129984,-78.46372527067547,0.0,0.0,563.4341650836739,563.4341650836739,0.0,1.0
5072,2019-07-31 08:00:00,7,2019-07-31 09:00:00,0.10547,0.10547,0.10547,0.0,0.9532857534121684,545.4400767768143,-0.0,0.0,0.0,545.4400767768143,545.4400767768143,0.0,0.0
5073,2019-07-31 09:00:00,7,2019-07-31 10:00:00,0.10547,0.10547,0.10547,0.0,0.9532857534121684,532.9683520916097,-30.465812992064116,0.0,0.0,563.4341650836739,563.4341650836739,0.0,1.0
5074,2019-07-31 10:00:00,7,2019-07-31 11:00:00,0.10547,0.10547,0.10547,0.0,1.0,590.3711904763944,-0.0,26.937025392720557,0.0,563.4341650836739,563.4341650836739,0.0,0.0
5075,2019-07-31 11:00:00,7,2019-07-31 12:00:00,0.10547,0.10547,0.10547,0.0,0.9512010409552164,566.4793896251762,-0.0,3.045224541502307,0.0,563.4341650836739,563.4341650836739,0.0,0.0
5076,2019-07-31 12:00:00,7,2019-07-31 13:00:00,0.10547,0.10547,0.10547,0.0,0.9456843298293065,571.0942305310157,-0.0,7.660065447341822,0.0,563.4341650836739,563.4341650836739,0.0,0.0
5077,2019-07-31 13:00:00,7,2019-07-31 14:00:00,0.10547,0.10547,0.10547,0.0,0.9318073996710785,561.0511525162377,-2.3830125674361398,0.0,0.0,563.4341650836739,563.4341650836739,0.0,1.0
5078,2019-07-31 14:00:00,7,2019-07-31 15:00:00,0.12561,0.12561,0.12561,0.0,0.9354613522744808,549.6589300213454,-13.77523506232842,0.0,0.0,563.4341650836739,563.4341650836739,0.0,1.0
5079,2019-07-31 15:00:00,7,2019-07-31 16:00:00,0.12561,0.12561,0.12561,0.0,0.956583379370051,546.8080124234474,-16.626152660226467,0.0,0.0,563.4341650836739,563.4341650836739,0.0,1.0
5080,2019-07-31 16:00:00,7,2019-07-31 17:00:00,0.15111,0.15111,0.15111,0.0,0.9820768134490648,540.6055314256614,-0.0,214.5064010238838,0.0,326.09913040177764,326.09913040177764,0.0,0.0
5081,2019-07-31 17:00:00,7,2019-07-31 18:00:00,0.15111,0.15111,0.15111,0.0,0.5934782608695652,528.1138272430795,-0.0,300.0,0.0,228.11382724307953,228.11382724307953,0.0,0.0
5082,2019-07-31 18:00:00,7,2019-07-31 19:00:00,0.15111,0.15111,0.15111,0.0,0.05,499.6739756359515,-0.0,0.0,0.0,499.6739756359515,499.6739756359515,0.0,1.0
5083,2019-07-31 19:00:00,7,2019-07-31 20:00:00,0.15111,0.15111,0.15111,0.0,0.05,469.8903475237432,-0.0,0.0,0.0,469.8903475237432,469.8903475237432,0.0,0.0
5084,2019-07-31 20:00:00,7,2019-07-31 21:00:00,0.15111,0.15111,0.15111,0.0,0.05,338.00486946934876,-0.0,0.0,0.0,338.00486946934876,338.00486946934876,0.0,0.0
5085,2019-07-31 21:00:00,7,2019-07-31 22:00:00,0.12561,0.12561,0.12561,0.0,0.05,233.19190693842637,-0.0,0.0,0.0,233.19190693842637,233.19190693842637,0.0,0.0
5086,2019-07-31 22:00:00,7,2019-07-31 23:00:00,0.12561,0.12561,0.12561,0.0,0.05,298.37650826288643,-0.0,0.0,0.0,298.37650826288643,298.37650826288643,0.0,1.0
5087,2019-07-31 23:00:00,7,2019-08-01 00:00:00,0.10547,0.10547,0.10547,0.0,0.05,242.84825050639293,-0.0,0.0,0.0,242.84825050639293,242.84825050639293,0.0,0.0
5088,2019-08-01 00:00:00,8,2019-08-01 01:00:00,0.10547,0.10547,0.10547,0.0,0.05,222.7303915866017,-0.0,0.0,0.0,222.7303915866017,222.7303915866017,0.0,0.0
5089,2019-08-01 01:00:00,8,2019-08-01 02:00:00,0.10547,0.10547,0.10547,0.0,0.05,220.0537017059049,-0.0,0.0,0.0,220.0537017059049,220.0537017059049,0.0,0.0
5090,2019-08-01 02:00:00,8,2019-08-01 03:00:00,0.10547,0.10547,0.10547,0.0,0.05,217.81073212002153,-0.0,0.0,0.0,217.81073212002153,217.81073212002153,0.0,0.0
5091,2019-08-01 03:00:00,8,2019-08-01 04:00:00,0.10547,0.10547,0.10547,0.0,0.05,263.4402185421039,-250.81552247924475,0.0,0.0,514.2557410213486,514.2557410213486,0.0,1.0
5092,2019-08-01 04:00:00,8,2019-08-01 05:00:00,0.10547,0.10547,0.10547,0.0,0.43458380113484196,261.231432331776,-253.02430868957265,0.0,0.0,514.2557410213486,514.2557410213486,0.0,1.0
5093,2019-08-01 05:00:00,8,2019-08-01 06:00:00,0.10547,0.10547,0.10547,0.0,0.8225544077921867,333.0446667933077,-0.0,0.0,0.0,333.0446667933077,333.0446667933077,0.0,1.0
5094,2019-08-01 06:00:00,8,2019-08-01 07:00:00,0.10547,0.10547,0.10547,0.0,0.8225544077921867,342.2833179813772,-115.72538622248696,0.0,0.0,458.00870420386417,458.00870420386417,0.0,1.0
5095,2019-08-01 07:00:00,8,2019-08-01 08:00:00,0.10547,0.10547,0.10547,0.0,1.0,485.05920648029786,-0.0,0.0,0.0,485.05920648029786,485.05920648029786,0.0,1.0
5096,2019-08-01 08:00:00,8,2019-08-01 09:00:00,0.10547,0.10547,0.10547,0.0,1.0,553.8128066442399,-0.0,39.55706562289129,0.0,514.2557410213486,514.2557410213486,0.0,0.0
5097,2019-08-01 09:00:00,8,2019-08-01 10:00:00,0.10547,0.10547,0.10547,0.0,0.9283386492338926,549.0876790406666,-0.0,34.83193801931793,0.0,514.2557410213486,514.2557410213486,0.0,0.0
5098,2019-08-01 10:00:00,8,2019-08-01 11:00:00,0.10547,0.10547,0.10547,0.0,0.8652373122423747,606.179964955252,-0.0,91.92422393390336,0.0,514.2557410213486,514.2557410213486,0.0,0.0
5099,2019-08-01 11:00:00,8,2019-08-01 12:00:00,0.10547,0.10547,0.10547,0.0,0.6987079210577671,585.056541588469,-0.0,70.80080056712039,0.0,514.2557410213486,514.2557410213486,0.0,0.0
5100,2019-08-01 12:00:00,8,2019-08-01 13:00:00,0.10547,0.10547,0.10547,0.0,0.570445601189795,588.4381010798752,-0.0,74.18236005852653,0.0,514.2557410213487,514.2557410213487,0.0,0.0
5101,2019-08-01 13:00:00,8,2019-08-01 14:00:00,0.10547,0.10547,0.10547,0.0,0.43605726775043535,576.2961809219421,-0.0,62.040439900593384,0.0,514.2557410213487,514.2557410213487,0.0,0.0
5102,2019-08-01 14:00:00,8,2019-08-01 15:00:00,0.12561,0.12561,0.12561,0.0,0.32366516648124444,564.1363454106413,-0.0,49.880604389292586,0.0,514.2557410213487,514.2557410213487,0.0,0.0
5103,2019-08-01 15:00:00,8,2019-08-01 16:00:00,0.12561,0.12561,0.12561,0.0,0.233301752732526,559.5528682354411,-0.0,45.2971272140924,0.0,514.2557410213487,514.2557410213487,0.0,0.0
5104,2019-08-01 16:00:00,8,2019-08-01 17:00:00,0.15111,0.15111,0.15111,0.0,0.15124173966351806,550.4551563890647,-0.0,36.19941536771594,0.0,514.2557410213487,514.2557410213487,0.0,0.0
5105,2019-08-01 17:00:00,8,2019-08-01 18:00:00,0.15111,0.15111,0.15111,0.0,0.08566308863504715,533.9417659478947,-0.0,19.686024926546025,0.0,514.2557410213487,514.2557410213487,0.0,0.0
5106,2019-08-01 18:00:00,8,2019-08-01 19:00:00,0.15111,0.15111,0.15111,0.0,0.05,487.297281309754,-0.0,0.0,0.0,487.297281309754,487.297281309754,0.0,0.0
5107,2019-08-01 19:00:00,8,2019-08-01 20:00:00,0.15111,0.15111,0.15111,0.0,0.05,455.8277949654421,-0.0,0.0,0.0,455.8277949654421,455.8277949654421,0.0,1.0
5108,2019-08-01 20:00:00,8,2019-08-01 21:00:00,0.15111,0.15111,0.15111,0.0,0.05,325.329531352192,-0.0,0.0,0.0,325.329531352192,325.329531352192,0.0,1.0
5109,2019-08-01 21:00:00,8,2019-08-01 22:00:00,0.12561,0.12561,0.12561,0.0,0.05,231.7252669548197,-0.0,0.0,0.0,231.7252669548197,231.7252669548197,0.0,0.0
5110,2019-08-01 22:00:00,8,2019-08-01 23:00:00,0.12561,0.12561,0.12561,0.0,0.05,297.42971323676494,-0.0,0.0,0.0,297.42971323676494,297.42971323676494,0.0,1.0
5111,2019-08-01 23:00:00,8,2019-08-02 00:00:00,0.10547,0.10547,0.10547,0.0,0.05,242.21814916551406,-0.0,0.0,0.0,242.21814916551406,242.21814916551406,0.0,0.0
5112,2019-08-02 00:00:00,8,2019-08-02 01:00:00,0.10547,0.10547,0.10547,0.0,0.05,223.07050020195447,-0.0,0.0,0.0,223.07050020195447,223.07050020195447,0.0,0.0
5113,2019-08-02 01:00:00,8,2019-08-02 02:00:00,0.10547,0.10547,0.10547,0.0,0.05,220.21924074828274,-0.0,0.0,0.0,220.21924074828274,220.21924074828274,0.0,0.0
5114,2019-08-02 02:00:00,8,2019-08-02 03:00:00,0.10547,0.10547,0.10547,0.0,0.05,218.0541670437557,-0.0,0.0,0.0,218.0541670437557,218.0541670437557,0.0,0.0
5115,2019-08-02 03:00:00,8,2019-08-02 04:00:00,0.10547,0.10547,0.10547,0.0,0.05,230.72968844697155,-217.49281483027994,0.0,0.0,448.22250327725146,448.22250327725146,0.0,1.0
5116,2019-08-02 04:00:00,8,2019-08-02 05:00:00,0.10547,0.10547,0.10547,0.0,0.3834889827397626,228.31014144809885,-0.0,0.0,0.0,228.31014144809885,228.31014144809885,0.0,0.0
5117,2019-08-02 05:00:00,8,2019-08-02 06:00:00,0.10547,0.10547,0.10547,0.0,0.3834889827397626,300.4318384268799,-213.8239025944688,0.0,0.0,514.2557410213487,514.2557410213487,0.0,1.0
5118,2019-08-02 06:00:00,8,2019-08-02 07:00:00,0.10547,0.10547,0.10547,0.0,0.7113523000512815,326.0072410547932,-188.24849996655553,0.0,0.0,514.2557410213487,514.2557410213487,0.0,1.0
5119,2019-08-02 07:00:00,8,2019-08-02 08:00:00,0.10547,0.10547,0.10547,0.0,1.0,482.5701894474442,-0.0,0.0,0.0,482.5701894474442,482.5701894474442,0.0,1.0
5120,2019-08-02 08:00:00,8,2019-08-02 09:00:00,0.10547,0.10547,0.10547,0.0,1.0,542.7680561021386,-0.0,28.512315080789904,0.0,514.2557410213487,514.2557410213487,0.0,0.0
5121,2019-08-02 09:00:00,8,2019-08-02 10:00:00,0.10547,0.10547,0.10547,0.0,0.9483472552884241,530.6087910712416,-0.0,16.353050049892886,0.0,514.2557410213487,514.2557410213487,0.0,0.0
5122,2019-08-02 10:00:00,8,2019-08-02 11:00:00,0.10547,0.10547,0.10547,0.0,0.9187221646183285,588.7414390092266,-0.0,74.48569798787787,0.0,514.2557410213487,514.2557410213487,0.0,0.0
5123,2019-08-02 11:00:00,8,2019-08-02 12:00:00,0.10547,0.10547,0.10547,0.0,0.7837843059446367,565.2995877044767,-0.0,51.04384668312798,0.0,514.2557410213487,514.2557410213487,0.0,0.0
5124,2019-08-02 12:00:00,8,2019-08-02 13:00:00,0.10547,0.10547,0.10547,0.0,0.6913135691998396,570.9438069759808,-0.0,56.688065954632066,0.0,514.2557410213487,514.2557410213487,0.0,0.0
5125,2019-08-02 13:00:00,8,2019-08-02 14:00:00,0.10547,0.10547,0.10547,0.0,0.5886177975428973,562.0304992507365,-0.0,47.77475822938777,0.0,514.2557410213487,514.2557410213487,0.0,0.0
5126,2019-08-02 14:00:00,8,2019-08-02 15:00:00,0.12561,0.12561,0.12561,0.0,0.5020693224896587,552.9477550319201,-0.0,38.69201401057137,0.0,514.2557410213487,514.2557410213487,0.0,0.0
5127,2019-08-02 15:00:00,8,2019-08-02 16:00:00,0.12561,0.12561,0.12561,0.0,0.43197509420963814,552.6670959076913,-0.0,38.411354886342565,0.0,514.2557410213487,514.2557410213487,0.0,0.0
5128,2019-08-02 16:00:00,8,2019-08-02 17:00:00,0.15111,0.15111,0.15111,0.0,0.362389306372061,546.8739677138733,-0.0,32.61822669252456,0.0,514.2557410213487,514.2557410213487,0.0,0.0
5129,2019-08-02 17:00:00,8,2019-08-02 18:00:00,0.15111,0.15111,0.15111,0.0,0.30329831598705276,531.2160227787042,-0.0,16.96028175735546,0.0,514.2557410213487,514.2557410213487,0.0,0.0
5130,2019-08-02 18:00:00,8,2019-08-02 19:00:00,0.15111,0.15111,0.15111,0.0,0.2725731678759016,498.73045158197084,-0.0,0.0,0.0,498.73045158197084,498.73045158197084,0.0,1.0
5131,2019-08-02 19:00:00,8,2019-08-02 20:00:00,0.15111,0.15111,0.15111,0.0,0.2725731678759016,466.8741585881299,-0.0,122.86038866749767,0.0,344.0137699206322,344.0137699206322,0.0,0.0
5132,2019-08-02 20:00:00,8,2019-08-02 21:00:00,0.15111,0.15111,0.15111,0.0,0.05,334.8490153103649,-0.0,0.0,0.0,334.8490153103649,334.8490153103649,0.0,0.0
5133,2019-08-02 21:00:00,8,2019-08-02 22:00:00,0.12561,0.12561,0.12561,0.0,0.05,230.740111690309,-0.0,0.0,0.0,230.740111690309,230.740111690309,0.0,0.0
5134,2019-08-02 22:00:00,8,2019-08-02 23:00:00,0.12561,0.12561,0.12561,0.0,0.05,296.62086927793115,-0.0,0.0,0.0,296.62086927793115,296.62086927793115,0.0,1.0
5135,2019-08-02 23:00:00,8,2019-08-03 00:00:00,0.10547,0.10547,0.10547,0.0,0.05,240.92385322035005,-0.0,0.0,0.0,240.92385322035005,240.92385322035005,0.0,0.0
5136,2019-08-03 00:00:00,8,2019-08-03 01:00:00,0.10547,0.10547,0.10547,0.0,0.05,221.82955516695574,-0.0,0.0,0.0,221.82955516695574,221.82955516695574,0.0,0.0
5137,2019-08-03 01:00:00,8,2019-08-03 02:00:00,0.10547,0.10547,0.10547,0.0,0.05,218.94302663194145,-0.0,0.0,0.0,218.94302663194145,218.94302663194145,0.0,0.0
5138,2019-08-03 02:00:00,8,2019-08-03 03:00:00,0.10547,0.10547,0.10547,0.0,0.05,216.85442936482272,-0.0,0.0,0.0,216.85442936482272,216.85442936482272,0.0,0.0
5139,2019-08-03 03:00:00,8,2019-08-03 04:00:00,0.10547,0.10547,0.10547,0.0,0.05,229.5448517160978,-0.0,0.0,0.0,229.5448517160978,229.5448517160978,0.0,0.0
5140,2019-08-03 04:00:00,8,2019-08-03 05:00:00,0.10547,0.10547,0.10547,0.0,0.05,227.38070024342542,-186.32941588833168,0.0,0.0,413.7101161317571,413.7101161317571,0.0,1.0
5141,2019-08-03 05:00:00,8,2019-08-03 06:00:00,0.10547,0.10547,0.10547,0.0,0.3357051043621086,299.55163362850783,-214.7041073928409,0.0,0.0,514.2557410213487,514.2557410213487,0.0,1.0
5142,2019-08-03 06:00:00,8,2019-08-03 07:00:00,0.10547,0.10547,0.10547,0.0,0.6649180690311314,325.6540559165515,-188.60168510479724,0.0,0.0,514.2557410213487,514.2557410213487,0.0,1.0
5143,2019-08-03 07:00:00,8,2019-08-03 08:00:00,0.10547,0.10547,0.10547,0.0,0.9541073195251537,484.32573201601423,-29.93000900533451,0.0,0.0,514.2557410213487,514.2557410213487,0.0,1.0
5144,2019-08-03 08:00:00,8,2019-08-03 09:00:00,0.10547,0.10547,0.10547,0.0,1.0,545.2687743664353,-0.0,31.01303334508657,0.0,514.2557410213487,514.2557410213487,0.0,0.0
5145,2019-08-03 09:00:00,8,2019-08-03 10:00:00,0.10547,0.10547,0.10547,0.0,0.9438169685777418,532.9929378191163,-0.0,18.737196797767524,0.0,514.2557410213487,514.2557410213487,0.0,0.0
5146,2019-08-03 10:00:00,8,2019-08-03 11:00:00,0.10547,0.10547,0.10547,0.0,0.9098727714803369,590.5194839598573,-0.0,76.26374293850859,0.0,514.2557410213487,514.2557410213487,0.0,0.0
5147,2019-08-03 11:00:00,8,2019-08-03 12:00:00,0.10547,0.10547,0.10547,0.0,0.7717138168815894,568.1527911664737,-0.0,53.89705014512492,0.0,514.2557410213487,514.2557410213487,0.0,0.0
5148,2019-08-03 12:00:00,8,2019-08-03 13:00:00,0.10547,0.10547,0.10547,0.0,0.6740742332853487,575.2999011379269,-0.0,61.044160116578155,0.0,514.2557410213487,514.2557410213487,0.0,0.0
5149,2019-08-03 13:00:00,8,2019-08-03 14:00:00,0.10547,0.10547,0.10547,0.0,0.5634869866973446,569.2911306369944,-0.0,55.03538961564561,0.0,514.2557410213487,514.2557410213487,0.0,0.0
5150,2019-08-03 14:00:00,8,2019-08-03 15:00:00,0.12561,0.12561,0.12561,0.0,0.46378519391537804,560.2000798631523,-0.0,45.94433884180353,0.0,514.2557410213487,514.2557410213487,0.0,0.0
5151,2019-08-03 15:00:00,8,2019-08-03 16:00:00,0.12561,0.12561,0.12561,0.0,0.38055269601356,558.5221819183739,-0.0,44.26644089702518,0.0,514.2557410213487,514.2557410213487,0.0,0.0
5152,2019-08-03 16:00:00,8,2019-08-03 17:00:00,0.15111,0.15111,0.15111,0.0,0.3003598683015579,549.3001615794582,-0.0,121.82316468031476,0.0,427.4769968991434,427.4769968991434,0.0,0.0
5153,2019-08-03 17:00:00,8,2019-08-03 18:00:00,0.15111,0.15111,0.15111,0.0,0.07966572938794426,530.631223643494,-0.0,16.375482622145228,0.0,514.2557410213487,514.2557410213487,0.0,0.0
5154,2019-08-03 18:00:00,8,2019-08-03 19:00:00,0.15111,0.15111,0.15111,0.0,0.05,503.50893412751253,-0.0,0.0,0.0,503.50893412751253,503.50893412751253,0.0,0.0
5155,2019-08-03 19:00:00,8,2019-08-03 20:00:00,0.15111,0.15111,0.15111,0.0,0.05,464.3592671712764,-0.0,0.0,0.0,464.3592671712764,464.3592671712764,0.0,1.0
5156,2019-08-03 20:00:00,8,2019-08-03 21:00:00,0.15111,0.15111,0.15111,0.0,0.05,334.3405781641927,-0.0,0.0,0.0,334.3405781641927,334.3405781641927,0.0,1.0
5157,2019-08-03 21:00:00,8,2019-08-03 22:00:00,0.12561,0.12561,0.12561,0.0,0.05,230.20143657351397,-0.0,0.0,0.0,230.20143657351397,230.20143657351397,0.0,0.0
5158,2019-08-03 22:00:00,8,2019-08-03 23:00:00,0.12561,0.12561,0.12561,0.0,0.05,296.25217354810684,-0.0,0.0,0.0,296.25217354810684,296.25217354810684,0.0,1.0
5159,2019-08-03 23:00:00,8,2019-08-04 00:00:00,0.10547,0.10547,0.10547,0.0,0.05,240.89137288381923,-0.0,0.0,0.0,240.89137288381923,240.89137288381923,0.0,0.0
5160,2019-08-04 00:00:00,8,2019-08-04 01:00:00,0.10547,0.10547,0.10547,0.0,0.05,221.87941211365782,-0.0,0.0,0.0,221.87941211365782,221.87941211365782,0.0,0.0
5161,2019-08-04 01:00:00,8,2019-08-04 02:00:00,0.10547,0.10547,0.10547,0.0,0.05,219.51004904258704,-0.0,0.0,0.0,219.51004904258704,219.51004904258704,0.0,0.0
5162,2019-08-04 02:00:00,8,2019-08-04 03:00:00,0.10547,0.10547,0.10547,0.0,0.05,217.84784502114826,-0.0,0.0,0.0,217.84784502114826,217.84784502114826,0.0,0.0
5163,2019-08-04 03:00:00,8,2019-08-04 04:00:00,0.10547,0.10547,0.10547,0.0,0.05,266.0772656057419,-248.17847541560684,0.0,0.0,514.2557410213487,514.2557410213487,0.0,1.0
5164,2019-08-04 04:00:00,8,2019-08-04 05:00:00,0.10547,0.10547,0.10547,0.0,0.4305403289705972,265.57294441538124,-248.6827966059675,0.0,0.0,514.2557410213487,514.2557410213487,0.0,1.0
5165,2019-08-04 05:00:00,8,2019-08-04 06:00:00,0.10547,0.10547,0.10547,0.0,0.8118539504330806,340.12876577695283,-0.0,0.0,0.0,340.12876577695283,340.12876577695283,0.0,1.0
5166,2019-08-04 06:00:00,8,2019-08-04 07:00:00,0.10547,0.10547,0.10547,0.0,0.8118539504330806,352.5008171173509,-122.70394536973002,0.0,0.0,475.2047624870809,475.2047624870809,0.0,1.0
5167,2019-08-04 07:00:00,8,2019-08-04 08:00:00,0.10547,0.10547,0.10547,0.0,1.0,489.9187183846732,-0.0,0.0,0.0,489.9187183846732,489.9187183846732,0.0,0.0
5168,2019-08-04 08:00:00,8,2019-08-04 09:00:00,0.10547,0.10547,0.10547,0.0,1.0,551.9110496067359,-0.0,37.65530858538716,0.0,514.2557410213487,514.2557410213487,0.0,0.0
5169,2019-08-04 09:00:00,8,2019-08-04 10:00:00,0.10547,0.10547,0.10547,0.0,0.9317838612583567,541.9365326651765,-0.0,27.680791643827774,0.0,514.2557410213487,514.2557410213487,0.0,0.0
5170,2019-08-04 10:00:00,8,2019-08-04 11:00:00,0.10547,0.10547,0.10547,0.0,0.8816374995847556,598.5625702896385,-0.0,84.30682926828979,0.0,514.2557410213487,514.2557410213487,0.0,0.0
5171,2019-08-04 11:00:00,8,2019-08-04 12:00:00,0.10547,0.10547,0.10547,0.0,0.728907736417564,577.4099900944592,-0.0,63.15424907311046,0.0,514.2557410213487,514.2557410213487,0.0,0.0
5172,2019-08-04 12:00:00,8,2019-08-04 13:00:00,0.10547,0.10547,0.10547,0.0,0.6144978649083058,583.7476751223844,-0.0,69.49193410103567,0.0,514.2557410213487,514.2557410213487,0.0,0.0
5173,2019-08-04 13:00:00,8,2019-08-04 14:00:00,0.10547,0.10547,0.10547,0.0,0.4886066799426615,573.9878012135416,-0.0,59.732060192192876,0.0,514.2557410213487,514.2557410213487,0.0,0.0
5174,2019-08-04 14:00:00,8,2019-08-04 15:00:00,0.12561,0.12561,0.12561,0.0,0.3803964259712976,565.1067576217243,-0.0,50.8510166003756,0.0,514.2557410213487,514.2557410213487,0.0,0.0
5175,2019-08-04 15:00:00,8,2019-08-04 16:00:00,0.12561,0.12561,0.12561,0.0,0.2882750190865592,562.1226740732635,-0.0,47.86693305191477,0.0,514.2557410213487,514.2557410213487,0.0,0.0
5176,2019-08-04 16:00:00,8,2019-08-04 17:00:00,0.15111,0.15111,0.15111,0.0,0.2015595606591774,552.7141519684744,-0.0,38.458410947125685,0.0,514.2557410213487,514.2557410213487,0.0,0.0
5177,2019-08-04 17:00:00,8,2019-08-04 18:00:00,0.15111,0.15111,0.15111,0.0,0.13188852633467435,534.5519099008824,-0.0,45.202466536740246,0.0,489.34944336414213,489.34944336414213,0.0,0.0
5178,2019-08-04 18:00:00,8,2019-08-04 19:00:00,0.15111,0.15111,0.15111,0.0,0.05,493.1839433470072,-0.0,0.0,0.0,493.1839433470072,493.1839433470072,0.0,0.0
5179,2019-08-04 19:00:00,8,2019-08-04 20:00:00,0.15111,0.15111,0.15111,0.0,0.05,455.4074425904759,-0.0,0.0,0.0,455.4074425904759,455.4074425904759,0.0,1.0
5180,2019-08-04 20:00:00,8,2019-08-04 21:00:00,0.15111,0.15111,0.15111,0.0,0.05,326.69109420748146,-0.0,0.0,0.0,326.69109420748146,326.69109420748146,0.0,1.0
5181,2019-08-04 21:00:00,8,2019-08-04 22:00:00,0.12561,0.12561,0.12561,0.0,0.05,232.39722496939322,-0.0,0.0,0.0,232.39722496939322,232.39722496939322,0.0,0.0
5182,2019-08-04 22:00:00,8,2019-08-04 23:00:00,0.12561,0.12561,0.12561,0.0,0.05,297.6009425657798,-0.0,0.0,0.0,297.6009425657798,297.6009425657798,0.0,1.0
5183,2019-08-04 23:00:00,8,2019-08-05 00:00:00,0.10547,0.10547,0.10547,0.0,0.05,241.85788407719275,-0.0,0.0,0.0,241.85788407719275,241.85788407719275,0.0,0.0
5184,2019-08-05 00:00:00,8,2019-08-05 01:00:00,0.10547,0.10547,0.10547,0.0,0.05,217.7781854051808,-0.0,0.0,0.0,217.7781854051808,217.7781854051808,0.0,0.0
5185,2019-08-05 01:00:00,8,2019-08-05 02:00:00,0.10547,0.10547,0.10547,0.0,0.05,214.61627520584997,-0.0,0.0,0.0,214.61627520584997,214.61627520584997,0.0,0.0
5186,2019-08-05 02:00:00,8,2019-08-05 03:00:00,0.10547,0.10547,0.10547,0.0,0.05,212.14283870524963,-0.0,0.0,0.0,212.14283870524963,212.14283870524963,0.0,0.0
5187,2019-08-05 03:00:00,8,2019-08-05 04:00:00,0.10547,0.10547,0.10547,0.0,0.05,224.29920685343248,-292.7968360484457,0.0,0.0,517.0960429018781,517.0960429018781,0.0,1.0
5188,2019-08-05 04:00:00,8,2019-08-05 05:00:00,0.10547,0.10547,0.10547,0.0,0.49895514860761675,221.69469627245488,-104.39126566090472,0.0,0.0,326.0859619333596,326.0859619333596,0.0,1.0
5189,2019-08-05 05:00:00,8,2019-08-05 06:00:00,0.10547,0.10547,0.10547,0.0,0.6590217559543373,267.88723816198836,-0.0,0.0,0.0,267.88723816198836,267.88723816198836,0.0,1.0
5190,2019-08-05 06:00:00,8,2019-08-05 07:00:00,0.10547,0.10547,0.10547,0.0,0.6590217559543373,294.71892721992424,-222.3771156819539,0.0,0.0,517.0960429018781,517.0960429018781,0.0,1.0
5191,2019-08-05 07:00:00,8,2019-08-05 08:00:00,0.10547,0.10547,0.10547,0.0,1.0,433.94685428572734,-0.0,0.0,0.0,433.94685428572734,433.94685428572734,0.0,1.0
5192,2019-08-05 08:00:00,8,2019-08-05 09:00:00,0.10547,0.10547,0.10547,0.0,1.0,496.78130908474844,-0.0,0.0,0.0,496.78130908474844,496.78130908474844,0.0,1.0
5193,2019-08-05 09:00:00,8,2019-08-05 10:00:00,0.10547,0.10547,0.10547,0.0,1.0,559.1023845072602,-0.0,42.00634160538209,0.0,517.0960429018781,517.0960429018781,0.0,0.0
5194,2019-08-05 10:00:00,8,2019-08-05 11:00:00,0.10547,0.10547,0.10547,0.0,0.9239015550627135,620.8995386947349,-0.0,103.80349579285675,0.0,517.0960429018781,517.0960429018781,0.0,0.0
5195,2019-08-05 11:00:00,8,2019-08-05 12:00:00,0.10547,0.10547,0.10547,0.0,0.7358517438437703,599.9155612075252,-0.0,82.81951830564705,0.0,517.0960429018781,517.0960429018781,0.0,0.0
5196,2019-08-05 12:00:00,8,2019-08-05 13:00:00,0.10547,0.10547,0.10547,0.0,0.5858163845944097,599.5809413031955,-0.0,82.4848984013173,0.0,517.0960429018781,517.0960429018781,0.0,0.0
5197,2019-08-05 13:00:00,8,2019-08-05 14:00:00,0.10547,0.10547,0.10547,0.0,0.4363872208239074,585.2395460300047,-0.0,68.14350312812653,0.0,517.0960429018781,517.0960429018781,0.0,0.0
5198,2019-08-05 14:00:00,8,2019-08-05 15:00:00,0.12561,0.12561,0.12561,0.0,0.3129388455917941,571.9361003536409,-0.0,54.8400574517627,0.0,517.0960429018781,517.0960429018781,0.0,0.0
5199,2019-08-05 15:00:00,8,2019-08-05 16:00:00,0.12561,0.12561,0.12561,0.0,0.21359091542555736,566.8762591982311,-0.0,49.780216296352904,0.0,517.0960429018781,517.0960429018781,0.0,0.0
5200,2019-08-05 16:00:00,8,2019-08-05 17:00:00,0.15111,0.15111,0.15111,0.0,0.12340936416404859,557.618011920433,-0.0,40.52196901855481,0.0,517.0960429018781,517.0960429018781,0.0,0.0
5201,2019-08-05 17:00:00,8,2019-08-05 18:00:00,0.15111,0.15111,0.15111,0.0,0.05,508.4595105423735,-0.0,0.0,0.0,508.4595105423735,508.4595105423735,0.0,1.0
5202,2019-08-05 18:00:00,8,2019-08-05 19:00:00,0.15111,0.15111,0.15111,0.0,0.05,422.76879265230656,-0.0,0.0,0.0,422.76879265230656,422.76879265230656,0.0,1.0
5203,2019-08-05 19:00:00,8,2019-08-05 20:00:00,0.15111,0.15111,0.15111,0.0,0.05,410.67822174205253,-0.0,0.0,0.0,410.67822174205253,410.67822174205253,0.0,1.0
5204,2019-08-05 20:00:00,8,2019-08-05 21:00:00,0.15111,0.15111,0.15111,0.0,0.05,308.63112222968556,-0.0,0.0,0.0,308.63112222968556,308.63112222968556,0.0,0.0
5205,2019-08-05 21:00:00,8,2019-08-05 22:00:00,0.12561,0.12561,0.12561,0.0,0.05,227.42591620465078,-0.0,0.0,0.0,227.42591620465078,227.42591620465078,0.0,0.0
5206,2019-08-05 22:00:00,8,2019-08-05 23:00:00,0.12561,0.12561,0.12561,0.0,0.05,292.28108473990005,-0.0,0.0,0.0,292.28108473990005,292.28108473990005,0.0,1.0
5207,2019-08-05 23:00:00,8,2019-08-06 00:00:00,0.10547,0.10547,0.10547,0.0,0.05,236.05317770812894,-0.0,0.0,0.0,236.05317770812894,236.05317770812894,0.0,0.0
5208,2019-08-06 00:00:00,8,2019-08-06 01:00:00,0.10547,0.10547,0.10547,0.0,0.05,216.0838481021622,-0.0,0.0,0.0,216.0838481021622,216.0838481021622,0.0,0.0
5209,2019-08-06 01:00:00,8,2019-08-06 02:00:00,0.10547,0.10547,0.10547,0.0,0.05,212.4494231209641,-0.0,0.0,0.0,212.4494231209641,212.4494231209641,0.0,0.0
5210,2019-08-06 02:00:00,8,2019-08-06 03:00:00,0.10547,0.10547,0.10547,0.0,0.05,209.53692053478062,-0.0,0.0,0.0,209.53692053478062,209.53692053478062,0.0,0.0
5211,2019-08-06 03:00:00,8,2019-08-06 04:00:00,0.10547,0.10547,0.10547,0.0,0.05,221.0431352992552,-0.0,0.0,0.0,221.0431352992552,221.0431352992552,0.0,0.0
5212,2019-08-06 04:00:00,8,2019-08-06 05:00:00,0.10547,0.10547,0.10547,0.0,0.05,217.8162702201129,-0.0,0.0,0.0,217.8162702201129,217.8162702201129,0.0,0.0
5213,2019-08-06 05:00:00,8,2019-08-06 06:00:00,0.10547,0.10547,0.10547,0.0,0.05,263.2593291832213,-253.83671371865682,0.0,0.0,517.0960429018781,517.0960429018781,0.0,1.0
5214,2019-08-06 06:00:00,8,2019-08-06 07:00:00,0.10547,0.10547,0.10547,0.0,0.4392162943686071,287.8000720119156,-33.71600239651212,0.0,0.0,321.5160744084277,321.5160744084277,0.0,1.0
5215,2019-08-06 07:00:00,8,2019-08-06 08:00:00,0.10547,0.10547,0.10547,0.0,0.49091416470992577,368.32905265273007,-148.76699024914808,0.0,0.0,517.0960429018781,517.0960429018781,0.0,1.0
5216,2019-08-06 08:00:00,8,2019-08-06 09:00:00,0.10547,0.10547,0.10547,0.0,0.7190235497586195,333.8505318748909,-183.24551102698723,0.0,0.0,517.0960429018781,517.0960429018781,0.0,1.0
5217,2019-08-06 09:00:00,8,2019-08-06 10:00:00,0.10547,0.10547,0.10547,0.0,1.0,415.4658913398079,-0.0,0.0,0.0,415.4658913398079,415.4658913398079,0.0,0.0
5218,2019-08-06 10:00:00,8,2019-08-06 11:00:00,0.10547,0.10547,0.10547,0.0,1.0,480.59418203466754,-0.0,0.0,0.0,480.59418203466754,480.59418203466754,0.0,1.0
5219,2019-08-06 11:00:00,8,2019-08-06 12:00:00,0.10547,0.10547,0.10547,0.0,1.0,521.4404304441265,-0.0,4.344387542248342,0.0,517.0960429018781,517.0960429018781,0.0,0.0
5220,2019-08-06 12:00:00,8,2019-08-06 13:00:00,0.10547,0.10547,0.10547,0.0,0.9921297327133183,528.1284200625093,-0.0,11.0323771606312,0.0,517.0960429018781,517.0960429018781,0.0,0.0
5221,2019-08-06 13:00:00,8,2019-08-06 14:00:00,0.10547,0.10547,0.10547,0.0,0.9721435422049285,514.58156274758,-2.5144801542980986,0.0,0.0,517.0960429018781,517.0960429018781,0.0,1.0
5222,2019-08-06 14:00:00,8,2019-08-06 15:00:00,0.12561,0.12561,0.12561,0.0,0.975999078441519,500.074594827421,-0.0,0.0,0.0,500.074594827421,500.074594827421,0.0,0.0
5223,2019-08-06 15:00:00,8,2019-08-06 16:00:00,0.12561,0.12561,0.12561,0.0,0.9759990784415188,493.92510917049543,-15.652774929444258,0.0,0.0,509.5778840999397,509.5778840999397,0.0,1.0
5224,2019-08-06 16:00:00,8,2019-08-06 17:00:00,0.15111,0.15111,0.15111,0.0,1.0,421.1224895990322,-0.0,300.0,0.0,121.12248959903218,121.12248959903218,0.0,0.0
5225,2019-08-06 17:00:00,8,2019-08-06 18:00:00,0.15111,0.15111,0.15111,0.0,0.4565217391304348,417.99566054002815,-0.0,0.0,0.0,417.99566054002815,417.99566054002815,0.0,0.0
5226,2019-08-06 18:00:00,8,2019-08-06 19:00:00,0.15111,0.15111,0.15111,0.0,0.4565217391304348,381.92548881342145,-0.0,0.0,0.0,381.92548881342145,381.92548881342145,0.0,0.0
5227,2019-08-06 19:00:00,8,2019-08-06 20:00:00,0.15111,0.15111,0.15111,0.0,0.4565217391304348,372.3937879331341,-0.0,224.4,0.0,147.9937879331341,147.9937879331341,0.0,0.0
5228,2019-08-06 20:00:00,8,2019-08-06 21:00:00,0.15111,0.15111,0.15111,0.0,0.05,332.40099273318674,-0.0,0.0,0.0,332.40099273318674,332.40099273318674,0.0,1.0
5229,2019-08-06 21:00:00,8,2019-08-06 22:00:00,0.12561,0.12561,0.12561,0.0,0.05,223.4075094242486,-0.0,0.0,0.0,223.4075094242486,223.4075094242486,0.0,0.0
5230,2019-08-06 22:00:00,8,2019-08-06 23:00:00,0.12561,0.12561,0.12561,0.0,0.05,289.7316184346931,-0.0,0.0,0.0,289.7316184346931,289.7316184346931,0.0,1.0
5231,2019-08-06 23:00:00,8,2019-08-07 00:00:00,0.10547,0.10547,0.10547,0.0,0.05,233.45658780891776,-0.0,0.0,0.0,233.45658780891776,233.45658780891776,0.0,0.0
5232,2019-08-07 00:00:00,8,2019-08-07 01:00:00,0.10547,0.10547,0.10547,0.0,0.05,219.48770122751824,-0.0,0.0,0.0,219.48770122751824,219.48770122751824,0.0,0.0
5233,2019-08-07 01:00:00,8,2019-08-07 02:00:00,0.10547,0.10547,0.10547,0.0,0.05,216.82615218197142,-0.0,0.0,0.0,216.82615218197142,216.82615218197142,0.0,0.0
5234,2019-08-07 02:00:00,8,2019-08-07 03:00:00,0.10547,0.10547,0.10547,0.0,0.05,214.97425234250824,-0.0,0.0,0.0,214.97425234250824,214.97425234250824,0.0,0.0
5235,2019-08-07 03:00:00,8,2019-08-07 04:00:00,0.10547,0.10547,0.10547,0.0,0.05,228.1205475883714,-210.8802954258937,0.0,0.0,439.0008430142651,439.0008430142651,0.0,1.0
5236,2019-08-07 04:00:00,8,2019-08-07 05:00:00,0.10547,0.10547,0.10547,0.0,0.37334978631970367,226.23897904146247,-0.0,0.0,0.0,226.23897904146247,226.23897904146247,0.0,0.0
5237,2019-08-07 05:00:00,8,2019-08-07 06:00:00,0.10547,0.10547,0.10547,0.0,0.37334978631970367,298.93675191846074,-218.1592909834174,0.0,0.0,517.0960429018781,517.0960429018781,0.0,1.0
5238,2019-08-07 06:00:00,8,2019-08-07 07:00:00,0.10547,0.10547,0.10547,0.0,0.7078606991609437,326.570411919885,-190.52563098199317,0.0,0.0,517.0960429018781,517.0960429018781,0.0,1.0
5239,2019-08-07 07:00:00,8,2019-08-07 08:00:00,0.10547,0.10547,0.10547,0.0,1.0,488.4378564846718,-0.0,0.0,0.0,488.4378564846718,488.4378564846718,0.0,1.0
5240,2019-08-07 08:00:00,8,2019-08-07 09:00:00,0.10547,0.10547,0.10547,0.0,1.0,556.6942798091688,-0.0,39.5982369072907,0.0,517.0960429018781,517.0960429018781,0.0,0.0
5241,2019-08-07 09:00:00,8,2019-08-07 10:00:00,0.10547,0.10547,0.10547,0.0,0.9282640635737488,551.3200779409423,-0.0,34.22403503906412,0.0,517.0960429018781,517.0960429018781,0.0,0.0
5242,2019-08-07 10:00:00,8,2019-08-07 11:00:00,0.10547,0.10547,0.10547,0.0,0.8662640000971834,608.2389526875033,-0.0,91.14290978562519,0.0,517.0960429018781,517.0960429018781,0.0,0.0
5243,2019-08-07 11:00:00,8,2019-08-07 12:00:00,0.10547,0.10547,0.10547,0.0,0.7011500330942392,587.4538790188749,-0.0,70.35783611699674,0.0,517.0960429018781,517.0960429018781,0.0,0.0
5244,2019-08-07 12:00:00,8,2019-08-07 13:00:00,0.10547,0.10547,0.10547,0.0,0.5736901850562016,589.8211981714214,-0.0,72.72515526954328,0.0,517.0960429018781,517.0960429018781,0.0,0.0
5245,2019-08-07 13:00:00,8,2019-08-07 14:00:00,0.10547,0.10547,0.10547,0.0,0.4419417153650001,577.2490363712568,-0.0,60.15299346937866,0.0,517.0960429018781,517.0960429018781,0.0,0.0
5246,2019-08-07 14:00:00,8,2019-08-07 15:00:00,0.12561,0.12561,0.12561,0.0,0.33296890110887933,565.5126076529162,-0.0,48.416564751038095,0.0,517.0960429018781,517.0960429018781,0.0,0.0
5247,2019-08-07 15:00:00,8,2019-08-07 16:00:00,0.12561,0.12561,0.12561,0.0,0.2452577330816364,562.5533422495193,-0.0,45.4572993476412,0.0,517.0960429018781,517.0960429018781,0.0,0.0
5248,2019-08-07 16:00:00,8,2019-08-07 17:00:00,0.15111,0.15111,0.15111,0.0,0.16290755310402555,551.3638982896862,-0.0,48.43330870888995,0.0,502.9305895807962,502.9305895807962,0.0,0.0
5249,2019-08-07 17:00:00,8,2019-08-07 18:00:00,0.15111,0.15111,0.15111,0.0,0.07516605181980461,530.9877035064103,-0.0,13.891660604532149,0.0,517.0960429018781,517.0960429018781,0.0,0.0
5250,2019-08-07 18:00:00,8,2019-08-07 19:00:00,0.15111,0.15111,0.15111,0.0,0.05,502.52337687707063,-0.0,0.0,0.0,502.52337687707063,502.52337687707063,0.0,1.0
5251,2019-08-07 19:00:00,8,2019-08-07 20:00:00,0.15111,0.15111,0.15111,0.0,0.05,462.9320790642674,-0.0,0.0,0.0,462.9320790642674,462.9320790642674,0.0,0.0
5252,2019-08-07 20:00:00,8,2019-08-07 21:00:00,0.15111,0.15111,0.15111,0.0,0.05,332.5054144951319,-0.0,0.0,0.0,332.5054144951319,332.5054144951319,0.0,1.0
5253,2019-08-07 21:00:00,8,2019-08-07 22:00:00,0.12561,0.12561,0.12561,0.0,0.05,228.15606394740513,-0.0,0.0,0.0,228.15606394740513,228.15606394740513,0.0,0.0
5254,2019-08-07 22:00:00,8,2019-08-07 23:00:00,0.12561,0.12561,0.12561,0.0,0.05,294.26342267136476,-0.0,0.0,0.0,294.26342267136476,294.26342267136476,0.0,1.0
5255,2019-08-07 23:00:00,8,2019-08-08 00:00:00,0.10547,0.10547,0.10547,0.0,0.05,238.3773959301736,-0.0,0.0,0.0,238.3773959301736,238.3773959301736,0.0,0.0
5256,2019-08-08 00:00:00,8,2019-08-08 01:00:00,0.10547,0.10547,0.10547,0.0,0.05,219.5545483482172,-0.0,0.0,0.0,219.5545483482172,219.5545483482172,0.0,0.0
5257,2019-08-08 01:00:00,8,2019-08-08 02:00:00,0.10547,0.10547,0.10547,0.0,0.05,216.9307902737281,-0.0,0.0,0.0,216.9307902737281,216.9307902737281,0.0,0.0
5258,2019-08-08 02:00:00,8,2019-08-08 03:00:00,0.10547,0.10547,0.10547,0.0,0.05,215.08935006768905,-0.0,0.0,0.0,215.08935006768905,215.08935006768905,0.0,0.0
5259,2019-08-08 03:00:00,8,2019-08-08 04:00:00,0.10547,0.10547,0.10547,0.0,0.05,262.26168211735967,-254.83436078451848,0.0,0.0,517.0960429018781,517.0960429018781,0.0,1.0
5260,2019-08-08 04:00:00,8,2019-08-08 05:00:00,0.10547,0.10547,0.10547,0.0,0.44074601986959505,261.33590907455357,-255.76013382732458,0.0,0.0,517.0960429018781,517.0960429018781,0.0,1.0
5261,2019-08-08 05:00:00,8,2019-08-08 06:00:00,0.10547,0.10547,0.10547,0.0,0.8329115584048261,335.0834302659538,-108.97072277946125,0.0,0.0,444.05415304541503,444.05415304541503,0.0,1.0
5262,2019-08-08 06:00:00,8,2019-08-08 07:00:00,0.10547,0.10547,0.10547,0.0,1.0,347.31039450309316,-0.0,0.0,0.0,347.31039450309316,347.31039450309316,0.0,0.0
5263,2019-08-08 07:00:00,8,2019-08-08 08:00:00,0.10547,0.10547,0.10547,0.0,1.0,488.806132533083,-0.0,0.0,0.0,488.806132533083,488.806132533083,0.0,0.0
5264,2019-08-08 08:00:00,8,2019-08-08 09:00:00,0.10547,0.10547,0.10547,0.0,1.0,556.6890507662057,-0.0,39.59300786432755,0.0,517.0960429018781,517.0960429018781,0.0,0.0
5265,2019-08-08 09:00:00,8,2019-08-08 10:00:00,0.10547,0.10547,0.10547,0.0,0.9282735364776674,551.3494061407031,-0.0,34.25336323882493,0.0,517.0960429018781,517.0960429018781,0.0,0.0
5266,2019-08-08 10:00:00,8,2019-08-08 11:00:00,0.10547,0.10547,0.10547,0.0,0.8662203422044339,607.265392647718,-0.0,90.1693497458399,0.0,517.0960429018781,517.0960429018781,0.0,0.0
5267,2019-08-08 11:00:00,8,2019-08-08 12:00:00,0.10547,0.10547,0.10547,0.0,0.7028700709257385,583.9732386271493,-0.0,66.87719572527112,0.0,517.0960429018781,517.0960429018781,0.0,0.0
5268,2019-08-08 12:00:00,8,2019-08-08 13:00:00,0.10547,0.10547,0.10547,0.0,0.5817157308437256,584.2114803890984,-0.0,67.11543748722022,0.0,517.0960429018781,517.0960429018781,0.0,0.0
5269,2019-08-08 13:00:00,8,2019-08-08 14:00:00,0.10547,0.10547,0.10547,0.0,0.4601297933668773,571.950162686658,-0.0,54.85411978477987,0.0,517.0960429018781,517.0960429018781,0.0,0.0
5270,2019-08-08 14:00:00,8,2019-08-08 15:00:00,0.12561,0.12561,0.12561,0.0,0.3607563879596674,557.8029276298096,-0.0,40.706884727931424,0.0,517.0960429018781,517.0960429018781,0.0,0.0
5271,2019-08-08 15:00:00,8,2019-08-08 16:00:00,0.12561,0.12561,0.12561,0.0,0.2870120315684873,551.0666917710964,-0.0,33.97064886921828,0.0,517.0960429018781,517.0960429018781,0.0,0.0
5272,2019-08-08 16:00:00,8,2019-08-08 17:00:00,0.15111,0.15111,0.15111,0.0,0.22547100100830927,542.6319828123461,-0.0,85.89119009464324,0.0,456.7407927177029,456.7407927177029,0.0,0.0
5273,2019-08-08 17:00:00,8,2019-08-08 18:00:00,0.15111,0.15111,0.15111,0.0,0.06987101895279615,528.0648453638216,-0.0,10.968802461943483,0.0,517.0960429018781,517.0960429018781,0.0,0.0
5274,2019-08-08 18:00:00,8,2019-08-08 19:00:00,0.15111,0.15111,0.15111,0.0,0.05,489.3413292133226,-0.0,0.0,0.0,489.3413292133226,489.3413292133226,0.0,0.0
5275,2019-08-08 19:00:00,8,2019-08-08 20:00:00,0.15111,0.15111,0.15111,0.0,0.05,453.1295891235032,-0.0,0.0,0.0,453.1295891235032,453.1295891235032,0.0,1.0
5276,2019-08-08 20:00:00,8,2019-08-08 21:00:00,0.15111,0.15111,0.15111,0.0,0.05,325.4031478017272,-0.0,0.0,0.0,325.4031478017272,325.4031478017272,0.0,1.0
5277,2019-08-08 21:00:00,8,2019-08-08 22:00:00,0.12561,0.12561,0.12561,0.0,0.05,230.94450553061267,-0.0,0.0,0.0,230.94450553061267,230.94450553061267,0.0,0.0
5278,2019-08-08 22:00:00,8,2019-08-08 23:00:00,0.12561,0.12561,0.12561,0.0,0.05,296.1673060456738,-0.0,0.0,0.0,296.1673060456738,296.1673060456738,0.0,1.0
5279,2019-08-08 23:00:00,8,2019-08-09 00:00:00,0.10547,0.10547,0.10547,0.0,0.05,240.20913471856724,-0.0,0.0,0.0,240.20913471856724,240.20913471856724,0.0,0.0
5280,2019-08-09 00:00:00,8,2019-08-09 01:00:00,0.10547,0.10547,0.10547,0.0,0.05,220.68151085144544,-0.0,0.0,0.0,220.68151085144544,220.68151085144544,0.0,0.0
5281,2019-08-09 01:00:00,8,2019-08-09 02:00:00,0.10547,0.10547,0.10547,0.0,0.05,217.28736174851642,-0.0,0.0,0.0,217.28736174851642,217.28736174851642,0.0,0.0
5282,2019-08-09 02:00:00,8,2019-08-09 03:00:00,0.10547,0.10547,0.10547,0.0,0.05,214.77418463937988,-0.0,0.0,0.0,214.77418463937988,214.77418463937988,0.0,0.0
5283,2019-08-09 03:00:00,8,2019-08-09 04:00:00,0.10547,0.10547,0.10547,0.0,0.05,226.9403034322568,-290.1557394696214,0.0,0.0,517.0960429018781,517.0960429018781,0.0,1.0
5284,2019-08-09 04:00:00,8,2019-08-09 05:00:00,0.10547,0.10547,0.10547,0.0,0.4949054671867528,224.10299271487526,-292.9930501870029,0.0,0.0,517.0960429018781,517.0960429018781,0.0,1.0
5285,2019-08-09 05:00:00,8,2019-08-09 06:00:00,0.10547,0.10547,0.10547,0.0,0.9441614774734907,295.25231698352957,-0.0,0.0,0.0,295.25231698352957,295.25231698352957,0.0,1.0
5286,2019-08-09 06:00:00,8,2019-08-09 07:00:00,0.10547,0.10547,0.10547,0.0,0.9441614774734907,320.54236495503505,-36.41642773468003,0.0,0.0,356.9587926897151,356.9587926897151,0.0,1.0
5287,2019-08-09 07:00:00,8,2019-08-09 08:00:00,0.10547,0.10547,0.10547,0.0,1.0,483.6969953023479,-0.0,0.0,0.0,483.6969953023479,483.6969953023479,0.0,1.0
5288,2019-08-09 08:00:00,8,2019-08-09 09:00:00,0.10547,0.10547,0.10547,0.0,1.0,553.2957204890412,-0.0,36.19967758716302,0.0,517.0960429018781,517.0960429018781,0.0,0.0
5289,2019-08-09 09:00:00,8,2019-08-09 10:00:00,0.10547,0.10547,0.10547,0.0,0.9344208739362989,549.0513997361192,-0.0,31.955356834241,0.0,517.0960429018781,517.0960429018781,0.0,0.0
5290,2019-08-09 10:00:00,8,2019-08-09 11:00:00,0.10547,0.10547,0.10547,0.0,0.8765307347438333,606.7720525871664,-0.0,89.67600968528825,0.0,517.0960429018781,517.0960429018781,0.0,0.0
5291,2019-08-09 11:00:00,8,2019-08-09 12:00:00,0.10547,0.10547,0.10547,0.0,0.7140741954588908,583.8389082540504,-0.0,66.7428653521722,0.0,517.0960429018781,517.0960429018781,0.0,0.0
5292,2019-08-09 12:00:00,8,2019-08-09 13:00:00,0.10547,0.10547,0.10547,0.0,0.5931632075020571,584.1354534634607,-0.0,67.0394105615826,0.0,517.0960429018781,517.0960429018781,0.0,0.0
5293,2019-08-09 13:00:00,8,2019-08-09 14:00:00,0.10547,0.10547,0.10547,0.0,0.4717149999629582,570.8972925269774,-0.0,53.80124962509922,0.0,517.0960429018781,517.0960429018781,0.0,0.0
5294,2019-08-09 14:00:00,8,2019-08-09 15:00:00,0.12561,0.12561,0.12561,0.0,0.3742489680334306,558.3265462843601,-0.0,41.23050338248197,0.0,517.0960429018781,517.0960429018781,0.0,0.0
5295,2019-08-09 15:00:00,8,2019-08-09 16:00:00,0.12561,0.12561,0.12561,0.0,0.2995560271231372,553.5086792998916,-0.0,36.41263639801343,0.0,517.0960429018781,517.0960429018781,0.0,0.0
5296,2019-08-09 16:00:00,8,2019-08-09 17:00:00,0.15111,0.15111,0.15111,0.0,0.2335911061122433,544.0960741833387,-0.0,27.000031281460565,0.0,517.0960429018781,517.0960429018781,0.0,0.0
5297,2019-08-09 17:00:00,8,2019-08-09 18:00:00,0.15111,0.15111,0.15111,0.0,0.1846780059646698,527.2837682479789,-0.0,74.34225929249773,0.0,452.94150895548114,452.94150895548114,0.0,0.0
5298,2019-08-09 18:00:00,8,2019-08-09 19:00:00,0.15111,0.15111,0.15111,0.0,0.05,500.70114018652396,-0.0,0.0,0.0,500.70114018652396,500.70114018652396,0.0,1.0
5299,2019-08-09 19:00:00,8,2019-08-09 20:00:00,0.15111,0.15111,0.15111,0.0,0.05,462.37469645177293,-0.0,0.0,0.0,462.37469645177293,462.37469645177293,0.0,0.0
5300,2019-08-09 20:00:00,8,2019-08-09 21:00:00,0.15111,0.15111,0.15111,0.0,0.05,332.4291078483552,-0.0,0.0,0.0,332.4291078483552,332.4291078483552,0.0,0.0
5301,2019-08-09 21:00:00,8,2019-08-09 22:00:00,0.12561,0.12561,0.12561,0.0,0.05,228.15843093985703,-0.0,0.0,0.0,228.15843093985703,228.15843093985703,0.0,0.0
5302,2019-08-09 22:00:00,8,2019-08-09 23:00:00,0.12561,0.12561,0.12561,0.0,0.05,294.297283546294,-0.0,0.0,0.0,294.297283546294,294.297283546294,0.0,0.0
5303,2019-08-09 23:00:00,8,2019-08-10 00:00:00,0.10547,0.10547,0.10547,0.0,0.05,238.35948916801553,-0.0,0.0,0.0,238.35948916801553,238.35948916801553,0.0,0.0
5304,2019-08-10 00:00:00,8,2019-08-10 01:00:00,0.10547,0.10547,0.10547,0.0,0.05,219.55894367827904,-0.0,0.0,0.0,219.55894367827904,219.55894367827904,0.0,0.0
5305,2019-08-10 01:00:00,8,2019-08-10 02:00:00,0.10547,0.10547,0.10547,0.0,0.05,216.93032901135973,-0.0,0.0,0.0,216.93032901135973,216.93032901135973,0.0,0.0
5306,2019-08-10 02:00:00,8,2019-08-10 03:00:00,0.10547,0.10547,0.10547,0.0,0.05,215.08540594645265,-0.0,0.0,0.0,215.08540594645265,215.08540594645265,0.0,0.0
5307,2019-08-10 03:00:00,8,2019-08-10 04:00:00,0.10547,0.10547,0.10547,0.0,0.05,228.1899680276431,-0.0,0.0,0.0,228.1899680276431,228.1899680276431,0.0,0.0
5308,2019-08-10 04:00:00,8,2019-08-10 05:00:00,0.10547,0.10547,0.10547,0.0,0.05,226.29564178809738,-211.04006285802677,0.0,0.0,437.33570464612416,437.33570464612416,0.0,1.0
5309,2019-08-10 05:00:00,8,2019-08-10 06:00:00,0.10547,0.10547,0.10547,0.0,0.37359476304897443,299.02192989673483,-218.07411300514332,0.0,0.0,517.0960429018781,517.0960429018781,0.0,1.0
5310,2019-08-10 06:00:00,8,2019-08-10 07:00:00,0.10547,0.10547,0.10547,0.0,0.7079750696568609,326.645001373744,-190.45104152813417,0.0,0.0,517.0960429018781,517.0960429018781,0.0,1.0
5311,2019-08-10 07:00:00,8,2019-08-10 08:00:00,0.10547,0.10547,0.10547,0.0,1.0,488.87593115589965,-0.0,0.0,0.0,488.87593115589965,488.87593115589965,0.0,0.0
5312,2019-08-10 08:00:00,8,2019-08-10 09:00:00,0.10547,0.10547,0.10547,0.0,1.0,558.0858734947064,-0.0,40.9898305928283,0.0,517.0960429018781,517.0960429018781,0.0,0.0
5313,2019-08-10 09:00:00,8,2019-08-10 10:00:00,0.10547,0.10547,0.10547,0.0,0.9257430605202385,554.1778049759122,-0.0,37.08176207403403,0.0,517.0960429018781,517.0960429018781,0.0,0.0
5314,2019-08-10 10:00:00,8,2019-08-10 11:00:00,0.10547,0.10547,0.10547,0.0,0.8585659553136551,609.8118206517577,-0.0,92.71577774987952,0.0,517.0960429018781,517.0960429018781,0.0,0.0
5315,2019-08-10 11:00:00,8,2019-08-10 12:00:00,0.10547,0.10547,0.10547,0.0,0.690602589824743,586.1306714873709,-0.0,69.03462858549278,0.0,517.0960429018781,517.0960429018781,0.0,0.0
5316,2019-08-10 12:00:00,8,2019-08-10 13:00:00,0.10547,0.10547,0.10547,0.0,0.5655398568800097,584.5419705929278,-0.0,67.44592769104963,0.0,517.0960429018781,517.0960429018781,0.0,0.0
5317,2019-08-10 13:00:00,8,2019-08-10 14:00:00,0.10547,0.10547,0.10547,0.0,0.44335520526578953,570.4412670366395,-0.0,53.34522413476134,0.0,517.0960429018781,517.0960429018781,0.0,0.0
5318,2019-08-10 14:00:00,8,2019-08-10 15:00:00,0.12561,0.12561,0.12561,0.0,0.34671530647093196,556.8854837375744,-0.0,39.78944083569627,0.0,517.0960429018781,517.0960429018781,0.0,0.0
5319,2019-08-10 15:00:00,8,2019-08-10 16:00:00,0.12561,0.12561,0.12561,0.0,0.27463298611640974,550.651866759287,-0.0,33.55582385740888,0.0,517.0960429018781,517.0960429018781,0.0,0.0
5320,2019-08-10 16:00:00,8,2019-08-10 17:00:00,0.15111,0.15111,0.15111,0.0,0.21384345014284292,541.7482890565105,-0.0,24.652246154632394,0.0,517.0960429018781,517.0960429018781,0.0,0.0
5321,2019-08-10 17:00:00,8,2019-08-10 18:00:00,0.15111,0.15111,0.15111,0.0,0.1691835839206828,526.0469970140531,-0.0,65.78933832421691,0.0,460.25765868983615,460.25765868983615,0.0,0.0
5322,2019-08-10 18:00:00,8,2019-08-10 19:00:00,0.15111,0.15111,0.15111,0.0,0.05,500.53402476314574,-0.0,0.0,0.0,500.53402476314574,500.53402476314574,0.0,0.0
5323,2019-08-10 19:00:00,8,2019-08-10 20:00:00,0.15111,0.15111,0.15111,0.0,0.05,462.3316431821273,-0.0,0.0,0.0,462.3316431821273,462.3316431821273,0.0,1.0
5324,2019-08-10 20:00:00,8,2019-08-10 21:00:00,0.15111,0.15111,0.15111,0.0,0.05,332.43741058137266,-0.0,0.0,0.0,332.43741058137266,332.43741058137266,0.0,1.0
5325,2019-08-10 21:00:00,8,2019-08-10 22:00:00,0.12561,0.12561,0.12561,0.0,0.05,228.16738064744624,-0.0,0.0,0.0,228.16738064744624,228.16738064744624,0.0,0.0
5326,2019-08-10 22:00:00,8,2019-08-10 23:00:00,0.12561,0.12561,0.12561,0.0,0.05,294.28401250812,-0.0,0.0,0.0,294.28401250812,294.28401250812,0.0,1.0
5327,2019-08-10 23:00:00,8,2019-08-11 00:00:00,0.10547,0.10547,0.10547,0.0,0.05,238.24790327626286,-0.0,0.0,0.0,238.24790327626286,238.24790327626286,0.0,0.0
5328,2019-08-11 00:00:00,8,2019-08-11 01:00:00,0.10547,0.10547,0.10547,0.0,0.05,219.49270421532097,-0.0,0.0,0.0,219.49270421532097,219.49270421532097,0.0,0.0
5329,2019-08-11 01:00:00,8,2019-08-11 02:00:00,0.10547,0.10547,0.10547,0.0,0.05,216.86879188749396,-0.0,0.0,0.0,216.86879188749396,216.86879188749396,0.0,0.0
5330,2019-08-11 02:00:00,8,2019-08-11 03:00:00,0.10547,0.10547,0.10547,0.0,0.05,215.02950905338105,-0.0,0.0,0.0,215.02950905338105,215.02950905338105,0.0,0.0
5331,2019-08-11 03:00:00,8,2019-08-11 04:00:00,0.10547,0.10547,0.10547,0.0,0.05,262.1644353634049,-254.93160753847326,0.0,0.0,517.0960429018781,517.0960429018781,0.0,1.0
5332,2019-08-11 04:00:00,8,2019-08-11 05:00:00,0.10547,0.10547,0.10547,0.0,0.44089513155899235,261.231922213507,-255.86412068837114,0.0,0.0,517.0960429018781,517.0960429018781,0.0,1.0
5333,2019-08-11 05:00:00,8,2019-08-11 06:00:00,0.10547,0.10547,0.10547,0.0,0.8332201166144948,334.9022694510246,-108.76948916445994,0.0,0.0,443.6717586154846,443.6717586154846,0.0,1.0
5334,2019-08-11 06:00:00,8,2019-08-11 07:00:00,0.10547,0.10547,0.10547,0.0,1.0,346.79310121375124,-0.0,0.0,0.0,346.79310121375124,346.79310121375124,0.0,0.0
5335,2019-08-11 07:00:00,8,2019-08-11 08:00:00,0.10547,0.10547,0.10547,0.0,1.0,487.69373966174305,-0.0,0.0,0.0,487.69373966174305,487.69373966174305,0.0,0.0
5336,2019-08-11 08:00:00,8,2019-08-11 09:00:00,0.10547,0.10547,0.10547,0.0,1.0,554.2518739948246,-0.0,37.155831092946414,0.0,517.0960429018781,517.0960429018781,0.0,0.0
5337,2019-08-11 09:00:00,8,2019-08-11 10:00:00,0.10547,0.10547,0.10547,0.0,0.9326887117881406,547.4877400299919,-0.0,30.39169712811372,0.0,517.0960429018781,517.0960429018781,0.0,0.0
5338,2019-08-11 10:00:00,8,2019-08-11 11:00:00,0.10547,0.10547,0.10547,0.0,0.8776312894546011,603.9038051945417,-0.0,86.8077622926636,0.0,517.0960429018781,517.0960429018781,0.0,0.0
5339,2019-08-11 11:00:00,8,2019-08-11 12:00:00,0.10547,0.10547,0.10547,0.0,0.7203708505186165,582.5014881659171,-0.0,65.40544526403892,0.0,517.0960429018781,517.0960429018781,0.0,0.0
5340,2019-08-11 12:00:00,8,2019-08-11 13:00:00,0.10547,0.10547,0.10547,0.0,0.6018827250402852,587.4423462694414,-0.0,70.34630336756322,0.0,517.0960429018781,517.0960429018781,0.0,0.0
5341,2019-08-11 13:00:00,8,2019-08-11 14:00:00,0.10547,0.10547,0.10547,0.0,0.47444376966426477,574.1304121520111,-0.0,57.034369250132954,0.0,517.0960429018781,517.0960429018781,0.0,0.0
5342,2019-08-11 14:00:00,8,2019-08-11 15:00:00,0.12561,0.12561,0.12561,0.0,0.37112063696474856,560.4054651053482,-0.0,43.309422203470035,0.0,517.0960429018781,517.0960429018781,0.0,0.0
5343,2019-08-11 15:00:00,8,2019-08-11 16:00:00,0.12561,0.12561,0.12561,0.0,0.2926615387700565,554.9348457114401,-0.0,37.83880280956191,0.0,517.0960429018781,517.0960429018781,0.0,0.0
5344,2019-08-11 16:00:00,8,2019-08-11 17:00:00,0.15111,0.15111,0.15111,0.0,0.22411298295563276,545.1154410335633,-0.0,84.86044370142505,0.0,460.25499733213826,460.25499733213826,0.0,0.0
5345,2019-08-11 17:00:00,8,2019-08-11 18:00:00,0.15111,0.15111,0.15111,0.0,0.0703802950907323,528.3459657919624,-0.0,11.249922890084235,0.0,517.0960429018781,517.0960429018781,0.0,0.0
5346,2019-08-11 18:00:00,8,2019-08-11 19:00:00,0.15111,0.15111,0.15111,0.0,0.05,487.1945534763295,-0.0,0.0,0.0,487.1945534763295,487.1945534763295,0.0,0.0
5347,2019-08-11 19:00:00,8,2019-08-11 20:00:00,0.15111,0.15111,0.15111,0.0,0.05,449.72622488283264,-0.0,0.0,0.0,449.72622488283264,449.72622488283264,0.0,1.0
5348,2019-08-11 20:00:00,8,2019-08-11 21:00:00,0.15111,0.15111,0.15111,0.0,0.05,322.7659659084455,-0.0,0.0,0.0,322.7659659084455,322.7659659084455,0.0,1.0
5349,2019-08-11 21:00:00,8,2019-08-11 22:00:00,0.12561,0.12561,0.12561,0.0,0.05,228.47134284781066,-0.0,0.0,0.0,228.47134284781066,228.47134284781066,0.0,0.0
5350,2019-08-11 22:00:00,8,2019-08-11 23:00:00,0.12561,0.12561,0.12561,0.0,0.05,294.54600803988995,-0.0,0.0,0.0,294.54600803988995,294.54600803988995,0.0,1.0
5351,2019-08-11 23:00:00,8,2019-08-12 00:00:00,0.10547,0.10547,0.10547,0.0,0.05,238.50339644646093,-0.0,0.0,0.0,238.50339644646093,238.50339644646093,0.0,0.0
5352,2019-08-12 00:00:00,8,2019-08-12 01:00:00,0.10547,0.10547,0.10547,0.0,0.05,214.8134811305774,-0.0,0.0,0.0,214.8134811305774,214.8134811305774,0.0,0.0
5353,2019-08-12 01:00:00,8,2019-08-12 02:00:00,0.10547,0.10547,0.10547,0.0,0.05,212.10982696834776,-0.0,0.0,0.0,212.10982696834776,212.10982696834776,0.0,0.0
5354,2019-08-12 02:00:00,8,2019-08-12 03:00:00,0.10547,0.10547,0.10547,0.0,0.05,209.91681213933845,-0.0,0.0,0.0,209.91681213933845,209.91681213933845,0.0,0.0
5355,2019-08-12 03:00:00,8,2019-08-12 04:00:00,0.10547,0.10547,0.10547,0.0,0.05,222.59936195160864,-0.0,0.0,0.0,222.59936195160864,222.59936195160864,0.0,0.0
5356,2019-08-12 04:00:00,8,2019-08-12 05:00:00,0.10547,0.10547,0.10547,0.0,0.05,220.4655063924479,-296.63053650943027,0.0,0.0,517.0960429018781,517.0960429018781,0.0,1.0
5357,2019-08-12 05:00:00,8,2019-08-12 06:00:00,0.10547,0.10547,0.10547,0.0,0.5048334893144598,267.5670171849567,-249.52902571692147,0.0,0.0,517.0960429018781,517.0960429018781,0.0,1.0
5358,2019-08-12 06:00:00,8,2019-08-12 07:00:00,0.10547,0.10547,0.10547,0.0,0.8874446620804061,293.20771576328167,-73.40565516495253,0.0,0.0,366.6133709282342,366.6133709282342,0.0,1.0
5359,2019-08-12 07:00:00,8,2019-08-12 08:00:00,0.10547,0.10547,0.10547,0.0,1.0,424.64853997705416,-0.0,0.0,0.0,424.64853997705416,424.64853997705416,0.0,1.0
5360,2019-08-12 08:00:00,8,2019-08-12 09:00:00,0.10547,0.10547,0.10547,0.0,1.0,474.98903768798283,-0.0,0.0,0.0,474.98903768798283,474.98903768798283,0.0,1.0
5361,2019-08-12 09:00:00,8,2019-08-12 10:00:00,0.10547,0.10547,0.10547,0.0,1.0,527.5434502829469,-0.0,10.447407381068729,0.0,517.0960429018781,517.0960429018781,0.0,0.0
5362,2019-08-12 10:00:00,8,2019-08-12 11:00:00,0.10547,0.10547,0.10547,0.0,0.9810735373531363,589.644715527615,-0.0,72.5486726257368,0.0,517.0960429018781,517.0960429018781,0.0,0.0
5363,2019-08-12 11:00:00,8,2019-08-12 12:00:00,0.10547,0.10547,0.10547,0.0,0.8496447825963668,564.8203270347306,-0.0,47.724284132852404,0.0,517.0960429018781,517.0960429018781,0.0,0.0
5364,2019-08-12 12:00:00,8,2019-08-12 13:00:00,0.10547,0.10547,0.10547,0.0,0.7631877461238081,567.2427495650018,-0.0,50.14670666312361,0.0,517.0960429018781,517.0960429018781,0.0,0.0
5365,2019-08-12 13:00:00,8,2019-08-12 14:00:00,0.10547,0.10547,0.10547,0.0,0.6723422630384394,556.6843939318586,-0.0,39.58835102998046,0.0,517.0960429018781,517.0960429018781,0.0,0.0
5366,2019-08-12 14:00:00,8,2019-08-12 15:00:00,0.12561,0.12561,0.12561,0.0,0.6006242358102138,547.193045891795,-0.0,30.09700298991686,0.0,517.0960429018781,517.0960429018781,0.0,0.0
5367,2019-08-12 15:00:00,8,2019-08-12 16:00:00,0.12561,0.12561,0.12561,0.0,0.5461006796690601,546.6618682337643,-0.0,29.565825331886117,0.0,517.0960429018781,517.0960429018781,0.0,0.0
5368,2019-08-12 16:00:00,8,2019-08-12 17:00:00,0.15111,0.15111,0.15111,0.0,0.4925394018939041,542.5543966735868,-0.0,25.45835377170863,0.0,517.0960429018781,517.0960429018781,0.0,0.0
5369,2019-08-12 17:00:00,8,2019-08-12 18:00:00,0.15111,0.15111,0.15111,0.0,0.44641919578573624,501.4686369619575,-0.0,0.0,0.0,501.4686369619575,501.4686369619575,0.0,1.0
5370,2019-08-12 18:00:00,8,2019-08-12 19:00:00,0.15111,0.15111,0.15111,0.0,0.44641919578573624,420.29065387700655,-0.0,0.0,0.0,420.29065387700655,420.29065387700655,0.0,0.0
5371,2019-08-12 19:00:00,8,2019-08-12 20:00:00,0.15111,0.15111,0.15111,0.0,0.44641919578573624,411.6293668344435,-0.0,218.82339607372646,0.0,192.80597076071703,192.80597076071703,0.0,0.0
5372,2019-08-12 20:00:00,8,2019-08-12 21:00:00,0.15111,0.15111,0.15111,0.0,0.05,311.13343661440797,-0.0,0.0,0.0,311.13343661440797,311.13343661440797,0.0,1.0
5373,2019-08-12 21:00:00,8,2019-08-12 22:00:00,0.12561,0.12561,0.12561,0.0,0.05,231.40413257394113,-0.0,0.0,0.0,231.40413257394113,231.40413257394113,0.0,0.0
5374,2019-08-12 22:00:00,8,2019-08-12 23:00:00,0.12561,0.12561,0.12561,0.0,0.05,296.68474255645975,-0.0,0.0,0.0,296.68474255645975,296.68474255645975,0.0,1.0
5375,2019-08-12 23:00:00,8,2019-08-13 00:00:00,0.10547,0.10547,0.10547,0.0,0.05,241.7342907779152,-0.0,0.0,0.0,241.7342907779152,241.7342907779152,0.0,0.0
5376,2019-08-13 00:00:00,8,2019-08-13 01:00:00,0.10547,0.10547,0.10547,0.0,0.05,221.8855334002525,-0.0,0.0,0.0,221.8855334002525,221.8855334002525,0.0,0.0
5377,2019-08-13 01:00:00,8,2019-08-13 02:00:00,0.10547,0.10547,0.10547,0.0,0.05,218.92998957959458,-0.0,0.0,0.0,218.92998957959458,218.92998957959458,0.0,0.0
5378,2019-08-13 02:00:00,8,2019-08-13 03:00:00,0.10547,0.10547,0.10547,0.0,0.05,216.75183759280853,-0.0,0.0,0.0,216.75183759280853,216.75183759280853,0.0,0.0
5379,2019-08-13 03:00:00,8,2019-08-13 04:00:00,0.10547,0.10547,0.10547,0.0,0.05,229.79059663243402,-0.0,0.0,0.0,229.79059663243402,229.79059663243402,0.0,0.0
5380,2019-08-13 04:00:00,8,2019-08-13 05:00:00,0.10547,0.10547,0.10547,0.0,0.05,227.52416121726336,-278.4681357453617,0.0,0.0,505.992296962625,505.992296962625,0.0,1.0
5381,2019-08-13 05:00:00,8,2019-08-13 06:00:00,0.10547,0.10547,0.10547,0.0,0.4769844748095546,275.27145074796005,-230.72084621466496,0.0,0.0,505.992296962625,505.992296962625,0.0,1.0
5382,2019-08-13 06:00:00,8,2019-08-13 07:00:00,0.10547,0.10547,0.10547,0.0,0.8307564390053742,304.28656044535825,-0.0,0.0,0.0,304.28656044535825,304.28656044535825,0.0,1.0
5383,2019-08-13 07:00:00,8,2019-08-13 08:00:00,0.10547,0.10547,0.10547,0.0,0.8307564390053742,381.42556629114813,-0.0,0.0,0.0,381.42556629114813,381.42556629114813,0.0,1.0
5384,2019-08-13 08:00:00,8,2019-08-13 09:00:00,0.10547,0.10547,0.10547,0.0,0.8307564390053742,342.1881262796225,-110.37623543127766,0.0,0.0,452.5643617109002,452.5643617109002,0.0,1.0
5385,2019-08-13 09:00:00,8,2019-08-13 10:00:00,0.10547,0.10547,0.10547,0.0,1.0,415.7066046074351,-0.0,0.0,0.0,415.7066046074351,415.7066046074351,0.0,0.0
5386,2019-08-13 10:00:00,8,2019-08-13 11:00:00,0.10547,0.10547,0.10547,0.0,1.0,473.9053793858479,-0.0,0.0,0.0,473.9053793858479,473.9053793858479,0.0,0.0
5387,2019-08-13 11:00:00,8,2019-08-13 12:00:00,0.10547,0.10547,0.10547,0.0,1.0,505.992296962625,-0.0,0.0,0.0,505.992296962625,505.992296962625,0.0,1.0
5388,2019-08-13 12:00:00,8,2019-08-13 13:00:00,0.10547,0.10547,0.10547,0.0,1.0,505.2199994106195,-0.0,0.0,0.0,505.2199994106195,505.2199994106195,0.0,0.0
5389,2019-08-13 13:00:00,8,2019-08-13 14:00:00,0.10547,0.10547,0.10547,0.0,1.0,491.8326506241653,-0.0,0.0,0.0,491.8326506241653,491.8326506241653,0.0,1.0
5390,2019-08-13 14:00:00,8,2019-08-13 15:00:00,0.12561,0.12561,0.12561,0.0,1.0,479.90960643105666,-0.0,0.0,0.0,479.90960643105666,479.90960643105666,0.0,1.0
5391,2019-08-13 15:00:00,8,2019-08-13 16:00:00,0.12561,0.12561,0.12561,0.0,1.0,477.2503174593628,-0.0,0.0,0.0,477.2503174593628,477.2503174593628,0.0,0.0
5392,2019-08-13 16:00:00,8,2019-08-13 17:00:00,0.15111,0.15111,0.15111,0.0,1.0,410.8199901479217,-0.0,224.4,0.0,186.4199901479217,186.4199901479217,0.0,0.0
5393,2019-08-13 17:00:00,8,2019-08-13 18:00:00,0.15111,0.15111,0.15111,0.0,0.5934782608695652,414.2899077858933,-0.0,0.0,0.0,414.2899077858933,414.2899077858933,0.0,1.0
5394,2019-08-13 18:00:00,8,2019-08-13 19:00:00,0.15111,0.15111,0.15111,0.0,0.5934782608695652,385.3043818933548,-0.0,0.0,0.0,385.3043818933548,385.3043818933548,0.0,0.0
5395,2019-08-13 19:00:00,8,2019-08-13 20:00:00,0.15111,0.15111,0.15111,0.0,0.5934782608695652,379.3441183788677,-0.0,300.0,0.0,79.34411837886768,79.34411837886768,0.0,0.0
5396,2019-08-13 20:00:00,8,2019-08-13 21:00:00,0.15111,0.15111,0.15111,0.0,0.05,338.49738201322197,-0.0,0.0,0.0,338.49738201322197,338.49738201322197,0.0,1.0
5397,2019-08-13 21:00:00,8,2019-08-13 22:00:00,0.12561,0.12561,0.12561,0.0,0.05,228.9355013054603,-0.0,0.0,0.0,228.9355013054603,228.9355013054603,0.0,0.0
5398,2019-08-13 22:00:00,8,2019-08-13 23:00:00,0.12561,0.12561,0.12561,0.0,0.05,294.6216795104675,-0.0,0.0,0.0,294.6216795104675,294.6216795104675,0.0,1.0
5399,2019-08-13 23:00:00,8,2019-08-14 00:00:00,0.10547,0.10547,0.10547,0.0,0.05,238.82548686527107,-0.0,0.0,0.0,238.82548686527107,238.82548686527107,0.0,0.0
5400,2019-08-14 00:00:00,8,2019-08-14 01:00:00,0.10547,0.10547,0.10547,0.0,0.05,223.92313559313314,-0.0,0.0,0.0,223.92313559313314,223.92313559313314,0.0,0.0
5401,2019-08-14 01:00:00,8,2019-08-14 02:00:00,0.10547,0.10547,0.10547,0.0,0.05,220.8944355176389,-0.0,0.0,0.0,220.8944355176389,220.8944355176389,0.0,0.0
5402,2019-08-14 02:00:00,8,2019-08-14 03:00:00,0.10547,0.10547,0.10547,0.0,0.05,218.60857264846007,-0.0,0.0,0.0,218.60857264846007,218.60857264846007,0.0,0.0
5403,2019-08-14 03:00:00,8,2019-08-14 04:00:00,0.10547,0.10547,0.10547,0.0,0.05,231.32374398099324,-285.7722989208849,0.0,0.0,517.0960429018781,517.0960429018781,0.0,1.0
5404,2019-08-14 04:00:00,8,2019-08-14 05:00:00,0.10547,0.10547,0.10547,0.0,0.48818419167869026,229.05739435328655,-0.0,0.0,0.0,229.05739435328655,229.05739435328655,0.0,0.0
5405,2019-08-14 05:00:00,8,2019-08-14 06:00:00,0.10547,0.10547,0.10547,0.0,0.48818419167869026,301.5153008220203,-145.6634190150453,0.0,0.0,447.1787198370656,447.1787198370656,0.0,1.0
5406,2019-08-14 06:00:00,8,2019-08-14 07:00:00,0.10547,0.10547,0.10547,0.0,0.7115347675017597,328.96654344650403,-188.12949945537412,0.0,0.0,517.0960429018781,517.0960429018781,0.0,1.0
5407,2019-08-14 07:00:00,8,2019-08-14 08:00:00,0.10547,0.10547,0.10547,0.0,1.0,489.78153252702356,-0.0,0.0,0.0,489.78153252702356,489.78153252702356,0.0,1.0
5408,2019-08-14 08:00:00,8,2019-08-14 09:00:00,0.10547,0.10547,0.10547,0.0,1.0,556.5164038170055,-0.0,39.42036091512739,0.0,517.0960429018781,517.0960429018781,0.0,0.0
5409,2019-08-14 09:00:00,8,2019-08-14 10:00:00,0.10547,0.10547,0.10547,0.0,0.9285863026899865,550.7699844379194,-0.0,33.6739415360413,0.0,517.0960429018781,517.0960429018781,0.0,0.0
5410,2019-08-14 10:00:00,8,2019-08-14 11:00:00,0.10547,0.10547,0.10547,0.0,0.8675827854145496,606.4893578738983,-0.0,89.39331497202011,0.0,517.0960429018781,517.0960429018781,0.0,0.0
5411,2019-08-14 11:00:00,8,2019-08-14 12:00:00,0.10547,0.10547,0.10547,0.0,0.7056383742333536,585.1841770912653,-0.0,68.08813418938712,0.0,517.0960429018781,517.0960429018781,0.0,0.0
5412,2019-08-14 12:00:00,8,2019-08-14 13:00:00,0.10547,0.10547,0.10547,0.0,0.5822903050496814,587.5685412760876,-0.0,70.47249837420941,0.0,517.0960429018781,517.0960429018781,0.0,0.0
5413,2019-08-14 13:00:00,8,2019-08-14 14:00:00,0.10547,0.10547,0.10547,0.0,0.45462273553118604,572.8105271253644,-0.0,55.71448422348624,0.0,517.0960429018781,517.0960429018781,0.0,0.0
5414,2019-08-14 14:00:00,8,2019-08-14 15:00:00,0.12561,0.12561,0.12561,0.0,0.3536906988944356,558.9449376488753,-0.0,41.84889474699719,0.0,517.0960429018781,517.0960429018781,0.0,0.0
5415,2019-08-14 15:00:00,8,2019-08-14 16:00:00,0.12561,0.12561,0.12561,0.0,0.2778774837730639,553.8207168736451,-0.0,36.72467397176695,0.0,517.0960429018781,517.0960429018781,0.0,0.0
5416,2019-08-14 16:00:00,8,2019-08-14 17:00:00,0.15111,0.15111,0.15111,0.0,0.2113472773024716,546.5079507921218,-0.0,29.411907890243697,0.0,517.0960429018781,517.0960429018781,0.0,0.0
5417,2019-08-14 17:00:00,8,2019-08-14 18:00:00,0.15111,0.15111,0.15111,0.0,0.15806483547232,532.0695735262774,-0.0,59.65178918072065,0.0,472.41778434555675,472.41778434555675,0.0,0.0
5418,2019-08-14 18:00:00,8,2019-08-14 19:00:00,0.15111,0.15111,0.15111,0.0,0.05,508.7973478484157,-0.0,0.0,0.0,508.7973478484157,508.7973478484157,0.0,1.0
5419,2019-08-14 19:00:00,8,2019-08-14 20:00:00,0.15111,0.15111,0.15111,0.0,0.05,472.01686454697443,-0.0,0.0,0.0,472.01686454697443,472.01686454697443,0.0,1.0
5420,2019-08-14 20:00:00,8,2019-08-14 21:00:00,0.15111,0.15111,0.15111,0.0,0.05,339.64591559769576,-0.0,0.0,0.0,339.64591559769576,339.64591559769576,0.0,1.0
5421,2019-08-14 21:00:00,8,2019-08-14 22:00:00,0.12561,0.12561,0.12561,0.0,0.05,234.9799656208463,-0.0,0.0,0.0,234.9799656208463,234.9799656208463,0.0,0.0
5422,2019-08-14 22:00:00,8,2019-08-14 23:00:00,0.12561,0.12561,0.12561,0.0,0.05,300.0764880753639,-0.0,0.0,0.0,300.0764880753639,300.0764880753639,0.0,0.0
5423,2019-08-14 23:00:00,8,2019-08-15 00:00:00,0.10547,0.10547,0.10547,0.0,0.05,244.98359511574668,-0.0,0.0,0.0,244.98359511574668,244.98359511574668,0.0,0.0
5424,2019-08-15 00:00:00,8,2019-08-15 01:00:00,0.10547,0.10547,0.10547,0.0,0.05,225.25212409464731,-0.0,0.0,0.0,225.25212409464731,225.25212409464731,0.0,0.0
5425,2019-08-15 01:00:00,8,2019-08-15 02:00:00,0.10547,0.10547,0.10547,0.0,0.05,222.13292361836523,-0.0,0.0,0.0,222.13292361836523,222.13292361836523,0.0,0.0
5426,2019-08-15 02:00:00,8,2019-08-15 03:00:00,0.10547,0.10547,0.10547,0.0,0.05,219.7540034187626,-0.0,0.0,0.0,219.7540034187626,219.7540034187626,0.0,0.0
5427,2019-08-15 03:00:00,8,2019-08-15 04:00:00,0.10547,0.10547,0.10547,0.0,0.05,266.56121573815204,-250.5348271637261,0.0,0.0,517.0960429018781,517.0960429018781,0.0,1.0
5428,2019-08-15 04:00:00,8,2019-08-15 05:00:00,0.10547,0.10547,0.10547,0.0,0.4341534016510467,265.09928971960466,-251.9967531822735,0.0,0.0,517.0960429018781,517.0960429018781,0.0,1.0
5429,2019-08-15 05:00:00,8,2019-08-15 06:00:00,0.10547,0.10547,0.10547,0.0,0.8205484231971995,337.7789679412042,-0.0,0.0,0.0,337.7789679412042,337.7789679412042,0.0,1.0
5430,2019-08-15 06:00:00,8,2019-08-15 07:00:00,0.10547,0.10547,0.10547,0.0,0.8205484231971995,349.6242940656509,-117.03363704530469,0.0,0.0,466.65793111095553,466.65793111095553,0.0,1.0
5431,2019-08-15 07:00:00,8,2019-08-15 08:00:00,0.10547,0.10547,0.10547,0.0,1.0,491.4631596549363,-0.0,0.0,0.0,491.4631596549363,491.4631596549363,0.0,0.0
5432,2019-08-15 08:00:00,8,2019-08-15 09:00:00,0.10547,0.10547,0.10547,0.0,1.0,558.634488034314,-0.0,41.53844513243587,0.0,517.0960429018781,517.0960429018781,0.0,0.0
5433,2019-08-15 09:00:00,8,2019-08-15 10:00:00,0.10547,0.10547,0.10547,0.0,0.9247491936006595,552.4383074382077,-0.0,35.342264536329594,0.0,517.0960429018781,517.0960429018781,0.0,0.0
5434,2019-08-15 10:00:00,8,2019-08-15 11:00:00,0.10547,0.10547,0.10547,0.0,0.860723352049338,606.5456279715185,-0.0,89.4495850696403,0.0,517.0960429018781,517.0960429018781,0.0,0.0
5435,2019-08-15 11:00:00,8,2019-08-15 12:00:00,0.10547,0.10547,0.10547,0.0,0.6986770022854969,582.2496162735947,-0.0,65.15357337171656,0.0,517.0960429018781,517.0960429018781,0.0,0.0
5436,2019-08-15 12:00:00,8,2019-08-15 13:00:00,0.10547,0.10547,0.10547,0.0,0.5806451664671697,581.9111315546961,-0.0,64.81508865281796,0.0,517.0960429018781,517.0960429018781,0.0,0.0
5437,2019-08-15 13:00:00,8,2019-08-15 14:00:00,0.10547,0.10547,0.10547,0.0,0.46322652760336913,569.487731712326,-0.0,52.39168881044782,0.0,517.0960429018781,517.0960429018781,0.0,0.0
5438,2019-08-15 14:00:00,8,2019-08-15 15:00:00,0.12561,0.12561,0.12561,0.0,0.368314047874297,558.6021823760154,-0.0,41.506139474137285,0.0,517.0960429018781,517.0960429018781,0.0,0.0
5439,2019-08-15 15:00:00,8,2019-08-15 16:00:00,0.12561,0.12561,0.12561,0.0,0.2931217662182512,555.8467897942885,-0.0,38.75074689241035,0.0,517.0960429018781,517.0960429018781,0.0,0.0
5440,2019-08-15 16:00:00,8,2019-08-15 17:00:00,0.15111,0.15111,0.15111,0.0,0.22292113778997164,548.5575437875641,-0.0,31.46150088568595,0.0,517.0960429018781,517.0960429018781,0.0,0.0
5441,2019-08-15 17:00:00,8,2019-08-15 18:00:00,0.15111,0.15111,0.15111,0.0,0.16592566517097532,533.2401506586649,-0.0,63.99096717437838,0.0,469.2491834842865,469.2491834842865,0.0,0.0
5442,2019-08-15 18:00:00,8,2019-08-15 19:00:00,0.15111,0.15111,0.15111,0.0,0.05,494.15119716485907,-0.0,0.0,0.0,494.15119716485907,494.15119716485907,0.0,1.0
5443,2019-08-15 19:00:00,8,2019-08-15 20:00:00,0.15111,0.15111,0.15111,0.0,0.05,458.318292093773,-0.0,0.0,0.0,458.318292093773,458.318292093773,0.0,1.0
5444,2019-08-15 20:00:00,8,2019-08-15 21:00:00,0.15111,0.15111,0.15111,0.0,0.05,329.46001436098004,-0.0,0.0,0.0,329.46001436098004,329.46001436098004,0.0,1.0
5445,2019-08-15 21:00:00,8,2019-08-15 22:00:00,0.12561,0.12561,0.12561,0.0,0.05,235.7938954323569,-0.0,0.0,0.0,235.7938954323569,235.7938954323569,0.0,0.0
5446,2019-08-15 22:00:00,8,2019-08-15 23:00:00,0.12561,0.12561,0.12561,0.0,0.05,301.25074047149127,-0.0,0.0,0.0,301.25074047149127,301.25074047149127,0.0,0.0
5447,2019-08-15 23:00:00,8,2019-08-16 00:00:00,0.10547,0.10547,0.10547,0.0,0.05,246.62714951167345,-0.0,0.0,0.0,246.62714951167345,246.62714951167345,0.0,0.0
5448,2019-08-16 00:00:00,8,2019-08-16 01:00:00,0.10547,0.10547,0.10547,0.0,0.05,227.01424725755558,-0.0,0.0,0.0,227.01424725755558,227.01424725755558,0.0,0.0
5449,2019-08-16 01:00:00,8,2019-08-16 02:00:00,0.10547,0.10547,0.10547,0.0,0.05,224.31616198127702,-0.0,0.0,0.0,224.31616198127702,224.31616198127702,0.0,0.0
5450,2019-08-16 02:00:00,8,2019-08-16 03:00:00,0.10547,0.10547,0.10547,0.0,0.05,222.40825126566003,-0.0,0.0,0.0,222.40825126566003,222.40825126566003,0.0,0.0
5451,2019-08-16 03:00:00,8,2019-08-16 04:00:00,0.10547,0.10547,0.10547,0.0,0.05,235.86048439510475,-0.0,0.0,0.0,235.86048439510475,235.86048439510475,0.0,0.0
5452,2019-08-16 04:00:00,8,2019-08-16 05:00:00,0.10547,0.10547,0.10547,0.0,0.05,233.8931211723009,-228.57517406188157,0.0,0.0,462.4682952341825,462.4682952341825,0.0,1.0
5453,2019-08-16 05:00:00,8,2019-08-16 06:00:00,0.10547,0.10547,0.10547,0.0,0.40048193356155176,307.2524730914364,-209.84356981044175,0.0,0.0,517.0960429018781,517.0960429018781,0.0,1.0
5454,2019-08-16 06:00:00,8,2019-08-16 07:00:00,0.10547,0.10547,0.10547,0.0,0.7222420739375625,335.94956938289715,-181.146473518981,0.0,0.0,517.0960429018781,517.0960429018781,0.0,1.0
5455,2019-08-16 07:00:00,8,2019-08-16 08:00:00,0.10547,0.10547,0.10547,0.0,1.0,494.28347920750696,-0.0,0.0,0.0,494.28347920750696,494.28347920750696,0.0,0.0
5456,2019-08-16 08:00:00,8,2019-08-16 09:00:00,0.10547,0.10547,0.10547,0.0,1.0,557.3773687471877,-0.0,40.28132584530954,0.0,517.0960429018781,517.0960429018781,0.0,0.0
5457,2019-08-16 09:00:00,8,2019-08-16 10:00:00,0.10547,0.10547,0.10547,0.0,0.9270265836135697,547.2707978163862,-0.0,30.17475491450807,0.0,517.0960429018781,517.0960429018781,0.0,0.0
5458,2019-08-16 10:00:00,8,2019-08-16 11:00:00,0.10547,0.10547,0.10547,0.0,0.8723621725365622,601.1973346755692,-0.0,84.10129177369106,0.0,517.0960429018781,517.0960429018781,0.0,0.0
5459,2019-08-16 11:00:00,8,2019-08-16 12:00:00,0.10547,0.10547,0.10547,0.0,0.7200047599030641,577.9445965735645,-0.0,60.84855367168632,0.0,517.0960429018781,517.0960429018781,0.0,0.0
5460,2019-08-16 12:00:00,8,2019-08-16 13:00:00,0.10547,0.10547,0.10547,0.0,0.6097718728166759,581.0631894564982,-0.0,63.96714655462006,0.0,517.0960429018781,517.0960429018781,0.0,0.0
5461,2019-08-16 13:00:00,8,2019-08-16 14:00:00,0.10547,0.10547,0.10547,0.0,0.49388936094236413,569.3888099757938,-0.0,52.292767073915684,0.0,517.0960429018781,517.0960429018781,0.0,0.0
5462,2019-08-16 14:00:00,8,2019-08-16 15:00:00,0.12561,0.12561,0.12561,0.0,0.39915608725773427,555.8175731888549,-0.0,38.72153028697676,0.0,517.0960429018781,517.0960429018781,0.0,0.0
5463,2019-08-16 15:00:00,8,2019-08-16 16:00:00,0.12561,0.12561,0.12561,0.0,0.32900838746248656,550.6657207845552,-0.0,33.56967788267707,0.0,517.0960429018781,517.0960429018781,0.0,0.0
5464,2019-08-16 16:00:00,8,2019-08-16 17:00:00,0.15111,0.15111,0.15111,0.0,0.2681937536170571,543.3696078610808,-0.0,107.76923690978366,0.0,435.6003709512971,435.6003709512971,0.0,0.0
5465,2019-08-16 17:00:00,8,2019-08-16 18:00:00,0.15111,0.15111,0.15111,0.0,0.0729596287804925,529.76975798871,-0.0,12.673715086831862,0.0,517.0960429018781,517.0960429018781,0.0,0.0
5466,2019-08-16 18:00:00,8,2019-08-16 19:00:00,0.15111,0.15111,0.15111,0.0,0.05,507.5097718409421,-0.0,0.0,0.0,507.5097718409421,507.5097718409421,0.0,0.0
5467,2019-08-16 19:00:00,8,2019-08-16 20:00:00,0.15111,0.15111,0.15111,0.0,0.05,471.29506751797913,-0.0,0.0,0.0,471.29506751797913,471.29506751797913,0.0,1.0
5468,2019-08-16 20:00:00,8,2019-08-16 21:00:00,0.15111,0.15111,0.15111,0.0,0.05,339.5016505252876,-0.0,0.0,0.0,339.5016505252876,339.5016505252876,0.0,1.0
5469,2019-08-16 21:00:00,8,2019-08-16 22:00:00,0.12561,0.12561,0.12561,0.0,0.05,234.8540732237669,-0.0,0.0,0.0,234.8540732237669,234.8540732237669,0.0,0.0
5470,2019-08-16 22:00:00,8,2019-08-16 23:00:00,0.12561,0.12561,0.12561,0.0,0.05,299.94227099156956,-0.0,0.0,0.0,299.94227099156956,299.94227099156956,0.0,1.0
5471,2019-08-16 23:00:00,8,2019-08-17 00:00:00,0.10547,0.10547,0.10547,0.0,0.05,244.9838720368494,-0.0,0.0,0.0,244.9838720368494,244.9838720368494,0.0,0.0
5472,2019-08-17 00:00:00,8,2019-08-17 01:00:00,0.10547,0.10547,0.10547,0.0,0.05,225.18737891637156,-0.0,0.0,0.0,225.18737891637156,225.18737891637156,0.0,0.0
5473,2019-08-17 01:00:00,8,2019-08-17 02:00:00,0.10547,0.10547,0.10547,0.0,0.05,222.08221651997272,-0.0,0.0,0.0,222.08221651997272,222.08221651997272,0.0,0.0
5474,2019-08-17 02:00:00,8,2019-08-17 03:00:00,0.10547,0.10547,0.10547,0.0,0.05,219.7178608631716,-0.0,0.0,0.0,219.7178608631716,219.7178608631716,0.0,0.0
5475,2019-08-17 03:00:00,8,2019-08-17 04:00:00,0.10547,0.10547,0.10547,0.0,0.05,232.3768579307828,-284.7191849710954,0.0,0.0,517.0960429018781,517.0960429018781,0.0,1.0
5476,2019-08-17 04:00:00,8,2019-08-17 05:00:00,0.10547,0.10547,0.10547,0.0,0.4865694169556796,230.0828743724931,-0.0,0.0,0.0,230.0828743724931,230.0828743724931,0.0,0.0
5477,2019-08-17 05:00:00,8,2019-08-17 06:00:00,0.10547,0.10547,0.10547,0.0,0.4865694169556796,301.94341982690116,-215.152623074977,0.0,0.0,517.0960429018781,517.0960429018781,0.0,1.0
5478,2019-08-17 06:00:00,8,2019-08-17 07:00:00,0.10547,0.10547,0.10547,0.0,0.8164701056706444,329.27925906110806,-119.69340934523193,0.0,0.0,448.97266840634,448.97266840634,0.0,1.0
5479,2019-08-17 07:00:00,8,2019-08-17 08:00:00,0.10547,0.10547,0.10547,0.0,1.0,491.5974507444392,-0.0,0.0,0.0,491.5974507444392,491.5974507444392,0.0,1.0
5480,2019-08-17 08:00:00,8,2019-08-17 09:00:00,0.10547,0.10547,0.10547,0.0,1.0,559.2380694602602,-0.0,42.1420265583821,0.0,517.0960429018781,517.0960429018781,0.0,0.0
5481,2019-08-17 09:00:00,8,2019-08-17 10:00:00,0.10547,0.10547,0.10547,0.0,0.9236557489884382,553.0972398373782,-0.0,36.00119693550005,0.0,517.0960429018781,517.0960429018781,0.0,0.0
5482,2019-08-17 10:00:00,8,2019-08-17 11:00:00,0.10547,0.10547,0.10547,0.0,0.8584361893226772,607.1714587085838,-0.0,90.07541580670568,0.0,517.0960429018781,517.0960429018781,0.0,0.0
5483,2019-08-17 11:00:00,8,2019-08-17 12:00:00,0.10547,0.10547,0.10547,0.0,0.6952560882235727,582.325132718124,-0.0,65.22908981624585,0.0,517.0960429018781,517.0960429018781,0.0,0.0
5484,2019-08-17 12:00:00,8,2019-08-17 13:00:00,0.10547,0.10547,0.10547,0.0,0.5770874472521128,581.7554831401353,-0.0,64.65944023825716,0.0,517.0960429018781,517.0960429018781,0.0,0.0
5485,2019-08-17 13:00:00,8,2019-08-17 14:00:00,0.10547,0.10547,0.10547,0.0,0.4599507801538208,569.1625523424324,-0.0,52.06650944055423,0.0,517.0960429018781,517.0960429018781,0.0,0.0
5486,2019-08-17 14:00:00,8,2019-08-17 15:00:00,0.12561,0.12561,0.12561,0.0,0.3656273934861501,556.753959464112,-0.0,39.65791656223382,0.0,517.0960429018781,517.0960429018781,0.0,0.0
5487,2019-08-17 15:00:00,8,2019-08-17 16:00:00,0.12561,0.12561,0.12561,0.0,0.2937833417429729,552.8590772533117,-0.0,35.76303435143359,0.0,517.0960429018781,517.0960429018781,0.0,0.0
5488,2019-08-17 16:00:00,8,2019-08-17 17:00:00,0.15111,0.15111,0.15111,0.0,0.22899523603385408,546.2542200246272,-0.0,84.71424405108104,0.0,461.5399759735462,461.5399759735462,0.0,0.0
5489,2019-08-17 17:00:00,8,2019-08-17 18:00:00,0.15111,0.15111,0.15111,0.0,0.07552740260798264,531.1871691414846,-0.0,14.09112623960641,0.0,517.0960429018781,517.0960429018781,0.0,0.0
5490,2019-08-17 18:00:00,8,2019-08-17 19:00:00,0.15111,0.15111,0.15111,0.0,0.05000000000000001,507.13254291101333,-0.0,0.0,0.0,507.13254291101333,507.13254291101333,0.0,1.0
5491,2019-08-17 19:00:00,8,2019-08-17 20:00:00,0.15111,0.15111,0.15111,0.0,0.05,469.2913777722107,-0.0,0.0,0.0,469.2913777722107,469.2913777722107,0.0,1.0
5492,2019-08-17 20:00:00,8,2019-08-17 21:00:00,0.15111,0.15111,0.15111,0.0,0.05,337.54198618522804,-0.0,0.0,0.0,337.54198618522804,337.54198618522804,0.0,1.0
5493,2019-08-17 21:00:00,8,2019-08-17 22:00:00,0.12561,0.12561,0.12561,0.0,0.05,233.10107761645415,-0.0,0.0,0.0,233.10107761645415,233.10107761645415,0.0,0.0
5494,2019-08-17 22:00:00,8,2019-08-17 23:00:00,0.12561,0.12561,0.12561,0.0,0.05,298.73954758485195,-0.0,0.0,0.0,298.73954758485195,298.73954758485195,0.0,1.0
5495,2019-08-17 23:00:00,8,2019-08-18 00:00:00,0.10547,0.10547,0.10547,0.0,0.05,243.39749787291103,-0.0,0.0,0.0,243.39749787291103,243.39749787291103,0.0,0.0
5496,2019-08-18 00:00:00,8,2019-08-18 01:00:00,0.10547,0.10547,0.10547,0.0,0.05,223.8560953758619,-0.0,0.0,0.0,223.8560953758619,223.8560953758619,0.0,0.0
5497,2019-08-18 01:00:00,8,2019-08-18 02:00:00,0.10547,0.10547,0.10547,0.0,0.05,221.03747611213177,-0.0,0.0,0.0,221.03747611213177,221.03747611213177,0.0,0.0
5498,2019-08-18 02:00:00,8,2019-08-18 03:00:00,0.10547,0.10547,0.10547,0.0,0.05,218.8510753324945,-0.0,0.0,0.0,218.8510753324945,218.8510753324945,0.0,0.0
5499,2019-08-18 03:00:00,8,2019-08-18 04:00:00,0.10547,0.10547,0.10547,0.0,0.05,266.6527053390231,-250.44333756285505,0.0,0.0,517.0960429018781,517.0960429018781,0.0,1.0
5500,2019-08-18 04:00:00,8,2019-08-18 05:00:00,0.10547,0.10547,0.10547,0.0,0.43401311759637773,265.5204276522475,-251.57561524963063,0.0,0.0,517.0960429018781,517.0960429018781,0.0,1.0
5501,2019-08-18 05:00:00,8,2019-08-18 06:00:00,0.10547,0.10547,0.10547,0.0,0.8197623943124781,339.2398545833493,-0.0,0.0,0.0,339.2398545833493,339.2398545833493,0.0,1.0
5502,2019-08-18 06:00:00,8,2019-08-18 07:00:00,0.10547,0.10547,0.10547,0.0,0.8197623943124781,350.28322929393806,-117.54626457881862,0.0,0.0,467.8294938727567,467.8294938727567,0.0,1.0
5503,2019-08-18 07:00:00,8,2019-08-18 08:00:00,0.10547,0.10547,0.10547,0.0,1.0,488.06938042060744,-0.0,0.0,0.0,488.06938042060744,488.06938042060744,0.0,0.0
5504,2019-08-18 08:00:00,8,2019-08-18 09:00:00,0.10547,0.10547,0.10547,0.0,1.0,550.9685606750965,-0.0,33.872517773218306,0.0,517.0960429018781,517.0960429018781,0.0,0.0
5505,2019-08-18 09:00:00,8,2019-08-18 10:00:00,0.10547,0.10547,0.10547,0.0,0.9386367431644596,541.378176780402,-0.0,24.282133878523837,0.0,517.0960429018781,517.0960429018781,0.0,0.0
5506,2019-08-18 10:00:00,8,2019-08-18 11:00:00,0.10547,0.10547,0.10547,0.0,0.8946473701961192,598.6501055848679,-0.0,81.55406268298975,0.0,517.0960429018781,517.0960429018781,0.0,0.0
5507,2019-08-18 11:00:00,8,2019-08-18 12:00:00,0.10547,0.10547,0.10547,0.0,0.7469045030167899,577.9321345028666,-0.0,60.836091600988425,0.0,517.0960429018781,517.0960429018781,0.0,0.0
5508,2019-08-18 12:00:00,8,2019-08-18 13:00:00,0.10547,0.10547,0.10547,0.0,0.6366941921454341,583.8682503148219,-0.0,66.77220741294377,0.0,517.0960429018781,517.0960429018781,0.0,0.0
5509,2019-08-18 13:00:00,8,2019-08-18 14:00:00,0.10547,0.10547,0.10547,0.0,0.5157300482814056,574.1167919650904,-0.0,57.02074906321229,0.0,517.0960429018781,517.0960429018781,0.0,0.0
5510,2019-08-18 14:00:00,8,2019-08-18 15:00:00,0.12561,0.12561,0.12561,0.0,0.41243158983355716,564.7130221534546,-0.0,47.61697925157648,0.0,517.0960429018781,517.0960429018781,0.0,0.0
5511,2019-08-18 15:00:00,8,2019-08-18 16:00:00,0.12561,0.12561,0.12561,0.0,0.32616894626186066,562.014952906761,-0.0,44.91891000488283,0.0,517.0960429018781,517.0960429018781,0.0,0.0
5512,2019-08-18 16:00:00,8,2019-08-18 17:00:00,0.15111,0.15111,0.15111,0.0,0.24479410929649323,552.9617923806366,-0.0,35.8657494787584,0.0,517.0960429018781,517.0960429018781,0.0,0.0
5513,2019-08-18 17:00:00,8,2019-08-18 18:00:00,0.15111,0.15111,0.15111,0.0,0.1798199254581628,535.4515891328041,-0.0,18.35554623092594,0.0,517.0960429018781,517.0960429018781,0.0,0.0
5514,2019-08-18 18:00:00,8,2019-08-18 19:00:00,0.15111,0.15111,0.15111,0.0,0.14656712431518104,501.97117991113015,-0.0,0.0,0.0,501.97117991113015,501.97117991113015,0.0,1.0
5515,2019-08-18 19:00:00,8,2019-08-18 20:00:00,0.15111,0.15111,0.15111,0.0,0.14656712431518104,458.4216370090964,-0.0,53.30505262197994,0.0,405.11658438711646,405.11658438711646,0.0,0.0
5516,2019-08-18 20:00:00,8,2019-08-18 21:00:00,0.15111,0.15111,0.15111,0.0,0.05,329.3339379591378,-0.0,0.0,0.0,329.3339379591378,329.3339379591378,0.0,0.0
5517,2019-08-18 21:00:00,8,2019-08-18 22:00:00,0.12561,0.12561,0.12561,0.0,0.05,235.27540582540595,-0.0,0.0,0.0,235.27540582540595,235.27540582540595,0.0,0.0
5518,2019-08-18 22:00:00,8,2019-08-18 23:00:00,0.12561,0.12561,0.12561,0.0,0.05,300.55171900050686,-0.0,0.0,0.0,300.55171900050686,300.55171900050686,0.0,0.0
5519,2019-08-18 23:00:00,8,2019-08-19 00:00:00,0.10547,0.10547,0.10547,0.0,0.05,245.40486501152716,-0.0,0.0,0.0,245.40486501152716,245.40486501152716,0.0,0.0
5520,2019-08-19 00:00:00,8,2019-08-19 01:00:00,0.10547,0.10547,0.10547,0.0,0.05,220.94857460480276,-0.0,0.0,0.0,220.94857460480276,220.94857460480276,0.0,0.0
5521,2019-08-19 01:00:00,8,2019-08-19 02:00:00,0.10547,0.10547,0.10547,0.0,0.05,218.01753707827584,-0.0,0.0,0.0,218.01753707827584,218.01753707827584,0.0,0.0
5522,2019-08-19 02:00:00,8,2019-08-19 03:00:00,0.10547,0.10547,0.10547,0.0,0.05,215.59104025000394,-0.0,0.0,0.0,215.59104025000394,215.59104025000394,0.0,0.0
5523,2019-08-19 03:00:00,8,2019-08-19 04:00:00,0.10547,0.10547,0.10547,0.0,0.05,228.44412270984037,-69.87230494877866,0.0,0.0,298.31642765861903,298.31642765861903,0.0,1.0
5524,2019-08-19 04:00:00,8,2019-08-19 05:00:00,0.10547,0.10547,0.10547,0.0,0.15713753425479396,226.0213730073689,-0.0,0.0,0.0,226.0213730073689,226.0213730073689,0.0,0.0
5525,2019-08-19 05:00:00,8,2019-08-19 06:00:00,0.10547,0.10547,0.10547,0.0,0.15713753425479396,273.1734381612723,-243.92260474060583,0.0,0.0,517.0960429018781,517.0960429018781,0.0,1.0
5526,2019-08-19 06:00:00,8,2019-08-19 07:00:00,0.10547,0.10547,0.10547,0.0,0.5311521948570562,299.2852730311639,-217.81076987071424,0.0,0.0,517.0960429018781,517.0960429018781,0.0,1.0
5527,2019-08-19 07:00:00,8,2019-08-19 08:00:00,0.10547,0.10547,0.10547,0.0,0.865128708658818,429.13650507067257,-87.95953783120558,0.0,0.0,517.0960429018781,517.0960429018781,0.0,1.0
5528,2019-08-19 08:00:00,8,2019-08-19 09:00:00,0.10547,0.10547,0.10547,0.0,1.0,478.95661959813714,-0.0,0.0,0.0,478.95661959813714,478.95661959813714,0.0,0.0
5529,2019-08-19 09:00:00,8,2019-08-19 10:00:00,0.10547,0.10547,0.10547,0.0,1.0,530.5193531554647,-0.0,13.423310253586578,0.0,517.0960429018781,517.0960429018781,0.0,0.0
5530,2019-08-19 10:00:00,8,2019-08-19 11:00:00,0.10547,0.10547,0.10547,0.0,0.975682408960894,594.0576068690984,-0.0,76.96156396722029,0.0,517.0960429018781,517.0960429018781,0.0,0.0
5531,2019-08-19 11:00:00,8,2019-08-19 12:00:00,0.10547,0.10547,0.10547,0.0,0.8362592858318717,573.88799002926,-0.0,56.79194712738183,0.0,517.0960429018781,517.0960429018781,0.0,0.0
5532,2019-08-19 12:00:00,8,2019-08-19 13:00:00,0.10547,0.10547,0.10547,0.0,0.7333753236445858,583.5033101503735,-0.0,66.40726724849537,0.0,517.0960429018781,517.0960429018781,0.0,0.0
5533,2019-08-19 13:00:00,8,2019-08-19 14:00:00,0.10547,0.10547,0.10547,0.0,0.6130723032668768,574.4872830520519,-0.0,57.39124015017376,0.0,517.0960429018781,517.0960429018781,0.0,0.0
5534,2019-08-19 14:00:00,8,2019-08-19 15:00:00,0.12561,0.12561,0.12561,0.0,0.5091026653136634,564.6069964276584,-0.0,47.510953525780224,0.0,517.0960429018781,517.0960429018781,0.0,0.0
5535,2019-08-19 15:00:00,8,2019-08-19 16:00:00,0.12561,0.12561,0.12561,0.0,0.42303209733217756,562.836962092306,-0.0,45.7409191904278,0.0,517.0960429018781,517.0960429018781,0.0,0.0
5536,2019-08-19 16:00:00,8,2019-08-19 17:00:00,0.15111,0.15111,0.15111,0.0,0.3401681132915475,556.6945121727198,-0.0,160.17279853693424,0.0,396.52171363578555,396.52171363578555,0.0,0.0
5537,2019-08-19 17:00:00,8,2019-08-19 18:00:00,0.15111,0.15111,0.15111,0.0,0.049999999999999954,511.1520622114973,-0.0,0.0,0.0,511.1520622114973,511.1520622114973,0.0,1.0
5538,2019-08-19 18:00:00,8,2019-08-19 19:00:00,0.15111,0.15111,0.15111,0.0,0.05,435.70660080561333,-0.0,0.0,0.0,435.70660080561333,435.70660080561333,0.0,0.0
5539,2019-08-19 19:00:00,8,2019-08-19 20:00:00,0.15111,0.15111,0.15111,0.0,0.05,417.69149447499916,-0.0,0.0,0.0,417.69149447499916,417.69149447499916,0.0,1.0
5540,2019-08-19 20:00:00,8,2019-08-19 21:00:00,0.15111,0.15111,0.15111,0.0,0.05,315.82924765249606,-0.0,0.0,0.0,315.82924765249606,315.82924765249606,0.0,1.0
5541,2019-08-19 21:00:00,8,2019-08-19 22:00:00,0.12561,0.12561,0.12561,0.0,0.05,235.58322656102916,-0.0,0.0,0.0,235.58322656102916,235.58322656102916,0.0,0.0
5542,2019-08-19 22:00:00,8,2019-08-19 23:00:00,0.12561,0.12561,0.12561,0.0,0.05,300.49417093347574,-0.0,0.0,0.0,300.49417093347574,300.49417093347574,0.0,0.0
5543,2019-08-19 23:00:00,8,2019-08-20 00:00:00,0.10547,0.10547,0.10547,0.0,0.05,246.55940729953156,-0.0,0.0,0.0,246.55940729953156,246.55940729953156,0.0,0.0
5544,2019-08-20 00:00:00,8,2019-08-20 01:00:00,0.10547,0.10547,0.10547,0.0,0.05,226.49891366338943,-0.0,0.0,0.0,226.49891366338943,226.49891366338943,0.0,0.0
5545,2019-08-20 01:00:00,8,2019-08-20 02:00:00,0.10547,0.10547,0.10547,0.0,0.05,223.66378891237062,-0.0,0.0,0.0,223.66378891237062,223.66378891237062,0.0,0.0
5546,2019-08-20 02:00:00,8,2019-08-20 03:00:00,0.10547,0.10547,0.10547,0.0,0.05,221.57078251649455,-0.0,0.0,0.0,221.57078251649455,221.57078251649455,0.0,0.0
5547,2019-08-20 03:00:00,8,2019-08-20 04:00:00,0.10547,0.10547,0.10547,0.0,0.05,234.8641616924315,-0.0,0.0,0.0,234.8641616924315,234.8641616924315,0.0,0.0
5548,2019-08-20 04:00:00,8,2019-08-20 05:00:00,0.10547,0.10547,0.10547,0.0,0.05,232.64383815249178,-277.63643865837037,0.0,0.0,510.2802768108621,510.2802768108621,0.0,1.0
5549,2019-08-20 05:00:00,8,2019-08-20 06:00:00,0.10547,0.10547,0.10547,0.0,0.4757092059428346,280.89788418854977,-0.0,0.0,0.0,280.89788418854977,280.89788418854977,0.0,0.0
5550,2019-08-20 06:00:00,8,2019-08-20 07:00:00,0.10547,0.10547,0.10547,0.0,0.4757092059428346,310.48025719942444,-49.00451885660128,0.0,0.0,359.48477605602574,359.48477605602574,0.0,1.0
5551,2019-08-20 07:00:00,8,2019-08-20 08:00:00,0.10547,0.10547,0.10547,0.0,0.5508494681896232,384.8214043103666,-125.45887250049554,0.0,0.0,510.2802768108621,510.2802768108621,0.0,1.0
5552,2019-08-20 08:00:00,8,2019-08-20 09:00:00,0.10547,0.10547,0.10547,0.0,0.7432197393570497,342.814889435025,-167.46538737583717,0.0,0.0,510.2802768108622,510.2802768108622,0.0,1.0
5553,2019-08-20 09:00:00,8,2019-08-20 10:00:00,0.10547,0.10547,0.10547,0.0,1.0,413.79628469110315,-0.0,0.0,0.0,413.79628469110315,413.79628469110315,0.0,0.0
5554,2019-08-20 10:00:00,8,2019-08-20 11:00:00,0.10547,0.10547,0.10547,0.0,1.0,473.5865255120253,-0.0,0.0,0.0,473.5865255120253,473.5865255120253,0.0,0.0
5555,2019-08-20 11:00:00,8,2019-08-20 12:00:00,0.10547,0.10547,0.10547,0.0,1.0,507.2698990806664,-0.0,0.0,0.0,507.2698990806664,507.2698990806664,0.0,1.0
5556,2019-08-20 12:00:00,8,2019-08-20 13:00:00,0.10547,0.10547,0.10547,0.0,1.0,510.2802768108622,-0.0,0.0,0.0,510.2802768108622,510.2802768108622,0.0,1.0
5557,2019-08-20 13:00:00,8,2019-08-20 14:00:00,0.10547,0.10547,0.10547,0.0,1.0,494.81560614017667,-0.0,0.0,0.0,494.81560614017667,494.81560614017667,0.0,1.0
5558,2019-08-20 14:00:00,8,2019-08-20 15:00:00,0.12561,0.12561,0.12561,0.0,1.0,483.55270525602504,-0.0,0.0,0.0,483.55270525602504,483.55270525602504,0.0,1.0
5559,2019-08-20 15:00:00,8,2019-08-20 16:00:00,0.12561,0.12561,0.12561,0.0,1.0,483.3997317278245,0.0,0.0,0.0,483.3997317278245,483.3997317278245,0.0,0.0
5560,2019-08-20 16:00:00,8,2019-08-20 17:00:00,0.15111,0.15111,0.15111,0.0,1.0,420.30865503445546,-0.0,300.0,0.0,120.30865503445546,120.30865503445546,0.0,0.0
5561,2019-08-20 17:00:00,8,2019-08-20 18:00:00,0.15111,0.15111,0.15111,0.0,0.4565217391304348,425.3505688366386,-0.0,224.4,0.0,200.9505688366386,200.9505688366386,0.0,0.0
5562,2019-08-20 18:00:00,8,2019-08-20 19:00:00,0.15111,0.15111,0.15111,0.0,0.05,405.9410064563217,-0.0,0.0,0.0,405.9410064563217,405.9410064563217,0.0,1.0
5563,2019-08-20 19:00:00,8,2019-08-20 20:00:00,0.15111,0.15111,0.15111,0.0,0.05,392.7769709382958,-0.0,0.0,0.0,392.7769709382958,392.7769709382958,0.0,1.0
5564,2019-08-20 20:00:00,8,2019-08-20 21:00:00,0.15111,0.15111,0.15111,0.0,0.05,349.9805695861516,-0.0,0.0,0.0,349.9805695861516,349.9805695861516,0.0,1.0
5565,2019-08-20 21:00:00,8,2019-08-20 22:00:00,0.12561,0.12561,0.12561,0.0,0.05,239.44028803688386,-0.0,0.0,0.0,239.44028803688386,239.44028803688386,0.0,0.0
5566,2019-08-20 22:00:00,8,2019-08-20 23:00:00,0.12561,0.12561,0.12561,0.0,0.05,303.82657944461545,-0.0,0.0,0.0,303.82657944461545,303.82657944461545,0.0,0.0
5567,2019-08-20 23:00:00,8,2019-08-21 00:00:00,0.10547,0.10547,0.10547,0.0,0.05,251.32477076287796,-0.0,0.0,0.0,251.32477076287796,251.32477076287796,0.0,0.0
5568,2019-08-21 00:00:00,8,2019-08-21 01:00:00,0.10547,0.10547,0.10547,0.0,0.05,235.53389089053107,-0.0,0.0,0.0,235.53389089053107,235.53389089053107,0.0,0.0
5569,2019-08-21 01:00:00,8,2019-08-21 02:00:00,0.10547,0.10547,0.10547,0.0,0.05,232.55984329966734,-0.0,0.0,0.0,232.55984329966734,232.55984329966734,0.0,0.0
5570,2019-08-21 02:00:00,8,2019-08-21 03:00:00,0.10547,0.10547,0.10547,0.0,0.05,230.38838591107358,-0.0,0.0,0.0,230.38838591107358,230.38838591107358,0.0,0.0
5571,2019-08-21 03:00:00,8,2019-08-21 04:00:00,0.10547,0.10547,0.10547,0.0,0.05,243.9274905651122,-0.0,0.0,0.0,243.9274905651122,243.9274905651122,0.0,0.0
5572,2019-08-21 04:00:00,8,2019-08-21 05:00:00,0.10547,0.10547,0.10547,0.0,0.05,241.7448474321835,-251.25498662043873,0.0,0.0,492.9998340526222,492.9998340526222,0.0,1.0
5573,2019-08-21 05:00:00,8,2019-08-21 06:00:00,0.10547,0.10547,0.10547,0.0,0.4352576461513394,322.3666994045678,-196.38280986083635,0.0,0.0,518.7495092654042,518.7495092654042,0.0,1.0
5574,2019-08-21 06:00:00,8,2019-08-21 07:00:00,0.10547,0.10547,0.10547,0.0,0.7363779546046219,346.8220883553749,-171.92742091002927,0.0,0.0,518.7495092654042,518.7495092654042,0.0,1.0
5575,2019-08-21 07:00:00,8,2019-08-21 08:00:00,0.10547,0.10547,0.10547,0.0,1.0,505.943610472662,0.0,0.0,0.0,505.943610472662,505.943610472662,0.0,0.0
5576,2019-08-21 08:00:00,8,2019-08-21 09:00:00,0.10547,0.10547,0.10547,0.0,1.0,571.1804959225174,-0.0,52.43098665711321,0.0,518.7495092654042,518.7495092654042,0.0,0.0
5577,2019-08-21 09:00:00,8,2019-08-21 10:00:00,0.10547,0.10547,0.10547,0.0,0.9050163285197225,563.0671946680756,-0.0,44.3176854026714,0.0,518.7495092654042,518.7495092654042,0.0,0.0
5578,2019-08-21 10:00:00,8,2019-08-21 11:00:00,0.10547,0.10547,0.10547,0.0,0.8247306665583612,612.6690398955652,-0.0,93.91953063016106,0.0,518.7495092654042,518.7495092654042,0.0,0.0
5579,2019-08-21 11:00:00,8,2019-08-21 12:00:00,0.10547,0.10547,0.10547,0.0,0.6545865893298085,587.3900052729813,-0.0,68.64049600757713,0.0,518.7495092654042,518.7495092654042,0.0,0.0
5580,2019-08-21 12:00:00,8,2019-08-21 13:00:00,0.10547,0.10547,0.10547,0.0,0.5302378646784007,585.8135965485138,-0.0,67.06408728310961,0.0,518.7495092654042,518.7495092654042,0.0,0.0
5581,2019-08-21 13:00:00,8,2019-08-21 14:00:00,0.10547,0.10547,0.10547,0.0,0.4087449529336369,573.7729451786528,-0.0,55.02343591324856,0.0,518.7495092654042,518.7495092654042,0.0,0.0
5582,2019-08-21 14:00:00,8,2019-08-21 15:00:00,0.12561,0.12561,0.12561,0.0,0.30906481540963576,563.5687383116925,-0.0,44.819229046288314,0.0,518.7495092654042,518.7495092654042,0.0,0.0
5583,2019-08-21 15:00:00,8,2019-08-21 16:00:00,0.12561,0.12561,0.12561,0.0,0.2278705598909977,562.1458687040744,-0.0,43.396359438670174,0.0,518.7495092654042,518.7495092654042,0.0,0.0
5584,2019-08-21 16:00:00,8,2019-08-21 17:00:00,0.15111,0.15111,0.15111,0.0,0.14925396670500107,554.5030883376603,-0.0,35.753579072256116,0.0,518.7495092654042,518.7495092654042,0.0,0.0
5585,2019-08-21 17:00:00,8,2019-08-21 18:00:00,0.15111,0.15111,0.15111,0.0,0.08448299012482684,536.9388901609154,-0.0,18.18938089551122,0.0,518.7495092654042,518.7495092654042,0.0,0.0
5586,2019-08-21 18:00:00,8,2019-08-21 19:00:00,0.15111,0.15111,0.15111,0.0,0.05153121314020503,519.5947389187974,-0.0,0.8452296533931758,0.0,518.7495092654042,518.7495092654042,0.0,0.0
5587,2019-08-21 19:00:00,8,2019-08-21 20:00:00,0.15111,0.15111,0.15111,0.0,0.05,473.3431344188305,-0.0,0.0,0.0,473.3431344188305,473.3431344188305,0.0,1.0
5588,2019-08-21 20:00:00,8,2019-08-21 21:00:00,0.15111,0.15111,0.15111,0.0,0.05,340.08287383128345,-0.0,0.0,0.0,340.08287383128345,340.08287383128345,0.0,1.0
5589,2019-08-21 21:00:00,8,2019-08-21 22:00:00,0.12561,0.12561,0.12561,0.0,0.05,234.90575255377297,-0.0,0.0,0.0,234.90575255377297,234.90575255377297,0.0,0.0
5590,2019-08-21 22:00:00,8,2019-08-21 23:00:00,0.12561,0.12561,0.12561,0.0,0.05,299.95802506376134,-0.0,0.0,0.0,299.95802506376134,299.95802506376134,0.0,1.0
5591,2019-08-21 23:00:00,8,2019-08-22 00:00:00,0.10547,0.10547,0.10547,0.0,0.05,244.6939818179953,-0.0,0.0,0.0,244.6939818179953,244.6939818179953,0.0,0.0
5592,2019-08-22 00:00:00,8,2019-08-22 01:00:00,0.10547,0.10547,0.10547,0.0,0.05,224.71132291108032,-0.0,0.0,0.0,224.71132291108032,224.71132291108032,0.0,0.0
5593,2019-08-22 01:00:00,8,2019-08-22 02:00:00,0.10547,0.10547,0.10547,0.0,0.05,221.64145035742126,-0.0,0.0,0.0,221.64145035742126,221.64145035742126,0.0,0.0
5594,2019-08-22 02:00:00,8,2019-08-22 03:00:00,0.10547,0.10547,0.10547,0.0,0.05,219.0778851421643,-0.0,0.0,0.0,219.0778851421643,219.0778851421643,0.0,0.0
5595,2019-08-22 03:00:00,8,2019-08-22 04:00:00,0.10547,0.10547,0.10547,0.0,0.05,266.1377834395195,-255.633719115649,0.0,0.0,521.7715025551686,521.7715025551686,0.0,1.0
5596,2019-08-22 04:00:00,8,2019-08-22 05:00:00,0.10547,0.10547,0.10547,0.0,0.44197170264399516,264.48938231360506,-257.28212024156346,0.0,0.0,521.7715025551686,521.7715025551686,0.0,1.0
5597,2019-08-22 05:00:00,8,2019-08-22 06:00:00,0.10547,0.10547,0.10547,0.0,0.8364709536810592,344.8635482714547,-0.0,0.0,0.0,344.8635482714547,344.8635482714547,0.0,1.0
5598,2019-08-22 06:00:00,8,2019-08-22 07:00:00,0.10547,0.10547,0.10547,0.0,0.8364709536810592,349.7907090499649,-106.64937803409184,0.0,0.0,456.44008708405676,456.44008708405676,0.0,1.0
5599,2019-08-22 07:00:00,8,2019-08-22 08:00:00,0.10547,0.10547,0.10547,0.0,1.0,491.5608179082989,-0.0,0.0,0.0,491.5608179082989,491.5608179082989,0.0,0.0
5600,2019-08-22 08:00:00,8,2019-08-22 09:00:00,0.10547,0.10547,0.10547,0.0,1.0,560.115635847523,-0.0,38.344133292354456,0.0,521.7715025551686,521.7715025551686,0.0,0.0
5601,2019-08-22 09:00:00,8,2019-08-22 10:00:00,0.10547,0.10547,0.10547,0.0,0.9305359904124013,555.9539067906327,-0.0,34.18240423546416,0.0,521.7715025551686,521.7715025551686,0.0,0.0
5602,2019-08-22 10:00:00,8,2019-08-22 11:00:00,0.10547,0.10547,0.10547,0.0,0.8686113450582995,611.4009525025378,-0.0,89.62944994736932,0.0,521.7715025551686,521.7715025551686,0.0,0.0
5603,2019-08-22 11:00:00,8,2019-08-22 12:00:00,0.10547,0.10547,0.10547,0.0,0.7062391531246596,590.1648049544463,-0.0,68.39330239927772,0.0,521.7715025551686,521.7715025551686,0.0,0.0
5604,2019-08-22 12:00:00,8,2019-08-22 13:00:00,0.10547,0.10547,0.10547,0.0,0.5823382429810401,592.505034139555,-0.0,70.73353158438647,0.0,521.7715025551686,521.7715025551686,0.0,0.0
5605,2019-08-22 13:00:00,8,2019-08-22 14:00:00,0.10547,0.10547,0.10547,0.0,0.454197787212224,582.3760523928669,-0.0,60.6045498376983,0.0,521.7715025551686,521.7715025551686,0.0,0.0
5606,2019-08-22 14:00:00,8,2019-08-22 15:00:00,0.12561,0.12561,0.12561,0.0,0.34440693605697337,573.4660742058056,-0.0,51.694571650637045,0.0,521.7715025551686,521.7715025551686,0.0,0.0
5607,2019-08-22 15:00:00,8,2019-08-22 16:00:00,0.12561,0.12561,0.12561,0.0,0.25075734973335556,571.9207651901519,-0.0,50.1492626349833,0.0,521.7715025551686,521.7715025551686,0.0,0.0
5608,2019-08-22 16:00:00,8,2019-08-22 17:00:00,0.15111,0.15111,0.15111,0.0,0.15990723626418288,562.1671081368004,-0.0,40.3956055816318,0.0,521.7715025551686,521.7715025551686,0.0,0.0
5609,2019-08-22 17:00:00,8,2019-08-22 18:00:00,0.15111,0.15111,0.15111,0.0,0.0867267913699224,542.0446913913657,-0.0,20.273188836197164,0.0,521.7715025551686,521.7715025551686,0.0,0.0
5610,2019-08-22 18:00:00,8,2019-08-22 19:00:00,0.15111,0.15111,0.15111,0.0,0.05,508.7027707421775,-0.0,0.0,0.0,508.7027707421775,508.7027707421775,0.0,0.0
5611,2019-08-22 19:00:00,8,2019-08-22 20:00:00,0.15111,0.15111,0.15111,0.0,0.05,465.324476117179,-0.0,0.0,0.0,465.324476117179,465.324476117179,0.0,1.0
5612,2019-08-22 20:00:00,8,2019-08-22 21:00:00,0.15111,0.15111,0.15111,0.0,0.05,334.5254095837508,-0.0,0.0,0.0,334.5254095837508,334.5254095837508,0.0,1.0
5613,2019-08-22 21:00:00,8,2019-08-22 22:00:00,0.12561,0.12561,0.12561,0.0,0.05,240.2085020495224,-0.0,0.0,0.0,240.2085020495224,240.2085020495224,0.0,0.0
5614,2019-08-22 22:00:00,8,2019-08-22 23:00:00,0.12561,0.12561,0.12561,0.0,0.05,304.61173083353276,-0.0,0.0,0.0,304.61173083353276,304.61173083353276,0.0,0.0
5615,2019-08-22 23:00:00,8,2019-08-23 00:00:00,0.10547,0.10547,0.10547,0.0,0.05,250.73752750958533,-0.0,0.0,0.0,250.73752750958533,250.73752750958533,0.0,0.0
5616,2019-08-23 00:00:00,8,2019-08-23 01:00:00,0.10547,0.10547,0.10547,0.0,0.05,230.3220690566063,-0.0,0.0,0.0,230.3220690566063,230.3220690566063,0.0,0.0
5617,2019-08-23 01:00:00,8,2019-08-23 02:00:00,0.10547,0.10547,0.10547,0.0,0.05,227.20653402731944,-0.0,0.0,0.0,227.20653402731944,227.20653402731944,0.0,0.0
5618,2019-08-23 02:00:00,8,2019-08-23 03:00:00,0.10547,0.10547,0.10547,0.0,0.05,224.83443825370745,-0.0,0.0,0.0,224.83443825370745,224.83443825370745,0.0,0.0
5619,2019-08-23 03:00:00,8,2019-08-23 04:00:00,0.10547,0.10547,0.10547,0.0,0.05,237.63580285395741,-224.5790571247973,0.0,0.0,462.2148599787547,462.2148599787547,0.0,1.0
5620,2019-08-23 04:00:00,8,2019-08-23 05:00:00,0.10547,0.10547,0.10547,0.0,0.3943545542580225,235.11025102777938,-0.0,0.0,0.0,235.11025102777938,235.11025102777938,0.0,0.0
5621,2019-08-23 05:00:00,8,2019-08-23 06:00:00,0.10547,0.10547,0.10547,0.0,0.3943545542580225,314.59816159119435,-208.35285854254528,0.0,0.0,522.9510201337396,522.9510201337396,0.0,1.0
5622,2019-08-23 06:00:00,8,2019-08-23 07:00:00,0.10547,0.10547,0.10547,0.0,0.7138289373565919,336.3177184097779,-186.63330172396172,0.0,0.0,522.9510201337396,522.9510201337396,0.0,1.0
5623,2019-08-23 07:00:00,8,2019-08-23 08:00:00,0.10547,0.10547,0.10547,0.0,1.0,497.33070119320513,-0.0,0.0,0.0,497.33070119320513,497.33070119320513,0.0,1.0
5624,2019-08-23 08:00:00,8,2019-08-23 09:00:00,0.10547,0.10547,0.10547,0.0,1.0,564.9727708284571,-0.0,42.021750694717575,0.0,522.9510201337396,522.9510201337396,0.0,0.0
5625,2019-08-23 09:00:00,8,2019-08-23 10:00:00,0.10547,0.10547,0.10547,0.0,0.9238736400458015,559.8144856335183,-0.0,36.86346549977873,0.0,522.9510201337396,522.9510201337396,0.0,0.0
5626,2019-08-23 10:00:00,8,2019-08-23 11:00:00,0.10547,0.10547,0.10547,0.0,0.8570919996476524,614.3155783554569,-0.0,91.36455822171726,0.0,522.9510201337396,522.9510201337396,0.0,0.0
5627,2019-08-23 11:00:00,8,2019-08-23 12:00:00,0.10547,0.10547,0.10547,0.0,0.6915764956228028,594.3159476679589,-0.0,71.36492753421928,0.0,522.9510201337396,522.9510201337396,0.0,0.0
5628,2019-08-23 12:00:00,8,2019-08-23 13:00:00,0.10547,0.10547,0.10547,0.0,0.5622922066115359,597.0811606854936,-0.0,74.13014055175398,0.0,522.9510201337396,522.9510201337396,0.0,0.0
5629,2019-08-23 13:00:00,8,2019-08-23 14:00:00,0.10547,0.10547,0.10547,0.0,0.42799847372792366,584.2435917855277,-0.0,61.29257165178802,0.0,522.9510201337396,522.9510201337396,0.0,0.0
5630,2019-08-23 14:00:00,8,2019-08-23 15:00:00,0.12561,0.12561,0.12561,0.0,0.31696120624280044,571.3334012611086,-0.0,48.382381127369,0.0,522.9510201337396,522.9510201337396,0.0,0.0
5631,2019-08-23 15:00:00,8,2019-08-23 16:00:00,0.12561,0.12561,0.12561,0.0,0.22931196507003032,566.1886297582362,-0.0,43.23760962449654,0.0,522.9510201337396,522.9510201337396,0.0,0.0
5632,2019-08-23 16:00:00,8,2019-08-23 17:00:00,0.15111,0.15111,0.15111,0.0,0.15098296212710163,558.4252721097432,-0.0,35.474251976003586,0.0,522.9510201337396,522.9510201337396,0.0,0.0
5633,2019-08-23 17:00:00,8,2019-08-23 18:00:00,0.15111,0.15111,0.15111,0.0,0.08671801289521122,541.171989398415,-0.0,18.220969264675375,0.0,522.9510201337396,522.9510201337396,0.0,0.0
5634,2019-08-23 18:00:00,8,2019-08-23 19:00:00,0.15111,0.15111,0.15111,0.0,0.0537090106041327,524.9983939872209,-0.0,2.047373853481247,0.0,522.9510201337396,522.9510201337396,0.0,0.0
5635,2019-08-23 19:00:00,8,2019-08-23 20:00:00,0.15111,0.15111,0.15111,0.0,0.05,478.4189392835752,-0.0,0.0,0.0,478.4189392835752,478.4189392835752,0.0,1.0
5636,2019-08-23 20:00:00,8,2019-08-23 21:00:00,0.15111,0.15111,0.15111,0.0,0.05,343.804080175074,-0.0,0.0,0.0,343.804080175074,343.804080175074,0.0,1.0
5637,2019-08-23 21:00:00,8,2019-08-23 22:00:00,0.12561,0.12561,0.12561,0.0,0.05,237.80245619240458,-0.0,0.0,0.0,237.80245619240458,237.80245619240458,0.0,0.0
5638,2019-08-23 22:00:00,8,2019-08-23 23:00:00,0.12561,0.12561,0.12561,0.0,0.05,302.49610129052655,-0.0,0.0,0.0,302.49610129052655,302.49610129052655,0.0,0.0
5639,2019-08-23 23:00:00,8,2019-08-24 00:00:00,0.10547,0.10547,0.10547,0.0,0.05,247.9539290711557,-0.0,0.0,0.0,247.9539290711557,247.9539290711557,0.0,0.0
5640,2019-08-24 00:00:00,8,2019-08-24 01:00:00,0.10547,0.10547,0.10547,0.0,0.05,227.38508926925113,-0.0,0.0,0.0,227.38508926925113,227.38508926925113,0.0,0.0
5641,2019-08-24 01:00:00,8,2019-08-24 02:00:00,0.10547,0.10547,0.10547,0.0,0.05,224.15791298933263,-0.0,0.0,0.0,224.15791298933263,224.15791298933263,0.0,0.0
5642,2019-08-24 02:00:00,8,2019-08-24 03:00:00,0.10547,0.10547,0.10547,0.0,0.05,221.58098183793368,-0.0,0.0,0.0,221.58098183793368,221.58098183793368,0.0,0.0
5643,2019-08-24 03:00:00,8,2019-08-24 04:00:00,0.10547,0.10547,0.10547,0.0,0.05,234.5549927102238,-217.50167364614424,0.0,0.0,452.05666635636805,452.05666635636805,0.0,1.0
5644,2019-08-24 04:00:00,8,2019-08-24 05:00:00,0.10547,0.10547,0.10547,0.0,0.3835025662574212,232.0342408546727,-0.0,0.0,0.0,232.0342408546727,232.0342408546727,0.0,0.0
5645,2019-08-24 05:00:00,8,2019-08-24 06:00:00,0.10547,0.10547,0.10547,0.0,0.3835025662574212,311.2289847059528,-211.72203542778675,0.0,0.0,522.9510201337396,522.9510201337396,0.0,1.0
5646,2019-08-24 06:00:00,8,2019-08-24 07:00:00,0.10547,0.10547,0.10547,0.0,0.7081430205800275,332.60951181636625,-190.34150831737333,0.0,0.0,522.9510201337396,522.9510201337396,0.0,1.0
5647,2019-08-24 07:00:00,8,2019-08-24 08:00:00,0.10547,0.10547,0.10547,0.0,1.0,498.12267366801035,-0.0,0.0,0.0,498.12267366801035,498.12267366801035,0.0,1.0
5648,2019-08-24 08:00:00,8,2019-08-24 09:00:00,0.10547,0.10547,0.10547,0.0,1.0,571.7283196741135,-0.0,48.777299540373974,0.0,522.9510201337396,522.9510201337396,0.0,0.0
5649,2019-08-24 09:00:00,8,2019-08-24 10:00:00,0.10547,0.10547,0.10547,0.0,0.9116353269196125,572.9643594400854,-0.0,50.01333930634587,0.0,522.9510201337396,522.9510201337396,0.0,0.0
5650,2019-08-24 10:00:00,8,2019-08-24 11:00:00,0.10547,0.10547,0.10547,0.0,0.821031451364638,625.0924744849741,-0.0,102.14145435123453,0.0,522.9510201337396,522.9510201337396,0.0,0.0
5651,2019-08-24 11:00:00,8,2019-08-24 12:00:00,0.10547,0.10547,0.10547,0.0,0.6359925847863146,600.1166150552075,-0.0,77.16559492146791,0.0,522.9510201337396,522.9510201337396,0.0,0.0
5652,2019-08-24 12:00:00,8,2019-08-24 13:00:00,0.10547,0.10547,0.10547,0.0,0.49619984036336545,594.8729519951265,-0.0,71.92193186138695,0.0,522.9510201337396,522.9510201337396,0.0,0.0
5653,2019-08-24 13:00:00,8,2019-08-24 14:00:00,0.10547,0.10547,0.10547,0.0,0.36590648554201227,577.1202556162028,-0.0,54.16923548246325,0.0,522.9510201337396,522.9510201337396,0.0,0.0
5654,2019-08-24 14:00:00,8,2019-08-24 15:00:00,0.12561,0.12561,0.12561,0.0,0.26777381256653543,562.596635969171,-0.0,39.645615835431386,0.0,522.9510201337396,522.9510201337396,0.0,0.0
5655,2019-08-24 15:00:00,8,2019-08-24 16:00:00,0.12561,0.12561,0.12561,0.0,0.19595204474872494,556.4155988233821,-0.0,33.46457868964251,0.0,522.9510201337396,522.9510201337396,0.0,0.0
5656,2019-08-24 16:00:00,8,2019-08-24 17:00:00,0.15111,0.15111,0.15111,0.0,0.13532780799212618,548.3016926738463,-0.0,36.677830595510905,0.0,511.62386207833543,511.62386207833543,0.0,0.0
5657,2019-08-24 17:00:00,8,2019-08-24 18:00:00,0.15111,0.15111,0.15111,0.0,0.06888246271040353,533.3741395498823,-0.0,10.423119416142754,0.0,522.9510201337396,522.9510201337396,0.0,0.0
5658,2019-08-24 18:00:00,8,2019-08-24 19:00:00,0.15111,0.15111,0.15111,0.0,0.05,517.8622749997104,-0.0,0.0,0.0,517.8622749997104,517.8622749997104,0.0,1.0
5659,2019-08-24 19:00:00,8,2019-08-24 20:00:00,0.15111,0.15111,0.15111,0.0,0.05,472.9375807386673,-0.0,0.0,0.0,472.9375807386673,472.9375807386673,0.0,1.0
5660,2019-08-24 20:00:00,8,2019-08-24 21:00:00,0.15111,0.15111,0.15111,0.0,0.05,340.6400771022804,-0.0,0.0,0.0,340.6400771022804,340.6400771022804,0.0,1.0
5661,2019-08-24 21:00:00,8,2019-08-24 22:00:00,0.12561,0.12561,0.12561,0.0,0.05,235.74502347322039,-0.0,0.0,0.0,235.74502347322039,235.74502347322039,0.0,0.0
5662,2019-08-24 22:00:00,8,2019-08-24 23:00:00,0.12561,0.12561,0.12561,0.0,0.05,300.94200644211156,-0.0,0.0,0.0,300.94200644211156,300.94200644211156,0.0,0.0
5663,2019-08-24 23:00:00,8,2019-08-25 00:00:00,0.10547,0.10547,0.10547,0.0,0.05,246.27211758743707,-0.0,0.0,0.0,246.27211758743707,246.27211758743707,0.0,0.0
5664,2019-08-25 00:00:00,8,2019-08-25 01:00:00,0.10547,0.10547,0.10547,0.0,0.05,226.43893051192447,-0.0,0.0,0.0,226.43893051192447,226.43893051192447,0.0,0.0
5665,2019-08-25 01:00:00,8,2019-08-25 02:00:00,0.10547,0.10547,0.10547,0.0,0.05,223.56701942128873,-0.0,0.0,0.0,223.56701942128873,223.56701942128873,0.0,0.0
5666,2019-08-25 02:00:00,8,2019-08-25 03:00:00,0.10547,0.10547,0.10547,0.0,0.05,221.57017958848866,-0.0,0.0,0.0,221.57017958848866,221.57017958848866,0.0,0.0
5667,2019-08-25 03:00:00,8,2019-08-25 04:00:00,0.10547,0.10547,0.10547,0.0,0.05,269.72223736422546,-253.2287827695141,0.0,0.0,522.9510201337396,522.9510201337396,0.0,1.0
5668,2019-08-25 04:00:00,8,2019-08-25 05:00:00,0.10547,0.10547,0.10547,0.0,0.4382841335799217,268.4845661429475,-193.2298277346667,0.0,0.0,461.71439387761416,461.71439387761416,0.0,1.0
5669,2019-08-25 05:00:00,8,2019-08-25 06:00:00,0.10547,0.10547,0.10547,0.0,0.7345698694397439,349.84441324661606,-173.10660688712352,0.0,0.0,522.9510201337396,522.9510201337396,0.0,1.0
5670,2019-08-25 06:00:00,8,2019-08-25 07:00:00,0.10547,0.10547,0.10547,0.0,1.0,356.88637492977773,-0.0,0.0,0.0,356.88637492977773,356.88637492977773,0.0,1.0
5671,2019-08-25 07:00:00,8,2019-08-25 08:00:00,0.10547,0.10547,0.10547,0.0,1.0,497.44372611877435,-0.0,0.0,0.0,497.44372611877435,497.44372611877435,0.0,0.0
5672,2019-08-25 08:00:00,8,2019-08-25 09:00:00,0.10547,0.10547,0.10547,0.0,1.0,563.9682198616857,-0.0,41.01719972794615,0.0,522.9510201337396,522.9510201337396,0.0,0.0
5673,2019-08-25 09:00:00,8,2019-08-25 10:00:00,0.10547,0.10547,0.10547,0.0,0.9256934787537209,556.7120812417696,-0.0,33.76106110803005,0.0,522.9510201337396,522.9510201337396,0.0,0.0
5674,2019-08-25 10:00:00,8,2019-08-25 11:00:00,0.10547,0.10547,0.10547,0.0,0.8645321361667099,608.6056502174977,-0.0,85.6546300837581,0.0,522.9510201337396,522.9510201337396,0.0,0.0
5675,2019-08-25 11:00:00,8,2019-08-25 12:00:00,0.10547,0.10547,0.10547,0.0,0.7093607048555539,583.4789301403746,-0.0,60.52791000663501,0.0,522.9510201337396,522.9510201337396,0.0,0.0
5676,2019-08-25 12:00:00,8,2019-08-25 13:00:00,0.10547,0.10547,0.10547,0.0,0.5997086939739689,581.6703390884145,-0.0,58.71931895467492,0.0,522.9510201337396,522.9510201337396,0.0,0.0
5677,2019-08-25 13:00:00,8,2019-08-25 14:00:00,0.10547,0.10547,0.10547,0.0,0.4933331161575288,567.8730251437511,-0.0,44.9220050100115,0.0,522.9510201337396,522.9510201337396,0.0,0.0
5678,2019-08-25 14:00:00,8,2019-08-25 15:00:00,0.12561,0.12561,0.12561,0.0,0.4119526722988123,556.0028365119434,-0.0,33.05181637820385,0.0,522.9510201337396,522.9510201337396,0.0,0.0
5679,2019-08-25 15:00:00,8,2019-08-25 16:00:00,0.12561,0.12561,0.12561,0.0,0.35207619335279083,551.7945361017496,-0.0,28.843515968010024,0.0,522.9510201337396,522.9510201337396,0.0,0.0
5680,2019-08-25 16:00:00,8,2019-08-25 17:00:00,0.15111,0.15111,0.15111,0.0,0.2998234470339321,544.9661545155461,-0.0,129.21927508265938,0.0,415.7468794328868,415.7468794328868,0.0,0.0
5681,2019-08-25 17:00:00,8,2019-08-25 18:00:00,0.15111,0.15111,0.15111,0.0,0.06573055739143321,531.6342878138107,-0.0,8.68326768007114,0.0,522.9510201337396,522.9510201337396,0.0,0.0
5682,2019-08-25 18:00:00,8,2019-08-25 19:00:00,0.15111,0.15111,0.15111,0.0,0.05,501.72853328902517,-0.0,0.0,0.0,501.72853328902517,501.72853328902517,0.0,0.0
5683,2019-08-25 19:00:00,8,2019-08-25 20:00:00,0.15111,0.15111,0.15111,0.0,0.05,459.2019642843434,-0.0,0.0,0.0,459.2019642843434,459.2019642843434,0.0,1.0
5684,2019-08-25 20:00:00,8,2019-08-25 21:00:00,0.15111,0.15111,0.15111,0.0,0.05,329.9783741795991,-0.0,0.0,0.0,329.9783741795991,329.9783741795991,0.0,1.0
5685,2019-08-25 21:00:00,8,2019-08-25 22:00:00,0.12561,0.12561,0.12561,0.0,0.05,235.51886511859598,-0.0,0.0,0.0,235.51886511859598,235.51886511859598,0.0,0.0
5686,2019-08-25 22:00:00,8,2019-08-25 23:00:00,0.12561,0.12561,0.12561,0.0,0.05,300.21362508608854,-0.0,0.0,0.0,300.21362508608854,300.21362508608854,0.0,0.0
5687,2019-08-25 23:00:00,8,2019-08-26 00:00:00,0.10547,0.10547,0.10547,0.0,0.05,244.51268398199937,-0.0,0.0,0.0,244.51268398199937,244.51268398199937,0.0,0.0
5688,2019-08-26 00:00:00,8,2019-08-26 01:00:00,0.10547,0.10547,0.10547,0.0,0.05,219.62613510997642,-0.0,0.0,0.0,219.62613510997642,219.62613510997642,0.0,0.0
5689,2019-08-26 01:00:00,8,2019-08-26 02:00:00,0.10547,0.10547,0.10547,0.0,0.05,215.93318300452566,-0.0,0.0,0.0,215.93318300452566,215.93318300452566,0.0,0.0
5690,2019-08-26 02:00:00,8,2019-08-26 03:00:00,0.10547,0.10547,0.10547,0.0,0.05,213.18855879761995,-0.0,0.0,0.0,213.18855879761995,213.18855879761995,0.0,0.0
5691,2019-08-26 03:00:00,8,2019-08-26 04:00:00,0.10547,0.10547,0.10547,0.0,0.05,225.2759392596273,-297.67508087411227,0.0,0.0,522.9510201337396,522.9510201337396,0.0,1.0
5692,2019-08-26 04:00:00,8,2019-08-26 05:00:00,0.10547,0.10547,0.10547,0.0,0.5064351240069721,222.28111572929544,-300.0,0.0,0.0,522.2811157292954,522.2811157292954,0.0,1.0
5693,2019-08-26 05:00:00,8,2019-08-26 06:00:00,0.10547,0.10547,0.10547,0.0,0.9664351240069721,275.17083531139707,-0.0,0.0,0.0,275.17083531139707,275.17083531139707,0.0,1.0
5694,2019-08-26 06:00:00,8,2019-08-26 07:00:00,0.10547,0.10547,0.10547,0.0,0.9664351240069721,294.45680025262004,-21.890136517192143,0.0,0.0,316.3469367698122,316.3469367698122,0.0,1.0
5695,2019-08-26 07:00:00,8,2019-08-26 08:00:00,0.10547,0.10547,0.10547,0.0,1.0,432.70287203800245,-0.0,0.0,0.0,432.70287203800245,432.70287203800245,0.0,1.0
5696,2019-08-26 08:00:00,8,2019-08-26 09:00:00,0.10547,0.10547,0.10547,0.0,1.0,494.6491031063515,-0.0,0.0,0.0,494.6491031063515,494.6491031063515,0.0,1.0
5697,2019-08-26 09:00:00,8,2019-08-26 10:00:00,0.10547,0.10547,0.10547,0.0,1.0,556.6577406973909,-0.0,33.70672056365129,0.0,522.9510201337396,522.9510201337396,0.0,0.0
5698,2019-08-26 10:00:00,8,2019-08-26 11:00:00,0.10547,0.10547,0.10547,0.0,0.9389371004281679,617.6731061069645,-0.0,94.72208597322492,0.0,522.9510201337396,522.9510201337396,0.0,0.0
5699,2019-08-26 11:00:00,8,2019-08-26 12:00:00,0.10547,0.10547,0.10547,0.0,0.7673391185926155,594.4229076649351,-0.0,71.47188753119553,0.0,522.9510201337396,522.9510201337396,0.0,0.0
5700,2019-08-26 12:00:00,8,2019-08-26 13:00:00,0.10547,0.10547,0.10547,0.0,0.6378610614708845,594.4080517895679,-0.0,71.45703165582836,0.0,522.9510201337396,522.9510201337396,0.0,0.0
5701,2019-08-26 13:00:00,8,2019-08-26 14:00:00,0.10547,0.10547,0.10547,0.0,0.5084099171668476,581.2497831125854,-0.0,58.29876297884584,0.0,522.9510201337396,522.9510201337396,0.0,0.0
5702,2019-08-26 14:00:00,8,2019-08-26 15:00:00,0.12561,0.12561,0.12561,0.0,0.4027962161182138,568.714951554945,-0.0,45.76393142120537,0.0,522.9510201337396,522.9510201337396,0.0,0.0
5703,2019-08-26 15:00:00,8,2019-08-26 16:00:00,0.12561,0.12561,0.12561,0.0,0.31989054325371136,565.4724111120512,-0.0,42.521390978311615,0.0,522.9510201337396,522.9510201337396,0.0,0.0
5704,2019-08-26 16:00:00,8,2019-08-26 17:00:00,0.15111,0.15111,0.15111,0.0,0.2428590378582193,556.9182392192206,-0.0,106.45818889773706,0.0,450.46005032148355,450.46005032148355,0.0,0.0
5705,2019-08-26 17:00:00,8,2019-08-26 18:00:00,0.15111,0.15111,0.15111,0.0,0.05,507.73665144380294,-0.0,0.0,0.0,507.73665144380294,507.73665144380294,0.0,1.0
5706,2019-08-26 18:00:00,8,2019-08-26 19:00:00,0.15111,0.15111,0.15111,0.0,0.05,428.9753176960686,-0.0,0.0,0.0,428.9753176960686,428.9753176960686,0.0,1.0
5707,2019-08-26 19:00:00,8,2019-08-26 20:00:00,0.15111,0.15111,0.15111,0.0,0.05,409.5114936937626,-0.0,0.0,0.0,409.5114936937626,409.5114936937626,0.0,1.0
5708,2019-08-26 20:00:00,8,2019-08-26 21:00:00,0.15111,0.15111,0.15111,0.0,0.05,308.29929272152424,-0.0,0.0,0.0,308.29929272152424,308.29929272152424,0.0,0.0
5709,2019-08-26 21:00:00,8,2019-08-26 22:00:00,0.12561,0.12561,0.12561,0.0,0.05,228.09456708133206,-0.0,0.0,0.0,228.09456708133206,228.09456708133206,0.0,0.0
5710,2019-08-26 22:00:00,8,2019-08-26 23:00:00,0.12561,0.12561,0.12561,0.0,0.05,293.9965159568416,-0.0,0.0,0.0,293.9965159568416,293.9965159568416,0.0,1.0
5711,2019-08-26 23:00:00,8,2019-08-27 00:00:00,0.10547,0.10547,0.10547,0.0,0.05,238.90961598897832,-0.0,0.0,0.0,238.90961598897832,238.90961598897832,0.0,0.0
5712,2019-08-27 00:00:00,8,2019-08-27 01:00:00,0.10547,0.10547,0.10547,0.0,0.05,219.23286233109656,-0.0,0.0,0.0,219.23286233109656,219.23286233109656,0.0,0.0
5713,2019-08-27 01:00:00,8,2019-08-27 02:00:00,0.10547,0.10547,0.10547,0.0,0.05,216.48182674926025,-0.0,0.0,0.0,216.48182674926025,216.48182674926025,0.0,0.0
5714,2019-08-27 02:00:00,8,2019-08-27 03:00:00,0.10547,0.10547,0.10547,0.0,0.05,214.5020265335322,-0.0,0.0,0.0,214.5020265335322,214.5020265335322,0.0,0.0
5715,2019-08-27 03:00:00,8,2019-08-27 04:00:00,0.10547,0.10547,0.10547,0.0,0.05,227.74607678356898,-0.0,0.0,0.0,227.74607678356898,227.74607678356898,0.0,0.0
5716,2019-08-27 04:00:00,8,2019-08-27 05:00:00,0.10547,0.10547,0.10547,0.0,0.05,225.67422909296135,-286.77702826113455,0.0,0.0,512.4512573540959,512.4512573540959,0.0,1.0
5717,2019-08-27 05:00:00,8,2019-08-27 06:00:00,0.10547,0.10547,0.10547,0.0,0.489724776667073,281.56229234753636,-124.81852140662292,0.0,0.0,406.38081375415925,406.38081375415925,0.0,1.0
5718,2019-08-27 06:00:00,8,2019-08-27 07:00:00,0.10547,0.10547,0.10547,0.0,0.6811131761572281,304.481589630549,-207.96966772354688,0.0,0.0,512.4512573540959,512.4512573540959,0.0,1.0
5719,2019-08-27 07:00:00,8,2019-08-27 08:00:00,0.10547,0.10547,0.10547,0.0,1.0,382.05048218695936,-0.0,0.0,0.0,382.05048218695936,382.05048218695936,0.0,1.0
5720,2019-08-27 08:00:00,8,2019-08-27 09:00:00,0.10547,0.10547,0.10547,0.0,1.0,345.9939172640134,-0.0,0.0,0.0,345.9939172640134,345.9939172640134,0.0,1.0
5721,2019-08-27 09:00:00,8,2019-08-27 10:00:00,0.10547,0.10547,0.10547,0.0,1.0,423.27200666093364,-0.0,0.0,0.0,423.27200666093364,423.27200666093364,0.0,0.0
5722,2019-08-27 10:00:00,8,2019-08-27 11:00:00,0.10547,0.10547,0.10547,0.0,1.0,480.7139007005545,-0.0,0.0,0.0,480.7139007005545,480.7139007005545,0.0,0.0
5723,2019-08-27 11:00:00,8,2019-08-27 12:00:00,0.10547,0.10547,0.10547,0.0,1.0,512.4512573540959,-0.0,0.0,0.0,512.4512573540959,512.4512573540959,0.0,1.0
5724,2019-08-27 12:00:00,8,2019-08-27 13:00:00,0.10547,0.10547,0.10547,0.0,1.0,509.8843803023694,-0.0,0.0,0.0,509.8843803023694,509.8843803023694,0.0,0.0
5725,2019-08-27 13:00:00,8,2019-08-27 14:00:00,0.10547,0.10547,0.10547,0.0,1.0,496.05996496163334,-0.0,0.0,0.0,496.05996496163334,496.05996496163334,0.0,1.0
5726,2019-08-27 14:00:00,8,2019-08-27 15:00:00,0.12561,0.12561,0.12561,0.0,1.0,485.81439490661376,-0.0,0.0,0.0,485.81439490661376,485.81439490661376,0.0,1.0
5727,2019-08-27 15:00:00,8,2019-08-27 16:00:00,0.12561,0.12561,0.12561,0.0,1.0,484.84042888232915,-0.0,0.0,0.0,484.84042888232915,484.84042888232915,0.0,1.0
5728,2019-08-27 16:00:00,8,2019-08-27 17:00:00,0.15111,0.15111,0.15111,0.0,1.0,418.71338746069137,-0.0,0.0,0.0,418.71338746069137,418.71338746069137,0.0,0.0
5729,2019-08-27 17:00:00,8,2019-08-27 18:00:00,0.15111,0.15111,0.15111,0.0,1.0,420.0585297562042,-0.0,300.0,0.0,120.05852975620422,120.05852975620422,0.0,0.0
5730,2019-08-27 18:00:00,8,2019-08-27 19:00:00,0.15111,0.15111,0.15111,0.0,0.4565217391304348,395.69963821727896,-0.0,0.0,0.0,395.69963821727896,395.69963821727896,0.0,0.0
5731,2019-08-27 19:00:00,8,2019-08-27 20:00:00,0.15111,0.15111,0.15111,0.0,0.4565217391304348,380.20129442365675,-0.0,224.4,0.0,155.80129442365674,155.80129442365674,0.0,0.0
5732,2019-08-27 20:00:00,8,2019-08-27 21:00:00,0.15111,0.15111,0.15111,0.0,0.05,338.3956017054523,-0.0,0.0,0.0,338.3956017054523,338.3956017054523,0.0,1.0
5733,2019-08-27 21:00:00,8,2019-08-27 22:00:00,0.12561,0.12561,0.12561,0.0,0.05,228.28252829137605,-0.0,0.0,0.0,228.28252829137605,228.28252829137605,0.0,0.0
5734,2019-08-27 22:00:00,8,2019-08-27 23:00:00,0.12561,0.12561,0.12561,0.0,0.05,293.9873354456623,-0.0,0.0,0.0,293.9873354456623,293.9873354456623,0.0,1.0
5735,2019-08-27 23:00:00,8,2019-08-28 00:00:00,0.10547,0.10547,0.10547,0.0,0.05,238.3732569737667,-0.0,0.0,0.0,238.3732569737667,238.3732569737667,0.0,0.0
5736,2019-08-28 00:00:00,8,2019-08-28 01:00:00,0.10547,0.10547,0.10547,0.0,0.05,223.46562513841215,-0.0,0.0,0.0,223.46562513841215,223.46562513841215,0.0,0.0
5737,2019-08-28 01:00:00,8,2019-08-28 02:00:00,0.10547,0.10547,0.10547,0.0,0.05,220.5492232585772,-0.0,0.0,0.0,220.5492232585772,220.5492232585772,0.0,0.0
5738,2019-08-28 02:00:00,8,2019-08-28 03:00:00,0.10547,0.10547,0.10547,0.0,0.05,218.32034326244468,-0.0,0.0,0.0,218.32034326244468,218.32034326244468,0.0,0.0
5739,2019-08-28 03:00:00,8,2019-08-28 04:00:00,0.10547,0.10547,0.10547,0.0,0.05,231.36273156254217,-190.72071171664243,0.0,0.0,422.0834432791846,422.0834432791846,0.0,1.0
5740,2019-08-28 04:00:00,8,2019-08-28 05:00:00,0.10547,0.10547,0.10547,0.0,0.3424384246321851,229.07304447309016,-0.0,0.0,0.0,229.07304447309016,229.07304447309016,0.0,0.0
5741,2019-08-28 05:00:00,8,2019-08-28 06:00:00,0.10547,0.10547,0.10547,0.0,0.3424384246321851,308.4678951033769,-225.19518975283418,0.0,0.0,533.6630848562111,533.6630848562111,0.0,1.0
5742,2019-08-28 06:00:00,8,2019-08-28 07:00:00,0.10547,0.10547,0.10547,0.0,0.6877377155865309,330.0137689343834,-203.64931592182768,0.0,0.0,533.6630848562111,533.6630848562111,0.0,1.0
5743,2019-08-28 07:00:00,8,2019-08-28 08:00:00,0.10547,0.10547,0.10547,0.0,1.0,495.7811702357941,-0.0,0.0,0.0,495.7811702357941,495.7811702357941,0.0,1.0
5744,2019-08-28 08:00:00,8,2019-08-28 09:00:00,0.10547,0.10547,0.10547,0.0,1.0,570.4870104536743,-0.0,36.823925597463244,0.0,533.6630848562111,533.6630848562111,0.0,0.0
5745,2019-08-28 09:00:00,8,2019-08-28 10:00:00,0.10547,0.10547,0.10547,0.0,0.9332899898596682,573.2486019752296,-0.0,39.585517119018505,0.0,533.6630848562111,533.6630848562111,0.0,0.0
5746,2019-08-28 10:00:00,8,2019-08-28 11:00:00,0.10547,0.10547,0.10547,0.0,0.8615770965281129,626.0165556909782,-0.0,92.35347083476708,0.0,533.6630848562111,533.6630848562111,0.0,0.0
5747,2019-08-28 11:00:00,8,2019-08-28 12:00:00,0.10547,0.10547,0.10547,0.0,0.6942700841462882,602.8389740335765,-0.0,69.1758891773654,0.0,533.6630848562111,533.6630848562111,0.0,0.0
5748,2019-08-28 12:00:00,8,2019-08-28 13:00:00,0.10547,0.10547,0.10547,0.0,0.5689514443322207,599.8518587104423,-0.0,66.1887738542311,0.0,533.6630848562113,533.6630848562113,0.0,0.0
5749,2019-08-28 13:00:00,8,2019-08-28 14:00:00,0.10547,0.10547,0.10547,0.0,0.4490442453209324,587.6954830158708,-0.0,54.03239815965952,0.0,533.6630848562113,533.6630848562113,0.0,0.0
5750,2019-08-28 14:00:00,8,2019-08-28 15:00:00,0.12561,0.12561,0.12561,0.0,0.35115946604618686,579.975170874608,-0.0,46.31208601839677,0.0,533.6630848562113,533.6630848562113,0.0,0.0
5751,2019-08-28 15:00:00,8,2019-08-28 16:00:00,0.12561,0.12561,0.12561,0.0,0.26726075949112005,579.4500421986725,-0.0,45.78695734246122,0.0,533.6630848562113,533.6630848562113,0.0,0.0
5752,2019-08-28 16:00:00,8,2019-08-28 17:00:00,0.15111,0.15111,0.15111,0.0,0.18431337300115408,574.6926165558906,-0.0,41.02953169967935,0.0,533.6630848562113,533.6630848562113,0.0,0.0
5753,2019-08-28 17:00:00,8,2019-08-28 18:00:00,0.15111,0.15111,0.15111,0.0,0.10998451122637258,556.9749452542512,-0.0,23.311860398039983,0.0,533.6630848562113,533.6630848562113,0.0,0.0
5754,2019-08-28 18:00:00,8,2019-08-28 19:00:00,0.15111,0.15111,0.15111,0.0,0.06775288007050305,543.4626746551289,-0.0,9.79958979891768,0.0,533.6630848562113,533.6630848562113,0.0,0.0
5755,2019-08-28 19:00:00,8,2019-08-28 20:00:00,0.15111,0.15111,0.15111,0.0,0.05,503.02501298212553,-0.0,0.0,0.0,503.02501298212553,503.02501298212553,0.0,1.0
5756,2019-08-28 20:00:00,8,2019-08-28 21:00:00,0.15111,0.15111,0.15111,0.0,0.05,360.1918323910104,-0.0,0.0,0.0,360.1918323910104,360.1918323910104,0.0,1.0
5757,2019-08-28 21:00:00,8,2019-08-28 22:00:00,0.12561,0.12561,0.12561,0.0,0.05,252.4236559742774,-0.0,0.0,0.0,252.4236559742774,252.4236559742774,0.0,0.0
5758,2019-08-28 22:00:00,8,2019-08-28 23:00:00,0.12561,0.12561,0.12561,0.0,0.05,314.76278986566456,-0.0,0.0,0.0,314.76278986566456,314.76278986566456,0.0,0.0
5759,2019-08-28 23:00:00,8,2019-08-29 00:00:00,0.10547,0.10547,0.10547,0.0,0.05,262.8528181606585,-0.0,0.0,0.0,262.8528181606585,262.8528181606585,0.0,1.0
5760,2019-08-29 00:00:00,8,2019-08-29 01:00:00,0.10547,0.10547,0.10547,0.0,0.05,241.6338494192799,-0.0,0.0,0.0,241.6338494192799,241.6338494192799,0.0,0.0
5761,2019-08-29 01:00:00,8,2019-08-29 02:00:00,0.10547,0.10547,0.10547,0.0,0.05,238.23985843947204,-0.0,0.0,0.0,238.23985843947204,238.23985843947204,0.0,0.0
5762,2019-08-29 02:00:00,8,2019-08-29 03:00:00,0.10547,0.10547,0.10547,0.0,0.05,235.32294446663843,-0.0,0.0,0.0,235.32294446663843,235.32294446663843,0.0,0.0
5763,2019-08-29 03:00:00,8,2019-08-29 04:00:00,0.10547,0.10547,0.10547,0.0,0.05,282.2655176659778,-251.39756719023347,0.0,0.0,533.6630848562113,533.6630848562113,0.0,1.0
5764,2019-08-29 04:00:00,8,2019-08-29 05:00:00,0.10547,0.10547,0.10547,0.0,0.4354762696916913,279.0881248982769,-254.57495995793442,0.0,0.0,533.6630848562113,533.6630848562113,0.0,1.0
5765,2019-08-29 05:00:00,8,2019-08-29 06:00:00,0.10547,0.10547,0.10547,0.0,0.8258245416271909,357.38503793006043,-0.0,0.0,0.0,357.38503793006043,357.38503793006043,0.0,1.0
5766,2019-08-29 06:00:00,8,2019-08-29 07:00:00,0.10547,0.10547,0.10547,0.0,0.8258245416271909,361.5385564951905,-113.5926902431364,0.0,0.0,475.1312467383269,475.1312467383269,0.0,1.0
5767,2019-08-29 07:00:00,8,2019-08-29 08:00:00,0.10547,0.10547,0.10547,0.0,1.0,499.64031872746864,-0.0,0.0,0.0,499.64031872746864,499.64031872746864,0.0,0.0
5768,2019-08-29 08:00:00,8,2019-08-29 09:00:00,0.10547,0.10547,0.10547,0.0,1.0,564.7636825734963,-0.0,31.10059771728504,0.0,533.6630848562113,533.6630848562113,0.0,0.0
5769,2019-08-29 09:00:00,8,2019-08-29 10:00:00,0.10547,0.10547,0.10547,0.0,0.9436583374686867,558.1034016495751,-0.0,24.440316793363763,0.0,533.6630848562113,533.6630848562113,0.0,0.0
5770,2019-08-29 10:00:00,8,2019-08-29 11:00:00,0.10547,0.10547,0.10547,0.0,0.8993824012488247,610.7393505428922,-0.0,77.07626568668093,0.0,533.6630848562113,533.6630848562113,0.0,0.0
5771,2019-08-29 11:00:00,8,2019-08-29 12:00:00,0.10547,0.10547,0.10547,0.0,0.7597514851497651,589.908966870868,-0.0,56.24588201465667,0.0,533.6630848562113,533.6630848562113,0.0,0.0
5772,2019-08-29 12:00:00,8,2019-08-29 13:00:00,0.10547,0.10547,0.10547,0.0,0.6578567713550972,592.3339996394792,-0.0,58.670914783267904,0.0,533.6630848562113,533.6630848562113,0.0,0.0
5773,2019-08-29 13:00:00,8,2019-08-29 14:00:00,0.10547,0.10547,0.10547,0.0,0.5515688822549741,578.5829595837229,-0.0,44.91987472751157,0.0,533.6630848562113,533.6630848562113,0.0,0.0
5774,2019-08-29 14:00:00,8,2019-08-29 15:00:00,0.12561,0.12561,0.12561,0.0,0.4701922976036851,567.4205045781464,-0.0,33.75741972193509,0.0,533.6630848562113,533.6630848562113,0.0,0.0
5775,2019-08-29 15:00:00,8,2019-08-29 16:00:00,0.12561,0.12561,0.12561,0.0,0.4090375517306143,564.7635031987639,-0.0,31.100418342552643,0.0,533.6630848562113,533.6630848562113,0.0,0.0
5776,2019-08-29 16:00:00,8,2019-08-29 17:00:00,0.15111,0.15111,0.15111,0.0,0.35269621415352614,558.1017989403398,-0.0,158.51127636794453,0.0,399.59052257239523,399.59052257239523,0.0,0.0
5777,2019-08-29 17:00:00,8,2019-08-29 18:00:00,0.15111,0.15111,0.15111,0.0,0.06553810479130781,542.2401187010132,-0.0,8.577033844801917,0.0,533.6630848562113,533.6630848562113,0.0,0.0
5778,2019-08-29 18:00:00,8,2019-08-29 19:00:00,0.15111,0.15111,0.15111,0.0,0.05,511.98540375693074,-0.0,0.0,0.0,511.98540375693074,511.98540375693074,0.0,1.0
5779,2019-08-29 19:00:00,8,2019-08-29 20:00:00,0.15111,0.15111,0.15111,0.0,0.05,470.11880884595257,-0.0,0.0,0.0,470.11880884595257,470.11880884595257,0.0,1.0
5780,2019-08-29 20:00:00,8,2019-08-29 21:00:00,0.15111,0.15111,0.15111,0.0,0.05,338.14736446595697,-0.0,0.0,0.0,338.14736446595697,338.14736446595697,0.0,1.0
5781,2019-08-29 21:00:00,8,2019-08-29 22:00:00,0.12561,0.12561,0.12561,0.0,0.05,242.94425140826775,-0.0,0.0,0.0,242.94425140826775,242.94425140826775,0.0,0.0
5782,2019-08-29 22:00:00,8,2019-08-29 23:00:00,0.12561,0.12561,0.12561,0.0,0.05,306.7954192586675,-0.0,0.0,0.0,306.7954192586675,306.7954192586675,0.0,0.0
5783,2019-08-29 23:00:00,8,2019-08-30 00:00:00,0.10547,0.10547,0.10547,0.0,0.05,253.8241053833946,-0.0,0.0,0.0,253.8241053833946,253.8241053833946,0.0,0.0
5784,2019-08-30 00:00:00,8,2019-08-30 01:00:00,0.10547,0.10547,0.10547,0.0,0.05,233.2905981704821,-0.0,0.0,0.0,233.2905981704821,233.2905981704821,0.0,0.0
5785,2019-08-30 01:00:00,8,2019-08-30 02:00:00,0.10547,0.10547,0.10547,0.0,0.05,230.04403114860477,-0.0,0.0,0.0,230.04403114860477,230.04403114860477,0.0,0.0
5786,2019-08-30 02:00:00,8,2019-08-30 03:00:00,0.10547,0.10547,0.10547,0.0,0.05,227.52422385042073,-0.0,0.0,0.0,227.52422385042073,227.52422385042073,0.0,0.0
5787,2019-08-30 03:00:00,8,2019-08-30 04:00:00,0.10547,0.10547,0.10547,0.0,0.05,240.32673283259058,-176.8826951452749,0.0,0.0,417.2094279778655,417.2094279778655,0.0,1.0
5788,2019-08-30 04:00:00,8,2019-08-30 05:00:00,0.10547,0.10547,0.10547,0.0,0.3212201325560882,237.8147592156369,-0.0,0.0,0.0,237.8147592156369,237.8147592156369,0.0,0.0
5789,2019-08-30 05:00:00,8,2019-08-30 06:00:00,0.10547,0.10547,0.10547,0.0,0.3212201325560882,316.8426897878177,-216.82039506839362,0.0,0.0,533.6630848562113,533.6630848562113,0.0,1.0
5790,2019-08-30 06:00:00,8,2019-08-30 07:00:00,0.10547,0.10547,0.10547,0.0,0.6536780716609585,339.1992148183322,-194.46387003787908,0.0,0.0,533.6630848562113,533.6630848562113,0.0,1.0
5791,2019-08-30 07:00:00,8,2019-08-30 08:00:00,0.10547,0.10547,0.10547,0.0,0.9518560057190397,502.2648277164546,-31.39825713975671,0.0,0.0,533.6630848562113,533.6630848562113,0.0,1.0
5792,2019-08-30 08:00:00,8,2019-08-30 09:00:00,0.10547,0.10547,0.10547,0.0,1.0,571.9236081098511,-0.0,38.2605232536398,0.0,533.6630848562113,533.6630848562113,0.0,0.0
5793,2019-08-30 09:00:00,8,2019-08-30 10:00:00,0.10547,0.10547,0.10547,0.0,0.930687457873841,569.3931145144693,-0.0,35.73002965825799,0.0,533.6630848562113,533.6630848562113,0.0,0.0
5794,2019-08-30 10:00:00,8,2019-08-30 11:00:00,0.10547,0.10547,0.10547,0.0,0.8659591432755476,620.240264930005,-0.0,86.57718007379367,0.0,533.6630848562113,533.6630848562113,0.0,0.0
5795,2019-08-30 11:00:00,8,2019-08-30 12:00:00,0.10547,0.10547,0.10547,0.0,0.7091164257505591,596.8061394676965,-0.0,63.14305461148524,0.0,533.6630848562113,533.6630848562113,0.0,0.0
5796,2019-08-30 12:00:00,8,2019-08-30 13:00:00,0.10547,0.10547,0.10547,0.0,0.5947268340630858,595.5860061931058,-0.0,61.92292133689455,0.0,533.6630848562113,533.6630848562113,0.0,0.0
5797,2019-08-30 13:00:00,8,2019-08-30 14:00:00,0.10547,0.10547,0.10547,0.0,0.4825476287426247,579.5412203785863,-0.0,45.87813552237503,0.0,533.6630848562113,533.6630848562113,0.0,0.0
5798,2019-08-30 14:00:00,8,2019-08-30 15:00:00,0.12561,0.12561,0.12561,0.0,0.399435064390496,565.9428263693308,-0.0,32.27974151311946,0.0,533.6630848562113,533.6630848562113,0.0,0.0
5799,2019-08-30 15:00:00,8,2019-08-30 16:00:00,0.12561,0.12561,0.12561,0.0,0.3409572717942651,560.2633060175523,-0.0,26.600221161340983,0.0,533.6630848562113,533.6630848562113,0.0,0.0
5800,2019-08-30 16:00:00,8,2019-08-30 17:00:00,0.15111,0.15111,0.15111,0.0,0.2927684653425604,553.9677025282589,-0.0,20.304617672047584,0.0,533.6630848562113,533.6630848562113,0.0,0.0
5801,2019-08-30 17:00:00,8,2019-08-30 18:00:00,0.15111,0.15111,0.15111,0.0,0.25598473767580754,540.2975601756211,-0.0,113.70357519704578,0.0,426.59398497857535,426.59398497857535,0.0,0.0
5802,2019-08-30 18:00:00,8,2019-08-30 19:00:00,0.15111,0.15111,0.15111,0.0,0.05,533.0340865385156,-0.0,0.0,0.0,533.0340865385156,533.0340865385156,0.0,0.0
5803,2019-08-30 19:00:00,8,2019-08-30 20:00:00,0.15111,0.15111,0.15111,0.0,0.05,483.4877666862177,-0.0,0.0,0.0,483.4877666862177,483.4877666862177,0.0,1.0
5804,2019-08-30 20:00:00,8,2019-08-30 21:00:00,0.15111,0.15111,0.15111,0.0,0.05,348.16890610083004,-0.0,0.0,0.0,348.16890610083004,348.16890610083004,0.0,1.0
5805,2019-08-30 21:00:00,8,2019-08-30 22:00:00,0.12561,0.12561,0.12561,0.0,0.05,242.1463538675163,-0.0,0.0,0.0,242.1463538675163,242.1463538675163,0.0,0.0
5806,2019-08-30 22:00:00,8,2019-08-30 23:00:00,0.12561,0.12561,0.12561,0.0,0.05,306.016341732287,-0.0,0.0,0.0,306.016341732287,306.016341732287,0.0,0.0
5807,2019-08-30 23:00:00,8,2019-08-31 00:00:00,0.10547,0.10547,0.10547,0.0,0.05,252.6468663662959,-0.0,0.0,0.0,252.6468663662959,252.6468663662959,0.0,0.0
5808,2019-08-31 00:00:00,8,2019-08-31 01:00:00,0.10547,0.10547,0.10547,0.0,0.05,232.1323638413686,-0.0,0.0,0.0,232.1323638413686,232.1323638413686,0.0,0.0
5809,2019-08-31 01:00:00,8,2019-08-31 02:00:00,0.10547,0.10547,0.10547,0.0,0.05,228.76682466240612,-0.0,0.0,0.0,228.76682466240612,228.76682466240612,0.0,0.0
5810,2019-08-31 02:00:00,8,2019-08-31 03:00:00,0.10547,0.10547,0.10547,0.0,0.05,226.32769547843625,-0.0,0.0,0.0,226.32769547843625,226.32769547843625,0.0,0.0
5811,2019-08-31 03:00:00,8,2019-08-31 04:00:00,0.10547,0.10547,0.10547,0.0,0.05,239.0803372962639,-294.5827475599474,0.0,0.0,533.6630848562113,533.6630848562113,0.0,1.0
5812,2019-08-31 04:00:00,8,2019-08-31 05:00:00,0.10547,0.10547,0.10547,0.0,0.501693546258586,236.38280596189526,-297.28027889431604,0.0,0.0,533.6630848562113,533.6630848562113,0.0,1.0
5813,2019-08-31 05:00:00,8,2019-08-31 06:00:00,0.10547,0.10547,0.10547,0.0,0.9575233072298708,315.6153607334536,-0.0,0.0,0.0,315.6153607334536,315.6153607334536,0.0,1.0
5814,2019-08-31 06:00:00,8,2019-08-31 07:00:00,0.10547,0.10547,0.10547,0.0,0.9575233072298708,336.839438720691,-27.702190937040797,0.0,0.0,364.5416296577318,364.5416296577318,0.0,1.0
5815,2019-08-31 07:00:00,8,2019-08-31 08:00:00,0.10547,0.10547,0.10547,0.0,1.0,498.5801913243085,-0.0,0.0,0.0,498.5801913243085,498.5801913243085,0.0,1.0
5816,2019-08-31 08:00:00,8,2019-08-31 09:00:00,0.10547,0.10547,0.10547,0.0,1.0,568.3309298905349,-0.0,34.66784503432359,0.0,533.6630848562113,533.6630848562113,0.0,0.0
5817,2019-08-31 09:00:00,8,2019-08-31 10:00:00,0.10547,0.10547,0.10547,0.0,0.937195932908834,566.9576274673997,-0.0,33.294542611188376,0.0,533.6630848562113,533.6630848562113,0.0,0.0
5818,2019-08-31 10:00:00,8,2019-08-31 11:00:00,0.10547,0.10547,0.10547,0.0,0.8768797325262464,620.2021385798155,-0.0,86.53905372360418,0.0,533.6630848562113,533.6630848562113,0.0,0.0
5819,2019-08-31 11:00:00,8,2019-08-31 12:00:00,0.10547,0.10547,0.10547,0.0,0.7201060844762388,598.1588649990516,-0.0,64.49578014284032,0.0,533.6630848562113,533.6630848562113,0.0,0.0
5820,2019-08-31 12:00:00,8,2019-08-31 13:00:00,0.10547,0.10547,0.10547,0.0,0.6032659030580498,596.7983515674761,-0.0,63.13526671126476,0.0,533.6630848562113,533.6630848562113,0.0,0.0
5821,2019-08-31 13:00:00,8,2019-08-31 14:00:00,0.10547,0.10547,0.10547,0.0,0.4888904198854687,582.4642594641771,-0.0,48.80117460796578,0.0,533.6630848562113,533.6630848562113,0.0,0.0
5822,2019-08-31 14:00:00,8,2019-08-31 15:00:00,0.12561,0.12561,0.12561,0.0,0.400482494871038,572.6923759792352,-0.0,39.02929112302388,0.0,533.6630848562113,533.6630848562113,0.0,0.0
5823,2019-08-31 15:00:00,8,2019-08-31 16:00:00,0.12561,0.12561,0.12561,0.0,0.32977725732932806,571.6306159243144,-0.0,37.967531068103085,0.0,533.6630848562113,533.6630848562113,0.0,0.0
5824,2019-08-31 16:00:00,8,2019-08-31 17:00:00,0.15111,0.15111,0.15111,0.0,0.2609954981479819,563.078065493485,-0.0,29.414980637273743,0.0,533.6630848562113,533.6630848562113,0.0,0.0
5825,2019-08-31 17:00:00,8,2019-08-31 18:00:00,0.15111,0.15111,0.15111,0.0,0.20770748974712366,542.0300925190385,-0.0,87.05453434041226,0.0,454.9755581786262,454.9755581786262,0.0,0.0
5826,2019-08-31 18:00:00,8,2019-08-31 19:00:00,0.15111,0.15111,0.15111,0.0,0.05,528.9112518144857,-0.0,0.0,0.0,528.9112518144857,528.9112518144857,0.0,1.0
5827,2019-08-31 19:00:00,8,2019-08-31 20:00:00,0.15111,0.15111,0.15111,0.0,0.05,476.7946967030632,-0.0,0.0,0.0,476.7946967030632,476.7946967030632,0.0,1.0
5828,2019-08-31 20:00:00,8,2019-08-31 21:00:00,0.15111,0.15111,0.15111,0.0,0.05,343.08570299581993,-0.0,0.0,0.0,343.08570299581993,343.08570299581993,0.0,1.0
5829,2019-08-31 21:00:00,8,2019-08-31 22:00:00,0.12561,0.12561,0.12561,0.0,0.05,237.97718022228094,-0.0,0.0,0.0,237.97718022228094,237.97718022228094,0.0,0.0
5830,2019-08-31 22:00:00,8,2019-08-31 23:00:00,0.12561,0.12561,0.12561,0.0,0.05,302.8543871270384,-0.0,0.0,0.0,302.8543871270384,302.8543871270384,0.0,0.0
5831,2019-08-31 23:00:00,8,2019-09-01 00:00:00,0.10547,0.10547,0.10547,0.0,0.05,248.84603008569806,-0.0,0.0,0.0,248.84603008569806,248.84603008569806,0.0,0.0
5832,2019-09-01 00:00:00,9,2019-09-01 01:00:00,0.10547,0.10547,0.10547,0.0,0.05,228.93884140194066,-0.0,0.0,0.0,228.93884140194066,228.93884140194066,0.0,0.0
5833,2019-09-01 01:00:00,9,2019-09-01 02:00:00,0.10547,0.10547,0.10547,0.0,0.05,225.71173831970842,-0.0,0.0,0.0,225.71173831970842,225.71173831970842,0.0,0.0
5834,2019-09-01 02:00:00,9,2019-09-01 03:00:00,0.10547,0.10547,0.10547,0.0,0.05,222.64388304683925,-0.0,0.0,0.0,222.64388304683925,222.64388304683925,0.0,0.0
5835,2019-09-01 03:00:00,9,2019-09-01 04:00:00,0.10547,0.10547,0.10547,0.0,0.05,269.76817424549307,-241.345524114199,0.0,0.0,511.1136983596921,511.1136983596921,0.0,1.0
5836,2019-09-01 04:00:00,9,2019-09-01 05:00:00,0.10547,0.10547,0.10547,0.0,0.42006313697510517,267.46290075991345,-243.65079759977863,0.0,0.0,511.1136983596921,511.1136983596921,0.0,1.0
5837,2019-09-01 05:00:00,9,2019-09-01 06:00:00,0.10547,0.10547,0.10547,0.0,0.7936610266280991,347.5442311057726,-134.56889567732668,0.0,0.0,482.1131267830993,482.1131267830993,0.0,1.0
5838,2019-09-01 06:00:00,9,2019-09-01 07:00:00,0.10547,0.10547,0.10547,0.0,1.0,349.92200724126366,-0.0,0.0,0.0,349.92200724126366,349.92200724126366,0.0,0.0
5839,2019-09-01 07:00:00,9,2019-09-01 08:00:00,0.10547,0.10547,0.10547,0.0,1.0,483.5432433702728,-0.0,0.0,0.0,483.5432433702728,483.5432433702728,0.0,1.0
5840,2019-09-01 08:00:00,9,2019-09-01 09:00:00,0.10547,0.10547,0.10547,0.0,1.0,543.386958481597,-0.0,32.27326012190497,0.0,511.1136983596921,511.1136983596921,0.0,0.0
5841,2019-09-01 09:00:00,9,2019-09-01 10:00:00,0.10547,0.10547,0.10547,0.0,0.94153394905452,536.1794333346724,-0.0,25.065734974980273,0.0,511.1136983596921,511.1136983596921,0.0,0.0
5842,2019-09-01 10:00:00,9,2019-09-01 11:00:00,0.10547,0.10547,0.10547,0.0,0.8961250088824542,595.1334154500322,-0.0,84.01971709034012,0.0,511.1136983596921,511.1136983596921,0.0,0.0
5843,2019-09-01 11:00:00,9,2019-09-01 12:00:00,0.10547,0.10547,0.10547,0.0,0.7439153764724176,574.920167502779,-0.0,63.80646914308693,0.0,511.1136983596921,511.1136983596921,0.0,0.0
5844,2019-09-01 12:00:00,9,2019-09-01 13:00:00,0.10547,0.10547,0.10547,0.0,0.628323946865376,585.5046704050671,-0.0,74.39097204537507,0.0,511.1136983596921,511.1136983596921,0.0,0.0
5845,2019-09-01 13:00:00,9,2019-09-01 14:00:00,0.10547,0.10547,0.10547,0.0,0.4935576931599864,577.4897071045039,-0.0,66.37600874481174,0.0,511.1136983596921,511.1136983596921,0.0,0.0
5846,2019-09-01 14:00:00,9,2019-09-01 15:00:00,0.12561,0.12561,0.12561,0.0,0.3733113005063419,568.2597769142293,-0.0,57.14607855453718,0.0,511.1136983596921,511.1136983596921,0.0,0.0
5847,2019-09-01 15:00:00,9,2019-09-01 16:00:00,0.12561,0.12561,0.12561,0.0,0.26978579587855733,563.528771369654,-0.0,52.4150730099619,0.0,511.1136983596921,511.1136983596921,0.0,0.0
5848,2019-09-01 16:00:00,9,2019-09-01 17:00:00,0.15111,0.15111,0.15111,0.0,0.17483095346920596,555.0924324823238,-0.0,43.97873412263175,0.0,511.1136983596921,511.1136983596921,0.0,0.0
5849,2019-09-01 17:00:00,9,2019-09-01 18:00:00,0.15111,0.15111,0.15111,0.0,0.09515933368182963,536.041650552062,-0.0,24.927952192369958,0.0,511.1136983596921,511.1136983596921,0.0,0.0
5850,2019-09-01 18:00:00,9,2019-09-01 19:00:00,0.15111,0.15111,0.15111,0.0,0.05,509.4843486241656,-0.0,0.0,0.0,509.4843486241656,509.4843486241656,0.0,1.0
5851,2019-09-01 19:00:00,9,2019-09-01 20:00:00,0.15111,0.15111,0.15111,0.0,0.05,459.55231028127326,-0.0,0.0,0.0,459.55231028127326,459.55231028127326,0.0,0.0
5852,2019-09-01 20:00:00,9,2019-09-01 21:00:00,0.15111,0.15111,0.15111,0.0,0.05,329.1175756293219,-0.0,0.0,0.0,329.1175756293219,329.1175756293219,0.0,0.0
5853,2019-09-01 21:00:00,9,2019-09-01 22:00:00,0.12561,0.12561,0.12561,0.0,0.05,234.34688810304857,-0.0,0.0,0.0,234.34688810304857,234.34688810304857,0.0,0.0
5854,2019-09-01 22:00:00,9,2019-09-01 23:00:00,0.12561,0.12561,0.12561,0.0,0.05,299.28554950151903,-0.0,0.0,0.0,299.28554950151903,299.28554950151903,0.0,1.0
5855,2019-09-01 23:00:00,9,2019-09-02 00:00:00,0.10547,0.10547,0.10547,0.0,0.05,244.85990913069602,-0.0,0.0,0.0,244.85990913069602,244.85990913069602,0.0,0.0
5856,2019-09-02 00:00:00,9,2019-09-02 01:00:00,0.10547,0.10547,0.10547,0.0,0.05,220.76391087792624,-0.0,0.0,0.0,220.76391087792624,220.76391087792624,0.0,0.0
5857,2019-09-02 01:00:00,9,2019-09-02 02:00:00,0.10547,0.10547,0.10547,0.0,0.05,217.37804302168223,-0.0,0.0,0.0,217.37804302168223,217.37804302168223,0.0,0.0
5858,2019-09-02 02:00:00,9,2019-09-02 03:00:00,0.10547,0.10547,0.10547,0.0,0.05,214.995563720382,-0.0,0.0,0.0,214.995563720382,214.995563720382,0.0,0.0
5859,2019-09-02 03:00:00,9,2019-09-02 04:00:00,0.10547,0.10547,0.10547,0.0,0.05,227.87209376980303,-174.1410095229625,0.0,0.0,402.01310329276555,402.01310329276555,0.0,1.0
5860,2019-09-02 04:00:00,9,2019-09-02 05:00:00,0.10547,0.10547,0.10547,0.0,0.3170162146018758,225.73452127455124,-0.0,0.0,0.0,225.73452127455124,225.73452127455124,0.0,0.0
5861,2019-09-02 05:00:00,9,2019-09-02 06:00:00,0.10547,0.10547,0.10547,0.0,0.3170162146018758,279.72743955936625,-231.38625880032583,0.0,0.0,511.1136983596921,511.1136983596921,0.0,1.0
5862,2019-09-02 06:00:00,9,2019-09-02 07:00:00,0.10547,0.10547,0.10547,0.0,0.6718084780957088,297.07574929167606,-214.03794906801602,0.0,0.0,511.1136983596921,511.1136983596921,0.0,1.0
5863,2019-09-02 07:00:00,9,2019-09-02 08:00:00,0.10547,0.10547,0.10547,0.0,1.0,424.8902585366649,-0.0,0.0,0.0,424.8902585366649,424.8902585366649,0.0,1.0
5864,2019-09-02 08:00:00,9,2019-09-02 09:00:00,0.10547,0.10547,0.10547,0.0,1.0,472.5140098922419,-0.0,0.0,0.0,472.5140098922419,472.5140098922419,0.0,0.0
5865,2019-09-02 09:00:00,9,2019-09-02 10:00:00,0.10547,0.10547,0.10547,0.0,1.0,524.0651835140262,-0.0,12.951485154334136,0.0,511.1136983596921,511.1136983596921,0.0,0.0
5866,2019-09-02 10:00:00,9,2019-09-02 11:00:00,0.10547,0.10547,0.10547,0.0,0.9765371645754817,588.9646523134492,-0.0,77.85095395375708,0.0,511.1136983596921,511.1136983596921,0.0,0.0
5867,2019-09-02 11:00:00,9,2019-09-02 12:00:00,0.10547,0.10547,0.10547,0.0,0.8355028277027333,570.2443356878805,-0.0,59.13063732818841,0.0,511.1136983596921,511.1136983596921,0.0,0.0
5868,2019-09-02 12:00:00,9,2019-09-02 13:00:00,0.10547,0.10547,0.10547,0.0,0.7283821079052906,577.1301252894452,-0.0,66.01642692975315,0.0,511.1136983596921,511.1136983596921,0.0,0.0
5869,2019-09-02 13:00:00,9,2019-09-02 14:00:00,0.10547,0.10547,0.10547,0.0,0.608787131583274,568.1983296657145,-0.0,57.0846313060224,0.0,511.1136983596921,511.1136983596921,0.0,0.0
5870,2019-09-02 14:00:00,9,2019-09-02 15:00:00,0.12561,0.12561,0.12561,0.0,0.5053729444346827,558.079018002437,-0.0,46.96531964274493,0.0,511.1136983596921,511.1136983596921,0.0,0.0
5871,2019-09-02 15:00:00,9,2019-09-02 16:00:00,0.12561,0.12561,0.12561,0.0,0.4202908436326086,551.5847238982207,-0.0,40.47102553852858,0.0,511.1136983596921,511.1136983596921,0.0,0.0
5872,2019-09-02 16:00:00,9,2019-09-02 17:00:00,0.15111,0.15111,0.15111,0.0,0.346973768381651,544.5030931632382,-0.0,163.92952014667134,0.0,380.57357301656685,380.57357301656685,0.0,0.0
5873,2019-09-02 17:00:00,9,2019-09-02 18:00:00,0.15111,0.15111,0.15111,0.0,0.05000000000000009,499.9808926369928,-0.0,0.0,0.0,499.9808926369928,499.9808926369928,0.0,1.0
5874,2019-09-02 18:00:00,9,2019-09-02 19:00:00,0.15111,0.15111,0.15111,0.0,0.05,428.2876026825591,-0.0,0.0,0.0,428.2876026825591,428.2876026825591,0.0,1.0
5875,2019-09-02 19:00:00,9,2019-09-02 20:00:00,0.15111,0.15111,0.15111,0.0,0.05,406.0625642288752,-0.0,0.0,0.0,406.0625642288752,406.0625642288752,0.0,1.0
5876,2019-09-02 20:00:00,9,2019-09-02 21:00:00,0.15111,0.15111,0.15111,0.0,0.05,307.50010617739065,-0.0,0.0,0.0,307.50010617739065,307.50010617739065,0.0,0.0
5877,2019-09-02 21:00:00,9,2019-09-02 22:00:00,0.12561,0.12561,0.12561,0.0,0.05,228.59812266115924,-0.0,0.0,0.0,228.59812266115924,228.59812266115924,0.0,0.0
5878,2019-09-02 22:00:00,9,2019-09-02 23:00:00,0.12561,0.12561,0.12561,0.0,0.05,293.58176849440696,-0.0,0.0,0.0,293.58176849440696,293.58176849440696,0.0,1.0
5879,2019-09-02 23:00:00,9,2019-09-03 00:00:00,0.10547,0.10547,0.10547,0.0,0.05,238.53404383308168,-0.0,0.0,0.0,238.53404383308168,238.53404383308168,0.0,0.0
5880,2019-09-03 00:00:00,9,2019-09-03 01:00:00,0.10547,0.10547,0.10547,0.0,0.05,219.26592388496567,-0.0,0.0,0.0,219.26592388496567,219.26592388496567,0.0,0.0
5881,2019-09-03 01:00:00,9,2019-09-03 02:00:00,0.10547,0.10547,0.10547,0.0,0.05,216.7215531930963,-0.0,0.0,0.0,216.7215531930963,216.7215531930963,0.0,0.0
5882,2019-09-03 02:00:00,9,2019-09-03 03:00:00,0.10547,0.10547,0.10547,0.0,0.05,214.85825410444903,-0.0,0.0,0.0,214.85825410444903,214.85825410444903,0.0,0.0
5883,2019-09-03 03:00:00,9,2019-09-03 04:00:00,0.10547,0.10547,0.10547,0.0,0.05,227.34939038025112,-0.0,0.0,0.0,227.34939038025112,227.34939038025112,0.0,0.0
5884,2019-09-03 04:00:00,9,2019-09-03 05:00:00,0.10547,0.10547,0.10547,0.0,0.05,224.9236233706533,-270.9829713071832,0.0,0.0,495.90659467783655,495.90659467783655,0.0,1.0
5885,2019-09-03 05:00:00,9,2019-09-03 06:00:00,0.10547,0.10547,0.10547,0.0,0.46550722267101435,280.755961791067,-215.15063288676953,0.0,0.0,495.90659467783655,495.90659467783655,0.0,1.0
5886,2019-09-03 06:00:00,9,2019-09-03 07:00:00,0.10547,0.10547,0.10547,0.0,0.795404859764061,300.1910702947421,-119.15890311501454,0.0,0.0,419.3499734097566,419.3499734097566,0.0,1.0
5887,2019-09-03 07:00:00,9,2019-09-03 08:00:00,0.10547,0.10547,0.10547,0.0,0.9781151778737499,369.2883930817885,-0.0,0.0,0.0,369.2883930817885,369.2883930817885,0.0,1.0
5888,2019-09-03 08:00:00,9,2019-09-03 09:00:00,0.10547,0.10547,0.10547,0.0,0.9781151778737499,321.5343331171968,-0.0,0.0,0.0,321.5343331171968,321.5343331171968,0.0,0.0
5889,2019-09-03 09:00:00,9,2019-09-03 10:00:00,0.10547,0.10547,0.10547,0.0,0.9781151778737499,395.00856777148164,-0.0,0.0,0.0,395.00856777148164,395.00856777148164,0.0,1.0
5890,2019-09-03 10:00:00,9,2019-09-03 11:00:00,0.10547,0.10547,0.10547,0.0,0.9781151778737499,461.1588666544194,-0.0,0.0,0.0,461.1588666544194,461.1588666544194,0.0,0.0
5891,2019-09-03 11:00:00,9,2019-09-03 12:00:00,0.10547,0.10547,0.10547,0.0,0.9781151778737499,493.75846217990505,-2.148132497931499,0.0,0.0,495.90659467783655,495.90659467783655,0.0,1.0
5892,2019-09-03 12:00:00,9,2019-09-03 13:00:00,0.10547,0.10547,0.10547,0.0,0.9814089810372449,495.90659467783655,-12.124577584405472,0.0,0.0,508.031172262242,508.031172262242,0.0,1.0
5893,2019-09-03 13:00:00,9,2019-09-03 14:00:00,0.10547,0.10547,0.10547,0.0,1.0,483.782017093431,-0.0,0.0,0.0,483.782017093431,483.782017093431,0.0,0.0
5894,2019-09-03 14:00:00,9,2019-09-03 15:00:00,0.12561,0.12561,0.12561,0.0,1.0,472.5919768587941,-0.0,0.0,0.0,472.5919768587941,472.5919768587941,0.0,0.0
5895,2019-09-03 15:00:00,9,2019-09-03 16:00:00,0.12561,0.12561,0.12561,0.0,1.0,468.8760282583394,-0.0,0.0,0.0,468.8760282583394,468.8760282583394,0.0,1.0
5896,2019-09-03 16:00:00,9,2019-09-03 17:00:00,0.15111,0.15111,0.15111,0.0,1.0,404.51747637662703,-0.0,224.4,0.0,180.11747637662702,180.11747637662702,0.0,0.0
5897,2019-09-03 17:00:00,9,2019-09-03 18:00:00,0.15111,0.15111,0.15111,0.0,0.5934782608695652,408.2321240153841,-0.0,0.0,0.0,408.2321240153841,408.2321240153841,0.0,1.0
5898,2019-09-03 18:00:00,9,2019-09-03 19:00:00,0.15111,0.15111,0.15111,0.0,0.5934782608695652,391.5345118147969,-0.0,300.0,0.0,91.53451181479687,91.53451181479687,0.0,0.0
5899,2019-09-03 19:00:00,9,2019-09-03 20:00:00,0.15111,0.15111,0.15111,0.0,0.05,372.1651998822764,-0.0,0.0,0.0,372.1651998822764,372.1651998822764,0.0,0.0
5900,2019-09-03 20:00:00,9,2019-09-03 21:00:00,0.15111,0.15111,0.15111,0.0,0.05,333.4900086306957,-0.0,0.0,0.0,333.4900086306957,333.4900086306957,0.0,0.0
5901,2019-09-03 21:00:00,9,2019-09-03 22:00:00,0.12561,0.12561,0.12561,0.0,0.05,225.25033356694976,-0.0,0.0,0.0,225.25033356694976,225.25033356694976,0.0,0.0
5902,2019-09-03 22:00:00,9,2019-09-03 23:00:00,0.12561,0.12561,0.12561,0.0,0.05,291.61236141539393,-0.0,0.0,0.0,291.61236141539393,291.61236141539393,0.0,1.0
5903,2019-09-03 23:00:00,9,2019-09-04 00:00:00,0.10547,0.10547,0.10547,0.0,0.05,236.03556111739394,-0.0,0.0,0.0,236.03556111739394,236.03556111739394,0.0,0.0
5904,2019-09-04 00:00:00,9,2019-09-04 01:00:00,0.10547,0.10547,0.10547,0.0,0.05,216.94532695118266,-0.0,0.0,0.0,216.94532695118266,216.94532695118266,0.0,0.0
5905,2019-09-04 01:00:00,9,2019-09-04 02:00:00,0.10547,0.10547,0.10547,0.0,0.05,213.69009493016029,-0.0,0.0,0.0,213.69009493016029,213.69009493016029,0.0,0.0
5906,2019-09-04 02:00:00,9,2019-09-04 03:00:00,0.10547,0.10547,0.10547,0.0,0.05,211.25534121011898,-0.0,0.0,0.0,211.25534121011898,211.25534121011898,0.0,0.0
5907,2019-09-04 03:00:00,9,2019-09-04 04:00:00,0.10547,0.10547,0.10547,0.0,0.05,224.19927040075896,-0.0,0.0,0.0,224.19927040075896,224.19927040075896,0.0,0.0
5908,2019-09-04 04:00:00,9,2019-09-04 05:00:00,0.10547,0.10547,0.10547,0.0,0.049999999999999975,222.259832559503,-0.0,0.0,0.0,222.259832559503,222.259832559503,0.0,0.0
5909,2019-09-04 05:00:00,9,2019-09-04 06:00:00,0.10547,0.10547,0.10547,0.0,0.04999999999999995,279.2414190555659,-0.0,0.0,0.0,279.2414190555659,279.2414190555659,0.0,1.0
5910,2019-09-04 06:00:00,9,2019-09-04 07:00:00,0.10547,0.10547,0.10547,0.0,0.04999999999999995,299.6372307107395,-199.73353512660412,0.0,0.0,499.37076583734364,499.37076583734364,0.0,1.0
5911,2019-09-04 07:00:00,9,2019-09-04 08:00:00,0.10547,0.10547,0.10547,0.0,0.35625808719412627,369.1381315549702,-130.23263428237345,0.0,0.0,499.37076583734364,499.37076583734364,0.0,1.0
5912,2019-09-04 08:00:00,9,2019-09-04 09:00:00,0.10547,0.10547,0.10547,0.0,0.5559481264270988,321.5387665364772,-177.8319993008585,-7.87281351222191e-12,0.0,499.37076583734364,499.37076583734364,0.0,1.0
5913,2019-09-04 09:00:00,9,2019-09-04 10:00:00,0.10547,0.10547,0.10547,0.0,0.8286238586884296,392.9839443515561,-72.0077178226779,0.0,0.0,464.991662174234,464.991662174234,0.0,1.0
5914,2019-09-04 10:00:00,9,2019-09-04 11:00:00,0.10547,0.10547,0.10547,0.0,0.939035692683202,459.6114349785662,-39.75933085878127,3.5687224406113873e-12,0.0,499.37076583734364,499.37076583734364,0.0,1.0
5915,2019-09-04 11:00:00,9,2019-09-04 12:00:00,0.10547,0.10547,0.10547,0.0,0.9999999999999933,495.4796478246723,-0.0,-2.091837814077735e-13,0.0,495.4796478246723,495.4796478246723,0.0,1.0
5916,2019-09-04 12:00:00,9,2019-09-04 13:00:00,0.10547,0.10547,0.10547,0.0,1.0,499.37076583734364,-0.0,0.0,0.0,499.37076583734364,499.37076583734364,0.0,0.0
5917,2019-09-04 13:00:00,9,2019-09-04 14:00:00,0.10547,0.10547,0.10547,0.0,1.0,490.0919632579569,-0.0,0.0,0.0,490.0919632579569,490.0919632579569,0.0,1.0
5918,2019-09-04 14:00:00,9,2019-09-04 15:00:00,0.12561,0.12561,0.12561,0.0,1.0,479.41793495121874,-0.0,0.0,0.0,479.41793495121874,479.41793495121874,0.0,1.0
5919,2019-09-04 15:00:00,9,2019-09-04 16:00:00,0.12561,0.12561,0.12561,0.0,1.0,475.9346350733327,-0.0,0.0,0.0,475.9346350733327,475.9346350733327,0.0,1.0
5920,2019-09-04 16:00:00,9,2019-09-04 17:00:00,0.15111,0.15111,0.15111,0.0,1.0,410.06743346704985,-0.0,0.0,0.0,410.06743346704985,410.06743346704985,0.0,0.0
5921,2019-09-04 17:00:00,9,2019-09-04 18:00:00,0.15111,0.15111,0.15111,0.0,1.0,411.1373809300486,-0.0,300.0,0.0,111.13738093004861,111.13738093004861,0.0,0.0
5922,2019-09-04 18:00:00,9,2019-09-04 19:00:00,0.15111,0.15111,0.15111,0.0,0.4565217391304348,394.4939286860356,-0.0,0.0,0.0,394.4939286860356,394.4939286860356,0.0,0.0
5923,2019-09-04 19:00:00,9,2019-09-04 20:00:00,0.15111,0.15111,0.15111,0.0,0.4565217391304348,376.74600705040825,-0.0,224.4,0.0,152.34600705040825,152.34600705040825,0.0,0.0
5924,2019-09-04 20:00:00,9,2019-09-04 21:00:00,0.15111,0.15111,0.15111,0.0,0.05,337.703444542282,-0.0,0.0,0.0,337.703444542282,337.703444542282,0.0,1.0
5925,2019-09-04 21:00:00,9,2019-09-04 22:00:00,0.12561,0.12561,0.12561,0.0,0.05,229.3958037557771,-0.0,0.0,0.0,229.3958037557771,229.3958037557771,0.0,0.0
5926,2019-09-04 22:00:00,9,2019-09-04 23:00:00,0.12561,0.12561,0.12561,0.0,0.05,295.30113483009404,-0.0,0.0,0.0,295.30113483009404,295.30113483009404,0.0,1.0
5927,2019-09-04 23:00:00,9,2019-09-05 00:00:00,0.10547,0.10547,0.10547,0.0,0.05,240.50469200120477,-0.0,0.0,0.0,240.50469200120477,240.50469200120477,0.0,0.0
5928,2019-09-05 00:00:00,9,2019-09-05 01:00:00,0.10547,0.10547,0.10547,0.0,0.05,225.6967198095887,-0.0,0.0,0.0,225.6967198095887,225.6967198095887,0.0,0.0
5929,2019-09-05 01:00:00,9,2019-09-05 02:00:00,0.10547,0.10547,0.10547,0.0,0.05,222.25463593506163,-0.0,0.0,0.0,222.25463593506163,222.25463593506163,0.0,0.0
5930,2019-09-05 02:00:00,9,2019-09-05 03:00:00,0.10547,0.10547,0.10547,0.0,0.05,219.7780478751468,-0.0,0.0,0.0,219.7780478751468,219.7780478751468,0.0,0.0
5931,2019-09-05 03:00:00,9,2019-09-05 04:00:00,0.10547,0.10547,0.10547,0.0,0.05,266.74246478122967,-23.37121688886524,0.0,0.0,290.11368167009493,290.11368167009493,0.0,1.0
5932,2019-09-05 04:00:00,9,2019-09-05 05:00:00,0.10547,0.10547,0.10547,0.0,0.08583586589626004,265.07697630676296,-253.95486414087856,0.0,0.0,519.0318404476416,519.0318404476416,0.0,1.0
5933,2019-09-05 05:00:00,9,2019-09-05 06:00:00,0.10547,0.10547,0.10547,0.0,0.4752333242456071,346.3533593659822,-172.6784810816593,0.0,0.0,519.0318404476416,519.0318404476416,0.0,1.0
5934,2019-09-05 06:00:00,9,2019-09-05 07:00:00,0.10547,0.10547,0.10547,0.0,0.7400069952374847,349.4711851677403,-169.5606552799012,0.0,0.0,519.0318404476416,519.0318404476416,0.0,1.0
5935,2019-09-05 07:00:00,9,2019-09-05 08:00:00,0.10547,0.10547,0.10547,0.0,1.0,484.52424097754033,-0.0,0.0,0.0,484.52424097754033,484.52424097754033,0.0,0.0
5936,2019-09-05 08:00:00,9,2019-09-05 09:00:00,0.10547,0.10547,0.10547,0.0,1.0,546.9191078560134,-0.0,27.887267408371883,0.0,519.0318404476416,519.0318404476416,0.0,0.0
5937,2019-09-05 09:00:00,9,2019-09-05 10:00:00,0.10547,0.10547,0.10547,0.0,0.9494795880283118,543.3745740724416,-0.0,24.34273362480019,0.0,519.0318404476415,519.0318404476415,0.0,0.0
5938,2019-09-05 10:00:00,9,2019-09-05 11:00:00,0.10547,0.10547,0.10547,0.0,0.9053804329109202,613.6678259011396,-0.0,94.63598545349811,0.0,519.0318404476416,519.0318404476416,0.0,0.0
5939,2019-09-05 11:00:00,9,2019-09-05 12:00:00,0.10547,0.10547,0.10547,0.0,0.7339384302777716,596.4057578493412,-0.0,77.37391740169966,0.0,519.0318404476416,519.0318404476416,0.0,0.0
5940,2019-09-05 12:00:00,9,2019-09-05 13:00:00,0.10547,0.10547,0.10547,0.0,0.5937682900573013,594.7649927237522,-0.0,75.73315227611072,0.0,519.0318404476416,519.0318404476416,0.0,0.0
5941,2019-09-05 13:00:00,9,2019-09-05 14:00:00,0.10547,0.10547,0.10547,0.0,0.4565705504266659,584.8295853439604,-0.0,65.79774489631885,0.0,519.0318404476416,519.0318404476416,0.0,0.0
5942,2019-09-05 14:00:00,9,2019-09-05 15:00:00,0.12561,0.12561,0.12561,0.0,0.33737173720869695,573.0624992373855,-0.0,54.03065878974397,0.0,519.0318404476416,519.0318404476416,0.0,0.0
5943,2019-09-05 15:00:00,9,2019-09-05 16:00:00,0.12561,0.12561,0.12561,0.0,0.23949010896640724,566.7771969302011,-0.0,47.745356482559515,0.0,519.0318404476416,519.0318404476416,0.0,0.0
5944,2019-09-05 16:00:00,9,2019-09-05 17:00:00,0.15111,0.15111,0.15111,0.0,0.15299489794727758,555.9824539381164,-0.0,36.95061349047478,0.0,519.0318404476416,519.0318404476416,0.0,0.0
5945,2019-09-05 17:00:00,9,2019-09-05 18:00:00,0.15111,0.15111,0.15111,0.0,0.08605538075438837,538.934410624064,-0.0,19.902570176422387,0.0,519.0318404476416,519.0318404476416,0.0,0.0
5946,2019-09-05 18:00:00,9,2019-09-05 19:00:00,0.15111,0.15111,0.15111,0.0,0.05,517.4106682866233,-0.0,0.0,0.0,517.4106682866233,517.4106682866233,0.0,0.0
5947,2019-09-05 19:00:00,9,2019-09-05 20:00:00,0.15111,0.15111,0.15111,0.0,0.05,471.50706663298695,-0.0,0.0,0.0,471.50706663298695,471.50706663298695,0.0,1.0
5948,2019-09-05 20:00:00,9,2019-09-05 21:00:00,0.15111,0.15111,0.15111,0.0,0.05,339.7173406843589,-0.0,0.0,0.0,339.7173406843589,339.7173406843589,0.0,1.0
5949,2019-09-05 21:00:00,9,2019-09-05 22:00:00,0.12561,0.12561,0.12561,0.0,0.05,245.09907650406888,-0.0,0.0,0.0,245.09907650406888,245.09907650406888,0.0,0.0
5950,2019-09-05 22:00:00,9,2019-09-05 23:00:00,0.12561,0.12561,0.12561,0.0,0.05,309.3790494825008,-0.0,0.0,0.0,309.3790494825008,309.3790494825008,0.0,0.0
5951,2019-09-05 23:00:00,9,2019-09-06 00:00:00,0.10547,0.10547,0.10547,0.0,0.05,257.763022681632,-0.0,0.0,0.0,257.763022681632,257.763022681632,0.0,1.0
5952,2019-09-06 00:00:00,9,2019-09-06 01:00:00,0.10547,0.10547,0.10547,0.0,0.05,236.85955801717287,-0.0,0.0,0.0,236.85955801717287,236.85955801717287,0.0,0.0
5953,2019-09-06 01:00:00,9,2019-09-06 02:00:00,0.10547,0.10547,0.10547,0.0,0.05,234.10278406617624,-0.0,0.0,0.0,234.10278406617624,234.10278406617624,0.0,0.0
5954,2019-09-06 02:00:00,9,2019-09-06 03:00:00,0.10547,0.10547,0.10547,0.0,0.05,232.03293222610998,-0.0,0.0,0.0,232.03293222610998,232.03293222610998,0.0,0.0
5955,2019-09-06 03:00:00,9,2019-09-06 04:00:00,0.10547,0.10547,0.10547,0.0,0.05,245.82938486463553,-274.563991545536,0.0,0.0,520.3933764101715,520.3933764101715,0.0,1.0
5956,2019-09-06 04:00:00,9,2019-09-06 05:00:00,0.10547,0.10547,0.10547,0.0,0.4709981203698218,243.73352639908993,-276.65985001108163,0.0,0.0,520.3933764101715,520.3933764101715,0.0,1.0
5957,2019-09-06 05:00:00,9,2019-09-06 06:00:00,0.10547,0.10547,0.10547,0.0,0.8952098903868136,324.9613314676778,-0.0,0.0,0.0,324.9613314676778,324.9613314676778,0.0,1.0
5958,2019-09-06 06:00:00,9,2019-09-06 07:00:00,0.10547,0.10547,0.10547,0.0,0.8952098903868136,347.5463451249105,-68.34137583468669,0.0,0.0,415.8877209595972,415.8877209595972,0.0,1.0
5959,2019-09-06 07:00:00,9,2019-09-06 08:00:00,0.10547,0.10547,0.10547,0.0,1.0,501.7634031429294,-0.0,0.0,0.0,501.7634031429294,501.7634031429294,0.0,1.0
5960,2019-09-06 08:00:00,9,2019-09-06 09:00:00,0.10547,0.10547,0.10547,0.0,1.0,563.6634588408612,-0.0,43.27008243068963,0.0,520.3933764101715,520.3933764101715,0.0,0.0
5961,2019-09-06 09:00:00,9,2019-09-06 10:00:00,0.10547,0.10547,0.10547,0.0,0.9216121695096202,554.1297504238274,-0.0,33.736374013655904,0.0,520.3933764101715,520.3933764101715,0.0,0.0
5962,2019-09-06 10:00:00,9,2019-09-06 11:00:00,0.10547,0.10547,0.10547,0.0,0.8604955499196639,603.6298483956085,-0.0,83.23647198543696,0.0,520.3933764101715,520.3933764101715,0.0,0.0
5963,2019-09-06 11:00:00,9,2019-09-06 12:00:00,0.10547,0.10547,0.10547,0.0,0.7097048398011186,581.1730772508333,-0.0,60.77970084066178,0.0,520.3933764101715,520.3933764101715,0.0,0.0
5964,2019-09-06 12:00:00,9,2019-09-06 13:00:00,0.10547,0.10547,0.10547,0.0,0.5995966861042674,581.2489874681308,-0.0,60.85561105795924,0.0,520.3933764101716,520.3933764101716,0.0,0.0
5965,2019-09-06 13:00:00,9,2019-09-06 14:00:00,0.10547,0.10547,0.10547,0.0,0.4893510138978196,571.1753151781043,-0.0,50.781938767932644,0.0,520.3933764101716,520.3933764101716,0.0,0.0
5966,2019-09-06 14:00:00,9,2019-09-06 15:00:00,0.12561,0.12561,0.12561,0.0,0.39735474801388365,565.1779198310873,-0.0,44.78454342091564,0.0,520.3933764101716,520.3933764101716,0.0,0.0
5967,2019-09-06 15:00:00,9,2019-09-06 16:00:00,0.12561,0.12561,0.12561,0.0,0.31622332877309445,570.1339724668981,-0.0,49.740596056726446,0.0,520.3933764101716,520.3933764101716,0.0,0.0
5968,2019-09-06 16:00:00,9,2019-09-06 17:00:00,0.15111,0.15111,0.15111,0.0,0.2261135533080102,568.4455931323299,-0.0,48.052216722158306,0.0,520.3933764101716,520.3933764101716,0.0,0.0
5969,2019-09-06 17:00:00,9,2019-09-06 18:00:00,0.15111,0.15111,0.15111,0.0,0.13906243605772364,548.7717874931378,-0.0,28.37841108296621,0.0,520.3933764101716,520.3933764101716,0.0,0.0
5970,2019-09-06 18:00:00,9,2019-09-06 19:00:00,0.15111,0.15111,0.15111,0.0,0.0876522710523501,541.1774300310689,-0.0,20.784053620897254,0.0,520.3933764101716,520.3933764101716,0.0,0.0
5971,2019-09-06 19:00:00,9,2019-09-06 20:00:00,0.15111,0.15111,0.15111,0.0,0.05,493.15942805038543,-0.0,0.0,0.0,493.15942805038543,493.15942805038543,0.0,1.0
5972,2019-09-06 20:00:00,9,2019-09-06 21:00:00,0.15111,0.15111,0.15111,0.0,0.05,355.5466719873769,-0.0,0.0,0.0,355.5466719873769,355.5466719873769,0.0,1.0
5973,2019-09-06 21:00:00,9,2019-09-06 22:00:00,0.12561,0.12561,0.12561,0.0,0.05,249.7251892158947,-0.0,0.0,0.0,249.7251892158947,249.7251892158947,0.0,0.0
5974,2019-09-06 22:00:00,9,2019-09-06 23:00:00,0.12561,0.12561,0.12561,0.0,0.05,313.55074895993573,-0.0,0.0,0.0,313.55074895993573,313.55074895993573,0.0,0.0
5975,2019-09-06 23:00:00,9,2019-09-07 00:00:00,0.10547,0.10547,0.10547,0.0,0.05,262.7383707584609,-0.0,0.0,0.0,262.7383707584609,262.7383707584609,0.0,1.0
5976,2019-09-07 00:00:00,9,2019-09-07 01:00:00,0.10547,0.10547,0.10547,0.0,0.05,242.76271770659824,-0.0,0.0,0.0,242.76271770659824,242.76271770659824,0.0,0.0
5977,2019-09-07 01:00:00,9,2019-09-07 02:00:00,0.10547,0.10547,0.10547,0.0,0.05,240.75510832329402,-0.0,0.0,0.0,240.75510832329402,240.75510832329402,0.0,0.0
5978,2019-09-07 02:00:00,9,2019-09-07 03:00:00,0.10547,0.10547,0.10547,0.0,0.05,238.75373939014935,-0.0,0.0,0.0,238.75373939014935,238.75373939014935,0.0,0.0
5979,2019-09-07 03:00:00,9,2019-09-07 04:00:00,0.10547,0.10547,0.10547,0.0,0.05,252.67219887056018,-0.0,0.0,0.0,252.67219887056018,252.67219887056018,0.0,0.0
5980,2019-09-07 04:00:00,9,2019-09-07 05:00:00,0.10547,0.10547,0.10547,0.0,0.05,250.5070211887188,-257.295729223923,0.0,0.0,507.8027504126418,507.8027504126418,0.0,1.0
5981,2019-09-07 05:00:00,9,2019-09-07 06:00:00,0.10547,0.10547,0.10547,0.0,0.4445201181433486,331.61645214270396,-193.0203063867574,0.0,0.0,524.6367585294613,524.6367585294613,0.0,1.0
5982,2019-09-07 06:00:00,9,2019-09-07 07:00:00,0.10547,0.10547,0.10547,0.0,0.7404845879363766,355.3875767488374,-169.24918178062399,0.0,0.0,524.6367585294613,524.6367585294613,0.0,1.0
5983,2019-09-07 07:00:00,9,2019-09-07 08:00:00,0.10547,0.10547,0.10547,0.0,1.0,508.64460081989176,-0.0,0.0,0.0,508.64460081989176,508.64460081989176,0.0,0.0
5984,2019-09-07 08:00:00,9,2019-09-07 09:00:00,0.10547,0.10547,0.10547,0.0,1.0,567.7138057813448,-0.0,43.07704725188353,0.0,524.6367585294613,524.6367585294613,0.0,0.0
5985,2019-09-07 09:00:00,9,2019-09-07 10:00:00,0.10547,0.10547,0.10547,0.0,0.9219618709205009,556.2531509318193,-0.0,31.616392402357974,0.0,524.6367585294613,524.6367585294613,0.0,0.0
5986,2019-09-07 10:00:00,9,2019-09-07 11:00:00,0.10547,0.10547,0.10547,0.0,0.8646857977278235,603.8372173825508,-0.0,79.20045885308943,0.0,524.6367585294613,524.6367585294613,0.0,0.0
5987,2019-09-07 11:00:00,9,2019-09-07 12:00:00,0.10547,0.10547,0.10547,0.0,0.7212067056026614,587.2116466525935,-0.0,62.57488812313218,0.0,524.6367585294613,524.6367585294613,0.0,0.0
5988,2019-09-07 12:00:00,9,2019-09-07 13:00:00,0.10547,0.10547,0.10547,0.0,0.6078464010317695,598.5654096241279,-0.0,73.92865109466655,0.0,524.6367585294614,524.6367585294614,0.0,0.0
5989,2019-09-07 13:00:00,9,2019-09-07 14:00:00,0.10547,0.10547,0.10547,0.0,0.473917685280562,588.5229625605683,-0.0,63.88620403110693,0.0,524.6367585294614,524.6367585294614,0.0,0.0
5990,2019-09-07 14:00:00,9,2019-09-07 15:00:00,0.12561,0.12561,0.12561,0.0,0.35818180841261466,576.7719980766545,-0.0,52.13523954719315,0.0,524.6367585294614,524.6367585294614,0.0,0.0
5991,2019-09-07 15:00:00,9,2019-09-07 16:00:00,0.12561,0.12561,0.12561,0.0,0.26373391068219215,570.6121279240756,-0.0,45.975369394614205,0.0,524.6367585294614,524.6367585294614,0.0,0.0
5992,2019-09-07 16:00:00,9,2019-09-07 17:00:00,0.15111,0.15111,0.15111,0.0,0.18044519801078962,563.1402249420477,-0.0,38.50346641258628,0.0,524.6367585294614,524.6367585294614,0.0,0.0
5993,2019-09-07 17:00:00,9,2019-09-07 18:00:00,0.15111,0.15111,0.15111,0.0,0.11069254146624938,545.491482112462,-0.0,20.854723583000606,0.0,524.6367585294614,524.6367585294614,0.0,0.0
5994,2019-09-07 18:00:00,9,2019-09-07 19:00:00,0.15111,0.15111,0.15111,0.0,0.0729122451202337,537.2843178358304,-0.0,12.647559306369004,0.0,524.6367585294614,524.6367585294614,0.0,0.0
5995,2019-09-07 19:00:00,9,2019-09-07 20:00:00,0.15111,0.15111,0.15111,0.0,0.05,489.84392570799764,-0.0,0.0,0.0,489.84392570799764,489.84392570799764,0.0,1.0
5996,2019-09-07 20:00:00,9,2019-09-07 21:00:00,0.15111,0.15111,0.15111,0.0,0.05,353.0045760903232,-0.0,0.0,0.0,353.0045760903232,353.0045760903232,0.0,1.0
5997,2019-09-07 21:00:00,9,2019-09-07 22:00:00,0.12561,0.12561,0.12561,0.0,0.05,246.827413956822,-0.0,0.0,0.0,246.827413956822,246.827413956822,0.0,0.0
5998,2019-09-07 22:00:00,9,2019-09-07 23:00:00,0.12561,0.12561,0.12561,0.0,0.05,310.9229068911776,-0.0,0.0,0.0,310.9229068911776,310.9229068911776,0.0,0.0
5999,2019-09-07 23:00:00,9,2019-09-08 00:00:00,0.10547,0.10547,0.10547,0.0,0.05,259.79899772727447,-114.21525826204429,0.0,0.0,374.01425598931877,374.01425598931877,0.0,1.0
6000,2019-09-08 00:00:00,9,2019-09-08 01:00:00,0.10547,0.10547,0.10547,0.0,0.2251300626684679,239.8267683263895,-0.0,0.0,0.0,239.8267683263895,239.8267683263895,0.0,0.0
6001,2019-09-08 01:00:00,9,2019-09-08 02:00:00,0.10547,0.10547,0.10547,0.0,0.2251300626684679,237.17458338758058,-0.0,0.0,0.0,237.17458338758058,237.17458338758058,0.0,0.0
6002,2019-09-08 02:00:00,9,2019-09-08 03:00:00,0.10547,0.10547,0.10547,0.0,0.2251300626684679,235.15407219700882,-0.0,0.0,0.0,235.15407219700882,235.15407219700882,0.0,0.0
6003,2019-09-08 03:00:00,9,2019-09-08 04:00:00,0.10547,0.10547,0.10547,0.0,0.2251300626684679,284.1202256926417,-0.0,0.0,0.0,284.1202256926417,284.1202256926417,0.0,1.0
6004,2019-09-08 04:00:00,9,2019-09-08 05:00:00,0.10547,0.10547,0.10547,0.0,0.2251300626684679,282.2303558397369,-186.872112447448,0.0,0.0,469.1024682871849,469.1024682871849,0.0,1.0
6005,2019-09-08 05:00:00,9,2019-09-08 06:00:00,0.10547,0.10547,0.10547,0.0,0.5116673017545549,362.96185456237737,-161.67490396708405,0.0,0.0,524.6367585294614,524.6367585294614,0.0,1.0
6006,2019-09-08 06:00:00,9,2019-09-08 07:00:00,0.10547,0.10547,0.10547,0.0,0.7595688211707504,367.83381581473344,-156.80294271472798,0.0,0.0,524.6367585294614,524.6367585294614,0.0,1.0
6007,2019-09-08 07:00:00,9,2019-09-08 08:00:00,0.10547,0.10547,0.10547,0.0,1.0,499.978263072586,-0.0,0.0,0.0,499.978263072586,499.978263072586,0.0,0.0
6008,2019-09-08 08:00:00,9,2019-09-08 09:00:00,0.10547,0.10547,0.10547,0.0,1.0,558.1049177882503,-0.0,33.46815925878889,0.0,524.6367585294614,524.6367585294614,0.0,0.0
6009,2019-09-08 09:00:00,9,2019-09-08 10:00:00,0.10547,0.10547,0.10547,0.0,0.9393692767050926,552.9073091943465,-0.0,28.270550664885036,0.0,524.6367585294614,524.6367585294614,0.0,0.0
6010,2019-09-08 10:00:00,9,2019-09-08 11:00:00,0.10547,0.10547,0.10547,0.0,0.8881545110078372,614.9318634964844,-0.0,90.29510496702301,0.0,524.6367585294614,524.6367585294614,0.0,0.0
6011,2019-09-08 11:00:00,9,2019-09-08 12:00:00,0.10547,0.10547,0.10547,0.0,0.7245764222994622,601.9927489455044,-0.0,77.35599041604303,0.0,524.6367585294614,524.6367585294614,0.0,0.0
6012,2019-09-08 12:00:00,9,2019-09-08 13:00:00,0.10547,0.10547,0.10547,0.0,0.5844387585022829,603.2210081395411,-0.0,78.58424961007972,0.0,524.6367585294614,524.6367585294614,0.0,0.0
6013,2019-09-08 13:00:00,9,2019-09-08 14:00:00,0.10547,0.10547,0.10547,0.0,0.44207598746952975,585.2448246178249,-0.0,60.608066088363444,0.0,524.6367585294614,524.6367585294614,0.0,0.0
6014,2019-09-08 14:00:00,9,2019-09-08 15:00:00,0.12561,0.12561,0.12561,0.0,0.3322787662949582,569.8764005937476,-0.0,45.23964206428616,0.0,524.6367585294614,524.6367585294614,0.0,0.0
6015,2019-09-08 15:00:00,9,2019-09-08 16:00:00,0.12561,0.12561,0.12561,0.0,0.250322892990092,563.9416475769336,-0.0,39.304889047472216,0.0,524.6367585294614,524.6367585294614,0.0,0.0
6016,2019-09-08 16:00:00,9,2019-09-08 17:00:00,0.15111,0.15111,0.15111,0.0,0.17911838384612064,553.2062934556013,-0.0,60.0437756790783,0.0,493.16251777652303,493.16251777652303,0.0,0.0
6017,2019-09-08 17:00:00,9,2019-09-08 18:00:00,0.15111,0.15111,0.15111,0.0,0.0703434279057614,535.8663307334417,-0.0,11.229572203980297,0.0,524.6367585294614,524.6367585294614,0.0,0.0
6018,2019-09-08 18:00:00,9,2019-09-08 19:00:00,0.15111,0.15111,0.15111,0.0,0.05,513.3542097267327,-0.0,0.0,0.0,513.3542097267327,513.3542097267327,0.0,1.0
6019,2019-09-08 19:00:00,9,2019-09-08 20:00:00,0.15111,0.15111,0.15111,0.0,0.05,467.4768785625356,-0.0,0.0,0.0,467.4768785625356,467.4768785625356,0.0,0.0
6020,2019-09-08 20:00:00,9,2019-09-08 21:00:00,0.15111,0.15111,0.15111,0.0,0.05,337.6748860056295,-0.0,0.0,0.0,337.6748860056295,337.6748860056295,0.0,1.0
6021,2019-09-08 21:00:00,9,2019-09-08 22:00:00,0.12561,0.12561,0.12561,0.0,0.05,243.54498251768285,-0.0,0.0,0.0,243.54498251768285,243.54498251768285,0.0,0.0
6022,2019-09-08 22:00:00,9,2019-09-08 23:00:00,0.12561,0.12561,0.12561,0.0,0.05,306.94569934922833,-0.0,0.0,0.0,306.94569934922833,306.94569934922833,0.0,0.0
6023,2019-09-08 23:00:00,9,2019-09-09 00:00:00,0.10547,0.10547,0.10547,0.0,0.05,254.42133295563173,-147.01725591794676,0.0,0.0,401.4385888735785,401.4385888735785,0.0,1.0
6024,2019-09-09 00:00:00,9,2019-09-09 01:00:00,0.10547,0.10547,0.10547,0.0,0.27542645907418506,229.458698965821,-0.0,0.0,0.0,229.458698965821,229.458698965821,0.0,0.0
6025,2019-09-09 01:00:00,9,2019-09-09 02:00:00,0.10547,0.10547,0.10547,0.0,0.27542645907418506,226.77180252679582,-0.0,0.0,0.0,226.77180252679582,226.77180252679582,0.0,0.0
6026,2019-09-09 02:00:00,9,2019-09-09 03:00:00,0.10547,0.10547,0.10547,0.0,0.27542645907418506,224.74336585202144,-0.0,0.0,0.0,224.74336585202144,224.74336585202144,0.0,0.0
6027,2019-09-09 03:00:00,9,2019-09-09 04:00:00,0.10547,0.10547,0.10547,0.0,0.27542645907418506,238.159973202911,-0.0,0.0,0.0,238.159973202911,238.159973202911,0.0,0.0
6028,2019-09-09 04:00:00,9,2019-09-09 05:00:00,0.10547,0.10547,0.10547,0.0,0.27542645907418506,236.05314772406012,-173.3106944088101,0.0,0.0,409.3638421328702,409.3638421328702,0.0,1.0
6029,2019-09-09 05:00:00,9,2019-09-09 06:00:00,0.10547,0.10547,0.10547,0.0,0.5411695238343606,291.6893823414738,-0.0,0.0,0.0,291.6893823414738,291.6893823414738,0.0,0.0
6030,2019-09-09 06:00:00,9,2019-09-09 07:00:00,0.10547,0.10547,0.10547,0.0,0.5411695238343606,312.166014790162,-212.47074373929945,0.0,0.0,524.6367585294615,524.6367585294615,0.0,1.0
6031,2019-09-09 07:00:00,9,2019-09-09 08:00:00,0.10547,0.10547,0.10547,0.0,0.8669579975679532,437.87023520421343,-86.76652332524799,0.0,0.0,524.6367585294614,524.6367585294614,0.0,1.0
6032,2019-09-09 08:00:00,9,2019-09-09 09:00:00,0.10547,0.10547,0.10547,0.0,1.0,485.0280935294724,-0.0,0.0,0.0,485.0280935294724,485.0280935294724,0.0,0.0
6033,2019-09-09 09:00:00,9,2019-09-09 10:00:00,0.10547,0.10547,0.10547,0.0,1.0,533.8530148137346,-0.0,9.216256284273186,0.0,524.6367585294614,524.6367585294614,0.0,0.0
6034,2019-09-09 10:00:00,9,2019-09-09 11:00:00,0.10547,0.10547,0.10547,0.0,0.9833038835429833,593.7449327087419,-0.0,69.10817417928047,0.0,524.6367585294614,524.6367585294614,0.0,0.0
6035,2019-09-09 11:00:00,9,2019-09-09 12:00:00,0.10547,0.10547,0.10547,0.0,0.8581079158268955,570.7477334748579,-0.0,46.11097494539649,0.0,524.6367585294614,524.6367585294614,0.0,0.0
6036,2019-09-09 12:00:00,9,2019-09-09 13:00:00,0.10547,0.10547,0.10547,0.0,0.7745735409258149,572.2248786776438,-0.0,47.58812014818227,0.0,524.6367585294615,524.6367585294615,0.0,0.0
6037,2019-09-09 13:00:00,9,2019-09-09 14:00:00,0.10547,0.10547,0.10547,0.0,0.6883631783385282,561.5308680838781,-0.0,36.89410955441656,0.0,524.6367585294615,524.6367585294615,0.0,0.0
6038,2019-09-09 14:00:00,9,2019-09-09 15:00:00,0.12561,0.12561,0.12561,0.0,0.6215260233486432,553.149669705912,-0.0,28.512911176450416,0.0,524.6367585294615,524.6367585294615,0.0,0.0
6039,2019-09-09 15:00:00,9,2019-09-09 16:00:00,0.12561,0.12561,0.12561,0.0,0.5698721987536243,552.0710945478132,-0.0,27.4343360183517,0.0,524.6367585294615,524.6367585294615,0.0,0.0
6040,2019-09-09 16:00:00,9,2019-09-09 17:00:00,0.15111,0.15111,0.15111,0.0,0.5201723146624074,546.0344091654691,-0.0,21.397650636007597,0.0,524.6367585294615,524.6367585294615,0.0,0.0
6041,2019-09-09 17:00:00,9,2019-09-09 18:00:00,0.15111,0.15111,0.15111,0.0,0.4814084548145675,502.425832953679,-0.0,238.1374670576413,0.0,264.2883658960377,264.2883658960377,0.0,0.0
6042,2019-09-09 18:00:00,9,2019-09-09 19:00:00,0.15111,0.15111,0.15111,0.0,0.05,434.1325498426173,-0.0,0.0,0.0,434.1325498426173,434.1325498426173,0.0,1.0
6043,2019-09-09 19:00:00,9,2019-09-09 20:00:00,0.15111,0.15111,0.15111,0.0,0.05,410.27312687111015,-0.0,0.0,0.0,410.27312687111015,410.27312687111015,0.0,1.0
6044,2019-09-09 20:00:00,9,2019-09-09 21:00:00,0.15111,0.15111,0.15111,0.0,0.05,310.1843730250057,-0.0,0.0,0.0,310.1843730250057,310.1843730250057,0.0,0.0
6045,2019-09-09 21:00:00,9,2019-09-09 22:00:00,0.12561,0.12561,0.12561,0.0,0.05,231.31500177313066,-0.0,0.0,0.0,231.31500177313066,231.31500177313066,0.0,0.0
6046,2019-09-09 22:00:00,9,2019-09-09 23:00:00,0.12561,0.12561,0.12561,0.0,0.05,296.85535225072357,-0.0,0.0,0.0,296.85535225072357,296.85535225072357,0.0,1.0
6047,2019-09-09 23:00:00,9,2019-09-10 00:00:00,0.10547,0.10547,0.10547,0.0,0.05,242.370715693475,-0.0,0.0,0.0,242.370715693475,242.370715693475,0.0,0.0
6048,2019-09-10 00:00:00,9,2019-09-10 01:00:00,0.10547,0.10547,0.10547,0.0,0.05,222.73430324154128,-0.0,0.0,0.0,222.73430324154128,222.73430324154128,0.0,0.0
6049,2019-09-10 01:00:00,9,2019-09-10 02:00:00,0.10547,0.10547,0.10547,0.0,0.05,220.0724988505428,-0.0,0.0,0.0,220.0724988505428,220.0724988505428,0.0,0.0
6050,2019-09-10 02:00:00,9,2019-09-10 03:00:00,0.10547,0.10547,0.10547,0.0,0.05,218.08243703333852,-0.0,0.0,0.0,218.08243703333852,218.08243703333852,0.0,0.0
6051,2019-09-10 03:00:00,9,2019-09-10 04:00:00,0.10547,0.10547,0.10547,0.0,0.05,231.43167632798236,-280.9040500794971,0.0,0.0,512.3357264074795,512.3357264074795,0.0,1.0
6052,2019-09-10 04:00:00,9,2019-09-10 05:00:00,0.10547,0.10547,0.10547,0.0,0.4807195434552289,229.37630069663308,-0.0,0.0,0.0,229.37630069663308,229.37630069663308,0.0,0.0
6053,2019-09-10 05:00:00,9,2019-09-10 06:00:00,0.10547,0.10547,0.10547,0.0,0.4807195434552289,285.7270312108623,-6.178632484870436e-14,0.0,0.0,285.7270312108623,285.7270312108623,0.0,0.0
6054,2019-09-10 06:00:00,9,2019-09-10 07:00:00,0.10547,0.10547,0.10547,0.0,0.480719543455229,307.7339198874881,-204.60180651999133,0.0,0.0,512.3357264074795,512.3357264074795,0.0,1.0
6055,2019-09-10 07:00:00,9,2019-09-10 08:00:00,0.10547,0.10547,0.10547,0.0,0.794442313452549,378.7974890878833,-133.53823731959613,0.0,0.0,512.3357264074795,512.3357264074795,0.0,1.0
6056,2019-09-10 08:00:00,9,2019-09-10 09:00:00,0.10547,0.10547,0.10547,0.0,0.9992009440092631,334.0014383655725,-0.0,0.0,0.0,334.0014383655725,334.0014383655725,0.0,1.0
6057,2019-09-10 09:00:00,9,2019-09-10 10:00:00,0.10547,0.10547,0.10547,0.0,0.9992009440092631,409.8118892668124,-0.0,0.0,0.0,409.8118892668124,409.8118892668124,0.0,0.0
6058,2019-09-10 10:00:00,9,2019-09-10 11:00:00,0.10547,0.10547,0.10547,0.0,0.9992009440092631,475.1597655903095,-0.0,0.0,0.0,475.1597655903095,475.1597655903095,0.0,0.0
6059,2019-09-10 11:00:00,9,2019-09-10 12:00:00,0.10547,0.10547,0.10547,0.0,0.9992009440092631,511.8146029352597,-0.521123472219756,0.0,0.0,512.3357264074795,512.3357264074795,0.0,1.0
6060,2019-09-10 12:00:00,9,2019-09-10 13:00:00,0.10547,0.10547,0.10547,0.0,1.0,510.3551470223722,-0.0,0.0,0.0,510.3551470223722,510.3551470223722,0.0,0.0
6061,2019-09-10 13:00:00,9,2019-09-10 14:00:00,0.10547,0.10547,0.10547,0.0,1.0,500.06207177907686,-0.0,0.0,0.0,500.06207177907686,500.06207177907686,0.0,1.0
6062,2019-09-10 14:00:00,9,2019-09-10 15:00:00,0.12561,0.12561,0.12561,0.0,1.0,489.2380508777954,-0.0,0.0,0.0,489.2380508777954,489.2380508777954,0.0,1.0
6063,2019-09-10 15:00:00,9,2019-09-10 16:00:00,0.12561,0.12561,0.12561,0.0,1.0,484.3804724774546,-0.0,0.0,0.0,484.3804724774546,484.3804724774546,0.0,1.0
6064,2019-09-10 16:00:00,9,2019-09-10 17:00:00,0.15111,0.15111,0.15111,0.0,1.0,419.25645931379796,-0.0,0.0,0.0,419.25645931379796,419.25645931379796,0.0,0.0
6065,2019-09-10 17:00:00,9,2019-09-10 18:00:00,0.15111,0.15111,0.15111,0.0,1.0,421.26826676377215,-0.0,0.0,0.0,421.26826676377215,421.26826676377215,0.0,0.0
6066,2019-09-10 18:00:00,9,2019-09-10 19:00:00,0.15111,0.15111,0.15111,0.0,1.0,414.11528317392487,-0.0,0.0,0.0,414.11528317392487,414.11528317392487,0.0,1.0
6067,2019-09-10 19:00:00,9,2019-09-10 20:00:00,0.15111,0.15111,0.15111,0.0,1.0,387.48239237652325,-0.0,300.0,0.0,87.48239237652325,87.48239237652325,0.0,0.0
6068,2019-09-10 20:00:00,9,2019-09-10 21:00:00,0.15111,0.15111,0.15111,0.0,0.4565217391304348,346.19860170363893,-0.0,224.4,0.0,121.79860170363892,121.79860170363892,0.0,0.0
6069,2019-09-10 21:00:00,9,2019-09-10 22:00:00,0.12561,0.12561,0.12561,0.0,0.05,237.0232232598522,-0.0,0.0,0.0,237.0232232598522,237.0232232598522,0.0,0.0
6070,2019-09-10 22:00:00,9,2019-09-10 23:00:00,0.12561,0.12561,0.12561,0.0,0.05,300.9500989252183,-0.0,0.0,0.0,300.9500989252183,300.9500989252183,0.0,0.0
6071,2019-09-10 23:00:00,9,2019-09-11 00:00:00,0.10547,0.10547,0.10547,0.0,0.05,247.31295480276285,-46.2943043913538,0.0,0.0,293.60725919411664,293.60725919411664,0.0,1.0
6072,2019-09-11 00:00:00,9,2019-09-11 01:00:00,0.10547,0.10547,0.10547,0.0,0.1209846000667425,231.82962904774087,-0.0,0.0,0.0,231.82962904774087,231.82962904774087,0.0,0.0
6073,2019-09-11 01:00:00,9,2019-09-11 02:00:00,0.10547,0.10547,0.10547,0.0,0.1209846000667425,229.06749920050208,-0.0,0.0,0.0,229.06749920050208,229.06749920050208,0.0,0.0
6074,2019-09-11 02:00:00,9,2019-09-11 03:00:00,0.10547,0.10547,0.10547,0.0,0.1209846000667425,227.06070795749343,-0.0,0.0,0.0,227.06070795749343,227.06070795749343,0.0,0.0
6075,2019-09-11 03:00:00,9,2019-09-11 04:00:00,0.10547,0.10547,0.10547,0.0,0.1209846000667425,240.52811891663373,-189.72100635421572,0.0,0.0,430.24912527084945,430.24912527084945,0.0,1.0
6076,2019-09-11 04:00:00,9,2019-09-11 05:00:00,0.10547,0.10547,0.10547,0.0,0.4118901431432066,238.42237309898124,-0.0,0.0,0.0,238.42237309898124,238.42237309898124,0.0,0.0
6077,2019-09-11 05:00:00,9,2019-09-11 06:00:00,0.10547,0.10547,0.10547,0.0,0.4118901431432066,325.9361095523571,-198.70064897710444,0.0,0.0,524.6367585294615,524.6367585294615,0.0,1.0
6078,2019-09-11 06:00:00,9,2019-09-11 07:00:00,0.10547,0.10547,0.10547,0.0,0.7165644715747668,339.78750086083113,-184.8492576686304,0.0,0.0,524.6367585294615,524.6367585294615,0.0,1.0
6079,2019-09-11 07:00:00,9,2019-09-11 08:00:00,0.10547,0.10547,0.10547,0.0,1.0,494.03900584002344,-0.0,0.0,0.0,494.03900584002344,494.03900584002344,0.0,1.0
6080,2019-09-11 08:00:00,9,2019-09-11 09:00:00,0.10547,0.10547,0.10547,0.0,1.0,554.1707236964385,-0.0,29.53396516697694,0.0,524.6367585294615,524.6367585294615,0.0,0.0
6081,2019-09-11 09:00:00,9,2019-09-11 10:00:00,0.10547,0.10547,0.10547,0.0,0.946496439914897,546.0281771299587,-0.0,21.391418600497218,0.0,524.6367585294615,524.6367585294615,0.0,0.0
6082,2019-09-11 10:00:00,9,2019-09-11 11:00:00,0.10547,0.10547,0.10547,0.0,0.90774386998646,605.9046485849582,-0.0,81.26789005549665,0.0,524.6367585294615,524.6367585294615,0.0,0.0
6083,2019-09-11 11:00:00,9,2019-09-11 12:00:00,0.10547,0.10547,0.10547,0.0,0.7605194314801255,588.0833956340614,-0.0,63.44663710459986,0.0,524.6367585294615,524.6367585294615,0.0,0.0
6084,2019-09-11 12:00:00,9,2019-09-11 13:00:00,0.10547,0.10547,0.10547,0.0,0.6455798715080243,589.3258446001585,-0.0,64.68908607069693,0.0,524.6367585294615,524.6367585294615,0.0,0.0
6085,2019-09-11 13:00:00,9,2019-09-11 14:00:00,0.10547,0.10547,0.10547,0.0,0.5283894981915443,579.3996542981927,-0.0,54.76289576873114,0.0,524.6367585294615,524.6367585294615,0.0,0.0
6086,2019-09-11 14:00:00,9,2019-09-11 15:00:00,0.12561,0.12561,0.12561,0.0,0.42918135368297344,568.5970302714439,-0.0,43.96027174198241,0.0,524.6367585294615,524.6367585294615,0.0,0.0
6087,2019-09-11 15:00:00,9,2019-09-11 16:00:00,0.12561,0.12561,0.12561,0.0,0.34954318023735315,563.5114533172164,-0.0,38.874694787754834,0.0,524.6367585294615,524.6367585294615,0.0,0.0
6088,2019-09-11 16:00:00,9,2019-09-11 17:00:00,0.15111,0.15111,0.15111,0.0,0.27911800852040597,554.9579357687863,-0.0,30.32117723932481,0.0,524.6367585294615,524.6367585294615,0.0,0.0
6089,2019-09-11 17:00:00,9,2019-09-11 18:00:00,0.15111,0.15111,0.15111,0.0,0.2241883396085857,537.5439557203736,-0.0,83.07192810710116,0.0,454.4720276132724,454.4720276132724,0.0,0.0
6090,2019-09-11 18:00:00,9,2019-09-11 19:00:00,0.15111,0.15111,0.15111,0.0,0.07369571622615607,537.7167938862997,-0.0,13.080035356838152,0.0,524.6367585294615,524.6367585294615,0.0,0.0
6091,2019-09-11 19:00:00,9,2019-09-11 20:00:00,0.15111,0.15111,0.15111,0.0,0.05,482.7474361210514,-0.0,0.0,0.0,482.7474361210514,482.7474361210514,0.0,1.0
6092,2019-09-11 20:00:00,9,2019-09-11 21:00:00,0.15111,0.15111,0.15111,0.0,0.05,348.6984813425076,-0.0,0.0,0.0,348.6984813425076,348.6984813425076,0.0,1.0
6093,2019-09-11 21:00:00,9,2019-09-11 22:00:00,0.12561,0.12561,0.12561,0.0,0.05,242.71917407331628,-0.0,0.0,0.0,242.71917407331628,242.71917407331628,0.0,0.0
6094,2019-09-11 22:00:00,9,2019-09-11 23:00:00,0.12561,0.12561,0.12561,0.0,0.05,306.6848786445807,-0.0,0.0,0.0,306.6848786445807,306.6848786445807,0.0,0.0
6095,2019-09-11 23:00:00,9,2019-09-12 00:00:00,0.10547,0.10547,0.10547,0.0,0.05,253.68594942531627,-0.0,0.0,0.0,253.68594942531627,253.68594942531627,0.0,0.0
6096,2019-09-12 00:00:00,9,2019-09-12 01:00:00,0.10547,0.10547,0.10547,0.0,0.05,233.11286706358248,-0.0,0.0,0.0,233.11286706358248,233.11286706358248,0.0,0.0
6097,2019-09-12 01:00:00,9,2019-09-12 02:00:00,0.10547,0.10547,0.10547,0.0,0.05,230.39437119649602,-0.0,0.0,0.0,230.39437119649602,230.39437119649602,0.0,0.0
6098,2019-09-12 02:00:00,9,2019-09-12 03:00:00,0.10547,0.10547,0.10547,0.0,0.05,227.55769083210546,-0.0,0.0,0.0,227.55769083210546,227.55769083210546,0.0,0.0
6099,2019-09-12 03:00:00,9,2019-09-12 04:00:00,0.10547,0.10547,0.10547,0.0,0.05,275.00493025981626,-249.63182826964527,0.0,0.0,524.6367585294615,524.6367585294615,0.0,1.0
6100,2019-09-12 04:00:00,9,2019-09-12 05:00:00,0.10547,0.10547,0.10547,0.0,0.43276880334678947,273.7734308670354,-39.452340729490636,0.0,0.0,313.22577159652604,313.22577159652604,0.0,1.0
6101,2019-09-12 05:00:00,9,2019-09-12 06:00:00,0.10547,0.10547,0.10547,0.0,0.49326239246534176,361.26201734819045,-163.37474118127108,0.0,0.0,524.6367585294615,524.6367585294615,0.0,1.0
6102,2019-09-12 06:00:00,9,2019-09-12 07:00:00,0.10547,0.10547,0.10547,0.0,0.7437703289432908,357.53045131856425,-167.10630721089728,0.0,0.0,524.6367585294615,524.6367585294615,0.0,1.0
6103,2019-09-12 07:00:00,9,2019-09-12 08:00:00,0.10547,0.10547,0.10547,0.0,1.0,490.3595541721642,-0.0,0.0,0.0,490.3595541721642,490.3595541721642,0.0,0.0
6104,2019-09-12 08:00:00,9,2019-09-12 09:00:00,0.10547,0.10547,0.10547,0.0,1.0,548.0225641350679,-0.0,23.38580560560638,0.0,524.6367585294615,524.6367585294615,0.0,0.0
6105,2019-09-12 09:00:00,9,2019-09-12 10:00:00,0.10547,0.10547,0.10547,0.0,0.957634410134771,534.4397669846871,-0.0,9.803008455225608,0.0,524.6367585294615,524.6367585294615,0.0,0.0
6106,2019-09-12 10:00:00,9,2019-09-12 11:00:00,0.10547,0.10547,0.10547,0.0,0.9398753368463187,589.6518180275423,-0.0,65.01505949808075,0.0,524.6367585294615,524.6367585294615,0.0,0.0
6107,2019-09-12 11:00:00,9,2019-09-12 12:00:00,0.10547,0.10547,0.10547,0.0,0.8220944319584913,570.0648230495425,-0.0,45.428064520080966,0.0,524.6367585294615,524.6367585294615,0.0,0.0
6108,2019-09-12 12:00:00,9,2019-09-12 13:00:00,0.10547,0.10547,0.10547,0.0,0.7397972136250114,576.8969188839684,-0.0,52.260160354506866,0.0,524.6367585294615,524.6367585294615,0.0,0.0
6109,2019-09-12 13:00:00,9,2019-09-12 14:00:00,0.10547,0.10547,0.10547,0.0,0.6451230100842381,568.0008814090573,-0.0,43.36412287959581,0.0,524.6367585294615,524.6367585294615,0.0,0.0
6110,2019-09-12 14:00:00,9,2019-09-12 15:00:00,0.12561,0.12561,0.12561,0.0,0.566564816461782,559.7370036548652,-0.0,35.10024512540372,0.0,524.6367585294615,524.6367585294615,0.0,0.0
6111,2019-09-12 15:00:00,9,2019-09-12 16:00:00,0.12561,0.12561,0.12561,0.0,0.5029774158722824,557.7288651062337,-0.0,33.09210657677215,0.0,524.6367585294615,524.6367585294615,0.0,0.0
6112,2019-09-12 16:00:00,9,2019-09-12 17:00:00,0.15111,0.15111,0.15111,0.0,0.443027947436101,551.2056860409489,-0.0,26.568927511487345,0.0,524.6367585294615,524.6367585294615,0.0,0.0
6113,2019-09-12 17:00:00,9,2019-09-12 18:00:00,0.15111,0.15111,0.15111,0.0,0.39489583237905873,535.7202210810021,-0.0,190.38249947324041,0.0,345.33772160776175,345.33772160776175,0.0,0.0
6114,2019-09-12 18:00:00,9,2019-09-12 19:00:00,0.15111,0.15111,0.15111,0.0,0.05,516.7142710292344,-0.0,0.0,0.0,516.7142710292344,516.7142710292344,0.0,0.0
6115,2019-09-12 19:00:00,9,2019-09-12 20:00:00,0.15111,0.15111,0.15111,0.0,0.05,460.02833251579966,-0.0,0.0,0.0,460.02833251579966,460.02833251579966,0.0,1.0
6116,2019-09-12 20:00:00,9,2019-09-12 21:00:00,0.15111,0.15111,0.15111,0.0,0.05,331.0071427667238,-0.0,0.0,0.0,331.0071427667238,331.0071427667238,0.0,1.0
6117,2019-09-12 21:00:00,9,2019-09-12 22:00:00,0.12561,0.12561,0.12561,0.0,0.05,237.65749355574704,-0.0,0.0,0.0,237.65749355574704,237.65749355574704,0.0,0.0
6118,2019-09-12 22:00:00,9,2019-09-12 23:00:00,0.12561,0.12561,0.12561,0.0,0.05,302.92929573518944,-0.0,0.0,0.0,302.92929573518944,302.92929573518944,0.0,0.0
6119,2019-09-12 23:00:00,9,2019-09-13 00:00:00,0.10547,0.10547,0.10547,0.0,0.05,249.0729414631554,-0.0,0.0,0.0,249.0729414631554,249.0729414631554,0.0,0.0
6120,2019-09-13 00:00:00,9,2019-09-13 01:00:00,0.10547,0.10547,0.10547,0.0,0.05,229.13990741357907,-0.0,0.0,0.0,229.13990741357907,229.13990741357907,0.0,0.0
6121,2019-09-13 01:00:00,9,2019-09-13 02:00:00,0.10547,0.10547,0.10547,0.0,0.05,225.813480089589,-0.0,0.0,0.0,225.813480089589,225.813480089589,0.0,0.0
6122,2019-09-13 02:00:00,9,2019-09-13 03:00:00,0.10547,0.10547,0.10547,0.0,0.05,223.32310393612246,-0.0,0.0,0.0,223.32310393612246,223.32310393612246,0.0,0.0
6123,2019-09-13 03:00:00,9,2019-09-13 04:00:00,0.10547,0.10547,0.10547,0.0,0.05,236.55283886321058,-288.08391966625095,0.0,0.0,524.6367585294615,524.6367585294615,0.0,1.0
6124,2019-09-13 04:00:00,9,2019-09-13 05:00:00,0.10547,0.10547,0.10547,0.0,0.49172867682158483,234.3369218804815,-0.0,0.0,0.0,234.3369218804815,234.3369218804815,0.0,0.0
6125,2019-09-13 05:00:00,9,2019-09-13 06:00:00,0.10547,0.10547,0.10547,0.0,0.49172867682158483,320.9637921638372,-139.54114933741934,0.0,0.0,460.50494150125655,460.50494150125655,0.0,1.0
6126,2019-09-13 06:00:00,9,2019-09-13 07:00:00,0.10547,0.10547,0.10547,0.0,0.7056917724722944,332.6966101418275,-191.94014838763405,0.0,0.0,524.6367585294615,524.6367585294615,0.0,1.0
6127,2019-09-13 07:00:00,9,2019-09-13 08:00:00,0.10547,0.10547,0.10547,0.0,1.0,487.0921399822975,-0.0,0.0,0.0,487.0921399822975,487.0921399822975,0.0,1.0
6128,2019-09-13 08:00:00,9,2019-09-13 09:00:00,0.10547,0.10547,0.10547,0.0,1.0,545.1625394563209,-0.0,20.525780926859397,0.0,524.6367585294615,524.6367585294615,0.0,0.0
6129,2019-09-13 09:00:00,9,2019-09-13 10:00:00,0.10547,0.10547,0.10547,0.0,0.9628156142629359,532.3750332143331,-0.0,7.738274684871612,0.0,524.6367585294615,524.6367585294615,0.0,0.0
6130,2019-09-13 10:00:00,9,2019-09-13 11:00:00,0.10547,0.10547,0.10547,0.0,0.9487970007033859,591.30682951376,-0.0,66.67007098429849,0.0,524.6367585294615,524.6367585294615,0.0,0.0
6131,2019-09-13 11:00:00,9,2019-09-13 12:00:00,0.10547,0.10547,0.10547,0.0,0.8280178866013959,572.4282271925066,-0.0,47.791468663045066,0.0,524.6367585294615,524.6367585294615,0.0,0.0
6132,2019-09-13 12:00:00,9,2019-09-13 13:00:00,0.10547,0.10547,0.10547,0.0,0.7414391390234157,581.3003338056832,-0.0,56.66357527622165,0.0,524.6367585294615,524.6367585294615,0.0,0.0
6133,2019-09-13 13:00:00,9,2019-09-13 14:00:00,0.10547,0.10547,0.10547,0.0,0.6387877345375069,572.0789303388713,-0.0,47.44217180940973,0.0,524.6367585294615,524.6367585294615,0.0,0.0
6134,2019-09-13 14:00:00,9,2019-09-13 15:00:00,0.12561,0.12561,0.12561,0.0,0.5528417711146633,559.0657668781421,-0.0,34.429008348680554,0.0,524.6367585294615,524.6367585294615,0.0,0.0
6135,2019-09-13 15:00:00,9,2019-09-13 16:00:00,0.12561,0.12561,0.12561,0.0,0.4904703791786477,555.565112304316,-0.0,30.928353774854486,0.0,524.6367585294615,524.6367585294615,0.0,0.0
6136,2019-09-13 16:00:00,9,2019-09-13 17:00:00,0.15111,0.15111,0.15111,0.0,0.43444075277492583,547.854216841097,-0.0,23.217458311635482,0.0,524.6367585294615,524.6367585294615,0.0,0.0
6137,2019-09-13 17:00:00,9,2019-09-13 18:00:00,0.15111,0.15111,0.15111,0.0,0.3923801398915282,532.6495803473401,-0.0,182.67714494040177,0.0,349.97243540693836,349.97243540693836,0.0,0.0
6138,2019-09-13 18:00:00,9,2019-09-13 19:00:00,0.15111,0.15111,0.15111,0.0,0.061443283115438035,530.9534508091833,-0.0,6.316692279721792,0.0,524.6367585294615,524.6367585294615,0.0,0.0
6139,2019-09-13 19:00:00,9,2019-09-13 20:00:00,0.15111,0.15111,0.15111,0.0,0.05,473.22575882253284,-0.0,0.0,0.0,473.22575882253284,473.22575882253284,0.0,1.0
6140,2019-09-13 20:00:00,9,2019-09-13 21:00:00,0.15111,0.15111,0.15111,0.0,0.05,339.38444110533146,-0.0,0.0,0.0,339.38444110533146,339.38444110533146,0.0,1.0
6141,2019-09-13 21:00:00,9,2019-09-13 22:00:00,0.12561,0.12561,0.12561,0.0,0.05,232.18530258119753,-0.0,0.0,0.0,232.18530258119753,232.18530258119753,0.0,0.0
6142,2019-09-13 22:00:00,9,2019-09-13 23:00:00,0.12561,0.12561,0.12561,0.0,0.05,296.1060115216936,-0.0,0.0,0.0,296.1060115216936,296.1060115216936,0.0,1.0
6143,2019-09-13 23:00:00,9,2019-09-14 00:00:00,0.10547,0.10547,0.10547,0.0,0.05,240.42698206469586,-0.0,0.0,0.0,240.42698206469586,240.42698206469586,0.0,0.0
6144,2019-09-14 00:00:00,9,2019-09-14 01:00:00,0.10547,0.10547,0.10547,0.0,0.05,221.4328002479116,-0.0,0.0,0.0,221.4328002479116,221.4328002479116,0.0,0.0
6145,2019-09-14 01:00:00,9,2019-09-14 02:00:00,0.10547,0.10547,0.10547,0.0,0.05,218.7117415125364,-0.0,0.0,0.0,218.7117415125364,218.7117415125364,0.0,0.0
6146,2019-09-14 02:00:00,9,2019-09-14 03:00:00,0.10547,0.10547,0.10547,0.0,0.05,216.66259870602514,-0.0,0.0,0.0,216.66259870602514,216.66259870602514,0.0,0.0
6147,2019-09-14 03:00:00,9,2019-09-14 04:00:00,0.10547,0.10547,0.10547,0.0,0.05,229.30496890851063,-222.85698201528498,0.0,0.0,452.16195092379564,452.16195092379564,0.0,1.0
6148,2019-09-14 04:00:00,9,2019-09-14 05:00:00,0.10547,0.10547,0.10547,0.0,0.39171403909010366,227.98706030455656,-0.0,0.0,0.0,227.98706030455656,227.98706030455656,0.0,0.0
6149,2019-09-14 05:00:00,9,2019-09-14 06:00:00,0.10547,0.10547,0.10547,0.0,0.39171403909010366,318.4351239719767,-206.20163455748485,0.0,0.0,524.6367585294615,524.6367585294615,0.0,1.0
6150,2019-09-14 06:00:00,9,2019-09-14 07:00:00,0.10547,0.10547,0.10547,0.0,0.7078898787449138,334.13015771092705,-190.50660081853448,0.0,0.0,524.6367585294615,524.6367585294615,0.0,1.0
6151,2019-09-14 07:00:00,9,2019-09-14 08:00:00,0.10547,0.10547,0.10547,0.0,1.0,487.65307196698643,-0.0,0.0,0.0,487.65307196698643,487.65307196698643,0.0,0.0
6152,2019-09-14 08:00:00,9,2019-09-14 09:00:00,0.10547,0.10547,0.10547,0.0,1.0,544.1094953682692,-0.0,19.47273683880769,0.0,524.6367585294615,524.6367585294615,0.0,0.0
6153,2019-09-14 09:00:00,9,2019-09-14 10:00:00,0.10547,0.10547,0.10547,0.0,0.9647233028282469,538.0890092431252,-0.0,13.452250713663716,0.0,524.6367585294615,524.6367585294615,0.0,0.0
6154,2019-09-14 10:00:00,9,2019-09-14 11:00:00,0.10547,0.10547,0.10547,0.0,0.9403532834194359,601.8341131871143,-0.0,77.1973546576528,0.0,524.6367585294615,524.6367585294615,0.0,0.0
6155,2019-09-14 11:00:00,9,2019-09-14 12:00:00,0.10547,0.10547,0.10547,0.0,0.8005030032425287,582.5993993095066,-0.0,57.962640780045035,0.0,524.6367585294615,524.6367585294615,0.0,0.0
6156,2019-09-14 12:00:00,9,2019-09-14 13:00:00,0.10547,0.10547,0.10547,0.0,0.695498219220708,583.9453036594234,-0.0,59.308545129961885,0.0,524.6367585294615,524.6367585294615,0.0,0.0
6157,2019-09-14 13:00:00,9,2019-09-14 14:00:00,0.10547,0.10547,0.10547,0.0,0.5880552026809219,568.8685443107695,-0.0,44.23178578130796,0.0,524.6367585294615,524.6367585294615,0.0,0.0
6158,2019-09-14 14:00:00,9,2019-09-14 15:00:00,0.12561,0.12561,0.12561,0.0,0.5079251559756539,559.138489362065,-0.0,34.50173083260347,0.0,524.6367585294615,524.6367585294615,0.0,0.0
6159,2019-09-14 15:00:00,9,2019-09-14 16:00:00,0.12561,0.12561,0.12561,0.0,0.44542202040934326,559.68039129019,-0.0,35.04363276072843,0.0,524.6367585294615,524.6367585294615,0.0,0.0
6160,2019-09-14 16:00:00,9,2019-09-14 17:00:00,0.15111,0.15111,0.15111,0.0,0.3819371784515019,564.0230076578653,-0.0,123.73361020934574,0.0,440.28939744851954,440.28939744851954,0.0,0.0
6161,2019-09-14 17:00:00,9,2019-09-14 18:00:00,0.15111,0.15111,0.15111,0.0,0.15778208749254224,552.6822571843529,-0.0,28.04549865489139,0.0,524.6367585294615,524.6367585294615,0.0,0.0
6162,2019-09-14 18:00:00,9,2019-09-14 19:00:00,0.15111,0.15111,0.15111,0.0,0.10697502471194188,556.0869721704535,-0.0,31.450213640991933,0.0,524.6367585294615,524.6367585294615,0.0,0.0
6163,2019-09-14 19:00:00,9,2019-09-14 20:00:00,0.15111,0.15111,0.15111,0.0,0.05,503.8290963847907,-0.0,0.0,0.0,503.8290963847907,503.8290963847907,0.0,1.0
6164,2019-09-14 20:00:00,9,2019-09-14 21:00:00,0.15111,0.15111,0.15111,0.0,0.05,358.98271457367736,-0.0,0.0,0.0,358.98271457367736,358.98271457367736,0.0,1.0
6165,2019-09-14 21:00:00,9,2019-09-14 22:00:00,0.12561,0.12561,0.12561,0.0,0.05,250.1968173085052,-0.0,0.0,0.0,250.1968173085052,250.1968173085052,0.0,0.0
6166,2019-09-14 22:00:00,9,2019-09-14 23:00:00,0.12561,0.12561,0.12561,0.0,0.05,312.2254321348745,-0.0,0.0,0.0,312.2254321348745,312.2254321348745,0.0,0.0
6167,2019-09-14 23:00:00,9,2019-09-15 00:00:00,0.10547,0.10547,0.10547,0.0,0.05,258.84258621309687,-42.850782716182906,0.0,0.0,301.69336892927976,301.69336892927976,0.0,1.0
6168,2019-09-15 00:00:00,9,2019-09-15 01:00:00,0.10547,0.10547,0.10547,0.0,0.11570453349814713,237.48701789349042,-0.0,0.0,0.0,237.48701789349042,237.48701789349042,0.0,0.0
6169,2019-09-15 01:00:00,9,2019-09-15 02:00:00,0.10547,0.10547,0.10547,0.0,0.11570453349814713,232.7145825415934,-0.0,0.0,0.0,232.7145825415934,232.7145825415934,0.0,0.0
6170,2019-09-15 02:00:00,9,2019-09-15 03:00:00,0.10547,0.10547,0.10547,0.0,0.11570453349814713,227.21061156779544,-0.0,0.0,0.0,227.21061156779544,227.21061156779544,0.0,0.0
6171,2019-09-15 03:00:00,9,2019-09-15 04:00:00,0.10547,0.10547,0.10547,0.0,0.11570453349814723,273.02534402668834,-251.6114145027732,0.0,0.0,524.6367585294615,524.6367585294615,0.0,1.0
6172,2019-09-15 04:00:00,9,2019-09-15 05:00:00,0.10547,0.10547,0.10547,0.0,0.5015087024023994,271.06812395011355,-253.568634579348,0.0,0.0,524.6367585294615,524.6367585294615,0.0,1.0
6173,2019-09-15 05:00:00,9,2019-09-15 06:00:00,0.10547,0.10547,0.10547,0.0,0.8903139420907329,358.7555774173243,-71.5343855930002,0.0,0.0,430.28996301032447,430.28996301032447,0.0,1.0
6174,2019-09-15 06:00:00,9,2019-09-15 07:00:00,0.10547,0.10547,0.10547,0.0,1.0,356.14177944395783,-0.0,0.0,0.0,356.14177944395783,356.14177944395783,0.0,0.0
6175,2019-09-15 07:00:00,9,2019-09-15 08:00:00,0.10547,0.10547,0.10547,0.0,1.0,489.9357235330484,-0.0,0.0,0.0,489.9357235330484,489.9357235330484,0.0,0.0
6176,2019-09-15 08:00:00,9,2019-09-15 09:00:00,0.10547,0.10547,0.10547,0.0,1.0,549.242168144627,-0.0,24.605409615165513,0.0,524.6367585294615,524.6367585294615,0.0,0.0
6177,2019-09-15 09:00:00,9,2019-09-15 10:00:00,0.10547,0.10547,0.10547,0.0,0.955424982581222,542.631302295499,-0.0,17.99454376603751,0.0,524.6367585294615,524.6367585294615,0.0,0.0
6178,2019-09-15 10:00:00,9,2019-09-15 11:00:00,0.10547,0.10547,0.10547,0.0,0.9228261714108642,605.0064161825031,-0.0,80.3696576530416,0.0,524.6367585294615,524.6367585294615,0.0,0.0
6179,2019-09-15 11:00:00,9,2019-09-15 12:00:00,0.10547,0.10547,0.10547,0.0,0.777228965517673,580.5502002841645,-0.0,55.913441754702944,0.0,524.6367585294615,524.6367585294615,0.0,0.0
6180,2019-09-15 12:00:00,9,2019-09-15 13:00:00,0.10547,0.10547,0.10547,0.0,0.6759364985707473,580.621307525158,-0.0,55.984548995696514,0.0,524.6367585294615,524.6367585294615,0.0,0.0
6181,2019-09-15 13:00:00,9,2019-09-15 14:00:00,0.10547,0.10547,0.10547,0.0,0.5745152141582537,570.943644137665,-0.0,46.306885608203515,0.0,524.6367585294615,524.6367585294615,0.0,0.0
6182,2019-09-15 14:00:00,9,2019-09-15 15:00:00,0.12561,0.12561,0.12561,0.0,0.4906259286361459,557.8186723505446,-0.0,33.18191382108307,0.0,524.6367585294615,524.6367585294615,0.0,0.0
6183,2019-09-15 15:00:00,9,2019-09-15 16:00:00,0.12561,0.12561,0.12561,0.0,0.43051376591679247,549.6808616778955,-0.0,25.04410314843392,0.0,524.6367585294615,524.6367585294615,0.0,0.0
6184,2019-09-15 16:00:00,9,2019-09-15 17:00:00,0.15111,0.15111,0.15111,0.0,0.3851440138362963,547.0051646406525,-0.0,167.51590437177796,0.0,379.48926026887455,379.48926026887455,0.0,0.0
6185,2019-09-15 17:00:00,9,2019-09-15 18:00:00,0.15111,0.15111,0.15111,0.0,0.08167317258307541,539.3372549699419,-0.0,14.700496440480379,0.0,524.6367585294615,524.6367585294615,0.0,0.0
6186,2019-09-15 18:00:00,9,2019-09-15 19:00:00,0.15111,0.15111,0.15111,0.0,0.055041838451770374,527.4198533548388,-0.0,2.7830948253772476,0.0,524.6367585294615,524.6367585294615,0.0,0.0
6187,2019-09-15 19:00:00,9,2019-09-15 20:00:00,0.15111,0.15111,0.15111,0.0,0.05,476.77642281002585,-0.0,0.0,0.0,476.77642281002585,476.77642281002585,0.0,1.0
6188,2019-09-15 20:00:00,9,2019-09-15 21:00:00,0.15111,0.15111,0.15111,0.0,0.05,342.50606890986364,-0.0,0.0,0.0,342.50606890986364,342.50606890986364,0.0,1.0
6189,2019-09-15 21:00:00,9,2019-09-15 22:00:00,0.12561,0.12561,0.12561,0.0,0.05,245.7153432890718,-0.0,0.0,0.0,245.7153432890718,245.7153432890718,0.0,0.0
6190,2019-09-15 22:00:00,9,2019-09-15 23:00:00,0.12561,0.12561,0.12561,0.0,0.05,307.92271598196197,-0.0,0.0,0.0,307.92271598196197,307.92271598196197,0.0,0.0
6191,2019-09-15 23:00:00,9,2019-09-16 00:00:00,0.10547,0.10547,0.10547,0.0,0.05,253.89526355264573,-0.0,0.0,0.0,253.89526355264573,253.89526355264573,0.0,0.0
6192,2019-09-16 00:00:00,9,2019-09-16 01:00:00,0.10547,0.10547,0.10547,0.0,0.05,227.24347566301785,-0.0,0.0,0.0,227.24347566301785,227.24347566301785,0.0,0.0
6193,2019-09-16 01:00:00,9,2019-09-16 02:00:00,0.10547,0.10547,0.10547,0.0,0.05,222.3223265251684,-0.0,0.0,0.0,222.3223265251684,222.3223265251684,0.0,0.0
6194,2019-09-16 02:00:00,9,2019-09-16 03:00:00,0.10547,0.10547,0.10547,0.0,0.05,220.49735533947575,-0.0,0.0,0.0,220.49735533947575,220.49735533947575,0.0,0.0
6195,2019-09-16 03:00:00,9,2019-09-16 04:00:00,0.10547,0.10547,0.10547,0.0,0.05,234.37708991415153,-171.0755917330713,0.0,0.0,405.4526816472228,405.4526816472228,0.0,1.0
6196,2019-09-16 04:00:00,9,2019-09-16 05:00:00,0.10547,0.10547,0.10547,0.0,0.3123159073240427,231.93076939349265,-0.0,0.0,0.0,231.93076939349265,231.93076939349265,0.0,0.0
6197,2019-09-16 05:00:00,9,2019-09-16 06:00:00,0.10547,0.10547,0.10547,0.0,0.3123159073240427,294.2828633881564,-230.35389514130514,0.0,0.0,524.6367585294615,524.6367585294615,0.0,1.0
6198,2019-09-16 06:00:00,9,2019-09-16 07:00:00,0.10547,0.10547,0.10547,0.0,0.6655252132073772,306.5010280125336,-218.13573051692788,0.0,0.0,524.6367585294615,524.6367585294615,0.0,1.0
6199,2019-09-16 07:00:00,9,2019-09-16 08:00:00,0.10547,0.10547,0.10547,0.0,1.0,436.94367977765904,-0.0,0.0,0.0,436.94367977765904,436.94367977765904,0.0,0.0
6200,2019-09-16 08:00:00,9,2019-09-16 09:00:00,0.10547,0.10547,0.10547,0.0,1.0,495.6086914528721,-0.0,0.0,0.0,495.6086914528721,495.6086914528721,0.0,0.0
6201,2019-09-16 09:00:00,9,2019-09-16 10:00:00,0.10547,0.10547,0.10547,0.0,1.0,555.1004650512995,-0.0,30.463706521837935,0.0,524.6367585294615,524.6367585294615,0.0,0.0
6202,2019-09-16 10:00:00,9,2019-09-16 11:00:00,0.10547,0.10547,0.10547,0.0,0.9448121258662356,618.4496350352712,-0.0,93.81287650580964,0.0,524.6367585294615,524.6367585294615,0.0,0.0
6203,2019-09-16 11:00:00,9,2019-09-16 12:00:00,0.10547,0.10547,0.10547,0.0,0.7748612626310731,597.8896770463057,-0.0,73.25291851684415,0.0,524.6367585294615,524.6367585294615,0.0,0.0
6204,2019-09-16 12:00:00,9,2019-09-16 13:00:00,0.10547,0.10547,0.10547,0.0,0.6421567001005585,594.0817238190054,-0.0,69.44496528954392,0.0,524.6367585294615,524.6367585294615,0.0,0.0
6205,2019-09-16 13:00:00,9,2019-09-16 14:00:00,0.10547,0.10547,0.10547,0.0,0.5163506035615296,582.6900192394428,-0.0,58.05326070998126,0.0,524.6367585294615,524.6367585294615,0.0,0.0
6206,2019-09-16 14:00:00,9,2019-09-16 15:00:00,0.12561,0.12561,0.12561,0.0,0.41118165299996934,569.2217808903318,-0.0,44.58502236087031,0.0,524.6367585294615,524.6367585294615,0.0,0.0
6207,2019-09-16 15:00:00,9,2019-09-16 16:00:00,0.12561,0.12561,0.12561,0.0,0.3304116849549144,560.7003524024328,-0.0,36.063593872971296,0.0,524.6367585294615,524.6367585294615,0.0,0.0
6208,2019-09-16 16:00:00,9,2019-09-16 17:00:00,0.15111,0.15111,0.15111,0.0,0.26507908735895197,554.2440531879454,-0.0,29.607294658483852,0.0,524.6367585294615,524.6367585294615,0.0,0.0
6209,2019-09-16 17:00:00,9,2019-09-16 18:00:00,0.15111,0.15111,0.15111,0.0,0.2114426839921334,504.41298815451154,-0.0,0.0,0.0,504.41298815451154,504.41298815451154,0.0,1.0
6210,2019-09-16 18:00:00,9,2019-09-16 19:00:00,0.15111,0.15111,0.15111,0.0,0.2114426839921334,439.31676531426956,-0.0,0.0,0.0,439.31676531426956,439.31676531426956,0.0,1.0
6211,2019-09-16 19:00:00,9,2019-09-16 20:00:00,0.15111,0.15111,0.15111,0.0,0.2114426839921334,410.1212255345748,-0.0,0.0,0.0,410.1212255345748,410.1212255345748,0.0,1.0
6212,2019-09-16 20:00:00,9,2019-09-16 21:00:00,0.15111,0.15111,0.15111,0.0,0.2114426839921334,306.9435153042555,-0.0,89.11636156365763,0.0,217.8271537405979,217.8271537405979,0.0,0.0
6213,2019-09-16 21:00:00,9,2019-09-16 22:00:00,0.12561,0.12561,0.12561,0.0,0.05,224.0586762819457,-0.0,0.0,0.0,224.0586762819457,224.0586762819457,0.0,0.0
6214,2019-09-16 22:00:00,9,2019-09-16 23:00:00,0.12561,0.12561,0.12561,0.0,0.05,290.9040161806287,-0.0,0.0,0.0,290.9040161806287,290.9040161806287,0.0,1.0
6215,2019-09-16 23:00:00,9,2019-09-17 00:00:00,0.10547,0.10547,0.10547,0.0,0.05,237.10303851835337,-0.0,0.0,0.0,237.10303851835337,237.10303851835337,0.0,0.0
6216,2019-09-17 00:00:00,9,2019-09-17 01:00:00,0.10547,0.10547,0.10547,0.0,0.05,220.18525746731328,-0.0,0.0,0.0,220.18525746731328,220.18525746731328,0.0,0.0
6217,2019-09-17 01:00:00,9,2019-09-17 02:00:00,0.10547,0.10547,0.10547,0.0,0.05,218.76843278298375,-0.0,0.0,0.0,218.76843278298375,218.76843278298375,0.0,0.0
6218,2019-09-17 02:00:00,9,2019-09-17 03:00:00,0.10547,0.10547,0.10547,0.0,0.05,216.6371124594087,-0.0,0.0,0.0,216.6371124594087,216.6371124594087,0.0,0.0
6219,2019-09-17 03:00:00,9,2019-09-17 04:00:00,0.10547,0.10547,0.10547,0.0,0.05,229.21002420402803,-0.0,0.0,0.0,229.21002420402803,229.21002420402803,0.0,0.0
6220,2019-09-17 04:00:00,9,2019-09-17 05:00:00,0.10547,0.10547,0.10547,0.0,0.05,226.89200228587245,-0.0,0.0,0.0,226.89200228587245,226.89200228587245,0.0,0.0
6221,2019-09-17 05:00:00,9,2019-09-17 06:00:00,0.10547,0.10547,0.10547,0.0,0.05,286.281005524804,-80.40312637475441,0.0,0.0,366.68413189955845,366.68413189955845,0.0,1.0
6222,2019-09-17 06:00:00,9,2019-09-17 07:00:00,0.10547,0.10547,0.10547,0.0,0.17328479377462344,298.02213660716296,-221.90538755861365,0.0,0.0,519.9275241657766,519.9275241657766,0.0,1.0
6223,2019-09-17 07:00:00,9,2019-09-17 08:00:00,0.10547,0.10547,0.10547,0.0,0.5135397213644978,376.1281150208625,-143.79940914491414,0.0,0.0,519.9275241657766,519.9275241657766,0.0,1.0
6224,2019-09-17 08:00:00,9,2019-09-17 09:00:00,0.10547,0.10547,0.10547,0.0,0.7340321487200328,346.4702298527545,-173.4572943130221,0.0,0.0,519.9275241657766,519.9275241657766,0.0,1.0
6225,2019-09-17 09:00:00,9,2019-09-17 10:00:00,0.10547,0.10547,0.10547,0.0,1.0,424.84869581485793,0.0,0.0,0.0,424.84869581485793,424.84869581485793,0.0,0.0
6226,2019-09-17 10:00:00,9,2019-09-17 11:00:00,0.10547,0.10547,0.10547,0.0,1.0,483.2881422633252,-0.0,0.0,0.0,483.2881422633252,483.2881422633252,0.0,0.0
6227,2019-09-17 11:00:00,9,2019-09-17 12:00:00,0.10547,0.10547,0.10547,0.0,1.0,517.0918372970741,-0.0,0.0,0.0,517.0918372970741,517.0918372970741,0.0,0.0
6228,2019-09-17 12:00:00,9,2019-09-17 13:00:00,0.10547,0.10547,0.10547,0.0,1.0,519.9275241657766,-0.0,0.0,0.0,519.9275241657766,519.9275241657766,0.0,1.0
6229,2019-09-17 13:00:00,9,2019-09-17 14:00:00,0.10547,0.10547,0.10547,0.0,1.0,508.8203097916358,-0.0,0.0,0.0,508.8203097916358,508.8203097916358,0.0,0.0
6230,2019-09-17 14:00:00,9,2019-09-17 15:00:00,0.12561,0.12561,0.12561,0.0,1.0,495.26854680678457,-0.0,0.0,0.0,495.26854680678457,495.26854680678457,0.0,1.0
6231,2019-09-17 15:00:00,9,2019-09-17 16:00:00,0.12561,0.12561,0.12561,0.0,1.0,488.22827792215844,-0.0,0.0,0.0,488.22827792215844,488.22827792215844,0.0,0.0
6232,2019-09-17 16:00:00,9,2019-09-17 17:00:00,0.15111,0.15111,0.15111,0.0,1.0,419.91651085094037,-0.0,300.0,0.0,119.91651085094037,119.91651085094037,0.0,0.0
6233,2019-09-17 17:00:00,9,2019-09-17 18:00:00,0.15111,0.15111,0.15111,0.0,0.4565217391304348,421.47019848724364,-0.0,0.0,0.0,421.47019848724364,421.47019848724364,0.0,0.0
6234,2019-09-17 18:00:00,9,2019-09-17 19:00:00,0.15111,0.15111,0.15111,0.0,0.4565217391304348,422.45095381451097,-0.0,0.0,0.0,422.45095381451097,422.45095381451097,0.0,0.0
6235,2019-09-17 19:00:00,9,2019-09-17 20:00:00,0.15111,0.15111,0.15111,0.0,0.4565217391304348,396.1257278459606,-0.0,224.4,0.0,171.72572784596062,171.72572784596062,0.0,0.0
6236,2019-09-17 20:00:00,9,2019-09-17 21:00:00,0.15111,0.15111,0.15111,0.0,0.05,349.27683023254974,-0.0,0.0,0.0,349.27683023254974,349.27683023254974,0.0,1.0
6237,2019-09-17 21:00:00,9,2019-09-17 22:00:00,0.12561,0.12561,0.12561,0.0,0.05,237.99491680329783,-0.0,0.0,0.0,237.99491680329783,237.99491680329783,0.0,0.0
6238,2019-09-17 22:00:00,9,2019-09-17 23:00:00,0.12561,0.12561,0.12561,0.0,0.05,300.4896310255724,-0.0,0.0,0.0,300.4896310255724,300.4896310255724,0.0,0.0
6239,2019-09-17 23:00:00,9,2019-09-18 00:00:00,0.10547,0.10547,0.10547,0.0,0.05,244.51177742660934,-0.0,0.0,0.0,244.51177742660934,244.51177742660934,0.0,0.0
6240,2019-09-18 00:00:00,9,2019-09-18 01:00:00,0.10547,0.10547,0.10547,0.0,0.05,225.74721754918,-0.0,0.0,0.0,225.74721754918,225.74721754918,0.0,0.0
6241,2019-09-18 01:00:00,9,2019-09-18 02:00:00,0.10547,0.10547,0.10547,0.0,0.05,220.07909537683867,-0.0,0.0,0.0,220.07909537683867,220.07909537683867,0.0,0.0
6242,2019-09-18 02:00:00,9,2019-09-18 03:00:00,0.10547,0.10547,0.10547,0.0,0.05,214.60797524586562,-0.0,0.0,0.0,214.60797524586562,214.60797524586562,0.0,0.0
6243,2019-09-18 03:00:00,9,2019-09-18 04:00:00,0.10547,0.10547,0.10547,0.0,0.05,223.4781338334542,-0.0,0.0,0.0,223.4781338334542,223.4781338334542,0.0,0.0
6244,2019-09-18 04:00:00,9,2019-09-18 05:00:00,0.10547,0.10547,0.10547,0.0,0.05,219.40160450704903,-155.30852633283132,0.0,0.0,374.7101308398803,374.7101308398803,0.0,1.0
6245,2019-09-18 05:00:00,9,2019-09-18 06:00:00,0.10547,0.10547,0.10547,0.0,0.288139740377008,306.3714602727815,-218.26529825668,0.0,0.0,524.6367585294615,524.6367585294615,0.0,1.0
6246,2019-09-18 06:00:00,9,2019-09-18 07:00:00,0.10547,0.10547,0.10547,0.0,0.6228131977039174,320.1925222251732,-204.44423630428832,0.0,0.0,524.6367585294615,524.6367585294615,0.0,1.0
6247,2019-09-18 07:00:00,9,2019-09-18 08:00:00,0.10547,0.10547,0.10547,0.0,0.9362943600371595,483.0896020319569,-41.54715649750466,0.0,0.0,524.6367585294615,524.6367585294615,0.0,1.0
6248,2019-09-18 08:00:00,9,2019-09-18 09:00:00,0.10547,0.10547,0.10547,0.0,1.0,554.270835546048,-0.0,29.634077016586502,0.0,524.6367585294615,524.6367585294615,0.0,0.0
6249,2019-09-18 09:00:00,9,2019-09-18 10:00:00,0.10547,0.10547,0.10547,0.0,0.9463150778685027,552.5507149578383,-0.0,27.913956428376764,0.0,524.6367585294615,524.6367585294615,0.0,0.0
6250,2019-09-18 10:00:00,9,2019-09-18 11:00:00,0.10547,0.10547,0.10547,0.0,0.8957463162228927,612.6344168956077,-0.0,87.9976583661462,0.0,524.6367585294615,524.6367585294615,0.0,0.0
6251,2019-09-18 11:00:00,9,2019-09-18 12:00:00,0.10547,0.10547,0.10547,0.0,0.736330268458135,592.6718850467394,-0.0,68.03512651727783,0.0,524.6367585294615,524.6367585294615,0.0,0.0
6252,2019-09-18 12:00:00,9,2019-09-18 13:00:00,0.10547,0.10547,0.10547,0.0,0.6130782276659651,598.6505681101607,-0.0,74.01380958069922,0.0,524.6367585294615,524.6367585294615,0.0,0.0
6253,2019-09-18 13:00:00,9,2019-09-18 14:00:00,0.10547,0.10547,0.10547,0.0,0.4789952392951331,586.9066664728405,-0.0,62.26990794337894,0.0,524.6367585294615,524.6367585294615,0.0,0.0
6254,2019-09-18 14:00:00,9,2019-09-18 15:00:00,0.12561,0.12561,0.12561,0.0,0.36618743504988144,573.4824078232072,-0.0,48.84564929374562,0.0,524.6367585294615,524.6367585294615,0.0,0.0
6255,2019-09-18 15:00:00,9,2019-09-18 16:00:00,0.12561,0.12561,0.12561,0.0,0.2776989399525162,568.5601669079783,-0.0,43.9234083785168,0.0,524.6367585294615,524.6367585294615,0.0,0.0
6256,2019-09-18 16:00:00,9,2019-09-18 17:00:00,0.15111,0.15111,0.15111,0.0,0.19812754796244955,554.6970028175775,-0.0,56.45624929933551,0.0,498.240753518242,498.240753518242,0.0,0.0
6257,2019-09-18 17:00:00,9,2019-09-18 18:00:00,0.15111,0.15111,0.15111,0.0,0.09585173401437798,537.0057011075543,-0.0,12.368942578092742,0.0,524.6367585294615,524.6367585294615,0.0,0.0
6258,2019-09-18 18:00:00,9,2019-09-18 19:00:00,0.15111,0.15111,0.15111,0.0,0.0734442293439201,537.5779731273054,-0.0,12.941214597843896,0.0,524.6367585294615,524.6367585294615,0.0,0.0
6259,2019-09-18 19:00:00,9,2019-09-18 20:00:00,0.15111,0.15111,0.15111,0.0,0.05,478.88710346949244,-0.0,0.0,0.0,478.88710346949244,478.88710346949244,0.0,0.0
6260,2019-09-18 20:00:00,9,2019-09-18 21:00:00,0.15111,0.15111,0.15111,0.0,0.05,339.83844951221124,-0.0,0.0,0.0,339.83844951221124,339.83844951221124,0.0,0.0
6261,2019-09-18 21:00:00,9,2019-09-18 22:00:00,0.12561,0.12561,0.12561,0.0,0.05,234.08802578080002,-0.0,0.0,0.0,234.08802578080002,234.08802578080002,0.0,0.0
6262,2019-09-18 22:00:00,9,2019-09-18 23:00:00,0.12561,0.12561,0.12561,0.0,0.05,299.0261460909398,-0.0,0.0,0.0,299.0261460909398,299.0261460909398,0.0,1.0
6263,2019-09-18 23:00:00,9,2019-09-19 00:00:00,0.10547,0.10547,0.10547,0.0,0.05,243.97535972280195,-0.0,0.0,0.0,243.97535972280195,243.97535972280195,0.0,0.0
6264,2019-09-19 00:00:00,9,2019-09-19 01:00:00,0.10547,0.10547,0.10547,0.0,0.05,224.3332582180752,-0.0,0.0,0.0,224.3332582180752,224.3332582180752,0.0,0.0
6265,2019-09-19 01:00:00,9,2019-09-19 02:00:00,0.10547,0.10547,0.10547,0.0,0.05,220.41542274873729,-0.0,0.0,0.0,220.41542274873729,220.41542274873729,0.0,0.0
6266,2019-09-19 02:00:00,9,2019-09-19 03:00:00,0.10547,0.10547,0.10547,0.0,0.05,217.6349933906212,-0.0,0.0,0.0,217.6349933906212,217.6349933906212,0.0,0.0
6267,2019-09-19 03:00:00,9,2019-09-19 04:00:00,0.10547,0.10547,0.10547,0.0,0.05,264.9844514630744,-0.0,0.0,0.0,264.9844514630744,264.9844514630744,0.0,1.0
6268,2019-09-19 04:00:00,9,2019-09-19 05:00:00,0.10547,0.10547,0.10547,0.0,0.05,263.82339051803433,-259.9506746790683,0.0,0.0,523.7740651971026,523.7740651971026,0.0,1.0
6269,2019-09-19 05:00:00,9,2019-09-19 06:00:00,0.10547,0.10547,0.10547,0.0,0.4485910345079048,352.72325978634564,-178.5383277834287,0.0,0.0,531.2615875697743,531.2615875697743,0.0,1.0
6270,2019-09-19 06:00:00,9,2019-09-19 07:00:00,0.10547,0.10547,0.10547,0.0,0.7223498037758288,350.18537264096705,-181.0762149288073,0.0,0.0,531.2615875697743,531.2615875697743,0.0,1.0
6271,2019-09-19 07:00:00,9,2019-09-19 08:00:00,0.10547,0.10547,0.10547,0.0,1.0,493.2948814603201,-0.0,0.0,0.0,493.2948814603201,493.2948814603201,0.0,0.0
6272,2019-09-19 08:00:00,9,2019-09-19 09:00:00,0.10547,0.10547,0.10547,0.0,1.0,563.6360277280448,-0.0,32.37444015827043,0.0,531.2615875697744,531.2615875697744,0.0,0.0
6273,2019-09-19 09:00:00,9,2019-09-19 10:00:00,0.10547,0.10547,0.10547,0.0,0.9413506518871912,560.0919342855016,-0.0,28.83034671572716,0.0,531.2615875697744,531.2615875697744,0.0,0.0
6274,2019-09-19 10:00:00,9,2019-09-19 11:00:00,0.10547,0.10547,0.10547,0.0,0.8891217629094251,626.1278960187118,-0.0,94.86630844893742,0.0,531.2615875697744,531.2615875697744,0.0,0.0
6275,2019-09-19 11:00:00,9,2019-09-19 12:00:00,0.10547,0.10547,0.10547,0.0,0.7172625084729448,609.5035550406257,-0.0,78.24196747085128,0.0,531.2615875697744,531.2615875697744,0.0,0.0
6276,2019-09-19 12:00:00,9,2019-09-19 13:00:00,0.10547,0.10547,0.10547,0.0,0.5755198137793737,605.3797322007995,-0.0,74.11814463102516,0.0,531.2615875697743,531.2615875697743,0.0,0.0
6277,2019-09-19 13:00:00,9,2019-09-19 14:00:00,0.10547,0.10547,0.10547,0.0,0.4412478126362122,593.4935785718063,-0.0,62.231991002032004,0.0,531.2615875697743,531.2615875697743,0.0,0.0
6278,2019-09-19 14:00:00,9,2019-09-19 15:00:00,0.12561,0.12561,0.12561,0.0,0.3285086985020963,583.5775575490499,-0.0,52.315969979275536,0.0,531.2615875697743,531.2615875697743,0.0,0.0
6279,2019-09-19 15:00:00,9,2019-09-19 16:00:00,0.12561,0.12561,0.12561,0.0,0.2337333905686262,574.5887962720809,-0.0,43.32720870230662,0.0,531.2615875697743,531.2615875697743,0.0,0.0
6280,2019-09-19 16:00:00,9,2019-09-19 17:00:00,0.15111,0.15111,0.15111,0.0,0.15524207045575167,565.095869451876,-0.0,33.834281882101635,0.0,531.2615875697743,531.2615875697743,0.0,0.0
6281,2019-09-19 17:00:00,9,2019-09-19 18:00:00,0.15111,0.15111,0.15111,0.0,0.09394808153890097,549.4779234846804,-0.0,18.216335914906125,0.0,531.2615875697743,531.2615875697743,0.0,0.0
6282,2019-09-19 18:00:00,9,2019-09-19 19:00:00,0.15111,0.15111,0.15111,0.0,0.06094747299740431,537.3045926643415,-0.0,6.043005094567178,0.0,531.2615875697743,531.2615875697743,0.0,0.0
6283,2019-09-19 19:00:00,9,2019-09-19 20:00:00,0.15111,0.15111,0.15111,0.0,0.05,476.9648120185049,-0.0,0.0,0.0,476.9648120185049,476.9648120185049,0.0,1.0
6284,2019-09-19 20:00:00,9,2019-09-19 21:00:00,0.15111,0.15111,0.15111,0.0,0.05,339.75094159419194,-0.0,0.0,0.0,339.75094159419194,339.75094159419194,0.0,1.0
6285,2019-09-19 21:00:00,9,2019-09-19 22:00:00,0.12561,0.12561,0.12561,0.0,0.05,242.39271871564,-0.0,0.0,0.0,242.39271871564,242.39271871564,0.0,0.0
6286,2019-09-19 22:00:00,9,2019-09-19 23:00:00,0.12561,0.12561,0.12561,0.0,0.05,304.65550142347047,-0.0,0.0,0.0,304.65550142347047,304.65550142347047,0.0,0.0
6287,2019-09-19 23:00:00,9,2019-09-20 00:00:00,0.10547,0.10547,0.10547,0.0,0.05,250.2333826716627,-0.0,0.0,0.0,250.2333826716627,250.2333826716627,0.0,0.0
6288,2019-09-20 00:00:00,9,2019-09-20 01:00:00,0.10547,0.10547,0.10547,0.0,0.05,228.8778326416112,-0.0,0.0,0.0,228.8778326416112,228.8778326416112,0.0,0.0
6289,2019-09-20 01:00:00,9,2019-09-20 02:00:00,0.10547,0.10547,0.10547,0.0,0.05,223.527120207726,-0.0,0.0,0.0,223.527120207726,223.527120207726,0.0,0.0
6290,2019-09-20 02:00:00,9,2019-09-20 03:00:00,0.10547,0.10547,0.10547,0.0,0.05,218.94280506556333,-0.0,0.0,0.0,218.94280506556333,218.94280506556333,0.0,0.0
6291,2019-09-20 03:00:00,9,2019-09-20 04:00:00,0.10547,0.10547,0.10547,0.0,0.05,227.79251468232053,-300.0,0.0,0.0,527.7925146823205,527.7925146823205,0.0,1.0
6292,2019-09-20 04:00:00,9,2019-09-20 05:00:00,0.10547,0.10547,0.10547,0.0,0.51,220.5979308547489,-300.0,0.0,0.0,520.5979308547489,520.5979308547489,0.0,1.0
6293,2019-09-20 05:00:00,9,2019-09-20 06:00:00,0.10547,0.10547,0.10547,0.0,0.97,304.093156035268,-0.0,0.0,0.0,304.093156035268,304.093156035268,0.0,1.0
6294,2019-09-20 06:00:00,9,2019-09-20 07:00:00,0.10547,0.10547,0.10547,0.0,0.97,313.5886255169711,-19.565217391304348,0.0,0.0,333.15384290827546,333.15384290827546,0.0,1.0
6295,2019-09-20 07:00:00,9,2019-09-20 08:00:00,0.10547,0.10547,0.10547,0.0,1.0,474.7933317414834,-0.0,0.0,0.0,474.7933317414834,474.7933317414834,0.0,0.0
6296,2019-09-20 08:00:00,9,2019-09-20 09:00:00,0.10547,0.10547,0.10547,0.0,1.0,557.1812576532916,-0.0,25.91967008351719,0.0,531.2615875697744,531.2615875697744,0.0,0.0
6297,2019-09-20 09:00:00,9,2019-09-20 10:00:00,0.10547,0.10547,0.10547,0.0,0.9530440759356573,561.6743002680247,-0.0,30.41271269825029,0.0,531.2615875697744,531.2615875697744,0.0,0.0
6298,2019-09-20 10:00:00,9,2019-09-20 11:00:00,0.10547,0.10547,0.10547,0.0,0.897948581917088,607.027078936467,-0.0,75.76549136669257,0.0,531.2615875697744,531.2615875697744,0.0,0.0
6299,2019-09-20 11:00:00,9,2019-09-20 12:00:00,0.10547,0.10547,0.10547,0.0,0.7606922569774275,580.8284762264136,-0.0,49.56688865663921,0.0,531.2615875697744,531.2615875697744,0.0,0.0
6300,2019-09-20 12:00:00,9,2019-09-20 13:00:00,0.10547,0.10547,0.10547,0.0,0.670897168831342,588.9223007561781,-0.0,57.660713186403655,0.0,531.2615875697744,531.2615875697744,0.0,0.0
6301,2019-09-20 13:00:00,9,2019-09-20 14:00:00,0.10547,0.10547,0.10547,0.0,0.5664393550878571,585.1710136384644,-0.0,53.90942606868998,0.0,531.2615875697744,531.2615875697744,0.0,0.0
6302,2019-09-20 14:00:00,9,2019-09-20 15:00:00,0.12561,0.12561,0.12561,0.0,0.46877735134023035,573.0228246727335,-0.0,41.76123710295906,0.0,531.2615875697744,531.2615875697744,0.0,0.0
6303,2019-09-20 15:00:00,9,2019-09-20 16:00:00,0.12561,0.12561,0.12561,0.0,0.3931229362986379,559.2550439370207,-0.0,27.993456367246267,0.0,531.2615875697744,531.2615875697744,0.0,0.0
6304,2019-09-20 16:00:00,9,2019-09-20 17:00:00,0.15111,0.15111,0.15111,0.0,0.34241015302464106,543.4860975055199,-0.0,12.22450993574546,0.0,531.2615875697744,531.2615875697744,0.0,0.0
6305,2019-09-20 17:00:00,9,2019-09-20 18:00:00,0.15111,0.15111,0.15111,0.0,0.32026430169176884,529.043694873764,-0.0,0.0,0.0,529.043694873764,529.043694873764,0.0,1.0
6306,2019-09-20 18:00:00,9,2019-09-20 19:00:00,0.15111,0.15111,0.15111,0.0,0.32026430169176884,518.4518805136427,-0.0,0.0,0.0,518.4518805136427,518.4518805136427,0.0,1.0
6307,2019-09-20 19:00:00,9,2019-09-20 20:00:00,0.15111,0.15111,0.15111,0.0,0.32026430169176884,454.23731306924105,-0.0,0.0,0.0,454.23731306924105,454.23731306924105,0.0,1.0
6308,2019-09-20 20:00:00,9,2019-09-20 21:00:00,0.15111,0.15111,0.15111,0.0,0.32026430169176884,325.2894237374074,-0.0,149.1858945338564,0.0,176.10352920355098,176.10352920355098,0.0,0.0
6309,2019-09-20 21:00:00,9,2019-09-20 22:00:00,0.12561,0.12561,0.12561,0.0,0.05,221.22146636795006,-0.0,0.0,0.0,221.22146636795006,221.22146636795006,0.0,0.0
6310,2019-09-20 22:00:00,9,2019-09-20 23:00:00,0.12561,0.12561,0.12561,0.0,0.05,286.522849147166,-0.0,0.0,0.0,286.522849147166,286.522849147166,0.0,1.0
6311,2019-09-20 23:00:00,9,2019-09-21 00:00:00,0.10547,0.10547,0.10547,0.0,0.05,229.52490650462573,-0.0,0.0,0.0,229.52490650462573,229.52490650462573,0.0,0.0
6312,2019-09-21 00:00:00,9,2019-09-21 01:00:00,0.10547,0.10547,0.10547,0.0,0.05,211.44275989234777,-0.0,0.0,0.0,211.44275989234777,211.44275989234777,0.0,0.0
6313,2019-09-21 01:00:00,9,2019-09-21 02:00:00,0.10547,0.10547,0.10547,0.0,0.05,208.15010238394447,-0.0,0.0,0.0,208.15010238394447,208.15010238394447,0.0,0.0
6314,2019-09-21 02:00:00,9,2019-09-21 03:00:00,0.10547,0.10547,0.10547,0.0,0.05,204.62776800998355,-0.0,0.0,0.0,204.62776800998355,204.62776800998355,0.0,0.0
6315,2019-09-21 03:00:00,9,2019-09-21 04:00:00,0.10547,0.10547,0.10547,0.0,0.05,214.27543465517843,-106.44168208645053,0.0,0.0,320.71711674162896,320.71711674162896,0.0,1.0
6316,2019-09-21 04:00:00,9,2019-09-21 05:00:00,0.10547,0.10547,0.10547,0.0,0.21321057919922415,210.29571064702657,-0.0,0.0,0.0,210.29571064702657,210.29571064702657,0.0,0.0
6317,2019-09-21 05:00:00,9,2019-09-21 06:00:00,0.10547,0.10547,0.10547,0.0,0.21321057919922415,295.05087710264553,-236.21071046712888,0.0,0.0,531.2615875697744,531.2615875697744,0.0,1.0
6318,2019-09-21 06:00:00,9,2019-09-21 07:00:00,0.10547,0.10547,0.10547,0.0,0.5754003352488217,306.3453198562477,-224.91626771352668,0.0,0.0,531.2615875697744,531.2615875697744,0.0,1.0
6319,2019-09-21 07:00:00,9,2019-09-21 08:00:00,0.10547,0.10547,0.10547,0.0,0.920271945742896,479.2650304455761,-51.99655712419832,0.0,0.0,531.2615875697744,531.2615875697744,0.0,1.0
6320,2019-09-21 08:00:00,9,2019-09-21 09:00:00,0.10547,0.10547,0.10547,0.0,1.0,555.8695055004838,-0.0,24.60791793070939,0.0,531.2615875697744,531.2615875697744,0.0,0.0
6321,2019-09-21 09:00:00,9,2019-09-21 10:00:00,0.10547,0.10547,0.10547,0.0,0.9554204385313236,550.8026553285563,-0.0,19.541067758781878,0.0,531.2615875697744,531.2615875697744,0.0,0.0
6322,2019-09-21 10:00:00,9,2019-09-21 11:00:00,0.10547,0.10547,0.10547,0.0,0.9200199534610666,614.3097759822015,-0.0,83.04818841242707,0.0,531.2615875697744,531.2615875697744,0.0,0.0
6323,2019-09-21 11:00:00,9,2019-09-21 12:00:00,0.10547,0.10547,0.10547,0.0,0.7695703367718871,594.544739361223,-0.0,63.28315179144863,0.0,531.2615875697744,531.2615875697744,0.0,0.0
6324,2019-09-21 12:00:00,9,2019-09-21 13:00:00,0.10547,0.10547,0.10547,0.0,0.6549269458453497,590.2104010206065,-0.0,58.94881345083206,0.0,531.2615875697744,531.2615875697744,0.0,0.0
6325,2019-09-21 13:00:00,9,2019-09-21 14:00:00,0.10547,0.10547,0.10547,0.0,0.5481356171300742,575.9693296499267,-0.0,44.70774208015234,0.0,531.2615875697744,531.2615875697744,0.0,0.0
6326,2019-09-21 14:00:00,9,2019-09-21 15:00:00,0.12561,0.12561,0.12561,0.0,0.4671433307529867,570.8667170771955,-0.0,39.60512950742111,0.0,531.2615875697744,531.2615875697744,0.0,0.0
6327,2019-09-21 15:00:00,9,2019-09-21 16:00:00,0.12561,0.12561,0.12561,0.0,0.3953949077322962,575.1181578551981,-0.0,43.856570285423686,0.0,531.2615875697744,531.2615875697744,0.0,0.0
6328,2019-09-21 16:00:00,9,2019-09-21 17:00:00,0.15111,0.15111,0.15111,0.0,0.3159445992442098,572.205847015421,-0.0,40.944259445646594,0.0,531.2615875697744,531.2615875697744,0.0,0.0
6329,2019-09-21 17:00:00,9,2019-09-21 18:00:00,0.15111,0.15111,0.15111,0.0,0.24177021619050224,562.6776883784522,-0.0,82.765382769529,0.0,479.91230560892325,479.91230560892325,0.0,0.0
6330,2019-09-21 18:00:00,9,2019-09-21 19:00:00,0.15111,0.15111,0.15111,0.0,0.0918329285645439,554.3533641374027,-0.0,23.091776567628244,0.0,531.2615875697744,531.2615875697744,0.0,0.0
6331,2019-09-21 19:00:00,9,2019-09-21 20:00:00,0.15111,0.15111,0.15111,0.0,0.05,495.25464928955705,-0.0,0.0,0.0,495.25464928955705,495.25464928955705,0.0,1.0
6332,2019-09-21 20:00:00,9,2019-09-21 21:00:00,0.15111,0.15111,0.15111,0.0,0.05,356.3793234048592,-0.0,0.0,0.0,356.3793234048592,356.3793234048592,0.0,1.0
6333,2019-09-21 21:00:00,9,2019-09-21 22:00:00,0.12561,0.12561,0.12561,0.0,0.05,247.88405360520485,-0.0,0.0,0.0,247.88405360520485,247.88405360520485,0.0,0.0
6334,2019-09-21 22:00:00,9,2019-09-21 23:00:00,0.12561,0.12561,0.12561,0.0,0.05,307.7123753982792,-0.0,0.0,0.0,307.7123753982792,307.7123753982792,0.0,0.0
6335,2019-09-21 23:00:00,9,2019-09-22 00:00:00,0.10547,0.10547,0.10547,0.0,0.05,251.851602882888,-0.0,0.0,0.0,251.851602882888,251.851602882888,0.0,0.0
6336,2019-09-22 00:00:00,9,2019-09-22 01:00:00,0.10547,0.10547,0.10547,0.0,0.05,226.715096082561,-0.0,0.0,0.0,226.715096082561,226.715096082561,0.0,0.0
6337,2019-09-22 01:00:00,9,2019-09-22 02:00:00,0.10547,0.10547,0.10547,0.0,0.05,217.84578548847452,-0.0,0.0,0.0,217.84578548847452,217.84578548847452,0.0,0.0
6338,2019-09-22 02:00:00,9,2019-09-22 03:00:00,0.10547,0.10547,0.10547,0.0,0.05,209.565687669987,-0.0,0.0,0.0,209.565687669987,209.565687669987,0.0,0.0
6339,2019-09-22 03:00:00,9,2019-09-22 04:00:00,0.10547,0.10547,0.10547,0.0,0.05,249.57995406175243,-281.68163350802195,0.0,0.0,531.2615875697744,531.2615875697744,0.0,1.0
6340,2019-09-22 04:00:00,9,2019-09-22 05:00:00,0.10547,0.10547,0.10547,0.0,0.48191183804563364,244.4128173017451,-286.8487702680293,0.0,0.0,531.2615875697744,531.2615875697744,0.0,1.0
6341,2019-09-22 05:00:00,9,2019-09-22 06:00:00,0.10547,0.10547,0.10547,0.0,0.9217466191232787,327.3241516763541,-0.0,0.0,0.0,327.3241516763541,327.3241516763541,0.0,1.0
6342,2019-09-22 06:00:00,9,2019-09-22 07:00:00,0.10547,0.10547,0.10547,0.0,0.9217466191232787,318.50199542474223,-51.03481361525303,0.0,0.0,369.53680903999526,369.53680903999526,0.0,1.0
6343,2019-09-22 07:00:00,9,2019-09-22 08:00:00,0.10547,0.10547,0.10547,0.0,1.0,475.1455533743375,-0.0,0.0,0.0,475.1455533743375,475.1455533743375,0.0,1.0
6344,2019-09-22 08:00:00,9,2019-09-22 09:00:00,0.10547,0.10547,0.10547,0.0,1.0,556.7848736871348,-0.0,25.523286117360385,0.0,531.2615875697744,531.2615875697744,0.0,0.0
6345,2019-09-22 09:00:00,9,2019-09-22 10:00:00,0.10547,0.10547,0.10547,0.0,0.9537621628308689,556.2746081317644,-0.0,25.013020561989947,0.0,531.2615875697744,531.2615875697744,0.0,0.0
6346,2019-09-22 10:00:00,9,2019-09-22 11:00:00,0.10547,0.10547,0.10547,0.0,0.9084487197837857,612.7982222211145,-0.0,81.53663465134014,0.0,531.2615875697744,531.2615875697744,0.0,0.0
6347,2019-09-22 11:00:00,9,2019-09-22 12:00:00,0.10547,0.10547,0.10547,0.0,0.7607374251255609,591.711882228369,-0.0,60.450294658594544,0.0,531.2615875697744,531.2615875697744,0.0,0.0
6348,2019-09-22 12:00:00,9,2019-09-22 13:00:00,0.10547,0.10547,0.10547,0.0,0.6512260217585417,589.0761319907665,-0.0,57.81454442099209,0.0,531.2615875697744,531.2615875697744,0.0,0.0
6349,2019-09-22 13:00:00,9,2019-09-22 14:00:00,0.10547,0.10547,0.10547,0.0,0.5464895282422517,574.1107094511059,-0.0,42.849121881331484,0.0,531.2615875697744,531.2615875697744,0.0,0.0
6350,2019-09-22 14:00:00,9,2019-09-22 15:00:00,0.12561,0.12561,0.12561,0.0,0.4688643074427381,565.4977328129111,-0.0,34.23614524313666,0.0,531.2615875697744,531.2615875697744,0.0,0.0
6351,2019-09-22 15:00:00,9,2019-09-22 16:00:00,0.12561,0.12561,0.12561,0.0,0.40684230519067893,563.8263387315043,-0.0,32.56475116172987,0.0,531.2615875697744,531.2615875697744,0.0,0.0
6352,2019-09-22 16:00:00,9,2019-09-22 17:00:00,0.15111,0.15111,0.15111,0.0,0.3478481907672552,553.0739563407252,-0.0,154.91567422331778,0.0,398.15828211740745,398.15828211740745,0.0,0.0
6353,2019-09-22 17:00:00,9,2019-09-22 18:00:00,0.15111,0.15111,0.15111,0.0,0.06720385340617228,540.7581146499815,-0.0,9.496527080207102,0.0,531.2615875697744,531.2615875697744,0.0,0.0
6354,2019-09-22 18:00:00,9,2019-09-22 19:00:00,0.15111,0.15111,0.15111,0.0,0.05,518.2404270526034,-0.0,0.0,0.0,518.2404270526034,518.2404270526034,0.0,0.0
6355,2019-09-22 19:00:00,9,2019-09-22 20:00:00,0.15111,0.15111,0.15111,0.0,0.05,457.6099612123097,-0.0,0.0,0.0,457.6099612123097,457.6099612123097,0.0,1.0
6356,2019-09-22 20:00:00,9,2019-09-22 21:00:00,0.15111,0.15111,0.15111,0.0,0.05,325.9389013651612,-0.0,0.0,0.0,325.9389013651612,325.9389013651612,0.0,1.0
6357,2019-09-22 21:00:00,9,2019-09-22 22:00:00,0.12561,0.12561,0.12561,0.0,0.05,227.54653026524872,-0.0,0.0,0.0,227.54653026524872,227.54653026524872,0.0,0.0
6358,2019-09-22 22:00:00,9,2019-09-22 23:00:00,0.12561,0.12561,0.12561,0.0,0.05,288.2101311125908,-0.0,0.0,0.0,288.2101311125908,288.2101311125908,0.0,1.0
6359,2019-09-22 23:00:00,9,2019-09-23 00:00:00,0.10547,0.10547,0.10547,0.0,0.05,226.90677204973593,-0.0,0.0,0.0,226.90677204973593,226.90677204973593,0.0,0.0
6360,2019-09-23 00:00:00,9,2019-09-23 01:00:00,0.10547,0.10547,0.10547,0.0,0.05,199.9524591039511,-0.0,0.0,0.0,199.9524591039511,199.9524591039511,0.0,0.0
6361,2019-09-23 01:00:00,9,2019-09-23 02:00:00,0.10547,0.10547,0.10547,0.0,0.05,194.2743212803001,-0.0,0.0,0.0,194.2743212803001,194.2743212803001,0.0,0.0
6362,2019-09-23 02:00:00,9,2019-09-23 03:00:00,0.10547,0.10547,0.10547,0.0,0.05,191.674752843457,-0.0,0.0,0.0,191.674752843457,191.674752843457,0.0,0.0
6363,2019-09-23 03:00:00,9,2019-09-23 04:00:00,0.10547,0.10547,0.10547,0.0,0.05,206.44403213221648,-0.0,0.0,0.0,206.44403213221648,206.44403213221648,0.0,0.0
6364,2019-09-23 04:00:00,9,2019-09-23 05:00:00,0.10547,0.10547,0.10547,0.0,0.05,204.4245682757171,-300.0,0.0,0.0,504.4245682757171,504.4245682757171,0.0,1.0
6365,2019-09-23 05:00:00,9,2019-09-23 06:00:00,0.10547,0.10547,0.10547,0.0,0.51,266.15012491339945,-265.11146265637495,0.0,0.0,531.2615875697744,531.2615875697744,0.0,1.0
6366,2019-09-23 06:00:00,9,2019-09-23 07:00:00,0.10547,0.10547,0.10547,0.0,0.9165042427397749,275.1875484853585,-54.45375473492936,0.0,0.0,329.64130322028785,329.64130322028785,0.0,1.0
6367,2019-09-23 07:00:00,9,2019-09-23 08:00:00,0.10547,0.10547,0.10547,0.0,1.0,416.03834908837985,-0.0,0.0,0.0,416.03834908837985,416.03834908837985,0.0,1.0
6368,2019-09-23 08:00:00,9,2019-09-23 09:00:00,0.10547,0.10547,0.10547,0.0,1.0,484.52825479226317,-0.0,0.0,0.0,484.52825479226317,484.52825479226317,0.0,0.0
6369,2019-09-23 09:00:00,9,2019-09-23 10:00:00,0.10547,0.10547,0.10547,0.0,1.0,550.2030903740441,-0.0,18.941502804269703,0.0,531.2615875697744,531.2615875697744,0.0,0.0
6370,2019-09-23 10:00:00,9,2019-09-23 11:00:00,0.10547,0.10547,0.10547,0.0,0.9656856833255983,614.2972780864094,-0.0,83.03569051663499,0.0,531.2615875697744,531.2615875697744,0.0,0.0
6371,2019-09-23 11:00:00,9,2019-09-23 12:00:00,0.10547,0.10547,0.10547,0.0,0.8152587077519843,593.9581897733161,-0.0,62.696602203541715,0.0,531.2615875697744,531.2615875697744,0.0,0.0
6372,2019-09-23 12:00:00,9,2019-09-23 13:00:00,0.10547,0.10547,0.10547,0.0,0.7016779066586116,593.4179443408814,-0.0,62.15635677110697,0.0,531.2615875697744,531.2615875697744,0.0,0.0
6373,2019-09-23 13:00:00,9,2019-09-23 14:00:00,0.10547,0.10547,0.10547,0.0,0.5890758110587802,577.306738994894,-0.0,46.04515142511957,0.0,531.2615875697744,531.2615875697744,0.0,0.0
6374,2019-09-23 14:00:00,9,2019-09-23 15:00:00,0.12561,0.12561,0.12561,0.0,0.5056606816654475,558.5116211845275,-0.0,27.25003361475308,0.0,531.2615875697744,531.2615875697744,0.0,0.0
6375,2019-09-23 15:00:00,9,2019-09-23 16:00:00,0.12561,0.12561,0.12561,0.0,0.45629467874017027,544.7778721508874,-0.0,13.516284581113041,0.0,531.2615875697744,531.2615875697744,0.0,0.0
6376,2019-09-23 16:00:00,9,2019-09-23 17:00:00,0.15111,0.15111,0.15111,0.0,0.43180865594829876,535.5584959851735,-0.0,4.296908415399116,0.0,531.2615875697744,531.2615875697744,0.0,0.0
6377,2019-09-23 17:00:00,9,2019-09-23 18:00:00,0.15111,0.15111,0.15111,0.0,0.4240244015725757,502.58654366571466,-0.0,206.46146966806182,0.0,296.12507399765286,296.12507399765286,0.0,0.0
6378,2019-09-23 18:00:00,9,2019-09-23 19:00:00,0.15111,0.15111,0.15111,0.0,0.05,439.4088041958625,-0.0,0.0,0.0,439.4088041958625,439.4088041958625,0.0,1.0
6379,2019-09-23 19:00:00,9,2019-09-23 20:00:00,0.15111,0.15111,0.15111,0.0,0.05,413.51327076953635,-0.0,0.0,0.0,413.51327076953635,413.51327076953635,0.0,1.0
6380,2019-09-23 20:00:00,9,2019-09-23 21:00:00,0.15111,0.15111,0.15111,0.0,0.05,314.21859909684406,-0.0,0.0,0.0,314.21859909684406,314.21859909684406,0.0,0.0
6381,2019-09-23 21:00:00,9,2019-09-23 22:00:00,0.12561,0.12561,0.12561,0.0,0.05,233.41001165940986,-0.0,0.0,0.0,233.41001165940986,233.41001165940986,0.0,0.0
6382,2019-09-23 22:00:00,9,2019-09-23 23:00:00,0.12561,0.12561,0.12561,0.0,0.05,296.23104259186334,-0.0,0.0,0.0,296.23104259186334,296.23104259186334,0.0,1.0
6383,2019-09-23 23:00:00,9,2019-09-24 00:00:00,0.10547,0.10547,0.10547,0.0,0.05,239.24742248215756,-0.0,0.0,0.0,239.24742248215756,239.24742248215756,0.0,0.0
6384,2019-09-24 00:00:00,9,2019-09-24 01:00:00,0.10547,0.10547,0.10547,0.0,0.05,216.62611263707214,-0.0,0.0,0.0,216.62611263707214,216.62611263707214,0.0,0.0
6385,2019-09-24 01:00:00,9,2019-09-24 02:00:00,0.10547,0.10547,0.10547,0.0,0.05,211.24488404438264,-0.0,0.0,0.0,211.24488404438264,211.24488404438264,0.0,0.0
6386,2019-09-24 02:00:00,9,2019-09-24 03:00:00,0.10547,0.10547,0.10547,0.0,0.05,205.97818887254462,-0.0,0.0,0.0,205.97818887254462,205.97818887254462,0.0,0.0
6387,2019-09-24 03:00:00,9,2019-09-24 04:00:00,0.10547,0.10547,0.10547,0.0,0.05,215.4665258820915,-0.0,0.0,0.0,215.4665258820915,215.4665258820915,0.0,0.0
6388,2019-09-24 04:00:00,9,2019-09-24 05:00:00,0.10547,0.10547,0.10547,0.0,0.05,211.45727093326767,-0.0,0.0,0.0,211.45727093326767,211.45727093326767,0.0,0.0
6389,2019-09-24 05:00:00,9,2019-09-24 06:00:00,0.10547,0.10547,0.10547,0.0,0.05,270.3630456390685,-260.89854193070585,0.0,0.0,531.2615875697743,531.2615875697743,0.0,1.0
6390,2019-09-24 06:00:00,9,2019-09-24 07:00:00,0.10547,0.10547,0.10547,0.0,0.4500444309604156,275.01778741813615,-0.0,0.0,0.0,275.01778741813615,275.01778741813615,0.0,0.0
6391,2019-09-24 07:00:00,9,2019-09-24 08:00:00,0.10547,0.10547,0.10547,0.0,0.4500444309604156,346.4534785688029,-0.0,0.0,0.0,346.4534785688029,346.4534785688029,0.0,0.0
6392,2019-09-24 08:00:00,9,2019-09-24 09:00:00,0.10547,0.10547,0.10547,0.0,0.4500444309604156,308.7959030230499,-222.46568454672445,0.0,0.0,531.2615875697743,531.2615875697743,0.0,1.0
6393,2019-09-24 09:00:00,9,2019-09-24 10:00:00,0.10547,0.10547,0.10547,0.0,0.7911584805987266,396.27828955071357,-134.98329801906078,0.0,0.0,531.2615875697743,531.2615875697743,0.0,1.0
6394,2019-09-24 10:00:00,9,2019-09-24 11:00:00,0.10547,0.10547,0.10547,0.0,0.9981328708946201,464.1540985517742,-0.0,0.0,0.0,464.1540985517742,464.1540985517742,0.0,0.0
6395,2019-09-24 11:00:00,9,2019-09-24 12:00:00,0.10547,0.10547,0.10547,0.0,0.9981328708946201,495.56790781417703,-0.0,0.0,0.0,495.567907814177,495.567907814177,0.0,0.0
6396,2019-09-24 12:00:00,9,2019-09-24 13:00:00,0.10547,0.10547,0.10547,0.0,0.99813287089462,492.18921387125033,-0.0,5.684341886080802e-14,0.0,492.1892138712503,492.1892138712503,0.0,0.0
6397,2019-09-24 13:00:00,9,2019-09-24 14:00:00,0.10547,0.10547,0.10547,0.0,0.9981328708946198,479.9755349549629,-1.2176928948131263,0.0,0.0,481.193227849776,481.193227849776,0.0,1.0
6398,2019-09-24 14:00:00,9,2019-09-24 15:00:00,0.12561,0.12561,0.12561,0.0,1.0,466.2573545804251,-0.0,0.0,0.0,466.2573545804251,466.2573545804251,0.0,1.0
6399,2019-09-24 15:00:00,9,2019-09-24 16:00:00,0.12561,0.12561,0.12561,0.0,1.0,458.50190258946793,-0.0,0.0,0.0,458.50190258946793,458.50190258946793,0.0,0.0
6400,2019-09-24 16:00:00,9,2019-09-24 17:00:00,0.15111,0.15111,0.15111,0.0,1.0,392.0484469175126,-0.0,300.0,0.0,92.04844691751259,92.04844691751259,0.0,0.0
6401,2019-09-24 17:00:00,9,2019-09-24 18:00:00,0.15111,0.15111,0.15111,0.0,0.4565217391304348,400.6288158860695,-0.0,0.0,0.0,400.6288158860695,400.6288158860695,0.0,0.0
6402,2019-09-24 18:00:00,9,2019-09-24 19:00:00,0.15111,0.15111,0.15111,0.0,0.4565217391304348,386.2119855002661,-0.0,0.0,0.0,386.2119855002661,386.2119855002661,0.0,0.0
6403,2019-09-24 19:00:00,9,2019-09-24 20:00:00,0.15111,0.15111,0.15111,0.0,0.4565217391304348,361.17607227627764,-0.0,224.4,0.0,136.77607227627757,136.77607227627757,0.0,0.0
6404,2019-09-24 20:00:00,9,2019-09-24 21:00:00,0.15111,0.15111,0.15111,0.0,0.05,322.1353756496463,-0.0,2.842170943040401e-14,0.0,322.1353756496463,322.1353756496463,0.0,1.0
6405,2019-09-24 21:00:00,9,2019-09-24 22:00:00,0.12561,0.12561,0.12561,0.0,0.05,213.68516463528945,-0.0,0.0,0.0,213.68516463528945,213.68516463528945,0.0,0.0
6406,2019-09-24 22:00:00,9,2019-09-24 23:00:00,0.12561,0.12561,0.12561,0.0,0.05,280.23108969234977,-0.0,0.0,0.0,280.23108969234977,280.23108969234977,0.0,1.0
6407,2019-09-24 23:00:00,9,2019-09-25 00:00:00,0.10547,0.10547,0.10547,0.0,0.05,220.44624899079588,-0.0,-1.5213646573553368e-14,0.0,220.4462489907959,220.4462489907959,0.0,0.0
6408,2019-09-25 00:00:00,9,2019-09-25 01:00:00,0.10547,0.10547,0.10547,0.0,0.05,206.22609222723037,-0.0,0.0,0.0,206.22609222723037,206.22609222723037,0.0,0.0
6409,2019-09-25 01:00:00,9,2019-09-25 02:00:00,0.10547,0.10547,0.10547,0.0,0.05,202.0665408608088,-0.0,0.0,0.0,202.0665408608088,202.0665408608088,0.0,0.0
6410,2019-09-25 02:00:00,9,2019-09-25 03:00:00,0.10547,0.10547,0.10547,0.0,0.05,197.66273769598232,-0.0,0.0,0.0,197.66273769598232,197.66273769598232,0.0,0.0
6411,2019-09-25 03:00:00,9,2019-09-25 04:00:00,0.10547,0.10547,0.10547,0.0,0.05,207.2346170311432,-73.40555630711755,0.0,0.0,280.64017333826075,280.64017333826075,0.0,1.0
6412,2019-09-25 04:00:00,9,2019-09-25 05:00:00,0.10547,0.10547,0.10547,0.0,0.16255518633758026,202.9680995814052,-0.0,0.0,0.0,202.9680995814052,202.9680995814052,0.0,0.0
6413,2019-09-25 05:00:00,9,2019-09-25 06:00:00,0.10547,0.10547,0.10547,0.0,0.16255518633758026,287.84382583487013,-243.41776173490427,0.0,0.0,531.2615875697744,531.2615875697744,0.0,1.0
6414,2019-09-25 06:00:00,9,2019-09-25 07:00:00,0.10547,0.10547,0.10547,0.0,0.5357957543311002,293.5620643290911,-237.69952324068333,0.0,0.0,531.2615875697744,531.2615875697744,0.0,1.0
6415,2019-09-25 07:00:00,9,2019-09-25 08:00:00,0.10547,0.10547,0.10547,0.0,0.9002683566334811,466.21921146117523,-65.04237610859917,0.0,0.0,531.2615875697744,531.2615875697744,0.0,1.0
6416,2019-09-25 08:00:00,9,2019-09-25 09:00:00,0.10547,0.10547,0.10547,0.0,1.0,542.9973325008057,-0.0,11.735744931031263,0.0,531.2615875697744,531.2615875697744,0.0,0.0
6417,2019-09-25 09:00:00,9,2019-09-25 10:00:00,0.10547,0.10547,0.10547,0.0,0.9787395925162478,538.5283677102491,-0.0,7.26678014047468,0.0,531.2615875697744,531.2615875697744,0.0,0.0
6418,2019-09-25 10:00:00,9,2019-09-25 11:00:00,0.10547,0.10547,0.10547,0.0,0.9655751357400254,608.131557189324,-0.0,76.86996961954958,0.0,531.2615875697744,531.2615875697744,0.0,0.0
6419,2019-09-25 11:00:00,9,2019-09-25 12:00:00,0.10547,0.10547,0.10547,0.0,0.8263179444002617,593.0880972148373,-0.0,61.826509645062856,0.0,531.2615875697744,531.2615875697744,0.0,0.0
6420,2019-09-25 12:00:00,9,2019-09-25 13:00:00,0.10547,0.10547,0.10547,0.0,0.7143133979418146,597.7732184037528,-0.0,66.51163083397842,0.0,531.2615875697744,531.2615875697744,0.0,0.0
6421,2019-09-25 13:00:00,9,2019-09-25 14:00:00,0.10547,0.10547,0.10547,0.0,0.5938213130976508,588.1720926535725,-0.0,56.91050508379806,0.0,531.2615875697744,531.2615875697744,0.0,0.0
6422,2019-09-25 14:00:00,9,2019-09-25 15:00:00,0.12561,0.12561,0.12561,0.0,0.49072257200381375,574.850683265053,-0.0,43.589095695278615,0.0,531.2615875697744,531.2615875697744,0.0,0.0
6423,2019-09-25 15:00:00,9,2019-09-25 16:00:00,0.12561,0.12561,0.12561,0.0,0.41175681893265687,565.805586770924,-0.0,34.54399920114963,0.0,531.2615875697744,531.2615875697744,0.0,0.0
6424,2019-09-25 16:00:00,9,2019-09-25 17:00:00,0.15111,0.15111,0.15111,0.0,0.34917711023492204,554.6706601254205,-0.0,146.1841100123523,0.0,408.4865501130681,408.4865501130681,0.0,0.0
6425,2019-09-25 17:00:00,9,2019-09-25 18:00:00,0.15111,0.15111,0.15111,0.0,0.08435082398066061,544.4306541040635,-0.0,13.169066534289072,0.0,531.2615875697744,531.2615875697744,0.0,0.0
6426,2019-09-25 18:00:00,9,2019-09-25 19:00:00,0.15111,0.15111,0.15111,0.0,0.060493819389557224,537.05417587281,-0.0,5.792588303035586,0.0,531.2615875697744,531.2615875697744,0.0,0.0
6427,2019-09-25 19:00:00,9,2019-09-25 20:00:00,0.15111,0.15111,0.15111,0.0,0.05,480.9205812628317,-0.0,0.0,0.0,480.9205812628317,480.9205812628317,0.0,1.0
6428,2019-09-25 20:00:00,9,2019-09-25 21:00:00,0.15111,0.15111,0.15111,0.0,0.05,344.49075185307936,-0.0,0.0,0.0,344.49075185307936,344.49075185307936,0.0,1.0
6429,2019-09-25 21:00:00,9,2019-09-25 22:00:00,0.12561,0.12561,0.12561,0.0,0.05,239.6760944319028,-0.0,0.0,0.0,239.6760944319028,239.6760944319028,0.0,0.0
6430,2019-09-25 22:00:00,9,2019-09-25 23:00:00,0.12561,0.12561,0.12561,0.0,0.05,304.2500663771917,-0.0,0.0,0.0,304.2500663771917,304.2500663771917,0.0,0.0
6431,2019-09-25 23:00:00,9,2019-09-26 00:00:00,0.10547,0.10547,0.10547,0.0,0.05,250.4216044928054,-0.0,0.0,0.0,250.4216044928054,250.4216044928054,0.0,0.0
6432,2019-09-26 00:00:00,9,2019-09-26 01:00:00,0.10547,0.10547,0.10547,0.0,0.05,230.59192600616845,-0.0,0.0,0.0,230.59192600616845,230.59192600616845,0.0,0.0
6433,2019-09-26 01:00:00,9,2019-09-26 02:00:00,0.10547,0.10547,0.10547,0.0,0.05,226.98855828249117,-0.0,0.0,0.0,226.98855828249117,226.98855828249117,0.0,0.0
6434,2019-09-26 02:00:00,9,2019-09-26 03:00:00,0.10547,0.10547,0.10547,0.0,0.05,224.27069084908294,-0.0,0.0,0.0,224.27069084908294,224.27069084908294,0.0,0.0
6435,2019-09-26 03:00:00,9,2019-09-26 04:00:00,0.10547,0.10547,0.10547,0.0,0.05,270.9296004519519,-260.3319871178225,0.0,0.0,531.2615875697744,531.2615875697744,0.0,1.0
6436,2019-09-26 04:00:00,9,2019-09-26 05:00:00,0.10547,0.10547,0.10547,0.0,0.4491757135806612,269.8521887297297,-261.40939884004473,0.0,0.0,531.2615875697744,531.2615875697744,0.0,1.0
6437,2019-09-26 05:00:00,9,2019-09-26 06:00:00,0.10547,0.10547,0.10547,0.0,0.8500034584687298,359.2665322863919,-0.0,0.0,0.0,359.2665322863919,359.2665322863919,0.0,1.0
6438,2019-09-26 06:00:00,9,2019-09-26 07:00:00,0.10547,0.10547,0.10547,0.0,0.8500034584687298,358.09930699277373,-97.82383143343709,0.0,0.0,455.9231384262108,455.9231384262108,0.0,1.0
6439,2019-09-26 07:00:00,9,2019-09-26 08:00:00,0.10547,0.10547,0.10547,0.0,1.0,492.51649100220703,-0.0,0.0,0.0,492.51649100220703,492.51649100220703,0.0,0.0
6440,2019-09-26 08:00:00,9,2019-09-26 09:00:00,0.10547,0.10547,0.10547,0.0,1.0,559.9519859323424,-0.0,28.690398362567976,0.0,531.2615875697744,531.2615875697744,0.0,0.0
6441,2019-09-26 09:00:00,9,2019-09-26 10:00:00,0.10547,0.10547,0.10547,0.0,0.9480246406475218,554.6446727346122,-0.0,23.38308516483778,0.0,531.2615875697744,531.2615875697744,0.0,0.0
6442,2019-09-26 10:00:00,9,2019-09-26 11:00:00,0.10547,0.10547,0.10547,0.0,0.9056639791170185,608.3395439810229,-0.0,77.07795641124846,0.0,531.2615875697744,531.2615875697744,0.0,0.0
6443,2019-09-26 11:00:00,9,2019-09-26 12:00:00,0.10547,0.10547,0.10547,0.0,0.7660300001111336,591.9487260430882,-0.0,60.68713847331378,0.0,531.2615875697744,531.2615875697744,0.0,0.0
6444,2019-09-26 12:00:00,9,2019-09-26 13:00:00,0.10547,0.10547,0.10547,0.0,0.6560895318623768,593.1407010491312,-0.0,61.87911347935676,0.0,531.2615875697744,531.2615875697744,0.0,0.0
6445,2019-09-26 13:00:00,9,2019-09-26 14:00:00,0.10547,0.10547,0.10547,0.0,0.5439896886026726,579.5794422852093,-0.0,48.31785471543492,0.0,531.2615875697744,531.2615875697744,0.0,0.0
6446,2019-09-26 14:00:00,9,2019-09-26 15:00:00,0.12561,0.12561,0.12561,0.0,0.4564573431036963,564.7749505740919,-0.0,33.51336300431751,0.0,531.2615875697744,531.2615875697744,0.0,0.0
6447,2019-09-26 15:00:00,9,2019-09-26 16:00:00,0.12561,0.12561,0.12561,0.0,0.39574472896543994,553.9560780900979,-0.0,22.694490520323484,0.0,531.2615875697744,531.2615875697744,0.0,0.0
6448,2019-09-26 16:00:00,9,2019-09-26 17:00:00,0.15111,0.15111,0.15111,0.0,0.3546315215010858,544.5228484354491,-0.0,162.7675340021447,0.0,381.75531443330436,381.75531443330436,0.0,0.0
6449,2019-09-26 17:00:00,9,2019-09-26 18:00:00,0.15111,0.15111,0.15111,0.0,0.059762800482707684,536.650653436229,-0.0,5.389065866454644,0.0,531.2615875697744,531.2615875697744,0.0,0.0
6450,2019-09-26 18:00:00,9,2019-09-26 19:00:00,0.15111,0.15111,0.15111,0.0,0.05,514.4843540558405,-0.0,0.0,0.0,514.4843540558405,514.4843540558405,0.0,0.0
6451,2019-09-26 19:00:00,9,2019-09-26 20:00:00,0.15111,0.15111,0.15111,0.0,0.05,457.95323393521113,-0.0,0.0,0.0,457.95323393521113,457.95323393521113,0.0,1.0
6452,2019-09-26 20:00:00,9,2019-09-26 21:00:00,0.15111,0.15111,0.15111,0.0,0.05,328.38868894982426,-0.0,0.0,0.0,328.38868894982426,328.38868894982426,0.0,1.0
6453,2019-09-26 21:00:00,9,2019-09-26 22:00:00,0.12561,0.12561,0.12561,0.0,0.05,232.95186948076014,-0.0,0.0,0.0,232.95186948076014,232.95186948076014,0.0,0.0
6454,2019-09-26 22:00:00,9,2019-09-26 23:00:00,0.12561,0.12561,0.12561,0.0,0.05,297.6411318261349,-0.0,0.0,0.0,297.6411318261349,297.6411318261349,0.0,1.0
6455,2019-09-26 23:00:00,9,2019-09-27 00:00:00,0.10547,0.10547,0.10547,0.0,0.05,240.6011179602302,-0.0,0.0,0.0,240.6011179602302,240.6011179602302,0.0,0.0
6456,2019-09-27 00:00:00,9,2019-09-27 01:00:00,0.10547,0.10547,0.10547,0.0,0.05,218.25171595631895,-0.0,0.0,0.0,218.25171595631895,218.25171595631895,0.0,0.0
6457,2019-09-27 01:00:00,9,2019-09-27 02:00:00,0.10547,0.10547,0.10547,0.0,0.05,211.8562775115156,-0.0,0.0,0.0,211.8562775115156,211.8562775115156,0.0,0.0
6458,2019-09-27 02:00:00,9,2019-09-27 03:00:00,0.10547,0.10547,0.10547,0.0,0.05,209.0578081215586,-0.0,0.0,0.0,209.0578081215586,209.0578081215586,0.0,0.0
6459,2019-09-27 03:00:00,9,2019-09-27 04:00:00,0.10547,0.10547,0.10547,0.0,0.05,221.8934343903686,-300.0,0.0,0.0,521.8934343903686,521.8934343903686,0.0,1.0
6460,2019-09-27 04:00:00,9,2019-09-27 05:00:00,0.10547,0.10547,0.10547,0.0,0.51,221.27825078530404,-0.0,0.0,0.0,221.27825078530404,221.27825078530404,0.0,0.0
6461,2019-09-27 05:00:00,9,2019-09-27 06:00:00,0.10547,0.10547,0.10547,0.0,0.51,309.4424086718624,-57.93091246205821,0.0,0.0,367.37332113392057,367.37332113392057,0.0,1.0
6462,2019-09-27 06:00:00,9,2019-09-27 07:00:00,0.10547,0.10547,0.10547,0.0,0.5988273991084893,320.6342284916215,-210.6273590781529,0.0,0.0,531.2615875697744,531.2615875697744,0.0,1.0
6463,2019-09-27 07:00:00,9,2019-09-27 08:00:00,0.10547,0.10547,0.10547,0.0,0.9217893496949904,480.2546417186812,-51.00694585109318,0.0,0.0,531.2615875697744,531.2615875697744,0.0,1.0
6464,2019-09-27 08:00:00,9,2019-09-27 09:00:00,0.10547,0.10547,0.10547,0.0,1.0,546.2492364750591,-0.0,14.987648905284686,0.0,531.2615875697744,531.2615875697744,0.0,0.0
6465,2019-09-27 09:00:00,9,2019-09-27 10:00:00,0.10547,0.10547,0.10547,0.0,0.9728484621281075,547.4956079701241,-0.0,16.234020400349664,0.0,531.2615875697744,531.2615875697744,0.0,0.0
6466,2019-09-27 10:00:00,9,2019-09-27 11:00:00,0.10547,0.10547,0.10547,0.0,0.9434390048810972,606.3137955052446,-0.0,75.05220793547016,0.0,531.2615875697744,531.2615875697744,0.0,0.0
6467,2019-09-27 11:00:00,9,2019-09-27 12:00:00,0.10547,0.10547,0.10547,0.0,0.8074748600704629,583.6391403230633,-0.0,52.37755275328891,0.0,531.2615875697744,531.2615875697744,0.0,0.0
6468,2019-09-27 12:00:00,9,2019-09-27 13:00:00,0.10547,0.10547,0.10547,0.0,0.7125879891405916,585.130667127403,-0.0,53.86907955762854,0.0,531.2615875697744,531.2615875697744,0.0,0.0
6469,2019-09-27 13:00:00,9,2019-09-27 14:00:00,0.10547,0.10547,0.10547,0.0,0.614999076898511,572.7058709517705,-0.0,41.444283381996115,0.0,531.2615875697744,531.2615875697744,0.0,0.0
6470,2019-09-27 14:00:00,9,2019-09-27 15:00:00,0.12561,0.12561,0.12561,0.0,0.539918853380402,557.7703990528897,-0.0,26.508811483115323,0.0,531.2615875697744,531.2615875697744,0.0,0.0
6471,2019-09-27 15:00:00,9,2019-09-27 16:00:00,0.12561,0.12561,0.12561,0.0,0.49189564417185977,545.929223384109,-0.0,14.66763581433463,0.0,531.2615875697744,531.2615875697744,0.0,0.0
6472,2019-09-27 16:00:00,9,2019-09-27 17:00:00,0.15111,0.15111,0.15111,0.0,0.465323840160384,535.3579295660749,-0.0,227.55649703422378,0.0,307.8014325318511,307.8014325318511,0.0,0.0
6473,2019-09-27 17:00:00,9,2019-09-27 18:00:00,0.15111,0.15111,0.15111,0.0,0.05308380930128296,532.9638503040826,-0.0,1.7022627343081922,0.0,531.2615875697744,531.2615875697744,0.0,0.0
6474,2019-09-27 18:00:00,9,2019-09-27 19:00:00,0.15111,0.15111,0.15111,0.0,0.05,530.1318547619397,-0.0,0.0,0.0,530.1318547619397,530.1318547619397,0.0,0.0
6475,2019-09-27 19:00:00,9,2019-09-27 20:00:00,0.15111,0.15111,0.15111,0.0,0.05,474.66837427404965,-0.0,0.0,0.0,474.66837427404965,474.66837427404965,0.0,1.0
6476,2019-09-27 20:00:00,9,2019-09-27 21:00:00,0.15111,0.15111,0.15111,0.0,0.05,340.76667642129746,-0.0,0.0,0.0,340.76667642129746,340.76667642129746,0.0,1.0
6477,2019-09-27 21:00:00,9,2019-09-27 22:00:00,0.12561,0.12561,0.12561,0.0,0.05,235.13420311412156,-0.0,0.0,0.0,235.13420311412156,235.13420311412156,0.0,0.0
6478,2019-09-27 22:00:00,9,2019-09-27 23:00:00,0.12561,0.12561,0.12561,0.0,0.05,300.06606574806204,-0.0,0.0,0.0,300.06606574806204,300.06606574806204,0.0,0.0
6479,2019-09-27 23:00:00,9,2019-09-28 00:00:00,0.10547,0.10547,0.10547,0.0,0.05,245.85183543563778,-0.0,0.0,0.0,245.85183543563778,245.85183543563778,0.0,0.0
6480,2019-09-28 00:00:00,9,2019-09-28 01:00:00,0.10547,0.10547,0.10547,0.0,0.05,227.1127389475548,-0.0,0.0,0.0,227.1127389475548,227.1127389475548,0.0,0.0
6481,2019-09-28 01:00:00,9,2019-09-28 02:00:00,0.10547,0.10547,0.10547,0.0,0.05,224.43608816350795,-0.0,0.0,0.0,224.43608816350795,224.43608816350795,0.0,0.0
6482,2019-09-28 02:00:00,9,2019-09-28 03:00:00,0.10547,0.10547,0.10547,0.0,0.05,222.2906610324511,-0.0,0.0,0.0,222.2906610324511,222.2906610324511,0.0,0.0
6483,2019-09-28 03:00:00,9,2019-09-28 04:00:00,0.10547,0.10547,0.10547,0.0,0.05,235.48698076190962,-295.77460680786476,0.0,0.0,531.2615875697744,531.2615875697744,0.0,1.0
6484,2019-09-28 04:00:00,9,2019-09-28 05:00:00,0.10547,0.10547,0.10547,0.0,0.5035210637720593,234.00421074930128,-297.25737682047316,0.0,0.0,531.2615875697744,531.2615875697744,0.0,1.0
6485,2019-09-28 05:00:00,9,2019-09-28 06:00:00,0.10547,0.10547,0.10547,0.0,0.959315708230118,323.3509447216563,-0.0,0.0,0.0,323.3509447216563,323.3509447216563,0.0,1.0
6486,2019-09-28 06:00:00,9,2019-09-28 07:00:00,0.10547,0.10547,0.10547,0.0,0.959315708230118,339.6279607197794,-26.533233762966514,0.0,0.0,366.16119448274594,366.16119448274594,0.0,1.0
6487,2019-09-28 07:00:00,9,2019-09-28 08:00:00,0.10547,0.10547,0.10547,0.0,1.0,495.72718168797337,-0.0,0.0,0.0,495.72718168797337,495.72718168797337,0.0,1.0
6488,2019-09-28 08:00:00,9,2019-09-28 09:00:00,0.10547,0.10547,0.10547,0.0,1.0,557.1440735921906,-0.0,25.882486022416174,0.0,531.2615875697744,531.2615875697744,0.0,0.0
6489,2019-09-28 09:00:00,9,2019-09-28 10:00:00,0.10547,0.10547,0.10547,0.0,0.9531114383651882,550.3115527940873,-0.0,19.049965224312928,0.0,531.2615875697744,531.2615875697744,0.0,0.0
6490,2019-09-28 10:00:00,9,2019-09-28 11:00:00,0.10547,0.10547,0.10547,0.0,0.9186006317994039,607.453312501142,-0.0,76.19172493136762,0.0,531.2615875697744,531.2615875697744,0.0,0.0
6491,2019-09-28 11:00:00,9,2019-09-28 12:00:00,0.10547,0.10547,0.10547,0.0,0.7805721446048973,583.8520382206599,-0.0,52.59045065088549,0.0,531.2615875697744,531.2615875697744,0.0,0.0
6492,2019-09-28 12:00:00,9,2019-09-28 13:00:00,0.10547,0.10547,0.10547,0.0,0.6852995890779309,576.793320542506,-0.0,45.53173297273156,0.0,531.2615875697744,531.2615875697744,0.0,0.0
6493,2019-09-28 13:00:00,9,2019-09-28 14:00:00,0.10547,0.10547,0.10547,0.0,0.6028145655766056,561.7680611013507,-0.0,30.506473531576262,0.0,531.2615875697744,531.2615875697744,0.0,0.0
6494,2019-09-28 14:00:00,9,2019-09-28 15:00:00,0.12561,0.12561,0.12561,0.0,0.547549214975924,548.3637052202051,-0.0,17.102117650430728,0.0,531.2615875697744,531.2615875697744,0.0,0.0
6495,2019-09-28 15:00:00,9,2019-09-28 16:00:00,0.12561,0.12561,0.12561,0.0,0.5165671177831147,541.276595003103,-0.0,10.015007433328606,0.0,531.2615875697744,531.2615875697744,0.0,0.0
6496,2019-09-28 16:00:00,9,2019-09-28 17:00:00,0.15111,0.15111,0.15111,0.0,0.4984239883749107,533.2980763712519,-0.0,245.66920748901123,0.0,287.6288688822407,287.6288688822407,0.0,0.0
6497,2019-09-28 17:00:00,9,2019-09-28 18:00:00,0.15111,0.15111,0.15111,0.0,0.05337107625713678,533.1224216637139,-0.0,1.860834093939502,0.0,531.2615875697744,531.2615875697744,0.0,0.0
6498,2019-09-28 18:00:00,9,2019-09-28 19:00:00,0.15111,0.15111,0.15111,0.0,0.05,528.7386856114375,-0.0,0.0,0.0,528.7386856114375,528.7386856114375,0.0,0.0
6499,2019-09-28 19:00:00,9,2019-09-28 20:00:00,0.15111,0.15111,0.15111,0.0,0.05,477.5560001387409,-0.0,0.0,0.0,477.5560001387409,477.5560001387409,0.0,1.0
6500,2019-09-28 20:00:00,9,2019-09-28 21:00:00,0.15111,0.15111,0.15111,0.0,0.05,345.8841841301431,-0.0,0.0,0.0,345.8841841301431,345.8841841301431,0.0,1.0
6501,2019-09-28 21:00:00,9,2019-09-28 22:00:00,0.12561,0.12561,0.12561,0.0,0.05,239.0858548177498,-0.0,0.0,0.0,239.0858548177498,239.0858548177498,0.0,0.0
6502,2019-09-28 22:00:00,9,2019-09-28 23:00:00,0.12561,0.12561,0.12561,0.0,0.05,302.79782271402445,-0.0,0.0,0.0,302.79782271402445,302.79782271402445,0.0,0.0
6503,2019-09-28 23:00:00,9,2019-09-29 00:00:00,0.10547,0.10547,0.10547,0.0,0.05,247.5733339574642,-0.0,0.0,0.0,247.5733339574642,247.5733339574642,0.0,0.0
6504,2019-09-29 00:00:00,9,2019-09-29 01:00:00,0.10547,0.10547,0.10547,0.0,0.05,227.19063998446762,-0.0,0.0,0.0,227.19063998446762,227.19063998446762,0.0,0.0
6505,2019-09-29 01:00:00,9,2019-09-29 02:00:00,0.10547,0.10547,0.10547,0.0,0.05,223.01134578231722,-0.0,0.0,0.0,223.01134578231722,223.01134578231722,0.0,0.0
6506,2019-09-29 02:00:00,9,2019-09-29 03:00:00,0.10547,0.10547,0.10547,0.0,0.05,218.63939092869427,-0.0,0.0,0.0,218.63939092869427,218.63939092869427,0.0,0.0
6507,2019-09-29 03:00:00,9,2019-09-29 04:00:00,0.10547,0.10547,0.10547,0.0,0.05,262.3820361713179,-268.8795513984565,0.0,0.0,531.2615875697744,531.2615875697744,0.0,1.0
6508,2019-09-29 04:00:00,9,2019-09-29 05:00:00,0.10547,0.10547,0.10547,0.0,0.4622819788109666,259.8775306002837,-0.0,0.0,0.0,259.8775306002837,259.8775306002837,0.0,0.0
6509,2019-09-29 05:00:00,9,2019-09-29 06:00:00,0.10547,0.10547,0.10547,0.0,0.4622819788109666,346.93580316378814,-184.32578440598627,0.0,0.0,531.2615875697744,531.2615875697744,0.0,1.0
6510,2019-09-29 06:00:00,9,2019-09-29 07:00:00,0.10547,0.10547,0.10547,0.0,0.7449148482334789,341.24265543389765,-166.35988158686158,0.0,0.0,507.6025370207592,507.6025370207592,0.0,1.0
6511,2019-09-29 07:00:00,9,2019-09-29 08:00:00,0.10547,0.10547,0.10547,0.0,1.0,484.14857211860783,-0.0,0.0,0.0,484.14857211860783,484.14857211860783,0.0,0.0
6512,2019-09-29 08:00:00,9,2019-09-29 09:00:00,0.10547,0.10547,0.10547,0.0,1.0,553.7931525098406,-0.0,22.531564940066232,0.0,531.2615875697744,531.2615875697744,0.0,0.0
6513,2019-09-29 09:00:00,9,2019-09-29 10:00:00,0.10547,0.10547,0.10547,0.0,0.9591819475723439,543.8724892012938,-0.0,12.610901631519368,0.0,531.2615875697744,531.2615875697744,0.0,0.0
6514,2019-09-29 10:00:00,9,2019-09-29 11:00:00,0.10547,0.10547,0.10547,0.0,0.9363361112833595,599.4520527945169,-0.0,68.19046522474252,0.0,531.2615875697744,531.2615875697744,0.0,0.0
6515,2019-09-29 11:00:00,9,2019-09-29 12:00:00,0.10547,0.10547,0.10547,0.0,0.8128026597892607,570.9889445154165,-0.0,39.7273569456421,0.0,531.2615875697744,531.2615875697744,0.0,0.0
6516,2019-09-29 12:00:00,9,2019-09-29 13:00:00,0.10547,0.10547,0.10547,0.0,0.740832810250054,558.7876509160116,-0.0,27.52606334623715,0.0,531.2615875697744,531.2615875697744,0.0,0.0
6517,2019-09-29 13:00:00,9,2019-09-29 14:00:00,0.10547,0.10547,0.10547,0.0,0.6909667534633925,543.5386495516044,-0.0,12.277061981830002,0.0,531.2615875697744,531.2615875697744,0.0,0.0
6518,2019-09-29 14:00:00,9,2019-09-29 15:00:00,0.12561,0.12561,0.12561,0.0,0.6687256991484831,531.843719239399,-0.0,0.5821316696245731,0.0,531.2615875697744,531.2615875697744,0.0,0.0
6519,2019-09-29 15:00:00,9,2019-09-29 16:00:00,0.12561,0.12561,0.12561,0.0,0.6676711127904675,522.4867382824065,-8.774849287367942,0.0,0.0,531.2615875697744,531.2615875697744,0.0,1.0
6520,2019-09-29 16:00:00,9,2019-09-29 17:00:00,0.15111,0.15111,0.15111,0.0,0.6811258816977651,509.6223021508324,-0.0,300.0,0.0,209.6223021508324,209.6223021508324,0.0,0.0
6521,2019-09-29 17:00:00,9,2019-09-29 18:00:00,0.15111,0.15111,0.15111,0.0,0.1376476208281999,507.9645473871586,-0.0,48.381486697166345,0.0,459.58306068999224,459.58306068999224,0.0,0.0
6522,2019-09-29 18:00:00,9,2019-09-29 19:00:00,0.15111,0.15111,0.15111,0.0,0.05,489.5726022435499,-0.0,0.0,0.0,489.5726022435499,489.5726022435499,0.0,0.0
6523,2019-09-29 19:00:00,9,2019-09-29 20:00:00,0.15111,0.15111,0.15111,0.0,0.05,432.11775522952837,-0.0,0.0,0.0,432.11775522952837,432.11775522952837,0.0,1.0
6524,2019-09-29 20:00:00,9,2019-09-29 21:00:00,0.15111,0.15111,0.15111,0.0,0.05,304.8531130543554,-0.0,0.0,0.0,304.8531130543554,304.8531130543554,0.0,1.0
6525,2019-09-29 21:00:00,9,2019-09-29 22:00:00,0.12561,0.12561,0.12561,0.0,0.05,208.2878976960942,-0.0,0.0,0.0,208.2878976960942,208.2878976960942,0.0,0.0
6526,2019-09-29 22:00:00,9,2019-09-29 23:00:00,0.12561,0.12561,0.12561,0.0,0.05,275.6364674024223,-0.0,0.0,0.0,275.6364674024223,275.6364674024223,0.0,1.0
6527,2019-09-29 23:00:00,9,2019-09-30 00:00:00,0.10547,0.10547,0.10547,0.0,0.05,215.502943003265,-0.0,0.0,0.0,215.502943003265,215.502943003265,0.0,0.0
6528,2019-09-30 00:00:00,9,2019-09-30 01:00:00,0.10547,0.10547,0.10547,0.0,0.05,193.79404137052578,-0.0,0.0,0.0,193.79404137052578,193.79404137052578,0.0,0.0
6529,2019-09-30 01:00:00,9,2019-09-30 02:00:00,0.10547,0.10547,0.10547,0.0,0.05,190.09718001052266,-0.0,0.0,0.0,190.09718001052266,190.09718001052266,0.0,0.0
6530,2019-09-30 02:00:00,9,2019-09-30 03:00:00,0.10547,0.10547,0.10547,0.0,0.05,186.1288540629934,-0.0,0.0,0.0,186.1288540629934,186.1288540629934,0.0,0.0
6531,2019-09-30 03:00:00,9,2019-09-30 04:00:00,0.10547,0.10547,0.10547,0.0,0.05,196.4969543884743,-0.0,0.0,0.0,196.4969543884743,196.4969543884743,0.0,0.0
6532,2019-09-30 04:00:00,9,2019-09-30 05:00:00,0.10547,0.10547,0.10547,0.0,0.05,193.5668308714995,-0.0,0.0,0.0,193.5668308714995,193.5668308714995,0.0,0.0
6533,2019-09-30 05:00:00,9,2019-09-30 06:00:00,0.10547,0.10547,0.10547,0.0,0.05,255.9731056080221,-275.28848196175227,0.0,0.0,531.2615875697744,531.2615875697744,0.0,1.0
6534,2019-09-30 06:00:00,9,2019-09-30 07:00:00,0.10547,0.10547,0.10547,0.0,0.47210900567468683,260.91874983570284,-270.34283773407157,0.0,0.0,531.2615875697744,531.2615875697744,0.0,1.0
6535,2019-09-30 07:00:00,9,2019-09-30 08:00:00,0.10547,0.10547,0.10547,0.0,0.8866346902002632,411.6940131120287,-73.93389769548048,0.0,0.0,485.6279108075092,485.6279108075092,0.0,1.0
6536,2019-09-30 08:00:00,9,2019-09-30 09:00:00,0.10547,0.10547,0.10547,0.0,1.0,480.9762535090698,-0.0,0.0,0.0,480.9762535090698,480.9762535090698,0.0,0.0
6537,2019-09-30 09:00:00,9,2019-09-30 10:00:00,0.10547,0.10547,0.10547,0.0,1.0,546.6611678570155,-0.0,15.399580287241065,0.0,531.2615875697744,531.2615875697744,0.0,0.0
6538,2019-09-30 10:00:00,9,2019-09-30 11:00:00,0.10547,0.10547,0.10547,0.0,0.9721022096245633,608.1317715084269,-0.0,76.87018393865253,0.0,531.2615875697744,531.2615875697744,0.0,0.0
6539,2019-09-30 11:00:00,9,2019-09-30 12:00:00,0.10547,0.10547,0.10547,0.0,0.8328446300255551,582.0707981045106,-0.0,50.80921053473617,0.0,531.2615875697744,531.2615875697744,0.0,0.0
6540,2019-09-30 12:00:00,9,2019-09-30 13:00:00,0.10547,0.10547,0.10547,0.0,0.7407989587669751,578.5549533583953,-0.0,47.29336578862092,0.0,531.2615875697744,531.2615875697744,0.0,0.0
6541,2019-09-30 13:00:00,9,2019-09-30 14:00:00,0.10547,0.10547,0.10547,0.0,0.6551225714687489,558.9093370664929,-0.0,27.64774949671846,0.0,531.2615875697744,531.2615875697744,0.0,0.0
6542,2019-09-30 14:00:00,9,2019-09-30 15:00:00,0.12561,0.12561,0.12561,0.0,0.6050360687573023,542.7379602292064,-0.0,11.476372659431945,0.0,531.2615875697744,531.2615875697744,0.0,0.0
6543,2019-09-30 15:00:00,9,2019-09-30 16:00:00,0.12561,0.12561,0.12561,0.0,0.584245538577172,544.3892531051276,-0.0,13.12766553535323,0.0,531.2615875697744,531.2615875697744,0.0,0.0
6544,2019-09-30 16:00:00,9,2019-09-30 17:00:00,0.15111,0.15111,0.15111,0.0,0.560463535795735,541.3822398034789,-0.0,10.120652233704504,0.0,531.2615875697744,531.2615875697744,0.0,0.0
6545,2019-09-30 17:00:00,9,2019-09-30 18:00:00,0.15111,0.15111,0.15111,0.0,0.5421290208796037,508.1355966808984,-0.0,0.0,0.0,508.1355966808984,508.1355966808984,0.0,1.0
6546,2019-09-30 18:00:00,9,2019-09-30 19:00:00,0.15111,0.15111,0.15111,0.0,0.5421290208796037,444.4942823407953,-0.0,0.0,0.0,444.4942823407953,444.4942823407953,0.0,1.0
6547,2019-09-30 19:00:00,9,2019-09-30 20:00:00,0.15111,0.15111,0.15111,0.0,0.5421290208796037,414.1510800226537,-0.0,271.6552195255412,0.0,142.49586049711246,142.49586049711246,0.0,0.0
6548,2019-09-30 20:00:00,9,2019-09-30 21:00:00,0.15111,0.15111,0.15111,0.0,0.05,314.6394468269061,-0.0,0.0,0.0,314.6394468269061,314.6394468269061,0.0,1.0
6549,2019-09-30 21:00:00,9,2019-09-30 22:00:00,0.12561,0.12561,0.12561,0.0,0.05,237.01221555254682,-0.0,0.0,0.0,237.01221555254682,237.01221555254682,0.0,0.0
6550,2019-09-30 22:00:00,9,2019-09-30 23:00:00,0.12561,0.12561,0.12561,0.0,0.05,301.11858814239696,-0.0,0.0,0.0,301.11858814239696,301.11858814239696,0.0,0.0
6551,2019-09-30 23:00:00,9,2019-10-01 00:00:00,0.10547,0.10547,0.10547,0.0,0.05,245.27091141156907,-0.0,0.0,0.0,245.27091141156907,245.27091141156907,0.0,0.0
6552,2019-10-01 00:00:00,10,2019-10-01 01:00:00,0.10531,0.10531,0.10531,0.0,0.05,222.8104591578743,-0.0,0.0,0.0,222.8104591578743,222.8104591578743,0.0,0.0
6553,2019-10-01 01:00:00,10,2019-10-01 02:00:00,0.10531,0.10531,0.10531,0.0,0.05,220.7825575808483,-0.0,0.0,0.0,220.7825575808483,220.7825575808483,0.0,0.0
6554,2019-10-01 02:00:00,10,2019-10-01 03:00:00,0.10531,0.10531,0.10531,0.0,0.049999999999999954,218.664328258095,-168.56179022481396,0.0,0.0,387.226118482909,387.226118482909,0.0,1.0
6555,2019-10-01 03:00:00,10,2019-10-01 04:00:00,0.10531,0.10531,0.10531,0.0,0.308461411678048,230.07921869446741,-157.14689978844154,0.0,0.0,387.226118482909,387.226118482909,0.0,1.0
6556,2019-10-01 04:00:00,10,2019-10-01 05:00:00,0.10531,0.10531,0.10531,0.0,0.5494199913536584,227.60103335921568,-159.62508512369328,0.0,0.0,387.226118482909,387.226118482909,0.0,1.0
6557,2019-10-01 05:00:00,10,2019-10-01 06:00:00,0.10531,0.10531,0.10531,0.0,0.7941784552099881,289.47613312661485,-97.7499853562941,0.0,0.0,387.226118482909,387.226118482909,0.0,1.0
6558,2019-10-01 06:00:00,10,2019-10-01 07:00:00,0.10531,0.10531,0.10531,0.0,0.944061766089639,301.25632349679495,-0.0,0.0,0.0,301.25632349679495,301.25632349679495,0.0,0.0
6559,2019-10-01 07:00:00,10,2019-10-01 08:00:00,0.10531,0.10531,0.10531,0.0,0.944061766089639,371.58421705121276,-15.641901431696247,0.0,0.0,387.226118482909,387.226118482909,0.0,1.0
6560,2019-10-01 08:00:00,10,2019-10-01 09:00:00,0.10531,0.10531,0.10531,0.0,0.9680460149515733,322.58683025512073,-20.839555466365198,0.0,0.0,343.42638572148593,343.42638572148593,0.0,1.0
6561,2019-10-01 09:00:00,10,2019-10-01 10:00:00,0.10531,0.10531,0.10531,0.0,1.0,389.39502636918985,-0.0,2.168907886280863,0.0,387.226118482909,387.226118482909,0.0,0.0
6562,2019-10-01 10:00:00,10,2019-10-01 11:00:00,0.10531,0.10531,0.10531,0.0,0.9960708190465926,446.41569437472737,-0.0,59.18957589181841,0.0,387.226118482909,387.226118482909,0.0,0.0
6563,2019-10-01 11:00:00,10,2019-10-01 12:00:00,0.10531,0.10531,0.10531,0.0,0.8888433264889506,473.75019769871164,-0.0,86.52407921580269,0.0,387.226118482909,387.226118482909,0.0,0.0
6564,2019-10-01 12:00:00,10,2019-10-01 13:00:00,0.10531,0.10531,0.10531,0.0,0.7320968061704675,478.9222867052102,-0.0,37.69160829920679,0.0,441.2306784060034,441.2306784060034,0.0,0.0
6565,2019-10-01 13:00:00,10,2019-10-01 14:00:00,0.10531,0.10531,0.10531,0.0,0.6638149070777015,471.38484579396135,-0.0,30.154167387957955,0.0,441.2306784060034,441.2306784060034,0.0,0.0
6566,2019-10-01 14:00:00,10,2019-10-01 15:00:00,0.10531,0.10531,0.10531,0.0,0.6091877922444444,463.8853600110944,-0.0,22.654681605091014,0.0,441.2306784060034,441.2306784060034,0.0,0.0
6567,2019-10-01 15:00:00,10,2019-10-01 16:00:00,0.10531,0.10531,0.10531,0.0,0.5681467023801491,460.68902628739295,-0.0,19.458347881389614,0.0,441.23067840600334,441.23067840600334,0.0,0.0
6568,2019-10-01 16:00:00,10,2019-10-01 17:00:00,0.13592,0.13592,0.13592,0.0,0.5328960721602404,398.6284138378815,-0.0,0.0,0.0,398.6284138378815,398.6284138378815,0.0,0.0
6569,2019-10-01 17:00:00,10,2019-10-01 18:00:00,0.13592,0.13592,0.13592,0.0,0.5328960721602404,417.7016286000429,-0.0,266.5586318324527,0.0,151.1429967675902,151.1429967675902,0.0,0.0
6570,2019-10-01 18:00:00,10,2019-10-01 19:00:00,0.13592,0.13592,0.13592,0.0,0.05,395.8887051508774,-0.0,0.0,0.0,395.8887051508774,395.8887051508774,0.0,0.0
6571,2019-10-01 19:00:00,10,2019-10-01 20:00:00,0.13592,0.13592,0.13592,0.0,0.05,370.62636167170183,-0.0,0.0,0.0,370.62636167170183,370.62636167170183,0.0,1.0
6572,2019-10-01 20:00:00,10,2019-10-01 21:00:00,0.13592,0.13592,0.13592,0.0,0.05,330.74237794499413,-0.0,0.0,0.0,330.74237794499413,330.74237794499413,0.0,1.0
6573,2019-10-01 21:00:00,10,2019-10-01 22:00:00,0.10531,0.10531,0.10531,0.0,0.05,221.32391007454035,-190.37544243146365,0.0,0.0,411.699352506004,411.699352506004,0.0,1.0
6574,2019-10-01 22:00:00,10,2019-10-01 23:00:00,0.10531,0.10531,0.10531,0.0,0.3419090117282443,286.8355895238126,-0.0,0.0,0.0,286.8355895238126,286.8355895238126,0.0,1.0
6575,2019-10-01 23:00:00,10,2019-10-02 00:00:00,0.10531,0.10531,0.10531,0.0,0.3419090117282443,229.44484957681476,-0.0,0.0,0.0,229.44484957681476,229.44484957681476,0.0,0.0
6576,2019-10-02 00:00:00,10,2019-10-02 01:00:00,0.10531,0.10531,0.10531,0.0,0.3419090117282443,216.00276944773296,-0.0,0.0,0.0,216.00276944773296,216.00276944773296,0.0,0.0
6577,2019-10-02 01:00:00,10,2019-10-02 02:00:00,0.10531,0.10531,0.10531,0.0,0.3419090117282443,214.3446396308219,-0.0,0.0,0.0,214.3446396308219,214.3446396308219,0.0,0.0
6578,2019-10-02 02:00:00,10,2019-10-02 03:00:00,0.10531,0.10531,0.10531,0.0,0.3419090117282443,213.19333431778105,-0.0,0.0,0.0,213.19333431778105,213.19333431778105,0.0,0.0
6579,2019-10-02 03:00:00,10,2019-10-02 04:00:00,0.10531,0.10531,0.10531,0.0,0.3419090117282443,227.28046074913203,-79.09774983801456,0.0,0.0,306.3782105871466,306.3782105871466,0.0,1.0
6580,2019-10-02 04:00:00,10,2019-10-02 05:00:00,0.10531,0.10531,0.10531,0.0,0.46319222814653327,225.99112110303403,-0.0,0.0,0.0,225.99112110303403,225.99112110303403,0.0,0.0
6581,2019-10-02 05:00:00,10,2019-10-02 06:00:00,0.10531,0.10531,0.10531,0.0,0.46319222814653327,321.2208155663652,-177.82009426258162,0.0,0.0,499.04090982894684,499.04090982894684,0.0,1.0
6582,2019-10-02 06:00:00,10,2019-10-02 07:00:00,0.10531,0.10531,0.10531,0.0,0.7358497060158251,326.76897896970235,-172.2719308592445,0.0,0.0,499.04090982894684,499.04090982894684,0.0,1.0
6583,2019-10-02 07:00:00,10,2019-10-02 08:00:00,0.10531,0.10531,0.10531,0.0,1.0,485.69515377571,-0.0,0.0,0.0,485.69515377571,485.69515377571,0.0,0.0
6584,2019-10-02 08:00:00,10,2019-10-02 09:00:00,0.10531,0.10531,0.10531,0.0,1.0,547.4514248006458,-0.0,48.41051497169904,0.0,499.0409098289467,499.0409098289467,0.0,0.0
6585,2019-10-02 09:00:00,10,2019-10-02 10:00:00,0.10531,0.10531,0.10531,0.0,0.9122997917179365,535.0527118962948,-0.0,36.01180206734796,0.0,499.04090982894684,499.04090982894684,0.0,0.0
6586,2019-10-02 10:00:00,10,2019-10-02 11:00:00,0.10531,0.10531,0.10531,0.0,0.8470610198567989,593.0930829537514,-0.0,94.05217312480454,0.0,499.04090982894684,499.04090982894684,0.0,0.0
6587,2019-10-02 11:00:00,10,2019-10-02 12:00:00,0.10531,0.10531,0.10531,0.0,0.6766766482538922,569.2610186036148,-0.0,70.220108774668,0.0,499.04090982894684,499.04090982894684,0.0,0.0
6588,2019-10-02 12:00:00,10,2019-10-02 13:00:00,0.10531,0.10531,0.10531,0.0,0.5494663062707984,564.7686389411091,-0.0,65.72772911216224,0.0,499.04090982894684,499.04090982894684,0.0,0.0
6589,2019-10-02 13:00:00,10,2019-10-02 14:00:00,0.10531,0.10531,0.10531,0.0,0.430394333241519,550.0564698852987,-0.0,51.01556005635186,0.0,499.04090982894684,499.04090982894684,0.0,0.0
6590,2019-10-02 14:00:00,10,2019-10-02 15:00:00,0.10531,0.10531,0.10531,0.0,0.33797484038580905,542.2526069753153,-0.0,43.211697146368465,0.0,499.04090982894684,499.04090982894684,0.0,0.0
6591,2019-10-02 15:00:00,10,2019-10-02 16:00:00,0.10531,0.10531,0.10531,0.0,0.25969278033804033,536.0211184442463,-0.0,36.98020861529949,0.0,499.04090982894684,499.04090982894684,0.0,0.0
6592,2019-10-02 16:00:00,10,2019-10-02 17:00:00,0.13592,0.13592,0.13592,0.0,0.19269964878858484,530.0691841779576,-0.0,31.02827434901073,0.0,499.04090982894684,499.04090982894684,0.0,0.0
6593,2019-10-02 17:00:00,10,2019-10-02 18:00:00,0.13592,0.13592,0.13592,0.0,0.13648900685197116,532.1998616563912,-0.0,33.15895182744441,0.0,499.04090982894684,499.04090982894684,0.0,0.0
6594,2019-10-02 18:00:00,10,2019-10-02 19:00:00,0.13592,0.13592,0.13592,0.0,0.07641844194718066,513.6238897837906,-0.0,14.582979954843722,0.0,499.04090982894684,499.04090982894684,0.0,0.0
6595,2019-10-02 19:00:00,10,2019-10-02 20:00:00,0.13592,0.13592,0.13592,0.0,0.05,455.0319804938717,-0.0,0.0,0.0,455.0319804938717,455.0319804938717,0.0,1.0
6596,2019-10-02 20:00:00,10,2019-10-02 21:00:00,0.13592,0.13592,0.13592,0.0,0.05,324.9263970197598,-0.0,0.0,0.0,324.9263970197598,324.9263970197598,0.0,1.0
6597,2019-10-02 21:00:00,10,2019-10-02 22:00:00,0.10531,0.10531,0.10531,0.0,0.05,218.47836215080812,-0.0,0.0,0.0,218.47836215080812,218.47836215080812,0.0,0.0
6598,2019-10-02 22:00:00,10,2019-10-02 23:00:00,0.10531,0.10531,0.10531,0.0,0.05,283.73809017467806,-0.0,0.0,0.0,283.73809017467806,283.73809017467806,0.0,1.0
6599,2019-10-02 23:00:00,10,2019-10-03 00:00:00,0.10531,0.10531,0.10531,0.0,0.05,224.08157905674182,-0.0,0.0,0.0,224.08157905674182,224.08157905674182,0.0,0.0
6600,2019-10-03 00:00:00,10,2019-10-03 01:00:00,0.10531,0.10531,0.10531,0.0,0.05,205.1046033746514,-0.0,0.0,0.0,205.1046033746514,205.1046033746514,0.0,0.0
6601,2019-10-03 01:00:00,10,2019-10-03 02:00:00,0.10531,0.10531,0.10531,0.0,0.05,201.19537987658907,-0.0,0.0,0.0,201.19537987658907,201.19537987658907,0.0,0.0
6602,2019-10-03 02:00:00,10,2019-10-03 03:00:00,0.10531,0.10531,0.10531,0.0,0.05,197.78146876121332,-0.0,0.0,0.0,197.78146876121332,197.78146876121332,0.0,0.0
6603,2019-10-03 03:00:00,10,2019-10-03 04:00:00,0.10531,0.10531,0.10531,0.0,0.05,241.10709645638067,-0.0,0.0,0.0,241.10709645638067,241.10709645638067,0.0,0.0
6604,2019-10-03 04:00:00,10,2019-10-03 05:00:00,0.10531,0.10531,0.10531,0.0,0.05,238.16182704923474,-245.17005456382262,0.0,0.0,483.33188161305736,483.33188161305736,0.0,1.0
6605,2019-10-03 05:00:00,10,2019-10-03 06:00:00,0.10531,0.10531,0.10531,0.0,0.42592741699786135,330.6570972731019,-178.35243853268332,0.0,0.0,509.0095358057852,509.0095358057852,0.0,1.0
6606,2019-10-03 06:00:00,10,2019-10-03 07:00:00,0.10531,0.10531,0.10531,0.0,0.6994011560813091,312.9668115109869,-196.04272429479835,0.0,0.0,509.0095358057852,509.0095358057852,0.0,1.0
6607,2019-10-03 07:00:00,10,2019-10-03 08:00:00,0.10531,0.10531,0.10531,0.0,1.0,465.967725174156,-0.0,0.0,0.0,465.967725174156,465.967725174156,0.0,0.0
6608,2019-10-03 08:00:00,10,2019-10-03 09:00:00,0.10531,0.10531,0.10531,0.0,1.0,542.960292689352,-0.0,33.950756883566726,0.0,509.0095358057852,509.0095358057852,0.0,0.0
6609,2019-10-03 09:00:00,10,2019-10-03 10:00:00,0.10531,0.10531,0.10531,0.0,0.9384950056457124,533.5789424551409,-0.0,24.5694066493557,0.0,509.0095358057852,509.0095358057852,0.0,0.0
6610,2019-10-03 10:00:00,10,2019-10-03 11:00:00,0.10531,0.10531,0.10531,0.0,0.8939852109910824,602.2713245581132,-0.0,93.26178875232796,0.0,509.0095358057852,509.0095358057852,0.0,0.0
6611,2019-10-03 11:00:00,10,2019-10-03 12:00:00,0.10531,0.10531,0.10531,0.0,0.7250326951354159,581.5172579810725,-0.0,72.50772217528726,0.0,509.0095358057852,509.0095358057852,0.0,0.0
6612,2019-10-03 12:00:00,10,2019-10-03 13:00:00,0.10531,0.10531,0.10531,0.0,0.5936781259772863,577.8055362826769,-0.0,68.79600047689166,0.0,509.0095358057853,509.0095358057853,0.0,0.0
6613,2019-10-03 13:00:00,10,2019-10-03 14:00:00,0.10531,0.10531,0.10531,0.0,0.4690476903307435,562.6238782145499,-0.0,53.6143424087646,0.0,509.0095358057853,509.0095358057853,0.0,0.0
6614,2019-10-03 14:00:00,10,2019-10-03 15:00:00,0.10531,0.10531,0.10531,0.0,0.37192025843080745,556.3481355575917,-0.0,47.33859975180641,0.0,509.0095358057853,509.0095358057853,0.0,0.0
6615,2019-10-03 15:00:00,10,2019-10-03 16:00:00,0.10531,0.10531,0.10531,0.0,0.2861619255471,552.8480167898316,-0.0,43.8384809840463,0.0,509.0095358057853,509.0095358057853,0.0,0.0
6616,2019-10-03 16:00:00,10,2019-10-03 17:00:00,0.13592,0.13592,0.13592,0.0,0.20674438753252333,546.5299603407811,-0.0,37.52042453499587,0.0,509.0095358057853,509.0095358057853,0.0,0.0
6617,2019-10-03 17:00:00,10,2019-10-03 18:00:00,0.13592,0.13592,0.13592,0.0,0.13877260395463226,549.6086493198836,-0.0,40.59911351409832,0.0,509.0095358057853,509.0095358057853,0.0,0.0
6618,2019-10-03 18:00:00,10,2019-10-03 19:00:00,0.13592,0.13592,0.13592,0.0,0.06522348526967155,517.412899674644,-0.0,8.40336386885869,0.0,509.0095358057853,509.0095358057853,0.0,0.0
6619,2019-10-03 19:00:00,10,2019-10-03 20:00:00,0.13592,0.13592,0.13592,0.0,0.05,454.9596205191065,-0.0,0.0,0.0,454.9596205191065,454.9596205191065,0.0,1.0
6620,2019-10-03 20:00:00,10,2019-10-03 21:00:00,0.13592,0.13592,0.13592,0.0,0.05,320.2641687037315,-0.0,0.0,0.0,320.2641687037315,320.2641687037315,0.0,1.0
6621,2019-10-03 21:00:00,10,2019-10-03 22:00:00,0.10531,0.10531,0.10531,0.0,0.05,222.38608436035835,-0.0,0.0,0.0,222.38608436035835,222.38608436035835,0.0,0.0
6622,2019-10-03 22:00:00,10,2019-10-03 23:00:00,0.10531,0.10531,0.10531,0.0,0.05,285.0863664088018,-0.0,0.0,0.0,285.0863664088018,285.0863664088018,0.0,1.0
6623,2019-10-03 23:00:00,10,2019-10-04 00:00:00,0.10531,0.10531,0.10531,0.0,0.05,225.68436917950683,-0.0,0.0,0.0,225.68436917950683,225.68436917950683,0.0,0.0
6624,2019-10-04 00:00:00,10,2019-10-04 01:00:00,0.10531,0.10531,0.10531,0.0,0.05,206.98498114565527,-0.0,0.0,0.0,206.98498114565527,206.98498114565527,0.0,0.0
6625,2019-10-04 01:00:00,10,2019-10-04 02:00:00,0.10531,0.10531,0.10531,0.0,0.05,203.1842822731025,-0.0,0.0,0.0,203.1842822731025,203.1842822731025,0.0,0.0
6626,2019-10-04 02:00:00,10,2019-10-04 03:00:00,0.10531,0.10531,0.10531,0.0,0.05,199.56685442984926,-0.0,0.0,0.0,199.56685442984926,199.56685442984926,0.0,0.0
6627,2019-10-04 03:00:00,10,2019-10-04 04:00:00,0.10531,0.10531,0.10531,0.0,0.05,210.19140357440432,-136.47747857922394,0.0,0.0,346.66888215362826,346.66888215362826,0.0,1.0
6628,2019-10-04 04:00:00,10,2019-10-04 05:00:00,0.10531,0.10531,0.10531,0.0,0.25926546715481,207.17642797181378,-0.0,0.0,0.0,207.17642797181378,207.17642797181378,0.0,0.0
6629,2019-10-04 05:00:00,10,2019-10-04 06:00:00,0.10531,0.10531,0.10531,0.0,0.25926546715481,298.6839483908976,-218.83582897486053,0.0,0.0,517.5197773657582,517.5197773657582,0.0,1.0
6630,2019-10-04 06:00:00,10,2019-10-04 07:00:00,0.10531,0.10531,0.10531,0.0,0.5948137382495963,297.61507635996213,-219.90470100579603,0.0,0.0,517.5197773657582,517.5197773657582,0.0,1.0
6631,2019-10-04 07:00:00,10,2019-10-04 08:00:00,0.10531,0.10531,0.10531,0.0,0.9320009464584835,473.1725685343343,-44.34720883142387,0.0,0.0,517.5197773657582,517.5197773657582,0.0,1.0
6632,2019-10-04 08:00:00,10,2019-10-04 09:00:00,0.10531,0.10531,0.10531,0.0,1.0,557.3834175672628,-0.0,39.86364020150461,0.0,517.5197773657582,517.5197773657582,0.0,0.0
6633,2019-10-04 09:00:00,10,2019-10-04 10:00:00,0.10531,0.10531,0.10531,0.0,0.9277832605045208,548.709632365106,-0.0,31.189854999347858,0.0,517.5197773657582,517.5197773657582,0.0,0.0
6634,2019-10-04 10:00:00,10,2019-10-04 11:00:00,0.10531,0.10531,0.10531,0.0,0.8712798999984557,609.3613164820649,-0.0,91.84153911630676,0.0,517.5197773657582,517.5197773657582,0.0,0.0
6635,2019-10-04 11:00:00,10,2019-10-04 12:00:00,0.10531,0.10531,0.10531,0.0,0.7049003001500739,589.0384336182402,-0.0,71.51865625248206,0.0,517.5197773657582,517.5197773657582,0.0,0.0
6636,2019-10-04 12:00:00,10,2019-10-04 13:00:00,0.10531,0.10531,0.10531,0.0,0.5753375170839833,589.2246433037637,-0.0,71.70486593800558,0.0,517.5197773657582,517.5197773657582,0.0,0.0
6637,2019-10-04 13:00:00,10,2019-10-04 14:00:00,0.10531,0.10531,0.10531,0.0,0.4454373976310747,579.1946186077159,-0.0,61.67484124195778,0.0,517.5197773657582,517.5197773657582,0.0,0.0
6638,2019-10-04 14:00:00,10,2019-10-04 15:00:00,0.10531,0.10531,0.10531,0.0,0.3337076127724555,564.8836422626904,-0.0,47.36386489693223,0.0,517.5197773657582,517.5197773657582,0.0,0.0
6639,2019-10-04 15:00:00,10,2019-10-04 16:00:00,0.10531,0.10531,0.10531,0.0,0.24790350969830285,565.1965509614035,-0.0,47.676773595645386,0.0,517.5197773657582,517.5197773657582,0.0,0.0
6640,2019-10-04 16:00:00,10,2019-10-04 17:00:00,0.13592,0.13592,0.13592,0.0,0.16153254303952508,555.2260434828784,-0.0,37.70626611712021,0.0,517.5197773657582,517.5197773657582,0.0,0.0
6641,2019-10-04 17:00:00,10,2019-10-04 18:00:00,0.13592,0.13592,0.13592,0.0,0.09322408992880003,541.3794750064558,-0.0,23.85969764069762,0.0,517.5197773657582,517.5197773657582,0.0,0.0
6642,2019-10-04 18:00:00,10,2019-10-04 19:00:00,0.13592,0.13592,0.13592,0.0,0.05,510.7630264027599,-0.0,0.0,0.0,510.7630264027599,510.7630264027599,0.0,0.0
6643,2019-10-04 19:00:00,10,2019-10-04 20:00:00,0.13592,0.13592,0.13592,0.0,0.05,444.2219291858278,-0.0,0.0,0.0,444.2219291858278,444.2219291858278,0.0,1.0
6644,2019-10-04 20:00:00,10,2019-10-04 21:00:00,0.13592,0.13592,0.13592,0.0,0.05,313.79278533405846,-0.0,0.0,0.0,313.79278533405846,313.79278533405846,0.0,1.0
6645,2019-10-04 21:00:00,10,2019-10-04 22:00:00,0.10531,0.10531,0.10531,0.0,0.05,204.46099997702055,-0.0,0.0,0.0,204.46099997702055,204.46099997702055,0.0,0.0
6646,2019-10-04 22:00:00,10,2019-10-04 23:00:00,0.10531,0.10531,0.10531,0.0,0.05,271.7309288494125,-17.19033390009841,0.0,0.0,288.9212627495109,288.9212627495109,0.0,1.0
6647,2019-10-04 23:00:00,10,2019-10-05 00:00:00,0.10531,0.10531,0.10531,0.0,0.0763585119801509,212.9731595598331,-0.0,0.0,0.0,212.9731595598331,212.9731595598331,0.0,0.0
6648,2019-10-05 00:00:00,10,2019-10-05 01:00:00,0.10531,0.10531,0.10531,0.0,0.0763585119801509,192.60746181186155,-0.0,0.0,0.0,192.60746181186155,192.60746181186155,0.0,0.0
6649,2019-10-05 01:00:00,10,2019-10-05 02:00:00,0.10531,0.10531,0.10531,0.0,0.0763585119801509,188.03037166166163,-0.0,0.0,0.0,188.03037166166163,188.03037166166163,0.0,0.0
6650,2019-10-05 02:00:00,10,2019-10-05 03:00:00,0.10531,0.10531,0.10531,0.0,0.0763585119801509,183.2857818325309,-0.0,0.0,0.0,183.2857818325309,183.2857818325309,0.0,0.0
6651,2019-10-05 03:00:00,10,2019-10-05 04:00:00,0.10531,0.10531,0.10531,0.0,0.0763585119801509,194.3791372582832,-143.49100645390945,0.0,0.0,337.87014371219266,337.87014371219266,0.0,1.0
6652,2019-10-05 04:00:00,10,2019-10-05 05:00:00,0.10531,0.10531,0.10531,0.0,0.29637805520947874,192.86290045758318,-0.0,0.0,0.0,192.86290045758318,192.86290045758318,0.0,0.0
6653,2019-10-05 05:00:00,10,2019-10-05 06:00:00,0.10531,0.10531,0.10531,0.0,0.29637805520947874,288.10240731430326,-229.4173700514549,0.0,0.0,517.5197773657582,517.5197773657582,0.0,1.0
6654,2019-10-05 06:00:00,10,2019-10-05 07:00:00,0.10531,0.10531,0.10531,0.0,0.6481513559550429,288.05327037991657,-229.4665069858416,0.0,0.0,517.5197773657582,517.5197773657582,0.0,1.0
6655,2019-10-05 07:00:00,10,2019-10-05 08:00:00,0.10531,0.10531,0.10531,0.0,1.0,462.7706148454163,-0.0,0.0,0.0,462.7706148454163,462.7706148454163,0.0,0.0
6656,2019-10-05 08:00:00,10,2019-10-05 09:00:00,0.10531,0.10531,0.10531,0.0,1.0,541.0357586792787,-0.0,23.51598131352057,0.0,517.5197773657582,517.5197773657582,0.0,0.0
6657,2019-10-05 09:00:00,10,2019-10-05 10:00:00,0.10531,0.10531,0.10531,0.0,0.9573985845769554,536.0364363256117,-0.0,18.516658959853544,0.0,517.5197773657582,517.5197773657582,0.0,0.0
6658,2019-10-05 10:00:00,10,2019-10-05 11:00:00,0.10531,0.10531,0.10531,0.0,0.9238539125482352,607.3384877649653,-0.0,89.81871039920713,0.0,517.5197773657582,517.5197773657582,0.0,0.0
6659,2019-10-05 11:00:00,10,2019-10-05 12:00:00,0.10531,0.10531,0.10531,0.0,0.7611388574772078,594.4387768190365,-0.0,76.91899945327839,0.0,517.5197773657582,517.5197773657582,0.0,0.0
6660,2019-10-05 12:00:00,10,2019-10-05 13:00:00,0.10531,0.10531,0.10531,0.0,0.6217928439748919,593.004282758717,-0.0,75.4845053929588,0.0,517.5197773657582,517.5197773657582,0.0,0.0
6661,2019-10-05 13:00:00,10,2019-10-05 14:00:00,0.10531,0.10531,0.10531,0.0,0.4850455515963434,577.5234637507803,-0.0,60.00368638502209,0.0,517.5197773657582,517.5197773657582,0.0,0.0
6662,2019-10-05 14:00:00,10,2019-10-05 15:00:00,0.10531,0.10531,0.10531,0.0,0.3763432211886947,564.7499767133565,-0.0,47.230199347598386,0.0,517.5197773657582,517.5197773657582,0.0,0.0
6663,2019-10-05 15:00:00,10,2019-10-05 16:00:00,0.10531,0.10531,0.10531,0.0,0.29078126584884256,564.4669998465733,-0.0,46.947222480815185,0.0,517.5197773657582,517.5197773657582,0.0,0.0
6664,2019-10-05 16:00:00,10,2019-10-05 17:00:00,0.13592,0.13592,0.13592,0.0,0.20573194976040923,555.6778333719343,-0.0,69.61280897878785,0.0,486.0650243931465,486.0650243931465,0.0,0.0
6665,2019-10-05 17:00:00,10,2019-10-05 18:00:00,0.13592,0.13592,0.13592,0.0,0.07962178856695298,533.8710046547162,-0.0,16.351227288958057,0.0,517.5197773657582,517.5197773657582,0.0,0.0
6666,2019-10-05 18:00:00,10,2019-10-05 19:00:00,0.13592,0.13592,0.13592,0.0,0.04999999999999998,513.5305357533723,-0.0,0.0,0.0,513.5305357533723,513.5305357533723,0.0,1.0
6667,2019-10-05 19:00:00,10,2019-10-05 20:00:00,0.13592,0.13592,0.13592,0.0,0.05,449.22643464150525,-0.0,0.0,0.0,449.22643464150525,449.22643464150525,0.0,1.0
6668,2019-10-05 20:00:00,10,2019-10-05 21:00:00,0.13592,0.13592,0.13592,0.0,0.05,321.2490210263269,-0.0,0.0,0.0,321.2490210263269,321.2490210263269,0.0,1.0
6669,2019-10-05 21:00:00,10,2019-10-05 22:00:00,0.10531,0.10531,0.10531,0.0,0.05,215.5032952013094,-0.0,0.0,0.0,215.5032952013094,215.5032952013094,0.0,0.0
6670,2019-10-05 22:00:00,10,2019-10-05 23:00:00,0.10531,0.10531,0.10531,0.0,0.05,280.7935244345313,-0.0,0.0,0.0,280.7935244345313,280.7935244345313,0.0,1.0
6671,2019-10-05 23:00:00,10,2019-10-06 00:00:00,0.10531,0.10531,0.10531,0.0,0.05,222.8854386892013,-0.0,0.0,0.0,222.8854386892013,222.8854386892013,0.0,0.0
6672,2019-10-06 00:00:00,10,2019-10-06 01:00:00,0.10531,0.10531,0.10531,0.0,0.05,202.27045200932645,-0.0,0.0,0.0,202.27045200932645,202.27045200932645,0.0,0.0
6673,2019-10-06 01:00:00,10,2019-10-06 02:00:00,0.10531,0.10531,0.10531,0.0,0.05,197.72629617419236,-0.0,0.0,0.0,197.72629617419236,197.72629617419236,0.0,0.0
6674,2019-10-06 02:00:00,10,2019-10-06 03:00:00,0.10531,0.10531,0.10531,0.0,0.05,194.53738296620867,-0.0,0.0,0.0,194.53738296620867,194.53738296620867,0.0,0.0
6675,2019-10-06 03:00:00,10,2019-10-06 04:00:00,0.10531,0.10531,0.10531,0.0,0.05,238.4536257026584,-0.0,0.0,0.0,238.4536257026584,238.4536257026584,0.0,0.0
6676,2019-10-06 04:00:00,10,2019-10-06 05:00:00,0.10531,0.10531,0.10531,0.0,0.05,236.52294118424615,-284.5018617846987,0.0,0.0,521.0248029689449,521.0248029689449,0.0,1.0
6677,2019-10-06 05:00:00,10,2019-10-06 06:00:00,0.10531,0.10531,0.10531,0.0,0.4862361880698714,331.25340436662276,-132.60615469014195,0.0,0.0,463.8595590567647,463.8595590567647,0.0,1.0
6678,2019-10-06 06:00:00,10,2019-10-06 07:00:00,0.10531,0.10531,0.10531,0.0,0.6895656252614224,318.5676020524812,-202.45720091646365,0.0,0.0,521.0248029689449,521.0248029689449,0.0,1.0
6679,2019-10-06 07:00:00,10,2019-10-06 08:00:00,0.10531,0.10531,0.10531,0.0,1.0,473.4185055896636,-0.0,0.0,0.0,473.4185055896636,473.4185055896636,0.0,0.0
6680,2019-10-06 08:00:00,10,2019-10-06 09:00:00,0.10531,0.10531,0.10531,0.0,1.0,554.8423463734239,-0.0,33.817543404479075,0.0,521.0248029689449,521.0248029689449,0.0,0.0
6681,2019-10-06 09:00:00,10,2019-10-06 10:00:00,0.10531,0.10531,0.10531,0.0,0.9387363344121756,546.936933703768,-0.0,25.91213073482305,0.0,521.0248029689449,521.0248029689449,0.0,0.0
6682,2019-10-06 10:00:00,10,2019-10-06 11:00:00,0.10531,0.10531,0.10531,0.0,0.8917940685882214,608.4666971630171,-0.0,87.4418941940722,0.0,521.0248029689449,521.0248029689449,0.0,0.0
6683,2019-10-06 11:00:00,10,2019-10-06 12:00:00,0.10531,0.10531,0.10531,0.0,0.7333848399757721,589.8284480284547,-0.0,68.80364505950976,0.0,521.0248029689449,521.0248029689449,0.0,0.0
6684,2019-10-06 12:00:00,10,2019-10-06 13:00:00,0.10531,0.10531,0.10531,0.0,0.608740555447675,593.0949126341827,-0.0,72.07010966523785,0.0,521.0248029689449,521.0248029689449,0.0,0.0
6685,2019-10-06 13:00:00,10,2019-10-06 14:00:00,0.10531,0.10531,0.10531,0.0,0.47817876257586744,582.487037305007,-0.0,61.462234336062124,0.0,521.0248029689449,521.0248029689449,0.0,0.0
6686,2019-10-06 14:00:00,10,2019-10-06 15:00:00,0.10531,0.10531,0.10531,0.0,0.366834135155465,577.5987309671478,-0.0,56.573927998202976,0.0,521.0248029689449,521.0248029689449,0.0,0.0
6687,2019-10-06 15:00:00,10,2019-10-06 16:00:00,0.10531,0.10531,0.10531,0.0,0.26434513515872066,571.9743231181385,-0.0,50.94952014919363,0.0,521.0248029689449,521.0248029689449,0.0,0.0
6688,2019-10-06 16:00:00,10,2019-10-06 17:00:00,0.13592,0.13592,0.13592,0.0,0.17204527981597853,558.8582286780239,-0.0,37.83342570907905,0.0,521.0248029689449,521.0248029689449,0.0,0.0
6689,2019-10-06 17:00:00,10,2019-10-06 18:00:00,0.13592,0.13592,0.13592,0.0,0.10350646512561795,550.560371718286,-0.0,29.53556874934111,0.0,521.0248029689449,521.0248029689449,0.0,0.0
6690,2019-10-06 18:00:00,10,2019-10-06 19:00:00,0.13592,0.13592,0.13592,0.0,0.05,510.71555461135677,-0.0,0.0,0.0,510.71555461135677,510.71555461135677,0.0,0.0
6691,2019-10-06 19:00:00,10,2019-10-06 20:00:00,0.13592,0.13592,0.13592,0.0,0.05,448.21803688176414,-0.0,0.0,0.0,448.21803688176414,448.21803688176414,0.0,1.0
6692,2019-10-06 20:00:00,10,2019-10-06 21:00:00,0.13592,0.13592,0.13592,0.0,0.05,318.36654926415997,-0.0,0.0,0.0,318.36654926415997,318.36654926415997,0.0,1.0
6693,2019-10-06 21:00:00,10,2019-10-06 22:00:00,0.10531,0.10531,0.10531,0.0,0.05,221.59790461788046,-0.0,0.0,0.0,221.59790461788046,221.59790461788046,0.0,0.0
6694,2019-10-06 22:00:00,10,2019-10-06 23:00:00,0.10531,0.10531,0.10531,0.0,0.05,286.2495073031011,-2.657380638199669,0.0,0.0,288.90688794130074,288.90688794130074,0.0,1.0
6695,2019-10-06 23:00:00,10,2019-10-07 00:00:00,0.10531,0.10531,0.10531,0.0,0.05407465031190616,228.07871631441307,-0.0,0.0,0.0,228.07871631441307,228.07871631441307,0.0,0.0
6696,2019-10-07 00:00:00,10,2019-10-07 01:00:00,0.10531,0.10531,0.10531,0.0,0.05407465031190616,203.1717066650849,-0.0,0.0,0.0,203.1717066650849,203.1717066650849,0.0,0.0
6697,2019-10-07 01:00:00,10,2019-10-07 02:00:00,0.10531,0.10531,0.10531,0.0,0.05407465031190616,199.38236204047917,-0.0,0.0,0.0,199.38236204047917,199.38236204047917,0.0,0.0
6698,2019-10-07 02:00:00,10,2019-10-07 03:00:00,0.10531,0.10531,0.10531,0.0,0.05407465031190616,196.06437104676027,-0.0,0.0,0.0,196.06437104676027,196.06437104676027,0.0,0.0
6699,2019-10-07 03:00:00,10,2019-10-07 04:00:00,0.10531,0.10531,0.10531,0.0,0.05407465031190616,207.16909569649974,-0.0,0.0,0.0,207.16909569649974,207.16909569649974,0.0,0.0
6700,2019-10-07 04:00:00,10,2019-10-07 05:00:00,0.10531,0.10531,0.10531,0.0,0.05407465031190616,205.9218462286413,-300.0,0.0,0.0,505.9218462286413,505.9218462286413,0.0,1.0
6701,2019-10-07 05:00:00,10,2019-10-07 06:00:00,0.10531,0.10531,0.10531,0.0,0.5140746503119061,274.0370987516749,-246.98770421727,0.0,0.0,521.0248029689449,521.0248029689449,0.0,1.0
6702,2019-10-07 06:00:00,10,2019-10-07 07:00:00,0.10531,0.10531,0.10531,0.0,0.8927891301117201,275.424700646811,-69.9201325358347,0.0,0.0,345.3448331826457,345.3448331826457,0.0,1.0
6703,2019-10-07 07:00:00,10,2019-10-07 08:00:00,0.10531,0.10531,0.10531,0.0,1.0,419.1407307350262,-0.0,0.0,0.0,419.1407307350262,419.1407307350262,0.0,0.0
6704,2019-10-07 08:00:00,10,2019-10-07 09:00:00,0.10531,0.10531,0.10531,0.0,1.0,486.8654759635413,-0.0,0.0,0.0,486.8654759635413,486.8654759635413,0.0,1.0
6705,2019-10-07 09:00:00,10,2019-10-07 10:00:00,0.10531,0.10531,0.10531,0.0,1.0,550.8998420769843,-0.0,29.87503910803946,0.0,521.0248029689449,521.0248029689449,0.0,0.0
6706,2019-10-07 10:00:00,10,2019-10-07 11:00:00,0.10531,0.10531,0.10531,0.0,0.9458785523405081,616.5567184000798,-0.0,95.53191543113496,0.0,521.0248029689449,521.0248029689449,0.0,0.0
6707,2019-10-07 11:00:00,10,2019-10-07 12:00:00,0.10531,0.10531,0.10531,0.0,0.7728134881536695,605.7429820073968,-0.0,84.71817903845192,0.0,521.0248029689449,521.0248029689449,0.0,0.0
6708,2019-10-07 12:00:00,10,2019-10-07 13:00:00,0.10531,0.10531,0.10531,0.0,0.6193385261274884,596.7354391791675,-0.0,75.71063621022267,0.0,521.0248029689449,521.0248029689449,0.0,0.0
6709,2019-10-07 13:00:00,10,2019-10-07 14:00:00,0.10531,0.10531,0.10531,0.0,0.48218157647128784,586.491370533552,-0.0,65.46656756460709,0.0,521.0248029689449,521.0248029689449,0.0,0.0
6710,2019-10-07 14:00:00,10,2019-10-07 15:00:00,0.10531,0.10531,0.10531,0.0,0.36358272218757937,580.4369014307064,-0.0,59.4120984617615,0.0,521.0248029689449,521.0248029689449,0.0,0.0
6711,2019-10-07 15:00:00,10,2019-10-07 16:00:00,0.10531,0.10531,0.10531,0.0,0.2559521090322143,578.6557487450692,-0.0,57.63094577612435,0.0,521.0248029689449,521.0248029689449,0.0,0.0
6712,2019-10-07 16:00:00,10,2019-10-07 17:00:00,0.13592,0.13592,0.13592,0.0,0.15154822175662674,564.9048726555365,-0.0,43.88006968659158,0.0,521.0248029689449,521.0248029689449,0.0,0.0
6713,2019-10-07 17:00:00,10,2019-10-07 18:00:00,0.13592,0.13592,0.13592,0.0,0.072055341889613,528.8424594059196,-0.0,7.817656436974744,0.0,521.0248029689449,521.0248029689449,0.0,0.0
6714,2019-10-07 18:00:00,10,2019-10-07 19:00:00,0.13592,0.13592,0.13592,0.0,0.05789292080813702,452.2401015793902,-0.0,0.0,0.0,452.2401015793902,452.2401015793902,0.0,1.0
6715,2019-10-07 19:00:00,10,2019-10-07 20:00:00,0.13592,0.13592,0.13592,0.0,0.05789292080813702,415.2463022630544,-0.0,4.356892286091636,0.0,410.8894099769628,410.8894099769628,0.0,0.0
6716,2019-10-07 20:00:00,10,2019-10-07 21:00:00,0.13592,0.13592,0.13592,0.0,0.05,311.1346646172948,-0.0,0.0,0.0,311.1346646172948,311.1346646172948,0.0,1.0
6717,2019-10-07 21:00:00,10,2019-10-07 22:00:00,0.10531,0.10531,0.10531,0.0,0.05,229.23567495278016,-0.0,0.0,0.0,229.23567495278016,229.23567495278016,0.0,0.0
6718,2019-10-07 22:00:00,10,2019-10-07 23:00:00,0.10531,0.10531,0.10531,0.0,0.05,291.9251460795591,-0.0,0.0,0.0,291.9251460795591,291.9251460795591,0.0,1.0
6719,2019-10-07 23:00:00,10,2019-10-08 00:00:00,0.10531,0.10531,0.10531,0.0,0.05,235.6860305084983,-0.0,0.0,0.0,235.6860305084983,235.6860305084983,0.0,0.0
6720,2019-10-08 00:00:00,10,2019-10-08 01:00:00,0.10531,0.10531,0.10531,0.0,0.05,215.69800930970916,-0.0,0.0,0.0,215.69800930970916,215.69800930970916,0.0,0.0
6721,2019-10-08 01:00:00,10,2019-10-08 02:00:00,0.10531,0.10531,0.10531,0.0,0.05,212.57042122274981,-0.0,0.0,0.0,212.57042122274981,212.57042122274981,0.0,0.0
6722,2019-10-08 02:00:00,10,2019-10-08 03:00:00,0.10531,0.10531,0.10531,0.0,0.05,209.7654937961288,-0.0,0.0,0.0,209.7654937961288,209.7654937961288,0.0,0.0
6723,2019-10-08 03:00:00,10,2019-10-08 04:00:00,0.10531,0.10531,0.10531,0.0,0.05,221.56399223516087,-290.49483117320085,0.0,0.0,512.0588234083617,512.0588234083617,0.0,1.0
6724,2019-10-08 04:00:00,10,2019-10-08 05:00:00,0.10531,0.10531,0.10531,0.0,0.495425407798908,221.0791417602009,-0.0,0.0,0.0,221.0791417602009,221.0791417602009,0.0,0.0
6725,2019-10-08 05:00:00,10,2019-10-08 06:00:00,0.10531,0.10531,0.10531,0.0,0.495425407798908,293.46498282297904,-218.59384058538268,0.0,0.0,512.0588234083617,512.0588234083617,0.0,1.0
6726,2019-10-08 06:00:00,10,2019-10-08 07:00:00,0.10531,0.10531,0.10531,0.0,0.8306026300298281,300.47733624458357,-110.47654563272079,0.0,0.0,410.95388187730435,410.95388187730435,0.0,1.0
6727,2019-10-08 07:00:00,10,2019-10-08 08:00:00,0.10531,0.10531,0.10531,0.0,1.0,371.50305372891876,-0.0,0.0,0.0,371.50305372891876,371.50305372891876,0.0,1.0
6728,2019-10-08 08:00:00,10,2019-10-08 09:00:00,0.10531,0.10531,0.10531,0.0,1.0,327.1529343555071,-0.0,0.0,0.0,327.1529343555071,327.1529343555071,0.0,1.0
6729,2019-10-08 09:00:00,10,2019-10-08 10:00:00,0.10531,0.10531,0.10531,0.0,1.0,403.41616832991417,-0.0,0.0,0.0,403.41616832991417,403.41616832991417,0.0,0.0
6730,2019-10-08 10:00:00,10,2019-10-08 11:00:00,0.10531,0.10531,0.10531,0.0,1.0,472.1585236870333,-0.0,0.0,0.0,472.1585236870333,472.1585236870333,0.0,0.0
6731,2019-10-08 11:00:00,10,2019-10-08 12:00:00,0.10531,0.10531,0.10531,0.0,1.0,511.27733366935786,-0.0,0.0,0.0,511.27733366935786,511.27733366935786,0.0,1.0
6732,2019-10-08 12:00:00,10,2019-10-08 13:00:00,0.10531,0.10531,0.10531,0.0,1.0,512.0588234083617,-0.0,5.684341886080802e-14,0.0,512.0588234083616,512.0588234083616,0.0,1.0
6733,2019-10-08 13:00:00,10,2019-10-08 14:00:00,0.10531,0.10531,0.10531,0.0,1.0,496.15046689537877,-0.0,0.0,0.0,496.15046689537877,496.15046689537877,0.0,0.0
6734,2019-10-08 14:00:00,10,2019-10-08 15:00:00,0.10531,0.10531,0.10531,0.0,1.0,484.11661056774415,-0.0,0.0,0.0,484.11661056774415,484.11661056774415,0.0,1.0
6735,2019-10-08 15:00:00,10,2019-10-08 16:00:00,0.10531,0.10531,0.10531,0.0,1.0,477.9953373397134,-0.0,0.0,0.0,477.9953373397134,477.9953373397134,0.0,1.0
6736,2019-10-08 16:00:00,10,2019-10-08 17:00:00,0.13592,0.13592,0.13592,0.0,1.0,413.9150551001685,-0.0,0.0,0.0,413.9150551001685,413.9150551001685,0.0,0.0
6737,2019-10-08 17:00:00,10,2019-10-08 18:00:00,0.13592,0.13592,0.13592,0.0,1.0,432.96410933945356,-0.0,224.39999999999998,0.0,208.56410933945358,208.56410933945358,0.0,0.0
6738,2019-10-08 18:00:00,10,2019-10-08 19:00:00,0.13592,0.13592,0.13592,0.0,0.5934782608695653,414.008634018373,-0.0,0.0,0.0,414.008634018373,414.008634018373,0.0,1.0
6739,2019-10-08 19:00:00,10,2019-10-08 20:00:00,0.13592,0.13592,0.13592,0.0,0.5934782608695653,389.7262619601448,-0.0,0.0,0.0,389.7262619601448,389.7262619601448,0.0,1.0
6740,2019-10-08 20:00:00,10,2019-10-08 21:00:00,0.13592,0.13592,0.13592,0.0,0.5934782608695653,348.4309743109916,-0.0,300.00000000000006,0.0,48.43097431099153,48.43097431099153,0.0,0.0
6741,2019-10-08 21:00:00,10,2019-10-08 22:00:00,0.10531,0.10531,0.10531,0.0,0.05,238.02822598174683,-0.0,-1.0285356018099596e-14,0.0,238.02822598174683,238.02822598174683,0.0,0.0
6742,2019-10-08 22:00:00,10,2019-10-08 23:00:00,0.10531,0.10531,0.10531,0.0,0.05,302.2125879592118,-0.0,0.0,0.0,302.2125879592118,302.2125879592118,0.0,0.0
6743,2019-10-08 23:00:00,10,2019-10-09 00:00:00,0.10531,0.10531,0.10531,0.0,0.05,248.80542404990226,-0.0,-1.4355431639860366e-14,0.0,248.80542404990229,248.80542404990229,0.0,0.0
6744,2019-10-09 00:00:00,10,2019-10-09 01:00:00,0.10531,0.10531,0.10531,0.0,0.05,228.7910208919774,-0.0,0.0,0.0,228.7910208919774,228.7910208919774,0.0,0.0
6745,2019-10-09 01:00:00,10,2019-10-09 02:00:00,0.10531,0.10531,0.10531,0.0,0.05,226.09011138852725,-0.0,0.0,0.0,226.09011138852725,226.09011138852725,0.0,0.0
6746,2019-10-09 02:00:00,10,2019-10-09 03:00:00,0.10531,0.10531,0.10531,0.0,0.05,224.58778164927355,-0.0,0.0,0.0,224.58778164927355,224.58778164927355,0.0,0.0
6747,2019-10-09 03:00:00,10,2019-10-09 04:00:00,0.10531,0.10531,0.10531,0.0,0.05,238.64602429939336,-282.3787786695515,0.0,0.0,521.0248029689449,521.0248029689449,0.0,1.0
6748,2019-10-09 04:00:00,10,2019-10-09 05:00:00,0.10531,0.10531,0.10531,0.0,0.482980793959979,237.03159678518332,-0.0,0.0,0.0,237.03159678518332,237.03159678518332,0.0,0.0
6749,2019-10-09 05:00:00,10,2019-10-09 06:00:00,0.10531,0.10531,0.10531,0.0,0.482980793959979,308.17489169484594,-212.84991127409893,0.0,0.0,521.0248029689449,521.0248029689449,0.0,1.0
6750,2019-10-09 06:00:00,10,2019-10-09 07:00:00,0.10531,0.10531,0.10531,0.0,0.8093506579135973,317.9345239676139,-124.3365274476539,0.0,0.0,442.27105141526783,442.27105141526783,0.0,1.0
6751,2019-10-09 07:00:00,10,2019-10-09 08:00:00,0.10531,0.10531,0.10531,0.0,1.0,387.8333901753874,-0.0,0.0,0.0,387.8333901753874,387.8333901753874,0.0,0.0
6752,2019-10-09 08:00:00,10,2019-10-09 09:00:00,0.10531,0.10531,0.10531,0.0,1.0,341.22549509537697,-0.0,0.0,0.0,341.22549509537697,341.22549509537697,0.0,1.0
6753,2019-10-09 09:00:00,10,2019-10-09 10:00:00,0.10531,0.10531,0.10531,0.0,1.0,409.23003746482294,-0.0,0.0,0.0,409.23003746482294,409.23003746482294,0.0,1.0
6754,2019-10-09 10:00:00,10,2019-10-09 11:00:00,0.10531,0.10531,0.10531,0.0,1.0,467.90021221181615,-0.0,0.0,0.0,467.90021221181615,467.90021221181615,0.0,0.0
6755,2019-10-09 11:00:00,10,2019-10-09 12:00:00,0.10531,0.10531,0.10531,0.0,1.0,499.4390696167171,-0.0,0.0,0.0,499.4390696167171,499.4390696167171,0.0,0.0
6756,2019-10-09 12:00:00,10,2019-10-09 13:00:00,0.10531,0.10531,0.10531,0.0,1.0,502.10734310327695,-0.0,0.0,0.0,502.10734310327695,502.10734310327695,0.0,0.0
6757,2019-10-09 13:00:00,10,2019-10-09 14:00:00,0.10531,0.10531,0.10531,0.0,1.0,494.4280817029902,-0.0,0.0,0.0,494.4280817029902,494.4280817029902,0.0,1.0
6758,2019-10-09 14:00:00,10,2019-10-09 15:00:00,0.10531,0.10531,0.10531,0.0,1.0,482.23835623982836,-0.0,0.0,0.0,482.23835623982836,482.23835623982836,0.0,1.0
6759,2019-10-09 15:00:00,10,2019-10-09 16:00:00,0.10531,0.10531,0.10531,0.0,1.0,474.5170065583889,-0.0,0.0,0.0,474.5170065583889,474.5170065583889,0.0,0.0
6760,2019-10-09 16:00:00,10,2019-10-09 17:00:00,0.13592,0.13592,0.13592,0.0,1.0,412.634994489971,-0.0,0.0,0.0,412.634994489971,412.634994489971,0.0,0.0
6761,2019-10-09 17:00:00,10,2019-10-09 18:00:00,0.13592,0.13592,0.13592,0.0,1.0,431.18878034099816,-0.0,0.0,0.0,431.18878034099816,431.18878034099816,0.0,0.0
6762,2019-10-09 18:00:00,10,2019-10-09 19:00:00,0.13592,0.13592,0.13592,0.0,1.0,411.1730090662012,-0.0,300.0,0.0,111.17300906620119,111.17300906620119,0.0,0.0
6763,2019-10-09 19:00:00,10,2019-10-09 20:00:00,0.13592,0.13592,0.13592,0.0,0.4565217391304348,387.3726501217631,-0.0,224.4,0.0,162.9726501217631,162.9726501217631,0.0,0.0
6764,2019-10-09 20:00:00,10,2019-10-09 21:00:00,0.13592,0.13592,0.13592,0.0,0.05,346.44952706735194,-0.0,0.0,0.0,346.44952706735194,346.44952706735194,0.0,1.0
6765,2019-10-09 21:00:00,10,2019-10-09 22:00:00,0.10531,0.10531,0.10531,0.0,0.05,236.30023089159886,-0.0,0.0,0.0,236.30023089159886,236.30023089159886,0.0,0.0
6766,2019-10-09 22:00:00,10,2019-10-09 23:00:00,0.10531,0.10531,0.10531,0.0,0.05,300.61917225222066,-0.0,0.0,0.0,300.61917225222066,300.61917225222066,0.0,0.0
6767,2019-10-09 23:00:00,10,2019-10-10 00:00:00,0.10531,0.10531,0.10531,0.0,0.05,246.45361893705447,-0.0,0.0,0.0,246.45361893705447,246.45361893705447,0.0,0.0
6768,2019-10-10 00:00:00,10,2019-10-10 01:00:00,0.10531,0.10531,0.10531,0.0,0.05,231.76846875102262,-0.0,0.0,0.0,231.76846875102262,231.76846875102262,0.0,0.0
6769,2019-10-10 01:00:00,10,2019-10-10 02:00:00,0.10531,0.10531,0.10531,0.0,0.05,229.3178542146737,-0.0,0.0,0.0,229.3178542146737,229.3178542146737,0.0,0.0
6770,2019-10-10 02:00:00,10,2019-10-10 03:00:00,0.10531,0.10531,0.10531,0.0,0.05,227.7168988697356,-0.0,0.0,0.0,227.7168988697356,227.7168988697356,0.0,0.0
6771,2019-10-10 03:00:00,10,2019-10-10 04:00:00,0.10531,0.10531,0.10531,0.0,0.05,276.11305039408063,-244.91175257486424,0.0,0.0,521.0248029689449,521.0248029689449,0.0,1.0
6772,2019-10-10 04:00:00,10,2019-10-10 05:00:00,0.10531,0.10531,0.10531,0.0,0.4255313539481252,274.7341186764951,-65.10517092651338,0.0,0.0,339.83928960300847,339.83928960300847,0.0,1.0
6773,2019-10-10 05:00:00,10,2019-10-10 06:00:00,0.10531,0.10531,0.10531,0.0,0.5253592827021124,370.9842414510131,-150.0405615179318,0.0,0.0,521.0248029689449,521.0248029689449,0.0,1.0
6774,2019-10-10 06:00:00,10,2019-10-10 07:00:00,0.10531,0.10531,0.10531,0.0,0.7554214770296078,361.51707059694996,-159.5077323719949,0.0,0.0,521.0248029689449,521.0248029689449,0.0,1.0
6775,2019-10-10 07:00:00,10,2019-10-10 08:00:00,0.10531,0.10531,0.10531,0.0,1.0,495.1480126718533,0.0,0.0,0.0,495.1480126718533,495.1480126718533,0.0,0.0
6776,2019-10-10 08:00:00,10,2019-10-10 09:00:00,0.10531,0.10531,0.10531,0.0,1.0,552.6691796104117,-0.0,31.644376641466806,0.0,521.0248029689449,521.0248029689449,0.0,0.0
6777,2019-10-10 09:00:00,10,2019-10-10 10:00:00,0.10531,0.10531,0.10531,0.0,0.9426732307219804,538.4254596649894,-0.0,17.400656696044507,0.0,521.0248029689449,521.0248029689449,0.0,0.0
6778,2019-10-10 10:00:00,10,2019-10-10 11:00:00,0.10531,0.10531,0.10531,0.0,0.9111503019247982,587.5351454917663,-0.0,66.51034252282147,0.0,521.0248029689449,521.0248029689449,0.0,0.0
6779,2019-10-10 11:00:00,10,2019-10-10 12:00:00,0.10531,0.10531,0.10531,0.0,0.7906605509776579,558.1487484668021,-0.0,37.12394549785722,0.0,521.0248029689449,521.0248029689449,0.0,0.0
6780,2019-10-10 12:00:00,10,2019-10-10 13:00:00,0.10531,0.10531,0.10531,0.0,0.723407026525018,558.596109834564,-0.0,37.571306865619135,0.0,521.0248029689449,521.0248029689449,0.0,0.0
6781,2019-10-10 13:00:00,10,2019-10-10 14:00:00,0.10531,0.10531,0.10531,0.0,0.6553430648119398,548.4921205809009,-0.0,27.46731761195599,0.0,521.0248029689449,521.0248029689449,0.0,0.0
6782,2019-10-10 14:00:00,10,2019-10-10 15:00:00,0.10531,0.10531,0.10531,0.0,0.6055834314569472,539.3309960412041,-0.0,18.306193072259248,0.0,521.0248029689449,521.0248029689449,0.0,0.0
6783,2019-10-10 15:00:00,10,2019-10-10 16:00:00,0.10531,0.10531,0.10531,0.0,0.5724200382101007,536.109747683352,-0.0,15.08494471440713,0.0,521.0248029689449,521.0248029689449,0.0,0.0
6784,2019-10-10 16:00:00,10,2019-10-10 17:00:00,0.13592,0.13592,0.13592,0.0,0.5450922398144356,531.1527114475308,-0.0,10.127908478585937,0.0,521.0248029689449,521.0248029689449,0.0,0.0
6785,2019-10-10 17:00:00,10,2019-10-10 18:00:00,0.13592,0.13592,0.13592,0.0,0.5267445795271422,534.6449209891626,-0.0,263.1630078989825,0.0,271.4819130901801,271.4819130901801,0.0,0.0
6786,2019-10-10 18:00:00,10,2019-10-10 19:00:00,0.13592,0.13592,0.13592,0.0,0.05,505.41507533855355,-0.0,0.0,0.0,505.41507533855355,505.41507533855355,0.0,0.0
6787,2019-10-10 19:00:00,10,2019-10-10 20:00:00,0.13592,0.13592,0.13592,0.0,0.05,450.395957375337,-0.0,0.0,0.0,450.395957375337,450.395957375337,0.0,1.0
6788,2019-10-10 20:00:00,10,2019-10-10 21:00:00,0.13592,0.13592,0.13592,0.0,0.05,324.2479799112385,-0.0,0.0,0.0,324.2479799112385,324.2479799112385,0.0,1.0
6789,2019-10-10 21:00:00,10,2019-10-10 22:00:00,0.10531,0.10531,0.10531,0.0,0.05,230.351194970358,-0.0,0.0,0.0,230.351194970358,230.351194970358,0.0,0.0
6790,2019-10-10 22:00:00,10,2019-10-10 23:00:00,0.10531,0.10531,0.10531,0.0,0.05,295.77312661169935,-120.8673291808172,0.0,0.0,416.64045579251655,416.64045579251655,0.0,1.0
6791,2019-10-10 23:00:00,10,2019-10-11 00:00:00,0.10531,0.10531,0.10531,0.0,0.2353299047439197,239.0939999490178,-0.0,0.0,0.0,239.0939999490178,239.0939999490178,0.0,0.0
6792,2019-10-11 00:00:00,10,2019-10-11 01:00:00,0.10531,0.10531,0.10531,0.0,0.2353299047439197,220.05336344572694,-0.0,0.0,0.0,220.05336344572694,220.05336344572694,0.0,0.0
6793,2019-10-11 01:00:00,10,2019-10-11 02:00:00,0.10531,0.10531,0.10531,0.0,0.2353299047439197,217.57035904434812,-0.0,0.0,0.0,217.57035904434812,217.57035904434812,0.0,0.0
6794,2019-10-11 02:00:00,10,2019-10-11 03:00:00,0.10531,0.10531,0.10531,0.0,0.2353299047439197,214.99041815298332,-0.0,0.0,0.0,214.99041815298332,214.99041815298332,0.0,0.0
6795,2019-10-11 03:00:00,10,2019-10-11 04:00:00,0.10531,0.10531,0.10531,0.0,0.2353299047439197,227.8318049565233,-203.50717710081219,0.0,0.0,431.3389820573355,431.3389820573355,0.0,1.0
6796,2019-10-11 04:00:00,10,2019-10-11 05:00:00,0.10531,0.10531,0.10531,0.0,0.5473742429651651,225.83409185926993,-295.1907111096749,0.0,0.0,521.0248029689449,521.0248029689449,0.0,1.0
6797,2019-10-11 05:00:00,10,2019-10-11 06:00:00,0.10531,0.10531,0.10531,0.0,1.0,319.5578671901586,-0.0,0.0,0.0,319.5578671901586,319.5578671901586,0.0,1.0
6798,2019-10-11 06:00:00,10,2019-10-11 07:00:00,0.10531,0.10531,0.10531,0.0,1.0,324.45950766048264,-0.0,0.0,0.0,324.45950766048264,324.45950766048264,0.0,1.0
6799,2019-10-11 07:00:00,10,2019-10-11 08:00:00,0.10531,0.10531,0.10531,0.0,1.0,482.1702499191016,-0.0,0.0,0.0,482.1702499191016,482.1702499191016,0.0,0.0
6800,2019-10-11 08:00:00,10,2019-10-11 09:00:00,0.10531,0.10531,0.10531,0.0,1.0,540.022112544276,-0.0,18.997309575331087,0.0,521.0248029689449,521.0248029689449,0.0,0.0
6801,2019-10-11 09:00:00,10,2019-10-11 10:00:00,0.10531,0.10531,0.10531,0.0,0.965584584102661,522.8635677460214,-0.0,1.8387647770765625,0.0,521.0248029689449,521.0248029689449,0.0,0.0
6802,2019-10-11 10:00:00,10,2019-10-11 11:00:00,0.10531,0.10531,0.10531,0.0,0.9622534884920151,577.9570945836012,-0.0,56.93229161465638,0.0,521.0248029689449,521.0248029689449,0.0,0.0
6803,2019-10-11 11:00:00,10,2019-10-11 12:00:00,0.10531,0.10531,0.10531,0.0,0.8591152790451739,545.5585444205245,-0.0,24.533741451579658,0.0,521.0248029689449,521.0248029689449,0.0,0.0
6804,2019-10-11 12:00:00,10,2019-10-11 13:00:00,0.10531,0.10531,0.10531,0.0,0.8146700952560803,541.5413066303735,-0.0,20.5165036614286,0.0,521.0248029689449,521.0248029689449,0.0,0.0
6805,2019-10-11 13:00:00,10,2019-10-11 14:00:00,0.10531,0.10531,0.10531,0.0,0.7775025161592893,532.5578309745505,-0.0,11.533028005605615,0.0,521.0248029689449,521.0248029689449,0.0,0.0
6806,2019-10-11 14:00:00,10,2019-10-11 15:00:00,0.10531,0.10531,0.10531,0.0,0.7566093494824675,527.1185865321986,-0.0,6.09378356325368,0.0,521.0248029689449,521.0248029689449,0.0,0.0
6807,2019-10-11 15:00:00,10,2019-10-11 16:00:00,0.10531,0.10531,0.10531,0.0,0.7455698865055587,527.4848387317821,-0.0,6.460035762837265,0.0,521.0248029689449,521.0248029689449,0.0,0.0
6808,2019-10-11 16:00:00,10,2019-10-11 17:00:00,0.13592,0.13592,0.13592,0.0,0.7338669231670853,523.8385218383272,-0.0,300.0,0.0,223.8385218383272,223.8385218383272,0.0,0.0
6809,2019-10-11 17:00:00,10,2019-10-11 18:00:00,0.13592,0.13592,0.13592,0.0,0.19038866229752022,539.0857429736868,-0.0,77.34912727376455,0.0,461.73661569992225,461.73661569992225,0.0,0.0
6810,2019-10-11 18:00:00,10,2019-10-11 19:00:00,0.13592,0.13592,0.13592,0.0,0.050263431729106196,521.1702172834115,-0.0,0.14541431446662045,0.0,521.0248029689449,521.0248029689449,0.0,0.0
6811,2019-10-11 19:00:00,10,2019-10-11 20:00:00,0.13592,0.13592,0.13592,0.0,0.05,467.0024661993554,-0.0,0.0,0.0,467.0024661993554,467.0024661993554,0.0,1.0
6812,2019-10-11 20:00:00,10,2019-10-11 21:00:00,0.13592,0.13592,0.13592,0.0,0.05,337.36607972783406,-0.0,0.0,0.0,337.36607972783406,337.36607972783406,0.0,1.0
6813,2019-10-11 21:00:00,10,2019-10-11 22:00:00,0.10531,0.10531,0.10531,0.0,0.05,232.90303590995586,-0.0,0.0,0.0,232.90303590995586,232.90303590995586,0.0,0.0
6814,2019-10-11 22:00:00,10,2019-10-11 23:00:00,0.10531,0.10531,0.10531,0.0,0.05000000000000008,297.881613099949,-0.0,0.0,0.0,297.881613099949,297.881613099949,0.0,1.0
6815,2019-10-11 23:00:00,10,2019-10-12 00:00:00,0.10531,0.10531,0.10531,0.0,0.05000000000000008,241.69856019117427,-0.0,0.0,0.0,241.69856019117427,241.69856019117427,0.0,0.0
6816,2019-10-12 00:00:00,10,2019-10-12 01:00:00,0.10531,0.10531,0.10531,0.0,0.05,222.30995071137676,-0.0,0.0,0.0,222.30995071137676,222.30995071137676,0.0,0.0
6817,2019-10-12 01:00:00,10,2019-10-12 02:00:00,0.10531,0.10531,0.10531,0.0,0.05,218.69351723705716,-0.0,0.0,0.0,218.69351723705716,218.69351723705716,0.0,0.0
6818,2019-10-12 02:00:00,10,2019-10-12 03:00:00,0.10531,0.10531,0.10531,0.0,0.05,216.1057040227141,-0.0,0.0,0.0,216.1057040227141,216.1057040227141,0.0,0.0
6819,2019-10-12 03:00:00,10,2019-10-12 04:00:00,0.10531,0.10531,0.10531,0.0,0.049999999999999906,229.12321823102707,-291.9015847379178,0.0,0.0,521.0248029689449,521.0248029689449,0.0,1.0
6820,2019-10-12 04:00:00,10,2019-10-12 05:00:00,0.10531,0.10531,0.10531,0.0,0.4975824299314739,227.75944781087495,-293.26535515806995,0.0,0.0,521.0248029689449,521.0248029689449,0.0,1.0
6821,2019-10-12 05:00:00,10,2019-10-12 06:00:00,0.10531,0.10531,0.10531,0.0,0.9472559745071811,322.0518554736077,-34.398277495316655,0.0,0.0,356.4501329689244,356.4501329689244,0.0,1.0
6822,2019-10-12 06:00:00,10,2019-10-12 07:00:00,0.10531,0.10531,0.10531,0.0,1.0,326.1855938570046,-0.0,0.0,0.0,326.1855938570046,326.1855938570046,0.0,0.0
6823,2019-10-12 07:00:00,10,2019-10-12 08:00:00,0.10531,0.10531,0.10531,0.0,1.0,482.92606263927945,-0.0,0.0,0.0,482.92606263927945,482.92606263927945,0.0,1.0
6824,2019-10-12 08:00:00,10,2019-10-12 09:00:00,0.10531,0.10531,0.10531,0.0,1.0,545.9263650662872,-0.0,24.90156209734232,0.0,521.0248029689449,521.0248029689449,0.0,0.0
6825,2019-10-12 09:00:00,10,2019-10-12 10:00:00,0.10531,0.10531,0.10531,0.0,0.9548884744613364,536.342822590979,-0.0,15.318019622034171,0.0,521.0248029689449,521.0248029689449,0.0,0.0
6826,2019-10-12 10:00:00,10,2019-10-12 11:00:00,0.10531,0.10531,0.10531,0.0,0.9271384389141731,596.5668401104143,-0.0,75.54203714146945,0.0,521.0248029689449,521.0248029689449,0.0,0.0
6827,2019-10-12 11:00:00,10,2019-10-12 12:00:00,0.10531,0.10531,0.10531,0.0,0.7902869223535401,573.0694901616802,-0.0,52.044687192735296,0.0,521.0248029689449,521.0248029689449,0.0,0.0
6828,2019-10-12 12:00:00,10,2019-10-12 13:00:00,0.10531,0.10531,0.10531,0.0,0.6960030687435125,575.7689680613806,-0.0,54.744165092435765,0.0,521.0248029689449,521.0248029689449,0.0,0.0
6829,2019-10-12 13:00:00,10,2019-10-12 14:00:00,0.10531,0.10531,0.10531,0.0,0.5968288566195347,567.1508783470099,-0.0,46.126075378065025,0.0,521.0248029689449,521.0248029689449,0.0,0.0
6830,2019-10-12 14:00:00,10,2019-10-12 15:00:00,0.10531,0.10531,0.10531,0.0,0.5132671258621705,557.4279804885558,-0.0,36.40317751961095,0.0,521.0248029689449,521.0248029689449,0.0,0.0
6831,2019-10-12 15:00:00,10,2019-10-12 16:00:00,0.10531,0.10531,0.10531,0.0,0.4473193405005565,553.7385021377005,-0.0,32.713699168755625,0.0,521.0248029689449,521.0248029689449,0.0,0.0
6832,2019-10-12 16:00:00,10,2019-10-12 17:00:00,0.13592,0.13592,0.13592,0.0,0.38805539273107165,539.2243529510129,-0.0,164.32542601086146,0.0,374.8989269401514,374.8989269401514,0.0,0.0
6833,2019-10-12 17:00:00,10,2019-10-12 18:00:00,0.13592,0.13592,0.13592,0.0,0.0903644035809603,543.305953745635,-0.0,22.281150776690083,0.0,521.0248029689449,521.0248029689449,0.0,0.0
6834,2019-10-12 18:00:00,10,2019-10-12 19:00:00,0.13592,0.13592,0.13592,0.0,0.05,518.9480775418504,-0.0,0.0,0.0,518.9480775418504,518.9480775418504,0.0,1.0
6835,2019-10-12 19:00:00,10,2019-10-12 20:00:00,0.13592,0.13592,0.13592,0.0,0.05,458.2385117443303,-0.0,0.0,0.0,458.2385117443303,458.2385117443303,0.0,1.0
6836,2019-10-12 20:00:00,10,2019-10-12 21:00:00,0.13592,0.13592,0.13592,0.0,0.05,326.4895502537329,-0.0,0.0,0.0,326.4895502537329,326.4895502537329,0.0,1.0
6837,2019-10-12 21:00:00,10,2019-10-12 22:00:00,0.10531,0.10531,0.10531,0.0,0.05,219.87821892433792,-0.0,0.0,0.0,219.87821892433792,219.87821892433792,0.0,0.0
6838,2019-10-12 22:00:00,10,2019-10-12 23:00:00,0.10531,0.10531,0.10531,0.0,0.05,283.9893516840015,-0.0,0.0,0.0,283.9893516840015,283.9893516840015,0.0,1.0
6839,2019-10-12 23:00:00,10,2019-10-13 00:00:00,0.10531,0.10531,0.10531,0.0,0.05,223.93787661715763,-0.0,0.0,0.0,223.93787661715763,223.93787661715763,0.0,0.0
6840,2019-10-13 00:00:00,10,2019-10-13 01:00:00,0.10531,0.10531,0.10531,0.0,0.05,204.91310757465232,-0.0,0.0,0.0,204.91310757465232,204.91310757465232,0.0,0.0
6841,2019-10-13 01:00:00,10,2019-10-13 02:00:00,0.10531,0.10531,0.10531,0.0,0.05,200.36331441116528,-0.0,0.0,0.0,200.36331441116528,200.36331441116528,0.0,0.0
6842,2019-10-13 02:00:00,10,2019-10-13 03:00:00,0.10531,0.10531,0.10531,0.0,0.05,196.50979624837598,-0.0,0.0,0.0,196.50979624837598,196.50979624837598,0.0,0.0
6843,2019-10-13 03:00:00,10,2019-10-13 04:00:00,0.10531,0.10531,0.10531,0.0,0.05,239.44727548605925,-216.7917050373462,0.0,0.0,456.2389805234054,456.2389805234054,0.0,1.0
6844,2019-10-13 04:00:00,10,2019-10-13 05:00:00,0.10531,0.10531,0.10531,0.0,0.38241394772393084,236.45495777431398,-0.0,0.0,0.0,236.45495777431398,236.45495777431398,0.0,0.0
6845,2019-10-13 05:00:00,10,2019-10-13 06:00:00,0.10531,0.10531,0.10531,0.0,0.38241394772393084,329.08262129657606,-191.9421816723688,0.0,0.0,521.0248029689449,521.0248029689449,0.0,1.0
6846,2019-10-13 06:00:00,10,2019-10-13 07:00:00,0.10531,0.10531,0.10531,0.0,0.6767252929548964,310.1934722873556,-210.8313306815893,0.0,0.0,521.0248029689449,521.0248029689449,0.0,1.0
6847,2019-10-13 07:00:00,10,2019-10-13 08:00:00,0.10531,0.10531,0.10531,0.0,1.0,456.36414393334223,-0.0,0.0,0.0,456.36414393334223,456.36414393334223,0.0,0.0
6848,2019-10-13 08:00:00,10,2019-10-13 09:00:00,0.10531,0.10531,0.10531,0.0,1.0,536.3392978146529,-0.0,15.314494845708055,0.0,521.0248029689449,521.0248029689449,0.0,0.0
6849,2019-10-13 09:00:00,10,2019-10-13 10:00:00,0.10531,0.10531,0.10531,0.0,0.9722563499171956,526.9221646384219,-0.0,5.89736166947705,0.0,521.0248029689449,521.0248029689449,0.0,0.0
6850,2019-10-13 10:00:00,10,2019-10-13 11:00:00,0.10531,0.10531,0.10531,0.0,0.9615727237043747,598.0820544869796,-0.0,77.05725151803472,0.0,521.0248029689449,521.0248029689449,0.0,0.0
6851,2019-10-13 11:00:00,10,2019-10-13 12:00:00,0.10531,0.10531,0.10531,0.0,0.8219762535630075,575.3337229785215,-0.0,54.30892000957658,0.0,521.0248029689449,521.0248029689449,0.0,0.0
6852,2019-10-13 12:00:00,10,2019-10-13 13:00:00,0.10531,0.10531,0.10531,0.0,0.7235905289079775,575.5425027226519,-0.0,54.51769975370701,0.0,521.0248029689449,521.0248029689449,0.0,0.0
6853,2019-10-13 13:00:00,10,2019-10-13 14:00:00,0.10531,0.10531,0.10531,0.0,0.6248265800787981,566.8886132909693,-0.0,45.86381032202439,0.0,521.0248029689449,521.0248029689449,0.0,0.0
6854,2019-10-13 14:00:00,10,2019-10-13 15:00:00,0.10531,0.10531,0.10531,0.0,0.54173996717658,554.4039263484542,-0.0,33.37912337950934,0.0,521.0248029689449,521.0248029689449,0.0,0.0
6855,2019-10-13 15:00:00,10,2019-10-13 16:00:00,0.10531,0.10531,0.10531,0.0,0.48127054076442544,551.582957029584,-0.0,30.55815406063914,0.0,521.0248029689449,521.0248029689449,0.0,0.0
6856,2019-10-13 16:00:00,10,2019-10-13 17:00:00,0.13592,0.13592,0.13592,0.0,0.42591156601689073,541.8718119249033,-0.0,183.04648185433564,0.0,358.8253300705677,358.8253300705677,0.0,0.0
6857,2019-10-13 17:00:00,10,2019-10-13 18:00:00,0.13592,0.13592,0.13592,0.0,0.09430562062860154,545.4815055559329,-0.0,24.456702586988058,0.0,521.0248029689449,521.0248029689449,0.0,0.0
6858,2019-10-13 18:00:00,10,2019-10-13 19:00:00,0.13592,0.13592,0.13592,0.0,0.05,505.49924154820224,-0.0,0.0,0.0,505.49924154820224,505.49924154820224,0.0,0.0
6859,2019-10-13 19:00:00,10,2019-10-13 20:00:00,0.13592,0.13592,0.13592,0.0,0.05,444.49286730046526,-0.0,0.0,0.0,444.49286730046526,444.49286730046526,0.0,1.0
6860,2019-10-13 20:00:00,10,2019-10-13 21:00:00,0.13592,0.13592,0.13592,0.0,0.05,310.94952211328246,-0.0,0.0,0.0,310.94952211328246,310.94952211328246,0.0,1.0
6861,2019-10-13 21:00:00,10,2019-10-13 22:00:00,0.10531,0.10531,0.10531,0.0,0.05,213.23904914661082,-0.0,0.0,0.0,213.23904914661082,213.23904914661082,0.0,0.0
6862,2019-10-13 22:00:00,10,2019-10-13 23:00:00,0.10531,0.10531,0.10531,0.0,0.05,278.7713757939172,-0.0,0.0,0.0,278.7713757939172,278.7713757939172,0.0,1.0
6863,2019-10-13 23:00:00,10,2019-10-14 00:00:00,0.10531,0.10531,0.10531,0.0,0.05,218.13967811834254,-0.0,0.0,0.0,218.13967811834254,218.13967811834254,0.0,0.0
6864,2019-10-14 00:00:00,10,2019-10-14 01:00:00,0.10531,0.10531,0.10531,0.0,0.05,194.18539595999127,-0.0,0.0,0.0,194.18539595999127,194.18539595999127,0.0,0.0
6865,2019-10-14 01:00:00,10,2019-10-14 02:00:00,0.10531,0.10531,0.10531,0.0,0.05,189.84161469556008,-0.0,0.0,0.0,189.84161469556008,189.84161469556008,0.0,0.0
6866,2019-10-14 02:00:00,10,2019-10-14 03:00:00,0.10531,0.10531,0.10531,0.0,0.05,185.96369109644772,-0.0,0.0,0.0,185.96369109644772,185.96369109644772,0.0,0.0
6867,2019-10-14 03:00:00,10,2019-10-14 04:00:00,0.10531,0.10531,0.10531,0.0,0.05,196.18996960349656,-0.0,0.0,0.0,196.18996960349656,196.18996960349656,0.0,0.0
6868,2019-10-14 04:00:00,10,2019-10-14 05:00:00,0.10531,0.10531,0.10531,0.0,0.05,192.21495633059936,-0.0,0.0,0.0,192.21495633059936,192.21495633059936,0.0,0.0
6869,2019-10-14 05:00:00,10,2019-10-14 06:00:00,0.10531,0.10531,0.10531,0.0,0.05,260.277091440327,-260.74771152861786,0.0,0.0,521.0248029689449,521.0248029689449,0.0,1.0
6870,2019-10-14 06:00:00,10,2019-10-14 07:00:00,0.10531,0.10531,0.10531,0.0,0.44981315767721414,256.10597374522285,-236.3638398277564,0.0,0.0,492.46981357297926,492.46981357297926,0.0,1.0
6871,2019-10-14 07:00:00,10,2019-10-14 08:00:00,0.10531,0.10531,0.10531,0.0,0.8122377120797739,398.5711369340148,-122.45366603493005,0.0,0.0,521.0248029689449,521.0248029689449,0.0,1.0
6872,2019-10-14 08:00:00,10,2019-10-14 09:00:00,0.10531,0.10531,0.10531,0.0,1.0,466.4803337056428,-0.0,0.0,0.0,466.4803337056428,466.4803337056428,0.0,1.0
6873,2019-10-14 09:00:00,10,2019-10-14 10:00:00,0.10531,0.10531,0.10531,0.0,1.0,534.9684269634431,-0.0,13.943623994498239,0.0,521.0248029689449,521.0248029689449,0.0,0.0
6874,2019-10-14 10:00:00,10,2019-10-14 11:00:00,0.10531,0.10531,0.10531,0.0,0.9747398116041698,602.8582126783084,-0.0,81.83340970936354,0.0,521.0248029689449,521.0248029689449,0.0,0.0
6875,2019-10-14 11:00:00,10,2019-10-14 12:00:00,0.10531,0.10531,0.10531,0.0,0.8264908809712648,579.475807597281,-0.0,58.451004628336136,0.0,521.0248029689449,521.0248029689449,0.0,0.0
6876,2019-10-14 12:00:00,10,2019-10-14 13:00:00,0.10531,0.10531,0.10531,0.0,0.7206013798329747,580.086743430876,-0.0,59.06194046193116,0.0,521.0248029689449,521.0248029689449,0.0,0.0
6877,2019-10-14 13:00:00,10,2019-10-14 14:00:00,0.10531,0.10531,0.10531,0.0,0.6136051108802009,567.9459484596581,-0.0,46.92114549071323,0.0,521.0248029689449,521.0248029689449,0.0,0.0
6878,2019-10-14 14:00:00,10,2019-10-14 15:00:00,0.10531,0.10531,0.10531,0.0,0.5286030357158653,558.3861033317766,-0.0,37.361300362831685,0.0,521.0248029689449,521.0248029689449,0.0,0.0
6879,2019-10-14 15:00:00,10,2019-10-14 16:00:00,0.10531,0.10531,0.10531,0.0,0.4609195205658079,557.4105590071787,-0.0,36.38575603823381,0.0,521.0248029689449,521.0248029689449,0.0,0.0
6880,2019-10-14 16:00:00,10,2019-10-14 17:00:00,0.13592,0.13592,0.13592,0.0,0.3950032958588626,545.0825246017564,-0.0,24.057721632811536,0.0,521.0248029689449,521.0248029689449,0.0,0.0
6881,2019-10-14 17:00:00,10,2019-10-14 18:00:00,0.13592,0.13592,0.13592,0.0,0.3514204668139142,514.2175826861012,-0.0,0.0,0.0,514.2175826861012,514.2175826861012,0.0,1.0
6882,2019-10-14 18:00:00,10,2019-10-14 19:00:00,0.13592,0.13592,0.13592,0.0,0.3514204668139142,428.90451382488914,-0.0,0.0,0.0,428.90451382488914,428.90451382488914,0.0,0.0
6883,2019-10-14 19:00:00,10,2019-10-14 20:00:00,0.13592,0.13592,0.13592,0.0,0.3514204668139142,403.66461530417996,-0.0,166.38409768128065,0.0,237.2805176228993,237.2805176228993,0.0,0.0
6884,2019-10-14 20:00:00,10,2019-10-14 21:00:00,0.13592,0.13592,0.13592,0.0,0.05,309.3947015631607,-0.0,0.0,0.0,309.3947015631607,309.3947015631607,0.0,1.0
6885,2019-10-14 21:00:00,10,2019-10-14 22:00:00,0.10531,0.10531,0.10531,0.0,0.05,228.8005219096917,-0.0,0.0,0.0,228.8005219096917,228.8005219096917,0.0,0.0
6886,2019-10-14 22:00:00,10,2019-10-14 23:00:00,0.10531,0.10531,0.10531,0.0,0.05,290.9623589262264,-0.0,0.0,0.0,290.9623589262264,290.9623589262264,0.0,1.0
6887,2019-10-14 23:00:00,10,2019-10-15 00:00:00,0.10531,0.10531,0.10531,0.0,0.05,234.56080875546678,-0.0,0.0,0.0,234.56080875546678,234.56080875546678,0.0,0.0
6888,2019-10-15 00:00:00,10,2019-10-15 01:00:00,0.10531,0.10531,0.10531,0.0,0.05,213.9035862609808,-0.0,0.0,0.0,213.9035862609808,213.9035862609808,0.0,0.0
6889,2019-10-15 01:00:00,10,2019-10-15 02:00:00,0.10531,0.10531,0.10531,0.0,0.05,210.13950781280482,-0.0,0.0,0.0,210.13950781280482,210.13950781280482,0.0,0.0
6890,2019-10-15 02:00:00,10,2019-10-15 03:00:00,0.10531,0.10531,0.10531,0.0,0.05,206.14191321883993,-0.0,0.0,0.0,206.14191321883993,206.14191321883993,0.0,0.0
6891,2019-10-15 03:00:00,10,2019-10-15 04:00:00,0.10531,0.10531,0.10531,0.0,0.05,216.65084018185016,-0.0,0.0,0.0,216.65084018185016,216.65084018185016,0.0,0.0
6892,2019-10-15 04:00:00,10,2019-10-15 05:00:00,0.10531,0.10531,0.10531,0.0,0.05,213.66234862838544,-277.1623055905077,0.0,0.0,490.8246542188931,490.8246542188931,0.0,1.0
6893,2019-10-15 05:00:00,10,2019-10-15 06:00:00,0.10531,0.10531,0.10531,0.0,0.47498220190544516,281.03474325619993,-202.9010465932759,0.0,0.0,483.93578984947584,483.93578984947584,0.0,1.0
6894,2019-10-15 06:00:00,10,2019-10-15 07:00:00,0.10531,0.10531,0.10531,0.0,0.7860971400151349,281.04814762637216,-0.0,0.0,0.0,281.04814762637216,281.04814762637216,0.0,0.0
6895,2019-10-15 07:00:00,10,2019-10-15 08:00:00,0.10531,0.10531,0.10531,0.0,0.7860971400151349,351.32278901137244,-139.50186520752072,0.0,0.0,490.82465421889316,490.82465421889316,0.0,1.0
6896,2019-10-15 08:00:00,10,2019-10-15 09:00:00,0.10531,0.10531,0.10531,0.0,1.0,304.7000622634307,-0.0,0.0,0.0,304.7000622634307,304.7000622634307,0.0,1.0
6897,2019-10-15 09:00:00,10,2019-10-15 10:00:00,0.10531,0.10531,0.10531,0.0,1.0,384.28282036923594,-0.0,0.0,0.0,384.28282036923594,384.28282036923594,0.0,1.0
6898,2019-10-15 10:00:00,10,2019-10-15 11:00:00,0.10531,0.10531,0.10531,0.0,1.0,454.8169858987271,-0.0,0.0,0.0,454.8169858987271,454.8169858987271,0.0,0.0
6899,2019-10-15 11:00:00,10,2019-10-15 12:00:00,0.10531,0.10531,0.10531,0.0,1.0,490.03815492612574,-0.0,0.0,0.0,490.03815492612574,490.03815492612574,0.0,0.0
6900,2019-10-15 12:00:00,10,2019-10-15 13:00:00,0.10531,0.10531,0.10531,0.0,1.0,490.82465421889316,-0.0,0.0,0.0,490.82465421889316,490.82465421889316,0.0,1.0
6901,2019-10-15 13:00:00,10,2019-10-15 14:00:00,0.10531,0.10531,0.10531,0.0,1.0,479.5129951198117,-0.0,0.0,0.0,479.5129951198117,479.5129951198117,0.0,0.0
6902,2019-10-15 14:00:00,10,2019-10-15 15:00:00,0.10531,0.10531,0.10531,0.0,1.0,472.18646851097014,-0.0,0.0,0.0,472.18646851097014,472.18646851097014,0.0,1.0
6903,2019-10-15 15:00:00,10,2019-10-15 16:00:00,0.10531,0.10531,0.10531,0.0,1.0,467.0929391086885,-0.0,0.0,0.0,467.0929391086885,467.0929391086885,0.0,1.0
6904,2019-10-15 16:00:00,10,2019-10-15 17:00:00,0.13592,0.13592,0.13592,0.0,1.0,401.27394177542544,-0.0,0.0,0.0,401.27394177542544,401.27394177542544,0.0,0.0
6905,2019-10-15 17:00:00,10,2019-10-15 18:00:00,0.13592,0.13592,0.13592,0.0,1.0,422.91985831508435,-0.0,300.0,0.0,122.91985831508435,122.91985831508435,0.0,0.0
6906,2019-10-15 18:00:00,10,2019-10-15 19:00:00,0.13592,0.13592,0.13592,0.0,0.4565217391304348,388.1745798768828,-0.0,0.0,0.0,388.1745798768828,388.1745798768828,0.0,0.0
6907,2019-10-15 19:00:00,10,2019-10-15 20:00:00,0.13592,0.13592,0.13592,0.0,0.4565217391304348,360.2543304300224,-0.0,224.4,0.0,135.85433043002237,135.85433043002237,0.0,0.0
6908,2019-10-15 20:00:00,10,2019-10-15 21:00:00,0.13592,0.13592,0.13592,0.0,0.05,327.0087077669814,-0.0,0.0,0.0,327.0087077669814,327.0087077669814,0.0,1.0
6909,2019-10-15 21:00:00,10,2019-10-15 22:00:00,0.10531,0.10531,0.10531,0.0,0.05,215.41604553055978,-0.0,0.0,0.0,215.41604553055978,215.41604553055978,0.0,0.0
6910,2019-10-15 22:00:00,10,2019-10-15 23:00:00,0.10531,0.10531,0.10531,0.0,0.05,279.0872462310827,-133.46775128784336,0.0,0.0,412.55499751892603,412.55499751892603,0.0,1.0
6911,2019-10-15 23:00:00,10,2019-10-16 00:00:00,0.10531,0.10531,0.10531,0.0,0.25465055197469316,220.64026945042735,-0.0,0.0,0.0,220.64026945042735,220.64026945042735,0.0,0.0
6912,2019-10-16 00:00:00,10,2019-10-16 01:00:00,0.10531,0.10531,0.10531,0.0,0.25465055197469316,208.2274890886605,-0.0,0.0,0.0,208.2274890886605,208.2274890886605,0.0,0.0
6913,2019-10-16 01:00:00,10,2019-10-16 02:00:00,0.10531,0.10531,0.10531,0.0,0.25465055197469316,205.7209988740851,-0.0,0.0,0.0,205.7209988740851,205.7209988740851,0.0,0.0
6914,2019-10-16 02:00:00,10,2019-10-16 03:00:00,0.10531,0.10531,0.10531,0.0,0.25465055197469316,203.75317234164586,-0.0,0.0,0.0,203.75317234164586,203.75317234164586,0.0,0.0
6915,2019-10-16 03:00:00,10,2019-10-16 04:00:00,0.10531,0.10531,0.10531,0.0,0.25465055197469316,217.35021717851865,-186.09746610346096,0.0,0.0,403.4476832819796,403.4476832819796,0.0,1.0
6916,2019-10-16 04:00:00,10,2019-10-16 05:00:00,0.10531,0.10531,0.10531,0.0,0.54,219.0331724293124,-300.0,0.0,0.0,519.0331724293123,519.0331724293123,0.0,1.0
6917,2019-10-16 05:00:00,10,2019-10-16 06:00:00,0.10531,0.10531,0.10531,0.0,1.0,316.4392622180472,-0.0,0.0,0.0,316.4392622180472,316.4392622180472,0.0,1.0
6918,2019-10-16 06:00:00,10,2019-10-16 07:00:00,0.10531,0.10531,0.10531,0.0,1.0,320.20124994679435,-0.0,0.0,0.0,320.20124994679435,320.20124994679435,0.0,1.0
6919,2019-10-16 07:00:00,10,2019-10-16 08:00:00,0.10531,0.10531,0.10531,0.0,1.0,474.5559303165573,-0.0,0.0,0.0,474.5559303165573,474.5559303165573,0.0,1.0
6920,2019-10-16 08:00:00,10,2019-10-16 09:00:00,0.10531,0.10531,0.10531,0.0,1.0,533.8212923003957,-0.0,12.796489331450857,0.0,521.0248029689449,521.0248029689449,0.0,0.0
6921,2019-10-16 09:00:00,10,2019-10-16 10:00:00,0.10531,0.10531,0.10531,0.0,0.9768179541096905,521.6002317945042,-0.0,0.5754288255593565,0.0,521.0248029689449,521.0248029689449,0.0,0.0
6922,2019-10-16 10:00:00,10,2019-10-16 11:00:00,0.10531,0.10531,0.10531,0.0,0.9757755105851266,583.1446893148537,-0.0,62.11988634590887,0.0,521.0248029689449,521.0248029689449,0.0,0.0
6923,2019-10-16 11:00:00,10,2019-10-16 12:00:00,0.10531,0.10531,0.10531,0.0,0.8632394845961612,558.5001031560564,-0.0,37.47530018711154,0.0,521.0248029689449,521.0248029689449,0.0,0.0
6924,2019-10-16 12:00:00,10,2019-10-16 13:00:00,0.10531,0.10531,0.10531,0.0,0.795349448025307,554.3533757882958,-0.0,33.32857281935094,0.0,521.0248029689449,521.0248029689449,0.0,0.0
6925,2019-10-16 13:00:00,10,2019-10-16 14:00:00,0.10531,0.10531,0.10531,0.0,0.7349715987148887,537.1031195839166,-0.0,16.078316614971754,0.0,521.0248029689449,521.0248029689449,0.0,0.0
6926,2019-10-16 14:00:00,10,2019-10-16 15:00:00,0.10531,0.10531,0.10531,0.0,0.7058442135428384,528.7046849237139,-0.0,7.67988195476903,0.0,521.0248029689449,521.0248029689449,0.0,0.0
6927,2019-10-16 15:00:00,10,2019-10-16 16:00:00,0.10531,0.10531,0.10531,0.0,0.6919313839146337,526.4779075824767,-0.0,5.4531046135318775,0.0,521.0248029689449,521.0248029689449,0.0,0.0
6928,2019-10-16 16:00:00,10,2019-10-16 17:00:00,0.13592,0.13592,0.13592,0.0,0.68205257120896,519.2830280062582,-0.0,300.0,0.0,219.28302800625818,219.28302800625818,0.0,0.0
6929,2019-10-16 17:00:00,10,2019-10-16 18:00:00,0.13592,0.13592,0.13592,0.0,0.13857431033939482,524.3014581486556,-0.0,48.893019307345945,0.0,475.4084388413096,475.4084388413096,0.0,0.0
6930,2019-10-16 18:00:00,10,2019-10-16 19:00:00,0.13592,0.13592,0.13592,0.0,0.05,495.2908551305394,-0.0,0.0,0.0,495.2908551305394,495.2908551305394,0.0,0.0
6931,2019-10-16 19:00:00,10,2019-10-16 20:00:00,0.13592,0.13592,0.13592,0.0,0.05,436.18557658620085,-0.0,0.0,0.0,436.18557658620085,436.18557658620085,0.0,1.0
6932,2019-10-16 20:00:00,10,2019-10-16 21:00:00,0.13592,0.13592,0.13592,0.0,0.05,312.0543666599158,-0.0,0.0,0.0,312.0543666599158,312.0543666599158,0.0,1.0
6933,2019-10-16 21:00:00,10,2019-10-16 22:00:00,0.10531,0.10531,0.10531,0.0,0.05,207.75139448316483,-0.0,0.0,0.0,207.75139448316483,207.75139448316483,0.0,0.0
6934,2019-10-16 22:00:00,10,2019-10-16 23:00:00,0.10531,0.10531,0.10531,0.0,0.05,274.9448010889481,-127.23863926957817,0.0,0.0,402.1834403585263,402.1834403585263,0.0,1.0
6935,2019-10-16 23:00:00,10,2019-10-17 00:00:00,0.10531,0.10531,0.10531,0.0,0.24509924688001988,213.916868729867,-0.0,0.0,0.0,213.916868729867,213.916868729867,0.0,0.0
6936,2019-10-17 00:00:00,10,2019-10-17 01:00:00,0.10531,0.10531,0.10531,0.0,0.24509924688001988,196.0403937513667,-0.0,0.0,0.0,196.0403937513667,196.0403937513667,0.0,0.0
6937,2019-10-17 01:00:00,10,2019-10-17 02:00:00,0.10531,0.10531,0.10531,0.0,0.24509924688001988,192.61441408381467,-0.0,0.0,0.0,192.61441408381467,192.61441408381467,0.0,0.0
6938,2019-10-17 02:00:00,10,2019-10-17 03:00:00,0.10531,0.10531,0.10531,0.0,0.24509924688001988,189.6840434657089,-0.0,0.0,0.0,189.6840434657089,189.6840434657089,0.0,0.0
6939,2019-10-17 03:00:00,10,2019-10-17 04:00:00,0.10531,0.10531,0.10531,0.0,0.24509924688001988,233.48835980272102,-89.86627504664479,0.0,0.0,323.3546348493658,323.3546348493658,0.0,1.0
6940,2019-10-17 04:00:00,10,2019-10-17 05:00:00,0.10531,0.10531,0.10531,0.0,0.3828942019515419,231.26999379769165,-0.0,0.0,0.0,231.26999379769165,231.26999379769165,0.0,0.0
6941,2019-10-17 05:00:00,10,2019-10-17 06:00:00,0.10531,0.10531,0.10531,0.0,0.3828942019515419,327.55446897814943,-193.47033399079544,0.0,0.0,521.0248029689449,521.0248029689449,0.0,1.0
6942,2019-10-17 06:00:00,10,2019-10-17 07:00:00,0.10531,0.10531,0.10531,0.0,0.6795487140707616,312.03483388465895,-208.98996908428592,0.0,0.0,521.0248029689449,521.0248029689449,0.0,1.0
6943,2019-10-17 07:00:00,10,2019-10-17 08:00:00,0.10531,0.10531,0.10531,0.0,1.0,453.08420933107067,-0.0,0.0,0.0,453.08420933107067,453.08420933107067,0.0,0.0
6944,2019-10-17 08:00:00,10,2019-10-17 09:00:00,0.10531,0.10531,0.10531,0.0,1.0,526.2636279417183,-0.0,5.238824972773386,0.0,521.0248029689449,521.0248029689449,0.0,0.0
6945,2019-10-17 09:00:00,10,2019-10-17 10:00:00,0.10531,0.10531,0.10531,0.0,0.9905093750493236,523.118340808354,-0.0,2.093537839409123,0.0,521.0248029689449,521.0248029689449,0.0,0.0
6946,2019-10-17 10:00:00,10,2019-10-17 11:00:00,0.10531,0.10531,0.10531,0.0,0.9867167340359013,587.1948438961634,-0.0,66.17004092721857,0.0,521.0248029689449,521.0248029689449,0.0,0.0
6947,2019-10-17 11:00:00,10,2019-10-17 12:00:00,0.10531,0.10531,0.10531,0.0,0.8668434714865922,555.2171835073148,-0.0,34.19238053836989,0.0,521.0248029689449,521.0248029689449,0.0,0.0
6948,2019-10-17 12:00:00,10,2019-10-17 13:00:00,0.10531,0.10531,0.10531,0.0,0.8049007531199802,552.4848625230504,-0.0,31.460059554105555,0.0,521.0248029689449,521.0248029689449,0.0,0.0
6949,2019-10-17 13:00:00,10,2019-10-17 14:00:00,0.10531,0.10531,0.10531,0.0,0.7479078916089195,543.1138248372679,-0.0,22.089021868323016,0.0,521.0248029689449,521.0248029689449,0.0,0.0
6950,2019-10-17 14:00:00,10,2019-10-17 15:00:00,0.10531,0.10531,0.10531,0.0,0.7078915476445661,536.2937142988039,-0.0,15.268911329859066,0.0,521.0248029689449,521.0248029689449,0.0,0.0
6951,2019-10-17 15:00:00,10,2019-10-17 16:00:00,0.10531,0.10531,0.10531,0.0,0.6802304763948215,535.8850047034833,-0.0,14.860201734538464,0.0,521.0248029689449,521.0248029689449,0.0,0.0
6952,2019-10-17 16:00:00,10,2019-10-17 17:00:00,0.13592,0.13592,0.13592,0.0,0.6533098210786286,531.7127843486627,-0.0,300.0,0.0,231.7127843486627,231.7127843486627,0.0,0.0
6953,2019-10-17 17:00:00,10,2019-10-17 18:00:00,0.13592,0.13592,0.13592,0.0,0.10983156020906336,541.7521495526257,-0.0,33.02702123540298,0.0,508.72512831722275,508.72512831722275,0.0,0.0
6954,2019-10-17 18:00:00,10,2019-10-17 19:00:00,0.13592,0.13592,0.13592,0.0,0.05,505.0459429006856,-0.0,0.0,0.0,505.0459429006856,505.0459429006856,0.0,0.0
6955,2019-10-17 19:00:00,10,2019-10-17 20:00:00,0.13592,0.13592,0.13592,0.0,0.05,447.1392014137577,-0.0,0.0,0.0,447.1392014137577,447.1392014137577,0.0,1.0
6956,2019-10-17 20:00:00,10,2019-10-17 21:00:00,0.13592,0.13592,0.13592,0.0,0.05,316.07674406219525,-0.0,0.0,0.0,316.07674406219525,316.07674406219525,0.0,1.0
6957,2019-10-17 21:00:00,10,2019-10-17 22:00:00,0.10531,0.10531,0.10531,0.0,0.05,220.00595880742117,-0.0,0.0,0.0,220.00595880742117,220.00595880742117,0.0,0.0
6958,2019-10-17 22:00:00,10,2019-10-17 23:00:00,0.10531,0.10531,0.10531,0.0,0.05,287.3104088145312,-0.0,0.0,0.0,287.3104088145312,287.3104088145312,0.0,1.0
6959,2019-10-17 23:00:00,10,2019-10-18 00:00:00,0.10531,0.10531,0.10531,0.0,0.05,227.84261502862185,-0.0,0.0,0.0,227.84261502862185,227.84261502862185,0.0,0.0
6960,2019-10-18 00:00:00,10,2019-10-18 01:00:00,0.10531,0.10531,0.10531,0.0,0.05,207.48121663053428,-0.0,0.0,0.0,207.48121663053428,207.48121663053428,0.0,0.0
6961,2019-10-18 01:00:00,10,2019-10-18 02:00:00,0.10531,0.10531,0.10531,0.0,0.05,202.0548292607149,-0.0,0.0,0.0,202.0548292607149,202.0548292607149,0.0,0.0
6962,2019-10-18 02:00:00,10,2019-10-18 03:00:00,0.10531,0.10531,0.10531,0.0,0.05,198.36913283130477,-0.0,0.0,0.0,198.36913283130477,198.36913283130477,0.0,0.0
6963,2019-10-18 03:00:00,10,2019-10-18 04:00:00,0.10531,0.10531,0.10531,0.0,0.05,208.61346088076309,-167.23064890322186,0.0,0.0,375.84410978398495,375.84410978398495,0.0,1.0
6964,2019-10-18 04:00:00,10,2019-10-18 05:00:00,0.10531,0.10531,0.10531,0.0,0.30642032831827354,204.60146237718004,-0.0,0.0,0.0,204.60146237718004,204.60146237718004,0.0,0.0
6965,2019-10-18 05:00:00,10,2019-10-18 06:00:00,0.10531,0.10531,0.10531,0.0,0.30642032831827354,296.4903634906888,-224.53443947825605,0.0,0.0,521.0248029689449,521.0248029689449,0.0,1.0
6966,2019-10-18 06:00:00,10,2019-10-18 07:00:00,0.10531,0.10531,0.10531,0.0,0.6507064688515996,293.2246739591185,-227.80012900982638,0.0,0.0,521.0248029689449,521.0248029689449,0.0,1.0
6967,2019-10-18 07:00:00,10,2019-10-18 08:00:00,0.10531,0.10531,0.10531,0.0,1.0,456.18943034959557,-0.0,0.0,0.0,456.18943034959557,456.18943034959557,0.0,0.0
6968,2019-10-18 08:00:00,10,2019-10-18 09:00:00,0.10531,0.10531,0.10531,0.0,1.0,531.2623367924646,-0.0,10.237533823519698,0.0,521.0248029689449,521.0248029689449,0.0,0.0
6969,2019-10-18 09:00:00,10,2019-10-18 10:00:00,0.10531,0.10531,0.10531,0.0,0.9814537430733339,522.0984236263553,-0.0,1.0736206574104017,0.0,521.0248029689449,521.0248029689449,0.0,0.0
6970,2019-10-18 10:00:00,10,2019-10-18 11:00:00,0.10531,0.10531,0.10531,0.0,0.979508778114257,581.5712257820362,-0.0,60.54642281309134,0.0,521.0248029689449,521.0248029689449,0.0,0.0
6971,2019-10-18 11:00:00,10,2019-10-18 12:00:00,0.10531,0.10531,0.10531,0.0,0.8698232295398161,554.1184034738387,-0.0,33.09360050489386,0.0,521.0248029689449,521.0248029689449,0.0,0.0
6972,2019-10-18 12:00:00,10,2019-10-18 13:00:00,0.10531,0.10531,0.10531,0.0,0.8098710547121099,548.4156435743456,-0.0,27.39084060540074,0.0,521.0248029689449,521.0248029689449,0.0,0.0
6973,2019-10-18 13:00:00,10,2019-10-18 14:00:00,0.10531,0.10531,0.10531,0.0,0.7602499666588476,537.0294397949835,-0.0,16.004636826038677,0.0,521.0248029689449,521.0248029689449,0.0,0.0
6974,2019-10-18 14:00:00,10,2019-10-18 15:00:00,0.10531,0.10531,0.10531,0.0,0.7312560593652994,528.9148955882024,-0.0,7.89009261925753,0.0,521.0248029689449,521.0248029689449,0.0,0.0
6975,2019-10-18 15:00:00,10,2019-10-18 16:00:00,0.10531,0.10531,0.10531,0.0,0.7169624133159198,530.5159845185544,-0.0,9.491181549609564,0.0,521.0248029689449,521.0248029689449,0.0,0.0
6976,2019-10-18 16:00:00,10,2019-10-18 17:00:00,0.13592,0.13592,0.13592,0.0,0.6997682438419894,527.7334944811621,-0.0,300.0,0.0,227.7334944811621,227.7334944811621,0.0,0.0
6977,2019-10-18 17:00:00,10,2019-10-18 18:00:00,0.13592,0.13592,0.13592,0.0,0.1562899829724242,537.6521326197959,-0.0,16.62732965085104,0.0,521.0248029689449,521.0248029689449,0.0,0.0
6978,2019-10-18 18:00:00,10,2019-10-18 19:00:00,0.13592,0.13592,0.13592,0.0,0.12616800896725927,515.1613472981012,-0.0,42.04474094992712,0.0,473.11660634817406,473.11660634817406,0.0,0.0
6979,2019-10-18 19:00:00,10,2019-10-18 20:00:00,0.13592,0.13592,0.13592,0.0,0.05,457.4437265561529,-0.0,0.0,0.0,457.4437265561529,457.4437265561529,0.0,1.0
6980,2019-10-18 20:00:00,10,2019-10-18 21:00:00,0.13592,0.13592,0.13592,0.0,0.05,324.57130495290284,-0.0,0.0,0.0,324.57130495290284,324.57130495290284,0.0,1.0
6981,2019-10-18 21:00:00,10,2019-10-18 22:00:00,0.10531,0.10531,0.10531,0.0,0.05,217.66083670211071,-0.0,0.0,0.0,217.66083670211071,217.66083670211071,0.0,0.0
6982,2019-10-18 22:00:00,10,2019-10-18 23:00:00,0.10531,0.10531,0.10531,0.0,0.05,282.09143669311504,-0.0,0.0,0.0,282.09143669311504,282.09143669311504,0.0,1.0
6983,2019-10-18 23:00:00,10,2019-10-19 00:00:00,0.10531,0.10531,0.10531,0.0,0.05,221.79683567034658,-0.0,0.0,0.0,221.79683567034658,221.79683567034658,0.0,0.0
6984,2019-10-19 00:00:00,10,2019-10-19 01:00:00,0.10531,0.10531,0.10531,0.0,0.05,202.46135830155322,-0.0,0.0,0.0,202.46135830155322,202.46135830155322,0.0,0.0
6985,2019-10-19 01:00:00,10,2019-10-19 02:00:00,0.10531,0.10531,0.10531,0.0,0.05,197.95211600379852,-0.0,0.0,0.0,197.95211600379852,197.95211600379852,0.0,0.0
6986,2019-10-19 02:00:00,10,2019-10-19 03:00:00,0.10531,0.10531,0.10531,0.0,0.05,193.95733435958869,-0.0,0.0,0.0,193.95733435958869,193.95733435958869,0.0,0.0
6987,2019-10-19 03:00:00,10,2019-10-19 04:00:00,0.10531,0.10531,0.10531,0.0,0.05,203.88305082955702,-87.43545398516952,0.0,0.0,291.31850481472657,291.31850481472657,0.0,1.0
6988,2019-10-19 04:00:00,10,2019-10-19 05:00:00,0.10531,0.10531,0.10531,0.0,0.18406769611059326,199.58043936103033,-0.0,0.0,0.0,199.58043936103033,199.58043936103033,0.0,0.0
6989,2019-10-19 05:00:00,10,2019-10-19 06:00:00,0.10531,0.10531,0.10531,0.0,0.18406769611059326,291.8134150532812,-229.2113879156637,0.0,0.0,521.0248029689449,521.0248029689449,0.0,1.0
6990,2019-10-19 06:00:00,10,2019-10-19 07:00:00,0.10531,0.10531,0.10531,0.0,0.5355251575812776,287.46349103524074,-233.56131193370413,0.0,0.0,521.0248029689449,521.0248029689449,0.0,1.0
6991,2019-10-19 07:00:00,10,2019-10-19 08:00:00,0.10531,0.10531,0.10531,0.0,0.8936525025462906,451.6677394121779,-69.35706355676695,0.0,0.0,521.0248029689449,521.0248029689449,0.0,1.0
6992,2019-10-19 08:00:00,10,2019-10-19 09:00:00,0.10531,0.10531,0.10531,0.0,1.0,528.5498728849971,-0.0,7.525069916052189,0.0,521.0248029689449,521.0248029689449,0.0,0.0
6993,2019-10-19 09:00:00,10,2019-10-19 10:00:00,0.10531,0.10531,0.10531,0.0,0.9863676269636736,517.1864561857539,-3.838346783191014,0.0,0.0,521.0248029689449,521.0248029689449,0.0,1.0
6994,2019-10-19 10:00:00,10,2019-10-19 11:00:00,0.10531,0.10531,0.10531,0.0,0.9922530920312332,587.1923921257563,-0.0,66.16758915681146,0.0,521.0248029689449,521.0248029689449,0.0,0.0
6995,2019-10-19 11:00:00,10,2019-10-19 12:00:00,0.10531,0.10531,0.10531,0.0,0.8723842710949806,565.8443095080848,-0.0,44.81950653913998,0.0,521.0248029689449,521.0248029689449,0.0,0.0
6996,2019-10-19 12:00:00,10,2019-10-19 13:00:00,0.10531,0.10531,0.10531,0.0,0.791189512871901,561.8063509711706,-0.0,40.78154800222569,0.0,521.0248029689449,521.0248029689449,0.0,0.0
6997,2019-10-19 13:00:00,10,2019-10-19 14:00:00,0.10531,0.10531,0.10531,0.0,0.71730989692584,547.5681838800369,-0.0,26.543380911092072,0.0,521.0248029689449,521.0248029689449,0.0,0.0
6998,2019-10-19 14:00:00,10,2019-10-19 15:00:00,0.10531,0.10531,0.10531,0.0,0.6692240619419776,535.9597562187937,-0.0,14.934953249848832,0.0,521.0248029689449,521.0248029689449,0.0,0.0
6999,2019-10-19 15:00:00,10,2019-10-19 16:00:00,0.10531,0.10531,0.10531,0.0,0.6421679872139905,532.6726467061591,-0.0,11.647843737214203,0.0,521.0248029689449,521.0248029689449,0.0,0.0
7000,2019-10-19 16:00:00,10,2019-10-19 17:00:00,0.13592,0.13592,0.13592,0.0,0.6210668210233851,530.4436474031364,-0.0,299.271332433785,0.0,231.17231496935142,231.17231496935142,0.0,0.0
7001,2019-10-19 17:00:00,10,2019-10-19 18:00:00,0.13592,0.13592,0.13592,0.0,0.07890861009261517,536.9823557400684,-0.0,15.957552771123574,0.0,521.0248029689449,521.0248029689449,0.0,0.0
7002,2019-10-19 18:00:00,10,2019-10-19 19:00:00,0.13592,0.13592,0.13592,0.0,0.05,511.1014164168682,-0.0,0.0,0.0,511.1014164168682,511.1014164168682,0.0,0.0
7003,2019-10-19 19:00:00,10,2019-10-19 20:00:00,0.13592,0.13592,0.13592,0.0,0.05,452.6849438159298,-0.0,0.0,0.0,452.6849438159298,452.6849438159298,0.0,1.0
7004,2019-10-19 20:00:00,10,2019-10-19 21:00:00,0.13592,0.13592,0.13592,0.0,0.05,322.7378131589605,-0.0,0.0,0.0,322.7378131589605,322.7378131589605,0.0,0.0
7005,2019-10-19 21:00:00,10,2019-10-19 22:00:00,0.10531,0.10531,0.10531,0.0,0.05,217.53826330568884,-0.0,0.0,0.0,217.53826330568884,217.53826330568884,0.0,0.0
7006,2019-10-19 22:00:00,10,2019-10-19 23:00:00,0.10531,0.10531,0.10531,0.0,0.05,283.2369097734624,-108.51523525961741,0.0,0.0,391.75214503307984,391.75214503307984,0.0,1.0
7007,2019-10-19 23:00:00,10,2019-10-20 00:00:00,0.10531,0.10531,0.10531,0.0,0.21639002739808005,224.14633281999554,-0.0,0.0,0.0,224.14633281999554,224.14633281999554,0.0,0.0
7008,2019-10-20 00:00:00,10,2019-10-20 01:00:00,0.10531,0.10531,0.10531,0.0,0.21639002739808005,205.92259671357775,-0.0,0.0,0.0,205.92259671357775,205.92259671357775,0.0,0.0
7009,2019-10-20 01:00:00,10,2019-10-20 02:00:00,0.10531,0.10531,0.10531,0.0,0.21639002739808005,202.60888493710763,-0.0,0.0,0.0,202.60888493710763,202.60888493710763,0.0,0.0
7010,2019-10-20 02:00:00,10,2019-10-20 03:00:00,0.10531,0.10531,0.10531,0.0,0.21639002739808005,200.81770907184324,-0.0,0.0,0.0,200.81770907184324,200.81770907184324,0.0,0.0
7011,2019-10-20 03:00:00,10,2019-10-20 04:00:00,0.10531,0.10531,0.10531,0.0,0.21639002739808005,246.3431076672655,-150.24053736072835,0.0,0.0,396.58364502799384,396.58364502799384,0.0,1.0
7012,2019-10-20 04:00:00,10,2019-10-20 05:00:00,0.10531,0.10531,0.10531,0.0,0.4467588513511969,246.84703634362805,-0.0,0.0,0.0,246.84703634362805,246.84703634362805,0.0,0.0
7013,2019-10-20 05:00:00,10,2019-10-20 06:00:00,0.10531,0.10531,0.10531,0.0,0.4467588513511969,343.5547664067651,-177.47003656217976,0.0,0.0,521.0248029689449,521.0248029689449,0.0,1.0
7014,2019-10-20 06:00:00,10,2019-10-20 07:00:00,0.10531,0.10531,0.10531,0.0,0.7188795740798726,337.6853947601661,-183.33940820877876,0.0,0.0,521.0248029689449,521.0248029689449,0.0,1.0
7015,2019-10-20 07:00:00,10,2019-10-20 08:00:00,0.10531,0.10531,0.10531,0.0,1.0,467.18960676818125,-0.0,0.0,0.0,467.18960676818125,467.18960676818125,0.0,0.0
7016,2019-10-20 08:00:00,10,2019-10-20 09:00:00,0.10531,0.10531,0.10531,0.0,1.0,527.6710561340229,-0.0,6.646253165078065,0.0,521.0248029689449,521.0248029689449,0.0,0.0
7017,2019-10-20 09:00:00,10,2019-10-20 10:00:00,0.10531,0.10531,0.10531,0.0,0.9879596862951484,515.9042209900535,-5.120581978891323,0.0,0.0,521.0248029689449,521.0248029689449,0.0,1.0
7018,2019-10-20 10:00:00,10,2019-10-20 11:00:00,0.10531,0.10531,0.10531,0.0,0.9958112453294484,576.8493899639304,-0.0,55.824586994985566,0.0,521.0248029689449,521.0248029689449,0.0,0.0
7019,2019-10-20 11:00:00,10,2019-10-20 12:00:00,0.10531,0.10531,0.10531,0.0,0.8946797471501267,550.4012579326214,-0.0,29.376454963676565,0.0,521.0248029689449,521.0248029689449,0.0,0.0
7020,2019-10-20 12:00:00,10,2019-10-20 13:00:00,0.10531,0.10531,0.10531,0.0,0.8414615316362198,551.7454270971024,-0.0,30.72062412815751,0.0,521.0248029689449,521.0248029689449,0.0,0.0
7021,2019-10-20 13:00:00,10,2019-10-20 14:00:00,0.10531,0.10531,0.10531,0.0,0.7858082270562243,541.0652494660169,-0.0,20.040446497072026,0.0,521.0248029689449,521.0248029689449,0.0,0.0
7022,2019-10-20 14:00:00,10,2019-10-20 15:00:00,0.10531,0.10531,0.10531,0.0,0.7495030703586301,531.5072058852637,-0.0,10.482402916318847,0.0,521.0248029689449,521.0248029689449,0.0,0.0
7023,2019-10-20 15:00:00,10,2019-10-20 16:00:00,0.10531,0.10531,0.10531,0.0,0.73051321000298,530.2975365397019,-0.0,9.272733570757055,0.0,521.0248029689449,521.0248029689449,0.0,0.0
7024,2019-10-20 16:00:00,10,2019-10-20 17:00:00,0.13592,0.13592,0.13592,0.0,0.7137147796211737,524.2208920109695,-0.0,56.257410444651434,0.0,467.963481566318,467.963481566318,0.0,0.0
7025,2019-10-20 17:00:00,10,2019-10-20 18:00:00,0.13592,0.13592,0.13592,0.0,0.6117991809895588,531.1379508751813,-0.0,10.113147906236463,0.0,521.0248029689449,521.0248029689449,0.0,0.0
7026,2019-10-20 18:00:00,10,2019-10-20 19:00:00,0.13592,0.13592,0.13592,0.0,0.5934782608695652,492.0127944671373,-0.0,300.0,0.0,192.01279446713733,192.01279446713733,0.0,0.0
7027,2019-10-20 19:00:00,10,2019-10-20 20:00:00,0.13592,0.13592,0.13592,0.0,0.05,437.8029722344953,-0.0,0.0,0.0,437.8029722344953,437.8029722344953,0.0,1.0
7028,2019-10-20 20:00:00,10,2019-10-20 21:00:00,0.13592,0.13592,0.13592,0.0,0.05,313.4721754677048,-0.0,0.0,0.0,313.4721754677048,313.4721754677048,0.0,0.0
7029,2019-10-20 21:00:00,10,2019-10-20 22:00:00,0.10531,0.10531,0.10531,0.0,0.05,218.04471716617127,-0.0,0.0,0.0,218.04471716617127,218.04471716617127,0.0,0.0
7030,2019-10-20 22:00:00,10,2019-10-20 23:00:00,0.10531,0.10531,0.10531,0.0,0.05,283.23132990546975,-0.0,0.0,0.0,283.23132990546975,283.23132990546975,0.0,1.0
7031,2019-10-20 23:00:00,10,2019-10-21 00:00:00,0.10531,0.10531,0.10531,0.0,0.05,223.54330403980003,-0.0,0.0,0.0,223.54330403980003,223.54330403980003,0.0,0.0
7032,2019-10-21 00:00:00,10,2019-10-21 01:00:00,0.10531,0.10531,0.10531,0.0,0.05,199.62566399676,-0.0,0.0,0.0,199.62566399676,199.62566399676,0.0,0.0
7033,2019-10-21 01:00:00,10,2019-10-21 02:00:00,0.10531,0.10531,0.10531,0.0,0.05,195.2770385460537,-0.0,0.0,0.0,195.2770385460537,195.2770385460537,0.0,0.0
7034,2019-10-21 02:00:00,10,2019-10-21 03:00:00,0.10531,0.10531,0.10531,0.0,0.05,191.24291062795257,-0.0,0.0,0.0,191.24291062795257,191.24291062795257,0.0,0.0
7035,2019-10-21 03:00:00,10,2019-10-21 04:00:00,0.10531,0.10531,0.10531,0.0,0.05,200.71371085714784,-0.0,0.0,0.0,200.71371085714784,200.71371085714784,0.0,0.0
7036,2019-10-21 04:00:00,10,2019-10-21 05:00:00,0.10531,0.10531,0.10531,0.0,0.05,196.24475895070512,-0.0,0.0,0.0,196.24475895070512,196.24475895070512,0.0,0.0
7037,2019-10-21 05:00:00,10,2019-10-21 06:00:00,0.10531,0.10531,0.10531,0.0,0.05,264.21918011000554,-256.80562285893933,0.0,0.0,521.0248029689449,521.0248029689449,0.0,1.0
7038,2019-10-21 06:00:00,10,2019-10-21 07:00:00,0.10531,0.10531,0.10531,0.0,0.44376862171704035,269.37101541289627,-240.95501067406067,0.0,0.0,510.326026086957,510.326026086957,0.0,1.0
7039,2019-10-21 07:00:00,10,2019-10-21 08:00:00,0.10531,0.10531,0.10531,0.0,0.8132329714172667,399.2202191106405,-121.80458385830434,0.0,0.0,521.0248029689449,521.0248029689449,0.0,1.0
7040,2019-10-21 08:00:00,10,2019-10-21 09:00:00,0.10531,0.10531,0.10531,0.0,1.0,458.1871462967377,-0.0,0.0,0.0,458.1871462967377,458.1871462967377,0.0,1.0
7041,2019-10-21 09:00:00,10,2019-10-21 10:00:00,0.10531,0.10531,0.10531,0.0,1.0,525.7092410440818,-0.0,4.684438075136882,0.0,521.0248029689449,521.0248029689449,0.0,0.0
7042,2019-10-21 10:00:00,10,2019-10-21 11:00:00,0.10531,0.10531,0.10531,0.0,0.9915136991392448,598.4410508888,-0.0,77.4162479198551,0.0,521.0248029689449,521.0248029689449,0.0,0.0
7043,2019-10-21 11:00:00,10,2019-10-21 12:00:00,0.10531,0.10531,0.10531,0.0,0.8512668731974784,571.7581908067391,-0.0,50.733387837794226,0.0,521.0248029689449,521.0248029689449,0.0,0.0
7044,2019-10-21 12:00:00,10,2019-10-21 13:00:00,0.10531,0.10531,0.10531,0.0,0.7593585618971265,563.571202725884,-0.0,42.54639975693908,0.0,521.0248029689449,521.0248029689449,0.0,0.0
7045,2019-10-21 13:00:00,10,2019-10-21 14:00:00,0.10531,0.10531,0.10531,0.0,0.6822817507432514,551.7574272469662,-0.0,30.732624278021376,0.0,521.0248029689449,521.0248029689449,0.0,0.0
7046,2019-10-21 14:00:00,10,2019-10-21 15:00:00,0.10531,0.10531,0.10531,0.0,0.6266067067613286,549.7445178206673,-0.0,28.719714851722415,0.0,521.0248029689449,521.0248029689449,0.0,0.0
7047,2019-10-21 15:00:00,10,2019-10-21 16:00:00,0.10531,0.10531,0.10531,0.0,0.5745782378270489,552.0963309846582,-0.0,31.071528015713284,0.0,521.0248029689449,521.0248029689449,0.0,0.0
7048,2019-10-21 16:00:00,10,2019-10-21 17:00:00,0.13592,0.13592,0.13592,0.0,0.5182892377985827,539.5494485877716,-0.0,18.524645618826753,0.0,521.0248029689449,521.0248029689449,0.0,0.0
7049,2019-10-21 17:00:00,10,2019-10-21 18:00:00,0.13592,0.13592,0.13592,0.0,0.4847300971847662,508.7326411290962,-0.0,239.97101364599095,0.0,268.76162748310526,268.76162748310526,0.0,0.0
7050,2019-10-21 18:00:00,10,2019-10-21 19:00:00,0.13592,0.13592,0.13592,0.0,0.05,420.95403217722173,-0.0,0.0,0.0,420.95403217722173,420.95403217722173,0.0,1.0
7051,2019-10-21 19:00:00,10,2019-10-21 20:00:00,0.13592,0.13592,0.13592,0.0,0.05,398.49631660178744,-0.0,0.0,0.0,398.49631660178744,398.49631660178744,0.0,1.0
7052,2019-10-21 20:00:00,10,2019-10-21 21:00:00,0.13592,0.13592,0.13592,0.0,0.05,303.7157894839679,-0.0,0.0,0.0,303.7157894839679,303.7157894839679,0.0,0.0
7053,2019-10-21 21:00:00,10,2019-10-21 22:00:00,0.10531,0.10531,0.10531,0.0,0.05,223.41478539972192,-0.0,0.0,0.0,223.41478539972192,223.41478539972192,0.0,0.0
7054,2019-10-21 22:00:00,10,2019-10-21 23:00:00,0.10531,0.10531,0.10531,0.0,0.05,287.1187287137713,-0.0,0.0,0.0,287.1187287137713,287.1187287137713,0.0,1.0
7055,2019-10-21 23:00:00,10,2019-10-22 00:00:00,0.10531,0.10531,0.10531,0.0,0.05,228.55204729441417,-0.0,0.0,0.0,228.55204729441417,228.55204729441417,0.0,0.0
7056,2019-10-22 00:00:00,10,2019-10-22 01:00:00,0.10531,0.10531,0.10531,0.0,0.05,207.52351242076082,-0.0,0.0,0.0,207.52351242076082,207.52351242076082,0.0,0.0
7057,2019-10-22 01:00:00,10,2019-10-22 02:00:00,0.10531,0.10531,0.10531,0.0,0.05,202.90646977882872,-0.0,0.0,0.0,202.90646977882872,202.90646977882872,0.0,0.0
7058,2019-10-22 02:00:00,10,2019-10-22 03:00:00,0.10531,0.10531,0.10531,0.0,0.05,199.19360715202987,-0.0,0.0,0.0,199.19360715202987,199.19360715202987,0.0,0.0
7059,2019-10-22 03:00:00,10,2019-10-22 04:00:00,0.10531,0.10531,0.10531,0.0,0.05,209.64751805316706,-0.0,0.0,0.0,209.64751805316706,209.64751805316706,0.0,0.0
7060,2019-10-22 04:00:00,10,2019-10-22 05:00:00,0.10531,0.10531,0.10531,0.0,0.05,206.1364043957458,-300.0,0.0,0.0,506.1364043957458,506.1364043957458,0.0,1.0
7061,2019-10-22 05:00:00,10,2019-10-22 06:00:00,0.10531,0.10531,0.10531,0.0,0.51,273.4931643274288,-0.0,0.0,0.0,273.4931643274288,273.4931643274288,0.0,0.0
7062,2019-10-22 06:00:00,10,2019-10-22 07:00:00,0.10531,0.10531,0.10531,0.0,0.51,285.0847902022844,-134.61865454331792,0.0,0.0,419.7034447456023,419.7034447456023,0.0,1.0
7063,2019-10-22 07:00:00,10,2019-10-22 08:00:00,0.10531,0.10531,0.10531,0.0,0.7164152702997542,357.92396991487885,-0.0,0.0,0.0,357.92396991487885,357.92396991487885,0.0,1.0
7064,2019-10-22 08:00:00,10,2019-10-22 09:00:00,0.10531,0.10531,0.10531,0.0,0.7164152702997542,324.54165898848237,-181.59474540726342,0.0,0.0,506.1364043957458,506.1364043957458,0.0,1.0
7065,2019-10-22 09:00:00,10,2019-10-22 10:00:00,0.10531,0.10531,0.10531,0.0,0.9948605465908914,403.83951191226134,-0.0,0.0,0.0,403.83951191226134,403.83951191226134,0.0,0.0
7066,2019-10-22 10:00:00,10,2019-10-22 11:00:00,0.10531,0.10531,0.10531,0.0,0.9948605465908914,464.81312210791447,-0.0,0.0,0.0,464.81312210791447,464.81312210791447,0.0,1.0
7067,2019-10-22 11:00:00,10,2019-10-22 12:00:00,0.10531,0.10531,0.10531,0.0,0.9948605465908914,502.7845869550228,-3.351817440722982,0.0,0.0,506.1364043957458,506.1364043957458,0.0,1.0
7068,2019-10-22 12:00:00,10,2019-10-22 13:00:00,0.10531,0.10531,0.10531,0.0,1.0,492.28764186249964,-0.0,0.0,0.0,492.28764186249964,492.28764186249964,0.0,0.0
7069,2019-10-22 13:00:00,10,2019-10-22 14:00:00,0.10531,0.10531,0.10531,0.0,1.0,479.3705602699784,-0.0,1.7053025658242404e-13,0.0,479.3705602699782,479.3705602699782,0.0,1.0
7070,2019-10-22 14:00:00,10,2019-10-22 15:00:00,0.10531,0.10531,0.10531,0.0,1.0,472.12119859798855,-0.0,-2.842170943040401e-14,0.0,472.1211985979886,472.1211985979886,0.0,1.0
7071,2019-10-22 15:00:00,10,2019-10-22 16:00:00,0.10531,0.10531,0.10531,0.0,1.0,470.8847265629028,-0.0,0.0,0.0,470.88472656290287,470.88472656290287,0.0,0.0
7072,2019-10-22 16:00:00,10,2019-10-22 17:00:00,0.13592,0.13592,0.13592,0.0,1.0,403.33118970882776,-0.0,299.9999999999999,0.0,103.33118970882776,103.33118970882776,0.0,0.0
7073,2019-10-22 17:00:00,10,2019-10-22 18:00:00,0.13592,0.13592,0.13592,0.0,0.456521739130435,423.0474829106174,-0.0,0.0,0.0,423.0474829106174,423.0474829106174,0.0,0.0
7074,2019-10-22 18:00:00,10,2019-10-22 19:00:00,0.13592,0.13592,0.13592,0.0,0.456521739130435,397.4087127617804,-0.0,224.4000000000001,0.0,173.00871276178032,173.00871276178032,0.0,0.0
7075,2019-10-22 19:00:00,10,2019-10-22 20:00:00,0.13592,0.13592,0.13592,0.0,0.05,378.4927857046022,-0.0,0.0,0.0,378.4927857046022,378.4927857046022,0.0,1.0
7076,2019-10-22 20:00:00,10,2019-10-22 21:00:00,0.13592,0.13592,0.13592,0.0,0.05,337.674754871286,-0.0,0.0,0.0,337.674754871286,337.674754871286,0.0,1.0
7077,2019-10-22 21:00:00,10,2019-10-22 22:00:00,0.10531,0.10531,0.10531,0.0,0.05,227.48249510598347,-0.0,0.0,0.0,227.48249510598347,227.48249510598347,0.0,0.0
7078,2019-10-22 22:00:00,10,2019-10-22 23:00:00,0.10531,0.10531,0.10531,0.0,0.05000000000000005,292.30109240381506,-0.0,0.0,0.0,292.30109240381506,292.30109240381506,0.0,1.0
7079,2019-10-22 23:00:00,10,2019-10-23 00:00:00,0.10531,0.10531,0.10531,0.0,0.0500000000000001,235.63215938564437,-0.0,0.0,0.0,235.63215938564437,235.63215938564437,0.0,0.0
7080,2019-10-23 00:00:00,10,2019-10-23 01:00:00,0.10531,0.10531,0.10531,0.0,0.05,220.89426458663633,-0.0,0.0,0.0,220.89426458663633,220.89426458663633,0.0,0.0
7081,2019-10-23 01:00:00,10,2019-10-23 02:00:00,0.10531,0.10531,0.10531,0.0,0.05,217.00454469567765,-0.0,0.0,0.0,217.00454469567765,217.00454469567765,0.0,0.0
7082,2019-10-23 02:00:00,10,2019-10-23 03:00:00,0.10531,0.10531,0.10531,0.0,0.05,214.16967270610067,-0.0,0.0,0.0,214.16967270610067,214.16967270610067,0.0,0.0
7083,2019-10-23 03:00:00,10,2019-10-23 04:00:00,0.10531,0.10531,0.10531,0.0,0.05,226.37811371818228,-294.6466892507626,0.0,0.0,521.0248029689449,521.0248029689449,0.0,1.0
7084,2019-10-23 04:00:00,10,2019-10-23 05:00:00,0.10531,0.10531,0.10531,0.0,0.5017915901845027,223.65495361368517,-297.3698493552597,0.0,0.0,521.0248029689449,521.0248029689449,0.0,1.0
7085,2019-10-23 05:00:00,10,2019-10-23 06:00:00,0.10531,0.10531,0.10531,0.0,0.9577586925292343,317.7297123527467,-0.0,0.0,0.0,317.7297123527467,317.7297123527467,0.0,0.0
7086,2019-10-23 06:00:00,10,2019-10-23 07:00:00,0.10531,0.10531,0.10531,0.0,0.9577586925292343,328.8273706764113,-27.54867878528199,0.0,0.0,356.3760494616933,356.3760494616933,0.0,1.0
7087,2019-10-23 07:00:00,10,2019-10-23 08:00:00,0.10531,0.10531,0.10531,0.0,1.0,476.2594905550448,-0.0,0.0,0.0,476.2594905550448,476.2594905550448,0.0,1.0
7088,2019-10-23 08:00:00,10,2019-10-23 09:00:00,0.10531,0.10531,0.10531,0.0,1.0,537.104376403498,-0.0,16.07957343455314,0.0,521.0248029689449,521.0248029689449,0.0,0.0
7089,2019-10-23 09:00:00,10,2019-10-23 10:00:00,0.10531,0.10531,0.10531,0.0,0.970870337980882,529.041224232192,-0.0,8.016421263247139,0.0,521.0248029689449,521.0248029689449,0.0,0.0
7090,2019-10-23 10:00:00,10,2019-10-23 11:00:00,0.10531,0.10531,0.10531,0.0,0.9563478356923908,593.7399083613147,-0.0,72.71510539236988,0.0,521.0248029689449,521.0248029689449,0.0,0.0
7091,2019-10-23 11:00:00,10,2019-10-23 12:00:00,0.10531,0.10531,0.10531,0.0,0.8246175723004163,565.8243606968628,-0.0,44.799557727917886,0.0,521.0248029689449,521.0248029689449,0.0,0.0
7092,2019-10-23 12:00:00,10,2019-10-23 13:00:00,0.10531,0.10531,0.10531,0.0,0.7434589532281013,559.7099167284165,-0.0,38.68511375947162,0.0,521.0248029689449,521.0248029689449,0.0,0.0
7093,2019-10-23 13:00:00,10,2019-10-23 14:00:00,0.10531,0.10531,0.10531,0.0,0.6733772254029715,550.9402716440202,-0.0,29.915468675075317,0.0,521.0248029689449,521.0248029689449,0.0,0.0
7094,2019-10-23 14:00:00,10,2019-10-23 15:00:00,0.10531,0.10531,0.10531,0.0,0.6191825357742119,541.52682366875,-0.0,20.502020699805144,0.0,521.0248029689449,521.0248029689449,0.0,0.0
7095,2019-10-23 15:00:00,10,2019-10-23 16:00:00,0.10531,0.10531,0.10531,0.0,0.5820411939267388,534.8321089820463,-0.0,13.807306013101424,0.0,521.0248029689449,521.0248029689449,0.0,0.0
7096,2019-10-23 16:00:00,10,2019-10-23 17:00:00,0.13592,0.13592,0.13592,0.0,0.557027958395758,529.3501997709386,-0.0,255.48686580773995,0.0,273.86333396319867,273.86333396319867,0.0,0.0
7097,2019-10-23 17:00:00,10,2019-10-23 18:00:00,0.13592,0.13592,0.13592,0.0,0.09418943338173638,545.4173701956634,-0.0,24.392567226718484,0.0,521.0248029689449,521.0248029689449,0.0,0.0
7098,2019-10-23 18:00:00,10,2019-10-23 19:00:00,0.13592,0.13592,0.13592,0.0,0.05,513.7349683143567,-0.0,0.0,0.0,513.7349683143567,513.7349683143567,0.0,0.0
7099,2019-10-23 19:00:00,10,2019-10-23 20:00:00,0.13592,0.13592,0.13592,0.0,0.05,453.12048454565405,-0.0,0.0,0.0,453.12048454565405,453.12048454565405,0.0,1.0
7100,2019-10-23 20:00:00,10,2019-10-23 21:00:00,0.13592,0.13592,0.13592,0.0,0.05,321.02897666532414,-0.0,0.0,0.0,321.02897666532414,321.02897666532414,0.0,1.0
7101,2019-10-23 21:00:00,10,2019-10-23 22:00:00,0.10531,0.10531,0.10531,0.0,0.05,215.9052153523992,-0.0,0.0,0.0,215.9052153523992,215.9052153523992,0.0,0.0
7102,2019-10-23 22:00:00,10,2019-10-23 23:00:00,0.10531,0.10531,0.10531,0.0,0.05,282.18316732767926,-0.0,0.0,0.0,282.18316732767926,282.18316732767926,0.0,1.0
7103,2019-10-23 23:00:00,10,2019-10-24 00:00:00,0.10531,0.10531,0.10531,0.0,0.05,222.41661450895856,-0.0,0.0,0.0,222.41661450895856,222.41661450895856,0.0,0.0
7104,2019-10-24 00:00:00,10,2019-10-24 01:00:00,0.10531,0.10531,0.10531,0.0,0.05,204.26236603520715,-0.0,0.0,0.0,204.26236603520715,204.26236603520715,0.0,0.0
7105,2019-10-24 01:00:00,10,2019-10-24 02:00:00,0.10531,0.10531,0.10531,0.0,0.05,200.74938634673418,-0.0,0.0,0.0,200.74938634673418,200.74938634673418,0.0,0.0
7106,2019-10-24 02:00:00,10,2019-10-24 03:00:00,0.10531,0.10531,0.10531,0.0,0.05,197.29201230663176,-0.0,0.0,0.0,197.29201230663176,197.29201230663176,0.0,0.0
7107,2019-10-24 03:00:00,10,2019-10-24 04:00:00,0.10531,0.10531,0.10531,0.0,0.05,240.53296889948265,-233.1891210906183,0.0,0.0,473.7220899901009,473.7220899901009,0.0,1.0
7108,2019-10-24 04:00:00,10,2019-10-24 05:00:00,0.10531,0.10531,0.10531,0.0,0.40755665233894806,238.7535479137762,-0.0,0.0,0.0,238.7535479137762,238.7535479137762,0.0,0.0
7109,2019-10-24 05:00:00,10,2019-10-24 06:00:00,0.10531,0.10531,0.10531,0.0,0.40755665233894806,332.85835760055767,-188.1664453683872,0.0,0.0,521.0248029689449,521.0248029689449,0.0,1.0
7110,2019-10-24 06:00:00,10,2019-10-24 07:00:00,0.10531,0.10531,0.10531,0.0,0.6960785352371418,322.81515203664605,-198.2096509322988,0.0,0.0,521.0248029689449,521.0248029689449,0.0,1.0
7111,2019-10-24 07:00:00,10,2019-10-24 08:00:00,0.10531,0.10531,0.10531,0.0,1.0,462.18450609706076,-0.0,0.0,0.0,462.18450609706076,462.18450609706076,0.0,0.0
7112,2019-10-24 08:00:00,10,2019-10-24 09:00:00,0.10531,0.10531,0.10531,0.0,1.0,542.7042732099469,-0.0,21.679470241002036,0.0,521.0248029689449,521.0248029689449,0.0,0.0
7113,2019-10-24 09:00:00,10,2019-10-24 10:00:00,0.10531,0.10531,0.10531,0.0,0.960725597389489,537.9431856492957,-0.0,16.918382680350874,0.0,521.0248029689449,521.0248029689449,0.0,0.0
7114,2019-10-24 10:00:00,10,2019-10-24 11:00:00,0.10531,0.10531,0.10531,0.0,0.9300763534033462,599.5588553725355,-0.0,78.53405240359064,0.0,521.0248029689449,521.0248029689449,0.0,0.0
7115,2019-10-24 11:00:00,10,2019-10-24 12:00:00,0.10531,0.10531,0.10531,0.0,0.7878045193388704,572.7434859567455,-0.0,51.71868298780066,0.0,521.0248029689449,521.0248029689449,0.0,0.0
7116,2019-10-24 12:00:00,10,2019-10-24 13:00:00,0.10531,0.10531,0.10531,0.0,0.6941112530566228,575.470371702788,-0.0,54.445568733843174,0.0,521.0248029689449,521.0248029689449,0.0,0.0
7117,2019-10-24 13:00:00,10,2019-10-24 14:00:00,0.10531,0.10531,0.10531,0.0,0.5954779763648779,558.7017041055004,-0.0,37.67690113655556,0.0,521.0248029689449,521.0248029689449,0.0,0.0
7118,2019-10-24 14:00:00,10,2019-10-24 15:00:00,0.10531,0.10531,0.10531,0.0,0.5272227206827119,541.1005934711808,-0.0,20.075790502235918,0.0,521.0248029689449,521.0248029689449,0.0,0.0
7119,2019-10-24 15:00:00,10,2019-10-24 16:00:00,0.10531,0.10531,0.10531,0.0,0.4908535349902556,534.5134457848833,-0.0,13.48864281593842,0.0,521.0248029689449,521.0248029689449,0.0,0.0
7120,2019-10-24 16:00:00,10,2019-10-24 17:00:00,0.13592,0.13592,0.13592,0.0,0.4664175878599324,531.1837171931069,-0.0,10.158914224162004,0.0,521.0248029689449,521.0248029689449,0.0,0.0
7121,2019-10-24 17:00:00,10,2019-10-24 18:00:00,0.13592,0.13592,0.13592,0.0,0.4480137577436968,552.68698039701,-0.0,219.70359427452067,0.0,332.98338612248926,332.98338612248926,0.0,0.0
7122,2019-10-24 18:00:00,10,2019-10-24 19:00:00,0.13592,0.13592,0.13592,0.0,0.05,508.55831958782824,-0.0,0.0,0.0,508.55831958782824,508.55831958782824,0.0,0.0
7123,2019-10-24 19:00:00,10,2019-10-24 20:00:00,0.13592,0.13592,0.13592,0.0,0.05,452.9925526004333,-0.0,0.0,0.0,452.9925526004333,452.9925526004333,0.0,0.0
7124,2019-10-24 20:00:00,10,2019-10-24 21:00:00,0.13592,0.13592,0.13592,0.0,0.05,324.32086418657934,-0.0,0.0,0.0,324.32086418657934,324.32086418657934,0.0,0.0
7125,2019-10-24 21:00:00,10,2019-10-24 22:00:00,0.10531,0.10531,0.10531,0.0,0.05,226.05418036031162,-0.0,0.0,0.0,226.05418036031162,226.05418036031162,0.0,0.0
7126,2019-10-24 22:00:00,10,2019-10-24 23:00:00,0.10531,0.10531,0.10531,0.0,0.05,287.79868746040876,-0.0,0.0,0.0,287.79868746040876,287.79868746040876,0.0,1.0
7127,2019-10-24 23:00:00,10,2019-10-25 00:00:00,0.10531,0.10531,0.10531,0.0,0.05,228.7123209390542,-0.0,0.0,0.0,228.7123209390542,228.7123209390542,0.0,0.0
7128,2019-10-25 00:00:00,10,2019-10-25 01:00:00,0.10531,0.10531,0.10531,0.0,0.05,208.47431195044572,-0.0,0.0,0.0,208.47431195044572,208.47431195044572,0.0,0.0
7129,2019-10-25 01:00:00,10,2019-10-25 02:00:00,0.10531,0.10531,0.10531,0.0,0.05,203.7495479731365,-0.0,0.0,0.0,203.7495479731365,203.7495479731365,0.0,0.0
7130,2019-10-25 02:00:00,10,2019-10-25 03:00:00,0.10531,0.10531,0.10531,0.0,0.05,199.6152692475314,-0.0,0.0,0.0,199.6152692475314,199.6152692475314,0.0,0.0
7131,2019-10-25 03:00:00,10,2019-10-25 04:00:00,0.10531,0.10531,0.10531,0.0,0.05,209.83655282789104,-109.67545353154681,0.0,0.0,319.51200635943786,319.51200635943786,0.0,1.0
7132,2019-10-25 04:00:00,10,2019-10-25 05:00:00,0.10531,0.10531,0.10531,0.0,0.21816902874837177,205.07479390264817,-0.0,0.0,0.0,205.07479390264817,205.07479390264817,0.0,0.0
7133,2019-10-25 05:00:00,10,2019-10-25 06:00:00,0.10531,0.10531,0.10531,0.0,0.21816902874837177,295.70212209963603,-225.3464923563197,0.0,0.0,521.0486144559557,521.0486144559557,0.0,1.0
7134,2019-10-25 06:00:00,10,2019-10-25 07:00:00,0.10531,0.10531,0.10531,0.0,0.563700317028062,299.5274271127496,-221.52118734320612,0.0,0.0,521.0486144559557,521.0486144559557,0.0,1.0
7135,2019-10-25 07:00:00,10,2019-10-25 08:00:00,0.10531,0.10531,0.10531,0.0,0.9033661376209781,458.02653029572394,-63.02208416023177,0.0,0.0,521.0486144559557,521.0486144559557,0.0,1.0
7136,2019-10-25 08:00:00,10,2019-10-25 09:00:00,0.10531,0.10531,0.10531,0.0,1.0,541.9346817331337,-0.0,20.88606727717803,0.0,521.0486144559557,521.0486144559557,0.0,0.0
7137,2019-10-25 09:00:00,10,2019-10-25 10:00:00,0.10531,0.10531,0.10531,0.0,0.962162921599315,541.3375798301842,-0.0,20.28896537422843,0.0,521.0486144559557,521.0486144559557,0.0,0.0
7138,2019-10-25 10:00:00,10,2019-10-25 11:00:00,0.10531,0.10531,0.10531,0.0,0.9254075495445537,607.9815492382013,-0.0,86.93293478224558,0.0,521.0486144559557,521.0486144559557,0.0,0.0
7139,2019-10-25 11:00:00,10,2019-10-25 12:00:00,0.10531,0.10531,0.10531,0.0,0.7679203488520807,593.6960636285745,-0.0,72.64744917261879,0.0,521.0486144559557,521.0486144559557,0.0,0.0
7140,2019-10-25 12:00:00,10,2019-10-25 13:00:00,0.10531,0.10531,0.10531,0.0,0.6363126510755971,595.1894721487395,-0.0,74.14085769278367,0.0,521.0486144559558,521.0486144559558,0.0,0.0
7141,2019-10-25 13:00:00,10,2019-10-25 14:00:00,0.10531,0.10531,0.10531,0.0,0.5019995030814237,579.792779622339,-0.0,58.744165166383226,0.0,521.0486144559558,521.0486144559558,0.0,0.0
7142,2019-10-25 14:00:00,10,2019-10-25 15:00:00,0.10531,0.10531,0.10531,0.0,0.395578914011889,571.7667803046073,-0.0,50.71816584865152,0.0,521.0486144559558,521.0486144559558,0.0,0.0
7143,2019-10-25 15:00:00,10,2019-10-25 16:00:00,0.10531,0.10531,0.10531,0.0,0.3036981787788246,567.5436770037105,-0.0,46.49506254775471,0.0,521.0486144559558,521.0486144559558,0.0,0.0
7144,2019-10-25 16:00:00,10,2019-10-25 17:00:00,0.13592,0.13592,0.13592,0.0,0.21946799300390676,557.5965489687812,-0.0,36.547934512825435,0.0,521.0486144559558,521.0486144559558,0.0,0.0
7145,2019-10-25 17:00:00,10,2019-10-25 18:00:00,0.13592,0.13592,0.13592,0.0,0.15325796671255631,565.6948758240619,-0.0,44.64626136810611,0.0,521.0486144559558,521.0486144559558,0.0,0.0
7146,2019-10-25 18:00:00,10,2019-10-25 19:00:00,0.13592,0.13592,0.13592,0.0,0.0723770584370017,533.4007507131807,-0.0,12.352136257224942,0.0,521.0486144559558,521.0486144559558,0.0,0.0
7147,2019-10-25 19:00:00,10,2019-10-25 20:00:00,0.13592,0.13592,0.13592,0.0,0.05,470.71712593559903,-0.0,0.0,0.0,470.71712593559903,470.71712593559903,0.0,1.0
7148,2019-10-25 20:00:00,10,2019-10-25 21:00:00,0.13592,0.13592,0.13592,0.0,0.05,334.1483785569848,-0.0,0.0,0.0,334.1483785569848,334.1483785569848,0.0,1.0
7149,2019-10-25 21:00:00,10,2019-10-25 22:00:00,0.10531,0.10531,0.10531,0.0,0.05,226.94495743540998,-0.0,0.0,0.0,226.94495743540998,226.94495743540998,0.0,0.0
7150,2019-10-25 22:00:00,10,2019-10-25 23:00:00,0.10531,0.10531,0.10531,0.0,0.05,291.0611459556682,-64.48216165932926,0.0,0.0,355.5433076149975,355.5433076149975,0.0,1.0
7151,2019-10-25 23:00:00,10,2019-10-26 00:00:00,0.10531,0.10531,0.10531,0.0,0.1488726478776382,233.9044482665422,-0.0,0.0,0.0,233.9044482665422,233.9044482665422,0.0,0.0
7152,2019-10-26 00:00:00,10,2019-10-26 01:00:00,0.10531,0.10531,0.10531,0.0,0.1488726478776382,214.34763945641572,-0.0,0.0,0.0,214.34763945641572,214.34763945641572,0.0,0.0
7153,2019-10-26 01:00:00,10,2019-10-26 02:00:00,0.10531,0.10531,0.10531,0.0,0.1488726478776382,210.7053531031233,-0.0,0.0,0.0,210.7053531031233,210.7053531031233,0.0,0.0
7154,2019-10-26 02:00:00,10,2019-10-26 03:00:00,0.10531,0.10531,0.10531,0.0,0.1488726478776382,206.8684208281324,-0.0,0.0,0.0,206.8684208281324,206.8684208281324,0.0,0.0
7155,2019-10-26 03:00:00,10,2019-10-26 04:00:00,0.10531,0.10531,0.10531,0.0,0.1488726478776382,217.71012936047777,-255.08305573197507,0.0,0.0,472.79318509245286,472.79318509245286,0.0,1.0
7156,2019-10-26 04:00:00,10,2019-10-26 05:00:00,0.10531,0.10531,0.10531,0.0,0.54,214.43461715390137,-300.0,0.0,0.0,514.4346171539014,514.4346171539014,0.0,1.0
7157,2019-10-26 05:00:00,10,2019-10-26 06:00:00,0.10531,0.10531,0.10531,0.0,1.0,307.0863141255798,-0.0,0.0,0.0,307.0863141255798,307.0863141255798,0.0,1.0
7158,2019-10-26 06:00:00,10,2019-10-26 07:00:00,0.10531,0.10531,0.10531,0.0,1.0,315.2453993124193,-0.0,0.0,0.0,315.2453993124193,315.2453993124193,0.0,1.0
7159,2019-10-26 07:00:00,10,2019-10-26 08:00:00,0.10531,0.10531,0.10531,0.0,1.0,475.3669613385039,-0.0,0.0,0.0,475.3669613385039,475.3669613385039,0.0,1.0
7160,2019-10-26 08:00:00,10,2019-10-26 09:00:00,0.10531,0.10531,0.10531,0.0,1.0,553.4911865796075,-0.0,30.74841354483101,0.0,522.7427730347765,522.7427730347765,0.0,0.0
7161,2019-10-26 09:00:00,10,2019-10-26 10:00:00,0.10531,0.10531,0.10531,0.0,0.9442963522738569,545.4415952170032,-0.0,22.69882218222665,0.0,522.7427730347765,522.7427730347765,0.0,0.0
7162,2019-10-26 10:00:00,10,2019-10-26 11:00:00,0.10531,0.10531,0.10531,0.0,0.9031752975959101,611.9844282259073,-0.0,89.2416551911308,0.0,522.7427730347765,522.7427730347765,0.0,0.0
7163,2019-10-26 11:00:00,10,2019-10-26 12:00:00,0.10531,0.10531,0.10531,0.0,0.741505632394586,602.0467907272507,-0.0,79.30401769247419,0.0,522.7427730347765,522.7427730347765,0.0,0.0
7164,2019-10-26 12:00:00,10,2019-10-26 13:00:00,0.10531,0.10531,0.10531,0.0,0.5978389336763358,603.4678520161392,-0.0,80.72507898136266,0.0,522.7427730347765,522.7427730347765,0.0,0.0
7165,2019-10-26 13:00:00,10,2019-10-26 14:00:00,0.10531,0.10531,0.10531,0.0,0.4515978485651715,583.0973607261999,-0.0,60.35458769142335,0.0,522.7427730347765,522.7427730347765,0.0,0.0
7166,2019-10-26 14:00:00,10,2019-10-26 15:00:00,0.10531,0.10531,0.10531,0.0,0.3422598273850568,563.6125816651863,-0.0,40.86980863040978,0.0,522.7427730347765,522.7427730347765,0.0,0.0
7167,2019-10-26 15:00:00,10,2019-10-26 16:00:00,0.10531,0.10531,0.10531,0.0,0.2682203189966331,561.3915013364893,-0.0,38.648728301712794,0.0,522.7427730347765,522.7427730347765,0.0,0.0
7168,2019-10-26 16:00:00,10,2019-10-26 17:00:00,0.13592,0.13592,0.13592,0.0,0.19820450685584906,551.8455980985184,-0.0,29.102825063741875,0.0,522.7427730347765,522.7427730347765,0.0,0.0
7169,2019-10-26 17:00:00,10,2019-10-26 18:00:00,0.13592,0.13592,0.13592,0.0,0.1454819976824036,563.0592420580014,-0.0,40.31646902322484,0.0,522.7427730347765,522.7427730347765,0.0,0.0
7170,2019-10-26 18:00:00,10,2019-10-26 19:00:00,0.13592,0.13592,0.13592,0.0,0.0724449161185906,535.1323667322386,-0.0,12.389593697462004,0.0,522.7427730347765,522.7427730347765,0.0,0.0
7171,2019-10-26 19:00:00,10,2019-10-26 20:00:00,0.13592,0.13592,0.13592,0.0,0.05,483.9725595298655,-0.0,0.0,0.0,483.9725595298655,483.9725595298655,0.0,1.0
7172,2019-10-26 20:00:00,10,2019-10-26 21:00:00,0.13592,0.13592,0.13592,0.0,0.05,349.33703776704647,-0.0,0.0,0.0,349.33703776704647,349.33703776704647,0.0,1.0
7173,2019-10-26 21:00:00,10,2019-10-26 22:00:00,0.10531,0.10531,0.10531,0.0,0.05,243.06613713819482,-0.0,0.0,0.0,243.06613713819482,243.06613713819482,0.0,0.0
7174,2019-10-26 22:00:00,10,2019-10-26 23:00:00,0.10531,0.10531,0.10531,0.0,0.05,305.2736985697372,-0.0,0.0,0.0,305.2736985697372,305.2736985697372,0.0,0.0
7175,2019-10-26 23:00:00,10,2019-10-27 00:00:00,0.10531,0.10531,0.10531,0.0,0.05,250.89016882842824,-0.0,0.0,0.0,250.89016882842824,250.89016882842824,0.0,0.0
7176,2019-10-27 00:00:00,10,2019-10-27 01:00:00,0.10531,0.10531,0.10531,0.0,0.05,229.83625642434748,-0.0,0.0,0.0,229.83625642434748,229.83625642434748,0.0,0.0
7177,2019-10-27 01:00:00,10,2019-10-27 02:00:00,0.10531,0.10531,0.10531,0.0,0.05,224.69515275307103,-0.0,0.0,0.0,224.69515275307103,224.69515275307103,0.0,0.0
7178,2019-10-27 02:00:00,10,2019-10-27 03:00:00,0.10531,0.10531,0.10531,0.0,0.05,219.89991272735477,-0.0,0.0,0.0,219.89991272735477,219.89991272735477,0.0,0.0
7179,2019-10-27 03:00:00,10,2019-10-27 04:00:00,0.10531,0.10531,0.10531,0.0,0.05,263.4393241485928,-259.3034488861838,0.0,0.0,522.7427730347765,522.7427730347765,0.0,1.0
7180,2019-10-27 04:00:00,10,2019-10-27 05:00:00,0.10531,0.10531,0.10531,0.0,0.44759862162548186,260.9878415241188,-261.75493151065774,0.0,0.0,522.7427730347765,522.7427730347765,0.0,1.0
7181,2019-10-27 05:00:00,10,2019-10-27 06:00:00,0.10531,0.10531,0.10531,0.0,0.8489561832751571,354.1797897900292,-98.50683699446279,0.0,0.0,452.686626784492,452.686626784492,0.0,1.0
7182,2019-10-27 06:00:00,10,2019-10-27 07:00:00,0.10531,0.10531,0.10531,0.0,1.0,347.8704118833262,-0.0,0.0,0.0,347.8704118833262,347.8704118833262,0.0,0.0
7183,2019-10-27 07:00:00,10,2019-10-27 08:00:00,0.10531,0.10531,0.10531,0.0,1.0,476.6682240399931,-0.0,0.0,0.0,476.6682240399931,476.6682240399931,0.0,0.0
7184,2019-10-27 08:00:00,10,2019-10-27 09:00:00,0.10531,0.10531,0.10531,0.0,1.0,538.9818185796233,-0.0,16.239045544846817,0.0,522.7427730347765,522.7427730347765,0.0,0.0
7185,2019-10-27 09:00:00,10,2019-10-27 10:00:00,0.10531,0.10531,0.10531,0.0,0.97058143923035,536.6960103942406,-0.0,13.953237359464083,0.0,522.7427730347765,522.7427730347765,0.0,0.0
7186,2019-10-27 10:00:00,10,2019-10-27 11:00:00,0.10531,0.10531,0.10531,0.0,0.9453038353182773,604.056161007304,-0.0,81.3133879725275,0.0,522.7427730347765,522.7427730347765,0.0,0.0
7187,2019-10-27 11:00:00,10,2019-10-27 12:00:00,0.10531,0.10531,0.10531,0.0,0.7979969730492058,589.4537132662193,-0.0,66.7109402314428,0.0,522.7427730347765,522.7427730347765,0.0,0.0
7188,2019-10-27 12:00:00,10,2019-10-27 13:00:00,0.10531,0.10531,0.10531,0.0,0.6771438204560123,590.8865027109359,-0.0,68.14372967615941,0.0,522.7427730347765,522.7427730347765,0.0,0.0
7189,2019-10-27 13:00:00,10,2019-10-27 14:00:00,0.10531,0.10531,0.10531,0.0,0.553695034810796,580.2996392782977,-0.0,57.5568662435212,0.0,522.7427730347765,522.7427730347765,0.0,0.0
7190,2019-10-27 14:00:00,10,2019-10-27 15:00:00,0.10531,0.10531,0.10531,0.0,0.44942534958702574,573.6073275046904,-0.0,50.864554469913855,0.0,522.7427730347765,522.7427730347765,0.0,0.0
7191,2019-10-27 15:00:00,10,2019-10-27 16:00:00,0.10531,0.10531,0.10531,0.0,0.35727941757631226,567.7070184184466,-0.0,44.96424538367012,0.0,522.7427730347765,522.7427730347765,0.0,0.0
7192,2019-10-27 16:00:00,10,2019-10-27 17:00:00,0.13592,0.13592,0.13592,0.0,0.27582245130154753,553.3569387577286,-0.0,85.43641841921004,0.0,467.92052033851854,467.92052033851854,0.0,0.0
7193,2019-10-27 17:00:00,10,2019-10-27 18:00:00,0.13592,0.13592,0.13592,0.0,0.12104633097689169,561.9603477340207,-0.0,39.21757469924421,0.0,522.7427730347765,522.7427730347765,0.0,0.0
7194,2019-10-27 18:00:00,10,2019-10-27 19:00:00,0.13592,0.13592,0.13592,0.0,0.05,514.142283146762,-0.0,0.0,0.0,514.142283146762,514.142283146762,0.0,0.0
7195,2019-10-27 19:00:00,10,2019-10-27 20:00:00,0.13592,0.13592,0.13592,0.0,0.05,459.1956681034899,-0.0,0.0,0.0,459.1956681034899,459.1956681034899,0.0,1.0
7196,2019-10-27 20:00:00,10,2019-10-27 21:00:00,0.13592,0.13592,0.13592,0.0,0.05,328.85897742860334,-0.0,0.0,0.0,328.85897742860334,328.85897742860334,0.0,1.0
7197,2019-10-27 21:00:00,10,2019-10-27 22:00:00,0.10531,0.10531,0.10531,0.0,0.05,233.29937009238031,-0.0,0.0,0.0,233.29937009238031,233.29937009238031,0.0,0.0
7198,2019-10-27 22:00:00,10,2019-10-27 23:00:00,0.10531,0.10531,0.10531,0.0,0.05,296.3305211056537,-144.25637749625454,0.0,0.0,440.5868986019083,440.5868986019083,0.0,1.0
7199,2019-10-27 23:00:00,10,2019-10-28 00:00:00,0.10531,0.10531,0.10531,0.0,0.2711931121609237,238.05538265153407,-0.0,0.0,0.0,238.05538265153407,238.05538265153407,0.0,0.0
7200,2019-10-28 00:00:00,10,2019-10-28 01:00:00,0.10531,0.10531,0.10531,0.0,0.2711931121609237,212.44550569146884,-0.0,0.0,0.0,212.44550569146884,212.44550569146884,0.0,0.0
7201,2019-10-28 01:00:00,10,2019-10-28 02:00:00,0.10531,0.10531,0.10531,0.0,0.2711931121609237,207.37879983565836,-0.0,0.0,0.0,207.37879983565836,207.37879983565836,0.0,0.0
7202,2019-10-28 02:00:00,10,2019-10-28 03:00:00,0.10531,0.10531,0.10531,0.0,0.2711931121609237,203.15689557658996,-0.0,0.0,0.0,203.15689557658996,203.15689557658996,0.0,0.0
7203,2019-10-28 03:00:00,10,2019-10-28 04:00:00,0.10531,0.10531,0.10531,0.0,0.2711931121609237,213.038757448883,-233.8496730789292,0.0,0.0,446.88843052781215,446.88843052781215,0.0,1.0
7204,2019-10-28 04:00:00,10,2019-10-28 05:00:00,0.10531,0.10531,0.10531,0.0,0.6297626108819484,209.75389769691128,-0.0,0.0,0.0,209.75389769691128,209.75389769691128,0.0,0.0
7205,2019-10-28 05:00:00,10,2019-10-28 06:00:00,0.10531,0.10531,0.10531,0.0,0.6297626108819484,281.28360621865596,-241.45916681612056,0.0,0.0,522.7427730347765,522.7427730347765,0.0,1.0
7206,2019-10-28 06:00:00,10,2019-10-28 07:00:00,0.10531,0.10531,0.10531,0.0,1.0,296.5750152386887,-0.0,0.0,0.0,296.5750152386887,296.5750152386887,0.0,1.0
7207,2019-10-28 07:00:00,10,2019-10-28 08:00:00,0.10531,0.10531,0.10531,0.0,1.0,421.9805761313097,-0.0,0.0,0.0,421.9805761313097,421.9805761313097,0.0,1.0
7208,2019-10-28 08:00:00,10,2019-10-28 09:00:00,0.10531,0.10531,0.10531,0.0,1.0,472.3631181121371,-0.0,0.0,0.0,472.3631181121371,472.3631181121371,0.0,0.0
7209,2019-10-28 09:00:00,10,2019-10-28 10:00:00,0.10531,0.10531,0.10531,0.0,1.0,526.081720707306,-0.0,3.338947672529457,0.0,522.7427730347765,522.7427730347765,0.0,0.0
7210,2019-10-28 10:00:00,10,2019-10-28 11:00:00,0.10531,0.10531,0.10531,0.0,0.993951181752664,592.214553457842,-0.0,69.47178042306552,0.0,522.7427730347765,522.7427730347765,0.0,0.0
7211,2019-10-28 11:00:00,10,2019-10-28 12:00:00,0.10531,0.10531,0.10531,0.0,0.8680965070731975,572.0306428520114,-0.0,49.28786981723488,0.0,522.7427730347765,522.7427730347765,0.0,0.0
7212,2019-10-28 12:00:00,10,2019-10-28 13:00:00,0.10531,0.10531,0.10531,0.0,0.7788068878390763,571.9980800785053,-0.0,49.25530704372875,0.0,522.7427730347765,522.7427730347765,0.0,0.0
7213,2019-10-28 13:00:00,10,2019-10-28 14:00:00,0.10531,0.10531,0.10531,0.0,0.6895762591366691,550.4514881150299,-0.0,27.70871508025334,0.0,522.7427730347765,522.7427730347765,0.0,0.0
7214,2019-10-28 14:00:00,10,2019-10-28 15:00:00,0.10531,0.10531,0.10531,0.0,0.6393793115275145,536.8303629246005,-0.0,14.087589889824017,0.0,522.7427730347765,522.7427730347765,0.0,0.0
7215,2019-10-28 15:00:00,10,2019-10-28 16:00:00,0.10531,0.10531,0.10531,0.0,0.613858315350297,537.3904671018062,-0.0,14.647694067029647,0.0,522.7427730347765,522.7427730347765,0.0,0.0
7216,2019-10-28 16:00:00,10,2019-10-28 17:00:00,0.13592,0.13592,0.13592,0.0,0.5873226376926346,539.1604429853611,-0.0,16.417669950584582,0.0,522.7427730347765,522.7427730347765,0.0,0.0
7217,2019-10-28 17:00:00,10,2019-10-28 18:00:00,0.13592,0.13592,0.13592,0.0,0.5575804819850538,534.7556547060534,-0.0,280.1844260557498,0.0,254.57122865030362,254.57122865030362,0.0,0.0
7218,2019-10-28 18:00:00,10,2019-10-28 19:00:00,0.13592,0.13592,0.13592,0.0,0.05,445.1769612874376,-0.0,0.0,0.0,445.1769612874376,445.1769612874376,0.0,0.0
7219,2019-10-28 19:00:00,10,2019-10-28 20:00:00,0.13592,0.13592,0.13592,0.0,0.05,414.4316509872809,-0.0,0.0,0.0,414.4316509872809,414.4316509872809,0.0,1.0
7220,2019-10-28 20:00:00,10,2019-10-28 21:00:00,0.13592,0.13592,0.13592,0.0,0.05,310.19555159061247,-0.0,0.0,0.0,310.19555159061247,310.19555159061247,0.0,1.0
7221,2019-10-28 21:00:00,10,2019-10-28 22:00:00,0.10531,0.10531,0.10531,0.0,0.05,224.7878848139899,-0.0,0.0,0.0,224.7878848139899,224.7878848139899,0.0,0.0
7222,2019-10-28 22:00:00,10,2019-10-28 23:00:00,0.10531,0.10531,0.10531,0.0,0.05,287.16399465606105,-0.0,0.0,0.0,287.16399465606105,287.16399465606105,0.0,1.0
7223,2019-10-28 23:00:00,10,2019-10-29 00:00:00,0.10531,0.10531,0.10531,0.0,0.05,227.30171438144896,-0.0,0.0,0.0,227.30171438144896,227.30171438144896,0.0,0.0
7224,2019-10-29 00:00:00,10,2019-10-29 01:00:00,0.10531,0.10531,0.10531,0.0,0.05,207.59541588034097,-0.0,0.0,0.0,207.59541588034097,207.59541588034097,0.0,0.0
7225,2019-10-29 01:00:00,10,2019-10-29 02:00:00,0.10531,0.10531,0.10531,0.0,0.05,202.40706782277994,-0.0,0.0,0.0,202.40706782277994,202.40706782277994,0.0,0.0
7226,2019-10-29 02:00:00,10,2019-10-29 03:00:00,0.10531,0.10531,0.10531,0.0,0.05,197.46793957340577,-0.0,0.0,0.0,197.46793957340577,197.46793957340577,0.0,0.0
7227,2019-10-29 03:00:00,10,2019-10-29 04:00:00,0.10531,0.10531,0.10531,0.0,0.05,206.74387450324724,-0.0,0.0,0.0,206.74387450324724,206.74387450324724,0.0,0.0
7228,2019-10-29 04:00:00,10,2019-10-29 05:00:00,0.10531,0.10531,0.10531,0.0,0.05,202.30641069932557,-0.0,0.0,0.0,202.30641069932557,202.30641069932557,0.0,0.0
7229,2019-10-29 05:00:00,10,2019-10-29 06:00:00,0.10531,0.10531,0.10531,0.0,0.05,268.7995980024602,-11.541745756495049,0.0,0.0,280.34134375895525,280.34134375895525,0.0,1.0
7230,2019-10-29 06:00:00,10,2019-10-29 07:00:00,0.10531,0.10531,0.10531,0.0,0.06769734349329241,273.68848650485074,-249.05428652992578,0.0,0.0,522.7427730347765,522.7427730347765,0.0,1.0
7231,2019-10-29 07:00:00,10,2019-10-29 08:00:00,0.10531,0.10531,0.10531,0.0,0.4495805828391786,342.52864024801244,-0.0,0.0,0.0,342.52864024801244,342.52864024801244,0.0,0.0
7232,2019-10-29 08:00:00,10,2019-10-29 09:00:00,0.10531,0.10531,0.10531,0.0,0.4495805828391786,305.2911842234606,-217.4515888113159,0.0,0.0,522.7427730347765,522.7427730347765,0.0,1.0
7233,2019-10-29 09:00:00,10,2019-10-29 10:00:00,0.10531,0.10531,0.10531,0.0,0.7830063523498629,400.1331328120123,-0.0,0.0,0.0,400.1331328120123,400.1331328120123,0.0,0.0
7234,2019-10-29 10:00:00,10,2019-10-29 11:00:00,0.10531,0.10531,0.10531,0.0,0.7830063523498629,472.5858498495732,-0.0,0.0,0.0,472.5858498495732,472.5858498495732,0.0,0.0
7235,2019-10-29 11:00:00,10,2019-10-29 12:00:00,0.10531,0.10531,0.10531,0.0,0.7830063523498629,505.3482782674659,-0.0,0.0,0.0,505.3482782674659,505.3482782674659,0.0,0.0
7236,2019-10-29 12:00:00,10,2019-10-29 13:00:00,0.10531,0.10531,0.10531,0.0,0.7830063523498629,506.1579040492098,-16.584868985566743,0.0,0.0,522.7427730347765,522.7427730347765,0.0,1.0
7237,2019-10-29 13:00:00,10,2019-10-29 14:00:00,0.10531,0.10531,0.10531,0.0,0.8084364847943987,494.3018723700452,-28.440900664731316,0.0,0.0,522.7427730347765,522.7427730347765,0.0,1.0
7238,2019-10-29 14:00:00,10,2019-10-29 15:00:00,0.10531,0.10531,0.10531,0.0,0.8520458658136534,480.10639832845027,-42.63637470632625,0.0,0.0,522.7427730347765,522.7427730347765,0.0,1.0
7239,2019-10-29 15:00:00,10,2019-10-29 16:00:00,0.10531,0.10531,0.10531,0.0,0.9174216403633536,468.88732109783325,-53.85545193694327,0.0,0.0,522.7427730347765,522.7427730347765,0.0,1.0
7240,2019-10-29 16:00:00,10,2019-10-29 17:00:00,0.13592,0.13592,0.13592,0.0,1.0,399.59904167876704,-0.0,300.0,0.0,99.59904167876704,99.59904167876704,0.0,0.0
7241,2019-10-29 17:00:00,10,2019-10-29 18:00:00,0.13592,0.13592,0.13592,0.0,0.4565217391304348,431.76422565981187,-0.0,224.4,0.0,207.36422565981186,207.36422565981186,0.0,0.0
7242,2019-10-29 18:00:00,10,2019-10-29 19:00:00,0.13592,0.13592,0.13592,0.0,0.05,397.38615510808216,-0.0,0.0,0.0,397.38615510808216,397.38615510808216,0.0,0.0
7243,2019-10-29 19:00:00,10,2019-10-29 20:00:00,0.13592,0.13592,0.13592,0.0,0.05,369.86814610697456,-0.0,0.0,0.0,369.86814610697456,369.86814610697456,0.0,1.0
7244,2019-10-29 20:00:00,10,2019-10-29 21:00:00,0.13592,0.13592,0.13592,0.0,0.05,327.6281525973993,-0.0,0.0,0.0,327.6281525973993,327.6281525973993,0.0,1.0
7245,2019-10-29 21:00:00,10,2019-10-29 22:00:00,0.10531,0.10531,0.10531,0.0,0.05,216.7241724006921,-0.0,0.0,0.0,216.7241724006921,216.7241724006921,0.0,0.0
7246,2019-10-29 22:00:00,10,2019-10-29 23:00:00,0.10531,0.10531,0.10531,0.0,0.05,281.3081866078142,-43.860947993180616,0.0,0.0,325.1691346009948,325.1691346009948,0.0,1.0
7247,2019-10-29 23:00:00,10,2019-10-30 00:00:00,0.10531,0.10531,0.10531,0.0,0.11725345358954362,222.1388472718302,-0.0,0.0,0.0,222.1388472718302,222.1388472718302,0.0,0.0
7248,2019-10-30 00:00:00,10,2019-10-30 01:00:00,0.10531,0.10531,0.10531,0.0,0.11725345358954362,208.643485942687,-0.0,0.0,0.0,208.643485942687,208.643485942687,0.0,0.0
7249,2019-10-30 01:00:00,10,2019-10-30 02:00:00,0.10531,0.10531,0.10531,0.0,0.11725345358954362,204.63497349121815,-0.0,0.0,0.0,204.63497349121815,204.63497349121815,0.0,0.0
7250,2019-10-30 02:00:00,10,2019-10-30 03:00:00,0.10531,0.10531,0.10531,0.0,0.11725345358954362,201.22946836892453,-0.0,0.0,0.0,201.22946836892453,201.22946836892453,0.0,0.0
7251,2019-10-30 03:00:00,10,2019-10-30 04:00:00,0.10531,0.10531,0.10531,0.0,0.11725345358954362,212.39057154561476,-300.0,0.0,0.0,512.3905715456148,512.3905715456148,0.0,1.0
7252,2019-10-30 04:00:00,10,2019-10-30 05:00:00,0.10531,0.10531,0.10531,0.0,0.5772534535895436,210.258003159842,-0.0,0.0,0.0,210.258003159842,210.258003159842,0.0,0.0
7253,2019-10-30 05:00:00,10,2019-10-30 06:00:00,0.10531,0.10531,0.10531,0.0,0.5772534535895436,308.6678922260636,-78.53383595873362,0.0,0.0,387.2017281847972,387.2017281847972,0.0,1.0
7254,2019-10-30 06:00:00,10,2019-10-30 07:00:00,0.10531,0.10531,0.10531,0.0,0.6976720020596019,325.57233959538644,-197.17043343939008,0.0,0.0,522.7427730347765,522.7427730347765,0.0,1.0
7255,2019-10-30 07:00:00,10,2019-10-30 08:00:00,0.10531,0.10531,0.10531,0.0,1.0,475.7655723576103,-0.0,0.0,0.0,475.7655723576103,475.7655723576103,0.0,1.0
7256,2019-10-30 08:00:00,10,2019-10-30 09:00:00,0.10531,0.10531,0.10531,0.0,1.0,544.413802891218,-0.0,21.671029856441464,0.0,522.7427730347765,522.7427730347765,0.0,0.0
7257,2019-10-30 09:00:00,10,2019-10-30 10:00:00,0.10531,0.10531,0.10531,0.0,0.9607408879412292,558.4183543249737,-0.0,35.675581290197215,0.0,522.7427730347765,522.7427730347765,0.0,0.0
7258,2019-10-30 10:00:00,10,2019-10-30 11:00:00,0.10531,0.10531,0.10531,0.0,0.8961112116908719,610.6906050423709,-0.0,87.94783200759434,0.0,522.7427730347765,522.7427730347765,0.0,0.0
7259,2019-10-30 11:00:00,10,2019-10-30 12:00:00,0.10531,0.10531,0.10531,0.0,0.7367854290684185,581.4572911250714,-0.0,58.71451809029486,0.0,522.7427730347765,522.7427730347765,0.0,0.0
7260,2019-10-30 12:00:00,10,2019-10-30 13:00:00,0.10531,0.10531,0.10531,0.0,0.6304185484700582,575.8706274669871,-0.0,53.1278544322106,0.0,522.7427730347765,522.7427730347765,0.0,0.0
7261,2019-10-30 13:00:00,10,2019-10-30 14:00:00,0.10531,0.10531,0.10531,0.0,0.5341724353682274,565.3852876921987,-0.0,42.642514657422225,0.0,522.7427730347765,522.7427730347765,0.0,0.0
7262,2019-10-30 14:00:00,10,2019-10-30 15:00:00,0.10531,0.10531,0.10531,0.0,0.45692150301782486,561.8173642307735,-0.0,39.07459119599696,0.0,522.7427730347765,522.7427730347765,0.0,0.0
7263,2019-10-30 15:00:00,10,2019-10-30 16:00:00,0.10531,0.10531,0.10531,0.0,0.386134200126526,555.4540030232022,-0.0,32.71122998842566,0.0,522.7427730347765,522.7427730347765,0.0,0.0
7264,2019-10-30 16:00:00,10,2019-10-30 17:00:00,0.13592,0.13592,0.13592,0.0,0.3268747255098129,527.5440670138026,-0.0,133.6169278940102,0.0,393.92713911979246,393.92713911979246,0.0,0.0
7265,2019-10-30 17:00:00,10,2019-10-30 18:00:00,0.13592,0.13592,0.13592,0.0,0.08481507352791037,541.960693622183,-0.0,19.217920587406525,0.0,522.7427730347765,522.7427730347765,0.0,0.0
7266,2019-10-30 18:00:00,10,2019-10-30 19:00:00,0.13592,0.13592,0.13592,0.0,0.05,514.2039787302517,-0.0,0.0,0.0,514.2039787302517,514.2039787302517,0.0,0.0
7267,2019-10-30 19:00:00,10,2019-10-30 20:00:00,0.13592,0.13592,0.13592,0.0,0.05,457.28940750039436,-0.0,0.0,0.0,457.28940750039436,457.28940750039436,0.0,1.0
7268,2019-10-30 20:00:00,10,2019-10-30 21:00:00,0.13592,0.13592,0.13592,0.0,0.05,327.66762919034164,-0.0,0.0,0.0,327.66762919034164,327.66762919034164,0.0,1.0
7269,2019-10-30 21:00:00,10,2019-10-30 22:00:00,0.10531,0.10531,0.10531,0.0,0.05,224.28915474369686,-0.0,0.0,0.0,224.28915474369686,224.28915474369686,0.0,0.0
7270,2019-10-30 22:00:00,10,2019-10-30 23:00:00,0.10531,0.10531,0.10531,0.0,0.05,292.4558267311372,-113.89270417696801,0.0,0.0,406.3485309081052,406.3485309081052,0.0,1.0
7271,2019-10-30 23:00:00,10,2019-10-31 00:00:00,0.10531,0.10531,0.10531,0.0,0.22463547973801762,234.01068062795883,-0.0,0.0,0.0,234.01068062795883,234.01068062795883,0.0,0.0
7272,2019-10-31 00:00:00,10,2019-10-31 01:00:00,0.10531,0.10531,0.10531,0.0,0.22463547973801762,211.21293518923278,-0.0,0.0,0.0,211.21293518923278,211.21293518923278,0.0,0.0
7273,2019-10-31 01:00:00,10,2019-10-31 02:00:00,0.10531,0.10531,0.10531,0.0,0.22463547973801762,208.09030908449927,-0.0,0.0,0.0,208.09030908449927,208.09030908449927,0.0,0.0
7274,2019-10-31 02:00:00,10,2019-10-31 03:00:00,0.10531,0.10531,0.10531,0.0,0.22463547973801762,206.22926604226407,-41.42757839971431,0.0,0.0,247.65684444197836,247.65684444197836,0.0,1.0
7275,2019-10-31 03:00:00,10,2019-10-31 04:00:00,0.10531,0.10531,0.10531,0.0,0.2881577666175796,250.30605215430387,-0.0,0.0,0.0,250.30605215430387,250.30605215430387,0.0,0.0
7276,2019-10-31 04:00:00,10,2019-10-31 05:00:00,0.10531,0.10531,0.10531,0.0,0.2881577666175796,244.95319706737789,-277.7895759673986,0.0,0.0,522.7427730347765,522.7427730347765,0.0,1.0
7277,2019-10-31 05:00:00,10,2019-10-31 06:00:00,0.10531,0.10531,0.10531,0.0,0.7141017831009241,336.2874141875531,-186.4553588472234,0.0,0.0,522.7427730347765,522.7427730347765,0.0,1.0
7278,2019-10-31 06:00:00,10,2019-10-31 07:00:00,0.10531,0.10531,0.10531,0.0,1.0,324.86189537817705,-0.0,0.0,0.0,324.86189537817705,324.86189537817705,0.0,0.0
7279,2019-10-31 07:00:00,10,2019-10-31 08:00:00,0.10531,0.10531,0.10531,0.0,1.0,461.6078240158992,-0.0,0.0,0.0,461.6078240158992,461.6078240158992,0.0,0.0
7280,2019-10-31 08:00:00,10,2019-10-31 09:00:00,0.10531,0.10531,0.10531,0.0,1.0,532.5108983438564,-0.0,9.768125309079892,0.0,522.7427730347765,522.7427730347765,0.0,0.0
7281,2019-10-31 09:00:00,10,2019-10-31 10:00:00,0.10531,0.10531,0.10531,0.0,0.9823041208168842,517.3725677246024,-5.3702053101741285,0.0,0.0,522.7427730347765,522.7427730347765,0.0,1.0
7282,2019-10-31 10:00:00,10,2019-10-31 11:00:00,0.10531,0.10531,0.10531,0.0,0.9905384356258179,578.82296378161,-0.0,56.08019074683352,0.0,522.7427730347765,522.7427730347765,0.0,0.0
7283,2019-10-31 11:00:00,10,2019-10-31 12:00:00,0.10531,0.10531,0.10531,0.0,0.8889438871714094,553.2932417942488,-0.0,30.550468759472324,0.0,522.7427730347765,522.7427730347765,0.0,0.0
7284,2019-10-31 12:00:00,10,2019-10-31 13:00:00,0.10531,0.10531,0.10531,0.0,0.833598835070916,548.5199791022336,-0.0,25.777206067457087,0.0,522.7427730347765,522.7427730347765,0.0,0.0
7285,2019-10-31 13:00:00,10,2019-10-31 14:00:00,0.10531,0.10531,0.10531,0.0,0.7869009979921894,534.1161669266926,-0.0,11.373393891916066,0.0,522.7427730347765,522.7427730347765,0.0,0.0
7286,2019-10-31 14:00:00,10,2019-10-31 15:00:00,0.10531,0.10531,0.10531,0.0,0.7662970235503124,524.6387021689536,-0.0,1.895929134177095,0.0,522.7427730347765,522.7427730347765,0.0,0.0
7287,2019-10-31 15:00:00,10,2019-10-31 16:00:00,0.10531,0.10531,0.10531,0.0,0.7628623693217307,521.699487582851,-1.0432854519254988,0.0,0.0,522.7427730347765,522.7427730347765,0.0,1.0
7288,2019-10-31 16:00:00,10,2019-10-31 17:00:00,0.13592,0.13592,0.13592,0.0,0.7644620736813498,516.7271806238433,-0.0,0.0,0.0,516.7271806238433,516.7271806238433,0.0,1.0
7289,2019-10-31 17:00:00,10,2019-10-31 18:00:00,0.13592,0.13592,0.13592,0.0,0.7644620736813498,531.1325458889843,-0.0,94.39358537296857,0.0,436.7389605160157,436.7389605160157,0.0,0.0
7290,2019-10-31 18:00:00,10,2019-10-31 19:00:00,0.13592,0.13592,0.13592,0.0,0.5934592016288704,482.0970813154402,-0.0,0.0,0.0,482.0970813154402,482.0970813154402,0.0,1.0
7291,2019-10-31 19:00:00,10,2019-10-31 20:00:00,0.13592,0.13592,0.13592,0.0,0.5934592016288704,421.6287375135173,-0.0,0.0,0.0,421.6287375135173,421.6287375135173,0.0,1.0
7292,2019-10-31 20:00:00,10,2019-10-31 21:00:00,0.13592,0.13592,0.13592,0.0,0.5934592016288704,299.9894792991365,-0.0,299.9894792991365,0.0,0.0,0.0,0.0,0.0
7293,2019-10-31 21:00:00,10,2019-10-31 22:00:00,0.10531,0.10531,0.10531,0.0,0.05,205.09057360659708,-0.0,0.0,0.0,205.09057360659708,205.09057360659708,0.0,0.0
7294,2019-10-31 22:00:00,10,2019-10-31 23:00:00,0.10531,0.10531,0.10531,0.0,0.05,276.4694773886548,-0.0,0.0,0.0,276.4694773886548,276.4694773886548,0.0,1.0
7295,2019-10-31 23:00:00,10,2019-11-01 00:00:00,0.10531,0.10531,0.10531,0.0,0.05,220.57709683529825,-0.0,0.0,0.0,220.57709683529825,220.57709683529825,0.0,0.0
7296,2019-11-01 00:00:00,11,2019-11-01 01:00:00,0.10531,0.10531,0.10531,0.0,0.05,205.21318536995625,-0.0,0.0,0.0,205.21318536995625,205.21318536995625,0.0,0.0
7297,2019-11-01 01:00:00,11,2019-11-01 02:00:00,0.10531,0.10531,0.10531,0.0,0.05,208.46123698751768,-0.0,0.0,0.0,208.46123698751768,208.46123698751768,0.0,0.0
7298,2019-11-01 02:00:00,11,2019-11-01 03:00:00,0.10531,0.10531,0.10531,0.0,0.05,212.81878856630826,-0.0,0.0,0.0,212.81878856630826,212.81878856630826,0.0,0.0
7299,2019-11-01 03:00:00,11,2019-11-01 04:00:00,0.10531,0.10531,0.10531,0.0,0.05,231.60488130697954,-280.27452706364954,0.0,0.0,511.8794083706291,511.8794083706291,0.0,1.0
7300,2019-11-01 04:00:00,11,2019-11-01 05:00:00,0.10531,0.10531,0.10531,0.0,0.47975427483092936,234.48084496002224,-277.3985634106068,0.0,0.0,511.87940837062905,511.87940837062905,0.0,1.0
7301,2019-11-01 05:00:00,11,2019-11-01 06:00:00,0.10531,0.10531,0.10531,0.0,0.9050987387271932,333.7135336612205,-0.0,0.0,0.0,333.7135336612205,333.7135336612205,0.0,1.0
7302,2019-11-01 06:00:00,11,2019-11-01 07:00:00,0.10531,0.10531,0.10531,0.0,0.9050987387271932,349.35265147599165,-61.89212691704797,0.0,0.0,411.2447783930396,411.2447783930396,0.0,1.0
7303,2019-11-01 07:00:00,11,2019-11-01 08:00:00,0.10531,0.10531,0.10531,0.0,1.0,499.18129208006576,-0.0,0.0,0.0,499.18129208006576,499.18129208006576,0.0,0.0
7304,2019-11-01 08:00:00,11,2019-11-01 09:00:00,0.10531,0.10531,0.10531,0.0,1.0,565.9883098960477,-0.0,54.10890152541859,0.0,511.8794083706291,511.8794083706291,0.0,0.0
7305,2019-11-01 09:00:00,11,2019-11-01 10:00:00,0.10531,0.10531,0.10531,0.0,0.9019766276713432,555.1819491584706,-0.0,43.302540787841565,0.0,511.87940837062905,511.87940837062905,0.0,0.0
7306,2019-11-01 10:00:00,11,2019-11-01 11:00:00,0.10531,0.10531,0.10531,0.0,0.823529995809311,604.6066989870175,-0.0,92.72729061638839,0.0,511.8794083706291,511.8794083706291,0.0,0.0
7307,2019-11-01 11:00:00,11,2019-11-01 12:00:00,0.10531,0.10531,0.10531,0.0,0.6555457736781731,578.8342769442166,-0.0,66.95486857358756,0.0,511.8794083706291,511.8794083706291,0.0,0.0
7308,2019-11-01 12:00:00,11,2019-11-01 13:00:00,0.10531,0.10531,0.10531,0.0,0.5342507219144272,572.98689929652,-0.0,61.10749092589085,0.0,511.8794083706292,511.8794083706292,0.0,0.0
7309,2019-11-01 13:00:00,11,2019-11-01 14:00:00,0.10531,0.10531,0.10531,0.0,0.4235487455994076,560.684871317168,-0.0,48.805462946538825,0.0,511.8794083706292,511.8794083706292,0.0,0.0
7310,2019-11-01 14:00:00,11,2019-11-01 15:00:00,0.10531,0.10531,0.10531,0.0,0.3351330518556778,547.1929887465427,-0.0,35.31358037591349,0.0,511.8794083706292,511.8794083706292,0.0,0.0
7311,2019-11-01 15:00:00,11,2019-11-01 16:00:00,0.10531,0.10531,0.10531,0.0,0.2711591743630809,542.6239868702554,-0.0,30.744578499626215,0.0,511.8794083706292,511.8794083706292,0.0,0.0
7312,2019-11-01 16:00:00,11,2019-11-01 17:00:00,0.13592,0.13592,0.13592,0.0,0.21546247418259856,538.9274150531212,-0.0,27.048006682492,0.0,511.8794083706292,511.8794083706292,0.0,0.0
7313,2019-11-01 17:00:00,11,2019-11-01 18:00:00,0.13592,0.13592,0.13592,0.0,0.16646246207663476,556.6629196450448,-0.0,44.78351127441559,0.0,511.8794083706292,511.8794083706292,0.0,0.0
7314,2019-11-01 18:00:00,11,2019-11-01 19:00:00,0.13592,0.13592,0.13592,0.0,0.08533291266646152,531.383176162516,-0.0,19.50376779188676,0.0,511.8794083706292,511.8794083706292,0.0,0.0
7315,2019-11-01 19:00:00,11,2019-11-01 20:00:00,0.13592,0.13592,0.13592,0.0,0.05,477.7560500778404,-0.0,0.0,0.0,477.7560500778404,477.7560500778404,0.0,1.0
7316,2019-11-01 20:00:00,11,2019-11-01 21:00:00,0.13592,0.13592,0.13592,0.0,0.05,343.443509567059,-0.0,0.0,0.0,343.443509567059,343.443509567059,0.0,1.0
7317,2019-11-01 21:00:00,11,2019-11-01 22:00:00,0.10531,0.10531,0.10531,0.0,0.05,237.0893161820353,-0.0,0.0,0.0,237.0893161820353,237.0893161820353,0.0,0.0
7318,2019-11-01 22:00:00,11,2019-11-01 23:00:00,0.10531,0.10531,0.10531,0.0,0.05,302.14791728932175,-0.0,0.0,0.0,302.14791728932175,302.14791728932175,0.0,0.0
7319,2019-11-01 23:00:00,11,2019-11-02 00:00:00,0.10531,0.10531,0.10531,0.0,0.05,245.62076512347264,-0.0,0.0,0.0,245.62076512347264,245.62076512347264,0.0,0.0
7320,2019-11-02 00:00:00,11,2019-11-02 01:00:00,0.10531,0.10531,0.10531,0.0,0.05,225.1047331763149,-0.0,0.0,0.0,225.1047331763149,225.1047331763149,0.0,0.0
7321,2019-11-02 01:00:00,11,2019-11-02 02:00:00,0.10531,0.10531,0.10531,0.0,0.05,220.87428022450757,-0.0,0.0,0.0,220.87428022450757,220.87428022450757,0.0,0.0
7322,2019-11-02 02:00:00,11,2019-11-02 03:00:00,0.10531,0.10531,0.10531,0.0,0.05,217.4775862478855,-0.0,0.0,0.0,217.4775862478855,217.4775862478855,0.0,0.0
7323,2019-11-02 03:00:00,11,2019-11-02 04:00:00,0.10531,0.10531,0.10531,0.0,0.05,229.29400814958922,-282.58540022104,0.0,0.0,511.8794083706292,511.8794083706292,0.0,1.0
7324,2019-11-02 04:00:00,11,2019-11-02 05:00:00,0.10531,0.10531,0.10531,0.0,0.4832976136722614,225.88801432997155,-0.0,0.0,0.0,225.88801432997155,225.88801432997155,0.0,0.0
7325,2019-11-02 05:00:00,11,2019-11-02 06:00:00,0.10531,0.10531,0.10531,0.0,0.4832976136722614,316.9419533365027,-146.31384577791886,0.0,0.0,463.25579911442156,463.25579911442156,0.0,1.0
7326,2019-11-02 06:00:00,11,2019-11-02 07:00:00,0.10531,0.10531,0.10531,0.0,0.707645510531737,321.21343697828377,-190.66597139234545,0.0,0.0,511.8794083706292,511.8794083706292,0.0,1.0
7327,2019-11-02 07:00:00,11,2019-11-02 08:00:00,0.10531,0.10531,0.10531,0.0,1.0,468.7671231936769,-0.0,0.0,0.0,468.7671231936769,468.7671231936769,0.0,1.0
7328,2019-11-02 08:00:00,11,2019-11-02 09:00:00,0.10531,0.10531,0.10531,0.0,1.0,529.6823367326466,-0.0,17.802928362017383,0.0,511.8794083706292,511.8794083706292,0.0,0.0
7329,2019-11-02 09:00:00,11,2019-11-02 10:00:00,0.10531,0.10531,0.10531,0.0,0.9677483181847512,511.4838742526664,-0.3955341179628249,0.0,0.0,511.8794083706292,511.8794083706292,0.0,1.0
7330,2019-11-02 10:00:00,11,2019-11-02 11:00:00,0.10531,0.10531,0.10531,0.0,0.968354803832294,568.1377340187604,-0.0,56.258325648131176,0.0,511.8794083706292,511.8794083706292,0.0,0.0
7331,2019-11-02 11:00:00,11,2019-11-02 12:00:00,0.10531,0.10531,0.10531,0.0,0.8664375472233607,536.0706518995081,-0.0,24.191243528878886,0.0,511.8794083706292,511.8794083706292,0.0,0.0
7332,2019-11-02 12:00:00,11,2019-11-02 13:00:00,0.10531,0.10531,0.10531,0.0,0.8226128306855368,533.6156458364106,-0.0,21.736237465781414,0.0,511.8794083706292,511.8794083706292,0.0,0.0
7333,2019-11-02 13:00:00,11,2019-11-02 14:00:00,0.10531,0.10531,0.10531,0.0,0.783235588899701,523.0649671427004,-0.0,11.185558772071204,0.0,511.8794083706292,511.8794083706292,0.0,0.0
7334,2019-11-02 14:00:00,11,2019-11-02 15:00:00,0.10531,0.10531,0.10531,0.0,0.7629718954720357,513.7067885698625,-0.0,1.8273801992332892,0.0,511.8794083706292,511.8794083706292,0.0,0.0
7335,2019-11-02 15:00:00,11,2019-11-02 16:00:00,0.10531,0.10531,0.10531,0.0,0.7596614240966131,512.1720228085999,-0.0,0.29261443797065567,0.0,511.8794083706292,511.8794083706292,0.0,0.0
7336,2019-11-02 16:00:00,11,2019-11-02 17:00:00,0.13592,0.13592,0.13592,0.0,0.759131325477101,507.60282456003006,-0.0,0.0,0.0,507.60282456003006,507.60282456003006,0.0,1.0
7337,2019-11-02 17:00:00,11,2019-11-02 18:00:00,0.13592,0.13592,0.13592,0.0,0.759131325477101,527.2935249891912,-0.0,91.44049166335977,0.0,435.8530333258314,435.8530333258314,0.0,0.0
7338,2019-11-02 18:00:00,11,2019-11-02 19:00:00,0.13592,0.13592,0.13592,0.0,0.5934782608695652,498.6165471811851,-0.0,0.0,0.0,498.6165471811851,498.6165471811851,0.0,0.0
7339,2019-11-02 19:00:00,11,2019-11-02 20:00:00,0.13592,0.13592,0.13592,0.0,0.5934782608695652,439.78457018988405,-0.0,300.0,0.0,139.78457018988405,139.78457018988405,0.0,0.0
7340,2019-11-02 20:00:00,11,2019-11-02 21:00:00,0.13592,0.13592,0.13592,0.0,0.05,312.6667614121553,-0.0,0.0,0.0,312.6667614121553,312.6667614121553,0.0,1.0
7341,2019-11-02 21:00:00,11,2019-11-02 22:00:00,0.10531,0.10531,0.10531,0.0,0.05,208.5783730913884,-0.0,0.0,0.0,208.5783730913884,208.5783730913884,0.0,0.0
7342,2019-11-02 22:00:00,11,2019-11-02 23:00:00,0.10531,0.10531,0.10531,0.0,0.05,277.28444172427925,-149.88482423412188,0.0,0.0,427.1692659584011,427.1692659584011,0.0,1.0
7343,2019-11-02 23:00:00,11,2019-11-03 00:00:00,0.10531,0.10531,0.10531,0.0,0.2798233971589869,218.41216440174477,-0.0,0.0,0.0,218.41216440174477,218.41216440174477,0.0,0.0
7344,2019-11-03 00:00:00,11,2019-11-03 01:00:00,0.10531,0.10531,0.10531,0.0,0.2798233971589869,201.0510799061314,-103.98480674488253,0.0,0.0,305.0358866510139,305.0358866510139,0.0,1.0
7345,2019-11-03 01:00:00,11,2019-11-03 02:00:00,0.10531,0.10531,0.10531,0.0,0.43926676750114013,198.47145426728687,-0.0,0.0,0.0,198.47145426728687,198.47145426728687,0.0,0.0
7346,2019-11-03 02:00:00,11,2019-11-03 03:00:00,0.10531,0.10531,0.10531,0.0,0.43926676750114013,196.18401456511373,-0.0,0.0,0.0,196.18401456511373,196.18401456511373,0.0,0.0
7347,2019-11-03 03:00:00,11,2019-11-03 04:00:00,0.10531,0.10531,0.10531,0.0,0.43926676750114013,240.45687674213764,-0.0,0.0,0.0,240.45687674213764,240.45687674213764,0.0,0.0
7348,2019-11-03 04:00:00,11,2019-11-03 05:00:00,0.10531,0.10531,0.10531,0.0,0.43926676750114013,238.87704070255003,-0.0,0.0,0.0,238.87704070255003,238.87704070255003,0.0,0.0
7349,2019-11-03 05:00:00,11,2019-11-03 06:00:00,0.10531,0.10531,0.10531,0.0,0.43926676750114013,333.8449064668411,-178.0345019037881,0.0,0.0,511.8794083706292,511.8794083706292,0.0,1.0
7350,2019-11-03 06:00:00,11,2019-11-03 07:00:00,0.10531,0.10531,0.10531,0.0,0.7122530037536152,324.2183238621174,-187.6610845085118,0.0,0.0,511.8794083706292,511.8794083706292,0.0,1.0
7351,2019-11-03 07:00:00,11,2019-11-03 08:00:00,0.10531,0.10531,0.10531,0.0,1.0,456.86471509608424,-0.0,0.0,0.0,456.86471509608424,456.86471509608424,0.0,0.0
7352,2019-11-03 08:00:00,11,2019-11-03 09:00:00,0.10531,0.10531,0.10531,0.0,1.0,527.2479770284033,-0.0,15.368568657774063,0.0,511.8794083706292,511.8794083706292,0.0,0.0
7353,2019-11-03 09:00:00,11,2019-11-03 10:00:00,0.10531,0.10531,0.10531,0.0,0.9721583901127281,517.5347655841356,-0.0,5.655357213506363,0.0,511.8794083706292,511.8794083706292,0.0,0.0
7354,2019-11-03 10:00:00,11,2019-11-03 11:00:00,0.10531,0.10531,0.10531,0.0,0.9619131777694194,576.8441318155449,-0.0,64.96472344491565,0.0,511.8794083706292,511.8794083706292,0.0,0.0
7355,2019-11-03 11:00:00,11,2019-11-03 12:00:00,0.10531,0.10531,0.10531,0.0,0.8442234613837026,552.7532742861939,-0.0,40.87386591556469,0.0,511.8794083706292,511.8794083706292,0.0,0.0
7356,2019-11-03 12:00:00,11,2019-11-03 13:00:00,0.10531,0.10531,0.10531,0.0,0.770176602841013,548.694565969795,-0.0,36.81515759916579,0.0,511.8794083706292,511.8794083706292,0.0,0.0
7357,2019-11-03 13:00:00,11,2019-11-03 14:00:00,0.10531,0.10531,0.10531,0.0,0.7034824767555677,536.2493657506207,-0.0,24.369957379991433,0.0,511.8794083706292,511.8794083706292,0.0,0.0
7358,2019-11-03 14:00:00,11,2019-11-03 15:00:00,0.10531,0.10531,0.10531,0.0,0.6593340032410905,529.3097577948396,-0.0,17.430349424210362,0.0,511.8794083706292,511.8794083706292,0.0,0.0
7359,2019-11-03 15:00:00,11,2019-11-03 16:00:00,0.10531,0.10531,0.10531,0.0,0.627757283269695,535.1412664172199,-0.0,23.261858046590646,0.0,511.8794083706292,511.8794083706292,0.0,0.0
7360,2019-11-03 16:00:00,11,2019-11-03 17:00:00,0.13592,0.13592,0.13592,0.0,0.5856162360838423,531.0517738863109,-0.0,19.17236551568169,0.0,511.8794083706292,511.8794083706292,0.0,0.0
7361,2019-11-03 17:00:00,11,2019-11-03 18:00:00,0.13592,0.13592,0.13592,0.0,0.5508836898597813,547.2235552146054,-0.0,276.4877968025993,0.0,270.73575841200613,270.73575841200613,0.0,0.0
7362,2019-11-03 18:00:00,11,2019-11-03 19:00:00,0.13592,0.13592,0.13592,0.0,0.05,505.93331113924194,-0.0,0.0,0.0,505.93331113924194,505.93331113924194,0.0,0.0
7363,2019-11-03 19:00:00,11,2019-11-03 20:00:00,0.13592,0.13592,0.13592,0.0,0.05,450.0980816231327,-0.0,0.0,0.0,450.0980816231327,450.0980816231327,0.0,1.0
7364,2019-11-03 20:00:00,11,2019-11-03 21:00:00,0.13592,0.13592,0.13592,0.0,0.05,316.3141811917392,-0.0,0.0,0.0,316.3141811917392,316.3141811917392,0.0,1.0
7365,2019-11-03 21:00:00,11,2019-11-03 22:00:00,0.10531,0.10531,0.10531,0.0,0.05,210.7795476916184,-0.0,0.0,0.0,210.7795476916184,210.7795476916184,0.0,0.0
7366,2019-11-03 22:00:00,11,2019-11-03 23:00:00,0.10531,0.10531,0.10531,0.0,0.05,275.678654310078,-0.0,0.0,0.0,275.678654310078,275.678654310078,0.0,1.0
7367,2019-11-03 23:00:00,11,2019-11-04 00:00:00,0.10531,0.10531,0.10531,0.0,0.05,214.911193089385,-0.0,0.0,0.0,214.911193089385,214.911193089385,0.0,0.0
7368,2019-11-04 00:00:00,11,2019-11-04 01:00:00,0.10531,0.10531,0.10531,0.0,0.05,193.17201325668756,-0.0,0.0,0.0,193.17201325668756,193.17201325668756,0.0,0.0
7369,2019-11-04 01:00:00,11,2019-11-04 02:00:00,0.10531,0.10531,0.10531,0.0,0.05,191.2286452096281,-0.0,0.0,0.0,191.2286452096281,191.2286452096281,0.0,0.0
7370,2019-11-04 02:00:00,11,2019-11-04 03:00:00,0.10531,0.10531,0.10531,0.0,0.05,189.29089501280518,-0.0,0.0,0.0,189.29089501280518,189.29089501280518,0.0,0.0
7371,2019-11-04 03:00:00,11,2019-11-04 04:00:00,0.10531,0.10531,0.10531,0.0,0.05,200.89736531590611,-37.07967792619544,0.0,0.0,237.97704324210156,237.97704324210156,0.0,1.0
7372,2019-11-04 04:00:00,11,2019-11-04 05:00:00,0.10531,0.10531,0.10531,0.0,0.10685550615349967,199.27077302651975,-0.0,0.0,0.0,199.27077302651975,199.27077302651975,0.0,0.0
7373,2019-11-04 05:00:00,11,2019-11-04 06:00:00,0.10531,0.10531,0.10531,0.0,0.10685550615349967,275.6529021867159,-236.22650618391333,0.0,0.0,511.8794083706292,511.8794083706292,0.0,1.0
7374,2019-11-04 06:00:00,11,2019-11-04 07:00:00,0.10531,0.10531,0.10531,0.0,0.4690694823021668,296.91204797048687,-214.96736040014235,0.0,0.0,511.8794083706292,511.8794083706292,0.0,1.0
7375,2019-11-04 07:00:00,11,2019-11-04 08:00:00,0.10531,0.10531,0.10531,0.0,0.7986861015823851,422.2894803252131,-89.58992804541612,0.0,0.0,511.8794083706292,511.8794083706292,0.0,1.0
7376,2019-11-04 08:00:00,11,2019-11-04 09:00:00,0.10531,0.10531,0.10531,0.0,0.9360573245853565,470.1776635349922,-41.701744835637044,0.0,0.0,511.8794083706292,511.8794083706292,0.0,1.0
7377,2019-11-04 09:00:00,11,2019-11-04 10:00:00,0.10531,0.10531,0.10531,0.0,1.0,530.3820829166008,-0.0,18.50267454597156,0.0,511.8794083706292,511.8794083706292,0.0,0.0
7378,2019-11-04 10:00:00,11,2019-11-04 11:00:00,0.10531,0.10531,0.10531,0.0,0.9664806620543993,593.0852554064286,-0.0,81.20584703579937,0.0,511.8794083706292,511.8794083706292,0.0,0.0
7379,2019-11-04 11:00:00,11,2019-11-04 12:00:00,0.10531,0.10531,0.10531,0.0,0.8193686203228787,554.2372541970029,-0.0,42.357845826373705,0.0,511.8794083706292,511.8794083706292,0.0,0.0
7380,2019-11-04 12:00:00,11,2019-11-04 13:00:00,0.10531,0.10531,0.10531,0.0,0.7426333923765496,545.1085474022233,-0.0,33.22913903159406,0.0,511.8794083706292,511.8794083706292,0.0,0.0
7381,2019-11-04 13:00:00,11,2019-11-04 14:00:00,0.10531,0.10531,0.10531,0.0,0.6824356767396038,535.8823892555802,-0.0,24.002980884950944,0.0,511.8794083706292,511.8794083706292,0.0,0.0
7382,2019-11-04 14:00:00,11,2019-11-04 15:00:00,0.10531,0.10531,0.10531,0.0,0.6389520157161419,527.17307146955,-0.0,15.293663098920774,0.0,511.8794083706292,511.8794083706292,0.0,0.0
7383,2019-11-04 15:00:00,11,2019-11-04 16:00:00,0.10531,0.10531,0.10531,0.0,0.6112461043050536,529.4047857110851,-0.0,17.52537734045586,0.0,511.8794083706292,511.8794083706292,0.0,0.0
7384,2019-11-04 16:00:00,11,2019-11-04 17:00:00,0.13592,0.13592,0.13592,0.0,0.5794972323114741,530.5257584878836,-0.0,282.83804102985147,0.0,247.68771745803218,247.68771745803218,0.0,0.0
7385,2019-11-04 17:00:00,11,2019-11-04 18:00:00,0.13592,0.13592,0.13592,0.0,0.06710947682261285,521.3238395767115,-0.0,9.4444312060823,0.0,511.8794083706292,511.8794083706292,0.0,0.0
7386,2019-11-04 18:00:00,11,2019-11-04 19:00:00,0.13592,0.13592,0.13592,0.0,0.05,435.486346126153,-0.0,0.0,0.0,435.486346126153,435.486346126153,0.0,0.0
7387,2019-11-04 19:00:00,11,2019-11-04 20:00:00,0.13592,0.13592,0.13592,0.0,0.05,409.5896262778953,-0.0,0.0,0.0,409.5896262778953,409.5896262778953,0.0,1.0
7388,2019-11-04 20:00:00,11,2019-11-04 21:00:00,0.13592,0.13592,0.13592,0.0,0.05,310.01222718053094,-0.0,0.0,0.0,310.01222718053094,310.01222718053094,0.0,1.0
7389,2019-11-04 21:00:00,11,2019-11-04 22:00:00,0.10531,0.10531,0.10531,0.0,0.05,230.38181733113458,-0.0,0.0,0.0,230.38181733113458,230.38181733113458,0.0,0.0
7390,2019-11-04 22:00:00,11,2019-11-04 23:00:00,0.10531,0.10531,0.10531,0.0,0.05,295.28916240225175,-0.0,0.0,0.0,295.28916240225175,295.28916240225175,0.0,1.0
7391,2019-11-04 23:00:00,11,2019-11-05 00:00:00,0.10531,0.10531,0.10531,0.0,0.05,239.46708006840583,-0.0,0.0,0.0,239.46708006840583,239.46708006840583,0.0,0.0
7392,2019-11-05 00:00:00,11,2019-11-05 01:00:00,0.10531,0.10531,0.10531,0.0,0.05,220.53160541530372,-0.0,0.0,0.0,220.53160541530372,220.53160541530372,0.0,0.0
7393,2019-11-05 01:00:00,11,2019-11-05 02:00:00,0.10531,0.10531,0.10531,0.0,0.05,217.47986072073854,-0.0,0.0,0.0,217.47986072073854,217.47986072073854,0.0,0.0
7394,2019-11-05 02:00:00,11,2019-11-05 03:00:00,0.10531,0.10531,0.10531,0.0,0.05,214.45946083994986,-0.0,0.0,0.0,214.45946083994986,214.45946083994986,0.0,0.0
7395,2019-11-05 03:00:00,11,2019-11-05 04:00:00,0.10531,0.10531,0.10531,0.0,0.05,226.0950761126285,-0.0,0.0,0.0,226.0950761126285,226.0950761126285,0.0,0.0
7396,2019-11-05 04:00:00,11,2019-11-05 05:00:00,0.10531,0.10531,0.10531,0.0,0.05,223.50280122938005,-0.0,0.0,0.0,223.50280122938005,223.50280122938005,0.0,0.0
7397,2019-11-05 05:00:00,11,2019-11-05 06:00:00,0.10531,0.10531,0.10531,0.0,0.05,292.2627245442586,-55.27726117353248,0.0,0.0,347.53998571779107,347.53998571779107,0.0,1.0
7398,2019-11-05 06:00:00,11,2019-11-05 07:00:00,0.10531,0.10531,0.10531,0.0,0.1347584671327498,309.30799118605967,-202.57141718456955,0.0,0.0,511.8794083706292,511.8794083706292,0.0,1.0
7399,2019-11-05 07:00:00,11,2019-11-05 08:00:00,0.10531,0.10531,0.10531,0.0,0.4453679734824232,367.2193689474239,-0.0,0.0,0.0,367.2193689474239,367.2193689474239,0.0,0.0
7400,2019-11-05 08:00:00,11,2019-11-05 09:00:00,0.10531,0.10531,0.10531,0.0,0.4453679734824232,326.7995370189615,-185.07987135166775,0.0,0.0,511.8794083706292,511.8794083706292,0.0,1.0
7401,2019-11-05 09:00:00,11,2019-11-05 10:00:00,0.10531,0.10531,0.10531,0.0,0.7291571095549804,397.25309980880763,-0.0,0.0,0.0,397.25309980880763,397.25309980880763,0.0,0.0
7402,2019-11-05 10:00:00,11,2019-11-05 11:00:00,0.10531,0.10531,0.10531,0.0,0.7291571095549804,456.92446318782083,-0.0,0.0,0.0,456.92446318782083,456.92446318782083,0.0,0.0
7403,2019-11-05 11:00:00,11,2019-11-05 12:00:00,0.10531,0.10531,0.10531,0.0,0.7291571095549804,485.06277834210186,-26.816630028527356,0.0,0.0,511.8794083706292,511.8794083706292,0.0,1.0
7404,2019-11-05 12:00:00,11,2019-11-05 13:00:00,0.10531,0.10531,0.10531,0.0,0.770275942265389,478.3070292003731,-0.0,0.0,0.0,478.3070292003731,478.3070292003731,0.0,0.0
7405,2019-11-05 13:00:00,11,2019-11-05 14:00:00,0.10531,0.10531,0.10531,0.0,0.770275942265389,466.2022410723017,-45.677167298327504,0.0,0.0,511.8794083706292,511.8794083706292,0.0,1.0
7406,2019-11-05 14:00:00,11,2019-11-05 15:00:00,0.10531,0.10531,0.10531,0.0,0.8403142654561578,459.599539346083,-52.2798690245462,0.0,0.0,511.8794083706292,511.8794083706292,0.0,1.0
7407,2019-11-05 15:00:00,11,2019-11-05 16:00:00,0.10531,0.10531,0.10531,0.0,0.9204767312937954,460.0164070404958,-51.86300133013345,0.0,0.0,511.8794083706292,511.8794083706292,0.0,1.0
7408,2019-11-05 16:00:00,11,2019-11-05 17:00:00,0.13592,0.13592,0.13592,0.0,1.0,398.69020286116023,-0.0,300.0,0.0,98.69020286116023,98.69020286116023,0.0,0.0
7409,2019-11-05 17:00:00,11,2019-11-05 18:00:00,0.13592,0.13592,0.13592,0.0,0.4565217391304348,432.0454939685076,-0.0,224.4,0.0,207.64549396850762,207.64549396850762,0.0,0.0
7410,2019-11-05 18:00:00,11,2019-11-05 19:00:00,0.13592,0.13592,0.13592,0.0,0.05,396.27687700922905,-0.0,0.0,0.0,396.27687700922905,396.27687700922905,0.0,0.0
7411,2019-11-05 19:00:00,11,2019-11-05 20:00:00,0.13592,0.13592,0.13592,0.0,0.05,372.44346539293616,-0.0,0.0,0.0,372.44346539293616,372.44346539293616,0.0,1.0
7412,2019-11-05 20:00:00,11,2019-11-05 21:00:00,0.13592,0.13592,0.13592,0.0,0.05,333.4740195091614,-0.0,0.0,0.0,333.4740195091614,333.4740195091614,0.0,1.0
7413,2019-11-05 21:00:00,11,2019-11-05 22:00:00,0.10531,0.10531,0.10531,0.0,0.05,225.86186377057606,-0.0,0.0,0.0,225.86186377057606,225.86186377057606,0.0,0.0
7414,2019-11-05 22:00:00,11,2019-11-05 23:00:00,0.10531,0.10531,0.10531,0.0,0.05,290.82394034218646,-0.0,0.0,0.0,290.82394034218646,290.82394034218646,0.0,1.0
7415,2019-11-05 23:00:00,11,2019-11-06 00:00:00,0.10531,0.10531,0.10531,0.0,0.05,232.0103010361455,-0.0,0.0,0.0,232.0103010361455,232.0103010361455,0.0,0.0
7416,2019-11-06 00:00:00,11,2019-11-06 01:00:00,0.10531,0.10531,0.10531,0.0,0.05,216.19895250547128,-0.0,0.0,0.0,216.19895250547128,216.19895250547128,0.0,0.0
7417,2019-11-06 01:00:00,11,2019-11-06 02:00:00,0.10531,0.10531,0.10531,0.0,0.05,212.45258971489514,-0.0,0.0,0.0,212.45258971489514,212.45258971489514,0.0,0.0
7418,2019-11-06 02:00:00,11,2019-11-06 03:00:00,0.10531,0.10531,0.10531,0.0,0.05,210.97914130787944,-0.0,0.0,0.0,210.97914130787944,210.97914130787944,0.0,0.0
7419,2019-11-06 03:00:00,11,2019-11-06 04:00:00,0.10531,0.10531,0.10531,0.0,0.05,210.8937699775402,-0.0,0.0,0.0,210.8937699775402,210.8937699775402,0.0,0.0
7420,2019-11-06 04:00:00,11,2019-11-06 05:00:00,0.10531,0.10531,0.10531,0.0,0.05,225.2699967163028,-0.0,0.0,0.0,225.2699967163028,225.2699967163028,0.0,0.0
7421,2019-11-06 05:00:00,11,2019-11-06 06:00:00,0.10531,0.10531,0.10531,0.0,0.05,224.05274925929749,-222.1366735772375,0.0,0.0,446.18942283653496,446.18942283653496,0.0,1.0
7422,2019-11-06 06:00:00,11,2019-11-06 07:00:00,0.10531,0.10531,0.10531,0.0,0.3906095661517642,302.55996191280775,-209.31944645782147,0.0,0.0,511.8794083706292,511.8794083706292,0.0,1.0
7423,2019-11-06 07:00:00,11,2019-11-06 08:00:00,0.10531,0.10531,0.10531,0.0,0.7115660507204238,323.7703110143839,-188.10909735624534,0.0,0.0,511.8794083706292,511.8794083706292,0.0,1.0
7424,2019-11-06 08:00:00,11,2019-11-06 09:00:00,0.10531,0.10531,0.10531,0.0,1.0,488.88527224957915,-0.0,0.0,0.0,488.88527224957915,488.88527224957915,0.0,1.0
7425,2019-11-06 09:00:00,11,2019-11-06 10:00:00,0.10531,0.10531,0.10531,0.0,1.0,552.7779693210542,-0.0,40.89856095042501,0.0,511.8794083706292,511.8794083706292,0.0,0.0
7426,2019-11-06 10:00:00,11,2019-11-06 11:00:00,0.10531,0.10531,0.10531,0.0,0.925908404075317,537.3856351488648,-0.0,25.5062267782356,0.0,511.8794083706292,511.8794083706292,0.0,0.0
7427,2019-11-06 11:00:00,11,2019-11-06 12:00:00,0.10531,0.10531,0.10531,0.0,0.8797014715060497,593.1792533621209,-0.0,81.29984499149168,0.0,511.8794083706292,511.8794083706292,0.0,0.0
7428,2019-11-06 12:00:00,11,2019-11-06 13:00:00,0.10531,0.10531,0.10531,0.0,0.7324191436229125,562.1618329638613,-0.0,50.28242459323212,0.0,511.8794083706292,511.8794083706292,0.0,0.0
7429,2019-11-06 13:00:00,11,2019-11-06 14:00:00,0.10531,0.10531,0.10531,0.0,0.6413277947221296,559.3290229995722,-0.0,47.44961462894298,0.0,511.8794083706292,511.8794083706292,0.0,0.0
7430,2019-11-06 14:00:00,11,2019-11-06 15:00:00,0.10531,0.10531,0.10531,0.0,0.5553683479305663,547.9792056780774,-0.0,36.09979730744817,0.0,511.8794083706292,511.8794083706292,0.0,0.0
7431,2019-11-06 15:00:00,11,2019-11-06 16:00:00,0.10531,0.10531,0.10531,0.0,0.4899701644025805,538.2865066832101,-0.0,26.407098312580843,0.0,511.8794083706292,511.8794083706292,0.0,0.0
7432,2019-11-06 16:00:00,11,2019-11-06 17:00:00,0.13592,0.13592,0.13592,0.0,0.442131218184137,537.5428085529576,-0.0,25.66340018232836,0.0,511.8794083706292,511.8794083706292,0.0,0.0
7433,2019-11-06 17:00:00,11,2019-11-06 18:00:00,0.13592,0.13592,0.13592,0.0,0.3956395511871653,562.5719175432057,-0.0,50.69250917257648,0.0,511.8794083706292,511.8794083706292,0.0,0.0
7434,2019-11-06 18:00:00,11,2019-11-06 19:00:00,0.13592,0.13592,0.13592,0.0,0.30380529543974416,550.9418503660005,-0.0,39.06244199537127,0.0,511.8794083706292,511.8794083706292,0.0,0.0
7435,2019-11-06 19:00:00,11,2019-11-06 20:00:00,0.13592,0.13592,0.13592,0.0,0.23304000196986863,520.6303242131182,-0.0,101.0380810873675,0.0,419.5922431257507,419.5922431257507,0.0,0.0
7436,2019-11-06 20:00:00,11,2019-11-06 21:00:00,0.13592,0.13592,0.13592,0.0,0.05,462.56835167075735,-0.0,0.0,0.0,462.56835167075735,462.56835167075735,0.0,1.0
7437,2019-11-06 21:00:00,11,2019-11-06 22:00:00,0.10531,0.10531,0.10531,0.0,0.05,330.9435710757904,-169.9252404155521,0.0,0.0,500.8688114913425,500.8688114913425,0.0,1.0
7438,2019-11-06 22:00:00,11,2019-11-06 23:00:00,0.10531,0.10531,0.10531,0.0,0.3105520353038466,226.93019579954517,-0.0,0.0,0.0,226.93019579954517,226.93019579954517,0.0,0.0
7439,2019-11-06 23:00:00,11,2019-11-07 00:00:00,0.10531,0.10531,0.10531,0.0,0.3105520353038466,294.34300693517554,-0.0,0.0,0.0,294.34300693517554,294.34300693517554,0.0,1.0
7440,2019-11-07 00:00:00,11,2019-11-07 01:00:00,0.10531,0.10531,0.10531,0.0,0.3105520353038466,236.09253413838354,-0.0,0.0,0.0,236.09253413838354,236.09253413838354,0.0,0.0
7441,2019-11-07 01:00:00,11,2019-11-07 02:00:00,0.10531,0.10531,0.10531,0.0,0.3105520353038466,214.78393828975095,-0.0,0.0,0.0,214.78393828975095,214.78393828975095,0.0,0.0
7442,2019-11-07 02:00:00,11,2019-11-07 03:00:00,0.10531,0.10531,0.10531,0.0,0.3105520353038466,209.08427914802277,-0.0,0.0,0.0,209.08427914802277,209.08427914802277,0.0,0.0
7443,2019-11-07 03:00:00,11,2019-11-07 04:00:00,0.10531,0.10531,0.10531,0.0,0.3105520353038466,204.6839048360515,-0.0,0.0,0.0,204.6839048360515,204.6839048360515,0.0,0.0
7444,2019-11-07 04:00:00,11,2019-11-07 05:00:00,0.10531,0.10531,0.10531,0.0,0.3105520353038466,247.58078008292105,-64.73705065340828,0.0,0.0,312.3178307363293,312.3178307363293,0.0,1.0
7445,2019-11-07 05:00:00,11,2019-11-07 06:00:00,0.10531,0.10531,0.10531,0.0,0.409815512972406,244.46410777981848,-0.0,0.0,0.0,244.46410777981848,244.46410777981848,0.0,0.0
7446,2019-11-07 06:00:00,11,2019-11-07 07:00:00,0.10531,0.10531,0.10531,0.0,0.409815512972406,320.4327185952884,-191.44668977534081,0.0,0.0,511.8794083706292,511.8794083706292,0.0,1.0
7447,2019-11-07 07:00:00,11,2019-11-07 08:00:00,0.10531,0.10531,0.10531,0.0,0.7033671039612619,318.42317182362615,-193.45623654700307,0.0,0.0,511.8794083706292,511.8794083706292,0.0,1.0
7448,2019-11-07 08:00:00,11,2019-11-07 09:00:00,0.10531,0.10531,0.10531,0.0,1.0,470.8056285125262,-0.0,0.0,0.0,470.8056285125262,470.8056285125262,0.0,0.0
7449,2019-11-07 09:00:00,11,2019-11-07 10:00:00,0.10531,0.10531,0.10531,0.0,1.0,542.5486966117487,-0.0,30.66928824111949,0.0,511.8794083706292,511.8794083706292,0.0,0.0
7450,2019-11-07 10:00:00,11,2019-11-07 11:00:00,0.10531,0.10531,0.10531,0.0,0.9444396952153632,535.0409245845058,-0.0,23.161516213876553,0.0,511.8794083706292,511.8794083706292,0.0,0.0
7451,2019-11-07 11:00:00,11,2019-11-07 12:00:00,0.10531,0.10531,0.10531,0.0,0.9024804267119636,601.8733274033565,-0.0,89.99391903272726,0.0,511.8794083706292,511.8794083706292,0.0,0.0
7452,2019-11-07 12:00:00,11,2019-11-07 13:00:00,0.10531,0.10531,0.10531,0.0,0.7394479646961534,580.3108257309505,-0.0,68.43141736032123,0.0,511.8794083706292,511.8794083706292,0.0,0.0
7453,2019-11-07 13:00:00,11,2019-11-07 14:00:00,0.10531,0.10531,0.10531,0.0,0.6154780057100643,575.9127226443717,-0.0,64.03331427374246,0.0,511.8794083706292,511.8794083706292,0.0,0.0
7454,2019-11-07 14:00:00,11,2019-11-07 15:00:00,0.10531,0.10531,0.10531,0.0,0.4994756247793714,556.6900995875378,-0.0,44.810691216908594,0.0,511.8794083706292,511.8794083706292,0.0,0.0
7455,2019-11-07 15:00:00,11,2019-11-07 16:00:00,0.10531,0.10531,0.10531,0.0,0.4182968363429428,548.6801767595368,-0.0,36.80076838890761,0.0,511.8794083706292,511.8794083706292,0.0,0.0
7456,2019-11-07 16:00:00,11,2019-11-07 17:00:00,0.13592,0.13592,0.13592,0.0,0.3516287776673855,551.9710217221526,-0.0,69.96933666229954,0.0,482.00168505985306,482.00168505985306,0.0,0.0
7457,2019-11-07 17:00:00,11,2019-11-07 18:00:00,0.13592,0.13592,0.13592,0.0,0.22487273298930666,565.5675782387092,-0.0,53.68816986807997,0.0,511.8794083706292,511.8794083706292,0.0,0.0
7458,2019-11-07 18:00:00,11,2019-11-07 19:00:00,0.13592,0.13592,0.13592,0.0,0.12761155569206034,554.7209871126465,-0.0,42.841578742017305,0.0,511.8794083706292,511.8794083706292,0.0,0.0
7459,2019-11-07 19:00:00,11,2019-11-07 20:00:00,0.13592,0.13592,0.13592,0.0,0.05,503.54071195195525,-0.0,0.0,0.0,503.54071195195525,503.54071195195525,0.0,1.0
7460,2019-11-07 20:00:00,11,2019-11-07 21:00:00,0.13592,0.13592,0.13592,0.0,0.05,443.59030023609506,-0.0,0.0,0.0,443.59030023609506,443.59030023609506,0.0,1.0
7461,2019-11-07 21:00:00,11,2019-11-07 22:00:00,0.10531,0.10531,0.10531,0.0,0.05,316.22699058347746,-0.0,0.0,0.0,316.22699058347746,316.22699058347746,0.0,1.0
7462,2019-11-07 22:00:00,11,2019-11-07 23:00:00,0.10531,0.10531,0.10531,0.0,0.05,221.87471549096026,-0.0,0.0,0.0,221.87471549096026,221.87471549096026,0.0,0.0
7463,2019-11-07 23:00:00,11,2019-11-08 00:00:00,0.10531,0.10531,0.10531,0.0,0.05,287.72037121840197,-0.0,0.0,0.0,287.72037121840197,287.72037121840197,0.0,1.0
7464,2019-11-08 00:00:00,11,2019-11-08 01:00:00,0.10531,0.10531,0.10531,0.0,0.05,228.8201692392548,-0.0,0.0,0.0,228.8201692392548,228.8201692392548,0.0,0.0
7465,2019-11-08 01:00:00,11,2019-11-08 02:00:00,0.10531,0.10531,0.10531,0.0,0.05,209.99586103952203,-0.0,0.0,0.0,209.99586103952203,209.99586103952203,0.0,0.0
7466,2019-11-08 02:00:00,11,2019-11-08 03:00:00,0.10531,0.10531,0.10531,0.0,0.05,205.46006249303946,-0.0,0.0,0.0,205.46006249303946,205.46006249303946,0.0,0.0
7467,2019-11-08 03:00:00,11,2019-11-08 04:00:00,0.10531,0.10531,0.10531,0.0,0.05,200.752184450896,-0.0,0.0,0.0,200.752184450896,200.752184450896,0.0,0.0
7468,2019-11-08 04:00:00,11,2019-11-08 05:00:00,0.10531,0.10531,0.10531,0.0,0.05,210.15047863357793,-178.10051550225836,0.0,0.0,388.2509941358363,388.2509941358363,0.0,1.0
7469,2019-11-08 05:00:00,11,2019-11-08 06:00:00,0.10531,0.10531,0.10531,0.0,0.3230874571034628,206.2336229848246,-0.0,0.0,0.0,206.2336229848246,206.2336229848246,0.0,0.0
7470,2019-11-08 06:00:00,11,2019-11-08 07:00:00,0.10531,0.10531,0.10531,0.0,0.3230874571034628,283.59588210286324,-228.28352626776598,0.0,0.0,511.8794083706292,511.8794083706292,0.0,1.0
7471,2019-11-08 07:00:00,11,2019-11-08 08:00:00,0.10531,0.10531,0.10531,0.0,0.673122197380704,298.69823274934924,-213.18117562127998,0.0,0.0,511.8794083706292,511.8794083706292,0.0,1.0
7472,2019-11-08 08:00:00,11,2019-11-08 09:00:00,0.10531,0.10531,0.10531,0.0,1.0,471.78425541126984,-0.0,0.0,0.0,471.78425541126984,471.78425541126984,0.0,0.0
7473,2019-11-08 09:00:00,11,2019-11-08 10:00:00,0.10531,0.10531,0.10531,0.0,1.0,544.3508529932236,-0.0,32.47144462259439,0.0,511.8794083706292,511.8794083706292,0.0,0.0
7474,2019-11-08 10:00:00,11,2019-11-08 11:00:00,0.10531,0.10531,0.10531,0.0,0.9411749191619666,532.7131913426414,-0.0,20.83378297201216,0.0,511.8794083706292,511.8794083706292,0.0,0.0
7475,2019-11-08 11:00:00,11,2019-11-08 12:00:00,0.10531,0.10531,0.10531,0.0,0.9034325587054229,591.080808371303,-0.0,79.20140000067374,0.0,511.8794083706292,511.8794083706292,0.0,0.0
7476,2019-11-08 12:00:00,11,2019-11-08 13:00:00,0.10531,0.10531,0.10531,0.0,0.7599517616027531,564.6678776305454,-0.0,52.788469259916155,0.0,511.8794083706292,511.8794083706292,0.0,0.0
7477,2019-11-08 13:00:00,11,2019-11-08 14:00:00,0.10531,0.10531,0.10531,0.0,0.6643204767116007,558.850579765958,-0.0,46.971171395328724,0.0,511.8794083706292,511.8794083706292,0.0,0.0
7478,2019-11-08 14:00:00,11,2019-11-08 15:00:00,0.10531,0.10531,0.10531,0.0,0.5792277749084689,546.6290278682268,-0.0,34.749619497597564,0.0,511.8794083706292,511.8794083706292,0.0,0.0
7479,2019-11-08 15:00:00,11,2019-11-08 16:00:00,0.10531,0.10531,0.10531,0.0,0.5162755656736906,536.9945269974951,-0.0,25.115118626865865,0.0,511.8794083706292,511.8794083706292,0.0,0.0
7480,2019-11-08 16:00:00,11,2019-11-08 17:00:00,0.13592,0.13592,0.13592,0.0,0.47077716236415107,543.4085123326486,-0.0,31.52910396201935,0.0,511.8794083706292,511.8794083706292,0.0,0.0
7481,2019-11-08 17:00:00,11,2019-11-08 18:00:00,0.13592,0.13592,0.13592,0.0,0.413659220403971,561.0163372318847,-0.0,49.136928861255456,0.0,511.8794083706292,511.8794083706292,0.0,0.0
7482,2019-11-08 18:00:00,11,2019-11-08 19:00:00,0.13592,0.13592,0.13592,0.0,0.3246430449306822,551.0063552936793,-0.0,39.12694692305013,0.0,511.8794083706292,511.8794083706292,0.0,0.0
7483,2019-11-08 19:00:00,11,2019-11-08 20:00:00,0.13592,0.13592,0.13592,0.0,0.2537608947077653,527.6804174490334,-0.0,112.47601387868644,0.0,415.2044035703469,415.2044035703469,0.0,0.0
7484,2019-11-08 20:00:00,11,2019-11-08 21:00:00,0.13592,0.13592,0.13592,0.0,0.05,479.2493210368721,-0.0,0.0,0.0,479.2493210368721,479.2493210368721,0.0,1.0
7485,2019-11-08 21:00:00,11,2019-11-08 22:00:00,0.10531,0.10531,0.10531,0.0,0.05,344.15463556403995,-155.64621334140298,0.0,0.0,499.80084890544293,499.80084890544293,0.0,1.0
7486,2019-11-08 22:00:00,11,2019-11-08 23:00:00,0.10531,0.10531,0.10531,0.0,0.2886575271234846,236.80559196727043,-0.0,0.0,0.0,236.80559196727043,236.80559196727043,0.0,0.0
7487,2019-11-08 23:00:00,11,2019-11-09 00:00:00,0.10531,0.10531,0.10531,0.0,0.2886575271234846,300.10439714275344,-0.0,0.0,0.0,300.10439714275344,300.10439714275344,0.0,0.0
7488,2019-11-09 00:00:00,11,2019-11-09 01:00:00,0.10531,0.10531,0.10531,0.0,0.2886575271234846,243.3041258894406,-0.0,0.0,0.0,243.3041258894406,243.3041258894406,0.0,0.0
7489,2019-11-09 01:00:00,11,2019-11-09 02:00:00,0.10531,0.10531,0.10531,0.0,0.2886575271234846,221.77661409653277,-0.0,0.0,0.0,221.77661409653277,221.77661409653277,0.0,0.0
7490,2019-11-09 02:00:00,11,2019-11-09 03:00:00,0.10531,0.10531,0.10531,0.0,0.2886575271234846,215.89777397121765,-0.0,0.0,0.0,215.89777397121765,215.89777397121765,0.0,0.0
7491,2019-11-09 03:00:00,11,2019-11-09 04:00:00,0.10531,0.10531,0.10531,0.0,0.2886575271234846,210.29574866354386,-0.0,0.0,0.0,210.29574866354386,210.29574866354386,0.0,0.0
7492,2019-11-09 04:00:00,11,2019-11-09 05:00:00,0.10531,0.10531,0.10531,0.0,0.2886575271234846,218.54433254647466,-0.0,0.0,0.0,218.54433254647466,218.54433254647466,0.0,0.0
7493,2019-11-09 05:00:00,11,2019-11-09 06:00:00,0.10531,0.10531,0.10531,0.0,0.2886575271234846,213.5208997174655,-33.55586337999866,0.0,0.0,247.07676309746418,247.07676309746418,0.0,1.0
7494,2019-11-09 06:00:00,11,2019-11-09 07:00:00,0.10531,0.10531,0.10531,0.0,0.3401098509728159,289.3682136228192,-222.51119474781,0.0,0.0,511.8794083706292,511.8794083706292,0.0,1.0
7495,2019-11-09 07:00:00,11,2019-11-09 08:00:00,0.10531,0.10531,0.10531,0.0,0.6812936829194579,304.0274624485366,-207.85194592209263,0.0,0.0,511.8794083706292,511.8794083706292,0.0,1.0
7496,2019-11-09 08:00:00,11,2019-11-09 09:00:00,0.10531,0.10531,0.10531,0.0,1.0,471.6129809285531,-0.0,0.0,0.0,471.6129809285531,471.6129809285531,0.0,0.0
7497,2019-11-09 09:00:00,11,2019-11-09 10:00:00,0.10531,0.10531,0.10531,0.0,1.0,542.9023462361397,-0.0,31.02293786551047,0.0,511.8794083706292,511.8794083706292,0.0,0.0
7498,2019-11-09 10:00:00,11,2019-11-09 11:00:00,0.10531,0.10531,0.10531,0.0,0.9437990256059593,533.4672444103,-0.0,21.587836039670833,0.0,511.8794083706292,511.8794083706292,0.0,0.0
7499,2019-11-09 11:00:00,11,2019-11-09 12:00:00,0.10531,0.10531,0.10531,0.0,0.9046906269833672,591.0075894376114,-0.0,79.12818106698217,0.0,511.8794083706292,511.8794083706292,0.0,0.0
7500,2019-11-09 12:00:00,11,2019-11-09 13:00:00,0.10531,0.10531,0.10531,0.0,0.7613424728765155,568.4246644974075,-0.0,56.54525612677833,0.0,511.8794083706292,511.8794083706292,0.0,0.0
7501,2019-11-09 13:00:00,11,2019-11-09 14:00:00,0.10531,0.10531,0.10531,0.0,0.6589054146758301,566.8310711397419,-0.0,54.95166276911266,0.0,511.8794083706292,511.8794083706292,0.0,0.0
7502,2019-11-09 14:00:00,11,2019-11-09 15:00:00,0.10531,0.10531,0.10531,0.0,0.5593553009636694,562.5161396122128,-0.0,50.63673124158356,0.0,511.8794083706292,511.8794083706292,0.0,0.0
7503,2019-11-09 15:00:00,11,2019-11-09 16:00:00,0.10531,0.10531,0.10531,0.0,0.4676220921926847,558.9314446039615,-0.0,47.052036233332274,0.0,511.8794083706292,511.8794083706292,0.0,0.0
7504,2019-11-09 16:00:00,11,2019-11-09 17:00:00,0.13592,0.13592,0.13592,0.0,0.3823828961178074,559.7502447214334,-0.0,63.19581561113319,0.0,496.55442911030025,496.55442911030025,0.0,0.0
7505,2019-11-09 17:00:00,11,2019-11-09 18:00:00,0.13592,0.13592,0.13592,0.0,0.26789772290923275,574.5625094352484,-0.0,62.68310106461922,0.0,511.8794083706292,511.8794083706292,0.0,0.0
7506,2019-11-09 18:00:00,11,2019-11-09 19:00:00,0.13592,0.13592,0.13592,0.0,0.15434138040086462,558.549090097398,-0.0,46.66968172676877,0.0,511.8794083706292,511.8794083706292,0.0,0.0
7507,2019-11-09 19:00:00,11,2019-11-09 20:00:00,0.13592,0.13592,0.13592,0.0,0.0697948555335299,522.8061686251377,-0.0,10.926760254508508,0.0,511.8794083706292,511.8794083706292,0.0,0.0
7508,2019-11-09 20:00:00,11,2019-11-09 21:00:00,0.13592,0.13592,0.13592,0.0,0.05,461.2908273783555,-0.0,0.0,0.0,461.2908273783555,461.2908273783555,0.0,1.0
7509,2019-11-09 21:00:00,11,2019-11-09 22:00:00,0.10531,0.10531,0.10531,0.0,0.05,327.4144072193636,-33.30444053918673,0.0,0.0,360.71884775855034,360.71884775855034,0.0,1.0
7510,2019-11-09 22:00:00,11,2019-11-09 23:00:00,0.10531,0.10531,0.10531,0.0,0.101066808826753,222.3574758094067,-0.0,0.0,0.0,222.3574758094067,222.3574758094067,0.0,0.0
7511,2019-11-09 23:00:00,11,2019-11-10 00:00:00,0.10531,0.10531,0.10531,0.0,0.101066808826753,288.044684255386,-0.0,0.0,0.0,288.044684255386,288.044684255386,0.0,1.0
7512,2019-11-10 00:00:00,11,2019-11-10 01:00:00,0.10531,0.10531,0.10531,0.0,0.101066808826753,229.30487519453428,-0.0,0.0,0.0,229.30487519453428,229.30487519453428,0.0,0.0
7513,2019-11-10 01:00:00,11,2019-11-10 02:00:00,0.10531,0.10531,0.10531,0.0,0.101066808826753,210.93806534995892,-0.0,0.0,0.0,210.93806534995892,210.93806534995892,0.0,0.0
7514,2019-11-10 02:00:00,11,2019-11-10 03:00:00,0.10531,0.10531,0.10531,0.0,0.101066808826753,206.7508656574856,-0.0,0.0,0.0,206.7508656574856,206.7508656574856,0.0,0.0
7515,2019-11-10 03:00:00,11,2019-11-10 04:00:00,0.10531,0.10531,0.10531,0.0,0.101066808826753,202.30698700683746,-0.0,0.0,0.0,202.30698700683746,202.30698700683746,0.0,0.0
7516,2019-11-10 04:00:00,11,2019-11-10 05:00:00,0.10531,0.10531,0.10531,0.0,0.101066808826753,244.80656627582817,-146.4536561439283,0.0,0.0,391.2602224197565,391.2602224197565,0.0,1.0
7517,2019-11-10 05:00:00,11,2019-11-10 06:00:00,0.10531,0.10531,0.10531,0.0,0.3256290815807764,242.21807179477665,-0.0,0.0,0.0,242.21807179477665,242.21807179477665,0.0,0.0
7518,2019-11-10 06:00:00,11,2019-11-10 07:00:00,0.10531,0.10531,0.10531,0.0,0.3256290815807764,320.7003380623887,-199.79288689608734,0.0,0.0,520.493224958476,520.493224958476,0.0,1.0
7519,2019-11-10 07:00:00,11,2019-11-10 08:00:00,0.10531,0.10531,0.10531,0.0,0.6319781748214437,323.0166310640324,-197.4765938944436,0.0,0.0,520.493224958476,520.493224958476,0.0,1.0
7520,2019-11-10 08:00:00,11,2019-11-10 09:00:00,0.10531,0.10531,0.10531,0.0,0.9347756187929239,477.9555850408177,-42.53763991765834,0.0,0.0,520.493224958476,520.493224958476,0.0,1.0
7521,2019-11-10 09:00:00,11,2019-11-10 10:00:00,0.10531,0.10531,0.10531,0.0,1.0,555.3655642883502,-0.0,34.872339329874194,0.0,520.493224958476,520.493224958476,0.0,0.0
7522,2019-11-10 10:00:00,11,2019-11-10 11:00:00,0.10531,0.10531,0.10531,0.0,0.9368254722284888,553.2602422586923,-0.0,32.76701730021628,0.0,520.493224958476,520.493224958476,0.0,0.0
7523,2019-11-10 11:00:00,11,2019-11-10 12:00:00,0.10531,0.10531,0.10531,0.0,0.8774649336411403,615.0547517495163,-0.0,94.56152679104028,0.0,520.493224958476,520.493224958476,0.0,0.0
7524,2019-11-10 12:00:00,11,2019-11-10 13:00:00,0.10531,0.10531,0.10531,0.0,0.7061578198892559,592.8054788378718,-0.0,72.31225387939571,0.0,520.493224958476,520.493224958476,0.0,0.0
7525,2019-11-10 13:00:00,11,2019-11-10 14:00:00,0.10531,0.10531,0.10531,0.0,0.5751573599628143,585.9492859362896,-0.0,65.45606097781354,0.0,520.493224958476,520.493224958476,0.0,0.0
7526,2019-11-10 14:00:00,11,2019-11-10 15:00:00,0.10531,0.10531,0.10531,0.0,0.4565775393508333,574.4559587670286,-0.0,53.96273380855257,0.0,520.493224958476,520.493224958476,0.0,0.0
7527,2019-11-10 15:00:00,11,2019-11-10 16:00:00,0.10531,0.10531,0.10531,0.0,0.35881896361070176,565.0067494877047,-0.0,44.51352452922866,0.0,520.493224958476,520.493224958476,0.0,0.0
7528,2019-11-10 16:00:00,11,2019-11-10 17:00:00,0.13592,0.13592,0.13592,0.0,0.278178520622969,563.6888862929457,-0.0,43.195661334469605,0.0,520.493224958476,520.493224958476,0.0,0.0
7529,2019-11-10 17:00:00,11,2019-11-10 18:00:00,0.13592,0.13592,0.13592,0.0,0.19992551095907454,573.1735044518663,-0.0,52.68027949339023,0.0,520.493224958476,520.493224958476,0.0,0.0
7530,2019-11-10 18:00:00,11,2019-11-10 19:00:00,0.13592,0.13592,0.13592,0.0,0.10449022202177347,550.571827514495,-0.0,30.078602556018954,0.0,520.493224958476,520.493224958476,0.0,0.0
7531,2019-11-10 19:00:00,11,2019-11-10 20:00:00,0.13592,0.13592,0.13592,0.0,0.05,502.8418144303546,-0.0,0.0,0.0,502.8418144303546,502.8418144303546,0.0,1.0
7532,2019-11-10 20:00:00,11,2019-11-10 21:00:00,0.13592,0.13592,0.13592,0.0,0.05,443.6133248498617,-0.0,0.0,0.0,443.6133248498617,443.6133248498617,0.0,1.0
7533,2019-11-10 21:00:00,11,2019-11-10 22:00:00,0.10531,0.10531,0.10531,0.0,0.05,316.00696486099565,-0.0,0.0,0.0,316.00696486099565,316.00696486099565,0.0,1.0
7534,2019-11-10 22:00:00,11,2019-11-10 23:00:00,0.10531,0.10531,0.10531,0.0,0.05,220.27154783272988,-0.0,0.0,0.0,220.27154783272988,220.27154783272988,0.0,0.0
7535,2019-11-10 23:00:00,11,2019-11-11 00:00:00,0.10531,0.10531,0.10531,0.0,0.05,285.7177827614123,-0.0,0.0,0.0,285.7177827614123,285.7177827614123,0.0,1.0
7536,2019-11-11 00:00:00,11,2019-11-11 01:00:00,0.10531,0.10531,0.10531,0.0,0.05,222.77643735978756,-0.0,0.0,0.0,222.77643735978756,222.77643735978756,0.0,0.0
7537,2019-11-11 01:00:00,11,2019-11-11 02:00:00,0.10531,0.10531,0.10531,0.0,0.05,204.09618918422214,-0.0,0.0,0.0,204.09618918422214,204.09618918422214,0.0,0.0
7538,2019-11-11 02:00:00,11,2019-11-11 03:00:00,0.10531,0.10531,0.10531,0.0,0.05,200.15097226158514,-0.0,0.0,0.0,200.15097226158514,200.15097226158514,0.0,0.0
7539,2019-11-11 03:00:00,11,2019-11-11 04:00:00,0.10531,0.10531,0.10531,0.0,0.05,196.46558303521383,-0.0,0.0,0.0,196.46558303521383,196.46558303521383,0.0,1.0
7540,2019-11-11 04:00:00,11,2019-11-11 05:00:00,0.10531,0.10531,0.10531,0.0,0.05,207.05669091479785,-0.0,0.0,0.0,207.05669091479785,207.05669091479785,0.0,0.0
7541,2019-11-11 05:00:00,11,2019-11-11 06:00:00,0.10531,0.10531,0.10531,0.0,0.05,204.06650038236126,-0.0,0.0,0.0,204.06650038236126,204.06650038236126,0.0,0.0
7542,2019-11-11 06:00:00,11,2019-11-11 07:00:00,0.10531,0.10531,0.10531,0.0,0.05,257.295266821194,-0.0,0.0,0.0,257.295266821194,257.295266821194,0.0,1.0
7543,2019-11-11 07:00:00,11,2019-11-11 08:00:00,0.10531,0.10531,0.10531,0.0,0.05,275.5418362438503,-240.9089715709904,0.0,0.0,516.4508078148407,516.4508078148407,0.0,1.0
7544,2019-11-11 08:00:00,11,2019-11-11 09:00:00,0.10531,0.10531,0.10531,0.0,0.41939375640885196,365.5512126863924,-150.8995951284483,0.0,0.0,516.4508078148407,516.4508078148407,0.0,1.0
7545,2019-11-11 09:00:00,11,2019-11-11 10:00:00,0.10531,0.10531,0.10531,0.0,0.650773135605806,332.18693127508294,-184.26387653975775,0.0,0.0,516.4508078148407,516.4508078148407,0.0,1.0
7546,2019-11-11 10:00:00,11,2019-11-11 11:00:00,0.10531,0.10531,0.10531,0.0,0.9333110796334345,413.0124171292396,0.0,0.0,0.0,413.0124171292396,413.0124171292396,0.0,0.0
7547,2019-11-11 11:00:00,11,2019-11-11 12:00:00,0.10531,0.10531,0.10531,0.0,0.9333110796334345,477.34766341727624,-39.10314439756459,0.0,0.0,516.4508078148408,516.4508078148408,0.0,1.0
7548,2019-11-11 12:00:00,11,2019-11-11 13:00:00,0.10531,0.10531,0.10531,0.0,0.9932692343763669,512.0611780602974,-0.0,0.0,0.0,512.0611780602974,512.0611780602974,0.0,0.0
7549,2019-11-11 13:00:00,11,2019-11-11 14:00:00,0.10531,0.10531,0.10531,0.0,0.9932692343763669,506.65734840503745,-0.0,0.0,0.0,506.65734840503745,506.65734840503745,0.0,1.0
7550,2019-11-11 14:00:00,11,2019-11-11 15:00:00,0.10531,0.10531,0.10531,0.0,0.9932692343763669,496.22248251760203,-0.0,0.0,0.0,496.22248251760203,496.22248251760203,0.0,1.0
7551,2019-11-11 15:00:00,11,2019-11-11 16:00:00,0.10531,0.10531,0.10531,0.0,0.9932692343763669,482.6711042407128,-4.389629754543332,0.0,0.0,487.0607339952561,487.0607339952561,0.0,1.0
7552,2019-11-11 16:00:00,11,2019-11-11 17:00:00,0.13592,0.13592,0.13592,0.0,1.0,485.43174421104163,-0.0,224.39999999999998,0.0,261.03174421104166,261.03174421104166,0.0,0.0
7553,2019-11-11 17:00:00,11,2019-11-11 18:00:00,0.13592,0.13592,0.13592,0.0,0.5934782608695653,434.4174583460516,-0.0,0.0,0.0,434.4174583460516,434.4174583460516,0.0,1.0
7554,2019-11-11 18:00:00,11,2019-11-11 19:00:00,0.13592,0.13592,0.13592,0.0,0.5934782608695653,430.8018189167593,-0.0,300.00000000000006,0.0,130.80181891675926,130.80181891675926,0.0,0.0
7555,2019-11-11 19:00:00,11,2019-11-11 20:00:00,0.13592,0.13592,0.13592,0.0,0.05,390.8933548170287,-0.0,0.0,0.0,390.8933548170287,390.8933548170287,0.0,0.0
7556,2019-11-11 20:00:00,11,2019-11-11 21:00:00,0.13592,0.13592,0.13592,0.0,0.05,360.24194855294735,-0.0,0.0,0.0,360.24194855294735,360.24194855294735,0.0,1.0
7557,2019-11-11 21:00:00,11,2019-11-11 22:00:00,0.10531,0.10531,0.10531,0.0,0.05,318.2599502890815,-0.0,0.0,0.0,318.2599502890815,318.2599502890815,0.0,1.0
7558,2019-11-11 22:00:00,11,2019-11-11 23:00:00,0.10531,0.10531,0.10531,0.0,0.05,208.8393613890131,-0.0,0.0,0.0,208.8393613890131,208.8393613890131,0.0,0.0
7559,2019-11-11 23:00:00,11,2019-11-12 00:00:00,0.10531,0.10531,0.10531,0.0,0.05,276.66234693779506,-0.0,0.0,0.0,276.66234693779506,276.66234693779506,0.0,1.0
7560,2019-11-12 00:00:00,11,2019-11-12 01:00:00,0.10531,0.10531,0.10531,0.0,0.05,217.2853914805031,-0.0,0.0,0.0,217.2853914805031,217.2853914805031,0.0,0.0
7561,2019-11-12 01:00:00,11,2019-11-12 02:00:00,0.10531,0.10531,0.10531,0.0,0.05,199.56392667237216,-0.0,0.0,0.0,199.56392667237216,199.56392667237216,0.0,0.0
7562,2019-11-12 02:00:00,11,2019-11-12 03:00:00,0.10531,0.10531,0.10531,0.0,0.05,196.04965115407836,-0.0,0.0,0.0,196.04965115407836,196.04965115407836,0.0,0.0
7563,2019-11-12 03:00:00,11,2019-11-12 04:00:00,0.10531,0.10531,0.10531,0.0,0.05,192.79521561315934,-0.0,0.0,0.0,192.79521561315934,192.79521561315934,0.0,0.0
7564,2019-11-12 04:00:00,11,2019-11-12 05:00:00,0.10531,0.10531,0.10531,0.0,0.05,203.62992796968777,-0.0,0.0,0.0,203.62992796968777,203.62992796968777,0.0,0.0
7565,2019-11-12 05:00:00,11,2019-11-12 06:00:00,0.10531,0.10531,0.10531,0.0,0.05,200.55320619247578,-0.0,0.0,0.0,200.55320619247578,200.55320619247578,0.0,0.0
7566,2019-11-12 06:00:00,11,2019-11-12 07:00:00,0.10531,0.10531,0.10531,0.0,0.05,254.50308570427265,-186.9065794541879,0.0,0.0,441.4096651584605,441.4096651584605,0.0,1.0
7567,2019-11-12 07:00:00,11,2019-11-12 08:00:00,0.10531,0.10531,0.10531,0.0,0.3365900884964214,271.0819767706184,-0.0,0.0,0.0,271.0819767706184,271.0819767706184,0.0,1.0
7568,2019-11-12 08:00:00,11,2019-11-12 09:00:00,0.10531,0.10531,0.10531,0.0,0.3365900884964214,358.29562028959174,-162.1976046688843,0.0,0.0,520.493224958476,520.493224958476,0.0,1.0
7569,2019-11-12 09:00:00,11,2019-11-12 10:00:00,0.10531,0.10531,0.10531,0.0,0.585293082322044,321.1799692675094,-199.31325569096663,0.0,0.0,520.493224958476,520.493224958476,0.0,1.0
7570,2019-11-12 10:00:00,11,2019-11-12 11:00:00,0.10531,0.10531,0.10531,0.0,0.890906741048193,395.19173885880105,-0.0,0.0,0.0,395.19173885880105,395.19173885880105,0.0,0.0
7571,2019-11-12 11:00:00,11,2019-11-12 12:00:00,0.10531,0.10531,0.10531,0.0,0.890906741048193,457.00370510772115,-0.0,0.0,0.0,457.00370510772115,457.00370510772115,0.0,0.0
7572,2019-11-12 12:00:00,11,2019-11-12 13:00:00,0.10531,0.10531,0.10531,0.0,0.890906741048193,493.98261440610986,-26.510610552366106,0.0,0.0,520.4932249584759,520.4932249584759,0.0,1.0
7573,2019-11-12 13:00:00,11,2019-11-12 14:00:00,0.10531,0.10531,0.10531,0.0,0.9315563438951544,498.1572019299425,-0.0,0.0,0.0,498.1572019299425,498.1572019299425,0.0,0.0
7574,2019-11-12 14:00:00,11,2019-11-12 15:00:00,0.10531,0.10531,0.10531,0.0,0.9315563438951544,488.59527670116773,-0.0,0.0,0.0,488.59527670116773,488.59527670116773,0.0,0.0
7575,2019-11-12 15:00:00,11,2019-11-12 16:00:00,0.10531,0.10531,0.10531,0.0,0.9315563438951544,475.8560579335767,-44.63716702489933,0.0,0.0,520.493224958476,520.493224958476,0.0,1.0
7576,2019-11-12 16:00:00,11,2019-11-12 17:00:00,0.13592,0.13592,0.13592,0.0,1.0,477.7663112784212,-0.0,224.4,0.0,253.3663112784212,253.3663112784212,0.0,0.0
7577,2019-11-12 17:00:00,11,2019-11-12 18:00:00,0.13592,0.13592,0.13592,0.0,0.5934782608695652,436.737307724135,-0.0,300.0,0.0,136.737307724135,136.737307724135,0.0,0.0
7578,2019-11-12 18:00:00,11,2019-11-12 19:00:00,0.13592,0.13592,0.13592,0.0,0.05,442.0812335075943,-0.0,0.0,0.0,442.0812335075943,442.0812335075943,0.0,1.0
7579,2019-11-12 19:00:00,11,2019-11-12 20:00:00,0.13592,0.13592,0.13592,0.0,0.05,405.70915339897925,-0.0,0.0,0.0,405.70915339897925,405.70915339897925,0.0,1.0
7580,2019-11-12 20:00:00,11,2019-11-12 21:00:00,0.13592,0.13592,0.13592,0.0,0.05,381.36735415229066,-0.0,0.0,0.0,381.36735415229066,381.36735415229066,0.0,0.0
7581,2019-11-12 21:00:00,11,2019-11-12 22:00:00,0.10531,0.10531,0.10531,0.0,0.05,343.0050592111317,-0.0,0.0,0.0,343.0050592111317,343.0050592111317,0.0,0.0
7582,2019-11-12 22:00:00,11,2019-11-12 23:00:00,0.10531,0.10531,0.10531,0.0,0.05,234.16735122611706,-0.0,0.0,0.0,234.16735122611706,234.16735122611706,0.0,0.0
7583,2019-11-12 23:00:00,11,2019-11-13 00:00:00,0.10531,0.10531,0.10531,0.0,0.05,299.41942792423987,-137.59318151071662,0.0,0.0,437.0126094349565,437.0126094349565,0.0,1.0
7584,2019-11-13 00:00:00,11,2019-11-13 01:00:00,0.10531,0.10531,0.10531,0.0,0.2609762116497655,249.94595283727418,-0.0,0.0,0.0,249.94595283727418,249.94595283727418,0.0,0.0
7585,2019-11-13 01:00:00,11,2019-11-13 02:00:00,0.10531,0.10531,0.10531,0.0,0.2609762116497655,231.67040341433335,-0.0,0.0,0.0,231.67040341433335,231.67040341433335,0.0,0.0
7586,2019-11-13 02:00:00,11,2019-11-13 03:00:00,0.10531,0.10531,0.10531,0.0,0.2609762116497655,228.9261831459064,-0.0,0.0,0.0,228.9261831459064,228.9261831459064,0.0,0.0
7587,2019-11-13 03:00:00,11,2019-11-13 04:00:00,0.10531,0.10531,0.10531,0.0,0.2609762116497655,226.76125455097846,-0.0,0.0,0.0,226.76125455097846,226.76125455097846,0.0,0.0
7588,2019-11-13 04:00:00,11,2019-11-13 05:00:00,0.10531,0.10531,0.10531,0.0,0.2609762116497655,238.74643771167175,-84.02386536019185,0.0,0.0,322.7703030718636,322.7703030718636,0.0,1.0
7589,2019-11-13 05:00:00,11,2019-11-13 06:00:00,0.10531,0.10531,0.10531,0.0,0.3898128052020597,235.47969705102435,-0.0,0.0,0.0,235.47969705102435,235.47969705102435,0.0,0.0
7590,2019-11-13 06:00:00,11,2019-11-13 07:00:00,0.10531,0.10531,0.10531,0.0,0.3898128052020597,312.59358232289793,-207.89964263557812,0.0,0.0,520.493224958476,520.493224958476,0.0,1.0
7591,2019-11-13 07:00:00,11,2019-11-13 08:00:00,0.10531,0.10531,0.10531,0.0,0.7085922572432795,330.4446970736583,-190.04852788481776,0.0,0.0,520.493224958476,520.493224958476,0.0,1.0
7592,2019-11-13 08:00:00,11,2019-11-13 09:00:00,0.10531,0.10531,0.10531,0.0,1.0,486.27291674775944,-0.0,0.0,0.0,486.27291674775944,486.27291674775944,0.0,0.0
7593,2019-11-13 09:00:00,11,2019-11-13 10:00:00,0.10531,0.10531,0.10531,0.0,1.0,546.9315471525283,-0.0,26.43832219405226,0.0,520.493224958476,520.493224958476,0.0,0.0
7594,2019-11-13 10:00:00,11,2019-11-13 11:00:00,0.10531,0.10531,0.10531,0.0,0.9521044887788909,538.6846384952048,-0.0,18.19141353672876,0.0,520.493224958476,520.493224958476,0.0,0.0
7595,2019-11-13 11:00:00,11,2019-11-13 12:00:00,0.10531,0.10531,0.10531,0.0,0.9191490294732227,592.3223580583656,-0.0,71.82913309988953,0.0,520.493224958476,520.493224958476,0.0,0.0
7596,2019-11-13 12:00:00,11,2019-11-13 13:00:00,0.10531,0.10531,0.10531,0.0,0.7890237883502345,565.2620251960291,-0.0,44.76880023755302,0.0,520.493224958476,520.493224958476,0.0,0.0
7597,2019-11-13 13:00:00,11,2019-11-13 14:00:00,0.10531,0.10531,0.10531,0.0,0.7079208893691601,569.2254738848657,-0.0,48.732248926389616,0.0,520.493224958476,520.493224958476,0.0,0.0
7598,2019-11-13 14:00:00,11,2019-11-13 15:00:00,0.10531,0.10531,0.10531,0.0,0.6196378297199036,558.7831870452972,-0.0,38.289962086821106,0.0,520.493224958476,520.493224958476,0.0,0.0
7599,2019-11-13 15:00:00,11,2019-11-13 16:00:00,0.10531,0.10531,0.10531,0.0,0.5502719563742132,552.5341547535188,-0.0,32.04092979504276,0.0,520.493224958476,520.493224958476,0.0,0.0
7600,2019-11-13 16:00:00,11,2019-11-13 17:00:00,0.13592,0.13592,0.13592,0.0,0.4922267937020343,559.4632154251829,-0.0,38.969990466706804,0.0,520.493224958476,520.493224958476,0.0,0.0
7601,2019-11-13 17:00:00,11,2019-11-13 18:00:00,0.13592,0.13592,0.13592,0.0,0.4216289848855365,578.8126019542036,-0.0,141.74149614679393,0.0,437.0711058074097,437.0711058074097,0.0,0.0
7602,2019-11-13 18:00:00,11,2019-11-13 19:00:00,0.13592,0.13592,0.13592,0.0,0.16485091215583733,567.1651064741678,-0.0,46.67188151569178,0.0,520.493224958476,520.493224958476,0.0,0.0
7603,2019-11-13 19:00:00,11,2019-11-13 20:00:00,0.13592,0.13592,0.13592,0.0,0.08030040216364208,537.2190469528065,-0.0,16.72582199433043,0.0,520.493224958476,520.493224958476,0.0,0.0
7604,2019-11-13 20:00:00,11,2019-11-13 21:00:00,0.13592,0.13592,0.13592,0.0,0.05,482.1853167423115,-0.0,0.0,0.0,482.1853167423115,482.1853167423115,0.0,1.0
7605,2019-11-13 21:00:00,11,2019-11-13 22:00:00,0.10531,0.10531,0.10531,0.0,0.05,346.90109424550457,-62.18857786515005,0.0,0.0,409.0896721106546,409.0896721106546,0.0,1.0
7606,2019-11-13 22:00:00,11,2019-11-13 23:00:00,0.10531,0.10531,0.10531,0.0,0.14535581939323008,239.6211231440235,-0.0,0.0,0.0,239.6211231440235,239.6211231440235,0.0,0.0
7607,2019-11-13 23:00:00,11,2019-11-14 00:00:00,0.10531,0.10531,0.10531,0.0,0.14535581939323008,301.6828736629099,-0.0,0.0,0.0,301.6828736629099,301.6828736629099,0.0,0.0
7608,2019-11-14 00:00:00,11,2019-11-14 01:00:00,0.10531,0.10531,0.10531,0.0,0.14535581939323008,243.80326959863513,-0.0,0.0,0.0,243.80326959863513,243.80326959863513,0.0,0.0
7609,2019-11-14 01:00:00,11,2019-11-14 02:00:00,0.10531,0.10531,0.10531,0.0,0.14535581939323008,222.29522370415148,-0.0,0.0,0.0,222.29522370415148,222.29522370415148,0.0,0.0
7610,2019-11-14 02:00:00,11,2019-11-14 03:00:00,0.10531,0.10531,0.10531,0.0,0.14535581939323008,215.73201612510883,-0.0,0.0,0.0,215.73201612510883,215.73201612510883,0.0,0.0
7611,2019-11-14 03:00:00,11,2019-11-14 04:00:00,0.10531,0.10531,0.10531,0.0,0.14535581939323008,210.43403639781377,-0.0,0.0,0.0,210.43403639781377,210.43403639781377,0.0,0.0
7612,2019-11-14 04:00:00,11,2019-11-14 05:00:00,0.10531,0.10531,0.10531,0.0,0.14535581939323008,252.40342338103275,-149.27343416124793,0.0,0.0,401.6768575422807,401.6768575422807,0.0,1.0
7613,2019-11-14 05:00:00,11,2019-11-14 06:00:00,0.10531,0.10531,0.10531,0.0,0.37424175177381025,249.8153328280741,-0.0,0.0,0.0,249.8153328280741,249.8153328280741,0.0,0.0
7614,2019-11-14 06:00:00,11,2019-11-14 07:00:00,0.10531,0.10531,0.10531,0.0,0.37424175177381025,324.3512129767418,-196.14201198173424,0.0,0.0,520.493224958476,520.493224958476,0.0,1.0
7615,2019-11-14 07:00:00,11,2019-11-14 08:00:00,0.10531,0.10531,0.10531,0.0,0.6749928368124695,319.1167546851284,-201.37647027334765,0.0,0.0,520.493224958476,520.493224958476,0.0,1.0
7616,2019-11-14 08:00:00,11,2019-11-14 09:00:00,0.10531,0.10531,0.10531,0.0,0.9837700912316025,460.08617792675057,-0.0,0.0,0.0,460.08617792675057,460.08617792675057,0.0,0.0
7617,2019-11-14 09:00:00,11,2019-11-14 10:00:00,0.10531,0.10531,0.10531,0.0,0.9837700912316025,521.511860497323,-0.0,1.0186355388469792,0.0,520.493224958476,520.493224958476,0.0,0.0
7618,2019-11-14 10:00:00,11,2019-11-14 11:00:00,0.10531,0.10531,0.10531,0.0,0.981924736994561,508.70500995492887,-11.78821500354718,0.0,0.0,520.493224958476,520.493224958476,0.0,1.0
7619,2019-11-14 11:00:00,11,2019-11-14 12:00:00,0.10531,0.10531,0.10531,0.0,1.0,572.1110017246921,-0.0,51.617776766216025,0.0,520.493224958476,520.493224958476,0.0,0.0
7620,2019-11-14 12:00:00,11,2019-11-14 13:00:00,0.10531,0.10531,0.10531,0.0,0.9064895348438116,540.728197678185,-0.0,20.234972719708935,0.0,520.493224958476,520.493224958476,0.0,0.0
7621,2019-11-14 13:00:00,11,2019-11-14 14:00:00,0.10531,0.10531,0.10531,0.0,0.8698319755689764,539.9374581499509,-0.0,19.444233191474837,0.0,520.493224958476,520.493224958476,0.0,0.0
7622,2019-11-14 14:00:00,11,2019-11-14 15:00:00,0.10531,0.10531,0.10531,0.0,0.8346069154394932,531.3720148811099,-0.0,10.878789922633814,0.0,520.493224958476,520.493224958476,0.0,0.0
7623,2019-11-14 15:00:00,11,2019-11-14 16:00:00,0.10531,0.10531,0.10531,0.0,0.8148989626810986,515.3403818385406,-5.152843119935483,0.0,0.0,520.493224958476,520.493224958476,0.0,1.0
7624,2019-11-14 16:00:00,11,2019-11-14 17:00:00,0.13592,0.13592,0.13592,0.0,0.822799988798333,515.8452971102047,-0.0,0.0,0.0,515.8452971102047,515.8452971102047,0.0,1.0
7625,2019-11-14 17:00:00,11,2019-11-14 18:00:00,0.13592,0.13592,0.13592,0.0,0.822799988798333,530.4750649326937,-0.0,300.0,0.0,230.47506493269373,230.47506493269373,0.0,0.0
7626,2019-11-14 18:00:00,11,2019-11-14 19:00:00,0.13592,0.13592,0.13592,0.0,0.2793217279287678,521.0870393557333,-0.0,126.58559381667983,0.0,394.50144553905346,394.50144553905346,0.0,0.0
7627,2019-11-14 19:00:00,11,2019-11-14 20:00:00,0.13592,0.13592,0.13592,0.0,0.05,474.3405877940469,-0.0,0.0,0.0,474.3405877940469,474.3405877940469,0.0,1.0
7628,2019-11-14 20:00:00,11,2019-11-14 21:00:00,0.13592,0.13592,0.13592,0.0,0.05,415.9281579159219,-0.0,0.0,0.0,415.9281579159219,415.9281579159219,0.0,1.0
7629,2019-11-14 21:00:00,11,2019-11-14 22:00:00,0.10531,0.10531,0.10531,0.0,0.05,291.47026870590787,-45.58881088810186,0.0,0.0,337.05907959400975,337.05907959400975,0.0,1.0
7630,2019-11-14 22:00:00,11,2019-11-14 23:00:00,0.10531,0.10531,0.10531,0.0,0.1199028433617562,193.49680607574635,-0.0,0.0,0.0,193.49680607574635,193.49680607574635,0.0,0.0
7631,2019-11-14 23:00:00,11,2019-11-15 00:00:00,0.10531,0.10531,0.10531,0.0,0.1199028433617562,262.24402846976375,-0.0,0.0,0.0,262.24402846976375,262.24402846976375,0.0,1.0
7632,2019-11-15 00:00:00,11,2019-11-15 01:00:00,0.10531,0.10531,0.10531,0.0,0.1199028433617562,199.5273748376692,-0.0,0.0,0.0,199.5273748376692,199.5273748376692,0.0,0.0
7633,2019-11-15 01:00:00,11,2019-11-15 02:00:00,0.10531,0.10531,0.10531,0.0,0.1199028433617562,182.52578008784795,-0.0,0.0,0.0,182.52578008784795,182.52578008784795,0.0,0.0
7634,2019-11-15 02:00:00,11,2019-11-15 03:00:00,0.10531,0.10531,0.10531,0.0,0.1199028433617562,179.71015659672133,-0.0,0.0,0.0,179.71015659672133,179.71015659672133,0.0,0.0
7635,2019-11-15 03:00:00,11,2019-11-15 04:00:00,0.10531,0.10531,0.10531,0.0,0.1199028433617562,177.5885729330297,-0.0,0.0,0.0,177.5885729330297,177.5885729330297,0.0,0.0
7636,2019-11-15 04:00:00,11,2019-11-15 05:00:00,0.10531,0.10531,0.10531,0.0,0.1199028433617562,190.66060060312967,-0.0,0.0,0.0,190.66060060312967,190.66060060312967,0.0,0.0
7637,2019-11-15 05:00:00,11,2019-11-15 06:00:00,0.10531,0.10531,0.10531,0.0,0.1199028433617562,191.1018260840184,-84.40640064686544,0.0,0.0,275.50822673088385,275.50822673088385,0.0,1.0
7638,2019-11-15 06:00:00,11,2019-11-15 07:00:00,0.10531,0.10531,0.10531,0.0,0.2493259910202832,270.53957140717375,-249.9536535513023,0.0,0.0,520.493224958476,520.493224958476,0.0,1.0
7639,2019-11-15 07:00:00,11,2019-11-15 08:00:00,0.10531,0.10531,0.10531,0.0,0.6325882597989467,280.8768726534413,-239.61635230503475,0.0,0.0,520.493224958476,520.493224958476,0.0,1.0
7640,2019-11-15 08:00:00,11,2019-11-15 09:00:00,0.10531,0.10531,0.10531,0.0,1.0,447.0010792035952,-0.0,0.0,0.0,447.0010792035952,447.0010792035952,0.0,0.0
7641,2019-11-15 09:00:00,11,2019-11-15 10:00:00,0.10531,0.10531,0.10531,0.0,1.0,509.1917461712854,-0.0,0.0,0.0,509.1917461712854,509.1917461712854,0.0,0.0
7642,2019-11-15 10:00:00,11,2019-11-15 11:00:00,0.10531,0.10531,0.10531,0.0,1.0,493.3791986559052,-0.0,0.0,0.0,493.3791986559052,493.3791986559052,0.0,0.0
7643,2019-11-15 11:00:00,11,2019-11-15 12:00:00,0.10531,0.10531,0.10531,0.0,1.0,559.0795944941655,-0.0,38.586369535689414,0.0,520.493224958476,520.493224958476,0.0,0.0
7644,2019-11-15 12:00:00,11,2019-11-15 13:00:00,0.10531,0.10531,0.10531,0.0,0.9300971566382439,529.0033700318266,-0.0,8.5101450733506,0.0,520.493224958476,520.493224958476,0.0,0.0
7645,2019-11-15 13:00:00,11,2019-11-15 14:00:00,0.10531,0.10531,0.10531,0.0,0.9146802271575363,522.8356880353929,-0.0,2.342463076916829,0.0,520.493224958476,520.493224958476,0.0,0.0
7646,2019-11-15 14:00:00,11,2019-11-15 15:00:00,0.10531,0.10531,0.10531,0.0,0.9104366346268898,507.82706679244797,-12.666158166028083,0.0,0.0,520.493224958476,520.493224958476,0.0,1.0
7647,2019-11-15 15:00:00,11,2019-11-15 16:00:00,0.10531,0.10531,0.10531,0.0,0.929858077148133,501.2559982235118,-19.237226734964224,0.0,0.0,520.493224958476,520.493224958476,0.0,1.0
7648,2019-11-15 16:00:00,11,2019-11-15 17:00:00,0.13592,0.13592,0.13592,0.0,0.9593551581417448,504.37681956356766,-0.0,300.0,0.0,204.37681956356766,204.37681956356766,0.0,0.0
7649,2019-11-15 17:00:00,11,2019-11-15 18:00:00,0.13592,0.13592,0.13592,0.0,0.4158768972721795,518.9199772701979,-0.0,0.0,0.0,518.9199772701979,518.9199772701979,0.0,1.0
7650,2019-11-15 18:00:00,11,2019-11-15 19:00:00,0.13592,0.13592,0.13592,0.0,0.4158768972721795,514.8161379678609,-0.0,0.0,0.0,514.8161379678609,514.8161379678609,0.0,0.0
7651,2019-11-15 19:00:00,11,2019-11-15 20:00:00,0.13592,0.13592,0.13592,0.0,0.4158768972721795,486.87701908432615,-0.0,201.9640472942431,0.0,284.912971790083,284.912971790083,0.0,0.0
7652,2019-11-15 20:00:00,11,2019-11-15 21:00:00,0.13592,0.13592,0.13592,0.0,0.05,418.98714131722716,-0.0,0.0,0.0,418.98714131722716,418.98714131722716,0.0,1.0
7653,2019-11-15 21:00:00,11,2019-11-15 22:00:00,0.10531,0.10531,0.10531,0.0,0.05,296.75932131492766,-55.09853740358848,0.0,0.0,351.8578587185161,351.8578587185161,0.0,1.0
7654,2019-11-15 22:00:00,11,2019-11-15 23:00:00,0.10531,0.10531,0.10531,0.0,0.13448442401883567,191.93311580227862,-0.0,0.0,0.0,191.93311580227862,191.93311580227862,0.0,0.0
7655,2019-11-15 23:00:00,11,2019-11-16 00:00:00,0.10531,0.10531,0.10531,0.0,0.13448442401883567,262.19056403972695,-0.0,0.0,0.0,262.19056403972695,262.19056403972695,0.0,1.0
7656,2019-11-16 00:00:00,11,2019-11-16 01:00:00,0.10531,0.10531,0.10531,0.0,0.13448442401883567,201.07401101447041,-0.0,0.0,0.0,201.07401101447041,201.07401101447041,0.0,0.0
7657,2019-11-16 01:00:00,11,2019-11-16 02:00:00,0.10531,0.10531,0.10531,0.0,0.13448442401883567,184.2840717059369,-0.0,0.0,0.0,184.2840717059369,184.2840717059369,0.0,0.0
7658,2019-11-16 02:00:00,11,2019-11-16 03:00:00,0.10531,0.10531,0.10531,0.0,0.13448442401883567,181.7593178116022,-0.0,0.0,0.0,181.7593178116022,181.7593178116022,0.0,0.0
7659,2019-11-16 03:00:00,11,2019-11-16 04:00:00,0.10531,0.10531,0.10531,0.0,0.13448442401883567,180.0169374711288,-0.0,0.0,0.0,180.0169374711288,180.0169374711288,0.0,0.0
7660,2019-11-16 04:00:00,11,2019-11-16 05:00:00,0.10531,0.10531,0.10531,0.0,0.13448442401883567,192.2093710241384,-0.0,0.0,0.0,192.2093710241384,192.2093710241384,0.0,0.0
7661,2019-11-16 05:00:00,11,2019-11-16 06:00:00,0.10531,0.10531,0.10531,0.0,0.13448442401883567,189.64454398620833,-0.0,0.0,0.0,189.64454398620833,189.64454398620833,0.0,0.0
7662,2019-11-16 06:00:00,11,2019-11-16 07:00:00,0.10531,0.10531,0.10531,0.0,0.13448442401883567,268.3594881036219,-242.206024941519,0.0,0.0,510.5655130451409,510.5655130451409,0.0,1.0
7663,2019-11-16 07:00:00,11,2019-11-16 08:00:00,0.10531,0.10531,0.10531,0.0,0.5058669955958315,276.4079808653162,-244.08524409315987,0.0,0.0,520.493224958476,520.493224958476,0.0,1.0
7664,2019-11-16 08:00:00,11,2019-11-16 09:00:00,0.10531,0.10531,0.10531,0.0,0.8801310365386766,447.24644287254847,-73.24678208592758,0.0,0.0,520.493224958476,520.493224958476,0.0,1.0
7665,2019-11-16 09:00:00,11,2019-11-16 10:00:00,0.10531,0.10531,0.10531,0.0,0.9924427690704323,515.5645960913666,-4.92862886710941,0.0,0.0,520.493224958476,520.493224958476,0.0,1.0
7666,2019-11-16 10:00:00,11,2019-11-16 11:00:00,0.10531,0.10531,0.10531,0.0,1.0,500.70682732000427,-0.0,0.0,0.0,500.70682732000427,500.70682732000427,0.0,0.0
7667,2019-11-16 11:00:00,11,2019-11-16 12:00:00,0.10531,0.10531,0.10531,0.0,1.0,567.1286270168733,-0.0,46.63540205839729,0.0,520.493224958476,520.493224958476,0.0,0.0
7668,2019-11-16 12:00:00,11,2019-11-16 13:00:00,0.10531,0.10531,0.10531,0.0,0.9155155759811644,541.6005878804408,-0.0,21.10736292196475,0.0,520.493224958476,520.493224958476,0.0,0.0
7669,2019-11-16 13:00:00,11,2019-11-16 14:00:00,0.10531,0.10531,0.10531,0.0,0.8772775996732572,537.1136590474573,-0.0,16.620434088981256,0.0,520.493224958476,520.493224958476,0.0,0.0
7670,2019-11-16 14:00:00,11,2019-11-16 15:00:00,0.10531,0.10531,0.10531,0.0,0.8471681176280014,522.7363834478962,-0.0,2.243158489420125,0.0,520.493224958476,520.493224958476,0.0,0.0
7671,2019-11-16 15:00:00,11,2019-11-16 16:00:00,0.10531,0.10531,0.10531,0.0,0.8431044247123852,518.6251501946668,-1.8680747638092043,0.0,0.0,520.493224958476,520.493224958476,0.0,1.0
7672,2019-11-16 16:00:00,11,2019-11-16 17:00:00,0.13592,0.13592,0.13592,0.0,0.8459688060168926,531.5721705215817,-0.0,300.0,0.0,231.5721705215817,231.5721705215817,0.0,0.0
7673,2019-11-16 17:00:00,11,2019-11-16 18:00:00,0.13592,0.13592,0.13592,0.0,0.3024905451473274,552.9087067593755,-0.0,32.41548180089944,0.0,520.493224958476,520.493224958476,0.0,0.0
7674,2019-11-16 18:00:00,11,2019-11-16 19:00:00,0.13592,0.13592,0.13592,0.0,0.24376684623265452,540.9121977839827,-0.0,106.9592991204253,0.0,433.95289866355745,433.95289866355745,0.0,0.0
7675,2019-11-16 19:00:00,11,2019-11-16 20:00:00,0.13592,0.13592,0.13592,0.0,0.05,507.6707023433683,-0.0,0.0,0.0,507.6707023433683,507.6707023433683,0.0,0.0
7676,2019-11-16 20:00:00,11,2019-11-16 21:00:00,0.13592,0.13592,0.13592,0.0,0.05,456.1827065815884,-0.0,0.0,0.0,456.1827065815884,456.1827065815884,0.0,1.0
7677,2019-11-16 21:00:00,11,2019-11-16 22:00:00,0.10531,0.10531,0.10531,0.0,0.05,330.2891258927412,-125.56742069112572,0.0,0.0,455.85654658386693,455.85654658386693,0.0,1.0
7678,2019-11-16 22:00:00,11,2019-11-16 23:00:00,0.10531,0.10531,0.10531,0.0,0.24253671172639277,227.3889098170731,-0.0,0.0,0.0,227.3889098170731,227.3889098170731,0.0,0.0
7679,2019-11-16 23:00:00,11,2019-11-17 00:00:00,0.10531,0.10531,0.10531,0.0,0.24253671172639277,293.40494370817623,-0.0,0.0,0.0,293.40494370817623,293.40494370817623,0.0,1.0
7680,2019-11-17 00:00:00,11,2019-11-17 01:00:00,0.10531,0.10531,0.10531,0.0,0.24253671172639277,235.75984374367437,-0.0,0.0,0.0,235.75984374367437,235.75984374367437,0.0,0.0
7681,2019-11-17 01:00:00,11,2019-11-17 02:00:00,0.10531,0.10531,0.10531,0.0,0.24253671172639277,215.04960433890835,-0.0,0.0,0.0,215.04960433890835,215.04960433890835,0.0,0.0
7682,2019-11-17 02:00:00,11,2019-11-17 03:00:00,0.10531,0.10531,0.10531,0.0,0.24253671172639277,210.44812166911098,-0.0,0.0,0.0,210.44812166911098,210.44812166911098,0.0,0.0
7683,2019-11-17 03:00:00,11,2019-11-17 04:00:00,0.10531,0.10531,0.10531,0.0,0.24253671172639277,206.59624536039757,-0.0,0.0,0.0,206.59624536039757,206.59624536039757,0.0,0.0
7684,2019-11-17 04:00:00,11,2019-11-17 05:00:00,0.10531,0.10531,0.10531,0.0,0.24253671172639277,250.1925041453855,-91.0264670696548,0.0,0.0,341.2189712150403,341.2189712150403,0.0,1.0
7685,2019-11-17 05:00:00,11,2019-11-17 06:00:00,0.10531,0.10531,0.10531,0.0,0.3821106278998635,253.3043405281363,-0.0,0.0,0.0,253.3043405281363,253.3043405281363,0.0,0.0
7686,2019-11-17 06:00:00,11,2019-11-17 07:00:00,0.10531,0.10531,0.10531,0.0,0.3821106278998635,336.4555645400948,-184.03766041838122,0.0,0.0,520.493224958476,520.493224958476,0.0,1.0
7687,2019-11-17 07:00:00,11,2019-11-17 08:00:00,0.10531,0.10531,0.10531,0.0,0.664301707208048,340.34493605917146,-180.1482888993046,0.0,0.0,520.493224958476,520.493224958476,0.0,1.0
7688,2019-11-17 08:00:00,11,2019-11-17 09:00:00,0.10531,0.10531,0.10531,0.0,0.9405290835203151,481.707844645638,-38.78538031283807,0.0,0.0,520.493224958476,520.493224958476,0.0,1.0
7689,2019-11-17 09:00:00,11,2019-11-17 10:00:00,0.10531,0.10531,0.10531,0.0,1.0,543.7206552131105,-0.0,23.22743025463444,0.0,520.493224958476,520.493224958476,0.0,0.0
7690,2019-11-17 10:00:00,11,2019-11-17 11:00:00,0.10531,0.10531,0.10531,0.0,0.9579213220024739,532.2805026098856,-0.0,11.787277651409568,0.0,520.493224958476,520.493224958476,0.0,0.0
7691,2019-11-17 11:00:00,11,2019-11-17 12:00:00,0.10531,0.10531,0.10531,0.0,0.9365675581412247,591.7587819254009,-0.0,71.2655569669248,0.0,520.493224958476,520.493224958476,0.0,0.0
7692,2019-11-17 12:00:00,11,2019-11-17 13:00:00,0.10531,0.10531,0.10531,0.0,0.8074632882736072,566.3858402382157,-0.0,45.89261527973963,0.0,520.493224958476,520.493224958476,0.0,0.0
7693,2019-11-17 13:00:00,11,2019-11-17 14:00:00,0.10531,0.10531,0.10531,0.0,0.7243244924769775,564.4476742324631,-0.0,43.95444927398705,0.0,520.493224958476,520.493224958476,0.0,0.0
7694,2019-11-17 14:00:00,11,2019-11-17 15:00:00,0.10531,0.10531,0.10531,0.0,0.6446968669806241,551.1010285317294,-0.0,30.607803573253364,0.0,520.493224958476,520.493224958476,0.0,0.0
7695,2019-11-17 15:00:00,11,2019-11-17 16:00:00,0.10531,0.10531,0.10531,0.0,0.5892479474638608,542.5679183981016,-0.0,22.07469343962555,0.0,520.493224958476,520.493224958476,0.0,0.0
7696,2019-11-17 16:00:00,11,2019-11-17 17:00:00,0.13592,0.13592,0.13592,0.0,0.5492575607978724,547.3717240465985,-0.0,26.878499088122453,0.0,520.493224958476,520.493224958476,0.0,0.0
7697,2019-11-17 17:00:00,11,2019-11-17 18:00:00,0.13592,0.13592,0.13592,0.0,0.5005646276672158,565.8912736786541,-0.0,45.39804872017805,0.0,520.493224958476,520.493224958476,0.0,0.0
7698,2019-11-17 18:00:00,11,2019-11-17 19:00:00,0.13592,0.13592,0.13592,0.0,0.4183217857828353,556.4196536582222,-0.0,35.92642869974611,0.0,520.493224958476,520.493224958476,0.0,0.0
7699,2019-11-17 19:00:00,11,2019-11-17 20:00:00,0.13592,0.13592,0.13592,0.0,0.35323767581952714,516.5624801300378,-0.0,167.38719705237898,0.0,349.17528307765883,349.17528307765883,0.0,0.0
7700,2019-11-17 20:00:00,11,2019-11-17 21:00:00,0.13592,0.13592,0.13592,0.0,0.05,464.8999876917784,-0.0,0.0,0.0,464.8999876917784,464.8999876917784,0.0,1.0
7701,2019-11-17 21:00:00,11,2019-11-17 22:00:00,0.10531,0.10531,0.10531,0.0,0.05,335.27473154962917,-0.0,0.0,0.0,335.27473154962917,335.27473154962917,0.0,1.0
7702,2019-11-17 22:00:00,11,2019-11-17 23:00:00,0.10531,0.10531,0.10531,0.0,0.05,239.64412862490082,-0.0,0.0,0.0,239.64412862490082,239.64412862490082,0.0,0.0
7703,2019-11-17 23:00:00,11,2019-11-18 00:00:00,0.10531,0.10531,0.10531,0.0,0.05,303.25903424558004,-0.0,0.0,0.0,303.25903424558004,303.25903424558004,0.0,0.0
7704,2019-11-18 00:00:00,11,2019-11-18 01:00:00,0.10531,0.10531,0.10531,0.0,0.05,242.4211773960999,-0.0,0.0,0.0,242.4211773960999,242.4211773960999,0.0,0.0
7705,2019-11-18 01:00:00,11,2019-11-18 02:00:00,0.10531,0.10531,0.10531,0.0,0.05,221.3526092527814,-0.0,0.0,0.0,221.3526092527814,221.3526092527814,0.0,0.0
7706,2019-11-18 02:00:00,11,2019-11-18 03:00:00,0.10531,0.10531,0.10531,0.0,0.05,214.19587725343746,-0.0,0.0,0.0,214.19587725343746,214.19587725343746,0.0,0.0
7707,2019-11-18 03:00:00,11,2019-11-18 04:00:00,0.10531,0.10531,0.10531,0.0,0.05,208.1041181097767,-0.0,0.0,0.0,208.1041181097767,208.1041181097767,0.0,0.0
7708,2019-11-18 04:00:00,11,2019-11-18 05:00:00,0.10531,0.10531,0.10531,0.0,0.05,216.9397137694043,-0.0,0.0,0.0,216.9397137694043,216.9397137694043,0.0,0.0
7709,2019-11-18 05:00:00,11,2019-11-18 06:00:00,0.10531,0.10531,0.10531,0.0,0.05,212.40233961650122,-120.32765718851277,0.0,0.0,332.729996805014,332.729996805014,0.0,1.0
7710,2019-11-18 06:00:00,11,2019-11-18 07:00:00,0.10531,0.10531,0.10531,0.0,0.23450240768905292,263.0769761053352,-257.41624885314087,0.0,0.0,520.493224958476,520.493224958476,0.0,1.0
7711,2019-11-18 07:00:00,11,2019-11-18 08:00:00,0.10531,0.10531,0.10531,0.0,0.6292073225972022,278.6719136088254,-241.82131134965067,0.0,0.0,520.493224958476,520.493224958476,0.0,1.0
7712,2019-11-18 08:00:00,11,2019-11-18 09:00:00,0.10531,0.10531,0.10531,0.0,1.0,424.05261451519425,-0.0,0.0,0.0,424.05261451519425,424.05261451519425,0.0,0.0
7713,2019-11-18 09:00:00,11,2019-11-18 10:00:00,0.10531,0.10531,0.10531,0.0,1.0,485.20051077391,-0.0,0.0,0.0,485.20051077391,485.20051077391,0.0,0.0
7714,2019-11-18 10:00:00,11,2019-11-18 11:00:00,0.10531,0.10531,0.10531,0.0,1.0,545.5525477417791,-0.0,25.05932278330306,0.0,520.493224958476,520.493224958476,0.0,0.0
7715,2019-11-18 11:00:00,11,2019-11-18 12:00:00,0.10531,0.10531,0.10531,0.0,0.9546026761172046,608.6661149565208,-0.0,88.17288999804475,0.0,520.493224958476,520.493224958476,0.0,0.0
7716,2019-11-18 12:00:00,11,2019-11-18 13:00:00,0.10531,0.10531,0.10531,0.0,0.7948691797439351,591.6261609973444,-0.0,71.13293603886837,0.0,520.493224958476,520.493224958476,0.0,0.0
7717,2019-11-18 13:00:00,11,2019-11-18 14:00:00,0.10531,0.10531,0.10531,0.0,0.6660051651807678,583.1770346264861,-0.0,62.6838096680101,0.0,520.493224958476,520.493224958476,0.0,0.0
7718,2019-11-18 14:00:00,11,2019-11-18 15:00:00,0.10531,0.10531,0.10531,0.0,0.5524475389706045,563.2674195222055,-0.0,42.77419456372945,0.0,520.493224958476,520.493224958476,0.0,0.0
7719,2019-11-18 15:00:00,11,2019-11-18 16:00:00,0.10531,0.10531,0.10531,0.0,0.47495805606529756,550.4048417776669,-0.0,29.91161681919084,0.0,520.493224958476,520.493224958476,0.0,0.0
7720,2019-11-18 16:00:00,11,2019-11-18 17:00:00,0.13592,0.13592,0.13592,0.0,0.42077034443632866,548.958065114855,-0.0,167.39895436376727,0.0,381.5591107510877,381.5591107510877,0.0,0.0
7721,2019-11-18 17:00:00,11,2019-11-18 18:00:00,0.13592,0.13592,0.13592,0.0,0.11751136913964885,557.7595007235623,-0.0,37.26627576508622,0.0,520.493224958476,520.493224958476,0.0,0.0
7722,2019-11-18 18:00:00,11,2019-11-18 19:00:00,0.13592,0.13592,0.13592,0.0,0.049999999999999906,513.3302347685802,-0.0,0.0,0.0,513.3302347685802,513.3302347685802,0.0,1.0
7723,2019-11-18 19:00:00,11,2019-11-18 20:00:00,0.13592,0.13592,0.13592,0.0,0.05,419.37832160484515,-0.0,0.0,0.0,419.37832160484515,419.37832160484515,0.0,1.0
7724,2019-11-18 20:00:00,11,2019-11-18 21:00:00,0.13592,0.13592,0.13592,0.0,0.05,389.60744982056747,-0.0,0.0,0.0,389.60744982056747,389.60744982056747,0.0,1.0
7725,2019-11-18 21:00:00,11,2019-11-18 22:00:00,0.10531,0.10531,0.10531,0.0,0.05,290.9059096512057,-0.0,0.0,0.0,290.9059096512057,290.9059096512057,0.0,1.0
7726,2019-11-18 22:00:00,11,2019-11-18 23:00:00,0.10531,0.10531,0.10531,0.0,0.05,211.80911419978514,-0.0,0.0,0.0,211.80911419978514,211.80911419978514,0.0,0.0
7727,2019-11-18 23:00:00,11,2019-11-19 00:00:00,0.10531,0.10531,0.10531,0.0,0.05,279.29247561220467,-0.0,0.0,0.0,279.29247561220467,279.29247561220467,0.0,1.0
7728,2019-11-19 00:00:00,11,2019-11-19 01:00:00,0.10531,0.10531,0.10531,0.0,0.05,219.39454013996104,-0.0,0.0,0.0,219.39454013996104,219.39454013996104,0.0,0.0
7729,2019-11-19 01:00:00,11,2019-11-19 02:00:00,0.10531,0.10531,0.10531,0.0,0.05,201.44429105076892,-0.0,0.0,0.0,201.44429105076892,201.44429105076892,0.0,0.0
7730,2019-11-19 02:00:00,11,2019-11-19 03:00:00,0.10531,0.10531,0.10531,0.0,0.05,197.45342602221587,-0.0,0.0,0.0,197.45342602221587,197.45342602221587,0.0,0.0
7731,2019-11-19 03:00:00,11,2019-11-19 04:00:00,0.10531,0.10531,0.10531,0.0,0.05,193.8081522079412,-0.0,0.0,0.0,193.8081522079412,193.8081522079412,0.0,0.0
7732,2019-11-19 04:00:00,11,2019-11-19 05:00:00,0.10531,0.10531,0.10531,0.0,0.05,204.35672024941204,-0.0,0.0,0.0,204.35672024941204,204.35672024941204,0.0,0.0
7733,2019-11-19 05:00:00,11,2019-11-19 06:00:00,0.10531,0.10531,0.10531,0.0,0.05,201.06800637473143,-0.0,0.0,0.0,201.06800637473143,201.06800637473143,0.0,0.0
7734,2019-11-19 06:00:00,11,2019-11-19 07:00:00,0.10531,0.10531,0.10531,0.0,0.05,253.83308548217957,-266.6601394762965,0.0,0.0,520.493224958476,520.493224958476,0.0,1.0
7735,2019-11-19 07:00:00,11,2019-11-19 08:00:00,0.10531,0.10531,0.10531,0.0,0.4588788805303213,267.035013169313,-0.0,0.0,0.0,267.035013169313,267.035013169313,0.0,0.0
7736,2019-11-19 08:00:00,11,2019-11-19 09:00:00,0.10531,0.10531,0.10531,0.0,0.4588788805303213,355.34042456455103,-0.0,0.0,0.0,355.34042456455103,355.34042456455103,0.0,0.0
7737,2019-11-19 09:00:00,11,2019-11-19 10:00:00,0.10531,0.10531,0.10531,0.0,0.4588788805303213,324.1653134118619,-196.32791154661413,0.0,0.0,520.493224958476,520.493224958476,0.0,1.0
7738,2019-11-19 10:00:00,11,2019-11-19 11:00:00,0.10531,0.10531,0.10531,0.0,0.759915011568463,405.8923691020115,-60.92751486232327,0.0,0.0,466.8198839643348,466.8198839643348,0.0,1.0
7739,2019-11-19 11:00:00,11,2019-11-19 12:00:00,0.10531,0.10531,0.10531,0.0,0.8533372010240252,463.9337609845909,-0.0,0.0,0.0,463.9337609845909,463.9337609845909,0.0,0.0
7740,2019-11-19 12:00:00,11,2019-11-19 13:00:00,0.10531,0.10531,0.10531,0.0,0.8533372010240252,493.10199276998185,-14.435100423597856,0.0,0.0,507.5370931935797,507.5370931935797,0.0,1.0
7741,2019-11-19 13:00:00,11,2019-11-19 14:00:00,0.10531,0.10531,0.10531,0.0,0.8754710216735418,491.5495747486784,-28.943650209797624,0.0,0.0,520.493224958476,520.493224958476,0.0,1.0
7742,2019-11-19 14:00:00,11,2019-11-19 15:00:00,0.10531,0.10531,0.10531,0.0,0.919851285328565,477.1144743250806,-0.0,0.0,0.0,477.1144743250806,477.1144743250806,0.0,0.0
7743,2019-11-19 15:00:00,11,2019-11-19 16:00:00,0.10531,0.10531,0.10531,0.0,0.919851285328565,468.22232408580106,-52.270900872674986,0.0,0.0,520.493224958476,520.493224958476,0.0,1.0
7744,2019-11-19 16:00:00,11,2019-11-19 17:00:00,0.13592,0.13592,0.13592,0.0,1.0,459.907113769903,-0.0,300.0,0.0,159.907113769903,159.907113769903,0.0,0.0
7745,2019-11-19 17:00:00,11,2019-11-19 18:00:00,0.13592,0.13592,0.13592,0.0,0.4565217391304348,408.1452640399017,-0.0,0.0,0.0,408.1452640399017,408.1452640399017,0.0,0.0
7746,2019-11-19 18:00:00,11,2019-11-19 19:00:00,0.13592,0.13592,0.13592,0.0,0.4565217391304348,408.342269764107,-0.0,224.4,0.0,183.942269764107,183.942269764107,0.0,0.0
7747,2019-11-19 19:00:00,11,2019-11-19 20:00:00,0.13592,0.13592,0.13592,0.0,0.05,365.03715706994586,-0.0,0.0,0.0,365.03715706994586,365.03715706994586,0.0,0.0
7748,2019-11-19 20:00:00,11,2019-11-19 21:00:00,0.13592,0.13592,0.13592,0.0,0.05,342.1970270675855,-0.0,0.0,0.0,342.1970270675855,342.1970270675855,0.0,0.0
7749,2019-11-19 21:00:00,11,2019-11-19 22:00:00,0.10531,0.10531,0.10531,0.0,0.05,305.83359293739386,-0.0,0.0,0.0,305.83359293739386,305.83359293739386,0.0,0.0
7750,2019-11-19 22:00:00,11,2019-11-19 23:00:00,0.10531,0.10531,0.10531,0.0,0.05,197.3961482116608,-0.0,0.0,0.0,197.3961482116608,197.3961482116608,0.0,0.0
7751,2019-11-19 23:00:00,11,2019-11-20 00:00:00,0.10531,0.10531,0.10531,0.0,0.05,267.16488098239716,-0.0,0.0,0.0,267.16488098239716,267.16488098239716,0.0,1.0
7752,2019-11-20 00:00:00,11,2019-11-20 01:00:00,0.10531,0.10531,0.10531,0.0,0.05,211.01452006631365,-0.0,0.0,0.0,211.01452006631365,211.01452006631365,0.0,0.0
7753,2019-11-20 01:00:00,11,2019-11-20 02:00:00,0.10531,0.10531,0.10531,0.0,0.05,194.31863628330007,-0.0,0.0,0.0,194.31863628330007,194.31863628330007,0.0,0.0
7754,2019-11-20 02:00:00,11,2019-11-20 03:00:00,0.10531,0.10531,0.10531,0.0,0.05,191.3813285248619,-0.0,0.0,0.0,191.3813285248619,191.3813285248619,0.0,0.0
7755,2019-11-20 03:00:00,11,2019-11-20 04:00:00,0.10531,0.10531,0.10531,0.0,0.05,189.13698865311684,-0.0,0.0,0.0,189.13698865311684,189.13698865311684,0.0,0.0
7756,2019-11-20 04:00:00,11,2019-11-20 05:00:00,0.10531,0.10531,0.10531,0.0,0.05,201.06723155731288,-149.85338960793635,0.0,0.0,350.92062116524926,350.92062116524926,0.0,1.0
7757,2019-11-20 05:00:00,11,2019-11-20 06:00:00,0.10531,0.10531,0.10531,0.0,0.2797751973988358,198.9320041147326,-0.0,0.0,0.0,198.9320041147326,198.9320041147326,0.0,0.0
7758,2019-11-20 06:00:00,11,2019-11-20 07:00:00,0.10531,0.10531,0.10531,0.0,0.2797751973988358,278.43958020400026,-242.05364475447578,0.0,0.0,520.493224958476,520.493224958476,0.0,1.0
7759,2019-11-20 07:00:00,11,2019-11-20 08:00:00,0.10531,0.10531,0.10531,0.0,0.6509241193556986,292.83504192958384,-227.6581830288922,0.0,0.0,520.493224958476,520.493224958476,0.0,1.0
7760,2019-11-20 08:00:00,11,2019-11-20 09:00:00,0.10531,0.10531,0.10531,0.0,1.0,467.63160680580256,-0.0,0.0,0.0,467.63160680580256,467.63160680580256,0.0,0.0
7761,2019-11-20 09:00:00,11,2019-11-20 10:00:00,0.10531,0.10531,0.10531,0.0,1.0,531.9975888747828,-0.0,11.504363916306716,0.0,520.493224958476,520.493224958476,0.0,0.0
7762,2019-11-20 10:00:00,11,2019-11-20 11:00:00,0.10531,0.10531,0.10531,0.0,0.9791587610211836,514.8078650568924,-5.685359901583638,0.0,0.0,520.493224958476,520.493224958476,0.0,1.0
7763,2019-11-20 11:00:00,11,2019-11-20 12:00:00,0.10531,0.10531,0.10531,0.0,0.9878763128702784,586.7485404103852,-0.0,66.25531545190915,0.0,520.493224958476,520.493224958476,0.0,0.0
7764,2019-11-20 12:00:00,11,2019-11-20 13:00:00,0.10531,0.10531,0.10531,0.0,0.8678485674863851,558.9854287107748,-0.0,38.49220375229879,0.0,520.493224958476,520.493224958476,0.0,0.0
7765,2019-11-20 13:00:00,11,2019-11-20 14:00:00,0.10531,0.10531,0.10531,0.0,0.7981163143119308,547.823843546462,-0.0,27.330618587985896,0.0,520.493224958476,520.493224958476,0.0,0.0
7766,2019-11-20 14:00:00,11,2019-11-20 15:00:00,0.10531,0.10531,0.10531,0.0,0.7486043241163041,533.3702121312367,-0.0,12.876987172760664,0.0,520.493224958476,520.493224958476,0.0,0.0
7767,2019-11-20 15:00:00,11,2019-11-20 16:00:00,0.10531,0.10531,0.10531,0.0,0.7252764488033319,520.0426916592223,-0.45053329925372054,0.0,0.0,520.493224958476,520.493224958476,0.0,1.0
7768,2019-11-20 16:00:00,11,2019-11-20 17:00:00,0.13592,0.13592,0.13592,0.0,0.7259672665288542,521.3167088313137,-0.0,70.48140667576892,0.0,450.83530215554475,450.83530215554475,0.0,0.0
7769,2019-11-20 17:00:00,11,2019-11-20 18:00:00,0.13592,0.13592,0.13592,0.0,0.5982835587828961,534.6254205618036,-0.0,300.0,0.0,234.6254205618036,234.6254205618036,0.0,0.0
7770,2019-11-20 18:00:00,11,2019-11-20 19:00:00,0.13592,0.13592,0.13592,0.0,0.054805297913330796,523.1457494066346,-0.0,2.6525244481586014,0.0,520.493224958476,520.493224958476,0.0,0.0
7771,2019-11-20 19:00:00,11,2019-11-20 20:00:00,0.13592,0.13592,0.13592,0.0,0.05,492.65342668242465,-0.0,0.0,0.0,492.65342668242465,492.65342668242465,0.0,0.0
7772,2019-11-20 20:00:00,11,2019-11-20 21:00:00,0.13592,0.13592,0.13592,0.0,0.05,435.60835976872005,-0.0,0.0,0.0,435.60835976872005,435.60835976872005,0.0,0.0
7773,2019-11-20 21:00:00,11,2019-11-20 22:00:00,0.10531,0.10531,0.10531,0.0,0.05,308.1523540630694,-0.0,0.0,0.0,308.1523540630694,308.1523540630694,0.0,0.0
7774,2019-11-20 22:00:00,11,2019-11-20 23:00:00,0.10531,0.10531,0.10531,0.0,0.05,204.09477817631836,-0.0,0.0,0.0,204.09477817631836,204.09477817631836,0.0,0.0
7775,2019-11-20 23:00:00,11,2019-11-21 00:00:00,0.10531,0.10531,0.10531,0.0,0.04999999999999999,273.2977315423394,-66.19734597239535,0.0,0.0,339.49507751473476,339.49507751473476,0.0,1.0
7776,2019-11-21 00:00:00,11,2019-11-21 01:00:00,0.10531,0.10531,0.10531,0.0,0.15150259715767286,210.0489183924636,-0.0,0.0,0.0,210.0489183924636,210.0489183924636,0.0,0.0
7777,2019-11-21 01:00:00,11,2019-11-21 02:00:00,0.10531,0.10531,0.10531,0.0,0.15150259715767286,191.6161201891992,-0.0,0.0,0.0,191.6161201891992,191.6161201891992,0.0,0.0
7778,2019-11-21 02:00:00,11,2019-11-21 03:00:00,0.10531,0.10531,0.10531,0.0,0.15150259715767286,187.6963531764753,-0.0,0.0,0.0,187.6963531764753,187.6963531764753,0.0,0.0
7779,2019-11-21 03:00:00,11,2019-11-21 04:00:00,0.10531,0.10531,0.10531,0.0,0.15150259715767286,184.96003495981034,-0.0,0.0,0.0,184.96003495981034,184.96003495981034,0.0,0.0
7780,2019-11-21 04:00:00,11,2019-11-21 05:00:00,0.10531,0.10531,0.10531,0.0,0.15150259715767286,228.94327280428095,-124.30777229428864,0.0,0.0,353.2510450985696,353.2510450985696,0.0,1.0
7781,2019-11-21 05:00:00,11,2019-11-21 06:00:00,0.10531,0.10531,0.10531,0.0,0.34210784800891547,227.1676356564243,-0.0,0.0,0.0,227.1676356564243,227.1676356564243,0.0,0.0
7782,2019-11-21 06:00:00,11,2019-11-21 07:00:00,0.10531,0.10531,0.10531,0.0,0.34210784800891547,314.1586357159622,-206.33458924251386,0.0,0.0,520.493224958476,520.493224958476,0.0,1.0
7783,2019-11-21 07:00:00,11,2019-11-21 08:00:00,0.10531,0.10531,0.10531,0.0,0.6584875515141034,303.7398080379386,-216.75341692053746,0.0,0.0,520.493224958476,520.493224958476,0.0,1.0
7784,2019-11-21 08:00:00,11,2019-11-21 09:00:00,0.10531,0.10531,0.10531,0.0,0.9908427907922608,450.84094294341105,-0.0,0.0,0.0,450.84094294341105,450.84094294341105,0.0,0.0
7785,2019-11-21 09:00:00,11,2019-11-21 10:00:00,0.10531,0.10531,0.10531,0.0,0.9908427907922608,521.9822198618888,-0.0,1.4889949034127312,0.0,520.493224958476,520.493224958476,0.0,0.0
7786,2019-11-21 10:00:00,11,2019-11-21 11:00:00,0.10531,0.10531,0.10531,0.0,0.9881453362570928,512.7619225174496,-7.731302441026401,0.0,0.0,520.493224958476,520.493224958476,0.0,1.0
7787,2019-11-21 11:00:00,11,2019-11-21 12:00:00,0.10531,0.10531,0.10531,0.0,1.0,575.0336636860987,-0.0,54.5404387276227,0.0,520.493224958476,520.493224958476,0.0,0.0
7788,2019-11-21 12:00:00,11,2019-11-21 13:00:00,0.10531,0.10531,0.10531,0.0,0.901194857377495,540.9416135762752,-0.0,20.448388617799196,0.0,520.493224958476,520.493224958476,0.0,0.0
7789,2019-11-21 13:00:00,11,2019-11-21 14:00:00,0.10531,0.10531,0.10531,0.0,0.8641506750988734,532.8291457647015,-0.0,12.335920806225431,0.0,520.493224958476,520.493224958476,0.0,0.0
7790,2019-11-21 14:00:00,11,2019-11-21 15:00:00,0.10531,0.10531,0.10531,0.0,0.8418029924788997,517.4016900406813,-3.0915349177947746,0.0,0.0,520.493224958476,520.493224958476,0.0,1.0
7791,2019-11-21 15:00:00,11,2019-11-21 16:00:00,0.10531,0.10531,0.10531,0.0,0.8465433460195184,505.2027341538228,-15.290490804653246,0.0,0.0,520.493224958476,520.493224958476,0.0,1.0
7792,2019-11-21 16:00:00,11,2019-11-21 17:00:00,0.13592,0.13592,0.13592,0.0,0.8699887652533201,506.84724731917066,-0.0,152.6337984198327,0.0,354.213448899338,354.213448899338,0.0,0.0
7793,2019-11-21 17:00:00,11,2019-11-21 18:00:00,0.13592,0.13592,0.13592,0.0,0.5934782608695652,523.8761050832459,-0.0,300.0,0.0,223.87610508324587,223.87610508324587,0.0,0.0
7794,2019-11-21 18:00:00,11,2019-11-21 19:00:00,0.13592,0.13592,0.13592,0.0,0.05,516.2082563631781,-0.0,0.0,0.0,516.2082563631781,516.2082563631781,0.0,0.0
7795,2019-11-21 19:00:00,11,2019-11-21 20:00:00,0.13592,0.13592,0.13592,0.0,0.05,472.6180221945683,-0.0,0.0,0.0,472.6180221945683,472.6180221945683,0.0,1.0
7796,2019-11-21 20:00:00,11,2019-11-21 21:00:00,0.13592,0.13592,0.13592,0.0,0.05,416.5158062542956,-0.0,0.0,0.0,416.5158062542956,416.5158062542956,0.0,1.0
7797,2019-11-21 21:00:00,11,2019-11-21 22:00:00,0.10531,0.10531,0.10531,0.0,0.05,294.15972235706516,-46.99093445808956,0.0,0.0,341.1506568151547,341.1506568151547,0.0,1.0
7798,2019-11-21 22:00:00,11,2019-11-21 23:00:00,0.10531,0.10531,0.10531,0.0,0.12205276616907067,198.91109294036326,-0.0,0.0,0.0,198.91109294036326,198.91109294036326,0.0,0.0
7799,2019-11-21 23:00:00,11,2019-11-22 00:00:00,0.10531,0.10531,0.10531,0.0,0.12205276616907067,267.92250666379823,-0.0,0.0,0.0,267.92250666379823,267.92250666379823,0.0,1.0
7800,2019-11-22 00:00:00,11,2019-11-22 01:00:00,0.10531,0.10531,0.10531,0.0,0.12205276616907067,207.7839548346811,-0.0,0.0,0.0,207.7839548346811,207.7839548346811,0.0,0.0
7801,2019-11-22 01:00:00,11,2019-11-22 02:00:00,0.10531,0.10531,0.10531,0.0,0.12205276616907067,191.19140324614324,-0.0,0.0,0.0,191.19140324614324,191.19140324614324,0.0,0.0
7802,2019-11-22 02:00:00,11,2019-11-22 03:00:00,0.10531,0.10531,0.10531,0.0,0.12205276616907067,189.27175756134554,-0.0,0.0,0.0,189.27175756134554,189.27175756134554,0.0,0.0
7803,2019-11-22 03:00:00,11,2019-11-22 04:00:00,0.10531,0.10531,0.10531,0.0,0.12205276616907067,187.70827577301785,-0.0,0.0,0.0,187.70827577301785,187.70827577301785,0.0,0.0
7804,2019-11-22 04:00:00,11,2019-11-22 05:00:00,0.10531,0.10531,0.10531,0.0,0.12205276616907067,200.79538547750437,-94.91946778572559,0.0,0.0,295.71485326322994,295.71485326322994,0.0,1.0
7805,2019-11-22 05:00:00,11,2019-11-22 06:00:00,0.10531,0.10531,0.10531,0.0,0.26759595010718323,200.55135300337122,-0.0,0.0,0.0,200.55135300337122,200.55135300337122,0.0,0.0
7806,2019-11-22 06:00:00,11,2019-11-22 07:00:00,0.10531,0.10531,0.10531,0.0,0.26759595010718323,289.19784057109354,-231.2953843873825,0.0,0.0,520.493224958476,520.493224958476,0.0,1.0
7807,2019-11-22 07:00:00,11,2019-11-22 08:00:00,0.10531,0.10531,0.10531,0.0,0.6222488728345031,295.37429362531947,-225.11893133315658,0.0,0.0,520.493224958476,520.493224958476,0.0,1.0
7808,2019-11-22 08:00:00,11,2019-11-22 09:00:00,0.10531,0.10531,0.10531,0.0,0.9674312342120098,456.45129872689563,-0.0,0.0,0.0,456.45129872689563,456.45129872689563,0.0,0.0
7809,2019-11-22 09:00:00,11,2019-11-22 10:00:00,0.10531,0.10531,0.10531,0.0,0.9674312342120098,518.2757535990838,-0.0,0.0,0.0,518.2757535990838,518.2757535990838,0.0,0.0
7810,2019-11-22 10:00:00,11,2019-11-22 11:00:00,0.10531,0.10531,0.10531,0.0,0.9674312342120098,499.2527255315259,-21.240499426950123,0.0,0.0,520.493224958476,520.493224958476,0.0,1.0
7811,2019-11-22 11:00:00,11,2019-11-22 12:00:00,0.10531,0.10531,0.10531,0.0,1.0,560.266351883803,-0.0,39.773126925327006,0.0,520.493224958476,520.493224958476,0.0,0.0
7812,2019-11-22 12:00:00,11,2019-11-22 13:00:00,0.10531,0.10531,0.10531,0.0,0.9279472338309294,526.451122580126,-0.0,5.957897621649977,0.0,520.493224958476,520.493224958476,0.0,0.0
7813,2019-11-22 13:00:00,11,2019-11-22 14:00:00,0.10531,0.10531,0.10531,0.0,0.9171539410380853,519.6127987191442,-0.8804262393318822,0.0,0.0,520.493224958476,520.493224958476,0.0,1.0
7814,2019-11-22 14:00:00,11,2019-11-22 15:00:00,0.10531,0.10531,0.10531,0.0,0.9185039279383941,509.8439442420741,-10.649280716401961,0.0,0.0,520.493224958476,520.493224958476,0.0,1.0
7815,2019-11-22 15:00:00,11,2019-11-22 16:00:00,0.10531,0.10531,0.10531,0.0,0.934832825036877,499.9269441911765,-20.56628076729953,0.0,0.0,520.493224958476,520.493224958476,0.0,1.0
7816,2019-11-22 16:00:00,11,2019-11-22 17:00:00,0.13592,0.13592,0.13592,0.0,0.9663677888800697,501.654563561313,-0.0,300.0,0.0,201.654563561313,201.654563561313,0.0,0.0
7817,2019-11-22 17:00:00,11,2019-11-22 18:00:00,0.13592,0.13592,0.13592,0.0,0.4228895280105045,516.8458996185913,-0.0,205.8350194617985,0.0,311.0108801567927,311.0108801567927,0.0,0.0
7818,2019-11-22 18:00:00,11,2019-11-22 19:00:00,0.13592,0.13592,0.13592,0.0,0.05,507.36824375213956,-0.0,0.0,0.0,507.36824375213956,507.36824375213956,0.0,0.0
7819,2019-11-22 19:00:00,11,2019-11-22 20:00:00,0.13592,0.13592,0.13592,0.0,0.05,474.34495139521016,-0.0,0.0,0.0,474.34495139521016,474.34495139521016,0.0,1.0
7820,2019-11-22 20:00:00,11,2019-11-22 21:00:00,0.13592,0.13592,0.13592,0.0,0.05,417.9759410721398,-0.0,0.0,0.0,417.9759410721398,417.9759410721398,0.0,1.0
7821,2019-11-22 21:00:00,11,2019-11-22 22:00:00,0.10531,0.10531,0.10531,0.0,0.05,295.6548745230133,-0.0,0.0,0.0,295.6548745230133,295.6548745230133,0.0,1.0
7822,2019-11-22 22:00:00,11,2019-11-22 23:00:00,0.10531,0.10531,0.10531,0.0,0.05,189.99836599292627,-0.0,0.0,0.0,189.99836599292627,189.99836599292627,0.0,0.0
7823,2019-11-22 23:00:00,11,2019-11-23 00:00:00,0.10531,0.10531,0.10531,0.0,0.05,260.46770108386556,-0.0,0.0,0.0,260.46770108386556,260.46770108386556,0.0,1.0
7824,2019-11-23 00:00:00,11,2019-11-23 01:00:00,0.10531,0.10531,0.10531,0.0,0.05,194.545127361176,-0.0,0.0,0.0,194.545127361176,194.545127361176,0.0,0.0
7825,2019-11-23 01:00:00,11,2019-11-23 02:00:00,0.10531,0.10531,0.10531,0.0,0.05,178.71357339013178,-0.0,0.0,0.0,178.71357339013178,178.71357339013178,0.0,0.0
7826,2019-11-23 02:00:00,11,2019-11-23 03:00:00,0.10531,0.10531,0.10531,0.0,0.05,177.25049051392386,-0.0,0.0,0.0,177.25049051392386,177.25049051392386,0.0,0.0
7827,2019-11-23 03:00:00,11,2019-11-23 04:00:00,0.10531,0.10531,0.10531,0.0,0.05,175.85102364379452,-0.0,0.0,0.0,175.85102364379452,175.85102364379452,0.0,0.0
7828,2019-11-23 04:00:00,11,2019-11-23 05:00:00,0.10531,0.10531,0.10531,0.0,0.05,188.9095686318154,-0.0,0.0,0.0,188.9095686318154,188.9095686318154,0.0,0.0
7829,2019-11-23 05:00:00,11,2019-11-23 06:00:00,0.10531,0.10531,0.10531,0.0,0.05,188.26860966765688,-220.80674037548758,0.0,0.0,409.07535004314445,409.07535004314445,0.0,1.0
7830,2019-11-23 06:00:00,11,2019-11-23 07:00:00,0.10531,0.10531,0.10531,0.0,0.3885703352424143,251.59856224749868,-0.0,0.0,0.0,251.59856224749868,251.59856224749868,0.0,0.0
7831,2019-11-23 07:00:00,11,2019-11-23 08:00:00,0.10531,0.10531,0.10531,0.0,0.3885703352424143,255.25706891019334,-0.0,0.0,0.0,255.25706891019334,255.25706891019334,0.0,0.0
7832,2019-11-23 08:00:00,11,2019-11-23 09:00:00,0.10531,0.10531,0.10531,0.0,0.3885703352424143,332.90839188635744,-121.47814779300148,0.0,0.0,454.3865396793589,454.3865396793589,0.0,1.0
7833,2019-11-23 09:00:00,11,2019-11-23 10:00:00,0.10531,0.10531,0.10531,0.0,0.5748368285250166,287.47123820407194,-166.91530147528698,0.0,0.0,454.3865396793589,454.3865396793589,0.0,1.0
7834,2019-11-23 10:00:00,11,2019-11-23 11:00:00,0.10531,0.10531,0.10531,0.0,0.8307736241204566,365.3521152810246,-89.0344243983343,0.0,0.0,454.3865396793589,454.3865396793589,0.0,1.0
7835,2019-11-23 11:00:00,11,2019-11-23 12:00:00,0.10531,0.10531,0.10531,0.0,0.9672930748645693,433.0559363301649,-21.330603349194007,0.0,0.0,454.3865396793589,454.3865396793589,0.0,1.0
7836,2019-11-23 12:00:00,11,2019-11-23 13:00:00,0.10531,0.10531,0.10531,0.0,1.0,454.3865396793589,-0.0,0.0,0.0,454.3865396793589,454.3865396793589,0.0,1.0
7837,2019-11-23 13:00:00,11,2019-11-23 14:00:00,0.10531,0.10531,0.10531,0.0,1.0,448.15841531718957,-0.0,0.0,0.0,448.15841531718957,448.15841531718957,0.0,1.0
7838,2019-11-23 14:00:00,11,2019-11-23 15:00:00,0.10531,0.10531,0.10531,0.0,1.0,437.3789511949848,-0.0,0.0,0.0,437.3789511949848,437.3789511949848,0.0,1.0
7839,2019-11-23 15:00:00,11,2019-11-23 16:00:00,0.10531,0.10531,0.10531,0.0,1.0,427.1484788362762,-0.0,-5.684341886080802e-14,0.0,427.14847883627624,427.14847883627624,0.0,0.0
7840,2019-11-23 16:00:00,11,2019-11-23 17:00:00,0.13592,0.13592,0.13592,0.0,1.0,429.83203304348166,-0.0,300.00000000000006,0.0,129.83203304348166,129.83203304348166,0.0,0.0
7841,2019-11-23 17:00:00,11,2019-11-23 18:00:00,0.13592,0.13592,0.13592,0.0,0.4565217391304348,387.9261748366925,-0.0,0.0,0.0,387.9261748366925,387.9261748366925,0.0,1.0
7842,2019-11-23 18:00:00,11,2019-11-23 19:00:00,0.13592,0.13592,0.13592,0.0,0.4565217391304348,396.7268824297165,-0.0,224.40000000000003,0.0,172.32688242971648,172.32688242971648,0.0,0.0
7843,2019-11-23 19:00:00,11,2019-11-23 20:00:00,0.13592,0.13592,0.13592,0.0,0.05,355.71016083607464,-0.0,0.0,0.0,355.71016083607464,355.71016083607464,0.0,1.0
7844,2019-11-23 20:00:00,11,2019-11-23 21:00:00,0.13592,0.13592,0.13592,0.0,0.05,331.5868402751653,-0.0,0.0,0.0,331.5868402751653,331.5868402751653,0.0,1.0
7845,2019-11-23 21:00:00,11,2019-11-23 22:00:00,0.10531,0.10531,0.10531,0.0,0.05,296.89705110456504,-0.0,0.0,0.0,296.89705110456504,296.89705110456504,0.0,1.0
7846,2019-11-23 22:00:00,11,2019-11-23 23:00:00,0.10531,0.10531,0.10531,0.0,0.05,185.60626513884458,-0.0,0.0,0.0,185.60626513884458,185.60626513884458,0.0,0.0
7847,2019-11-23 23:00:00,11,2019-11-24 00:00:00,0.10531,0.10531,0.10531,0.0,0.05,255.44231529389268,-0.0,0.0,0.0,255.44231529389268,255.44231529389268,0.0,1.0
7848,2019-11-24 00:00:00,11,2019-11-24 01:00:00,0.10531,0.10531,0.10531,0.0,0.05,199.25513498696202,-0.0,0.0,0.0,199.25513498696202,199.25513498696202,0.0,0.0
7849,2019-11-24 01:00:00,11,2019-11-24 02:00:00,0.10531,0.10531,0.10531,0.0,0.05,181.61070532215777,-0.0,0.0,0.0,181.61070532215777,181.61070532215777,0.0,0.0
7850,2019-11-24 02:00:00,11,2019-11-24 03:00:00,0.10531,0.10531,0.10531,0.0,0.05,178.34407141933556,-0.0,0.0,0.0,178.34407141933556,178.34407141933556,0.0,0.0
7851,2019-11-24 03:00:00,11,2019-11-24 04:00:00,0.10531,0.10531,0.10531,0.0,0.05,175.96723363397973,-0.0,0.0,0.0,175.96723363397973,175.96723363397973,0.0,0.0
7852,2019-11-24 04:00:00,11,2019-11-24 05:00:00,0.10531,0.10531,0.10531,0.0,0.05,220.59555478710507,-74.80989357488873,0.0,0.0,295.4054483619938,295.4054483619938,0.0,1.0
7853,2019-11-24 05:00:00,11,2019-11-24 06:00:00,0.10531,0.10531,0.10531,0.0,0.16470850348149607,219.17725011531144,-0.0,0.0,0.0,219.17725011531144,219.17725011531144,0.0,0.0
7854,2019-11-24 06:00:00,11,2019-11-24 07:00:00,0.10531,0.10531,0.10531,0.0,0.16470850348149607,306.01580395082425,-214.47742100765186,0.0,0.0,520.493224958476,520.493224958476,0.0,1.0
7855,2019-11-24 07:00:00,11,2019-11-24 08:00:00,0.10531,0.10531,0.10531,0.0,0.49357388235989563,292.5081114402196,-227.98511351825647,0.0,0.0,520.493224958476,520.493224958476,0.0,1.0
7856,2019-11-24 08:00:00,11,2019-11-24 09:00:00,0.10531,0.10531,0.10531,0.0,0.8431510564212222,436.68241044611864,-83.81081451235741,0.0,0.0,520.493224958476,520.493224958476,0.0,1.0
7857,2019-11-24 09:00:00,11,2019-11-24 10:00:00,0.10531,0.10531,0.10531,0.0,0.971660972006837,502.0112501803262,-18.481974778149834,0.0,0.0,520.493224958476,520.493224958476,0.0,1.0
7858,2019-11-24 10:00:00,11,2019-11-24 11:00:00,0.10531,0.10531,0.10531,0.0,1.0,491.05164663746194,-0.0,0.0,0.0,491.05164663746194,491.05164663746194,0.0,0.0
7859,2019-11-24 11:00:00,11,2019-11-24 12:00:00,0.10531,0.10531,0.10531,0.0,1.0,558.1017583252724,-0.0,37.60853336679634,0.0,520.493224958476,520.493224958476,0.0,0.0
7860,2019-11-24 12:00:00,11,2019-11-24 13:00:00,0.10531,0.10531,0.10531,0.0,0.9318685989731951,530.3513717564517,-0.0,9.858146797975678,0.0,520.493224958476,520.493224958476,0.0,0.0
7861,2019-11-24 13:00:00,11,2019-11-24 14:00:00,0.10531,0.10531,0.10531,0.0,0.9140096373826594,530.9088613083169,-0.0,10.415636349840838,0.0,520.493224958476,520.493224958476,0.0,0.0
7862,2019-11-24 14:00:00,11,2019-11-24 15:00:00,0.10531,0.10531,0.10531,0.0,0.8951407309517883,525.6820233322557,-0.0,5.188798373779605,0.0,520.493224958476,520.493224958476,0.0,0.0
7863,2019-11-24 15:00:00,11,2019-11-24 16:00:00,0.10531,0.10531,0.10531,0.0,0.8857407338978398,513.2733577547717,-7.219867203704325,0.0,0.0,520.493224958476,520.493224958476,0.0,1.0
7864,2019-11-24 16:00:00,11,2019-11-24 17:00:00,0.13592,0.13592,0.13592,0.0,0.8968111969435197,520.225543781273,-0.0,300.0,0.0,220.22554378127302,220.22554378127302,0.0,0.0
7865,2019-11-24 17:00:00,11,2019-11-24 18:00:00,0.13592,0.13592,0.13592,0.0,0.3533329360739545,539.9313699652697,-0.0,164.1007347354927,0.0,375.83063522977704,375.83063522977704,0.0,0.0
7866,2019-11-24 18:00:00,11,2019-11-24 19:00:00,0.13592,0.13592,0.13592,0.0,0.05604899633574314,523.8322709358063,-0.0,3.3390459773302155,0.0,520.493224958476,520.493224958476,0.0,0.0
7867,2019-11-24 19:00:00,11,2019-11-24 20:00:00,0.13592,0.13592,0.13592,0.0,0.05,476.9863525444576,-0.0,0.0,0.0,476.9863525444576,476.9863525444576,0.0,1.0
7868,2019-11-24 20:00:00,11,2019-11-24 21:00:00,0.13592,0.13592,0.13592,0.0,0.05,417.66546297946394,-0.0,0.0,0.0,417.66546297946394,417.66546297946394,0.0,1.0
7869,2019-11-24 21:00:00,11,2019-11-24 22:00:00,0.10531,0.10531,0.10531,0.0,0.05,293.2036121708353,-31.598226651183293,0.0,0.0,324.80183882201857,324.80183882201857,0.0,1.0
7870,2019-11-24 22:00:00,11,2019-11-24 23:00:00,0.10531,0.10531,0.10531,0.0,0.09845061419848106,198.82555622903413,-0.0,0.0,0.0,198.82555622903413,198.82555622903413,0.0,0.0
7871,2019-11-24 23:00:00,11,2019-11-25 00:00:00,0.10531,0.10531,0.10531,0.0,0.09845061419848106,269.06399349981035,-0.0,0.0,0.0,269.06399349981035,269.06399349981035,0.0,1.0
7872,2019-11-25 00:00:00,11,2019-11-25 01:00:00,0.10531,0.10531,0.10531,0.0,0.09845061419848106,203.5121981093842,-0.0,0.0,0.0,203.5121981093842,203.5121981093842,0.0,0.0
7873,2019-11-25 01:00:00,11,2019-11-25 02:00:00,0.10531,0.10531,0.10531,0.0,0.09845061419848106,186.63080314356569,-0.0,0.0,0.0,186.63080314356569,186.63080314356569,0.0,0.0
7874,2019-11-25 02:00:00,11,2019-11-25 03:00:00,0.10531,0.10531,0.10531,0.0,0.09845061419848106,184.18579544695427,-0.0,0.0,0.0,184.18579544695427,184.18579544695427,0.0,0.0
7875,2019-11-25 03:00:00,11,2019-11-25 04:00:00,0.10531,0.10531,0.10531,0.0,0.09845061419848106,182.41574911111962,-0.0,0.0,0.0,182.41574911111962,182.41574911111962,0.0,0.0
7876,2019-11-25 04:00:00,11,2019-11-25 05:00:00,0.10531,0.10531,0.10531,0.0,0.09845061419848106,194.99820138595433,-0.0,0.0,0.0,194.99820138595433,194.99820138595433,0.0,0.0
7877,2019-11-25 05:00:00,11,2019-11-25 06:00:00,0.10531,0.10531,0.10531,0.0,0.09845061419848106,193.2973554615793,-300.0,0.0,0.0,493.2973554615793,493.2973554615793,0.0,1.0
7878,2019-11-25 06:00:00,11,2019-11-25 07:00:00,0.10531,0.10531,0.10531,0.0,0.5584506141984811,254.36704141188912,-134.43911091425497,0.0,0.0,388.8061523261441,388.8061523261441,0.0,1.0
7879,2019-11-25 07:00:00,11,2019-11-25 08:00:00,0.10531,0.10531,0.10531,0.0,0.7645905842670053,255.42396220635533,-0.0,0.0,0.0,255.42396220635533,255.42396220635533,0.0,0.0
7880,2019-11-25 08:00:00,11,2019-11-25 09:00:00,0.10531,0.10531,0.10531,0.0,0.7645905842670053,385.5662777454923,-134.92694721298375,0.0,0.0,520.493224958476,520.493224958476,0.0,1.0
7881,2019-11-25 09:00:00,11,2019-11-25 10:00:00,0.10531,0.10531,0.10531,0.0,0.9714785699935804,429.8084230019363,-0.0,0.0,0.0,429.8084230019363,429.8084230019363,0.0,1.0
7882,2019-11-25 10:00:00,11,2019-11-25 11:00:00,0.10531,0.10531,0.10531,0.0,0.9714785699935804,482.1006517522999,-0.0,0.0,0.0,482.1006517522999,482.1006517522999,0.0,0.0
7883,2019-11-25 11:00:00,11,2019-11-25 12:00:00,0.10531,0.10531,0.10531,0.0,0.9714785699935804,547.2379639960376,-0.0,26.744739037561544,0.0,520.493224958476,520.493224958476,0.0,0.0
7884,2019-11-25 12:00:00,11,2019-11-25 13:00:00,0.10531,0.10531,0.10531,0.0,0.9230279557950992,513.0735610735597,-7.4196638849163605,0.0,0.0,520.493224958476,520.493224958476,0.0,1.0
7885,2019-11-25 13:00:00,11,2019-11-25 14:00:00,0.10531,0.10531,0.10531,0.0,0.934404773751971,505.0551082006881,-15.438116757788041,0.0,0.0,520.4932249584762,520.4932249584762,0.0,1.0
7886,2019-11-25 14:00:00,11,2019-11-25 15:00:00,0.10531,0.10531,0.10531,0.0,0.9580765527805791,493.15184633711476,-27.341378621361375,0.0,0.0,520.4932249584762,520.4932249584762,0.0,1.0
7887,2019-11-25 15:00:00,11,2019-11-25 16:00:00,0.10531,0.10531,0.10531,0.0,1.0,480.8750050378786,-0.0,0.0,0.0,480.8750050378786,480.8750050378786,0.0,0.0
7888,2019-11-25 16:00:00,11,2019-11-25 17:00:00,0.13592,0.13592,0.13592,0.0,1.0,480.6685501527153,-0.0,0.0,0.0,480.6685501527153,480.6685501527153,0.0,0.0
7889,2019-11-25 17:00:00,11,2019-11-25 18:00:00,0.13592,0.13592,0.13592,0.0,1.0,496.30600940500364,-0.0,300.0,0.0,196.30600940500364,196.30600940500364,0.0,0.0
7890,2019-11-25 18:00:00,11,2019-11-25 19:00:00,0.13592,0.13592,0.13592,0.0,0.4565217391304348,460.6075504494689,-0.0,0.0,0.0,460.6075504494689,460.6075504494689,0.0,0.0
7891,2019-11-25 19:00:00,11,2019-11-25 20:00:00,0.13592,0.13592,0.13592,0.0,0.4565217391304348,366.67425633725827,-0.0,224.4,0.0,142.27425633725827,142.27425633725827,0.0,0.0
7892,2019-11-25 20:00:00,11,2019-11-25 21:00:00,0.13592,0.13592,0.13592,0.0,0.05,347.484987409012,-0.0,0.0,0.0,347.484987409012,347.484987409012,0.0,1.0
7893,2019-11-25 21:00:00,11,2019-11-25 22:00:00,0.10531,0.10531,0.10531,0.0,0.05,257.2419789409271,-0.0,0.0,0.0,257.2419789409271,257.2419789409271,0.0,1.0
7894,2019-11-25 22:00:00,11,2019-11-25 23:00:00,0.10531,0.10531,0.10531,0.0,0.05,175.8945612345648,-0.0,0.0,0.0,175.8945612345648,175.8945612345648,0.0,0.0
7895,2019-11-25 23:00:00,11,2019-11-26 00:00:00,0.10531,0.10531,0.10531,0.0,0.05,247.362968123602,-0.0,0.0,0.0,247.362968123602,247.362968123602,0.0,0.0
7896,2019-11-26 00:00:00,11,2019-11-26 01:00:00,0.10531,0.10531,0.10531,0.0,0.05,184.80721588684958,-0.0,0.0,0.0,184.80721588684958,184.80721588684958,0.0,0.0
7897,2019-11-26 01:00:00,11,2019-11-26 02:00:00,0.10531,0.10531,0.10531,0.0,0.05,167.01748574147632,-0.0,0.0,0.0,167.01748574147632,167.01748574147632,0.0,0.0
7898,2019-11-26 02:00:00,11,2019-11-26 03:00:00,0.10531,0.10531,0.10531,0.0,0.05,164.77036435952377,-0.0,0.0,0.0,164.77036435952377,164.77036435952377,0.0,0.0
7899,2019-11-26 03:00:00,11,2019-11-26 04:00:00,0.10531,0.10531,0.10531,0.0,0.05,162.9405569898854,-0.0,0.0,0.0,162.9405569898854,162.9405569898854,0.0,0.0
7900,2019-11-26 04:00:00,11,2019-11-26 05:00:00,0.10531,0.10531,0.10531,0.0,0.05,175.34741899000676,-0.0,0.0,0.0,175.34741899000676,175.34741899000676,0.0,0.0
7901,2019-11-26 05:00:00,11,2019-11-26 06:00:00,0.10531,0.10531,0.10531,0.0,0.05,173.32655572892932,-0.0,0.0,0.0,173.32655572892932,173.32655572892932,0.0,0.0
7902,2019-11-26 06:00:00,11,2019-11-26 07:00:00,0.10531,0.10531,0.10531,0.0,0.05,235.9216375671014,-0.0,0.0,0.0,235.9216375671014,235.9216375671014,0.0,0.0
7903,2019-11-26 07:00:00,11,2019-11-26 08:00:00,0.10531,0.10531,0.10531,0.0,0.05,235.66236924996755,-230.8368608737009,0.0,0.0,466.49923012366844,466.49923012366844,0.0,1.0
7904,2019-11-26 08:00:00,11,2019-11-26 09:00:00,0.10531,0.10531,0.10531,0.0,0.40394985333967476,314.3904599026034,-0.0,0.0,0.0,314.3904599026034,314.3904599026034,0.0,0.0
7905,2019-11-26 09:00:00,11,2019-11-26 10:00:00,0.10531,0.10531,0.10531,0.0,0.40394985333967476,265.54396134294996,-200.9552687807185,0.0,0.0,466.49923012366844,466.49923012366844,0.0,1.0
7906,2019-11-26 10:00:00,11,2019-11-26 11:00:00,0.10531,0.10531,0.10531,0.0,0.7120812654701099,345.99644279917646,-120.50278732449203,0.0,0.0,466.4992301236685,466.4992301236685,0.0,1.0
7907,2019-11-26 11:00:00,11,2019-11-26 12:00:00,0.10531,0.10531,0.10531,0.0,0.8968522060343311,421.18672324514733,-45.31250687852116,0.0,0.0,466.4992301236685,466.4992301236685,0.0,1.0
7908,2019-11-26 12:00:00,11,2019-11-26 13:00:00,0.10531,0.10531,0.10531,0.0,0.9663313832480633,451.16830137512653,-0.0,0.0,0.0,451.16830137512653,451.16830137512653,0.0,1.0
7909,2019-11-26 13:00:00,11,2019-11-26 14:00:00,0.10531,0.10531,0.10531,0.0,0.9663313832480633,444.54143658979683,-21.9577935338717,0.0,0.0,466.49923012366855,466.49923012366855,0.0,1.0
7910,2019-11-26 14:00:00,11,2019-11-26 15:00:00,0.10531,0.10531,0.10531,0.0,1.0,432.97257495856195,-0.0,0.0,0.0,432.97257495856195,432.97257495856195,0.0,1.0
7911,2019-11-26 15:00:00,11,2019-11-26 16:00:00,0.10531,0.10531,0.10531,0.0,1.0,421.16492483958547,-0.0,0.0,0.0,421.16492483958547,421.16492483958547,0.0,1.0
7912,2019-11-26 16:00:00,11,2019-11-26 17:00:00,0.13592,0.13592,0.13592,0.0,1.0,423.71617267207654,-0.0,300.0,0.0,123.71617267207654,123.71617267207654,0.0,0.0
7913,2019-11-26 17:00:00,11,2019-11-26 18:00:00,0.13592,0.13592,0.13592,0.0,0.4565217391304348,378.2510938221925,-0.0,0.0,0.0,378.2510938221925,378.2510938221925,0.0,1.0
7914,2019-11-26 18:00:00,11,2019-11-26 19:00:00,0.13592,0.13592,0.13592,0.0,0.4565217391304348,385.2381338142612,-0.0,224.4,0.0,160.83813381426117,160.83813381426117,0.0,0.0
7915,2019-11-26 19:00:00,11,2019-11-26 20:00:00,0.13592,0.13592,0.13592,0.0,0.05,344.53878063984456,-0.0,0.0,0.0,344.53878063984456,344.53878063984456,0.0,1.0
7916,2019-11-26 20:00:00,11,2019-11-26 21:00:00,0.13592,0.13592,0.13592,0.0,0.05,323.46251672747195,-0.0,0.0,0.0,323.46251672747195,323.46251672747195,0.0,1.0
7917,2019-11-26 21:00:00,11,2019-11-26 22:00:00,0.10531,0.10531,0.10531,0.0,0.05,290.4948152786326,-28.065474272985124,0.0,0.0,318.5602895516177,318.5602895516177,0.0,1.0
7918,2019-11-26 22:00:00,11,2019-11-26 23:00:00,0.10531,0.10531,0.10531,0.0,0.0930337272185772,179.23890403136016,-0.0,0.0,0.0,179.23890403136016,179.23890403136016,0.0,0.0
7919,2019-11-26 23:00:00,11,2019-11-27 00:00:00,0.10531,0.10531,0.10531,0.0,0.0930337272185772,250.63966352625204,-0.0,0.0,0.0,250.63966352625204,250.63966352625204,0.0,0.0
7920,2019-11-27 00:00:00,11,2019-11-27 01:00:00,0.10531,0.10531,0.10531,0.0,0.0930337272185772,191.51704679351712,-0.0,0.0,0.0,191.51704679351712,191.51704679351712,0.0,0.0
7921,2019-11-27 01:00:00,11,2019-11-27 02:00:00,0.10531,0.10531,0.10531,0.0,0.0930337272185772,174.89874703137176,-0.0,0.0,0.0,174.89874703137176,174.89874703137176,0.0,0.0
7922,2019-11-27 02:00:00,11,2019-11-27 03:00:00,0.10531,0.10531,0.10531,0.0,0.0930337272185772,172.23150163860487,-0.0,0.0,0.0,172.23150163860487,172.23150163860487,0.0,0.0
7923,2019-11-27 03:00:00,11,2019-11-27 04:00:00,0.10531,0.10531,0.10531,0.0,0.0930337272185772,170.36595025596816,-0.0,0.0,0.0,170.36595025596816,170.36595025596816,0.0,0.0
7924,2019-11-27 04:00:00,11,2019-11-27 05:00:00,0.10531,0.10531,0.10531,0.0,0.0930337272185772,182.06722783224217,-0.0,0.0,0.0,182.06722783224217,182.06722783224217,0.0,0.0
7925,2019-11-27 05:00:00,11,2019-11-27 06:00:00,0.10531,0.10531,0.10531,0.0,0.0930337272185772,192.50020701758604,-0.0,0.0,0.0,192.50020701758604,192.50020701758604,0.0,0.0
7926,2019-11-27 06:00:00,11,2019-11-27 07:00:00,0.10531,0.10531,0.10531,0.0,0.0930337272185772,265.9583823955088,-241.34030974409154,0.0,0.0,507.29869213960035,507.29869213960035,0.0,1.0
7927,2019-11-27 07:00:00,11,2019-11-27 08:00:00,0.10531,0.10531,0.10531,0.0,0.4630888688261842,265.0406326408458,-255.45259231763038,0.0,0.0,520.4932249584762,520.4932249584762,0.0,1.0
7928,2019-11-27 08:00:00,11,2019-11-27 09:00:00,0.10531,0.10531,0.10531,0.0,0.8547828437132174,428.21509290169456,-92.2781320567816,0.0,0.0,520.4932249584762,520.4932249584762,0.0,1.0
7929,2019-11-27 09:00:00,11,2019-11-27 10:00:00,0.10531,0.10531,0.10531,0.0,0.996275979533616,491.3016215840878,-0.0,0.0,0.0,491.3016215840878,491.3016215840878,0.0,1.0
7930,2019-11-27 10:00:00,11,2019-11-27 11:00:00,0.10531,0.10531,0.10531,0.0,0.996275979533616,477.3861706326478,-0.0,0.0,0.0,477.3861706326478,477.3861706326478,0.0,0.0
7931,2019-11-27 11:00:00,11,2019-11-27 12:00:00,0.10531,0.10531,0.10531,0.0,0.996275979533616,544.2478423831308,-0.0,23.75461742465461,0.0,520.4932249584762,520.4932249584762,0.0,0.0
7932,2019-11-27 12:00:00,11,2019-11-27 13:00:00,0.10531,0.10531,0.10531,0.0,0.9532422523150388,510.68357381751326,-0.0,0.0,0.0,510.68357381751326,510.68357381751326,0.0,1.0
7933,2019-11-27 13:00:00,11,2019-11-27 14:00:00,0.10531,0.10531,0.10531,0.0,0.9532422523150388,503.91227792468203,-3.9610745238881577,0.0,0.0,507.8733524485702,507.8733524485702,0.0,1.0
7934,2019-11-27 14:00:00,11,2019-11-27 15:00:00,0.10531,0.10531,0.10531,0.0,0.9593158999183339,493.9601162095635,-26.53310874891264,-5.6646387946212495e-14,0.0,520.4932249584763,520.4932249584763,0.0,1.0
7935,2019-11-27 15:00:00,11,2019-11-27 16:00:00,0.10531,0.10531,0.10531,0.0,1.0,489.99904168567537,5.792467954566036e-14,5.684341886080802e-14,0.0,489.99904168567525,489.99904168567525,0.0,0.0
7936,2019-11-27 16:00:00,11,2019-11-27 17:00:00,0.13592,0.13592,0.13592,0.0,1.0,500.0107956210707,-0.0,299.9999999999999,0.0,200.01079562107083,200.01079562107083,0.0,0.0
7937,2019-11-27 17:00:00,11,2019-11-27 18:00:00,0.13592,0.13592,0.13592,0.0,0.45652173913043487,519.6122921680571,-0.0,0.0,0.0,519.6122921680571,519.6122921680571,0.0,1.0
7938,2019-11-27 18:00:00,11,2019-11-27 19:00:00,0.13592,0.13592,0.13592,0.0,0.45652173913043487,512.7532611492123,-0.0,0.0,0.0,512.7532611492123,512.7532611492123,0.0,0.0
7939,2019-11-27 19:00:00,11,2019-11-27 20:00:00,0.13592,0.13592,0.13592,0.0,0.45652173913043487,478.36175210550243,-0.0,0.0,0.0,478.36175210550243,478.36175210550243,0.0,0.0
7940,2019-11-27 20:00:00,11,2019-11-27 21:00:00,0.13592,0.13592,0.13592,0.0,0.45652173913043487,419.8350792112162,-0.0,224.4000000000001,0.0,195.43507921121613,195.43507921121613,0.0,0.0
7941,2019-11-27 21:00:00,11,2019-11-27 22:00:00,0.10531,0.10531,0.10531,0.0,0.05,295.5336946390455,-0.0,0.0,0.0,295.5336946390455,295.5336946390455,0.0,1.0
7942,2019-11-27 22:00:00,11,2019-11-27 23:00:00,0.10531,0.10531,0.10531,0.0,0.05,189.07064448790922,-0.0,0.0,0.0,189.07064448790922,189.07064448790922,0.0,0.0
7943,2019-11-27 23:00:00,11,2019-11-28 00:00:00,0.10531,0.10531,0.10531,0.0,0.05,258.82343738970917,-0.0,0.0,0.0,258.82343738970917,258.82343738970917,0.0,1.0
7944,2019-11-28 00:00:00,11,2019-11-28 01:00:00,0.10531,0.10531,0.10531,0.0,0.05,194.460976007922,-0.0,0.0,0.0,194.460976007922,194.460976007922,0.0,0.0
7945,2019-11-28 01:00:00,11,2019-11-28 02:00:00,0.10531,0.10531,0.10531,0.0,0.05,177.36290122493122,-0.0,0.0,0.0,177.36290122493122,177.36290122493122,0.0,0.0
7946,2019-11-28 02:00:00,11,2019-11-28 03:00:00,0.10531,0.10531,0.10531,0.0,0.05,174.06738894237222,-0.0,0.0,0.0,174.06738894237222,174.06738894237222,0.0,0.0
7947,2019-11-28 03:00:00,11,2019-11-28 04:00:00,0.10531,0.10531,0.10531,0.0,0.05,171.66707327614833,-0.0,0.0,0.0,171.66707327614833,171.66707327614833,0.0,0.0
7948,2019-11-28 04:00:00,11,2019-11-28 05:00:00,0.10531,0.10531,0.10531,0.0,0.05,216.6784855556084,-85.37542584789614,0.0,0.0,302.05391140350457,302.05391140350457,0.0,1.0
7949,2019-11-28 05:00:00,11,2019-11-28 06:00:00,0.10531,0.10531,0.10531,0.0,0.1809089863001074,215.4761679381354,-0.0,0.0,0.0,215.4761679381354,215.4761679381354,0.0,0.0
7950,2019-11-28 06:00:00,11,2019-11-28 07:00:00,0.10531,0.10531,0.10531,0.0,0.1809089863001074,303.28073453354756,-217.21249042492872,0.0,0.0,520.4932249584763,520.4932249584763,0.0,1.0
7951,2019-11-28 07:00:00,11,2019-11-28 08:00:00,0.10531,0.10531,0.10531,0.0,0.5139681382849981,290.14451981114206,-230.34870514733421,0.0,0.0,520.4932249584763,520.4932249584763,0.0,1.0
7952,2019-11-28 08:00:00,11,2019-11-28 09:00:00,0.10531,0.10531,0.10531,0.0,0.8671694861775772,433.864628987331,-86.62859597114527,0.0,0.0,520.4932249584763,520.4932249584763,0.0,1.0
7953,2019-11-28 09:00:00,11,2019-11-28 10:00:00,0.10531,0.10531,0.10531,0.0,1.0,489.9297262976192,-0.0,0.0,0.0,489.9297262976192,489.9297262976192,0.0,0.0
7954,2019-11-28 10:00:00,11,2019-11-28 11:00:00,0.10531,0.10531,0.10531,0.0,1.0,481.835334220427,-0.0,0.0,0.0,481.835334220427,481.835334220427,0.0,0.0
7955,2019-11-28 11:00:00,11,2019-11-28 12:00:00,0.10531,0.10531,0.10531,0.0,1.0,553.4938698847715,-0.0,33.000644926295195,0.0,520.4932249584763,520.4932249584763,0.0,0.0
7956,2019-11-28 12:00:00,11,2019-11-28 13:00:00,0.10531,0.10531,0.10531,0.0,0.9402162229596102,523.4824660272071,-0.0,2.9892410687308484,0.0,520.4932249584763,520.4932249584763,0.0,0.0
7957,2019-11-28 13:00:00,11,2019-11-28 14:00:00,0.10531,0.10531,0.10531,0.0,0.934800931168431,517.7593051023123,-2.7339198561639932,0.0,0.0,520.4932249584763,520.4932249584763,0.0,1.0
7958,2019-11-28 14:00:00,11,2019-11-28 15:00:00,0.10531,0.10531,0.10531,0.0,0.9389929416145492,506.9308516645512,-13.562373293925077,0.0,0.0,520.4932249584763,520.4932249584763,0.0,1.0
7959,2019-11-28 15:00:00,11,2019-11-28 16:00:00,0.10531,0.10531,0.10531,0.0,0.9597885806652344,500.2504735254041,-20.242751433072158,0.0,0.0,520.4932249584763,520.4932249584763,0.0,1.0
7960,2019-11-28 16:00:00,11,2019-11-28 17:00:00,0.13592,0.13592,0.13592,0.0,0.990827466195945,507.92070091582025,-0.0,0.0,0.0,507.92070091582025,507.92070091582025,0.0,0.0
7961,2019-11-28 17:00:00,11,2019-11-28 18:00:00,0.13592,0.13592,0.13592,0.0,0.990827466195945,526.3720641623115,-0.0,300.0,0.0,226.37206416231152,226.37206416231152,0.0,0.0
7962,2019-11-28 18:00:00,11,2019-11-28 19:00:00,0.13592,0.13592,0.13592,0.0,0.44734920532637984,518.5648988005502,-0.0,219.33676134016167,0.0,299.2281374603885,299.2281374603885,0.0,0.0
7963,2019-11-28 19:00:00,11,2019-11-28 20:00:00,0.13592,0.13592,0.13592,0.0,0.05,472.1378413701457,-0.0,0.0,0.0,472.1378413701457,472.1378413701457,0.0,1.0
7964,2019-11-28 20:00:00,11,2019-11-28 21:00:00,0.13592,0.13592,0.13592,0.0,0.05,409.7523290184642,-0.0,0.0,0.0,409.7523290184642,409.7523290184642,0.0,1.0
7965,2019-11-28 21:00:00,11,2019-11-28 22:00:00,0.10531,0.10531,0.10531,0.0,0.05,285.49370723917065,-36.0118721370146,0.0,0.0,321.50557937618527,321.50557937618527,0.0,1.0
7966,2019-11-28 22:00:00,11,2019-11-28 23:00:00,0.10531,0.10531,0.10531,0.0,0.10521820394342239,188.20542589226415,-0.0,0.0,0.0,188.20542589226415,188.20542589226415,0.0,0.0
7967,2019-11-28 23:00:00,11,2019-11-29 00:00:00,0.10531,0.10531,0.10531,0.0,0.10521820394342239,258.96179109516197,-0.0,0.0,0.0,258.96179109516197,258.96179109516197,0.0,1.0
7968,2019-11-29 00:00:00,11,2019-11-29 01:00:00,0.10531,0.10531,0.10531,0.0,0.10521820394342239,195.12746889492422,-0.0,0.0,0.0,195.12746889492422,195.12746889492422,0.0,0.0
7969,2019-11-29 01:00:00,11,2019-11-29 02:00:00,0.10531,0.10531,0.10531,0.0,0.10521820394342239,178.79878081448553,-0.0,0.0,0.0,178.79878081448553,178.79878081448553,0.0,0.0
7970,2019-11-29 02:00:00,11,2019-11-29 03:00:00,0.10531,0.10531,0.10531,0.0,0.10521820394342239,175.756236564118,-0.0,0.0,0.0,175.756236564118,175.756236564118,0.0,0.0
7971,2019-11-29 03:00:00,11,2019-11-29 04:00:00,0.10531,0.10531,0.10531,0.0,0.10521820394342239,172.81335388033295,-0.0,0.0,0.0,172.81335388033295,172.81335388033295,0.0,0.0
7972,2019-11-29 04:00:00,11,2019-11-29 05:00:00,0.10531,0.10531,0.10531,0.0,0.10521820394342239,184.39769846193101,-0.0,0.0,0.0,184.39769846193101,184.39769846193101,0.0,0.0
7973,2019-11-29 05:00:00,11,2019-11-29 06:00:00,0.10531,0.10531,0.10531,0.0,0.10521820394342239,182.21361400343494,-0.0,0.0,0.0,182.21361400343494,182.21361400343494,0.0,0.0
7974,2019-11-29 06:00:00,11,2019-11-29 07:00:00,0.10531,0.10531,0.10531,0.0,0.10521820394342239,268.7355393503083,-246.20165376201447,0.0,0.0,514.9371931123228,514.9371931123228,0.0,1.0
7975,2019-11-29 07:00:00,11,2019-11-29 08:00:00,0.10531,0.10531,0.10531,0.0,0.48272740637851125,270.0121812989104,-250.4810436595659,0.0,0.0,520.4932249584763,520.4932249584763,0.0,1.0
7976,2019-11-29 08:00:00,11,2019-11-29 09:00:00,0.10531,0.10531,0.10531,0.0,0.8667983399898458,433.62257712576695,-86.87064783270932,0.0,0.0,520.4932249584763,520.4932249584763,0.0,1.0
7977,2019-11-29 09:00:00,11,2019-11-29 10:00:00,0.10531,0.10531,0.10531,0.0,1.0,494.70094187225556,-0.0,0.0,0.0,494.70094187225556,494.70094187225556,0.0,0.0
7978,2019-11-29 10:00:00,11,2019-11-29 11:00:00,0.10531,0.10531,0.10531,0.0,1.0,483.32141049228113,-0.0,0.0,0.0,483.32141049228113,483.32141049228113,0.0,0.0
7979,2019-11-29 11:00:00,11,2019-11-29 12:00:00,0.10531,0.10531,0.10531,0.0,1.0,550.9736735352454,-0.0,30.480448576769163,0.0,520.4932249584763,520.4932249584763,0.0,0.0
7980,2019-11-29 12:00:00,11,2019-11-29 13:00:00,0.10531,0.10531,0.10531,0.0,0.9447817960565775,520.4368332096188,-0.05639174885743614,0.0,0.0,520.4932249584763,520.4932249584763,0.0,1.0
7981,2019-11-29 13:00:00,11,2019-11-29 14:00:00,0.10531,0.10531,0.10531,0.0,0.9448682634048255,518.597061310106,-1.8961636483702478,0.0,0.0,520.4932249584763,520.4932249584763,0.0,1.0
7982,2019-11-29 14:00:00,11,2019-11-29 15:00:00,0.10531,0.10531,0.10531,0.0,0.9477757143323265,509.2732045380629,-11.220020420413391,0.0,0.0,520.4932249584763,520.4932249584763,0.0,1.0
7983,2019-11-29 15:00:00,11,2019-11-29 16:00:00,0.10531,0.10531,0.10531,0.0,0.964979745643627,499.92359305241627,-20.56963190606001,0.0,0.0,520.4932249584763,520.4932249584763,0.0,1.0
7984,2019-11-29 16:00:00,11,2019-11-29 17:00:00,0.13592,0.13592,0.13592,0.0,0.9965198478995857,501.66435073941904,-0.0,0.0,0.0,501.66435073941904,501.66435073941904,0.0,1.0
7985,2019-11-29 17:00:00,11,2019-11-29 18:00:00,0.13592,0.13592,0.13592,0.0,0.9965198478995857,520.1622382205009,-0.0,0.0,0.0,520.1622382205009,520.1622382205009,0.0,1.0
7986,2019-11-29 18:00:00,11,2019-11-29 19:00:00,0.13592,0.13592,0.13592,0.0,0.9965198478995857,512.5379376681954,-0.0,222.47895604057132,0.0,290.058981627624,290.058981627624,0.0,0.0
7987,2019-11-29 19:00:00,11,2019-11-29 20:00:00,0.13592,0.13592,0.13592,0.0,0.5934782608695652,479.8588596814075,-0.0,0.0,0.0,479.8588596814075,479.8588596814075,0.0,0.0
7988,2019-11-29 20:00:00,11,2019-11-29 21:00:00,0.13592,0.13592,0.13592,0.0,0.5934782608695652,424.7487259279224,-0.0,300.0,0.0,124.74872592792241,124.74872592792241,0.0,0.0
7989,2019-11-29 21:00:00,11,2019-11-29 22:00:00,0.10531,0.10531,0.10531,0.0,0.05,299.4240163301022,-0.0,0.0,0.0,299.4240163301022,299.4240163301022,0.0,0.0
7990,2019-11-29 22:00:00,11,2019-11-29 23:00:00,0.10531,0.10531,0.10531,0.0,0.05,194.45508838269924,-0.0,0.0,0.0,194.45508838269924,194.45508838269924,0.0,0.0
7991,2019-11-29 23:00:00,11,2019-11-30 00:00:00,0.10531,0.10531,0.10531,0.0,0.05,264.6000257563266,-47.410017679707465,0.0,0.0,312.01004343603404,312.01004343603404,0.0,1.0
7992,2019-11-30 00:00:00,11,2019-11-30 01:00:00,0.10531,0.10531,0.10531,0.0,0.12269536044221811,201.16229552818072,-0.0,0.0,0.0,201.16229552818072,201.16229552818072,0.0,0.0
7993,2019-11-30 01:00:00,11,2019-11-30 02:00:00,0.10531,0.10531,0.10531,0.0,0.12269536044221811,183.05207100507485,-0.0,0.0,0.0,183.05207100507485,183.05207100507485,0.0,0.0
7994,2019-11-30 02:00:00,11,2019-11-30 03:00:00,0.10531,0.10531,0.10531,0.0,0.12269536044221811,179.6610347648748,-0.0,0.0,0.0,179.6610347648748,179.6610347648748,0.0,0.0
7995,2019-11-30 03:00:00,11,2019-11-30 04:00:00,0.10531,0.10531,0.10531,0.0,0.12269536044221811,177.42017460486488,-0.0,0.0,0.0,177.42017460486488,177.42017460486488,0.0,0.0
7996,2019-11-30 04:00:00,11,2019-11-30 05:00:00,0.10531,0.10531,0.10531,0.0,0.12269536044221811,189.9991988371516,-0.0,0.0,0.0,189.9991988371516,189.9991988371516,0.0,0.0
7997,2019-11-30 05:00:00,11,2019-11-30 06:00:00,0.10531,0.10531,0.10531,0.0,0.12269536044221811,188.66462386325628,-0.0,0.0,0.0,188.66462386325628,188.66462386325628,0.0,0.0
7998,2019-11-30 06:00:00,11,2019-11-30 07:00:00,0.10531,0.10531,0.10531,0.0,0.12269536044221811,277.5225856324356,-238.79032826816373,0.0,0.0,516.3129139005994,516.3129139005994,0.0,1.0
7999,2019-11-30 07:00:00,11,2019-11-30 08:00:00,0.10531,0.10531,0.10531,0.0,0.4888405304534025,281.8202146427436,-238.67301031573265,0.0,0.0,520.4932249584763,520.4932249584763,0.0,1.0
8000,2019-11-30 08:00:00,11,2019-11-30 09:00:00,0.10531,0.10531,0.10531,0.0,0.8548058129375259,442.21621213065254,-78.27701282782374,0.0,0.0,520.4932249584763,520.4932249584763,0.0,1.0
8001,2019-11-30 09:00:00,11,2019-11-30 10:00:00,0.10531,0.10531,0.10531,0.0,0.9748305659401889,504.0783766585995,-16.41484829987678,0.0,0.0,520.4932249584763,520.4932249584763,0.0,1.0
8002,2019-11-30 10:00:00,11,2019-11-30 11:00:00,0.10531,0.10531,0.10531,0.0,1.0,496.1517127121468,-0.0,0.0,0.0,496.1517127121468,496.1517127121468,0.0,0.0
8003,2019-11-30 11:00:00,11,2019-11-30 12:00:00,0.10531,0.10531,0.10531,0.0,1.0,560.6210639225807,-0.0,40.1278389641044,0.0,520.4932249584763,520.4932249584763,0.0,0.0
8004,2019-11-30 12:00:00,11,2019-11-30 13:00:00,0.10531,0.10531,0.10531,0.0,0.9273046395577819,529.3527178137196,-0.0,8.859492855243275,0.0,520.4932249584763,520.4932249584763,0.0,0.0
8005,2019-11-30 13:00:00,11,2019-11-30 14:00:00,0.10531,0.10531,0.10531,0.0,0.911254833660602,525.9950572765118,-0.0,5.501832318035554,0.0,520.4932249584763,520.4932249584763,0.0,0.0
8006,2019-11-30 14:00:00,11,2019-11-30 15:00:00,0.10531,0.10531,0.10531,0.0,0.9012877461279291,520.0700668211638,-0.4231581373124982,0.0,0.0,520.4932249584763,520.4932249584763,0.0,1.0
8007,2019-11-30 15:00:00,11,2019-11-30 16:00:00,0.10531,0.10531,0.10531,0.0,0.9019365886051416,514.3852790422443,-6.107945916231984,0.0,0.0,520.4932249584763,520.4932249584763,0.0,1.0
8008,2019-11-30 16:00:00,11,2019-11-30 17:00:00,0.13592,0.13592,0.13592,0.0,0.9113021056766971,516.8422589938767,-0.0,0.0,0.0,516.8422589938767,516.8422589938767,0.0,0.0
8009,2019-11-30 17:00:00,11,2019-11-30 18:00:00,0.13592,0.13592,0.13592,0.0,0.9113021056766971,532.5485998321501,-0.0,175.43876233353686,0.0,357.1098374986133,357.1098374986133,0.0,0.0
8010,2019-11-30 18:00:00,11,2019-11-30 19:00:00,0.13592,0.13592,0.13592,0.0,0.5934782608695652,523.2735592906267,-0.0,300.0,0.0,223.27355929062674,223.27355929062674,0.0,0.0
8011,2019-11-30 19:00:00,11,2019-11-30 20:00:00,0.13592,0.13592,0.13592,0.0,0.05,490.90917725453943,-0.0,0.0,0.0,490.90917725453943,490.90917725453943,0.0,0.0
8012,2019-11-30 20:00:00,11,2019-11-30 21:00:00,0.13592,0.13592,0.13592,0.0,0.05,431.0517209295006,-0.0,0.0,0.0,431.0517209295006,431.0517209295006,0.0,1.0
8013,2019-11-30 21:00:00,11,2019-11-30 22:00:00,0.10531,0.10531,0.10531,0.0,0.05,305.8793848856226,-0.0,0.0,0.0,305.8793848856226,305.8793848856226,0.0,1.0
8014,2019-11-30 22:00:00,11,2019-11-30 23:00:00,0.10531,0.10531,0.10531,0.0,0.05,203.22344575364136,-0.0,0.0,0.0,203.22344575364136,203.22344575364136,0.0,0.0
8015,2019-11-30 23:00:00,11,2019-12-01 00:00:00,0.10531,0.10531,0.10531,0.0,0.05,272.8564799868392,-0.0,0.0,0.0,272.8564799868392,272.8564799868392,0.0,1.0
8016,2019-12-01 00:00:00,12,2019-12-01 01:00:00,0.10531,0.10531,0.10531,0.0,0.05,209.85954108480587,-0.0,0.0,0.0,209.85954108480587,209.85954108480587,0.0,0.0
8017,2019-12-01 01:00:00,12,2019-12-01 02:00:00,0.10531,0.10531,0.10531,0.0,0.05,186.51967634082976,-0.0,0.0,0.0,186.51967634082976,186.51967634082976,0.0,0.0
8018,2019-12-01 02:00:00,12,2019-12-01 03:00:00,0.10531,0.10531,0.10531,0.0,0.05,179.5706941915329,-0.0,0.0,0.0,179.5706941915329,179.5706941915329,0.0,0.0
8019,2019-12-01 03:00:00,12,2019-12-01 04:00:00,0.10531,0.10531,0.10531,0.0,0.05,175.09097755467835,-0.0,0.0,0.0,175.09097755467835,175.09097755467835,0.0,0.0
8020,2019-12-01 04:00:00,12,2019-12-01 05:00:00,0.10531,0.10531,0.10531,0.0,0.05,218.5761251168062,-0.0,0.0,0.0,218.5761251168062,218.5761251168062,0.0,0.0
8021,2019-12-01 05:00:00,12,2019-12-01 06:00:00,0.10531,0.10531,0.10531,0.0,0.05,216.3235718685154,-258.30795486169427,0.0,0.0,474.63152673020966,474.63152673020966,0.0,1.0
8022,2019-12-01 06:00:00,12,2019-12-01 07:00:00,0.10531,0.10531,0.10531,0.0,0.446072197454598,302.971189407584,-171.66033732262565,0.0,0.0,474.63152673020966,474.63152673020966,0.0,1.0
8023,2019-12-01 07:00:00,12,2019-12-01 08:00:00,0.10531,0.10531,0.10531,0.0,0.7092847146826239,288.55444853985676,-153.07341821029468,0.0,0.0,441.62786675015144,441.62786675015144,0.0,1.0
8024,2019-12-01 08:00:00,12,2019-12-01 09:00:00,0.10531,0.10531,0.10531,0.0,0.9439972892717424,438.10801973351994,-36.523506996689775,0.0,0.0,474.6315267302097,474.6315267302097,0.0,1.0
8025,2019-12-01 09:00:00,12,2019-12-01 10:00:00,0.10531,0.10531,0.10531,0.0,1.0,508.0269677480108,-0.0,33.39544101780109,0.0,474.6315267302097,474.6315267302097,0.0,0.0
8026,2019-12-01 10:00:00,12,2019-12-01 11:00:00,0.10531,0.10531,0.10531,0.0,0.9395010126489111,496.344625179945,-0.0,21.713098449735327,0.0,474.6315267302097,474.6315267302097,0.0,0.0
8027,2019-12-01 11:00:00,12,2019-12-01 12:00:00,0.10531,0.10531,0.10531,0.0,0.900165689370405,570.1027421866561,-0.0,95.4712154564464,0.0,474.63152673020966,474.63152673020966,0.0,0.0
8028,2019-12-01 12:00:00,12,2019-12-01 13:00:00,0.10531,0.10531,0.10531,0.0,0.7272105889058283,553.2083635798073,-0.0,78.57683684959763,0.0,474.63152673020966,474.63152673020966,0.0,0.0
8029,2019-12-01 13:00:00,12,2019-12-01 14:00:00,0.10531,0.10531,0.10531,0.0,0.5848612467869921,546.0869126678966,-0.0,71.45538593768697,0.0,474.63152673020966,474.63152673020966,0.0,0.0
8030,2019-12-01 14:00:00,12,2019-12-01 15:00:00,0.10531,0.10531,0.10531,0.0,0.4554130838563997,528.4653413183794,-0.0,53.83381458816973,0.0,474.63152673020966,474.63152673020966,0.0,0.0
8031,2019-12-01 15:00:00,12,2019-12-01 16:00:00,0.10531,0.10531,0.10531,0.0,0.3578880574285559,515.0923685500239,-0.0,40.46084181981428,0.0,474.63152673020966,474.63152673020966,0.0,0.0
8032,2019-12-01 16:00:00,12,2019-12-01 17:00:00,0.13592,0.13592,0.13592,0.0,0.28458943094338507,517.4345435132138,-0.0,42.80301678300418,0.0,474.63152673020966,474.63152673020966,0.0,0.0
8033,2019-12-01 17:00:00,12,2019-12-01 18:00:00,0.13592,0.13592,0.13592,0.0,0.20704773387272535,526.8535995250917,-0.0,52.222072794882024,0.0,474.63152673020966,474.63152673020966,0.0,0.0
8034,2019-12-01 18:00:00,12,2019-12-01 19:00:00,0.13592,0.13592,0.13592,0.0,0.11244252953417105,509.0998030330721,-0.0,34.46827630286242,0.0,474.63152673020966,474.63152673020966,0.0,0.0
8035,2019-12-01 19:00:00,12,2019-12-01 20:00:00,0.13592,0.13592,0.13592,0.0,0.05,461.444947841328,-0.0,0.0,0.0,461.444947841328,461.444947841328,0.0,1.0
8036,2019-12-01 20:00:00,12,2019-12-01 21:00:00,0.13592,0.13592,0.13592,0.0,0.05,405.4153095744927,-0.0,0.0,0.0,405.4153095744927,405.4153095744927,0.0,1.0
8037,2019-12-01 21:00:00,12,2019-12-01 22:00:00,0.10531,0.10531,0.10531,0.0,0.05,285.61976798324287,-141.49534752433598,0.0,0.0,427.1151155075788,427.1151155075788,0.0,1.0
8038,2019-12-01 22:00:00,12,2019-12-01 23:00:00,0.10531,0.10531,0.10531,0.0,0.26695953287064855,189.43630448811274,-0.0,0.0,0.0,189.43630448811274,189.43630448811274,0.0,0.0
8039,2019-12-01 23:00:00,12,2019-12-02 00:00:00,0.10531,0.10531,0.10531,0.0,0.26695953287064855,260.0646702406108,-0.0,0.0,0.0,260.0646702406108,260.0646702406108,0.0,1.0
8040,2019-12-02 00:00:00,12,2019-12-02 01:00:00,0.10531,0.10531,0.10531,0.0,0.26695953287064855,194.47688392133963,-0.0,0.0,0.0,194.47688392133963,194.47688392133963,0.0,0.0
8041,2019-12-02 01:00:00,12,2019-12-02 02:00:00,0.10531,0.10531,0.10531,0.0,0.26695953287064855,178.3012470140264,-0.0,0.0,0.0,178.3012470140264,178.3012470140264,0.0,0.0
8042,2019-12-02 02:00:00,12,2019-12-02 03:00:00,0.10531,0.10531,0.10531,0.0,0.26695953287064855,176.27489329190337,-0.0,0.0,0.0,176.27489329190337,176.27489329190337,0.0,0.0
8043,2019-12-02 03:00:00,12,2019-12-02 04:00:00,0.10531,0.10531,0.10531,0.0,0.26695953287064855,174.52866017930245,-0.0,0.0,0.0,174.52866017930245,174.52866017930245,0.0,0.0
8044,2019-12-02 04:00:00,12,2019-12-02 05:00:00,0.10531,0.10531,0.10531,0.0,0.26695953287064855,186.71568258001128,-0.0,0.0,0.0,186.71568258001128,186.71568258001128,0.0,0.0
8045,2019-12-02 05:00:00,12,2019-12-02 06:00:00,0.10531,0.10531,0.10531,0.0,0.26695953287064855,184.41397867985592,-250.2131412801995,0.0,0.0,434.62711996005544,434.62711996005544,0.0,1.0
8046,2019-12-02 06:00:00,12,2019-12-02 07:00:00,0.10531,0.10531,0.10531,0.0,0.6506196828336211,245.3446324304143,-0.0,0.0,0.0,245.3446324304143,245.3446324304143,0.0,0.0
8047,2019-12-02 07:00:00,12,2019-12-02 08:00:00,0.10531,0.10531,0.10531,0.0,0.6506196828336211,246.77479814344085,-227.85672858676887,0.0,0.0,474.6315267302097,474.6315267302097,0.0,1.0
8048,2019-12-02 08:00:00,12,2019-12-02 09:00:00,0.10531,0.10531,0.10531,0.0,1.0,388.9637904814091,-0.0,0.0,0.0,388.9637904814091,388.9637904814091,0.0,0.0
8049,2019-12-02 09:00:00,12,2019-12-02 10:00:00,0.10531,0.10531,0.10531,0.0,1.0,443.01798729385416,-0.0,0.0,0.0,443.01798729385416,443.01798729385416,0.0,0.0
8050,2019-12-02 10:00:00,12,2019-12-02 11:00:00,0.10531,0.10531,0.10531,0.0,1.0,500.9014684342813,-0.0,26.269941704071584,0.0,474.6315267302097,474.6315267302097,0.0,0.0
8051,2019-12-02 11:00:00,12,2019-12-02 12:00:00,0.10531,0.10531,0.10531,0.0,0.952409525898421,568.123247170736,-0.0,93.49172044052631,0.0,474.6315267302097,474.6315267302097,0.0,0.0
8052,2019-12-02 12:00:00,12,2019-12-02 13:00:00,0.10531,0.10531,0.10531,0.0,0.7830404671293517,544.7684429121467,-0.0,70.13691618193701,0.0,474.6315267302097,474.6315267302097,0.0,0.0
8053,2019-12-02 13:00:00,12,2019-12-02 14:00:00,0.10531,0.10531,0.10531,0.0,0.6559808363649731,537.4772162660577,-0.0,62.84568953584795,0.0,474.6315267302097,474.6315267302097,0.0,0.0
8054,2019-12-02 14:00:00,12,2019-12-02 15:00:00,0.10531,0.10531,0.10531,0.0,0.5421299495246689,520.3384698040745,-0.0,45.70694307386481,0.0,474.6315267302097,474.6315267302097,0.0,0.0
8055,2019-12-02 15:00:00,12,2019-12-02 16:00:00,0.10531,0.10531,0.10531,0.0,0.4593275164198413,504.84993367369077,-0.0,30.218406943481057,0.0,474.6315267302097,474.6315267302097,0.0,0.0
8056,2019-12-02 16:00:00,12,2019-12-02 17:00:00,0.13592,0.13592,0.13592,0.0,0.40458402558020173,504.87159555670866,-0.0,146.10804195366586,0.0,358.7635536030428,358.7635536030428,0.0,0.0
8057,2019-12-02 17:00:00,12,2019-12-02 18:00:00,0.13592,0.13592,0.13592,0.0,0.1398955437800824,519.4057378649859,-0.0,44.77421113477618,0.0,474.6315267302097,474.6315267302097,0.0,0.0
8058,2019-12-02 18:00:00,12,2019-12-02 19:00:00,0.13592,0.13592,0.13592,0.0,0.058782842448966144,479.479655762039,-0.0,4.848129031829274,0.0,474.6315267302097,474.6315267302097,0.0,0.0
8059,2019-12-02 19:00:00,12,2019-12-02 20:00:00,0.13592,0.13592,0.13592,0.0,0.05000000000000007,384.17449153876095,-0.0,0.0,0.0,384.17449153876095,384.17449153876095,0.0,1.0
8060,2019-12-02 20:00:00,12,2019-12-02 21:00:00,0.13592,0.13592,0.13592,0.0,0.05,358.10450642348303,-0.0,0.0,0.0,358.10450642348303,358.10450642348303,0.0,1.0
8061,2019-12-02 21:00:00,12,2019-12-02 22:00:00,0.10531,0.10531,0.10531,0.0,0.05,264.2874125985424,-0.0,0.0,0.0,264.2874125985424,264.2874125985424,0.0,1.0
8062,2019-12-02 22:00:00,12,2019-12-02 23:00:00,0.10531,0.10531,0.10531,0.0,0.05,181.61277285030624,-0.0,0.0,0.0,181.61277285030624,181.61277285030624,0.0,0.0
8063,2019-12-02 23:00:00,12,2019-12-03 00:00:00,0.10531,0.10531,0.10531,0.0,0.05,251.5415135632122,-0.0,0.0,0.0,251.5415135632122,251.5415135632122,0.0,0.0
8064,2019-12-03 00:00:00,12,2019-12-03 01:00:00,0.10531,0.10531,0.10531,0.0,0.05,189.84572988032306,-0.0,0.0,0.0,189.84572988032306,189.84572988032306,0.0,0.0
8065,2019-12-03 01:00:00,12,2019-12-03 02:00:00,0.10531,0.10531,0.10531,0.0,0.05,173.326053207776,-0.0,0.0,0.0,173.326053207776,173.326053207776,0.0,0.0
8066,2019-12-03 02:00:00,12,2019-12-03 03:00:00,0.10531,0.10531,0.10531,0.0,0.05,171.05641205404143,-0.0,0.0,0.0,171.05641205404143,171.05641205404143,0.0,0.0
8067,2019-12-03 03:00:00,12,2019-12-03 04:00:00,0.10531,0.10531,0.10531,0.0,0.05,169.07562093681346,-0.0,0.0,0.0,169.07562093681346,169.07562093681346,0.0,0.0
8068,2019-12-03 04:00:00,12,2019-12-03 05:00:00,0.10531,0.10531,0.10531,0.0,0.05,181.3137937406613,-0.0,0.0,0.0,181.3137937406613,181.3137937406613,0.0,0.0
8069,2019-12-03 05:00:00,12,2019-12-03 06:00:00,0.10531,0.10531,0.10531,0.0,0.05,179.07196979546788,-0.0,0.0,0.0,179.07196979546788,179.07196979546788,0.0,0.0
8070,2019-12-03 06:00:00,12,2019-12-03 07:00:00,0.10531,0.10531,0.10531,0.0,0.05,239.81537008879124,-0.0,0.0,0.0,239.81537008879124,239.81537008879124,0.0,0.0
8071,2019-12-03 07:00:00,12,2019-12-03 08:00:00,0.10531,0.10531,0.10531,0.0,0.05,239.02622814123941,-233.8831735986406,0.0,0.0,472.90940173988,472.90940173988,0.0,1.0
8072,2019-12-03 08:00:00,12,2019-12-03 09:00:00,0.10531,0.10531,0.10531,0.0,0.4086208661845823,326.7503683328272,-146.15903340705285,0.0,0.0,472.90940173988,472.90940173988,0.0,1.0
8073,2019-12-03 09:00:00,12,2019-12-03 10:00:00,0.10531,0.10531,0.10531,0.0,0.6327313840753966,286.2984225111671,-186.61097922871295,0.0,0.0,472.90940173988,472.90940173988,0.0,1.0
8074,2019-12-03 10:00:00,12,2019-12-03 11:00:00,0.10531,0.10531,0.10531,0.0,0.9188682188927565,365.56020209716775,-0.0,0.0,0.0,365.56020209716775,365.56020209716775,0.0,0.0
8075,2019-12-03 11:00:00,12,2019-12-03 12:00:00,0.10531,0.10531,0.10531,0.0,0.9188682188927565,436.08294356973437,-0.0,0.0,0.0,436.08294356973437,436.08294356973437,0.0,0.0
8076,2019-12-03 12:00:00,12,2019-12-03 13:00:00,0.10531,0.10531,0.10531,0.0,0.9188682188927565,472.90940173988,-0.0,0.0,0.0,472.90940173988,472.90940173988,0.0,0.0
8077,2019-12-03 13:00:00,12,2019-12-03 14:00:00,0.10531,0.10531,0.10531,0.0,0.9188682188927565,466.79929455414805,-0.0,0.0,0.0,466.79929455414805,466.79929455414805,0.0,0.0
8078,2019-12-03 14:00:00,12,2019-12-03 15:00:00,0.10531,0.10531,0.10531,0.0,0.9188682188927565,449.33275119719013,-10.019963646558331,0.0,0.0,459.35271484374846,459.35271484374846,0.0,1.0
8079,2019-12-03 15:00:00,12,2019-12-03 16:00:00,0.10531,0.10531,0.10531,0.0,0.9342321631508126,431.7394592198701,-42.89206751033959,0.0,0.0,474.6315267302097,474.6315267302097,0.0,1.0
8080,2019-12-03 16:00:00,12,2019-12-03 17:00:00,0.13592,0.13592,0.13592,0.0,1.0,425.9380217000709,-0.0,300.0,0.0,125.93802170007092,125.93802170007092,0.0,0.0
8081,2019-12-03 17:00:00,12,2019-12-03 18:00:00,0.13592,0.13592,0.13592,0.0,0.4565217391304348,377.65897883799414,-0.0,0.0,0.0,377.65897883799414,377.65897883799414,0.0,0.0
8082,2019-12-03 18:00:00,12,2019-12-03 19:00:00,0.13592,0.13592,0.13592,0.0,0.4565217391304348,379.068203565196,-0.0,0.0,0.0,379.068203565196,379.068203565196,0.0,0.0
8083,2019-12-03 19:00:00,12,2019-12-03 20:00:00,0.13592,0.13592,0.13592,0.0,0.4565217391304348,335.5637720052252,-0.0,224.4,0.0,111.16377200522518,111.16377200522518,0.0,0.0
8084,2019-12-03 20:00:00,12,2019-12-03 21:00:00,0.13592,0.13592,0.13592,0.0,0.05,314.2948100812511,-0.0,0.0,0.0,314.2948100812511,314.2948100812511,0.0,1.0
8085,2019-12-03 21:00:00,12,2019-12-03 22:00:00,0.10531,0.10531,0.10531,0.0,0.05,281.52497421288444,-0.0,0.0,0.0,281.52497421288444,281.52497421288444,0.0,1.0
8086,2019-12-03 22:00:00,12,2019-12-03 23:00:00,0.10531,0.10531,0.10531,0.0,0.05,169.59559039143429,-0.0,0.0,0.0,169.59559039143429,169.59559039143429,0.0,0.0
8087,2019-12-03 23:00:00,12,2019-12-04 00:00:00,0.10531,0.10531,0.10531,0.0,0.05,241.68268004672254,-0.0,0.0,0.0,241.68268004672254,241.68268004672254,0.0,0.0
8088,2019-12-04 00:00:00,12,2019-12-04 01:00:00,0.10531,0.10531,0.10531,0.0,0.05,184.5758540545494,-0.0,0.0,0.0,184.5758540545494,184.5758540545494,0.0,0.0
8089,2019-12-04 01:00:00,12,2019-12-04 02:00:00,0.10531,0.10531,0.10531,0.0,0.05,168.88157679547987,-0.0,0.0,0.0,168.88157679547987,168.88157679547987,0.0,0.0
8090,2019-12-04 02:00:00,12,2019-12-04 03:00:00,0.10531,0.10531,0.10531,0.0,0.05,167.74610180971578,-0.0,0.0,0.0,167.74610180971578,167.74610180971578,0.0,0.0
8091,2019-12-04 03:00:00,12,2019-12-04 04:00:00,0.10531,0.10531,0.10531,0.0,0.05,166.79754517042645,-0.0,0.0,0.0,166.79754517042645,166.79754517042645,0.0,0.0
8092,2019-12-04 04:00:00,12,2019-12-04 05:00:00,0.10531,0.10531,0.10531,0.0,0.05,179.73150466338006,-0.0,0.0,0.0,179.73150466338006,179.73150466338006,0.0,0.0
8093,2019-12-04 05:00:00,12,2019-12-04 06:00:00,0.10531,0.10531,0.10531,0.0,0.05,178.25963369527165,-204.54196066741815,0.0,0.0,382.8015943626898,382.8015943626898,0.0,1.0
8094,2019-12-04 06:00:00,12,2019-12-04 07:00:00,0.10531,0.10531,0.10531,0.0,0.36363100635670786,267.50382902837947,-207.12769770183024,0.0,0.0,474.6315267302097,474.6315267302097,0.0,1.0
8095,2019-12-04 07:00:00,12,2019-12-04 08:00:00,0.10531,0.10531,0.10531,0.0,0.6812268094995143,266.7359677081538,-207.89555902205592,0.0,0.0,474.6315267302097,474.6315267302097,0.0,1.0
8096,2019-12-04 08:00:00,12,2019-12-04 09:00:00,0.10531,0.10531,0.10531,0.0,1.0,433.9184340933042,-0.0,0.0,0.0,433.9184340933042,433.9184340933042,0.0,0.0
8097,2019-12-04 09:00:00,12,2019-12-04 10:00:00,0.10531,0.10531,0.10531,0.0,1.0,504.22360515538526,-0.0,29.592078425175544,0.0,474.6315267302097,474.6315267302097,0.0,0.0
8098,2019-12-04 10:00:00,12,2019-12-04 11:00:00,0.10531,0.10531,0.10531,0.0,0.9463911622732327,492.4742621812476,-0.0,17.842735451037868,0.0,474.6315267302097,474.6315267302097,0.0,0.0
8099,2019-12-04 11:00:00,12,2019-12-04 12:00:00,0.10531,0.10531,0.10531,0.0,0.9140673661662801,565.4386968111316,-0.0,90.80717008092194,0.0,474.6315267302097,474.6315267302097,0.0,0.0
8100,2019-12-04 12:00:00,12,2019-12-04 13:00:00,0.10531,0.10531,0.10531,0.0,0.7495616232660592,547.3722170399426,-0.0,72.74069030973288,0.0,474.6315267302097,474.6315267302097,0.0,0.0
8101,2019-12-04 13:00:00,12,2019-12-04 14:00:00,0.10531,0.10531,0.10531,0.0,0.6177850103861083,539.7765784740006,-0.0,65.14505174379093,0.0,474.6315267302097,474.6315267302097,0.0,0.0
8102,2019-12-04 14:00:00,12,2019-12-04 15:00:00,0.10531,0.10531,0.10531,0.0,0.49976861229953057,524.4455708060285,-0.0,49.8140440758188,0.0,474.6315267302097,474.6315267302097,0.0,0.0
8103,2019-12-04 15:00:00,12,2019-12-04 16:00:00,0.10531,0.10531,0.10531,0.0,0.40952577882884433,513.8416653592543,-0.0,39.21013862904459,0.0,474.6315267302097,474.6315267302097,0.0,0.0
8104,2019-12-04 16:00:00,12,2019-12-04 17:00:00,0.13592,0.13592,0.13592,0.0,0.3384929189936186,519.2500049196541,-0.0,44.618478189444374,0.0,474.6315267302097,474.6315267302097,0.0,0.0
8105,2019-12-04 17:00:00,12,2019-12-04 18:00:00,0.13592,0.13592,0.13592,0.0,0.25766234256346576,530.8175704830236,-0.0,56.18604375281387,0.0,474.6315267302097,474.6315267302097,0.0,0.0
8106,2019-12-04 18:00:00,12,2019-12-04 19:00:00,0.13592,0.13592,0.13592,0.0,0.15587603141706385,513.3022120836918,-0.0,56.11536174536731,0.0,457.18685033832446,457.18685033832446,0.0,0.0
8107,2019-12-04 19:00:00,12,2019-12-04 20:00:00,0.13592,0.13592,0.13592,0.0,0.054217767385601336,476.95973432706165,-0.0,2.3282075968519393,0.0,474.6315267302097,474.6315267302097,0.0,0.0
8108,2019-12-04 20:00:00,12,2019-12-04 21:00:00,0.13592,0.13592,0.13592,0.0,0.05,420.82709202232564,-0.0,0.0,0.0,420.82709202232564,420.82709202232564,0.0,1.0
8109,2019-12-04 21:00:00,12,2019-12-04 22:00:00,0.10531,0.10531,0.10531,0.0,0.05,299.1812422544137,-0.0,0.0,0.0,299.1812422544137,299.1812422544137,0.0,0.0
8110,2019-12-04 22:00:00,12,2019-12-04 23:00:00,0.10531,0.10531,0.10531,0.0,0.05,195.25301676518646,-0.0,0.0,0.0,195.25301676518646,195.25301676518646,0.0,0.0
8111,2019-12-04 23:00:00,12,2019-12-05 00:00:00,0.10531,0.10531,0.10531,0.0,0.05,265.4246859614532,-0.0,0.0,0.0,265.4246859614532,265.4246859614532,0.0,1.0
8112,2019-12-05 00:00:00,12,2019-12-05 01:00:00,0.10531,0.10531,0.10531,0.0,0.05,203.51244482166737,-0.0,0.0,0.0,203.51244482166737,203.51244482166737,0.0,0.0
8113,2019-12-05 01:00:00,12,2019-12-05 02:00:00,0.10531,0.10531,0.10531,0.0,0.05,187.00561060828795,-0.0,0.0,0.0,187.00561060828795,187.00561060828795,0.0,0.0
8114,2019-12-05 02:00:00,12,2019-12-05 03:00:00,0.10531,0.10531,0.10531,0.0,0.05,189.1925345202957,-0.0,0.0,0.0,189.1925345202957,189.1925345202957,0.0,0.0
8115,2019-12-05 03:00:00,12,2019-12-05 04:00:00,0.10531,0.10531,0.10531,0.0,0.05,192.1923369543788,-0.0,0.0,0.0,192.1923369543788,192.1923369543788,0.0,0.0
8116,2019-12-05 04:00:00,12,2019-12-05 05:00:00,0.10531,0.10531,0.10531,0.0,0.05,246.06168363043523,-201.69958400893978,0.0,0.0,447.761267639375,447.761267639375,0.0,1.0
8117,2019-12-05 05:00:00,12,2019-12-05 06:00:00,0.10531,0.10531,0.10531,0.0,0.3592726954803743,243.6579412975862,-235.49333341359903,0.0,0.0,479.15127471118524,479.15127471118524,0.0,1.0
8118,2019-12-05 06:00:00,12,2019-12-05 07:00:00,0.10531,0.10531,0.10531,0.0,0.7203624733812262,330.9861971404829,-0.0,0.0,0.0,330.9861971404829,330.9861971404829,0.0,0.0
8119,2019-12-05 07:00:00,12,2019-12-05 08:00:00,0.10531,0.10531,0.10531,0.0,0.7203624733812262,316.44301641456263,-162.7082582966226,0.0,0.0,479.15127471118524,479.15127471118524,0.0,1.0
8120,2019-12-05 08:00:00,12,2019-12-05 09:00:00,0.10531,0.10531,0.10531,0.0,0.9698484694360475,459.48723303904234,-19.6640416721429,0.0,0.0,479.15127471118524,479.15127471118524,0.0,1.0
8121,2019-12-05 09:00:00,12,2019-12-05 10:00:00,0.10531,0.10531,0.10531,0.0,1.0,522.4764875362641,-0.0,43.32521282507889,0.0,479.15127471118524,479.15127471118524,0.0,0.0
8122,2019-12-05 10:00:00,12,2019-12-05 11:00:00,0.10531,0.10531,0.10531,0.0,0.9215122956067412,505.91893608495405,-0.0,26.767661373768817,0.0,479.15127471118524,479.15127471118524,0.0,0.0
8123,2019-12-05 11:00:00,12,2019-12-05 12:00:00,0.10531,0.10531,0.10531,0.0,0.8730201554368701,573.951969545073,-0.0,94.80069483388775,0.0,479.15127471118524,479.15127471118524,0.0,0.0
8124,2019-12-05 12:00:00,12,2019-12-05 13:00:00,0.10531,0.10531,0.10531,0.0,0.7012797662450443,549.7669077339087,-0.0,70.61563302272354,0.0,479.15127471118524,479.15127471118524,0.0,0.0
8125,2019-12-05 13:00:00,12,2019-12-05 14:00:00,0.10531,0.10531,0.10531,0.0,0.5733528948270669,545.1153676904748,-0.0,65.96409297928963,0.0,479.15127471118524,479.15127471118524,0.0,0.0
8126,2019-12-05 14:00:00,12,2019-12-05 15:00:00,0.10531,0.10531,0.10531,0.0,0.4538527263863248,532.7780444511019,-0.0,53.62676973991668,0.0,479.15127471118524,479.15127471118524,0.0,0.0
8127,2019-12-05 15:00:00,12,2019-12-05 16:00:00,0.10531,0.10531,0.10531,0.0,0.35670278120531634,522.1019821755234,-0.0,42.950707464338166,0.0,479.15127471118524,479.15127471118524,0.0,0.0
8128,2019-12-05 16:00:00,12,2019-12-05 17:00:00,0.13592,0.13592,0.13592,0.0,0.27889352855252963,516.8524796562457,-0.0,37.701204945060454,0.0,479.15127471118524,479.15127471118524,0.0,0.0
8129,2019-12-05 17:00:00,12,2019-12-05 18:00:00,0.13592,0.13592,0.13592,0.0,0.21059424423176779,528.0022439436455,-0.0,48.850969232460244,0.0,479.15127471118524,479.15127471118524,0.0,0.0
8130,2019-12-05 18:00:00,12,2019-12-05 19:00:00,0.13592,0.13592,0.13592,0.0,0.12209611156426727,518.9483282946608,-0.0,39.79705358347553,0.0,479.15127471118524,479.15127471118524,0.0,0.0
8131,2019-12-05 19:00:00,12,2019-12-05 20:00:00,0.13592,0.13592,0.13592,0.0,0.05,475.36339884269694,-0.0,0.0,0.0,475.36339884269694,475.36339884269694,0.0,1.0
8132,2019-12-05 20:00:00,12,2019-12-05 21:00:00,0.13592,0.13592,0.13592,0.0,0.05,416.64388683824143,-0.0,0.0,0.0,416.64388683824143,416.64388683824143,0.0,1.0
8133,2019-12-05 21:00:00,12,2019-12-05 22:00:00,0.10531,0.10531,0.10531,0.0,0.05,291.5627022139892,-0.0,0.0,0.0,291.5627022139892,291.5627022139892,0.0,1.0
8134,2019-12-05 22:00:00,12,2019-12-05 23:00:00,0.10531,0.10531,0.10531,0.0,0.05,192.09444196708213,-0.0,0.0,0.0,192.09444196708213,192.09444196708213,0.0,0.0
8135,2019-12-05 23:00:00,12,2019-12-06 00:00:00,0.10531,0.10531,0.10531,0.0,0.05,259.08534308144027,-0.0,0.0,0.0,259.08534308144027,259.08534308144027,0.0,1.0
8136,2019-12-06 00:00:00,12,2019-12-06 01:00:00,0.10531,0.10531,0.10531,0.0,0.05,197.90860828908376,-0.0,0.0,0.0,197.90860828908376,197.90860828908376,0.0,0.0
8137,2019-12-06 01:00:00,12,2019-12-06 02:00:00,0.10531,0.10531,0.10531,0.0,0.05,180.18169571381463,-0.0,0.0,0.0,180.18169571381463,180.18169571381463,0.0,0.0
8138,2019-12-06 02:00:00,12,2019-12-06 03:00:00,0.10531,0.10531,0.10531,0.0,0.05,177.74740087798028,-0.0,0.0,0.0,177.74740087798028,177.74740087798028,0.0,0.0
8139,2019-12-06 03:00:00,12,2019-12-06 04:00:00,0.10531,0.10531,0.10531,0.0,0.05,175.5683380921289,-0.0,0.0,0.0,175.5683380921289,175.5683380921289,0.0,0.0
8140,2019-12-06 04:00:00,12,2019-12-06 05:00:00,0.10531,0.10531,0.10531,0.0,0.05,187.06491245420125,-0.0,0.0,0.0,187.06491245420125,187.06491245420125,0.0,0.0
8141,2019-12-06 05:00:00,12,2019-12-06 06:00:00,0.10531,0.10531,0.10531,0.0,0.05,183.88825523091637,-159.70590094888908,0.0,0.0,343.59415617980545,343.59415617980545,0.0,1.0
8142,2019-12-06 06:00:00,12,2019-12-06 07:00:00,0.10531,0.10531,0.10531,0.0,0.29488238145496326,269.0974344295248,-210.72471318431195,0.0,0.0,479.82214761383676,479.82214761383676,0.0,1.0
8143,2019-12-06 07:00:00,12,2019-12-06 08:00:00,0.10531,0.10531,0.10531,0.0,0.617993608337575,269.1113642738783,-210.71078333995848,0.0,0.0,479.82214761383676,479.82214761383676,0.0,1.0
8144,2019-12-06 08:00:00,12,2019-12-06 09:00:00,0.10531,0.10531,0.10531,0.0,0.9410834761255112,441.39832769569193,-38.42381991814483,0.0,0.0,479.82214761383676,479.82214761383676,0.0,1.0
8145,2019-12-06 09:00:00,12,2019-12-06 10:00:00,0.10531,0.10531,0.10531,0.0,1.0,513.784697886408,-0.0,33.962550272571264,0.0,479.82214761383676,479.82214761383676,0.0,0.0
8146,2019-12-06 10:00:00,12,2019-12-06 11:00:00,0.10531,0.10531,0.10531,0.0,0.9384736408105594,501.06410606985054,-0.0,21.241958456013776,0.0,479.82214761383676,479.82214761383676,0.0,0.0
8147,2019-12-06 11:00:00,12,2019-12-06 12:00:00,0.10531,0.10531,0.10531,0.0,0.8999918320134331,572.6756259166643,-0.0,92.85347830282757,0.0,479.82214761383676,479.82214761383676,0.0,0.0
8148,2019-12-06 12:00:00,12,2019-12-06 13:00:00,0.10531,0.10531,0.10531,0.0,0.7317790090010643,553.437099523683,-0.0,73.61495190984618,0.0,479.82214761383676,479.82214761383676,0.0,0.0
8149,2019-12-06 13:00:00,12,2019-12-06 14:00:00,0.10531,0.10531,0.10531,0.0,0.5984185888745314,553.2395823732531,-0.0,73.41743475941638,0.0,479.82214761383676,479.82214761383676,0.0,0.0
8150,2019-12-06 14:00:00,12,2019-12-06 15:00:00,0.10531,0.10531,0.10531,0.0,0.46541598967268993,542.5930945095342,-0.0,62.77094689569748,0.0,479.82214761383676,479.82214761383676,0.0,0.0
8151,2019-12-06 15:00:00,12,2019-12-06 16:00:00,0.10531,0.10531,0.10531,0.0,0.35170050616599174,532.806975739478,-0.0,52.984828125641286,0.0,479.82214761383676,479.82214761383676,0.0,0.0
8152,2019-12-06 16:00:00,12,2019-12-06 17:00:00,0.13592,0.13592,0.13592,0.0,0.2557134986920039,524.5659908976394,-0.0,44.74384328380262,0.0,479.82214761383676,479.82214761383676,0.0,0.0
8153,2019-12-06 17:00:00,12,2019-12-06 18:00:00,0.13592,0.13592,0.13592,0.0,0.17465581158366594,523.0957178523244,-0.0,43.27357023848759,0.0,479.82214761383676,479.82214761383676,0.0,0.0
8154,2019-12-06 18:00:00,12,2019-12-06 19:00:00,0.13592,0.13592,0.13592,0.0,0.09626166260089855,505.35858536953276,-0.0,25.536437755696,0.0,479.82214761383676,479.82214761383676,0.0,0.0
8155,2019-12-06 19:00:00,12,2019-12-06 20:00:00,0.13592,0.13592,0.13592,0.0,0.05,466.87086554181514,-0.0,0.0,0.0,466.87086554181514,466.87086554181514,0.0,1.0
8156,2019-12-06 20:00:00,12,2019-12-06 21:00:00,0.13592,0.13592,0.13592,0.0,0.05,409.0858144448896,-0.0,0.0,0.0,409.0858144448896,409.0858144448896,0.0,1.0
8157,2019-12-06 21:00:00,12,2019-12-06 22:00:00,0.10531,0.10531,0.10531,0.0,0.05,287.79599748542523,-6.237658463479562,0.0,0.0,294.03365594890477,294.03365594890477,0.0,1.0
8158,2019-12-06 22:00:00,12,2019-12-06 23:00:00,0.10531,0.10531,0.10531,0.0,0.059564409644002,182.0633869689932,-0.0,0.0,0.0,182.0633869689932,182.0633869689932,0.0,0.0
8159,2019-12-06 23:00:00,12,2019-12-07 00:00:00,0.10531,0.10531,0.10531,0.0,0.059564409644002,253.38315876390084,-0.0,0.0,0.0,253.38315876390084,253.38315876390084,0.0,0.0
8160,2019-12-07 00:00:00,12,2019-12-07 01:00:00,0.10531,0.10531,0.10531,0.0,0.059564409644002,192.98856295277568,-0.0,0.0,0.0,192.98856295277568,192.98856295277568,0.0,0.0
8161,2019-12-07 01:00:00,12,2019-12-07 02:00:00,0.10531,0.10531,0.10531,0.0,0.059564409644002,176.37652506169115,-0.0,0.0,0.0,176.37652506169115,176.37652506169115,0.0,0.0
8162,2019-12-07 02:00:00,12,2019-12-07 03:00:00,0.10531,0.10531,0.10531,0.0,0.059564409644002,174.46220627904995,-0.0,0.0,0.0,174.46220627904995,174.46220627904995,0.0,0.0
8163,2019-12-07 03:00:00,12,2019-12-07 04:00:00,0.10531,0.10531,0.10531,0.0,0.059564409644002,172.72567267309043,-0.0,0.0,0.0,172.72567267309043,172.72567267309043,0.0,0.0
8164,2019-12-07 04:00:00,12,2019-12-07 05:00:00,0.10531,0.10531,0.10531,0.0,0.059564409644002,184.76670178073394,-137.30175267530615,0.0,0.0,322.06845445604006,322.06845445604006,0.0,1.0
8165,2019-12-07 05:00:00,12,2019-12-07 06:00:00,0.10531,0.10531,0.10531,0.0,0.27009376374613814,182.25654927792837,-0.0,0.0,0.0,182.25654927792837,182.25654927792837,0.0,0.0
8166,2019-12-07 06:00:00,12,2019-12-07 07:00:00,0.10531,0.10531,0.10531,0.0,0.27009376374613814,276.0761123394376,-213.53459329226806,0.0,0.0,489.6107056317056,489.6107056317056,0.0,1.0
8167,2019-12-07 07:00:00,12,2019-12-07 08:00:00,0.10531,0.10531,0.10531,0.0,0.5975134734609492,270.2454125557485,-219.36529307595717,0.0,0.0,489.6107056317056,489.6107056317056,0.0,1.0
8168,2019-12-07 08:00:00,12,2019-12-07 09:00:00,0.10531,0.10531,0.10531,0.0,0.9338735895107503,446.4847857474123,-43.12591988429335,0.0,0.0,489.6107056317056,489.6107056317056,0.0,1.0
8169,2019-12-07 09:00:00,12,2019-12-07 10:00:00,0.10531,0.10531,0.10531,0.0,1.0,522.7609292188008,-0.0,33.150223587095184,0.0,489.6107056317056,489.6107056317056,0.0,0.0
8170,2019-12-07 10:00:00,12,2019-12-07 11:00:00,0.10531,0.10531,0.10531,0.0,0.9399452471248275,514.3274658545604,-0.0,24.71676022285473,0.0,489.6107056317056,489.6107056317056,0.0,0.0
8171,2019-12-07 11:00:00,12,2019-12-07 12:00:00,0.10531,0.10531,0.10531,0.0,0.8951685075906703,585.0433504448041,-0.0,95.43264481309845,0.0,489.6107056317056,489.6107056317056,0.0,0.0
8172,2019-12-07 12:00:00,12,2019-12-07 13:00:00,0.10531,0.10531,0.10531,0.0,0.7222832814799849,569.0119038123701,-0.0,79.40119818066441,0.0,489.6107056317056,489.6107056317056,0.0,0.0
8173,2019-12-07 13:00:00,12,2019-12-07 14:00:00,0.10531,0.10531,0.10531,0.0,0.5784405311526942,563.7624595724841,-0.0,74.15175394077843,0.0,489.6107056317056,489.6107056317056,0.0,0.0
8174,2019-12-07 14:00:00,12,2019-12-07 15:00:00,0.10531,0.10531,0.10531,0.0,0.44410764357882027,547.1473152473295,-0.0,57.53660961562386,0.0,489.6107056317056,489.6107056317056,0.0,0.0
8175,2019-12-07 15:00:00,12,2019-12-07 16:00:00,0.10531,0.10531,0.10531,0.0,0.33987465514471904,529.6895444291919,-0.0,40.07883879748624,0.0,489.6107056317056,489.6107056317056,0.0,0.0
8176,2019-12-07 16:00:00,12,2019-12-07 17:00:00,0.13592,0.13592,0.13592,0.0,0.2672680631202877,525.4043380896637,-0.0,35.79363245795807,0.0,489.6107056317056,489.6107056317056,0.0,0.0
8177,2019-12-07 17:00:00,12,2019-12-07 18:00:00,0.13592,0.13592,0.13592,0.0,0.20242452605876943,538.7079886692812,-0.0,49.09728303757558,0.0,489.6107056317056,489.6107056317056,0.0,0.0
8178,2019-12-07 18:00:00,12,2019-12-07 19:00:00,0.13592,0.13592,0.13592,0.0,0.11348017272982816,523.2084351893304,-0.0,33.597729557624774,0.0,489.6107056317056,489.6107056317056,0.0,0.0
8179,2019-12-07 19:00:00,12,2019-12-07 20:00:00,0.13592,0.13592,0.13592,0.0,0.052614720632681765,491.054031420946,-0.0,1.4433257892403333,0.0,489.6107056317056,489.6107056317056,0.0,0.0
8180,2019-12-07 20:00:00,12,2019-12-07 21:00:00,0.13592,0.13592,0.13592,0.0,0.05,433.3591235830794,-0.0,0.0,0.0,433.3591235830794,433.3591235830794,0.0,0.0
8181,2019-12-07 21:00:00,12,2019-12-07 22:00:00,0.10531,0.10531,0.10531,0.0,0.05,306.3605806962198,-0.0,0.0,0.0,306.3605806962198,306.3605806962198,0.0,0.0
8182,2019-12-07 22:00:00,12,2019-12-07 23:00:00,0.10531,0.10531,0.10531,0.0,0.05,201.68440540329104,-0.0,0.0,0.0,201.68440540329104,201.68440540329104,0.0,0.0
8183,2019-12-07 23:00:00,12,2019-12-08 00:00:00,0.10531,0.10531,0.10531,0.0,0.05,271.7517810296331,-144.6645098641547,0.0,0.0,416.4162908937878,416.4162908937878,0.0,1.0
8184,2019-12-08 00:00:00,12,2019-12-08 01:00:00,0.10531,0.10531,0.10531,0.0,0.2718189151250372,212.2995951926535,-0.0,0.0,0.0,212.2995951926535,212.2995951926535,0.0,0.0
8185,2019-12-08 01:00:00,12,2019-12-08 02:00:00,0.10531,0.10531,0.10531,0.0,0.2718189151250372,195.58645273521344,-0.0,0.0,0.0,195.58645273521344,195.58645273521344,0.0,0.0
8186,2019-12-08 02:00:00,12,2019-12-08 03:00:00,0.10531,0.10531,0.10531,0.0,0.2718189151250372,194.38814304490913,-0.0,0.0,0.0,194.38814304490913,194.38814304490913,0.0,0.0
8187,2019-12-08 03:00:00,12,2019-12-08 04:00:00,0.10531,0.10531,0.10531,0.0,0.2718189151250372,193.96527420851785,-0.0,0.0,0.0,193.96527420851785,193.96527420851785,0.0,0.0
8188,2019-12-08 04:00:00,12,2019-12-08 05:00:00,0.10531,0.10531,0.10531,0.0,0.2718189151250372,240.18006240017013,-150.01352721805537,0.0,0.0,390.1935896182255,390.1935896182255,0.0,1.0
8189,2019-12-08 05:00:00,12,2019-12-08 06:00:00,0.10531,0.10531,0.10531,0.0,0.5018396568593888,239.79149311944806,-0.0,0.0,0.0,239.79149311944806,239.79149311944806,0.0,0.0
8190,2019-12-08 06:00:00,12,2019-12-08 07:00:00,0.10531,0.10531,0.10531,0.0,0.5018396568593888,334.3483324618998,-155.2623731698058,0.0,0.0,489.6107056317056,489.6107056317056,0.0,1.0
8191,2019-12-08 07:00:00,12,2019-12-08 08:00:00,0.10531,0.10531,0.10531,0.0,0.7399086290530911,319.98589849241716,-169.62480713928846,0.0,0.0,489.6107056317056,489.6107056317056,0.0,1.0
8192,2019-12-08 08:00:00,12,2019-12-08 09:00:00,0.10531,0.10531,0.10531,0.0,1.0,458.4275880854693,-0.0,0.0,0.0,458.4275880854693,458.4275880854693,0.0,0.0
8193,2019-12-08 09:00:00,12,2019-12-08 10:00:00,0.10531,0.10531,0.10531,0.0,1.0,515.4357240775612,-0.0,25.825018445855562,0.0,489.6107056317056,489.6107056317056,0.0,0.0
8194,2019-12-08 10:00:00,12,2019-12-08 11:00:00,0.10531,0.10531,0.10531,0.0,0.9532155462937401,503.8957798446112,-0.0,14.285074212905556,0.0,489.6107056317056,489.6107056317056,0.0,0.0
8195,2019-12-08 11:00:00,12,2019-12-08 12:00:00,0.10531,0.10531,0.10531,0.0,0.9273367886616647,571.9446541219651,-0.0,82.33394849025944,0.0,489.6107056317056,489.6107056317056,0.0,0.0
8196,2019-12-08 12:00:00,12,2019-12-08 13:00:00,0.10531,0.10531,0.10531,0.0,0.7781810848749628,549.4478971992985,-0.0,59.83719156759287,0.0,489.6107056317056,489.6107056317056,0.0,0.0
8197,2019-12-08 13:00:00,12,2019-12-08 14:00:00,0.10531,0.10531,0.10531,0.0,0.6697803755133817,548.2308061808227,-0.0,58.62010054911707,0.0,489.6107056317056,489.6107056317056,0.0,0.0
8198,2019-12-08 14:00:00,12,2019-12-08 15:00:00,0.10531,0.10531,0.10531,0.0,0.563584541185271,536.3539976710807,-0.0,46.74329203937509,0.0,489.6107056317056,489.6107056317056,0.0,0.0
8199,2019-12-08 15:00:00,12,2019-12-08 16:00:00,0.10531,0.10531,0.10531,0.0,0.47890466430234513,527.135529379765,-0.0,37.52482374805936,0.0,489.6107056317056,489.6107056317056,0.0,0.0
8200,2019-12-08 16:00:00,12,2019-12-08 17:00:00,0.13592,0.13592,0.13592,0.0,0.4109249111355709,527.8433346457989,-0.0,38.23262901409328,0.0,489.6107056317056,489.6107056317056,0.0,0.0
8201,2019-12-08 17:00:00,12,2019-12-08 18:00:00,0.13592,0.13592,0.13592,0.0,0.34166290205206856,536.7587750266248,-0.0,47.14806939491916,0.0,489.6107056317056,489.6107056317056,0.0,0.0
8202,2019-12-08 18:00:00,12,2019-12-08 19:00:00,0.13592,0.13592,0.13592,0.0,0.25624973285837443,519.535457899297,-0.0,113.84985253782271,0.0,405.68560536147425,405.68560536147425,0.0,0.0
8203,2019-12-08 19:00:00,12,2019-12-08 20:00:00,0.13592,0.13592,0.13592,0.0,0.05,472.37526787492266,-0.0,0.0,0.0,472.37526787492266,472.37526787492266,0.0,1.0
8204,2019-12-08 20:00:00,12,2019-12-08 21:00:00,0.13592,0.13592,0.13592,0.0,0.05,418.4094775636766,-0.0,0.0,0.0,418.4094775636766,418.4094775636766,0.0,1.0
8205,2019-12-08 21:00:00,12,2019-12-08 22:00:00,0.10531,0.10531,0.10531,0.0,0.05,300.12950895513166,-0.0,0.0,0.0,300.12950895513166,300.12950895513166,0.0,1.0
8206,2019-12-08 22:00:00,12,2019-12-08 23:00:00,0.10531,0.10531,0.10531,0.0,0.05,208.93614037487703,-0.0,0.0,0.0,208.93614037487703,208.93614037487703,0.0,0.0
8207,2019-12-08 23:00:00,12,2019-12-09 00:00:00,0.10531,0.10531,0.10531,0.0,0.05,278.81303470361985,-0.0,0.0,0.0,278.81303470361985,278.81303470361985,0.0,1.0
8208,2019-12-09 00:00:00,12,2019-12-09 01:00:00,0.10531,0.10531,0.10531,0.0,0.05,215.38694433107557,-0.0,0.0,0.0,215.38694433107557,215.38694433107557,0.0,0.0
8209,2019-12-09 01:00:00,12,2019-12-09 02:00:00,0.10531,0.10531,0.10531,0.0,0.05,198.6278360473037,-0.0,0.0,0.0,198.6278360473037,198.6278360473037,0.0,0.0
8210,2019-12-09 02:00:00,12,2019-12-09 03:00:00,0.10531,0.10531,0.10531,0.0,0.05,196.37484324398858,-0.0,0.0,0.0,196.37484324398858,196.37484324398858,0.0,0.0
8211,2019-12-09 03:00:00,12,2019-12-09 04:00:00,0.10531,0.10531,0.10531,0.0,0.05,194.67438678140584,-0.0,0.0,0.0,194.67438678140584,194.67438678140584,0.0,0.0
8212,2019-12-09 04:00:00,12,2019-12-09 05:00:00,0.10531,0.10531,0.10531,0.0,0.05,206.89602116887275,-0.0,0.0,0.0,206.89602116887275,206.89602116887275,0.0,0.0
8213,2019-12-09 05:00:00,12,2019-12-09 06:00:00,0.10531,0.10531,0.10531,0.0,0.05,204.42660469583558,-179.49085053425515,0.0,0.0,383.9174552300907,383.9174552300907,0.0,1.0
8214,2019-12-09 06:00:00,12,2019-12-09 07:00:00,0.10531,0.10531,0.10531,0.0,0.32521930415252454,271.1564323856478,-218.45427324605782,0.0,0.0,489.6107056317056,489.6107056317056,0.0,1.0
8215,2019-12-09 07:00:00,12,2019-12-09 08:00:00,0.10531,0.10531,0.10531,0.0,0.6601825231298132,267.99061202071425,-221.62009361099138,0.0,0.0,489.6107056317056,489.6107056317056,0.0,1.0
8216,2019-12-09 08:00:00,12,2019-12-09 09:00:00,0.10531,0.10531,0.10531,0.0,1.0,397.1014962669397,-0.0,0.0,0.0,397.1014962669397,397.1014962669397,0.0,0.0
8217,2019-12-09 09:00:00,12,2019-12-09 10:00:00,0.10531,0.10531,0.10531,0.0,1.0,441.81092871008116,-0.0,0.0,0.0,441.81092871008116,441.81092871008116,0.0,0.0
8218,2019-12-09 10:00:00,12,2019-12-09 11:00:00,0.10531,0.10531,0.10531,0.0,1.0,497.6686596901383,-0.0,8.0579540584327,0.0,489.6107056317056,489.6107056317056,0.0,0.0
8219,2019-12-09 11:00:00,12,2019-12-09 12:00:00,0.10531,0.10531,0.10531,0.0,0.9854022571405204,567.0816650065696,-0.0,77.47095937486392,0.0,489.6107056317056,489.6107056317056,0.0,0.0
8220,2019-12-09 12:00:00,12,2019-12-09 13:00:00,0.10531,0.10531,0.10531,0.0,0.8450563162440278,541.3763759499001,-0.0,51.76567031819445,0.0,489.6107056317056,489.6107056317056,0.0,0.0
8221,2019-12-09 13:00:00,12,2019-12-09 14:00:00,0.10531,0.10531,0.10531,0.0,0.7512779279864292,538.8304162249373,-0.0,49.21971059323164,0.0,489.6107056317056,489.6107056317056,0.0,0.0
8222,2019-12-09 14:00:00,12,2019-12-09 15:00:00,0.10531,0.10531,0.10531,0.0,0.6621117856073864,527.8250742585749,-0.0,38.21436862686926,0.0,489.6107056317056,489.6107056317056,0.0,0.0
8223,2019-12-09 15:00:00,12,2019-12-09 16:00:00,0.10531,0.10531,0.10531,0.0,0.5928828569355218,520.101296114746,-0.0,30.490590483040364,0.0,489.6107056317056,489.6107056317056,0.0,0.0
8224,2019-12-09 16:00:00,12,2019-12-09 17:00:00,0.13592,0.13592,0.13592,0.0,0.5376462799734921,527.0880267298011,-0.0,188.69012014847345,0.0,338.3979065813276,338.3979065813276,0.0,0.0
8225,2019-12-09 17:00:00,12,2019-12-09 18:00:00,0.13592,0.13592,0.13592,0.0,0.19581635216828666,547.9099730946572,-0.0,58.29926746295155,0.0,489.6107056317056,489.6107056317056,0.0,0.0
8226,2019-12-09 18:00:00,12,2019-12-09 19:00:00,0.13592,0.13592,0.13592,0.0,0.09020173719917154,511.8020645656483,-0.0,22.191358933942695,0.0,489.6107056317056,489.6107056317056,0.0,0.0
8227,2019-12-09 19:00:00,12,2019-12-09 20:00:00,0.13592,0.13592,0.13592,0.0,0.05,423.4803961884251,-0.0,0.0,0.0,423.4803961884251,423.4803961884251,0.0,1.0
8228,2019-12-09 20:00:00,12,2019-12-09 21:00:00,0.13592,0.13592,0.13592,0.0,0.05,393.8330522453051,-0.0,0.0,0.0,393.8330522453051,393.8330522453051,0.0,1.0
8229,2019-12-09 21:00:00,12,2019-12-09 22:00:00,0.10531,0.10531,0.10531,0.0,0.05,293.72877046941073,-0.0,0.0,0.0,293.72877046941073,293.72877046941073,0.0,1.0
8230,2019-12-09 22:00:00,12,2019-12-09 23:00:00,0.10531,0.10531,0.10531,0.0,0.05,213.71793788096443,-0.0,0.0,0.0,213.71793788096443,213.71793788096443,0.0,0.0
8231,2019-12-09 23:00:00,12,2019-12-10 00:00:00,0.10531,0.10531,0.10531,0.0,0.05,281.43221416198793,-0.0,0.0,0.0,281.43221416198793,281.43221416198793,0.0,1.0
8232,2019-12-10 00:00:00,12,2019-12-10 01:00:00,0.10531,0.10531,0.10531,0.0,0.05,222.81704558908362,-0.0,0.0,0.0,222.81704558908362,222.81704558908362,0.0,0.0
8233,2019-12-10 01:00:00,12,2019-12-10 02:00:00,0.10531,0.10531,0.10531,0.0,0.05,204.61584194372242,-0.0,0.0,0.0,204.61584194372242,204.61584194372242,0.0,0.0
8234,2019-12-10 02:00:00,12,2019-12-10 03:00:00,0.10531,0.10531,0.10531,0.0,0.05,201.5420802953574,-0.0,0.0,0.0,201.5420802953574,201.5420802953574,0.0,0.0
8235,2019-12-10 03:00:00,12,2019-12-10 04:00:00,0.10531,0.10531,0.10531,0.0,0.05,198.87796695761614,-0.0,0.0,0.0,198.87796695761614,198.87796695761614,0.0,0.0
8236,2019-12-10 04:00:00,12,2019-12-10 05:00:00,0.10531,0.10531,0.10531,0.0,0.05,210.05278067910643,-0.0,0.0,0.0,210.05278067910643,210.05278067910643,0.0,0.0
8237,2019-12-10 05:00:00,12,2019-12-10 06:00:00,0.10531,0.10531,0.10531,0.0,0.05,206.66052883594315,-251.85628279011635,0.0,0.0,458.5168116260595,458.5168116260595,0.0,1.0
8238,2019-12-10 06:00:00,12,2019-12-10 07:00:00,0.10531,0.10531,0.10531,0.0,0.4361796336115117,271.4342006260532,-187.0826110000063,0.0,0.0,458.5168116260595,458.5168116260595,0.0,1.0
8239,2019-12-10 07:00:00,12,2019-12-10 08:00:00,0.10531,0.10531,0.10531,0.0,0.7230396371448548,266.05980192648764,-0.0,0.0,0.0,266.05980192648764,266.05980192648764,0.0,0.0
8240,2019-12-10 08:00:00,12,2019-12-10 09:00:00,0.10531,0.10531,0.10531,0.0,0.7230396371448548,339.51977258697684,-67.88657237470917,0.0,0.0,407.40634496168605,407.40634496168605,0.0,1.0
8241,2019-12-10 09:00:00,12,2019-12-10 10:00:00,0.10531,0.10531,0.10531,0.0,0.8271323814527421,293.7787283794415,-0.0,0.0,0.0,293.7787283794415,293.7787283794415,0.0,1.0
8242,2019-12-10 10:00:00,12,2019-12-10 11:00:00,0.10531,0.10531,0.10531,0.0,0.8271323814527421,370.12786761871627,-88.38894400734324,0.0,0.0,458.5168116260595,458.5168116260595,0.0,1.0
8243,2019-12-10 11:00:00,12,2019-12-10 12:00:00,0.10531,0.10531,0.10531,0.0,0.9626620955973351,434.1660044069302,-24.350807219129308,0.0,0.0,458.5168116260595,458.5168116260595,0.0,1.0
8244,2019-12-10 12:00:00,12,2019-12-10 13:00:00,0.10531,0.10531,0.10531,0.0,1.0,458.5168116260595,-0.0,0.0,0.0,458.5168116260595,458.5168116260595,0.0,1.0
8245,2019-12-10 13:00:00,12,2019-12-10 14:00:00,0.10531,0.10531,0.10531,0.0,1.0,452.24135429239016,-0.0,0.0,0.0,452.24135429239016,452.24135429239016,0.0,1.0
8246,2019-12-10 14:00:00,12,2019-12-10 15:00:00,0.10531,0.10531,0.10531,0.0,1.0,441.5498161951167,-0.0,0.0,0.0,441.5498161951167,441.5498161951167,0.0,1.0
8247,2019-12-10 15:00:00,12,2019-12-10 16:00:00,0.10531,0.10531,0.10531,0.0,1.0,435.0990468675577,-0.0,0.0,0.0,435.0990468675577,435.0990468675577,0.0,0.0
8248,2019-12-10 16:00:00,12,2019-12-10 17:00:00,0.13592,0.13592,0.13592,0.0,1.0,440.4217309583209,-0.0,224.4,0.0,216.0217309583209,216.0217309583209,0.0,0.0
8249,2019-12-10 17:00:00,12,2019-12-10 18:00:00,0.13592,0.13592,0.13592,0.0,0.5934782608695652,395.90195491874556,-0.0,300.0,0.0,95.90195491874556,95.90195491874556,0.0,0.0
8250,2019-12-10 18:00:00,12,2019-12-10 19:00:00,0.13592,0.13592,0.13592,0.0,0.05,399.4967675509362,-0.0,0.0,0.0,399.4967675509362,399.4967675509362,0.0,0.0
8251,2019-12-10 19:00:00,12,2019-12-10 20:00:00,0.13592,0.13592,0.13592,0.0,0.05,360.58869059359137,-0.0,0.0,0.0,360.58869059359137,360.58869059359137,0.0,0.0
8252,2019-12-10 20:00:00,12,2019-12-10 21:00:00,0.13592,0.13592,0.13592,0.0,0.05,340.2592604118248,-0.0,0.0,0.0,340.2592604118248,340.2592604118248,0.0,0.0
8253,2019-12-10 21:00:00,12,2019-12-10 22:00:00,0.10531,0.10531,0.10531,0.0,0.05,306.79314480243187,-0.0,0.0,0.0,306.79314480243187,306.79314480243187,0.0,0.0
8254,2019-12-10 22:00:00,12,2019-12-10 23:00:00,0.10531,0.10531,0.10531,0.0,0.05,193.90590741318567,-0.0,0.0,0.0,193.90590741318567,193.90590741318567,0.0,0.0
8255,2019-12-10 23:00:00,12,2019-12-11 00:00:00,0.10531,0.10531,0.10531,0.0,0.05,262.27831573954643,-0.0,0.0,0.0,262.27831573954643,262.27831573954643,0.0,1.0
8256,2019-12-11 00:00:00,12,2019-12-11 01:00:00,0.10531,0.10531,0.10531,0.0,0.05,205.1675644133838,-0.0,0.0,0.0,205.1675644133838,205.1675644133838,0.0,0.0
8257,2019-12-11 01:00:00,12,2019-12-11 02:00:00,0.10531,0.10531,0.10531,0.0,0.05,187.1383983510028,-0.0,0.0,0.0,187.1383983510028,187.1383983510028,0.0,0.0
8258,2019-12-11 02:00:00,12,2019-12-11 03:00:00,0.10531,0.10531,0.10531,0.0,0.05,183.65449381087473,-0.0,0.0,0.0,183.65449381087473,183.65449381087473,0.0,0.0
8259,2019-12-11 03:00:00,12,2019-12-11 04:00:00,0.10531,0.10531,0.10531,0.0,0.05,180.52505704228773,-0.0,0.0,0.0,180.52505704228773,180.52505704228773,0.0,0.0
8260,2019-12-11 04:00:00,12,2019-12-11 05:00:00,0.10531,0.10531,0.10531,0.0,0.05,191.86997534664715,-0.0,0.0,0.0,191.86997534664715,191.86997534664715,0.0,0.0
8261,2019-12-11 05:00:00,12,2019-12-11 06:00:00,0.10531,0.10531,0.10531,0.0,0.05,189.10257952878476,-300.0,0.0,0.0,489.10257952878476,489.10257952878476,0.0,1.0
8262,2019-12-11 06:00:00,12,2019-12-11 07:00:00,0.10531,0.10531,0.10531,0.0,0.51,280.59198266597434,-91.54135933936992,0.0,0.0,372.1333420053443,372.1333420053443,0.0,1.0
8263,2019-12-11 07:00:00,12,2019-12-11 08:00:00,0.10531,0.10531,0.10531,0.0,0.6503634176537005,271.5997812556179,-218.0109243760877,0.0,0.0,489.6107056317056,489.6107056317056,0.0,1.0
8264,2019-12-11 08:00:00,12,2019-12-11 09:00:00,0.10531,0.10531,0.10531,0.0,0.9846468350303684,434.3151335018354,-0.0,0.0,0.0,434.3151335018354,434.3151335018354,0.0,0.0
8265,2019-12-11 09:00:00,12,2019-12-11 10:00:00,0.10531,0.10531,0.10531,0.0,0.9846468350303684,492.3864092148315,-0.0,2.7757035831258463,0.0,489.6107056317056,489.6107056317056,0.0,0.0
8266,2019-12-11 10:00:00,12,2019-12-11 11:00:00,0.10531,0.10531,0.10531,0.0,0.9796183865102129,476.3183490079315,-13.29235662377414,0.0,0.0,489.6107056317056,489.6107056317056,0.0,1.0
8267,2019-12-11 11:00:00,12,2019-12-11 12:00:00,0.10531,0.10531,0.10531,0.0,1.0,542.0679016550205,-0.0,52.45719602331485,0.0,489.6107056317056,489.6107056317056,0.0,0.0
8268,2019-12-11 12:00:00,12,2019-12-11 13:00:00,0.10531,0.10531,0.10531,0.0,0.90496884778385,509.6894035721624,-0.0,20.078697940456777,0.0,489.6107056317056,489.6107056317056,0.0,0.0
8269,2019-12-11 13:00:00,12,2019-12-11 14:00:00,0.10531,0.10531,0.10531,0.0,0.8685943949931675,504.28504893085807,-0.0,14.67434329915244,0.0,489.6107056317056,489.6107056317056,0.0,0.0
8270,2019-12-11 14:00:00,12,2019-12-11 15:00:00,0.10531,0.10531,0.10531,0.0,0.8420104397410796,494.2768897830836,-0.0,4.6661841513779905,0.0,489.6107056317056,489.6107056317056,0.0,0.0
8271,2019-12-11 15:00:00,12,2019-12-11 16:00:00,0.10531,0.10531,0.10531,0.0,0.8335572075827862,485.52281611212766,-4.0878895195779705,0.0,0.0,489.6107056317056,489.6107056317056,0.0,1.0
8272,2019-12-11 16:00:00,12,2019-12-11 17:00:00,0.13592,0.13592,0.13592,0.0,0.839825304846139,487.8697623684209,-0.0,124.23563671685253,0.0,363.63412565156835,363.63412565156835,0.0,0.0
8273,2019-12-11 17:00:00,12,2019-12-11 18:00:00,0.13592,0.13592,0.13592,0.0,0.6147607455764786,500.9391836049484,-0.0,11.328477973242798,0.0,489.6107056317056,489.6107056317056,0.0,0.0
8274,2019-12-11 18:00:00,12,2019-12-11 19:00:00,0.13592,0.13592,0.13592,0.0,0.5942381405524881,490.03015921667907,-0.0,0.4194535849734393,0.0,489.6107056317056,489.6107056317056,0.0,0.0
8275,2019-12-11 19:00:00,12,2019-12-11 20:00:00,0.13592,0.13592,0.13592,0.0,0.5934782608695652,452.52712377792255,-0.0,300.0,0.0,152.52712377792255,152.52712377792255,0.0,0.0
8276,2019-12-11 20:00:00,12,2019-12-11 21:00:00,0.13592,0.13592,0.13592,0.0,0.05,398.0117157911965,-0.0,0.0,0.0,398.0117157911965,398.0117157911965,0.0,1.0
8277,2019-12-11 21:00:00,12,2019-12-11 22:00:00,0.10531,0.10531,0.10531,0.0,0.05,277.14241023339207,-51.14904748646882,0.0,0.0,328.2914577198609,328.2914577198609,0.0,1.0
8278,2019-12-11 22:00:00,12,2019-12-11 23:00:00,0.10531,0.10531,0.10531,0.0,0.12842853947925217,170.12577161810103,-0.0,0.0,0.0,170.12577161810103,170.12577161810103,0.0,0.0
8279,2019-12-11 23:00:00,12,2019-12-12 00:00:00,0.10531,0.10531,0.10531,0.0,0.12842853947925217,242.96954910940948,-0.0,0.0,0.0,242.96954910940948,242.96954910940948,0.0,0.0
8280,2019-12-12 00:00:00,12,2019-12-12 01:00:00,0.10531,0.10531,0.10531,0.0,0.12842853947925217,179.1099755261981,-0.0,0.0,0.0,179.1099755261981,179.1099755261981,0.0,0.0
8281,2019-12-12 01:00:00,12,2019-12-12 02:00:00,0.10531,0.10531,0.10531,0.0,0.12842853947925217,163.41059548981065,-0.0,0.0,0.0,163.41059548981065,163.41059548981065,0.0,0.0
8282,2019-12-12 02:00:00,12,2019-12-12 03:00:00,0.10531,0.10531,0.10531,0.0,0.12842853947925217,162.68802533567396,-0.0,0.0,0.0,162.68802533567396,162.68802533567396,0.0,0.0
8283,2019-12-12 03:00:00,12,2019-12-12 04:00:00,0.10531,0.10531,0.10531,0.0,0.12842853947925217,162.19458888117052,-0.0,0.0,0.0,162.19458888117052,162.19458888117052,0.0,0.0
8284,2019-12-12 04:00:00,12,2019-12-12 05:00:00,0.10531,0.10531,0.10531,0.0,0.12842853947925217,214.98860933365367,-99.4727756671612,0.0,0.0,314.46138500081486,314.46138500081486,0.0,1.0
8285,2019-12-12 05:00:00,12,2019-12-12 06:00:00,0.10531,0.10531,0.10531,0.0,0.2809534621688994,228.41168209311303,-261.1990235385926,0.0,0.0,489.6107056317056,489.6107056317056,0.0,1.0
8286,2019-12-12 06:00:00,12,2019-12-12 07:00:00,0.10531,0.10531,0.10531,0.0,0.6814586315947414,306.0988214642537,-0.0,0.0,0.0,306.0988214642537,306.0988214642537,0.0,0.0
8287,2019-12-12 07:00:00,12,2019-12-12 08:00:00,0.10531,0.10531,0.10531,0.0,0.6814586315947414,281.8663349326239,-207.74437069908174,0.0,0.0,489.6107056317056,489.6107056317056,0.0,1.0
8288,2019-12-12 08:00:00,12,2019-12-12 09:00:00,0.10531,0.10531,0.10531,0.0,1.0,423.47946292883074,-0.0,0.0,0.0,423.47946292883074,423.47946292883074,0.0,0.0
8289,2019-12-12 09:00:00,12,2019-12-12 10:00:00,0.10531,0.10531,0.10531,0.0,1.0,477.6162140356349,-0.0,0.0,0.0,477.6162140356349,477.6162140356349,0.0,0.0
8290,2019-12-12 10:00:00,12,2019-12-12 11:00:00,0.10531,0.10531,0.10531,0.0,1.0,464.5688078896783,-0.0,0.0,0.0,464.5688078896783,464.5688078896783,0.0,0.0
8291,2019-12-12 11:00:00,12,2019-12-12 12:00:00,0.10531,0.10531,0.10531,0.0,1.0,532.9032594242528,-0.0,43.29255379254721,0.0,489.6107056317056,489.6107056317056,0.0,0.0
8292,2019-12-12 12:00:00,12,2019-12-12 13:00:00,0.10531,0.10531,0.10531,0.0,0.9215714605207478,501.47475490637225,-0.0,11.864049274666627,0.0,489.6107056317056,489.6107056317056,0.0,0.0
8293,2019-12-12 13:00:00,12,2019-12-12 14:00:00,0.10531,0.10531,0.10531,0.0,0.9000786176318589,496.26303483964404,-0.0,6.652329207938408,0.0,489.6107056317056,489.6107056317056,0.0,0.0
8294,2019-12-12 14:00:00,12,2019-12-12 15:00:00,0.10531,0.10531,0.10531,0.0,0.888027296602985,486.5897085983715,-3.0209970333341403,0.0,0.0,489.6107056317056,489.6107056317056,0.0,1.0
8295,2019-12-12 15:00:00,12,2019-12-12 16:00:00,0.10531,0.10531,0.10531,0.0,0.8926594920540973,481.4488593066588,-8.161846325046838,0.0,0.0,489.6107056317056,489.6107056317056,0.0,1.0
8296,2019-12-12 16:00:00,12,2019-12-12 17:00:00,0.13592,0.13592,0.13592,0.0,0.905174323085836,488.67074856737344,-0.0,152.18372346333518,0.0,336.48702510403825,336.48702510403825,0.0,0.0
8297,2019-12-12 17:00:00,12,2019-12-12 18:00:00,0.13592,0.13592,0.13592,0.0,0.6294791718841418,504.34375092652056,-0.0,14.733045294814929,0.0,489.6107056317056,489.6107056317056,0.0,0.0
8298,2019-12-12 18:00:00,12,2019-12-12 19:00:00,0.13592,0.13592,0.13592,0.0,0.6027888724370133,494.750163216937,-0.0,5.139457585231355,0.0,489.6107056317056,489.6107056317056,0.0,0.0
8299,2019-12-12 19:00:00,12,2019-12-12 20:00:00,0.13592,0.13592,0.13592,0.0,0.5934782608695652,445.2261759020614,-0.0,300.0,0.0,145.2261759020614,145.2261759020614,0.0,0.0
8300,2019-12-12 20:00:00,12,2019-12-12 21:00:00,0.13592,0.13592,0.13592,0.0,0.05,389.0471936105275,-0.0,0.0,0.0,389.0471936105275,389.0471936105275,0.0,1.0
8301,2019-12-12 21:00:00,12,2019-12-12 22:00:00,0.10531,0.10531,0.10531,0.0,0.05,268.6378890400755,-64.14691623482042,0.0,0.0,332.7848052748959,332.7848052748959,0.0,1.0
8302,2019-12-12 22:00:00,12,2019-12-12 23:00:00,0.10531,0.10531,0.10531,0.0,0.1483586048933913,170.279377340088,-0.0,0.0,0.0,170.279377340088,170.279377340088,0.0,0.0
8303,2019-12-12 23:00:00,12,2019-12-13 00:00:00,0.10531,0.10531,0.10531,0.0,0.1483586048933913,242.99200343595015,-0.0,0.0,0.0,242.99200343595015,242.99200343595015,0.0,0.0
8304,2019-12-13 00:00:00,12,2019-12-13 01:00:00,0.10531,0.10531,0.10531,0.0,0.1483586048933913,179.30114810416697,-0.0,0.0,0.0,179.30114810416697,179.30114810416697,0.0,0.0
8305,2019-12-13 01:00:00,12,2019-12-13 02:00:00,0.10531,0.10531,0.10531,0.0,0.1483586048933913,163.93239554505288,-0.0,0.0,0.0,163.93239554505288,163.93239554505288,0.0,0.0
8306,2019-12-13 02:00:00,12,2019-12-13 03:00:00,0.10531,0.10531,0.10531,0.0,0.1483586048933913,163.06955780328593,-0.0,0.0,0.0,163.06955780328593,163.06955780328593,0.0,0.0
8307,2019-12-13 03:00:00,12,2019-12-13 04:00:00,0.10531,0.10531,0.10531,0.0,0.1483586048933913,162.2745833517611,-0.0,0.0,0.0,162.2745833517611,162.2745833517611,0.0,0.0
8308,2019-12-13 04:00:00,12,2019-12-13 05:00:00,0.10531,0.10531,0.10531,0.0,0.1483586048933913,175.48105636428656,-48.07151744858358,0.0,0.0,223.55257381287015,223.55257381287015,0.0,1.0
8309,2019-12-13 05:00:00,12,2019-12-13 06:00:00,0.10531,0.10531,0.10531,0.0,0.22206826498121945,187.99853943404966,-0.0,0.0,0.0,187.99853943404966,187.99853943404966,0.0,0.0
8310,2019-12-13 06:00:00,12,2019-12-13 07:00:00,0.10531,0.10531,0.10531,0.0,0.22206826498121945,271.85489894468,-217.75580668702565,0.0,0.0,489.6107056317056,489.6107056317056,0.0,1.0
8311,2019-12-13 07:00:00,12,2019-12-13 08:00:00,0.10531,0.10531,0.10531,0.0,0.5559605019013255,264.1593773095468,-225.45132832215882,0.0,0.0,489.6107056317056,489.6107056317056,0.0,1.0
8312,2019-12-13 08:00:00,12,2019-12-13 09:00:00,0.10531,0.10531,0.10531,0.0,0.901652538661969,425.4710569329898,-64.1396486987158,0.0,0.0,489.6107056317056,489.6107056317056,0.0,1.0
8313,2019-12-13 09:00:00,12,2019-12-13 10:00:00,0.10531,0.10531,0.10531,0.0,1.0,488.3613181182696,-0.0,0.0,0.0,488.3613181182696,488.3613181182696,0.0,0.0
8314,2019-12-13 10:00:00,12,2019-12-13 11:00:00,0.10531,0.10531,0.10531,0.0,1.0,475.80640650081875,-0.0,0.0,0.0,475.80640650081875,475.80640650081875,0.0,0.0
8315,2019-12-13 11:00:00,12,2019-12-13 12:00:00,0.10531,0.10531,0.10531,0.0,1.0,543.9046555328576,-0.0,54.29394990115202,0.0,489.6107056317056,489.6107056317056,0.0,0.0
8316,2019-12-13 12:00:00,12,2019-12-13 13:00:00,0.10531,0.10531,0.10531,0.0,0.9016413951066087,520.1798379840145,-0.0,30.569132352308884,0.0,489.6107056317056,489.6107056317056,0.0,0.0
8317,2019-12-13 13:00:00,12,2019-12-13 14:00:00,0.10531,0.10531,0.10531,0.0,0.8462625321495274,518.3647671743367,-0.0,28.75406154263112,0.0,489.6107056317056,489.6107056317056,0.0,0.0
8318,2019-12-13 14:00:00,12,2019-12-13 15:00:00,0.10531,0.10531,0.10531,0.0,0.7941718409491088,505.9236080203875,-0.0,16.31290238868189,0.0,489.6107056317056,489.6107056317056,0.0,0.0
8319,2019-12-13 15:00:00,12,2019-12-13 16:00:00,0.10531,0.10531,0.10531,0.0,0.7646194815493227,492.7946419107854,-0.0,3.1839362790797736,0.0,489.6107056317056,489.6107056317056,0.0,0.0
8320,2019-12-13 16:00:00,12,2019-12-13 17:00:00,0.13592,0.13592,0.13592,0.0,0.7588514810437433,488.03495439739135,-0.0,0.0,0.0,488.03495439739135,488.03495439739135,0.0,1.0
8321,2019-12-13 17:00:00,12,2019-12-13 18:00:00,0.13592,0.13592,0.13592,0.0,0.7588514810437433,496.67597724867335,-0.0,300.0,0.0,196.67597724867335,196.67597724867335,0.0,0.0
8322,2019-12-13 18:00:00,12,2019-12-13 19:00:00,0.13592,0.13592,0.13592,0.0,0.21537322017417812,485.3889237432316,-0.0,91.28601753614633,0.0,394.10290620708525,394.10290620708525,0.0,0.0
8323,2019-12-13 19:00:00,12,2019-12-13 20:00:00,0.13592,0.13592,0.13592,0.0,0.05,449.3509703337302,-0.0,0.0,0.0,449.3509703337302,449.3509703337302,0.0,1.0
8324,2019-12-13 20:00:00,12,2019-12-13 21:00:00,0.13592,0.13592,0.13592,0.0,0.05,396.12449244624196,-0.0,0.0,0.0,396.12449244624196,396.12449244624196,0.0,1.0
8325,2019-12-13 21:00:00,12,2019-12-13 22:00:00,0.10531,0.10531,0.10531,0.0,0.05,277.22045049733504,-0.0,0.0,0.0,277.22045049733504,277.22045049733504,0.0,1.0
8326,2019-12-13 22:00:00,12,2019-12-13 23:00:00,0.10531,0.10531,0.10531,0.0,0.05,169.44906425062013,-0.0,0.0,0.0,169.44906425062013,169.44906425062013,0.0,0.0
8327,2019-12-13 23:00:00,12,2019-12-14 00:00:00,0.10531,0.10531,0.10531,0.0,0.05,241.78292874083863,-0.0,0.0,0.0,241.78292874083863,241.78292874083863,0.0,0.0
8328,2019-12-14 00:00:00,12,2019-12-14 01:00:00,0.10531,0.10531,0.10531,0.0,0.05,179.2992009642877,-0.0,0.0,0.0,179.2992009642877,179.2992009642877,0.0,0.0
8329,2019-12-14 01:00:00,12,2019-12-14 02:00:00,0.10531,0.10531,0.10531,0.0,0.05,164.3300875407142,-0.0,0.0,0.0,164.3300875407142,164.3300875407142,0.0,0.0
8330,2019-12-14 02:00:00,12,2019-12-14 03:00:00,0.10531,0.10531,0.10531,0.0,0.05,163.55936759358252,-0.0,0.0,0.0,163.55936759358252,163.55936759358252,0.0,0.0
8331,2019-12-14 03:00:00,12,2019-12-14 04:00:00,0.10531,0.10531,0.10531,0.0,0.05,162.84113038519624,-0.0,0.0,0.0,162.84113038519624,162.84113038519624,0.0,0.0
8332,2019-12-14 04:00:00,12,2019-12-14 05:00:00,0.10531,0.10531,0.10531,0.0,0.05,175.9717827036934,-176.66567443702925,0.0,0.0,352.63745714072263,352.63745714072263,0.0,1.0
8333,2019-12-14 05:00:00,12,2019-12-14 06:00:00,0.10531,0.10531,0.10531,0.0,0.32088736747011154,174.70446918940758,-0.0,0.0,0.0,174.70446918940758,174.70446918940758,0.0,0.0
8334,2019-12-14 06:00:00,12,2019-12-14 07:00:00,0.10531,0.10531,0.10531,0.0,0.32088736747011154,271.88465960880916,-217.72604602289647,0.0,0.0,489.6107056317056,489.6107056317056,0.0,1.0
8335,2019-12-14 07:00:00,12,2019-12-14 08:00:00,0.10531,0.10531,0.10531,0.0,0.6547339713718862,264.437208700327,-225.17349693137862,0.0,0.0,489.6107056317056,489.6107056317056,0.0,1.0
8336,2019-12-14 08:00:00,12,2019-12-14 09:00:00,0.10531,0.10531,0.10531,0.0,1.0,427.72387898892487,-0.0,0.0,0.0,427.72387898892487,427.72387898892487,0.0,1.0
8337,2019-12-14 09:00:00,12,2019-12-14 10:00:00,0.10531,0.10531,0.10531,0.0,1.0,495.6181996493146,-0.0,6.007494017608963,0.0,489.6107056317056,489.6107056317056,0.0,0.0
8338,2019-12-14 10:00:00,12,2019-12-14 11:00:00,0.10531,0.10531,0.10531,0.0,0.989116858663752,484.54990401487925,-5.060801616826382,0.0,0.0,489.6107056317056,489.6107056317056,0.0,1.0
8339,2019-12-14 11:00:00,12,2019-12-14 12:00:00,0.10531,0.10531,0.10531,0.0,0.996876754476219,553.615360836576,-0.0,64.00465520487035,0.0,489.6107056317056,489.6107056317056,0.0,0.0
8340,2019-12-14 12:00:00,12,2019-12-14 13:00:00,0.10531,0.10531,0.10531,0.0,0.8809262921485553,530.1821034416209,-0.0,40.57139780991531,0.0,489.6107056317056,489.6107056317056,0.0,0.0
8341,2019-12-14 13:00:00,12,2019-12-14 14:00:00,0.10531,0.10531,0.10531,0.0,0.8074273830726217,522.1903427440787,-0.0,32.57963711237312,0.0,489.6107056317056,489.6107056317056,0.0,0.0
8342,2019-12-14 14:00:00,12,2019-12-14 15:00:00,0.10531,0.10531,0.10531,0.0,0.7484063013473081,504.6844844838148,-0.0,15.073778852109172,0.0,489.6107056317056,489.6107056317056,0.0,0.0
8343,2019-12-14 15:00:00,12,2019-12-14 16:00:00,0.10531,0.10531,0.10531,0.0,0.7210987309630524,489.8878593938214,-0.0,0.27715376211574494,0.0,489.6107056317056,489.6107056317056,0.0,0.0
8344,2019-12-14 16:00:00,12,2019-12-14 17:00:00,0.13592,0.13592,0.13592,0.0,0.720596640814292,486.1113591950557,-0.0,70.1693457294892,0.0,415.9420134655665,415.9420134655665,0.0,0.0
8345,2019-12-14 17:00:00,12,2019-12-14 18:00:00,0.13592,0.13592,0.13592,0.0,0.5934782608695652,496.1143400827221,-0.0,300.0,0.0,196.1143400827221,196.1143400827221,0.0,0.0
8346,2019-12-14 18:00:00,12,2019-12-14 19:00:00,0.13592,0.13592,0.13592,0.0,0.05,487.43928317384706,-0.0,0.0,0.0,487.43928317384706,487.43928317384706,0.0,0.0
8347,2019-12-14 19:00:00,12,2019-12-14 20:00:00,0.13592,0.13592,0.13592,0.0,0.05,452.6527584428724,-0.0,0.0,0.0,452.6527584428724,452.6527584428724,0.0,1.0
8348,2019-12-14 20:00:00,12,2019-12-14 21:00:00,0.13592,0.13592,0.13592,0.0,0.05,398.24373760473577,-0.0,0.0,0.0,398.24373760473577,398.24373760473577,0.0,1.0
8349,2019-12-14 21:00:00,12,2019-12-14 22:00:00,0.10531,0.10531,0.10531,0.0,0.05,277.85485978138456,-0.0,0.0,0.0,277.85485978138456,277.85485978138456,0.0,1.0
8350,2019-12-14 22:00:00,12,2019-12-14 23:00:00,0.10531,0.10531,0.10531,0.0,0.05,171.0370384762224,-0.0,0.0,0.0,171.0370384762224,171.0370384762224,0.0,0.0
8351,2019-12-14 23:00:00,12,2019-12-15 00:00:00,0.10531,0.10531,0.10531,0.0,0.05,243.41655513635632,-0.0,0.0,0.0,243.41655513635632,243.41655513635632,0.0,0.0
8352,2019-12-15 00:00:00,12,2019-12-15 01:00:00,0.10531,0.10531,0.10531,0.0,0.05,180.78243060805636,-0.0,0.0,0.0,180.78243060805636,180.78243060805636,0.0,0.0
8353,2019-12-15 01:00:00,12,2019-12-15 02:00:00,0.10531,0.10531,0.10531,0.0,0.05,165.81839474547928,-0.0,0.0,0.0,165.81839474547928,165.81839474547928,0.0,0.0
8354,2019-12-15 02:00:00,12,2019-12-15 03:00:00,0.10531,0.10531,0.10531,0.0,0.05,165.26787660718082,-0.0,0.0,0.0,165.26787660718082,165.26787660718082,0.0,0.0
8355,2019-12-15 03:00:00,12,2019-12-15 04:00:00,0.10531,0.10531,0.10531,0.0,0.05,164.77493744681928,-0.0,0.0,0.0,164.77493744681928,164.77493744681928,0.0,0.0
8356,2019-12-15 04:00:00,12,2019-12-15 05:00:00,0.10531,0.10531,0.10531,0.0,0.05,210.72074282162325,-0.0,0.0,0.0,210.72074282162325,210.72074282162325,0.0,0.0
8357,2019-12-15 05:00:00,12,2019-12-15 06:00:00,0.10531,0.10531,0.10531,0.0,0.05,209.96538705782316,-230.80424550030068,0.0,0.0,440.7696325581238,440.7696325581238,0.0,1.0
8358,2019-12-15 06:00:00,12,2019-12-15 07:00:00,0.10531,0.10531,0.10531,0.0,0.40389984310046106,307.1308661562269,-182.47983947547874,0.0,0.0,489.6107056317056,489.6107056317056,0.0,1.0
8359,2019-12-15 07:00:00,12,2019-12-15 08:00:00,0.10531,0.10531,0.10531,0.0,0.6837022636295285,284.1682558773479,-205.4424497543577,0.0,0.0,489.6107056317056,489.6107056317056,0.0,1.0
8360,2019-12-15 08:00:00,12,2019-12-15 09:00:00,0.10531,0.10531,0.10531,0.0,0.9987140199195437,428.7280298246853,-0.0,0.0,0.0,428.7280298246853,428.7280298246853,0.0,0.0
8361,2019-12-15 09:00:00,12,2019-12-15 10:00:00,0.10531,0.10531,0.10531,0.0,0.9987140199195437,495.7274538045627,-0.0,6.116748172857058,0.0,489.6107056317056,489.6107056317056,0.0,0.0
8362,2019-12-15 10:00:00,12,2019-12-15 11:00:00,0.10531,0.10531,0.10531,0.0,0.9876329543890056,481.54524110279624,-8.065464528909388,0.0,0.0,489.6107056317056,489.6107056317056,0.0,1.0
8363,2019-12-15 11:00:00,12,2019-12-15 12:00:00,0.10531,0.10531,0.10531,0.0,1.0,549.568434063642,-0.0,59.9577284319364,0.0,489.6107056317056,489.6107056317056,0.0,0.0
8364,2019-12-15 12:00:00,12,2019-12-15 13:00:00,0.10531,0.10531,0.10531,0.0,0.8913809267537384,525.8170269375373,-0.0,36.20632130583169,0.0,489.6107056317056,489.6107056317056,0.0,0.0
8365,2019-12-15 13:00:00,12,2019-12-15 14:00:00,0.10531,0.10531,0.10531,0.0,0.8257897649678114,523.8327449665899,-0.0,34.22203933488424,0.0,489.6107056317056,489.6107056317056,0.0,0.0
8366,2019-12-15 14:00:00,12,2019-12-15 15:00:00,0.10531,0.10531,0.10531,0.0,0.7637933168973688,514.6532631912306,-0.0,25.042557559524994,0.0,489.6107056317056,489.6107056317056,0.0,0.0
8367,2019-12-15 15:00:00,12,2019-12-15 16:00:00,0.10531,0.10531,0.10531,0.0,0.7184263647967801,506.5744408013437,-0.0,16.963735169638085,0.0,489.6107056317056,489.6107056317056,0.0,0.0
8368,2019-12-15 16:00:00,12,2019-12-15 17:00:00,0.13592,0.13592,0.13592,0.0,0.6876949605039575,504.89641347120596,-0.0,300.0,0.0,204.89641347120596,204.89641347120596,0.0,0.0
8369,2019-12-15 17:00:00,12,2019-12-15 18:00:00,0.13592,0.13592,0.13592,0.0,0.1442166996343923,513.1142704510532,-0.0,23.503564819347616,0.0,489.6107056317056,489.6107056317056,0.0,0.0
8370,2019-12-15 18:00:00,12,2019-12-15 19:00:00,0.13592,0.13592,0.13592,0.0,0.10163777786021182,499.21637524564153,-0.0,28.504053378836925,0.0,470.7123218668046,470.7123218668046,0.0,0.0
8371,2019-12-15 19:00:00,12,2019-12-15 20:00:00,0.13592,0.13592,0.13592,0.0,0.05,450.7969877359429,-0.0,0.0,0.0,450.7969877359429,450.7969877359429,0.0,1.0
8372,2019-12-15 20:00:00,12,2019-12-15 21:00:00,0.13592,0.13592,0.13592,0.0,0.05,394.09150829848085,-0.0,0.0,0.0,394.09150829848085,394.09150829848085,0.0,1.0
8373,2019-12-15 21:00:00,12,2019-12-15 22:00:00,0.10531,0.10531,0.10531,0.0,0.05,273.74207888076234,-80.4081051966793,0.0,0.0,354.1501840774416,354.1501840774416,0.0,1.0
8374,2019-12-15 22:00:00,12,2019-12-15 23:00:00,0.10531,0.10531,0.10531,0.0,0.17329242796824162,176.35068865411912,-0.0,0.0,0.0,176.35068865411912,176.35068865411912,0.0,0.0
8375,2019-12-15 23:00:00,12,2019-12-16 00:00:00,0.10531,0.10531,0.10531,0.0,0.17329242796824162,248.70713881065464,-0.0,0.0,0.0,248.70713881065464,248.70713881065464,0.0,0.0
8376,2019-12-16 00:00:00,12,2019-12-16 01:00:00,0.10531,0.10531,0.10531,0.0,0.17329242796824162,180.79552191006894,-0.0,0.0,0.0,180.79552191006894,180.79552191006894,0.0,0.0
8377,2019-12-16 01:00:00,12,2019-12-16 02:00:00,0.10531,0.10531,0.10531,0.0,0.17329242796824162,164.89825051334876,-0.0,0.0,0.0,164.89825051334876,164.89825051334876,0.0,0.0
8378,2019-12-16 02:00:00,12,2019-12-16 03:00:00,0.10531,0.10531,0.10531,0.0,0.17329242796824162,162.796124574177,-0.0,0.0,0.0,162.796124574177,162.796124574177,0.0,0.0
8379,2019-12-16 03:00:00,12,2019-12-16 04:00:00,0.10531,0.10531,0.10531,0.0,0.17329242796824162,160.9849915777606,-0.0,0.0,0.0,160.9849915777606,160.9849915777606,0.0,0.0
8380,2019-12-16 04:00:00,12,2019-12-16 05:00:00,0.10531,0.10531,0.10531,0.0,0.17329242796824162,172.90020728341554,-0.0,0.0,0.0,172.90020728341554,172.90020728341554,0.0,0.0
8381,2019-12-16 05:00:00,12,2019-12-16 06:00:00,0.10531,0.10531,0.10531,0.0,0.17329242796824162,170.9489065403981,-284.76161959348576,0.0,0.0,455.71052613388383,455.71052613388383,0.0,1.0
8382,2019-12-16 06:00:00,12,2019-12-16 07:00:00,0.10531,0.10531,0.10531,0.0,0.6099269113449198,242.69997706146913,-0.0,0.0,0.0,242.69997706146913,242.69997706146913,0.0,0.0
8383,2019-12-16 07:00:00,12,2019-12-16 08:00:00,0.10531,0.10531,0.10531,0.0,0.6099269113449198,235.2152130305664,-254.39549260113924,0.0,0.0,489.6107056317056,489.6107056317056,0.0,1.0
8384,2019-12-16 08:00:00,12,2019-12-16 09:00:00,0.10531,0.10531,0.10531,0.0,1.0,370.77111409583785,-0.0,0.0,0.0,370.77111409583785,370.77111409583785,0.0,1.0
8385,2019-12-16 09:00:00,12,2019-12-16 10:00:00,0.10531,0.10531,0.10531,0.0,1.0,424.42252566228206,-0.0,0.0,0.0,424.42252566228206,424.42252566228206,0.0,0.0
8386,2019-12-16 10:00:00,12,2019-12-16 11:00:00,0.10531,0.10531,0.10531,0.0,1.0,486.8075733782576,-0.0,0.0,0.0,486.8075733782576,486.8075733782576,0.0,0.0
8387,2019-12-16 11:00:00,12,2019-12-16 12:00:00,0.10531,0.10531,0.10531,0.0,1.0,557.668125870175,-0.0,68.05742023846938,0.0,489.6107056317056,489.6107056317056,0.0,0.0
8388,2019-12-16 12:00:00,12,2019-12-16 13:00:00,0.10531,0.10531,0.10531,0.0,0.8767075720317583,537.1161899168143,-0.0,47.50548428510865,0.0,489.6107056317056,489.6107056317056,0.0,0.0
8389,2019-12-16 13:00:00,12,2019-12-16 14:00:00,0.10531,0.10531,0.10531,0.0,0.7906469120949673,532.8271544154055,-0.0,43.21644878369989,0.0,489.6107056317056,489.6107056317056,0.0,0.0
8390,2019-12-16 14:00:00,12,2019-12-16 15:00:00,0.10531,0.10531,0.10531,0.0,0.7123562440085545,519.0221414176692,-0.0,29.41143578596359,0.0,489.6107056317056,489.6107056317056,0.0,0.0
8391,2019-12-16 15:00:00,12,2019-12-16 16:00:00,0.10531,0.10531,0.10531,0.0,0.6590746574397798,507.02986558417916,-0.0,17.419159952473535,0.0,489.6107056317056,489.6107056317056,0.0,0.0
8392,2019-12-16 16:00:00,12,2019-12-16 17:00:00,0.13592,0.13592,0.13592,0.0,0.6275182082505162,502.361620640185,-0.0,18.790050954284936,0.0,483.57156968590004,483.57156968590004,0.0,0.0
8393,2019-12-16 17:00:00,12,2019-12-16 18:00:00,0.13592,0.13592,0.13592,0.0,0.5934782608695652,513.8541325896632,-0.0,300.0,0.0,213.8541325896632,213.8541325896632,0.0,0.0
8394,2019-12-16 18:00:00,12,2019-12-16 19:00:00,0.13592,0.13592,0.13592,0.0,0.05,472.35135074125975,-0.0,0.0,0.0,472.35135074125975,472.35135074125975,0.0,0.0
8395,2019-12-16 19:00:00,12,2019-12-16 20:00:00,0.13592,0.13592,0.13592,0.0,0.05,378.128490175823,-0.0,0.0,0.0,378.128490175823,378.128490175823,0.0,1.0
8396,2019-12-16 20:00:00,12,2019-12-16 21:00:00,0.13592,0.13592,0.13592,0.0,0.05,351.4044528526276,-0.0,0.0,0.0,351.4044528526276,351.4044528526276,0.0,0.0
8397,2019-12-16 21:00:00,12,2019-12-16 22:00:00,0.10531,0.10531,0.10531,0.0,0.05,256.6711894199486,-0.0,-5.684341886080802e-14,0.0,256.67118941994863,256.67118941994863,0.0,1.0
8398,2019-12-16 22:00:00,12,2019-12-16 23:00:00,0.10531,0.10531,0.10531,0.0,0.05,173.38159711617575,-0.0,0.0,0.0,173.38159711617575,173.38159711617575,0.0,0.0
8399,2019-12-16 23:00:00,12,2019-12-17 00:00:00,0.10531,0.10531,0.10531,0.0,0.05,245.1416592055872,-0.0,0.0,0.0,245.1416592055872,245.1416592055872,0.0,0.0
8400,2019-12-17 00:00:00,12,2019-12-17 01:00:00,0.10531,0.10531,0.10531,0.0,0.05,182.53488302181825,-0.0,0.0,0.0,182.53488302181825,182.53488302181825,0.0,0.0
8401,2019-12-17 01:00:00,12,2019-12-17 02:00:00,0.10531,0.10531,0.10531,0.0,0.05,166.32648836707278,-0.0,0.0,0.0,166.32648836707278,166.32648836707278,0.0,0.0
8402,2019-12-17 02:00:00,12,2019-12-17 03:00:00,0.10531,0.10531,0.10531,0.0,0.05,164.2517753942799,-0.0,0.0,0.0,164.2517753942799,164.2517753942799,0.0,0.0
8403,2019-12-17 03:00:00,12,2019-12-17 04:00:00,0.10531,0.10531,0.10531,0.0,0.05,162.4945447328141,-0.0,0.0,0.0,162.4945447328141,162.4945447328141,0.0,0.0
8404,2019-12-17 04:00:00,12,2019-12-17 05:00:00,0.10531,0.10531,0.10531,0.0,0.05,174.63465080493967,-0.0,0.0,0.0,174.63465080493967,174.63465080493967,0.0,0.0
8405,2019-12-17 05:00:00,12,2019-12-17 06:00:00,0.10531,0.10531,0.10531,0.0,0.05,172.22463856401154,-0.0,0.0,0.0,172.22463856401154,172.22463856401154,0.0,0.0
8406,2019-12-17 06:00:00,12,2019-12-17 07:00:00,0.10531,0.10531,0.10531,0.0,0.05,243.42281697314368,-0.0,0.0,0.0,243.42281697314368,243.42281697314368,0.0,0.0
8407,2019-12-17 07:00:00,12,2019-12-17 08:00:00,0.10531,0.10531,0.10531,0.0,0.049999999999999954,236.13420566279012,-253.4764999689155,0.0,0.0,489.6107056317056,489.6107056317056,0.0,1.0
8408,2019-12-17 08:00:00,12,2019-12-17 09:00:00,0.10531,0.10531,0.10531,0.0,0.4386639666190037,318.17431746068837,-0.0,0.0,0.0,318.17431746068837,318.17431746068837,0.0,0.0
8409,2019-12-17 09:00:00,12,2019-12-17 10:00:00,0.10531,0.10531,0.10531,0.0,0.4386639666190037,280.2018288139379,-209.40887681776775,0.0,0.0,489.6107056317056,489.6107056317056,0.0,1.0
8410,2019-12-17 10:00:00,12,2019-12-17 11:00:00,0.10531,0.10531,0.10531,0.0,0.759757577739581,360.1761595531076,-129.43454607859803,0.0,0.0,489.6107056317056,489.6107056317056,0.0,1.0
8411,2019-12-17 11:00:00,12,2019-12-17 12:00:00,0.10531,0.10531,0.10531,0.0,0.9582238817267646,430.0072087890149,-0.0,0.0,0.0,430.0072087890149,430.0072087890149,0.0,0.0
8412,2019-12-17 12:00:00,12,2019-12-17 13:00:00,0.10531,0.10531,0.10531,0.0,0.9582238817267646,467.1358421651078,-0.0,0.0,0.0,467.1358421651078,467.1358421651078,0.0,0.0
8413,2019-12-17 13:00:00,12,2019-12-17 14:00:00,0.10531,0.10531,0.10531,0.0,0.9582238817267646,461.0653193757948,-0.0,0.0,0.0,461.0653193757948,461.0653193757948,0.0,0.0
8414,2019-12-17 14:00:00,12,2019-12-17 15:00:00,0.10531,0.10531,0.10531,0.0,0.9582238817267646,444.59938717243966,-27.24529452602306,0.0,0.0,471.8446816984627,471.8446816984627,0.0,1.0
8415,2019-12-17 15:00:00,12,2019-12-17 16:00:00,0.10531,0.10531,0.10531,0.0,1.0,429.9679109601146,-0.0,0.0,0.0,429.9679109601146,429.9679109601146,0.0,0.0
8416,2019-12-17 16:00:00,12,2019-12-17 17:00:00,0.13592,0.13592,0.13592,0.0,1.0,428.1434959617617,-0.0,0.0,0.0,428.1434959617617,428.1434959617617,0.0,0.0
8417,2019-12-17 17:00:00,12,2019-12-17 18:00:00,0.13592,0.13592,0.13592,0.0,1.0,377.8124917823967,-0.0,300.0,0.0,77.8124917823967,77.8124917823967,0.0,0.0
8418,2019-12-17 18:00:00,12,2019-12-17 19:00:00,0.13592,0.13592,0.13592,0.0,0.4565217391304348,377.68285829164256,-0.0,0.0,0.0,377.68285829164256,377.68285829164256,0.0,0.0
8419,2019-12-17 19:00:00,12,2019-12-17 20:00:00,0.13592,0.13592,0.13592,0.0,0.4565217391304348,333.17045778254237,-0.0,224.4,0.0,108.77045778254237,108.77045778254237,0.0,0.0
8420,2019-12-17 20:00:00,12,2019-12-17 21:00:00,0.13592,0.13592,0.13592,0.0,0.05,311.30284045473724,-0.0,0.0,0.0,311.30284045473724,311.30284045473724,0.0,1.0
8421,2019-12-17 21:00:00,12,2019-12-17 22:00:00,0.10531,0.10531,0.10531,0.0,0.05,278.67963463429044,-0.0,0.0,0.0,278.67963463429044,278.67963463429044,0.0,1.0
8422,2019-12-17 22:00:00,12,2019-12-17 23:00:00,0.10531,0.10531,0.10531,0.0,0.05,166.77663340156872,-0.0,0.0,0.0,166.77663340156872,166.77663340156872,0.0,0.0
8423,2019-12-17 23:00:00,12,2019-12-18 00:00:00,0.10531,0.10531,0.10531,0.0,0.05,239.49067458304336,-0.0,0.0,0.0,239.49067458304336,239.49067458304336,0.0,0.0
8424,2019-12-18 00:00:00,12,2019-12-18 01:00:00,0.10531,0.10531,0.10531,0.0,0.05,181.48062578665125,-0.0,0.0,0.0,181.48062578665125,181.48062578665125,0.0,0.0
8425,2019-12-18 01:00:00,12,2019-12-18 02:00:00,0.10531,0.10531,0.10531,0.0,0.05,166.16935012711613,-0.0,0.0,0.0,166.16935012711613,166.16935012711613,0.0,0.0
8426,2019-12-18 02:00:00,12,2019-12-18 03:00:00,0.10531,0.10531,0.10531,0.0,0.05,164.90350054889902,-0.0,0.0,0.0,164.90350054889902,164.90350054889902,0.0,0.0
8427,2019-12-18 03:00:00,12,2019-12-18 04:00:00,0.10531,0.10531,0.10531,0.0,0.05,163.966415957454,-0.0,0.0,0.0,163.966415957454,163.966415957454,0.0,0.0
8428,2019-12-18 04:00:00,12,2019-12-18 05:00:00,0.10531,0.10531,0.10531,0.0,0.05,177.1285891864649,-178.2734272981131,0.0,0.0,355.402016484578,355.402016484578,0.0,1.0
8429,2019-12-18 05:00:00,12,2019-12-18 06:00:00,0.10531,0.10531,0.10531,0.0,0.3233525885237734,175.85580394333516,-0.0,0.0,0.0,175.85580394333516,175.85580394333516,0.0,0.0
8430,2019-12-18 06:00:00,12,2019-12-18 07:00:00,0.10531,0.10531,0.10531,0.0,0.3233525885237734,272.6286590337746,-216.982046597931,0.0,0.0,489.6107056317056,489.6107056317056,0.0,1.0
8431,2019-12-18 07:00:00,12,2019-12-18 08:00:00,0.10531,0.10531,0.10531,0.0,0.6560583933072676,265.3009621364454,-224.30974349526025,0.0,0.0,489.6107056317056,489.6107056317056,0.0,1.0
8432,2019-12-18 08:00:00,12,2019-12-18 09:00:00,0.10531,0.10531,0.10531,0.0,1.0,428.99043350537437,-0.0,0.0,0.0,428.99043350537437,428.99043350537437,0.0,0.0
8433,2019-12-18 09:00:00,12,2019-12-18 10:00:00,0.10531,0.10531,0.10531,0.0,1.0,495.39623125413317,-0.0,5.785525622427542,0.0,489.6107056317056,489.6107056317056,0.0,0.0
8434,2019-12-18 10:00:00,12,2019-12-18 11:00:00,0.10531,0.10531,0.10531,0.0,0.9895189753216891,484.84352088894167,-4.767184742763959,0.0,0.0,489.6107056317056,489.6107056317056,0.0,1.0
8435,2019-12-18 11:00:00,12,2019-12-18 12:00:00,0.10531,0.10531,0.10531,0.0,0.9968286585939271,554.1802633060485,-0.0,64.56955767434283,0.0,489.6107056317056,489.6107056317056,0.0,0.0
8436,2019-12-18 12:00:00,12,2019-12-18 13:00:00,0.10531,0.10531,0.10531,0.0,0.879854822227364,531.228863404762,-0.0,41.618157773056396,0.0,489.6107056317056,489.6107056317056,0.0,0.0
8437,2019-12-18 13:00:00,12,2019-12-18 14:00:00,0.10531,0.10531,0.10531,0.0,0.8044596088703777,523.0206538982395,-0.0,33.40994826653389,0.0,489.6107056317056,489.6107056317056,0.0,0.0
8438,2019-12-18 14:00:00,12,2019-12-18 15:00:00,0.10531,0.10531,0.10531,0.0,0.7439343402715846,512.4993434522877,-0.0,22.888637820582062,0.0,489.6107056317056,489.6107056317056,0.0,0.0
8439,2019-12-18 15:00:00,12,2019-12-18 16:00:00,0.10531,0.10531,0.10531,0.0,0.7024694166835735,507.19377347867356,-0.0,17.583067846967936,0.0,489.6107056317056,489.6107056317056,0.0,0.0
8440,2019-12-18 16:00:00,12,2019-12-18 17:00:00,0.13592,0.13592,0.13592,0.0,0.6706160329028346,515.0260701222053,-0.0,25.415364490499655,0.0,489.6107056317056,489.6107056317056,0.0,0.0
8441,2019-12-18 17:00:00,12,2019-12-18 18:00:00,0.13592,0.13592,0.13592,0.0,0.6245737059272917,529.7274021358342,-0.0,291.1526160651694,0.0,238.57478607066474,238.57478607066474,0.0,0.0
8442,2019-12-18 18:00:00,12,2019-12-18 19:00:00,0.13592,0.13592,0.13592,0.0,0.09712331450488333,515.6227752384012,-0.0,26.012069606695604,0.0,489.6107056317056,489.6107056317056,0.0,0.0
8443,2019-12-18 19:00:00,12,2019-12-18 20:00:00,0.13592,0.13592,0.13592,0.0,0.05,483.7865611307648,-0.0,0.0,0.0,483.7865611307648,483.7865611307648,0.0,1.0
8444,2019-12-18 20:00:00,12,2019-12-18 21:00:00,0.13592,0.13592,0.13592,0.0,0.05,430.0421641229607,-0.0,0.0,0.0,430.0421641229607,430.0421641229607,0.0,1.0
8445,2019-12-18 21:00:00,12,2019-12-18 22:00:00,0.10531,0.10531,0.10531,0.0,0.05,310.8244216591258,-147.08662725326937,0.0,0.0,457.9110489123952,457.9110489123952,0.0,1.0
8446,2019-12-18 22:00:00,12,2019-12-18 23:00:00,0.10531,0.10531,0.10531,0.0,0.27553282845501303,210.57579395873503,-0.0,0.0,0.0,210.57579395873503,210.57579395873503,0.0,0.0
8447,2019-12-18 23:00:00,12,2019-12-19 00:00:00,0.10531,0.10531,0.10531,0.0,0.27553282845501303,279.6681874936542,-0.0,0.0,0.0,279.6681874936542,279.6681874936542,0.0,1.0
8448,2019-12-19 00:00:00,12,2019-12-19 01:00:00,0.10531,0.10531,0.10531,0.0,0.27553282845501303,220.86423011717187,-0.0,0.0,0.0,220.86423011717187,220.86423011717187,0.0,0.0
8449,2019-12-19 01:00:00,12,2019-12-19 02:00:00,0.10531,0.10531,0.10531,0.0,0.27553282845501303,201.8162057730087,-0.0,0.0,0.0,201.8162057730087,201.8162057730087,0.0,0.0
8450,2019-12-19 02:00:00,12,2019-12-19 03:00:00,0.10531,0.10531,0.10531,0.0,0.27553282845501303,198.59507524060328,-0.0,0.0,0.0,198.59507524060328,198.59507524060328,0.0,0.0
8451,2019-12-19 03:00:00,12,2019-12-19 04:00:00,0.10531,0.10531,0.10531,0.0,0.27553282845501303,196.24569603853902,-0.0,0.0,0.0,196.24569603853902,196.24569603853902,0.0,0.0
8452,2019-12-19 04:00:00,12,2019-12-19 05:00:00,0.10531,0.10531,0.10531,0.0,0.27553282845501303,240.9326756342985,-141.94029799584328,0.0,0.0,382.8729736301418,382.8729736301418,0.0,1.0
8453,2019-12-19 05:00:00,12,2019-12-19 06:00:00,0.10531,0.10531,0.10531,0.0,0.4931746187153061,239.7858949037394,-0.0,0.0,0.0,239.7858949037394,239.7858949037394,0.0,0.0
8454,2019-12-19 06:00:00,12,2019-12-19 07:00:00,0.10531,0.10531,0.10531,0.0,0.4931746187153061,333.5106361807002,-156.10006945100542,0.0,0.0,489.6107056317056,489.6107056317056,0.0,1.0
8455,2019-12-19 07:00:00,12,2019-12-19 08:00:00,0.10531,0.10531,0.10531,0.0,0.7325280585401811,315.1724829405194,-174.43822269118624,0.0,0.0,489.6107056317056,489.6107056317056,0.0,1.0
8456,2019-12-19 08:00:00,12,2019-12-19 09:00:00,0.10531,0.10531,0.10531,0.0,1.0,454.2316137614187,-0.0,0.0,0.0,454.2316137614187,454.2316137614187,0.0,0.0
8457,2019-12-19 09:00:00,12,2019-12-19 10:00:00,0.10531,0.10531,0.10531,0.0,1.0,515.8790544523357,-0.0,26.26834882063008,0.0,489.6107056317056,489.6107056317056,0.0,0.0
8458,2019-12-19 10:00:00,12,2019-12-19 11:00:00,0.10531,0.10531,0.10531,0.0,0.9524124115568297,506.33653770877675,-0.0,16.725832077071118,0.0,489.6107056317056,489.6107056317056,0.0,0.0
8459,2019-12-19 11:00:00,12,2019-12-19 12:00:00,0.10531,0.10531,0.10531,0.0,0.922111991127353,571.1106460411717,-0.0,81.49994040946603,0.0,489.6107056317056,489.6107056317056,0.0,0.0
8460,2019-12-19 12:00:00,12,2019-12-19 13:00:00,0.10531,0.10531,0.10531,0.0,0.774467171544987,542.8184144963006,-0.0,53.20770886459502,0.0,489.6107056317056,489.6107056317056,0.0,0.0
8461,2019-12-19 13:00:00,12,2019-12-19 14:00:00,0.10531,0.10531,0.10531,0.0,0.6780763946163729,536.8354334747047,-0.0,47.22472784299907,0.0,489.6107056317056,489.6107056317056,0.0,0.0
8462,2019-12-19 14:00:00,12,2019-12-19 15:00:00,0.10531,0.10531,0.10531,0.0,0.5925243514225339,523.5430660196182,-0.0,33.93236038791258,0.0,489.6107056317056,489.6107056317056,0.0,0.0
8463,2019-12-19 15:00:00,12,2019-12-19 16:00:00,0.10531,0.10531,0.10531,0.0,0.5310526840531271,513.1029732017098,-0.0,23.492267570004174,0.0,489.6107056317056,489.6107056317056,0.0,0.0
8464,2019-12-19 16:00:00,12,2019-12-19 17:00:00,0.13592,0.13592,0.13592,0.0,0.4884942283103659,516.5281285487378,-0.0,26.917422917032127,0.0,489.6107056317056,489.6107056317056,0.0,0.0
8465,2019-12-19 17:00:00,12,2019-12-19 18:00:00,0.13592,0.13592,0.13592,0.0,0.43973078099690194,535.6507662125001,-0.0,46.04006058079449,0.0,489.6107056317056,489.6107056317056,0.0,0.0
8466,2019-12-19 18:00:00,12,2019-12-19 19:00:00,0.13592,0.13592,0.13592,0.0,0.3563248741476365,528.9395285237403,-0.0,169.09133052949537,0.0,359.84819799424486,359.84819799424486,0.0,0.0
8467,2019-12-19 19:00:00,12,2019-12-19 20:00:00,0.13592,0.13592,0.13592,0.0,0.05,485.86018684861085,-0.0,0.0,0.0,485.86018684861085,485.86018684861085,0.0,1.0
8468,2019-12-19 20:00:00,12,2019-12-19 21:00:00,0.13592,0.13592,0.13592,0.0,0.05,426.11869180032056,-0.0,0.0,0.0,426.11869180032056,426.11869180032056,0.0,1.0
8469,2019-12-19 21:00:00,12,2019-12-19 22:00:00,0.10531,0.10531,0.10531,0.0,0.05,301.4166823576749,-0.0,0.0,0.0,301.4166823576749,301.4166823576749,0.0,1.0
8470,2019-12-19 22:00:00,12,2019-12-19 23:00:00,0.10531,0.10531,0.10531,0.0,0.05,206.12654967694093,-0.0,0.0,0.0,206.12654967694093,206.12654967694093,0.0,0.0
8471,2019-12-19 23:00:00,12,2019-12-20 00:00:00,0.10531,0.10531,0.10531,0.0,0.05,273.67774492562967,-0.0,0.0,0.0,273.67774492562967,273.67774492562967,0.0,1.0
8472,2019-12-20 00:00:00,12,2019-12-20 01:00:00,0.10531,0.10531,0.10531,0.0,0.05,209.31330939482922,-0.0,0.0,0.0,209.31330939482922,209.31330939482922,0.0,0.0
8473,2019-12-20 01:00:00,12,2019-12-20 02:00:00,0.10531,0.10531,0.10531,0.0,0.05,188.16401405897395,-0.0,0.0,0.0,188.16401405897395,188.16401405897395,0.0,0.0
8474,2019-12-20 02:00:00,12,2019-12-20 03:00:00,0.10531,0.10531,0.10531,0.0,0.05,183.16592274087418,-0.0,0.0,0.0,183.16592274087418,183.16592274087418,0.0,0.0
8475,2019-12-20 03:00:00,12,2019-12-20 04:00:00,0.10531,0.10531,0.10531,0.0,0.05,180.65413663288317,-0.0,0.0,0.0,180.65413663288317,180.65413663288317,0.0,0.0
8476,2019-12-20 04:00:00,12,2019-12-20 05:00:00,0.10531,0.10531,0.10531,0.0,0.05,192.76475534810743,-0.0,0.0,0.0,192.76475534810743,192.76475534810743,0.0,0.0
8477,2019-12-20 05:00:00,12,2019-12-20 06:00:00,0.10531,0.10531,0.10531,0.0,0.05,190.39061528581786,-202.5575507520767,0.0,0.0,392.94816603789457,392.94816603789457,0.0,1.0
8478,2019-12-20 06:00:00,12,2019-12-20 07:00:00,0.10531,0.10531,0.10531,0.0,0.3605882444865176,283.75664366630093,-205.8540619654047,0.0,0.0,489.6107056317056,489.6107056317056,0.0,1.0
8479,2019-12-20 07:00:00,12,2019-12-20 08:00:00,0.10531,0.10531,0.10531,0.0,0.6762311395001381,278.45710095788274,-211.15360467382288,0.0,0.0,489.6107056317056,489.6107056317056,0.0,1.0
8480,2019-12-20 08:00:00,12,2019-12-20 09:00:00,0.10531,0.10531,0.10531,0.0,1.0,440.8086678386209,-0.0,0.0,0.0,440.8086678386209,440.8086678386209,0.0,0.0
8481,2019-12-20 09:00:00,12,2019-12-20 10:00:00,0.10531,0.10531,0.10531,0.0,1.0,507.4329796869719,-0.0,17.82227405526629,0.0,489.6107056317056,489.6107056317056,0.0,0.0
8482,2019-12-20 10:00:00,12,2019-12-20 11:00:00,0.10531,0.10531,0.10531,0.0,0.9677132716390103,498.05791934184134,-0.0,8.447213710135713,0.0,489.6107056317056,489.6107056317056,0.0,0.0
8483,2019-12-20 11:00:00,12,2019-12-20 12:00:00,0.10531,0.10531,0.10531,0.0,0.9524103482510833,564.8335815427196,-0.0,75.22287591101394,0.0,489.6107056317056,489.6107056317056,0.0,0.0
8484,2019-12-20 12:00:00,12,2019-12-20 13:00:00,0.10531,0.10531,0.10531,0.0,0.8161370223253335,536.4267123925881,-0.0,46.81600676088249,0.0,489.6107056317056,489.6107056317056,0.0,0.0
8485,2019-12-20 13:00:00,12,2019-12-20 14:00:00,0.10531,0.10531,0.10531,0.0,0.7313254158744594,533.2195378545492,-0.0,43.6088322228436,0.0,489.6107056317056,489.6107056317056,0.0,0.0
8486,2019-12-20 14:00:00,12,2019-12-20 15:00:00,0.10531,0.10531,0.10531,0.0,0.6523239082243805,523.4456375935717,-0.0,33.83493196186612,0.0,489.6107056317056,489.6107056317056,0.0,0.0
8487,2019-12-20 15:00:00,12,2019-12-20 16:00:00,0.10531,0.10531,0.10531,0.0,0.591028741626797,516.396729402419,-0.0,26.786023770713427,0.0,489.6107056317056,489.6107056317056,0.0,0.0
8488,2019-12-20 16:00:00,12,2019-12-20 17:00:00,0.13592,0.13592,0.13592,0.0,0.5425033362450697,522.482440324232,-0.0,32.87173469252639,0.0,489.6107056317056,489.6107056317056,0.0,0.0
8489,2019-12-20 17:00:00,12,2019-12-20 18:00:00,0.13592,0.13592,0.13592,0.0,0.4829530922368698,540.1052913755267,-0.0,187.97922274523265,0.0,352.12606863029407,352.12606863029407,0.0,0.0
8490,2019-12-20 18:00:00,12,2019-12-20 19:00:00,0.13592,0.13592,0.13592,0.0,0.14241102204623096,529.924125162304,-0.0,40.31341953059837,0.0,489.6107056317056,489.6107056317056,0.0,0.0
8491,2019-12-20 19:00:00,12,2019-12-20 20:00:00,0.13592,0.13592,0.13592,0.0,0.06937946492558175,500.30817027062676,-0.0,10.697464638921133,0.0,489.6107056317056,489.6107056317056,0.0,0.0
8492,2019-12-20 20:00:00,12,2019-12-20 21:00:00,0.13592,0.13592,0.13592,0.0,0.05,443.61494314624304,-0.0,0.0,0.0,443.61494314624304,443.61494314624304,0.0,1.0
8493,2019-12-20 21:00:00,12,2019-12-20 22:00:00,0.10531,0.10531,0.10531,0.0,0.05,318.0695632608961,-0.0,0.0,0.0,318.0695632608961,318.0695632608961,0.0,1.0
8494,2019-12-20 22:00:00,12,2019-12-20 23:00:00,0.10531,0.10531,0.10531,0.0,0.05,215.16663382121678,-0.0,0.0,0.0,215.16663382121678,215.16663382121678,0.0,0.0
8495,2019-12-20 23:00:00,12,2019-12-21 00:00:00,0.10531,0.10531,0.10531,0.0,0.05,283.92890453244706,-0.0,0.0,0.0,283.92890453244706,283.92890453244706,0.0,1.0
8496,2019-12-21 00:00:00,12,2019-12-21 01:00:00,0.10531,0.10531,0.10531,0.0,0.05,226.00716484397176,-0.0,0.0,0.0,226.00716484397176,226.00716484397176,0.0,0.0
8497,2019-12-21 01:00:00,12,2019-12-21 02:00:00,0.10531,0.10531,0.10531,0.0,0.05,208.83927900396725,-0.0,0.0,0.0,208.83927900396725,208.83927900396725,0.0,0.0
8498,2019-12-21 02:00:00,12,2019-12-21 03:00:00,0.10531,0.10531,0.10531,0.0,0.05,207.1691239384391,-0.0,0.0,0.0,207.1691239384391,207.1691239384391,0.0,0.0
8499,2019-12-21 03:00:00,12,2019-12-21 04:00:00,0.10531,0.10531,0.10531,0.0,0.05,206.2655312811986,-2.7421643322432363,0.0,0.0,209.00769561344185,209.00769561344185,0.0,1.0
8500,2019-12-21 04:00:00,12,2019-12-21 05:00:00,0.10531,0.10531,0.10531,0.0,0.05420465197610629,220.1647916484887,-0.0,0.0,0.0,220.1647916484887,220.1647916484887,0.0,0.0
8501,2019-12-21 05:00:00,12,2019-12-21 06:00:00,0.10531,0.10531,0.10531,0.0,0.05420465197610629,219.79326232341867,-269.81744330828695,0.0,0.0,489.6107056317056,489.6107056317056,0.0,1.0
8502,2019-12-21 06:00:00,12,2019-12-21 07:00:00,0.10531,0.10531,0.10531,0.0,0.46792473171547966,314.2659064172691,-175.34479921443653,0.0,0.0,489.6107056317056,489.6107056317056,0.0,1.0
8503,2019-12-21 07:00:00,12,2019-12-21 08:00:00,0.10531,0.10531,0.10531,0.0,0.7367867571776157,317.949895095368,-171.66081053633764,0.0,0.0,489.6107056317056,489.6107056317056,0.0,1.0
8504,2019-12-21 08:00:00,12,2019-12-21 09:00:00,0.10531,0.10531,0.10531,0.0,1.0,475.6768634524851,-0.0,0.0,0.0,475.6768634524851,475.6768634524851,0.0,0.0
8505,2019-12-21 09:00:00,12,2019-12-21 10:00:00,0.10531,0.10531,0.10531,0.0,1.0,535.4760847086951,-0.0,45.865379076989484,0.0,489.6107056317056,489.6107056317056,0.0,0.0
8506,2019-12-21 10:00:00,12,2019-12-21 11:00:00,0.10531,0.10531,0.10531,0.0,0.9169105451503814,524.3257513180611,-0.0,34.71504568635544,0.0,489.6107056317056,489.6107056317056,0.0,0.0
8507,2019-12-21 11:00:00,12,2019-12-21 12:00:00,0.10531,0.10531,0.10531,0.0,0.8540209696316216,582.4733914815516,-0.0,92.862685849846,0.0,489.6107056317056,489.6107056317056,0.0,0.0
8508,2019-12-21 12:00:00,12,2019-12-21 13:00:00,0.10531,0.10531,0.10531,0.0,0.6857914662804512,555.0124982056601,-0.0,65.40179257395448,0.0,489.6107056317056,489.6107056317056,0.0,0.0
8509,2019-12-21 13:00:00,12,2019-12-21 14:00:00,0.10531,0.10531,0.10531,0.0,0.5673099579943017,551.4975932331704,-0.0,61.886887601464764,0.0,489.6107056317056,489.6107056317056,0.0,0.0
8510,2019-12-21 14:00:00,12,2019-12-21 15:00:00,0.10531,0.10531,0.10531,0.0,0.4551960311800539,536.5306316705613,-0.0,46.91992603885569,0.0,489.6107056317056,489.6107056317056,0.0,0.0
8511,2019-12-21 15:00:00,12,2019-12-21 16:00:00,0.10531,0.10531,0.10531,0.0,0.3701961651676342,523.8619675418338,-0.0,34.251261910128164,0.0,489.6107056317056,489.6107056317056,0.0,0.0
8512,2019-12-21 16:00:00,12,2019-12-21 17:00:00,0.13592,0.13592,0.13592,0.0,0.3081467776492861,524.8222791950745,-0.0,35.211573563368916,0.0,489.6107056317056,489.6107056317056,0.0,0.0
8513,2019-12-21 17:00:00,12,2019-12-21 18:00:00,0.13592,0.13592,0.13592,0.0,0.2443576951069511,538.3416568992285,-0.0,48.73095126752287,0.0,489.6107056317056,489.6107056317056,0.0,0.0
8514,2019-12-21 18:00:00,12,2019-12-21 19:00:00,0.13592,0.13592,0.13592,0.0,0.1560769862889749,525.0278780937535,-0.0,35.417172462047915,0.0,489.6107056317056,489.6107056317056,0.0,0.0
8515,2019-12-21 19:00:00,12,2019-12-21 20:00:00,0.13592,0.13592,0.13592,0.0,0.0919154419736707,490.5209564017831,-0.0,23.137323969466227,0.0,467.38363243231686,467.38363243231686,0.0,0.0
8516,2019-12-21 20:00:00,12,2019-12-21 21:00:00,0.13592,0.13592,0.13592,0.0,0.05,431.52559484444384,-0.0,0.0,0.0,431.52559484444384,431.52559484444384,0.0,0.0
8517,2019-12-21 21:00:00,12,2019-12-21 22:00:00,0.10531,0.10531,0.10531,0.0,0.05,305.0585655493533,-0.0,0.0,0.0,305.0585655493533,305.0585655493533,0.0,0.0
8518,2019-12-21 22:00:00,12,2019-12-21 23:00:00,0.10531,0.10531,0.10531,0.0,0.05,199.9957789960493,-0.0,0.0,0.0,199.9957789960493,199.9957789960493,0.0,0.0
8519,2019-12-21 23:00:00,12,2019-12-22 00:00:00,0.10531,0.10531,0.10531,0.0,0.05,269.7949933218766,-0.0,0.0,0.0,269.7949933218766,269.7949933218766,0.0,1.0
8520,2019-12-22 00:00:00,12,2019-12-22 01:00:00,0.10531,0.10531,0.10531,0.0,0.05,206.6422939772405,-0.0,0.0,0.0,206.6422939772405,206.6422939772405,0.0,0.0
8521,2019-12-22 01:00:00,12,2019-12-22 02:00:00,0.10531,0.10531,0.10531,0.0,0.05,188.49634177627422,-0.0,0.0,0.0,188.49634177627422,188.49634177627422,0.0,0.0
8522,2019-12-22 02:00:00,12,2019-12-22 03:00:00,0.10531,0.10531,0.10531,0.0,0.05,183.729804835556,-0.0,0.0,0.0,183.729804835556,183.729804835556,0.0,0.0
8523,2019-12-22 03:00:00,12,2019-12-22 04:00:00,0.10531,0.10531,0.10531,0.0,0.05,179.94687148036016,-0.0,0.0,0.0,179.94687148036016,179.94687148036016,0.0,0.0
8524,2019-12-22 04:00:00,12,2019-12-22 05:00:00,0.10531,0.10531,0.10531,0.0,0.05,223.57183077069834,-0.0,0.0,0.0,223.57183077069834,223.57183077069834,0.0,0.0
8525,2019-12-22 05:00:00,12,2019-12-22 06:00:00,0.10531,0.10531,0.10531,0.0,0.05,221.19872809736688,-268.41197753433875,0.0,0.0,489.6107056317056,489.6107056317056,0.0,1.0
8526,2019-12-22 06:00:00,12,2019-12-22 07:00:00,0.10531,0.10531,0.10531,0.0,0.4615650322193195,313.8099449788015,-175.8007606529041,0.0,0.0,489.6107056317056,489.6107056317056,0.0,1.0
8527,2019-12-22 07:00:00,12,2019-12-22 08:00:00,0.10531,0.10531,0.10531,0.0,0.7311261985537724,291.2254814373164,-175.35247920406147,0.0,0.0,466.57796064137784,466.57796064137784,0.0,1.0
8528,2019-12-22 08:00:00,12,2019-12-22 09:00:00,0.10531,0.10531,0.10531,0.0,1.0,434.09497378888994,-0.0,0.0,0.0,434.09497378888994,434.09497378888994,0.0,1.0
8529,2019-12-22 09:00:00,12,2019-12-22 10:00:00,0.10531,0.10531,0.10531,0.0,1.0,495.03819054127854,-0.0,5.427484909572911,0.0,489.6107056317056,489.6107056317056,0.0,0.0
8530,2019-12-22 10:00:00,12,2019-12-22 11:00:00,0.10531,0.10531,0.10531,0.0,0.9901675998014984,483.5215849270622,-6.089120704643449,0.0,0.0,489.6107056317056,489.6107056317056,0.0,1.0
8531,2019-12-22 11:00:00,12,2019-12-22 12:00:00,0.10531,0.10531,0.10531,0.0,0.9995042515486183,547.2480623167589,-0.0,57.637356685053305,0.0,489.6107056317056,489.6107056317056,0.0,0.0
8532,2019-12-22 12:00:00,12,2019-12-22 13:00:00,0.10531,0.10531,0.10531,0.0,0.8950887503075798,512.0146187608599,-0.0,22.40391312915426,0.0,489.6107056317056,489.6107056317056,0.0,0.0
8533,2019-12-22 13:00:00,12,2019-12-22 14:00:00,0.10531,0.10531,0.10531,0.0,0.8545019511605612,504.2727185553418,-0.0,14.662012923636155,0.0,489.6107056317056,489.6107056317056,0.0,0.0
8534,2019-12-22 14:00:00,12,2019-12-22 15:00:00,0.10531,0.10531,0.10531,0.0,0.8279403335452783,493.9949159483141,-0.0,4.38421031660846,0.0,489.6107056317056,489.6107056317056,0.0,0.0
8535,2019-12-22 15:00:00,12,2019-12-22 16:00:00,0.10531,0.10531,0.10531,0.0,0.8199979235514224,486.71420979905065,-2.8964958326549777,0.0,0.0,489.6107056317056,489.6107056317056,0.0,1.0
8536,2019-12-22 16:00:00,12,2019-12-22 17:00:00,0.13592,0.13592,0.13592,0.0,0.8244392171614934,491.4370274785687,-0.0,116.87169576030684,0.0,374.56533171826186,374.56533171826186,0.0,0.0
8537,2019-12-22 17:00:00,12,2019-12-22 18:00:00,0.13592,0.13592,0.13592,0.0,0.6127151306391985,507.19787422538553,-0.0,300.0,0.0,207.19787422538553,207.19787422538553,0.0,0.0
8538,2019-12-22 18:00:00,12,2019-12-22 19:00:00,0.13592,0.13592,0.13592,0.0,0.06923686976963328,500.2294577445432,-0.0,10.61875211283757,0.0,489.6107056317056,489.6107056317056,0.0,0.0
8539,2019-12-22 19:00:00,12,2019-12-22 20:00:00,0.13592,0.13592,0.13592,0.0,0.05,453.97042678792076,-0.0,0.0,0.0,453.97042678792076,453.97042678792076,0.0,1.0
8540,2019-12-22 20:00:00,12,2019-12-22 21:00:00,0.13592,0.13592,0.13592,0.0,0.05,399.61505574098123,-0.0,0.0,0.0,399.61505574098123,399.61505574098123,0.0,1.0
8541,2019-12-22 21:00:00,12,2019-12-22 22:00:00,0.10531,0.10531,0.10531,0.0,0.05,280.31396395110033,-63.98041113867126,0.0,0.0,344.2943750897716,344.2943750897716,0.0,1.0
8542,2019-12-22 22:00:00,12,2019-12-22 23:00:00,0.10531,0.10531,0.10531,0.0,0.14810329707929593,183.2838163999809,-0.0,0.0,0.0,183.2838163999809,183.2838163999809,0.0,0.0
8543,2019-12-22 23:00:00,12,2019-12-23 00:00:00,0.10531,0.10531,0.10531,0.0,0.14810329707929593,254.15423320062004,-0.0,0.0,0.0,254.15423320062004,254.15423320062004,0.0,1.0
8544,2019-12-23 00:00:00,12,2019-12-23 01:00:00,0.10531,0.10531,0.10531,0.0,0.14810329707929593,186.8350902586559,-0.0,0.0,0.0,186.8350902586559,186.8350902586559,0.0,0.0
8545,2019-12-23 01:00:00,12,2019-12-23 02:00:00,0.10531,0.10531,0.10531,0.0,0.14810329707929593,170.77883399800425,-0.0,0.0,0.0,170.77883399800425,170.77883399800425,0.0,0.0
8546,2019-12-23 02:00:00,12,2019-12-23 03:00:00,0.10531,0.10531,0.10531,0.0,0.14810329707929593,168.7934215609851,-0.0,0.0,0.0,168.7934215609851,168.7934215609851,0.0,0.0
8547,2019-12-23 03:00:00,12,2019-12-23 04:00:00,0.10531,0.10531,0.10531,0.0,0.14810329707929593,167.07662032426848,-0.0,0.0,0.0,167.07662032426848,167.07662032426848,0.0,0.0
8548,2019-12-23 04:00:00,12,2019-12-23 05:00:00,0.10531,0.10531,0.10531,0.0,0.14810329707929593,179.76999465520458,-0.0,0.0,0.0,179.76999465520458,179.76999465520458,0.0,0.0
8549,2019-12-23 05:00:00,12,2019-12-23 06:00:00,0.10531,0.10531,0.10531,0.0,0.14810329707929593,178.23483696674677,-0.0,0.0,0.0,178.23483696674677,178.23483696674677,0.0,0.0
8550,2019-12-23 06:00:00,12,2019-12-23 07:00:00,0.10531,0.10531,0.10531,0.0,0.14810329707929593,246.93362491707055,-242.67708071463508,0.0,0.0,489.6107056317056,489.6107056317056,0.0,1.0
8551,2019-12-23 07:00:00,12,2019-12-23 08:00:00,0.10531,0.10531,0.10531,0.0,0.5202081541750697,239.40785203356953,-250.2028535981361,0.0,0.0,489.6107056317056,489.6107056317056,0.0,1.0
8552,2019-12-23 08:00:00,12,2019-12-23 09:00:00,0.10531,0.10531,0.10531,0.0,0.9038525296922117,374.0270427027587,-0.0,0.0,0.0,374.0270427027587,374.0270427027587,0.0,0.0
8553,2019-12-23 09:00:00,12,2019-12-23 10:00:00,0.10531,0.10531,0.10531,0.0,0.9038525296922117,421.3818377462825,-62.70487193986187,0.0,0.0,484.08670968614433,484.08670968614433,0.0,1.0
8554,2019-12-23 10:00:00,12,2019-12-23 11:00:00,0.10531,0.10531,0.10531,0.0,1.0,479.0389488053008,-0.0,0.0,0.0,479.0389488053008,479.0389488053008,0.0,0.0
8555,2019-12-23 11:00:00,12,2019-12-23 12:00:00,0.10531,0.10531,0.10531,0.0,1.0,543.763725619477,-0.0,54.15301998777136,0.0,489.6107056317056,489.6107056317056,0.0,0.0
8556,2019-12-23 12:00:00,12,2019-12-23 13:00:00,0.10531,0.10531,0.10531,0.0,0.9018967029207041,510.4536690017854,-0.0,20.842963370079758,0.0,489.6107056317056,489.6107056317056,0.0,0.0
8557,2019-12-23 13:00:00,12,2019-12-23 14:00:00,0.10531,0.10531,0.10531,0.0,0.8641377113082407,505.10485014856783,-0.0,15.494144516862207,0.0,489.6107056317056,489.6107056317056,0.0,0.0
8558,2019-12-23 14:00:00,12,2019-12-23 15:00:00,0.10531,0.10531,0.10531,0.0,0.8360686089226208,495.53733986716315,-0.0,5.926634235457527,0.0,489.6107056317056,489.6107056317056,0.0,0.0
8559,2019-12-23 15:00:00,12,2019-12-23 16:00:00,0.10531,0.10531,0.10531,0.0,0.8253319526989659,486.8592136116137,-2.7514920200919164,0.0,0.0,489.6107056317056,489.6107056317056,0.0,1.0
8560,2019-12-23 16:00:00,12,2019-12-23 17:00:00,0.13592,0.13592,0.13592,0.0,0.8295509071297734,493.59284874546347,-0.0,300.0,0.0,193.59284874546347,193.59284874546347,0.0,0.0
8561,2019-12-23 17:00:00,12,2019-12-23 18:00:00,0.13592,0.13592,0.13592,0.0,0.28607264626020823,515.1726396058375,-0.0,130.31210073563494,0.0,384.86053887020256,384.86053887020256,0.0,0.0
8562,2019-12-23 18:00:00,12,2019-12-23 19:00:00,0.13592,0.13592,0.13592,0.0,0.05,482.7175019834534,-0.0,0.0,0.0,482.7175019834534,482.7175019834534,0.0,0.0
8563,2019-12-23 19:00:00,12,2019-12-23 20:00:00,0.13592,0.13592,0.13592,0.0,0.05,393.9646234775375,-0.0,0.0,0.0,393.9646234775375,393.9646234775375,0.0,1.0
8564,2019-12-23 20:00:00,12,2019-12-23 21:00:00,0.13592,0.13592,0.13592,0.0,0.05,370.8102853975762,-0.0,0.0,0.0,370.8102853975762,370.8102853975762,0.0,1.0
8565,2019-12-23 21:00:00,12,2019-12-23 22:00:00,0.10531,0.10531,0.10531,0.0,0.05,277.4398567886294,-0.0,0.0,0.0,277.4398567886294,277.4398567886294,0.0,1.0
8566,2019-12-23 22:00:00,12,2019-12-23 23:00:00,0.10531,0.10531,0.10531,0.0,0.05,196.24459859191694,-0.0,0.0,0.0,196.24459859191694,196.24459859191694,0.0,0.0
8567,2019-12-23 23:00:00,12,2019-12-24 00:00:00,0.10531,0.10531,0.10531,0.0,0.05,266.50070396765784,-0.0,0.0,0.0,266.50070396765784,266.50070396765784,0.0,1.0
8568,2019-12-24 00:00:00,12,2019-12-24 01:00:00,0.10531,0.10531,0.10531,0.0,0.05,208.37141069340458,-0.0,0.0,0.0,208.37141069340458,208.37141069340458,0.0,0.0
8569,2019-12-24 01:00:00,12,2019-12-24 02:00:00,0.10531,0.10531,0.10531,0.0,0.05,191.98273945111504,-0.0,0.0,0.0,191.98273945111504,191.98273945111504,0.0,0.0
8570,2019-12-24 02:00:00,12,2019-12-24 03:00:00,0.10531,0.10531,0.10531,0.0,0.05,191.66410130887667,-0.0,0.0,0.0,191.66410130887667,191.66410130887667,0.0,0.0
8571,2019-12-24 03:00:00,12,2019-12-24 04:00:00,0.10531,0.10531,0.10531,0.0,0.05,191.64768281859284,-0.0,0.0,0.0,191.64768281859284,191.64768281859284,0.0,0.0
8572,2019-12-24 04:00:00,12,2019-12-24 05:00:00,0.10531,0.10531,0.10531,0.0,0.05,206.13523890470915,-0.0,0.0,0.0,206.13523890470915,206.13523890470915,0.0,0.0
8573,2019-12-24 05:00:00,12,2019-12-24 06:00:00,0.10531,0.10531,0.10531,0.0,0.05,205.35046236567342,-0.0,0.0,0.0,205.35046236567342,205.35046236567342,0.0,0.0
8574,2019-12-24 06:00:00,12,2019-12-24 07:00:00,0.10531,0.10531,0.10531,0.0,0.05,277.25899410694774,-199.60641541091184,0.0,0.0,476.8654095178596,476.8654095178596,0.0,1.0
8575,2019-12-24 07:00:00,12,2019-12-24 08:00:00,0.10531,0.10531,0.10531,0.0,0.3560631702967315,280.79410142273457,-196.07130809512503,0.0,0.0,476.8654095178596,476.8654095178596,0.0,1.0
8576,2019-12-24 08:00:00,12,2019-12-24 09:00:00,0.10531,0.10531,0.10531,0.0,0.6567058427092566,352.44361940175264,-0.0,0.0,0.0,352.44361940175264,352.44361940175264,0.0,0.0
8577,2019-12-24 09:00:00,12,2019-12-24 10:00:00,0.10531,0.10531,0.10531,0.0,0.6567058427092566,303.4904970405857,-173.3749124772739,0.0,0.0,476.86540951785963,476.86540951785963,0.0,1.0
8578,2019-12-24 10:00:00,12,2019-12-24 11:00:00,0.10531,0.10531,0.10531,0.0,0.9225473751744101,374.43382002373437,-0.0,0.0,0.0,374.43382002373437,374.43382002373437,0.0,0.0
8579,2019-12-24 11:00:00,12,2019-12-24 12:00:00,0.10531,0.10531,0.10531,0.0,0.9225473751744101,435.6105513123065,-0.0,0.0,0.0,435.6105513123065,435.6105513123065,0.0,0.0
8580,2019-12-24 12:00:00,12,2019-12-24 13:00:00,0.10531,0.10531,0.10531,0.0,0.9225473751744101,458.28140990068607,-0.0,3.552713678800501e-15,0.0,458.28140990068607,458.28140990068607,0.0,1.0
8581,2019-12-24 13:00:00,12,2019-12-24 14:00:00,0.10531,0.10531,0.10531,0.0,0.9225473751744101,456.9173105510409,-10.671044760582902,-7.105427357601002e-15,0.0,467.5883553116238,467.5883553116238,0.0,1.0
8582,2019-12-24 14:00:00,12,2019-12-24 15:00:00,0.10531,0.10531,0.10531,0.0,0.9389096438073039,449.7691689842953,-39.84153664741035,0.0,0.0,489.6107056317056,489.6107056317056,0.0,1.0
8583,2019-12-24 15:00:00,12,2019-12-24 16:00:00,0.10531,0.10531,0.10531,0.0,0.9999999999999998,444.93682772704005,-0.0,-1.0459189070388675e-13,0.0,444.93682772704017,444.93682772704017,0.0,0.0
8584,2019-12-24 16:00:00,12,2019-12-24 17:00:00,0.13592,0.13592,0.13592,0.0,1.0,452.07921374843784,-0.0,224.39999999999986,0.0,227.67921374843797,227.67921374843797,0.0,0.0
8585,2019-12-24 17:00:00,12,2019-12-24 18:00:00,0.13592,0.13592,0.13592,0.0,0.5934782608695653,412.8635115532602,-0.0,0.0,0.0,412.8635115532602,412.8635115532602,0.0,0.0
8586,2019-12-24 18:00:00,12,2019-12-24 19:00:00,0.13592,0.13592,0.13592,0.0,0.5934782608695653,420.54610294040043,-0.0,4.263256414560601e-14,0.0,420.5461029404004,420.5461029404004,0.0,1.0
8587,2019-12-24 19:00:00,12,2019-12-24 20:00:00,0.13592,0.13592,0.13592,0.0,0.5934782608695652,384.05791355192855,-0.0,0.0,0.0,384.05791355192855,384.05791355192855,0.0,0.0
8588,2019-12-24 20:00:00,12,2019-12-24 21:00:00,0.13592,0.13592,0.13592,0.0,0.5934782608695652,356.4968780393863,-0.0,300.0,0.0,56.496878039386274,56.496878039386274,0.0,0.0
8589,2019-12-24 21:00:00,12,2019-12-24 22:00:00,0.10531,0.10531,0.10531,0.0,0.05,316.0816898569705,-0.0,0.0,0.0,316.0816898569705,316.0816898569705,0.0,1.0
8590,2019-12-24 22:00:00,12,2019-12-24 23:00:00,0.10531,0.10531,0.10531,0.0,0.05,207.23219852300767,-0.0,-1.76113831837483e-14,0.0,207.2321985230077,207.2321985230077,0.0,0.0
8591,2019-12-24 23:00:00,12,2019-12-25 00:00:00,0.10531,0.10531,0.10531,0.0,0.05,275.92842495790904,-0.0,0.0,0.0,275.92842495790904,275.92842495790904,0.0,1.0
8592,2019-12-25 00:00:00,12,2019-12-25 01:00:00,0.10531,0.10531,0.10531,0.0,0.05,214.58198323541282,-0.0,0.0,0.0,214.58198323541282,214.58198323541282,0.0,0.0
8593,2019-12-25 01:00:00,12,2019-12-25 02:00:00,0.10531,0.10531,0.10531,0.0,0.05,195.87553748892168,-0.0,0.0,0.0,195.87553748892168,195.87553748892168,0.0,0.0
8594,2019-12-25 02:00:00,12,2019-12-25 03:00:00,0.10531,0.10531,0.10531,0.0,0.05,191.55118453367297,-0.0,0.0,0.0,191.55118453367297,191.55118453367297,0.0,0.0
8595,2019-12-25 03:00:00,12,2019-12-25 04:00:00,0.10531,0.10531,0.10531,0.0,0.05,187.91617815130633,-0.0,0.0,0.0,187.91617815130633,187.91617815130633,0.0,0.0
8596,2019-12-25 04:00:00,12,2019-12-25 05:00:00,0.10531,0.10531,0.10531,0.0,0.05,198.42991303430483,-0.0,0.0,0.0,198.42991303430483,198.42991303430483,0.0,0.0
8597,2019-12-25 05:00:00,12,2019-12-25 06:00:00,0.10531,0.10531,0.10531,0.0,0.05,194.75221842810032,-0.0,0.0,0.0,194.75221842810032,194.75221842810032,0.0,0.0
8598,2019-12-25 06:00:00,12,2019-12-25 07:00:00,0.10531,0.10531,0.10531,0.0,0.05,262.04048376333304,-227.57022186837258,0.0,0.0,489.6107056317056,489.6107056317056,0.0,1.0
8599,2019-12-25 07:00:00,12,2019-12-25 08:00:00,0.10531,0.10531,0.10531,0.0,0.39894100686483797,257.9637525351968,-231.6469530965088,0.0,0.0,489.6107056317056,489.6107056317056,0.0,1.0
8600,2019-12-25 08:00:00,12,2019-12-25 09:00:00,0.10531,0.10531,0.10531,0.0,0.7541330016128182,335.02556188556514,-25.18928538527654,0.0,0.0,360.2148472708417,360.2148472708417,0.0,1.0
8601,2019-12-25 09:00:00,12,2019-12-25 10:00:00,0.10531,0.10531,0.10531,0.0,0.7927565725369089,297.0385429258344,-0.0,0.0,0.0,297.0385429258344,297.0385429258344,0.0,0.0
8602,2019-12-25 10:00:00,12,2019-12-25 11:00:00,0.10531,0.10531,0.10531,0.0,0.7927565725369089,379.54866428524065,-110.06204134646498,0.0,0.0,489.6107056317056,489.6107056317056,0.0,1.0
8603,2019-12-25 11:00:00,12,2019-12-25 12:00:00,0.10531,0.10531,0.10531,0.0,0.9615183692681551,441.4798782393338,-0.0,0.0,0.0,441.4798782393338,441.4798782393338,0.0,0.0
8604,2019-12-25 12:00:00,12,2019-12-25 13:00:00,0.10531,0.10531,0.10531,0.0,0.9615183692681551,464.5139899370242,-0.0,-2.842170943040401e-14,0.0,464.5139899370242,464.5139899370242,0.0,1.0
8605,2019-12-25 13:00:00,12,2019-12-25 14:00:00,0.10531,0.10531,0.10531,0.0,0.9615183692681554,457.8208517725691,-0.0,5.6646387946212495e-14,0.0,457.82085177256903,457.82085177256903,0.0,1.0
8606,2019-12-25 14:00:00,12,2019-12-25 15:00:00,0.10531,0.10531,0.10531,0.0,0.9615183692681558,446.35054286090906,-25.09671569468128,0.0,0.0,471.44725855559034,471.44725855559034,0.0,1.0
8607,2019-12-25 15:00:00,12,2019-12-25 16:00:00,0.10531,0.10531,0.10531,0.0,1.0000000000000002,438.701766019313,-0.0,2.2737367544323206e-13,0.0,438.7017660193128,438.7017660193128,0.0,0.0
8608,2019-12-25 16:00:00,12,2019-12-25 17:00:00,0.13592,0.13592,0.13592,0.0,1.0,443.53651744940277,-0.0,300.0000000000001,0.0,143.53651744940277,143.53651744940277,0.0,0.0
8609,2019-12-25 17:00:00,12,2019-12-25 18:00:00,0.13592,0.13592,0.13592,0.0,0.4565217391304346,400.79595851425194,-0.0,224.39999999999992,0.0,176.39595851425202,176.39595851425202,0.0,0.0
8610,2019-12-25 18:00:00,12,2019-12-25 19:00:00,0.13592,0.13592,0.13592,0.0,0.05,404.9061305370861,-0.0,0.0,0.0,404.9061305370861,404.9061305370861,0.0,0.0
8611,2019-12-25 19:00:00,12,2019-12-25 20:00:00,0.13592,0.13592,0.13592,0.0,0.05,365.01863622741155,-0.0,0.0,0.0,365.01863622741155,365.01863622741155,0.0,0.0
8612,2019-12-25 20:00:00,12,2019-12-25 21:00:00,0.13592,0.13592,0.13592,0.0,0.05,340.7780023627048,-0.0,0.0,0.0,340.7780023627048,340.7780023627048,0.0,0.0
8613,2019-12-25 21:00:00,12,2019-12-25 22:00:00,0.10531,0.10531,0.10531,0.0,0.05,303.60586087931046,0.0,0.0,0.0,303.60586087931046,303.60586087931046,0.0,0.0
8614,2019-12-25 22:00:00,12,2019-12-25 23:00:00,0.10531,0.10531,0.10531,0.0,0.05,194.09905406912827,-0.0,-1.042204115839354e-14,0.0,194.09905406912827,194.09905406912827,0.0,0.0
8615,2019-12-25 23:00:00,12,2019-12-26 00:00:00,0.10531,0.10531,0.10531,0.0,0.05000000000000005,264.3645768727742,-0.0,0.0,0.0,264.3645768727742,264.3645768727742,0.0,1.0
8616,2019-12-26 00:00:00,12,2019-12-26 01:00:00,0.10531,0.10531,0.10531,0.0,0.05,205.90278791019713,-0.0,0.0,0.0,205.90278791019713,205.90278791019713,0.0,0.0
8617,2019-12-26 01:00:00,12,2019-12-26 02:00:00,0.10531,0.10531,0.10531,0.0,0.05,188.00067990937666,-0.0,0.0,0.0,188.00067990937666,188.00067990937666,0.0,0.0
8618,2019-12-26 02:00:00,12,2019-12-26 03:00:00,0.10531,0.10531,0.10531,0.0,0.05,184.42687422027646,-0.0,0.0,0.0,184.42687422027646,184.42687422027646,0.0,0.0
8619,2019-12-26 03:00:00,12,2019-12-26 04:00:00,0.10531,0.10531,0.10531,0.0,0.05,181.8884946492465,-0.0,0.0,0.0,181.8884946492465,181.8884946492465,0.0,0.0
8620,2019-12-26 04:00:00,12,2019-12-26 05:00:00,0.10531,0.10531,0.10531,0.0,0.05,226.58320019982284,-263.0275054318828,0.0,0.0,489.6107056317056,489.6107056317056,0.0,1.0
8621,2019-12-26 05:00:00,12,2019-12-26 06:00:00,0.10531,0.10531,0.10531,0.0,0.45330884166222024,224.8943308547386,-185.93776091942843,0.0,0.0,410.832091774167,410.832091774167,0.0,1.0
8622,2019-12-26 06:00:00,12,2019-12-26 07:00:00,0.10531,0.10531,0.10531,0.0,0.7384134084053439,319.0107545917125,-170.59995103999313,0.0,0.0,489.6107056317056,489.6107056317056,0.0,1.0
8623,2019-12-26 07:00:00,12,2019-12-26 08:00:00,0.10531,0.10531,0.10531,0.0,1.0,298.616515703249,-0.0,0.0,0.0,298.616515703249,298.616515703249,0.0,1.0
8624,2019-12-26 08:00:00,12,2019-12-26 09:00:00,0.10531,0.10531,0.10531,0.0,1.0,439.6585287760331,-0.0,0.0,0.0,439.6585287760331,439.6585287760331,0.0,1.0
8625,2019-12-26 09:00:00,12,2019-12-26 10:00:00,0.10531,0.10531,0.10531,0.0,1.0,497.7310606688397,-0.0,8.120355037134061,0.0,489.6107056317056,489.6107056317056,0.0,0.0
8626,2019-12-26 10:00:00,12,2019-12-26 11:00:00,0.10531,0.10531,0.10531,0.0,0.9852892118892498,483.3432330803528,-6.267472551352853,0.0,0.0,489.6107056317056,489.6107056317056,0.0,1.0
8627,2019-12-26 11:00:00,12,2019-12-26 12:00:00,0.10531,0.10531,0.10531,0.0,0.9948993364679908,548.7287991519318,-0.0,59.118093520226125,0.0,489.6107056317056,489.6107056317056,0.0,0.0
8628,2019-12-26 12:00:00,12,2019-12-26 13:00:00,0.10531,0.10531,0.10531,0.0,0.8878013409603348,515.076136606346,-0.0,25.465430974640412,0.0,489.6107056317056,489.6107056317056,0.0,0.0
8629,2019-12-26 13:00:00,12,2019-12-26 14:00:00,0.10531,0.10531,0.10531,0.0,0.8416683138323631,507.1630645348737,-0.0,17.552358903168056,0.0,489.6107056317056,489.6107056317056,0.0,0.0
8630,2019-12-26 14:00:00,12,2019-12-26 15:00:00,0.10531,0.10531,0.10531,0.0,0.809870562196189,496.4288246722216,-0.0,6.818119040515967,0.0,489.6107056317056,489.6107056317056,0.0,0.0
8631,2019-12-26 15:00:00,12,2019-12-26 16:00:00,0.10531,0.10531,0.10531,0.0,0.7975188972677181,488.8354007647061,-0.7753048669995337,0.0,0.0,489.6107056317056,489.6107056317056,0.0,1.0
8632,2019-12-26 16:00:00,12,2019-12-26 17:00:00,0.13592,0.13592,0.13592,0.0,0.7987076980637839,493.7185041011864,-0.0,85.60264051791368,0.0,408.1158635832727,408.1158635832727,0.0,0.0
8633,2019-12-26 17:00:00,12,2019-12-26 18:00:00,0.13592,0.13592,0.13592,0.0,0.6436304507487229,508.5902068214065,-0.0,18.979501189700898,0.0,489.6107056317056,489.6107056317056,0.0,0.0
8634,2019-12-26 18:00:00,12,2019-12-26 19:00:00,0.13592,0.13592,0.13592,0.0,0.6092472964195547,498.3152132552998,-0.0,8.704507623594168,0.0,489.6107056317056,489.6107056317056,0.0,0.0
8635,2019-12-26 19:00:00,12,2019-12-26 20:00:00,0.13592,0.13592,0.13592,0.0,0.5934782608695652,448.61240431699247,-0.0,300.0,0.0,148.61240431699247,148.61240431699247,0.0,0.0
8636,2019-12-26 20:00:00,12,2019-12-26 21:00:00,0.13592,0.13592,0.13592,0.0,0.05,394.86795430375247,-0.0,0.0,0.0,394.86795430375247,394.86795430375247,0.0,1.0
8637,2019-12-26 21:00:00,12,2019-12-26 22:00:00,0.10531,0.10531,0.10531,0.0,0.05,277.3362582560667,-67.54014898344955,0.0,0.0,344.87640723951625,344.87640723951625,0.0,1.0
8638,2019-12-26 22:00:00,12,2019-12-26 23:00:00,0.10531,0.10531,0.10531,0.0,0.15356156177462266,181.35285166336084,-0.0,0.0,0.0,181.35285166336084,181.35285166336084,0.0,0.0
8639,2019-12-26 23:00:00,12,2019-12-27 00:00:00,0.10531,0.10531,0.10531,0.0,0.15356156177462266,253.01993798379314,-0.0,0.0,0.0,253.01993798379314,253.01993798379314,0.0,0.0
8640,2019-12-27 00:00:00,12,2019-12-27 01:00:00,0.10531,0.10531,0.10531,0.0,0.15356156177462266,190.34338734206128,-0.0,0.0,0.0,190.34338734206128,190.34338734206128,0.0,0.0
8641,2019-12-27 01:00:00,12,2019-12-27 02:00:00,0.10531,0.10531,0.10531,0.0,0.15356156177462266,173.95627805933853,-0.0,0.0,0.0,173.95627805933853,173.95627805933853,0.0,0.0
8642,2019-12-27 02:00:00,12,2019-12-27 03:00:00,0.10531,0.10531,0.10531,0.0,0.15356156177462266,171.22923091571107,-0.0,0.0,0.0,171.22923091571107,171.22923091571107,0.0,0.0
8643,2019-12-27 03:00:00,12,2019-12-27 04:00:00,0.10531,0.10531,0.10531,0.0,0.15356156177462266,168.9239240988975,-0.0,0.0,0.0,168.9239240988975,168.9239240988975,0.0,0.0
8644,2019-12-27 04:00:00,12,2019-12-27 05:00:00,0.10531,0.10531,0.10531,0.0,0.15356156177462266,180.6952344499896,-25.98827248328893,0.0,0.0,206.68350693327855,206.68350693327855,0.0,1.0
8645,2019-12-27 05:00:00,12,2019-12-27 06:00:00,0.10531,0.10531,0.10531,0.0,0.19341024624899902,191.40928373344397,-0.0,0.0,0.0,191.40928373344397,191.40928373344397,0.0,0.0
8646,2019-12-27 06:00:00,12,2019-12-27 07:00:00,0.10531,0.10531,0.10531,0.0,0.19341024624899902,272.6708482678699,-216.9398573638357,0.0,0.0,489.6107056317056,489.6107056317056,0.0,1.0
8647,2019-12-27 07:00:00,12,2019-12-27 08:00:00,0.10531,0.10531,0.10531,0.0,0.5260513608735471,263.49328708895933,-226.1174185427463,0.0,0.0,489.6107056317056,489.6107056317056,0.0,1.0
8648,2019-12-27 08:00:00,12,2019-12-27 09:00:00,0.10531,0.10531,0.10531,0.0,0.8727647359724248,425.1804461202105,-64.43025951149514,0.0,0.0,489.6107056317056,489.6107056317056,0.0,1.0
8649,2019-12-27 09:00:00,12,2019-12-27 10:00:00,0.10531,0.10531,0.10531,0.0,0.9715578005567174,484.6247371466795,-4.985968485026149,0.0,0.0,489.6107056317056,489.6107056317056,0.0,1.0
8650,2019-12-27 10:00:00,12,2019-12-27 11:00:00,0.10531,0.10531,0.10531,0.0,0.9792029522337575,476.04741361024315,-13.563292021462473,0.0,0.0,489.6107056317056,489.6107056317056,0.0,1.0
8651,2019-12-27 11:00:00,12,2019-12-27 12:00:00,0.10531,0.10531,0.10531,0.0,1.0,546.7766877312973,-0.0,57.1659820995917,0.0,489.6107056317056,489.6107056317056,0.0,0.0
8652,2019-12-27 12:00:00,12,2019-12-27 13:00:00,0.10531,0.10531,0.10531,0.0,0.8964384382253775,518.8045477739441,-0.0,29.19384214223851,0.0,489.6107056317056,489.6107056317056,0.0,0.0
8653,2019-12-27 13:00:00,12,2019-12-27 14:00:00,0.10531,0.10531,0.10531,0.0,0.8435510430401627,511.95533951526966,-0.0,22.34463388356403,0.0,489.6107056317056,489.6107056317056,0.0,0.0
8654,2019-12-27 14:00:00,12,2019-12-27 15:00:00,0.10531,0.10531,0.10531,0.0,0.8030716338308076,503.52122214313164,-0.0,13.91051651142601,0.0,489.6107056317056,489.6107056317056,0.0,0.0
8655,2019-12-27 15:00:00,12,2019-12-27 16:00:00,0.10531,0.10531,0.10531,0.0,0.7778714227593837,498.434052734698,-0.0,8.823347102992386,0.0,489.6107056317056,489.6107056317056,0.0,0.0
8656,2019-12-27 16:00:00,12,2019-12-27 17:00:00,0.13592,0.13592,0.13592,0.0,0.761887098297441,504.130192295123,-0.0,65.48506838765033,0.0,438.6451239074727,438.6451239074727,0.0,0.0
8657,2019-12-27 17:00:00,12,2019-12-27 18:00:00,0.13592,0.13592,0.13592,0.0,0.6432547280299584,517.0873155042427,-0.0,27.476609872537097,0.0,489.6107056317056,489.6107056317056,0.0,0.0
8658,2019-12-27 18:00:00,12,2019-12-27 19:00:00,0.13592,0.13592,0.13592,0.0,0.5934782608695652,506.16076064089646,-0.0,300.0,0.0,206.16076064089646,206.16076064089646,0.0,0.0
8659,2019-12-27 19:00:00,12,2019-12-27 20:00:00,0.13592,0.13592,0.13592,0.0,0.05,473.4649514855516,-0.0,0.0,0.0,473.4649514855516,473.4649514855516,0.0,1.0
8660,2019-12-27 20:00:00,12,2019-12-27 21:00:00,0.13592,0.13592,0.13592,0.0,0.05,416.3915213252671,-0.0,0.0,0.0,416.3915213252671,416.3915213252671,0.0,1.0
8661,2019-12-27 21:00:00,12,2019-12-27 22:00:00,0.10531,0.10531,0.10531,0.0,0.05,292.85875468759633,-62.36602977360689,0.0,0.0,355.2247844612032,355.2247844612032,0.0,1.0
8662,2019-12-27 22:00:00,12,2019-12-27 23:00:00,0.10531,0.10531,0.10531,0.0,0.14562791231953057,186.1639149001487,-0.0,0.0,0.0,186.1639149001487,186.1639149001487,0.0,0.0
8663,2019-12-27 23:00:00,12,2019-12-28 00:00:00,0.10531,0.10531,0.10531,0.0,0.14562791231953057,257.2077598212874,-0.0,0.0,0.0,257.2077598212874,257.2077598212874,0.0,1.0
8664,2019-12-28 00:00:00,12,2019-12-28 01:00:00,0.10531,0.10531,0.10531,0.0,0.14562791231953057,194.5000798100896,-0.0,0.0,0.0,194.5000798100896,194.5000798100896,0.0,0.0
8665,2019-12-28 01:00:00,12,2019-12-28 02:00:00,0.10531,0.10531,0.10531,0.0,0.14562791231953057,178.29763067609605,-0.0,0.0,0.0,178.29763067609605,178.29763067609605,0.0,0.0
8666,2019-12-28 02:00:00,12,2019-12-28 03:00:00,0.10531,0.10531,0.10531,0.0,0.14562791231953057,176.16702458259508,-0.0,0.0,0.0,176.16702458259508,176.16702458259508,0.0,0.0
8667,2019-12-28 03:00:00,12,2019-12-28 04:00:00,0.10531,0.10531,0.10531,0.0,0.14562791231953057,174.26419394696865,-0.0,0.0,0.0,174.26419394696865,174.26419394696865,0.0,0.0
8668,2019-12-28 04:00:00,12,2019-12-28 05:00:00,0.10531,0.10531,0.10531,0.0,0.14562791231953057,186.3120132590902,-62.57442306150313,0.0,0.0,248.88643632059333,248.88643632059333,0.0,1.0
8669,2019-12-28 05:00:00,12,2019-12-28 06:00:00,0.10531,0.10531,0.10531,0.0,0.24157536101383537,183.84228965862343,-0.0,0.0,0.0,183.84228965862343,183.84228965862343,0.0,0.0
8670,2019-12-28 06:00:00,12,2019-12-28 07:00:00,0.10531,0.10531,0.10531,0.0,0.24157536101383537,276.1824762132442,-213.42822941846146,0.0,0.0,489.6107056317056,489.6107056317056,0.0,1.0
8671,2019-12-28 07:00:00,12,2019-12-28 08:00:00,0.10531,0.10531,0.10531,0.0,0.5688319794554763,268.3343619566362,-221.27634367506943,0.0,0.0,489.6107056317056,489.6107056317056,0.0,1.0
8672,2019-12-28 08:00:00,12,2019-12-28 09:00:00,0.10531,0.10531,0.10531,0.0,0.9081223730905827,429.69051416904216,-59.92019146266347,0.0,0.0,489.6107056317056,489.6107056317056,0.0,1.0
8673,2019-12-28 09:00:00,12,2019-12-28 10:00:00,0.10531,0.10531,0.10531,0.0,1.0,487.34932379076577,-0.0,0.0,0.0,487.34932379076577,487.34932379076577,0.0,0.0
8674,2019-12-28 10:00:00,12,2019-12-28 11:00:00,0.10531,0.10531,0.10531,0.0,1.0,473.0228493296905,-0.0,0.0,0.0,473.0228493296905,473.0228493296905,0.0,0.0
8675,2019-12-28 11:00:00,12,2019-12-28 12:00:00,0.10531,0.10531,0.10531,0.0,1.0,542.3973132320865,-0.0,52.786607600380876,0.0,489.6107056317056,489.6107056317056,0.0,0.0
8676,2019-12-28 12:00:00,12,2019-12-28 13:00:00,0.10531,0.10531,0.10531,0.0,0.9043720876804694,512.2525933769074,-0.0,22.641887745201757,0.0,489.6107056317056,489.6107056317056,0.0,0.0
8677,2019-12-28 13:00:00,12,2019-12-28 14:00:00,0.10531,0.10531,0.10531,0.0,0.8633541750985823,507.72542747315566,-0.0,18.114721841450034,0.0,489.6107056317056,489.6107056317056,0.0,0.0
8678,2019-12-28 14:00:00,12,2019-12-28 15:00:00,0.10531,0.10531,0.10531,0.0,0.8305376500234914,500.5924106828945,-0.0,10.981705051188897,0.0,489.6107056317056,489.6107056317056,0.0,0.0
8679,2019-12-28 15:00:00,12,2019-12-28 16:00:00,0.10531,0.10531,0.10531,0.0,0.8106432568148159,497.3253646375701,-0.0,7.714659005864462,0.0,489.6107056317056,489.6107056317056,0.0,0.0
8680,2019-12-28 16:00:00,12,2019-12-28 17:00:00,0.13592,0.13592,0.13592,0.0,0.7966674252824527,508.54769972086973,-0.0,83.79802412353907,0.0,424.7496755973307,424.7496755973307,0.0,0.0
8681,2019-12-28 17:00:00,12,2019-12-28 18:00:00,0.13592,0.13592,0.13592,0.0,0.6448594105658965,527.5526462628729,-0.0,300.0,0.0,227.55264626287294,227.55264626287294,0.0,0.0
8682,2019-12-28 18:00:00,12,2019-12-28 19:00:00,0.13592,0.13592,0.13592,0.0,0.10138114969633125,517.9731002640805,-0.0,28.362394632374844,0.0,489.6107056317056,489.6107056317056,0.0,0.0
8683,2019-12-28 19:00:00,12,2019-12-28 20:00:00,0.13592,0.13592,0.13592,0.0,0.05,485.7229570274825,-0.0,0.0,0.0,485.7229570274825,485.7229570274825,0.0,0.0
8684,2019-12-28 20:00:00,12,2019-12-28 21:00:00,0.13592,0.13592,0.13592,0.0,0.05,427.1845088129575,-0.0,0.0,0.0,427.1845088129575,427.1845088129575,0.0,0.0
8685,2019-12-28 21:00:00,12,2019-12-28 22:00:00,0.10531,0.10531,0.10531,0.0,0.05,302.570447456954,-0.0,0.0,0.0,302.570447456954,302.570447456954,0.0,0.0
8686,2019-12-28 22:00:00,12,2019-12-28 23:00:00,0.10531,0.10531,0.10531,0.0,0.05,197.64053571669422,-0.0,0.0,0.0,197.64053571669422,197.64053571669422,0.0,0.0
8687,2019-12-28 23:00:00,12,2019-12-29 00:00:00,0.10531,0.10531,0.10531,0.0,0.05,267.42959079629105,-0.0,0.0,0.0,267.42959079629105,267.42959079629105,0.0,1.0
8688,2019-12-29 00:00:00,12,2019-12-29 01:00:00,0.10531,0.10531,0.10531,0.0,0.05,205.7264127028301,-0.0,0.0,0.0,205.7264127028301,205.7264127028301,0.0,0.0
8689,2019-12-29 01:00:00,12,2019-12-29 02:00:00,0.10531,0.10531,0.10531,0.0,0.05,187.13912323720928,-0.0,0.0,0.0,187.13912323720928,187.13912323720928,0.0,0.0
8690,2019-12-29 02:00:00,12,2019-12-29 03:00:00,0.10531,0.10531,0.10531,0.0,0.05,183.16765204457212,-0.0,0.0,0.0,183.16765204457212,183.16765204457212,0.0,0.0
8691,2019-12-29 03:00:00,12,2019-12-29 04:00:00,0.10531,0.10531,0.10531,0.0,0.05,179.7690360691984,-0.0,0.0,0.0,179.7690360691984,179.7690360691984,0.0,0.0
8692,2019-12-29 04:00:00,12,2019-12-29 05:00:00,0.10531,0.10531,0.10531,0.0,0.05,223.20100467434295,-266.4097009573627,0.0,0.0,489.6107056317056,489.6107056317056,0.0,1.0
8693,2019-12-29 05:00:00,12,2019-12-29 06:00:00,0.10531,0.10531,0.10531,0.0,0.45849487480128953,220.14009878635684,-0.0,0.0,0.0,220.14009878635684,220.14009878635684,0.0,0.0
8694,2019-12-29 06:00:00,12,2019-12-29 07:00:00,0.10531,0.10531,0.10531,0.0,0.45849487480128953,311.00087257611085,-149.3603946845871,0.0,0.0,460.36126726069796,460.36126726069796,0.0,1.0
8695,2019-12-29 07:00:00,12,2019-12-29 08:00:00,0.10531,0.10531,0.10531,0.0,0.6875141466509898,286.52158114613377,-203.08912448557186,0.0,0.0,489.6107056317056,489.6107056317056,0.0,1.0
8696,2019-12-29 08:00:00,12,2019-12-29 09:00:00,0.10531,0.10531,0.10531,0.0,0.9989174708622,429.8289100557547,-0.0,0.0,0.0,429.8289100557547,429.8289100557547,0.0,1.0
8697,2019-12-29 09:00:00,12,2019-12-29 10:00:00,0.10531,0.10531,0.10531,0.0,0.9989174708622,493.76192659135256,-0.0,4.151220959646935,0.0,489.6107056317056,489.6107056317056,0.0,0.0
8698,2019-12-29 10:00:00,12,2019-12-29 11:00:00,0.10531,0.10531,0.10531,0.0,0.9913971430367526,484.0001467426313,-5.610558889074355,0.0,0.0,489.6107056317056,489.6107056317056,0.0,1.0
8699,2019-12-29 11:00:00,12,2019-12-29 12:00:00,0.10531,0.10531,0.10531,0.0,1.0,550.3686269341938,-0.0,60.75792130248817,0.0,489.6107056317056,489.6107056317056,0.0,0.0
8700,2019-12-29 12:00:00,12,2019-12-29 13:00:00,0.10531,0.10531,0.10531,0.0,0.8899313019882461,517.7421898717957,-0.0,28.131484240090117,0.0,489.6107056317056,489.6107056317056,0.0,0.0
8701,2019-12-29 13:00:00,12,2019-12-29 14:00:00,0.10531,0.10531,0.10531,0.0,0.8389684682199668,507.7585402315471,-0.0,18.147834599841474,0.0,489.6107056317056,489.6107056317056,0.0,0.0
8702,2019-12-29 14:00:00,12,2019-12-29 15:00:00,0.10531,0.10531,0.10531,0.0,0.8060919562637323,496.1836253662331,-0.0,6.572919734527488,0.0,489.6107056317056,489.6107056317056,0.0,0.0
8703,2019-12-29 15:00:00,12,2019-12-29 16:00:00,0.10531,0.10531,0.10531,0.0,0.7941844929765449,487.95053537852573,-1.6601702531798992,0.0,0.0,489.6107056317056,489.6107056317056,0.0,1.0
8704,2019-12-29 16:00:00,12,2019-12-29 17:00:00,0.13592,0.13592,0.13592,0.0,0.796730087364754,492.9037795612569,-0.0,82.23762101385908,0.0,410.6661585473978,410.6661585473978,0.0,0.0
8705,2019-12-29 17:00:00,12,2019-12-29 18:00:00,0.13592,0.13592,0.13592,0.0,0.6477488898758789,509.10766741707494,-0.0,19.496961785369308,0.0,489.6107056317056,489.6107056317056,0.0,0.0
8706,2019-12-29 18:00:00,12,2019-12-29 19:00:00,0.13592,0.13592,0.13592,0.0,0.6124283069313693,500.0711310578215,-0.0,10.460425426115876,0.0,489.6107056317056,489.6107056317056,0.0,0.0
8707,2019-12-29 19:00:00,12,2019-12-29 20:00:00,0.13592,0.13592,0.13592,0.0,0.5934782608695652,454.95129993897314,-0.0,300.0,0.0,154.95129993897314,154.95129993897314,0.0,0.0
8708,2019-12-29 20:00:00,12,2019-12-29 21:00:00,0.13592,0.13592,0.13592,0.0,0.05,401.3718673761759,-0.0,0.0,0.0,401.3718673761759,401.3718673761759,0.0,1.0
8709,2019-12-29 21:00:00,12,2019-12-29 22:00:00,0.10531,0.10531,0.10531,0.0,0.05,282.7522018407092,-69.48313485642868,0.0,0.0,352.2353366971379,352.2353366971379,0.0,1.0
8710,2019-12-29 22:00:00,12,2019-12-29 23:00:00,0.10531,0.10531,0.10531,0.0,0.15654080677985732,186.99661157020662,-0.0,0.0,0.0,186.99661157020662,186.99661157020662,0.0,0.0
8711,2019-12-29 23:00:00,12,2019-12-30 00:00:00,0.10531,0.10531,0.10531,0.0,0.15654080677985732,258.099303773998,-0.0,0.0,0.0,258.099303773998,258.099303773998,0.0,1.0
8712,2019-12-30 00:00:00,12,2019-12-30 01:00:00,0.10531,0.10531,0.10531,0.0,0.15654080677985732,192.019087618693,-0.0,0.0,0.0,192.019087618693,192.019087618693,0.0,0.0
8713,2019-12-30 01:00:00,12,2019-12-30 02:00:00,0.10531,0.10531,0.10531,0.0,0.15654080677985732,175.74775345579144,-0.0,0.0,0.0,175.74775345579144,175.74775345579144,0.0,0.0
8714,2019-12-30 02:00:00,12,2019-12-30 03:00:00,0.10531,0.10531,0.10531,0.0,0.15654080677985732,173.96019429341766,-0.0,0.0,0.0,173.96019429341766,173.96019429341766,0.0,0.0
8715,2019-12-30 03:00:00,12,2019-12-30 04:00:00,0.10531,0.10531,0.10531,0.0,0.15654080677985732,172.45321465904635,-0.0,0.0,0.0,172.45321465904635,172.45321465904635,0.0,0.0
8716,2019-12-30 04:00:00,12,2019-12-30 05:00:00,0.10531,0.10531,0.10531,0.0,0.15654080677985732,186.23478109145478,-0.0,0.0,0.0,186.23478109145478,186.23478109145478,0.0,0.0
8717,2019-12-30 05:00:00,12,2019-12-30 06:00:00,0.10531,0.10531,0.10531,0.0,0.15654080677985732,187.6369297917437,-0.0,0.0,0.0,187.6369297917437,187.6369297917437,0.0,0.0
8718,2019-12-30 06:00:00,12,2019-12-30 07:00:00,0.10531,0.10531,0.10531,0.0,0.15654080677985732,258.92982059789136,-230.68088503381426,0.0,0.0,489.6107056317056,489.6107056317056,0.0,1.0
8719,2019-12-30 07:00:00,12,2019-12-30 08:00:00,0.10531,0.10531,0.10531,0.0,0.5102514971650393,253.16411806637387,-236.44658756533175,0.0,0.0,489.6107056317056,489.6107056317056,0.0,1.0
8720,2019-12-30 08:00:00,12,2019-12-30 09:00:00,0.10531,0.10531,0.10531,0.0,0.8728029314318813,387.85867538230167,-22.02511440304185,0.0,0.0,409.88378978534354,409.88378978534354,0.0,1.0
8721,2019-12-30 09:00:00,12,2019-12-30 10:00:00,0.10531,0.10531,0.10531,0.0,0.9065747735165455,428.6812100990179,-60.929495532687724,0.0,0.0,489.6107056317056,489.6107056317056,0.0,1.0
8722,2019-12-30 10:00:00,12,2019-12-30 11:00:00,0.10531,0.10531,0.10531,0.0,1.0,483.0249303899473,-0.0,0.0,0.0,483.0249303899473,483.0249303899473,0.0,1.0
8723,2019-12-30 11:00:00,12,2019-12-30 12:00:00,0.10531,0.10531,0.10531,0.0,1.0,548.4212309741869,-0.0,58.81052534248124,0.0,489.6107056317056,489.6107056317056,0.0,0.0
8724,2019-12-30 12:00:00,12,2019-12-30 13:00:00,0.10531,0.10531,0.10531,0.0,0.8934591932201428,517.2321068090023,-0.0,27.62140117729666,0.0,489.6107056317056,489.6107056317056,0.0,0.0
8725,2019-12-30 13:00:00,12,2019-12-30 14:00:00,0.10531,0.10531,0.10531,0.0,0.8434204229714168,511.1918538293012,-0.0,21.581148197595553,0.0,489.6107056317056,489.6107056317056,0.0,0.0
8726,2019-12-30 14:00:00,12,2019-12-30 15:00:00,0.10531,0.10531,0.10531,0.0,0.8043241400047583,506.0315826358779,-0.0,16.42087700417227,0.0,489.6107056317056,489.6107056317056,0.0,0.0
8727,2019-12-30 15:00:00,12,2019-12-30 16:00:00,0.10531,0.10531,0.10531,0.0,0.7745761744174897,502.7228674403617,-0.0,13.112161808656083,0.0,489.6107056317056,489.6107056317056,0.0,0.0
8728,2019-12-30 16:00:00,12,2019-12-30 17:00:00,0.13592,0.13592,0.13592,0.0,0.7508222580974606,516.073566199948,-0.0,26.462860568242377,0.0,489.6107056317056,489.6107056317056,0.0,0.0
8729,2019-12-30 17:00:00,12,2019-12-30 18:00:00,0.13592,0.13592,0.13592,0.0,0.7028822932999201,539.2308790111118,-0.0,60.391025901555906,0.0,478.8398531095559,478.8398531095559,0.0,0.0
8730,2019-12-30 18:00:00,12,2019-12-30 19:00:00,0.13592,0.13592,0.13592,0.0,0.5934782608695652,503.66222457080676,-0.0,300.0,0.0,203.66222457080676,203.66222457080676,0.0,0.0
8731,2019-12-30 19:00:00,12,2019-12-30 20:00:00,0.13592,0.13592,0.13592,0.0,0.05,417.88145536797845,-0.0,0.0,0.0,417.88145536797845,417.88145536797845,0.0,0.0
8732,2019-12-30 20:00:00,12,2019-12-30 21:00:00,0.13592,0.13592,0.13592,0.0,0.05,395.2702105962984,-0.0,0.0,0.0,395.2702105962984,395.2702105962984,0.0,1.0
8733,2019-12-30 21:00:00,12,2019-12-30 22:00:00,0.10531,0.10531,0.10531,0.0,0.05,302.3103056136423,-0.0,0.0,0.0,302.3103056136423,302.3103056136423,0.0,1.0
8734,2019-12-30 22:00:00,12,2019-12-30 23:00:00,0.10531,0.10531,0.10531,0.0,0.05,227.5048056460876,-0.0,0.0,0.0,227.5048056460876,227.5048056460876,0.0,0.0
8735,2019-12-30 23:00:00,12,2019-12-31 00:00:00,0.10531,0.10531,0.10531,0.0,0.05,296.52139092200633,-0.0,0.0,0.0,296.52139092200633,296.52139092200633,0.0,1.0
8736,2019-12-31 00:00:00,12,2019-12-31 01:00:00,0.10531,0.10531,0.10531,0.0,0.05,243.91205670241897,-0.0,0.0,0.0,243.91205670241897,243.91205670241897,0.0,0.0
8737,2019-12-31 01:00:00,12,2019-12-31 02:00:00,0.10531,0.10531,0.10531,0.0,0.05,224.19068524834788,-0.0,0.0,0.0,224.19068524834788,224.19068524834788,0.0,0.0
8738,2019-12-31 02:00:00,12,2019-12-31 03:00:00,0.10531,0.10531,0.10531,0.0,0.05,222.00829316111177,-0.0,0.0,0.0,222.00829316111177,222.00829316111177,0.0,0.0
8739,2019-12-31 03:00:00,12,2019-12-31 04:00:00,0.10531,0.10531,0.10531,0.0,0.05,220.15833233435995,-0.0,0.0,0.0,220.15833233435995,220.15833233435995,0.0,0.0
8740,2019-12-31 04:00:00,12,2019-12-31 05:00:00,0.10531,0.10531,0.10531,0.0,0.05,233.26643619981255,-0.0,0.0,0.0,233.26643619981255,233.26643619981255,0.0,0.0
8741,2019-12-31 05:00:00,12,2019-12-31 06:00:00,0.10531,0.10531,0.10531,0.0,0.05,230.941266829514,-167.1237001640293,0.0,0.0,398.0649669935433,398.0649669935433,0.0,1.0
8742,2019-12-31 06:00:00,12,2019-12-31 07:00:00,0.10531,0.10531,0.10531,0.0,0.30625634025151155,298.47000384262026,-191.14070178908537,0.0,0.0,489.6107056317056,489.6107056317056,0.0,1.0
8743,2019-12-31 07:00:00,12,2019-12-31 08:00:00,0.10531,0.10531,0.10531,0.0,0.5993387496614425,304.8811461936821,-184.7295594380235,0.0,0.0,489.6107056317056,489.6107056317056,0.0,1.0
8744,2019-12-31 08:00:00,12,2019-12-31 09:00:00,0.10531,0.10531,0.10531,0.0,0.8825907407997452,380.0771186233447,-0.0,0.0,0.0,380.0771186233447,380.0771186233447,0.0,0.0
8745,2019-12-31 09:00:00,12,2019-12-31 10:00:00,0.10531,0.10531,0.10531,0.0,0.8825907407997452,339.7539252821874,-0.0,0.0,0.0,339.7539252821874,339.7539252821874,0.0,0.0
8746,2019-12-31 10:00:00,12,2019-12-31 11:00:00,0.10531,0.10531,0.10531,0.0,0.8825907407997452,413.03944963153947,-76.57125600016616,0.0,0.0,489.6107056317056,489.6107056317056,0.0,1.0
8747,2019-12-31 11:00:00,12,2019-12-31 12:00:00,0.10531,0.10531,0.10531,0.0,1.0,473.87235240453447,-0.0,0.0,0.0,473.87235240453447,473.87235240453447,0.0,1.0
8748,2019-12-31 12:00:00,12,2019-12-31 13:00:00,0.10531,0.10531,0.10531,0.0,1.0,508.39963922203407,-0.0,18.78893359032844,0.0,489.6107056317056,489.6107056317056,0.0,0.0
8749,2019-12-31 13:00:00,12,2019-12-31 14:00:00,0.10531,0.10531,0.10531,0.0,0.9659620768291151,507.31392650123837,-0.0,17.703220869532743,0.0,489.6107056317056,489.6107056317056,0.0,0.0
8750,2019-12-31 14:00:00,12,2019-12-31 15:00:00,0.10531,0.10531,0.10531,0.0,0.933891024529237,487.80924973797477,-1.8014558937317164,9.063422071393999e-13,0.0,489.61070563170557,489.61070563170557,0.0,1.0
8751,2019-12-31 15:00:00,12,2019-12-31 16:00:00,0.10531,0.10531,0.10531,0.0,0.936653256899624,468.98645042341064,-20.624255208294983,0.0,0.0,489.6107056317056,489.6107056317056,0.0,1.0
8752,2019-12-31 16:00:00,12,2019-12-31 17:00:00,0.13592,0.13592,0.13592,0.0,0.9682771148856764,467.8519606352148,-0.0,0.0,0.0,467.8519606352148,467.8519606352148,0.0,0.0
8753,2019-12-31 17:00:00,12,2019-12-31 18:00:00,0.13592,0.13592,0.13592,0.0,0.9682771148856764,429.29102680710406,-0.0,206.88896741689337,0.0,222.4020593902107,222.4020593902107,0.0,0.0
8754,2019-12-31 18:00:00,12,2019-12-31 19:00:00,0.13592,0.13592,0.13592,0.0,0.5934782608695652,439.9889777582591,-0.0,300.0,0.0,139.98897775825913,139.98897775825913,0.0,0.0
8755,2019-12-31 19:00:00,12,2019-12-31 20:00:00,0.13592,0.13592,0.13592,0.0,0.05,412.2297117714859,-0.0,0.0,0.0,412.2297117714859,412.2297117714859,0.0,1.0
8756,2019-12-31 20:00:00,12,2019-12-31 21:00:00,0.13592,0.13592,0.13592,0.0,0.05,389.6821233752216,-0.0,0.0,0.0,389.6821233752216,389.6821233752216,0.0,0.0
8757,2019-12-31 21:00:00,12,2019-12-31 22:00:00,0.10531,0.10531,0.10531,0.0,0.05,347.77263835487645,-0.0,0.0,0.0,347.77263835487645,347.77263835487645,0.0,0.0
8758,2019-12-31 22:00:00,12,2019-12-31 23:00:00,0.10531,0.10531,0.10531,0.0,0.05,237.25813725129692,-0.0,0.0,0.0,237.25813725129692,237.25813725129692,0.0,0.0
8759,2019-12-31 23:00:00,12,2020-01-01 00:00:00,0.10531,0.10531,0.10531,0.0,0.05,302.3305702037416,-0.0,0.0,0.0,302.3305702037416,302.3305702037416,0.0,0.0
