,Datetime (hs),month (hs),Datetime (he),load_price,charge_price,discharge_price,export_price,soc_hs,load,charge_mpc,discharge_to_load,discharge_to_grid,net_load,net_load_after_export,is_exporting,is_charging
0,2019-01-01 00:00:00,1,2019-01-01 01:00:00,0.10531,0.10531,0.10531,0.0,0.5,190.96266529218641,-12.282047597606066,0.0,0.0,203.24471288979248,203.24471288979248,0.0,1.0
1,2019-01-01 01:00:00,1,2019-01-01 02:00:00,0.10531,0.10531,0.10531,0.0,0.518832472982996,185.18716569230978,-18.057547197482705,0.0,0.0,203.24471288979248,203.24471288979248,0.0,1.0
2,2019-01-01 02:00:00,1,2019-01-01 03:00:00,0.10531,0.10531,0.10531,0.0,0.5465207120191361,180.6664996882111,-22.578213201581377,0.0,0.0,203.24471288979248,203.24471288979248,0.0,1.0
3,2019-01-01 03:00:00,1,2019-01-01 04:00:00,0.10531,0.10531,0.10531,0.0,0.5811406389282276,180.07219327903223,-23.172519610760247,0.0,0.0,203.24471288979248,203.24471288979248,0.0,1.0
4,2019-01-01 04:00:00,1,2019-01-01 05:00:00,0.10531,0.10531,0.10531,0.0,0.6166718356647266,185.2211845786657,-18.023528311126768,0.0,0.0,203.24471288979248,203.24471288979248,0.0,1.0
5,2019-01-01 05:00:00,1,2019-01-01 06:00:00,0.10531,0.10531,0.10531,0.0,0.6443079124084543,192.04402601187377,-11.200686877918713,0.0,0.0,203.24471288979248,203.24471288979248,0.0,1.0
6,2019-01-01 06:00:00,1,2019-01-01 07:00:00,0.10531,0.10531,0.10531,0.0,0.6614822989545964,210.95822577490023,-0.0,7.713512885107747,0.0,203.24471288979248,203.24471288979248,0.0,0.0
7,2019-01-01 07:00:00,1,2019-01-01 08:00:00,0.10531,0.10531,0.10531,0.0,0.647508543727952,214.36173694434817,-0.0,11.117024054555685,0.0,203.24471288979248,203.24471288979248,0.0,0.0
8,2019-01-01 08:00:00,1,2019-01-01 09:00:00,0.10531,0.10531,0.10531,0.0,0.6273690073972351,233.8153059296227,-0.0,30.570593039830214,0.0,203.24471288979248,203.24471288979248,0.0,0.0
9,2019-01-01 09:00:00,1,2019-01-01 10:00:00,0.10531,0.10531,0.10531,0.0,0.5719874982671079,229.76454263026295,-0.0,26.519829740470474,0.0,203.24471288979248,203.24471288979248,0.0,0.0
10,2019-01-01 10:00:00,1,2019-01-01 11:00:00,0.10531,0.10531,0.10531,0.0,0.5239443284474148,234.73169580524527,-0.0,31.486982915452785,0.0,203.24471288979248,203.24471288979248,0.0,0.0
11,2019-01-01 11:00:00,1,2019-01-01 12:00:00,0.10531,0.10531,0.10531,0.0,0.4669026927310146,237.17494645969677,-0.0,33.93023356990429,0.0,203.24471288979248,203.24471288979248,0.0,0.0
12,2019-01-01 12:00:00,1,2019-01-01 13:00:00,0.10531,0.10531,0.10531,0.0,0.405434878292782,238.27756570452263,-0.0,6.545597004941641,0.0,231.731968699581,231.731968699581,0.0,0.0
13,2019-01-01 13:00:00,1,2019-01-01 14:00:00,0.10531,0.10531,0.10531,0.0,0.3935769127041196,237.40081604176888,-0.0,5.668847342187888,0.0,231.731968699581,231.731968699581,0.0,0.0
14,2019-01-01 14:00:00,1,2019-01-01 15:00:00,0.10531,0.10531,0.10531,0.0,0.38330726172189505,238.02066572270695,-0.0,6.2886970231259625,0.0,231.731968699581,231.731968699581,0.0,0.0
15,2019-01-01 15:00:00,1,2019-01-01 16:00:00,0.10531,0.10531,0.10531,0.0,0.3719146946510147,238.29112391181027,-0.0,6.559155212229285,0.0,231.731968699581,231.731968699581,0.0,0.0
16,2019-01-01 16:00:00,1,2019-01-01 17:00:00,0.13592,0.13592,0.13592,0.0,0.36003216709262825,231.34473395535355,-0.38723474422743825,0.0,0.0,231.731968699581,231.731968699581,0.0,1.0
17,2019-01-01 17:00:00,1,2019-01-01 18:00:00,0.13592,0.13592,0.13592,0.0,0.360625927033777,220.72228724645552,-11.009681453125463,0.0,0.0,231.731968699581,231.731968699581,0.0,1.0
18,2019-01-01 18:00:00,1,2019-01-01 19:00:00,0.13592,0.13592,0.13592,0.0,0.37750743859523606,212.34813631642277,-19.383832383158218,0.0,0.0,231.731968699581,231.731968699581,0.0,1.0
19,2019-01-01 19:00:00,1,2019-01-01 20:00:00,0.13592,0.13592,0.13592,0.0,0.40722931491607867,205.75242703691498,-25.979541662666005,0.0,0.0,231.731968699581,231.731968699581,0.0,1.0
20,2019-01-01 20:00:00,1,2019-01-01 21:00:00,0.13592,0.13592,0.13592,0.0,0.4470646121321666,198.45845429246202,-33.27351440711897,0.0,0.0,231.731968699581,231.731968699581,0.0,1.0
21,2019-01-01 21:00:00,1,2019-01-01 22:00:00,0.10531,0.10531,0.10531,0.0,0.49808400088974897,199.97136545573386,-31.760603243847125,0.0,0.0,231.731968699581,231.731968699581,0.0,1.0
22,2019-01-01 22:00:00,1,2019-01-01 23:00:00,0.10531,0.10531,0.10531,0.0,0.5467835925303146,196.65846619597963,-35.073502503601354,0.0,0.0,231.731968699581,231.731968699581,0.0,1.0
23,2019-01-01 23:00:00,1,2019-01-02 00:00:00,0.10531,0.10531,0.10531,0.0,0.6005629630358365,194.16660508880088,-37.56536361078011,0.0,0.0,231.731968699581,231.731968699581,0.0,1.0
24,2019-01-02 00:00:00,1,2019-01-02 01:00:00,0.10531,0.10531,0.10531,0.0,0.6581631872390327,195.1699270461525,-0.0,0.0,0.0,195.1699270461525,195.1699270461525,0.0,0.0
25,2019-01-02 01:00:00,1,2019-01-02 02:00:00,0.10531,0.10531,0.10531,0.0,0.6581631872390327,190.5852251476341,-17.01754640244345,0.0,0.0,207.60277155007756,207.60277155007756,0.0,1.0
26,2019-01-02 02:00:00,1,2019-01-02 03:00:00,0.10531,0.10531,0.10531,0.0,0.684256758389446,187.19233211791183,-90.91616451779969,0.0,0.0,278.1084966357115,278.1084966357115,0.0,1.0
27,2019-01-02 03:00:00,1,2019-01-02 04:00:00,0.10531,0.10531,0.10531,0.0,0.8236615439834055,193.81243381311265,-0.0,0.0,0.0,193.81243381311265,193.81243381311265,0.0,0.0
28,2019-01-02 04:00:00,1,2019-01-02 05:00:00,0.10531,0.10531,0.10531,0.0,0.8236615439834055,219.62818939655008,-58.480307239161434,0.0,0.0,278.1084966357115,278.1084966357115,0.0,1.0
29,2019-01-02 05:00:00,1,2019-01-02 06:00:00,0.10531,0.10531,0.10531,0.0,0.9133313484167864,221.58546299448525,-56.52303364122626,0.0,0.0,278.1084966357115,278.1084966357115,0.0,1.0
30,2019-01-02 06:00:00,1,2019-01-02 07:00:00,0.10531,0.10531,0.10531,0.0,1.0,278.10468817880565,-0.0,0.0,0.0,278.10468817880565,278.10468817880565,0.0,0.0
31,2019-01-02 07:00:00,1,2019-01-02 08:00:00,0.10531,0.10531,0.10531,0.0,1.0,306.3243130466212,-0.0,28.215816410909724,0.0,278.1084966357115,278.1084966357115,0.0,0.0
32,2019-01-02 08:00:00,1,2019-01-02 09:00:00,0.10531,0.10531,0.10531,0.0,0.9488843905599462,314.51953268488074,-0.0,36.41103604916924,0.0,278.1084966357115,278.1084966357115,0.0,0.0
33,2019-01-02 09:00:00,1,2019-01-02 10:00:00,0.10531,0.10531,0.10531,0.0,0.8829223687317411,322.66887517245317,-0.0,44.56037853674165,0.0,278.1084966357115,278.1084966357115,0.0,0.0
34,2019-01-02 10:00:00,1,2019-01-02 11:00:00,0.10531,0.10531,0.10531,0.0,0.802197045295615,327.8460858743971,-0.0,49.73758923868557,0.0,278.1084966357115,278.1084966357115,0.0,0.0
35,2019-01-02 11:00:00,1,2019-01-02 12:00:00,0.10531,0.10531,0.10531,0.0,0.7120927169646629,331.0331963556137,-0.0,52.92469971990221,0.0,278.1084966357115,278.1084966357115,0.0,0.0
36,2019-01-02 12:00:00,1,2019-01-02 13:00:00,0.10531,0.10531,0.10531,0.0,0.6162146377619416,321.1777204784752,-0.0,43.069223842763634,0.0,278.10849663571156,278.10849663571156,0.0,0.0
37,2019-01-02 13:00:00,1,2019-01-02 14:00:00,0.10531,0.10531,0.10531,0.0,0.538190681525051,329.28923541963155,-0.0,51.18073878392003,0.0,278.1084966357115,278.1084966357115,0.0,0.0
38,2019-01-02 14:00:00,1,2019-01-02 15:00:00,0.10531,0.10531,0.10531,0.0,0.4454719518440364,330.03272417602864,-0.0,51.92422754031711,0.0,278.1084966357115,278.1084966357115,0.0,0.0
39,2019-01-02 15:00:00,1,2019-01-02 16:00:00,0.10531,0.10531,0.10531,0.0,0.3514063222420126,329.95150756840724,-0.0,51.84301093269571,0.0,278.1084966357115,278.1084966357115,0.0,0.0
40,2019-01-02 16:00:00,1,2019-01-02 17:00:00,0.13592,0.13592,0.13592,0.0,0.25748782417553495,333.969732259298,-0.0,55.86123562358645,0.0,278.1084966357115,278.1084966357115,0.0,0.0
41,2019-01-02 17:00:00,1,2019-01-02 18:00:00,0.13592,0.13592,0.13592,0.0,0.15628993355309576,336.7805399570204,-0.0,58.67204332130885,0.0,278.1084966357115,278.1084966357115,0.0,0.0
42,2019-01-02 18:00:00,1,2019-01-02 19:00:00,0.13592,0.13592,0.13592,0.0,0.05,269.0993080348234,-0.0,0.0,0.0,269.0993080348234,269.0993080348234,0.0,1.0
43,2019-01-02 19:00:00,1,2019-01-02 20:00:00,0.13592,0.13592,0.13592,0.0,0.05,266.2564259612825,-0.0,0.0,0.0,266.2564259612825,266.2564259612825,0.0,1.0
44,2019-01-02 20:00:00,1,2019-01-02 21:00:00,0.13592,0.13592,0.13592,0.0,0.05,229.98848432366404,-0.0,0.0,0.0,229.98848432366404,229.98848432366404,0.0,0.0
45,2019-01-02 21:00:00,1,2019-01-02 22:00:00,0.10531,0.10531,0.10531,0.0,0.05,219.3593174488839,-58.749179186827625,0.0,0.0,278.1084966357115,278.1084966357115,0.0,1.0
46,2019-01-02 22:00:00,1,2019-01-02 23:00:00,0.10531,0.10531,0.10531,0.0,0.1400820747531357,198.5861717343473,-0.0,0.0,0.0,198.5861717343473,198.5861717343473,0.0,0.0
47,2019-01-02 23:00:00,1,2019-01-03 00:00:00,0.10531,0.10531,0.10531,0.0,0.1400820747531357,200.7379565431095,-0.0,0.0,0.0,200.7379565431095,200.7379565431095,0.0,0.0
48,2019-01-03 00:00:00,1,2019-01-03 01:00:00,0.10531,0.10531,0.10531,0.0,0.1400820747531357,194.52626005971584,-85.90465331990085,0.0,0.0,280.4309133796167,280.4309133796167,0.0,1.0
49,2019-01-03 01:00:00,1,2019-01-03 02:00:00,0.10531,0.10531,0.10531,0.0,0.27180254317698366,190.35599427875533,-90.07491910086135,0.0,0.0,280.4309133796167,280.4309133796167,0.0,1.0
50,2019-01-03 02:00:00,1,2019-01-03 03:00:00,0.10531,0.10531,0.10531,0.0,0.40991741913163776,195.78429206464907,-84.64662131496762,0.0,0.0,280.4309133796167,280.4309133796167,0.0,1.0
51,2019-01-03 03:00:00,1,2019-01-03 04:00:00,0.10531,0.10531,0.10531,0.0,0.5397089051479215,191.76751486814365,-88.66339851147303,0.0,0.0,280.4309133796167,280.4309133796167,0.0,1.0
52,2019-01-03 04:00:00,1,2019-01-03 05:00:00,0.10531,0.10531,0.10531,0.0,0.67565944953218,210.15726586851417,-70.27364751110251,0.0,0.0,280.4309133796167,280.4309133796167,0.0,1.0
53,2019-01-03 05:00:00,1,2019-01-03 06:00:00,0.10531,0.10531,0.10531,0.0,0.7834123757158706,207.74485720802045,-72.68605617159623,0.0,0.0,280.4309133796167,280.4309133796167,0.0,1.0
54,2019-01-03 06:00:00,1,2019-01-03 07:00:00,0.10531,0.10531,0.10531,0.0,0.8948643285123182,271.76898713318883,-8.661926246427859,0.0,0.0,280.4309133796167,280.4309133796167,0.0,1.0
55,2019-01-03 07:00:00,1,2019-01-03 08:00:00,0.10531,0.10531,0.10531,0.0,0.9081459487568411,300.7899970138429,-0.0,20.35908363422618,0.0,280.4309133796167,280.4309133796167,0.0,0.0
56,2019-01-03 08:00:00,1,2019-01-03 09:00:00,0.10531,0.10531,0.10531,0.0,0.8712635508687498,311.22578723096535,-0.0,30.794873851348655,0.0,280.4309133796167,280.4309133796167,0.0,0.0
57,2019-01-03 09:00:00,1,2019-01-03 10:00:00,0.10531,0.10531,0.10531,0.0,0.8154757359206546,322.9737008235004,-0.0,42.5427874438837,0.0,280.4309133796167,280.4309133796167,0.0,0.0
58,2019-01-03 10:00:00,1,2019-01-03 11:00:00,0.10531,0.10531,0.10531,0.0,0.7384054688121695,326.66752004164965,-0.0,46.236606662032955,0.0,280.4309133796167,280.4309133796167,0.0,0.0
59,2019-01-03 11:00:00,1,2019-01-03 12:00:00,0.10531,0.10531,0.10531,0.0,0.65464350022153,330.07731682887277,-0.0,49.64640344925607,0.0,280.4309133796167,280.4309133796167,0.0,0.0
60,2019-01-03 12:00:00,1,2019-01-03 13:00:00,0.10531,0.10531,0.10531,0.0,0.564704363538095,321.38170925213166,-0.0,40.950795872515,0.0,280.43091337961664,280.43091337961664,0.0,0.0
61,2019-01-03 13:00:00,1,2019-01-03 14:00:00,0.10531,0.10531,0.10531,0.0,0.490518139131365,325.8118746853174,-0.0,45.380961305700694,0.0,280.4309133796167,280.4309133796167,0.0,0.0
62,2019-01-03 14:00:00,1,2019-01-03 15:00:00,0.10531,0.10531,0.10531,0.0,0.4083062527079941,323.3793495148357,-0.0,42.94843613521904,0.0,280.4309133796167,280.4309133796167,0.0,0.0
63,2019-01-03 15:00:00,1,2019-01-03 16:00:00,0.10531,0.10531,0.10531,0.0,0.33050111478187266,326.8777292426083,-0.0,46.44681586299163,0.0,280.4309133796167,280.4309133796167,0.0,0.0
64,2019-01-03 16:00:00,1,2019-01-03 17:00:00,0.13592,0.13592,0.13592,0.0,0.24635833242138053,334.0807928777723,-0.0,53.6498794981556,0.0,280.4309133796167,280.4309133796167,0.0,0.0
65,2019-01-03 17:00:00,1,2019-01-03 18:00:00,0.13592,0.13592,0.13592,0.0,0.14916652173631603,335.17083337806315,-0.0,54.73991999844647,0.0,280.4309133796167,280.4309133796167,0.0,0.0
66,2019-01-03 18:00:00,1,2019-01-03 19:00:00,0.13592,0.13592,0.13592,0.0,0.05,266.7708674215293,-0.0,0.0,0.0,266.7708674215293,266.7708674215293,0.0,1.0
67,2019-01-03 19:00:00,1,2019-01-03 20:00:00,0.13592,0.13592,0.13592,0.0,0.05,263.7307160145516,-0.0,0.0,0.0,263.7307160145516,263.7307160145516,0.0,1.0
68,2019-01-03 20:00:00,1,2019-01-03 21:00:00,0.13592,0.13592,0.13592,0.0,0.05,227.91981786296654,-0.0,0.0,0.0,227.91981786296654,227.91981786296654,0.0,0.0
69,2019-01-03 21:00:00,1,2019-01-03 22:00:00,0.10531,0.10531,0.10531,0.0,0.05,218.78457319791704,-61.64634018169964,0.0,0.0,280.4309133796167,280.4309133796167,0.0,1.0
70,2019-01-03 22:00:00,1,2019-01-03 23:00:00,0.10531,0.10531,0.10531,0.0,0.14452438827860614,198.40635260104528,-0.0,0.0,0.0,198.40635260104528,198.40635260104528,0.0,0.0
71,2019-01-03 23:00:00,1,2019-01-04 00:00:00,0.10531,0.10531,0.10531,0.0,0.14452438827860614,197.47344030715422,-0.0,0.0,0.0,197.47344030715422,197.47344030715422,0.0,0.0
72,2019-01-04 00:00:00,1,2019-01-04 01:00:00,0.10531,0.10531,0.10531,0.0,0.14452438827860614,195.73430995616886,-84.69660342344784,0.0,0.0,280.4309133796167,280.4309133796167,0.0,1.0
73,2019-01-04 01:00:00,1,2019-01-04 02:00:00,0.10531,0.10531,0.10531,0.0,0.27439251352789285,193.9678766830566,-86.4630366965601,0.0,0.0,280.4309133796167,280.4309133796167,0.0,1.0
74,2019-01-04 02:00:00,1,2019-01-04 03:00:00,0.10531,0.10531,0.10531,0.0,0.40696916979595166,194.8513954809592,-85.57951789865749,0.0,0.0,280.4309133796167,280.4309133796167,0.0,1.0
75,2019-01-04 03:00:00,1,2019-01-04 04:00:00,0.10531,0.10531,0.10531,0.0,0.5381910972405598,187.88604725640118,-92.54486612321551,0.0,0.0,280.4309133796167,280.4309133796167,0.0,1.0
76,2019-01-04 04:00:00,1,2019-01-04 05:00:00,0.10531,0.10531,0.10531,0.0,0.6800932252961569,206.80686486113115,-73.62404851848555,0.0,0.0,280.4309133796167,280.4309133796167,0.0,1.0
77,2019-01-04 05:00:00,1,2019-01-04 06:00:00,0.10531,0.10531,0.10531,0.0,0.7929834330245014,208.27258819295832,-72.15832518665837,0.0,0.0,280.4309133796167,280.4309133796167,0.0,1.0
78,2019-01-04 06:00:00,1,2019-01-04 07:00:00,0.10531,0.10531,0.10531,0.0,0.9036261983107109,263.49980897412945,-16.931104405487247,0.0,0.0,280.4309133796167,280.4309133796167,0.0,1.0
79,2019-01-04 07:00:00,1,2019-01-04 08:00:00,0.10531,0.10531,0.10531,0.0,0.9295872250657914,295.0121592663931,-0.0,14.5812458867764,0.0,280.4309133796167,280.4309133796167,0.0,0.0
80,2019-01-04 08:00:00,1,2019-01-04 09:00:00,0.10531,0.10531,0.10531,0.0,0.9031719245462689,311.20388671730944,-0.0,30.772973337692747,0.0,280.4309133796167,280.4309133796167,0.0,0.0
81,2019-01-04 09:00:00,1,2019-01-04 10:00:00,0.10531,0.10531,0.10531,0.0,0.847423784441753,321.3697621093642,-0.0,40.93884872974752,0.0,280.4309133796167,280.4309133796167,0.0,0.0
82,2019-01-04 10:00:00,1,2019-01-04 11:00:00,0.10531,0.10531,0.10531,0.0,0.7732592034096017,329.24282481534055,-0.0,48.81191143572386,0.0,280.4309133796167,280.4309133796167,0.0,0.0
83,2019-01-04 11:00:00,1,2019-01-04 12:00:00,0.10531,0.10531,0.10531,0.0,0.684831827620247,331.7192210180642,-0.0,51.28830763844752,0.0,280.4309133796167,280.4309133796167,0.0,0.0
84,2019-01-04 12:00:00,1,2019-01-04 13:00:00,0.10531,0.10531,0.10531,0.0,0.591918226825958,320.6938081855882,-0.0,40.262894805971484,0.0,280.4309133796167,280.4309133796167,0.0,0.0
85,2019-01-04 13:00:00,1,2019-01-04 14:00:00,0.10531,0.10531,0.10531,0.0,0.518978200003546,329.19094255573583,-0.0,48.76002917611913,0.0,280.4309133796167,280.4309133796167,0.0,0.0
86,2019-01-04 14:00:00,1,2019-01-04 15:00:00,0.10531,0.10531,0.10531,0.0,0.43064481381492425,326.06619119489716,-0.0,45.63527781528046,0.0,280.4309133796167,280.4309133796167,0.0,0.0
87,2019-01-04 15:00:00,1,2019-01-04 16:00:00,0.10531,0.10531,0.10531,0.0,0.34797220907709736,326.39022096705696,-0.0,45.959307587440264,0.0,280.4309133796167,280.4309133796167,0.0,0.0
88,2019-01-04 16:00:00,1,2019-01-04 17:00:00,0.13592,0.13592,0.13592,0.0,0.26471259388245916,333.7974189205786,-0.0,53.366505540961896,0.0,280.4309133796167,280.4309133796167,0.0,0.0
89,2019-01-04 17:00:00,1,2019-01-04 18:00:00,0.13592,0.13592,0.13592,0.0,0.1680341418154992,336.7233256874969,-0.0,65.15484628215557,0.0,271.56847940534135,271.56847940534135,0.0,0.0
90,2019-01-04 18:00:00,1,2019-01-04 19:00:00,0.13592,0.13592,0.13592,0.0,0.05,267.38326331603554,-0.0,0.0,0.0,267.38326331603554,267.38326331603554,0.0,1.0
91,2019-01-04 19:00:00,1,2019-01-04 20:00:00,0.13592,0.13592,0.13592,0.0,0.05,265.5541216775986,-0.0,0.0,0.0,265.5541216775986,265.5541216775986,0.0,1.0
92,2019-01-04 20:00:00,1,2019-01-04 21:00:00,0.13592,0.13592,0.13592,0.0,0.05,231.1944131086897,-0.0,0.0,0.0,231.1944131086897,231.1944131086897,0.0,0.0
93,2019-01-04 21:00:00,1,2019-01-04 22:00:00,0.10531,0.10531,0.10531,0.0,0.05,214.96620628852602,-65.46470709109067,0.0,0.0,280.4309133796167,280.4309133796167,0.0,1.0
94,2019-01-04 22:00:00,1,2019-01-04 23:00:00,0.10531,0.10531,0.10531,0.0,0.15037921753967237,193.79784407585294,-0.0,0.0,0.0,193.79784407585294,193.79784407585294,0.0,0.0
95,2019-01-04 23:00:00,1,2019-01-05 00:00:00,0.10531,0.10531,0.10531,0.0,0.15037921753967237,198.3148329341981,-0.0,0.0,0.0,198.3148329341981,198.3148329341981,0.0,0.0
96,2019-01-05 00:00:00,1,2019-01-05 01:00:00,0.10531,0.10531,0.10531,0.0,0.15037921753967237,197.562856772133,-82.86805660748371,0.0,0.0,280.4309133796167,280.4309133796167,0.0,1.0
97,2019-01-05 01:00:00,1,2019-01-05 02:00:00,0.10531,0.10531,0.10531,0.0,0.2774435710044807,195.90276677428903,-84.52814660532766,0.0,0.0,280.4309133796167,280.4309133796167,0.0,1.0
98,2019-01-05 02:00:00,1,2019-01-05 03:00:00,0.10531,0.10531,0.10531,0.0,0.4070533957993165,189.12761488348966,-91.30329849612704,0.0,0.0,280.4309133796167,280.4309133796167,0.0,1.0
99,2019-01-05 03:00:00,1,2019-01-05 04:00:00,0.10531,0.10531,0.10531,0.0,0.5470517868267113,187.21586806648048,-93.21504531313622,0.0,0.0,280.4309133796167,280.4309133796167,0.0,1.0
100,2019-01-05 04:00:00,1,2019-01-05 05:00:00,0.10531,0.10531,0.10531,0.0,0.6899815229735202,209.78628757087276,-70.64462580874394,0.0,0.0,280.4309133796167,280.4309133796167,0.0,1.0
101,2019-01-05 05:00:00,1,2019-01-05 06:00:00,0.10531,0.10531,0.10531,0.0,0.7983032825469276,202.5126767513069,-77.91823662830978,0.0,0.0,280.4309133796167,280.4309133796167,0.0,1.0
102,2019-01-05 06:00:00,1,2019-01-05 07:00:00,0.10531,0.10531,0.10531,0.0,0.9177779120436692,266.95234725873127,-13.478566120885432,0.0,0.0,280.4309133796167,280.4309133796167,0.0,1.0
103,2019-01-05 07:00:00,1,2019-01-05 08:00:00,0.10531,0.10531,0.10531,0.0,0.9384450467623602,297.78648651052197,-0.0,17.35557313090527,0.0,280.4309133796167,280.4309133796167,0.0,0.0
104,2019-01-05 08:00:00,1,2019-01-05 09:00:00,0.10531,0.10531,0.10531,0.0,0.9070037910904303,310.79567526138305,-0.0,30.364761881766356,0.0,280.4309133796167,280.4309133796167,0.0,0.0
105,2019-01-05 09:00:00,1,2019-01-05 10:00:00,0.10531,0.10531,0.10531,0.0,0.8519951644930276,323.0446843245441,-0.0,42.61377094492741,0.0,280.4309133796167,280.4309133796167,0.0,0.0
106,2019-01-05 10:00:00,1,2019-01-05 11:00:00,0.10531,0.10531,0.10531,0.0,0.7747963040855503,332.7082980082267,-0.0,52.27738462860998,0.0,280.4309133796167,280.4309133796167,0.0,0.0
107,2019-01-05 11:00:00,1,2019-01-05 12:00:00,0.10531,0.10531,0.10531,0.0,0.6800908971496628,332.04420014364285,-0.0,51.61328676402616,0.0,280.4309133796167,280.4309133796167,0.0,0.0
108,2019-01-05 12:00:00,1,2019-01-05 13:00:00,0.10531,0.10531,0.10531,0.0,0.5865885660554124,317.7792812980487,-0.0,37.34836791843202,0.0,280.4309133796167,280.4309133796167,0.0,0.0
109,2019-01-05 13:00:00,1,2019-01-05 14:00:00,0.10531,0.10531,0.10531,0.0,0.5189284792466589,322.86876783199716,-0.0,42.43785445238046,0.0,280.4309133796167,280.4309133796167,0.0,0.0
110,2019-01-05 14:00:00,1,2019-01-05 15:00:00,0.10531,0.10531,0.10531,0.0,0.44204830813727386,323.1704520887837,-0.0,42.73953870916699,0.0,280.4309133796167,280.4309133796167,0.0,0.0
111,2019-01-05 15:00:00,1,2019-01-05 16:00:00,0.10531,0.10531,0.10531,0.0,0.3646216075771888,324.5869996047402,-0.0,44.15608622512349,0.0,280.4309133796167,280.4309133796167,0.0,0.0
112,2019-01-05 16:00:00,1,2019-01-05 17:00:00,0.13592,0.13592,0.13592,0.0,0.2846286977490666,335.4967543189189,-0.0,55.06584093930218,0.0,280.4309133796167,280.4309133796167,0.0,0.0
113,2019-01-05 17:00:00,1,2019-01-05 18:00:00,0.13592,0.13592,0.13592,0.0,0.18487173952569305,338.39013847587387,-0.0,74.44920021818257,0.0,263.9409382576913,263.9409382576913,0.0,0.0
114,2019-01-05 18:00:00,1,2019-01-05 19:00:00,0.13592,0.13592,0.13592,0.0,0.05,268.4938318125838,-0.0,0.0,0.0,268.4938318125838,268.4938318125838,0.0,1.0
115,2019-01-05 19:00:00,1,2019-01-05 20:00:00,0.13592,0.13592,0.13592,0.0,0.05,266.16479025682105,-0.0,0.0,0.0,266.16479025682105,266.16479025682105,0.0,1.0
116,2019-01-05 20:00:00,1,2019-01-05 21:00:00,0.13592,0.13592,0.13592,0.0,0.05,230.0849287246109,-0.0,0.0,0.0,230.0849287246109,230.0849287246109,0.0,0.0
117,2019-01-05 21:00:00,1,2019-01-05 22:00:00,0.10531,0.10531,0.10531,0.0,0.05,219.7244758529422,-60.706437526674506,0.0,0.0,280.4309133796167,280.4309133796167,0.0,1.0
118,2019-01-05 22:00:00,1,2019-01-05 23:00:00,0.10531,0.10531,0.10531,0.0,0.14308320420756757,204.99830278647687,-0.0,0.0,0.0,204.99830278647687,204.99830278647687,0.0,0.0
119,2019-01-05 23:00:00,1,2019-01-06 00:00:00,0.10531,0.10531,0.10531,0.0,0.14308320420756757,199.2336134051649,-0.0,0.0,0.0,199.2336134051649,199.2336134051649,0.0,0.0
120,2019-01-06 00:00:00,1,2019-01-06 01:00:00,0.10531,0.10531,0.10531,0.0,0.14308320420756757,196.6945109681058,-83.73640241151091,0.0,0.0,280.4309133796167,280.4309133796167,0.0,1.0
121,2019-01-06 01:00:00,1,2019-01-06 02:00:00,0.10531,0.10531,0.10531,0.0,0.271479021238551,191.06881413869613,-89.36209924092057,0.0,0.0,280.4309133796167,280.4309133796167,0.0,1.0
122,2019-01-06 02:00:00,1,2019-01-06 03:00:00,0.10531,0.10531,0.10531,0.0,0.40850090674129585,186.4740079274897,-93.95690545212699,0.0,0.0,280.4309133796167,280.4309133796167,0.0,1.0
123,2019-01-06 03:00:00,1,2019-01-06 04:00:00,0.10531,0.10531,0.10531,0.0,0.5525681617678906,188.30999075832068,-92.12092262129602,0.0,0.0,280.4309133796167,280.4309133796167,0.0,1.0
124,2019-01-06 04:00:00,1,2019-01-06 05:00:00,0.10531,0.10531,0.10531,0.0,0.6938202431205445,212.50346758718206,-67.92744579243464,0.0,0.0,280.4309133796167,280.4309133796167,0.0,1.0
125,2019-01-06 05:00:00,1,2019-01-06 06:00:00,0.10531,0.10531,0.10531,0.0,0.7979756600022776,212.92037401059167,-67.51053936902503,0.0,0.0,280.4309133796167,280.4309133796167,0.0,1.0
126,2019-01-06 06:00:00,1,2019-01-06 07:00:00,0.10531,0.10531,0.10531,0.0,0.901491820368116,267.4379977882844,-12.992915591332292,0.0,0.0,280.4309133796167,280.4309133796167,0.0,1.0
127,2019-01-06 07:00:00,1,2019-01-06 08:00:00,0.10531,0.10531,0.10531,0.0,0.9214142909414922,294.94248622818196,-0.0,14.511572848565265,0.0,280.4309133796167,280.4309133796167,0.0,0.0
128,2019-01-06 08:00:00,1,2019-01-06 09:00:00,0.10531,0.10531,0.10531,0.0,0.8951252096940914,310.87358369053015,-0.0,30.442670310913456,0.0,280.4309133796167,280.4309133796167,0.0,0.0
129,2019-01-06 09:00:00,1,2019-01-06 10:00:00,0.10531,0.10531,0.10531,0.0,0.8399754446380888,321.85918785793086,-0.0,41.428274478314165,0.0,280.4309133796167,280.4309133796167,0.0,0.0
130,2019-01-06 10:00:00,1,2019-01-06 11:00:00,0.10531,0.10531,0.10531,0.0,0.7649242227570848,326.7807438529322,-0.0,46.34983047331548,0.0,280.4309133796167,280.4309133796167,0.0,0.0
131,2019-01-06 11:00:00,1,2019-01-06 12:00:00,0.10531,0.10531,0.10531,0.0,0.6809571385662959,330.71085410921336,-0.0,50.27994072959666,0.0,280.4309133796167,280.4309133796167,0.0,0.0
132,2019-01-06 12:00:00,1,2019-01-06 13:00:00,0.10531,0.10531,0.10531,0.0,0.5898702894184759,320.8973366047532,-0.0,40.46642322513651,0.0,280.4309133796167,280.4309133796167,0.0,0.0
133,2019-01-06 13:00:00,1,2019-01-06 14:00:00,0.10531,0.10531,0.10531,0.0,0.5165615516917793,328.04816137518344,-0.0,47.61724799556674,0.0,280.4309133796167,280.4309133796167,0.0,0.0
134,2019-01-06 14:00:00,1,2019-01-06 15:00:00,0.10531,0.10531,0.10531,0.0,0.43029842126502793,326.9162298980776,-0.0,46.48531651846088,0.0,280.4309133796167,280.4309133796167,0.0,0.0
135,2019-01-06 15:00:00,1,2019-01-06 16:00:00,0.10531,0.10531,0.10531,0.0,0.34608589134028,328.8831019144325,-0.0,48.452188534815775,0.0,280.4309133796167,280.4309133796167,0.0,0.0
136,2019-01-06 16:00:00,1,2019-01-06 17:00:00,0.13592,0.13592,0.13592,0.0,0.2583101874728601,334.7078218813766,-0.0,58.9165137569058,0.0,275.7913081244708,275.7913081244708,0.0,0.0
137,2019-01-06 17:00:00,1,2019-01-06 18:00:00,0.13592,0.13592,0.13592,0.0,0.15157737269585686,336.50162310772964,-0.0,56.070709728112945,0.0,280.4309133796167,280.4309133796167,0.0,0.0
138,2019-01-06 18:00:00,1,2019-01-06 19:00:00,0.13592,0.13592,0.13592,0.0,0.050000000000000086,266.51405920798027,-0.0,0.0,0.0,266.51405920798027,266.51405920798027,0.0,1.0
139,2019-01-06 19:00:00,1,2019-01-06 20:00:00,0.13592,0.13592,0.13592,0.0,0.05,264.4397727640119,-0.0,0.0,0.0,264.4397727640119,264.4397727640119,0.0,1.0
140,2019-01-06 20:00:00,1,2019-01-06 21:00:00,0.13592,0.13592,0.13592,0.0,0.05,229.90187829760728,-0.0,0.0,0.0,229.90187829760728,229.90187829760728,0.0,0.0
141,2019-01-06 21:00:00,1,2019-01-06 22:00:00,0.10531,0.10531,0.10531,0.0,0.05,219.0711720560962,-0.0,0.0,0.0,219.0711720560962,219.0711720560962,0.0,0.0
142,2019-01-06 22:00:00,1,2019-01-06 23:00:00,0.10531,0.10531,0.10531,0.0,0.05,202.27206478523348,-0.0,0.0,0.0,202.27206478523348,202.27206478523348,0.0,0.0
143,2019-01-06 23:00:00,1,2019-01-07 00:00:00,0.10531,0.10531,0.10531,0.0,0.05,200.018317949611,-0.0,0.0,0.0,200.018317949611,200.018317949611,0.0,0.0
144,2019-01-07 00:00:00,1,2019-01-07 01:00:00,0.10531,0.10531,0.10531,0.0,0.05,193.93119745150588,-86.41879770765505,0.0,0.0,280.3499951591609,280.3499951591609,0.0,1.0
145,2019-01-07 01:00:00,1,2019-01-07 02:00:00,0.10531,0.10531,0.10531,0.0,0.18250882315173775,192.19101009746086,-88.15898506170006,0.0,0.0,280.3499951591609,280.3499951591609,0.0,1.0
146,2019-01-07 02:00:00,1,2019-01-07 03:00:00,0.10531,0.10531,0.10531,0.0,0.31768593357967784,192.67294902021453,-87.6770461389464,0.0,0.0,280.3499951591609,280.3499951591609,0.0,1.0
147,2019-01-07 03:00:00,1,2019-01-07 04:00:00,0.10531,0.10531,0.10531,0.0,0.45212407099272894,193.82091305652406,-86.52908210263686,0.0,0.0,280.3499951591609,280.3499951591609,0.0,1.0
148,2019-01-07 04:00:00,1,2019-01-07 05:00:00,0.10531,0.10531,0.10531,0.0,0.5848019968834388,190.5093595883265,-0.0,0.0,0.0,190.5093595883265,190.5093595883265,0.0,0.0
149,2019-01-07 05:00:00,1,2019-01-07 06:00:00,0.10531,0.10531,0.10531,0.0,0.5848019968834388,188.78636003268286,-91.56363512647806,0.0,0.0,280.3499951591609,280.3499951591609,0.0,1.0
150,2019-01-07 06:00:00,1,2019-01-07 07:00:00,0.10531,0.10531,0.10531,0.0,0.7251995707440386,205.45557131004537,-74.89442384911555,0.0,0.0,280.3499951591609,280.3499951591609,0.0,1.0
151,2019-01-07 07:00:00,1,2019-01-07 08:00:00,0.10531,0.10531,0.10531,0.0,0.8400376873126825,233.3705323681278,-0.0,0.0,0.0,233.3705323681278,233.3705323681278,0.0,0.0
152,2019-01-07 08:00:00,1,2019-01-07 09:00:00,0.10531,0.10531,0.10531,0.0,0.8400376873126825,241.93811941715276,-38.411875742008164,0.0,0.0,280.3499951591609,280.3499951591609,0.0,1.0
153,2019-01-07 09:00:00,1,2019-01-07 10:00:00,0.10531,0.10531,0.10531,0.0,0.8989358967837616,272.21165071954744,-8.138344439613492,0.0,0.0,280.3499951591609,280.3499951591609,0.0,1.0
154,2019-01-07 10:00:00,1,2019-01-07 11:00:00,0.10531,0.10531,0.10531,0.0,0.9114146915911691,275.8959030128237,-4.454092146337247,0.0,0.0,280.3499951591609,280.3499951591609,0.0,1.0
155,2019-01-07 11:00:00,1,2019-01-07 12:00:00,0.10531,0.10531,0.10531,0.0,0.9182442995488862,277.8181685517997,-2.531826607361213,0.0,0.0,280.3499951591609,280.3499951591609,0.0,1.0
156,2019-01-07 12:00:00,1,2019-01-07 13:00:00,0.10531,0.10531,0.10531,0.0,0.9221264336801734,270.48274219331387,-9.94817118630283,0.0,0.0,280.4309133796167,280.4309133796167,0.0,1.0
157,2019-01-07 13:00:00,1,2019-01-07 14:00:00,0.10531,0.10531,0.10531,0.0,0.9373802961658377,269.0736565604421,-10.568699994493615,0.0,0.0,279.6423565549357,279.6423565549357,0.0,1.0
158,2019-01-07 14:00:00,1,2019-01-07 15:00:00,0.10531,0.10531,0.10531,0.0,0.9535856361573948,269.6194587237558,-0.0,0.0,0.0,269.6194587237558,269.6194587237558,0.0,0.0
159,2019-01-07 15:00:00,1,2019-01-07 16:00:00,0.10531,0.10531,0.10531,0.0,0.9535856361573948,250.16067609096103,-30.270237288655665,0.0,0.0,280.4309133796167,280.4309133796167,0.0,1.0
160,2019-01-07 16:00:00,1,2019-01-07 17:00:00,0.13592,0.13592,0.13592,0.0,1.0,253.08209272492252,-0.0,253.08209272492252,0.0,0.0,0.0,0.0,0.0
161,2019-01-07 17:00:00,1,2019-01-07 18:00:00,0.13592,0.13592,0.13592,0.0,0.541517947962097,245.66403332941616,-0.0,245.66403332941616,0.0,0.0,0.0,0.0,0.0
162,2019-01-07 18:00:00,1,2019-01-07 19:00:00,0.13592,0.13592,0.13592,0.0,0.0964744093218503,236.59922720526941,-0.0,25.653873945661367,0.0,210.94535325960805,210.94535325960805,0.0,0.0
163,2019-01-07 19:00:00,1,2019-01-07 20:00:00,0.13592,0.13592,0.13592,0.0,0.05,233.15548491257184,-0.0,0.0,0.0,233.15548491257184,233.15548491257184,0.0,0.0
164,2019-01-07 20:00:00,1,2019-01-07 21:00:00,0.13592,0.13592,0.13592,0.0,0.05,204.51071812886318,-0.0,0.0,0.0,204.51071812886318,204.51071812886318,0.0,0.0
165,2019-01-07 21:00:00,1,2019-01-07 22:00:00,0.10531,0.10531,0.10531,0.0,0.05,203.86972227327198,-0.0,0.0,0.0,203.86972227327198,203.86972227327198,0.0,0.0
166,2019-01-07 22:00:00,1,2019-01-07 23:00:00,0.10531,0.10531,0.10531,0.0,0.05,201.19539965898878,-0.0,0.0,0.0,201.19539965898878,201.19539965898878,0.0,0.0
167,2019-01-07 23:00:00,1,2019-01-08 00:00:00,0.10531,0.10531,0.10531,0.0,0.05,202.36220937865133,-0.0,0.0,0.0,202.36220937865133,202.36220937865133,0.0,0.0
168,2019-01-08 00:00:00,1,2019-01-08 01:00:00,0.10531,0.10531,0.10531,0.0,0.05,196.98464480906978,-0.0,0.0,0.0,196.98464480906978,196.98464480906978,0.0,0.0
169,2019-01-08 01:00:00,1,2019-01-08 02:00:00,0.10531,0.10531,0.10531,0.0,0.05,196.96432100219505,-0.0,0.0,0.0,196.96432100219505,196.96432100219505,0.0,0.0
170,2019-01-08 02:00:00,1,2019-01-08 03:00:00,0.10531,0.10531,0.10531,0.0,0.05,196.82796608177708,-82.76661839237211,0.0,0.0,279.5945844741492,279.5945844741492,0.0,1.0
171,2019-01-08 03:00:00,1,2019-01-08 04:00:00,0.10531,0.10531,0.10531,0.0,0.1769088148683039,196.88513377845396,-82.70945069569522,0.0,0.0,279.5945844741492,279.5945844741492,0.0,1.0
172,2019-01-08 04:00:00,1,2019-01-08 05:00:00,0.10531,0.10531,0.10531,0.0,0.30372997260170326,199.90017894190092,-0.0,0.0,0.0,199.90017894190092,199.90017894190092,0.0,0.0
173,2019-01-08 05:00:00,1,2019-01-08 06:00:00,0.10531,0.10531,0.10531,0.0,0.30372997260170326,200.19148178878558,-0.0,0.0,0.0,200.19148178878558,200.19148178878558,0.0,0.0
174,2019-01-08 06:00:00,1,2019-01-08 07:00:00,0.10531,0.10531,0.10531,0.0,0.30372997260170326,218.6513669248647,-60.94321754928448,0.0,0.0,279.5945844741492,279.5945844741492,0.0,1.0
175,2019-01-08 07:00:00,1,2019-01-08 08:00:00,0.10531,0.10531,0.10531,0.0,0.39717623951060615,218.27195793004788,-61.32262654410131,0.0,0.0,279.5945844741492,279.5945844741492,0.0,1.0
176,2019-01-08 08:00:00,1,2019-01-08 09:00:00,0.10531,0.10531,0.10531,0.0,0.4912042668782282,236.44129869504852,-43.15328577910067,0.0,0.0,279.5945844741492,279.5945844741492,0.0,1.0
177,2019-01-08 09:00:00,1,2019-01-08 10:00:00,0.10531,0.10531,0.10531,0.0,0.5573726384061826,235.77911855056198,-43.81546592358721,0.0,0.0,279.5945844741492,279.5945844741492,0.0,1.0
178,2019-01-08 10:00:00,1,2019-01-08 11:00:00,0.10531,0.10531,0.10531,0.0,0.6245563528223497,239.31932344910774,-40.275261025041445,0.0,0.0,279.5945844741492,279.5945844741492,0.0,1.0
179,2019-01-08 11:00:00,1,2019-01-08 12:00:00,0.10531,0.10531,0.10531,0.0,0.6863117530607465,240.45505009930903,-39.13953437484015,0.0,0.0,279.5945844741492,279.5945844741492,0.0,1.0
180,2019-01-08 12:00:00,1,2019-01-08 13:00:00,0.10531,0.10531,0.10531,0.0,0.7463257057688347,240.16140467345943,-36.92419308428735,0.0,0.0,277.08559775774677,277.08559775774677,0.0,1.0
181,2019-01-08 13:00:00,1,2019-01-08 14:00:00,0.10531,0.10531,0.10531,0.0,0.8029428018314086,238.36790978371377,-42.06300359590293,0.0,0.0,280.4309133796167,280.4309133796167,0.0,1.0
182,2019-01-08 14:00:00,1,2019-01-08 15:00:00,0.10531,0.10531,0.10531,0.0,0.8674394073451265,237.37075318601828,-43.06016019359842,0.0,0.0,280.4309133796167,280.4309133796167,0.0,1.0
183,2019-01-08 15:00:00,1,2019-01-08 16:00:00,0.10531,0.10531,0.10531,0.0,0.933464986308644,237.03851314612373,-43.392400233492964,0.0,0.0,280.4309133796167,280.4309133796167,0.0,1.0
184,2019-01-08 16:00:00,1,2019-01-08 17:00:00,0.13592,0.13592,0.13592,0.0,1.0,230.81596765754819,-0.0,230.81596765754819,0.0,0.0,0.0,0.0,0.0
185,2019-01-08 17:00:00,1,2019-01-08 18:00:00,0.13592,0.13592,0.13592,0.0,0.5818551310551663,220.86040008741494,-0.0,220.86040008741494,0.0,0.0,0.0,0.0,0.0
186,2019-01-08 18:00:00,1,2019-01-08 19:00:00,0.13592,0.13592,0.13592,0.0,0.18174571060695086,213.2177308167698,-0.0,72.72363225503688,0.0,140.49409856173293,140.49409856173293,0.0,0.0
187,2019-01-08 19:00:00,1,2019-01-08 20:00:00,0.13592,0.13592,0.13592,0.0,0.05,210.54192914895074,-0.0,0.0,0.0,210.54192914895074,210.54192914895074,0.0,0.0
188,2019-01-08 20:00:00,1,2019-01-08 21:00:00,0.13592,0.13592,0.13592,0.0,0.05,202.3992909856005,-0.0,0.0,0.0,202.3992909856005,202.3992909856005,0.0,0.0
189,2019-01-08 21:00:00,1,2019-01-08 22:00:00,0.10531,0.10531,0.10531,0.0,0.05,197.68909032968733,-0.0,0.0,0.0,197.68909032968733,197.68909032968733,0.0,0.0
190,2019-01-08 22:00:00,1,2019-01-08 23:00:00,0.10531,0.10531,0.10531,0.0,0.05,190.94392099420045,-0.0,0.0,0.0,190.94392099420045,190.94392099420045,0.0,0.0
191,2019-01-08 23:00:00,1,2019-01-09 00:00:00,0.10531,0.10531,0.10531,0.0,0.05,192.2079661848472,-0.0,0.0,0.0,192.2079661848472,192.2079661848472,0.0,0.0
192,2019-01-09 00:00:00,1,2019-01-09 01:00:00,0.10531,0.10531,0.10531,0.0,0.05,190.72559044390871,-89.70532293570798,0.0,0.0,280.4309133796167,280.4309133796167,0.0,1.0
193,2019-01-09 01:00:00,1,2019-01-09 02:00:00,0.10531,0.10531,0.10531,0.0,0.18754816183475226,188.01132513794855,-92.41958824166815,0.0,0.0,280.4309133796167,280.4309133796167,0.0,1.0
194,2019-01-09 02:00:00,1,2019-01-09 03:00:00,0.10531,0.10531,0.10531,0.0,0.3292581971386434,186.68828413060447,-93.74262924901223,0.0,0.0,280.4309133796167,280.4309133796167,0.0,1.0
195,2019-01-09 03:00:00,1,2019-01-09 04:00:00,0.10531,0.10531,0.10531,0.0,0.4729968953204622,181.46092294689944,-98.96999043271725,0.0,0.0,280.4309133796167,280.4309133796167,0.0,1.0
196,2019-01-09 04:00:00,1,2019-01-09 05:00:00,0.10531,0.10531,0.10531,0.0,0.6247508806506287,204.6291677874409,-75.80174559217579,0.0,0.0,280.4309133796167,280.4309133796167,0.0,1.0
197,2019-01-09 05:00:00,1,2019-01-09 06:00:00,0.10531,0.10531,0.10531,0.0,0.7409802238919648,205.88899563311142,-74.54191774650528,0.0,0.0,280.4309133796167,280.4309133796167,0.0,1.0
198,2019-01-09 06:00:00,1,2019-01-09 07:00:00,0.10531,0.10531,0.10531,0.0,0.8552778311032729,258.7545585921097,-21.676354787507023,0.0,0.0,280.4309133796167,280.4309133796167,0.0,1.0
199,2019-01-09 07:00:00,1,2019-01-09 08:00:00,0.10531,0.10531,0.10531,0.0,0.8885149084441171,286.0636072374908,-0.0,5.632693857874131,0.0,280.4309133796167,280.4309133796167,0.0,0.0
200,2019-01-09 08:00:00,1,2019-01-09 09:00:00,0.10531,0.10531,0.10531,0.0,0.8783107529044901,300.25379918207955,-0.0,19.82288580246285,0.0,280.4309133796167,280.4309133796167,0.0,0.0
201,2019-01-09 09:00:00,1,2019-01-09 10:00:00,0.10531,0.10531,0.10531,0.0,0.8423997279000284,317.04353850887,-0.0,36.612625129253274,0.0,280.4309133796167,280.4309133796167,0.0,0.0
202,2019-01-09 10:00:00,1,2019-01-09 11:00:00,0.10531,0.10531,0.10531,0.0,0.7760725084629754,321.34953898682704,-0.0,40.918625607210345,0.0,280.4309133796167,280.4309133796167,0.0,0.0
203,2019-01-09 11:00:00,1,2019-01-09 12:00:00,0.10531,0.10531,0.10531,0.0,0.7019445635223769,324.2105594053712,-0.0,43.779646025754516,0.0,280.4309133796167,280.4309133796167,0.0,0.0
204,2019-01-09 12:00:00,1,2019-01-09 13:00:00,0.10531,0.10531,0.10531,0.0,0.6226336105771695,315.8428191533734,-0.0,35.4119057737567,0.0,280.4309133796167,280.4309133796167,0.0,0.0
205,2019-01-09 13:00:00,1,2019-01-09 14:00:00,0.10531,0.10531,0.10531,0.0,0.5584816073638421,326.5499394031251,-0.0,46.11902602350841,0.0,280.4309133796167,280.4309133796167,0.0,0.0
206,2019-01-09 14:00:00,1,2019-01-09 15:00:00,0.10531,0.10531,0.10531,0.0,0.47493264717632694,327.1071727574634,-0.0,46.67625937784669,0.0,280.4309133796167,280.4309133796167,0.0,0.0
207,2019-01-09 15:00:00,1,2019-01-09 16:00:00,0.10531,0.10531,0.10531,0.0,0.3903742062744307,326.9288033651593,-0.0,46.4978899855426,0.0,280.4309133796167,280.4309133796167,0.0,0.0
208,2019-01-09 16:00:00,1,2019-01-09 17:00:00,0.13592,0.13592,0.13592,0.0,0.3061388983296071,328.613315295586,-0.0,48.18240191596931,0.0,280.4309133796167,280.4309133796167,0.0,0.0
209,2019-01-09 17:00:00,1,2019-01-09 18:00:00,0.13592,0.13592,0.13592,0.0,0.2188519383369091,332.62558888373223,-0.0,93.20626996197383,0.0,239.41931892175842,239.41931892175842,0.0,0.0
210,2019-01-09 18:00:00,1,2019-01-09 19:00:00,0.13592,0.13592,0.13592,0.0,0.05,264.87088049723286,-0.0,0.0,0.0,264.87088049723286,264.87088049723286,0.0,1.0
211,2019-01-09 19:00:00,1,2019-01-09 20:00:00,0.13592,0.13592,0.13592,0.0,0.05,263.1636460438042,-0.0,0.0,0.0,263.1636460438042,263.1636460438042,0.0,1.0
212,2019-01-09 20:00:00,1,2019-01-09 21:00:00,0.13592,0.13592,0.13592,0.0,0.05,229.78843674462487,-0.0,0.0,0.0,229.78843674462487,229.78843674462487,0.0,0.0
213,2019-01-09 21:00:00,1,2019-01-09 22:00:00,0.10531,0.10531,0.10531,0.0,0.05,219.88976714519666,-0.0,0.0,0.0,219.88976714519666,219.88976714519666,0.0,0.0
214,2019-01-09 22:00:00,1,2019-01-09 23:00:00,0.10531,0.10531,0.10531,0.0,0.05,202.98906766659573,-0.0,0.0,0.0,202.98906766659573,202.98906766659573,0.0,0.0
215,2019-01-09 23:00:00,1,2019-01-10 00:00:00,0.10531,0.10531,0.10531,0.0,0.05,202.82021049824579,-0.0,0.0,0.0,202.82021049824579,202.82021049824579,0.0,0.0
216,2019-01-10 00:00:00,1,2019-01-10 01:00:00,0.10531,0.10531,0.10531,0.0,0.05,199.05696318800722,-88.38424925956355,0.0,0.0,287.44121244757076,287.44121244757076,0.0,1.0
217,2019-01-10 01:00:00,1,2019-01-10 02:00:00,0.10531,0.10531,0.10531,0.0,0.18552251553133078,198.81949177214375,-88.62172067542701,0.0,0.0,287.44121244757076,287.44121244757076,0.0,1.0
218,2019-01-10 02:00:00,1,2019-01-10 03:00:00,0.10531,0.10531,0.10531,0.0,0.3214091539003189,197.99282152600497,-89.44839092156579,0.0,0.0,287.44121244757076,287.44121244757076,0.0,1.0
219,2019-01-10 03:00:00,1,2019-01-10 04:00:00,0.10531,0.10531,0.10531,0.0,0.45856335331338643,198.34523778505812,-89.09597466251265,0.0,0.0,287.44121244757076,287.44121244757076,0.0,1.0
220,2019-01-10 04:00:00,1,2019-01-10 05:00:00,0.10531,0.10531,0.10531,0.0,0.5951771811292391,221.5157545154456,-65.92545793212517,0.0,0.0,287.44121244757076,287.44121244757076,0.0,1.0
221,2019-01-10 05:00:00,1,2019-01-10 06:00:00,0.10531,0.10531,0.10531,0.0,0.6962628832918311,221.2687277232227,-66.17248472434807,0.0,0.0,287.44121244757076,287.44121244757076,0.0,1.0
222,2019-01-10 06:00:00,1,2019-01-10 07:00:00,0.10531,0.10531,0.10531,0.0,0.7977273598691648,278.5489847518775,-8.892227695693236,0.0,0.0,287.44121244757076,287.44121244757076,0.0,1.0
223,2019-01-10 07:00:00,1,2019-01-10 08:00:00,0.10531,0.10531,0.10531,0.0,0.811362109002561,307.3926697491754,-0.0,19.95145730160465,0.0,287.44121244757076,287.44121244757076,0.0,0.0
224,2019-01-10 08:00:00,1,2019-01-10 09:00:00,0.10531,0.10531,0.10531,0.0,0.7752181646155959,315.8872552245106,-0.0,28.446042776939862,0.0,287.44121244757076,287.44121244757076,0.0,0.0
225,2019-01-10 09:00:00,1,2019-01-10 10:00:00,0.10531,0.10531,0.10531,0.0,0.7236854784254876,324.33867891147725,-0.0,36.89746646390648,0.0,287.44121244757076,287.44121244757076,0.0,0.0
226,2019-01-10 10:00:00,1,2019-01-10 11:00:00,0.10531,0.10531,0.10531,0.0,0.6568422420778309,326.60387709957416,-0.0,39.1626646520034,0.0,287.44121244757076,287.44121244757076,0.0,0.0
227,2019-01-10 11:00:00,1,2019-01-10 12:00:00,0.10531,0.10531,0.10531,0.0,0.5858953858242014,327.58354265568914,-0.0,40.14233020811838,0.0,287.44121244757076,287.44121244757076,0.0,0.0
228,2019-01-10 12:00:00,1,2019-01-10 13:00:00,0.10531,0.10531,0.10531,0.0,0.5131737731283349,318.1851103241551,-0.0,30.743897876584327,0.0,287.4412124475708,287.4412124475708,0.0,0.0
229,2019-01-10 13:00:00,1,2019-01-10 14:00:00,0.10531,0.10531,0.10531,0.0,0.4574783059606096,328.52869340847235,-0.0,41.08748096090157,0.0,287.44121244757076,287.44121244757076,0.0,0.0
230,2019-01-10 14:00:00,1,2019-01-10 15:00:00,0.10531,0.10531,0.10531,0.0,0.3830444636401357,330.7763804933267,-0.0,43.335168045755935,0.0,287.44121244757076,287.44121244757076,0.0,0.0
231,2019-01-10 15:00:00,1,2019-01-10 16:00:00,0.10531,0.10531,0.10531,0.0,0.3045387244268097,331.6755537443823,-0.0,44.23434129681152,0.0,287.44121244757076,287.44121244757076,0.0,0.0
232,2019-01-10 16:00:00,1,2019-01-10 17:00:00,0.13592,0.13592,0.13592,0.0,0.22440404816446996,333.6075509690357,-0.0,46.16633852146491,0.0,287.44121244757076,287.44121244757076,0.0,0.0
233,2019-01-10 17:00:00,1,2019-01-10 18:00:00,0.13592,0.13592,0.13592,0.0,0.14076937692993208,337.5459085128933,-0.0,50.1046960653225,0.0,287.44121244757076,287.44121244757076,0.0,0.0
234,2019-01-10 18:00:00,1,2019-01-10 19:00:00,0.13592,0.13592,0.13592,0.0,0.05,267.5269916694113,-0.0,0.0,0.0,267.5269916694113,267.5269916694113,0.0,1.0
235,2019-01-10 19:00:00,1,2019-01-10 20:00:00,0.13592,0.13592,0.13592,0.0,0.05,264.54872155159467,-0.0,0.0,0.0,264.54872155159467,264.54872155159467,0.0,1.0
236,2019-01-10 20:00:00,1,2019-01-10 21:00:00,0.13592,0.13592,0.13592,0.0,0.05,230.78635362788395,-0.0,0.0,0.0,230.78635362788395,230.78635362788395,0.0,0.0
237,2019-01-10 21:00:00,1,2019-01-10 22:00:00,0.10531,0.10531,0.10531,0.0,0.05,219.95678694628603,-0.0,0.0,0.0,219.95678694628603,219.95678694628603,0.0,0.0
238,2019-01-10 22:00:00,1,2019-01-10 23:00:00,0.10531,0.10531,0.10531,0.0,0.05,203.35656955248672,-0.0,0.0,0.0,203.35656955248672,203.35656955248672,0.0,0.0
239,2019-01-10 23:00:00,1,2019-01-11 00:00:00,0.10531,0.10531,0.10531,0.0,0.05,203.96924222071263,-0.0,0.0,0.0,203.96924222071263,203.96924222071263,0.0,0.0
240,2019-01-11 00:00:00,1,2019-01-11 01:00:00,0.10531,0.10531,0.10531,0.0,0.05,200.3350865741973,-87.10612587337351,0.0,0.0,287.4412124475708,287.4412124475708,0.0,1.0
241,2019-01-11 01:00:00,1,2019-01-11 02:00:00,0.10531,0.10531,0.10531,0.0,0.18356272633917273,199.5313801377023,-87.9098323098685,0.0,0.0,287.4412124475708,287.4412124475708,0.0,1.0
242,2019-01-11 02:00:00,1,2019-01-11 03:00:00,0.10531,0.10531,0.10531,0.0,0.3183578025476378,199.22316266798654,-88.21804977958428,0.0,0.0,287.4412124475708,287.4412124475708,0.0,1.0
243,2019-01-11 03:00:00,1,2019-01-11 04:00:00,0.10531,0.10531,0.10531,0.0,0.45362547887633375,198.97420135860534,-88.46701108896548,0.0,0.0,287.4412124475708,287.4412124475708,0.0,1.0
244,2019-01-11 04:00:00,1,2019-01-11 05:00:00,0.10531,0.10531,0.10531,0.0,0.5892748958794141,222.77720264107123,-64.66400980649959,0.0,0.0,287.4412124475708,287.4412124475708,0.0,1.0
245,2019-01-11 05:00:00,1,2019-01-11 06:00:00,0.10531,0.10531,0.10531,0.0,0.6884263775827134,223.08503428159707,-64.35617816597374,0.0,0.0,287.4412124475708,287.4412124475708,0.0,1.0
246,2019-01-11 06:00:00,1,2019-01-11 07:00:00,0.10531,0.10531,0.10531,0.0,0.78710585077054,279.57868300823714,-7.862529439333684,0.0,0.0,287.4412124475708,287.4412124475708,0.0,1.0
247,2019-01-11 07:00:00,1,2019-01-11 08:00:00,0.10531,0.10531,0.10531,0.0,0.7991617292441849,308.36065479255313,-0.0,20.919442344982315,0.0,287.4412124475708,287.4412124475708,0.0,0.0
248,2019-01-11 08:00:00,1,2019-01-11 09:00:00,0.10531,0.10531,0.10531,0.0,0.7612641887641445,317.0774414483508,-0.0,29.636229000779963,0.0,287.4412124475708,287.4412124475708,0.0,0.0
249,2019-01-11 09:00:00,1,2019-01-11 10:00:00,0.10531,0.10531,0.10531,0.0,0.7075753681105575,326.12171599317213,-0.0,38.68050354560131,0.0,287.4412124475708,287.4412124475708,0.0,0.0
250,2019-01-11 10:00:00,1,2019-01-11 11:00:00,0.10531,0.10531,0.10531,0.0,0.6375019921221494,327.9221145036428,-0.0,40.480902056071955,0.0,287.4412124475708,287.4412124475708,0.0,0.0
251,2019-01-11 11:00:00,1,2019-01-11 12:00:00,0.10531,0.10531,0.10531,0.0,0.5641670246292654,328.0159650141844,-0.0,40.5747525666136,0.0,287.4412124475708,287.4412124475708,0.0,0.0
252,2019-01-11 12:00:00,1,2019-01-11 13:00:00,0.10531,0.10531,0.10531,0.0,0.4906620380955451,318.1143830495508,-0.0,30.67317060197996,0.0,287.4412124475708,287.4412124475708,0.0,0.0
253,2019-01-11 13:00:00,1,2019-01-11 14:00:00,0.10531,0.10531,0.10531,0.0,0.4350947000484799,327.16685707922113,-0.0,39.72564463165031,0.0,287.4412124475708,287.4412124475708,0.0,0.0
254,2019-01-11 14:00:00,1,2019-01-11 15:00:00,0.10531,0.10531,0.10531,0.0,0.3631279525273743,327.74107379147415,-0.0,40.29986134390333,0.0,287.4412124475708,287.4412124475708,0.0,0.0
255,2019-01-11 15:00:00,1,2019-01-11 16:00:00,0.10531,0.10531,0.10531,0.0,0.2901209573391436,328.1089347158637,-0.0,40.66772226829289,0.0,287.4412124475708,287.4412124475708,0.0,0.0
256,2019-01-11 16:00:00,1,2019-01-11 17:00:00,0.13592,0.13592,0.13592,0.0,0.21644754743281594,330.0613406285267,-0.0,45.375131564566686,0.0,284.68620906396,284.68620906396,0.0,0.0
257,2019-01-11 17:00:00,1,2019-01-11 18:00:00,0.13592,0.13592,0.13592,0.0,0.1342462221346879,333.94512706591854,-0.0,46.50391461834772,0.0,287.4412124475708,287.4412124475708,0.0,0.0
258,2019-01-11 18:00:00,1,2019-01-11 19:00:00,0.13592,0.13592,0.13592,0.0,0.04999999999999999,264.451155569165,-0.0,0.0,0.0,264.451155569165,264.451155569165,0.0,1.0
259,2019-01-11 19:00:00,1,2019-01-11 20:00:00,0.13592,0.13592,0.13592,0.0,0.05,261.8794765134558,-0.0,0.0,0.0,261.8794765134558,261.8794765134558,0.0,0.0
260,2019-01-11 20:00:00,1,2019-01-11 21:00:00,0.13592,0.13592,0.13592,0.0,0.05,228.62331980680986,-0.0,0.0,0.0,228.62331980680986,228.62331980680986,0.0,0.0
261,2019-01-11 21:00:00,1,2019-01-11 22:00:00,0.10531,0.10531,0.10531,0.0,0.05,218.98512959825547,-0.0,0.0,0.0,218.98512959825547,218.98512959825547,0.0,0.0
262,2019-01-11 22:00:00,1,2019-01-11 23:00:00,0.10531,0.10531,0.10531,0.0,0.05,202.29741463491155,-0.0,0.0,0.0,202.29741463491155,202.29741463491155,0.0,0.0
263,2019-01-11 23:00:00,1,2019-01-12 00:00:00,0.10531,0.10531,0.10531,0.0,0.05,201.60815399877742,-0.0,0.0,0.0,201.60815399877742,201.60815399877742,0.0,0.0
264,2019-01-12 00:00:00,1,2019-01-12 01:00:00,0.10531,0.10531,0.10531,0.0,0.05,198.26216330802316,-89.97522621861299,0.0,0.0,288.23738952663615,288.23738952663615,0.0,1.0
265,2019-01-12 01:00:00,1,2019-01-12 02:00:00,0.10531,0.10531,0.10531,0.0,0.18796201353520658,198.9893343153715,-89.24805521126464,0.0,0.0,288.23738952663615,288.23738952663615,0.0,1.0
266,2019-01-12 02:00:00,1,2019-01-12 03:00:00,0.10531,0.10531,0.10531,0.0,0.32480903152581236,199.10630096709914,-89.131088559537,0.0,0.0,288.23738952663615,288.23738952663615,0.0,1.0
267,2019-01-12 03:00:00,1,2019-01-12 04:00:00,0.10531,0.10531,0.10531,0.0,0.4614767006504358,198.9960010745626,-89.24138845207355,0.0,0.0,288.23738952663615,288.23738952663615,0.0,1.0
268,2019-01-12 04:00:00,1,2019-01-12 05:00:00,0.10531,0.10531,0.10531,0.0,0.5983134962769486,221.16776638430036,-67.06962314233579,0.0,0.0,288.23738952663615,288.23738952663615,0.0,1.0
269,2019-01-12 05:00:00,1,2019-01-12 06:00:00,0.10531,0.10531,0.10531,0.0,0.7011535850951969,222.2782929947707,-65.95909653186544,0.0,0.0,288.23738952663615,288.23738952663615,0.0,1.0
270,2019-01-12 06:00:00,1,2019-01-12 07:00:00,0.10531,0.10531,0.10531,0.0,0.8022908664440571,279.6306612151397,-8.606728311496461,0.0,0.0,288.23738952663615,288.23738952663615,0.0,1.0
271,2019-01-12 07:00:00,1,2019-01-12 08:00:00,0.10531,0.10531,0.10531,0.0,0.8154878498550184,308.8224987922041,-0.0,20.58510926556795,0.0,288.23738952663615,288.23738952663615,0.0,0.0
272,2019-01-12 08:00:00,1,2019-01-12 09:00:00,0.10531,0.10531,0.10531,0.0,0.7781959852434823,317.04668343215735,-0.0,28.8092939055212,0.0,288.23738952663615,288.23738952663615,0.0,0.0
273,2019-01-12 09:00:00,1,2019-01-12 10:00:00,0.10531,0.10531,0.10531,0.0,0.7260052354146396,325.5946885634372,-0.0,37.35729903680107,0.0,288.23738952663615,288.23738952663615,0.0,0.0
274,2019-01-12 10:00:00,1,2019-01-12 11:00:00,0.10531,0.10531,0.10531,0.0,0.6583289690436231,328.5560450919952,-0.0,40.31865556535905,0.0,288.23738952663615,288.23738952663615,0.0,0.0
275,2019-01-12 11:00:00,1,2019-01-12 12:00:00,0.10531,0.10531,0.10531,0.0,0.5852879263527553,330.5096834191951,-0.0,42.272293892558935,0.0,288.23738952663615,288.23738952663615,0.0,0.0
276,2019-01-12 12:00:00,1,2019-01-12 13:00:00,0.10531,0.10531,0.10531,0.0,0.5087076837937717,321.64443265479764,-0.0,33.40704312816149,0.0,288.23738952663615,288.23738952663615,0.0,0.0
277,2019-01-12 13:00:00,1,2019-01-12 14:00:00,0.10531,0.10531,0.10531,0.0,0.4481876781268124,331.13980517480644,-0.0,42.90241564817029,0.0,288.23738952663615,288.23738952663615,0.0,0.0
278,2019-01-12 14:00:00,1,2019-01-12 15:00:00,0.10531,0.10531,0.10531,0.0,0.3704659106482431,331.53596491415794,-0.0,43.298575387521794,0.0,288.23738952663615,288.23738952663615,0.0,0.0
279,2019-01-12 15:00:00,1,2019-01-12 16:00:00,0.10531,0.10531,0.10531,0.0,0.29202646248244274,331.709944524043,-0.0,43.47255499740686,0.0,288.23738952663615,288.23738952663615,0.0,0.0
280,2019-01-12 16:00:00,1,2019-01-12 17:00:00,0.13592,0.13592,0.13592,0.0,0.21327183386395204,331.9205315922651,-0.0,43.68314206562894,0.0,288.23738952663615,288.23738952663615,0.0,0.0
281,2019-01-12 17:00:00,1,2019-01-12 18:00:00,0.13592,0.13592,0.13592,0.0,0.13413570693346483,334.68029975390874,-0.0,46.44291022727259,0.0,288.23738952663615,288.23738952663615,0.0,0.0
282,2019-01-12 18:00:00,1,2019-01-12 19:00:00,0.13592,0.13592,0.13592,0.0,0.05,265.2793636479962,-0.0,0.0,0.0,265.2793636479962,265.2793636479962,0.0,1.0
283,2019-01-12 19:00:00,1,2019-01-12 20:00:00,0.13592,0.13592,0.13592,0.0,0.05,262.3035496146068,-0.0,0.0,0.0,262.3035496146068,262.3035496146068,0.0,0.0
284,2019-01-12 20:00:00,1,2019-01-12 21:00:00,0.13592,0.13592,0.13592,0.0,0.05,225.61690468781495,-0.0,0.0,0.0,225.61690468781495,225.61690468781495,0.0,0.0
285,2019-01-12 21:00:00,1,2019-01-12 22:00:00,0.10531,0.10531,0.10531,0.0,0.05,216.8803203351536,-0.0,0.0,0.0,216.8803203351536,216.8803203351536,0.0,0.0
286,2019-01-12 22:00:00,1,2019-01-12 23:00:00,0.10531,0.10531,0.10531,0.0,0.05,199.37874255063156,-0.0,0.0,0.0,199.37874255063156,199.37874255063156,0.0,0.0
287,2019-01-12 23:00:00,1,2019-01-13 00:00:00,0.10531,0.10531,0.10531,0.0,0.05,200.26705404425178,-0.0,0.0,0.0,200.26705404425178,200.26705404425178,0.0,0.0
288,2019-01-13 00:00:00,1,2019-01-13 01:00:00,0.10531,0.10531,0.10531,0.0,0.05,197.85148255317384,-90.38590697346231,0.0,0.0,288.23738952663615,288.23738952663615,0.0,1.0
289,2019-01-13 01:00:00,1,2019-01-13 02:00:00,0.10531,0.10531,0.10531,0.0,0.18859172402597554,197.40233481715958,-90.83505470947657,0.0,0.0,288.23738952663615,288.23738952663615,0.0,1.0
290,2019-01-13 02:00:00,1,2019-01-13 03:00:00,0.10531,0.10531,0.10531,0.0,0.327872141247173,197.08640240197866,-91.15098712465749,0.0,0.0,288.23738952663615,288.23738952663615,0.0,1.0
291,2019-01-13 03:00:00,1,2019-01-13 04:00:00,0.10531,0.10531,0.10531,0.0,0.46763698817164784,197.32586663834167,-90.91152288829448,0.0,0.0,288.23738952663615,288.23738952663615,0.0,1.0
292,2019-01-13 04:00:00,1,2019-01-13 05:00:00,0.10531,0.10531,0.10531,0.0,0.607034656600366,220.7474024450171,-67.48998708161906,0.0,0.0,288.23738952663615,288.23738952663615,0.0,1.0
293,2019-01-13 05:00:00,1,2019-01-13 06:00:00,0.10531,0.10531,0.10531,0.0,0.7105193034588486,221.4661439689842,-66.77124555765195,0.0,0.0,288.23738952663615,288.23738952663615,0.0,1.0
294,2019-01-13 06:00:00,1,2019-01-13 07:00:00,0.10531,0.10531,0.10531,0.0,0.8129018799805816,278.10577702932017,-10.131612497315984,0.0,0.0,288.23738952663615,288.23738952663615,0.0,1.0
295,2019-01-13 07:00:00,1,2019-01-13 08:00:00,0.10531,0.10531,0.10531,0.0,0.8284370191431328,305.40070966352573,-0.0,17.16332013688958,0.0,288.23738952663615,288.23738952663615,0.0,0.0
296,2019-01-13 08:00:00,1,2019-01-13 09:00:00,0.10531,0.10531,0.10531,0.0,0.7973440478806517,313.727439001046,-0.0,25.49004947440983,0.0,288.23738952663615,288.23738952663615,0.0,0.0
297,2019-01-13 09:00:00,1,2019-01-13 10:00:00,0.10531,0.10531,0.10531,0.0,0.7511664220212136,323.38968921862994,-0.0,35.15229969199379,0.0,288.23738952663615,288.23738952663615,0.0,0.0
298,2019-01-13 10:00:00,1,2019-01-13 11:00:00,0.10531,0.10531,0.10531,0.0,0.6874847196806452,328.137886272569,-0.0,39.900496745932855,0.0,288.23738952663615,288.23738952663615,0.0,0.0
299,2019-01-13 11:00:00,1,2019-01-13 12:00:00,0.10531,0.10531,0.10531,0.0,0.6152012110829407,330.6477182762057,-0.0,42.410328749569544,0.0,288.23738952663615,288.23738952663615,0.0,0.0
300,2019-01-13 12:00:00,1,2019-01-13 13:00:00,0.10531,0.10531,0.10531,0.0,0.5383709053771988,321.6325799838732,-0.0,33.39519045723705,0.0,288.23738952663615,288.23738952663615,0.0,0.0
301,2019-01-13 13:00:00,1,2019-01-13 14:00:00,0.10531,0.10531,0.10531,0.0,0.4778723719401752,330.5987612328424,-0.0,42.36137170620623,0.0,288.23738952663615,288.23738952663615,0.0,0.0
302,2019-01-13 14:00:00,1,2019-01-13 15:00:00,0.10531,0.10531,0.10531,0.0,0.40113075653038127,330.9885374731941,-0.0,42.75114794655798,0.0,288.23738952663615,288.23738952663615,0.0,0.0
303,2019-01-13 15:00:00,1,2019-01-13 16:00:00,0.10531,0.10531,0.10531,0.0,0.3236830247431386,330.6126080124617,-0.0,42.37521848582554,0.0,288.23738952663615,288.23738952663615,0.0,0.0
304,2019-01-13 16:00:00,1,2019-01-13 17:00:00,0.13592,0.13592,0.13592,0.0,0.24691632458765753,331.60588570562555,-0.0,43.3684961789894,0.0,288.23738952663615,288.23738952663615,0.0,0.0
305,2019-01-13 17:00:00,1,2019-01-13 18:00:00,0.13592,0.13592,0.13592,0.0,0.1683502083213724,334.9816600289546,-0.0,65.32931499339757,0.0,269.652345035557,269.652345035557,0.0,0.0
306,2019-01-13 18:00:00,1,2019-01-13 19:00:00,0.13592,0.13592,0.13592,0.0,0.05,265.2584776088582,-0.0,0.0,0.0,265.2584776088582,265.2584776088582,0.0,1.0
307,2019-01-13 19:00:00,1,2019-01-13 20:00:00,0.13592,0.13592,0.13592,0.0,0.05,262.942365660299,-0.0,0.0,0.0,262.942365660299,262.942365660299,0.0,0.0
308,2019-01-13 20:00:00,1,2019-01-13 21:00:00,0.13592,0.13592,0.13592,0.0,0.05,229.0459556082901,-0.0,0.0,0.0,229.0459556082901,229.0459556082901,0.0,0.0
309,2019-01-13 21:00:00,1,2019-01-13 22:00:00,0.10531,0.10531,0.10531,0.0,0.05,219.19962830474245,-0.0,0.0,0.0,219.19962830474245,219.19962830474245,0.0,0.0
310,2019-01-13 22:00:00,1,2019-01-13 23:00:00,0.10531,0.10531,0.10531,0.0,0.05,201.75604411847823,-0.0,0.0,0.0,201.75604411847823,201.75604411847823,0.0,0.0
311,2019-01-13 23:00:00,1,2019-01-14 00:00:00,0.10531,0.10531,0.10531,0.0,0.05,201.6552738152709,-0.0,0.0,0.0,201.6552738152709,201.6552738152709,0.0,0.0
312,2019-01-14 00:00:00,1,2019-01-14 01:00:00,0.10531,0.10531,0.10531,0.0,0.05,198.42574855039575,-89.62932988084782,0.0,0.0,288.0550784312436,288.0550784312436,0.0,1.0
313,2019-01-14 01:00:00,1,2019-01-14 02:00:00,0.10531,0.10531,0.10531,0.0,0.18743163915063332,194.64775730152405,-93.40732112971952,0.0,0.0,288.0550784312436,288.0550784312436,0.0,1.0
314,2019-01-14 02:00:00,1,2019-01-14 03:00:00,0.10531,0.10531,0.10531,0.0,0.33065619821620323,194.91032990063584,-0.0,0.0,0.0,194.91032990063584,194.91032990063584,0.0,0.0
315,2019-01-14 03:00:00,1,2019-01-14 04:00:00,0.10531,0.10531,0.10531,0.0,0.33065619821620323,195.92872329381478,-0.0,0.0,0.0,195.92872329381478,195.92872329381478,0.0,0.0
316,2019-01-14 04:00:00,1,2019-01-14 05:00:00,0.10531,0.10531,0.10531,0.0,0.33065619821620323,198.31102937941296,-89.74404905183061,0.0,0.0,288.0550784312436,288.0550784312436,0.0,1.0
317,2019-01-14 05:00:00,1,2019-01-14 06:00:00,0.10531,0.10531,0.10531,0.0,0.46826374009567684,196.05772736076185,-91.99735107048173,0.0,0.0,288.0550784312436,288.0550784312436,0.0,1.0
318,2019-01-14 06:00:00,1,2019-01-14 07:00:00,0.10531,0.10531,0.10531,0.0,0.6093263450704154,213.98083257801744,-74.07424585322613,0.0,0.0,288.0550784312436,288.0550784312436,0.0,1.0
319,2019-01-14 07:00:00,1,2019-01-14 08:00:00,0.10531,0.10531,0.10531,0.0,0.7229068553786955,242.8046898963035,-45.250388534940065,0.0,0.0,288.05507843124354,288.05507843124354,0.0,1.0
320,2019-01-14 08:00:00,1,2019-01-14 09:00:00,0.10531,0.10531,0.10531,0.0,0.7922907844656036,244.81890142639497,-43.23617700484859,0.0,0.0,288.05507843124354,288.05507843124354,0.0,1.0
321,2019-01-14 09:00:00,1,2019-01-14 10:00:00,0.10531,0.10531,0.10531,0.0,0.8585862558730382,272.42209210985004,-15.632986321393503,0.0,0.0,288.05507843124354,288.05507843124354,0.0,1.0
322,2019-01-14 10:00:00,1,2019-01-14 11:00:00,0.10531,0.10531,0.10531,0.0,0.8825568348991749,275.7417249626286,-0.0,0.0,0.0,275.7417249626286,275.7417249626286,0.0,0.0
323,2019-01-14 11:00:00,1,2019-01-14 12:00:00,0.10531,0.10531,0.10531,0.0,0.8825568348991749,277.76553444864635,-10.289543982597216,0.0,0.0,288.05507843124354,288.05507843124354,0.0,1.0
324,2019-01-14 12:00:00,1,2019-01-14 13:00:00,0.10531,0.10531,0.10531,0.0,0.8983341356724907,272.2422246809131,-15.03628252755669,0.0,0.0,287.2785072084698,287.2785072084698,0.0,1.0
325,2019-01-14 13:00:00,1,2019-01-14 14:00:00,0.10531,0.10531,0.10531,0.0,0.9213897688814109,272.2064752611731,-16.030914265463025,0.0,0.0,288.23738952663615,288.23738952663615,0.0,1.0
326,2019-01-14 14:00:00,1,2019-01-14 15:00:00,0.10531,0.10531,0.10531,0.0,0.9459705040884543,272.61842429316175,-0.0,0.0,0.0,272.61842429316175,272.61842429316175,0.0,0.0
327,2019-01-14 15:00:00,1,2019-01-14 16:00:00,0.10531,0.10531,0.10531,0.0,0.9459705040884543,253.00076175823668,-35.23662776839947,0.0,0.0,288.23738952663615,288.23738952663615,0.0,1.0
328,2019-01-14 16:00:00,1,2019-01-14 17:00:00,0.13592,0.13592,0.13592,0.0,1.0,254.55331685116641,-0.0,254.55331685116641,0.0,0.0,0.0,0.0,0.0
329,2019-01-14 17:00:00,1,2019-01-14 18:00:00,0.13592,0.13592,0.13592,0.0,0.5388526868638289,247.64307548708044,-0.0,68.91848862216132,0.0,178.7245868649191,178.7245868649191,0.0,0.0
330,2019-01-14 18:00:00,1,2019-01-14 19:00:00,0.13592,0.13592,0.13592,0.0,0.4140003524033918,239.17554104054457,-0.0,0.0,0.0,239.17554104054457,239.17554104054457,0.0,0.0
331,2019-01-14 19:00:00,1,2019-01-14 20:00:00,0.13592,0.13592,0.13592,0.0,0.4140003524033918,234.6715345372922,-0.0,0.0,0.0,234.6715345372922,234.6715345372922,0.0,0.0
332,2019-01-14 20:00:00,1,2019-01-14 21:00:00,0.13592,0.13592,0.13592,0.0,0.4140003524033918,200.92819452667229,-0.0,200.92819452667229,0.0,0.0,0.0,0.0,0.0
333,2019-01-14 21:00:00,1,2019-01-14 22:00:00,0.10531,0.10531,0.10531,0.0,0.05,200.87398487649045,-0.0,0.0,0.0,200.87398487649045,200.87398487649045,0.0,0.0
334,2019-01-14 22:00:00,1,2019-01-14 23:00:00,0.10531,0.10531,0.10531,0.0,0.05,205.97273789826193,-0.0,0.0,0.0,205.97273789826193,205.97273789826193,0.0,0.0
335,2019-01-14 23:00:00,1,2019-01-15 00:00:00,0.10531,0.10531,0.10531,0.0,0.05,207.98646173747838,-0.0,0.0,0.0,207.98646173747838,207.98646173747838,0.0,0.0
336,2019-01-15 00:00:00,1,2019-01-15 01:00:00,0.10531,0.10531,0.10531,0.0,0.05,201.75392848935863,-0.0,0.0,0.0,201.75392848935863,201.75392848935863,0.0,0.0
337,2019-01-15 01:00:00,1,2019-01-15 02:00:00,0.10531,0.10531,0.10531,0.0,0.05,203.70169392523923,-0.0,0.0,0.0,203.70169392523923,203.70169392523923,0.0,0.0
338,2019-01-15 02:00:00,1,2019-01-15 03:00:00,0.10531,0.10531,0.10531,0.0,0.05,206.1196013135074,-80.62630503993228,0.0,0.0,286.74590635343964,286.74590635343964,0.0,1.0
339,2019-01-15 03:00:00,1,2019-01-15 04:00:00,0.10531,0.10531,0.10531,0.0,0.1736270010612295,203.13002758551573,-83.61587876792393,0.0,0.0,286.74590635343964,286.74590635343964,0.0,1.0
340,2019-01-15 04:00:00,1,2019-01-15 05:00:00,0.10531,0.10531,0.10531,0.0,0.3018380151720462,204.33644902945142,-82.40945732398825,0.0,0.0,286.74590635343964,286.74590635343964,0.0,1.0
341,2019-01-15 05:00:00,1,2019-01-15 06:00:00,0.10531,0.10531,0.10531,0.0,0.4281991830688282,203.77994766386507,-0.0,0.0,0.0,203.77994766386507,203.77994766386507,0.0,0.0
342,2019-01-15 06:00:00,1,2019-01-15 07:00:00,0.10531,0.10531,0.10531,0.0,0.4281991830688282,223.56582612841513,-63.18008022502453,0.0,0.0,286.74590635343964,286.74590635343964,0.0,1.0
343,2019-01-15 07:00:00,1,2019-01-15 08:00:00,0.10531,0.10531,0.10531,0.0,0.5250753060805324,224.55934551265122,-62.18656084078844,0.0,0.0,286.74590635343964,286.74590635343964,0.0,1.0
344,2019-01-15 08:00:00,1,2019-01-15 09:00:00,0.10531,0.10531,0.10531,0.0,0.6204280327030747,244.65600874344187,-0.0,0.0,0.0,244.65600874344187,244.65600874344187,0.0,0.0
345,2019-01-15 09:00:00,1,2019-01-15 10:00:00,0.10531,0.10531,0.10531,0.0,0.6204280327030747,244.80638273237108,-41.93952362106858,0.0,0.0,286.74590635343964,286.74590635343964,0.0,1.0
346,2019-01-15 10:00:00,1,2019-01-15 11:00:00,0.10531,0.10531,0.10531,0.0,0.6847353022553799,247.80156029532037,-38.94434605811929,0.0,0.0,286.74590635343964,286.74590635343964,0.0,1.0
347,2019-01-15 11:00:00,1,2019-01-15 12:00:00,0.10531,0.10531,0.10531,0.0,0.7444499662111629,252.510744440236,-34.23516191320365,0.0,0.0,286.74590635343964,286.74590635343964,0.0,1.0
348,2019-01-15 12:00:00,1,2019-01-15 13:00:00,0.10531,0.10531,0.10531,0.0,0.7969438811447418,254.30032009953368,-32.44558625390597,0.0,0.0,286.74590635343964,286.74590635343964,0.0,1.0
349,2019-01-15 13:00:00,1,2019-01-15 14:00:00,0.10531,0.10531,0.10531,0.0,0.8466937800673976,255.21241922516847,-31.533487128271176,0.0,0.0,286.74590635343964,286.74590635343964,0.0,1.0
350,2019-01-15 14:00:00,1,2019-01-15 15:00:00,0.10531,0.10531,0.10531,0.0,0.8950451269974135,253.49750077865372,-33.248405574785934,0.0,0.0,286.74590635343964,286.74590635343964,0.0,1.0
351,2019-01-15 15:00:00,1,2019-01-15 16:00:00,0.10531,0.10531,0.10531,0.0,0.9460260155454185,251.5454817091474,-35.200424644292255,0.0,0.0,286.74590635343964,286.74590635343964,0.0,1.0
352,2019-01-15 16:00:00,1,2019-01-15 17:00:00,0.13592,0.13592,0.13592,0.0,1.0,244.37076068557403,-0.0,244.37076068557403,0.0,0.0,0.0,0.0,0.0
353,2019-01-15 17:00:00,1,2019-01-15 18:00:00,0.13592,0.13592,0.13592,0.0,0.5572993465841051,235.59375584747076,-0.0,235.59375584747076,0.0,0.0,0.0,0.0,0.0
354,2019-01-15 18:00:00,1,2019-01-15 19:00:00,0.13592,0.13592,0.13592,0.0,0.1304990642517305,227.51963200312156,-0.0,44.43548346695523,0.0,183.0841485361663,183.0841485361663,0.0,0.0
355,2019-01-15 19:00:00,1,2019-01-15 20:00:00,0.13592,0.13592,0.13592,0.0,0.05,223.91248401557806,-0.0,0.0,0.0,223.91248401557806,223.91248401557806,0.0,0.0
356,2019-01-15 20:00:00,1,2019-01-15 21:00:00,0.13592,0.13592,0.13592,0.0,0.05,215.5683536450064,-0.0,0.0,0.0,215.5683536450064,215.5683536450064,0.0,0.0
357,2019-01-15 21:00:00,1,2019-01-15 22:00:00,0.10531,0.10531,0.10531,0.0,0.05,215.5977534660192,-0.0,0.0,0.0,215.5977534660192,215.5977534660192,0.0,0.0
358,2019-01-15 22:00:00,1,2019-01-15 23:00:00,0.10531,0.10531,0.10531,0.0,0.05,213.0104893032853,-0.0,0.0,0.0,213.0104893032853,213.0104893032853,0.0,0.0
359,2019-01-15 23:00:00,1,2019-01-16 00:00:00,0.10531,0.10531,0.10531,0.0,0.05,212.28750567334362,-0.0,0.0,0.0,212.28750567334362,212.28750567334362,0.0,0.0
360,2019-01-16 00:00:00,1,2019-01-16 01:00:00,0.10531,0.10531,0.10531,0.0,0.05,205.84498246479586,-0.0,0.0,0.0,205.84498246479586,205.84498246479586,0.0,0.0
361,2019-01-16 01:00:00,1,2019-01-16 02:00:00,0.10531,0.10531,0.10531,0.0,0.05,207.71415253341706,-80.3892757297975,0.0,0.0,288.1034282632146,288.1034282632146,0.0,1.0
362,2019-01-16 02:00:00,1,2019-01-16 03:00:00,0.10531,0.10531,0.10531,0.0,0.17326355611902283,209.03603778326905,-79.06739047994552,0.0,0.0,288.1034282632146,288.1034282632146,0.0,1.0
363,2019-01-16 03:00:00,1,2019-01-16 04:00:00,0.10531,0.10531,0.10531,0.0,0.29450022152160593,207.69809684878308,-80.40533141443149,0.0,0.0,288.1034282632146,288.1034282632146,0.0,1.0
364,2019-01-16 04:00:00,1,2019-01-16 05:00:00,0.10531,0.10531,0.10531,0.0,0.4177883963570676,206.22686593971977,-0.0,0.0,0.0,206.22686593971977,206.22686593971977,0.0,0.0
365,2019-01-16 05:00:00,1,2019-01-16 06:00:00,0.10531,0.10531,0.10531,0.0,0.4177883963570676,207.6065007093858,-0.0,0.0,0.0,207.6065007093858,207.6065007093858,0.0,0.0
366,2019-01-16 06:00:00,1,2019-01-16 07:00:00,0.10531,0.10531,0.10531,0.0,0.4177883963570676,227.14485397430997,-60.95857428890461,0.0,0.0,288.1034282632146,288.1034282632146,0.0,1.0
367,2019-01-16 07:00:00,1,2019-01-16 08:00:00,0.10531,0.10531,0.10531,0.0,0.5112582102667214,227.349950769843,-60.753477493371584,0.0,0.0,288.1034282632146,288.1034282632146,0.0,1.0
368,2019-01-16 08:00:00,1,2019-01-16 09:00:00,0.10531,0.10531,0.10531,0.0,0.6044135424232244,247.14694135741917,-40.95648690579541,0.0,0.0,288.1034282632146,288.1034282632146,0.0,1.0
369,2019-01-16 09:00:00,1,2019-01-16 10:00:00,0.10531,0.10531,0.10531,0.0,0.6672134890121106,246.8126660986853,-41.290762164529276,0.0,0.0,288.1034282632146,288.1034282632146,0.0,1.0
370,2019-01-16 10:00:00,1,2019-01-16 11:00:00,0.10531,0.10531,0.10531,0.0,0.7305259909977223,250.13532554402363,-37.968102719190945,0.0,0.0,288.1034282632146,288.1034282632146,0.0,1.0
371,2019-01-16 11:00:00,1,2019-01-16 12:00:00,0.10531,0.10531,0.10531,0.0,0.7887437485004818,252.59104908854806,-0.0,0.0,0.0,252.59104908854806,252.59104908854806,0.0,0.0
372,2019-01-16 12:00:00,1,2019-01-16 13:00:00,0.10531,0.10531,0.10531,0.0,0.7887437485004818,254.26166824387178,-33.43987622907729,0.0,0.0,287.7015444729491,287.7015444729491,0.0,1.0
373,2019-01-16 13:00:00,1,2019-01-16 14:00:00,0.10531,0.10531,0.10531,0.0,0.8400182253850669,253.4400227043323,-34.79736682230384,0.0,0.0,288.23738952663615,288.23738952663615,0.0,1.0
374,2019-01-16 14:00:00,1,2019-01-16 15:00:00,0.10531,0.10531,0.10531,0.0,0.8933741878459328,253.7383430144716,-34.49904651216454,0.0,0.0,288.23738952663615,288.23738952663615,0.0,1.0
375,2019-01-16 15:00:00,1,2019-01-16 16:00:00,0.10531,0.10531,0.10531,0.0,0.9462727258312519,253.19786289484384,-35.03952663179231,0.0,0.0,288.23738952663615,288.23738952663615,0.0,1.0
376,2019-01-16 16:00:00,1,2019-01-16 17:00:00,0.13592,0.13592,0.13592,0.0,1.0,244.78743342935485,-0.0,244.78743342935485,0.0,0.0,0.0,0.0,0.0
377,2019-01-16 17:00:00,1,2019-01-16 18:00:00,0.13592,0.13592,0.13592,0.0,0.5565445046569658,233.92166226606,-0.0,233.92166226606,0.0,0.0,0.0,0.0,0.0
378,2019-01-16 18:00:00,1,2019-01-16 19:00:00,0.13592,0.13592,0.13592,0.0,0.13277337736337894,226.77968209409522,-0.0,45.690904304585175,0.0,181.08877778951006,181.08877778951006,0.0,0.0
379,2019-01-16 19:00:00,1,2019-01-16 20:00:00,0.13592,0.13592,0.13592,0.0,0.05,225.6619636226084,-0.0,0.0,0.0,225.6619636226084,225.6619636226084,0.0,0.0
380,2019-01-16 20:00:00,1,2019-01-16 21:00:00,0.13592,0.13592,0.13592,0.0,0.05,218.35163937336335,-0.0,0.0,0.0,218.35163937336335,218.35163937336335,0.0,0.0
381,2019-01-16 21:00:00,1,2019-01-16 22:00:00,0.10531,0.10531,0.10531,0.0,0.05,218.41431722567776,-0.0,0.0,0.0,218.41431722567776,218.41431722567776,0.0,0.0
382,2019-01-16 22:00:00,1,2019-01-16 23:00:00,0.10531,0.10531,0.10531,0.0,0.05,212.92910223889993,-0.0,0.0,0.0,212.92910223889993,212.92910223889993,0.0,0.0
383,2019-01-16 23:00:00,1,2019-01-17 00:00:00,0.10531,0.10531,0.10531,0.0,0.05,208.34617578691396,-0.0,0.0,0.0,208.34617578691396,208.34617578691396,0.0,0.0
384,2019-01-17 00:00:00,1,2019-01-17 01:00:00,0.10531,0.10531,0.10531,0.0,0.05,194.0392791476837,-98.47758207296087,0.0,0.0,292.51686122064456,292.51686122064456,0.0,1.0
385,2019-01-17 01:00:00,1,2019-01-17 02:00:00,0.10531,0.10531,0.10531,0.0,0.20099895917854002,192.0257714221395,-100.49108979850504,0.0,0.0,292.51686122064456,292.51686122064456,0.0,1.0
386,2019-01-17 02:00:00,1,2019-01-17 03:00:00,0.10531,0.10531,0.10531,0.0,0.35508529686958107,201.5708440597808,-90.94601716086376,0.0,0.0,292.51686122064456,292.51686122064456,0.0,1.0
387,2019-01-17 03:00:00,1,2019-01-17 04:00:00,0.10531,0.10531,0.10531,0.0,0.4945358565162388,202.78779969408097,-89.72906152656358,0.0,0.0,292.51686122064456,292.51686122064456,0.0,1.0
388,2019-01-17 04:00:00,1,2019-01-17 05:00:00,0.10531,0.10531,0.10531,0.0,0.6321204175236363,230.51018007376103,-62.00668114688352,0.0,0.0,292.51686122064456,292.51686122064456,0.0,1.0
389,2019-01-17 05:00:00,1,2019-01-17 06:00:00,0.10531,0.10531,0.10531,0.0,0.7271973286155243,233.18260156643734,-59.334259654207216,0.0,0.0,292.51686122064456,292.51686122064456,0.0,1.0
390,2019-01-17 06:00:00,1,2019-01-17 07:00:00,0.10531,0.10531,0.10531,0.0,0.8181765267519755,276.935230507518,-15.581630713126572,0.0,0.0,292.51686122064456,292.51686122064456,0.0,1.0
391,2019-01-17 07:00:00,1,2019-01-17 08:00:00,0.10531,0.10531,0.10531,0.0,0.8420683605121029,293.4521236197162,-0.0,0.9352623990716138,0.0,292.51686122064456,292.51686122064456,0.0,0.0
392,2019-01-17 08:00:00,1,2019-01-17 09:00:00,0.10531,0.10531,0.10531,0.0,0.8403740445717551,312.8544215283158,-0.0,20.337560307671254,0.0,292.51686122064456,292.51686122064456,0.0,0.0
393,2019-01-17 09:00:00,1,2019-01-17 10:00:00,0.10531,0.10531,0.10531,0.0,0.8035306382172782,330.26134698858465,-0.0,37.74448576794009,0.0,292.51686122064456,292.51686122064456,0.0,0.0
394,2019-01-17 10:00:00,1,2019-01-17 11:00:00,0.10531,0.10531,0.10531,0.0,0.7351529466086911,335.5649287825972,-0.0,43.04806756195262,0.0,292.51686122064456,292.51686122064456,0.0,0.0
395,2019-01-17 11:00:00,1,2019-01-17 12:00:00,0.10531,0.10531,0.10531,0.0,0.6571673169674727,340.1441768667408,-0.0,47.627315646096235,0.0,292.51686122064456,292.51686122064456,0.0,0.0
396,2019-01-17 12:00:00,1,2019-01-17 13:00:00,0.10531,0.10531,0.10531,0.0,0.5708859480433852,330.58098296921025,-0.0,38.06412174856571,0.0,292.51686122064456,292.51686122064456,0.0,0.0
397,2019-01-17 13:00:00,1,2019-01-17 14:00:00,0.10531,0.10531,0.10531,0.0,0.5019292057452589,340.6902839238831,-0.0,48.173422703238515,0.0,292.5168612206446,292.5168612206446,0.0,0.0
398,2019-01-17 14:00:00,1,2019-01-17 15:00:00,0.10531,0.10531,0.10531,0.0,0.41465851244229057,344.22810663768024,-0.0,51.711245417035656,0.0,292.5168612206446,292.5168612206446,0.0,0.0
399,2019-01-17 15:00:00,1,2019-01-17 16:00:00,0.10531,0.10531,0.10531,0.0,0.3209787200201245,342.85916916275244,-0.0,50.34230794210785,0.0,292.5168612206446,292.5168612206446,0.0,0.0
400,2019-01-17 16:00:00,1,2019-01-17 17:00:00,0.13592,0.13592,0.13592,0.0,0.22977888679166825,341.51368713235746,-0.0,48.996825911712875,0.0,292.5168612206446,292.5168612206446,0.0,0.0
401,2019-01-17 17:00:00,1,2019-01-17 18:00:00,0.13592,0.13592,0.13592,0.0,0.14101652100957973,342.7579808179326,-0.0,50.24111959728802,0.0,292.5168612206446,292.5168612206446,0.0,0.0
402,2019-01-17 18:00:00,1,2019-01-17 19:00:00,0.13592,0.13592,0.13592,0.0,0.05,274.8889151088484,-0.0,0.0,0.0,274.8889151088484,274.8889151088484,0.0,1.0
403,2019-01-17 19:00:00,1,2019-01-17 20:00:00,0.13592,0.13592,0.13592,0.0,0.05,270.3364729884913,-0.0,0.0,0.0,270.3364729884913,270.3364729884913,0.0,1.0
404,2019-01-17 20:00:00,1,2019-01-17 21:00:00,0.13592,0.13592,0.13592,0.0,0.05,228.53782516928078,-0.0,0.0,0.0,228.53782516928078,228.53782516928078,0.0,0.0
405,2019-01-17 21:00:00,1,2019-01-17 22:00:00,0.10531,0.10531,0.10531,0.0,0.05,202.99477213386027,-0.0,0.0,0.0,202.99477213386027,202.99477213386027,0.0,0.0
406,2019-01-17 22:00:00,1,2019-01-17 23:00:00,0.10531,0.10531,0.10531,0.0,0.05,181.76459492971875,-0.0,0.0,0.0,181.76459492971875,181.76459492971875,0.0,0.0
407,2019-01-17 23:00:00,1,2019-01-18 00:00:00,0.10531,0.10531,0.10531,0.0,0.05,187.93797158532178,-0.0,0.0,0.0,187.93797158532178,187.93797158532178,0.0,0.0
408,2019-01-18 00:00:00,1,2019-01-18 01:00:00,0.10531,0.10531,0.10531,0.0,0.05,181.98599594938116,-81.81287169085039,0.0,0.0,263.79886764023155,263.79886764023155,0.0,1.0
409,2019-01-18 01:00:00,1,2019-01-18 02:00:00,0.10531,0.10531,0.10531,0.0,0.1754464032593039,179.02377637095805,-113.49308484968657,0.0,0.0,292.5168612206446,292.5168612206446,0.0,1.0
410,2019-01-18 02:00:00,1,2019-01-18 03:00:00,0.10531,0.10531,0.10531,0.0,0.3494691333621567,179.0942942413138,-113.42256697933081,0.0,0.0,292.5168612206446,292.5168612206446,0.0,1.0
411,2019-01-18 03:00:00,1,2019-01-18 04:00:00,0.10531,0.10531,0.10531,0.0,0.5233837360637973,177.4471779072033,-115.06968331344132,0.0,0.0,292.5168612206446,292.5168612206446,0.0,1.0
412,2019-01-18 04:00:00,1,2019-01-18 05:00:00,0.10531,0.10531,0.10531,0.0,0.6998239171444073,193.7721443729486,-98.74471684769603,0.0,0.0,292.5168612206446,292.5168612206446,0.0,1.0
413,2019-01-18 05:00:00,1,2019-01-18 06:00:00,0.10531,0.10531,0.10531,0.0,0.8512324829775413,195.49456751034543,-97.02229371029918,0.0,0.0,292.5168612206446,292.5168612206446,0.0,1.0
414,2019-01-18 06:00:00,1,2019-01-18 07:00:00,0.10531,0.10531,0.10531,0.0,1.0,255.5991746010936,-0.0,0.0,0.0,255.5991746010936,255.5991746010936,0.0,0.0
415,2019-01-18 07:00:00,1,2019-01-18 08:00:00,0.10531,0.10531,0.10531,0.0,1.0,285.6853184138029,-0.0,0.0,0.0,285.6853184138029,285.6853184138029,0.0,0.0
416,2019-01-18 08:00:00,1,2019-01-18 09:00:00,0.10531,0.10531,0.10531,0.0,1.0,304.1525350314095,-0.0,11.6356738107649,0.0,292.5168612206446,292.5168612206446,0.0,0.0
417,2019-01-18 09:00:00,1,2019-01-18 10:00:00,0.10531,0.10531,0.10531,0.0,0.9789208807775998,324.1118626664921,-0.0,31.59500144584746,0.0,292.5168612206446,292.5168612206446,0.0,0.0
418,2019-01-18 10:00:00,1,2019-01-18 11:00:00,0.10531,0.10531,0.10531,0.0,0.9216835593177312,330.4381926733517,-0.0,37.92133145270708,0.0,292.5168612206446,292.5168612206446,0.0,0.0
419,2019-01-18 11:00:00,1,2019-01-18 12:00:00,0.10531,0.10531,0.10531,0.0,0.8529854950918125,334.26417370914413,-0.0,41.74731248849952,0.0,292.5168612206446,292.5168612206446,0.0,0.0
420,2019-01-18 12:00:00,1,2019-01-18 13:00:00,0.10531,0.10531,0.10531,0.0,0.7773563058010525,324.5053634275182,-0.0,31.98850220687359,0.0,292.5168612206446,292.5168612206446,0.0,0.0
421,2019-01-18 13:00:00,1,2019-01-18 14:00:00,0.10531,0.10531,0.10531,0.0,0.7194061206436728,333.803473450951,-0.0,41.28661223030639,0.0,292.5168612206446,292.5168612206446,0.0,0.0
422,2019-01-18 14:00:00,1,2019-01-18 15:00:00,0.10531,0.10531,0.10531,0.0,0.6446115332699294,333.2345439520971,-0.0,40.7176827314525,0.0,292.5168612206446,292.5168612206446,0.0,0.0
423,2019-01-18 15:00:00,1,2019-01-18 16:00:00,0.10531,0.10531,0.10531,0.0,0.5708476152781675,333.2179845951747,-0.0,40.701123374530084,0.0,292.5168612206446,292.5168612206446,0.0,0.0
424,2019-01-18 16:00:00,1,2019-01-18 17:00:00,0.13592,0.13592,0.13592,0.0,0.49711369612141015,334.7591264664614,-0.0,42.24226524581678,0.0,292.5168612206446,292.5168612206446,0.0,0.0
425,2019-01-18 17:00:00,1,2019-01-18 18:00:00,0.13592,0.13592,0.13592,0.0,0.4205878532847856,338.3222705423464,-0.0,45.8054093217018,0.0,292.5168612206446,292.5168612206446,0.0,0.0
426,2019-01-18 18:00:00,1,2019-01-18 19:00:00,0.13592,0.13592,0.13592,0.0,0.3376070392961954,270.6300848606871,-0.0,158.75908569149985,0.0,111.87099916918723,111.87099916918723,0.0,0.0
427,2019-01-18 19:00:00,1,2019-01-18 20:00:00,0.13592,0.13592,0.13592,0.0,0.05,269.03023017299313,-0.0,0.0,0.0,269.03023017299313,269.03023017299313,0.0,0.0
428,2019-01-18 20:00:00,1,2019-01-18 21:00:00,0.13592,0.13592,0.13592,0.0,0.05,232.6965969166524,-0.0,0.0,0.0,232.6965969166524,232.6965969166524,0.0,0.0
429,2019-01-18 21:00:00,1,2019-01-18 22:00:00,0.10531,0.10531,0.10531,0.0,0.05,222.2509528972133,-0.0,0.0,0.0,222.2509528972133,222.2509528972133,0.0,0.0
430,2019-01-18 22:00:00,1,2019-01-18 23:00:00,0.10531,0.10531,0.10531,0.0,0.05,205.34897598686615,-0.0,0.0,0.0,205.34897598686615,205.34897598686615,0.0,0.0
431,2019-01-18 23:00:00,1,2019-01-19 00:00:00,0.10531,0.10531,0.10531,0.0,0.05,205.64258281084454,-0.0,0.0,0.0,205.64258281084454,205.64258281084454,0.0,0.0
432,2019-01-19 00:00:00,1,2019-01-19 01:00:00,0.10531,0.10531,0.10531,0.0,0.05,201.72083742357768,-90.79602379706694,0.0,0.0,292.5168612206446,292.5168612206446,0.0,1.0
433,2019-01-19 01:00:00,1,2019-01-19 02:00:00,0.10531,0.10531,0.10531,0.0,0.1892205698221693,202.12891780758264,-90.38794341306198,0.0,0.0,292.5168612206446,292.5168612206446,0.0,1.0
434,2019-01-19 02:00:00,1,2019-01-19 03:00:00,0.10531,0.10531,0.10531,0.0,0.32781541638886436,202.54013106566183,-89.97673015498279,0.0,0.0,292.5168612206446,292.5168612206446,0.0,1.0
435,2019-01-19 03:00:00,1,2019-01-19 04:00:00,0.10531,0.10531,0.10531,0.0,0.465779735959838,202.27356032088227,-90.24330089976235,0.0,0.0,292.5168612206446,292.5168612206446,0.0,1.0
436,2019-01-19 04:00:00,1,2019-01-19 05:00:00,0.10531,0.10531,0.10531,0.0,0.6041527973394737,222.60031898156407,-69.91654223908054,0.0,0.0,292.5168612206446,292.5168612206446,0.0,1.0
437,2019-01-19 05:00:00,1,2019-01-19 06:00:00,0.10531,0.10531,0.10531,0.0,0.7113581621060638,222.43107764874955,-70.08578357189506,0.0,0.0,292.5168612206446,292.5168612206446,0.0,1.0
438,2019-01-19 06:00:00,1,2019-01-19 07:00:00,0.10531,0.10531,0.10531,0.0,0.8188230302496362,280.04601003199656,-12.470851188648055,0.0,0.0,292.5168612206446,292.5168612206446,0.0,1.0
439,2019-01-19 07:00:00,1,2019-01-19 08:00:00,0.10531,0.10531,0.10531,0.0,0.8379450020722299,309.68896955599155,-0.0,17.172108335346934,0.0,292.5168612206446,292.5168612206446,0.0,0.0
440,2019-01-19 08:00:00,1,2019-01-19 09:00:00,0.10531,0.10531,0.10531,0.0,0.8068361101603695,317.22443628037706,-0.0,24.70757505973245,0.0,292.5168612206446,292.5168612206446,0.0,0.0
441,2019-01-19 09:00:00,1,2019-01-19 10:00:00,0.10531,0.10531,0.10531,0.0,0.7620760104144773,326.8478916161768,-0.0,34.331030395532196,0.0,292.5168612206446,292.5168612206446,0.0,0.0
442,2019-01-19 10:00:00,1,2019-01-19 11:00:00,0.10531,0.10531,0.10531,0.0,0.6998821147703973,329.63663648512477,-0.0,37.119775264480154,0.0,292.5168612206446,292.5168612206446,0.0,0.0
443,2019-01-19 11:00:00,1,2019-01-19 12:00:00,0.10531,0.10531,0.10531,0.0,0.632636145088368,332.87666528684656,-0.0,40.359804066201946,0.0,292.5168612206446,292.5168612206446,0.0,0.0
444,2019-01-19 12:00:00,1,2019-01-19 13:00:00,0.10531,0.10531,0.10531,0.0,0.5595205580119152,324.6433811345652,-0.0,32.12651991392056,0.0,292.5168612206446,292.5168612206446,0.0,0.0
445,2019-01-19 13:00:00,1,2019-01-19 14:00:00,0.10531,0.10531,0.10531,0.0,0.501320340776552,335.4974632536254,-0.0,42.98060203298081,0.0,292.5168612206446,292.5168612206446,0.0,0.0
446,2019-01-19 14:00:00,1,2019-01-19 15:00:00,0.10531,0.10531,0.10531,0.0,0.42345693129651424,335.0419722459964,-0.0,42.525111025351805,0.0,292.5168612206446,292.5168612206446,0.0,0.0
447,2019-01-19 15:00:00,1,2019-01-19 16:00:00,0.10531,0.10531,0.10531,0.0,0.3464186866853697,334.41172937992064,-0.0,41.89486815927603,0.0,292.5168612206446,292.5168612206446,0.0,0.0
448,2019-01-19 16:00:00,1,2019-01-19 17:00:00,0.13592,0.13592,0.13592,0.0,0.2705221863968261,337.8378599177144,-0.0,45.3209986970698,0.0,292.5168612206446,292.5168612206446,0.0,0.0
449,2019-01-19 17:00:00,1,2019-01-19 18:00:00,0.13592,0.13592,0.13592,0.0,0.18841892788764175,340.1666240326608,-0.0,76.40724819397826,0.0,263.75937583868256,263.75937583868256,0.0,0.0
450,2019-01-19 18:00:00,1,2019-01-19 19:00:00,0.13592,0.13592,0.13592,0.0,0.05,270.57693659292613,-0.0,0.0,0.0,270.57693659292613,270.57693659292613,0.0,1.0
451,2019-01-19 19:00:00,1,2019-01-19 20:00:00,0.13592,0.13592,0.13592,0.0,0.05,267.2896806520831,-0.0,0.0,0.0,267.2896806520831,267.2896806520831,0.0,0.0
452,2019-01-19 20:00:00,1,2019-01-19 21:00:00,0.13592,0.13592,0.13592,0.0,0.05,234.08638994887605,-0.0,0.0,0.0,234.08638994887605,234.08638994887605,0.0,0.0
453,2019-01-19 21:00:00,1,2019-01-19 22:00:00,0.10531,0.10531,0.10531,0.0,0.05,225.20625112004421,-0.0,0.0,0.0,225.20625112004421,225.20625112004421,0.0,0.0
454,2019-01-19 22:00:00,1,2019-01-19 23:00:00,0.10531,0.10531,0.10531,0.0,0.05,204.8640315607547,-0.0,0.0,0.0,204.8640315607547,204.8640315607547,0.0,0.0
455,2019-01-19 23:00:00,1,2019-01-20 00:00:00,0.10531,0.10531,0.10531,0.0,0.05,198.22164435569908,-0.0,0.0,0.0,198.22164435569908,198.22164435569908,0.0,0.0
456,2019-01-20 00:00:00,1,2019-01-20 01:00:00,0.10531,0.10531,0.10531,0.0,0.05,198.2335279639214,-94.28333325672321,0.0,0.0,292.5168612206446,292.5168612206446,0.0,1.0
457,2019-01-20 01:00:00,1,2019-01-20 02:00:00,0.10531,0.10531,0.10531,0.0,0.19456777766030894,200.8450795972893,-91.67178162335532,0.0,0.0,292.5168612206446,292.5168612206446,0.0,1.0
458,2019-01-20 02:00:00,1,2019-01-20 03:00:00,0.10531,0.10531,0.10531,0.0,0.33513117614945376,200.71685139917255,-91.80000982147206,0.0,0.0,292.5168612206446,292.5168612206446,0.0,1.0
459,2019-01-20 03:00:00,1,2019-01-20 04:00:00,0.10531,0.10531,0.10531,0.0,0.4758911912090443,202.8745598224773,-89.64230139816732,0.0,0.0,292.5168612206446,292.5168612206446,0.0,1.0
460,2019-01-20 04:00:00,1,2019-01-20 05:00:00,0.10531,0.10531,0.10531,0.0,0.6133427200195675,225.92031333436236,-66.59654788628225,0.0,0.0,292.5168612206446,292.5168612206446,0.0,1.0
461,2019-01-20 05:00:00,1,2019-01-20 06:00:00,0.10531,0.10531,0.10531,0.0,0.7154574267785336,224.72515835583647,-67.79170286480814,0.0,0.0,292.5168612206446,292.5168612206446,0.0,1.0
462,2019-01-20 06:00:00,1,2019-01-20 07:00:00,0.10531,0.10531,0.10531,0.0,0.8194047045045728,281.31033507621794,-11.206526144426675,0.0,0.0,292.5168612206446,292.5168612206446,0.0,1.0
463,2019-01-20 07:00:00,1,2019-01-20 08:00:00,0.10531,0.10531,0.10531,0.0,0.8365880445926938,308.6689946302633,-0.0,16.15213340961867,0.0,292.5168612206446,292.5168612206446,0.0,0.0
464,2019-01-20 08:00:00,1,2019-01-20 09:00:00,0.10531,0.10531,0.10531,0.0,0.8073269333433845,316.87695123963306,-0.0,24.360090018988444,0.0,292.5168612206446,292.5168612206446,0.0,0.0
465,2019-01-20 09:00:00,1,2019-01-20 10:00:00,0.10531,0.10531,0.10531,0.0,0.7631963354828982,325.8353047806807,-0.0,33.31844356003609,0.0,292.5168612206446,292.5168612206446,0.0,0.0
466,2019-01-20 10:00:00,1,2019-01-20 11:00:00,0.10531,0.10531,0.10531,0.0,0.7028368362799343,329.8146446498782,-0.0,37.29778342923356,0.0,292.5168612206446,292.5168612206446,0.0,0.0
467,2019-01-20 11:00:00,1,2019-01-20 12:00:00,0.10531,0.10531,0.10531,0.0,0.6352683880385692,329.5696710272758,-0.0,37.05280980663116,0.0,292.5168612206446,292.5168612206446,0.0,0.0
468,2019-01-20 12:00:00,1,2019-01-20 13:00:00,0.10531,0.10531,0.10531,0.0,0.5681437325917735,320.0840619466438,-0.0,27.567200725999214,0.0,292.5168612206446,292.5168612206446,0.0,0.0
469,2019-01-20 13:00:00,1,2019-01-20 14:00:00,0.10531,0.10531,0.10531,0.0,0.5182031515664126,330.4597770676569,-0.0,37.94291584701227,0.0,292.5168612206446,292.5168612206446,0.0,0.0
470,2019-01-20 14:00:00,1,2019-01-20 15:00:00,0.10531,0.10531,0.10531,0.0,0.4494659851768976,330.3929196975608,-0.0,37.87605847691617,0.0,292.5168612206446,292.5168612206446,0.0,0.0
471,2019-01-20 15:00:00,1,2019-01-20 16:00:00,0.10531,0.10531,0.10531,0.0,0.3808499372114698,330.5195474835896,-0.0,38.00268626294496,0.0,292.5168612206446,292.5168612206446,0.0,0.0
472,2019-01-20 16:00:00,1,2019-01-20 17:00:00,0.13592,0.13592,0.13592,0.0,0.31200449108294637,331.66981240507283,-0.0,102.08165599278212,0.0,229.58815641229072,229.58815641229072,0.0,0.0
473,2019-01-20 17:00:00,1,2019-01-20 18:00:00,0.13592,0.13592,0.13592,0.0,0.1270739548641382,335.0616843056489,-0.0,42.54482308500428,0.0,292.5168612206446,292.5168612206446,0.0,0.0
474,2019-01-20 18:00:00,1,2019-01-20 19:00:00,0.13592,0.13592,0.13592,0.0,0.05,266.1863869901518,-0.0,0.0,0.0,266.1863869901518,266.1863869901518,0.0,0.0
475,2019-01-20 19:00:00,1,2019-01-20 20:00:00,0.13592,0.13592,0.13592,0.0,0.05,264.0057129446812,-0.0,0.0,0.0,264.0057129446812,264.0057129446812,0.0,1.0
476,2019-01-20 20:00:00,1,2019-01-20 21:00:00,0.13592,0.13592,0.13592,0.0,0.05,231.20425824980973,-0.0,0.0,0.0,231.20425824980973,231.20425824980973,0.0,0.0
477,2019-01-20 21:00:00,1,2019-01-20 22:00:00,0.10531,0.10531,0.10531,0.0,0.05,219.98594083309985,-0.0,0.0,0.0,219.98594083309985,219.98594083309985,0.0,0.0
478,2019-01-20 22:00:00,1,2019-01-20 23:00:00,0.10531,0.10531,0.10531,0.0,0.05,203.4636572776911,-0.0,0.0,0.0,203.4636572776911,203.4636572776911,0.0,0.0
479,2019-01-20 23:00:00,1,2019-01-21 00:00:00,0.10531,0.10531,0.10531,0.0,0.05,204.54235976080224,-0.0,0.0,0.0,204.54235976080224,204.54235976080224,0.0,0.0
480,2019-01-21 00:00:00,1,2019-01-21 01:00:00,0.10531,0.10531,0.10531,0.0,0.05,199.62862221807086,-92.88674234174185,0.0,0.0,292.5153645598127,292.5153645598127,0.0,1.0
481,2019-01-21 01:00:00,1,2019-01-21 02:00:00,0.10531,0.10531,0.10531,0.0,0.1924263382573375,198.36089267833393,-94.15447188147878,0.0,0.0,292.5153645598127,292.5153645598127,0.0,1.0
482,2019-01-21 02:00:00,1,2019-01-21 03:00:00,0.10531,0.10531,0.10531,0.0,0.33679652847560493,199.13449618929297,-93.38086837051974,0.0,0.0,292.5153645598127,292.5153645598127,0.0,1.0
483,2019-01-21 03:00:00,1,2019-01-21 04:00:00,0.10531,0.10531,0.10531,0.0,0.4799805266437352,192.76411971131637,-0.0,0.0,0.0,192.76411971131637,192.76411971131637,0.0,0.0
484,2019-01-21 04:00:00,1,2019-01-21 05:00:00,0.10531,0.10531,0.10531,0.0,0.4799805266437352,189.01534936255925,-0.0,0.0,0.0,189.01534936255925,189.01534936255925,0.0,0.0
485,2019-01-21 05:00:00,1,2019-01-21 06:00:00,0.10531,0.10531,0.10531,0.0,0.4799805266437352,191.84146101322006,-0.0,0.0,0.0,191.84146101322006,191.84146101322006,0.0,0.0
486,2019-01-21 06:00:00,1,2019-01-21 07:00:00,0.10531,0.10531,0.10531,0.0,0.4799805266437352,207.31607791679522,-85.19928664301749,0.0,0.0,292.5153645598127,292.5153645598127,0.0,1.0
487,2019-01-21 07:00:00,1,2019-01-21 08:00:00,0.10531,0.10531,0.10531,0.0,0.6106194328296953,230.74880626029613,-61.766558299516575,0.0,0.0,292.5153645598127,292.5153645598127,0.0,1.0
488,2019-01-21 08:00:00,1,2019-01-21 09:00:00,0.10531,0.10531,0.10531,0.0,0.7053281555556208,236.50071208835126,-56.01465247146144,0.0,0.0,292.5153645598127,292.5153645598127,0.0,1.0
489,2019-01-21 09:00:00,1,2019-01-21 10:00:00,0.10531,0.10531,0.10531,0.0,0.7912172893451951,270.3651731548308,-22.15019140498189,0.0,0.0,292.5153645598127,292.5153645598127,0.0,1.0
490,2019-01-21 10:00:00,1,2019-01-21 11:00:00,0.10531,0.10531,0.10531,0.0,0.8251809161661673,274.167272854907,-18.348091704905677,0.0,0.0,292.5153645598127,292.5153645598127,0.0,1.0
491,2019-01-21 11:00:00,1,2019-01-21 12:00:00,0.10531,0.10531,0.10531,0.0,0.8533146567803559,278.0646898159789,-14.450674743833796,0.0,0.0,292.5153645598127,292.5153645598127,0.0,1.0
492,2019-01-21 12:00:00,1,2019-01-21 13:00:00,0.10531,0.10531,0.10531,0.0,0.8754723580542344,271.75688561812643,-20.7584789416863,0.0,0.0,292.5153645598127,292.5153645598127,0.0,1.0
493,2019-01-21 13:00:00,1,2019-01-21 14:00:00,0.10531,0.10531,0.10531,0.0,0.90730202576482,271.01463796058755,-21.50072659922518,0.0,0.0,292.5153645598127,292.5153645598127,0.0,1.0
494,2019-01-21 14:00:00,1,2019-01-21 15:00:00,0.10531,0.10531,0.10531,0.0,0.9402698065502987,271.83134037939624,-0.0,0.0,0.0,271.83134037939624,271.83134037939624,0.0,0.0
495,2019-01-21 15:00:00,1,2019-01-21 16:00:00,0.10531,0.10531,0.10531,0.0,0.9402698065502987,253.5608905708771,-38.95447398893563,0.0,0.0,292.5153645598127,292.5153645598127,0.0,1.0
496,2019-01-21 16:00:00,1,2019-01-21 17:00:00,0.13592,0.13592,0.13592,0.0,1.0,256.25992715953015,-0.0,256.25992715953015,0.0,0.0,0.0,0.0,0.0
497,2019-01-21 17:00:00,1,2019-01-21 18:00:00,0.13592,0.13592,0.13592,0.0,0.5357610015225903,250.5314561666429,-0.0,250.5314561666429,0.0,0.0,0.0,0.0,0.0
498,2019-01-21 18:00:00,1,2019-01-21 19:00:00,0.13592,0.13592,0.13592,0.0,0.08189966788736779,240.29129300791612,-0.0,17.608616673827015,0.0,222.6826763340891,222.6826763340891,0.0,0.0
499,2019-01-21 19:00:00,1,2019-01-21 20:00:00,0.13592,0.13592,0.13592,0.0,0.05,236.82841516304387,-0.0,0.0,0.0,236.82841516304387,236.82841516304387,0.0,0.0
500,2019-01-21 20:00:00,1,2019-01-21 21:00:00,0.13592,0.13592,0.13592,0.0,0.05,208.21610564700708,-0.0,0.0,0.0,208.21610564700708,208.21610564700708,0.0,0.0
501,2019-01-21 21:00:00,1,2019-01-21 22:00:00,0.10531,0.10531,0.10531,0.0,0.05,206.20575712021613,-0.0,0.0,0.0,206.20575712021613,206.20575712021613,0.0,0.0
502,2019-01-21 22:00:00,1,2019-01-21 23:00:00,0.10531,0.10531,0.10531,0.0,0.05,204.56232068042797,-0.0,0.0,0.0,204.56232068042797,204.56232068042797,0.0,0.0
503,2019-01-21 23:00:00,1,2019-01-22 00:00:00,0.10531,0.10531,0.10531,0.0,0.05,203.77090452522447,-0.0,0.0,0.0,203.77090452522447,203.77090452522447,0.0,0.0
504,2019-01-22 00:00:00,1,2019-01-22 01:00:00,0.10531,0.10531,0.10531,0.0,0.05,194.09122781934767,-0.0,0.0,0.0,194.09122781934767,194.09122781934767,0.0,0.0
505,2019-01-22 01:00:00,1,2019-01-22 02:00:00,0.10531,0.10531,0.10531,0.0,0.05,193.71186243942964,-94.58565077651613,0.0,0.0,288.29751321594574,288.29751321594574,0.0,1.0
506,2019-01-22 02:00:00,1,2019-01-22 03:00:00,0.10531,0.10531,0.10531,0.0,0.19503133119065807,191.8541205325004,-96.44339268344538,0.0,0.0,288.29751321594574,288.29751321594574,0.0,1.0
507,2019-01-22 03:00:00,1,2019-01-22 04:00:00,0.10531,0.10531,0.10531,0.0,0.342911199971941,186.35734157155048,-0.0,0.0,0.0,186.35734157155048,186.35734157155048,0.0,0.0
508,2019-01-22 04:00:00,1,2019-01-22 05:00:00,0.10531,0.10531,0.10531,0.0,0.342911199971941,182.43946779297997,-0.0,0.0,0.0,182.43946779297997,182.43946779297997,0.0,0.0
509,2019-01-22 05:00:00,1,2019-01-22 06:00:00,0.10531,0.10531,0.10531,0.0,0.342911199971941,181.36032634419468,-0.0,0.0,0.0,181.36032634419468,181.36032634419468,0.0,0.0
510,2019-01-22 06:00:00,1,2019-01-22 07:00:00,0.10531,0.10531,0.10531,0.0,0.342911199971941,199.8604179144126,-0.0,0.0,0.0,199.8604179144126,199.8604179144126,0.0,0.0
511,2019-01-22 07:00:00,1,2019-01-22 08:00:00,0.10531,0.10531,0.10531,0.0,0.342911199971941,197.0642954995822,-0.0,0.0,0.0,197.0642954995822,197.0642954995822,0.0,0.0
512,2019-01-22 08:00:00,1,2019-01-22 09:00:00,0.10531,0.10531,0.10531,0.0,0.342911199971941,226.557300712834,-61.74021250311177,0.0,0.0,288.2975132159458,288.2975132159458,0.0,1.0
513,2019-01-22 09:00:00,1,2019-01-22 10:00:00,0.10531,0.10531,0.10531,0.0,0.4375795258100458,230.63953988569972,-57.65797333024606,0.0,0.0,288.2975132159458,288.2975132159458,0.0,1.0
514,2019-01-22 10:00:00,1,2019-01-22 11:00:00,0.10531,0.10531,0.10531,0.0,0.5259884182497564,235.7766474976827,-52.52086571826309,0.0,0.0,288.2975132159458,288.2975132159458,0.0,1.0
515,2019-01-22 11:00:00,1,2019-01-22 12:00:00,0.10531,0.10531,0.10531,0.0,0.6065204123510931,236.92172161782034,-51.37579159812544,0.0,0.0,288.2975132159458,288.2975132159458,0.0,1.0
516,2019-01-22 12:00:00,1,2019-01-22 13:00:00,0.10531,0.10531,0.10531,0.0,0.6852966261348855,238.34945685061547,-37.29001235123394,0.0,0.0,275.6394692018494,275.6394692018494,0.0,1.0
517,2019-01-22 13:00:00,1,2019-01-22 14:00:00,0.10531,0.10531,0.10531,0.0,0.7424746450734442,236.86054535429008,-55.65631586635453,0.0,0.0,292.5168612206446,292.5168612206446,0.0,1.0
518,2019-01-22 14:00:00,1,2019-01-22 15:00:00,0.10531,0.10531,0.10531,0.0,0.8278143294018544,236.06195738188592,-56.454903838758696,0.0,0.0,292.5168612206446,292.5168612206446,0.0,1.0
519,2019-01-22 15:00:00,1,2019-01-22 16:00:00,0.10531,0.10531,0.10531,0.0,0.9143785152879512,236.6767624953954,-55.84009872524922,0.0,0.0,292.5168612206446,292.5168612206446,0.0,1.0
520,2019-01-22 16:00:00,1,2019-01-22 17:00:00,0.13592,0.13592,0.13592,0.0,1.0,231.4865472090097,-0.0,231.4865472090097,0.0,0.0,0.0,0.0,0.0
521,2019-01-22 17:00:00,1,2019-01-22 18:00:00,0.13592,0.13592,0.13592,0.0,0.5806403130271564,222.39810069696182,-0.0,222.39810069696182,0.0,0.0,0.0,0.0,0.0
522,2019-01-22 18:00:00,1,2019-01-22 19:00:00,0.13592,0.13592,0.13592,0.0,0.17774520306889224,214.67874240809778,-0.0,70.51535209402853,0.0,144.16339031406926,144.16339031406926,0.0,0.0
523,2019-01-22 19:00:00,1,2019-01-22 20:00:00,0.13592,0.13592,0.13592,0.0,0.05,210.15764042442444,-0.0,0.0,0.0,210.15764042442444,210.15764042442444,0.0,0.0
524,2019-01-22 20:00:00,1,2019-01-22 21:00:00,0.13592,0.13592,0.13592,0.0,0.05,200.34680018990855,-0.0,0.0,0.0,200.34680018990855,200.34680018990855,0.0,0.0
525,2019-01-22 21:00:00,1,2019-01-22 22:00:00,0.10531,0.10531,0.10531,0.0,0.05,200.5382496564059,-91.97861156423872,0.0,0.0,292.5168612206446,292.5168612206446,0.0,1.0
526,2019-01-22 22:00:00,1,2019-01-22 23:00:00,0.10531,0.10531,0.10531,0.0,0.19103387106516603,196.66312884882376,-0.0,0.0,0.0,196.66312884882376,196.66312884882376,0.0,0.0
527,2019-01-22 23:00:00,1,2019-01-23 00:00:00,0.10531,0.10531,0.10531,0.0,0.19103387106516603,197.3423537713705,-84.20748587944372,0.0,0.0,281.54983965081425,281.54983965081425,0.0,1.0
528,2019-01-23 00:00:00,1,2019-01-23 01:00:00,0.10531,0.10531,0.10531,0.0,0.3201520160803131,196.74771933715152,-95.76914188349309,0.0,0.0,292.5168612206446,292.5168612206446,0.0,1.0
529,2019-01-23 01:00:00,1,2019-01-23 02:00:00,0.10531,0.10531,0.10531,0.0,0.46699803363500253,197.51333628195815,-95.00352493868647,0.0,0.0,292.5168612206446,292.5168612206446,0.0,1.0
530,2019-01-23 02:00:00,1,2019-01-23 03:00:00,0.10531,0.10531,0.10531,0.0,0.6126701052076552,198.11428405918232,-87.38951667502388,0.0,0.0,285.5038007342062,285.5038007342062,0.0,1.0
531,2019-01-23 03:00:00,1,2019-01-23 04:00:00,0.10531,0.10531,0.10531,0.0,0.7466673641093584,198.35261153547748,-94.16424968516714,0.0,0.0,292.5168612206446,292.5168612206446,0.0,1.0
532,2019-01-23 04:00:00,1,2019-01-23 05:00:00,0.10531,0.10531,0.10531,0.0,0.8910525469599481,220.86443982130473,-0.0,0.0,0.0,220.86443982130473,220.86443982130473,0.0,0.0
533,2019-01-23 05:00:00,1,2019-01-23 06:00:00,0.10531,0.10531,0.10531,0.0,0.8910525469599481,221.46417445539336,-71.05268676525125,0.0,0.0,292.5168612206446,292.5168612206446,0.0,1.0
534,2019-01-23 06:00:00,1,2019-01-23 07:00:00,0.10531,0.10531,0.10531,0.0,1.0,279.67231863272514,-0.0,0.0,0.0,279.67231863272514,279.67231863272514,0.0,0.0
535,2019-01-23 07:00:00,1,2019-01-23 08:00:00,0.10531,0.10531,0.10531,0.0,1.0,310.5312353542194,-0.0,18.01437413357479,0.0,292.5168612206446,292.5168612206446,0.0,0.0
536,2019-01-23 08:00:00,1,2019-01-23 09:00:00,0.10531,0.10531,0.10531,0.0,0.9673652642507703,319.04004252552755,-0.0,26.52318130488294,0.0,292.5168612206446,292.5168612206446,0.0,0.0
537,2019-01-23 09:00:00,1,2019-01-23 10:00:00,0.10531,0.10531,0.10531,0.0,0.9193160227564171,323.5363746500293,-0.0,31.019513429384688,0.0,292.5168612206446,292.5168612206446,0.0,0.0
538,2019-01-23 10:00:00,1,2019-01-23 11:00:00,0.10531,0.10531,0.10531,0.0,0.8631212520510102,328.72191116793374,-0.0,36.205049947289126,0.0,292.5168612206446,292.5168612206446,0.0,0.0
539,2019-01-23 11:00:00,1,2019-01-23 12:00:00,0.10531,0.10531,0.10531,0.0,0.7975323934508487,329.8786552818459,-0.0,37.361794061201294,0.0,292.5168612206446,292.5168612206446,0.0,0.0
540,2019-01-23 12:00:00,1,2019-01-23 13:00:00,0.10531,0.10531,0.10531,0.0,0.7298479839196869,316.92990940496077,-0.0,24.413048184316153,0.0,292.5168612206446,292.5168612206446,0.0,0.0
541,2019-01-23 13:00:00,1,2019-01-23 14:00:00,0.10531,0.10531,0.10531,0.0,0.6856214473538967,325.9154089430772,-0.0,33.39854772243257,0.0,292.5168612206446,292.5168612206446,0.0,0.0
542,2019-01-23 14:00:00,1,2019-01-23 15:00:00,0.10531,0.10531,0.10531,0.0,0.6251168319147073,327.3004733912399,-0.0,34.78361217059529,0.0,292.5168612206446,292.5168612206446,0.0,0.0
543,2019-01-23 15:00:00,1,2019-01-23 16:00:00,0.10531,0.10531,0.10531,0.0,0.5621030417505855,329.6454033514993,-0.0,37.12854213085467,0.0,292.5168612206446,292.5168612206446,0.0,0.0
544,2019-01-23 16:00:00,1,2019-01-23 17:00:00,0.13592,0.13592,0.13592,0.0,0.4948411900642545,334.106227133524,-0.0,41.58936591287937,0.0,292.5168612206446,292.5168612206446,0.0,0.0
545,2019-01-23 17:00:00,1,2019-01-23 18:00:00,0.13592,0.13592,0.13592,0.0,0.4194981358742556,336.6803513849542,-0.0,44.163490164309565,0.0,292.5168612206446,292.5168612206446,0.0,0.0
546,2019-01-23 18:00:00,1,2019-01-23 19:00:00,0.13592,0.13592,0.13592,0.0,0.3394918131128252,269.06171999972764,-0.0,159.79948083827955,0.0,109.2622391614481,109.2622391614481,0.0,0.0
547,2019-01-23 19:00:00,1,2019-01-23 20:00:00,0.13592,0.13592,0.13592,0.0,0.05,266.70575282254674,-0.0,0.0,0.0,266.70575282254674,266.70575282254674,0.0,0.0
548,2019-01-23 20:00:00,1,2019-01-23 21:00:00,0.13592,0.13592,0.13592,0.0,0.05,232.63773065746167,-0.0,0.0,0.0,232.63773065746167,232.63773065746167,0.0,0.0
549,2019-01-23 21:00:00,1,2019-01-23 22:00:00,0.10531,0.10531,0.10531,0.0,0.05,222.551242032733,-69.96561918791161,0.0,0.0,292.5168612206446,292.5168612206446,0.0,1.0
550,2019-01-23 22:00:00,1,2019-01-23 23:00:00,0.10531,0.10531,0.10531,0.0,0.15728061608813115,204.4855007074191,-0.0,0.0,0.0,204.4855007074191,204.4855007074191,0.0,0.0
551,2019-01-23 23:00:00,1,2019-01-24 00:00:00,0.10531,0.10531,0.10531,0.0,0.15728061608813115,203.4384874749824,-0.0,0.0,0.0,203.4384874749824,203.4384874749824,0.0,0.0
552,2019-01-24 00:00:00,1,2019-01-24 01:00:00,0.10531,0.10531,0.10531,0.0,0.15728061608813115,199.40694964583852,-93.10991157480609,0.0,0.0,292.5168612206446,292.5168612206446,0.0,1.0
553,2019-01-24 01:00:00,1,2019-01-24 02:00:00,0.10531,0.10531,0.10531,0.0,0.30004914716950054,198.4517437160312,-94.06511750461343,0.0,0.0,292.5168612206446,292.5168612206446,0.0,1.0
554,2019-01-24 02:00:00,1,2019-01-24 03:00:00,0.10531,0.10531,0.10531,0.0,0.4442823273432411,197.9918191773635,-94.5250420432811,0.0,0.0,292.5168612206446,292.5168612206446,0.0,1.0
555,2019-01-24 03:00:00,1,2019-01-24 04:00:00,0.10531,0.10531,0.10531,0.0,0.5892207251429389,198.33079509786575,-94.18606612277887,0.0,0.0,292.5168612206446,292.5168612206446,0.0,1.0
556,2019-01-24 04:00:00,1,2019-01-24 05:00:00,0.10531,0.10531,0.10531,0.0,0.7336393598645332,220.92913017573167,-71.58773104491294,0.0,0.0,292.5168612206446,292.5168612206446,0.0,1.0
557,2019-01-24 05:00:00,1,2019-01-24 06:00:00,0.10531,0.10531,0.10531,0.0,0.8434072141333997,221.12874120713352,-71.3881200135111,0.0,0.0,292.5168612206446,292.5168612206446,0.0,1.0
558,2019-01-24 06:00:00,1,2019-01-24 07:00:00,0.10531,0.10531,0.10531,0.0,0.9528689981541166,278.3932703308718,-14.1235908897728,0.0,0.0,292.5168612206446,292.5168612206446,0.0,1.0
559,2019-01-24 07:00:00,1,2019-01-24 08:00:00,0.10531,0.10531,0.10531,0.0,0.9745251708517683,305.9303448454012,-0.0,13.413483624756566,0.0,292.5168612206446,292.5168612206446,0.0,0.0
560,2019-01-24 08:00:00,1,2019-01-24 09:00:00,0.10531,0.10531,0.10531,0.0,0.9502253816764846,314.6978704190004,-0.0,22.18100919835581,0.0,292.5168612206446,292.5168612206446,0.0,0.0
561,2019-01-24 09:00:00,1,2019-01-24 10:00:00,0.10531,0.10531,0.10531,0.0,0.9100423939983038,324.5759935910503,-0.0,32.05913237040568,0.0,292.5168612206446,292.5168612206446,0.0,0.0
562,2019-01-24 10:00:00,1,2019-01-24 11:00:00,0.10531,0.10531,0.10531,0.0,0.8519642556461196,328.1131828797494,-0.0,35.596321659104774,0.0,292.5168612206446,292.5168612206446,0.0,0.0
563,2019-01-24 11:00:00,1,2019-01-24 12:00:00,0.10531,0.10531,0.10531,0.0,0.7874781656839732,329.51552359504075,-0.0,36.99866237439613,0.0,292.5168612206446,292.5168612206446,0.0,0.0
564,2019-01-24 12:00:00,1,2019-01-24 13:00:00,0.10531,0.10531,0.10531,0.0,0.7204516034115165,321.39705887429477,-0.0,28.880197653650157,0.0,292.5168612206446,292.5168612206446,0.0,0.0
565,2019-01-24 13:00:00,1,2019-01-24 14:00:00,0.10531,0.10531,0.10531,0.0,0.6681324047635996,331.352875461247,-0.0,38.83601424060237,0.0,292.5168612206446,292.5168612206446,0.0,0.0
566,2019-01-24 14:00:00,1,2019-01-24 15:00:00,0.10531,0.10531,0.10531,0.0,0.5977773065016387,332.2198535955116,-0.0,39.702992374866994,0.0,292.5168612206446,292.5168612206446,0.0,0.0
567,2019-01-24 15:00:00,1,2019-01-24 16:00:00,0.10531,0.10531,0.10531,0.0,0.5258515956776044,330.99746467149487,-0.0,38.48060345085025,0.0,292.5168612206446,292.5168612206446,0.0,0.0
568,2019-01-24 16:00:00,1,2019-01-24 17:00:00,0.13592,0.13592,0.13592,0.0,0.45614035754200605,331.3461218568317,-0.0,38.82926063618709,0.0,292.5168612206446,292.5168612206446,0.0,0.0
569,2019-01-24 17:00:00,1,2019-01-24 18:00:00,0.13592,0.13592,0.13592,0.0,0.38579749407065267,333.28640980323604,-0.0,40.769548582591426,0.0,292.5168612206446,292.5168612206446,0.0,0.0
570,2019-01-24 18:00:00,1,2019-01-24 19:00:00,0.13592,0.13592,0.13592,0.0,0.31193961620363925,264.8373998671241,-0.0,144.59066814440888,0.0,120.2467317227152,120.2467317227152,0.0,0.0
571,2019-01-24 19:00:00,1,2019-01-24 20:00:00,0.13592,0.13592,0.13592,0.0,0.05,262.6146882092558,-0.0,0.0,0.0,262.6146882092558,262.6146882092558,0.0,0.0
572,2019-01-24 20:00:00,1,2019-01-24 21:00:00,0.13592,0.13592,0.13592,0.0,0.05,229.30526687776214,-0.0,0.0,0.0,229.30526687776214,229.30526687776214,0.0,0.0
573,2019-01-24 21:00:00,1,2019-01-24 22:00:00,0.10531,0.10531,0.10531,0.0,0.05,219.27287748162962,-73.243983739015,0.0,0.0,292.5168612206446,292.5168612206446,0.0,1.0
574,2019-01-24 22:00:00,1,2019-01-24 23:00:00,0.10531,0.10531,0.10531,0.0,0.16230744173315634,202.510930926982,-0.0,0.0,0.0,202.510930926982,202.510930926982,0.0,0.0
575,2019-01-24 23:00:00,1,2019-01-25 00:00:00,0.10531,0.10531,0.10531,0.0,0.16230744173315634,200.0624280643613,-0.0,0.0,0.0,200.0624280643613,200.0624280643613,0.0,0.0
576,2019-01-25 00:00:00,1,2019-01-25 01:00:00,0.10531,0.10531,0.10531,0.0,0.16230744173315634,190.06409127187075,-102.45276994877386,0.0,0.0,292.5168612206446,292.5168612206446,0.0,1.0
577,2019-01-25 01:00:00,1,2019-01-25 02:00:00,0.10531,0.10531,0.10531,0.0,0.3194016889879429,187.94312360407187,-104.57373761657274,0.0,0.0,292.5168612206446,292.5168612206446,0.0,1.0
578,2019-01-25 02:00:00,1,2019-01-25 03:00:00,0.10531,0.10531,0.10531,0.0,0.47974808666668783,189.47834648952173,-103.03851473112289,0.0,0.0,292.5168612206446,292.5168612206446,0.0,1.0
579,2019-01-25 03:00:00,1,2019-01-25 04:00:00,0.10531,0.10531,0.10531,0.0,0.6377404759210762,191.99949782208077,-100.51736339856384,0.0,0.0,292.5168612206446,292.5168612206446,0.0,1.0
580,2019-01-25 04:00:00,1,2019-01-25 05:00:00,0.10531,0.10531,0.10531,0.0,0.7918670997988742,215.78545029927386,-61.60865574274856,0.0,0.0,277.39410604202243,277.39410604202243,0.0,1.0
581,2019-01-25 05:00:00,1,2019-01-25 06:00:00,0.10531,0.10531,0.10531,0.0,0.8863337052710885,218.3866690061372,-74.13019221450742,0.0,0.0,292.5168612206446,292.5168612206446,0.0,1.0
582,2019-01-25 06:00:00,1,2019-01-25 07:00:00,0.10531,0.10531,0.10531,0.0,1.0,275.59582627544404,-0.0,0.0,0.0,275.59582627544404,275.59582627544404,0.0,0.0
583,2019-01-25 07:00:00,1,2019-01-25 08:00:00,0.10531,0.10531,0.10531,0.0,1.0,304.61386749311447,-0.0,12.097006272469855,0.0,292.5168612206446,292.5168612206446,0.0,0.0
584,2019-01-25 08:00:00,1,2019-01-25 09:00:00,0.10531,0.10531,0.10531,0.0,0.9780851335643662,316.9318484995482,-0.0,24.414987278903595,0.0,292.5168612206446,292.5168612206446,0.0,0.0
585,2019-01-25 09:00:00,1,2019-01-25 10:00:00,0.10531,0.10531,0.10531,0.0,0.9338550841460627,326.963304323848,-0.0,34.446443103203364,0.0,292.5168612206446,292.5168612206446,0.0,0.0
586,2019-01-25 10:00:00,1,2019-01-25 11:00:00,0.10531,0.10531,0.10531,0.0,0.8714521075098247,329.9190976862132,-0.0,37.40223646556859,0.0,292.5168612206446,292.5168612206446,0.0,0.0
587,2019-01-25 11:00:00,1,2019-01-25 12:00:00,0.10531,0.10531,0.10531,0.0,0.8036944327533599,331.06894234435555,-0.0,38.552081123710934,0.0,292.5168612206446,292.5168612206446,0.0,0.0
588,2019-01-25 12:00:00,1,2019-01-25 13:00:00,0.10531,0.10531,0.10531,0.0,0.7338537060799705,319.22182407942864,-0.0,26.70496285878403,0.0,292.5168612206446,292.5168612206446,0.0,0.0
589,2019-01-25 13:00:00,1,2019-01-25 14:00:00,0.10531,0.10531,0.10531,0.0,0.6854751501763763,328.08707023899933,-0.0,35.57020901835472,0.0,292.5168612206446,292.5168612206446,0.0,0.0
590,2019-01-25 14:00:00,1,2019-01-25 15:00:00,0.10531,0.10531,0.10531,0.0,0.6210363657228352,326.52598941476975,-0.0,34.00912819412514,0.0,292.5168612206446,292.5168612206446,0.0,0.0
591,2019-01-25 15:00:00,1,2019-01-25 16:00:00,0.10531,0.10531,0.10531,0.0,0.5594256262407244,324.97579125419094,-0.0,32.458930033546324,0.0,292.5168612206446,292.5168612206446,0.0,0.0
592,2019-01-25 16:00:00,1,2019-01-25 17:00:00,0.13592,0.13592,0.13592,0.0,0.5006232167596623,326.87812131897977,-0.0,34.36126009833515,0.0,292.5168612206446,292.5168612206446,0.0,0.0
593,2019-01-25 17:00:00,1,2019-01-25 18:00:00,0.13592,0.13592,0.13592,0.0,0.438374557161229,330.3919000325585,-0.0,214.38275555299845,0.0,116.00914447956006,116.00914447956006,0.0,0.0
594,2019-01-25 18:00:00,1,2019-01-25 19:00:00,0.13592,0.13592,0.13592,0.0,0.05,261.84958642668545,-0.0,0.0,0.0,261.84958642668545,261.84958642668545,0.0,0.0
595,2019-01-25 19:00:00,1,2019-01-25 20:00:00,0.13592,0.13592,0.13592,0.0,0.05,260.3827870941231,-0.0,0.0,0.0,260.3827870941231,260.3827870941231,0.0,0.0
596,2019-01-25 20:00:00,1,2019-01-25 21:00:00,0.13592,0.13592,0.13592,0.0,0.05,221.33392994436824,-0.0,0.0,0.0,221.33392994436824,221.33392994436824,0.0,0.0
597,2019-01-25 21:00:00,1,2019-01-25 22:00:00,0.10531,0.10531,0.10531,0.0,0.05,208.21798710736073,-0.0,0.0,0.0,208.21798710736073,208.21798710736073,0.0,0.0
598,2019-01-25 22:00:00,1,2019-01-25 23:00:00,0.10531,0.10531,0.10531,0.0,0.05,192.2315272048379,-0.0,0.0,0.0,192.2315272048379,192.2315272048379,0.0,0.0
599,2019-01-25 23:00:00,1,2019-01-26 00:00:00,0.10531,0.10531,0.10531,0.0,0.05,192.9767600094842,-0.0,0.0,0.0,192.9767600094842,192.9767600094842,0.0,0.0
600,2019-01-26 00:00:00,1,2019-01-26 01:00:00,0.10531,0.10531,0.10531,0.0,0.05,189.76874968822224,-102.74811153242237,0.0,0.0,292.5168612206446,292.5168612206446,0.0,1.0
601,2019-01-26 01:00:00,1,2019-01-26 02:00:00,0.10531,0.10531,0.10531,0.0,0.20754710434971432,191.70238759206282,-100.8144736285818,0.0,0.0,292.5168612206446,292.5168612206446,0.0,1.0
602,2019-01-26 02:00:00,1,2019-01-26 03:00:00,0.10531,0.10531,0.10531,0.0,0.36212929724687304,195.15920489590633,-97.35765632473829,0.0,0.0,292.5168612206446,292.5168612206446,0.0,1.0
603,2019-01-26 03:00:00,1,2019-01-26 04:00:00,0.10531,0.10531,0.10531,0.0,0.511411036944805,195.44374405425742,-97.07311716638719,0.0,0.0,292.5168612206446,292.5168612206446,0.0,1.0
604,2019-01-26 04:00:00,1,2019-01-26 05:00:00,0.10531,0.10531,0.10531,0.0,0.6602564832665988,218.69210601857634,-73.82475520206827,0.0,0.0,292.5168612206446,292.5168612206446,0.0,1.0
605,2019-01-26 05:00:00,1,2019-01-26 06:00:00,0.10531,0.10531,0.10531,0.0,0.7734544412431035,220.59276711918014,-71.92409410146448,0.0,0.0,292.5168612206446,292.5168612206446,0.0,1.0
606,2019-01-26 06:00:00,1,2019-01-26 07:00:00,0.10531,0.10531,0.10531,0.0,0.8837380521986824,278.30094590568706,-14.215915314957556,0.0,0.0,292.5168612206446,292.5168612206446,0.0,1.0
607,2019-01-26 07:00:00,1,2019-01-26 08:00:00,0.10531,0.10531,0.10531,0.0,0.9055357890149507,306.680509655601,-0.0,14.163648434956372,0.0,292.5168612206446,292.5168612206446,0.0,0.0
608,2019-01-26 08:00:00,1,2019-01-26 09:00:00,0.10531,0.10531,0.10531,0.0,0.8798770056182906,315.916061902606,-0.0,23.39920068196136,0.0,292.5168612206446,292.5168612206446,0.0,0.0
609,2019-01-26 09:00:00,1,2019-01-26 10:00:00,0.10531,0.10531,0.10531,0.0,0.8374871493103896,324.23777161693397,-0.0,31.720910396289355,0.0,292.5168612206446,292.5168612206446,0.0,0.0
610,2019-01-26 10:00:00,1,2019-01-26 11:00:00,0.10531,0.10531,0.10531,0.0,0.7800217319258075,327.6020249174121,-0.0,35.085163696767495,0.0,292.5168612206446,292.5168612206446,0.0,0.0
611,2019-01-26 11:00:00,1,2019-01-26 12:00:00,0.10531,0.10531,0.10531,0.0,0.7164616527649967,329.2922687361936,-0.0,36.77540751554898,0.0,292.5168612206446,292.5168612206446,0.0,0.0
612,2019-01-26 12:00:00,1,2019-01-26 13:00:00,0.10531,0.10531,0.10531,0.0,0.6498395377005964,319.4154982094021,-0.0,26.89863698875746,0.0,292.5168612206446,292.5168612206446,0.0,0.0
613,2019-01-26 13:00:00,1,2019-01-26 14:00:00,0.10531,0.10531,0.10531,0.0,0.6011101228658909,327.8889718406768,-0.0,35.372110620032174,0.0,292.5168612206446,292.5168612206446,0.0,0.0
614,2019-01-26 14:00:00,1,2019-01-26 15:00:00,0.10531,0.10531,0.10531,0.0,0.5370302123223544,328.59762422501103,-0.0,36.08076300436642,0.0,292.5168612206446,292.5168612206446,0.0,0.0
615,2019-01-26 15:00:00,1,2019-01-26 16:00:00,0.10531,0.10531,0.10531,0.0,0.4716665112274876,328.9644591502478,-0.0,36.447597929603205,0.0,292.5168612206446,292.5168612206446,0.0,0.0
616,2019-01-26 16:00:00,1,2019-01-26 17:00:00,0.13592,0.13592,0.13592,0.0,0.40563825410864124,330.14369775774605,-0.0,37.62683653710144,0.0,292.5168612206446,292.5168612206446,0.0,0.0
617,2019-01-26 17:00:00,1,2019-01-26 18:00:00,0.13592,0.13592,0.13592,0.0,0.33747369516461695,332.4205153591641,-0.0,158.68547973086856,0.0,173.73503562829552,173.73503562829552,0.0,0.0
618,2019-01-26 18:00:00,1,2019-01-26 19:00:00,0.13592,0.13592,0.13592,0.0,0.05,264.0809160104187,-0.0,0.0,0.0,264.0809160104187,264.0809160104187,0.0,0.0
619,2019-01-26 19:00:00,1,2019-01-26 20:00:00,0.13592,0.13592,0.13592,0.0,0.05,263.0970276094249,-0.0,0.0,0.0,263.0970276094249,263.0970276094249,0.0,1.0
620,2019-01-26 20:00:00,1,2019-01-26 21:00:00,0.13592,0.13592,0.13592,0.0,0.05,229.85637281677026,-0.0,0.0,0.0,229.85637281677026,229.85637281677026,0.0,0.0
621,2019-01-26 21:00:00,1,2019-01-26 22:00:00,0.10531,0.10531,0.10531,0.0,0.05,220.29197292364,-0.0,0.0,0.0,220.29197292364,220.29197292364,0.0,0.0
622,2019-01-26 22:00:00,1,2019-01-26 23:00:00,0.10531,0.10531,0.10531,0.0,0.05,201.71086676799914,-0.0,0.0,0.0,201.71086676799914,201.71086676799914,0.0,0.0
623,2019-01-26 23:00:00,1,2019-01-27 00:00:00,0.10531,0.10531,0.10531,0.0,0.05,192.71876019821127,-0.0,0.0,0.0,192.71876019821127,192.71876019821127,0.0,0.0
624,2019-01-27 00:00:00,1,2019-01-27 01:00:00,0.10531,0.10531,0.10531,0.0,0.05,189.41463638056743,-103.10222484007718,0.0,0.0,292.5168612206446,292.5168612206446,0.0,1.0
625,2019-01-27 01:00:00,1,2019-01-27 02:00:00,0.10531,0.10531,0.10531,0.0,0.20809007808811836,188.32873610847938,-104.18812511216524,0.0,0.0,292.5168612206446,292.5168612206446,0.0,1.0
626,2019-01-27 02:00:00,1,2019-01-27 03:00:00,0.10531,0.10531,0.10531,0.0,0.36784520326010506,182.69019528067417,-109.82666593997044,0.0,0.0,292.5168612206446,292.5168612206446,0.0,1.0
627,2019-01-27 03:00:00,1,2019-01-27 04:00:00,0.10531,0.10531,0.10531,0.0,0.5362460910347263,181.6569619995534,-110.85989922109121,0.0,0.0,292.5168612206446,292.5168612206446,0.0,1.0
628,2019-01-27 04:00:00,1,2019-01-27 05:00:00,0.10531,0.10531,0.10531,0.0,0.7062312698403995,209.6400727884675,-82.87678843217711,0.0,0.0,292.5168612206446,292.5168612206446,0.0,1.0
629,2019-01-27 05:00:00,1,2019-01-27 06:00:00,0.10531,0.10531,0.10531,0.0,0.8333090121030711,210.63109654709092,-81.8857646735537,0.0,0.0,292.5168612206446,292.5168612206446,0.0,1.0
630,2019-01-27 06:00:00,1,2019-01-27 07:00:00,0.10531,0.10531,0.10531,0.0,0.9588671846025201,267.41514569420275,-25.101715526441865,0.0,0.0,292.5168612206446,292.5168612206446,0.0,1.0
631,2019-01-27 07:00:00,1,2019-01-27 08:00:00,0.10531,0.10531,0.10531,0.0,0.9973564817430642,296.84900171609104,-0.0,4.332140495446424,0.0,292.5168612206446,292.5168612206446,0.0,0.0
632,2019-01-27 08:00:00,1,2019-01-27 09:00:00,0.10531,0.10531,0.10531,0.0,0.9895084011353714,312.4066265536859,-0.0,19.889765333041282,0.0,292.5168612206446,292.5168612206446,0.0,0.0
633,2019-01-27 09:00:00,1,2019-01-27 10:00:00,0.10531,0.10531,0.10531,0.0,0.9534762175610213,324.8709275512556,-0.0,32.354066330610976,0.0,292.5168612206446,292.5168612206446,0.0,0.0
634,2019-01-27 10:00:00,1,2019-01-27 11:00:00,0.10531,0.10531,0.10531,0.0,0.8948637785562914,329.62617877258896,-0.0,37.10931755194434,0.0,292.5168612206446,292.5168612206446,0.0,0.0
635,2019-01-27 11:00:00,1,2019-01-27 12:00:00,0.10531,0.10531,0.10531,0.0,0.8276367540056675,328.02575449144393,-0.0,35.50889327079932,0.0,292.5168612206446,292.5168612206446,0.0,0.0
636,2019-01-27 12:00:00,1,2019-01-27 13:00:00,0.10531,0.10531,0.10531,0.0,0.7633090488049441,315.87029306337786,-0.0,23.353431842733244,0.0,292.5168612206446,292.5168612206446,0.0,0.0
637,2019-01-27 13:00:00,1,2019-01-27 14:00:00,0.10531,0.10531,0.10531,0.0,0.7210021070608621,321.8942978778603,-0.0,29.377436657215696,0.0,292.5168612206446,292.5168612206446,0.0,0.0
638,2019-01-27 14:00:00,1,2019-01-27 15:00:00,0.10531,0.10531,0.10531,0.0,0.6677821131166307,320.0204932423196,-0.0,27.503632021675003,0.0,292.5168612206446,292.5168612206446,0.0,0.0
639,2019-01-27 15:00:00,1,2019-01-27 16:00:00,0.10531,0.10531,0.10531,0.0,0.6179566927875094,320.63128215531907,-0.0,28.114420934674456,0.0,292.5168612206446,292.5168612206446,0.0,0.0
640,2019-01-27 16:00:00,1,2019-01-27 17:00:00,0.13592,0.13592,0.13592,0.0,0.5670247708044035,327.260956061895,-0.0,238.59853133532064,0.0,88.66242472657436,88.66242472657436,0.0,0.0
641,2019-01-27 17:00:00,1,2019-01-27 18:00:00,0.13592,0.13592,0.13592,0.0,0.1347810546172284,339.3160033693547,-0.0,46.799142148710075,0.0,292.5168612206446,292.5168612206446,0.0,0.0
642,2019-01-27 18:00:00,1,2019-01-27 19:00:00,0.13592,0.13592,0.13592,0.0,0.05,269.51945943721853,-0.0,0.0,0.0,269.51945943721853,269.51945943721853,0.0,0.0
643,2019-01-27 19:00:00,1,2019-01-27 20:00:00,0.13592,0.13592,0.13592,0.0,0.05,265.85552934566283,-0.0,0.0,0.0,265.85552934566283,265.85552934566283,0.0,1.0
644,2019-01-27 20:00:00,1,2019-01-27 21:00:00,0.13592,0.13592,0.13592,0.0,0.05,230.27099490800126,-0.0,0.0,0.0,230.27099490800126,230.27099490800126,0.0,0.0
645,2019-01-27 21:00:00,1,2019-01-27 22:00:00,0.10531,0.10531,0.10531,0.0,0.05,219.03264395389849,-0.0,0.0,0.0,219.03264395389849,219.03264395389849,0.0,0.0
646,2019-01-27 22:00:00,1,2019-01-27 23:00:00,0.10531,0.10531,0.10531,0.0,0.05,202.1305902977781,-0.0,0.0,0.0,202.1305902977781,202.1305902977781,0.0,0.0
647,2019-01-27 23:00:00,1,2019-01-28 00:00:00,0.10531,0.10531,0.10531,0.0,0.05,204.7591464735264,-0.0,0.0,0.0,204.7591464735264,204.7591464735264,0.0,0.0
648,2019-01-28 00:00:00,1,2019-01-28 01:00:00,0.10531,0.10531,0.10531,0.0,0.05,199.2912063070768,-92.93581813521892,0.0,0.0,292.2270244422957,292.2270244422957,0.0,1.0
649,2019-01-28 01:00:00,1,2019-01-28 02:00:00,0.10531,0.10531,0.10531,0.0,0.1925015878073357,197.48590215242933,-94.7411222898664,0.0,0.0,292.2270244422957,292.2270244422957,0.0,1.0
650,2019-01-28 02:00:00,1,2019-01-28 03:00:00,0.10531,0.10531,0.10531,0.0,0.3377713086517975,197.7112199747001,-94.51580446759563,0.0,0.0,292.2270244422957,292.2270244422957,0.0,1.0
651,2019-01-28 03:00:00,1,2019-01-28 04:00:00,0.10531,0.10531,0.10531,0.0,0.48269554216877747,192.58470671770786,-0.0,0.0,0.0,192.58470671770786,192.58470671770786,0.0,0.0
652,2019-01-28 04:00:00,1,2019-01-28 05:00:00,0.10531,0.10531,0.10531,0.0,0.48269554216877747,191.54214146671902,-0.0,0.0,0.0,191.54214146671902,191.54214146671902,0.0,0.0
653,2019-01-28 05:00:00,1,2019-01-28 06:00:00,0.10531,0.10531,0.10531,0.0,0.48269554216877747,187.78481356811304,-0.0,0.0,0.0,187.78481356811304,187.78481356811304,0.0,0.0
654,2019-01-28 06:00:00,1,2019-01-28 07:00:00,0.10531,0.10531,0.10531,0.0,0.48269554216877747,202.11612189242683,-90.1109025498689,0.0,0.0,292.2270244422957,292.2270244422957,0.0,1.0
655,2019-01-28 07:00:00,1,2019-01-28 08:00:00,0.10531,0.10531,0.10531,0.0,0.6208655927452431,231.354389013646,-60.87263542864973,0.0,0.0,292.2270244422957,292.2270244422957,0.0,1.0
656,2019-01-28 08:00:00,1,2019-01-28 09:00:00,0.10531,0.10531,0.10531,0.0,0.7142036337358394,240.04299138672982,-52.184033055565905,0.0,0.0,292.2270244422957,292.2270244422957,0.0,1.0
657,2019-01-28 09:00:00,1,2019-01-28 10:00:00,0.10531,0.10531,0.10531,0.0,0.7942191510877071,270.1659494318441,-22.061075010451603,0.0,0.0,292.2270244422957,292.2270244422957,0.0,1.0
658,2019-01-28 10:00:00,1,2019-01-28 11:00:00,0.10531,0.10531,0.10531,0.0,0.8280461327703996,276.5814263699974,-15.645598072298313,0.0,0.0,292.2270244422957,292.2270244422957,0.0,1.0
659,2019-01-28 11:00:00,1,2019-01-28 12:00:00,0.10531,0.10531,0.10531,0.0,0.8520360498145904,280.3500403072922,-0.0,0.0,0.0,280.3500403072922,280.3500403072922,0.0,0.0
660,2019-01-28 12:00:00,1,2019-01-28 13:00:00,0.10531,0.10531,0.10531,0.0,0.8520360498145904,272.6851464919848,-19.5418779503109,0.0,0.0,292.2270244422957,292.2270244422957,0.0,1.0
661,2019-01-28 13:00:00,1,2019-01-28 14:00:00,0.10531,0.10531,0.10531,0.0,0.8820002626717337,271.52186260401925,-20.705161838276478,0.0,0.0,292.2270244422957,292.2270244422957,0.0,1.0
662,2019-01-28 14:00:00,1,2019-01-28 15:00:00,0.10531,0.10531,0.10531,0.0,0.9137481774904243,273.05816804730676,-19.16885639498896,0.0,0.0,292.2270244422957,292.2270244422957,0.0,1.0
663,2019-01-28 15:00:00,1,2019-01-28 16:00:00,0.10531,0.10531,0.10531,0.0,0.9431404239627407,255.14469224408313,-37.0823321982126,0.0,0.0,292.2270244422957,292.2270244422957,0.0,1.0
664,2019-01-28 16:00:00,1,2019-01-28 17:00:00,0.13592,0.13592,0.13592,0.0,1.0,256.2212499169955,-0.0,256.2212499169955,0.0,0.0,0.0,0.0,0.0
665,2019-01-28 17:00:00,1,2019-01-28 18:00:00,0.13592,0.13592,0.13592,0.0,0.5358310689909502,246.2083349948272,-0.0,246.2083349948272,0.0,0.0,0.0,0.0,0.0
666,2019-01-28 18:00:00,1,2019-01-28 19:00:00,0.13592,0.13592,0.13592,0.0,0.08980147660901698,236.0214785091501,-0.0,21.970415088177372,0.0,214.05106342097275,214.05106342097275,0.0,0.0
667,2019-01-28 19:00:00,1,2019-01-28 20:00:00,0.13592,0.13592,0.13592,0.0,0.05,233.80565590371222,-0.0,0.0,0.0,233.80565590371222,233.80565590371222,0.0,0.0
668,2019-01-28 20:00:00,1,2019-01-28 21:00:00,0.13592,0.13592,0.13592,0.0,0.05,204.39521735840339,-0.0,0.0,0.0,204.39521735840339,204.39521735840339,0.0,0.0
669,2019-01-28 21:00:00,1,2019-01-28 22:00:00,0.10531,0.10531,0.10531,0.0,0.05,202.78151435882899,-0.0,0.0,0.0,202.78151435882899,202.78151435882899,0.0,0.0
670,2019-01-28 22:00:00,1,2019-01-28 23:00:00,0.10531,0.10531,0.10531,0.0,0.05,200.1157944372816,-0.0,0.0,0.0,200.1157944372816,200.1157944372816,0.0,0.0
671,2019-01-28 23:00:00,1,2019-01-29 00:00:00,0.10531,0.10531,0.10531,0.0,0.05,200.50446221437716,-0.0,0.0,0.0,200.50446221437716,200.50446221437716,0.0,0.0
672,2019-01-29 00:00:00,1,2019-01-29 01:00:00,0.10531,0.10531,0.10531,0.0,0.05,194.04180779583672,-0.0,0.0,0.0,194.04180779583672,194.04180779583672,0.0,0.0
673,2019-01-29 01:00:00,1,2019-01-29 02:00:00,0.10531,0.10531,0.10531,0.0,0.05,195.18198611235275,-0.0,0.0,0.0,195.18198611235275,195.18198611235275,0.0,0.0
674,2019-01-29 02:00:00,1,2019-01-29 03:00:00,0.10531,0.10531,0.10531,0.0,0.05,196.17335420569952,-0.0,0.0,0.0,196.17335420569952,196.17335420569952,0.0,0.0
675,2019-01-29 03:00:00,1,2019-01-29 04:00:00,0.10531,0.10531,0.10531,0.0,0.05,195.96254335998586,-0.0,0.0,0.0,195.96254335998586,195.96254335998586,0.0,0.0
676,2019-01-29 04:00:00,1,2019-01-29 05:00:00,0.10531,0.10531,0.10531,0.0,0.05,198.26968215447468,-94.1707792712748,0.0,0.0,292.4404614257495,292.4404614257495,0.0,1.0
677,2019-01-29 05:00:00,1,2019-01-29 06:00:00,0.10531,0.10531,0.10531,0.0,0.19439519488262136,198.31696422148843,-0.0,0.0,0.0,198.31696422148843,198.31696422148843,0.0,0.0
678,2019-01-29 06:00:00,1,2019-01-29 07:00:00,0.10531,0.10531,0.10531,0.0,0.19439519488262136,216.09629152013838,-76.3441699056111,0.0,0.0,292.4404614257495,292.4404614257495,0.0,1.0
679,2019-01-29 07:00:00,1,2019-01-29 08:00:00,0.10531,0.10531,0.10531,0.0,0.31145625540455846,214.95619361892977,-0.0,0.0,0.0,214.95619361892977,214.95619361892977,0.0,0.0
680,2019-01-29 08:00:00,1,2019-01-29 09:00:00,0.10531,0.10531,0.10531,0.0,0.31145625540455846,231.96883097045387,-60.47163045529562,0.0,0.0,292.4404614257495,292.4404614257495,0.0,1.0
681,2019-01-29 09:00:00,1,2019-01-29 10:00:00,0.10531,0.10531,0.10531,0.0,0.4041794221026784,233.2648089332157,-59.17565249253378,0.0,0.0,292.4404614257495,292.4404614257495,0.0,1.0
682,2019-01-29 10:00:00,1,2019-01-29 11:00:00,0.10531,0.10531,0.10531,0.0,0.49491542259123017,238.63349701087893,-53.806964414870556,0.0,0.0,292.4404614257495,292.4404614257495,0.0,1.0
683,2019-01-29 11:00:00,1,2019-01-29 12:00:00,0.10531,0.10531,0.10531,0.0,0.5774194346940317,239.85443052156546,-52.58603090418402,0.0,0.0,292.4404614257495,292.4404614257495,0.0,1.0
684,2019-01-29 12:00:00,1,2019-01-29 13:00:00,0.10531,0.10531,0.10531,0.0,0.6580513487471139,239.2057836019243,-53.00547843913961,0.0,0.0,292.21126204106395,292.21126204106395,0.0,1.0
685,2019-01-29 13:00:00,1,2019-01-29 14:00:00,0.10531,0.10531,0.10531,0.0,0.739326415687128,235.63978399399878,-56.87707722664584,0.0,0.0,292.5168612206446,292.5168612206446,0.0,1.0
686,2019-01-29 14:00:00,1,2019-01-29 15:00:00,0.10531,0.10531,0.10531,0.0,0.8265379341013183,234.88759833920807,-57.629262881436546,0.0,0.0,292.5168612206446,292.5168612206446,0.0,1.0
687,2019-01-29 15:00:00,1,2019-01-29 16:00:00,0.10531,0.10531,0.10531,0.0,0.9149028038528544,237.0186898203322,-55.4981714003124,0.0,0.0,292.5168612206446,292.5168612206446,0.0,1.0
688,2019-01-29 16:00:00,1,2019-01-29 17:00:00,0.13592,0.13592,0.13592,0.0,1.0,232.89944726878338,-0.0,232.89944726878338,0.0,0.0,0.0,0.0,0.0
689,2019-01-29 17:00:00,1,2019-01-29 18:00:00,0.13592,0.13592,0.13592,0.0,0.5780807114695953,223.3927617175562,-0.0,84.48414398993985,0.0,138.90861772761633,138.90861772761633,0.0,0.0
690,2019-01-29 18:00:00,1,2019-01-29 19:00:00,0.13592,0.13592,0.13592,0.0,0.4250297259805738,216.25449874051924,-0.0,0.0,0.0,216.25449874051924,216.25449874051924,0.0,0.0
691,2019-01-29 19:00:00,1,2019-01-29 20:00:00,0.13592,0.13592,0.13592,0.0,0.4250297259805738,214.73173205390182,-0.0,0.0,0.0,214.73173205390182,214.73173205390182,0.0,0.0
692,2019-01-29 20:00:00,1,2019-01-29 21:00:00,0.13592,0.13592,0.13592,0.0,0.4250297259805738,207.01640874127676,-0.0,207.01640874127676,0.0,0.0,0.0,0.0,0.0
693,2019-01-29 21:00:00,1,2019-01-29 22:00:00,0.10531,0.10531,0.10531,0.0,0.05,207.1208722478117,-85.39598897283292,0.0,0.0,292.5168612206446,292.5168612206446,0.0,1.0
694,2019-01-29 22:00:00,1,2019-01-29 23:00:00,0.10531,0.10531,0.10531,0.0,0.1809405164250105,205.0575978854985,-29.613448971904756,0.0,0.0,234.67104685740324,234.67104685740324,0.0,1.0
695,2019-01-29 23:00:00,1,2019-01-30 00:00:00,0.10531,0.10531,0.10531,0.0,0.2263478048485978,205.13020689468505,-0.0,0.0,0.0,205.13020689468505,205.13020689468505,0.0,0.0
696,2019-01-30 00:00:00,1,2019-01-30 01:00:00,0.10531,0.10531,0.10531,0.0,0.2263478048485978,204.40665107152574,-88.11021014911887,0.0,0.0,292.5168612206446,292.5168612206446,0.0,1.0
697,2019-01-30 01:00:00,1,2019-01-30 02:00:00,0.10531,0.10531,0.10531,0.0,0.3614501270772468,204.12743801674938,-88.38942320389523,0.0,0.0,292.5168612206446,292.5168612206446,0.0,1.0
698,2019-01-30 02:00:00,1,2019-01-30 03:00:00,0.10531,0.10531,0.10531,0.0,0.4969805759898861,204.14200661302792,-88.3748546076167,0.0,0.0,292.5168612206446,292.5168612206446,0.0,1.0
699,2019-01-30 03:00:00,1,2019-01-30 04:00:00,0.10531,0.10531,0.10531,0.0,0.6324886863882317,204.30136199167978,-88.21549922896483,0.0,0.0,292.5168612206446,292.5168612206446,0.0,1.0
700,2019-01-30 04:00:00,1,2019-01-30 05:00:00,0.10531,0.10531,0.10531,0.0,0.7677524518726445,227.175329761371,-65.34153145927363,0.0,0.0,292.5168612206446,292.5168612206446,0.0,1.0
701,2019-01-30 05:00:00,1,2019-01-30 06:00:00,0.10531,0.10531,0.10531,0.0,0.8679428001101974,227.91684333486123,-64.60001788578339,0.0,0.0,292.5168612206446,292.5168612206446,0.0,1.0
702,2019-01-30 06:00:00,1,2019-01-30 07:00:00,0.10531,0.10531,0.10531,0.0,0.9669961608683986,286.0686236609317,-6.448237559712936,0.0,0.0,292.5168612206446,292.5168612206446,0.0,1.0
703,2019-01-30 07:00:00,1,2019-01-30 08:00:00,0.10531,0.10531,0.10531,0.0,0.9768834584599584,314.8435138022191,-0.0,22.32665258157448,0.0,292.5168612206446,292.5168612206446,0.0,0.0
704,2019-01-30 08:00:00,1,2019-01-30 09:00:00,0.10531,0.10531,0.10531,0.0,0.936436624073048,323.4279416105917,-0.0,30.911080389947074,0.0,292.5168612206446,292.5168612206446,0.0,0.0
705,2019-01-30 09:00:00,1,2019-01-30 10:00:00,0.10531,0.10531,0.10531,0.0,0.8804382900332888,330.60289662622836,-0.0,38.08603540558374,0.0,292.5168612206446,292.5168612206446,0.0,0.0
706,2019-01-30 10:00:00,1,2019-01-30 11:00:00,0.10531,0.10531,0.10531,0.0,0.8114418490811444,332.4943956129892,-0.0,39.97753439234458,0.0,292.5168612206446,292.5168612206446,0.0,0.0
707,2019-01-30 11:00:00,1,2019-01-30 12:00:00,0.10531,0.10531,0.10531,0.0,0.7390187795297956,333.37235452739765,-0.0,40.85549330675303,0.0,292.5168612206446,292.5168612206446,0.0,0.0
708,2019-01-30 12:00:00,1,2019-01-30 13:00:00,0.10531,0.10531,0.10531,0.0,0.6650052046987212,322.504971810948,-0.0,29.988110590303393,0.0,292.5168612206446,292.5168612206446,0.0,0.0
709,2019-01-30 13:00:00,1,2019-01-30 14:00:00,0.10531,0.10531,0.10531,0.0,0.610678917397447,329.6278916751669,-0.0,37.11103045452228,0.0,292.5168612206446,292.5168612206446,0.0,0.0
710,2019-01-30 14:00:00,1,2019-01-30 15:00:00,0.10531,0.10531,0.10531,0.0,0.5434487897624428,328.4959728035231,-0.0,35.97911158287849,0.0,292.5168612206446,292.5168612206446,0.0,0.0
711,2019-01-30 15:00:00,1,2019-01-30 16:00:00,0.10531,0.10531,0.10531,0.0,0.47826923979346003,330.94479639409184,-0.0,38.427935173447224,0.0,292.5168612206446,292.5168612206446,0.0,0.0
712,2019-01-30 16:00:00,1,2019-01-30 17:00:00,0.13592,0.13592,0.13592,0.0,0.40865341520388176,332.73769984008095,-0.0,40.220838619436336,0.0,292.5168612206446,292.5168612206446,0.0,0.0
713,2019-01-30 17:00:00,1,2019-01-30 18:00:00,0.13592,0.13592,0.13592,0.0,0.33578957712519275,335.05529056895284,-0.0,157.7558465731064,0.0,177.29944399584645,177.29944399584645,0.0,0.0
714,2019-01-30 18:00:00,1,2019-01-30 19:00:00,0.13592,0.13592,0.13592,0.0,0.05,266.2591614093932,-0.0,0.0,0.0,266.2591614093932,266.2591614093932,0.0,0.0
715,2019-01-30 19:00:00,1,2019-01-30 20:00:00,0.13592,0.13592,0.13592,0.0,0.05,263.9871501110565,-0.0,0.0,0.0,263.9871501110565,263.9871501110565,0.0,1.0
716,2019-01-30 20:00:00,1,2019-01-30 21:00:00,0.13592,0.13592,0.13592,0.0,0.05,230.73675969650236,-0.0,0.0,0.0,230.73675969650236,230.73675969650236,0.0,0.0
717,2019-01-30 21:00:00,1,2019-01-30 22:00:00,0.10531,0.10531,0.10531,0.0,0.05,223.57563294465737,-0.0,0.0,0.0,223.57563294465737,223.57563294465737,0.0,0.0
718,2019-01-30 22:00:00,1,2019-01-30 23:00:00,0.10531,0.10531,0.10531,0.0,0.05,209.23205531338468,-0.0,0.0,0.0,209.23205531338468,209.23205531338468,0.0,0.0
719,2019-01-30 23:00:00,1,2019-01-31 00:00:00,0.10531,0.10531,0.10531,0.0,0.05,210.7472886473407,-0.0,0.0,0.0,210.7472886473407,210.7472886473407,0.0,0.0
720,2019-01-31 00:00:00,1,2019-01-31 01:00:00,0.10531,0.10531,0.10531,0.0,0.05,210.04680496690062,-87.03561124293223,0.0,0.0,297.08241620983284,297.08241620983284,0.0,1.0
721,2019-01-31 01:00:00,1,2019-01-31 02:00:00,0.10531,0.10531,0.10531,0.0,0.18345460390582943,210.36244502735727,-86.71997118247559,0.0,0.0,297.08241620983284,297.08241620983284,0.0,1.0
722,2019-01-31 02:00:00,1,2019-01-31 03:00:00,0.10531,0.10531,0.10531,0.0,0.31642522638562537,211.61965344116638,-85.46276276866648,0.0,0.0,297.08241620983284,297.08241620983284,0.0,1.0
723,2019-01-31 03:00:00,1,2019-01-31 04:00:00,0.10531,0.10531,0.10531,0.0,0.4474681292975806,213.2102443843277,-83.87217182550516,0.0,0.0,297.08241620983284,297.08241620983284,0.0,1.0
724,2019-01-31 04:00:00,1,2019-01-31 05:00:00,0.10531,0.10531,0.10531,0.0,0.5760721260966886,237.95177013158533,-59.13064607824752,0.0,0.0,297.08241620983284,297.08241620983284,0.0,1.0
725,2019-01-31 05:00:00,1,2019-01-31 06:00:00,0.10531,0.10531,0.10531,0.0,0.6667391167500014,238.29085924989113,-58.79155695994173,0.0,0.0,297.08241620983284,297.08241620983284,0.0,1.0
726,2019-01-31 06:00:00,1,2019-01-31 07:00:00,0.10531,0.10531,0.10531,0.0,0.7568861707552453,296.94879675141215,-0.13361945842071374,0.0,0.0,297.08241620983284,297.08241620983284,0.0,1.0
727,2019-01-31 07:00:00,1,2019-01-31 08:00:00,0.10531,0.10531,0.10531,0.0,0.7570910539248238,321.1130978142485,-0.0,24.030681604415634,0.0,297.08241620983284,297.08241620983284,0.0,0.0
728,2019-01-31 08:00:00,1,2019-01-31 09:00:00,0.10531,0.10531,0.10531,0.0,0.7135572104385636,325.84432380656796,-0.0,28.761907596735114,0.0,297.08241620983284,297.08241620983284,0.0,0.0
729,2019-01-31 09:00:00,1,2019-01-31 10:00:00,0.10531,0.10531,0.10531,0.0,0.6614523053720144,332.12524278834684,-0.0,35.042826578513996,0.0,297.08241620983284,297.08241620983284,0.0,0.0
730,2019-01-31 10:00:00,1,2019-01-31 11:00:00,0.10531,0.10531,0.10531,0.0,0.5979689238891992,333.3155208699361,-0.0,36.233104660103265,0.0,297.08241620983284,297.08241620983284,0.0,0.0
731,2019-01-31 11:00:00,1,2019-01-31 12:00:00,0.10531,0.10531,0.10531,0.0,0.5323292415339396,334.87765939423326,-0.0,37.79524318440042,0.0,297.08241620983284,297.08241620983284,0.0,0.0
732,2019-01-31 12:00:00,1,2019-01-31 13:00:00,0.10531,0.10531,0.10531,0.0,0.46385959808393884,325.6214854809509,-0.0,28.53906927111808,0.0,297.08241620983284,297.08241620983284,0.0,0.0
733,2019-01-31 13:00:00,1,2019-01-31 14:00:00,0.10531,0.10531,0.10531,0.0,0.41215838563626117,334.8130315244408,-0.0,37.73061531460799,0.0,297.08241620983284,297.08241620983284,0.0,0.0
734,2019-01-31 14:00:00,1,2019-01-31 15:00:00,0.10531,0.10531,0.10531,0.0,0.3438058216605221,336.4788146614743,-0.0,39.396398451641474,0.0,297.08241620983284,297.08241620983284,0.0,0.0
735,2019-01-31 15:00:00,1,2019-01-31 16:00:00,0.10531,0.10531,0.10531,0.0,0.27243553461044684,336.31081788289765,-0.0,39.22840167306482,0.0,297.08241620983284,297.08241620983284,0.0,0.0
736,2019-01-31 16:00:00,1,2019-01-31 17:00:00,0.13592,0.13592,0.13592,0.0,0.2013695895505469,336.55590101592304,-0.0,39.47348480609021,0.0,297.08241620983284,297.08241620983284,0.0,0.0
737,2019-01-31 17:00:00,1,2019-01-31 18:00:00,0.13592,0.13592,0.13592,0.0,0.12985965330762986,341.1649448356445,-0.0,44.08252862581169,0.0,297.08241620983284,297.08241620983284,0.0,0.0
738,2019-01-31 18:00:00,1,2019-01-31 19:00:00,0.13592,0.13592,0.13592,0.0,0.05,274.25547941370223,-0.0,0.0,0.0,274.25547941370223,274.25547941370223,0.0,1.0
739,2019-01-31 19:00:00,1,2019-01-31 20:00:00,0.13592,0.13592,0.13592,0.0,0.05,273.9913071922605,-0.0,0.0,0.0,273.9913071922605,273.9913071922605,0.0,1.0
740,2019-01-31 20:00:00,1,2019-01-31 21:00:00,0.13592,0.13592,0.13592,0.0,0.05,241.24775805221253,-0.0,0.0,0.0,241.24775805221253,241.24775805221253,0.0,0.0
741,2019-01-31 21:00:00,1,2019-01-31 22:00:00,0.10531,0.10531,0.10531,0.0,0.05,232.59936370560263,-0.0,0.0,0.0,232.59936370560263,232.59936370560263,0.0,0.0
742,2019-01-31 22:00:00,1,2019-01-31 23:00:00,0.10531,0.10531,0.10531,0.0,0.05,217.20543528477467,-0.0,0.0,0.0,217.20543528477467,217.20543528477467,0.0,0.0
743,2019-01-31 23:00:00,1,2019-02-01 00:00:00,0.10531,0.10531,0.10531,0.0,0.05,217.39163638481534,-0.0,0.0,0.0,217.39163638481534,217.39163638481534,0.0,0.0
744,2019-02-01 00:00:00,2,2019-02-01 01:00:00,0.10531,0.10531,0.10531,0.0,0.05,200.77466310626804,-83.16168447546256,0.0,0.0,283.9363475817306,283.9363475817306,0.0,1.0
745,2019-02-01 01:00:00,2,2019-02-01 02:00:00,0.10531,0.10531,0.10531,0.0,0.17751458286237592,196.4877586898225,-87.4485888919081,0.0,0.0,283.9363475817306,283.9363475817306,0.0,1.0
746,2019-02-01 02:00:00,2,2019-02-01 03:00:00,0.10531,0.10531,0.10531,0.0,0.31160241916330167,193.3124983981521,-90.62384918357851,0.0,0.0,283.9363475817306,283.9363475817306,0.0,1.0
747,2019-02-01 03:00:00,2,2019-02-01 04:00:00,0.10531,0.10531,0.10531,0.0,0.45055898791145543,188.50859680059486,-95.42775078113574,0.0,0.0,283.9363475817306,283.9363475817306,0.0,1.0
748,2019-02-01 04:00:00,2,2019-02-01 05:00:00,0.10531,0.10531,0.10531,0.0,0.596881539109197,212.44587327818388,-71.49047430354672,0.0,0.0,283.9363475817306,283.9363475817306,0.0,1.0
749,2019-02-01 05:00:00,2,2019-02-01 06:00:00,0.10531,0.10531,0.10531,0.0,0.7065002663746351,221.57464918405512,-62.36169839767548,0.0,0.0,283.9363475817306,283.9363475817306,0.0,1.0
750,2019-02-01 06:00:00,2,2019-02-01 07:00:00,0.10531,0.10531,0.10531,0.0,0.8021215372510709,284.6558606766978,-0.0,0.7195130949671693,0.0,283.9363475817306,283.9363475817306,0.0,0.0
751,2019-02-01 07:00:00,2,2019-02-01 08:00:00,0.10531,0.10531,0.10531,0.0,0.8008180714993187,313.133347044333,-0.0,29.196999462602378,0.0,283.9363475817306,283.9363475817306,0.0,0.0
752,2019-02-01 08:00:00,2,2019-02-01 09:00:00,0.10531,0.10531,0.10531,0.0,0.7479249565308358,320.00269155238504,-0.0,36.06634397065443,0.0,283.9363475817306,283.9363475817306,0.0,0.0
753,2019-02-01 09:00:00,2,2019-02-01 10:00:00,0.10531,0.10531,0.10531,0.0,0.6825873768738532,326.2253263185488,-0.0,42.288978736818194,0.0,283.9363475817306,283.9363475817306,0.0,0.0
754,2019-02-01 10:00:00,2,2019-02-01 11:00:00,0.10531,0.10531,0.10531,0.0,0.6059769081477334,321.6067595460289,-0.0,37.670411964298296,0.0,283.9363475817306,283.9363475817306,0.0,0.0
755,2019-02-01 11:00:00,2,2019-02-01 12:00:00,0.10531,0.10531,0.10531,0.0,0.5377334082124104,318.9102129093995,-0.0,34.973865327668875,0.0,283.9363475817306,283.9363475817306,0.0,0.0
756,2019-02-01 12:00:00,2,2019-02-01 13:00:00,0.10531,0.10531,0.10531,0.0,0.47437495653185086,310.99046055969706,-0.0,27.054112977966437,0.0,283.9363475817306,283.9363475817306,0.0,0.0
757,2019-02-01 13:00:00,2,2019-02-01 14:00:00,0.10531,0.10531,0.10531,0.0,0.4253638822964044,323.8878878485004,-0.0,39.951540266769776,0.0,283.9363475817306,283.9363475817306,0.0,0.0
758,2019-02-01 14:00:00,2,2019-02-01 15:00:00,0.10531,0.10531,0.10531,0.0,0.35298790355225623,326.88925703445415,-0.0,42.95290945272354,0.0,283.9363475817306,283.9363475817306,0.0,0.0
759,2019-02-01 15:00:00,2,2019-02-01 16:00:00,0.10531,0.10531,0.10531,0.0,0.2751746617900759,316.02547155241774,-0.0,32.089123970687126,0.0,283.9363475817306,283.9363475817306,0.0,0.0
760,2019-02-01 16:00:00,2,2019-02-01 17:00:00,0.13592,0.13592,0.13592,0.0,0.21704219082868614,323.2290615404018,-0.0,39.29271395867119,0.0,283.9363475817306,283.9363475817306,0.0,0.0
761,2019-02-01 17:00:00,2,2019-02-01 18:00:00,0.13592,0.13592,0.13592,0.0,0.14585973800500648,336.8509229604942,-0.0,52.91457537876359,0.0,283.9363475817306,283.9363475817306,0.0,0.0
762,2019-02-01 18:00:00,2,2019-02-01 19:00:00,0.13592,0.13592,0.13592,0.0,0.05,270.6306841718606,-0.0,0.0,0.0,270.6306841718606,270.6306841718606,0.0,1.0
763,2019-02-01 19:00:00,2,2019-02-01 20:00:00,0.13592,0.13592,0.13592,0.0,0.05,268.5753251798489,-0.0,0.0,0.0,268.5753251798489,268.5753251798489,0.0,1.0
764,2019-02-01 20:00:00,2,2019-02-01 21:00:00,0.13592,0.13592,0.13592,0.0,0.05,234.01740935747725,-0.0,0.0,0.0,234.01740935747725,234.01740935747725,0.0,0.0
765,2019-02-01 21:00:00,2,2019-02-01 22:00:00,0.10531,0.10531,0.10531,0.0,0.05,223.12426508665237,-60.812082495078236,0.0,0.0,283.9363475817306,283.9363475817306,0.0,1.0
766,2019-02-01 22:00:00,2,2019-02-01 23:00:00,0.10531,0.10531,0.10531,0.0,0.14324519315911996,207.44576743911043,-0.0,0.0,0.0,207.44576743911043,207.44576743911043,0.0,0.0
767,2019-02-01 23:00:00,2,2019-02-02 00:00:00,0.10531,0.10531,0.10531,0.0,0.14324519315911996,210.91908909532043,-73.01725848641019,0.0,0.0,283.9363475817306,283.9363475817306,0.0,1.0
768,2019-02-02 00:00:00,2,2019-02-02 01:00:00,0.10531,0.10531,0.10531,0.0,0.2552049895049489,213.59043617708306,-71.69178078889442,0.0,0.0,285.28221696597745,285.28221696597745,0.0,1.0
769,2019-02-02 01:00:00,2,2019-02-02 02:00:00,0.10531,0.10531,0.10531,0.0,0.36513238671458703,215.66216094507968,-69.6200560208978,0.0,0.0,285.28221696597745,285.28221696597745,0.0,1.0
770,2019-02-02 02:00:00,2,2019-02-02 03:00:00,0.10531,0.10531,0.10531,0.0,0.4718831392799638,215.21582666324406,-70.06639030273342,0.0,0.0,285.28221696597745,285.28221696597745,0.0,1.0
771,2019-02-02 03:00:00,2,2019-02-02 04:00:00,0.10531,0.10531,0.10531,0.0,0.5793182710774883,217.9804571884681,-67.30175977750937,0.0,0.0,285.28221696597745,285.28221696597745,0.0,1.0
772,2019-02-02 04:00:00,2,2019-02-02 05:00:00,0.10531,0.10531,0.10531,0.0,0.6825143027363361,237.7339859558102,-47.54823101016729,0.0,0.0,285.2822169659775,285.2822169659775,0.0,1.0
773,2019-02-02 05:00:00,2,2019-02-02 06:00:00,0.10531,0.10531,0.10531,0.0,0.7554215902852593,231.82146698137512,-53.460749984602366,0.0,0.0,285.2822169659775,285.2822169659775,0.0,1.0
774,2019-02-02 06:00:00,2,2019-02-02 07:00:00,0.10531,0.10531,0.10531,0.0,0.8373947402616496,287.04034613207205,-0.0,1.758129166094534,0.0,285.2822169659775,285.2822169659775,0.0,0.0
775,2019-02-02 07:00:00,2,2019-02-02 08:00:00,0.10531,0.10531,0.10531,0.0,0.8342097236564059,315.07299262493575,-0.0,29.79077565895824,0.0,285.2822169659775,285.2822169659775,0.0,0.0
776,2019-02-02 08:00:00,2,2019-02-02 09:00:00,0.10531,0.10531,0.10531,0.0,0.7802409271727857,324.2314657263584,-0.0,38.9492487603809,0.0,285.2822169659775,285.2822169659775,0.0,0.0
777,2019-02-02 09:00:00,2,2019-02-02 10:00:00,0.10531,0.10531,0.10531,0.0,0.709680693911226,333.835834771325,-0.0,48.5536178053475,0.0,285.28221696597745,285.28221696597745,0.0,0.0
778,2019-02-02 10:00:00,2,2019-02-02 11:00:00,0.10531,0.10531,0.10531,0.0,0.6217212413653066,334.00919654516014,-0.0,48.726979579182654,0.0,285.28221696597745,285.28221696597745,0.0,0.0
779,2019-02-02 11:00:00,2,2019-02-02 12:00:00,0.10531,0.10531,0.10531,0.0,0.5334477276349031,326.65440267212944,-0.0,41.372185706151924,0.0,285.2822169659775,285.2822169659775,0.0,0.0
780,2019-02-02 12:00:00,2,2019-02-02 13:00:00,0.10531,0.10531,0.10531,0.0,0.45849811584839584,312.2417914788681,-0.0,26.95957451289064,0.0,285.28221696597745,285.28221696597745,0.0,0.0
781,2019-02-02 13:00:00,2,2019-02-02 14:00:00,0.10531,0.10531,0.10531,0.0,0.40965830694823163,318.9301100393547,-0.0,33.64789307337725,0.0,285.28221696597745,285.28221696597745,0.0,0.0
782,2019-02-02 14:00:00,2,2019-02-02 15:00:00,0.10531,0.10531,0.10531,0.0,0.3487019789167513,319.36689366402413,-0.0,34.084676698046664,0.0,285.28221696597745,285.28221696597745,0.0,0.0
783,2019-02-02 15:00:00,2,2019-02-02 16:00:00,0.10531,0.10531,0.10531,0.0,0.2869543762028987,321.4262027252505,-0.0,36.14398575927305,0.0,285.28221696597745,285.28221696597745,0.0,0.0
784,2019-02-02 16:00:00,2,2019-02-02 17:00:00,0.13592,0.13592,0.13592,0.0,0.22147614113175185,327.7252042185074,-0.0,42.44298725252992,0.0,285.28221696597745,285.28221696597745,0.0,0.0
785,2019-02-02 17:00:00,2,2019-02-02 18:00:00,0.13592,0.13592,0.13592,0.0,0.14458667147137164,337.4940596181746,-0.0,52.21184265219715,0.0,285.28221696597745,285.28221696597745,0.0,0.0
786,2019-02-02 18:00:00,2,2019-02-02 19:00:00,0.13592,0.13592,0.13592,0.0,0.05,267.7897482911773,-0.0,0.0,0.0,267.7897482911773,267.7897482911773,0.0,1.0
787,2019-02-02 19:00:00,2,2019-02-02 20:00:00,0.13592,0.13592,0.13592,0.0,0.05,264.8462502085526,-0.0,0.0,0.0,264.8462502085526,264.8462502085526,0.0,1.0
788,2019-02-02 20:00:00,2,2019-02-02 21:00:00,0.13592,0.13592,0.13592,0.0,0.05,229.95765041705909,-0.0,0.0,0.0,229.95765041705909,229.95765041705909,0.0,0.0
789,2019-02-02 21:00:00,2,2019-02-02 22:00:00,0.10531,0.10531,0.10531,0.0,0.05,218.8358662189043,-0.0,0.0,0.0,218.8358662189043,218.8358662189043,0.0,0.0
790,2019-02-02 22:00:00,2,2019-02-02 23:00:00,0.10531,0.10531,0.10531,0.0,0.05,202.79845655255795,-0.0,0.0,0.0,202.79845655255795,202.79845655255795,0.0,0.0
791,2019-02-02 23:00:00,2,2019-02-03 00:00:00,0.10531,0.10531,0.10531,0.0,0.05,203.36668989560252,-0.0,0.0,0.0,203.36668989560252,203.36668989560252,0.0,0.0
792,2019-02-03 00:00:00,2,2019-02-03 01:00:00,0.10531,0.10531,0.10531,0.0,0.05,198.53482533306126,-86.74739163291625,0.0,0.0,285.2822169659775,285.2822169659775,0.0,1.0
793,2019-02-03 01:00:00,2,2019-02-03 02:00:00,0.10531,0.10531,0.10531,0.0,0.18301266717047157,198.02496284725837,-87.25725411871915,0.0,0.0,285.2822169659775,285.2822169659775,0.0,1.0
794,2019-02-03 02:00:00,2,2019-02-03 03:00:00,0.10531,0.10531,0.10531,0.0,0.31680712348584095,195.45410738342736,-89.82810958255016,0.0,0.0,285.2822169659775,285.2822169659775,0.0,1.0
795,2019-02-03 03:00:00,2,2019-02-03 04:00:00,0.10531,0.10531,0.10531,0.0,0.45454355817908454,193.37436972661018,-91.90784723936733,0.0,0.0,285.2822169659775,285.2822169659775,0.0,1.0
796,2019-02-03 04:00:00,2,2019-02-03 05:00:00,0.10531,0.10531,0.10531,0.0,0.5954689239461144,212.76398495380136,-72.51823201217616,0.0,0.0,285.2822169659775,285.2822169659775,0.0,1.0
797,2019-02-03 05:00:00,2,2019-02-03 06:00:00,0.10531,0.10531,0.10531,0.0,0.7066635463647846,215.4614851090563,-69.82073185692121,0.0,0.0,285.2822169659775,285.2822169659775,0.0,1.0
798,2019-02-03 06:00:00,2,2019-02-03 07:00:00,0.10531,0.10531,0.10531,0.0,0.8137220018787304,275.1052873753445,-10.176929590632994,0.0,0.0,285.2822169659775,285.2822169659775,0.0,1.0
799,2019-02-03 07:00:00,2,2019-02-03 08:00:00,0.10531,0.10531,0.10531,0.0,0.8293266272510343,304.40943260423717,-0.0,19.127215638259656,0.0,285.2822169659775,285.2822169659775,0.0,0.0
800,2019-02-03 08:00:00,2,2019-02-03 09:00:00,0.10531,0.10531,0.10531,0.0,0.7946758742831727,314.2871198836812,-0.0,29.004902917703703,0.0,285.2822169659775,285.2822169659775,0.0,0.0
801,2019-02-03 09:00:00,2,2019-02-03 10:00:00,0.10531,0.10531,0.10531,0.0,0.7421307603018253,324.3677064754743,-0.0,39.08548950949677,0.0,285.2822169659775,285.2822169659775,0.0,0.0
802,2019-02-03 10:00:00,2,2019-02-03 11:00:00,0.10531,0.10531,0.10531,0.0,0.671323714088969,329.5617969015939,-0.0,44.27957993561637,0.0,285.2822169659775,285.2822169659775,0.0,0.0
803,2019-02-03 11:00:00,2,2019-02-03 12:00:00,0.10531,0.10531,0.10531,0.0,0.5911070837708233,330.1760470507749,-0.0,44.8938300847974,0.0,285.2822169659775,285.2822169659775,0.0,0.0
804,2019-02-03 12:00:00,2,2019-02-03 13:00:00,0.10531,0.10531,0.10531,0.0,0.5097776814432918,316.4005617155952,-0.0,31.118344749617677,0.0,285.2822169659775,285.2822169659775,0.0,0.0
805,2019-02-03 13:00:00,2,2019-02-03 14:00:00,0.10531,0.10531,0.10531,0.0,0.4534038684910859,323.1712261772654,-0.0,37.889009211287885,0.0,285.2822169659775,285.2822169659775,0.0,0.0
806,2019-02-03 14:00:00,2,2019-02-03 15:00:00,0.10531,0.10531,0.10531,0.0,0.38476435905034695,321.0347202130703,-0.0,35.75250324709276,0.0,285.2822169659775,285.2822169659775,0.0,0.0
807,2019-02-03 15:00:00,2,2019-02-03 16:00:00,0.10531,0.10531,0.10531,0.0,0.3199953314288021,321.3861313462586,-0.0,36.10391438028108,0.0,285.2822169659775,285.2822169659775,0.0,0.0
808,2019-02-03 16:00:00,2,2019-02-03 17:00:00,0.13592,0.13592,0.13592,0.0,0.2545896894355393,327.83269042561847,-0.0,42.550473459640955,0.0,285.2822169659775,285.2822169659775,0.0,0.0
809,2019-02-03 17:00:00,2,2019-02-03 18:00:00,0.13592,0.13592,0.13592,0.0,0.1775054983854651,338.1899496017955,-0.0,70.38303510877674,0.0,267.8069144930188,267.8069144930188,0.0,0.0
810,2019-02-03 18:00:00,2,2019-02-03 19:00:00,0.13592,0.13592,0.13592,0.0,0.05,267.11764532978344,-0.0,0.0,0.0,267.11764532978344,267.11764532978344,0.0,1.0
811,2019-02-03 19:00:00,2,2019-02-03 20:00:00,0.13592,0.13592,0.13592,0.0,0.05,263.8689195786429,-0.0,0.0,0.0,263.8689195786429,263.8689195786429,0.0,1.0
812,2019-02-03 20:00:00,2,2019-02-03 21:00:00,0.13592,0.13592,0.13592,0.0,0.05,229.05641427245664,-0.0,0.0,0.0,229.05641427245664,229.05641427245664,0.0,0.0
813,2019-02-03 21:00:00,2,2019-02-03 22:00:00,0.10531,0.10531,0.10531,0.0,0.05,219.34915583928074,-0.0,0.0,0.0,219.34915583928074,219.34915583928074,0.0,0.0
814,2019-02-03 22:00:00,2,2019-02-03 23:00:00,0.10531,0.10531,0.10531,0.0,0.05,200.839549874154,-0.0,0.0,0.0,200.839549874154,200.839549874154,0.0,0.0
815,2019-02-03 23:00:00,2,2019-02-04 00:00:00,0.10531,0.10531,0.10531,0.0,0.05,201.0235604570679,-0.0,0.0,0.0,201.0235604570679,201.0235604570679,0.0,0.0
816,2019-02-04 00:00:00,2,2019-02-04 01:00:00,0.10531,0.10531,0.10531,0.0,0.05,197.80904521239907,-87.41943018860633,0.0,0.0,285.2284754010054,285.2284754010054,0.0,1.0
817,2019-02-04 01:00:00,2,2019-02-04 02:00:00,0.10531,0.10531,0.10531,0.0,0.1840431262891964,195.90108261492946,-89.32739278607593,0.0,0.0,285.2284754010054,285.2284754010054,0.0,1.0
818,2019-02-04 02:00:00,2,2019-02-04 03:00:00,0.10531,0.10531,0.10531,0.0,0.3210117952278461,197.06547521901453,-88.16300018199087,0.0,0.0,285.2284754010054,285.2284754010054,0.0,1.0
819,2019-02-04 03:00:00,2,2019-02-04 04:00:00,0.10531,0.10531,0.10531,0.0,0.4561950621735655,199.11669672963285,-86.11177867137255,0.0,0.0,285.2284754010054,285.2284754010054,0.0,1.0
820,2019-02-04 04:00:00,2,2019-02-04 05:00:00,0.10531,0.10531,0.10531,0.0,0.5882331228030034,200.76256791655865,-0.0,0.0,0.0,200.76256791655865,200.76256791655865,0.0,0.0
821,2019-02-04 05:00:00,2,2019-02-04 06:00:00,0.10531,0.10531,0.10531,0.0,0.5882331228030034,195.94086527329017,-0.0,0.0,0.0,195.94086527329017,195.94086527329017,0.0,0.0
822,2019-02-04 06:00:00,2,2019-02-04 07:00:00,0.10531,0.10531,0.10531,0.0,0.5882331228030034,211.44715225617782,-73.78132314482758,0.0,0.0,285.2284754010054,285.2284754010054,0.0,1.0
823,2019-02-04 07:00:00,2,2019-02-04 08:00:00,0.10531,0.10531,0.10531,0.0,0.7013644849584056,240.269443876788,-44.959031524217416,0.0,0.0,285.2284754010054,285.2284754010054,0.0,1.0
824,2019-02-04 08:00:00,2,2019-02-04 09:00:00,0.10531,0.10531,0.10531,0.0,0.7703016666288725,243.35310825502947,-41.875367145975936,0.0,0.0,285.2284754010054,285.2284754010054,0.0,1.0
825,2019-02-04 09:00:00,2,2019-02-04 10:00:00,0.10531,0.10531,0.10531,0.0,0.8345105629193686,272.3593739361437,-12.869101464861728,0.0,0.0,285.2284754010054,285.2284754010054,0.0,1.0
826,2019-02-04 10:00:00,2,2019-02-04 11:00:00,0.10531,0.10531,0.10531,0.0,0.85424318516549,277.0473812734995,-8.18109412750588,0.0,0.0,285.2284754010054,285.2284754010054,0.0,1.0
827,2019-02-04 11:00:00,2,2019-02-04 12:00:00,0.10531,0.10531,0.10531,0.0,0.8667875294943322,280.0645137669922,-5.163961634013198,0.0,0.0,285.2284754010054,285.2284754010054,0.0,1.0
828,2019-02-04 12:00:00,2,2019-02-04 13:00:00,0.10531,0.10531,0.10531,0.0,0.8747056039998191,274.7417653264102,-10.48671007459523,0.0,0.0,285.2284754010054,285.2284754010054,0.0,1.0
829,2019-02-04 13:00:00,2,2019-02-04 14:00:00,0.10531,0.10531,0.10531,0.0,0.8907852261141985,269.6169178974446,-15.611557503560839,0.0,0.0,285.2284754010054,285.2284754010054,0.0,1.0
830,2019-02-04 14:00:00,2,2019-02-04 15:00:00,0.10531,0.10531,0.10531,0.0,0.9147229476196584,267.0731191402749,-18.155356260730507,0.0,0.0,285.2284754010054,285.2284754010054,0.0,1.0
831,2019-02-04 15:00:00,2,2019-02-04 16:00:00,0.10531,0.10531,0.10531,0.0,0.9425611605527786,247.76836271803492,-37.4601126829705,0.0,0.0,285.2284754010054,285.2284754010054,0.0,1.0
832,2019-02-04 16:00:00,2,2019-02-04 17:00:00,0.13592,0.13592,0.13592,0.0,1.0,254.44408050320794,-0.0,254.44408050320794,0.0,0.0,0.0,0.0,0.0
833,2019-02-04 17:00:00,2,2019-02-04 18:00:00,0.13592,0.13592,0.13592,0.0,0.5390505787985364,250.24196255219667,-0.0,250.24196255219667,0.0,0.0,0.0,0.0,0.0
834,2019-02-04 18:00:00,2,2019-02-04 19:00:00,0.13592,0.13592,0.13592,0.0,0.08571369011702065,238.5732617869437,-0.0,19.713956944595402,0.0,218.8593048423483,218.8593048423483,0.0,0.0
835,2019-02-04 19:00:00,2,2019-02-04 20:00:00,0.13592,0.13592,0.13592,0.0,0.05,235.4280433442664,-0.0,0.0,0.0,235.4280433442664,235.4280433442664,0.0,0.0
836,2019-02-04 20:00:00,2,2019-02-04 21:00:00,0.13592,0.13592,0.13592,0.0,0.05,206.6519287812853,-0.0,0.0,0.0,206.6519287812853,206.6519287812853,0.0,0.0
837,2019-02-04 21:00:00,2,2019-02-04 22:00:00,0.10531,0.10531,0.10531,0.0,0.05,205.62527079397194,-0.0,0.0,0.0,205.62527079397194,205.62527079397194,0.0,0.0
838,2019-02-04 22:00:00,2,2019-02-04 23:00:00,0.10531,0.10531,0.10531,0.0,0.05,203.4845507898699,-0.0,0.0,0.0,203.4845507898699,203.4845507898699,0.0,0.0
839,2019-02-04 23:00:00,2,2019-02-05 00:00:00,0.10531,0.10531,0.10531,0.0,0.05,203.1072856056123,-0.0,0.0,0.0,203.1072856056123,203.1072856056123,0.0,0.0
840,2019-02-05 00:00:00,2,2019-02-05 01:00:00,0.10531,0.10531,0.10531,0.0,0.05,196.5226729978253,-0.0,0.0,0.0,196.5226729978253,196.5226729978253,0.0,0.0
841,2019-02-05 01:00:00,2,2019-02-05 02:00:00,0.10531,0.10531,0.10531,0.0,0.05,196.08561168450322,-88.69967762600402,0.0,0.0,284.7852893105072,284.7852893105072,0.0,1.0
842,2019-02-05 02:00:00,2,2019-02-05 03:00:00,0.10531,0.10531,0.10531,0.0,0.18600617235987285,196.8664921718766,-87.91879713863081,0.0,0.0,284.7852893105074,284.7852893105074,0.0,1.0
843,2019-02-05 03:00:00,2,2019-02-05 04:00:00,0.10531,0.10531,0.10531,0.0,0.32081499463910673,196.90743955055225,-0.0,0.0,0.0,196.90743955055225,196.90743955055225,0.0,0.0
844,2019-02-05 04:00:00,2,2019-02-05 05:00:00,0.10531,0.10531,0.10531,0.0,0.32081499463910673,197.21205559702074,-0.0,0.0,0.0,197.21205559702074,197.21205559702074,0.0,0.0
845,2019-02-05 05:00:00,2,2019-02-05 06:00:00,0.10531,0.10531,0.10531,0.0,0.32081499463910673,195.56983008743717,-0.0,0.0,0.0,195.56983008743717,195.56983008743717,0.0,0.0
846,2019-02-05 06:00:00,2,2019-02-05 07:00:00,0.10531,0.10531,0.10531,0.0,0.32081499463910673,214.71599498558098,-70.06929432492626,0.0,0.0,284.7852893105072,284.7852893105072,0.0,1.0
847,2019-02-05 07:00:00,2,2019-02-05 08:00:00,0.10531,0.10531,0.10531,0.0,0.42825457927066035,211.98725361598002,-72.79803569452721,0.0,0.0,284.7852893105072,284.7852893105072,0.0,1.0
848,2019-02-05 08:00:00,2,2019-02-05 09:00:00,0.10531,0.10531,0.10531,0.0,0.5398782340022688,231.69574766056735,-53.08954164993989,0.0,0.0,284.7852893105072,284.7852893105072,0.0,1.0
849,2019-02-05 09:00:00,2,2019-02-05 10:00:00,0.10531,0.10531,0.10531,0.0,0.6212821978655099,231.8345994769471,-52.95068983356015,0.0,0.0,284.7852893105072,284.7852893105072,0.0,1.0
850,2019-02-05 10:00:00,2,2019-02-05 11:00:00,0.10531,0.10531,0.10531,0.0,0.7024732556103022,235.21096228005237,-49.57432703045487,0.0,0.0,284.7852893105072,284.7852893105072,0.0,1.0
851,2019-02-05 11:00:00,2,2019-02-05 12:00:00,0.10531,0.10531,0.10531,0.0,0.7784872237236663,236.84069757490755,-0.0,0.0,0.0,236.84069757490755,236.84069757490755,0.0,0.0
852,2019-02-05 12:00:00,2,2019-02-05 13:00:00,0.10531,0.10531,0.10531,0.0,0.7784872237236663,238.6281952942861,-45.577003447633295,0.0,0.0,284.2051987419194,284.2051987419194,0.0,1.0
853,2019-02-05 13:00:00,2,2019-02-05 14:00:00,0.10531,0.10531,0.10531,0.0,0.8483719623433706,238.21443055193342,-0.0,0.0,0.0,238.21443055193342,238.21443055193342,0.0,0.0
854,2019-02-05 14:00:00,2,2019-02-05 15:00:00,0.10531,0.10531,0.10531,0.0,0.8483719623433706,235.88582750915415,-49.39638945682336,0.0,0.0,285.2822169659775,285.2822169659775,0.0,1.0
855,2019-02-05 15:00:00,2,2019-02-05 16:00:00,0.10531,0.10531,0.10531,0.0,0.924113092843833,235.79075577717302,-49.49146118880449,0.0,0.0,285.2822169659775,285.2822169659775,0.0,1.0
856,2019-02-05 16:00:00,2,2019-02-05 17:00:00,0.13592,0.13592,0.13592,0.0,1.0,232.96471244107875,-0.0,232.96471244107875,0.0,0.0,0.0,0.0,0.0
857,2019-02-05 17:00:00,2,2019-02-05 18:00:00,0.13592,0.13592,0.13592,0.0,0.577962477461814,223.0596820938131,-0.0,223.0596820938131,0.0,0.0,0.0,0.0,0.0
858,2019-02-05 18:00:00,2,2019-02-05 19:00:00,0.13592,0.13592,0.13592,0.0,0.17386885048026846,215.26708416573408,-0.0,68.3756054651082,0.0,146.8914787006259,146.8914787006259,0.0,0.0
859,2019-02-05 19:00:00,2,2019-02-05 20:00:00,0.13592,0.13592,0.13592,0.0,0.05,211.85102142450248,-0.0,0.0,0.0,211.85102142450248,211.85102142450248,0.0,0.0
860,2019-02-05 20:00:00,2,2019-02-05 21:00:00,0.13592,0.13592,0.13592,0.0,0.05,203.15542191676528,-0.0,0.0,0.0,203.15542191676528,203.15542191676528,0.0,0.0
861,2019-02-05 21:00:00,2,2019-02-05 22:00:00,0.10531,0.10531,0.10531,0.0,0.05,202.95705324300843,-0.0,0.0,0.0,202.95705324300843,202.95705324300843,0.0,0.0
862,2019-02-05 22:00:00,2,2019-02-05 23:00:00,0.10531,0.10531,0.10531,0.0,0.05,199.53985831612184,-0.0,0.0,0.0,199.53985831612184,199.53985831612184,0.0,0.0
863,2019-02-05 23:00:00,2,2019-02-06 00:00:00,0.10531,0.10531,0.10531,0.0,0.05,199.58568942582997,-0.0,0.0,0.0,199.58568942582997,199.58568942582997,0.0,0.0
864,2019-02-06 00:00:00,2,2019-02-06 01:00:00,0.10531,0.10531,0.10531,0.0,0.05,199.14024305213235,-86.14197391384516,0.0,0.0,285.2822169659775,285.2822169659775,0.0,1.0
865,2019-02-06 01:00:00,2,2019-02-06 02:00:00,0.10531,0.10531,0.10531,0.0,0.18208436000122924,196.6045043485712,-88.67771261740631,0.0,0.0,285.2822169659775,285.2822169659775,0.0,1.0
866,2019-02-06 02:00:00,2,2019-02-06 03:00:00,0.10531,0.10531,0.10531,0.0,0.3180568526812523,195.05675287098194,-90.22546409499557,0.0,0.0,285.2822169659775,285.2822169659775,0.0,1.0
867,2019-02-06 03:00:00,2,2019-02-06 04:00:00,0.10531,0.10531,0.10531,0.0,0.4564025642935788,194.5085937305761,-90.7736232354014,0.0,0.0,285.2822169659775,285.2822169659775,0.0,1.0
868,2019-02-06 04:00:00,2,2019-02-06 05:00:00,0.10531,0.10531,0.10531,0.0,0.595588786587861,213.85523494679651,-71.426982019181,0.0,0.0,285.2822169659775,285.2822169659775,0.0,1.0
869,2019-02-06 05:00:00,2,2019-02-06 06:00:00,0.10531,0.10531,0.10531,0.0,0.7051101590172718,213.65622894464713,-71.62598802133039,0.0,0.0,285.2822169659775,285.2822169659775,0.0,1.0
870,2019-02-06 06:00:00,2,2019-02-06 07:00:00,0.10531,0.10531,0.10531,0.0,0.8149366739833118,269.1798022702906,-16.10241469568689,0.0,0.0,285.2822169659775,285.2822169659775,0.0,1.0
871,2019-02-06 07:00:00,2,2019-02-06 08:00:00,0.10531,0.10531,0.10531,0.0,0.839627043183365,294.9640798321408,-0.0,9.681862866163272,0.0,285.2822169659775,285.2822169659775,0.0,0.0
872,2019-02-06 08:00:00,2,2019-02-06 09:00:00,0.10531,0.10531,0.10531,0.0,0.822087436541765,310.193183509854,-0.0,24.910966543876498,0.0,285.2822169659775,285.2822169659775,0.0,0.0
873,2019-02-06 09:00:00,2,2019-02-06 10:00:00,0.10531,0.10531,0.10531,0.0,0.7769588739622786,321.1731359762283,-0.0,35.8909190102508,0.0,285.2822169659775,285.2822169659775,0.0,0.0
874,2019-02-06 10:00:00,2,2019-02-06 11:00:00,0.10531,0.10531,0.10531,0.0,0.7119390931466069,326.0927860504984,-0.0,40.810569084520864,0.0,285.2822169659775,285.2822169659775,0.0,0.0
875,2019-02-06 11:00:00,2,2019-02-06 12:00:00,0.10531,0.10531,0.10531,0.0,0.6380069027760981,329.0410408563959,-0.0,43.7588238904184,0.0,285.2822169659775,285.2822169659775,0.0,0.0
876,2019-02-06 12:00:00,2,2019-02-06 13:00:00,0.10531,0.10531,0.10531,0.0,0.5587336710905575,320.95972600588925,-0.0,35.67750903991174,0.0,285.2822169659775,285.2822169659775,0.0,0.0
877,2019-02-06 13:00:00,2,2019-02-06 14:00:00,0.10531,0.10531,0.10531,0.0,0.49410050253999277,329.70019729689636,-0.0,44.41798033091885,0.0,285.2822169659775,285.2822169659775,0.0,0.0
878,2019-02-06 14:00:00,2,2019-02-06 15:00:00,0.10531,0.10531,0.10531,0.0,0.41363314686803826,328.78899992555074,-0.0,43.50678295957323,0.0,285.2822169659775,285.2822169659775,0.0,0.0
879,2019-02-06 15:00:00,2,2019-02-06 16:00:00,0.10531,0.10531,0.10531,0.0,0.33481651107170995,330.19474890894753,-0.0,44.91253194297002,0.0,285.2822169659775,285.2822169659775,0.0,0.0
880,2019-02-06 16:00:00,2,2019-02-06 17:00:00,0.13592,0.13592,0.13592,0.0,0.25345322856632946,331.69786975065784,-0.0,64.7566140609647,0.0,266.94125568969315,266.94125568969315,0.0,0.0
881,2019-02-06 17:00:00,2,2019-02-06 18:00:00,0.13592,0.13592,0.13592,0.0,0.13614052193414708,332.8317850736267,-0.0,47.54956810764918,0.0,285.2822169659775,285.2822169659775,0.0,0.0
882,2019-02-06 18:00:00,2,2019-02-06 19:00:00,0.13592,0.13592,0.13592,0.0,0.05,266.2400979566913,-0.0,0.0,0.0,266.2400979566913,266.2400979566913,0.0,1.0
883,2019-02-06 19:00:00,2,2019-02-06 20:00:00,0.13592,0.13592,0.13592,0.0,0.05,263.8305841389309,-0.0,0.0,0.0,263.8305841389309,263.8305841389309,0.0,1.0
884,2019-02-06 20:00:00,2,2019-02-06 21:00:00,0.13592,0.13592,0.13592,0.0,0.05,230.15588261526088,-0.0,0.0,0.0,230.15588261526088,230.15588261526088,0.0,0.0
885,2019-02-06 21:00:00,2,2019-02-06 22:00:00,0.10531,0.10531,0.10531,0.0,0.05,220.24473063659914,-32.161618175558495,0.0,0.0,252.40634881215763,252.40634881215763,0.0,1.0
886,2019-02-06 22:00:00,2,2019-02-06 23:00:00,0.10531,0.10531,0.10531,0.0,0.09931448120252304,203.31097943256995,-0.0,0.0,0.0,203.31097943256995,203.31097943256995,0.0,0.0
887,2019-02-06 23:00:00,2,2019-02-07 00:00:00,0.10531,0.10531,0.10531,0.0,0.09931448120252304,203.32822849804143,-0.0,0.0,0.0,203.32822849804143,203.32822849804143,0.0,0.0
888,2019-02-07 00:00:00,2,2019-02-07 01:00:00,0.10531,0.10531,0.10531,0.0,0.09931448120252304,200.39837307377056,-88.35287102852877,0.0,0.0,288.7512441022993,288.7512441022993,0.0,1.0
889,2019-02-07 01:00:00,2,2019-02-07 02:00:00,0.10531,0.10531,0.10531,0.0,0.23478888344626717,200.73284133054923,-88.01840277175009,0.0,0.0,288.7512441022993,288.7512441022993,0.0,1.0
890,2019-02-07 02:00:00,2,2019-02-07 03:00:00,0.10531,0.10531,0.10531,0.0,0.3697504343629507,201.1905956389665,-87.56064846333283,0.0,0.0,288.7512441022993,288.7512441022993,0.0,1.0
891,2019-02-07 03:00:00,2,2019-02-07 04:00:00,0.10531,0.10531,0.10531,0.0,0.504010095340061,201.82756493117645,-86.92367917112287,0.0,0.0,288.7512441022993,288.7512441022993,0.0,1.0
892,2019-02-07 04:00:00,2,2019-02-07 05:00:00,0.10531,0.10531,0.10531,0.0,0.637293070069116,225.96430329354644,-62.786940808752895,0.0,0.0,288.7512441022993,288.7512441022993,0.0,1.0
893,2019-02-07 05:00:00,2,2019-02-07 06:00:00,0.10531,0.10531,0.10531,0.0,0.7335663793092038,226.67994665382957,-62.07129744846976,0.0,0.0,288.7512441022993,288.7512441022993,0.0,1.0
894,2019-02-07 06:00:00,2,2019-02-07 07:00:00,0.10531,0.10531,0.10531,0.0,0.8287423687301907,283.6258795100333,-5.125364592266016,0.0,0.0,288.7512441022993,288.7512441022993,0.0,1.0
895,2019-02-07 07:00:00,2,2019-02-07 08:00:00,0.10531,0.10531,0.10531,0.0,0.8366012611049987,309.50422256399366,-0.0,20.75297846169434,0.0,288.7512441022993,288.7512441022993,0.0,0.0
896,2019-02-07 08:00:00,2,2019-02-07 09:00:00,0.10531,0.10531,0.10531,0.0,0.7990052856309147,319.91433128235906,-0.0,31.163087180059733,0.0,288.7512441022993,288.7512441022993,0.0,0.0
897,2019-02-07 09:00:00,2,2019-02-07 10:00:00,0.10531,0.10531,0.10531,0.0,0.7425504175510963,329.5619916289623,-0.0,40.810747526662965,0.0,288.7512441022993,288.7512441022993,0.0,0.0
898,2019-02-07 10:00:00,2,2019-02-07 11:00:00,0.10531,0.10531,0.10531,0.0,0.6686179039158372,332.0668142571574,-0.0,43.31557015485805,0.0,288.7512441022993,288.7512441022993,0.0,0.0
899,2019-02-07 11:00:00,2,2019-02-07 12:00:00,0.10531,0.10531,0.10531,0.0,0.590147668128051,333.0289799280112,-0.0,44.277735825711886,0.0,288.7512441022993,288.7512441022993,0.0,0.0
900,2019-02-07 12:00:00,2,2019-02-07 13:00:00,0.10531,0.10531,0.10531,0.0,0.5099343785887178,323.20133728818263,-0.0,34.45009318588328,0.0,288.7512441022993,288.7512441022993,0.0,0.0
901,2019-02-07 13:00:00,2,2019-02-07 14:00:00,0.10531,0.10531,0.10531,0.0,0.44752478948385677,331.9078006411113,-0.0,43.15655653881197,0.0,288.7512441022993,288.7512441022993,0.0,0.0
902,2019-02-07 14:00:00,2,2019-02-07 15:00:00,0.10531,0.10531,0.10531,0.0,0.3693426218410815,331.81945794081213,-0.0,43.068213838512804,0.0,288.7512441022993,288.7512441022993,0.0,0.0
903,2019-02-07 15:00:00,2,2019-02-07 16:00:00,0.10531,0.10531,0.10531,0.0,0.29132049532203663,332.51392332121486,-0.0,43.76267921891554,0.0,288.7512441022993,288.7512441022993,0.0,0.0
904,2019-02-07 16:00:00,2,2019-02-07 17:00:00,0.13592,0.13592,0.13592,0.0,0.21204027934574038,333.1825898677508,-0.0,44.431345765451454,0.0,288.7512441022993,288.7512441022993,0.0,0.0
905,2019-02-07 17:00:00,2,2019-02-07 18:00:00,0.13592,0.13592,0.13592,0.0,0.13154871093006743,333.76613253569656,-0.0,45.01488843339722,0.0,288.7512441022993,288.7512441022993,0.0,0.0
906,2019-02-07 18:00:00,2,2019-02-07 19:00:00,0.13592,0.13592,0.13592,0.0,0.05,267.1715944452981,-0.0,0.0,0.0,267.1715944452981,267.1715944452981,0.0,1.0
907,2019-02-07 19:00:00,2,2019-02-07 20:00:00,0.13592,0.13592,0.13592,0.0,0.05,265.10537433831485,-0.0,0.0,0.0,265.10537433831485,265.10537433831485,0.0,0.0
908,2019-02-07 20:00:00,2,2019-02-07 21:00:00,0.13592,0.13592,0.13592,0.0,0.05,225.84371409694478,-0.0,0.0,0.0,225.84371409694478,225.84371409694478,0.0,0.0
909,2019-02-07 21:00:00,2,2019-02-07 22:00:00,0.10531,0.10531,0.10531,0.0,0.05,213.88783846723703,-0.0,0.0,0.0,213.88783846723703,213.88783846723703,0.0,0.0
910,2019-02-07 22:00:00,2,2019-02-07 23:00:00,0.10531,0.10531,0.10531,0.0,0.05,200.69534220731987,-0.0,0.0,0.0,200.69534220731987,200.69534220731987,0.0,0.0
911,2019-02-07 23:00:00,2,2019-02-08 00:00:00,0.10531,0.10531,0.10531,0.0,0.05,202.56699699047695,-0.0,0.0,0.0,202.56699699047695,202.56699699047695,0.0,0.0
912,2019-02-08 00:00:00,2,2019-02-08 01:00:00,0.10531,0.10531,0.10531,0.0,0.05,197.95565537046383,-90.7955887318355,0.0,0.0,288.7512441022993,288.7512441022993,0.0,1.0
913,2019-02-08 01:00:00,2,2019-02-08 02:00:00,0.10531,0.10531,0.10531,0.0,0.18921990272214775,197.22023383984387,-91.53101026245545,0.0,0.0,288.7512441022993,288.7512441022993,0.0,1.0
914,2019-02-08 02:00:00,2,2019-02-08 03:00:00,0.10531,0.10531,0.10531,0.0,0.32956745179124614,197.73462566221906,-91.01661844008026,0.0,0.0,288.7512441022993,288.7512441022993,0.0,1.0
915,2019-02-08 03:00:00,2,2019-02-08 04:00:00,0.10531,0.10531,0.10531,0.0,0.4691262667327026,197.60511269554993,-91.14613140674939,0.0,0.0,288.7512441022993,288.7512441022993,0.0,1.0
916,2019-02-08 04:00:00,2,2019-02-08 05:00:00,0.10531,0.10531,0.10531,0.0,0.6088836682230517,220.60067727888878,-68.15056682341054,0.0,0.0,288.7512441022993,288.7512441022993,0.0,1.0
917,2019-02-08 05:00:00,2,2019-02-08 06:00:00,0.10531,0.10531,0.10531,0.0,0.7133812040189479,221.22350420834925,-67.52773989395007,0.0,0.0,288.7512441022993,288.7512441022993,0.0,1.0
918,2019-02-08 06:00:00,2,2019-02-08 07:00:00,0.10531,0.10531,0.10531,0.0,0.8169237385230047,278.00079780605944,-10.750446296239886,0.0,0.0,288.7512441022993,288.7512441022993,0.0,1.0
919,2019-02-08 07:00:00,2,2019-02-08 08:00:00,0.10531,0.10531,0.10531,0.0,0.8334077561772392,306.1233788189849,-0.0,17.372134716685594,0.0,288.7512441022993,288.7512441022993,0.0,0.0
920,2019-02-08 08:00:00,2,2019-02-08 09:00:00,0.10531,0.10531,0.10531,0.0,0.8019364976325188,316.6788990806087,-0.0,27.927654978309363,0.0,288.7512441022993,288.7512441022993,0.0,0.0
921,2019-02-08 09:00:00,2,2019-02-08 10:00:00,0.10531,0.10531,0.10531,0.0,0.7513429197732627,326.3315254338316,-0.0,37.58028133153226,0.0,288.7512441022993,288.7512441022993,0.0,0.0
922,2019-02-08 10:00:00,2,2019-02-08 11:00:00,0.10531,0.10531,0.10531,0.0,0.6832626999697623,330.3493580885677,-0.0,41.5981139862684,0.0,288.7512441022993,288.7512441022993,0.0,0.0
923,2019-02-08 11:00:00,2,2019-02-08 12:00:00,0.10531,0.10531,0.10531,0.0,0.6079037978207253,332.78136870986833,-0.0,44.03012460756901,0.0,288.7512441022993,288.7512441022993,0.0,0.0
924,2019-02-08 12:00:00,2,2019-02-08 13:00:00,0.10531,0.10531,0.10531,0.0,0.5281390793287525,322.73464620055944,-0.0,33.983402098260115,0.0,288.7512441022993,288.7512441022993,0.0,0.0
925,2019-02-08 13:00:00,2,2019-02-08 14:00:00,0.10531,0.10531,0.10531,0.0,0.466574945092774,331.4678784247913,-0.0,42.716634322491984,0.0,288.7512441022993,288.7512441022993,0.0,0.0
926,2019-02-08 14:00:00,2,2019-02-08 15:00:00,0.10531,0.10531,0.10531,0.0,0.38918973798681017,331.7697478021514,-0.0,43.01850369985209,0.0,288.7512441022993,288.7512441022993,0.0,0.0
927,2019-02-08 15:00:00,2,2019-02-08 16:00:00,0.10531,0.10531,0.10531,0.0,0.3112576660667883,331.10746306048145,-0.0,42.356218958182126,0.0,288.7512441022993,288.7512441022993,0.0,0.0
928,2019-02-08 16:00:00,2,2019-02-08 17:00:00,0.13592,0.13592,0.13592,0.0,0.23452538534544384,332.05030525421734,-0.0,43.29906115191801,0.0,288.7512441022993,288.7512441022993,0.0,0.0
929,2019-02-08 17:00:00,2,2019-02-08 18:00:00,0.13592,0.13592,0.13592,0.0,0.1560850571716793,333.8772791478038,-0.0,58.558951558766985,0.0,275.3183275890368,275.3183275890368,0.0,0.0
930,2019-02-08 18:00:00,2,2019-02-08 19:00:00,0.13592,0.13592,0.13592,0.0,0.05,266.1106477209848,-0.0,0.0,0.0,266.1106477209848,266.1106477209848,0.0,1.0
931,2019-02-08 19:00:00,2,2019-02-08 20:00:00,0.13592,0.13592,0.13592,0.0,0.05,264.45380900259516,-0.0,0.0,0.0,264.45380900259516,264.45380900259516,0.0,0.0
932,2019-02-08 20:00:00,2,2019-02-08 21:00:00,0.13592,0.13592,0.13592,0.0,0.05,229.78570191384262,-0.0,0.0,0.0,229.78570191384262,229.78570191384262,0.0,0.0
933,2019-02-08 21:00:00,2,2019-02-08 22:00:00,0.10531,0.10531,0.10531,0.0,0.05,218.0294966964376,-0.0,0.0,0.0,218.0294966964376,218.0294966964376,0.0,0.0
934,2019-02-08 22:00:00,2,2019-02-08 23:00:00,0.10531,0.10531,0.10531,0.0,0.05,202.021927555402,-0.0,0.0,0.0,202.021927555402,202.021927555402,0.0,0.0
935,2019-02-08 23:00:00,2,2019-02-09 00:00:00,0.10531,0.10531,0.10531,0.0,0.05,202.1077259440991,-0.0,0.0,0.0,202.1077259440991,202.1077259440991,0.0,0.0
936,2019-02-09 00:00:00,2,2019-02-09 01:00:00,0.10531,0.10531,0.10531,0.0,0.05,197.82875276852084,-90.92249133377848,0.0,0.0,288.7512441022993,288.7512441022993,0.0,1.0
937,2019-02-09 01:00:00,2,2019-02-09 02:00:00,0.10531,0.10531,0.10531,0.0,0.18941448671179367,198.76983852571635,-89.98140557658297,0.0,0.0,288.7512441022993,288.7512441022993,0.0,1.0
938,2019-02-09 02:00:00,2,2019-02-09 03:00:00,0.10531,0.10531,0.10531,0.0,0.32738597526255425,199.01466148426667,-89.73658261803266,0.0,0.0,288.7512441022993,288.7512441022993,0.0,1.0
939,2019-02-09 03:00:00,2,2019-02-09 04:00:00,0.10531,0.10531,0.10531,0.0,0.46498206861020436,198.4461374562502,-90.30510664604913,0.0,0.0,288.7512441022993,288.7512441022993,0.0,1.0
940,2019-02-09 04:00:00,2,2019-02-09 05:00:00,0.10531,0.10531,0.10531,0.0,0.603449898800813,220.02124504903296,-68.72999905326637,0.0,0.0,288.7512441022993,288.7512441022993,0.0,1.0
941,2019-02-09 05:00:00,2,2019-02-09 06:00:00,0.10531,0.10531,0.10531,0.0,0.7088358973491548,216.34744703804847,-72.40379706425085,0.0,0.0,288.7512441022993,288.7512441022993,0.0,1.0
942,2019-02-09 06:00:00,2,2019-02-09 07:00:00,0.10531,0.10531,0.10531,0.0,0.8198550528476728,273.7251674781235,-15.0260766241758,0.0,0.0,288.7512441022993,288.7512441022993,0.0,1.0
943,2019-02-09 07:00:00,2,2019-02-09 08:00:00,0.10531,0.10531,0.10531,0.0,0.8428950370047423,305.4605223347771,-0.0,16.7092782324778,0.0,288.7512441022993,288.7512441022993,0.0,0.0
944,2019-02-09 08:00:00,2,2019-02-09 09:00:00,0.10531,0.10531,0.10531,0.0,0.8126246054241667,314.23479679988213,-0.0,25.48355269758281,0.0,288.7512441022993,288.7512441022993,0.0,0.0
945,2019-02-09 09:00:00,2,2019-02-09 10:00:00,0.10531,0.10531,0.10531,0.0,0.7664587490879659,324.97539598058165,-0.0,36.22415187828233,0.0,288.7512441022993,288.7512441022993,0.0,0.0
946,2019-02-09 10:00:00,2,2019-02-09 11:00:00,0.10531,0.10531,0.10531,0.0,0.700835285540353,330.2663234968234,-0.0,41.51507939452409,0.0,288.7512441022993,288.7512441022993,0.0,0.0
947,2019-02-09 11:00:00,2,2019-02-09 12:00:00,0.10531,0.10531,0.10531,0.0,0.6256268083763601,332.97183485908135,-0.0,44.22059075678203,0.0,288.7512441022993,288.7512441022993,0.0,0.0
948,2019-02-09 12:00:00,2,2019-02-09 13:00:00,0.10531,0.10531,0.10531,0.0,0.5455170425126246,321.39349352679915,-0.0,32.64224942449982,0.0,288.7512441022993,288.7512441022993,0.0,0.0
949,2019-02-09 13:00:00,2,2019-02-09 14:00:00,0.10531,0.10531,0.10531,0.0,0.48638253268563214,324.3959318519945,-0.0,35.64468774969515,0.0,288.7512441022993,288.7512441022993,0.0,0.0
950,2019-02-09 14:00:00,2,2019-02-09 15:00:00,0.10531,0.10531,0.10531,0.0,0.42180882299415545,323.03739236509915,-0.0,34.28614826279983,0.0,288.7512441022993,288.7512441022993,0.0,0.0
951,2019-02-09 15:00:00,2,2019-02-09 16:00:00,0.10531,0.10531,0.10531,0.0,0.35969623556154706,322.84269203237534,-0.0,34.091447930076015,0.0,288.7512441022993,288.7512441022993,0.0,0.0
952,2019-02-09 16:00:00,2,2019-02-09 17:00:00,0.13592,0.13592,0.13592,0.0,0.29793636612300356,326.8936288952491,-0.0,89.79644325948392,0.0,237.0971856357652,237.0971856357652,0.0,0.0
953,2019-02-09 17:00:00,2,2019-02-09 18:00:00,0.13592,0.13592,0.13592,0.0,0.13526165007321386,335.8156749427134,-0.0,47.06443084041405,0.0,288.7512441022993,288.7512441022993,0.0,0.0
954,2019-02-09 18:00:00,2,2019-02-09 19:00:00,0.13592,0.13592,0.13592,0.0,0.05,267.6234203827789,-0.0,0.0,0.0,267.6234203827789,267.6234203827789,0.0,1.0
955,2019-02-09 19:00:00,2,2019-02-09 20:00:00,0.13592,0.13592,0.13592,0.0,0.05,265.0416848301795,-0.0,0.0,0.0,265.0416848301795,265.0416848301795,0.0,1.0
956,2019-02-09 20:00:00,2,2019-02-09 21:00:00,0.13592,0.13592,0.13592,0.0,0.05,229.98864995063838,-0.0,0.0,0.0,229.98864995063838,229.98864995063838,0.0,0.0
957,2019-02-09 21:00:00,2,2019-02-09 22:00:00,0.10531,0.10531,0.10531,0.0,0.05,219.17375877647828,-0.0,0.0,0.0,219.17375877647828,219.17375877647828,0.0,0.0
958,2019-02-09 22:00:00,2,2019-02-09 23:00:00,0.10531,0.10531,0.10531,0.0,0.05,203.38692135106652,-0.0,0.0,0.0,203.38692135106652,203.38692135106652,0.0,0.0
959,2019-02-09 23:00:00,2,2019-02-10 00:00:00,0.10531,0.10531,0.10531,0.0,0.05,204.1454895969621,-0.0,0.0,0.0,204.1454895969621,204.1454895969621,0.0,0.0
960,2019-02-10 00:00:00,2,2019-02-10 01:00:00,0.10531,0.10531,0.10531,0.0,0.05,200.4153728612651,-88.33587124103423,0.0,0.0,288.7512441022993,288.7512441022993,0.0,1.0
961,2019-02-10 01:00:00,2,2019-02-10 02:00:00,0.10531,0.10531,0.10531,0.0,0.18544833590291915,200.25013426863958,-88.50110983365974,0.0,0.0,288.7512441022993,288.7512441022993,0.0,1.0
962,2019-02-10 02:00:00,2,2019-02-10 03:00:00,0.10531,0.10531,0.10531,0.0,0.32115003764786415,199.51784978961692,-89.2333943126824,0.0,0.0,288.7512441022993,288.7512441022993,0.0,1.0
963,2019-02-10 03:00:00,2,2019-02-10 04:00:00,0.10531,0.10531,0.10531,0.0,0.45797457559397714,199.73259987591283,-89.0186442263865,0.0,0.0,288.7512441022993,288.7512441022993,0.0,1.0
964,2019-02-10 04:00:00,2,2019-02-10 05:00:00,0.10531,0.10531,0.10531,0.0,0.5944698300744364,218.2620454915957,-70.48919861070362,0.0,0.0,288.7512441022993,288.7512441022993,0.0,1.0
965,2019-02-10 05:00:00,2,2019-02-10 06:00:00,0.10531,0.10531,0.10531,0.0,0.702553267944182,218.83987822982627,-69.91136587247306,0.0,0.0,288.7512441022993,288.7512441022993,0.0,1.0
966,2019-02-10 06:00:00,2,2019-02-10 07:00:00,0.10531,0.10531,0.10531,0.0,0.8097506956153073,276.1050789177889,-12.646165184510437,0.0,0.0,288.7512441022993,288.7512441022993,0.0,1.0
967,2019-02-10 07:00:00,2,2019-02-10 08:00:00,0.10531,0.10531,0.10531,0.0,0.8291414822315567,305.0831838824966,-0.0,16.331939780197274,0.0,288.7512441022993,288.7512441022993,0.0,0.0
968,2019-02-10 08:00:00,2,2019-02-10 09:00:00,0.10531,0.10531,0.10531,0.0,0.7995546348036631,314.85270307348065,-0.0,26.10145897118133,0.0,288.7512441022993,288.7512441022993,0.0,0.0
969,2019-02-10 09:00:00,2,2019-02-10 10:00:00,0.10531,0.10531,0.10531,0.0,0.7522693830442767,325.35130216582473,-0.0,36.60005806352541,0.0,288.7512441022993,288.7512441022993,0.0,0.0
970,2019-02-10 10:00:00,2,2019-02-10 11:00:00,0.10531,0.10531,0.10531,0.0,0.6859649300306437,327.3762419055816,-0.0,38.62499780328227,0.0,288.7512441022993,288.7512441022993,0.0,0.0
971,2019-02-10 11:00:00,2,2019-02-10 12:00:00,0.10531,0.10531,0.10531,0.0,0.6159921079232483,325.1388348301807,-0.0,36.38759072788139,0.0,288.7512441022993,288.7512441022993,0.0,0.0
972,2019-02-10 12:00:00,2,2019-02-10 13:00:00,0.10531,0.10531,0.10531,0.0,0.5500725595031732,311.7145348659972,-0.0,22.9632907636979,0.0,288.7512441022993,288.7512441022993,0.0,0.0
973,2019-02-10 13:00:00,2,2019-02-10 14:00:00,0.10531,0.10531,0.10531,0.0,0.5084723950761842,318.0525628774008,-0.0,29.301318775101493,0.0,288.7512441022993,288.7512441022993,0.0,0.0
974,2019-02-10 14:00:00,2,2019-02-10 15:00:00,0.10531,0.10531,0.10531,0.0,0.45539029584592794,317.00042810755355,-0.0,28.24918400525422,0.0,288.7512441022993,288.7512441022993,0.0,0.0
975,2019-02-10 15:00:00,2,2019-02-10 16:00:00,0.10531,0.10531,0.10531,0.0,0.4042142378653949,318.68554079193245,-0.0,29.93429668963313,0.0,288.7512441022993,288.7512441022993,0.0,0.0
976,2019-02-10 16:00:00,2,2019-02-10 17:00:00,0.13592,0.13592,0.13592,0.0,0.3499854395146102,322.5020874524904,-0.0,123.1823304502255,0.0,199.3197570022649,199.3197570022649,0.0,0.0
977,2019-02-10 17:00:00,2,2019-02-10 18:00:00,0.13592,0.13592,0.13592,0.0,0.12682904377144807,331.16087626413866,-0.0,42.40963216183934,0.0,288.7512441022993,288.7512441022993,0.0,0.0
978,2019-02-10 18:00:00,2,2019-02-10 19:00:00,0.13592,0.13592,0.13592,0.0,0.05,270.7272825977295,-0.0,0.0,0.0,270.7272825977295,270.7272825977295,0.0,1.0
979,2019-02-10 19:00:00,2,2019-02-10 20:00:00,0.13592,0.13592,0.13592,0.0,0.05,268.0720863835276,-0.0,0.0,0.0,268.0720863835276,268.0720863835276,0.0,1.0
980,2019-02-10 20:00:00,2,2019-02-10 21:00:00,0.13592,0.13592,0.13592,0.0,0.05,232.63719053389693,-0.0,0.0,0.0,232.63719053389693,232.63719053389693,0.0,0.0
981,2019-02-10 21:00:00,2,2019-02-10 22:00:00,0.10531,0.10531,0.10531,0.0,0.05,221.52871385846927,-0.0,0.0,0.0,221.52871385846927,221.52871385846927,0.0,0.0
982,2019-02-10 22:00:00,2,2019-02-10 23:00:00,0.10531,0.10531,0.10531,0.0,0.05,205.31314215879036,-0.0,0.0,0.0,205.31314215879036,205.31314215879036,0.0,0.0
983,2019-02-10 23:00:00,2,2019-02-11 00:00:00,0.10531,0.10531,0.10531,0.0,0.05,205.9547165123411,-0.0,0.0,0.0,205.9547165123411,205.9547165123411,0.0,0.0
984,2019-02-11 00:00:00,2,2019-02-11 01:00:00,0.10531,0.10531,0.10531,0.0,0.05,202.7664018063219,-0.0,0.0,0.0,202.7664018063219,202.7664018063219,0.0,0.0
985,2019-02-11 01:00:00,2,2019-02-11 02:00:00,0.10531,0.10531,0.10531,0.0,0.05,201.66082404722906,-87.04193145628646,0.0,0.0,288.7027555035155,288.7027555035155,0.0,1.0
986,2019-02-11 02:00:00,2,2019-02-11 03:00:00,0.10531,0.10531,0.10531,0.0,0.18346429489963925,201.2388619917361,-87.46389351177943,0.0,0.0,288.7027555035155,288.7027555035155,0.0,1.0
987,2019-02-11 03:00:00,2,2019-02-11 04:00:00,0.10531,0.10531,0.10531,0.0,0.3175755982843677,201.2898549273192,-0.0,0.0,0.0,201.2898549273192,201.2898549273192,0.0,0.0
988,2019-02-11 04:00:00,2,2019-02-11 05:00:00,0.10531,0.10531,0.10531,0.0,0.3175755982843677,203.68614170326356,-85.01661380025196,0.0,0.0,288.7027555035155,288.7027555035155,0.0,1.0
989,2019-02-11 05:00:00,2,2019-02-11 06:00:00,0.10531,0.10531,0.10531,0.0,0.44793440611142077,203.5474720588099,-85.15528344470563,0.0,0.0,288.7027555035155,288.7027555035155,0.0,1.0
990,2019-02-11 06:00:00,2,2019-02-11 07:00:00,0.10531,0.10531,0.10531,0.0,0.578505840726636,219.8512923941405,-68.85146310937502,0.0,0.0,288.7027555035155,288.7027555035155,0.0,1.0
991,2019-02-11 07:00:00,2,2019-02-11 08:00:00,0.10531,0.10531,0.10531,0.0,0.684078084161011,244.5611142807041,-44.14164122281143,0.0,0.0,288.7027555035155,288.7027555035155,0.0,1.0
992,2019-02-11 08:00:00,2,2019-02-11 09:00:00,0.10531,0.10531,0.10531,0.0,0.7517619340359886,245.338330692039,-43.364424811476525,0.0,0.0,288.7027555035155,288.7027555035155,0.0,1.0
993,2019-02-11 09:00:00,2,2019-02-11 10:00:00,0.10531,0.10531,0.10531,0.0,0.8182540520802526,274.58984280434737,-14.112912699168149,0.0,0.0,288.7027555035155,288.7027555035155,0.0,1.0
994,2019-02-11 10:00:00,2,2019-02-11 11:00:00,0.10531,0.10531,0.10531,0.0,0.8398938515523104,279.1000202154187,-9.602735288096838,0.0,0.0,288.7027555035155,288.7027555035155,0.0,1.0
995,2019-02-11 11:00:00,2,2019-02-11 12:00:00,0.10531,0.10531,0.10531,0.0,0.8546180456607256,282.02220052874134,-6.680554974774182,0.0,0.0,288.7027555035155,288.7027555035155,0.0,1.0
996,2019-02-11 12:00:00,2,2019-02-11 13:00:00,0.10531,0.10531,0.10531,0.0,0.8648615632887127,273.0053856823028,-15.697369821212714,0.0,0.0,288.7027555035155,288.7027555035155,0.0,1.0
997,2019-02-11 13:00:00,2,2019-02-11 14:00:00,0.10531,0.10531,0.10531,0.0,0.888930863681239,271.13473619015093,-17.568019313364584,0.0,0.0,288.7027555035155,288.7027555035155,0.0,1.0
998,2019-02-11 14:00:00,2,2019-02-11 15:00:00,0.10531,0.10531,0.10531,0.0,0.9158684932950646,271.22787852507867,-17.47487697843685,0.0,0.0,288.7027555035155,288.7027555035155,0.0,1.0
999,2019-02-11 15:00:00,2,2019-02-11 16:00:00,0.10531,0.10531,0.10531,0.0,0.9426633046620011,251.309258543951,-37.39349695956452,0.0,0.0,288.7027555035155,288.7027555035155,0.0,1.0
1000,2019-02-11 16:00:00,2,2019-02-11 17:00:00,0.13592,0.13592,0.13592,0.0,1.0,254.86048646463738,-0.0,50.75770565962153,0.0,204.10278080501584,204.10278080501584,0.0,0.0
1001,2019-02-11 17:00:00,2,2019-02-11 18:00:00,0.13592,0.13592,0.13592,0.0,0.9080476346745987,246.68180031834993,-0.0,0.0,0.0,246.68180031834993,246.68180031834993,0.0,0.0
1002,2019-02-11 18:00:00,2,2019-02-11 19:00:00,0.13592,0.13592,0.13592,0.0,0.9080476346745987,238.36048873855586,-0.0,238.36048873855586,0.0,0.0,0.0,0.0,0.0
1003,2019-02-11 19:00:00,2,2019-02-11 20:00:00,0.13592,0.13592,0.13592,0.0,0.4762351550757655,235.28180560182258,-0.0,235.28180560182258,0.0,0.0,0.0,0.0,0.0
1004,2019-02-11 20:00:00,2,2019-02-11 21:00:00,0.13592,0.13592,0.13592,0.0,0.05,205.95533845226703,-0.0,0.0,0.0,205.95533845226703,205.95533845226703,0.0,0.0
1005,2019-02-11 21:00:00,2,2019-02-11 22:00:00,0.10531,0.10531,0.10531,0.0,0.05,204.74059042322386,-0.0,0.0,0.0,204.74059042322386,204.74059042322386,0.0,0.0
1006,2019-02-11 22:00:00,2,2019-02-11 23:00:00,0.10531,0.10531,0.10531,0.0,0.05,202.13248341372264,-0.0,0.0,0.0,202.13248341372264,202.13248341372264,0.0,0.0
1007,2019-02-11 23:00:00,2,2019-02-12 00:00:00,0.10531,0.10531,0.10531,0.0,0.05,203.0583921138863,-0.0,0.0,0.0,203.0583921138863,203.0583921138863,0.0,0.0
1008,2019-02-12 00:00:00,2,2019-02-12 01:00:00,0.10531,0.10531,0.10531,0.0,0.05,196.62445049906955,-0.0,0.0,0.0,196.62445049906955,196.62445049906955,0.0,0.0
1009,2019-02-12 01:00:00,2,2019-02-12 02:00:00,0.10531,0.10531,0.10531,0.0,0.05,196.8656385596443,-91.60082628495717,0.0,0.0,288.4664648446015,288.4664648446015,0.0,1.0
1010,2019-02-12 02:00:00,2,2019-02-12 03:00:00,0.10531,0.10531,0.10531,0.0,0.19045460030360098,197.0682199647531,-0.0,0.0,0.0,197.0682199647531,197.0682199647531,0.0,0.0
1011,2019-02-12 03:00:00,2,2019-02-12 04:00:00,0.10531,0.10531,0.10531,0.0,0.19045460030360098,196.09844535320644,-0.0,0.0,0.0,196.09844535320644,196.09844535320644,0.0,0.0
1012,2019-02-12 04:00:00,2,2019-02-12 05:00:00,0.10531,0.10531,0.10531,0.0,0.19045460030360098,192.02030348386603,-0.0,0.0,0.0,192.02030348386603,192.02030348386603,0.0,0.0
1013,2019-02-12 05:00:00,2,2019-02-12 06:00:00,0.10531,0.10531,0.10531,0.0,0.19045460030360098,192.8110125827403,-95.65545226186119,0.0,0.0,288.4664648446015,288.4664648446015,0.0,1.0
1014,2019-02-12 06:00:00,2,2019-02-12 07:00:00,0.10531,0.10531,0.10531,0.0,0.33712629377178815,213.0044916146238,-0.0,0.0,0.0,213.0044916146238,213.0044916146238,0.0,0.0
1015,2019-02-12 07:00:00,2,2019-02-12 08:00:00,0.10531,0.10531,0.10531,0.0,0.33712629377178815,211.00709946134648,-0.0,0.0,0.0,211.00709946134648,211.00709946134648,0.0,0.0
1016,2019-02-12 08:00:00,2,2019-02-12 09:00:00,0.10531,0.10531,0.10531,0.0,0.33712629377178815,231.46861467890307,-56.99785016569841,0.0,0.0,288.4664648446015,288.4664648446015,0.0,1.0
1017,2019-02-12 09:00:00,2,2019-02-12 10:00:00,0.10531,0.10531,0.10531,0.0,0.4245229973591924,231.99195877803905,-56.47450606656243,0.0,0.0,288.4664648446015,288.4664648446015,0.0,1.0
1018,2019-02-12 10:00:00,2,2019-02-12 11:00:00,0.10531,0.10531,0.10531,0.0,0.5111172399945882,237.51431555549536,-50.95214928910612,0.0,0.0,288.4664648446015,288.4664648446015,0.0,1.0
1019,2019-02-12 11:00:00,2,2019-02-12 12:00:00,0.10531,0.10531,0.10531,0.0,0.5892438689045509,239.5254290443129,-48.94103580028859,0.0,0.0,288.4664648446015,288.4664648446015,0.0,1.0
1020,2019-02-12 12:00:00,2,2019-02-12 13:00:00,0.10531,0.10531,0.10531,0.0,0.6642867904649935,236.91123273900214,-50.700894332505634,0.0,0.0,287.61212707150776,287.61212707150776,0.0,1.0
1021,2019-02-12 13:00:00,2,2019-02-12 14:00:00,0.10531,0.10531,0.10531,0.0,0.7420281617748355,233.4990423238346,-55.25220177846472,0.0,0.0,288.7512441022993,288.7512441022993,0.0,1.0
1022,2019-02-12 14:00:00,2,2019-02-12 15:00:00,0.10531,0.10531,0.10531,0.0,0.8267482045018147,231.41723274202775,-57.334011360271575,0.0,0.0,288.7512441022993,288.7512441022993,0.0,1.0
1023,2019-02-12 15:00:00,2,2019-02-12 16:00:00,0.10531,0.10531,0.10531,0.0,0.9146603552542312,233.09495405071098,-55.65629005158834,0.0,0.0,288.7512441022993,288.7512441022993,0.0,1.0
1024,2019-02-12 16:00:00,2,2019-02-12 17:00:00,0.13592,0.13592,0.13592,0.0,1.0,230.89773569996862,-0.0,230.89773569996862,0.0,0.0,0.0,0.0,0.0
1025,2019-02-12 17:00:00,2,2019-02-12 18:00:00,0.13592,0.13592,0.13592,0.0,0.5817070005435352,223.18583095598407,-0.0,223.18583095598407,0.0,0.0,0.0,0.0,0.0
1026,2019-02-12 18:00:00,2,2019-02-12 19:00:00,0.13592,0.13592,0.13592,0.0,0.17738484301457855,216.07580673359524,-0.0,70.31643334404735,0.0,145.75937338954787,145.75937338954787,0.0,0.0
1027,2019-02-12 19:00:00,2,2019-02-12 20:00:00,0.13592,0.13592,0.13592,0.0,0.05,213.63328167040362,-0.0,0.0,0.0,213.63328167040362,213.63328167040362,0.0,0.0
1028,2019-02-12 20:00:00,2,2019-02-12 21:00:00,0.13592,0.13592,0.13592,0.0,0.05,204.9445157070765,-0.0,0.0,0.0,204.9445157070765,204.9445157070765,0.0,0.0
1029,2019-02-12 21:00:00,2,2019-02-12 22:00:00,0.10531,0.10531,0.10531,0.0,0.05,204.2757286739396,-0.0,0.0,0.0,204.2757286739396,204.2757286739396,0.0,0.0
1030,2019-02-12 22:00:00,2,2019-02-12 23:00:00,0.10531,0.10531,0.10531,0.0,0.05,201.2639252567993,-0.0,0.0,0.0,201.2639252567993,201.2639252567993,0.0,0.0
1031,2019-02-12 23:00:00,2,2019-02-13 00:00:00,0.10531,0.10531,0.10531,0.0,0.05,201.3526732313762,-0.0,0.0,0.0,201.3526732313762,201.3526732313762,0.0,0.0
1032,2019-02-13 00:00:00,2,2019-02-13 01:00:00,0.10531,0.10531,0.10531,0.0,0.05,200.77886266912228,-88.99108826923838,0.0,0.0,289.76995093836064,289.76995093836064,0.0,1.0
1033,2019-02-13 01:00:00,2,2019-02-13 02:00:00,0.10531,0.10531,0.10531,0.0,0.1864530020128322,200.28716221528032,-89.48278872308033,0.0,0.0,289.76995093836064,289.76995093836064,0.0,1.0
1034,2019-02-13 02:00:00,2,2019-02-13 03:00:00,0.10531,0.10531,0.10531,0.0,0.32365994472155535,200.17367085777798,-89.59628008058267,0.0,0.0,289.76995093836064,289.76995093836064,0.0,1.0
1035,2019-02-13 03:00:00,2,2019-02-13 04:00:00,0.10531,0.10531,0.10531,0.0,0.46104090751178206,199.70156305982565,-90.068387878535,0.0,0.0,289.76995093836064,289.76995093836064,0.0,1.0
1036,2019-02-13 04:00:00,2,2019-02-13 05:00:00,0.10531,0.10531,0.10531,0.0,0.5991457689255357,221.97235502794658,-67.79759591041407,0.0,0.0,289.76995093836064,289.76995093836064,0.0,1.0
1037,2019-02-13 05:00:00,2,2019-02-13 06:00:00,0.10531,0.10531,0.10531,0.0,0.7031020826548373,222.2563836640779,-67.51356727428275,0.0,0.0,289.76995093836064,289.76995093836064,0.0,1.0
1038,2019-02-13 06:00:00,2,2019-02-13 07:00:00,0.10531,0.10531,0.10531,0.0,0.8066228858087375,279.52330188458086,-10.246649053779786,0.0,0.0,289.76995093836064,289.76995093836064,0.0,1.0
1039,2019-02-13 07:00:00,2,2019-02-13 08:00:00,0.10531,0.10531,0.10531,0.0,0.8223344143578665,306.67864186544995,-0.0,16.90869092708931,0.0,289.76995093836064,289.76995093836064,0.0,0.0
1040,2019-02-13 08:00:00,2,2019-02-13 09:00:00,0.10531,0.10531,0.10531,0.0,0.7917027278957485,318.3172161574599,-0.0,28.547265219099245,0.0,289.76995093836064,289.76995093836064,0.0,0.0
1041,2019-02-13 09:00:00,2,2019-02-13 10:00:00,0.10531,0.10531,0.10531,0.0,0.7399866677162208,329.0052780343979,-0.0,39.23532709603728,0.0,289.76995093836064,289.76995093836064,0.0,0.0
1042,2019-02-13 10:00:00,2,2019-02-13 11:00:00,0.10531,0.10531,0.10531,0.0,0.6689081766002111,332.31535333031087,-0.0,42.54540239195023,0.0,289.76995093836064,289.76995093836064,0.0,0.0
1043,2019-02-13 11:00:00,2,2019-02-13 12:00:00,0.10531,0.10531,0.10531,0.0,0.591833172266968,333.57614277743534,-0.0,43.8061918390747,0.0,289.76995093836064,289.76995093836064,0.0,0.0
1044,2019-02-13 12:00:00,2,2019-02-13 13:00:00,0.10531,0.10531,0.10531,0.0,0.5124741290802384,323.39107338382735,-0.0,33.62112244546671,0.0,289.76995093836064,289.76995093836064,0.0,0.0
1045,2019-02-13 13:00:00,2,2019-02-13 14:00:00,0.10531,0.10531,0.10531,0.0,0.45156629856308855,332.19919047825215,-0.0,42.42923953989151,0.0,289.76995093836064,289.76995093836064,0.0,0.0
1046,2019-02-13 14:00:00,2,2019-02-13 15:00:00,0.10531,0.10531,0.10531,0.0,0.3747017341792271,333.06637100119104,-0.0,43.29642006283041,0.0,289.76995093836064,289.76995093836064,0.0,0.0
1047,2019-02-13 15:00:00,2,2019-02-13 16:00:00,0.10531,0.10531,0.10531,0.0,0.29626619058714304,333.460801517473,-0.0,43.69085057911235,0.0,289.76995093836064,289.76995093836064,0.0,0.0
1048,2019-02-13 16:00:00,2,2019-02-13 17:00:00,0.13592,0.13592,0.13592,0.0,0.21711609895831632,335.0743779808301,-0.0,45.304427042469456,0.0,289.76995093836064,289.76995093836064,0.0,0.0
1049,2019-02-13 17:00:00,2,2019-02-13 18:00:00,0.13592,0.13592,0.13592,0.0,0.1350428615625383,336.7136105208818,-0.0,46.94365958252116,0.0,289.76995093836064,289.76995093836064,0.0,0.0
1050,2019-02-13 18:00:00,2,2019-02-13 19:00:00,0.13592,0.13592,0.13592,0.0,0.05,270.0115985749655,-0.0,0.0,0.0,270.0115985749655,270.0115985749655,0.0,1.0
1051,2019-02-13 19:00:00,2,2019-02-13 20:00:00,0.13592,0.13592,0.13592,0.0,0.05,268.22943958498354,-0.0,0.0,0.0,268.22943958498354,268.22943958498354,0.0,1.0
1052,2019-02-13 20:00:00,2,2019-02-13 21:00:00,0.13592,0.13592,0.13592,0.0,0.05,234.40857871604638,-0.0,0.0,0.0,234.40857871604638,234.40857871604638,0.0,0.0
1053,2019-02-13 21:00:00,2,2019-02-13 22:00:00,0.10531,0.10531,0.10531,0.0,0.05,224.01096906890905,-65.75898186945159,0.0,0.0,289.76995093836064,289.76995093836064,0.0,1.0
1054,2019-02-13 22:00:00,2,2019-02-13 23:00:00,0.10531,0.10531,0.10531,0.0,0.15083043886649244,206.83250370541754,-82.9374472329431,0.0,0.0,289.76995093836064,289.76995093836064,0.0,1.0
1055,2019-02-13 23:00:00,2,2019-02-14 00:00:00,0.10531,0.10531,0.10531,0.0,0.27800119129033857,205.49927589840868,-0.0,0.0,0.0,205.49927589840868,205.49927589840868,0.0,0.0
1056,2019-02-14 00:00:00,2,2019-02-14 01:00:00,0.10531,0.10531,0.10531,0.0,0.27800119129033857,200.63294941615663,-89.137001522204,0.0,0.0,289.76995093836064,289.76995093836064,0.0,1.0
1057,2019-02-14 01:00:00,2,2019-02-14 02:00:00,0.10531,0.10531,0.10531,0.0,0.41467792695771805,200.21197357305687,-89.55797736530377,0.0,0.0,289.76995093836064,289.76995093836064,0.0,1.0
1058,2019-02-14 02:00:00,2,2019-02-14 03:00:00,0.10531,0.10531,0.10531,0.0,0.5520001589178505,200.79228085976322,-88.97767007859741,0.0,0.0,289.76995093836064,289.76995093836064,0.0,1.0
1059,2019-02-14 03:00:00,2,2019-02-14 04:00:00,0.10531,0.10531,0.10531,0.0,0.6884325863716998,201.2959437508323,-72.67958740253043,0.0,0.0,273.97553115336274,273.97553115336274,0.0,1.0
1060,2019-02-14 04:00:00,2,2019-02-14 05:00:00,0.10531,0.10531,0.10531,0.0,0.7998746203889131,224.31327208497308,-65.45667885338756,0.0,0.0,289.76995093836064,289.76995093836064,0.0,1.0
1061,2019-02-14 05:00:00,2,2019-02-14 06:00:00,0.10531,0.10531,0.10531,0.0,0.9002415279641074,224.71007787147414,-65.0598730668865,0.0,0.0,289.76995093836064,289.76995093836064,0.0,1.0
1062,2019-02-14 06:00:00,2,2019-02-14 07:00:00,0.10531,0.10531,0.10531,0.0,1.0,282.2459313612906,-0.0,0.0,0.0,282.2459313612906,282.2459313612906,0.0,0.0
1063,2019-02-14 07:00:00,2,2019-02-14 08:00:00,0.10531,0.10531,0.10531,0.0,1.0,309.6700061225414,-0.0,19.900055184180758,0.0,289.76995093836064,289.76995093836064,0.0,0.0
1064,2019-02-14 08:00:00,2,2019-02-14 09:00:00,0.10531,0.10531,0.10531,0.0,0.9639491753909768,321.2838464820778,-0.0,31.513895543717183,0.0,289.76995093836064,289.76995093836064,0.0,0.0
1065,2019-02-14 09:00:00,2,2019-02-14 10:00:00,0.10531,0.10531,0.10531,0.0,0.9068587849132284,331.2357503084642,-0.0,41.46579937010358,0.0,289.76995093836064,289.76995093836064,0.0,0.0
1066,2019-02-14 10:00:00,2,2019-02-14 11:00:00,0.10531,0.10531,0.10531,0.0,0.8317395831557943,334.37114898156165,-0.0,44.60119804320101,0.0,289.76995093836064,289.76995093836064,0.0,0.0
1067,2019-02-14 11:00:00,2,2019-02-14 12:00:00,0.10531,0.10531,0.10531,0.0,0.7509403113384012,334.89031931492775,-0.0,45.120368376567114,0.0,289.76995093836064,289.76995093836064,0.0,0.0
1068,2019-02-14 12:00:00,2,2019-02-14 13:00:00,0.10531,0.10531,0.10531,0.0,0.6692005135547652,324.5840601190654,-0.0,34.81410918070475,0.0,289.76995093836064,289.76995093836064,0.0,0.0
1069,2019-02-14 13:00:00,2,2019-02-14 14:00:00,0.10531,0.10531,0.10531,0.0,0.6061314751839232,333.5524399089213,-0.0,43.78248897056068,0.0,289.76995093836064,289.76995093836064,0.0,0.0
1070,2019-02-14 14:00:00,2,2019-02-14 15:00:00,0.10531,0.10531,0.10531,0.0,0.5268153719763857,334.1070621630681,-0.0,44.337111224707485,0.0,289.76995093836064,289.76995093836064,0.0,0.0
1071,2019-02-14 15:00:00,2,2019-02-14 16:00:00,0.10531,0.10531,0.10531,0.0,0.4464945183084374,334.3704568398945,-0.0,44.600505901533836,0.0,289.76995093836064,289.76995093836064,0.0,0.0
1072,2019-02-14 16:00:00,2,2019-02-14 17:00:00,0.13592,0.13592,0.13592,0.0,0.3656965003708761,335.78682770846035,-0.0,126.9483921592231,0.0,208.83843554923726,208.83843554923726,0.0,0.0
1073,2019-02-14 17:00:00,2,2019-02-14 18:00:00,0.13592,0.13592,0.13592,0.0,0.1357175290679357,337.08602698386113,-0.0,47.316076045500495,0.0,289.76995093836064,289.76995093836064,0.0,0.0
1074,2019-02-14 18:00:00,2,2019-02-14 19:00:00,0.13592,0.13592,0.13592,0.0,0.05,269.6361886276788,-0.0,0.0,0.0,269.6361886276788,269.6361886276788,0.0,1.0
1075,2019-02-14 19:00:00,2,2019-02-14 20:00:00,0.13592,0.13592,0.13592,0.0,0.05,267.08951873584743,-0.0,0.0,0.0,267.08951873584743,267.08951873584743,0.0,1.0
1076,2019-02-14 20:00:00,2,2019-02-14 21:00:00,0.13592,0.13592,0.13592,0.0,0.05,232.9969133176735,-0.0,0.0,0.0,232.9969133176735,232.9969133176735,0.0,0.0
1077,2019-02-14 21:00:00,2,2019-02-14 22:00:00,0.10531,0.10531,0.10531,0.0,0.05,223.27573656768706,-45.96854042015429,0.0,0.0,269.2442769878414,269.2442769878414,0.0,1.0
1078,2019-02-14 22:00:00,2,2019-02-14 23:00:00,0.10531,0.10531,0.10531,0.0,0.12048509531090325,206.21302374481888,-0.0,0.0,0.0,206.21302374481888,206.21302374481888,0.0,0.0
1079,2019-02-14 23:00:00,2,2019-02-15 00:00:00,0.10531,0.10531,0.10531,0.0,0.12048509531090325,206.05507289213912,-0.0,0.0,0.0,206.05507289213912,206.05507289213912,0.0,0.0
1080,2019-02-15 00:00:00,2,2019-02-15 01:00:00,0.10531,0.10531,0.10531,0.0,0.12048509531090325,202.44775853486672,-87.32219240349391,0.0,0.0,289.76995093836064,289.76995093836064,0.0,1.0
1081,2019-02-15 01:00:00,2,2019-02-15 02:00:00,0.10531,0.10531,0.10531,0.0,0.25437912366292725,202.1449721220795,-87.62497881628113,0.0,0.0,289.76995093836064,289.76995093836064,0.0,1.0
1082,2019-02-15 02:00:00,2,2019-02-15 03:00:00,0.10531,0.10531,0.10531,0.0,0.38873742451455834,202.01124138866015,-87.75870954970048,0.0,0.0,289.76995093836064,289.76995093836064,0.0,1.0
1083,2019-02-15 03:00:00,2,2019-02-15 04:00:00,0.10531,0.10531,0.10531,0.0,0.5233007791574324,202.1618082760976,-87.60814266226305,0.0,0.0,289.76995093836064,289.76995093836064,0.0,1.0
1084,2019-02-15 04:00:00,2,2019-02-15 05:00:00,0.10531,0.10531,0.10531,0.0,0.6576332645729025,225.2897668762264,-64.48018406213424,0.0,0.0,289.76995093836064,289.76995093836064,0.0,1.0
1085,2019-02-15 05:00:00,2,2019-02-15 06:00:00,0.10531,0.10531,0.10531,0.0,0.7565028801348417,226.49724165745786,-63.272709280902774,0.0,0.0,289.76995093836064,289.76995093836064,0.0,1.0
1086,2019-02-15 06:00:00,2,2019-02-15 07:00:00,0.10531,0.10531,0.10531,0.0,0.8535210343655593,284.4826348583639,-5.287316079996742,0.0,0.0,289.76995093836064,289.76995093836064,0.0,1.0
1087,2019-02-15 07:00:00,2,2019-02-15 08:00:00,0.10531,0.10531,0.10531,0.0,0.8616282523548875,312.0592728761841,-0.0,22.289321937823445,0.0,289.76995093836064,289.76995093836064,0.0,0.0
1088,2019-02-15 08:00:00,2,2019-02-15 09:00:00,0.10531,0.10531,0.10531,0.0,0.8212490459457871,323.0722824065191,-0.0,33.30233146815846,0.0,289.76995093836064,289.76995093836064,0.0,0.0
1089,2019-02-15 09:00:00,2,2019-02-15 10:00:00,0.10531,0.10531,0.10531,0.0,0.7609187353150653,332.01449663279266,-0.0,42.24454569443202,0.0,289.76995093836064,289.76995093836064,0.0,0.0
1090,2019-02-15 10:00:00,2,2019-02-15 11:00:00,0.10531,0.10531,0.10531,0.0,0.6843887612309493,333.4861744526159,-0.0,43.71622351425526,0.0,289.76995093836064,289.76995093836064,0.0,0.0
1091,2019-02-15 11:00:00,2,2019-02-15 12:00:00,0.10531,0.10531,0.10531,0.0,0.6051927041399071,335.55580464751597,-0.0,45.78585370915533,0.0,289.76995093836064,289.76995093836064,0.0,0.0
1092,2019-02-15 12:00:00,2,2019-02-15 13:00:00,0.10531,0.10531,0.10531,0.0,0.5222473169856402,325.3345466010519,-0.0,35.56459566269126,0.0,289.76995093836064,289.76995093836064,0.0,0.0
1093,2019-02-15 13:00:00,2,2019-02-15 14:00:00,0.10531,0.10531,0.10531,0.0,0.4578187016546777,333.9593585974195,-0.0,44.18940765905887,0.0,289.76995093836064,289.76995093836064,0.0,0.0
1094,2019-02-15 14:00:00,2,2019-02-15 15:00:00,0.10531,0.10531,0.10531,0.0,0.3777654269100059,334.445130131868,-0.0,44.67517919350735,0.0,289.76995093836064,289.76995093836064,0.0,0.0
1095,2019-02-15 15:00:00,2,2019-02-15 16:00:00,0.10531,0.10531,0.10531,0.0,0.296832131269594,333.9214992369788,-0.0,44.15154829861814,0.0,289.76995093836064,289.76995093836064,0.0,0.0
1096,2019-02-15 16:00:00,2,2019-02-15 17:00:00,0.13592,0.13592,0.13592,0.0,0.21684744232282205,333.70114405417365,-0.0,44.3472283084818,0.0,289.35391574569184,289.35391574569184,0.0,0.0
1097,2019-02-15 17:00:00,2,2019-02-15 18:00:00,0.13592,0.13592,0.13592,0.0,0.13650826060455795,337.5225107920766,-0.0,47.75255985371598,0.0,289.76995093836064,289.76995093836064,0.0,0.0
1098,2019-02-15 18:00:00,2,2019-02-15 19:00:00,0.13592,0.13592,0.13592,0.0,0.05,271.383221679408,-0.0,0.0,0.0,271.383221679408,271.383221679408,0.0,1.0
1099,2019-02-15 19:00:00,2,2019-02-15 20:00:00,0.13592,0.13592,0.13592,0.0,0.05,269.66877809057837,-0.0,0.0,0.0,269.66877809057837,269.66877809057837,0.0,1.0
1100,2019-02-15 20:00:00,2,2019-02-15 21:00:00,0.13592,0.13592,0.13592,0.0,0.05,236.0077614471506,-0.0,0.0,0.0,236.0077614471506,236.0077614471506,0.0,0.0
1101,2019-02-15 21:00:00,2,2019-02-15 22:00:00,0.10531,0.10531,0.10531,0.0,0.05,225.76519625641907,-0.0,0.0,0.0,225.76519625641907,225.76519625641907,0.0,0.0
1102,2019-02-15 22:00:00,2,2019-02-15 23:00:00,0.10531,0.10531,0.10531,0.0,0.05,208.2653170995119,-0.0,0.0,0.0,208.2653170995119,208.2653170995119,0.0,0.0
1103,2019-02-15 23:00:00,2,2019-02-16 00:00:00,0.10531,0.10531,0.10531,0.0,0.05,208.2570557006045,-0.0,0.0,0.0,208.2570557006045,208.2570557006045,0.0,0.0
1104,2019-02-16 00:00:00,2,2019-02-16 01:00:00,0.10531,0.10531,0.10531,0.0,0.05,205.23021606375374,-84.8117068010977,0.0,0.0,290.0419228648515,290.0419228648515,0.0,1.0
1105,2019-02-16 01:00:00,2,2019-02-16 02:00:00,0.10531,0.10531,0.10531,0.0,0.18004461709501648,205.24416470681766,-84.79775815803379,0.0,0.0,290.0419228648515,290.0419228648515,0.0,1.0
1106,2019-02-16 02:00:00,2,2019-02-16 03:00:00,0.10531,0.10531,0.10531,0.0,0.31006784627066825,205.08514930464182,-84.95677356020963,0.0,0.0,290.0419228648515,290.0419228648515,0.0,1.0
1107,2019-02-16 03:00:00,2,2019-02-16 04:00:00,0.10531,0.10531,0.10531,0.0,0.44033489906298967,205.0393993919557,-85.00252347289575,0.0,0.0,290.0419228648515,290.0419228648515,0.0,1.0
1108,2019-02-16 04:00:00,2,2019-02-16 05:00:00,0.10531,0.10531,0.10531,0.0,0.5706721017214299,227.74586926075867,-62.29605360409277,0.0,0.0,290.0419228648514,290.0419228648514,0.0,1.0
1109,2019-02-16 05:00:00,2,2019-02-16 06:00:00,0.10531,0.10531,0.10531,0.0,0.6661927172477055,228.2885645969296,-61.75335826792183,0.0,0.0,290.0419228648514,290.0419228648514,0.0,1.0
1110,2019-02-16 06:00:00,2,2019-02-16 07:00:00,0.10531,0.10531,0.10531,0.0,0.7608811999251855,286.56976443078764,-3.472158434063794,0.0,0.0,290.0419228648514,290.0419228648514,0.0,1.0
1111,2019-02-16 07:00:00,2,2019-02-16 08:00:00,0.10531,0.10531,0.10531,0.0,0.76620517619075,314.3346276432616,-0.0,24.29270477841021,0.0,290.0419228648514,290.0419228648514,0.0,0.0
1112,2019-02-16 08:00:00,2,2019-02-16 09:00:00,0.10531,0.10531,0.10531,0.0,0.7221966530414561,323.92033339799394,-0.0,33.87841053314253,0.0,290.0419228648514,290.0419228648514,0.0,0.0
1113,2019-02-16 09:00:00,2,2019-02-16 10:00:00,0.10531,0.10531,0.10531,0.0,0.6608227209161981,331.0533047144046,-0.0,41.011381849553175,0.0,290.0419228648514,290.0419228648514,0.0,0.0
1114,2019-02-16 10:00:00,2,2019-02-16 11:00:00,0.10531,0.10531,0.10531,0.0,0.5865267393046886,330.2698629296003,-0.0,40.22794006474891,0.0,290.0419228648514,290.0419228648514,0.0,0.0
1115,2019-02-16 11:00:00,2,2019-02-16 12:00:00,0.10531,0.10531,0.10531,0.0,0.513650036288839,327.4115976779804,-0.0,37.369674813128995,0.0,290.0419228648514,290.0419228648514,0.0,0.0
1116,2019-02-16 12:00:00,2,2019-02-16 13:00:00,0.10531,0.10531,0.10531,0.0,0.44595135003317066,318.7227371653929,-0.0,28.6808143005415,0.0,290.0419228648514,290.0419228648514,0.0,0.0
1117,2019-02-16 13:00:00,2,2019-02-16 14:00:00,0.10531,0.10531,0.10531,0.0,0.39399335311189987,326.16911508436925,-0.0,36.12719221951784,0.0,290.0419228648514,290.0419228648514,0.0,0.0
1118,2019-02-16 14:00:00,2,2019-02-16 15:00:00,0.10531,0.10531,0.10531,0.0,0.3285455411200197,323.6945774520889,-0.0,33.652654587237464,0.0,290.0419228648514,290.0419228648514,0.0,0.0
1119,2019-02-16 15:00:00,2,2019-02-16 16:00:00,0.10531,0.10531,0.10531,0.0,0.267580587157633,324.4994669065502,-0.0,34.45754404169878,0.0,290.0419228648514,290.0419228648514,0.0,0.0
1120,2019-02-16 16:00:00,2,2019-02-16 17:00:00,0.13592,0.13592,0.13592,0.0,0.20515750012557002,328.87045895518526,-0.0,38.82853609033384,0.0,290.0419228648514,290.0419228648514,0.0,0.0
1121,2019-02-16 17:00:00,2,2019-02-16 18:00:00,0.13592,0.13592,0.13592,0.0,0.1348159492372841,336.86032684383224,-0.0,46.818403978980825,0.0,290.0419228648514,290.0419228648514,0.0,0.0
1122,2019-02-16 18:00:00,2,2019-02-16 19:00:00,0.13592,0.13592,0.13592,0.0,0.05,271.7283241520867,-0.0,0.0,0.0,271.7283241520867,271.7283241520867,0.0,1.0
1123,2019-02-16 19:00:00,2,2019-02-16 20:00:00,0.13592,0.13592,0.13592,0.0,0.05,269.17845278959396,-0.0,0.0,0.0,269.17845278959396,269.17845278959396,0.0,1.0
1124,2019-02-16 20:00:00,2,2019-02-16 21:00:00,0.13592,0.13592,0.13592,0.0,0.05,235.28243767462976,-0.0,0.0,0.0,235.28243767462976,235.28243767462976,0.0,0.0
1125,2019-02-16 21:00:00,2,2019-02-16 22:00:00,0.10531,0.10531,0.10531,0.0,0.05,225.14427212887492,-55.460433832758824,0.0,0.0,280.6047059616337,280.6047059616337,0.0,1.0
1126,2019-02-16 22:00:00,2,2019-02-16 23:00:00,0.10531,0.10531,0.10531,0.0,0.13503933187689687,207.29202661093868,-0.0,0.0,0.0,207.29202661093868,207.29202661093868,0.0,0.0
1127,2019-02-16 23:00:00,2,2019-02-17 00:00:00,0.10531,0.10531,0.10531,0.0,0.13503933187689687,206.86700726512962,-0.0,0.0,0.0,206.86700726512962,206.86700726512962,0.0,0.0
1128,2019-02-17 00:00:00,2,2019-02-17 01:00:00,0.10531,0.10531,0.10531,0.0,0.13503933187689687,203.42794735087634,-86.61397551397513,0.0,0.0,290.0419228648515,290.0419228648515,0.0,1.0
1129,2019-02-17 01:00:00,2,2019-02-17 02:00:00,0.10531,0.10531,0.10531,0.0,0.2678474276649921,203.44267142390447,-86.599251440947,0.0,0.0,290.0419228648515,290.0419228648515,0.0,1.0
1130,2019-02-17 02:00:00,2,2019-02-17 03:00:00,0.10531,0.10531,0.10531,0.0,0.40063294654111087,203.72404011449572,-86.31788275035575,0.0,0.0,290.0419228648515,290.0419228648515,0.0,1.0
1131,2019-02-17 03:00:00,2,2019-02-17 04:00:00,0.10531,0.10531,0.10531,0.0,0.5329870334249897,203.75571684466615,-86.28620602018532,0.0,0.0,290.0419228648515,290.0419228648515,0.0,1.0
1132,2019-02-17 04:00:00,2,2019-02-17 05:00:00,0.10531,0.10531,0.10531,0.0,0.6652925493226072,226.95913838413549,-63.082784480715986,0.0,0.0,290.0419228648515,290.0419228648515,0.0,1.0
1133,2019-02-17 05:00:00,2,2019-02-17 06:00:00,0.10531,0.10531,0.10531,0.0,0.7620194855263717,227.07298468204155,-62.96893818280992,0.0,0.0,290.0419228648515,290.0419228648515,0.0,1.0
1134,2019-02-17 06:00:00,2,2019-02-17 07:00:00,0.10531,0.10531,0.10531,0.0,0.8585718574066804,284.3216863579297,-5.720236506921765,0.0,0.0,290.0419228648515,290.0419228648515,0.0,1.0
1135,2019-02-17 07:00:00,2,2019-02-17 08:00:00,0.10531,0.10531,0.10531,0.0,0.8673428867172936,311.3658233100223,-0.0,21.323900445170807,0.0,290.0419228648515,290.0419228648515,0.0,0.0
1136,2019-02-17 08:00:00,2,2019-02-17 09:00:00,0.10531,0.10531,0.10531,0.0,0.8287126322876365,322.83166494004035,-0.0,32.78974207518888,0.0,290.0419228648515,290.0419228648515,0.0,0.0
1137,2019-02-17 09:00:00,2,2019-02-17 10:00:00,0.10531,0.10531,0.10531,0.0,0.7693109256296856,331.4598462394339,-0.0,41.417923374582415,0.0,290.0419228648515,290.0419228648515,0.0,0.0
1138,2019-02-17 10:00:00,2,2019-02-17 11:00:00,0.10531,0.10531,0.10531,0.0,0.6942784557481957,330.32410827473075,-0.0,40.282185409879276,0.0,290.0419228648515,290.0419228648515,0.0,0.0
1139,2019-02-17 11:00:00,2,2019-02-17 12:00:00,0.10531,0.10531,0.10531,0.0,0.6213034821795738,327.59579631603964,-0.0,37.55387345118817,0.0,290.0419228648515,290.0419228648515,0.0,0.0
1140,2019-02-17 12:00:00,2,2019-02-17 13:00:00,0.10531,0.10531,0.10531,0.0,0.5532711027390156,316.50025714640066,-0.0,26.458334281549185,0.0,290.0419228648515,290.0419228648515,0.0,0.0
1141,2019-02-17 13:00:00,2,2019-02-17 14:00:00,0.10531,0.10531,0.10531,0.0,0.5053393377362091,324.7019883491222,-0.0,34.66006548427072,0.0,290.0419228648515,290.0419228648515,0.0,0.0
1142,2019-02-17 14:00:00,2,2019-02-17 15:00:00,0.10531,0.10531,0.10531,0.0,0.4425493640328201,326.95655159414866,-0.0,36.91462872929719,0.0,290.0419228648515,290.0419228648515,0.0,0.0
1143,2019-02-17 15:00:00,2,2019-02-17 16:00:00,0.10531,0.10531,0.10531,0.0,0.37567503662467305,329.4348844105841,-0.0,39.392961545732646,0.0,290.0419228648515,290.0419228648515,0.0,0.0
1144,2019-02-17 16:00:00,2,2019-02-17 17:00:00,0.13592,0.13592,0.13592,0.0,0.3043109758534182,331.6074316505549,-0.0,93.46394731393586,0.0,238.143484336619,238.143484336619,0.0,0.0
1145,2019-02-17 17:00:00,2,2019-02-17 18:00:00,0.13592,0.13592,0.13592,0.0,0.13499223071947644,336.95763422200247,-0.0,46.915711357151,0.0,290.0419228648515,290.0419228648515,0.0,0.0
1146,2019-02-17 18:00:00,2,2019-02-17 19:00:00,0.13592,0.13592,0.13592,0.0,0.05,271.38962289140704,-0.0,0.0,0.0,271.38962289140704,271.38962289140704,0.0,1.0
1147,2019-02-17 19:00:00,2,2019-02-17 20:00:00,0.13592,0.13592,0.13592,0.0,0.05,269.1820479855167,-0.0,0.0,0.0,269.1820479855167,269.1820479855167,0.0,1.0
1148,2019-02-17 20:00:00,2,2019-02-17 21:00:00,0.13592,0.13592,0.13592,0.0,0.05,235.46053147659438,-0.0,0.0,0.0,235.46053147659438,235.46053147659438,0.0,0.0
1149,2019-02-17 21:00:00,2,2019-02-17 22:00:00,0.10531,0.10531,0.10531,0.0,0.05,225.6011959054975,-0.0,0.0,0.0,225.6011959054975,225.6011959054975,0.0,0.0
1150,2019-02-17 22:00:00,2,2019-02-17 23:00:00,0.10531,0.10531,0.10531,0.0,0.05,208.91099290822132,-0.0,0.0,0.0,208.91099290822132,208.91099290822132,0.0,0.0
1151,2019-02-17 23:00:00,2,2019-02-18 00:00:00,0.10531,0.10531,0.10531,0.0,0.05,209.2997938671137,-0.0,0.0,0.0,209.2997938671137,209.2997938671137,0.0,0.0
1152,2019-02-18 00:00:00,2,2019-02-18 01:00:00,0.10531,0.10531,0.10531,0.0,0.05,206.2139940549756,-83.49933176462142,0.0,0.0,289.713325819597,289.713325819597,0.0,1.0
1153,2019-02-18 01:00:00,2,2019-02-18 02:00:00,0.10531,0.10531,0.10531,0.0,0.17803230870575285,206.21945640386403,-83.49386941573297,0.0,0.0,289.713325819597,289.713325819597,0.0,1.0
1154,2019-02-18 02:00:00,2,2019-02-18 03:00:00,0.10531,0.10531,0.10531,0.0,0.30605624180987673,206.24353223896952,-0.0,0.0,0.0,206.24353223896952,206.24353223896952,0.0,0.0
1155,2019-02-18 03:00:00,2,2019-02-18 04:00:00,0.10531,0.10531,0.10531,0.0,0.30605624180987673,206.51142401204518,-83.20190180755182,0.0,0.0,289.713325819597,289.713325819597,0.0,1.0
1156,2019-02-18 04:00:00,2,2019-02-18 05:00:00,0.10531,0.10531,0.10531,0.0,0.43363249124812286,208.86379835629327,-80.84952746330373,0.0,0.0,289.713325819597,289.713325819597,0.0,1.0
1157,2019-02-18 05:00:00,2,2019-02-18 06:00:00,0.10531,0.10531,0.10531,0.0,0.5576017666918552,207.82906394058716,-81.88426187900984,0.0,0.0,289.713325819597,289.713325819597,0.0,1.0
1158,2019-02-18 06:00:00,2,2019-02-18 07:00:00,0.10531,0.10531,0.10531,0.0,0.683157634906337,227.24503404277917,-0.0,0.0,0.0,227.24503404277917,227.24503404277917,0.0,0.0
1159,2019-02-18 07:00:00,2,2019-02-18 08:00:00,0.10531,0.10531,0.10531,0.0,0.683157634906337,252.8392360256676,-36.874089793929414,0.0,0.0,289.713325819597,289.713325819597,0.0,1.0
1160,2019-02-18 08:00:00,2,2019-02-18 09:00:00,0.10531,0.10531,0.10531,0.0,0.7396979059236954,255.28739525685674,-34.42593056274026,0.0,0.0,289.713325819597,289.713325819597,0.0,1.0
1161,2019-02-18 09:00:00,2,2019-02-18 10:00:00,0.10531,0.10531,0.10531,0.0,0.7924843327865638,282.18288927370946,-7.530436545887538,0.0,0.0,289.713325819597,289.713325819597,0.0,1.0
1162,2019-02-18 10:00:00,2,2019-02-18 11:00:00,0.10531,0.10531,0.10531,0.0,0.8040310021569247,279.8670147627904,-9.846311056806597,0.0,0.0,289.713325819597,289.713325819597,0.0,1.0
1163,2019-02-18 11:00:00,2,2019-02-18 12:00:00,0.10531,0.10531,0.10531,0.0,0.8191286791106949,280.2235637817813,-9.489762037815693,0.0,0.0,289.713325819597,289.713325819597,0.0,1.0
1164,2019-02-18 12:00:00,2,2019-02-18 13:00:00,0.10531,0.10531,0.10531,0.0,0.833679647568679,272.2524289897282,-17.46089682986882,0.0,0.0,289.713325819597,289.713325819597,0.0,1.0
1165,2019-02-18 13:00:00,2,2019-02-18 14:00:00,0.10531,0.10531,0.10531,0.0,0.8604530227078112,267.19802629958116,-22.515299520015834,0.0,0.0,289.713325819597,289.713325819597,0.0,1.0
1166,2019-02-18 14:00:00,2,2019-02-18 15:00:00,0.10531,0.10531,0.10531,0.0,0.8949764819718353,263.8540087069939,-25.859317112603083,0.0,0.0,289.713325819597,289.713325819597,0.0,1.0
1167,2019-02-18 15:00:00,2,2019-02-18 16:00:00,0.10531,0.10531,0.10531,0.0,0.9346274348778268,247.07904421817972,-42.634281601417264,0.0,0.0,289.713325819597,289.713325819597,0.0,1.0
1168,2019-02-18 16:00:00,2,2019-02-18 17:00:00,0.13592,0.13592,0.13592,0.0,1.0,251.69721320378997,-0.0,251.69721320378997,0.0,0.0,0.0,0.0,0.0
1169,2019-02-18 17:00:00,2,2019-02-18 18:00:00,0.13592,0.13592,0.13592,0.0,0.5440267876742936,247.766616202986,-0.0,247.766616202986,0.0,0.0,0.0,0.0,0.0
1170,2019-02-18 18:00:00,2,2019-02-18 19:00:00,0.13592,0.13592,0.13592,0.0,0.09517422208917405,241.7621178026727,-0.0,24.936170593224077,0.0,216.8259472094486,216.8259472094486,0.0,0.0
1171,2019-02-18 19:00:00,2,2019-02-18 20:00:00,0.13592,0.13592,0.13592,0.0,0.05,238.9414618319448,-0.0,0.0,0.0,238.9414618319448,238.9414618319448,0.0,0.0
1172,2019-02-18 20:00:00,2,2019-02-18 21:00:00,0.13592,0.13592,0.13592,0.0,0.05,210.0002252888018,-0.0,0.0,0.0,210.0002252888018,210.0002252888018,0.0,0.0
1173,2019-02-18 21:00:00,2,2019-02-18 22:00:00,0.10531,0.10531,0.10531,0.0,0.05,209.61890010690288,-0.0,0.0,0.0,209.61890010690288,209.61890010690288,0.0,0.0
1174,2019-02-18 22:00:00,2,2019-02-18 23:00:00,0.10531,0.10531,0.10531,0.0,0.05,206.64322196240556,-0.0,0.0,0.0,206.64322196240556,206.64322196240556,0.0,0.0
1175,2019-02-18 23:00:00,2,2019-02-19 00:00:00,0.10531,0.10531,0.10531,0.0,0.05,207.00762903392035,-0.0,0.0,0.0,207.00762903392035,207.00762903392035,0.0,0.0
1176,2019-02-19 00:00:00,2,2019-02-19 01:00:00,0.10531,0.10531,0.10531,0.0,0.05,202.75834794711042,-0.0,0.0,0.0,202.75834794711042,202.75834794711042,0.0,0.0
1177,2019-02-19 01:00:00,2,2019-02-19 02:00:00,0.10531,0.10531,0.10531,0.0,0.05,203.2714418661171,-0.0,0.0,0.0,203.2714418661171,203.2714418661171,0.0,0.0
1178,2019-02-19 02:00:00,2,2019-02-19 03:00:00,0.10531,0.10531,0.10531,0.0,0.05,202.8870772790797,-0.0,0.0,0.0,202.8870772790797,202.8870772790797,0.0,0.0
1179,2019-02-19 03:00:00,2,2019-02-19 04:00:00,0.10531,0.10531,0.10531,0.0,0.05,202.30659339676185,-0.0,0.0,0.0,202.30659339676185,202.30659339676185,0.0,0.0
1180,2019-02-19 04:00:00,2,2019-02-19 05:00:00,0.10531,0.10531,0.10531,0.0,0.05,204.40286581439202,-85.46221637605827,0.0,0.0,289.86508219045027,289.86508219045027,0.0,1.0
1181,2019-02-19 05:00:00,2,2019-02-19 06:00:00,0.10531,0.10531,0.10531,0.0,0.181042065109956,203.9788888714258,-0.0,0.0,0.0,203.9788888714258,203.9788888714258,0.0,0.0
1182,2019-02-19 06:00:00,2,2019-02-19 07:00:00,0.10531,0.10531,0.10531,0.0,0.181042065109956,222.16574888885523,-67.69933330159505,0.0,0.0,289.86508219045027,289.86508219045027,0.0,1.0
1183,2019-02-19 07:00:00,2,2019-02-19 08:00:00,0.10531,0.10531,0.10531,0.0,0.2848477095057351,220.39474742845792,-69.47033476199236,0.0,0.0,289.86508219045027,289.86508219045027,0.0,1.0
1184,2019-02-19 08:00:00,2,2019-02-19 09:00:00,0.10531,0.10531,0.10531,0.0,0.3913688894741234,240.54037149757227,-49.324710692878014,0.0,0.0,289.86508219045027,289.86508219045027,0.0,1.0
1185,2019-02-19 09:00:00,2,2019-02-19 10:00:00,0.10531,0.10531,0.10531,0.0,0.4670001125365364,239.16822543611812,-50.69685675433216,0.0,0.0,289.86508219045027,289.86508219045027,0.0,1.0
1186,2019-02-19 10:00:00,2,2019-02-19 11:00:00,0.10531,0.10531,0.10531,0.0,0.544735292893179,236.09857466770754,-0.0,0.0,0.0,236.09857466770754,236.09857466770754,0.0,0.0
1187,2019-02-19 11:00:00,2,2019-02-19 12:00:00,0.10531,0.10531,0.10531,0.0,0.544735292893179,232.0117098206171,-57.85337236983317,0.0,0.0,289.86508219045027,289.86508219045027,0.0,1.0
1188,2019-02-19 12:00:00,2,2019-02-19 13:00:00,0.10531,0.10531,0.10531,0.0,0.6334437971935899,229.91217906497653,-59.952903125473746,0.0,0.0,289.86508219045027,289.86508219045027,0.0,1.0
1189,2019-02-19 13:00:00,2,2019-02-19 14:00:00,0.10531,0.10531,0.10531,0.0,0.7253715819859831,229.03632311415177,-60.8287590762985,0.0,0.0,289.86508219045027,289.86508219045027,0.0,1.0
1190,2019-02-19 14:00:00,2,2019-02-19 15:00:00,0.10531,0.10531,0.10531,0.0,0.8186423459029741,229.94578206358244,-59.919300126867824,0.0,0.0,289.86508219045027,289.86508219045027,0.0,1.0
1191,2019-02-19 15:00:00,2,2019-02-19 16:00:00,0.10531,0.10531,0.10531,0.0,0.9105186060975048,231.5076513844751,-58.35743080597516,0.0,0.0,289.86508219045027,289.86508219045027,0.0,1.0
1192,2019-02-19 16:00:00,2,2019-02-19 17:00:00,0.13592,0.13592,0.13592,0.0,1.0,229.6845958466207,-0.0,229.6845958466207,0.0,0.0,0.0,0.0,0.0
1193,2019-02-19 17:00:00,2,2019-02-19 18:00:00,0.13592,0.13592,0.13592,0.0,0.5839047176691654,220.7435234261188,-0.0,220.7435234261188,0.0,0.0,0.0,0.0,0.0
1194,2019-02-19 18:00:00,2,2019-02-19 19:00:00,0.13592,0.13592,0.13592,0.0,0.18400703030300822,215.75242076750226,-0.0,73.97188072726054,0.0,141.7805400402417,141.7805400402417,0.0,0.0
1195,2019-02-19 19:00:00,2,2019-02-19 20:00:00,0.13592,0.13592,0.13592,0.0,0.05,215.02561123604352,-0.0,0.0,0.0,215.02561123604352,215.02561123604352,0.0,0.0
1196,2019-02-19 20:00:00,2,2019-02-19 21:00:00,0.13592,0.13592,0.13592,0.0,0.05,206.57151646171593,-0.0,0.0,0.0,206.57151646171593,206.57151646171593,0.0,0.0
1197,2019-02-19 21:00:00,2,2019-02-19 22:00:00,0.10531,0.10531,0.10531,0.0,0.05,204.41056083267023,-0.0,0.0,0.0,204.41056083267023,204.41056083267023,0.0,0.0
1198,2019-02-19 22:00:00,2,2019-02-19 23:00:00,0.10531,0.10531,0.10531,0.0,0.05,203.2914978487732,-0.0,0.0,0.0,203.2914978487732,203.2914978487732,0.0,0.0
1199,2019-02-19 23:00:00,2,2019-02-20 00:00:00,0.10531,0.10531,0.10531,0.0,0.05,204.0514131085657,-0.0,0.0,0.0,204.0514131085657,204.0514131085657,0.0,0.0
1200,2019-02-20 00:00:00,2,2019-02-20 01:00:00,0.10531,0.10531,0.10531,0.0,0.05,200.79171610992643,-0.0,0.0,0.0,200.79171610992643,200.79171610992643,0.0,0.0
1201,2019-02-20 01:00:00,2,2019-02-20 02:00:00,0.10531,0.10531,0.10531,0.0,0.05,200.65855453109197,-0.0,0.0,0.0,200.65855453109197,200.65855453109197,0.0,0.0
1202,2019-02-20 02:00:00,2,2019-02-20 03:00:00,0.10531,0.10531,0.10531,0.0,0.05,201.04267434519127,-0.0,0.0,0.0,201.04267434519127,201.04267434519127,0.0,0.0
1203,2019-02-20 03:00:00,2,2019-02-20 04:00:00,0.10531,0.10531,0.10531,0.0,0.05,200.89376973186953,-0.0,0.0,0.0,200.89376973186953,200.89376973186953,0.0,0.0
1204,2019-02-20 04:00:00,2,2019-02-20 05:00:00,0.10531,0.10531,0.10531,0.0,0.05,203.65670356290275,-82.94301865602395,0.0,0.0,286.5997222189267,286.5997222189267,0.0,1.0
1205,2019-02-20 05:00:00,2,2019-02-20 06:00:00,0.10531,0.10531,0.10531,0.0,0.17717929527257006,202.78544315560364,-0.0,0.0,0.0,202.78544315560364,202.78544315560364,0.0,0.0
1206,2019-02-20 06:00:00,2,2019-02-20 07:00:00,0.10531,0.10531,0.10531,0.0,0.17717929527257006,219.93672274682922,-66.66299947209748,0.0,0.0,286.5997222189267,286.5997222189267,0.0,1.0
1207,2019-02-20 07:00:00,2,2019-02-20 08:00:00,0.10531,0.10531,0.10531,0.0,0.2793958944631196,218.90023035980795,-67.69949185911875,0.0,0.0,286.5997222189267,286.5997222189267,0.0,1.0
1208,2019-02-20 08:00:00,2,2019-02-20 09:00:00,0.10531,0.10531,0.10531,0.0,0.383201781980435,239.52243796874222,-47.077284250184476,0.0,0.0,286.5997222189267,286.5997222189267,0.0,1.0
1209,2019-02-20 09:00:00,2,2019-02-20 10:00:00,0.10531,0.10531,0.10531,0.0,0.4553869511640512,238.07436010131295,-48.52536211761375,0.0,0.0,286.5997222189267,286.5997222189267,0.0,1.0
1210,2019-02-20 10:00:00,2,2019-02-20 11:00:00,0.10531,0.10531,0.10531,0.0,0.5297925064110589,239.29229840867413,-47.30742381025257,0.0,0.0,286.5997222189267,286.5997222189267,0.0,1.0
1211,2019-02-20 11:00:00,2,2019-02-20 12:00:00,0.10531,0.10531,0.10531,0.0,0.6023305562534462,237.34190117224657,-49.257821046680135,0.0,0.0,286.5997222189267,286.5997222189267,0.0,1.0
1212,2019-02-20 12:00:00,2,2019-02-20 13:00:00,0.10531,0.10531,0.10531,0.0,0.6778592151916891,234.32559487291215,-41.947525408240345,0.0,0.0,276.2731202811525,276.2731202811525,0.0,1.0
1213,2019-02-20 13:00:00,2,2019-02-20 14:00:00,0.10531,0.10531,0.10531,0.0,0.742178754150991,228.40023451844837,-61.6416883464031,0.0,0.0,290.0419228648515,290.0419228648515,0.0,1.0
1214,2019-02-20 14:00:00,2,2019-02-20 15:00:00,0.10531,0.10531,0.10531,0.0,0.8366960096154756,234.09643489021474,-55.945487974636734,0.0,0.0,290.0419228648515,290.0419228648515,0.0,1.0
1215,2019-02-20 15:00:00,2,2019-02-20 16:00:00,0.10531,0.10531,0.10531,0.0,0.9224790911765853,239.48480841479844,-50.557114450053035,0.0,0.0,290.0419228648515,290.0419228648515,0.0,1.0
1216,2019-02-20 16:00:00,2,2019-02-20 17:00:00,0.13592,0.13592,0.13592,0.0,1.0,232.75042326602605,-0.0,232.75042326602605,0.0,0.0,0.0,0.0,0.0
1217,2019-02-20 17:00:00,2,2019-02-20 18:00:00,0.13592,0.13592,0.13592,0.0,0.5783506824890833,221.29664225859946,-0.0,221.29664225859946,0.0,0.0,0.0,0.0,0.0
1218,2019-02-20 18:00:00,2,2019-02-20 19:00:00,0.13592,0.13592,0.13592,0.0,0.17745096825249007,216.06156059232606,-0.0,70.35293447537452,0.0,145.70862611695154,145.70862611695154,0.0,0.0
1219,2019-02-20 19:00:00,2,2019-02-20 20:00:00,0.13592,0.13592,0.13592,0.0,0.05,214.04649534594122,-0.0,0.0,0.0,214.04649534594122,214.04649534594122,0.0,0.0
1220,2019-02-20 20:00:00,2,2019-02-20 21:00:00,0.13592,0.13592,0.13592,0.0,0.05,205.15701204332672,-0.0,0.0,0.0,205.15701204332672,205.15701204332672,0.0,0.0
1221,2019-02-20 21:00:00,2,2019-02-20 22:00:00,0.10531,0.10531,0.10531,0.0,0.05,204.7087944662447,-0.0,0.0,0.0,204.7087944662447,204.7087944662447,0.0,0.0
1222,2019-02-20 22:00:00,2,2019-02-20 23:00:00,0.10531,0.10531,0.10531,0.0,0.05,201.9376586028777,-0.0,0.0,0.0,201.9376586028777,201.9376586028777,0.0,0.0
1223,2019-02-20 23:00:00,2,2019-02-21 00:00:00,0.10531,0.10531,0.10531,0.0,0.05,201.95935648630706,-0.0,0.0,0.0,201.95935648630706,201.95935648630706,0.0,0.0
1224,2019-02-21 00:00:00,2,2019-02-21 01:00:00,0.10531,0.10531,0.10531,0.0,0.05,201.39217361787414,-88.64974924697734,0.0,0.0,290.0419228648515,290.0419228648515,0.0,1.0
1225,2019-02-21 01:00:00,2,2019-02-21 02:00:00,0.10531,0.10531,0.10531,0.0,0.1859296155120319,200.9568042805549,-89.08511858429657,0.0,0.0,290.0419228648515,290.0419228648515,0.0,1.0
1226,2019-02-21 02:00:00,2,2019-02-21 03:00:00,0.10531,0.10531,0.10531,0.0,0.32252679734128664,200.6643848848207,-89.37753798003078,0.0,0.0,290.0419228648515,290.0419228648515,0.0,1.0
1227,2019-02-21 03:00:00,2,2019-02-21 04:00:00,0.10531,0.10531,0.10531,0.0,0.45957235557733384,200.1487955184122,-89.89312734643929,0.0,0.0,290.0419228648515,290.0419228648515,0.0,1.0
1228,2019-02-21 04:00:00,2,2019-02-21 05:00:00,0.10531,0.10531,0.10531,0.0,0.5974084841752074,223.09552080144695,-66.94640206340452,0.0,0.0,290.0419228648515,290.0419228648515,0.0,1.0
1229,2019-02-21 05:00:00,2,2019-02-21 06:00:00,0.10531,0.10531,0.10531,0.0,0.7000596340057609,223.56160683845252,-66.48031602639895,0.0,0.0,290.0419228648515,290.0419228648515,0.0,1.0
1230,2019-02-21 06:00:00,2,2019-02-21 07:00:00,0.10531,0.10531,0.10531,0.0,0.8019961185795726,280.3320921728049,-9.70983069204658,0.0,0.0,290.0419228648515,290.0419228648515,0.0,1.0
1231,2019-02-21 07:00:00,2,2019-02-21 08:00:00,0.10531,0.10531,0.10531,0.0,0.8168845256407108,308.94845831530745,-0.0,18.906535450455976,0.0,290.0419228648515,290.0419228648515,0.0,0.0
1232,2019-02-21 08:00:00,2,2019-02-21 09:00:00,0.10531,0.10531,0.10531,0.0,0.7826335556217688,320.2118224320976,-0.0,30.169899567246148,0.0,290.0419228648515,290.0419228648515,0.0,0.0
1233,2019-02-21 09:00:00,2,2019-02-21 10:00:00,0.10531,0.10531,0.10531,0.0,0.7279779404637142,329.61162278679956,-0.0,39.569699921948086,0.0,290.0419228648515,290.0419228648515,0.0,0.0
1234,2019-02-21 10:00:00,2,2019-02-21 11:00:00,0.10531,0.10531,0.10531,0.0,0.6562937014746779,330.4133645555802,-0.0,40.371441690728716,0.0,290.0419228648515,290.0419228648515,0.0,0.0
1235,2019-02-21 11:00:00,2,2019-02-21 12:00:00,0.10531,0.10531,0.10531,0.0,0.5831570317450969,329.1159545746225,-0.0,39.07403170977102,0.0,290.0419228648515,290.0419228648515,0.0,0.0
1236,2019-02-21 12:00:00,2,2019-02-21 13:00:00,0.10531,0.10531,0.10531,0.0,0.5123707424158016,317.15936617126073,-0.0,27.117443306409257,0.0,290.0419228648515,290.0419228648515,0.0,0.0
1237,2019-02-21 13:00:00,2,2019-02-21 14:00:00,0.10531,0.10531,0.10531,0.0,0.4632449393244805,322.84292103453566,-0.0,32.80099816968419,0.0,290.0419228648515,290.0419228648515,0.0,0.0
1238,2019-02-21 14:00:00,2,2019-02-21 15:00:00,0.10531,0.10531,0.10531,0.0,0.40382284119099465,321.82190774298,-0.0,31.779984878128516,0.0,290.0419228648515,290.0419228648515,0.0,0.0
1239,2019-02-21 15:00:00,2,2019-02-21 16:00:00,0.10531,0.10531,0.10531,0.0,0.3462504048175734,321.8943442051329,-0.0,31.85242134028141,0.0,290.0419228648515,290.0419228648515,0.0,0.0
1240,2019-02-21 16:00:00,2,2019-02-21 17:00:00,0.13592,0.13592,0.13592,0.0,0.28854674296923755,325.1951749693488,-0.0,91.12160440007392,0.0,234.07357056927486,234.07357056927486,0.0,0.0
1241,2019-02-21 17:00:00,2,2019-02-21 18:00:00,0.13592,0.13592,0.13592,0.0,0.12347137267924857,330.5981205837967,-0.0,40.556197718945214,0.0,290.0419228648515,290.0419228648515,0.0,0.0
1242,2019-02-21 18:00:00,2,2019-02-21 19:00:00,0.13592,0.13592,0.13592,0.0,0.05,269.12363986436753,-0.0,0.0,0.0,269.12363986436753,269.12363986436753,0.0,1.0
1243,2019-02-21 19:00:00,2,2019-02-21 20:00:00,0.13592,0.13592,0.13592,0.0,0.05,266.23913272013885,-0.0,0.0,0.0,266.23913272013885,266.23913272013885,0.0,1.0
1244,2019-02-21 20:00:00,2,2019-02-21 21:00:00,0.13592,0.13592,0.13592,0.0,0.05,232.27315533080284,-0.0,0.0,0.0,232.27315533080284,232.27315533080284,0.0,0.0
1245,2019-02-21 21:00:00,2,2019-02-21 22:00:00,0.10531,0.10531,0.10531,0.0,0.05,221.49597807317562,-68.54594479167585,0.0,0.0,290.0419228648515,290.0419228648515,0.0,1.0
1246,2019-02-21 22:00:00,2,2019-02-21 23:00:00,0.10531,0.10531,0.10531,0.0,0.15510378201390299,203.70442832193112,-0.0,0.0,0.0,203.70442832193112,203.70442832193112,0.0,0.0
1247,2019-02-21 23:00:00,2,2019-02-22 00:00:00,0.10531,0.10531,0.10531,0.0,0.15510378201390299,203.4351111189302,-59.47055496902137,0.0,0.0,262.90566608795154,262.90566608795154,0.0,1.0
1248,2019-02-22 00:00:00,2,2019-02-22 01:00:00,0.10531,0.10531,0.10531,0.0,0.24629196629973574,200.0468735090555,-89.99504935579597,0.0,0.0,290.0419228648515,290.0419228648515,0.0,1.0
1249,2019-02-22 01:00:00,2,2019-02-22 02:00:00,0.10531,0.10531,0.10531,0.0,0.3842843753119562,200.25585538918995,-89.78606747566153,0.0,0.0,290.0419228648515,290.0419228648515,0.0,1.0
1250,2019-02-22 02:00:00,2,2019-02-22 03:00:00,0.10531,0.10531,0.10531,0.0,0.5219563454413039,201.244759366809,-88.04160726820743,0.0,0.0,289.2863666350164,289.2863666350164,0.0,1.0
1251,2019-02-22 03:00:00,2,2019-02-22 04:00:00,0.10531,0.10531,0.10531,0.0,0.6569534765858887,202.33670032965344,-87.70522253519803,0.0,0.0,290.0419228648515,290.0419228648515,0.0,1.0
1252,2019-02-22 04:00:00,2,2019-02-22 05:00:00,0.10531,0.10531,0.10531,0.0,0.7914348178065257,225.4622962082189,-64.57962665663257,0.0,0.0,290.0419228648515,290.0419228648515,0.0,1.0
1253,2019-02-22 05:00:00,2,2019-02-22 06:00:00,0.10531,0.10531,0.10531,0.0,0.8904569120133622,226.08658190157405,-63.95534096327742,0.0,0.0,290.0419228648515,290.0419228648515,0.0,1.0
1254,2019-02-22 06:00:00,2,2019-02-22 07:00:00,0.10531,0.10531,0.10531,0.0,0.9885217681570544,282.5561194890173,-7.485803375834166,0.0,0.0,290.0419228648515,290.0419228648515,0.0,1.0
1255,2019-02-22 07:00:00,2,2019-02-22 08:00:00,0.10531,0.10531,0.10531,0.0,1.0,310.75468972875115,-0.0,20.712766863899674,0.0,290.0419228648515,290.0419228648515,0.0,0.0
1256,2019-02-22 08:00:00,2,2019-02-22 09:00:00,0.10531,0.10531,0.10531,0.0,0.96247687162337,321.79914505342094,-0.0,31.75722218856947,0.0,290.0419228648515,290.0419228648515,0.0,0.0
1257,2019-02-22 09:00:00,2,2019-02-22 10:00:00,0.10531,0.10531,0.10531,0.0,0.9049456720063964,331.2674718871846,-0.0,41.225549022333155,0.0,290.0419228648515,290.0419228648515,0.0,0.0
1258,2019-02-22 10:00:00,2,2019-02-22 11:00:00,0.10531,0.10531,0.10531,0.0,0.8302617063862278,334.0178552358075,-0.0,43.975932370956,0.0,290.0419228648515,290.0419228648515,0.0,0.0
1259,2019-02-22 11:00:00,2,2019-02-22 12:00:00,0.10531,0.10531,0.10531,0.0,0.7505951622359451,334.9573181703389,-0.0,44.915395305487436,0.0,290.0419228648515,290.0419228648515,0.0,0.0
1260,2019-02-22 12:00:00,2,2019-02-22 13:00:00,0.10531,0.10531,0.10531,0.0,0.6692266924796273,324.01347594154646,-0.0,33.97155307669499,0.0,290.0419228648515,290.0419228648515,0.0,0.0
1261,2019-02-22 13:00:00,2,2019-02-22 14:00:00,0.10531,0.10531,0.10531,0.0,0.6076840238624261,331.8544555723017,-0.0,41.8125327074502,0.0,290.0419228648515,290.0419228648515,0.0,0.0
1262,2019-02-22 14:00:00,2,2019-02-22 15:00:00,0.10531,0.10531,0.10531,0.0,0.5319366820011034,332.1894992833801,-0.0,42.147576418528615,0.0,290.0419228648515,290.0419228648515,0.0,0.0
1263,2019-02-22 15:00:00,2,2019-02-22 16:00:00,0.10531,0.10531,0.10531,0.0,0.45558237689507325,331.71257885950695,-0.0,41.670655994655476,0.0,290.0419228648515,290.0419228648515,0.0,0.0
1264,2019-02-22 16:00:00,2,2019-02-22 17:00:00,0.13592,0.13592,0.13592,0.0,0.3800920580641757,332.7765508972335,-0.0,42.734628032382034,0.0,290.0419228648515,290.0419228648515,0.0,0.0
1265,2019-02-22 17:00:00,2,2019-02-22 18:00:00,0.13592,0.13592,0.13592,0.0,0.3026742536576865,333.43605522586546,-0.0,139.47618801904295,0.0,193.9598672068225,193.9598672068225,0.0,0.0
1266,2019-02-22 18:00:00,2,2019-02-22 19:00:00,0.13592,0.13592,0.13592,0.0,0.05,266.2491924821328,-0.0,0.0,0.0,266.2491924821328,266.2491924821328,0.0,0.0
1267,2019-02-22 19:00:00,2,2019-02-22 20:00:00,0.13592,0.13592,0.13592,0.0,0.05,263.6927482094338,-0.0,0.0,0.0,263.6927482094338,263.6927482094338,0.0,0.0
1268,2019-02-22 20:00:00,2,2019-02-22 21:00:00,0.13592,0.13592,0.13592,0.0,0.05,230.02244060046186,-0.0,0.0,0.0,230.02244060046186,230.02244060046186,0.0,0.0
1269,2019-02-22 21:00:00,2,2019-02-22 22:00:00,0.10531,0.10531,0.10531,0.0,0.05,220.11479985604524,-0.0,0.0,0.0,220.11479985604524,220.11479985604524,0.0,0.0
1270,2019-02-22 22:00:00,2,2019-02-22 23:00:00,0.10531,0.10531,0.10531,0.0,0.05,202.45250339945378,-0.0,0.0,0.0,202.45250339945378,202.45250339945378,0.0,0.0
1271,2019-02-22 23:00:00,2,2019-02-23 00:00:00,0.10531,0.10531,0.10531,0.0,0.05,202.67682720299356,-0.0,0.0,0.0,202.67682720299356,202.67682720299356,0.0,0.0
1272,2019-02-23 00:00:00,2,2019-02-23 01:00:00,0.10531,0.10531,0.10531,0.0,0.05,199.33760355385098,-90.70431931100049,0.0,0.0,290.0419228648515,290.0419228648515,0.0,1.0
1273,2019-02-23 01:00:00,2,2019-02-23 02:00:00,0.10531,0.10531,0.10531,0.0,0.18907995627686744,200.0666306500129,-89.97529221483856,0.0,0.0,290.0419228648515,290.0419228648515,0.0,1.0
1274,2019-02-23 02:00:00,2,2019-02-23 03:00:00,0.10531,0.10531,0.10531,0.0,0.32704207100628657,199.53520084446197,-90.5067220203895,0.0,0.0,290.0419228648515,290.0419228648515,0.0,1.0
1275,2019-02-23 03:00:00,2,2019-02-23 04:00:00,0.10531,0.10531,0.10531,0.0,0.46581904477088376,199.0522099799365,-90.98971288491498,0.0,0.0,290.0419228648515,290.0419228648515,0.0,1.0
1276,2019-02-23 04:00:00,2,2019-02-23 05:00:00,0.10531,0.10531,0.10531,0.0,0.6053366045277534,223.8681647969487,-66.17375806790278,0.0,0.0,290.0419228648515,290.0419228648515,0.0,1.0
1277,2019-02-23 05:00:00,2,2019-02-23 06:00:00,0.10531,0.10531,0.10531,0.0,0.7068030335652042,223.03441764105068,-67.00750522380079,0.0,0.0,290.0419228648515,290.0419228648515,0.0,1.0
1278,2019-02-23 06:00:00,2,2019-02-23 07:00:00,0.10531,0.10531,0.10531,0.0,0.8095478749083654,282.4510926188694,-7.59083024598209,0.0,0.0,290.0419228648515,290.0419228648515,0.0,1.0
1279,2019-02-23 07:00:00,2,2019-02-23 08:00:00,0.10531,0.10531,0.10531,0.0,0.8211871479522046,307.60072980053957,-0.0,17.558806935688096,0.0,290.0419228648515,290.0419228648515,0.0,0.0
1280,2019-02-23 08:00:00,2,2019-02-23 09:00:00,0.10531,0.10531,0.10531,0.0,0.7893777150976973,314.38976392435444,-0.0,24.34784105950297,0.0,290.0419228648515,290.0419228648515,0.0,0.0
1281,2019-02-23 09:00:00,2,2019-02-23 10:00:00,0.10531,0.10531,0.10531,0.0,0.7452693073812063,323.26910298550575,-0.0,33.22718012065428,0.0,290.0419228648515,290.0419228648515,0.0,0.0
1282,2019-02-23 10:00:00,2,2019-02-23 11:00:00,0.10531,0.10531,0.10531,0.0,0.6850751404959632,326.75671296088626,-0.0,36.71479009603479,0.0,290.0419228648515,290.0419228648515,0.0,0.0
1283,2019-02-23 11:00:00,2,2019-02-23 12:00:00,0.10531,0.10531,0.10531,0.0,0.6185628395973495,329.03458428341935,-0.0,38.99266141856788,0.0,290.0419228648515,290.0419228648515,0.0,0.0
1284,2019-02-23 12:00:00,2,2019-02-23 13:00:00,0.10531,0.10531,0.10531,0.0,0.5479239602158859,321.29979339451876,-0.0,31.257870529667287,0.0,290.0419228648515,290.0419228648515,0.0,0.0
1285,2019-02-23 13:00:00,2,2019-02-23 14:00:00,0.10531,0.10531,0.10531,0.0,0.4912973831693872,331.32392302228493,-0.0,41.28200015743346,0.0,290.0419228648515,290.0419228648515,0.0,0.0
1286,2019-02-23 14:00:00,2,2019-02-23 15:00:00,0.10531,0.10531,0.10531,0.0,0.41651115100012365,331.8246928396585,-0.0,41.782769974807024,0.0,290.0419228648515,290.0419228648515,0.0,0.0
1287,2019-02-23 15:00:00,2,2019-02-23 16:00:00,0.10531,0.10531,0.10531,0.0,0.34081772713271963,332.58235968441886,-0.0,42.54043681956739,0.0,290.0419228648515,290.0419228648515,0.0,0.0
1288,2019-02-23 16:00:00,2,2019-02-23 17:00:00,0.13592,0.13592,0.13592,0.0,0.2637517184016193,334.48354982834854,-0.0,44.44162696349707,0.0,290.0419228648515,290.0419228648515,0.0,0.0
1289,2019-02-23 17:00:00,2,2019-02-23 18:00:00,0.13592,0.13592,0.13592,0.0,0.1832415246271681,334.4487076751167,-0.0,44.40678481026521,0.0,290.0419228648515,290.0419228648515,0.0,0.0
1290,2019-02-23 18:00:00,2,2019-02-23 19:00:00,0.13592,0.13592,0.13592,0.0,0.10279445069552824,266.13458603640584,-0.0,0.0,0.0,266.13458603640584,266.13458603640584,0.0,0.0
1291,2019-02-23 19:00:00,2,2019-02-23 20:00:00,0.13592,0.13592,0.13592,0.0,0.10279445069552824,262.03658242917584,-0.0,0.0,0.0,262.03658242917584,262.03658242917584,0.0,0.0
1292,2019-02-23 20:00:00,2,2019-02-23 21:00:00,0.13592,0.13592,0.13592,0.0,0.10279445069552824,227.4596209683978,-0.0,29.142536783931586,0.0,198.3170841844662,198.3170841844662,0.0,0.0
1293,2019-02-23 21:00:00,2,2019-02-23 22:00:00,0.10531,0.10531,0.10531,0.0,0.05,217.28747307327538,-0.0,0.0,0.0,217.28747307327538,217.28747307327538,0.0,0.0
1294,2019-02-23 22:00:00,2,2019-02-23 23:00:00,0.10531,0.10531,0.10531,0.0,0.05,199.64635476195596,-0.0,0.0,0.0,199.64635476195596,199.64635476195596,0.0,0.0
1295,2019-02-23 23:00:00,2,2019-02-24 00:00:00,0.10531,0.10531,0.10531,0.0,0.05,197.86916177432056,-0.0,0.0,0.0,197.86916177432056,197.86916177432056,0.0,0.0
1296,2019-02-24 00:00:00,2,2019-02-24 01:00:00,0.10531,0.10531,0.10531,0.0,0.05,191.41863907116687,-98.6232837936846,0.0,0.0,290.0419228648515,290.0419228648515,0.0,1.0
1297,2019-02-24 01:00:00,2,2019-02-24 02:00:00,0.10531,0.10531,0.10531,0.0,0.20122236848364972,187.9909061026518,-102.05101676219968,0.0,0.0,290.0419228648515,290.0419228648515,0.0,1.0
1298,2019-02-24 02:00:00,2,2019-02-24 03:00:00,0.10531,0.10531,0.10531,0.0,0.3577005941856892,188.01931200648121,-102.02261085837026,0.0,0.0,290.0419228648515,290.0419228648515,0.0,1.0
1299,2019-02-24 03:00:00,2,2019-02-24 04:00:00,0.10531,0.10531,0.10531,0.0,0.5141352641685236,187.33054388623603,-102.71137897861544,0.0,0.0,290.0419228648515,290.0419228648515,0.0,1.0
1300,2019-02-24 04:00:00,2,2019-02-24 05:00:00,0.10531,0.10531,0.10531,0.0,0.6716260452690673,208.7813853699212,-81.26053749493028,0.0,0.0,290.0419228648515,290.0419228648515,0.0,1.0
1301,2019-02-24 05:00:00,2,2019-02-24 06:00:00,0.10531,0.10531,0.10531,0.0,0.7962255360946271,208.90468708802516,-81.13723577682632,0.0,0.0,290.0419228648515,290.0419228648515,0.0,1.0
1302,2019-02-24 06:00:00,2,2019-02-24 07:00:00,0.10531,0.10531,0.10531,0.0,0.9206359642857607,264.84433981118565,-25.197583053665824,0.0,0.0,290.0419228648515,290.0419228648515,0.0,1.0
1303,2019-02-24 07:00:00,2,2019-02-24 08:00:00,0.10531,0.10531,0.10531,0.0,0.9592722583013816,294.94281410844144,-0.0,4.900891243589967,0.0,290.0419228648515,290.0419228648515,0.0,0.0
1304,2019-02-24 08:00:00,2,2019-02-24 09:00:00,0.10531,0.10531,0.10531,0.0,0.9503938321354578,308.658158316507,-0.0,18.61623545165554,0.0,290.0419228648515,290.0419228648515,0.0,0.0
1305,2019-02-24 09:00:00,2,2019-02-24 10:00:00,0.10531,0.10531,0.10531,0.0,0.9166687679114441,320.1721990132735,-0.0,30.130276148422013,0.0,290.0419228648515,290.0419228648515,0.0,0.0
1306,2019-02-24 10:00:00,2,2019-02-24 11:00:00,0.10531,0.10531,0.10531,0.0,0.8620849343092304,325.10945533877447,-0.0,35.067532473922995,0.0,290.0419228648515,290.0419228648515,0.0,0.0
1307,2019-02-24 11:00:00,2,2019-02-24 12:00:00,0.10531,0.10531,0.10531,0.0,0.7985567957695149,329.06712852500925,-0.0,39.02520566015778,0.0,290.0419228648515,290.0419228648515,0.0,0.0
1308,2019-02-24 12:00:00,2,2019-02-24 13:00:00,0.10531,0.10531,0.10531,0.0,0.7278589594286493,320.88527684229916,-0.0,30.84335397744769,0.0,290.0419228648515,290.0419228648515,0.0,0.0
1309,2019-02-24 13:00:00,2,2019-02-24 14:00:00,0.10531,0.10531,0.10531,0.0,0.6719833181651572,330.4921662381844,-0.0,40.45024337333291,0.0,290.0419228648515,290.0419228648515,0.0,0.0
1310,2019-02-24 14:00:00,2,2019-02-24 15:00:00,0.10531,0.10531,0.10531,0.0,0.5987038917641918,329.79668881889535,-0.0,39.754765954043876,0.0,290.0419228648515,290.0419228648515,0.0,0.0
1311,2019-02-24 15:00:00,2,2019-02-24 16:00:00,0.10531,0.10531,0.10531,0.0,0.5266843882242572,328.66483468126364,-0.0,38.62291181641217,0.0,290.0419228648515,290.0419228648515,0.0,0.0
1312,2019-02-24 16:00:00,2,2019-02-24 17:00:00,0.13592,0.13592,0.13592,0.0,0.4567153450785831,329.9338248147149,-0.0,39.89190194986344,0.0,290.0419228648515,290.0419228648515,0.0,0.0
1313,2019-02-24 17:00:00,2,2019-02-24 18:00:00,0.13592,0.13592,0.13592,0.0,0.384447406763613,330.8773791429087,-0.0,40.83545627805722,0.0,290.0419228648515,290.0419228648515,0.0,0.0
1314,2019-02-24 18:00:00,2,2019-02-24 19:00:00,0.13592,0.13592,0.13592,0.0,0.3104701308975673,264.6854502741088,-0.0,143.77951225545718,0.0,120.90593801865163,120.90593801865163,0.0,0.0
1315,2019-02-24 19:00:00,2,2019-02-24 20:00:00,0.13592,0.13592,0.13592,0.0,0.05,262.4933290338296,-0.0,0.0,0.0,262.4933290338296,262.4933290338296,0.0,0.0
1316,2019-02-24 20:00:00,2,2019-02-24 21:00:00,0.13592,0.13592,0.13592,0.0,0.05,228.045044080971,-0.0,0.0,0.0,228.045044080971,228.045044080971,0.0,0.0
1317,2019-02-24 21:00:00,2,2019-02-24 22:00:00,0.10531,0.10531,0.10531,0.0,0.05,218.31425162410437,-0.0,0.0,0.0,218.31425162410437,218.31425162410437,0.0,0.0
1318,2019-02-24 22:00:00,2,2019-02-24 23:00:00,0.10531,0.10531,0.10531,0.0,0.05,201.76829983667355,-0.0,0.0,0.0,201.76829983667355,201.76829983667355,0.0,0.0
1319,2019-02-24 23:00:00,2,2019-02-25 00:00:00,0.10531,0.10531,0.10531,0.0,0.05,201.43690805414064,-0.0,0.0,0.0,201.43690805414064,201.43690805414064,0.0,0.0
1320,2019-02-25 00:00:00,2,2019-02-25 01:00:00,0.10531,0.10531,0.10531,0.0,0.05,198.49040161904725,-91.53650897848284,0.0,0.0,290.0269105975301,290.0269105975301,0.0,1.0
1321,2019-02-25 01:00:00,2,2019-02-25 02:00:00,0.10531,0.10531,0.10531,0.0,0.1903559804336737,198.73223705468098,-91.29467354284911,0.0,0.0,290.0269105975301,290.0269105975301,0.0,1.0
1322,2019-02-25 02:00:00,2,2019-02-25 03:00:00,0.10531,0.10531,0.10531,0.0,0.330341146532709,198.12888699082927,-91.89802360670082,0.0,0.0,290.0269105975301,290.0269105975301,0.0,1.0
1323,2019-02-25 03:00:00,2,2019-02-25 04:00:00,0.10531,0.10531,0.10531,0.0,0.47125144939631697,198.28867778702562,-0.0,0.0,0.0,198.28867778702562,198.28867778702562,0.0,0.0
1324,2019-02-25 04:00:00,2,2019-02-25 05:00:00,0.10531,0.10531,0.10531,0.0,0.47125144939631697,201.5111617212154,-88.5157488763147,0.0,0.0,290.0269105975301,290.0269105975301,0.0,1.0
1325,2019-02-25 05:00:00,2,2019-02-25 06:00:00,0.10531,0.10531,0.10531,0.0,0.6069755976733329,202.00563498887433,-88.02127560865576,0.0,0.0,290.0269105975301,290.0269105975301,0.0,1.0
1326,2019-02-25 06:00:00,2,2019-02-25 07:00:00,0.10531,0.10531,0.10531,0.0,0.741941553606605,219.5849319386311,-0.0,0.0,0.0,219.5849319386311,219.5849319386311,0.0,0.0
1327,2019-02-25 07:00:00,2,2019-02-25 08:00:00,0.10531,0.10531,0.10531,0.0,0.741941553606605,247.36167218287062,-42.66523841465947,0.0,0.0,290.0269105975301,290.0269105975301,0.0,1.0
1328,2019-02-25 08:00:00,2,2019-02-25 09:00:00,0.10531,0.10531,0.10531,0.0,0.8073615858424161,250.34003022950364,-39.68688036802646,0.0,0.0,290.0269105975301,290.0269105975301,0.0,1.0
1329,2019-02-25 09:00:00,2,2019-02-25 10:00:00,0.10531,0.10531,0.10531,0.0,0.8682148024067233,279.53743251205987,-10.489478085470228,0.0,0.0,290.0269105975301,290.0269105975301,0.0,1.0
1330,2019-02-25 10:00:00,2,2019-02-25 11:00:00,0.10531,0.10531,0.10531,0.0,0.8842986688044444,283.7917441808964,-6.235166416633706,0.0,0.0,290.0269105975301,290.0269105975301,0.0,1.0
1331,2019-02-25 11:00:00,2,2019-02-25 12:00:00,0.10531,0.10531,0.10531,0.0,0.8938592573099494,284.21046901698946,-5.816441580540629,0.0,0.0,290.0269105975301,290.0269105975301,0.0,1.0
1332,2019-02-25 12:00:00,2,2019-02-25 13:00:00,0.10531,0.10531,0.10531,0.0,0.9027778010667784,277.51038640335946,-0.0,0.0,0.0,277.51038640335946,277.51038640335946,0.0,0.0
1333,2019-02-25 13:00:00,2,2019-02-25 14:00:00,0.10531,0.10531,0.10531,0.0,0.9027778010667784,275.299242457566,-14.727668139964145,0.0,0.0,290.0269105975301,290.0269105975301,0.0,1.0
1334,2019-02-25 14:00:00,2,2019-02-25 15:00:00,0.10531,0.10531,0.10531,0.0,0.9253602255480567,275.7421527716519,-14.284757825878225,0.0,0.0,290.0269105975301,290.0269105975301,0.0,1.0
1335,2019-02-25 15:00:00,2,2019-02-25 16:00:00,0.10531,0.10531,0.10531,0.0,0.9472635208810701,255.63355465040192,-34.393355947128214,0.0,0.0,290.0269105975301,290.0269105975301,0.0,1.0
1336,2019-02-25 16:00:00,2,2019-02-25 17:00:00,0.13592,0.13592,0.13592,0.0,1.0,257.0091035481761,-0.0,257.0091035481761,0.0,0.0,0.0,0.0,0.0
1337,2019-02-25 17:00:00,2,2019-02-25 18:00:00,0.13592,0.13592,0.13592,0.0,0.5344037979199708,246.8463630098689,-0.0,246.8463630098689,0.0,0.0,0.0,0.0,0.0
1338,2019-02-25 18:00:00,2,2019-02-25 19:00:00,0.13592,0.13592,0.13592,0.0,0.0872183576847012,240.03024150576638,-0.0,0.0,0.0,240.03024150576638,240.03024150576638,0.0,0.0
1339,2019-02-25 19:00:00,2,2019-02-25 20:00:00,0.13592,0.13592,0.13592,0.0,0.0872183576847012,238.39981479189024,-0.0,20.54453344195506,0.0,217.85528134993518,217.85528134993518,0.0,0.0
1340,2019-02-25 20:00:00,2,2019-02-25 21:00:00,0.13592,0.13592,0.13592,0.0,0.05,209.7985237019646,-0.0,0.0,0.0,209.7985237019646,209.7985237019646,0.0,0.0
1341,2019-02-25 21:00:00,2,2019-02-25 22:00:00,0.10531,0.10531,0.10531,0.0,0.05,209.09056312876544,-0.0,0.0,0.0,209.09056312876544,209.09056312876544,0.0,0.0
1342,2019-02-25 22:00:00,2,2019-02-25 23:00:00,0.10531,0.10531,0.10531,0.0,0.05,206.0594192235429,-0.0,0.0,0.0,206.0594192235429,206.0594192235429,0.0,0.0
1343,2019-02-25 23:00:00,2,2019-02-26 00:00:00,0.10531,0.10531,0.10531,0.0,0.05,205.9307989390005,-0.0,0.0,0.0,205.9307989390005,205.9307989390005,0.0,0.0
1344,2019-02-26 00:00:00,2,2019-02-26 01:00:00,0.10531,0.10531,0.10531,0.0,0.05,200.02314745076433,-0.0,0.0,0.0,200.02314745076433,200.02314745076433,0.0,0.0
1345,2019-02-26 01:00:00,2,2019-02-26 02:00:00,0.10531,0.10531,0.10531,0.0,0.05,199.90076265397218,-0.0,0.0,0.0,199.90076265397218,199.90076265397218,0.0,0.0
1346,2019-02-26 02:00:00,2,2019-02-26 03:00:00,0.10531,0.10531,0.10531,0.0,0.05,199.2154470833251,-0.0,0.0,0.0,199.2154470833251,199.2154470833251,0.0,0.0
1347,2019-02-26 03:00:00,2,2019-02-26 04:00:00,0.10531,0.10531,0.10531,0.0,0.05,198.84984430091032,-0.0,0.0,0.0,198.84984430091032,198.84984430091032,0.0,0.0
1348,2019-02-26 04:00:00,2,2019-02-26 05:00:00,0.10531,0.10531,0.10531,0.0,0.05,200.80059324003554,-88.606867766787,0.0,0.0,289.40746100682253,289.40746100682253,0.0,1.0
1349,2019-02-26 05:00:00,2,2019-02-26 06:00:00,0.10531,0.10531,0.10531,0.0,0.18586386390907342,200.28616508502367,-0.0,0.0,0.0,200.28616508502367,200.28616508502367,0.0,0.0
1350,2019-02-26 06:00:00,2,2019-02-26 07:00:00,0.10531,0.10531,0.10531,0.0,0.18586386390907342,217.44617316596685,-71.96128784085569,0.0,0.0,289.40746100682253,289.40746100682253,0.0,1.0
1351,2019-02-26 07:00:00,2,2019-02-26 08:00:00,0.10531,0.10531,0.10531,0.0,0.29620450526505215,215.25858681343902,-0.0,0.0,0.0,215.25858681343902,215.25858681343902,0.0,0.0
1352,2019-02-26 08:00:00,2,2019-02-26 09:00:00,0.10531,0.10531,0.10531,0.0,0.29620450526505215,233.837883409377,-55.56957759744553,0.0,0.0,289.40746100682253,289.40746100682253,0.0,1.0
1353,2019-02-26 09:00:00,2,2019-02-26 10:00:00,0.10531,0.10531,0.10531,0.0,0.3814111909144686,231.79764830925842,-57.609812697564124,0.0,0.0,289.40746100682253,289.40746100682253,0.0,1.0
1354,2019-02-26 10:00:00,2,2019-02-26 11:00:00,0.10531,0.10531,0.10531,0.0,0.46974623705073365,233.58901879784017,-55.818442208982376,0.0,0.0,289.40746100682253,289.40746100682253,0.0,1.0
1355,2019-02-26 11:00:00,2,2019-02-26 12:00:00,0.10531,0.10531,0.10531,0.0,0.5553345151045067,233.56112932307718,-55.84633168374536,0.0,0.0,289.40746100682253,289.40746100682253,0.0,1.0
1356,2019-02-26 12:00:00,2,2019-02-26 13:00:00,0.10531,0.10531,0.10531,0.0,0.6409655570195828,233.1273099026018,-54.3767655301341,0.0,0.0,287.50407543273593,287.50407543273593,0.0,1.0
1357,2019-02-26 13:00:00,2,2019-02-26 14:00:00,0.10531,0.10531,0.10531,0.0,0.7243432641657884,231.20662655824455,-58.83529630660692,0.0,0.0,290.0419228648515,290.0419228648515,0.0,1.0
1358,2019-02-26 14:00:00,2,2019-02-26 15:00:00,0.10531,0.10531,0.10531,0.0,0.8145573851692524,229.49669225387672,-60.545230610974755,0.0,0.0,290.0419228648515,290.0419228648515,0.0,1.0
1359,2019-02-26 15:00:00,2,2019-02-26 16:00:00,0.10531,0.10531,0.10531,0.0,0.9073934054394135,229.64631771664295,-60.39560514820852,0.0,0.0,290.0419228648515,290.0419228648515,0.0,1.0
1360,2019-02-26 16:00:00,2,2019-02-26 17:00:00,0.13592,0.13592,0.13592,0.0,1.0,223.6815098238611,-0.0,223.6815098238611,0.0,0.0,0.0,0.0,0.0
1361,2019-02-26 17:00:00,2,2019-02-26 18:00:00,0.13592,0.13592,0.13592,0.0,0.594779873507498,212.77048313385163,-0.0,212.77048313385163,0.0,0.0,0.0,0.0,0.0
1362,2019-02-26 18:00:00,2,2019-02-26 19:00:00,0.13592,0.13592,0.13592,0.0,0.20932609971428856,208.76279094321305,-0.0,87.94800704228729,0.0,120.81478390092576,120.81478390092576,0.0,0.0
1363,2019-02-26 19:00:00,2,2019-02-26 20:00:00,0.13592,0.13592,0.13592,0.0,0.05,208.0933739476471,-0.0,0.0,0.0,208.0933739476471,208.0933739476471,0.0,0.0
1364,2019-02-26 20:00:00,2,2019-02-26 21:00:00,0.13592,0.13592,0.13592,0.0,0.05,200.95623320511373,-0.0,0.0,0.0,200.95623320511373,200.95623320511373,0.0,0.0
1365,2019-02-26 21:00:00,2,2019-02-26 22:00:00,0.10531,0.10531,0.10531,0.0,0.05,201.4994181464807,-0.0,0.0,0.0,201.4994181464807,201.4994181464807,0.0,0.0
1366,2019-02-26 22:00:00,2,2019-02-26 23:00:00,0.10531,0.10531,0.10531,0.0,0.05,200.69075753188932,-0.0,0.0,0.0,200.69075753188932,200.69075753188932,0.0,0.0
1367,2019-02-26 23:00:00,2,2019-02-27 00:00:00,0.10531,0.10531,0.10531,0.0,0.05,203.23093001206323,-0.0,0.0,0.0,203.23093001206323,203.23093001206323,0.0,0.0
1368,2019-02-27 00:00:00,2,2019-02-27 01:00:00,0.10531,0.10531,0.10531,0.0,0.05,204.18562149574518,-85.85630136910629,0.0,0.0,290.0419228648515,290.0419228648515,0.0,1.0
1369,2019-02-27 01:00:00,2,2019-02-27 02:00:00,0.10531,0.10531,0.10531,0.0,0.18164632876596298,203.44226835099545,-86.59965451385602,0.0,0.0,290.0419228648515,290.0419228648515,0.0,1.0
1370,2019-02-27 02:00:00,2,2019-02-27 03:00:00,0.10531,0.10531,0.10531,0.0,0.3144324656872089,203.53277139348384,-86.50915147136763,0.0,0.0,290.0419228648515,290.0419228648515,0.0,1.0
1371,2019-02-27 03:00:00,2,2019-02-27 04:00:00,0.10531,0.10531,0.10531,0.0,0.44707983127663925,205.04541526566146,-84.99650759919001,0.0,0.0,290.0419228648515,290.0419228648515,0.0,1.0
1372,2019-02-27 04:00:00,2,2019-02-27 05:00:00,0.10531,0.10531,0.10531,0.0,0.5774078095953974,226.98689628527208,-63.05502657957939,0.0,0.0,290.0419228648515,290.0419228648515,0.0,1.0
1373,2019-02-27 05:00:00,2,2019-02-27 06:00:00,0.10531,0.10531,0.10531,0.0,0.6740921836840857,225.60003713023522,-64.44188573461625,0.0,0.0,290.0419228648515,290.0419228648515,0.0,1.0
1374,2019-02-27 06:00:00,2,2019-02-27 07:00:00,0.10531,0.10531,0.10531,0.0,0.7729030751438306,281.54628498767255,-8.495637877178922,0.0,0.0,290.0419228648515,290.0419228648515,0.0,1.0
1375,2019-02-27 07:00:00,2,2019-02-27 08:00:00,0.10531,0.10531,0.10531,0.0,0.7859297198888383,309.195645969816,-0.0,19.153723104964513,0.0,290.0419228648515,290.0419228648515,0.0,0.0
1376,2019-02-27 08:00:00,2,2019-02-27 09:00:00,0.10531,0.10531,0.10531,0.0,0.7512309461479605,319.2338713269085,-0.0,29.19194846205704,0.0,290.0419228648515,290.0419228648515,0.0,0.0
1377,2019-02-27 09:00:00,2,2019-02-27 10:00:00,0.10531,0.10531,0.10531,0.0,0.6983469815427847,328.7240121654172,-0.0,38.682089300565735,0.0,290.0419228648515,290.0419228648515,0.0,0.0
1378,2019-02-27 10:00:00,2,2019-02-27 11:00:00,0.10531,0.10531,0.10531,0.0,0.6282707328098758,329.48408839784025,-0.0,39.44216553298878,0.0,290.0419228648515,290.0419228648515,0.0,0.0
1379,2019-02-27 11:00:00,2,2019-02-27 12:00:00,0.10531,0.10531,0.10531,0.0,0.5568175343805483,330.6689371824899,-0.0,40.62701431763844,0.0,290.0419228648515,290.0419228648515,0.0,0.0
1380,2019-02-27 12:00:00,2,2019-02-27 13:00:00,0.10531,0.10531,0.10531,0.0,0.48321787076163797,320.95698811209274,-0.0,30.915065247241273,0.0,290.0419228648515,290.0419228648515,0.0,0.0
1381,2019-02-27 13:00:00,2,2019-02-27 14:00:00,0.10531,0.10531,0.10531,0.0,0.4272123177775052,329.27368269745904,-0.0,39.231759832607565,0.0,290.0419228648515,290.0419228648515,0.0,0.0
1382,2019-02-27 14:00:00,2,2019-02-27 15:00:00,0.10531,0.10531,0.10531,0.0,0.35614028909524514,329.391669812493,-0.0,39.349746947641506,0.0,290.0419228648515,290.0419228648515,0.0,0.0
1383,2019-02-27 15:00:00,2,2019-02-27 16:00:00,0.10531,0.10531,0.10531,0.0,0.2848545156393729,329.70232081831716,-0.0,39.66039795346569,0.0,290.0419228648515,290.0419228648515,0.0,0.0
1384,2019-02-27 16:00:00,2,2019-02-27 17:00:00,0.13592,0.13592,0.13592,0.0,0.2130059686222249,332.77898301997175,-0.0,46.65941808937171,0.0,286.11956493060006,286.11956493060006,0.0,0.0
1385,2019-02-27 17:00:00,2,2019-02-27 18:00:00,0.13592,0.13592,0.13592,0.0,0.12847803730089932,333.3617994549479,-0.0,43.31987659009644,0.0,290.0419228648515,290.0419228648515,0.0,0.0
1386,2019-02-27 18:00:00,2,2019-02-27 19:00:00,0.13592,0.13592,0.13592,0.0,0.049999999999999996,266.4347894668484,-0.0,0.0,0.0,266.4347894668484,266.4347894668484,0.0,1.0
1387,2019-02-27 19:00:00,2,2019-02-27 20:00:00,0.13592,0.13592,0.13592,0.0,0.05,263.35391868723485,-0.0,0.0,0.0,263.35391868723485,263.35391868723485,0.0,0.0
1388,2019-02-27 20:00:00,2,2019-02-27 21:00:00,0.13592,0.13592,0.13592,0.0,0.05,228.2007722156638,-0.0,0.0,0.0,228.2007722156638,228.2007722156638,0.0,0.0
1389,2019-02-27 21:00:00,2,2019-02-27 22:00:00,0.10531,0.10531,0.10531,0.0,0.05,217.5714911178023,-72.47043174704916,0.0,0.0,290.0419228648515,290.0419228648515,0.0,1.0
1390,2019-02-27 22:00:00,2,2019-02-27 23:00:00,0.10531,0.10531,0.10531,0.0,0.1611213286788087,200.35189661341806,-0.0,0.0,0.0,200.35189661341806,200.35189661341806,0.0,0.0
1391,2019-02-27 23:00:00,2,2019-02-28 00:00:00,0.10531,0.10531,0.10531,0.0,0.1611213286788087,199.33870858057924,-0.0,0.0,0.0,199.33870858057924,199.33870858057924,0.0,0.0
1392,2019-02-28 00:00:00,2,2019-02-28 01:00:00,0.10531,0.10531,0.10531,0.0,0.1611213286788087,196.52053360382783,-93.52138926102364,0.0,0.0,290.0419228648515,290.0419228648515,0.0,1.0
1393,2019-02-28 01:00:00,2,2019-02-28 02:00:00,0.10531,0.10531,0.10531,0.0,0.3045207922123783,198.3052423721357,-91.73668049271578,0.0,0.0,290.0419228648515,290.0419228648515,0.0,1.0
1394,2019-02-28 02:00:00,2,2019-02-28 03:00:00,0.10531,0.10531,0.10531,0.0,0.44518370230120924,197.52420394573744,-92.51771891911403,0.0,0.0,290.0419228648515,290.0419228648515,0.0,1.0
1395,2019-02-28 03:00:00,2,2019-02-28 04:00:00,0.10531,0.10531,0.10531,0.0,0.5870442046438507,194.07726056896277,-95.9646622958887,0.0,0.0,290.0419228648515,290.0419228648515,0.0,1.0
1396,2019-02-28 04:00:00,2,2019-02-28 05:00:00,0.10531,0.10531,0.10531,0.0,0.7341900201642133,214.1749170910625,-75.86700577378897,0.0,0.0,290.0419228648515,290.0419228648515,0.0,1.0
1397,2019-02-28 05:00:00,2,2019-02-28 06:00:00,0.10531,0.10531,0.10531,0.0,0.8505194290173563,210.4410534530208,-79.60086941183067,0.0,0.0,290.0419228648515,290.0419228648515,0.0,1.0
1398,2019-02-28 06:00:00,2,2019-02-28 07:00:00,0.10531,0.10531,0.10531,0.0,0.9725740954488301,263.8178975293437,-17.886459489893422,0.0,0.0,281.70435701923714,281.70435701923714,0.0,1.0
1399,2019-02-28 07:00:00,2,2019-02-28 08:00:00,0.10531,0.10531,0.10531,0.0,1.0,296.77622228985456,-0.0,6.734299425003087,0.0,290.0419228648515,290.0419228648515,0.0,0.0
1400,2019-02-28 08:00:00,2,2019-02-28 09:00:00,0.10531,0.10531,0.10531,0.0,0.9878001822010815,310.68540630363077,-0.0,20.6434834387793,0.0,290.0419228648515,290.0419228648515,0.0,0.0
1401,2019-02-28 09:00:00,2,2019-02-28 10:00:00,0.10531,0.10531,0.10531,0.0,0.9504025672757568,325.1582539429161,-0.0,35.116331078064604,0.0,290.0419228648515,290.0419228648515,0.0,0.0
1402,2019-02-28 10:00:00,2,2019-02-28 11:00:00,0.10531,0.10531,0.10531,0.0,0.8867860254676687,331.7310871214093,-0.0,41.68916425655783,0.0,290.0419228648515,290.0419228648515,0.0,0.0
1403,2019-02-28 11:00:00,2,2019-02-28 12:00:00,0.10531,0.10531,0.10531,0.0,0.811262177176803,334.07812032124036,-0.0,44.03619745638889,0.0,290.0419228648515,290.0419228648515,0.0,0.0
1404,2019-02-28 12:00:00,2,2019-02-28 13:00:00,0.10531,0.10531,0.10531,0.0,0.731486457147113,322.93132752626497,-0.0,32.889404661413494,0.0,290.0419228648515,290.0419228648515,0.0,0.0
1405,2019-02-28 13:00:00,2,2019-02-28 14:00:00,0.10531,0.10531,0.10531,0.0,0.6719042023257117,328.89288992629133,-0.0,38.85096706143986,0.0,290.0419228648515,290.0419228648515,0.0,0.0
1406,2019-02-28 14:00:00,2,2019-02-28 15:00:00,0.10531,0.10531,0.10531,0.0,0.6015220156202047,327.7015630903652,-0.0,37.659640225513726,0.0,290.0419228648515,290.0419228648515,0.0,0.0
1407,2019-02-28 15:00:00,2,2019-02-28 16:00:00,0.10531,0.10531,0.10531,0.0,0.533298029704419,328.87519971489087,-0.0,38.8332768500394,0.0,290.0419228648515,290.0419228648515,0.0,0.0
1408,2019-02-28 16:00:00,2,2019-02-28 17:00:00,0.13592,0.13592,0.13592,0.0,0.4629478904833331,334.0147553679355,-0.0,43.97283250308402,0.0,290.0419228648515,290.0419228648515,0.0,0.0
1409,2019-02-28 17:00:00,2,2019-02-28 18:00:00,0.13592,0.13592,0.13592,0.0,0.3832869620357171,336.4299005269531,-0.0,46.387977662101605,0.0,290.0419228648515,290.0419228648515,0.0,0.0
1410,2019-02-28 18:00:00,2,2019-02-28 19:00:00,0.13592,0.13592,0.13592,0.0,0.29925077061886635,267.83788716841525,-0.0,137.58642538161422,0.0,130.25146178680103,130.25146178680103,0.0,0.0
1411,2019-02-28 19:00:00,2,2019-02-28 20:00:00,0.13592,0.13592,0.13592,0.0,0.05,265.163186885942,-0.0,0.0,0.0,265.163186885942,265.163186885942,0.0,0.0
1412,2019-02-28 20:00:00,2,2019-02-28 21:00:00,0.13592,0.13592,0.13592,0.0,0.05,231.29440342159583,-0.0,0.0,0.0,231.29440342159583,231.29440342159583,0.0,0.0
1413,2019-02-28 21:00:00,2,2019-02-28 22:00:00,0.10531,0.10531,0.10531,0.0,0.05,222.20696562275384,-0.0,0.0,0.0,222.20696562275384,222.20696562275384,0.0,0.0
1414,2019-02-28 22:00:00,2,2019-02-28 23:00:00,0.10531,0.10531,0.10531,0.0,0.05,219.01092577353864,-0.0,0.0,0.0,219.01092577353864,219.01092577353864,0.0,0.0
1415,2019-02-28 23:00:00,2,2019-03-01 00:00:00,0.10531,0.10531,0.10531,0.0,0.05,224.47390744034232,-0.0,0.0,0.0,224.47390744034232,224.47390744034232,0.0,0.0
1416,2019-03-01 00:00:00,3,2019-03-01 01:00:00,0.10531,0.10531,0.10531,0.0,0.05,206.55420954810748,-80.88180148367789,0.0,0.0,287.43601103178537,287.43601103178537,0.0,1.0
1417,2019-03-01 01:00:00,3,2019-03-01 02:00:00,0.10531,0.10531,0.10531,0.0,0.1740187622749728,201.8468450490238,-85.58916598276156,0.0,0.0,287.43601103178537,287.43601103178537,0.0,1.0
1418,2019-03-01 02:00:00,3,2019-03-01 03:00:00,0.10531,0.10531,0.10531,0.0,0.3052554834485405,198.79086536371847,-88.6451456680669,0.0,0.0,287.43601103178537,287.43601103178537,0.0,1.0
1419,2019-03-01 03:00:00,3,2019-03-01 04:00:00,0.10531,0.10531,0.10531,0.0,0.44117804013957634,193.11983054474754,-94.31618048703783,0.0,0.0,287.43601103178537,287.43601103178537,0.0,1.0
1420,2019-03-01 04:00:00,3,2019-03-01 05:00:00,0.10531,0.10531,0.10531,0.0,0.5857961835530344,213.95835088067196,-73.47766015111341,0.0,0.0,287.43601103178537,287.43601103178537,0.0,1.0
1421,2019-03-01 05:00:00,3,2019-03-01 06:00:00,0.10531,0.10531,0.10531,0.0,0.6984619291180749,215.8929986230356,-71.54301240874977,0.0,0.0,287.43601103178537,287.43601103178537,0.0,1.0
1422,2019-03-01 06:00:00,3,2019-03-01 07:00:00,0.10531,0.10531,0.10531,0.0,0.8081612148114912,270.45800770785894,-16.978003323926423,0.0,0.0,287.43601103178537,287.43601103178537,0.0,1.0
1423,2019-03-01 07:00:00,3,2019-03-01 08:00:00,0.10531,0.10531,0.10531,0.0,0.8341941532415117,302.5243008613369,-0.0,15.088289829551513,0.0,287.43601103178537,287.43601103178537,0.0,0.0
1424,2019-03-01 08:00:00,3,2019-03-01 09:00:00,0.10531,0.10531,0.10531,0.0,0.8068602948546431,317.7635747264,-0.0,30.32756369461464,0.0,287.43601103178537,287.43601103178537,0.0,0.0
1425,2019-03-01 09:00:00,3,2019-03-01 10:00:00,0.06431,0.06431,0.06431,0.0,0.7519190562774427,327.0074656486964,-0.0,39.57145461691101,0.0,287.43601103178537,287.43601103178537,0.0,0.0
1426,2019-03-01 10:00:00,3,2019-03-01 11:00:00,0.06431,0.06431,0.06431,0.0,0.6802316384931834,331.29007841731345,-0.0,43.85406738552808,0.0,287.43601103178537,287.43601103178537,0.0,0.0
1427,2019-03-01 11:00:00,3,2019-03-01 12:00:00,0.06431,0.06431,0.06431,0.0,0.6007858642440383,332.7644409793676,-0.0,45.32842994758221,0.0,287.43601103178537,287.43601103178537,0.0,0.0
1428,2019-03-01 12:00:00,3,2019-03-01 13:00:00,0.06431,0.06431,0.06431,0.0,0.5186691433245052,322.72112407379916,-0.0,35.28511304201379,0.0,287.43601103178537,287.43601103178537,0.0,0.0
1429,2019-03-01 13:00:00,3,2019-03-01 14:00:00,0.06431,0.06431,0.06431,0.0,0.45474683708897295,331.70843887637545,-0.0,44.27242784459007,0.0,287.43601103178537,287.43601103178537,0.0,0.0
1430,2019-03-01 14:00:00,3,2019-03-01 15:00:00,0.10531,0.10531,0.10531,0.0,0.3745431634574693,331.1876850129405,-0.0,43.75167398115512,0.0,287.43601103178537,287.43601103178537,0.0,0.0
1431,2019-03-01 15:00:00,3,2019-03-01 16:00:00,0.10531,0.10531,0.10531,0.0,0.29528288450610124,330.99957656522525,-0.0,43.56356553343987,0.0,287.43601103178537,287.43601103178537,0.0,0.0
1432,2019-03-01 16:00:00,3,2019-03-01 17:00:00,0.13592,0.13592,0.13592,0.0,0.21636338172813047,333.1553542575346,-0.0,45.71934322574923,0.0,287.43601103178537,287.43601103178537,0.0,0.0
1433,2019-03-01 17:00:00,3,2019-03-01 18:00:00,0.13592,0.13592,0.13592,0.0,0.13353848458003403,333.54925451996417,-0.0,46.11324348817878,0.0,287.43601103178537,287.43601103178537,0.0,0.0
1434,2019-03-01 18:00:00,3,2019-03-01 19:00:00,0.13592,0.13592,0.13592,0.0,0.05,266.0168871780014,-0.0,0.0,0.0,266.0168871780014,266.0168871780014,0.0,1.0
1435,2019-03-01 19:00:00,3,2019-03-01 20:00:00,0.13592,0.13592,0.13592,0.0,0.05,263.7444271327553,-0.0,0.0,0.0,263.7444271327553,263.7444271327553,0.0,0.0
1436,2019-03-01 20:00:00,3,2019-03-01 21:00:00,0.13592,0.13592,0.13592,0.0,0.05,229.53437117473112,-0.0,0.0,0.0,229.53437117473112,229.53437117473112,0.0,0.0
1437,2019-03-01 21:00:00,3,2019-03-01 22:00:00,0.10531,0.10531,0.10531,0.0,0.05,219.19883676165466,-0.0,0.0,0.0,219.19883676165466,219.19883676165466,0.0,0.0
1438,2019-03-01 22:00:00,3,2019-03-01 23:00:00,0.10531,0.10531,0.10531,0.0,0.05,201.74088640247314,-0.0,0.0,0.0,201.74088640247314,201.74088640247314,0.0,0.0
1439,2019-03-01 23:00:00,3,2019-03-02 00:00:00,0.10531,0.10531,0.10531,0.0,0.05,201.99196153900874,-0.0,0.0,0.0,201.99196153900874,201.99196153900874,0.0,0.0
1440,2019-03-02 00:00:00,3,2019-03-02 01:00:00,0.10531,0.10531,0.10531,0.0,0.05,199.11930597306358,-89.41214879284857,0.0,0.0,288.53145476591214,288.53145476591214,0.0,1.0
1441,2019-03-02 01:00:00,3,2019-03-02 02:00:00,0.10531,0.10531,0.10531,0.0,0.18709862814903447,198.7054129624051,-89.82604180350705,0.0,0.0,288.53145476591214,288.53145476591214,0.0,1.0
1442,2019-03-02 02:00:00,3,2019-03-02 03:00:00,0.10531,0.10531,0.10531,0.0,0.3248318922477453,197.89851652559085,-90.6329382403213,0.0,0.0,288.53145476591214,288.53145476591214,0.0,1.0
1443,2019-03-02 03:00:00,3,2019-03-02 04:00:00,0.10531,0.10531,0.10531,0.0,0.4638023975495713,198.02817150818586,-90.50328325772628,0.0,0.0,288.53145476591214,288.53145476591214,0.0,1.0
1444,2019-03-02 04:00:00,3,2019-03-02 05:00:00,0.10531,0.10531,0.10531,0.0,0.6025740985447515,220.89395552333767,-67.63749924257448,0.0,0.0,288.53145476591214,288.53145476591214,0.0,1.0
1445,2019-03-02 05:00:00,3,2019-03-02 06:00:00,0.10531,0.10531,0.10531,0.0,0.7062849307166991,221.1643072288369,-67.36714753707525,0.0,0.0,288.53145476591214,288.53145476591214,0.0,1.0
1446,2019-03-02 06:00:00,3,2019-03-02 07:00:00,0.10531,0.10531,0.10531,0.0,0.8095812236068811,278.0657677074077,-10.465687058504436,0.0,0.0,288.53145476591214,288.53145476591214,0.0,1.0
1447,2019-03-02 07:00:00,3,2019-03-02 08:00:00,0.10531,0.10531,0.10531,0.0,0.8256286104299213,306.90374739716066,-0.0,18.37229263124857,0.0,288.5314547659121,288.5314547659121,0.0,0.0
1448,2019-03-02 08:00:00,3,2019-03-02 09:00:00,0.10531,0.10531,0.10531,0.0,0.7923454716051955,318.0554124080852,-0.0,29.52395764217306,0.0,288.53145476591214,288.53145476591214,0.0,0.0
1449,2019-03-02 09:00:00,3,2019-03-02 10:00:00,0.06431,0.06431,0.06431,0.0,0.7388600410940125,327.257566145231,-0.0,38.726111379318866,0.0,288.53145476591214,288.53145476591214,0.0,0.0
1450,2019-03-02 10:00:00,3,2019-03-02 11:00:00,0.06431,0.06431,0.06431,0.0,0.6687040422184349,330.04449511881757,-0.0,41.51304035290542,0.0,288.53145476591214,288.53145476591214,0.0,0.0
1451,2019-03-02 11:00:00,3,2019-03-02 12:00:00,0.06431,0.06431,0.06431,0.0,0.5934992589704178,331.4263456441835,-0.0,42.89489087827138,0.0,288.53145476591214,288.53145476591214,0.0,0.0
1452,2019-03-02 12:00:00,3,2019-03-02 13:00:00,0.06431,0.06431,0.06431,0.0,0.5157911233213754,322.044879462789,-0.0,33.51342469687688,0.0,288.53145476591214,288.53145476591214,0.0,0.0
1453,2019-03-02 13:00:00,3,2019-03-02 14:00:00,0.06431,0.06431,0.06431,0.0,0.45507839742123624,331.855074612343,-0.0,43.32361984643086,0.0,288.53145476591214,288.53145476591214,0.0,0.0
1454,2019-03-02 14:00:00,3,2019-03-02 15:00:00,0.10531,0.10531,0.10531,0.0,0.3765935788588614,332.9401300281564,-0.0,44.40867526224423,0.0,288.53145476591214,288.53145476591214,0.0,0.0
1455,2019-03-02 15:00:00,3,2019-03-02 16:00:00,0.10531,0.10531,0.10531,0.0,0.29614308019537544,331.68250343851105,-0.0,43.151048672598904,0.0,288.53145476591214,288.53145476591214,0.0,0.0
1456,2019-03-02 16:00:00,3,2019-03-02 17:00:00,0.13592,0.13592,0.13592,0.0,0.21797089057110208,334.8846363151547,-0.0,46.35318154924255,0.0,288.53145476591214,288.53145476591214,0.0,0.0
1457,2019-03-02 17:00:00,3,2019-03-02 18:00:00,0.13592,0.13592,0.13592,0.0,0.13399773559059022,334.89820481191794,-0.0,46.36675004600579,0.0,288.53145476591214,288.53145476591214,0.0,0.0
1458,2019-03-02 18:00:00,3,2019-03-02 19:00:00,0.13592,0.13592,0.13592,0.0,0.05,266.8135485710437,-0.0,0.0,0.0,266.8135485710437,266.8135485710437,0.0,1.0
1459,2019-03-02 19:00:00,3,2019-03-02 20:00:00,0.13592,0.13592,0.13592,0.0,0.05,263.3645138709436,-0.0,0.0,0.0,263.3645138709436,263.3645138709436,0.0,0.0
1460,2019-03-02 20:00:00,3,2019-03-02 21:00:00,0.13592,0.13592,0.13592,0.0,0.05,228.78118680891106,-0.0,0.0,0.0,228.78118680891106,228.78118680891106,0.0,0.0
1461,2019-03-02 21:00:00,3,2019-03-02 22:00:00,0.10531,0.10531,0.10531,0.0,0.05,218.419977796023,-0.0,0.0,0.0,218.419977796023,218.419977796023,0.0,0.0
1462,2019-03-02 22:00:00,3,2019-03-02 23:00:00,0.10531,0.10531,0.10531,0.0,0.05,201.8117112287754,-0.0,0.0,0.0,201.8117112287754,201.8117112287754,0.0,0.0
1463,2019-03-02 23:00:00,3,2019-03-03 00:00:00,0.10531,0.10531,0.10531,0.0,0.05,200.44085819088042,-0.0,0.0,0.0,200.44085819088042,200.44085819088042,0.0,0.0
1464,2019-03-03 00:00:00,3,2019-03-03 01:00:00,0.10531,0.10531,0.10531,0.0,0.05,193.6855522541223,-94.84590251178983,0.0,0.0,288.53145476591214,288.53145476591214,0.0,1.0
1465,2019-03-03 01:00:00,3,2019-03-03 02:00:00,0.10531,0.10531,0.10531,0.0,0.19543038385141107,193.06057776438604,-95.4708770015261,0.0,0.0,288.53145476591214,288.53145476591214,0.0,1.0
1466,2019-03-03 02:00:00,3,2019-03-03 03:00:00,0.10531,0.10531,0.10531,0.0,0.3418190619204177,195.4929317479169,-93.03852301799523,0.0,0.0,288.53145476591214,288.53145476591214,0.0,1.0
1467,2019-03-03 03:00:00,3,2019-03-03 04:00:00,0.10531,0.10531,0.10531,0.0,0.4844781305480104,194.8295271638905,-93.70192760202164,0.0,0.0,288.53145476591214,288.53145476591214,0.0,1.0
1468,2019-03-03 04:00:00,3,2019-03-03 05:00:00,0.10531,0.10531,0.10531,0.0,0.628154419537777,215.26040200048155,-73.2710527654306,0.0,0.0,288.53145476591214,288.53145476591214,0.0,1.0
1469,2019-03-03 05:00:00,3,2019-03-03 06:00:00,0.10531,0.10531,0.10531,0.0,0.7405033671114372,213.83635322489246,-74.69510154101968,0.0,0.0,288.53145476591214,288.53145476591214,0.0,1.0
1470,2019-03-03 06:00:00,3,2019-03-03 07:00:00,0.10531,0.10531,0.10531,0.0,0.8550358561410007,271.04671425927324,-17.4847405066389,0.0,0.0,288.53145476591214,288.53145476591214,0.0,1.0
1471,2019-03-03 07:00:00,3,2019-03-03 08:00:00,0.10531,0.10531,0.10531,0.0,0.8818457915845137,303.1704727760412,-0.0,14.639018010129064,0.0,288.53145476591214,288.53145476591214,0.0,0.0
1472,2019-03-03 08:00:00,3,2019-03-03 09:00:00,0.10531,0.10531,0.10531,0.0,0.8553258314212364,313.67521702486647,-0.0,25.143762258954325,0.0,288.53145476591214,288.53145476591214,0.0,0.0
1473,2019-03-03 09:00:00,3,2019-03-03 10:00:00,0.06431,0.06431,0.06431,0.0,0.8097755374738554,324.62879115801536,-0.0,36.097336392103216,0.0,288.53145476591214,288.53145476591214,0.0,0.0
1474,2019-03-03 10:00:00,3,2019-03-03 11:00:00,0.06431,0.06431,0.06431,0.0,0.7443818121258423,330.1269030494316,-0.0,41.59544828351943,0.0,288.53145476591214,288.53145476591214,0.0,0.0
1475,2019-03-03 11:00:00,3,2019-03-03 12:00:00,0.06431,0.06431,0.06431,0.0,0.669027739148452,331.72270608271657,-0.0,43.191251316804426,0.0,288.53145476591214,288.53145476591214,0.0,0.0
1476,2019-03-03 12:00:00,3,2019-03-03 13:00:00,0.06431,0.06431,0.06431,0.0,0.5907827186469948,321.29473469313734,-0.0,32.7632799272252,0.0,288.53145476591214,288.53145476591214,0.0,0.0
1477,2019-03-03 13:00:00,3,2019-03-03 14:00:00,0.06431,0.06431,0.06431,0.0,0.5314289506628912,329.9204005103621,-0.0,41.38894574444993,0.0,288.53145476591214,288.53145476591214,0.0,0.0
1478,2019-03-03 14:00:00,3,2019-03-03 15:00:00,0.10531,0.10531,0.10531,0.0,0.4564489764881631,330.0342551326488,-0.0,41.502800366736665,0.0,288.53145476591214,288.53145476591214,0.0,0.0
1479,2019-03-03 15:00:00,3,2019-03-03 16:00:00,0.10531,0.10531,0.10531,0.0,0.3812627439397271,330.113890623211,-0.0,41.58243585729883,0.0,288.53145476591214,288.53145476591214,0.0,0.0
1480,2019-03-03 16:00:00,3,2019-03-03 17:00:00,0.13592,0.13592,0.13592,0.0,0.30593224419824366,331.74582526178125,-0.0,97.38792852906462,0.0,234.35789673271663,234.35789673271663,0.0,0.0
1481,2019-03-03 17:00:00,3,2019-03-03 18:00:00,0.13592,0.13592,0.13592,0.0,0.12950483744269184,332.41812503427803,-0.0,43.88667026836589,0.0,288.53145476591214,288.53145476591214,0.0,0.0
1482,2019-03-03 18:00:00,3,2019-03-03 19:00:00,0.13592,0.13592,0.13592,0.0,0.05,265.95298299997785,-0.0,0.0,0.0,265.95298299997785,265.95298299997785,0.0,1.0
1483,2019-03-03 19:00:00,3,2019-03-03 20:00:00,0.13592,0.13592,0.13592,0.0,0.05,264.0349435760114,-0.0,0.0,0.0,264.0349435760114,264.0349435760114,0.0,1.0
1484,2019-03-03 20:00:00,3,2019-03-03 21:00:00,0.13592,0.13592,0.13592,0.0,0.05,230.40581434916535,-0.0,0.0,0.0,230.40581434916535,230.40581434916535,0.0,0.0
1485,2019-03-03 21:00:00,3,2019-03-03 22:00:00,0.10531,0.10531,0.10531,0.0,0.05,220.5343107335641,-0.0,0.0,0.0,220.5343107335641,220.5343107335641,0.0,0.0
1486,2019-03-03 22:00:00,3,2019-03-03 23:00:00,0.10531,0.10531,0.10531,0.0,0.05,203.7790269201951,-0.0,0.0,0.0,203.7790269201951,203.7790269201951,0.0,0.0
1487,2019-03-03 23:00:00,3,2019-03-04 00:00:00,0.10531,0.10531,0.10531,0.0,0.05,204.36374212509912,-0.0,0.0,0.0,204.36374212509912,204.36374212509912,0.0,0.0
1488,2019-03-04 00:00:00,3,2019-03-04 01:00:00,0.10531,0.10531,0.10531,0.0,0.05,201.69427039073227,-82.12224095296348,0.0,0.0,283.81651134369577,283.81651134369577,0.0,1.0
1489,2019-03-04 01:00:00,3,2019-03-04 02:00:00,0.10531,0.10531,0.10531,0.0,0.17592076946121069,201.91496026602488,-86.61649449988727,0.0,0.0,288.53145476591214,288.53145476591214,0.0,1.0
1490,2019-03-04 02:00:00,3,2019-03-04 03:00:00,0.10531,0.10531,0.10531,0.0,0.30873272769437116,201.74395464885862,-86.78750011705353,0.0,0.0,288.53145476591214,288.53145476591214,0.0,1.0
1491,2019-03-04 03:00:00,3,2019-03-04 04:00:00,0.10531,0.10531,0.10531,0.0,0.44180689454051997,201.68149500802676,-0.0,0.0,0.0,201.68149500802676,201.68149500802676,0.0,0.0
1492,2019-03-04 04:00:00,3,2019-03-04 05:00:00,0.10531,0.10531,0.10531,0.0,0.44180689454051997,204.4415861952561,-84.08986857065605,0.0,0.0,288.53145476591214,288.53145476591214,0.0,1.0
1493,2019-03-04 05:00:00,3,2019-03-04 06:00:00,0.10531,0.10531,0.10531,0.0,0.5707446930155259,204.86288779240184,-83.66856697351031,0.0,0.0,288.53145476591214,288.53145476591214,0.0,1.0
1494,2019-03-04 06:00:00,3,2019-03-04 07:00:00,0.10531,0.10531,0.10531,0.0,0.6990364957082417,221.59266428358305,-66.9387904823291,0.0,0.0,288.53145476591214,288.53145476591214,0.0,1.0
1495,2019-03-04 07:00:00,3,2019-03-04 08:00:00,0.10531,0.10531,0.10531,0.0,0.801675974447813,250.57897279880973,-0.0,0.0,0.0,250.57897279880973,250.57897279880973,0.0,0.0
1496,2019-03-04 08:00:00,3,2019-03-04 09:00:00,0.10531,0.10531,0.10531,0.0,0.801675974447813,253.32089873497227,-35.21055603093987,0.0,0.0,288.53145476591214,288.53145476591214,0.0,1.0
1497,2019-03-04 09:00:00,3,2019-03-04 10:00:00,0.06431,0.06431,0.06431,0.0,0.8556654936952541,280.6082561374765,-7.923198628435671,0.0,0.0,288.53145476591214,288.53145476591214,0.0,1.0
1498,2019-03-04 10:00:00,3,2019-03-04 11:00:00,0.06431,0.06431,0.06431,0.0,0.8678143982588555,283.1275908774149,-5.403863888497256,0.0,0.0,288.53145476591214,288.53145476591214,0.0,1.0
1499,2019-03-04 11:00:00,3,2019-03-04 12:00:00,0.06431,0.06431,0.06431,0.0,0.8761003228878845,284.1192497049992,-4.412205060912925,0.0,0.0,288.53145476591214,288.53145476591214,0.0,1.0
1500,2019-03-04 12:00:00,3,2019-03-04 13:00:00,0.06431,0.06431,0.06431,0.0,0.8828657039812845,275.18829444621053,-13.34316031970161,0.0,0.0,288.53145476591214,288.53145476591214,0.0,1.0
1501,2019-03-04 13:00:00,3,2019-03-04 14:00:00,0.06431,0.06431,0.06431,0.0,0.9033252164714937,275.18350663030236,-13.347948135609784,0.0,0.0,288.53145476591214,288.53145476591214,0.0,1.0
1502,2019-03-04 14:00:00,3,2019-03-04 15:00:00,0.10531,0.10531,0.10531,0.0,0.9237920702794287,274.3130501702177,-14.218404595694437,0.0,0.0,288.53145476591214,288.53145476591214,0.0,1.0
1503,2019-03-04 15:00:00,3,2019-03-04 16:00:00,0.10531,0.10531,0.10531,0.0,0.9455936239928268,253.0490356307991,-35.48241913511305,0.0,0.0,288.53145476591214,288.53145476591214,0.0,1.0
1504,2019-03-04 16:00:00,3,2019-03-04 17:00:00,0.13592,0.13592,0.13592,0.0,1.0,255.6720149482841,-0.0,255.6720149482841,0.0,0.0,0.0,0.0,0.0
1505,2019-03-04 17:00:00,3,2019-03-04 18:00:00,0.13592,0.13592,0.13592,0.0,0.536826059876297,247.9351942104962,-0.0,247.9351942104962,0.0,0.0,0.0,0.0,0.0
1506,2019-03-04 18:00:00,3,2019-03-04 19:00:00,0.13592,0.13592,0.13592,0.0,0.08766809935003579,240.63233408768082,-0.0,20.792790841219755,0.0,219.83954324646106,219.83954324646106,0.0,0.0
1507,2019-03-04 19:00:00,3,2019-03-04 20:00:00,0.13592,0.13592,0.13592,0.0,0.05,237.74849184098315,-0.0,0.0,0.0,237.74849184098315,237.74849184098315,0.0,0.0
1508,2019-03-04 20:00:00,3,2019-03-04 21:00:00,0.13592,0.13592,0.13592,0.0,0.05,208.838028950085,-0.0,0.0,0.0,208.838028950085,208.838028950085,0.0,0.0
1509,2019-03-04 21:00:00,3,2019-03-04 22:00:00,0.10531,0.10531,0.10531,0.0,0.05,207.96504030025287,-0.0,0.0,0.0,207.96504030025287,207.96504030025287,0.0,0.0
1510,2019-03-04 22:00:00,3,2019-03-04 23:00:00,0.10531,0.10531,0.10531,0.0,0.05,204.52845903734584,-0.0,0.0,0.0,204.52845903734584,204.52845903734584,0.0,0.0
1511,2019-03-04 23:00:00,3,2019-03-05 00:00:00,0.10531,0.10531,0.10531,0.0,0.05,204.07728779966519,-0.0,0.0,0.0,204.07728779966519,204.07728779966519,0.0,0.0
1512,2019-03-05 00:00:00,3,2019-03-05 01:00:00,0.10531,0.10531,0.10531,0.0,0.05,197.72319014336117,-0.0,0.0,0.0,197.72319014336117,197.72319014336117,0.0,0.0
1513,2019-03-05 01:00:00,3,2019-03-05 02:00:00,0.10531,0.10531,0.10531,0.0,0.05,197.45048463312347,-0.0,0.0,0.0,197.45048463312347,197.45048463312347,0.0,0.0
1514,2019-03-05 02:00:00,3,2019-03-05 03:00:00,0.10531,0.10531,0.10531,0.0,0.05,197.42476729388315,-0.0,0.0,0.0,197.42476729388315,197.42476729388315,0.0,0.0
1515,2019-03-05 03:00:00,3,2019-03-05 04:00:00,0.10531,0.10531,0.10531,0.0,0.05,197.6346160919875,-0.0,0.0,0.0,197.6346160919875,197.6346160919875,0.0,0.0
1516,2019-03-05 04:00:00,3,2019-03-05 05:00:00,0.10531,0.10531,0.10531,0.0,0.05,200.21085556509058,-0.0,0.0,0.0,200.21085556509058,200.21085556509058,0.0,0.0
1517,2019-03-05 05:00:00,3,2019-03-05 06:00:00,0.10531,0.10531,0.10531,0.0,0.05,200.91760201989612,-87.61385274601602,0.0,0.0,288.53145476591214,288.53145476591214,0.0,1.0
1518,2019-03-05 06:00:00,3,2019-03-05 07:00:00,0.10531,0.10531,0.10531,0.0,0.18434124087722456,218.56651933261654,-50.723473643028505,0.0,0.0,269.289992975645,269.289992975645,0.0,1.0
1519,2019-03-05 07:00:00,3,2019-03-05 08:00:00,0.10531,0.10531,0.10531,0.0,0.26211723379653495,219.23636682670622,-69.29508793920593,0.0,0.0,288.53145476591214,288.53145476591214,0.0,1.0
1520,2019-03-05 08:00:00,3,2019-03-05 09:00:00,0.10531,0.10531,0.10531,0.0,0.36836970196998403,239.97552522610246,-48.55592953980968,0.0,0.0,288.53145476591214,288.53145476591214,0.0,1.0
1521,2019-03-05 09:00:00,3,2019-03-05 10:00:00,0.06431,0.06431,0.06431,0.0,0.4428221272643589,238.8395732570996,-49.69188150881254,0.0,0.0,288.53145476591214,288.53145476591214,0.0,1.0
1522,2019-03-05 10:00:00,3,2019-03-05 11:00:00,0.06431,0.06431,0.06431,0.0,0.5190163455778715,241.35955134312482,-47.171903422787324,0.0,0.0,288.53145476591214,288.53145476591214,0.0,1.0
1523,2019-03-05 11:00:00,3,2019-03-05 12:00:00,0.06431,0.06431,0.06431,0.0,0.591346597492812,237.27007937203052,-51.26137539388162,0.0,0.0,288.53145476591214,288.53145476591214,0.0,1.0
1524,2019-03-05 12:00:00,3,2019-03-05 13:00:00,0.06431,0.06431,0.06431,0.0,0.6699473730967639,237.58756981880586,-50.943884947106284,0.0,0.0,288.53145476591214,288.53145476591214,0.0,1.0
1525,2019-03-05 13:00:00,3,2019-03-05 14:00:00,0.06431,0.06431,0.06431,0.0,0.7480613300156601,234.65944982557468,-53.87200494033746,0.0,0.0,288.53145476591214,288.53145476591214,0.0,1.0
1526,2019-03-05 14:00:00,3,2019-03-05 15:00:00,0.10531,0.10531,0.10531,0.0,0.8306650709241775,233.01003343752203,-55.52142132839012,0.0,0.0,288.53145476591214,288.53145476591214,0.0,1.0
1527,2019-03-05 15:00:00,3,2019-03-05 16:00:00,0.10531,0.10531,0.10531,0.0,0.9157979169610424,233.61705278398327,-54.914401981928876,0.0,0.0,288.53145476591214,288.53145476591214,0.0,1.0
1528,2019-03-05 16:00:00,3,2019-03-05 17:00:00,0.13592,0.13592,0.13592,0.0,1.0,229.10324395520016,-0.0,229.10324395520016,0.0,0.0,0.0,0.0,0.0
1529,2019-03-05 17:00:00,3,2019-03-05 18:00:00,0.13592,0.13592,0.13592,0.0,0.5849578913855071,219.77459253447017,-0.0,219.77459253447017,0.0,0.0,0.0,0.0,0.0
1530,2019-03-05 18:00:00,3,2019-03-05 19:00:00,0.13592,0.13592,0.13592,0.0,0.18681551360566984,218.80708728011479,-0.0,75.52216351032976,0.0,143.28492376978502,143.28492376978502,0.0,0.0
1531,2019-03-05 19:00:00,3,2019-03-05 20:00:00,0.13592,0.13592,0.13592,0.0,0.05,216.74904558260315,-0.0,0.0,0.0,216.74904558260315,216.74904558260315,0.0,0.0
1532,2019-03-05 20:00:00,3,2019-03-05 21:00:00,0.13592,0.13592,0.13592,0.0,0.05,208.7351562448215,-0.0,0.0,0.0,208.7351562448215,208.7351562448215,0.0,0.0
1533,2019-03-05 21:00:00,3,2019-03-05 22:00:00,0.10531,0.10531,0.10531,0.0,0.05,208.03272563530447,-54.58796062792013,0.0,0.0,262.6206862632246,262.6206862632246,0.0,1.0
1534,2019-03-05 22:00:00,3,2019-03-05 23:00:00,0.10531,0.10531,0.10531,0.0,0.13370153962947753,205.01403926863742,-0.0,0.0,0.0,205.01403926863742,205.01403926863742,0.0,0.0
1535,2019-03-05 23:00:00,3,2019-03-06 00:00:00,0.10531,0.10531,0.10531,0.0,0.13370153962947753,205.4614051113617,-0.0,0.0,0.0,205.4614051113617,205.4614051113617,0.0,0.0
1536,2019-03-06 00:00:00,3,2019-03-06 01:00:00,0.10531,0.10531,0.10531,0.0,0.13370153962947753,205.02606289074157,-83.50539187517057,0.0,0.0,288.53145476591214,288.53145476591214,0.0,1.0
1537,2019-03-06 01:00:00,3,2019-03-06 02:00:00,0.10531,0.10531,0.10531,0.0,0.26174314050473907,204.54415970843178,-83.98729505748037,0.0,0.0,288.53145476591214,288.53145476591214,0.0,1.0
1538,2019-03-06 02:00:00,3,2019-03-06 03:00:00,0.10531,0.10531,0.10531,0.0,0.39052365959287566,203.8104295646381,-84.72102520127405,0.0,0.0,288.53145476591214,288.53145476591214,0.0,1.0
1539,2019-03-06 03:00:00,3,2019-03-06 04:00:00,0.10531,0.10531,0.10531,0.0,0.5204292315681626,203.096903491916,-85.43455127399614,0.0,0.0,288.53145476591214,288.53145476591214,0.0,1.0
1540,2019-03-06 04:00:00,3,2019-03-06 05:00:00,0.10531,0.10531,0.10531,0.0,0.6514288768549567,225.1278874291128,-63.40356733679934,0.0,0.0,288.53145476591214,288.53145476591214,0.0,1.0
1541,2019-03-06 05:00:00,3,2019-03-06 06:00:00,0.10531,0.10531,0.10531,0.0,0.7486476801047156,224.88293475796985,-63.648520007942295,0.0,0.0,288.53145476591214,288.53145476591214,0.0,1.0
1542,2019-03-06 06:00:00,3,2019-03-06 07:00:00,0.10531,0.10531,0.10531,0.0,0.8462420774502272,279.9564736535066,-8.574981112405567,0.0,0.0,288.53145476591214,288.53145476591214,0.0,1.0
1543,2019-03-06 07:00:00,3,2019-03-06 08:00:00,0.10531,0.10531,0.10531,0.0,0.8593903818225825,309.6484744198218,-0.0,21.117019653909665,0.0,288.53145476591214,288.53145476591214,0.0,0.0
1544,2019-03-06 08:00:00,3,2019-03-06 09:00:00,0.10531,0.10531,0.10531,0.0,0.8211349114350649,322.16521546429465,-0.0,33.6337606983825,0.0,288.53145476591214,288.53145476591214,0.0,0.0
1545,2019-03-06 09:00:00,3,2019-03-06 10:00:00,0.06431,0.06431,0.06431,0.0,0.760204185532198,330.8357513877476,-0.0,42.304296621835476,0.0,288.53145476591214,288.53145476591214,0.0,0.0
1546,2019-03-06 10:00:00,3,2019-03-06 11:00:00,0.06431,0.06431,0.06431,0.0,0.6835659670143802,328.2026374999412,-0.0,39.67118273402906,0.0,288.53145476591214,288.53145476591214,0.0,0.0
1547,2019-03-06 11:00:00,3,2019-03-06 12:00:00,0.06431,0.06431,0.06431,0.0,0.6116978823512841,323.98502852540435,-0.0,35.4535737594922,0.0,288.53145476591214,288.53145476591214,0.0,0.0
1548,2019-03-06 12:00:00,3,2019-03-06 13:00:00,0.06431,0.06431,0.06431,0.0,0.5474703936565518,312.4570665699663,-0.0,23.925611804054142,0.0,288.53145476591214,288.53145476591214,0.0,0.0
1549,2019-03-06 13:00:00,3,2019-03-06 14:00:00,0.06431,0.06431,0.06431,0.0,0.5041268940115263,319.07959188506254,-0.0,30.548137119150397,0.0,288.53145476591214,288.53145476591214,0.0,0.0
1550,2019-03-06 14:00:00,3,2019-03-06 15:00:00,0.10531,0.10531,0.10531,0.0,0.4487860658971234,319.92114921610454,-0.0,31.389694450192394,0.0,288.53145476591214,288.53145476591214,0.0,0.0
1551,2019-03-06 15:00:00,3,2019-03-06 16:00:00,0.10531,0.10531,0.10531,0.0,0.391920677400398,321.9708586360681,-0.0,33.43940387015596,0.0,288.53145476591214,288.53145476591214,0.0,0.0
1552,2019-03-06 16:00:00,3,2019-03-06 17:00:00,0.13592,0.13592,0.13592,0.0,0.3313420472008401,326.9019261648023,-0.0,113.00890470279698,0.0,213.89302146200532,213.89302146200532,0.0,0.0
1553,2019-03-06 17:00:00,3,2019-03-06 18:00:00,0.13592,0.13592,0.13592,0.0,0.12661577056533832,330.8233601179789,-0.0,42.29190535206675,0.0,288.53145476591214,288.53145476591214,0.0,0.0
1554,2019-03-06 18:00:00,3,2019-03-06 19:00:00,0.13592,0.13592,0.13592,0.0,0.05,271.0688312525746,-0.0,0.0,0.0,271.0688312525746,271.0688312525746,0.0,1.0
1555,2019-03-06 19:00:00,3,2019-03-06 20:00:00,0.13592,0.13592,0.13592,0.0,0.05,268.7664781897568,-0.0,0.0,0.0,268.7664781897568,268.7664781897568,0.0,1.0
1556,2019-03-06 20:00:00,3,2019-03-06 21:00:00,0.13592,0.13592,0.13592,0.0,0.05,232.72439345183363,-0.0,0.0,0.0,232.72439345183363,232.72439345183363,0.0,0.0
1557,2019-03-06 21:00:00,3,2019-03-06 22:00:00,0.10531,0.10531,0.10531,0.0,0.05,221.39489592717447,-0.0,0.0,0.0,221.39489592717447,221.39489592717447,0.0,0.0
1558,2019-03-06 22:00:00,3,2019-03-06 23:00:00,0.10531,0.10531,0.10531,0.0,0.05,204.11768481808514,-0.0,0.0,0.0,204.11768481808514,204.11768481808514,0.0,0.0
1559,2019-03-06 23:00:00,3,2019-03-07 00:00:00,0.10531,0.10531,0.10531,0.0,0.05,203.2980680941119,-85.23338667180025,0.0,0.0,288.53145476591214,288.53145476591214,0.0,1.0
1560,2019-03-07 00:00:00,3,2019-03-07 01:00:00,0.10531,0.10531,0.10531,0.0,0.1806911928967604,199.2656809592039,-89.26577380670824,0.0,0.0,288.53145476591214,288.53145476591214,0.0,1.0
1561,2019-03-07 01:00:00,3,2019-03-07 02:00:00,0.10531,0.10531,0.10531,0.0,0.31756537940037965,198.83256110341677,-89.69889366249538,0.0,0.0,288.53145476591214,288.53145476591214,0.0,1.0
1562,2019-03-07 02:00:00,3,2019-03-07 03:00:00,0.10531,0.10531,0.10531,0.0,0.45510368301620585,197.7115086991016,-90.81994606681053,0.0,0.0,288.53145476591214,288.53145476591214,0.0,1.0
1563,2019-03-07 03:00:00,3,2019-03-07 04:00:00,0.10531,0.10531,0.10531,0.0,0.5943609336519821,197.575877414903,-90.95557735100914,0.0,0.0,288.53145476591214,288.53145476591214,0.0,1.0
1564,2019-03-07 04:00:00,3,2019-03-07 05:00:00,0.10531,0.10531,0.10531,0.0,0.7338261522568628,220.14896343023256,-68.38249133567959,0.0,0.0,288.53145476591214,288.53145476591214,0.0,1.0
1565,2019-03-07 05:00:00,3,2019-03-07 06:00:00,0.10531,0.10531,0.10531,0.0,0.8386793056382381,220.67614107736136,-67.85531368855078,0.0,0.0,288.53145476591214,288.53145476591214,0.0,1.0
1566,2019-03-07 06:00:00,3,2019-03-07 07:00:00,0.10531,0.10531,0.10531,0.0,0.9427241199606826,275.3566023094939,-13.17485245641825,0.0,0.0,288.53145476591214,288.53145476591214,0.0,1.0
1567,2019-03-07 07:00:00,3,2019-03-07 08:00:00,0.10531,0.10531,0.10531,0.0,0.9629255603938573,303.95935281608354,-0.0,15.427898050171393,0.0,288.53145476591214,288.53145476591214,0.0,0.0
1568,2019-03-07 08:00:00,3,2019-03-07 09:00:00,0.10531,0.10531,0.10531,0.0,0.934976469723257,317.7569617325838,-0.0,29.225506966671674,0.0,288.53145476591214,288.53145476591214,0.0,0.0
1569,2019-03-07 09:00:00,3,2019-03-07 10:00:00,0.06431,0.06431,0.06431,0.0,0.8820317107256634,329.8251069747815,-0.0,41.29365220886933,0.0,288.53145476591214,288.53145476591214,0.0,0.0
1570,2019-03-07 10:00:00,3,2019-03-07 11:00:00,0.06431,0.06431,0.06431,0.0,0.8072243697675667,333.02750677805443,-0.0,44.496052012142286,0.0,288.53145476591214,288.53145476591214,0.0,0.0
1571,2019-03-07 11:00:00,3,2019-03-07 12:00:00,0.06431,0.06431,0.06431,0.0,0.7266155798904973,329.4052423108306,-0.0,40.87378754491846,0.0,288.53145476591214,288.53145476591214,0.0,0.0
1572,2019-03-07 12:00:00,3,2019-03-07 13:00:00,0.06431,0.06431,0.06431,0.0,0.6525688633236161,314.8432099867042,-0.0,26.311755220792065,0.0,288.53145476591214,288.53145476591214,0.0,0.0
1573,2019-03-07 13:00:00,3,2019-03-07 14:00:00,0.06431,0.06431,0.06431,0.0,0.6049026400975436,318.46021075983265,-0.0,29.928755993920504,0.0,288.53145476591214,288.53145476591214,0.0,0.0
1574,2019-03-07 14:00:00,3,2019-03-07 15:00:00,0.10531,0.10531,0.10531,0.0,0.550683879238992,319.53217661857605,-0.0,31.0007218526639,0.0,288.53145476591214,288.53145476591214,0.0,0.0
1575,2019-03-07 15:00:00,3,2019-03-07 16:00:00,0.10531,0.10531,0.10531,0.0,0.4945231512450356,322.306448582161,-0.0,33.774993816248866,0.0,288.53145476591214,288.53145476591214,0.0,0.0
1576,2019-03-07 16:00:00,3,2019-03-07 17:00:00,0.13592,0.13592,0.13592,0.0,0.43333656824458483,327.07644928752535,-0.0,38.544994521613205,0.0,288.53145476591214,288.53145476591214,0.0,0.0
1577,2019-03-07 17:00:00,3,2019-03-07 18:00:00,0.13592,0.13592,0.13592,0.0,0.3635086796184739,335.2032212013269,-0.0,173.0567911493976,0.0,162.14643005192931,162.14643005192931,0.0,0.0
1578,2019-03-07 18:00:00,3,2019-03-07 19:00:00,0.13592,0.13592,0.13592,0.0,0.05,270.54060797042666,-0.0,0.0,0.0,270.54060797042666,270.54060797042666,0.0,0.0
1579,2019-03-07 19:00:00,3,2019-03-07 20:00:00,0.13592,0.13592,0.13592,0.0,0.05,266.79419412194096,-0.0,0.0,0.0,266.79419412194096,266.79419412194096,0.0,1.0
1580,2019-03-07 20:00:00,3,2019-03-07 21:00:00,0.13592,0.13592,0.13592,0.0,0.05,232.11335646535127,-0.0,0.0,0.0,232.11335646535127,232.11335646535127,0.0,0.0
1581,2019-03-07 21:00:00,3,2019-03-07 22:00:00,0.10531,0.10531,0.10531,0.0,0.05,221.68300507127816,-0.0,0.0,0.0,221.68300507127816,221.68300507127816,0.0,0.0
1582,2019-03-07 22:00:00,3,2019-03-07 23:00:00,0.10531,0.10531,0.10531,0.0,0.05,204.3629740480278,-84.16848071788434,0.0,0.0,288.53145476591214,288.53145476591214,0.0,1.0
1583,2019-03-07 23:00:00,3,2019-03-08 00:00:00,0.10531,0.10531,0.10531,0.0,0.17905833710075597,203.75251384903294,-84.77894091687921,0.0,0.0,288.53145476591214,288.53145476591214,0.0,1.0
1584,2019-03-08 00:00:00,3,2019-03-08 01:00:00,0.10531,0.10531,0.10531,0.0,0.3090527131733041,199.65441358015374,-88.8770411857584,0.0,0.0,288.53145476591214,288.53145476591214,0.0,1.0
1585,2019-03-08 01:00:00,3,2019-03-08 02:00:00,0.10531,0.10531,0.10531,0.0,0.44533084299146697,199.2405600752396,-89.29089469067253,0.0,0.0,288.53145476591214,288.53145476591214,0.0,1.0
1586,2019-03-08 02:00:00,3,2019-03-08 03:00:00,0.10531,0.10531,0.10531,0.0,0.5822435481838316,199.16487469310343,-89.36658007280872,0.0,0.0,288.53145476591214,288.53145476591214,0.0,1.0
1587,2019-03-08 03:00:00,3,2019-03-08 04:00:00,0.10531,0.10531,0.10531,0.0,0.7192723042954715,198.72280708469734,-89.80864768121481,0.0,0.0,288.53145476591214,288.53145476591214,0.0,1.0
1588,2019-03-08 04:00:00,3,2019-03-08 05:00:00,0.10531,0.10531,0.10531,0.0,0.8569788974066677,221.14026755645193,-27.068934835185686,0.0,0.0,248.20920239163763,248.20920239163763,0.0,1.0
1589,2019-03-08 05:00:00,3,2019-03-08 06:00:00,0.10531,0.10531,0.10531,0.0,0.8984845974872856,222.32575747501153,-66.20569729090062,0.0,0.0,288.53145476591214,288.53145476591214,0.0,1.0
1590,2019-03-08 06:00:00,3,2019-03-08 07:00:00,0.10531,0.10531,0.10531,0.0,1.0,278.7790735256323,-0.0,0.0,0.0,278.7790735256323,278.7790735256323,0.0,0.0
1591,2019-03-08 07:00:00,3,2019-03-08 08:00:00,0.10531,0.10531,0.10531,0.0,1.0,308.6641224369361,-0.0,20.132667671023967,0.0,288.53145476591214,288.53145476591214,0.0,0.0
1592,2019-03-08 08:00:00,3,2019-03-08 09:00:00,0.10531,0.10531,0.10531,0.0,0.9635277759582899,320.7750101643383,-0.0,32.24355539842617,0.0,288.53145476591214,288.53145476591214,0.0,0.0
1593,2019-03-08 09:00:00,3,2019-03-08 10:00:00,0.06431,0.06431,0.06431,0.0,0.9051155379176627,330.3270680447683,-0.0,41.79561327885614,0.0,288.53145476591214,288.53145476591214,0.0,0.0
1594,2019-03-08 10:00:00,3,2019-03-08 11:00:00,0.06431,0.06431,0.06431,0.0,0.8293988471950974,333.34875434501373,-0.0,44.81729957910159,0.0,288.53145476591214,288.53145476591214,0.0,0.0
1595,2019-03-08 11:00:00,3,2019-03-08 12:00:00,0.06431,0.06431,0.06431,0.0,0.7482080870880293,334.44746314274676,-0.0,45.91600837683461,0.0,288.53145476591214,288.53145476591214,0.0,0.0
1596,2019-03-08 12:00:00,3,2019-03-08 13:00:00,0.06431,0.06431,0.06431,0.0,0.6650269124923144,322.1587221909488,-0.0,33.62726742503668,0.0,288.53145476591214,288.53145476591214,0.0,0.0
1597,2019-03-08 13:00:00,3,2019-03-08 14:00:00,0.06431,0.06431,0.06431,0.0,0.6041079497657986,329.4660679107655,-0.0,40.93461314485336,0.0,288.53145476591214,288.53145476591214,0.0,0.0
1598,2019-03-08 14:00:00,3,2019-03-08 15:00:00,0.10531,0.10531,0.10531,0.0,0.5299510418946874,327.024381839481,-0.0,38.492927073568865,0.0,288.53145476591214,288.53145476591214,0.0,0.0
1599,2019-03-08 15:00:00,3,2019-03-08 16:00:00,0.10531,0.10531,0.10531,0.0,0.4602174783556135,324.62382063202966,-0.0,36.09236586611752,0.0,288.53145476591214,288.53145476591214,0.0,0.0
1600,2019-03-08 16:00:00,3,2019-03-08 17:00:00,0.13592,0.13592,0.13592,0.0,0.39483275758366143,331.6393901089068,-0.0,142.61095072938946,0.0,189.02843937951735,189.02843937951735,0.0,0.0
1601,2019-03-08 17:00:00,3,2019-03-08 18:00:00,0.13592,0.13592,0.13592,0.0,0.1364795859724486,336.2681862227038,-0.0,47.73673145679163,0.0,288.53145476591214,288.53145476591214,0.0,0.0
1602,2019-03-08 18:00:00,3,2019-03-08 19:00:00,0.13592,0.13592,0.13592,0.0,0.05,267.82825127168195,-0.0,0.0,0.0,267.82825127168195,267.82825127168195,0.0,1.0
1603,2019-03-08 19:00:00,3,2019-03-08 20:00:00,0.13592,0.13592,0.13592,0.0,0.05,264.4292786175433,-0.0,0.0,0.0,264.4292786175433,264.4292786175433,0.0,0.0
1604,2019-03-08 20:00:00,3,2019-03-08 21:00:00,0.13592,0.13592,0.13592,0.0,0.05,229.93528971933046,-0.0,0.0,0.0,229.93528971933046,229.93528971933046,0.0,0.0
1605,2019-03-08 21:00:00,3,2019-03-08 22:00:00,0.10531,0.10531,0.10531,0.0,0.05,218.99136817767442,-59.56602515277205,0.0,0.0,278.5573933304465,278.5573933304465,0.0,1.0
1606,2019-03-08 22:00:00,3,2019-03-08 23:00:00,0.10531,0.10531,0.10531,0.0,0.14133457190091714,202.42141716920116,-0.0,0.0,0.0,202.42141716920116,202.42141716920116,0.0,0.0
1607,2019-03-08 23:00:00,3,2019-03-09 00:00:00,0.10531,0.10531,0.10531,0.0,0.14133457190091714,203.19398639835165,-0.0,0.0,0.0,203.19398639835165,203.19398639835165,0.0,0.0
1608,2019-03-09 00:00:00,3,2019-03-09 01:00:00,0.10531,0.10531,0.10531,0.0,0.14133457190091714,199.70834814949305,-88.8231066164191,0.0,0.0,288.53145476591214,288.53145476591214,0.0,1.0
1609,2019-03-09 01:00:00,3,2019-03-09 02:00:00,0.10531,0.10531,0.10531,0.0,0.2775300020460931,198.19847112421192,-90.33298364170022,0.0,0.0,288.53145476591214,288.53145476591214,0.0,1.0
1610,2019-03-09 02:00:00,3,2019-03-09 03:00:00,0.10531,0.10531,0.10531,0.0,0.41604057696336677,196.52645965224247,-92.00499511366968,0.0,0.0,288.53145476591214,288.53145476591214,0.0,1.0
1611,2019-03-09 03:00:00,3,2019-03-09 04:00:00,0.10531,0.10531,0.10531,0.0,0.557114902804327,196.05405985196577,-92.47739491394637,0.0,0.0,288.53145476591214,288.53145476591214,0.0,1.0
1612,2019-03-09 04:00:00,3,2019-03-09 05:00:00,0.10531,0.10531,0.10531,0.0,0.6989135750057113,219.28068745543814,-69.250767310474,0.0,0.0,288.53145476591214,288.53145476591214,0.0,1.0
1613,2019-03-09 05:00:00,3,2019-03-09 06:00:00,0.10531,0.10531,0.10531,0.0,0.8050980848817715,220.55544715412827,-67.97600761178387,0.0,0.0,288.53145476591214,288.53145476591214,0.0,1.0
1614,2019-03-09 06:00:00,3,2019-03-09 07:00:00,0.10531,0.10531,0.10531,0.0,0.9093279632198401,276.0279667089467,-12.503488056965466,0.0,0.0,288.53145476591214,288.53145476591214,0.0,1.0
1615,2019-03-09 07:00:00,3,2019-03-09 08:00:00,0.10531,0.10531,0.10531,0.0,0.9284999782405204,304.3655101296448,-0.0,15.83405536373266,0.0,288.53145476591214,288.53145476591214,0.0,0.0
1616,2019-03-09 08:00:00,3,2019-03-09 09:00:00,0.10531,0.10531,0.10531,0.0,0.8998150953352076,316.2265023607669,-0.0,27.69504759485477,0.0,288.53145476591214,288.53145476591214,0.0,0.0
1617,2019-03-09 09:00:00,3,2019-03-09 10:00:00,0.06431,0.06431,0.06431,0.0,0.8496429076633694,326.3450122225677,-0.0,37.81355745665553,0.0,288.53145476591214,288.53145476591214,0.0,0.0
1618,2019-03-09 10:00:00,3,2019-03-09 11:00:00,0.06431,0.06431,0.06431,0.0,0.781140086183921,329.9889280099258,-0.0,41.45747324401367,0.0,288.53145476591214,288.53145476591214,0.0,0.0
1619,2019-03-09 11:00:00,3,2019-03-09 12:00:00,0.06431,0.06431,0.06431,0.0,0.706035967988244,332.29674709016086,-0.0,43.76529232424872,0.0,288.53145476591214,288.53145476591214,0.0,0.0
1620,2019-03-09 12:00:00,3,2019-03-09 13:00:00,0.06431,0.06431,0.06431,0.0,0.6267510181254745,319.1019023916869,-0.0,30.57044762577476,0.0,288.53145476591214,288.53145476591214,0.0,0.0
1621,2019-03-09 13:00:00,3,2019-03-09 14:00:00,0.06431,0.06431,0.06431,0.0,0.5713697724266071,325.89199270241113,-0.0,37.360537936498986,0.0,288.53145476591214,288.53145476591214,0.0,0.0
1622,2019-03-09 14:00:00,3,2019-03-09 15:00:00,0.10531,0.10531,0.10531,0.0,0.5036876384836743,328.0788742454737,-0.0,39.54741947956154,0.0,288.53145476591214,288.53145476591214,0.0,0.0
1623,2019-03-09 15:00:00,3,2019-03-09 16:00:00,0.10531,0.10531,0.10531,0.0,0.43204376261490335,328.37690910410726,-0.0,39.84545433819511,0.0,288.53145476591214,288.53145476591214,0.0,0.0
1624,2019-03-09 16:00:00,3,2019-03-09 17:00:00,0.13592,0.13592,0.13592,0.0,0.3598599685239702,334.0881671987679,-0.0,125.16424787045555,0.0,208.92391932831237,208.92391932831237,0.0,0.0
1625,2019-03-09 17:00:00,3,2019-03-09 18:00:00,0.13592,0.13592,0.13592,0.0,0.1331131426716956,334.40990952068813,-0.0,45.87845475477599,0.0,288.53145476591214,288.53145476591214,0.0,0.0
1626,2019-03-09 18:00:00,3,2019-03-09 19:00:00,0.13592,0.13592,0.13592,0.0,0.05,267.9994567197322,-0.0,0.0,0.0,267.9994567197322,267.9994567197322,0.0,1.0
1627,2019-03-09 19:00:00,3,2019-03-09 20:00:00,0.13592,0.13592,0.13592,0.0,0.05,264.84794188418596,-0.0,0.0,0.0,264.84794188418596,264.84794188418596,0.0,1.0
1628,2019-03-09 20:00:00,3,2019-03-09 21:00:00,0.13592,0.13592,0.13592,0.0,0.05,230.18150857684043,-0.0,0.0,0.0,230.18150857684043,230.18150857684043,0.0,0.0
1629,2019-03-09 21:00:00,3,2019-03-09 22:00:00,0.10531,0.10531,0.10531,0.0,0.05,220.46343664868522,-0.0,0.0,0.0,220.46343664868522,220.46343664868522,0.0,0.0
1630,2019-03-09 22:00:00,3,2019-03-09 23:00:00,0.10531,0.10531,0.10531,0.0,0.05,203.9756267590661,-84.55582800684604,0.0,0.0,288.53145476591214,288.53145476591214,0.0,1.0
1631,2019-03-09 23:00:00,3,2019-03-10 00:00:00,0.10531,0.10531,0.10531,0.0,0.17965226961049727,206.74978590841545,-0.0,0.0,0.0,206.74978590841545,206.74978590841545,0.0,0.0
1632,2019-03-10 00:00:00,3,2019-03-10 01:00:00,0.10531,0.10531,0.10531,0.0,0.17965226961049727,204.92489940394324,-83.6065553619689,0.0,0.0,288.53145476591214,288.53145476591214,0.0,1.0
1633,2019-03-10 01:00:00,3,2019-03-10 02:00:00,0.10531,0.10531,0.10531,0.0,0.30784898783218295,202.46808521096077,-86.06336955495138,0.0,0.0,288.53145476591214,288.53145476591214,0.0,1.0
1634,2019-03-10 02:00:00,3,2019-03-10 03:00:00,0.10531,0.10531,0.10531,0.0,0.4398128211497751,203.98744235711294,-84.5440124087992,0.0,0.0,288.53145476591214,288.53145476591214,0.0,1.0
1635,2019-03-10 03:00:00,3,2019-03-10 04:00:00,0.10531,0.10531,0.10531,0.0,0.5694469735099339,204.2500898095448,-84.28136495636736,0.0,0.0,288.53145476591214,288.53145476591214,0.0,1.0
1636,2019-03-10 04:00:00,3,2019-03-10 05:00:00,0.10531,0.10531,0.10531,0.0,0.6986783997763638,228.83809882559467,-59.693355940317474,0.0,0.0,288.53145476591214,288.53145476591214,0.0,1.0
1637,2019-03-10 05:00:00,3,2019-03-10 06:00:00,0.10531,0.10531,0.10531,0.0,0.7902082122181839,227.72082586079776,-60.810628905114385,0.0,0.0,288.53145476591214,288.53145476591214,0.0,1.0
1638,2019-03-10 06:00:00,3,2019-03-10 07:00:00,0.10531,0.10531,0.10531,0.0,0.8834511765393593,280.9292593972588,-7.602195368653327,0.0,0.0,288.53145476591214,288.53145476591214,0.0,1.0
1639,2019-03-10 07:00:00,3,2019-03-10 08:00:00,0.10531,0.10531,0.10531,0.0,0.8951078761046278,307.0581788209139,-0.0,18.52672405500175,0.0,288.53145476591214,288.53145476591214,0.0,0.0
1640,2019-03-10 08:00:00,3,2019-03-10 09:00:00,0.10531,0.10531,0.10531,0.0,0.8615449702078855,318.4253138714977,-0.0,29.893859105585534,0.0,288.53145476591214,288.53145476591214,0.0,0.0
1641,2019-03-10 09:00:00,3,2019-03-10 10:00:00,0.06431,0.06431,0.06431,0.0,0.8073894283499407,329.71509626185065,-0.0,41.1836414959385,0.0,288.53145476591214,288.53145476591214,0.0,0.0
1642,2019-03-10 10:00:00,3,2019-03-10 11:00:00,0.06431,0.06431,0.06431,0.0,0.7327813821616463,330.51462066575544,-0.0,41.9831658998433,0.0,288.53145476591214,288.53145476591214,0.0,0.0
1643,2019-03-10 11:00:00,3,2019-03-10 12:00:00,0.06431,0.06431,0.06431,0.0,0.656724922198162,329.7289868049197,-0.0,41.19753203900757,0.0,288.53145476591214,288.53145476591214,0.0,0.0
1644,2019-03-10 12:00:00,3,2019-03-10 13:00:00,0.06431,0.06431,0.06431,0.0,0.5820917119825686,315.9428208529204,-0.0,27.411366087008275,0.0,288.53145476591214,288.53145476591214,0.0,0.0
1645,2019-03-10 13:00:00,3,2019-03-10 14:00:00,0.06431,0.06431,0.06431,0.0,0.5324334400858145,324.5248351664868,-0.0,35.993380400574665,0.0,288.53145476591214,288.53145476591214,0.0,0.0
1646,2019-03-10 14:00:00,3,2019-03-10 15:00:00,0.10531,0.10531,0.10531,0.0,0.4672280408094111,323.16339433455107,-0.0,34.63193956863893,0.0,288.53145476591214,288.53145476591214,0.0,0.0
1647,2019-03-10 15:00:00,3,2019-03-10 16:00:00,0.10531,0.10531,0.10531,0.0,0.4044890198517319,322.0507489178317,-0.0,33.51929415191955,0.0,288.53145476591214,288.53145476591214,0.0,0.0
1648,2019-03-10 16:00:00,3,2019-03-10 17:00:00,0.13592,0.13592,0.13592,0.0,0.34376566088086313,327.4022044420476,-0.0,118.24810582772487,0.0,209.15409861432272,209.15409861432272,0.0,0.0
1649,2019-03-10 17:00:00,3,2019-03-10 18:00:00,0.13592,0.13592,0.13592,0.0,0.1295480778596224,332.4419937444237,-0.0,43.91053897851157,0.0,288.53145476591214,288.53145476591214,0.0,0.0
1650,2019-03-10 18:00:00,3,2019-03-10 19:00:00,0.13592,0.13592,0.13592,0.0,0.05,267.94379776063204,-0.0,0.0,0.0,267.94379776063204,267.94379776063204,0.0,1.0
1651,2019-03-10 19:00:00,3,2019-03-10 20:00:00,0.13592,0.13592,0.13592,0.0,0.05,265.11759415117734,-0.0,0.0,0.0,265.11759415117734,265.11759415117734,0.0,1.0
1652,2019-03-10 20:00:00,3,2019-03-10 21:00:00,0.13592,0.13592,0.13592,0.0,0.05,229.46452222509726,-0.0,0.0,0.0,229.46452222509726,229.46452222509726,0.0,0.0
1653,2019-03-10 21:00:00,3,2019-03-10 22:00:00,0.10531,0.10531,0.10531,0.0,0.05,218.46182865152483,-0.0,0.0,0.0,218.46182865152483,218.46182865152483,0.0,0.0
1654,2019-03-10 22:00:00,3,2019-03-10 23:00:00,0.10531,0.10531,0.10531,0.0,0.05,202.00530723504653,-0.0,0.0,0.0,202.00530723504653,202.00530723504653,0.0,0.0
1655,2019-03-10 23:00:00,3,2019-03-11 00:00:00,0.10531,0.10531,0.10531,0.0,0.05,200.46542736581716,-0.0,0.0,0.0,200.46542736581716,200.46542736581716,0.0,0.0
1656,2019-03-11 00:00:00,3,2019-03-11 01:00:00,0.10531,0.10531,0.10531,0.0,0.05,197.86768351104539,-90.66377125486676,0.0,0.0,288.53145476591214,288.53145476591214,0.0,1.0
1657,2019-03-11 01:00:00,3,2019-03-11 02:00:00,0.10531,0.10531,0.10531,0.0,0.1890177825907957,197.91381028054704,-83.46205709704671,0.0,0.0,281.37586737759375,281.37586737759375,0.0,1.0
1658,2019-03-11 02:00:00,3,2019-03-11 03:00:00,0.10531,0.10531,0.10531,0.0,0.31699293680626733,198.14418442185493,-0.0,0.0,0.0,198.14418442185493,198.14418442185493,0.0,0.0
1659,2019-03-11 03:00:00,3,2019-03-11 04:00:00,0.10531,0.10531,0.10531,0.0,0.31699293680626733,198.70500010650122,-89.82645465941093,0.0,0.0,288.53145476591214,288.53145476591214,0.0,1.0
1660,2019-03-11 04:00:00,3,2019-03-11 05:00:00,0.10531,0.10531,0.10531,0.0,0.45472683395069735,199.5904502097457,-88.94100455616643,0.0,0.0,288.53145476591214,288.53145476591214,0.0,1.0
1661,2019-03-11 05:00:00,3,2019-03-11 06:00:00,0.10531,0.10531,0.10531,0.0,0.5911030409368193,194.35437674772652,-0.0,0.0,0.0,194.35437674772652,194.35437674772652,0.0,0.0
1662,2019-03-11 06:00:00,3,2019-03-11 07:00:00,0.10531,0.10531,0.10531,0.0,0.5911030409368193,210.85620605247564,-77.6752487134365,0.0,0.0,288.53145476591214,288.53145476591214,0.0,1.0
1663,2019-03-11 07:00:00,3,2019-03-11 08:00:00,0.10531,0.10531,0.10531,0.0,0.7102050889640886,241.04326466619915,-47.488190099712995,0.0,0.0,288.53145476591214,288.53145476591214,0.0,1.0
1664,2019-03-11 08:00:00,3,2019-03-11 09:00:00,0.10531,0.10531,0.10531,0.0,0.7830203137836484,245.22081193590213,-43.31064283001001,0.0,0.0,288.53145476591214,288.53145476591214,0.0,1.0
1665,2019-03-11 09:00:00,3,2019-03-11 10:00:00,0.06431,0.06431,0.06431,0.0,0.8494299661229971,276.76416397090577,-11.767290795006375,0.0,0.0,288.53145476591214,288.53145476591214,0.0,1.0
1666,2019-03-11 10:00:00,3,2019-03-11 11:00:00,0.06431,0.06431,0.06431,0.0,0.8674731453420069,281.5253772867455,-7.006077479166663,0.0,0.0,288.53145476591214,288.53145476591214,0.0,1.0
1667,2019-03-11 11:00:00,3,2019-03-11 12:00:00,0.06431,0.06431,0.06431,0.0,0.8782157974767292,283.45101282248777,-5.0804419434243755,0.0,0.0,288.53145476591214,288.53145476591214,0.0,1.0
1668,2019-03-11 12:00:00,3,2019-03-11 13:00:00,0.06431,0.06431,0.06431,0.0,0.8860058084566466,274.92613543645706,-13.605319329455085,0.0,0.0,288.53145476591214,288.53145476591214,0.0,1.0
1669,2019-03-11 13:00:00,3,2019-03-11 14:00:00,0.06431,0.06431,0.06431,0.0,0.9068672980951443,269.48467485437624,-19.046779911535907,0.0,0.0,288.53145476591214,288.53145476591214,0.0,1.0
1670,2019-03-11 14:00:00,3,2019-03-11 15:00:00,0.10531,0.10531,0.10531,0.0,0.9360723606261661,266.77726279957466,7.723290606088045e-15,0.0,0.0,266.77726279957466,266.77726279957466,0.0,0.0
1671,2019-03-11 15:00:00,3,2019-03-11 16:00:00,0.10531,0.10531,0.10531,0.0,0.9360723606261661,246.83951604384652,-41.69193872206563,0.0,0.0,288.53145476591214,288.53145476591214,0.0,1.0
1672,2019-03-11 16:00:00,3,2019-03-11 17:00:00,0.13592,0.13592,0.13592,0.0,1.0,249.86279397483543,-0.0,249.86279397483543,0.0,0.0,0.0,0.0,0.0
1673,2019-03-11 17:00:00,3,2019-03-11 18:00:00,0.13592,0.13592,0.13592,0.0,0.5473500109151532,244.8072235471059,-0.0,244.8072235471059,0.0,0.0,0.0,0.0,0.0
1674,2019-03-11 18:00:00,3,2019-03-11 19:00:00,0.13592,0.13592,0.13592,0.0,0.10385866390952657,240.365740358984,-0.0,29.72998247805867,0.0,210.63575788092533,210.63575788092533,0.0,0.0
1675,2019-03-11 19:00:00,3,2019-03-11 20:00:00,0.13592,0.13592,0.13592,0.0,0.05,236.0101572985829,-0.0,0.0,0.0,236.0101572985829,236.0101572985829,0.0,0.0
1676,2019-03-11 20:00:00,3,2019-03-11 21:00:00,0.13592,0.13592,0.13592,0.0,0.05,205.6136054050243,-0.0,0.0,0.0,205.6136054050243,205.6136054050243,0.0,0.0
1677,2019-03-11 21:00:00,3,2019-03-11 22:00:00,0.10531,0.10531,0.10531,0.0,0.05,203.4018015488379,-0.0,0.0,0.0,203.4018015488379,203.4018015488379,0.0,0.0
1678,2019-03-11 22:00:00,3,2019-03-11 23:00:00,0.10531,0.10531,0.10531,0.0,0.05,200.79157679858224,-0.0,0.0,0.0,200.79157679858224,200.79157679858224,0.0,0.0
1679,2019-03-11 23:00:00,3,2019-03-12 00:00:00,0.10531,0.10531,0.10531,0.0,0.05,202.33814811108638,-0.0,0.0,0.0,202.33814811108638,202.33814811108638,0.0,0.0
1680,2019-03-12 00:00:00,3,2019-03-12 01:00:00,0.10531,0.10531,0.10531,0.0,0.05,195.18433462480792,-0.0,0.0,0.0,195.18433462480792,195.18433462480792,0.0,0.0
1681,2019-03-12 01:00:00,3,2019-03-12 02:00:00,0.10531,0.10531,0.10531,0.0,0.05,195.0261751842812,-0.0,0.0,0.0,195.0261751842812,195.0261751842812,0.0,0.0
1682,2019-03-12 02:00:00,3,2019-03-12 03:00:00,0.10531,0.10531,0.10531,0.0,0.05,195.43481221594016,-0.0,0.0,0.0,195.43481221594016,195.43481221594016,0.0,0.0
1683,2019-03-12 03:00:00,3,2019-03-12 04:00:00,0.10531,0.10531,0.10531,0.0,0.05,196.34901496471457,-0.0,0.0,0.0,196.34901496471457,196.34901496471457,0.0,0.0
1684,2019-03-12 04:00:00,3,2019-03-12 05:00:00,0.10531,0.10531,0.10531,0.0,0.05,197.4520136739145,-91.07944109199764,0.0,0.0,288.53145476591214,288.53145476591214,0.0,1.0
1685,2019-03-12 05:00:00,3,2019-03-12 06:00:00,0.10531,0.10531,0.10531,0.0,0.1896551430077297,213.80972529446902,-72.22689410887753,0.0,0.0,286.03661940334655,286.03661940334655,0.0,1.0
1686,2019-03-12 06:00:00,3,2019-03-12 07:00:00,0.10531,0.10531,0.10531,0.0,0.3004030473080086,210.80359683423882,-0.0,0.0,0.0,210.80359683423882,210.80359683423882,0.0,0.0
1687,2019-03-12 07:00:00,3,2019-03-12 08:00:00,0.10531,0.10531,0.10531,0.0,0.3004030473080086,229.6416352844086,-58.88981948150354,0.0,0.0,288.53145476591214,288.53145476591214,0.0,1.0
1688,2019-03-12 08:00:00,3,2019-03-12 09:00:00,0.10531,0.10531,0.10531,0.0,0.3907007705129807,233.717276076494,-54.814178689418156,0.0,0.0,288.53145476591214,288.53145476591214,0.0,1.0
1689,2019-03-12 09:00:00,3,2019-03-12 10:00:00,0.06431,0.06431,0.06431,0.0,0.47474917783675524,239.20340262644538,-49.32805213946676,0.0,0.0,288.53145476591214,288.53145476591214,0.0,1.0
1690,2019-03-12 10:00:00,3,2019-03-12 11:00:00,0.06431,0.06431,0.06431,0.0,0.5503855244506043,235.53588267448325,-52.9955720914289,0.0,0.0,288.53145476591214,288.53145476591214,0.0,1.0
1691,2019-03-12 11:00:00,3,2019-03-12 12:00:00,0.06431,0.06431,0.06431,0.0,0.6316454016574619,231.47538189093356,-57.05607287497858,0.0,0.0,288.53145476591214,288.53145476591214,0.0,1.0
1692,2019-03-12 12:00:00,3,2019-03-12 13:00:00,0.06431,0.06431,0.06431,0.0,0.7191313800657624,228.26594925278022,-60.26550551313193,0.0,0.0,288.53145476591214,288.53145476591214,0.0,1.0
1693,2019-03-12 13:00:00,3,2019-03-12 14:00:00,0.06431,0.06431,0.06431,0.0,0.8115384885192314,227.586042541886,-60.94541222402614,0.0,0.0,288.53145476591214,288.53145476591214,0.0,1.0
1694,2019-03-12 14:00:00,3,2019-03-12 15:00:00,0.10531,0.10531,0.10531,0.0,0.9049881205960715,226.56718558943703,-61.964269176475156,0.0,0.0,288.5314547659122,288.5314547659122,0.0,1.0
1695,2019-03-12 15:00:00,3,2019-03-12 16:00:00,0.10531,0.10531,0.10531,0.0,1.0,219.87553124690226,-0.0,0.0,0.0,219.87553124690226,219.87553124690226,0.0,0.0
1696,2019-03-12 16:00:00,3,2019-03-12 17:00:00,0.13592,0.13592,0.13592,0.0,1.0,210.30303108886514,-0.0,210.30303108886514,0.0,0.0,0.0,0.0,0.0
1697,2019-03-12 17:00:00,3,2019-03-12 18:00:00,0.13592,0.13592,0.13592,0.0,0.6190162480274182,210.44787734840835,-0.0,210.44787734840835,0.0,0.0,0.0,0.0,0.0
1698,2019-03-12 18:00:00,3,2019-03-12 19:00:00,0.13592,0.13592,0.13592,0.0,0.2377700934107364,216.43571841179207,-0.0,103.64909156272651,0.0,112.78662684906556,112.78662684906556,0.0,0.0
1699,2019-03-12 19:00:00,3,2019-03-12 20:00:00,0.13592,0.13592,0.13592,0.0,0.05,205.492885380567,-0.0,0.0,0.0,205.492885380567,205.492885380567,0.0,0.0
1700,2019-03-12 20:00:00,3,2019-03-12 21:00:00,0.13592,0.13592,0.13592,0.0,0.05,203.9650028751206,-0.0,0.0,0.0,203.9650028751206,203.9650028751206,0.0,0.0
1701,2019-03-12 21:00:00,3,2019-03-12 22:00:00,0.10531,0.10531,0.10531,0.0,0.05,200.83069944927556,-87.70075531663659,0.0,0.0,288.53145476591214,288.53145476591214,0.0,1.0
1702,2019-03-12 22:00:00,3,2019-03-12 23:00:00,0.10531,0.10531,0.10531,0.0,0.18447449148550946,200.1438843592515,-88.38757040666064,0.0,0.0,288.53145476591214,288.53145476591214,0.0,1.0
1703,2019-03-12 23:00:00,3,2019-03-13 00:00:00,0.10531,0.10531,0.10531,0.0,0.3200020994423891,196.36569368367492,-42.557583825296184,0.0,0.0,238.9232775089711,238.9232775089711,0.0,1.0
1704,2019-03-13 00:00:00,3,2019-03-13 01:00:00,0.10531,0.10531,0.10531,0.0,0.38525706130784326,198.05514091140262,-90.47631385450958,0.0,0.0,288.5314547659122,288.5314547659122,0.0,1.0
1705,2019-03-13 01:00:00,3,2019-03-13 02:00:00,0.10531,0.10531,0.10531,0.0,0.5239874092180912,198.64417072769257,-89.88728403821963,0.0,0.0,288.5314547659122,288.5314547659122,0.0,1.0
1706,2019-03-13 02:00:00,3,2019-03-13 03:00:00,0.10531,0.10531,0.10531,0.0,0.6618145780766947,195.94785748515244,-92.58359728075976,0.0,0.0,288.5314547659122,288.5314547659122,0.0,1.0
1707,2019-03-13 03:00:00,3,2019-03-13 04:00:00,0.10531,0.10531,0.10531,0.0,0.803776093907193,217.0066985053841,-54.48123880549144,0.0,0.0,271.4879373108755,271.4879373108755,0.0,1.0
1708,2019-03-13 04:00:00,3,2019-03-13 05:00:00,0.10531,0.10531,0.10531,0.0,0.8873139934089466,215.04058090218172,-73.49087386373049,0.0,0.0,288.5314547659122,288.5314547659122,0.0,1.0
1709,2019-03-13 05:00:00,3,2019-03-13 06:00:00,0.10531,0.10531,0.10531,0.0,1.0,269.76211066618475,-0.0,0.0,0.0,269.76211066618475,269.76211066618475,0.0,0.0
1710,2019-03-13 06:00:00,3,2019-03-13 07:00:00,0.10531,0.10531,0.10531,0.0,1.0,300.8677166476037,-0.0,12.336261881691485,0.0,288.5314547659122,288.5314547659122,0.0,0.0
1711,2019-03-13 07:00:00,3,2019-03-13 08:00:00,0.10531,0.10531,0.10531,0.0,0.9776516994896892,311.8864502918779,-0.0,23.354995525965705,0.0,288.5314547659122,288.5314547659122,0.0,0.0
1712,2019-03-13 08:00:00,3,2019-03-13 09:00:00,0.10531,0.10531,0.10531,0.0,0.9353419249861281,323.9090418976086,-0.0,35.37758713169637,0.0,288.5314547659122,288.5314547659122,0.0,0.0
1713,2019-03-13 09:00:00,3,2019-03-13 10:00:00,0.06431,0.06431,0.06431,0.0,0.8712520932258088,327.9793156172363,-0.0,39.447860851324094,0.0,288.5314547659122,288.5314547659122,0.0,0.0
1714,2019-03-13 10:00:00,3,2019-03-13 11:00:00,0.06431,0.06431,0.06431,0.0,0.7997885771908013,329.8466680659483,-0.0,41.31521330003608,0.0,288.5314547659122,288.5314547659122,0.0,0.0
1715,2019-03-13 11:00:00,3,2019-03-13 12:00:00,0.06431,0.06431,0.06431,0.0,0.7249421762849388,321.7614339171276,-0.0,33.22997915121539,0.0,288.5314547659122,288.5314547659122,0.0,0.0
1716,2019-03-13 12:00:00,3,2019-03-13 13:00:00,0.06431,0.06431,0.06431,0.0,0.6647429386921574,328.5684156727194,-0.0,40.036960906807224,0.0,288.5314547659122,288.5314547659122,0.0,0.0
1717,2019-03-13 13:00:00,3,2019-03-13 14:00:00,0.06431,0.06431,0.06431,0.0,0.5922122124117095,323.95990780004513,-0.0,35.42845303413293,0.0,288.5314547659122,288.5314547659122,0.0,0.0
1718,2019-03-13 14:00:00,3,2019-03-13 15:00:00,0.10531,0.10531,0.10531,0.0,0.5280302322774107,320.5397445296473,-0.0,32.00828976373509,0.0,288.5314547659122,288.5314547659122,0.0,0.0
1719,2019-03-13 15:00:00,3,2019-03-13 16:00:00,0.10531,0.10531,0.10531,0.0,0.4700442000967312,321.84129045948583,-0.0,33.30983569357363,0.0,288.5314547659122,288.5314547659122,0.0,0.0
1720,2019-03-13 16:00:00,3,2019-03-13 17:00:00,0.13592,0.13592,0.13592,0.0,0.40970029485475007,326.398019025122,-0.0,37.86656425920978,0.0,288.5314547659122,288.5314547659122,0.0,0.0
1721,2019-03-13 17:00:00,3,2019-03-13 18:00:00,0.13592,0.13592,0.13592,0.0,0.34110144655908015,266.3013142430035,-0.0,160.68799850061225,0.0,105.61331574239125,105.61331574239125,0.0,0.0
1722,2019-03-13 18:00:00,3,2019-03-13 19:00:00,0.13592,0.13592,0.13592,0.0,0.05,269.33072594458685,-0.0,0.0,0.0,269.33072594458685,269.33072594458685,0.0,0.0
1723,2019-03-13 19:00:00,3,2019-03-13 20:00:00,0.13592,0.13592,0.13592,0.0,0.05,233.1213521776538,-0.0,0.0,0.0,233.1213521776538,233.1213521776538,0.0,0.0
1724,2019-03-13 20:00:00,3,2019-03-13 21:00:00,0.13592,0.13592,0.13592,0.0,0.05,221.49504958801754,-0.0,0.0,0.0,221.49504958801754,221.49504958801754,0.0,0.0
1725,2019-03-13 21:00:00,3,2019-03-13 22:00:00,0.10531,0.10531,0.10531,0.0,0.05,203.38441410857166,-0.0,0.0,0.0,203.38441410857166,203.38441410857166,0.0,0.0
1726,2019-03-13 22:00:00,3,2019-03-13 23:00:00,0.10531,0.10531,0.10531,0.0,0.05,202.61609368803286,-0.0,0.0,0.0,202.61609368803286,202.61609368803286,0.0,0.0
1727,2019-03-13 23:00:00,3,2019-03-14 00:00:00,0.10531,0.10531,0.10531,0.0,0.05,198.8148038025549,-0.0,0.0,0.0,198.8148038025549,198.8148038025549,0.0,0.0
1728,2019-03-14 00:00:00,3,2019-03-14 01:00:00,0.10531,0.10531,0.10531,0.0,0.05,197.3304760865843,-91.97341366394255,0.0,0.0,289.3038897505269,289.3038897505269,0.0,1.0
1729,2019-03-14 01:00:00,3,2019-03-14 02:00:00,0.10531,0.10531,0.10531,0.0,0.19102590095137859,196.65882541294025,-92.6450643375866,0.0,0.0,289.3038897505269,289.3038897505269,0.0,1.0
1730,2019-03-14 02:00:00,3,2019-03-14 03:00:00,0.10531,0.10531,0.10531,0.0,0.3330816662690115,198.0141591224547,-91.28973062807214,0.0,0.0,289.3038897505269,289.3038897505269,0.0,1.0
1731,2019-03-14 03:00:00,3,2019-03-14 04:00:00,0.10531,0.10531,0.10531,0.0,0.47305925323205544,222.9143307737468,-66.38955897678005,0.0,0.0,289.3038897505269,289.3038897505269,0.0,1.0
1732,2019-03-14 04:00:00,3,2019-03-14 05:00:00,0.10531,0.10531,0.10531,0.0,0.5748565769964515,224.25420779133378,-65.04968195919307,0.0,0.0,289.3038897505269,289.3038897505269,0.0,1.0
1733,2019-03-14 05:00:00,3,2019-03-14 06:00:00,0.10531,0.10531,0.10531,0.0,0.6745994226672142,281.4936981568872,-7.8101915936396455,0.0,0.0,289.3038897505269,289.3038897505269,0.0,1.0
1734,2019-03-14 06:00:00,3,2019-03-14 07:00:00,0.10531,0.10531,0.10531,0.0,0.6865750497774616,309.2168179908192,-0.0,19.91292824029233,0.0,289.3038897505269,289.3038897505269,0.0,0.0
1735,2019-03-14 07:00:00,3,2019-03-14 08:00:00,0.10531,0.10531,0.10531,0.0,0.6505009044146132,318.44519321304693,-0.0,29.141303462520057,0.0,289.3038897505269,289.3038897505269,0.0,0.0
1736,2019-03-14 08:00:00,3,2019-03-14 09:00:00,0.10531,0.10531,0.10531,0.0,0.5977086879970043,327.10814110327937,-0.0,37.80425135275249,0.0,289.3038897505269,289.3038897505269,0.0,0.0
1737,2019-03-14 09:00:00,3,2019-03-14 10:00:00,0.06431,0.06431,0.06431,0.0,0.5292227254014382,330.10909836837044,-0.0,40.80520861784356,0.0,289.3038897505269,289.3038897505269,0.0,0.0
1738,2019-03-14 10:00:00,3,2019-03-14 11:00:00,0.06431,0.06431,0.06431,0.0,0.4553002460212868,332.7504034940626,-0.0,43.44651374353572,0.0,289.3038897505269,289.3038897505269,0.0,0.0
1739,2019-03-14 11:00:00,3,2019-03-14 12:00:00,0.06431,0.06431,0.06431,0.0,0.37659279358734526,319.6097883505869,-0.0,30.305898600060004,0.0,289.3038897505269,289.3038897505269,0.0,0.0
1740,2019-03-14 12:00:00,3,2019-03-14 13:00:00,0.06431,0.06431,0.06431,0.0,0.32169080336984524,322.83882931411154,-0.0,33.53493956358468,0.0,289.3038897505269,289.3038897505269,0.0,0.0
1741,2019-03-14 13:00:00,3,2019-03-14 14:00:00,0.06431,0.06431,0.06431,0.0,0.26093910126190195,317.16154890693394,-0.0,27.857659156407095,0.0,289.3038897505269,289.3038897505269,0.0,0.0
1742,2019-03-14 14:00:00,3,2019-03-14 15:00:00,0.10531,0.10531,0.10531,0.0,0.21047232742783115,315.4859434882769,-0.0,26.182053737750067,0.0,289.3038897505269,289.3038897505269,0.0,0.0
1743,2019-03-14 15:00:00,3,2019-03-14 16:00:00,0.10531,0.10531,0.10531,0.0,0.16304107065654483,318.089589571036,-0.0,28.785699820509166,0.0,289.3038897505269,289.3038897505269,0.0,0.0
1744,2019-03-14 16:00:00,3,2019-03-14 17:00:00,0.13592,0.13592,0.13592,0.0,0.11089306373533257,322.91686093243044,-0.0,33.61297118190359,0.0,289.3038897505269,289.3038897505269,0.0,0.0
1745,2019-03-14 17:00:00,3,2019-03-14 18:00:00,0.13592,0.13592,0.13592,0.0,0.05,263.56787865537547,-0.0,0.0,0.0,263.56787865537547,263.56787865537547,0.0,1.0
1746,2019-03-14 18:00:00,3,2019-03-14 19:00:00,0.13592,0.13592,0.13592,0.0,0.05,267.3373408912541,-0.0,0.0,0.0,267.3373408912541,267.3373408912541,0.0,0.0
1747,2019-03-14 19:00:00,3,2019-03-14 20:00:00,0.13592,0.13592,0.13592,0.0,0.05,230.40198056087695,-0.0,0.0,0.0,230.40198056087695,230.40198056087695,0.0,0.0
1748,2019-03-14 20:00:00,3,2019-03-14 21:00:00,0.13592,0.13592,0.13592,0.0,0.05,219.8195205913883,-0.0,0.0,0.0,219.8195205913883,219.8195205913883,0.0,0.0
1749,2019-03-14 21:00:00,3,2019-03-14 22:00:00,0.10531,0.10531,0.10531,0.0,0.05,202.33506399413514,-0.0,0.0,0.0,202.33506399413514,202.33506399413514,0.0,0.0
1750,2019-03-14 22:00:00,3,2019-03-14 23:00:00,0.10531,0.10531,0.10531,0.0,0.05,202.78324727732235,-0.0,0.0,0.0,202.78324727732235,202.78324727732235,0.0,0.0
1751,2019-03-14 23:00:00,3,2019-03-15 00:00:00,0.10531,0.10531,0.10531,0.0,0.05,198.61492289989792,-0.0,0.0,0.0,198.61492289989792,198.61492289989792,0.0,0.0
1752,2019-03-15 00:00:00,3,2019-03-15 01:00:00,0.10531,0.10531,0.10531,0.0,0.05,197.83608113575775,-92.70314468321993,0.0,0.0,290.5392258189777,290.5392258189777,0.0,1.0
1753,2019-03-15 01:00:00,3,2019-03-15 02:00:00,0.10531,0.10531,0.10531,0.0,0.1921448218476039,197.82789012308626,-92.71133569589142,0.0,0.0,290.5392258189777,290.5392258189777,0.0,1.0
1754,2019-03-15 02:00:00,3,2019-03-15 03:00:00,0.10531,0.10531,0.10531,0.0,0.3343022032479707,192.4511509191964,-98.08807489978128,0.0,0.0,290.5392258189777,290.5392258189777,0.0,1.0
1755,2019-03-15 03:00:00,3,2019-03-15 04:00:00,0.10531,0.10531,0.10531,0.0,0.4847039180943021,214.63962037196785,-75.89960544700983,0.0,0.0,290.5392258189777,290.5392258189777,0.0,1.0
1756,2019-03-15 04:00:00,3,2019-03-15 05:00:00,0.10531,0.10531,0.10531,0.0,0.6010833131130504,217.19700518029475,-73.34222063868293,0.0,0.0,290.5392258189777,290.5392258189777,0.0,1.0
1757,2019-03-15 05:00:00,3,2019-03-15 06:00:00,0.10531,0.10531,0.10531,0.0,0.713541384759031,275.57096522009016,-14.968260598887523,0.0,0.0,290.5392258189777,290.5392258189777,0.0,1.0
1758,2019-03-15 06:00:00,3,2019-03-15 07:00:00,0.10531,0.10531,0.10531,0.0,0.7364927176773252,305.62033006728524,-0.0,15.081104248307554,0.0,290.5392258189777,290.5392258189777,0.0,0.0
1759,2019-03-15 07:00:00,3,2019-03-15 08:00:00,0.10531,0.10531,0.10531,0.0,0.7091718766477826,313.8889669254322,-0.0,23.34974110645453,0.0,290.5392258189777,290.5392258189777,0.0,0.0
1760,2019-03-15 08:00:00,3,2019-03-15 09:00:00,0.10531,0.10531,0.10531,0.0,0.6668716210201476,324.9933368157146,-0.0,34.454110996736915,0.0,290.5392258189777,290.5392258189777,0.0,0.0
1761,2019-03-15 09:00:00,3,2019-03-15 10:00:00,0.06431,0.06431,0.06431,0.0,0.604454753272436,329.6425261918539,-0.0,39.10330037287622,0.0,290.5392258189777,290.5392258189777,0.0,0.0
1762,2019-03-15 10:00:00,3,2019-03-15 11:00:00,0.06431,0.06431,0.06431,0.0,0.5336154410027327,332.4471220586212,-0.0,41.90789623964349,0.0,290.5392258189777,290.5392258189777,0.0,0.0
1763,2019-03-15 11:00:00,3,2019-03-15 12:00:00,0.06431,0.06431,0.06431,0.0,0.4576953391193206,323.03902251401246,-0.0,32.499796695034775,0.0,290.5392258189777,290.5392258189777,0.0,0.0
1764,2019-03-15 12:00:00,3,2019-03-15 13:00:00,0.06431,0.06431,0.06431,0.0,0.398818895831214,331.96453842416804,-0.0,41.42531260519037,0.0,290.5392258189777,290.5392258189777,0.0,0.0
1765,2019-03-15 13:00:00,3,2019-03-15 14:00:00,0.06431,0.06431,0.06431,0.0,0.3237730396623909,330.2112180796327,-0.0,39.671992260655045,0.0,290.5392258189777,290.5392258189777,0.0,0.0
1766,2019-03-15 14:00:00,3,2019-03-15 15:00:00,0.10531,0.10531,0.10531,0.0,0.2519034884655521,323.83511373548686,-0.0,33.29588791650919,0.0,290.5392258189777,290.5392258189777,0.0,0.0
1767,2019-03-15 15:00:00,3,2019-03-15 16:00:00,0.10531,0.10531,0.10531,0.0,0.19158485093564412,327.121180361665,-0.0,36.58195454268733,0.0,290.5392258189777,290.5392258189777,0.0,0.0
1768,2019-03-15 16:00:00,3,2019-03-15 17:00:00,0.13592,0.13592,0.13592,0.0,0.1253131941554135,332.1121089927659,-0.0,41.57288317378825,0.0,290.5392258189777,290.5392258189777,0.0,0.0
1769,2019-03-15 17:00:00,3,2019-03-15 18:00:00,0.13592,0.13592,0.13592,0.0,0.05,266.67871821352435,-0.0,0.0,0.0,266.67871821352435,266.67871821352435,0.0,0.0
1770,2019-03-15 18:00:00,3,2019-03-15 19:00:00,0.13592,0.13592,0.13592,0.0,0.05,267.17656995565693,-0.0,0.0,0.0,267.17656995565693,267.17656995565693,0.0,0.0
1771,2019-03-15 19:00:00,3,2019-03-15 20:00:00,0.13592,0.13592,0.13592,0.0,0.05,231.6973025278514,-0.0,0.0,0.0,231.6973025278514,231.6973025278514,0.0,0.0
1772,2019-03-15 20:00:00,3,2019-03-15 21:00:00,0.13592,0.13592,0.13592,0.0,0.05,220.54049511502586,-0.0,0.0,0.0,220.54049511502586,220.54049511502586,0.0,0.0
1773,2019-03-15 21:00:00,3,2019-03-15 22:00:00,0.10531,0.10531,0.10531,0.0,0.05,202.6792469909793,-0.0,0.0,0.0,202.6792469909793,202.6792469909793,0.0,0.0
1774,2019-03-15 22:00:00,3,2019-03-15 23:00:00,0.10531,0.10531,0.10531,0.0,0.05,202.1742294857868,-0.0,0.0,0.0,202.1742294857868,202.1742294857868,0.0,0.0
1775,2019-03-15 23:00:00,3,2019-03-16 00:00:00,0.10531,0.10531,0.10531,0.0,0.05,198.39611913779467,-0.0,0.0,0.0,198.39611913779467,198.39611913779467,0.0,0.0
1776,2019-03-16 00:00:00,3,2019-03-16 01:00:00,0.10531,0.10531,0.10531,0.0,0.05,198.7391628688113,-91.80006295016639,0.0,0.0,290.5392258189777,290.5392258189777,0.0,1.0
1777,2019-03-16 01:00:00,3,2019-03-16 02:00:00,0.10531,0.10531,0.10531,0.0,0.19076009652358847,197.70377631059262,-92.83544950838507,0.0,0.0,290.5392258189777,290.5392258189777,0.0,1.0
1778,2019-03-16 02:00:00,3,2019-03-16 03:00:00,0.10531,0.10531,0.10531,0.0,0.3331077857697789,197.8104799836881,-92.72874583528957,0.0,0.0,290.5392258189777,290.5392258189777,0.0,1.0
1779,2019-03-16 03:00:00,3,2019-03-16 04:00:00,0.10531,0.10531,0.10531,0.0,0.47529186271722296,220.4801000887698,-70.05912573020788,0.0,0.0,290.5392258189777,290.5392258189777,0.0,1.0
1780,2019-03-16 04:00:00,3,2019-03-16 05:00:00,0.10531,0.10531,0.10531,0.0,0.5827158555035417,220.6016803768201,-69.93754544215759,0.0,0.0,290.5392258189777,290.5392258189777,0.0,1.0
1781,2019-03-16 05:00:00,3,2019-03-16 06:00:00,0.10531,0.10531,0.10531,0.0,0.6899534251815167,277.22456915320345,-13.314656665774237,0.0,0.0,290.5392258189777,290.5392258189777,0.0,1.0
1782,2019-03-16 06:00:00,3,2019-03-16 07:00:00,0.10531,0.10531,0.10531,0.0,0.7103692320690371,302.6953388314332,-0.0,12.156113012455535,0.0,290.5392258189777,290.5392258189777,0.0,0.0
1783,2019-03-16 07:00:00,3,2019-03-16 08:00:00,0.10531,0.10531,0.10531,0.0,0.6883472882058931,313.4064786274838,-0.0,22.867252808506123,0.0,290.5392258189777,290.5392258189777,0.0,0.0
1784,2019-03-16 08:00:00,3,2019-03-16 09:00:00,0.10531,0.10531,0.10531,0.0,0.6469211055817877,325.4192062819298,-0.0,34.87998046295212,0.0,290.5392258189777,290.5392258189777,0.0,0.0
1785,2019-03-16 09:00:00,3,2019-03-16 10:00:00,0.06431,0.06431,0.06431,0.0,0.583732735177889,331.46846132498536,-0.0,40.92923550600767,0.0,290.5392258189777,290.5392258189777,0.0,0.0
1786,2019-03-16 10:00:00,3,2019-03-16 11:00:00,0.06431,0.06431,0.06431,0.0,0.509585569406136,332.1451001564266,-0.0,41.60587433744894,0.0,290.5392258189777,290.5392258189777,0.0,0.0
1787,2019-03-16 11:00:00,3,2019-03-16 12:00:00,0.06431,0.06431,0.06431,0.0,0.434212608649888,318.22552018808136,-0.0,27.686294369103678,0.0,290.5392258189777,290.5392258189777,0.0,0.0
1788,2019-03-16 12:00:00,3,2019-03-16 13:00:00,0.06431,0.06431,0.06431,0.0,0.3840562782710769,323.81774744550194,-0.0,33.27852162652425,0.0,290.5392258189777,290.5392258189777,0.0,0.0
1789,2019-03-16 13:00:00,3,2019-03-16 14:00:00,0.06431,0.06431,0.06431,0.0,0.32376910141143156,322.27395685118097,-0.0,31.734731032203285,0.0,290.5392258189777,290.5392258189777,0.0,0.0
1790,2019-03-16 14:00:00,3,2019-03-16 15:00:00,0.10531,0.10531,0.10531,0.0,0.2662786466429473,320.9936921260071,-0.0,30.454466307029406,0.0,290.5392258189777,290.5392258189777,0.0,0.0
1791,2019-03-16 15:00:00,3,2019-03-16 16:00:00,0.10531,0.10531,0.10531,0.0,0.21110751202876363,323.9535763516753,-0.0,33.4143505326976,0.0,290.5392258189777,290.5392258189777,0.0,0.0
1792,2019-03-16 16:00:00,3,2019-03-16 17:00:00,0.13592,0.13592,0.13592,0.0,0.1505742683101086,329.8958060096318,-0.0,55.51699610717993,0.0,274.3788099024519,274.3788099024519,0.0,0.0
1793,2019-03-16 17:00:00,3,2019-03-16 18:00:00,0.13592,0.13592,0.13592,0.0,0.05,266.49282855084164,-0.0,0.0,0.0,266.49282855084164,266.49282855084164,0.0,0.0
1794,2019-03-16 18:00:00,3,2019-03-16 19:00:00,0.13592,0.13592,0.13592,0.0,0.05,267.41854139454927,-0.0,0.0,0.0,267.41854139454927,267.41854139454927,0.0,0.0
1795,2019-03-16 19:00:00,3,2019-03-16 20:00:00,0.13592,0.13592,0.13592,0.0,0.05,232.26546187419433,-0.0,0.0,0.0,232.26546187419433,232.26546187419433,0.0,0.0
1796,2019-03-16 20:00:00,3,2019-03-16 21:00:00,0.13592,0.13592,0.13592,0.0,0.05,220.80815196451596,-0.0,0.0,0.0,220.80815196451596,220.80815196451596,0.0,0.0
1797,2019-03-16 21:00:00,3,2019-03-16 22:00:00,0.10531,0.10531,0.10531,0.0,0.05,202.6631749031579,-0.0,0.0,0.0,202.6631749031579,202.6631749031579,0.0,0.0
1798,2019-03-16 22:00:00,3,2019-03-16 23:00:00,0.10531,0.10531,0.10531,0.0,0.05,202.57383514750586,-0.0,0.0,0.0,202.57383514750586,202.57383514750586,0.0,0.0
1799,2019-03-16 23:00:00,3,2019-03-17 00:00:00,0.10531,0.10531,0.10531,0.0,0.05,199.1810897861846,-0.0,0.0,0.0,199.1810897861846,199.1810897861846,0.0,0.0
1800,2019-03-17 00:00:00,3,2019-03-17 01:00:00,0.10531,0.10531,0.10531,0.0,0.05,198.81931767801896,-91.71990814095872,0.0,0.0,290.5392258189777,290.5392258189777,0.0,1.0
1801,2019-03-17 01:00:00,3,2019-03-17 02:00:00,0.10531,0.10531,0.10531,0.0,0.1906371924828034,198.43587737574327,-92.10334844323441,0.0,0.0,290.5392258189777,290.5392258189777,0.0,1.0
1802,2019-03-17 02:00:00,3,2019-03-17 03:00:00,0.10531,0.10531,0.10531,0.0,0.3318623267624295,199.2620144666368,-91.27721135234088,0.0,0.0,290.5392258189777,290.5392258189777,0.0,1.0
1803,2019-03-17 03:00:00,3,2019-03-17 04:00:00,0.10531,0.10531,0.10531,0.0,0.4718207175026855,222.47865494423135,-68.06057087474633,0.0,0.0,290.5392258189777,290.5392258189777,0.0,1.0
1804,2019-03-17 04:00:00,3,2019-03-17 05:00:00,0.10531,0.10531,0.10531,0.0,0.5761802595106299,222.8713831281745,-67.66784269080318,0.0,0.0,290.5392258189777,290.5392258189777,0.0,1.0
1805,2019-03-17 05:00:00,3,2019-03-17 06:00:00,0.10531,0.10531,0.10531,0.0,0.6799376183031948,279.0354960698533,-11.503729749124375,0.0,0.0,290.5392258189777,290.5392258189777,0.0,1.0
1806,2019-03-17 06:00:00,3,2019-03-17 07:00:00,0.10531,0.10531,0.10531,0.0,0.6975766705851856,306.17648210422357,-0.0,15.637256285245883,0.0,290.5392258189777,290.5392258189777,0.0,0.0
1807,2019-03-17 07:00:00,3,2019-03-17 08:00:00,0.10531,0.10531,0.10531,0.0,0.6692483077495952,314.651918128197,-0.0,24.112692309219312,0.0,290.5392258189777,290.5392258189777,0.0,0.0
1808,2019-03-17 08:00:00,3,2019-03-17 09:00:00,0.10531,0.10531,0.10531,0.0,0.625565894145937,326.24986818801875,-0.0,35.71064236904107,0.0,290.5392258189777,290.5392258189777,0.0,0.0
1809,2019-03-17 09:00:00,3,2019-03-17 10:00:00,0.06431,0.06431,0.06431,0.0,0.5608727014483988,331.29059435397505,-0.0,40.75136853499737,0.0,290.5392258189777,290.5392258189777,0.0,0.0
1810,2019-03-17 10:00:00,3,2019-03-17 11:00:00,0.06431,0.06431,0.06431,0.0,0.48704775845021514,327.82955335215325,-0.0,37.29032753317557,0.0,290.5392258189777,290.5392258189777,0.0,0.0
1811,2019-03-17 11:00:00,3,2019-03-17 12:00:00,0.06431,0.06431,0.06431,0.0,0.4194928172669261,314.1511578246169,-0.0,23.611932005639233,0.0,290.5392258189777,290.5392258189777,0.0,0.0
1812,2019-03-17 12:00:00,3,2019-03-17 13:00:00,0.06431,0.06431,0.06431,0.0,0.3767175781262753,316.12648150041485,-0.0,25.58725568143717,0.0,290.5392258189777,290.5392258189777,0.0,0.0
1813,2019-03-17 13:00:00,3,2019-03-17 14:00:00,0.06431,0.06431,0.06431,0.0,0.3303638540657008,310.5682988160898,-0.0,20.02907299711211,0.0,290.5392258189777,290.5392258189777,0.0,0.0
1814,2019-03-17 14:00:00,3,2019-03-17 15:00:00,0.10531,0.10531,0.10531,0.0,0.2940793015347006,308.7057297066503,-0.0,18.166503887672604,0.0,290.5392258189777,290.5392258189777,0.0,0.0
1815,2019-03-17 15:00:00,3,2019-03-17 16:00:00,0.10531,0.10531,0.10531,0.0,0.26116896840485887,312.5754655078344,-0.0,22.03623968885671,0.0,290.5392258189777,290.5392258189777,0.0,0.0
1816,2019-03-17 16:00:00,3,2019-03-17 17:00:00,0.13592,0.13592,0.13592,0.0,0.22124824433084314,315.21913530007623,-0.0,24.679909481098548,0.0,290.5392258189777,290.5392258189777,0.0,0.0
1817,2019-03-17 17:00:00,3,2019-03-17 18:00:00,0.13592,0.13592,0.13592,0.0,0.17653826338682402,242.06306693756508,-0.0,0.0,0.0,242.06306693756508,242.06306693756508,0.0,0.0
1818,2019-03-17 18:00:00,3,2019-03-17 19:00:00,0.13592,0.13592,0.13592,0.0,0.17653826338682402,245.17821565118444,-0.0,0.0,0.0,245.17821565118444,245.17821565118444,0.0,0.0
1819,2019-03-17 19:00:00,3,2019-03-17 20:00:00,0.13592,0.13592,0.13592,0.0,0.17653826338682402,231.462603189837,-0.0,69.84912138952687,0.0,161.61348180031013,161.61348180031013,0.0,0.0
1820,2019-03-17 20:00:00,3,2019-03-17 21:00:00,0.13592,0.13592,0.13592,0.0,0.05,226.33571308356986,-0.0,0.0,0.0,226.33571308356986,226.33571308356986,0.0,0.0
1821,2019-03-17 21:00:00,3,2019-03-17 22:00:00,0.10531,0.10531,0.10531,0.0,0.05,209.28220692297654,-0.0,0.0,0.0,209.28220692297654,209.28220692297654,0.0,0.0
1822,2019-03-17 22:00:00,3,2019-03-17 23:00:00,0.10531,0.10531,0.10531,0.0,0.05,208.17674262259393,-0.0,0.0,0.0,208.17674262259393,208.17674262259393,0.0,0.0
1823,2019-03-17 23:00:00,3,2019-03-18 00:00:00,0.10531,0.10531,0.10531,0.0,0.05,204.15720106006762,-0.0,0.0,0.0,204.15720106006762,204.15720106006762,0.0,0.0
1824,2019-03-18 00:00:00,3,2019-03-18 01:00:00,0.10531,0.10531,0.10531,0.0,0.05,202.82209486677885,-87.71713095219883,0.0,0.0,290.5392258189777,290.5392258189777,0.0,1.0
1825,2019-03-18 01:00:00,3,2019-03-18 02:00:00,0.10531,0.10531,0.10531,0.0,0.18449960079337155,202.19699468713816,-78.09155908261182,0.0,0.0,280.28855376974997,280.28855376974997,0.0,1.0
1826,2019-03-18 02:00:00,3,2019-03-18 03:00:00,0.10531,0.10531,0.10531,0.0,0.3042399913867097,201.29110205292048,-0.0,0.0,0.0,201.29110205292048,201.29110205292048,0.0,0.0
1827,2019-03-18 03:00:00,3,2019-03-18 04:00:00,0.10531,0.10531,0.10531,0.0,0.3042399913867097,202.5825549838188,-87.95667083515889,0.0,0.0,290.5392258189777,290.5392258189777,0.0,1.0
1828,2019-03-18 04:00:00,3,2019-03-18 05:00:00,0.10531,0.10531,0.10531,0.0,0.43910688666728664,201.96658979931107,-0.0,0.0,0.0,201.96658979931107,201.96658979931107,0.0,0.0
1829,2019-03-18 05:00:00,3,2019-03-18 06:00:00,0.10531,0.10531,0.10531,0.0,0.43910688666728664,219.2652474225777,-71.2739783964,0.0,0.0,290.5392258189777,290.5392258189777,0.0,1.0
1830,2019-03-18 06:00:00,3,2019-03-18 07:00:00,0.10531,0.10531,0.10531,0.0,0.5483936535417666,246.29031659740266,-44.24890922157502,0.0,0.0,290.5392258189777,290.5392258189777,0.0,1.0
1831,2019-03-18 07:00:00,3,2019-03-18 08:00:00,0.10531,0.10531,0.10531,0.0,0.6162419810148484,248.3588072610441,-42.18041855793359,0.0,0.0,290.5392258189777,290.5392258189777,0.0,1.0
1832,2019-03-18 08:00:00,3,2019-03-18 09:00:00,0.10531,0.10531,0.10531,0.0,0.6809186228036799,278.93775584298845,-11.601469975989232,0.0,0.0,290.5392258189777,290.5392258189777,0.0,1.0
1833,2019-03-18 09:00:00,3,2019-03-18 10:00:00,0.06431,0.06431,0.06431,0.0,0.69870754343353,275.31878272600983,-15.220443092967855,0.0,0.0,290.5392258189777,290.5392258189777,0.0,1.0
1834,2019-03-18 10:00:00,3,2019-03-18 11:00:00,0.06431,0.06431,0.06431,0.0,0.7220455561760808,270.49494082698925,-20.044284991988434,0.0,0.0,290.5392258189777,290.5392258189777,0.0,1.0
1835,2019-03-18 11:00:00,3,2019-03-18 12:00:00,0.06431,0.06431,0.06431,0.0,0.7527801264971298,259.780736000894,-30.75848981808366,0.0,0.0,290.5392258189777,290.5392258189777,0.0,1.0
1836,2019-03-18 12:00:00,3,2019-03-18 13:00:00,0.06431,0.06431,0.06431,0.0,0.7999431442181913,253.94108682845442,-36.59813899052327,0.0,0.0,290.5392258189777,290.5392258189777,0.0,1.0
1837,2019-03-18 13:00:00,3,2019-03-18 14:00:00,0.06431,0.06431,0.06431,0.0,0.8560602906703271,251.7569822146472,-38.78224360433049,0.0,0.0,290.5392258189777,290.5392258189777,0.0,1.0
1838,2019-03-18 14:00:00,3,2019-03-18 15:00:00,0.10531,0.10531,0.10531,0.0,0.9155263975303004,233.70248754317956,-55.09147987154318,0.0,0.0,288.7939674147227,288.7939674147227,0.0,1.0
1839,2019-03-18 15:00:00,3,2019-03-18 16:00:00,0.10531,0.10531,0.10531,0.0,1.0,235.44774594743444,-0.0,0.0,0.0,235.44774594743444,235.44774594743444,0.0,0.0
1840,2019-03-18 16:00:00,3,2019-03-18 17:00:00,0.13592,0.13592,0.13592,0.0,1.0,224.65878067422065,-0.0,224.65878067422065,0.0,0.0,0.0,0.0,0.0
1841,2019-03-18 17:00:00,3,2019-03-18 18:00:00,0.13592,0.13592,0.13592,0.0,0.5930094553003249,215.92309598205986,-0.0,94.3732686867275,0.0,121.54982729533236,121.54982729533236,0.0,0.0
1842,2019-03-18 18:00:00,3,2019-03-18 19:00:00,0.13592,0.13592,0.13592,0.0,0.4220433888388621,228.10264141955312,-0.0,0.0,0.0,228.10264141955312,228.10264141955312,0.0,0.0
1843,2019-03-18 19:00:00,3,2019-03-18 20:00:00,0.13592,0.13592,0.13592,0.0,0.4220433888388621,205.36795063905188,-0.0,205.36795063905188,0.0,0.0,0.0,0.0,0.0
1844,2019-03-18 20:00:00,3,2019-03-18 21:00:00,0.13592,0.13592,0.13592,0.0,0.05,210.92096385806408,-0.0,0.0,0.0,210.92096385806408,210.92096385806408,0.0,0.0
1845,2019-03-18 21:00:00,3,2019-03-18 22:00:00,0.10531,0.10531,0.10531,0.0,0.05,208.56547506759512,-0.0,0.0,0.0,208.56547506759512,208.56547506759512,0.0,0.0
1846,2019-03-18 22:00:00,3,2019-03-18 23:00:00,0.10531,0.10531,0.10531,0.0,0.05,206.8480020305596,-0.0,0.0,0.0,206.8480020305596,206.8480020305596,0.0,0.0
1847,2019-03-18 23:00:00,3,2019-03-19 00:00:00,0.10531,0.10531,0.10531,0.0,0.05,203.36458217110044,-0.0,0.0,0.0,203.36458217110044,203.36458217110044,0.0,0.0
1848,2019-03-19 00:00:00,3,2019-03-19 01:00:00,0.10531,0.10531,0.10531,0.0,0.05,199.95895625755446,-0.0,0.0,0.0,199.95895625755446,199.95895625755446,0.0,0.0
1849,2019-03-19 01:00:00,3,2019-03-19 02:00:00,0.10531,0.10531,0.10531,0.0,0.05,199.2597436427881,-91.27948217618959,0.0,0.0,290.5392258189777,290.5392258189777,0.0,1.0
1850,2019-03-19 02:00:00,3,2019-03-19 03:00:00,0.10531,0.10531,0.10531,0.0,0.18996187267015738,198.0337821319954,-0.0,0.0,0.0,198.0337821319954,198.0337821319954,0.0,0.0
1851,2019-03-19 03:00:00,3,2019-03-19 04:00:00,0.10531,0.10531,0.10531,0.0,0.18996187267015738,198.92106552412818,-0.0,0.0,0.0,198.92106552412818,198.92106552412818,0.0,0.0
1852,2019-03-19 04:00:00,3,2019-03-19 05:00:00,0.10531,0.10531,0.10531,0.0,0.18996187267015738,198.91220577950247,-0.0,0.0,0.0,198.91220577950247,198.91220577950247,0.0,0.0
1853,2019-03-19 05:00:00,3,2019-03-19 06:00:00,0.10531,0.10531,0.10531,0.0,0.18996187267015738,217.70650782703302,-0.0,0.0,0.0,217.70650782703302,217.70650782703302,0.0,0.0
1854,2019-03-19 06:00:00,3,2019-03-19 07:00:00,0.10531,0.10531,0.10531,0.0,0.18996187267015738,217.0340193033884,-73.5052065155893,0.0,0.0,290.5392258189777,290.5392258189777,0.0,1.0
1855,2019-03-19 07:00:00,3,2019-03-19 08:00:00,0.10531,0.10531,0.10531,0.0,0.302669855994061,237.34806144698746,-35.11216740206458,0.0,0.0,272.46022884905204,272.46022884905204,0.0,1.0
1856,2019-03-19 08:00:00,3,2019-03-19 09:00:00,0.10531,0.10531,0.10531,0.0,0.35650851267722666,228.54658662900547,-61.99263918997221,0.0,0.0,290.5392258189777,290.5392258189777,0.0,1.0
1857,2019-03-19 09:00:00,3,2019-03-19 10:00:00,0.06431,0.06431,0.06431,0.0,0.4515638927685174,222.77414776954606,-67.76507804943162,0.0,0.0,290.5392258189777,290.5392258189777,0.0,1.0
1858,2019-03-19 10:00:00,3,2019-03-19 11:00:00,0.06431,0.06431,0.06431,0.0,0.5554703457776459,221.8559171898062,-68.68330862917148,0.0,0.0,290.5392258189777,290.5392258189777,0.0,1.0
1859,2019-03-19 11:00:00,3,2019-03-19 12:00:00,0.06431,0.06431,0.06431,0.0,0.6607847523423754,219.73377019996752,-70.80545561901016,0.0,0.0,290.5392258189777,290.5392258189777,0.0,1.0
1860,2019-03-19 12:00:00,3,2019-03-19 13:00:00,0.06431,0.06431,0.06431,0.0,0.7693531176248577,215.79748748098433,-74.74173833799335,0.0,0.0,290.5392258189777,290.5392258189777,0.0,1.0
1861,2019-03-19 13:00:00,3,2019-03-19 14:00:00,0.06431,0.06431,0.06431,0.0,0.8839571164097809,214.85908434709563,-75.68014147188205,0.0,0.0,290.5392258189777,290.5392258189777,0.0,1.0
1862,2019-03-19 14:00:00,3,2019-03-19 15:00:00,0.10531,0.10531,0.10531,0.0,1.0,214.35946697385026,-0.0,0.0,0.0,214.35946697385026,214.35946697385026,0.0,0.0
1863,2019-03-19 15:00:00,3,2019-03-19 16:00:00,0.10531,0.10531,0.10531,0.0,1.0,208.73349259629566,-0.0,0.0,0.0,208.73349259629566,208.73349259629566,0.0,0.0
1864,2019-03-19 16:00:00,3,2019-03-19 17:00:00,0.13592,0.13592,0.13592,0.0,1.0,198.42298551706,-0.0,198.42298551706,0.0,0.0,0.0,0.0,0.0
1865,2019-03-19 17:00:00,3,2019-03-19 18:00:00,0.13592,0.13592,0.13592,0.0,0.6405380697154711,191.26874802627015,-0.0,191.26874802627015,0.0,0.0,0.0,0.0,0.0
1866,2019-03-19 18:00:00,3,2019-03-19 19:00:00,0.13592,0.13592,0.13592,0.0,0.2940367145954165,193.13638914408548,-0.0,134.70826645666992,0.0,58.428122687415566,58.428122687415566,0.0,0.0
1867,2019-03-19 19:00:00,3,2019-03-19 20:00:00,0.13592,0.13592,0.13592,0.0,0.05,182.101479727477,-0.0,0.0,0.0,182.101479727477,182.101479727477,0.0,0.0
1868,2019-03-19 20:00:00,3,2019-03-19 21:00:00,0.13592,0.13592,0.13592,0.0,0.05,187.78718974346214,-0.0,0.0,0.0,187.78718974346214,187.78718974346214,0.0,0.0
1869,2019-03-19 21:00:00,3,2019-03-19 22:00:00,0.10531,0.10531,0.10531,0.0,0.05,195.58809586800658,-0.0,0.0,0.0,195.58809586800658,195.58809586800658,0.0,0.0
1870,2019-03-19 22:00:00,3,2019-03-19 23:00:00,0.10531,0.10531,0.10531,0.0,0.05,202.43677837707838,-0.0,0.0,0.0,202.43677837707838,202.43677837707838,0.0,0.0
1871,2019-03-19 23:00:00,3,2019-03-20 00:00:00,0.10531,0.10531,0.10531,0.0,0.05,202.96214115688846,-87.57708466208922,0.0,0.0,290.5392258189777,290.5392258189777,0.0,1.0
1872,2019-03-20 00:00:00,3,2019-03-20 01:00:00,0.10531,0.10531,0.10531,0.0,0.18428486314853681,206.43799765615117,-84.10122816282652,0.0,0.0,290.5392258189777,290.5392258189777,0.0,1.0
1873,2019-03-20 01:00:00,3,2019-03-20 02:00:00,0.10531,0.10531,0.10531,0.0,0.31324007966487083,204.53384361091028,-86.0053822080674,0.0,0.0,290.5392258189777,290.5392258189777,0.0,1.0
1874,2019-03-20 02:00:00,3,2019-03-20 03:00:00,0.10531,0.10531,0.10531,0.0,0.44511499905057417,204.13017285105065,-86.40905296792704,0.0,0.0,290.5392258189777,290.5392258189777,0.0,1.0
1875,2019-03-20 03:00:00,3,2019-03-20 04:00:00,0.10531,0.10531,0.10531,0.0,0.5776088802680622,227.2269275251224,-63.31229829385529,0.0,0.0,290.5392258189777,290.5392258189777,0.0,1.0
1876,2019-03-20 04:00:00,3,2019-03-20 05:00:00,0.10531,0.10531,0.10531,0.0,0.6746877376519737,227.43122652963203,-63.107999289345656,0.0,0.0,290.5392258189777,290.5392258189777,0.0,1.0
1877,2019-03-20 05:00:00,3,2019-03-20 06:00:00,0.10531,0.10531,0.10531,0.0,0.7714533365623036,285.1954376243932,-5.3437881945844765,0.0,0.0,290.5392258189777,290.5392258189777,0.0,1.0
1878,2019-03-20 06:00:00,3,2019-03-20 07:00:00,0.10531,0.10531,0.10531,0.0,0.7796471451273331,313.94702882744826,-0.0,23.40780300847058,0.0,290.5392258189777,290.5392258189777,0.0,0.0
1879,2019-03-20 07:00:00,3,2019-03-20 08:00:00,0.10531,0.10531,0.10531,0.0,0.7372417048945966,314.8359634823292,-0.0,24.296737663351507,0.0,290.5392258189777,290.5392258189777,0.0,0.0
1880,2019-03-20 08:00:00,3,2019-03-20 09:00:00,0.10531,0.10531,0.10531,0.0,0.6932258757943222,313.9951686874849,-0.0,23.455942868507236,0.0,290.5392258189777,290.5392258189777,0.0,0.0
1881,2019-03-20 09:00:00,3,2019-03-20 10:00:00,0.06431,0.06431,0.06431,0.0,0.6507332256702149,310.8219189159915,-0.0,20.282693097013805,0.0,290.5392258189777,290.5392258189777,0.0,0.0
1882,2019-03-20 10:00:00,3,2019-03-20 11:00:00,0.06431,0.06431,0.06431,0.0,0.6139892164364942,308.79952738484747,-0.0,18.26030156586978,0.0,290.5392258189777,290.5392258189777,0.0,0.0
1883,2019-03-20 11:00:00,3,2019-03-20 12:00:00,0.06431,0.06431,0.06431,0.0,0.5809089599765852,302.13701730272595,-0.0,11.597791483748267,0.0,290.5392258189777,290.5392258189777,0.0,0.0
1884,2019-03-20 12:00:00,3,2019-03-20 13:00:00,0.06431,0.06431,0.06431,0.0,0.5598984681582007,312.1416868996476,-0.0,21.60246108066991,0.0,290.5392258189777,290.5392258189777,0.0,0.0
1885,2019-03-20 13:00:00,3,2019-03-20 14:00:00,0.06431,0.06431,0.06431,0.0,0.5207635748961175,312.7715431236509,-0.0,22.232317304673188,0.0,290.5392258189777,290.5392258189777,0.0,0.0
1886,2019-03-20 14:00:00,3,2019-03-20 15:00:00,0.10531,0.10531,0.10531,0.0,0.48048763774997033,313.2093391541852,-0.0,22.67011333520753,0.0,290.5392258189777,290.5392258189777,0.0,0.0
1887,2019-03-20 15:00:00,3,2019-03-20 16:00:00,0.10531,0.10531,0.10531,0.0,0.43941859185285526,314.9344324557155,-0.0,24.39520663673784,0.0,290.5392258189777,290.5392258189777,0.0,0.0
1888,2019-03-20 16:00:00,3,2019-03-20 17:00:00,0.13592,0.13592,0.13592,0.0,0.39522437693122875,314.42666095642204,-0.0,190.56385606603826,0.0,123.86280489038379,123.86280489038379,0.0,0.0
1889,2019-03-20 17:00:00,3,2019-03-20 18:00:00,0.13592,0.13592,0.13592,0.0,0.05,240.65010286567136,-0.0,0.0,0.0,240.65010286567136,240.65010286567136,0.0,0.0
1890,2019-03-20 18:00:00,3,2019-03-20 19:00:00,0.13592,0.13592,0.13592,0.0,0.05,254.0336803268416,-0.0,0.0,0.0,254.0336803268416,254.0336803268416,0.0,1.0
1891,2019-03-20 19:00:00,3,2019-03-20 20:00:00,0.13592,0.13592,0.13592,0.0,0.05,226.0200473914205,-0.0,0.0,0.0,226.0200473914205,226.0200473914205,0.0,0.0
1892,2019-03-20 20:00:00,3,2019-03-20 21:00:00,0.13592,0.13592,0.13592,0.0,0.05,216.91827848948947,-0.0,0.0,0.0,216.91827848948947,216.91827848948947,0.0,0.0
1893,2019-03-20 21:00:00,3,2019-03-20 22:00:00,0.10531,0.10531,0.10531,0.0,0.05,203.3307335017157,-0.0,0.0,0.0,203.3307335017157,203.3307335017157,0.0,0.0
1894,2019-03-20 22:00:00,3,2019-03-20 23:00:00,0.10531,0.10531,0.10531,0.0,0.05,209.4504085067562,-81.0888173122215,0.0,0.0,290.5392258189777,290.5392258189777,0.0,1.0
1895,2019-03-20 23:00:00,3,2019-03-21 00:00:00,0.10531,0.10531,0.10531,0.0,0.1743361865454063,206.58080400832696,-60.698522160280206,0.0,0.0,267.27932616860716,267.27932616860716,0.0,1.0
1896,2019-03-21 00:00:00,3,2019-03-21 01:00:00,0.10531,0.10531,0.10531,0.0,0.267407253857836,205.1649835729098,-85.3742422460679,0.0,0.0,290.5392258189777,290.5392258189777,0.0,1.0
1897,2019-03-21 01:00:00,3,2019-03-21 02:00:00,0.10531,0.10531,0.10531,0.0,0.3983144253018067,203.7650788972244,-86.77414692175327,0.0,0.0,290.5392258189777,290.5392258189777,0.0,1.0
1898,2019-03-21 02:00:00,3,2019-03-21 03:00:00,0.10531,0.10531,0.10531,0.0,0.5313681172484951,203.51929394259258,-87.0199318763851,0.0,0.0,290.5392258189777,290.5392258189777,0.0,1.0
1899,2019-03-21 03:00:00,3,2019-03-21 04:00:00,0.10531,0.10531,0.10531,0.0,0.6647986794589522,226.41496943325203,-64.12425638572566,0.0,0.0,290.5392258189777,290.5392258189777,0.0,1.0
1900,2019-03-21 04:00:00,3,2019-03-21 05:00:00,0.10531,0.10531,0.10531,0.0,0.7631225392503982,225.73423123767577,-64.80499458130191,0.0,0.0,290.5392258189777,290.5392258189777,0.0,1.0
1901,2019-03-21 05:00:00,3,2019-03-21 06:00:00,0.10531,0.10531,0.10531,0.0,0.8624901976083944,282.9153676227281,-7.623858196249557,0.0,0.0,290.5392258189777,290.5392258189777,0.0,1.0
1902,2019-03-21 06:00:00,3,2019-03-21 07:00:00,0.10531,0.10531,0.10531,0.0,0.8741801135093105,311.26087548605017,-0.0,20.721649667072484,0.0,290.5392258189777,290.5392258189777,0.0,0.0
1903,2019-03-21 07:00:00,3,2019-03-21 08:00:00,0.10531,0.10531,0.10531,0.0,0.8366408930979473,322.1496988568339,-0.0,31.610473037856195,0.0,290.5392258189777,290.5392258189777,0.0,0.0
1904,2019-03-21 08:00:00,3,2019-03-21 09:00:00,0.10531,0.10531,0.10531,0.0,0.7793755433916861,332.87950000768393,-0.0,42.340274188706246,0.0,290.5392258189777,290.5392258189777,0.0,0.0
1905,2019-03-21 09:00:00,3,2019-03-21 10:00:00,0.06431,0.06431,0.06431,0.0,0.7026721481222907,331.00584677844716,-0.0,40.46662095946948,0.0,290.5392258189777,290.5392258189777,0.0,0.0
1906,2019-03-21 10:00:00,3,2019-03-21 11:00:00,0.06431,0.06431,0.06431,0.0,0.6293630521812228,327.312308877011,-0.0,36.77308305803331,0.0,290.5392258189777,290.5392258189777,0.0,0.0
1907,2019-03-21 11:00:00,3,2019-03-21 12:00:00,0.06431,0.06431,0.06431,0.0,0.5627451480905827,312.0815669919374,-0.0,21.54234117295971,0.0,290.5392258189777,290.5392258189777,0.0,0.0
1908,2019-03-21 12:00:00,3,2019-03-21 13:00:00,0.06431,0.06431,0.06431,0.0,0.5237191677047861,317.65572670105354,-0.0,27.116500882075854,0.0,290.5392258189777,290.5392258189777,0.0,0.0
1909,2019-03-21 13:00:00,3,2019-03-21 14:00:00,0.06431,0.06431,0.06431,0.0,0.474595071903924,315.86807832516365,-0.0,25.328852506185967,0.0,290.5392258189777,290.5392258189777,0.0,0.0
1910,2019-03-21 14:00:00,3,2019-03-21 15:00:00,0.10531,0.10531,0.10531,0.0,0.428709469537645,316.69364893161827,-0.0,26.154423112640586,0.0,290.5392258189777,290.5392258189777,0.0,0.0
1911,2019-03-21 15:00:00,3,2019-03-21 16:00:00,0.10531,0.10531,0.10531,0.0,0.38132826824662946,320.0838833009795,-0.0,29.54465748200181,0.0,290.5392258189777,290.5392258189777,0.0,0.0
1912,2019-03-21 16:00:00,3,2019-03-21 17:00:00,0.13592,0.13592,0.13592,0.0,0.3278053380256117,323.35201405377586,-0.0,153.34854659013766,0.0,170.0034674636382,170.0034674636382,0.0,0.0
1913,2019-03-21 17:00:00,3,2019-03-21 18:00:00,0.13592,0.13592,0.13592,0.0,0.05,260.27992748371014,-0.0,0.0,0.0,260.27992748371014,260.27992748371014,0.0,1.0
1914,2019-03-21 18:00:00,3,2019-03-21 19:00:00,0.13592,0.13592,0.13592,0.0,0.05,267.36386314542625,-0.0,0.0,0.0,267.36386314542625,267.36386314542625,0.0,0.0
1915,2019-03-21 19:00:00,3,2019-03-21 20:00:00,0.13592,0.13592,0.13592,0.0,0.05,236.4211393440844,-0.0,0.0,0.0,236.4211393440844,236.4211393440844,0.0,0.0
1916,2019-03-21 20:00:00,3,2019-03-21 21:00:00,0.13592,0.13592,0.13592,0.0,0.05,225.92192297545824,-0.0,0.0,0.0,225.92192297545824,225.92192297545824,0.0,0.0
1917,2019-03-21 21:00:00,3,2019-03-21 22:00:00,0.10531,0.10531,0.10531,0.0,0.05,209.21878125382347,-0.0,0.0,0.0,209.21878125382347,209.21878125382347,0.0,0.0
1918,2019-03-21 22:00:00,3,2019-03-21 23:00:00,0.10531,0.10531,0.10531,0.0,0.05,208.89471986118255,-0.0,0.0,0.0,208.89471986118255,208.89471986118255,0.0,0.0
1919,2019-03-21 23:00:00,3,2019-03-22 00:00:00,0.10531,0.10531,0.10531,0.0,0.05,204.9385185241416,-0.0,0.0,0.0,204.9385185241416,204.9385185241416,0.0,0.0
1920,2019-03-22 00:00:00,3,2019-03-22 01:00:00,0.10531,0.10531,0.10531,0.0,0.05,204.29730128647358,-87.72007989169443,0.0,0.0,292.017381178168,292.017381178168,0.0,1.0
1921,2019-03-22 01:00:00,3,2019-03-22 02:00:00,0.10531,0.10531,0.10531,0.0,0.18450412250059814,203.74744293581162,-88.26993824235639,0.0,0.0,292.017381178168,292.017381178168,0.0,1.0
1922,2019-03-22 02:00:00,3,2019-03-22 03:00:00,0.10531,0.10531,0.10531,0.0,0.3198513611388779,203.230596868175,-88.786784309993,0.0,0.0,292.017381178168,292.017381178168,0.0,1.0
1923,2019-03-22 03:00:00,3,2019-03-22 04:00:00,0.10531,0.10531,0.10531,0.0,0.4559910970808672,225.60648304876858,-66.41089812939943,0.0,0.0,292.017381178168,292.017381178168,0.0,1.0
1924,2019-03-22 04:00:00,3,2019-03-22 05:00:00,0.10531,0.10531,0.10531,0.0,0.5578211408792796,225.8276860342338,-66.1896951439342,0.0,0.0,292.017381178168,292.017381178168,0.0,1.0
1925,2019-03-22 05:00:00,3,2019-03-22 06:00:00,0.10531,0.10531,0.10531,0.0,0.6593120067666454,283.53774891328584,-8.479632264882165,0.0,0.0,292.017381178168,292.017381178168,0.0,1.0
1926,2019-03-22 06:00:00,3,2019-03-22 07:00:00,0.10531,0.10531,0.10531,0.0,0.6723141095727979,312.1605974077519,-0.0,20.143216229583857,0.0,292.017381178168,292.017381178168,0.0,0.0
1927,2019-03-22 07:00:00,3,2019-03-22 08:00:00,0.10531,0.10531,0.10531,0.0,0.6358227758235515,322.0631532907458,-0.0,30.045772112577765,0.0,292.017381178168,292.017381178168,0.0,0.0
1928,2019-03-22 08:00:00,3,2019-03-22 09:00:00,0.10531,0.10531,0.10531,0.0,0.5813920292427947,331.313941492076,-0.0,39.296560313908,0.0,292.017381178168,292.017381178168,0.0,0.0
1929,2019-03-22 09:00:00,3,2019-03-22 10:00:00,0.06431,0.06431,0.06431,0.0,0.5102026083842657,334.207946109229,-0.0,42.190564931060976,0.0,292.017381178168,292.017381178168,0.0,0.0
1930,2019-03-22 10:00:00,3,2019-03-22 11:00:00,0.06431,0.06431,0.06431,0.0,0.4337704255381406,332.63638643600683,-0.0,40.61900525783881,0.0,292.017381178168,292.017381178168,0.0,0.0
1931,2019-03-22 11:00:00,3,2019-03-22 12:00:00,0.06431,0.06431,0.06431,0.0,0.36018527108553405,316.9828039246443,-0.0,24.965422746476293,0.0,292.017381178168,292.017381178168,0.0,0.0
1932,2019-03-22 12:00:00,3,2019-03-22 13:00:00,0.06431,0.06431,0.06431,0.0,0.31495805596510595,322.55771698544015,-0.0,30.540335807272157,0.0,292.01738117816797,292.01738117816797,0.0,0.0
1933,2019-03-22 13:00:00,3,2019-03-22 14:00:00,0.06431,0.06431,0.06431,0.0,0.2596313606620767,320.68126475545006,-0.0,28.66388357728206,0.0,292.01738117816797,292.01738117816797,0.0,0.0
1934,2019-03-22 14:00:00,3,2019-03-22 15:00:00,0.10531,0.10531,0.10531,0.0,0.2077040353409136,319.6157111758741,-0.0,27.598329997706085,0.0,292.01738117816797,292.01738117816797,0.0,0.0
1935,2019-03-22 15:00:00,3,2019-03-22 16:00:00,0.10531,0.10531,0.10531,0.0,0.15770706070738807,320.2234911085196,-0.0,28.206109930351627,0.0,292.01738117816797,292.01738117816797,0.0,0.0
1936,2019-03-22 16:00:00,3,2019-03-22 17:00:00,0.13592,0.13592,0.13592,0.0,0.10660903547124383,323.2655687582946,-0.0,31.248187580126597,0.0,292.01738117816797,292.01738117816797,0.0,0.0
1937,2019-03-22 17:00:00,3,2019-03-22 18:00:00,0.13592,0.13592,0.13592,0.0,0.05,264.14356258811665,-0.0,0.0,0.0,264.14356258811665,264.14356258811665,0.0,1.0
1938,2019-03-22 18:00:00,3,2019-03-22 19:00:00,0.13592,0.13592,0.13592,0.0,0.05,269.33435794142093,-0.0,0.0,0.0,269.33435794142093,269.33435794142093,0.0,0.0
1939,2019-03-22 19:00:00,3,2019-03-22 20:00:00,0.13592,0.13592,0.13592,0.0,0.05,235.24308837395785,-0.0,0.0,0.0,235.24308837395785,235.24308837395785,0.0,0.0
1940,2019-03-22 20:00:00,3,2019-03-22 21:00:00,0.13592,0.13592,0.13592,0.0,0.05,224.03460959681502,-0.0,0.0,0.0,224.03460959681502,224.03460959681502,0.0,0.0
1941,2019-03-22 21:00:00,3,2019-03-22 22:00:00,0.10531,0.10531,0.10531,0.0,0.05,205.72579594921922,-86.29158522894878,0.0,0.0,292.01738117816797,292.01738117816797,0.0,1.0
1942,2019-03-22 22:00:00,3,2019-03-22 23:00:00,0.10531,0.10531,0.10531,0.0,0.18231376401772145,204.99610361318057,-87.02127756498743,0.0,0.0,292.01738117816797,292.01738117816797,0.0,1.0
1943,2019-03-22 23:00:00,3,2019-03-23 00:00:00,0.10531,0.10531,0.10531,0.0,0.31574638961736884,201.86833320546455,-0.0,0.0,0.0,201.86833320546455,201.86833320546455,0.0,0.0
1944,2019-03-23 00:00:00,3,2019-03-23 01:00:00,0.10531,0.10531,0.10531,0.0,0.31574638961736884,202.81156340613163,-89.2058177720364,0.0,0.0,292.017381178168,292.017381178168,0.0,1.0
1945,2019-03-23 01:00:00,3,2019-03-23 02:00:00,0.10531,0.10531,0.10531,0.0,0.45252864353449135,203.6749799649878,-88.34240121318021,0.0,0.0,292.017381178168,292.017381178168,0.0,1.0
1946,2019-03-23 02:00:00,3,2019-03-23 03:00:00,0.10531,0.10531,0.10531,0.0,0.5879869920613676,204.03418110332404,-87.98320007484398,0.0,0.0,292.017381178168,292.017381178168,0.0,1.0
1947,2019-03-23 03:00:00,3,2019-03-23 04:00:00,0.10531,0.10531,0.10531,0.0,0.7228945655094617,226.77216683950917,-65.24521433865885,0.0,0.0,292.017381178168,292.017381178168,0.0,1.0
1948,2019-03-23 04:00:00,3,2019-03-23 05:00:00,0.10531,0.10531,0.10531,0.0,0.8229372274954053,227.4159695926793,-64.60141158548873,0.0,0.0,292.017381178168,292.017381178168,0.0,1.0
1949,2019-03-23 05:00:00,3,2019-03-23 06:00:00,0.10531,0.10531,0.10531,0.0,0.9219927252598215,285.52726535658957,-6.490115821578456,0.0,0.0,292.017381178168,292.017381178168,0.0,1.0
1950,2019-03-23 06:00:00,3,2019-03-23 07:00:00,0.10531,0.10531,0.10531,0.0,0.9319442361862417,313.325707687671,-0.0,21.30832650950299,0.0,292.017381178168,292.017381178168,0.0,0.0
1951,2019-03-23 07:00:00,3,2019-03-23 08:00:00,0.10531,0.10531,0.10531,0.0,0.8933421954081566,324.1296837861818,-0.0,32.11230260801375,0.0,292.017381178168,292.017381178168,0.0,0.0
1952,2019-03-23 08:00:00,3,2019-03-23 09:00:00,0.10531,0.10531,0.10531,0.0,0.8351677341617548,332.2699642585912,-0.0,40.252583080423165,0.0,292.017381178168,292.017381178168,0.0,0.0
1953,2019-03-23 09:00:00,3,2019-03-23 10:00:00,0.06431,0.06431,0.06431,0.0,0.762246388001568,332.47391607549616,-0.0,40.45653489732814,0.0,292.017381178168,292.017381178168,0.0,0.0
1954,2019-03-23 10:00:00,3,2019-03-23 11:00:00,0.06431,0.06431,0.06431,0.0,0.6889555639122054,334.8637537145555,-0.0,42.84637253638749,0.0,292.017381178168,292.017381178168,0.0,0.0
1955,2019-03-23 11:00:00,3,2019-03-23 12:00:00,0.06431,0.06431,0.06431,0.0,0.6113353238100541,320.99220683056814,-0.0,28.974825652400114,0.0,292.017381178168,292.017381178168,0.0,0.0
1956,2019-03-23 12:00:00,3,2019-03-23 13:00:00,0.06431,0.06431,0.06431,0.0,0.5588446976281698,326.2041569971002,-0.0,34.186775818932176,0.0,292.017381178168,292.017381178168,0.0,0.0
1957,2019-03-23 13:00:00,3,2019-03-23 14:00:00,0.06431,0.06431,0.06431,0.0,0.4969121327387999,324.8537493830251,-0.0,32.83636820485708,0.0,292.017381178168,292.017381178168,0.0,0.0
1958,2019-03-23 14:00:00,3,2019-03-23 15:00:00,0.10531,0.10531,0.10531,0.0,0.43742595845463855,321.5832911793264,-0.0,29.565910001158386,0.0,292.017381178168,292.017381178168,0.0,0.0
1959,2019-03-23 15:00:00,3,2019-03-23 16:00:00,0.10531,0.10531,0.10531,0.0,0.3838645272931197,323.2042098505418,-0.0,31.186828672373792,0.0,292.017381178168,292.017381178168,0.0,0.0
1960,2019-03-23 16:00:00,3,2019-03-23 17:00:00,0.13592,0.13592,0.13592,0.0,0.327366649263457,328.1062359379597,-0.0,153.10639039342828,0.0,174.9998455445314,174.9998455445314,0.0,0.0
1961,2019-03-23 17:00:00,3,2019-03-23 18:00:00,0.13592,0.13592,0.13592,0.0,0.05,266.60581821472346,-0.0,0.0,0.0,266.60581821472346,266.60581821472346,0.0,0.0
1962,2019-03-23 18:00:00,3,2019-03-23 19:00:00,0.13592,0.13592,0.13592,0.0,0.05,268.63088696755153,-0.0,0.0,0.0,268.63088696755153,268.63088696755153,0.0,0.0
1963,2019-03-23 19:00:00,3,2019-03-23 20:00:00,0.13592,0.13592,0.13592,0.0,0.05,234.14284699836367,-0.0,0.0,0.0,234.14284699836367,234.14284699836367,0.0,0.0
1964,2019-03-23 20:00:00,3,2019-03-23 21:00:00,0.13592,0.13592,0.13592,0.0,0.05,223.00037173074574,-0.0,0.0,0.0,223.00037173074574,223.00037173074574,0.0,0.0
1965,2019-03-23 21:00:00,3,2019-03-23 22:00:00,0.10531,0.10531,0.10531,0.0,0.05,205.65226088045208,-0.0,0.0,0.0,205.65226088045208,205.65226088045208,0.0,0.0
1966,2019-03-23 22:00:00,3,2019-03-23 23:00:00,0.10531,0.10531,0.10531,0.0,0.05,205.76465337319834,-0.0,0.0,0.0,205.76465337319834,205.76465337319834,0.0,0.0
1967,2019-03-23 23:00:00,3,2019-03-24 00:00:00,0.10531,0.10531,0.10531,0.0,0.05,202.42678543283094,-0.0,0.0,0.0,202.42678543283094,202.42678543283094,0.0,0.0
1968,2019-03-24 00:00:00,3,2019-03-24 01:00:00,0.10531,0.10531,0.10531,0.0,0.05,202.53787610684907,-89.47950507131895,0.0,0.0,292.017381178168,292.017381178168,0.0,1.0
1969,2019-03-24 01:00:00,3,2019-03-24 02:00:00,0.10531,0.10531,0.10531,0.0,0.1872019077760224,202.56508798888524,-89.45229318928278,0.0,0.0,292.017381178168,292.017381178168,0.0,1.0
1970,2019-03-24 02:00:00,3,2019-03-24 03:00:00,0.10531,0.10531,0.10531,0.0,0.32436209066625604,202.15783938239116,-89.85954179577686,0.0,0.0,292.017381178168,292.017381178168,0.0,1.0
1971,2019-03-24 03:00:00,3,2019-03-24 04:00:00,0.10531,0.10531,0.10531,0.0,0.4621467214197806,225.3889001760647,-66.62848100210331,0.0,0.0,292.017381178168,292.017381178168,0.0,1.0
1972,2019-03-24 04:00:00,3,2019-03-24 05:00:00,0.10531,0.10531,0.10531,0.0,0.5643103922896723,225.69285413113144,-66.32452704703658,0.0,0.0,292.017381178168,292.017381178168,0.0,1.0
1973,2019-03-24 05:00:00,3,2019-03-24 06:00:00,0.10531,0.10531,0.10531,0.0,0.6660080004284618,283.0014380772624,-9.015943100905645,0.0,0.0,292.017381178168,292.017381178168,0.0,1.0
1974,2019-03-24 06:00:00,3,2019-03-24 07:00:00,0.10531,0.10531,0.10531,0.0,0.6798324465165171,309.9535218591358,-0.0,17.936140680967753,0.0,292.017381178168,292.017381178168,0.0,0.0
1975,2019-03-24 07:00:00,3,2019-03-24 08:00:00,0.10531,0.10531,0.10531,0.0,0.6473394380365031,321.66190195767444,-0.0,29.644520779506422,0.0,292.017381178168,292.017381178168,0.0,0.0
1976,2019-03-24 08:00:00,3,2019-03-24 09:00:00,0.10531,0.10531,0.10531,0.0,0.5936355960446437,332.12950896434444,-0.0,40.112127786176416,0.0,292.017381178168,292.017381178168,0.0,0.0
1977,2019-03-24 09:00:00,3,2019-03-24 10:00:00,0.06431,0.06431,0.06431,0.0,0.5209686978812805,329.2142704551117,-0.0,37.19688927694369,0.0,292.017381178168,292.017381178168,0.0,0.0
1978,2019-03-24 10:00:00,3,2019-03-24 11:00:00,0.06431,0.06431,0.06431,0.0,0.4535830289013101,320.0292274450891,-0.0,28.011846266921054,0.0,292.017381178168,292.017381178168,0.0,0.0
1979,2019-03-24 11:00:00,3,2019-03-24 12:00:00,0.06431,0.06431,0.06431,0.0,0.4028369305916705,307.8831110757091,-0.0,15.865729897541087,0.0,292.017381178168,292.017381178168,0.0,0.0
1980,2019-03-24 12:00:00,3,2019-03-24 13:00:00,0.06431,0.06431,0.06431,0.0,0.3740946662845308,315.13199314247754,-0.0,23.114611964309518,0.0,292.017381178168,292.017381178168,0.0,0.0
1981,2019-03-24 13:00:00,3,2019-03-24 14:00:00,0.06431,0.06431,0.06431,0.0,0.3322203692477382,312.352007968741,-0.0,20.334626790572997,0.0,292.017381178168,292.017381178168,0.0,0.0
1982,2019-03-24 14:00:00,3,2019-03-24 15:00:00,0.10531,0.10531,0.10531,0.0,0.2953822772358306,310.0770939655324,-0.0,18.05971278736439,0.0,292.017381178168,292.017381178168,0.0,0.0
1983,2019-03-24 15:00:00,3,2019-03-24 16:00:00,0.10531,0.10531,0.10531,0.0,0.26266540624422846,313.4041134104663,-0.0,21.3867322322983,0.0,292.017381178168,292.017381178168,0.0,0.0
1984,2019-03-24 16:00:00,3,2019-03-24 17:00:00,0.13592,0.13592,0.13592,0.0,0.22392132611325327,317.54984833759755,-0.0,25.53246715942953,0.0,292.017381178168,292.017381178168,0.0,0.0
1985,2019-03-24 17:00:00,3,2019-03-24 18:00:00,0.13592,0.13592,0.13592,0.0,0.1776668566215331,252.20935855963845,-0.0,0.0,0.0,252.20935855963845,252.20935855963845,0.0,0.0
1986,2019-03-24 18:00:00,3,2019-03-24 19:00:00,0.13592,0.13592,0.13592,0.0,0.1776668566215331,254.21893728832922,-0.0,0.0,0.0,254.21893728832922,254.21893728832922,0.0,0.0
1987,2019-03-24 19:00:00,3,2019-03-24 20:00:00,0.13592,0.13592,0.13592,0.0,0.1776668566215331,223.20191334232973,-0.0,70.47210485508627,0.0,152.72980848724347,152.72980848724347,0.0,0.0
1988,2019-03-24 20:00:00,3,2019-03-24 21:00:00,0.13592,0.13592,0.13592,0.0,0.05,214.7178400409077,-0.0,0.0,0.0,214.7178400409077,214.7178400409077,0.0,0.0
1989,2019-03-24 21:00:00,3,2019-03-24 22:00:00,0.10531,0.10531,0.10531,0.0,0.05,198.18531956686883,-0.0,0.0,0.0,198.18531956686883,198.18531956686883,0.0,0.0
1990,2019-03-24 22:00:00,3,2019-03-24 23:00:00,0.10531,0.10531,0.10531,0.0,0.05,198.36291152967823,-0.0,0.0,0.0,198.36291152967823,198.36291152967823,0.0,0.0
1991,2019-03-24 23:00:00,3,2019-03-25 00:00:00,0.10531,0.10531,0.10531,0.0,0.05,196.27880812904573,-0.0,0.0,0.0,196.27880812904573,196.27880812904573,0.0,0.0
1992,2019-03-25 00:00:00,3,2019-03-25 01:00:00,0.10531,0.10531,0.10531,0.0,0.05,195.74009875711667,-87.89373366024905,0.0,0.0,283.63383241736574,283.63383241736574,0.0,1.0
1993,2019-03-25 01:00:00,3,2019-03-25 02:00:00,0.10531,0.10531,0.10531,0.0,0.18477039161238187,197.0740465820872,-94.94333459608083,0.0,0.0,292.017381178168,292.017381178168,0.0,1.0
1994,2019-03-25 02:00:00,3,2019-03-25 03:00:00,0.10531,0.10531,0.10531,0.0,0.3303501713263725,201.77205637899195,-0.0,0.0,0.0,201.77205637899195,201.77205637899195,0.0,0.0
1995,2019-03-25 03:00:00,3,2019-03-25 04:00:00,0.10531,0.10531,0.10531,0.0,0.3303501713263725,208.9156206835239,-83.10176049464411,0.0,0.0,292.017381178168,292.017381178168,0.0,1.0
1996,2019-03-25 04:00:00,3,2019-03-25 05:00:00,0.10531,0.10531,0.10531,0.0,0.4577728707514935,208.44882669586738,-0.0,0.0,0.0,208.44882669586738,208.44882669586738,0.0,0.0
1997,2019-03-25 05:00:00,3,2019-03-25 06:00:00,0.10531,0.10531,0.10531,0.0,0.4577728707514935,224.63483116117789,-67.38255001699014,0.0,0.0,292.017381178168,292.017381178168,0.0,1.0
1998,2019-03-25 06:00:00,3,2019-03-25 07:00:00,0.10531,0.10531,0.10531,0.0,0.561092780777545,249.72541134127374,-42.29196983689428,0.0,0.0,292.017381178168,292.017381178168,0.0,1.0
1999,2019-03-25 07:00:00,3,2019-03-25 08:00:00,0.10531,0.10531,0.10531,0.0,0.625940467860783,252.53891179895447,-39.47846937921355,0.0,0.0,292.017381178168,292.017381178168,0.0,1.0
2000,2019-03-25 08:00:00,3,2019-03-25 09:00:00,0.10531,0.10531,0.10531,0.0,0.6864741209089104,280.6390902062056,-11.378290971962429,0.0,0.0,292.017381178168,292.017381178168,0.0,1.0
2001,2019-03-25 09:00:00,3,2019-03-25 10:00:00,0.06431,0.06431,0.06431,0.0,0.7039208337325861,280.29625781261024,-11.721123365557787,0.0,0.0,292.017381178168,292.017381178168,0.0,1.0
2002,2019-03-25 10:00:00,3,2019-03-25 11:00:00,0.06431,0.06431,0.06431,0.0,0.721893222893108,278.6841646464184,-13.3332165317496,0.0,0.0,292.017381178168,292.017381178168,0.0,1.0
2003,2019-03-25 11:00:00,3,2019-03-25 12:00:00,0.06431,0.06431,0.06431,0.0,0.7423374882417907,267.7978449793,-24.219536198868013,0.0,0.0,292.017381178168,292.017381178168,0.0,1.0
2004,2019-03-25 12:00:00,3,2019-03-25 13:00:00,0.06431,0.06431,0.06431,0.0,0.7794741104133883,264.01290867279704,-28.004472505370984,0.0,0.0,292.017381178168,292.017381178168,0.0,1.0
2005,2019-03-25 13:00:00,3,2019-03-25 14:00:00,0.06431,0.06431,0.06431,0.0,0.8224143015882905,262.8182895515845,-29.199091626583538,0.0,0.0,292.017381178168,292.017381178168,0.0,1.0
2006,2019-03-25 14:00:00,3,2019-03-25 15:00:00,0.10531,0.10531,0.10531,0.0,0.8671862420823853,244.9154882290979,-47.101892949070134,0.0,0.0,292.017381178168,292.017381178168,0.0,1.0
2007,2019-03-25 15:00:00,3,2019-03-25 16:00:00,0.10531,0.10531,0.10531,0.0,0.9394091446042929,252.5016059200981,-39.51577525806994,0.0,0.0,292.017381178168,292.017381178168,0.0,1.0
2008,2019-03-25 16:00:00,3,2019-03-25 17:00:00,0.13592,0.13592,0.13592,0.0,1.0,246.37191018249004,-0.0,246.37191018249004,0.0,0.0,0.0,0.0,0.0
2009,2019-03-25 17:00:00,3,2019-03-25 18:00:00,0.13592,0.13592,0.13592,0.0,0.5536740757563587,236.56009629102334,-0.0,236.56009629102334,0.0,0.0,0.0,0.0,0.0
2010,2019-03-25 18:00:00,3,2019-03-25 19:00:00,0.13592,0.13592,0.13592,0.0,0.12512317667841794,237.27005452029292,-0.0,41.46799352648671,0.0,195.8020609938062,195.8020609938062,0.0,0.0
2011,2019-03-25 19:00:00,3,2019-03-25 20:00:00,0.13592,0.13592,0.13592,0.0,0.05,209.3756299303941,-0.0,0.0,0.0,209.3756299303941,209.3756299303941,0.0,0.0
2012,2019-03-25 20:00:00,3,2019-03-25 21:00:00,0.13592,0.13592,0.13592,0.0,0.05,207.71756755342514,-0.0,0.0,0.0,207.71756755342514,207.71756755342514,0.0,0.0
2013,2019-03-25 21:00:00,3,2019-03-25 22:00:00,0.10531,0.10531,0.10531,0.0,0.05,203.83149098659888,-0.0,0.0,0.0,203.83149098659888,203.83149098659888,0.0,0.0
2014,2019-03-25 22:00:00,3,2019-03-25 23:00:00,0.10531,0.10531,0.10531,0.0,0.05,202.94240233168006,-0.0,0.0,0.0,202.94240233168006,202.94240233168006,0.0,0.0
2015,2019-03-25 23:00:00,3,2019-03-26 00:00:00,0.10531,0.10531,0.10531,0.0,0.05,198.4169257205453,-0.0,0.0,0.0,198.4169257205453,198.4169257205453,0.0,0.0
2016,2019-03-26 00:00:00,3,2019-03-26 01:00:00,0.10531,0.10531,0.10531,0.0,0.05,194.74138545900382,-0.0,0.0,0.0,194.74138545900382,194.74138545900382,0.0,0.0
2017,2019-03-26 01:00:00,3,2019-03-26 02:00:00,0.10531,0.10531,0.10531,0.0,0.05,195.54919361206692,-0.0,0.0,0.0,195.54919361206692,195.54919361206692,0.0,0.0
2018,2019-03-26 02:00:00,3,2019-03-26 03:00:00,0.10531,0.10531,0.10531,0.0,0.05,195.25333449816503,-0.0,0.0,0.0,195.25333449816503,195.25333449816503,0.0,0.0
2019,2019-03-26 03:00:00,3,2019-03-26 04:00:00,0.10531,0.10531,0.10531,0.0,0.05,194.6868495133569,-0.0,0.0,0.0,194.6868495133569,194.6868495133569,0.0,0.0
2020,2019-03-26 04:00:00,3,2019-03-26 05:00:00,0.10531,0.10531,0.10531,0.0,0.05,192.1386709882612,-0.0,0.0,0.0,192.1386709882612,192.1386709882612,0.0,0.0
2021,2019-03-26 05:00:00,3,2019-03-26 06:00:00,0.10531,0.10531,0.10531,0.0,0.05,207.36719747003477,-0.0,0.0,0.0,207.36719747003477,207.36719747003477,0.0,0.0
2022,2019-03-26 06:00:00,3,2019-03-26 07:00:00,0.10531,0.10531,0.10531,0.0,0.05,208.20819940014442,-83.8091817780236,0.0,0.0,292.017381178168,292.017381178168,0.0,1.0
2023,2019-03-26 07:00:00,3,2019-03-26 08:00:00,0.10531,0.10531,0.10531,0.0,0.1785074120596362,229.75335793094322,-62.2640232472248,0.0,0.0,292.017381178168,292.017381178168,0.0,1.0
2024,2019-03-26 08:00:00,3,2019-03-26 09:00:00,0.10531,0.10531,0.10531,0.0,0.2739789143720476,232.68296938585854,-39.18117614256388,0.0,0.0,271.8641455284224,271.8641455284224,0.0,1.0
2025,2019-03-26 09:00:00,3,2019-03-26 10:00:00,0.06431,0.06431,0.06431,0.0,0.33405671779064555,238.48754304993707,-53.52983812823095,0.0,0.0,292.017381178168,292.017381178168,0.0,1.0
2026,2019-03-26 10:00:00,3,2019-03-26 11:00:00,0.06431,0.06431,0.06431,0.0,0.41613580292059965,237.97980807732645,-54.03757310084157,0.0,0.0,292.017381178168,292.017381178168,0.0,1.0
2027,2019-03-26 11:00:00,3,2019-03-26 12:00:00,0.06431,0.06431,0.06431,0.0,0.49899341500855676,232.43435602317456,-59.583025154993464,0.0,0.0,292.017381178168,292.017381178168,0.0,1.0
2028,2019-03-26 12:00:00,3,2019-03-26 13:00:00,0.06431,0.06431,0.06431,0.0,0.5903540535795467,227.01448867053332,-65.0028925076347,0.0,0.0,292.017381178168,292.017381178168,0.0,1.0
2029,2019-03-26 13:00:00,3,2019-03-26 14:00:00,0.06431,0.06431,0.06431,0.0,0.6900251554245866,225.37428310342688,-66.64309807474115,0.0,0.0,292.017381178168,292.017381178168,0.0,1.0
2030,2019-03-26 14:00:00,3,2019-03-26 15:00:00,0.10531,0.10531,0.10531,0.0,0.7922112391391898,226.96858607893205,-65.04879509923597,0.0,0.0,292.017381178168,292.017381178168,0.0,1.0
2031,2019-03-26 15:00:00,3,2019-03-26 16:00:00,0.10531,0.10531,0.10531,0.0,0.8919527249580181,221.55176702035376,-70.46561415781426,0.0,0.0,292.017381178168,292.017381178168,0.0,1.0
2032,2019-03-26 16:00:00,3,2019-03-26 17:00:00,0.13592,0.13592,0.13592,0.0,1.0,211.63124935001352,-0.0,211.63124935001352,0.0,0.0,0.0,0.0,0.0
2033,2019-03-26 17:00:00,3,2019-03-26 18:00:00,0.13592,0.13592,0.13592,0.0,0.616610055525338,208.97878181040292,-0.0,208.97878181040292,0.0,0.0,0.0,0.0,0.0
2034,2019-03-26 18:00:00,3,2019-03-26 19:00:00,0.13592,0.13592,0.13592,0.0,0.23802530586881096,215.49788515915614,-0.0,103.78996883958365,0.0,111.70791631957249,111.70791631957249,0.0,0.0
2035,2019-03-26 19:00:00,3,2019-03-26 20:00:00,0.13592,0.13592,0.13592,0.0,0.05,206.58879821517402,-0.0,0.0,0.0,206.58879821517402,206.58879821517402,0.0,0.0
2036,2019-03-26 20:00:00,3,2019-03-26 21:00:00,0.13592,0.13592,0.13592,0.0,0.05,204.70033505073494,-0.0,0.0,0.0,204.70033505073494,204.70033505073494,0.0,0.0
2037,2019-03-26 21:00:00,3,2019-03-26 22:00:00,0.10531,0.10531,0.10531,0.0,0.05,200.68732244368394,-0.0,0.0,0.0,200.68732244368394,200.68732244368394,0.0,0.0
2038,2019-03-26 22:00:00,3,2019-03-26 23:00:00,0.10531,0.10531,0.10531,0.0,0.05,200.08658302255728,-0.0,0.0,0.0,200.08658302255728,200.08658302255728,0.0,0.0
2039,2019-03-26 23:00:00,3,2019-03-27 00:00:00,0.10531,0.10531,0.10531,0.0,0.05,196.16248955441202,-0.0,0.0,0.0,196.16248955441202,196.16248955441202,0.0,0.0
2040,2019-03-27 00:00:00,3,2019-03-27 01:00:00,0.10531,0.10531,0.10531,0.0,0.05,198.15645838893874,-93.86092278922928,0.0,0.0,292.017381178168,292.017381178168,0.0,1.0
2041,2019-03-27 01:00:00,3,2019-03-27 02:00:00,0.10531,0.10531,0.10531,0.0,0.19392008161015156,198.2074228035014,-93.80995837466662,0.0,0.0,292.017381178168,292.017381178168,0.0,1.0
2042,2019-03-27 02:00:00,3,2019-03-27 03:00:00,0.10531,0.10531,0.10531,0.0,0.3377620177846404,198.40600769172394,-93.61137348644408,0.0,0.0,292.017381178168,292.017381178168,0.0,1.0
2043,2019-03-27 03:00:00,3,2019-03-27 04:00:00,0.10531,0.10531,0.10531,0.0,0.4812994571305213,219.23292580299972,-72.7844553751683,0.0,0.0,292.017381178168,292.017381178168,0.0,1.0
2044,2019-03-27 04:00:00,3,2019-03-27 05:00:00,0.10531,0.10531,0.10531,0.0,0.5929022887057794,218.80094809532994,-73.21643308283808,0.0,0.0,292.017381178168,292.017381178168,0.0,1.0
2045,2019-03-27 05:00:00,3,2019-03-27 06:00:00,0.10531,0.10531,0.10531,0.0,0.7051674860994644,274.77531562714665,-17.24206555102137,0.0,0.0,292.017381178168,292.017381178168,0.0,1.0
2046,2019-03-27 06:00:00,3,2019-03-27 07:00:00,0.10531,0.10531,0.10531,0.0,0.7316053199443638,302.59038259460334,-0.0,10.573001416435318,0.0,292.017381178168,292.017381178168,0.0,0.0
2047,2019-03-27 07:00:00,3,2019-03-27 08:00:00,0.10531,0.10531,0.10531,0.0,0.7124513318711114,313.4698316841482,-0.0,21.452450505980153,0.0,292.017381178168,292.017381178168,0.0,0.0
2048,2019-03-27 08:00:00,3,2019-03-27 09:00:00,0.10531,0.10531,0.10531,0.0,0.6735881968965097,326.7135969920527,-0.0,34.69621581388469,0.0,292.017381178168,292.017381178168,0.0,0.0
2049,2019-03-27 09:00:00,3,2019-03-27 10:00:00,0.06431,0.06431,0.06431,0.0,0.6107327334655591,331.45978990571183,-0.0,39.44240872754381,0.0,292.017381178168,292.017381178168,0.0,0.0
2050,2019-03-27 10:00:00,3,2019-03-27 11:00:00,0.06431,0.06431,0.06431,0.0,0.5392790944663856,326.799388977728,-0.0,34.78200779955995,0.0,292.017381178168,292.017381178168,0.0,0.0
2051,2019-03-27 11:00:00,3,2019-03-27 12:00:00,0.06431,0.06431,0.06431,0.0,0.4762682107715307,310.4971728896625,-0.0,18.4797917114945,0.0,292.017381178168,292.017381178168,0.0,0.0
2052,2019-03-27 12:00:00,3,2019-03-27 13:00:00,0.06431,0.06431,0.06431,0.0,0.44279032723621453,315.3537995822037,-0.0,23.33641840403567,0.0,292.017381178168,292.017381178168,0.0,0.0
2053,2019-03-27 13:00:00,3,2019-03-27 14:00:00,0.06431,0.06431,0.06431,0.0,0.40051420693904843,314.184832206836,-0.0,22.167451028667983,0.0,292.017381178168,292.017381178168,0.0,0.0
2054,2019-03-27 14:00:00,3,2019-03-27 15:00:00,0.10531,0.10531,0.10531,0.0,0.360355781162476,314.2051581034777,-0.0,22.187776925309663,0.0,292.017381178168,292.017381178168,0.0,0.0
2055,2019-03-27 15:00:00,3,2019-03-27 16:00:00,0.10531,0.10531,0.10531,0.0,0.3201605331093788,315.1561061547731,-0.0,23.13872497660509,0.0,292.017381178168,292.017381178168,0.0,0.0
2056,2019-03-27 16:00:00,3,2019-03-27 17:00:00,0.13592,0.13592,0.13592,0.0,0.27824255307929713,317.3693685622076,-0.0,125.98988929977203,0.0,191.3794792624356,191.3794792624356,0.0,0.0
2057,2019-03-27 17:00:00,3,2019-03-27 18:00:00,0.13592,0.13592,0.13592,0.0,0.05,257.03755922887643,-0.0,0.0,0.0,257.03755922887643,257.03755922887643,0.0,1.0
2058,2019-03-27 18:00:00,3,2019-03-27 19:00:00,0.13592,0.13592,0.13592,0.0,0.05,265.8213521852256,-0.0,0.0,0.0,265.8213521852256,265.8213521852256,0.0,1.0
2059,2019-03-27 19:00:00,3,2019-03-27 20:00:00,0.13592,0.13592,0.13592,0.0,0.05,236.95741230465313,-0.0,0.0,0.0,236.95741230465313,236.95741230465313,0.0,0.0
2060,2019-03-27 20:00:00,3,2019-03-27 21:00:00,0.13592,0.13592,0.13592,0.0,0.05,225.7598998831346,-0.0,0.0,0.0,225.7598998831346,225.7598998831346,0.0,0.0
2061,2019-03-27 21:00:00,3,2019-03-27 22:00:00,0.10531,0.10531,0.10531,0.0,0.05,207.6345952884644,-0.0,0.0,0.0,207.6345952884644,207.6345952884644,0.0,0.0
2062,2019-03-27 22:00:00,3,2019-03-27 23:00:00,0.10531,0.10531,0.10531,0.0,0.05,207.1324931365876,-0.0,0.0,0.0,207.1324931365876,207.1324931365876,0.0,0.0
2063,2019-03-27 23:00:00,3,2019-03-28 00:00:00,0.10531,0.10531,0.10531,0.0,0.05,203.61812617598753,-0.0,0.0,0.0,203.61812617598753,203.61812617598753,0.0,0.0
2064,2019-03-28 00:00:00,3,2019-03-28 01:00:00,0.10531,0.10531,0.10531,0.0,0.05,202.69068815753673,-89.3266930206313,0.0,0.0,292.017381178168,292.017381178168,0.0,1.0
2065,2019-03-28 01:00:00,3,2019-03-28 02:00:00,0.10531,0.10531,0.10531,0.0,0.18696759596496798,203.16012123101865,-88.85725994714937,0.0,0.0,292.017381178168,292.017381178168,0.0,1.0
2066,2019-03-28 02:00:00,3,2019-03-28 03:00:00,0.10531,0.10531,0.10531,0.0,0.32321539455059706,204.4693821885155,-87.54799898965251,0.0,0.0,292.017381178168,292.017381178168,0.0,1.0
2067,2019-03-28 03:00:00,3,2019-03-28 04:00:00,0.10531,0.10531,0.10531,0.0,0.45745565966806423,227.860141108005,-64.15724007016303,0.0,0.0,292.017381178168,292.017381178168,0.0,1.0
2068,2019-03-28 04:00:00,3,2019-03-28 05:00:00,0.10531,0.10531,0.10531,0.0,0.5558300944423141,228.69554294709238,-63.321838231075645,0.0,0.0,292.017381178168,292.017381178168,0.0,1.0
2069,2019-03-28 05:00:00,3,2019-03-28 06:00:00,0.10531,0.10531,0.10531,0.0,0.6529235797299635,286.1096713134817,-5.907709864686296,0.0,0.0,292.017381178168,292.017381178168,0.0,1.0
2070,2019-03-28 06:00:00,3,2019-03-28 07:00:00,0.10531,0.10531,0.10531,0.0,0.6619820681891492,312.45875819784226,-0.0,20.441377019674235,0.0,292.017381178168,292.017381178168,0.0,0.0
2071,2019-03-28 07:00:00,3,2019-03-28 08:00:00,0.10531,0.10531,0.10531,0.0,0.6249505880810438,323.2297921142754,-0.0,31.212410936107403,0.0,292.017381178168,292.017381178168,0.0,0.0
2072,2019-03-28 08:00:00,3,2019-03-28 09:00:00,0.10531,0.10531,0.10531,0.0,0.5684063653707042,325.28534268417525,-0.0,33.267961506007225,0.0,292.017381178168,292.017381178168,0.0,0.0
2073,2019-03-28 09:00:00,3,2019-03-28 10:00:00,0.06431,0.06431,0.06431,0.0,0.5081383191641694,319.35398327292376,-0.0,27.336602094755733,0.0,292.017381178168,292.017381178168,0.0,0.0
2074,2019-03-28 10:00:00,3,2019-03-28 11:00:00,0.06431,0.06431,0.06431,0.0,0.45861548928236556,313.90140527151186,-0.0,21.88402409334384,0.0,292.017381178168,292.017381178168,0.0,0.0
2075,2019-03-28 11:00:00,3,2019-03-28 12:00:00,0.06431,0.06431,0.06431,0.0,0.41897051809877167,299.036344920692,-0.0,7.018963742523965,0.0,292.017381178168,292.017381178168,0.0,0.0
2076,2019-03-28 12:00:00,3,2019-03-28 13:00:00,0.06431,0.06431,0.06431,0.0,0.4062550040724602,308.93464279924495,-0.0,16.917261621076932,0.0,292.017381178168,292.017381178168,0.0,0.0
2077,2019-03-28 13:00:00,3,2019-03-28 14:00:00,0.06431,0.06431,0.06431,0.0,0.3756077909907991,313.13124459150305,-0.0,21.113863413335025,0.0,292.017381178168,292.017381178168,0.0,0.0
2078,2019-03-28 14:00:00,3,2019-03-28 15:00:00,0.10531,0.10531,0.10531,0.0,0.33735803843040957,314.1923401381891,-0.0,22.17495896002106,0.0,292.017381178168,292.017381178168,0.0,0.0
2079,2019-03-28 15:00:00,3,2019-03-28 16:00:00,0.10531,0.10531,0.10531,0.0,0.29718601132892214,315.5361504430109,-0.0,23.518769264842888,0.0,292.017381178168,292.017381178168,0.0,0.0
2080,2019-03-28 16:00:00,3,2019-03-28 17:00:00,0.13592,0.13592,0.13592,0.0,0.25457954526942417,312.6436142402833,-0.0,112.92790898872214,0.0,199.71570525156113,199.71570525156113,0.0,0.0
2081,2019-03-28 17:00:00,3,2019-03-28 18:00:00,0.13592,0.13592,0.13592,0.0,0.05,246.0329616961485,-0.0,0.0,0.0,246.0329616961485,246.0329616961485,0.0,0.0
2082,2019-03-28 18:00:00,3,2019-03-28 19:00:00,0.13592,0.13592,0.13592,0.0,0.05,261.8461434238083,-0.0,0.0,0.0,261.8461434238083,261.8461434238083,0.0,0.0
2083,2019-03-28 19:00:00,3,2019-03-28 20:00:00,0.13592,0.13592,0.13592,0.0,0.05,236.06316549741518,-0.0,0.0,0.0,236.06316549741518,236.06316549741518,0.0,0.0
2084,2019-03-28 20:00:00,3,2019-03-28 21:00:00,0.13592,0.13592,0.13592,0.0,0.05,226.569979898646,-0.0,0.0,0.0,226.569979898646,226.569979898646,0.0,0.0
2085,2019-03-28 21:00:00,3,2019-03-28 22:00:00,0.10531,0.10531,0.10531,0.0,0.05,208.84896306714577,-0.0,0.0,0.0,208.84896306714577,208.84896306714577,0.0,0.0
2086,2019-03-28 22:00:00,3,2019-03-28 23:00:00,0.10531,0.10531,0.10531,0.0,0.05,208.51535311665728,-83.50202806151074,0.0,0.0,292.017381178168,292.017381178168,0.0,1.0
2087,2019-03-28 23:00:00,3,2019-03-29 00:00:00,0.10531,0.10531,0.10531,0.0,0.17803644302764982,204.6892607983878,-18.548005427783934,0.0,0.0,223.23726622617176,223.23726622617176,0.0,1.0
2088,2019-03-29 00:00:00,3,2019-03-29 01:00:00,0.10531,0.10531,0.10531,0.0,0.20647671801691853,203.89115004313976,-88.12623113502826,0.0,0.0,292.017381178168,292.017381178168,0.0,1.0
2089,2019-03-29 01:00:00,3,2019-03-29 02:00:00,0.10531,0.10531,0.10531,0.0,0.34160360575729515,202.91143393422047,-89.10594724394755,0.0,0.0,292.017381178168,292.017381178168,0.0,1.0
2090,2019-03-29 02:00:00,3,2019-03-29 03:00:00,0.10531,0.10531,0.10531,0.0,0.4782327248646815,201.3916155020545,-90.62576567611353,0.0,0.0,292.017381178168,292.017381178168,0.0,1.0
2091,2019-03-29 03:00:00,3,2019-03-29 04:00:00,0.10531,0.10531,0.10531,0.0,0.6171922322347223,222.85338406083383,-69.16399711733419,0.0,0.0,292.017381178168,292.017381178168,0.0,1.0
2092,2019-03-29 04:00:00,3,2019-03-29 05:00:00,0.10531,0.10531,0.10531,0.0,0.7232436944813013,222.52842677802,-69.48895440014803,0.0,0.0,292.017381178168,292.017381178168,0.0,1.0
2093,2019-03-29 05:00:00,3,2019-03-29 06:00:00,0.10531,0.10531,0.10531,0.0,0.8297934245615283,279.2452980653724,-12.772083112795599,0.0,0.0,292.017381178168,292.017381178168,0.0,1.0
2094,2019-03-29 06:00:00,3,2019-03-29 07:00:00,0.10531,0.10531,0.10531,0.0,0.8493772853344814,307.2977505116147,-0.0,15.280369333446686,0.0,292.017381178168,292.017381178168,0.0,0.0
2095,2019-03-29 07:00:00,3,2019-03-29 08:00:00,0.10531,0.10531,0.10531,0.0,0.8216954568318606,320.8498142766268,-0.0,28.83243309845875,0.0,292.017381178168,292.017381178168,0.0,0.0
2096,2019-03-29 08:00:00,3,2019-03-29 09:00:00,0.10531,0.10531,0.10531,0.0,0.7694627881752325,331.80583449780744,-0.0,39.788453319639416,0.0,292.017381178168,292.017381178168,0.0,0.0
2097,2019-03-29 09:00:00,3,2019-03-29 10:00:00,0.06431,0.06431,0.06431,0.0,0.6973822567990741,329.59542503194706,-0.0,37.578043853779036,0.0,292.017381178168,292.017381178168,0.0,0.0
2098,2019-03-29 10:00:00,3,2019-03-29 11:00:00,0.06431,0.06431,0.06431,0.0,0.6293060903973005,321.1945222775191,-0.0,29.177141099351104,0.0,292.017381178168,292.017381178168,0.0,0.0
2099,2019-03-29 11:00:00,3,2019-03-29 12:00:00,0.06431,0.06431,0.06431,0.0,0.576448950724563,304.4417368870946,-0.0,12.424355708926555,0.0,292.017381178168,292.017381178168,0.0,0.0
2100,2019-03-29 12:00:00,3,2019-03-29 13:00:00,0.06431,0.06431,0.06431,0.0,0.5539410599475221,308.52495074068077,-0.0,16.507569562512742,0.0,292.017381178168,292.017381178168,0.0,0.0
2101,2019-03-29 13:00:00,3,2019-03-29 14:00:00,0.06431,0.06431,0.06431,0.0,0.5240360426241295,309.42181115211037,-0.0,17.404429973942342,0.0,292.017381178168,292.017381178168,0.0,0.0
2102,2019-03-29 14:00:00,3,2019-03-29 15:00:00,0.10531,0.10531,0.10531,0.0,0.4925062781785817,311.0313839095719,-0.0,19.014002731403878,0.0,292.017381178168,292.017381178168,0.0,0.0
2103,2019-03-29 15:00:00,3,2019-03-29 16:00:00,0.10531,0.10531,0.10531,0.0,0.45806062105647327,315.23533918296795,-0.0,23.217958004799925,0.0,292.017381178168,292.017381178168,0.0,0.0
2104,2019-03-29 16:00:00,3,2019-03-29 17:00:00,0.13592,0.13592,0.13592,0.0,0.41599910293183573,314.49993043225055,-0.0,202.03150481837335,0.0,112.4684256138772,112.4684256138772,0.0,0.0
2105,2019-03-29 17:00:00,3,2019-03-29 18:00:00,0.13592,0.13592,0.13592,0.0,0.05,245.58817659694827,-0.0,0.0,0.0,245.58817659694827,245.58817659694827,0.0,0.0
2106,2019-03-29 18:00:00,3,2019-03-29 19:00:00,0.13592,0.13592,0.13592,0.0,0.05,259.4263216534395,-0.0,0.0,0.0,259.4263216534395,259.4263216534395,0.0,1.0
2107,2019-03-29 19:00:00,3,2019-03-29 20:00:00,0.13592,0.13592,0.13592,0.0,0.05,236.3368651578426,-0.0,0.0,0.0,236.3368651578426,236.3368651578426,0.0,0.0
2108,2019-03-29 20:00:00,3,2019-03-29 21:00:00,0.13592,0.13592,0.13592,0.0,0.05,225.50936652835387,-0.0,0.0,0.0,225.50936652835387,225.50936652835387,0.0,0.0
2109,2019-03-29 21:00:00,3,2019-03-29 22:00:00,0.10531,0.10531,0.10531,0.0,0.05,206.52688809104987,-0.0,0.0,0.0,206.52688809104987,206.52688809104987,0.0,0.0
2110,2019-03-29 22:00:00,3,2019-03-29 23:00:00,0.10531,0.10531,0.10531,0.0,0.05,205.3108192171999,-0.0,0.0,0.0,205.3108192171999,205.3108192171999,0.0,0.0
2111,2019-03-29 23:00:00,3,2019-03-30 00:00:00,0.10531,0.10531,0.10531,0.0,0.05,202.42155867588144,-0.0,0.0,0.0,202.42155867588144,202.42155867588144,0.0,0.0
2112,2019-03-30 00:00:00,3,2019-03-30 01:00:00,0.10531,0.10531,0.10531,0.0,0.05,202.09088071012658,-89.92650046804144,0.0,0.0,292.017381178168,292.017381178168,0.0,1.0
2113,2019-03-30 01:00:00,3,2019-03-30 02:00:00,0.10531,0.10531,0.10531,0.0,0.18788730071766355,201.4072212840479,-90.61015989412013,0.0,0.0,292.017381178168,292.017381178168,0.0,1.0
2114,2019-03-30 02:00:00,3,2019-03-30 03:00:00,0.10531,0.10531,0.10531,0.0,0.3268228792219811,199.69796498990783,-92.31941618826019,0.0,0.0,292.017381178168,292.017381178168,0.0,1.0
2115,2019-03-30 03:00:00,3,2019-03-30 04:00:00,0.10531,0.10531,0.10531,0.0,0.46837931737731336,221.28731502074396,-70.73006615742406,0.0,0.0,292.017381178168,292.017381178168,0.0,1.0
2116,2019-03-30 04:00:00,3,2019-03-30 05:00:00,0.10531,0.10531,0.10531,0.0,0.5768320854853636,220.51215386427214,-71.50522731389589,0.0,0.0,292.017381178168,292.017381178168,0.0,1.0
2117,2019-03-30 05:00:00,3,2019-03-30 06:00:00,0.10531,0.10531,0.10531,0.0,0.6864734340333373,277.7604796633786,-14.256901514789433,0.0,0.0,292.017381178168,292.017381178168,0.0,1.0
2118,2019-03-30 06:00:00,3,2019-03-30 07:00:00,0.10531,0.10531,0.10531,0.0,0.7083340163560145,304.2878564439416,-0.0,12.270475265773598,0.0,292.017381178168,292.017381178168,0.0,0.0
2119,2019-03-30 07:00:00,3,2019-03-30 08:00:00,0.10531,0.10531,0.10531,0.0,0.6861048944977289,317.3294547150453,-0.0,25.31207353687728,0.0,292.017381178168,292.017381178168,0.0,0.0
2120,2019-03-30 08:00:00,3,2019-03-30 09:00:00,0.10531,0.10531,0.10531,0.0,0.6402496888149802,318.8138867514573,-0.0,26.796505573289267,0.0,292.017381178168,292.017381178168,0.0,0.0
2121,2019-03-30 09:00:00,3,2019-03-30 10:00:00,0.06431,0.06431,0.06431,0.0,0.5917052946604707,317.84197529892776,-0.0,25.82459412075974,0.0,292.017381178168,292.017381178168,0.0,0.0
2122,2019-03-30 10:00:00,3,2019-03-30 11:00:00,0.06431,0.06431,0.06431,0.0,0.5449216096590944,316.9032117501197,-0.0,24.885830571951658,0.0,292.017381178168,292.017381178168,0.0,0.0
2123,2019-03-30 11:00:00,3,2019-03-30 12:00:00,0.06431,0.06431,0.06431,0.0,0.49983858326063124,302.26252355452664,-0.0,10.245142376358615,0.0,292.017381178168,292.017381178168,0.0,0.0
2124,2019-03-30 12:00:00,3,2019-03-30 13:00:00,0.06431,0.06431,0.06431,0.0,0.48127854272374965,309.1404047228017,-0.0,17.123023544633668,0.0,292.017381178168,292.017381178168,0.0,0.0
2125,2019-03-30 13:00:00,3,2019-03-30 14:00:00,0.06431,0.06431,0.06431,0.0,0.4502585725341959,313.2701169765283,-0.0,21.252735798360277,0.0,292.017381178168,292.017381178168,0.0,0.0
2126,2019-03-30 14:00:00,3,2019-03-30 15:00:00,0.10531,0.10531,0.10531,0.0,0.41175723956615196,316.62578872977605,-0.0,24.608407551608025,0.0,292.017381178168,292.017381178168,0.0,0.0
2127,2019-03-30 15:00:00,3,2019-03-30 16:00:00,0.10531,0.10531,0.10531,0.0,0.3671767911030939,318.18037526267136,-0.0,26.16299408450334,0.0,292.017381178168,292.017381178168,0.0,0.0
2128,2019-03-30 16:00:00,3,2019-03-30 17:00:00,0.13592,0.13592,0.13592,0.0,0.3197800626891386,317.66242343133314,-0.0,148.91859460440455,0.0,168.7438288269286,168.7438288269286,0.0,0.0
2129,2019-03-30 17:00:00,3,2019-03-30 18:00:00,0.13592,0.13592,0.13592,0.0,0.05,240.28933357593,-0.0,0.0,0.0,240.28933357593,240.28933357593,0.0,0.0
2130,2019-03-30 18:00:00,3,2019-03-30 19:00:00,0.13592,0.13592,0.13592,0.0,0.05,245.62187130626052,-0.0,0.0,0.0,245.62187130626052,245.62187130626052,0.0,0.0
2131,2019-03-30 19:00:00,3,2019-03-30 20:00:00,0.13592,0.13592,0.13592,0.0,0.05,230.755872222532,-0.0,0.0,0.0,230.755872222532,230.755872222532,0.0,0.0
2132,2019-03-30 20:00:00,3,2019-03-30 21:00:00,0.13592,0.13592,0.13592,0.0,0.05,225.42559884390576,-0.0,0.0,0.0,225.42559884390576,225.42559884390576,0.0,0.0
2133,2019-03-30 21:00:00,3,2019-03-30 22:00:00,0.10531,0.10531,0.10531,0.0,0.05,209.57257959559635,-0.0,0.0,0.0,209.57257959559635,209.57257959559635,0.0,0.0
2134,2019-03-30 22:00:00,3,2019-03-30 23:00:00,0.10531,0.10531,0.10531,0.0,0.05,208.08299392170693,-0.0,0.0,0.0,208.08299392170693,208.08299392170693,0.0,0.0
2135,2019-03-30 23:00:00,3,2019-03-31 00:00:00,0.10531,0.10531,0.10531,0.0,0.05,203.2614722664816,-0.0,0.0,0.0,203.2614722664816,203.2614722664816,0.0,0.0
2136,2019-03-31 00:00:00,3,2019-03-31 01:00:00,0.10531,0.10531,0.10531,0.0,0.05,201.96555408854837,-90.05182708961965,0.0,0.0,292.017381178168,292.017381178168,0.0,1.0
2137,2019-03-31 01:00:00,3,2019-03-31 02:00:00,0.10531,0.10531,0.10531,0.0,0.18807946820408347,202.2026008893588,-89.81478028880923,0.0,0.0,292.017381178168,292.017381178168,0.0,1.0
2138,2019-03-31 02:00:00,3,2019-03-31 03:00:00,0.10531,0.10531,0.10531,0.0,0.3257954646469243,201.41230774886532,-90.6050734293027,0.0,0.0,292.017381178168,292.017381178168,0.0,1.0
2139,2019-03-31 03:00:00,3,2019-03-31 04:00:00,0.10531,0.10531,0.10531,0.0,0.4647232439051885,223.13417566030049,-68.88320551786754,0.0,0.0,292.017381178168,292.017381178168,0.0,1.0
2140,2019-03-31 04:00:00,3,2019-03-31 05:00:00,0.10531,0.10531,0.10531,0.0,0.5703441590325854,223.7667890934887,-68.25059208467931,0.0,0.0,292.017381178168,292.017381178168,0.0,1.0
2141,2019-03-31 05:00:00,3,2019-03-31 06:00:00,0.10531,0.10531,0.10531,0.0,0.6749950668957604,281.71573291257397,-10.301648265594054,0.0,0.0,292.017381178168,292.017381178168,0.0,1.0
2142,2019-03-31 06:00:00,3,2019-03-31 07:00:00,0.10531,0.10531,0.10531,0.0,0.6907909275696713,309.7641468754184,-0.0,17.746765697250396,0.0,292.017381178168,292.017381178168,0.0,0.0
2143,2019-03-31 07:00:00,3,2019-03-31 08:00:00,0.10531,0.10531,0.10531,0.0,0.6586409897123336,320.2444478287332,-0.0,28.227066650565177,0.0,292.017381178168,292.017381178168,0.0,0.0
2144,2019-03-31 08:00:00,3,2019-03-31 09:00:00,0.10531,0.10531,0.10531,0.0,0.6075049994033388,323.6094318212218,-0.0,31.592050643053767,0.0,292.017381178168,292.017381178168,0.0,0.0
2145,2019-03-31 09:00:00,3,2019-03-31 10:00:00,0.06431,0.06431,0.06431,0.0,0.5502730236007052,320.487765216782,-0.0,28.470384038613986,0.0,292.017381178168,292.017381178168,0.0,0.0
2146,2019-03-31 10:00:00,3,2019-03-31 11:00:00,0.06431,0.06431,0.06431,0.0,0.49869624092205667,314.81496829974657,-0.0,22.797587121578545,0.0,292.017381178168,292.017381178168,0.0,0.0
2147,2019-03-31 11:00:00,3,2019-03-31 12:00:00,0.06431,0.06431,0.06431,0.0,0.4573962642525303,300.2456507374125,-0.0,8.228269559244495,0.0,292.017381178168,292.017381178168,0.0,0.0
2148,2019-03-31 12:00:00,3,2019-03-31 13:00:00,0.06431,0.06431,0.06431,0.0,0.44248997881911645,311.67243804688775,-0.0,19.655056868719726,0.0,292.017381178168,292.017381178168,0.0,0.0
2149,2019-03-31 13:00:00,3,2019-03-31 14:00:00,0.06431,0.06431,0.06431,0.0,0.40688299173810244,316.34089821107307,-0.0,24.323517032905045,0.0,292.017381178168,292.017381178168,0.0,0.0
2150,2019-03-31 14:00:00,3,2019-03-31 15:00:00,0.10531,0.10531,0.10531,0.0,0.3628186492871875,317.9175610177312,-0.0,25.90017983956318,0.0,292.017381178168,292.017381178168,0.0,0.0
2151,2019-03-31 15:00:00,3,2019-03-31 16:00:00,0.10531,0.10531,0.10531,0.0,0.315898033635805,319.6467101386258,-0.0,27.62932896045777,0.0,292.017381178168,292.017381178168,0.0,0.0
2152,2019-03-31 16:00:00,3,2019-03-31 17:00:00,0.13592,0.13592,0.13592,0.0,0.2658449014610626,319.275846505194,-0.0,119.14638560650657,0.0,200.12946089868746,200.12946089868746,0.0,0.0
2153,2019-03-31 17:00:00,3,2019-03-31 18:00:00,0.13592,0.13592,0.13592,0.0,0.05,240.84335131182945,-0.0,0.0,0.0,240.84335131182945,240.84335131182945,0.0,0.0
2154,2019-03-31 18:00:00,3,2019-03-31 19:00:00,0.13592,0.13592,0.13592,0.0,0.05,257.8149960480355,-0.0,0.0,0.0,257.8149960480355,257.8149960480355,0.0,0.0
2155,2019-03-31 19:00:00,3,2019-03-31 20:00:00,0.13592,0.13592,0.13592,0.0,0.05,236.43844469753128,-0.0,0.0,0.0,236.43844469753128,236.43844469753128,0.0,0.0
2156,2019-03-31 20:00:00,3,2019-03-31 21:00:00,0.13592,0.13592,0.13592,0.0,0.05,225.3700203958793,-0.0,0.0,0.0,225.3700203958793,225.3700203958793,0.0,0.0
2157,2019-03-31 21:00:00,3,2019-03-31 22:00:00,0.10531,0.10531,0.10531,0.0,0.05,205.9333184536605,-0.0,0.0,0.0,205.9333184536605,205.9333184536605,0.0,0.0
2158,2019-03-31 22:00:00,3,2019-03-31 23:00:00,0.10531,0.10531,0.10531,0.0,0.05,205.16561865267892,-0.0,0.0,0.0,205.16561865267892,205.16561865267892,0.0,0.0
2159,2019-03-31 23:00:00,3,2019-04-01 00:00:00,0.10531,0.10531,0.10531,0.0,0.05,200.91315915679374,-0.0,0.0,0.0,200.91315915679374,200.91315915679374,0.0,0.0
2160,2019-04-01 00:00:00,4,2019-04-01 01:00:00,0.10531,0.10531,0.10531,0.0,0.05,199.6690564735034,-40.211505501981534,0.0,0.0,239.8805619754849,239.8805619754849,0.0,1.0
2161,2019-04-01 01:00:00,4,2019-04-01 02:00:00,0.10531,0.10531,0.10531,0.0,0.11165764176970502,199.44547061105732,-40.435091364427606,0.0,0.0,239.8805619754849,239.8805619754849,0.0,1.0
2162,2019-04-01 02:00:00,4,2019-04-01 03:00:00,0.10531,0.10531,0.10531,0.0,0.1736581151951607,198.97146094095152,-40.90910103453341,0.0,0.0,239.8805619754849,239.8805619754849,0.0,1.0
2163,2019-04-01 03:00:00,4,2019-04-01 04:00:00,0.10531,0.10531,0.10531,0.0,0.2363854034481119,201.57683927661552,-38.30372269886941,0.0,0.0,239.8805619754849,239.8805619754849,0.0,1.0
2164,2019-04-01 04:00:00,4,2019-04-01 05:00:00,0.10531,0.10531,0.10531,0.0,0.295117778253045,200.70710864557276,-39.173453329912164,0.0,0.0,239.8805619754849,239.8805619754849,0.0,1.0
2165,2019-04-01 05:00:00,4,2019-04-01 06:00:00,0.10531,0.10531,0.10531,0.0,0.355183740025577,216.79353615935625,-23.087025816128676,0.0,0.0,239.88056197548494,239.88056197548494,0.0,1.0
2166,2019-04-01 06:00:00,4,2019-04-01 07:00:00,0.10531,0.10531,0.10531,0.0,0.39058384627697434,244.50904065962797,-0.0,4.628478684143033,0.0,239.88056197548494,239.88056197548494,0.0,0.0
2167,2019-04-01 07:00:00,4,2019-04-01 08:00:00,0.10531,0.10531,0.10531,0.0,0.38219892112454135,246.3370882387171,-0.0,6.456526263232149,0.0,239.88056197548494,239.88056197548494,0.0,0.0
2168,2019-04-01 08:00:00,4,2019-04-01 09:00:00,0.10531,0.10531,0.10531,0.0,0.3705023155752078,278.09130940995647,-0.0,38.21074743447153,0.0,239.88056197548494,239.88056197548494,0.0,0.0
2169,2019-04-01 09:00:00,4,2019-04-01 10:00:00,0.06431,0.06431,0.06431,0.0,0.3012799470344985,280.20660373454547,-0.0,40.32604175906053,0.0,239.88056197548494,239.88056197548494,0.0,0.0
2170,2019-04-01 10:00:00,4,2019-04-01 11:00:00,0.06431,0.06431,0.06431,0.0,0.2282255235579396,276.781325104796,-0.0,36.90076312931106,0.0,239.88056197548494,239.88056197548494,0.0,0.0
2171,2019-04-01 11:00:00,4,2019-04-01 12:00:00,0.06431,0.06431,0.06431,0.0,0.16137631499034708,264.1730600354799,-0.0,24.292498059994983,0.0,239.88056197548494,239.88056197548494,0.0,0.0
2172,2019-04-01 12:00:00,4,2019-04-01 13:00:00,0.06431,0.06431,0.06431,0.0,0.11736816633093587,259.30057951486026,-0.0,19.420017539375326,0.0,239.88056197548485,239.88056197548485,0.0,0.0
2173,2019-04-01 13:00:00,4,2019-04-01 14:00:00,0.06431,0.06431,0.06431,0.0,0.08218697513641535,257.38748898273946,-0.0,17.506927007254543,0.0,239.88056197548485,239.88056197548485,0.0,0.0
2174,2019-04-01 14:00:00,4,2019-04-01 15:00:00,0.10531,0.10531,0.10531,0.0,0.05047152765950495,237.87760010269406,-2.0029618727907836,0.0,0.0,239.88056197548485,239.88056197548485,0.0,1.0
2175,2019-04-01 15:00:00,4,2019-04-01 16:00:00,0.10531,0.10531,0.10531,0.0,0.05354273586445082,241.83615217266188,-0.0,1.9555901971768546,0.0,239.88056197548485,239.88056197548485,0.0,0.0
2176,2019-04-01 16:00:00,4,2019-04-01 17:00:00,0.13592,0.13592,0.13592,0.0,0.05,239.138580249723,-0.0,0.0,0.0,239.13858024972282,239.13858024972282,0.0,0.0
2177,2019-04-01 17:00:00,4,2019-04-01 18:00:00,0.13592,0.13592,0.13592,0.0,0.049999999999999885,233.06822191169923,-0.0,0.0,0.0,233.06822191169923,233.06822191169923,0.0,0.0
2178,2019-04-01 18:00:00,4,2019-04-01 19:00:00,0.13592,0.13592,0.13592,0.0,0.05000000000000006,237.7434911066297,-0.0,0.0,0.0,237.7434911066297,237.7434911066297,0.0,0.0
2179,2019-04-01 19:00:00,4,2019-04-01 20:00:00,0.13592,0.13592,0.13592,0.0,0.05000000000000006,207.9891763743858,-0.0,1.7589675921242644e-14,0.0,207.98917637438578,207.98917637438578,0.0,0.0
2180,2019-04-01 20:00:00,4,2019-04-01 21:00:00,0.13592,0.13592,0.13592,0.0,0.05,207.20462400966346,-0.0,0.0,0.0,207.20462400966346,207.20462400966346,0.0,0.0
2181,2019-04-01 21:00:00,4,2019-04-01 22:00:00,0.10531,0.10531,0.10531,0.0,0.05,203.7350416497905,-0.0,0.0,0.0,203.7350416497905,203.7350416497905,0.0,0.0
2182,2019-04-01 22:00:00,4,2019-04-01 23:00:00,0.10531,0.10531,0.10531,0.0,0.05,202.9982930663935,-0.0,0.0,0.0,202.9982930663935,202.9982930663935,0.0,0.0
2183,2019-04-01 23:00:00,4,2019-04-02 00:00:00,0.10531,0.10531,0.10531,0.0,0.05,199.11346950813646,-0.0,0.0,0.0,199.11346950813646,199.11346950813646,0.0,0.0
2184,2019-04-02 00:00:00,4,2019-04-02 01:00:00,0.10531,0.10531,0.10531,0.0,0.05,196.14929067493264,-43.731271300552294,0.0,0.0,239.88056197548494,239.88056197548494,0.0,1.0
2185,2019-04-02 01:00:00,4,2019-04-02 02:00:00,0.10531,0.10531,0.10531,0.0,0.1170546159941802,194.3169690393584,-45.563592936126526,0.0,0.0,239.88056197548494,239.88056197548494,0.0,1.0
2186,2019-04-02 02:00:00,4,2019-04-02 03:00:00,0.10531,0.10531,0.10531,0.0,0.1869187918295742,194.59888963553698,-45.28167233994796,0.0,0.0,239.88056197548494,239.88056197548494,0.0,1.0
2187,2019-04-02 03:00:00,4,2019-04-02 04:00:00,0.10531,0.10531,0.10531,0.0,0.2563506894174944,196.66343721612952,-43.217124759355414,0.0,0.0,239.88056197548494,239.88056197548494,0.0,1.0
2188,2019-04-02 04:00:00,4,2019-04-02 05:00:00,0.10531,0.10531,0.10531,0.0,0.3226169473818394,196.19631306188683,-43.68424891359811,0.0,0.0,239.88056197548494,239.88056197548494,0.0,1.0
2189,2019-04-02 05:00:00,4,2019-04-02 06:00:00,0.10531,0.10531,0.10531,0.0,0.38959946238268983,213.74582402160863,-26.13473795387631,0.0,0.0,239.88056197548494,239.88056197548494,0.0,1.0
2190,2019-04-02 06:00:00,4,2019-04-02 07:00:00,0.10531,0.10531,0.10531,0.0,0.42967272724530026,211.83456691209705,-28.045995063387892,0.0,0.0,239.88056197548494,239.88056197548494,0.0,1.0
2191,2019-04-02 07:00:00,4,2019-04-02 08:00:00,0.10531,0.10531,0.10531,0.0,0.47267658634249493,231.796871143184,-8.083690832300931,0.0,0.0,239.88056197548494,239.88056197548494,0.0,1.0
2192,2019-04-02 08:00:00,4,2019-04-02 09:00:00,0.10531,0.10531,0.10531,0.0,0.485071578952023,234.4145060250072,-5.466055950477738,0.0,0.0,239.88056197548494,239.88056197548494,0.0,1.0
2193,2019-04-02 09:00:00,4,2019-04-02 10:00:00,0.06431,0.06431,0.06431,0.0,0.4934528647427555,238.97501634187506,-0.9055456336098757,0.0,0.0,239.88056197548494,239.88056197548494,0.0,1.0
2194,2019-04-02 10:00:00,4,2019-04-02 11:00:00,0.06431,0.06431,0.06431,0.0,0.4948413680476241,232.3033091984924,-7.5772527769925375,0.0,0.0,239.88056197548494,239.88056197548494,0.0,1.0
2195,2019-04-02 11:00:00,4,2019-04-02 12:00:00,0.06431,0.06431,0.06431,0.0,0.5064598223056793,229.30892183664562,-10.571640138839314,0.0,0.0,239.88056197548494,239.88056197548494,0.0,1.0
2196,2019-04-02 12:00:00,4,2019-04-02 13:00:00,0.06431,0.06431,0.06431,0.0,0.5226696705185663,228.8955167614307,-12.981391694706994,0.0,0.0,241.8769084561377,241.8769084561377,0.0,1.0
2197,2019-04-02 13:00:00,4,2019-04-02 14:00:00,0.06431,0.06431,0.06431,0.0,0.542574471117117,230.57415490546236,-11.302753550675343,0.0,0.0,241.8769084561377,241.8769084561377,0.0,1.0
2198,2019-04-02 14:00:00,4,2019-04-02 15:00:00,0.10531,0.10531,0.10531,0.0,0.5599053598948192,233.84471087878387,-8.032197577353836,0.0,0.0,241.8769084561377,241.8769084561377,0.0,1.0
2199,2019-04-02 15:00:00,4,2019-04-02 16:00:00,0.10531,0.10531,0.10531,0.0,0.572221396180095,230.2582728970484,-11.618635559089293,0.0,0.0,241.8769084561377,241.8769084561377,0.0,1.0
2200,2019-04-02 16:00:00,4,2019-04-02 17:00:00,0.13592,0.13592,0.13592,0.0,0.5900366373706987,220.6669653166919,-0.0,0.0,0.0,220.6669653166919,220.6669653166919,0.0,0.0
2201,2019-04-02 17:00:00,4,2019-04-02 18:00:00,0.13592,0.13592,0.13592,0.0,0.5900366373706987,211.90212734348322,-0.0,0.0,0.0,211.90212734348322,211.90212734348322,0.0,0.0
2202,2019-04-02 18:00:00,4,2019-04-02 19:00:00,0.13592,0.13592,0.13592,0.0,0.5900366373706987,211.62869597982217,-0.0,0.0,0.0,211.62869597982217,211.62869597982217,0.0,0.0
2203,2019-04-02 19:00:00,4,2019-04-02 20:00:00,0.13592,0.13592,0.13592,0.0,0.5900366373706987,203.60007596038204,-0.0,21.34984430316216,0.0,182.25023165721987,182.25023165721987,0.0,0.0
2204,2019-04-02 20:00:00,4,2019-04-02 21:00:00,0.13592,0.13592,0.13592,0.0,0.5513593831983034,202.84762440298306,-0.0,0.0,0.0,202.84762440298306,202.84762440298306,0.0,0.0
2205,2019-04-02 21:00:00,4,2019-04-02 22:00:00,0.10531,0.10531,0.10531,0.0,0.5513593831983034,201.0042568704391,-40.87265158569861,0.0,0.0,241.8769084561377,241.8769084561377,0.0,1.0
2206,2019-04-02 22:00:00,4,2019-04-02 23:00:00,0.10531,0.10531,0.10531,0.0,0.6140307822963745,201.10134397651703,-40.77556447962068,0.0,0.0,241.8769084561377,241.8769084561377,0.0,1.0
2207,2019-04-02 23:00:00,4,2019-04-03 00:00:00,0.10531,0.10531,0.10531,0.0,0.6765533144984596,197.74545192604143,-44.13145653009628,0.0,0.0,241.8769084561377,241.8769084561377,0.0,1.0
2208,2019-04-03 00:00:00,4,2019-04-03 01:00:00,0.10531,0.10531,0.10531,0.0,0.7442215478446073,200.41261654966942,-79.0694366554016,0.0,0.0,279.482053205071,279.482053205071,0.0,1.0
2209,2019-04-03 01:00:00,4,2019-04-03 02:00:00,0.10531,0.10531,0.10531,0.0,0.865461350716223,199.9423943664692,-29.759690446477286,0.0,0.0,229.70208481294648,229.70208481294648,0.0,1.0
2210,2019-04-03 02:00:00,4,2019-04-03 03:00:00,0.10531,0.10531,0.10531,0.0,0.9110928760674882,199.6704338430622,-0.0,0.0,0.0,199.6704338430622,199.6704338430622,0.0,0.0
2211,2019-04-03 03:00:00,4,2019-04-03 04:00:00,0.10531,0.10531,0.10531,0.0,0.9110928760674882,221.4991462925634,-57.982906912507616,0.0,0.0,279.482053205071,279.482053205071,0.0,1.0
2212,2019-04-03 04:00:00,4,2019-04-03 05:00:00,0.10531,0.10531,0.10531,0.0,1.0,221.04791721453776,-0.0,0.0,0.0,221.04791721453776,221.04791721453776,0.0,0.0
2213,2019-04-03 05:00:00,4,2019-04-03 06:00:00,0.10531,0.10531,0.10531,0.0,1.0,277.79070105386586,-0.0,0.0,0.0,277.79070105386586,277.79070105386586,0.0,0.0
2214,2019-04-03 06:00:00,4,2019-04-03 07:00:00,0.10531,0.10531,0.10531,0.0,1.0,306.44270870430427,-0.0,26.960655499233212,0.0,279.48205320507105,279.48205320507105,0.0,0.0
2215,2019-04-03 07:00:00,4,2019-04-03 08:00:00,0.10531,0.10531,0.10531,0.0,0.9511582327912443,318.0507954031005,-0.0,38.56874219802944,0.0,279.48205320507105,279.48205320507105,0.0,0.0
2216,2019-04-03 08:00:00,4,2019-04-03 09:00:00,0.10531,0.10531,0.10531,0.0,0.8812873230122052,329.09053603359644,-0.0,49.60848282852541,0.0,279.482053205071,279.482053205071,0.0,0.0
2217,2019-04-03 09:00:00,4,2019-04-03 10:00:00,0.06431,0.06431,0.06431,0.0,0.7914168831054563,332.372972314344,-0.0,52.89091910927297,0.0,279.482053205071,279.482053205071,0.0,0.0
2218,2019-04-03 10:00:00,4,2019-04-03 11:00:00,0.06431,0.06431,0.06431,0.0,0.6956000006611214,332.54462501876753,-0.0,53.06257181369651,0.0,279.482053205071,279.482053205071,0.0,0.0
2219,2019-04-03 11:00:00,4,2019-04-03 12:00:00,0.06431,0.06431,0.06431,0.0,0.5994721531725409,321.2460206649854,-0.0,41.7639674599144,0.0,279.482053205071,279.482053205071,0.0,0.0
2220,2019-04-03 12:00:00,4,2019-04-03 13:00:00,0.06431,0.06431,0.06431,0.0,0.5238127918321163,330.0937071695477,-0.0,50.6116539644767,0.0,279.482053205071,279.482053205071,0.0,0.0
2221,2019-04-03 13:00:00,4,2019-04-03 14:00:00,0.06431,0.06431,0.06431,0.0,0.4321250129109628,330.71766913226594,-0.0,51.23561592719493,0.0,279.482053205071,279.482053205071,0.0,0.0
2222,2019-04-03 14:00:00,4,2019-04-03 15:00:00,0.10531,0.10531,0.10531,0.0,0.3393068681153199,331.8131304839624,-0.0,52.331077278891414,0.0,279.482053205071,279.482053205071,0.0,0.0
2223,2019-04-03 15:00:00,4,2019-04-03 16:00:00,0.10531,0.10531,0.10531,0.0,0.24450419188544414,333.9322020610282,-0.0,54.45014885595717,0.0,279.482053205071,279.482053205071,0.0,0.0
2224,2019-04-03 16:00:00,4,2019-04-03 17:00:00,0.13592,0.13592,0.13592,0.0,0.14586261787102894,332.398218269879,-0.0,52.916165064807984,0.0,279.482053205071,279.482053205071,0.0,0.0
2225,2019-04-03 17:00:00,4,2019-04-03 18:00:00,0.13592,0.13592,0.13592,0.0,0.05,261.57795007755726,-0.0,0.0,0.0,261.57795007755726,261.57795007755726,0.0,1.0
2226,2019-04-03 18:00:00,4,2019-04-03 19:00:00,0.13592,0.13592,0.13592,0.0,0.05,262.1618670611178,-0.0,0.0,0.0,262.1618670611178,262.1618670611178,0.0,0.0
2227,2019-04-03 19:00:00,4,2019-04-03 20:00:00,0.13592,0.13592,0.13592,0.0,0.05,229.63904191229776,-0.0,0.0,0.0,229.63904191229776,229.63904191229776,0.0,0.0
2228,2019-04-03 20:00:00,4,2019-04-03 21:00:00,0.13592,0.13592,0.13592,0.0,0.05,219.51964072493408,-0.0,0.0,0.0,219.51964072493408,219.51964072493408,0.0,0.0
2229,2019-04-03 21:00:00,4,2019-04-03 22:00:00,0.10531,0.10531,0.10531,0.0,0.05,202.32183333531808,-77.16021986975294,0.0,0.0,279.482053205071,279.482053205071,0.0,1.0
2230,2019-04-03 22:00:00,4,2019-04-03 23:00:00,0.10531,0.10531,0.10531,0.0,0.16831233713362118,202.20473325144383,-77.27731995362718,0.0,0.0,279.482053205071,279.482053205071,0.0,1.0
2231,2019-04-03 23:00:00,4,2019-04-04 00:00:00,0.10531,0.10531,0.10531,0.0,0.28680422772918285,198.7328173317324,-77.74717622244141,0.0,0.0,276.4799935541738,276.4799935541738,0.0,1.0
2232,2019-04-04 00:00:00,4,2019-04-04 01:00:00,0.10531,0.10531,0.10531,0.0,0.40601656460359303,198.51320281094084,-80.96885039413021,0.0,0.0,279.48205320507105,279.48205320507105,0.0,1.0
2233,2019-04-04 01:00:00,4,2019-04-04 02:00:00,0.10531,0.10531,0.10531,0.0,0.5301688018745927,198.90255954302262,-80.57949366204843,0.0,0.0,279.48205320507105,279.48205320507105,0.0,1.0
2234,2019-04-04 02:00:00,4,2019-04-04 03:00:00,0.10531,0.10531,0.10531,0.0,0.6537240254897336,199.5243432851607,-79.95770991991034,0.0,0.0,279.48205320507105,279.48205320507105,0.0,1.0
2235,2019-04-04 03:00:00,4,2019-04-04 04:00:00,0.10531,0.10531,0.10531,0.0,0.7763258473669296,221.37441053813296,-58.10764266693809,0.0,0.0,279.48205320507105,279.48205320507105,0.0,1.0
2236,2019-04-04 04:00:00,4,2019-04-04 05:00:00,0.10531,0.10531,0.10531,0.0,0.8654242327895679,222.38374510107036,-57.098308104000694,0.0,0.0,279.48205320507105,279.48205320507105,0.0,1.0
2237,2019-04-04 05:00:00,4,2019-04-04 06:00:00,0.10531,0.10531,0.10531,0.0,0.9529749718823689,275.8963945831145,-3.5856586219565543,0.0,0.0,279.48205320507105,279.48205320507105,0.0,1.0
2238,2019-04-04 06:00:00,4,2019-04-04 07:00:00,0.10531,0.10531,0.10531,0.0,0.9584729817693691,303.02095174657495,-0.0,23.538898541503897,0.0,279.48205320507105,279.48205320507105,0.0,0.0
2239,2019-04-04 07:00:00,4,2019-04-04 08:00:00,0.10531,0.10531,0.10531,0.0,0.9158300496289634,313.73685220212036,-0.0,34.254798997049306,0.0,279.48205320507105,279.48205320507105,0.0,0.0
2240,2019-04-04 08:00:00,4,2019-04-04 09:00:00,0.10531,0.10531,0.10531,0.0,0.8537742543444538,325.0190868238385,-0.0,45.53703361876745,0.0,279.48205320507105,279.48205320507105,0.0,0.0
2241,2019-04-04 09:00:00,4,2019-04-04 10:00:00,0.06431,0.06431,0.06431,0.0,0.7712796282234983,329.4244714442968,-0.0,49.94241823922573,0.0,279.48205320507105,279.48205320507105,0.0,0.0
2242,2019-04-04 10:00:00,4,2019-04-04 11:00:00,0.06431,0.06431,0.06431,0.0,0.6808042328625821,331.84100114554457,-0.0,52.35894794047351,0.0,279.48205320507105,279.48205320507105,0.0,0.0
2243,2019-04-04 11:00:00,4,2019-04-04 12:00:00,0.06431,0.06431,0.06431,0.0,0.5859510663037533,321.7340089660844,-0.0,42.251955761013335,0.0,279.48205320507105,279.48205320507105,0.0,0.0
2244,2019-04-04 12:00:00,4,2019-04-04 13:00:00,0.06431,0.06431,0.06431,0.0,0.5094076681859754,329.1885045588271,-0.0,49.70645135375605,0.0,279.48205320507105,279.48205320507105,0.0,0.0
2245,2019-04-04 13:00:00,4,2019-04-04 14:00:00,0.06431,0.06431,0.06431,0.0,0.4193597490668522,326.466808959598,-0.0,46.98475575452693,0.0,279.48205320507105,279.48205320507105,0.0,0.0
2246,2019-04-04 14:00:00,4,2019-04-04 15:00:00,0.10531,0.10531,0.10531,0.0,0.3342424379173469,324.1635331417661,-0.0,44.68147993669504,0.0,279.48205320507105,279.48205320507105,0.0,0.0
2247,2019-04-04 15:00:00,4,2019-04-04 16:00:00,0.10531,0.10531,0.10531,0.0,0.25329772788710225,326.81046656480436,-0.0,47.328413359733304,0.0,279.48205320507105,279.48205320507105,0.0,0.0
2248,2019-04-04 16:00:00,4,2019-04-04 17:00:00,0.13592,0.13592,0.13592,0.0,0.1675578486122231,327.92064409597094,-0.0,64.89193243394715,0.0,263.0287116620238,263.0287116620238,0.0,0.0
2249,2019-04-04 17:00:00,4,2019-04-04 18:00:00,0.13592,0.13592,0.13592,0.0,0.05,263.4554222691488,-0.0,0.0,0.0,263.4554222691488,263.4554222691488,0.0,1.0
2250,2019-04-04 18:00:00,4,2019-04-04 19:00:00,0.13592,0.13592,0.13592,0.0,0.05,265.53691476941725,-0.0,0.0,0.0,265.53691476941725,265.53691476941725,0.0,0.0
2251,2019-04-04 19:00:00,4,2019-04-04 20:00:00,0.13592,0.13592,0.13592,0.0,0.05,230.92275447918738,-0.0,0.0,0.0,230.92275447918738,230.92275447918738,0.0,0.0
2252,2019-04-04 20:00:00,4,2019-04-04 21:00:00,0.13592,0.13592,0.13592,0.0,0.05,220.5453572546487,-0.0,0.0,0.0,220.5453572546487,220.5453572546487,0.0,0.0
2253,2019-04-04 21:00:00,4,2019-04-04 22:00:00,0.10531,0.10531,0.10531,0.0,0.05,203.39073928387043,-76.09131392120062,0.0,0.0,279.48205320507105,279.48205320507105,0.0,1.0
2254,2019-04-04 22:00:00,4,2019-04-04 23:00:00,0.10531,0.10531,0.10531,0.0,0.16667334801250763,201.8542889443781,-77.62776426069294,0.0,0.0,279.48205320507105,279.48205320507105,0.0,1.0
2255,2019-04-04 23:00:00,4,2019-04-05 00:00:00,0.10531,0.10531,0.10531,0.0,0.2857025865455701,198.4780727115031,-16.03019286137503,0.0,0.0,214.50826557287814,214.50826557287814,0.0,1.0
2256,2019-04-05 00:00:00,4,2019-04-05 01:00:00,0.10531,0.10531,0.10531,0.0,0.3102822155996785,198.80260690976553,-80.67944629530552,0.0,0.0,279.48205320507105,279.48205320507105,0.0,1.0
2257,2019-04-05 01:00:00,4,2019-04-05 02:00:00,0.10531,0.10531,0.10531,0.0,0.433990699919147,199.03035434298232,-80.45169886208873,0.0,0.0,279.48205320507105,279.48205320507105,0.0,1.0
2258,2019-04-05 02:00:00,4,2019-04-05 03:00:00,0.10531,0.10531,0.10531,0.0,0.5573499715076831,199.357913401716,-80.12413980335506,0.0,0.0,279.48205320507105,279.48205320507105,0.0,1.0
2259,2019-04-05 03:00:00,4,2019-04-05 04:00:00,0.10531,0.10531,0.10531,0.0,0.6802069858728275,221.34192999522315,-58.1401232098479,0.0,0.0,279.48205320507105,279.48205320507105,0.0,1.0
2260,2019-04-05 04:00:00,4,2019-04-05 05:00:00,0.10531,0.10531,0.10531,0.0,0.7693551747945943,222.49746826284053,-56.984584942230526,0.0,0.0,279.48205320507105,279.48205320507105,0.0,1.0
2261,2019-04-05 05:00:00,4,2019-04-05 06:00:00,0.10531,0.10531,0.10531,0.0,0.856731538372681,276.33147653324176,-3.150576671829299,0.0,0.0,279.48205320507105,279.48205320507105,0.0,1.0
2262,2019-04-05 06:00:00,4,2019-04-05 07:00:00,0.10531,0.10531,0.10531,0.0,0.8615624226028195,304.25829466724815,-0.0,24.776241462177097,0.0,279.48205320507105,279.48205320507105,0.0,0.0
2263,2019-04-05 07:00:00,4,2019-04-05 08:00:00,0.10531,0.10531,0.10531,0.0,0.8166779272003246,314.73866569335894,-0.0,35.256612488287885,0.0,279.48205320507105,279.48205320507105,0.0,0.0
2264,2019-04-05 08:00:00,4,2019-04-05 09:00:00,0.10531,0.10531,0.10531,0.0,0.7528072524027016,327.63899985450297,-0.0,48.156946649431916,0.0,279.48205320507105,279.48205320507105,0.0,0.0
2265,2019-04-05 09:00:00,4,2019-04-05 10:00:00,0.06431,0.06431,0.06431,0.0,0.6655664070232961,331.10026380836604,-0.0,51.61821060329498,0.0,279.48205320507105,279.48205320507105,0.0,0.0
2266,2019-04-05 10:00:00,4,2019-04-05 11:00:00,0.06431,0.06431,0.06431,0.0,0.5720551559303704,327.779097852394,-0.0,48.297044647322934,0.0,279.48205320507105,279.48205320507105,0.0,0.0
2267,2019-04-05 11:00:00,4,2019-04-05 12:00:00,0.06431,0.06431,0.06431,0.0,0.48456050983014765,312.494333345498,-0.0,33.012280140426924,0.0,279.48205320507105,279.48205320507105,0.0,0.0
2268,2019-04-05 12:00:00,4,2019-04-05 13:00:00,0.06431,0.06431,0.06431,0.0,0.4247556545032873,317.6244495333658,-0.0,38.14239632829475,0.0,279.48205320507105,279.48205320507105,0.0,0.0
2269,2019-04-05 13:00:00,4,2019-04-05 14:00:00,0.06431,0.06431,0.06431,0.0,0.3556571104302895,317.1560401515961,-0.0,37.67398694652502,0.0,279.48205320507105,279.48205320507105,0.0,0.0
2270,2019-04-05 14:00:00,4,2019-04-05 15:00:00,0.10531,0.10531,0.10531,0.0,0.28740713407788915,316.52226921399733,-0.0,37.04021600892628,0.0,279.48205320507105,279.48205320507105,0.0,0.0
2271,2019-04-05 15:00:00,4,2019-04-05 16:00:00,0.10531,0.10531,0.10531,0.0,0.22030529348200825,318.491112802542,-0.0,39.00905959747092,0.0,279.48205320507105,279.48205320507105,0.0,0.0
2272,2019-04-05 16:00:00,4,2019-04-05 17:00:00,0.13592,0.13592,0.13592,0.0,0.14963670725470585,319.62378036574046,-0.0,40.141727160669404,0.0,279.48205320507105,279.48205320507105,0.0,0.0
2273,2019-04-05 17:00:00,4,2019-04-05 18:00:00,0.13592,0.13592,0.13592,0.0,0.07691618703610187,255.5444404405251,-0.0,0.0,0.0,255.5444404405251,255.5444404405251,0.0,0.0
2274,2019-04-05 18:00:00,4,2019-04-05 19:00:00,0.13592,0.13592,0.13592,0.0,0.07691618703610187,260.4216055681041,-0.0,0.0,0.0,260.4216055681041,260.4216055681041,0.0,0.0
2275,2019-04-05 19:00:00,4,2019-04-05 20:00:00,0.13592,0.13592,0.13592,0.0,0.07691618703610187,234.11911960411973,-0.0,14.85773524392823,0.0,219.2613843601915,219.2613843601915,0.0,0.0
2276,2019-04-05 20:00:00,4,2019-04-05 21:00:00,0.13592,0.13592,0.13592,0.0,0.05,223.5557934886501,-0.0,0.0,0.0,223.5557934886501,223.5557934886501,0.0,0.0
2277,2019-04-05 21:00:00,4,2019-04-05 22:00:00,0.10531,0.10531,0.10531,0.0,0.05,204.56754399456563,-0.0,0.0,0.0,204.56754399456563,204.56754399456563,0.0,0.0
2278,2019-04-05 22:00:00,4,2019-04-05 23:00:00,0.10531,0.10531,0.10531,0.0,0.05,203.47381206124174,-0.0,0.0,0.0,203.47381206124174,203.47381206124174,0.0,0.0
2279,2019-04-05 23:00:00,4,2019-04-06 00:00:00,0.10531,0.10531,0.10531,0.0,0.05,199.5432122849739,-79.93884092009716,0.0,0.0,279.48205320507105,279.48205320507105,0.0,1.0
2280,2019-04-06 00:00:00,4,2019-04-06 01:00:00,0.10531,0.10531,0.10531,0.0,0.17257288941081567,199.2322251453917,-83.1265033815589,0.0,0.0,282.3587285269506,282.3587285269506,0.0,1.0
2281,2019-04-06 01:00:00,4,2019-04-06 02:00:00,0.10531,0.10531,0.10531,0.0,0.300033527929206,198.50250266885118,-83.85622585809944,0.0,0.0,282.3587285269506,282.3587285269506,0.0,1.0
2282,2019-04-06 02:00:00,4,2019-04-06 03:00:00,0.10531,0.10531,0.10531,0.0,0.4286130742449584,197.78341641930342,-84.57531210764719,0.0,0.0,282.3587285269506,282.3587285269506,0.0,1.0
2283,2019-04-06 03:00:00,4,2019-04-06 04:00:00,0.10531,0.10531,0.10531,0.0,0.5582952194766841,220.3605281682908,-61.9982003586598,0.0,0.0,282.3587285269506,282.3587285269506,0.0,1.0
2284,2019-04-06 04:00:00,4,2019-04-06 05:00:00,0.10531,0.10531,0.10531,0.0,0.6533591266932959,220.8681044156375,-61.49062411131311,0.0,0.0,282.3587285269506,282.3587285269506,0.0,1.0
2285,2019-04-06 05:00:00,4,2019-04-06 06:00:00,0.10531,0.10531,0.10531,0.0,0.7476447503306427,277.6750446297024,-4.68368389724819,0.0,0.0,282.35872852695064,282.35872852695064,0.0,1.0
2286,2019-04-06 06:00:00,4,2019-04-06 07:00:00,0.10531,0.10531,0.10531,0.0,0.7548263989730899,304.16823681976916,-0.0,21.80950829281852,0.0,282.35872852695064,282.35872852695064,0.0,0.0
2287,2019-04-06 07:00:00,4,2019-04-06 08:00:00,0.10531,0.10531,0.10531,0.0,0.7153164201817519,318.42313800033435,-0.0,36.064409473383705,0.0,282.35872852695064,282.35872852695064,0.0,0.0
2288,2019-04-06 08:00:00,4,2019-04-06 09:00:00,0.10531,0.10531,0.10531,0.0,0.6499823450488103,329.23972195382845,-0.0,46.880993426877836,0.0,282.3587285269506,282.3587285269506,0.0,0.0
2289,2019-04-06 09:00:00,4,2019-04-06 10:00:00,0.06431,0.06431,0.06431,0.0,0.5650530091305532,322.077747487549,-0.0,39.71901896059836,0.0,282.35872852695064,282.35872852695064,0.0,0.0
2290,2019-04-06 10:00:00,4,2019-04-06 11:00:00,0.06431,0.06431,0.06431,0.0,0.4930982646367156,318.50998899312407,-0.0,36.151260466173426,0.0,282.35872852695064,282.35872852695064,0.0,0.0
2291,2019-04-06 11:00:00,4,2019-04-06 12:00:00,0.06431,0.06431,0.06431,0.0,0.4276068507487201,305.66041730930226,-0.0,23.30168878235162,0.0,282.35872852695064,282.35872852695064,0.0,0.0
2292,2019-04-06 12:00:00,4,2019-04-06 13:00:00,0.06431,0.06431,0.06431,0.0,0.3853936464328657,314.08169208404655,-0.0,31.722963557095934,0.0,282.3587285269506,282.3587285269506,0.0,0.0
2293,2019-04-06 13:00:00,4,2019-04-06 14:00:00,0.06431,0.06431,0.06431,0.0,0.3279245095540687,314.67654452087197,-0.0,32.31781599392137,0.0,282.3587285269506,282.3587285269506,0.0,0.0
2294,2019-04-06 14:00:00,4,2019-04-06 15:00:00,0.10531,0.10531,0.10531,0.0,0.2693777414491387,318.49082590574403,-0.0,36.13209737879343,0.0,282.3587285269506,282.3587285269506,0.0,0.0
2295,2019-04-06 15:00:00,4,2019-04-06 16:00:00,0.10531,0.10531,0.10531,0.0,0.20392104329915056,323.1373174641562,-0.0,40.77858893720557,0.0,282.3587285269506,282.3587285269506,0.0,0.0
2296,2019-04-06 16:00:00,4,2019-04-06 17:00:00,0.13592,0.13592,0.13592,0.0,0.13004678797812605,326.5445554908762,-0.0,44.18582696392558,0.0,282.3587285269506,282.3587285269506,0.0,0.0
2297,2019-04-06 17:00:00,4,2019-04-06 18:00:00,0.13592,0.13592,0.13592,0.0,0.05,264.3278886733044,-0.0,0.0,0.0,264.3278886733044,264.3278886733044,0.0,1.0
2298,2019-04-06 18:00:00,4,2019-04-06 19:00:00,0.13592,0.13592,0.13592,0.0,0.05,266.960014677457,-0.0,0.0,0.0,266.960014677457,266.960014677457,0.0,0.0
2299,2019-04-06 19:00:00,4,2019-04-06 20:00:00,0.13592,0.13592,0.13592,0.0,0.05,232.07828763273227,-0.0,0.0,0.0,232.07828763273227,232.07828763273227,0.0,0.0
2300,2019-04-06 20:00:00,4,2019-04-06 21:00:00,0.13592,0.13592,0.13592,0.0,0.05,221.19972432335248,-0.0,0.0,0.0,221.19972432335248,221.19972432335248,0.0,0.0
2301,2019-04-06 21:00:00,4,2019-04-06 22:00:00,0.10531,0.10531,0.10531,0.0,0.05,204.9282184140661,-77.4305101128845,0.0,0.0,282.3587285269506,282.3587285269506,0.0,1.0
2302,2019-04-06 22:00:00,4,2019-04-06 23:00:00,0.10531,0.10531,0.10531,0.0,0.1687267821730896,206.96880825802862,-75.38992026892198,0.0,0.0,282.3587285269506,282.3587285269506,0.0,1.0
2303,2019-04-06 23:00:00,4,2019-04-07 00:00:00,0.10531,0.10531,0.10531,0.0,0.28432465991876993,204.47838800493417,-0.0,0.0,0.0,204.47838800493417,204.47838800493417,0.0,0.0
2304,2019-04-07 00:00:00,4,2019-04-07 01:00:00,0.10531,0.10531,0.10531,0.0,0.28432465991876993,204.37333215328312,-82.89845672956335,0.0,0.0,287.27178888284647,287.27178888284647,0.0,1.0
2305,2019-04-07 01:00:00,4,2019-04-07 02:00:00,0.10531,0.10531,0.10531,0.0,0.4114356269041004,204.0221119602948,-83.24967692255166,0.0,0.0,287.27178888284647,287.27178888284647,0.0,1.0
2306,2019-04-07 02:00:00,4,2019-04-07 03:00:00,0.10531,0.10531,0.10531,0.0,0.5390851315186796,205.6329737123433,-81.63881517050316,0.0,0.0,287.27178888284647,287.27178888284647,0.0,1.0
2307,2019-04-07 03:00:00,4,2019-04-07 04:00:00,0.10531,0.10531,0.10531,0.0,0.6642646481134511,227.45595003916046,-59.81583884368601,0.0,0.0,287.27178888284647,287.27178888284647,0.0,1.0
2308,2019-04-07 04:00:00,4,2019-04-07 05:00:00,0.10531,0.10531,0.10531,0.0,0.7559822676737696,226.54184801242678,-60.72994087041968,0.0,0.0,287.27178888284647,287.27178888284647,0.0,1.0
2309,2019-04-07 05:00:00,4,2019-04-07 06:00:00,0.10531,0.10531,0.10531,0.0,0.8491015103417465,282.82583428563584,-4.445954597210628,0.0,0.0,287.27178888284647,287.27178888284647,0.0,1.0
2310,2019-04-07 06:00:00,4,2019-04-07 07:00:00,0.10531,0.10531,0.10531,0.0,0.8559186407241361,310.7928328867805,-0.0,23.521044003934037,0.0,287.27178888284647,287.27178888284647,0.0,0.0
2311,2019-04-07 07:00:00,4,2019-04-07 08:00:00,0.10531,0.10531,0.10531,0.0,0.8133080537604874,321.41376263979294,-0.0,34.14197375694647,0.0,287.27178888284647,287.27178888284647,0.0,0.0
2312,2019-04-07 08:00:00,4,2019-04-07 09:00:00,0.10531,0.10531,0.10531,0.0,0.7514566520268888,330.9694257527579,-0.0,43.697636869911435,0.0,287.27178888284647,287.27178888284647,0.0,0.0
2313,2019-04-07 09:00:00,4,2019-04-07 10:00:00,0.06431,0.06431,0.06431,0.0,0.6722942663929913,334.2056228082007,-0.0,46.933833925354236,0.0,287.27178888284647,287.27178888284647,0.0,0.0
2314,2019-04-07 10:00:00,4,2019-04-07 11:00:00,0.06431,0.06431,0.06431,0.0,0.5872692049340162,334.89797907234777,-0.0,47.6261901895013,0.0,287.27178888284647,287.27178888284647,0.0,0.0
2315,2019-04-07 11:00:00,4,2019-04-07 12:00:00,0.06431,0.06431,0.06431,0.0,0.5009898748805719,323.5019001917168,-0.0,36.230111308870335,0.0,287.27178888284647,287.27178888284647,0.0,0.0
2316,2019-04-07 12:00:00,4,2019-04-07 13:00:00,0.06431,0.06431,0.06431,0.0,0.4353556152630533,328.2185846561967,-0.0,40.94679577335022,0.0,287.27178888284647,287.27178888284647,0.0,0.0
2317,2019-04-07 13:00:00,4,2019-04-07 14:00:00,0.06431,0.06431,0.06431,0.0,0.3611766374127811,326.80739591194435,-0.0,39.53560702909789,0.0,287.27178888284647,287.27178888284647,0.0,0.0
2318,2019-04-07 14:00:00,4,2019-04-07 15:00:00,0.10531,0.10531,0.10531,0.0,0.28955416091079217,328.1220977415381,-0.0,40.85030885869162,0.0,287.27178888284647,287.27178888284647,0.0,0.0
2319,2019-04-07 15:00:00,4,2019-04-07 16:00:00,0.10531,0.10531,0.10531,0.0,0.21554997819577096,331.6481528379752,-0.0,44.37636395512874,0.0,287.27178888284647,287.27178888284647,0.0,0.0
2320,2019-04-07 16:00:00,4,2019-04-07 17:00:00,0.13592,0.13592,0.13592,0.0,0.1351580145089436,334.27901289178334,-0.0,47.00722400893687,0.0,287.27178888284647,287.27178888284647,0.0,0.0
2321,2019-04-07 17:00:00,4,2019-04-07 18:00:00,0.13592,0.13592,0.13592,0.0,0.05,264.3427570282254,-0.0,0.0,0.0,264.3427570282254,264.3427570282254,0.0,1.0
2322,2019-04-07 18:00:00,4,2019-04-07 19:00:00,0.13592,0.13592,0.13592,0.0,0.05,263.3643114018357,-0.0,0.0,0.0,263.3643114018357,263.3643114018357,0.0,0.0
2323,2019-04-07 19:00:00,4,2019-04-07 20:00:00,0.13592,0.13592,0.13592,0.0,0.05,230.20595219106931,-0.0,0.0,0.0,230.20595219106931,230.20595219106931,0.0,0.0
2324,2019-04-07 20:00:00,4,2019-04-07 21:00:00,0.13592,0.13592,0.13592,0.0,0.05,219.53157446242724,-0.0,0.0,0.0,219.53157446242724,219.53157446242724,0.0,0.0
2325,2019-04-07 21:00:00,4,2019-04-07 22:00:00,0.10531,0.10531,0.10531,0.0,0.05,203.27210953307937,-0.0,0.0,0.0,203.27210953307937,203.27210953307937,0.0,0.0
2326,2019-04-07 22:00:00,4,2019-04-07 23:00:00,0.10531,0.10531,0.10531,0.0,0.05,202.82701292664453,-0.0,0.0,0.0,202.82701292664453,202.82701292664453,0.0,0.0
2327,2019-04-07 23:00:00,4,2019-04-08 00:00:00,0.10531,0.10531,0.10531,0.0,0.05,199.61927820753579,-0.0,0.0,0.0,199.61927820753579,199.61927820753579,0.0,0.0
2328,2019-04-08 00:00:00,4,2019-04-08 01:00:00,0.10531,0.10531,0.10531,0.0,0.05,198.89507957367618,-80.54999305885181,0.0,0.0,279.44507263252797,279.44507263252797,0.0,1.0
2329,2019-04-08 01:00:00,4,2019-04-08 02:00:00,0.10531,0.10531,0.10531,0.0,0.17350998935690612,198.37587347070902,-88.89591541213744,0.0,0.0,287.27178888284647,287.27178888284647,0.0,1.0
2330,2019-04-08 02:00:00,4,2019-04-08 03:00:00,0.10531,0.10531,0.10531,0.0,0.30981705965551687,197.87009964533226,-0.0,0.0,0.0,197.87009964533226,197.87009964533226,0.0,0.0
2331,2019-04-08 03:00:00,4,2019-04-08 04:00:00,0.10531,0.10531,0.10531,0.0,0.30981705965551687,200.33819621752352,-86.93359266532295,0.0,0.0,287.27178888284647,287.27178888284647,0.0,1.0
2332,2019-04-08 04:00:00,4,2019-04-08 05:00:00,0.10531,0.10531,0.10531,0.0,0.4431152350756787,201.34078845209018,-85.93100043075628,0.0,0.0,287.27178888284647,287.27178888284647,0.0,1.0
2333,2019-04-08 05:00:00,4,2019-04-08 06:00:00,0.10531,0.10531,0.10531,0.0,0.5748761024028384,220.15679672728785,-67.11499215555861,0.0,0.0,287.27178888284647,287.27178888284647,0.0,1.0
2334,2019-04-08 06:00:00,4,2019-04-08 07:00:00,0.10531,0.10531,0.10531,0.0,0.6777857570413616,248.43048715316564,-38.84130172968082,0.0,0.0,287.27178888284647,287.27178888284647,0.0,1.0
2335,2019-04-08 07:00:00,4,2019-04-08 08:00:00,0.10531,0.10531,0.10531,0.0,0.7373424196935389,251.04254092630953,-36.22924795653694,0.0,0.0,287.27178888284647,287.27178888284647,0.0,1.0
2336,2019-04-08 08:00:00,4,2019-04-08 09:00:00,0.10531,0.10531,0.10531,0.0,0.7928939332268955,278.65358321729036,-8.618205665556104,0.0,0.0,287.27178888284647,287.27178888284647,0.0,1.0
2337,2019-04-08 09:00:00,4,2019-04-08 10:00:00,0.06431,0.06431,0.06431,0.0,0.8061085152474149,281.759889971925,-5.511898910921445,0.0,0.0,287.27178888284647,287.27178888284647,0.0,1.0
2338,2019-04-08 10:00:00,4,2019-04-08 11:00:00,0.06431,0.06431,0.06431,0.0,0.8145600935774944,282.6868009629185,-4.584987919927983,0.0,0.0,287.27178888284647,287.27178888284647,0.0,1.0
2339,2019-04-08 11:00:00,4,2019-04-08 12:00:00,0.06431,0.06431,0.06431,0.0,0.8215904083880506,271.6372488942614,-15.634539988585061,0.0,0.0,287.27178888284647,287.27178888284647,0.0,1.0
2340,2019-04-08 12:00:00,4,2019-04-08 13:00:00,0.06431,0.06431,0.06431,0.0,0.845563369703881,269.690812930954,-17.58097595189247,0.0,0.0,287.27178888284647,287.27178888284647,0.0,1.0
2341,2019-04-08 13:00:00,4,2019-04-08 14:00:00,0.06431,0.06431,0.06431,0.0,0.8725208661634495,272.44527761903214,-14.826511263814325,0.0,0.0,287.27178888284647,287.27178888284647,0.0,1.0
2342,2019-04-08 14:00:00,4,2019-04-08 15:00:00,0.10531,0.10531,0.10531,0.0,0.895254850101298,251.75014850082374,-35.521640382022724,0.0,0.0,287.27178888284647,287.27178888284647,0.0,1.0
2343,2019-04-08 15:00:00,4,2019-04-08 16:00:00,0.10531,0.10531,0.10531,0.0,0.949721365353733,254.48137498310712,-32.79041389973935,0.0,0.0,287.27178888284647,287.27178888284647,0.0,1.0
2344,2019-04-08 16:00:00,4,2019-04-08 17:00:00,0.13592,0.13592,0.13592,0.0,1.0,245.00898519626787,-0.0,245.00898519626787,0.0,0.0,0.0,0.0,0.0
2345,2019-04-08 17:00:00,4,2019-04-08 18:00:00,0.13592,0.13592,0.13592,0.0,0.5561431427603842,234.06329344883486,-0.0,234.06329344883486,0.0,0.0,0.0,0.0,0.0
2346,2019-04-08 18:00:00,4,2019-04-08 19:00:00,0.13592,0.13592,0.13592,0.0,0.13211543723713273,232.7552835400908,-0.0,45.327721354897264,0.0,187.42756218519355,187.42756218519355,0.0,0.0
2347,2019-04-08 19:00:00,4,2019-04-08 20:00:00,0.13592,0.13592,0.13592,0.0,0.05,205.75466212710646,-0.0,0.0,0.0,205.75466212710646,205.75466212710646,0.0,0.0
2348,2019-04-08 20:00:00,4,2019-04-08 21:00:00,0.13592,0.13592,0.13592,0.0,0.05,204.91725362538998,-0.0,0.0,0.0,204.91725362538998,204.91725362538998,0.0,0.0
2349,2019-04-08 21:00:00,4,2019-04-08 22:00:00,0.10531,0.10531,0.10531,0.0,0.05,202.45111579244994,-0.0,0.0,0.0,202.45111579244994,202.45111579244994,0.0,0.0
2350,2019-04-08 22:00:00,4,2019-04-08 23:00:00,0.10531,0.10531,0.10531,0.0,0.05,203.8854537828731,-0.0,0.0,0.0,203.8854537828731,203.8854537828731,0.0,0.0
2351,2019-04-08 23:00:00,4,2019-04-09 00:00:00,0.10531,0.10531,0.10531,0.0,0.05,201.78526814796479,-0.0,0.0,0.0,201.78526814796479,201.78526814796479,0.0,0.0
2352,2019-04-09 00:00:00,4,2019-04-09 01:00:00,0.10531,0.10531,0.10531,0.0,0.05,198.99248227678888,-0.0,0.0,0.0,198.99248227678888,198.99248227678888,0.0,0.0
2353,2019-04-09 01:00:00,4,2019-04-09 02:00:00,0.10531,0.10531,0.10531,0.0,0.05,197.87030478559166,-0.0,0.0,0.0,197.87030478559166,197.87030478559166,0.0,0.0
2354,2019-04-09 02:00:00,4,2019-04-09 03:00:00,0.10531,0.10531,0.10531,0.0,0.05,196.38874752145347,-0.0,0.0,0.0,196.38874752145347,196.38874752145347,0.0,0.0
2355,2019-04-09 03:00:00,4,2019-04-09 04:00:00,0.10531,0.10531,0.10531,0.0,0.05,197.46077795133075,-0.0,0.0,0.0,197.46077795133075,197.46077795133075,0.0,0.0
2356,2019-04-09 04:00:00,4,2019-04-09 05:00:00,0.10531,0.10531,0.10531,0.0,0.05,196.6042630438318,-0.0,0.0,0.0,196.6042630438318,196.6042630438318,0.0,0.0
2357,2019-04-09 05:00:00,4,2019-04-09 06:00:00,0.10531,0.10531,0.10531,0.0,0.05,213.7860966154461,-73.48569226740037,0.0,0.0,287.27178888284647,287.27178888284647,0.0,1.0
2358,2019-04-09 06:00:00,4,2019-04-09 07:00:00,0.10531,0.10531,0.10531,0.0,0.16267806147668057,212.80975333506044,-74.46203554778603,0.0,0.0,287.27178888284647,287.27178888284647,0.0,1.0
2359,2019-04-09 07:00:00,4,2019-04-09 08:00:00,0.10531,0.10531,0.10531,0.0,0.2768531826499525,234.59717443663303,-22.770943892768074,0.0,0.0,257.3681183294011,257.3681183294011,0.0,1.0
2360,2019-04-09 08:00:00,4,2019-04-09 09:00:00,0.10531,0.10531,0.10531,0.0,0.3117686299521969,235.18149026706806,-52.09029861577841,0.0,0.0,287.27178888284647,287.27178888284647,0.0,1.0
2361,2019-04-09 09:00:00,4,2019-04-09 10:00:00,0.06431,0.06431,0.06431,0.0,0.39164042116305714,238.21710981688375,-49.054679065962716,0.0,0.0,287.27178888284647,287.27178888284647,0.0,1.0
2362,2019-04-09 10:00:00,4,2019-04-09 11:00:00,0.06431,0.06431,0.06431,0.0,0.4668575957308667,236.31212792407018,-50.95966095877628,0.0,0.0,287.27178888284647,287.27178888284647,0.0,1.0
2363,2019-04-09 11:00:00,4,2019-04-09 12:00:00,0.06431,0.06431,0.06431,0.0,0.5449957425343236,234.68606686075663,-52.58572202208984,0.0,0.0,287.27178888284647,287.27178888284647,0.0,1.0
2364,2019-04-09 12:00:00,4,2019-04-09 13:00:00,0.06431,0.06431,0.06431,0.0,0.6256271829681946,230.24724127252824,-57.02454761031822,0.0,0.0,287.27178888284647,287.27178888284647,0.0,1.0
2365,2019-04-09 13:00:00,4,2019-04-09 14:00:00,0.06431,0.06431,0.06431,0.0,0.7130648226373492,227.04666447595739,-60.22512440688908,0.0,0.0,287.27178888284647,287.27178888284647,0.0,1.0
2366,2019-04-09 14:00:00,4,2019-04-09 15:00:00,0.10531,0.10531,0.10531,0.0,0.8054100133945791,226.7261562727622,-60.545632610084255,0.0,0.0,287.27178888284647,287.27178888284647,0.0,1.0
2367,2019-04-09 15:00:00,4,2019-04-09 16:00:00,0.10531,0.10531,0.10531,0.0,0.8982466500633749,220.91090848939538,-66.36088039345108,0.0,0.0,287.27178888284647,287.27178888284647,0.0,1.0
2368,2019-04-09 16:00:00,4,2019-04-09 17:00:00,0.13592,0.13592,0.13592,0.0,1.0,211.1515839157248,-0.0,211.1515839157248,0.0,0.0,0.0,0.0,0.0
2369,2019-04-09 17:00:00,4,2019-04-09 18:00:00,0.13592,0.13592,0.13592,0.0,0.617479014645426,208.09192504165108,-0.0,208.09192504165108,0.0,0.0,0.0,0.0,0.0
2370,2019-04-09 18:00:00,4,2019-04-09 19:00:00,0.13592,0.13592,0.13592,0.0,0.2405008895699712,214.93346572823805,-0.0,105.15649104262411,0.0,109.77697468561394,109.77697468561394,0.0,0.0
2371,2019-04-09 19:00:00,4,2019-04-09 20:00:00,0.13592,0.13592,0.13592,0.0,0.05,207.92577743132588,-0.0,0.0,0.0,207.92577743132588,207.92577743132588,0.0,0.0
2372,2019-04-09 20:00:00,4,2019-04-09 21:00:00,0.13592,0.13592,0.13592,0.0,0.05,206.56248266846077,-0.0,0.0,0.0,206.56248266846077,206.56248266846077,0.0,0.0
2373,2019-04-09 21:00:00,4,2019-04-09 22:00:00,0.10531,0.10531,0.10531,0.0,0.05,201.90993735435288,-0.0,0.0,0.0,201.90993735435288,201.90993735435288,0.0,0.0
2374,2019-04-09 22:00:00,4,2019-04-09 23:00:00,0.10531,0.10531,0.10531,0.0,0.05,200.80286502205018,-0.0,0.0,0.0,200.80286502205018,200.80286502205018,0.0,0.0
2375,2019-04-09 23:00:00,4,2019-04-10 00:00:00,0.10531,0.10531,0.10531,0.0,0.05,196.68762884327538,-0.0,0.0,0.0,196.68762884327538,196.68762884327538,0.0,0.0
2376,2019-04-10 00:00:00,4,2019-04-10 01:00:00,0.10531,0.10531,0.10531,0.0,0.05,198.50524428320696,-89.27692904450194,0.0,0.0,287.7821733277089,287.7821733277089,0.0,1.0
2377,2019-04-10 01:00:00,4,2019-04-10 02:00:00,0.10531,0.10531,0.10531,0.0,0.18689129120156966,198.67121647451424,-89.11095685319466,0.0,0.0,287.7821733277089,287.7821733277089,0.0,1.0
2378,2019-04-10 02:00:00,4,2019-04-10 03:00:00,0.10531,0.10531,0.10531,0.0,0.3235280917098015,198.92316061325684,-88.85901271445206,0.0,0.0,287.7821733277089,287.7821733277089,0.0,1.0
2379,2019-04-10 03:00:00,4,2019-04-10 04:00:00,0.10531,0.10531,0.10531,0.0,0.45977857787196136,222.02315876346154,-65.75901456424737,0.0,0.0,287.7821733277089,287.7821733277089,0.0,1.0
2380,2019-04-10 04:00:00,4,2019-04-10 05:00:00,0.10531,0.10531,0.10531,0.0,0.5606090668704741,221.64336701478535,-66.13880631292355,0.0,0.0,287.7821733277089,287.7821733277089,0.0,1.0
2381,2019-04-10 05:00:00,4,2019-04-10 06:00:00,0.10531,0.10531,0.10531,0.0,0.6620219032169569,277.35566932198924,-10.426504005719663,0.0,0.0,287.7821733277089,287.7821733277089,0.0,1.0
2382,2019-04-10 06:00:00,4,2019-04-10 07:00:00,0.10531,0.10531,0.10531,0.0,0.6780092093590603,302.72263031790504,-0.0,14.940456990196083,0.0,287.78217332770896,287.78217332770896,0.0,0.0
2383,2019-04-10 07:00:00,4,2019-04-10 08:00:00,0.10531,0.10531,0.10531,0.0,0.650943164086966,315.92918299469636,-0.0,28.147009666987458,0.0,287.7821733277089,287.7821733277089,0.0,0.0
2384,2019-04-10 08:00:00,4,2019-04-10 09:00:00,0.10531,0.10531,0.10531,0.0,0.599952204545322,328.3590409181608,-0.0,40.57686759045191,0.0,287.7821733277089,287.7821733277089,0.0,0.0
2385,2019-04-10 09:00:00,4,2019-04-10 10:00:00,0.06431,0.06431,0.06431,0.0,0.5264433864466773,330.1724397470733,-0.0,42.39026641936442,0.0,287.7821733277089,287.7821733277089,0.0,0.0
2386,2019-04-10 10:00:00,4,2019-04-10 11:00:00,0.06431,0.06431,0.06431,0.0,0.44964942554203163,325.128641028012,-0.0,37.346467700303094,0.0,287.7821733277089,287.7821733277089,0.0,0.0
2387,2019-04-10 11:00:00,4,2019-04-10 12:00:00,0.06431,0.06431,0.06431,0.0,0.38199278115742447,311.2101558647854,-0.0,23.427982537076502,0.0,287.7821733277089,287.7821733277089,0.0,0.0
2388,2019-04-10 12:00:00,4,2019-04-10 13:00:00,0.06431,0.06431,0.06431,0.0,0.3395507838076483,317.36401424451714,-0.0,29.581840916808233,0.0,287.7821733277089,287.7821733277089,0.0,0.0
2389,2019-04-10 13:00:00,4,2019-04-10 14:00:00,0.06431,0.06431,0.06431,0.0,0.28596049229169135,315.65142831371145,-0.0,27.869254986002545,0.0,287.7821733277089,287.7821733277089,0.0,0.0
2390,2019-04-10 14:00:00,4,2019-04-10 15:00:00,0.10531,0.10531,0.10531,0.0,0.23547271151994764,316.36432242723885,-0.0,28.582149099529946,0.0,287.7821733277089,287.7821733277089,0.0,0.0
2391,2019-04-10 15:00:00,4,2019-04-10 16:00:00,0.10531,0.10531,0.10531,0.0,0.18369345590485717,320.71997456104776,-0.0,32.93780123333886,0.0,287.7821733277089,287.7821733277089,0.0,0.0
2392,2019-04-10 16:00:00,4,2019-04-10 17:00:00,0.13592,0.13592,0.13592,0.0,0.12402352613431575,328.6431597538512,-0.0,40.86098642614229,0.0,287.7821733277089,287.7821733277089,0.0,0.0
2393,2019-04-10 17:00:00,4,2019-04-10 18:00:00,0.13592,0.13592,0.13592,0.0,0.05,267.02983654306803,-0.0,0.0,0.0,267.02983654306803,267.02983654306803,0.0,1.0
2394,2019-04-10 18:00:00,4,2019-04-10 19:00:00,0.13592,0.13592,0.13592,0.0,0.05,266.87322992932394,-0.0,0.0,0.0,266.87322992932394,266.87322992932394,0.0,1.0
2395,2019-04-10 19:00:00,4,2019-04-10 20:00:00,0.13592,0.13592,0.13592,0.0,0.05,233.54036066580096,-0.0,0.0,0.0,233.54036066580096,233.54036066580096,0.0,0.0
2396,2019-04-10 20:00:00,4,2019-04-10 21:00:00,0.13592,0.13592,0.13592,0.0,0.05,222.80660803940413,-0.0,0.0,0.0,222.80660803940413,222.80660803940413,0.0,0.0
2397,2019-04-10 21:00:00,4,2019-04-10 22:00:00,0.10531,0.10531,0.10531,0.0,0.05,205.1703915302976,-0.0,0.0,0.0,205.1703915302976,205.1703915302976,0.0,0.0
2398,2019-04-10 22:00:00,4,2019-04-10 23:00:00,0.10531,0.10531,0.10531,0.0,0.05,204.9770065776677,-0.0,0.0,0.0,204.9770065776677,204.9770065776677,0.0,0.0
2399,2019-04-10 23:00:00,4,2019-04-11 00:00:00,0.10531,0.10531,0.10531,0.0,0.05,201.61153142887025,-0.0,0.0,0.0,201.61153142887025,201.61153142887025,0.0,0.0
2400,2019-04-11 00:00:00,4,2019-04-11 01:00:00,0.10531,0.10531,0.10531,0.0,0.05,201.07080964933823,-87.38520392487143,0.0,0.0,288.4560135742097,288.4560135742097,0.0,1.0
2401,2019-04-11 01:00:00,4,2019-04-11 02:00:00,0.10531,0.10531,0.10531,0.0,0.1839906460181362,200.2958359802004,-88.16017759400927,0.0,0.0,288.4560135742097,288.4560135742097,0.0,1.0
2402,2019-04-11 02:00:00,4,2019-04-11 03:00:00,0.10531,0.10531,0.10531,0.0,0.31916958499561704,199.61865627288827,-88.83735730132139,0.0,0.0,288.4560135742097,288.4560135742097,0.0,1.0
2403,2019-04-11 03:00:00,4,2019-04-11 04:00:00,0.10531,0.10531,0.10531,0.0,0.4553868661909765,222.2431978264132,-66.21281574779647,0.0,0.0,288.4560135742097,288.4560135742097,0.0,1.0
2404,2019-04-11 04:00:00,4,2019-04-11 05:00:00,0.10531,0.10531,0.10531,0.0,0.5569131836709311,221.83700766198712,-66.61900591222255,0.0,0.0,288.4560135742097,288.4560135742097,0.0,1.0
2405,2019-04-11 05:00:00,4,2019-04-11 06:00:00,0.10531,0.10531,0.10531,0.0,0.6590623260696723,277.49648657271666,-10.959527001492999,0.0,0.0,288.45601357420963,288.45601357420963,0.0,1.0
2406,2019-04-11 06:00:00,4,2019-04-11 07:00:00,0.10531,0.10531,0.10531,0.0,0.6758669341386282,305.4336944327108,-0.0,16.977680858501145,0.0,288.4560135742097,288.4560135742097,0.0,0.0
2407,2019-04-11 07:00:00,4,2019-04-11 08:00:00,0.10531,0.10531,0.10531,0.0,0.645110265916706,318.40669294717827,-0.0,29.950679372968636,0.0,288.45601357420963,288.45601357420963,0.0,0.0
2408,2019-04-11 08:00:00,4,2019-04-11 09:00:00,0.10531,0.10531,0.10531,0.0,0.5908517887917628,329.9168947893413,-0.0,41.46088121513168,0.0,288.45601357420963,288.45601357420963,0.0,0.0
2409,2019-04-11 09:00:00,4,2019-04-11 10:00:00,0.06431,0.06431,0.06431,0.0,0.5157414967353648,329.07296777721393,-0.0,40.6169542030043,0.0,288.45601357420963,288.45601357420963,0.0,0.0
2410,2019-04-11 10:00:00,4,2019-04-11 11:00:00,0.06431,0.06431,0.06431,0.0,0.4421600579618063,322.96393400591,-0.0,34.50792043170037,0.0,288.45601357420963,288.45601357420963,0.0,0.0
2411,2019-04-11 11:00:00,4,2019-04-11 12:00:00,0.06431,0.06431,0.06431,0.0,0.3796457093536534,308.49226573013806,-0.0,20.036252155928423,0.0,288.45601357420963,288.45601357420963,0.0,0.0
2412,2019-04-11 12:00:00,4,2019-04-11 13:00:00,0.06431,0.06431,0.06431,0.0,0.34334815110016,316.2038557545688,-0.0,27.747842180359154,0.0,288.45601357420963,288.45601357420963,0.0,0.0
2413,2019-04-11 13:00:00,4,2019-04-11 14:00:00,0.06431,0.06431,0.06431,0.0,0.29308032106327747,316.4262307169729,-0.0,27.97021714276326,0.0,288.45601357420963,288.45601357420963,0.0,0.0
2414,2019-04-11 14:00:00,4,2019-04-11 15:00:00,0.10531,0.10531,0.10531,0.0,0.24240963783363392,318.71689985867727,-0.0,30.26088628446763,0.0,288.45601357420963,288.45601357420963,0.0,0.0
2415,2019-04-11 15:00:00,4,2019-04-11 16:00:00,0.10531,0.10531,0.10531,0.0,0.18758919166612006,323.8235227378685,-0.0,35.36750916365881,0.0,288.4560135742097,288.4560135742097,0.0,0.0
2416,2019-04-11 16:00:00,4,2019-04-11 17:00:00,0.13592,0.13592,0.13592,0.0,0.12351761709427445,329.03773821024913,-0.0,40.581724636039496,0.0,288.45601357420963,288.45601357420963,0.0,0.0
2417,2019-04-11 17:00:00,4,2019-04-11 18:00:00,0.13592,0.13592,0.13592,0.0,0.05,266.120099178317,-0.0,0.0,0.0,266.120099178317,266.120099178317,0.0,1.0
2418,2019-04-11 18:00:00,4,2019-04-11 19:00:00,0.13592,0.13592,0.13592,0.0,0.05,265.4513716756373,-0.0,0.0,0.0,265.4513716756373,265.4513716756373,0.0,1.0
2419,2019-04-11 19:00:00,4,2019-04-11 20:00:00,0.13592,0.13592,0.13592,0.0,0.05,231.32522783325902,-0.0,0.0,0.0,231.32522783325902,231.32522783325902,0.0,0.0
2420,2019-04-11 20:00:00,4,2019-04-11 21:00:00,0.13592,0.13592,0.13592,0.0,0.05,220.7110613520333,-0.0,0.0,0.0,220.7110613520333,220.7110613520333,0.0,0.0
2421,2019-04-11 21:00:00,4,2019-04-11 22:00:00,0.10531,0.10531,0.10531,0.0,0.05,202.8939210038771,-85.56209257033254,0.0,0.0,288.45601357420963,288.45601357420963,0.0,1.0
2422,2019-04-11 22:00:00,4,2019-04-11 23:00:00,0.10531,0.10531,0.10531,0.0,0.18119520860784322,202.84982004323098,-58.37558920007844,0.0,0.0,261.2254092433094,261.2254092433094,0.0,1.0
2423,2019-04-11 23:00:00,4,2019-04-12 00:00:00,0.10531,0.10531,0.10531,0.0,0.27070444538129684,198.66163459953808,-0.0,0.0,0.0,198.66163459953808,198.66163459953808,0.0,0.0
2424,2019-04-12 00:00:00,4,2019-04-12 01:00:00,0.10531,0.10531,0.10531,0.0,0.27070444538129684,200.36883194087767,-88.08718163333202,0.0,0.0,288.4560135742097,288.4560135742097,0.0,1.0
2425,2019-04-12 01:00:00,4,2019-04-12 02:00:00,0.10531,0.10531,0.10531,0.0,0.4057714572190726,197.97475016238042,-90.48126341182927,0.0,0.0,288.4560135742097,288.4560135742097,0.0,1.0
2426,2019-04-12 02:00:00,4,2019-04-12 03:00:00,0.10531,0.10531,0.10531,0.0,0.5445093944505441,198.44150510628342,-90.01450846792628,0.0,0.0,288.4560135742097,288.4560135742097,0.0,1.0
2427,2019-04-12 03:00:00,4,2019-04-12 04:00:00,0.10531,0.10531,0.10531,0.0,0.6825316407680311,221.31509752427382,-67.14091604993587,0.0,0.0,288.4560135742097,288.4560135742097,0.0,1.0
2428,2019-04-12 04:00:00,4,2019-04-12 05:00:00,0.10531,0.10531,0.10531,0.0,0.7854810453779328,222.8587906289816,-65.59722294522808,0.0,0.0,288.4560135742097,288.4560135742097,0.0,1.0
2429,2019-04-12 05:00:00,4,2019-04-12 06:00:00,0.10531,0.10531,0.10531,0.0,0.8860634538939492,278.6252852594495,-9.830728314760165,0.0,0.0,288.4560135742097,288.4560135742097,0.0,1.0
2430,2019-04-12 06:00:00,4,2019-04-12 07:00:00,0.10531,0.10531,0.10531,0.0,0.9011372373099149,307.32960722139137,-0.0,18.87359364718168,0.0,288.4560135742097,288.4560135742097,0.0,0.0
2431,2019-04-12 07:00:00,4,2019-04-12 08:00:00,0.10531,0.10531,0.10531,0.0,0.8669459444708176,318.0250809567069,-0.0,29.569067382497224,0.0,288.4560135742097,288.4560135742097,0.0,0.0
2432,2019-04-12 08:00:00,4,2019-04-12 09:00:00,0.10531,0.10531,0.10531,0.0,0.8133787934155691,327.3403076794619,-0.0,38.884294105252195,0.0,288.4560135742097,288.4560135742097,0.0,0.0
2433,2019-04-12 09:00:00,4,2019-04-12 10:00:00,0.06431,0.06431,0.06431,0.0,0.7429362316306919,332.3310403917708,-0.0,43.87502681756109,0.0,288.4560135742097,288.4560135742097,0.0,0.0
2434,2019-04-12 10:00:00,4,2019-04-12 11:00:00,0.06431,0.06431,0.06431,0.0,0.6634524873959797,328.8345682185381,-0.0,40.3785546443284,0.0,288.4560135742097,288.4560135742097,0.0,0.0
2435,2019-04-12 11:00:00,4,2019-04-12 12:00:00,0.06431,0.06431,0.06431,0.0,0.5903029318808921,314.8926107951174,-0.0,26.436597220907686,0.0,288.4560135742097,288.4560135742097,0.0,0.0
2436,2019-04-12 12:00:00,4,2019-04-12 13:00:00,0.06431,0.06431,0.06431,0.0,0.5424105456111318,324.3526465527194,-0.0,35.89663297850973,0.0,288.4560135742097,288.4560135742097,0.0,0.0
2437,2019-04-12 13:00:00,4,2019-04-12 14:00:00,0.06431,0.06431,0.06431,0.0,0.47738041340368664,324.73357869781876,-0.0,36.277565123609065,0.0,288.4560135742097,288.4560135742097,0.0,0.0
2438,2019-04-12 14:00:00,4,2019-04-12 15:00:00,0.10531,0.10531,0.10531,0.0,0.41166018673048177,325.8720726790266,-0.0,37.416059104816895,0.0,288.4560135742097,288.4560135742097,0.0,0.0
2439,2019-04-12 15:00:00,4,2019-04-12 16:00:00,0.10531,0.10531,0.10531,0.0,0.34387747096088594,329.2249263813123,-0.0,40.768912807102595,0.0,288.4560135742097,288.4560135742097,0.0,0.0
2440,2019-04-12 16:00:00,4,2019-04-12 17:00:00,0.13592,0.13592,0.13592,0.0,0.27002074486106237,331.60915766130535,-0.0,121.45145116330646,0.0,210.1577064979989,210.1577064979989,0.0,0.0
2441,2019-04-12 17:00:00,4,2019-04-12 18:00:00,0.13592,0.13592,0.13592,0.0,0.05,266.27109983013594,-0.0,0.0,0.0,266.27109983013594,266.27109983013594,0.0,1.0
2442,2019-04-12 18:00:00,4,2019-04-12 19:00:00,0.13592,0.13592,0.13592,0.0,0.05,265.1339996812455,-0.0,0.0,0.0,265.1339996812455,265.1339996812455,0.0,1.0
2443,2019-04-12 19:00:00,4,2019-04-12 20:00:00,0.13592,0.13592,0.13592,0.0,0.05,230.94349586970543,-0.0,0.0,0.0,230.94349586970543,230.94349586970543,0.0,0.0
2444,2019-04-12 20:00:00,4,2019-04-12 21:00:00,0.13592,0.13592,0.13592,0.0,0.05,220.52814416690038,-0.0,0.0,0.0,220.52814416690038,220.52814416690038,0.0,0.0
2445,2019-04-12 21:00:00,4,2019-04-12 22:00:00,0.10531,0.10531,0.10531,0.0,0.05,203.57056654725562,-0.0,0.0,0.0,203.57056654725562,203.57056654725562,0.0,0.0
2446,2019-04-12 22:00:00,4,2019-04-12 23:00:00,0.10531,0.10531,0.10531,0.0,0.05,203.52214834629976,-0.0,0.0,0.0,203.52214834629976,203.52214834629976,0.0,0.0
2447,2019-04-12 23:00:00,4,2019-04-13 00:00:00,0.10531,0.10531,0.10531,0.0,0.05,200.46985404717603,-0.0,0.0,0.0,200.46985404717603,200.46985404717603,0.0,0.0
2448,2019-04-13 00:00:00,4,2019-04-13 01:00:00,0.10531,0.10531,0.10531,0.0,0.05,200.39693551721479,-92.92468786542716,0.0,0.0,293.321623382642,293.321623382642,0.0,1.0
2449,2019-04-13 01:00:00,4,2019-04-13 02:00:00,0.10531,0.10531,0.10531,0.0,0.192484521393655,201.35451526641918,-91.96710811622276,0.0,0.0,293.321623382642,293.321623382642,0.0,1.0
2450,2019-04-13 02:00:00,4,2019-04-13 03:00:00,0.10531,0.10531,0.10531,0.0,0.3335007538385299,202.64797862022002,-90.67364476242193,0.0,0.0,293.321623382642,293.321623382642,0.0,1.0
2451,2019-04-13 03:00:00,4,2019-04-13 04:00:00,0.10531,0.10531,0.10531,0.0,0.4725336758075769,224.1985655121631,-69.12305787047885,0.0,0.0,293.321623382642,293.321623382642,0.0,1.0
2452,2019-04-13 04:00:00,4,2019-04-13 05:00:00,0.10531,0.10531,0.10531,0.0,0.5785223645423111,222.37610970273175,-70.94551367991019,0.0,0.0,293.321623382642,293.321623382642,0.0,1.0
2453,2019-04-13 05:00:00,4,2019-04-13 06:00:00,0.10531,0.10531,0.10531,0.0,0.6873054855181734,277.70020292260625,-15.62142046003569,0.0,0.0,293.3216233826419,293.3216233826419,0.0,1.0
2454,2019-04-13 06:00:00,4,2019-04-13 07:00:00,0.10531,0.10531,0.10531,0.0,0.7112583302235614,305.345415370515,-0.0,12.023791987873096,0.0,293.3216233826419,293.3216233826419,0.0,0.0
2455,2019-04-13 07:00:00,4,2019-04-13 08:00:00,0.10531,0.10531,0.10531,0.0,0.6894760983614725,317.84154806299426,-0.0,24.519924680352347,0.0,293.3216233826419,293.3216233826419,0.0,0.0
2456,2019-04-13 08:00:00,4,2019-04-13 09:00:00,0.10531,0.10531,0.10531,0.0,0.6450559449550372,329.06364396306725,-0.0,35.74202058042533,0.0,293.3216233826419,293.3216233826419,0.0,0.0
2457,2019-04-13 09:00:00,4,2019-04-13 10:00:00,0.06431,0.06431,0.06431,0.0,0.5803059076716581,333.7664359766923,-0.0,40.444812594050404,0.0,293.3216233826419,293.3216233826419,0.0,0.0
2458,2019-04-13 10:00:00,4,2019-04-13 11:00:00,0.06431,0.06431,0.06431,0.0,0.5070363196389581,333.7190612392982,-0.0,40.39743785665627,0.0,293.3216233826419,293.3216233826419,0.0,0.0
2459,2019-04-13 11:00:00,4,2019-04-13 12:00:00,0.06431,0.06431,0.06431,0.0,0.4338525554058853,321.4981187766196,-0.0,28.17649539397769,0.0,293.3216233826419,293.3216233826419,0.0,0.0
2460,2019-04-13 12:00:00,4,2019-04-13 13:00:00,0.06431,0.06431,0.06431,0.0,0.38280817969215764,327.5293148099061,-0.0,34.207691427264166,0.0,293.321623382642,293.321623382642,0.0,0.0
2461,2019-04-13 13:00:00,4,2019-04-13 14:00:00,0.06431,0.06431,0.06431,0.0,0.32083772420798345,327.2646956060683,-0.0,33.94307222342634,0.0,293.321623382642,293.321623382642,0.0,0.0
2462,2019-04-13 14:00:00,4,2019-04-13 15:00:00,0.10531,0.10531,0.10531,0.0,0.2593466513394574,328.8921935769385,-0.0,35.57057019429655,0.0,293.321623382642,293.321623382642,0.0,0.0
2463,2019-04-13 15:00:00,4,2019-04-13 16:00:00,0.10531,0.10531,0.10531,0.0,0.19490721258167373,332.28816882060204,-0.0,38.96654543796009,0.0,293.321623382642,293.321623382642,0.0,0.0
2464,2019-04-13 16:00:00,4,2019-04-13 17:00:00,0.13592,0.13592,0.13592,0.0,0.12431564475928226,334.34385928976576,-0.0,41.022235907123815,0.0,293.321623382642,293.321623382642,0.0,0.0
2465,2019-04-13 17:00:00,4,2019-04-13 18:00:00,0.13592,0.13592,0.13592,0.0,0.05,264.2584626518791,-0.0,0.0,0.0,264.2584626518791,264.2584626518791,0.0,1.0
2466,2019-04-13 18:00:00,4,2019-04-13 19:00:00,0.13592,0.13592,0.13592,0.0,0.05,263.0587504087073,-0.0,0.0,0.0,263.0587504087073,263.0587504087073,0.0,0.0
2467,2019-04-13 19:00:00,4,2019-04-13 20:00:00,0.13592,0.13592,0.13592,0.0,0.05,232.64337097033922,-0.0,0.0,0.0,232.64337097033922,232.64337097033922,0.0,0.0
2468,2019-04-13 20:00:00,4,2019-04-13 21:00:00,0.13592,0.13592,0.13592,0.0,0.05,226.78747140474877,-0.0,0.0,0.0,226.78747140474877,226.78747140474877,0.0,0.0
2469,2019-04-13 21:00:00,4,2019-04-13 22:00:00,0.10531,0.10531,0.10531,0.0,0.05,210.20265825837356,-0.0,0.0,0.0,210.20265825837356,210.20265825837356,0.0,0.0
2470,2019-04-13 22:00:00,4,2019-04-13 23:00:00,0.10531,0.10531,0.10531,0.0,0.05,209.26643057010386,-0.0,0.0,0.0,209.26643057010386,209.26643057010386,0.0,0.0
2471,2019-04-13 23:00:00,4,2019-04-14 00:00:00,0.10531,0.10531,0.10531,0.0,0.05,205.78851587537386,-0.0,0.0,0.0,205.78851587537386,205.78851587537386,0.0,0.0
2472,2019-04-14 00:00:00,4,2019-04-14 01:00:00,0.10531,0.10531,0.10531,0.0,0.05,204.09540817025982,-89.22621521238216,0.0,0.0,293.321623382642,293.321623382642,0.0,1.0
2473,2019-04-14 01:00:00,4,2019-04-14 02:00:00,0.10531,0.10531,0.10531,0.0,0.18681352999231932,201.3379343090383,-91.98368907360367,0.0,0.0,293.321623382642,293.321623382642,0.0,1.0
2474,2019-04-14 02:00:00,4,2019-04-14 03:00:00,0.10531,0.10531,0.10531,0.0,0.327855186571845,200.92638949161392,-92.39523389102806,0.0,0.0,293.321623382642,293.321623382642,0.0,1.0
2475,2019-04-14 03:00:00,4,2019-04-14 04:00:00,0.10531,0.10531,0.10531,0.0,0.46952787853808803,221.34191531809174,-71.97970806455024,0.0,0.0,293.321623382642,293.321623382642,0.0,1.0
2476,2019-04-14 04:00:00,4,2019-04-14 05:00:00,0.10531,0.10531,0.10531,0.0,0.5798967642370649,222.8672406088693,-70.45438277377266,0.0,0.0,293.321623382642,293.321623382642,0.0,1.0
2477,2019-04-14 05:00:00,4,2019-04-14 06:00:00,0.10531,0.10531,0.10531,0.0,0.6879268178235164,278.3722421478681,-14.949381234773853,0.0,0.0,293.321623382642,293.321623382642,0.0,1.0
2478,2019-04-14 06:00:00,4,2019-04-14 07:00:00,0.10531,0.10531,0.10531,0.0,0.710849202383503,307.0164710267241,-0.0,13.694847644082131,0.0,293.321623382642,293.321623382642,0.0,0.0
2479,2019-04-14 07:00:00,4,2019-04-14 08:00:00,0.10531,0.10531,0.10531,0.0,0.6860396957819049,317.2789601521781,-0.0,23.95733676953614,0.0,293.321623382642,293.321623382642,0.0,0.0
2480,2019-04-14 08:00:00,4,2019-04-14 09:00:00,0.10531,0.10531,0.10531,0.0,0.642638723373325,331.4426777986487,-0.0,38.1210544160067,0.0,293.321623382642,293.321623382642,0.0,0.0
2481,2019-04-14 09:00:00,4,2019-04-14 10:00:00,0.06431,0.06431,0.06431,0.0,0.573578842184907,334.5798099678537,-0.0,41.25818658521172,0.0,293.321623382642,293.321623382642,0.0,0.0
2482,2019-04-14 10:00:00,4,2019-04-14 11:00:00,0.06431,0.06431,0.06431,0.0,0.4988357505450307,333.2280696108231,-0.0,39.90644622818115,0.0,293.321623382642,293.321623382642,0.0,0.0
2483,2019-04-14 11:00:00,4,2019-04-14 12:00:00,0.06431,0.06431,0.06431,0.0,0.426541463899775,323.3062682587902,-0.0,29.984644876148252,0.0,293.321623382642,293.321623382642,0.0,0.0
2484,2019-04-14 12:00:00,4,2019-04-14 13:00:00,0.06431,0.06431,0.06431,0.0,0.3722214550661731,328.9612348238603,-0.0,35.639611441218335,0.0,293.321623382642,293.321623382642,0.0,0.0
2485,2019-04-14 13:00:00,4,2019-04-14 14:00:00,0.06431,0.06431,0.06431,0.0,0.3076569415857051,318.810599181594,-0.0,25.488975798952026,0.0,293.321623382642,293.321623382642,0.0,0.0
2486,2019-04-14 14:00:00,4,2019-04-14 15:00:00,0.10531,0.10531,0.10531,0.0,0.2614812607905022,318.43370208638066,-0.0,25.11207870373869,0.0,293.321623382642,293.321623382642,0.0,0.0
2487,2019-04-14 15:00:00,4,2019-04-14 16:00:00,0.10531,0.10531,0.10531,0.0,0.21598836458807702,322.58723803254094,-0.0,29.265614649898964,0.0,293.321623382642,293.321623382642,0.0,0.0
2488,2019-04-14 16:00:00,4,2019-04-14 17:00:00,0.13592,0.13592,0.13592,0.0,0.16297094674405715,325.27424482279037,-0.0,62.359962602719555,0.0,262.91428222007085,262.91428222007085,0.0,0.0
2489,2019-04-14 17:00:00,4,2019-04-14 18:00:00,0.13592,0.13592,0.13592,0.0,0.05,261.347831799732,-0.0,0.0,0.0,261.347831799732,261.347831799732,0.0,1.0
2490,2019-04-14 18:00:00,4,2019-04-14 19:00:00,0.13592,0.13592,0.13592,0.0,0.05,265.6127287363155,-0.0,0.0,0.0,265.6127287363155,265.6127287363155,0.0,0.0
2491,2019-04-14 19:00:00,4,2019-04-14 20:00:00,0.13592,0.13592,0.13592,0.0,0.05,231.6658575810863,-0.0,0.0,0.0,231.6658575810863,231.6658575810863,0.0,0.0
2492,2019-04-14 20:00:00,4,2019-04-14 21:00:00,0.13592,0.13592,0.13592,0.0,0.05,220.16524981844995,-0.0,0.0,0.0,220.16524981844995,220.16524981844995,0.0,0.0
2493,2019-04-14 21:00:00,4,2019-04-14 22:00:00,0.10531,0.10531,0.10531,0.0,0.05,202.17599420146405,-0.0,0.0,0.0,202.17599420146405,202.17599420146405,0.0,0.0
2494,2019-04-14 22:00:00,4,2019-04-14 23:00:00,0.10531,0.10531,0.10531,0.0,0.05,203.04069135637678,-0.0,0.0,0.0,203.04069135637678,203.04069135637678,0.0,0.0
2495,2019-04-14 23:00:00,4,2019-04-15 00:00:00,0.10531,0.10531,0.10531,0.0,0.05,199.06901083086876,-0.0,0.0,0.0,199.06901083086876,199.06901083086876,0.0,0.0
2496,2019-04-15 00:00:00,4,2019-04-15 01:00:00,0.10531,0.10531,0.10531,0.0,0.05,199.19346496394365,-0.0,0.0,0.0,199.19346496394365,199.19346496394365,0.0,0.0
2497,2019-04-15 01:00:00,4,2019-04-15 02:00:00,0.10531,0.10531,0.10531,0.0,0.05,199.7163159914443,-93.60530739119767,0.0,0.0,293.321623382642,293.321623382642,0.0,1.0
2498,2019-04-15 02:00:00,4,2019-04-15 03:00:00,0.10531,0.10531,0.10531,0.0,0.19352813799983642,197.17907239428112,-87.47221437391792,0.0,0.0,284.65128676819904,284.65128676819904,0.0,1.0
2499,2019-04-15 03:00:00,4,2019-04-15 04:00:00,0.10531,0.10531,0.10531,0.0,0.3276522000398439,197.40166281029883,-0.0,0.0,0.0,197.40166281029883,197.40166281029883,0.0,0.0
2500,2019-04-15 04:00:00,4,2019-04-15 05:00:00,0.10531,0.10531,0.10531,0.0,0.3276522000398439,196.25735342094097,-0.0,0.0,0.0,196.25735342094097,196.25735342094097,0.0,0.0
2501,2019-04-15 05:00:00,4,2019-04-15 06:00:00,0.10531,0.10531,0.10531,0.0,0.3276522000398439,210.2496944512622,-83.07192893137977,0.0,0.0,293.321623382642,293.321623382642,0.0,1.0
2502,2019-04-15 06:00:00,4,2019-04-15 07:00:00,0.10531,0.10531,0.10531,0.0,0.4550291577346262,240.69901094479502,-52.62261243784695,0.0,0.0,293.321623382642,293.321623382642,0.0,1.0
2503,2019-04-15 07:00:00,4,2019-04-15 08:00:00,0.10531,0.10531,0.10531,0.0,0.5357171634726583,245.2643329339421,-48.05729044869989,0.0,0.0,293.321623382642,293.321623382642,0.0,1.0
2504,2019-04-15 08:00:00,4,2019-04-15 09:00:00,0.10531,0.10531,0.10531,0.0,0.6094050088273314,276.22207588697245,-17.099547495669526,0.0,0.0,293.321623382642,293.321623382642,0.0,1.0
2505,2019-04-15 09:00:00,4,2019-04-15 10:00:00,0.06431,0.06431,0.06431,0.0,0.6356243149873579,280.53452891119616,-12.787094471445812,0.0,0.0,293.321623382642,293.321623382642,0.0,1.0
2506,2019-04-15 10:00:00,4,2019-04-15 11:00:00,0.06431,0.06431,0.06431,0.0,0.6552311931769081,277.9111836532509,-15.4104397293911,0.0,0.0,293.321623382642,293.321623382642,0.0,1.0
2507,2019-04-15 11:00:00,4,2019-04-15 12:00:00,0.06431,0.06431,0.06431,0.0,0.6788605340953079,264.13395393074376,-29.187669451898216,0.0,0.0,293.321623382642,293.321623382642,0.0,1.0
2508,2019-04-15 12:00:00,4,2019-04-15 13:00:00,0.06431,0.06431,0.06431,0.0,0.7236149605882184,257.61016963325454,-35.71145374938743,0.0,0.0,293.321623382642,293.321623382642,0.0,1.0
2509,2019-04-15 13:00:00,4,2019-04-15 14:00:00,0.06431,0.06431,0.06431,0.0,0.7783725230039458,256.51513372030206,-36.806489662339914,0.0,0.0,293.321623382642,293.321623382642,0.0,1.0
2510,2019-04-15 14:00:00,4,2019-04-15 15:00:00,0.10531,0.10531,0.10531,0.0,0.8348091404862004,238.15278026823344,-55.16884311440853,0.0,0.0,293.321623382642,293.321623382642,0.0,1.0
2511,2019-04-15 15:00:00,4,2019-04-15 16:00:00,0.10531,0.10531,0.10531,0.0,0.9194013665949602,240.75729724892028,-52.56432613372169,0.0,0.0,293.321623382642,293.321623382642,0.0,1.0
2512,2019-04-15 16:00:00,4,2019-04-15 17:00:00,0.13592,0.13592,0.13592,0.0,1.0,234.50810524823862,-0.0,234.50810524823862,0.0,0.0,0.0,0.0,0.0
2513,2019-04-15 17:00:00,4,2019-04-15 18:00:00,0.13592,0.13592,0.13592,0.0,0.5751664759995678,223.27861111474672,-0.0,223.27861111474672,0.0,0.0,0.0,0.0,0.0
2514,2019-04-15 18:00:00,4,2019-04-15 19:00:00,0.13592,0.13592,0.13592,0.0,0.1706762384728527,229.00893009878914,-0.0,66.6132836370147,0.0,162.39564646177445,162.39564646177445,0.0,0.0
2515,2019-04-15 19:00:00,4,2019-04-15 20:00:00,0.13592,0.13592,0.13592,0.0,0.05,210.0438315251523,-0.0,0.0,0.0,210.0438315251523,210.0438315251523,0.0,0.0
2516,2019-04-15 20:00:00,4,2019-04-15 21:00:00,0.13592,0.13592,0.13592,0.0,0.05,211.69493860352608,-0.0,0.0,0.0,211.69493860352608,211.69493860352608,0.0,0.0
2517,2019-04-15 21:00:00,4,2019-04-15 22:00:00,0.10531,0.10531,0.10531,0.0,0.05,207.2847524871542,-0.0,0.0,0.0,207.2847524871542,207.2847524871542,0.0,0.0
2518,2019-04-15 22:00:00,4,2019-04-15 23:00:00,0.10531,0.10531,0.10531,0.0,0.05,205.98804349104148,-0.0,0.0,0.0,205.98804349104148,205.98804349104148,0.0,0.0
2519,2019-04-15 23:00:00,4,2019-04-16 00:00:00,0.10531,0.10531,0.10531,0.0,0.05,201.2532702045606,-0.0,0.0,0.0,201.2532702045606,201.2532702045606,0.0,0.0
2520,2019-04-16 00:00:00,4,2019-04-16 01:00:00,0.10531,0.10531,0.10531,0.0,0.05,198.19642903080856,-0.0,0.0,0.0,198.19642903080856,198.19642903080856,0.0,0.0
2521,2019-04-16 01:00:00,4,2019-04-16 02:00:00,0.10531,0.10531,0.10531,0.0,0.05,197.95433644450242,-0.0,0.0,0.0,197.95433644450242,197.95433644450242,0.0,0.0
2522,2019-04-16 02:00:00,4,2019-04-16 03:00:00,0.10531,0.10531,0.10531,0.0,0.05,196.8625351964272,-0.0,0.0,0.0,196.8625351964272,196.8625351964272,0.0,0.0
2523,2019-04-16 03:00:00,4,2019-04-16 04:00:00,0.10531,0.10531,0.10531,0.0,0.05,198.3788907621218,-0.0,0.0,0.0,198.3788907621218,198.3788907621218,0.0,0.0
2524,2019-04-16 04:00:00,4,2019-04-16 05:00:00,0.10531,0.10531,0.10531,0.0,0.05,197.72070473986076,-0.0,0.0,0.0,197.72070473986076,197.72070473986076,0.0,0.0
2525,2019-04-16 05:00:00,4,2019-04-16 06:00:00,0.10531,0.10531,0.10531,0.0,0.05,213.68232754067532,-0.0,0.0,0.0,213.68232754067532,213.68232754067532,0.0,0.0
2526,2019-04-16 06:00:00,4,2019-04-16 07:00:00,0.10531,0.10531,0.10531,0.0,0.05,212.15051400817978,-0.0,0.0,0.0,212.15051400817978,212.15051400817978,0.0,0.0
2527,2019-04-16 07:00:00,4,2019-04-16 08:00:00,0.10531,0.10531,0.10531,0.0,0.05,237.37807606013914,-55.94354732250284,0.0,0.0,293.321623382642,293.321623382642,0.0,1.0
2528,2019-04-16 08:00:00,4,2019-04-16 09:00:00,0.10531,0.10531,0.10531,0.0,0.13578010589450437,234.36220418273138,-55.43052702010795,0.0,0.0,289.7927312028393,289.7927312028393,0.0,1.0
2529,2019-04-16 09:00:00,4,2019-04-16 10:00:00,0.06431,0.06431,0.06431,0.0,0.2207735806586699,229.4624032770839,-63.85922010555808,0.0,0.0,293.321623382642,293.321623382642,0.0,1.0
2530,2019-04-16 10:00:00,4,2019-04-16 11:00:00,0.06431,0.06431,0.06431,0.0,0.3186910514871923,224.6167987867628,-68.70482459587916,0.0,0.0,293.321623382642,293.321623382642,0.0,1.0
2531,2019-04-16 11:00:00,4,2019-04-16 12:00:00,0.06431,0.06431,0.06431,0.0,0.42403844920087364,221.02565082200357,-72.2959725606384,0.0,0.0,293.321623382642,293.321623382642,0.0,1.0
2532,2019-04-16 12:00:00,4,2019-04-16 13:00:00,0.06431,0.06431,0.06431,0.0,0.5348922737938525,217.56192305303358,-75.75970032960839,0.0,0.0,293.321623382642,293.321623382642,0.0,1.0
2533,2019-04-16 13:00:00,4,2019-04-16 14:00:00,0.06431,0.06431,0.06431,0.0,0.6510571476325854,218.04046779362594,-75.28115558901604,0.0,0.0,293.321623382642,293.321623382642,0.0,1.0
2534,2019-04-16 14:00:00,4,2019-04-16 15:00:00,0.10531,0.10531,0.10531,0.0,0.7664882528690767,219.24021277455262,-74.08141060808936,0.0,0.0,293.321623382642,293.321623382642,0.0,1.0
2535,2019-04-16 15:00:00,4,2019-04-16 16:00:00,0.10531,0.10531,0.10531,0.0,0.8800797491348137,215.11276412273787,-78.2088592599041,0.0,0.0,293.321623382642,293.321623382642,0.0,1.0
2536,2019-04-16 16:00:00,4,2019-04-16 17:00:00,0.13592,0.13592,0.13592,0.0,1.0,205.9939825357755,-0.0,205.9939825357755,0.0,0.0,0.0,0.0,0.0
2537,2019-04-16 17:00:00,4,2019-04-16 18:00:00,0.13592,0.13592,0.13592,0.0,0.6268224954062037,202.12318880026086,-0.0,202.12318880026086,0.0,0.0,0.0,0.0,0.0
2538,2019-04-16 18:00:00,4,2019-04-16 19:00:00,0.13592,0.13592,0.13592,0.0,0.2606572983042819,208.79965375830054,-0.0,116.28282866396363,0.0,92.51682509433691,92.51682509433691,0.0,0.0
2539,2019-04-16 19:00:00,4,2019-04-16 20:00:00,0.13592,0.13592,0.13592,0.0,0.05,208.70074534769782,-0.0,0.0,0.0,208.70074534769782,208.70074534769782,0.0,0.0
2540,2019-04-16 20:00:00,4,2019-04-16 21:00:00,0.13592,0.13592,0.13592,0.0,0.05,209.30240090691362,-0.0,0.0,0.0,209.30240090691362,209.30240090691362,0.0,0.0
2541,2019-04-16 21:00:00,4,2019-04-16 22:00:00,0.10531,0.10531,0.10531,0.0,0.05,205.80071090989443,-0.0,0.0,0.0,205.80071090989443,205.80071090989443,0.0,0.0
2542,2019-04-16 22:00:00,4,2019-04-16 23:00:00,0.10531,0.10531,0.10531,0.0,0.05,206.32194075834252,-0.0,0.0,0.0,206.32194075834252,206.32194075834252,0.0,0.0
2543,2019-04-16 23:00:00,4,2019-04-17 00:00:00,0.10531,0.10531,0.10531,0.0,0.05,203.83581223426424,-0.0,0.0,0.0,203.83581223426424,203.83581223426424,0.0,0.0
2544,2019-04-17 00:00:00,4,2019-04-17 01:00:00,0.10531,0.10531,0.10531,0.0,0.05,206.5923901723853,-86.72923321025667,0.0,0.0,293.321623382642,293.321623382642,0.0,1.0
2545,2019-04-17 01:00:00,4,2019-04-17 02:00:00,0.10531,0.10531,0.10531,0.0,0.18298482425572687,206.5778785274085,-86.74374485523347,0.0,0.0,293.321623382642,293.321623382642,0.0,1.0
2546,2019-04-17 02:00:00,4,2019-04-17 03:00:00,0.10531,0.10531,0.10531,0.0,0.31599189970041824,206.15919612836385,-87.16242725427813,0.0,0.0,293.321623382642,293.321623382642,0.0,1.0
2547,2019-04-17 03:00:00,4,2019-04-17 04:00:00,0.10531,0.10531,0.10531,0.0,0.44964095482364475,227.91787308775213,-65.40375029488985,0.0,0.0,293.321623382642,293.321623382642,0.0,1.0
2548,2019-04-17 04:00:00,4,2019-04-17 05:00:00,0.10531,0.10531,0.10531,0.0,0.5499267052758092,227.0442854949818,-66.27733788766017,0.0,0.0,293.321623382642,293.321623382642,0.0,1.0
2549,2019-04-17 05:00:00,4,2019-04-17 06:00:00,0.10531,0.10531,0.10531,0.0,0.6515519567035548,281.7531087536301,-11.568514629011872,0.0,0.0,293.321623382642,293.321623382642,0.0,1.0
2550,2019-04-17 06:00:00,4,2019-04-17 07:00:00,0.10531,0.10531,0.10531,0.0,0.669290345801373,311.05738543373917,-0.0,17.735762051097197,0.0,293.321623382642,293.321623382642,0.0,0.0
2551,2019-04-17 07:00:00,4,2019-04-17 08:00:00,0.10531,0.10531,0.10531,0.0,0.6371603420856172,321.93695746612775,-0.0,28.615334083485777,0.0,293.321623382642,293.321623382642,0.0,0.0
2552,2019-04-17 08:00:00,4,2019-04-17 09:00:00,0.10531,0.10531,0.10531,0.0,0.5853209687459692,330.5369429282614,-0.0,37.21531954561942,0.0,293.321623382642,293.321623382642,0.0,0.0
2553,2019-04-17 09:00:00,4,2019-04-17 10:00:00,0.06431,0.06431,0.06431,0.0,0.5179019115981078,328.72653498715727,-0.0,35.40491160451529,0.0,293.321623382642,293.321623382642,0.0,0.0
2554,2019-04-17 10:00:00,4,2019-04-17 11:00:00,0.06431,0.06431,0.06431,0.0,0.45376257898123235,325.6902069864938,-0.0,32.368583603851846,0.0,293.321623382642,293.321623382642,0.0,0.0
2555,2019-04-17 11:00:00,4,2019-04-17 12:00:00,0.06431,0.06431,0.06431,0.0,0.39512384056845723,311.6710857359319,-0.0,18.349462353289937,0.0,293.321623382642,293.321623382642,0.0,0.0
2556,2019-04-17 12:00:00,4,2019-04-17 13:00:00,0.06431,0.06431,0.06431,0.0,0.36188206094293196,318.2448151615224,-0.0,24.923191778880437,0.0,293.321623382642,293.321623382642,0.0,0.0
2557,2019-04-17 13:00:00,4,2019-04-17 14:00:00,0.06431,0.06431,0.06431,0.0,0.31673135119858337,318.3833682726893,-0.0,25.06174489004735,0.0,293.321623382642,293.321623382642,0.0,0.0
2558,2019-04-17 14:00:00,4,2019-04-17 15:00:00,0.10531,0.10531,0.10531,0.0,0.27132963944125116,319.0709347025462,-0.0,25.749311319904223,0.0,293.321623382642,293.321623382642,0.0,0.0
2559,2019-04-17 15:00:00,4,2019-04-17 16:00:00,0.10531,0.10531,0.10531,0.0,0.22468233632548268,322.13567788305045,-0.0,28.814054500408474,0.0,293.321623382642,293.321623382642,0.0,0.0
2560,2019-04-17 16:00:00,4,2019-04-17 17:00:00,0.13592,0.13592,0.13592,0.0,0.1724829622305398,323.3564417229606,-0.0,67.61059515125797,0.0,255.74584657170263,255.74584657170263,0.0,0.0
2561,2019-04-17 17:00:00,4,2019-04-17 18:00:00,0.13592,0.13592,0.13592,0.0,0.05,259.4185437515461,-0.0,0.0,0.0,259.4185437515461,259.4185437515461,0.0,1.0
2562,2019-04-17 18:00:00,4,2019-04-17 19:00:00,0.13592,0.13592,0.13592,0.0,0.05,266.5283239057967,-0.0,0.0,0.0,266.5283239057967,266.5283239057967,0.0,0.0
2563,2019-04-17 19:00:00,4,2019-04-17 20:00:00,0.13592,0.13592,0.13592,0.0,0.05,234.5906453238094,-0.0,0.0,0.0,234.5906453238094,234.5906453238094,0.0,0.0
2564,2019-04-17 20:00:00,4,2019-04-17 21:00:00,0.13592,0.13592,0.13592,0.0,0.05,222.90133838455537,-0.0,0.0,0.0,222.90133838455537,222.90133838455537,0.0,0.0
2565,2019-04-17 21:00:00,4,2019-04-17 22:00:00,0.10531,0.10531,0.10531,0.0,0.05,205.2784937521391,-0.0,0.0,0.0,205.2784937521391,205.2784937521391,0.0,0.0
2566,2019-04-17 22:00:00,4,2019-04-17 23:00:00,0.10531,0.10531,0.10531,0.0,0.05,205.18657467085745,-0.0,0.0,0.0,205.18657467085745,205.18657467085745,0.0,0.0
2567,2019-04-17 23:00:00,4,2019-04-18 00:00:00,0.10531,0.10531,0.10531,0.0,0.05,201.28385064284655,-0.0,0.0,0.0,201.28385064284655,201.28385064284655,0.0,0.0
2568,2019-04-18 00:00:00,4,2019-04-18 01:00:00,0.10531,0.10531,0.10531,0.0,0.05,202.87806898429898,-90.443554398343,0.0,0.0,293.321623382642,293.321623382642,0.0,1.0
2569,2019-04-18 01:00:00,4,2019-04-18 02:00:00,0.10531,0.10531,0.10531,0.0,0.18868011674412594,201.61474606476165,-91.70687731788033,0.0,0.0,293.321623382642,293.321623382642,0.0,1.0
2570,2019-04-18 02:00:00,4,2019-04-18 03:00:00,0.10531,0.10531,0.10531,0.0,0.32929732863154243,200.39287289668215,-92.92875048595982,0.0,0.0,293.321623382642,293.321623382642,0.0,1.0
2571,2019-04-18 03:00:00,4,2019-04-18 04:00:00,0.10531,0.10531,0.10531,0.0,0.4717880793766809,221.65153492364314,-71.67008845899883,0.0,0.0,293.321623382642,293.321623382642,0.0,1.0
2572,2019-04-18 04:00:00,4,2019-04-18 05:00:00,0.10531,0.10531,0.10531,0.0,0.5816822150138123,216.7829874969662,-76.53863588567577,0.0,0.0,293.321623382642,293.321623382642,0.0,1.0
2573,2019-04-18 05:00:00,4,2019-04-18 06:00:00,0.10531,0.10531,0.10531,0.0,0.6990414567051818,267.22326449326835,-26.09835888937363,0.0,0.0,293.321623382642,293.321623382642,0.0,1.0
2574,2019-04-18 06:00:00,4,2019-04-18 07:00:00,0.10531,0.10531,0.10531,0.0,0.7390589403355547,300.3098750816051,-0.0,6.988251698963154,0.0,293.321623382642,293.321623382642,0.0,0.0
2575,2019-04-18 07:00:00,4,2019-04-18 08:00:00,0.10531,0.10531,0.10531,0.0,0.7263990640693172,314.82505774930036,-0.0,21.503434366658382,0.0,293.321623382642,293.321623382642,0.0,0.0
2576,2019-04-18 08:00:00,4,2019-04-18 09:00:00,0.10531,0.10531,0.10531,0.0,0.6874435670282694,326.2851549005829,-0.0,32.96353151794091,0.0,293.321623382642,293.321623382642,0.0,0.0
2577,2019-04-18 09:00:00,4,2019-04-18 10:00:00,0.06431,0.06431,0.06431,0.0,0.6277270244233039,330.14009692141315,-0.0,36.81847353877117,0.0,293.321623382642,293.321623382642,0.0,0.0
2578,2019-04-18 10:00:00,4,2019-04-18 11:00:00,0.06431,0.06431,0.06431,0.0,0.5610268912008923,324.8790161407145,-0.0,31.557392758072524,0.0,293.321623382642,293.321623382642,0.0,0.0
2579,2019-04-18 11:00:00,4,2019-04-18 12:00:00,0.06431,0.06431,0.06431,0.0,0.5038577014217754,311.0209564979025,-0.0,17.699333115260515,0.0,293.321623382642,293.321623382642,0.0,0.0
2580,2019-04-18 12:00:00,4,2019-04-18 13:00:00,0.06431,0.06431,0.06431,0.0,0.47179369215499906,316.37313305454956,-0.0,23.05150967190758,0.0,293.321623382642,293.321623382642,0.0,0.0
2581,2019-04-18 13:00:00,4,2019-04-18 14:00:00,0.06431,0.06431,0.06431,0.0,0.4300337108653114,316.2020900422683,-0.0,22.880466659626336,0.0,293.321623382642,293.321623382642,0.0,0.0
2582,2019-04-18 14:00:00,4,2019-04-18 15:00:00,0.10531,0.10531,0.10531,0.0,0.3885835901051188,317.1810479229663,-0.0,23.859424540324312,0.0,293.321623382642,293.321623382642,0.0,0.0
2583,2019-04-18 15:00:00,4,2019-04-18 16:00:00,0.10531,0.10531,0.10531,0.0,0.3453599949233719,320.8976531765433,-0.0,27.57602979390134,0.0,293.321623382642,293.321623382642,0.0,0.0
2584,2019-04-18 16:00:00,4,2019-04-18 17:00:00,0.13592,0.13592,0.13592,0.0,0.2954034192097825,324.94681638177946,-0.0,135.46268740379995,0.0,189.4841289779795,189.4841289779795,0.0,0.0
2585,2019-04-18 17:00:00,4,2019-04-18 18:00:00,0.13592,0.13592,0.13592,0.0,0.05,261.149340550864,-0.0,0.0,0.0,261.149340550864,261.149340550864,0.0,0.0
2586,2019-04-18 18:00:00,4,2019-04-18 19:00:00,0.13592,0.13592,0.13592,0.0,0.05,265.3334364805285,-0.0,0.0,0.0,265.3334364805285,265.3334364805285,0.0,1.0
2587,2019-04-18 19:00:00,4,2019-04-18 20:00:00,0.13592,0.13592,0.13592,0.0,0.05,234.7653897149967,-0.0,0.0,0.0,234.7653897149967,234.7653897149967,0.0,0.0
2588,2019-04-18 20:00:00,4,2019-04-18 21:00:00,0.13592,0.13592,0.13592,0.0,0.05,223.52204781808132,-0.0,0.0,0.0,223.52204781808132,223.52204781808132,0.0,0.0
2589,2019-04-18 21:00:00,4,2019-04-18 22:00:00,0.10531,0.10531,0.10531,0.0,0.05,211.81000266900023,-0.0,0.0,0.0,211.81000266900023,211.81000266900023,0.0,0.0
2590,2019-04-18 22:00:00,4,2019-04-18 23:00:00,0.10531,0.10531,0.10531,0.0,0.05,215.82604405288743,-0.0,0.0,0.0,215.82604405288743,215.82604405288743,0.0,0.0
2591,2019-04-18 23:00:00,4,2019-04-19 00:00:00,0.10531,0.10531,0.10531,0.0,0.05,212.92041618019823,-0.0,0.0,0.0,212.92041618019823,212.92041618019823,0.0,0.0
2592,2019-04-19 00:00:00,4,2019-04-19 01:00:00,0.10531,0.10531,0.10531,0.0,0.05,210.62816275737575,-82.69346062526623,0.0,0.0,293.321623382642,293.321623382642,0.0,1.0
2593,2019-04-19 01:00:00,4,2019-04-19 02:00:00,0.10531,0.10531,0.10531,0.0,0.17679663962540823,208.32544256920943,-84.99618081343255,0.0,0.0,293.321623382642,293.321623382642,0.0,1.0
2594,2019-04-19 02:00:00,4,2019-04-19 03:00:00,0.10531,0.10531,0.10531,0.0,0.3071241168726715,209.5340029549547,-83.78762042768727,0.0,0.0,293.321623382642,293.321623382642,0.0,1.0
2595,2019-04-19 03:00:00,4,2019-04-19 04:00:00,0.10531,0.10531,0.10531,0.0,0.43559846819512527,233.05765306573986,-60.26397031690212,0.0,0.0,293.321623382642,293.321623382642,0.0,1.0
2596,2019-04-19 04:00:00,4,2019-04-19 05:00:00,0.10531,0.10531,0.10531,0.0,0.5280032226810418,234.79303254573367,-58.52859083690831,0.0,0.0,293.321623382642,293.321623382642,0.0,1.0
2597,2019-04-19 05:00:00,4,2019-04-19 06:00:00,0.10531,0.10531,0.10531,0.0,0.6177470619643013,286.0988121339451,-7.222811248696871,0.0,0.0,293.321623382642,293.321623382642,0.0,1.0
2598,2019-04-19 06:00:00,4,2019-04-19 07:00:00,0.10531,0.10531,0.10531,0.0,0.6288220392123032,310.8543508571158,-0.0,17.532727474473802,0.0,293.321623382642,293.321623382642,0.0,0.0
2599,2019-04-19 07:00:00,4,2019-04-19 08:00:00,0.10531,0.10531,0.10531,0.0,0.5970598517585463,322.778393239293,-0.0,29.45676985665102,0.0,293.321623382642,293.321623382642,0.0,0.0
2600,2019-04-19 08:00:00,4,2019-04-19 09:00:00,0.10531,0.10531,0.10531,0.0,0.5436961382501205,328.68639954778513,-0.0,35.364776165143155,0.0,293.321623382642,293.321623382642,0.0,0.0
2601,2019-04-19 09:00:00,4,2019-04-19 10:00:00,0.06431,0.06431,0.06431,0.0,0.47962951476254234,329.05365427889643,-0.0,35.73203089625446,0.0,293.321623382642,293.321623382642,0.0,0.0
2602,2019-04-19 10:00:00,4,2019-04-19 11:00:00,0.06431,0.06431,0.06431,0.0,0.41489757473309585,327.29946489897526,-0.0,33.977841516333285,0.0,293.321623382642,293.321623382642,0.0,0.0
2603,2019-04-19 11:00:00,4,2019-04-19 12:00:00,0.06431,0.06431,0.06431,0.0,0.3533435140151008,315.18355324518024,-0.0,21.86192986253826,0.0,293.321623382642,293.321623382642,0.0,0.0
2604,2019-04-19 12:00:00,4,2019-04-19 13:00:00,0.06431,0.06431,0.06431,0.0,0.31373856861195176,320.80616802126457,-0.0,27.484544638622594,0.0,293.321623382642,293.321623382642,0.0,0.0
2605,2019-04-19 13:00:00,4,2019-04-19 14:00:00,0.06431,0.06431,0.06431,0.0,0.2639477268753166,321.3364433469618,-0.0,28.014819964319827,0.0,293.321623382642,293.321623382642,0.0,0.0
2606,2019-04-19 14:00:00,4,2019-04-19 15:00:00,0.10531,0.10531,0.10531,0.0,0.21319624143270824,318.3574262065889,-0.0,25.035802823946938,0.0,293.321623382642,293.321623382642,0.0,0.0
2607,2019-04-19 15:00:00,4,2019-04-19 16:00:00,0.10531,0.10531,0.10531,0.0,0.1678415261719348,319.461892304685,-0.0,26.14026892204305,0.0,293.321623382642,293.321623382642,0.0,0.0
2608,2019-04-19 16:00:00,4,2019-04-19 17:00:00,0.13592,0.13592,0.13592,0.0,0.12048596653055246,323.1710409662038,-0.0,38.908253524864975,0.0,284.26278744133884,284.26278744133884,0.0,0.0
2609,2019-04-19 17:00:00,4,2019-04-19 18:00:00,0.13592,0.13592,0.13592,0.0,0.049999999999999975,261.443008789458,-0.0,0.0,0.0,261.443008789458,261.443008789458,0.0,1.0
2610,2019-04-19 18:00:00,4,2019-04-19 19:00:00,0.13592,0.13592,0.13592,0.0,0.05,264.7459985061204,-0.0,0.0,0.0,264.7459985061204,264.7459985061204,0.0,0.0
2611,2019-04-19 19:00:00,4,2019-04-19 20:00:00,0.13592,0.13592,0.13592,0.0,0.05,232.85637892622586,-0.0,0.0,0.0,232.85637892622586,232.85637892622586,0.0,0.0
2612,2019-04-19 20:00:00,4,2019-04-19 21:00:00,0.13592,0.13592,0.13592,0.0,0.05,221.2980268003269,-0.0,0.0,0.0,221.2980268003269,221.2980268003269,0.0,0.0
2613,2019-04-19 21:00:00,4,2019-04-19 22:00:00,0.10531,0.10531,0.10531,0.0,0.05,205.0391223902569,-0.0,0.0,0.0,205.0391223902569,205.0391223902569,0.0,0.0
2614,2019-04-19 22:00:00,4,2019-04-19 23:00:00,0.10531,0.10531,0.10531,0.0,0.05,203.85687995216952,-0.0,0.0,0.0,203.85687995216952,203.85687995216952,0.0,0.0
2615,2019-04-19 23:00:00,4,2019-04-20 00:00:00,0.10531,0.10531,0.10531,0.0,0.05,199.42696970983994,-0.0,0.0,0.0,199.42696970983994,199.42696970983994,0.0,0.0
2616,2019-04-20 00:00:00,4,2019-04-20 01:00:00,0.10531,0.10531,0.10531,0.0,0.05,199.4852300917059,-93.83639329093609,0.0,0.0,293.321623382642,293.321623382642,0.0,1.0
2617,2019-04-20 01:00:00,4,2019-04-20 02:00:00,0.10531,0.10531,0.10531,0.0,0.19388246971276865,201.3323392524089,-91.98928413023307,0.0,0.0,293.321623382642,293.321623382642,0.0,1.0
2618,2019-04-20 02:00:00,4,2019-04-20 03:00:00,0.10531,0.10531,0.10531,0.0,0.334932705379126,202.1699390809097,-91.15168430173227,0.0,0.0,293.321623382642,293.321623382642,0.0,1.0
2619,2019-04-20 03:00:00,4,2019-04-20 04:00:00,0.10531,0.10531,0.10531,0.0,0.47469862130844886,224.80169835562566,-68.51992502701631,0.0,0.0,293.321623382642,293.321623382642,0.0,1.0
2620,2019-04-20 04:00:00,4,2019-04-20 05:00:00,0.10531,0.10531,0.10531,0.0,0.5797625063498738,224.76065777269122,-68.56096560995076,0.0,0.0,293.321623382642,293.321623382642,0.0,1.0
2621,2019-04-20 05:00:00,4,2019-04-20 06:00:00,0.10531,0.10531,0.10531,0.0,0.6848893202851317,280.94756053244186,-12.374062850200119,0.0,0.0,293.321623382642,293.321623382642,0.0,1.0
2622,2019-04-20 06:00:00,4,2019-04-20 07:00:00,0.10531,0.10531,0.10531,0.0,0.7038628833221052,311.0899556654543,-0.0,17.76833228281231,0.0,293.321623382642,293.321623382642,0.0,0.0
2623,2019-04-20 07:00:00,4,2019-04-20 08:00:00,0.10531,0.10531,0.10531,0.0,0.6716738755633872,322.6123726528142,-0.0,29.290749270172228,0.0,293.321623382642,293.321623382642,0.0,0.0
2624,2019-04-20 08:00:00,4,2019-04-20 09:00:00,0.10531,0.10531,0.10531,0.0,0.6186109239869882,332.36384039730655,-0.0,39.04221701466457,0.0,293.321623382642,293.321623382642,0.0,0.0
2625,2019-04-20 09:00:00,4,2019-04-20 10:00:00,0.06431,0.06431,0.06431,0.0,0.5478822699749147,333.77720352469953,-0.0,40.455580142057556,0.0,293.321623382642,293.321623382642,0.0,0.0
2626,2019-04-20 10:00:00,4,2019-04-20 11:00:00,0.06431,0.06431,0.06431,0.0,0.47459317551466557,330.4148114967328,-0.0,37.09318811409082,0.0,293.321623382642,293.321623382642,0.0,0.0
2627,2019-04-20 11:00:00,4,2019-04-20 12:00:00,0.06431,0.06431,0.06431,0.0,0.4073953709601532,317.44513255215617,-0.0,24.123509169514193,0.0,293.321623382642,293.321623382642,0.0,0.0
2628,2019-04-20 12:00:00,4,2019-04-20 13:00:00,0.06431,0.06431,0.06431,0.0,0.36369336159509125,324.1173044633245,-0.0,30.795681080682527,0.0,293.321623382642,293.321623382642,0.0,0.0
2629,2019-04-20 13:00:00,4,2019-04-20 14:00:00,0.06431,0.06431,0.06431,0.0,0.30790408427501426,322.6120045833756,-0.0,29.290381200733634,0.0,293.321623382642,293.321623382642,0.0,0.0
2630,2019-04-20 14:00:00,4,2019-04-20 15:00:00,0.10531,0.10531,0.10531,0.0,0.2548417994910765,321.188720638103,-0.0,27.867097255461033,0.0,293.321623382642,293.321623382642,0.0,0.0
2631,2019-04-20 15:00:00,4,2019-04-20 16:00:00,0.10531,0.10531,0.10531,0.0,0.20435792765147318,319.54014627179276,-0.0,26.21852288915079,0.0,293.321623382642,293.321623382642,0.0,0.0
2632,2019-04-20 16:00:00,4,2019-04-20 17:00:00,0.13592,0.13592,0.13592,0.0,0.15686060357692463,321.2271522865222,-0.0,58.9870531744624,0.0,262.2400991120598,262.2400991120598,0.0,0.0
2633,2019-04-20 17:00:00,4,2019-04-20 18:00:00,0.13592,0.13592,0.13592,0.0,0.05,261.5448921816108,-0.0,0.0,0.0,261.5448921816108,261.5448921816108,0.0,1.0
2634,2019-04-20 18:00:00,4,2019-04-20 19:00:00,0.13592,0.13592,0.13592,0.0,0.05,268.1404869437004,-0.0,0.0,0.0,268.1404869437004,268.1404869437004,0.0,0.0
2635,2019-04-20 19:00:00,4,2019-04-20 20:00:00,0.13592,0.13592,0.13592,0.0,0.05,233.64418367762218,-0.0,0.0,0.0,233.64418367762218,233.64418367762218,0.0,0.0
2636,2019-04-20 20:00:00,4,2019-04-20 21:00:00,0.13592,0.13592,0.13592,0.0,0.05,221.9137390006257,-0.0,0.0,0.0,221.9137390006257,221.9137390006257,0.0,0.0
2637,2019-04-20 21:00:00,4,2019-04-20 22:00:00,0.10531,0.10531,0.10531,0.0,0.05,204.1709046846194,-0.0,0.0,0.0,204.1709046846194,204.1709046846194,0.0,0.0
2638,2019-04-20 22:00:00,4,2019-04-20 23:00:00,0.10531,0.10531,0.10531,0.0,0.05,204.1202281674997,-0.0,0.0,0.0,204.1202281674997,204.1202281674997,0.0,0.0
2639,2019-04-20 23:00:00,4,2019-04-21 00:00:00,0.10531,0.10531,0.10531,0.0,0.05,200.18474344766204,-0.0,0.0,0.0,200.18474344766204,200.18474344766204,0.0,0.0
2640,2019-04-21 00:00:00,4,2019-04-21 01:00:00,0.10531,0.10531,0.10531,0.0,0.05,199.20980024677536,-94.11182313586662,0.0,0.0,293.321623382642,293.321623382642,0.0,1.0
2641,2019-04-21 01:00:00,4,2019-04-21 02:00:00,0.10531,0.10531,0.10531,0.0,0.1943047954749955,199.19474129324607,-94.1268820893959,0.0,0.0,293.321623382642,293.321623382642,0.0,1.0
2642,2019-04-21 02:00:00,4,2019-04-21 03:00:00,0.10531,0.10531,0.10531,0.0,0.3386326813454026,198.98201271537002,-94.33961066727196,0.0,0.0,293.321623382642,293.321623382642,0.0,1.0
2643,2019-04-21 03:00:00,4,2019-04-21 04:00:00,0.10531,0.10531,0.10531,0.0,0.4832867510352196,221.15590808276858,-72.1657152998734,0.0,0.0,293.321623382642,293.321623382642,0.0,1.0
2644,2019-04-21 04:00:00,4,2019-04-21 05:00:00,0.10531,0.10531,0.10531,0.0,0.5939408478283588,220.11615836089538,-73.20546502174659,0.0,0.0,293.321623382642,293.321623382642,0.0,1.0
2645,2019-04-21 05:00:00,4,2019-04-21 06:00:00,0.10531,0.10531,0.10531,0.0,0.7061892275283702,274.2904419359008,-19.031181446741186,0.0,0.0,293.321623382642,293.321623382642,0.0,1.0
2646,2019-04-21 06:00:00,4,2019-04-21 07:00:00,0.10531,0.10531,0.10531,0.0,0.7353703724133733,305.24879245511136,-0.0,11.927169072469383,0.0,293.321623382642,293.321623382642,0.0,0.0
2647,2019-04-21 07:00:00,4,2019-04-21 08:00:00,0.10531,0.10531,0.10531,0.0,0.7137631820646969,317.51118086775205,-0.0,24.189557485110072,0.0,293.321623382642,293.321623382642,0.0,0.0
2648,2019-04-21 08:00:00,4,2019-04-21 09:00:00,0.10531,0.10531,0.10531,0.0,0.6699415199539903,327.50634773842626,-0.0,34.18472435578428,0.0,293.321623382642,293.321623382642,0.0,0.0
2649,2019-04-21 09:00:00,4,2019-04-21 10:00:00,0.06431,0.06431,0.06431,0.0,0.6080126714833666,331.43657538260175,-0.0,38.11495199995977,0.0,293.321623382642,293.321623382642,0.0,0.0
2650,2019-04-21 10:00:00,4,2019-04-21 11:00:00,0.06431,0.06431,0.06431,0.0,0.5389638453964829,332.4225869606597,-0.0,39.10096357801774,0.0,293.321623382642,293.321623382642,0.0,0.0
2651,2019-04-21 11:00:00,4,2019-04-21 12:00:00,0.06431,0.06431,0.06431,0.0,0.46812876645079865,316.62673264889605,-0.0,23.305109266254078,0.0,293.321623382642,293.321623382642,0.0,0.0
2652,2019-04-21 12:00:00,4,2019-04-21 13:00:00,0.06431,0.06431,0.06431,0.0,0.42590936560613546,319.4357781231278,-0.0,26.114154740485844,0.0,293.321623382642,293.321623382642,0.0,0.0
2653,2019-04-21 13:00:00,4,2019-04-21 14:00:00,0.06431,0.06431,0.06431,0.0,0.3786011142646756,315.5404526432324,-0.0,22.21882926059044,0.0,293.321623382642,293.321623382642,0.0,0.0
2654,2019-04-21 14:00:00,4,2019-04-21 15:00:00,0.10531,0.10531,0.10531,0.0,0.3383496119809972,313.3696544130107,-0.0,20.048031030368747,0.0,293.321623382642,293.321623382642,0.0,0.0
2655,2019-04-21 15:00:00,4,2019-04-21 16:00:00,0.10531,0.10531,0.10531,0.0,0.302030715186851,314.27684966953905,-0.0,20.955226286897073,0.0,293.321623382642,293.321623382642,0.0,0.0
2656,2019-04-21 16:00:00,4,2019-04-21 17:00:00,0.13592,0.13592,0.13592,0.0,0.2640683487250809,313.85609870964225,-0.0,118.16572849624467,0.0,195.69037021339759,195.69037021339759,0.0,0.0
2657,2019-04-21 17:00:00,4,2019-04-21 18:00:00,0.13592,0.13592,0.13592,0.0,0.05,249.02376688453282,-0.0,0.0,0.0,249.02376688453282,249.02376688453282,0.0,0.0
2658,2019-04-21 18:00:00,4,2019-04-21 19:00:00,0.13592,0.13592,0.13592,0.0,0.05,259.09857572570564,-0.0,0.0,0.0,259.09857572570564,259.09857572570564,0.0,1.0
2659,2019-04-21 19:00:00,4,2019-04-21 20:00:00,0.13592,0.13592,0.13592,0.0,0.05,234.16032920204486,-0.0,0.0,0.0,234.16032920204486,234.16032920204486,0.0,0.0
2660,2019-04-21 20:00:00,4,2019-04-21 21:00:00,0.13592,0.13592,0.13592,0.0,0.05,223.72012510005555,-0.0,0.0,0.0,223.72012510005555,223.72012510005555,0.0,0.0
2661,2019-04-21 21:00:00,4,2019-04-21 22:00:00,0.10531,0.10531,0.10531,0.0,0.05,204.64777069864294,-0.0,0.0,0.0,204.64777069864294,204.64777069864294,0.0,0.0
2662,2019-04-21 22:00:00,4,2019-04-21 23:00:00,0.10531,0.10531,0.10531,0.0,0.05,203.71448213736429,-0.0,0.0,0.0,203.71448213736429,203.71448213736429,0.0,0.0
2663,2019-04-21 23:00:00,4,2019-04-22 00:00:00,0.10531,0.10531,0.10531,0.0,0.05,199.6988424223161,-0.0,0.0,0.0,199.6988424223161,199.6988424223161,0.0,0.0
2664,2019-04-22 00:00:00,4,2019-04-22 01:00:00,0.10531,0.10531,0.10531,0.0,0.05,200.11969905092343,-0.0,0.0,0.0,200.11969905092343,200.11969905092343,0.0,0.0
2665,2019-04-22 01:00:00,4,2019-04-22 02:00:00,0.10531,0.10531,0.10531,0.0,0.05,199.3267387987538,-93.99488458388817,0.0,0.0,293.321623382642,293.321623382642,0.0,1.0
2666,2019-04-22 02:00:00,4,2019-04-22 03:00:00,0.10531,0.10531,0.10531,0.0,0.1941254896952952,199.2817248170741,-0.0,0.0,0.0,199.2817248170741,199.2817248170741,0.0,0.0
2667,2019-04-22 03:00:00,4,2019-04-22 04:00:00,0.10531,0.10531,0.10531,0.0,0.1941254896952952,201.0327972729151,-92.28882610972687,0.0,0.0,293.321623382642,293.321623382642,0.0,1.0
2668,2019-04-22 04:00:00,4,2019-04-22 05:00:00,0.10531,0.10531,0.10531,0.0,0.3356350230635431,200.4806920731638,-0.0,0.0,0.0,200.4806920731638,200.4806920731638,0.0,0.0
2669,2019-04-22 05:00:00,4,2019-04-22 06:00:00,0.10531,0.10531,0.10531,0.0,0.3356350230635431,216.5979325722556,-76.72369081038639,0.0,0.0,293.321623382642,293.321623382642,0.0,1.0
2670,2019-04-22 06:00:00,4,2019-04-22 07:00:00,0.10531,0.10531,0.10531,0.0,0.45327801563946885,245.64640122454588,-47.67522215809609,0.0,0.0,293.321623382642,293.321623382642,0.0,1.0
2671,2019-04-22 07:00:00,4,2019-04-22 08:00:00,0.10531,0.10531,0.10531,0.0,0.5263800229485495,250.84868606291576,-25.745983526249645,0.0,0.0,276.5946695891654,276.5946695891654,0.0,1.0
2672,2019-04-22 08:00:00,4,2019-04-22 09:00:00,0.10531,0.10531,0.10531,0.0,0.5658571976887989,271.29200804301763,-22.029615339624343,0.0,0.0,293.321623382642,293.321623382642,0.0,1.0
2673,2019-04-22 09:00:00,4,2019-04-22 10:00:00,0.06431,0.06431,0.06431,0.0,0.5996359412095563,267.2786121087661,-26.04301127387589,0.0,0.0,293.321623382642,293.321623382642,0.0,1.0
2674,2019-04-22 10:00:00,4,2019-04-22 11:00:00,0.06431,0.06431,0.06431,0.0,0.639568558496166,265.1533173897622,-28.168305992879766,0.0,0.0,293.321623382642,293.321623382642,0.0,1.0
2675,2019-04-22 11:00:00,4,2019-04-22 12:00:00,0.06431,0.06431,0.06431,0.0,0.6827599610185817,256.457674844489,-36.863948538152954,0.0,0.0,293.321623382642,293.321623382642,0.0,1.0
2676,2019-04-22 12:00:00,4,2019-04-22 13:00:00,0.06431,0.06431,0.06431,0.0,0.7392846821104162,253.132245484967,-40.18937789767497,0.0,0.0,293.321623382642,293.321623382642,0.0,1.0
2677,2019-04-22 13:00:00,4,2019-04-22 14:00:00,0.06431,0.06431,0.06431,0.0,0.8009083948868513,251.97001910101193,-41.351604281630046,0.0,0.0,293.321623382642,293.321623382642,0.0,1.0
2678,2019-04-22 14:00:00,4,2019-04-22 15:00:00,0.10531,0.10531,0.10531,0.0,0.8643141881186839,244.22994375808935,-49.091679624552626,0.0,0.0,293.321623382642,293.321623382642,0.0,1.0
2679,2019-04-22 15:00:00,4,2019-04-22 16:00:00,0.10531,0.10531,0.10531,0.0,0.9395880968763313,253.92255612807546,-39.39906725456652,0.0,0.0,293.321623382642,293.321623382642,0.0,1.0
2680,2019-04-22 16:00:00,4,2019-04-22 17:00:00,0.13592,0.13592,0.13592,0.0,1.0,245.9898686275309,-0.0,245.9898686275309,0.0,0.0,0.0,0.0,0.0
2681,2019-04-22 17:00:00,4,2019-04-22 18:00:00,0.13592,0.13592,0.13592,0.0,0.5543661800225889,238.07334211762546,-0.0,238.07334211762546,0.0,0.0,0.0,0.0,0.0
2682,2019-04-22 18:00:00,4,2019-04-22 19:00:00,0.13592,0.13592,0.13592,0.0,0.12307389357761522,236.32522695898976,-0.0,40.33678925484361,0.0,195.98843770414615,195.98843770414615,0.0,0.0
2683,2019-04-22 19:00:00,4,2019-04-22 20:00:00,0.13592,0.13592,0.13592,0.0,0.05,210.78895232819434,-0.0,0.0,0.0,210.78895232819434,210.78895232819434,0.0,0.0
2684,2019-04-22 20:00:00,4,2019-04-22 21:00:00,0.13592,0.13592,0.13592,0.0,0.05,210.30832332031903,-0.0,0.0,0.0,210.30832332031903,210.30832332031903,0.0,0.0
2685,2019-04-22 21:00:00,4,2019-04-22 22:00:00,0.10531,0.10531,0.10531,0.0,0.05,207.66520528762715,-0.0,0.0,0.0,207.66520528762715,207.66520528762715,0.0,0.0
2686,2019-04-22 22:00:00,4,2019-04-22 23:00:00,0.10531,0.10531,0.10531,0.0,0.05,207.63414020564502,-0.0,0.0,0.0,207.63414020564502,207.63414020564502,0.0,0.0
2687,2019-04-22 23:00:00,4,2019-04-23 00:00:00,0.10531,0.10531,0.10531,0.0,0.05,203.9483262486921,-0.0,0.0,0.0,203.9483262486921,203.9483262486921,0.0,0.0
2688,2019-04-23 00:00:00,4,2019-04-23 01:00:00,0.10531,0.10531,0.10531,0.0,0.05,200.67704603137443,-92.64457735126754,0.0,0.0,293.321623382642,293.321623382642,0.0,1.0
2689,2019-04-23 01:00:00,4,2019-04-23 02:00:00,0.10531,0.10531,0.10531,0.0,0.1920550186052769,200.521451916748,-0.0,0.0,0.0,200.521451916748,200.521451916748,0.0,0.0
2690,2019-04-23 02:00:00,4,2019-04-23 03:00:00,0.10531,0.10531,0.10531,0.0,0.1920550186052769,199.68219639812895,-0.0,0.0,0.0,199.68219639812895,199.68219639812895,0.0,0.0
2691,2019-04-23 03:00:00,4,2019-04-23 04:00:00,0.10531,0.10531,0.10531,0.0,0.1920550186052769,201.14108385020506,-0.0,0.0,0.0,201.14108385020506,201.14108385020506,0.0,0.0
2692,2019-04-23 04:00:00,4,2019-04-23 05:00:00,0.10531,0.10531,0.10531,0.0,0.1920550186052769,201.23165747599185,-92.08996590665012,0.0,0.0,293.321623382642,293.321623382642,0.0,1.0
2693,2019-04-23 05:00:00,4,2019-04-23 06:00:00,0.10531,0.10531,0.10531,0.0,0.3332596329954738,216.82836548216312,-0.0,0.0,0.0,216.82836548216312,216.82836548216312,0.0,0.0
2694,2019-04-23 06:00:00,4,2019-04-23 07:00:00,0.10531,0.10531,0.10531,0.0,0.3332596329954738,218.82934927644692,-74.49227410619505,0.0,0.0,293.321623382642,293.321623382642,0.0,1.0
2695,2019-04-23 07:00:00,4,2019-04-23 08:00:00,0.10531,0.10531,0.10531,0.0,0.4474811199583062,240.2194967607186,-15.327927229762178,0.0,0.0,255.54742399048078,255.54742399048078,0.0,1.0
2696,2019-04-23 08:00:00,4,2019-04-23 09:00:00,0.10531,0.10531,0.10531,0.0,0.4709839417106082,238.4300906935232,-54.891532689118776,0.0,0.0,293.321623382642,293.321623382642,0.0,1.0
2697,2019-04-23 09:00:00,4,2019-04-23 10:00:00,0.06431,0.06431,0.06431,0.0,0.5551509585005904,239.36230512716546,-53.95931825547652,0.0,0.0,293.321623382642,293.321623382642,0.0,1.0
2698,2019-04-23 10:00:00,4,2019-04-23 11:00:00,0.06431,0.06431,0.06431,0.0,0.6378885798256544,237.91645094569196,-55.40517243695001,0.0,0.0,293.321623382642,293.321623382642,0.0,1.0
2699,2019-04-23 11:00:00,4,2019-04-23 12:00:00,0.06431,0.06431,0.06431,0.0,0.7228431775623111,238.79954538090215,-54.52207800173983,0.0,0.0,293.321623382642,293.321623382642,0.0,1.0
2700,2019-04-23 12:00:00,4,2019-04-23 13:00:00,0.06431,0.06431,0.06431,0.0,0.8064436971649788,228.8610482748145,-64.46057510782748,0.0,0.0,293.321623382642,293.321623382642,0.0,1.0
2701,2019-04-23 13:00:00,4,2019-04-23 14:00:00,0.06431,0.06431,0.06431,0.0,0.9052832456636475,231.54982707632524,-61.77179630631673,0.0,0.0,293.321623382642,293.321623382642,0.0,1.0
2702,2019-04-23 14:00:00,4,2019-04-23 15:00:00,0.10531,0.10531,0.10531,0.0,0.9999999999999998,233.19252087065615,-0.0,-7.844391802791507e-14,0.0,233.19252087065624,233.19252087065624,0.0,0.0
2703,2019-04-23 15:00:00,4,2019-04-23 16:00:00,0.10531,0.10531,0.10531,0.0,1.0,225.24997878256136,-0.0,0.0,0.0,225.24997878256136,225.24997878256136,0.0,0.0
2704,2019-04-23 16:00:00,4,2019-04-23 17:00:00,0.13592,0.13592,0.13592,0.0,1.0,215.5764953817578,-0.0,215.5764953817578,0.0,0.0,0.0,0.0,0.0
2705,2019-04-23 17:00:00,4,2019-04-23 18:00:00,0.13592,0.13592,0.13592,0.0,0.6094628706852214,211.83743056768557,-0.0,211.83743056768557,0.0,0.0,0.0,0.0,0.0
2706,2019-04-23 18:00:00,4,2019-04-23 19:00:00,0.13592,0.13592,0.13592,0.0,0.22569940951187797,213.812355671843,-0.0,96.98607405055665,0.0,116.82628162128634,116.82628162128634,0.0,0.0
2707,2019-04-23 19:00:00,4,2019-04-23 20:00:00,0.13592,0.13592,0.13592,0.0,0.05,207.92699727559042,-0.0,0.0,0.0,207.92699727559042,207.92699727559042,0.0,0.0
2708,2019-04-23 20:00:00,4,2019-04-23 21:00:00,0.13592,0.13592,0.13592,0.0,0.05,207.32734875402568,-0.0,0.0,0.0,207.32734875402568,207.32734875402568,0.0,0.0
2709,2019-04-23 21:00:00,4,2019-04-23 22:00:00,0.10531,0.10531,0.10531,0.0,0.05,204.43839012294984,-88.88323325969213,0.0,0.0,293.321623382642,293.321623382642,0.0,1.0
2710,2019-04-23 22:00:00,4,2019-04-23 23:00:00,0.10531,0.10531,0.10531,0.0,0.18628762433152793,203.54375136828565,-0.0,0.0,0.0,203.54375136828565,203.54375136828565,0.0,0.0
2711,2019-04-23 23:00:00,4,2019-04-24 00:00:00,0.10531,0.10531,0.10531,0.0,0.18628762433152793,198.55942157593424,-0.0,0.0,0.0,198.55942157593424,198.55942157593424,0.0,0.0
2712,2019-04-24 00:00:00,4,2019-04-24 01:00:00,0.10531,0.10531,0.10531,0.0,0.18628762433152793,200.27276644503974,-93.04885693760224,0.0,0.0,293.321623382642,293.321623382642,0.0,1.0
2713,2019-04-24 01:00:00,4,2019-04-24 02:00:00,0.10531,0.10531,0.10531,0.0,0.32896253830251804,200.93746067591985,-92.38416270672212,0.0,0.0,293.321623382642,293.321623382642,0.0,1.0
2714,2019-04-24 02:00:00,4,2019-04-24 03:00:00,0.10531,0.10531,0.10531,0.0,0.47061825445282535,201.25389901829655,-92.06772436434542,0.0,0.0,293.321623382642,293.321623382642,0.0,1.0
2715,2019-04-24 03:00:00,4,2019-04-24 04:00:00,0.10531,0.10531,0.10531,0.0,0.6117887651448217,224.31235789941096,-69.00926548323102,0.0,0.0,293.321623382642,293.321623382642,0.0,1.0
2716,2019-04-24 04:00:00,4,2019-04-24 05:00:00,0.10531,0.10531,0.10531,0.0,0.7176029722191092,225.77716892455595,-67.54445445808602,0.0,0.0,293.321623382642,293.321623382642,0.0,1.0
2717,2019-04-24 05:00:00,4,2019-04-24 06:00:00,0.10531,0.10531,0.10531,0.0,0.8211711357215077,281.2646265798269,-12.056996802815092,0.0,0.0,293.321623382642,293.321623382642,0.0,1.0
2718,2019-04-24 06:00:00,4,2019-04-24 07:00:00,0.10531,0.10531,0.10531,0.0,0.8396585308191575,312.06043795518286,-0.0,18.73881457254089,0.0,293.321623382642,293.321623382642,0.0,0.0
2719,2019-04-24 07:00:00,4,2019-04-24 08:00:00,0.10531,0.10531,0.10531,0.0,0.8057114029703516,322.742204418029,-0.0,29.420581035387045,0.0,293.321623382642,293.321623382642,0.0,0.0
2720,2019-04-24 08:00:00,4,2019-04-24 09:00:00,0.10531,0.10531,0.10531,0.0,0.7524132489207374,329.5982362359942,-0.0,36.27661285335222,0.0,293.321623382642,293.321623382642,0.0,0.0
2721,2019-04-24 09:00:00,4,2019-04-24 10:00:00,0.06431,0.06431,0.06431,0.0,0.6866947473748094,330.0338161534015,-0.0,36.71219277075954,0.0,293.321623382642,293.321623382642,0.0,0.0
2722,2019-04-24 10:00:00,4,2019-04-24 11:00:00,0.06431,0.06431,0.06431,0.0,0.6201871517756075,327.43742003617814,-0.0,34.115796653536165,0.0,293.321623382642,293.321623382642,0.0,0.0
2723,2019-04-24 11:00:00,4,2019-04-24 12:00:00,0.06431,0.06431,0.06431,0.0,0.5583831723307955,318.38344598668266,-0.0,25.061822604040685,0.0,293.321623382642,293.321623382642,0.0,0.0
2724,2019-04-24 12:00:00,4,2019-04-24 13:00:00,0.06431,0.06431,0.06431,0.0,0.5129813197872435,330.04894746605345,-0.0,36.727324083411474,0.0,293.321623382642,293.321623382642,0.0,0.0
2725,2019-04-24 13:00:00,4,2019-04-24 14:00:00,0.06431,0.06431,0.06431,0.0,0.44644631238975896,328.7164087593141,-0.0,35.39478537667213,0.0,293.321623382642,293.321623382642,0.0,0.0
2726,2019-04-24 14:00:00,4,2019-04-24 15:00:00,0.10531,0.10531,0.10531,0.0,0.3823253243885414,325.8240460796323,-0.0,32.50242269699032,0.0,293.321623382642,293.321623382642,0.0,0.0
2727,2019-04-24 15:00:00,4,2019-04-24 16:00:00,0.10531,0.10531,0.10531,0.0,0.3234441238505154,325.96858083319756,-0.0,32.64695745055559,0.0,293.321623382642,293.321623382642,0.0,0.0
2728,2019-04-24 16:00:00,4,2019-04-24 17:00:00,0.13592,0.13592,0.13592,0.0,0.26430108499081323,326.9302290517182,-0.0,118.29419891492893,0.0,208.63603013678926,208.63603013678926,0.0,0.0
2729,2019-04-24 17:00:00,4,2019-04-24 18:00:00,0.13592,0.13592,0.13592,0.0,0.05,261.7540951474743,-0.0,0.0,0.0,261.7540951474743,261.7540951474743,0.0,0.0
2730,2019-04-24 18:00:00,4,2019-04-24 19:00:00,0.13592,0.13592,0.13592,0.0,0.05,265.90636399459686,-0.0,0.0,0.0,265.90636399459686,265.90636399459686,0.0,1.0
2731,2019-04-24 19:00:00,4,2019-04-24 20:00:00,0.13592,0.13592,0.13592,0.0,0.05,234.11579321973872,-0.0,0.0,0.0,234.11579321973872,234.11579321973872,0.0,0.0
2732,2019-04-24 20:00:00,4,2019-04-24 21:00:00,0.13592,0.13592,0.13592,0.0,0.05,222.90435001821453,-0.0,0.0,0.0,222.90435001821453,222.90435001821453,0.0,0.0
2733,2019-04-24 21:00:00,4,2019-04-24 22:00:00,0.10531,0.10531,0.10531,0.0,0.05,204.8141565552178,-0.0,0.0,0.0,204.8141565552178,204.8141565552178,0.0,0.0
2734,2019-04-24 22:00:00,4,2019-04-24 23:00:00,0.10531,0.10531,0.10531,0.0,0.05,204.32339428633014,-0.0,0.0,0.0,204.32339428633014,204.32339428633014,0.0,0.0
2735,2019-04-24 23:00:00,4,2019-04-25 00:00:00,0.10531,0.10531,0.10531,0.0,0.05,200.36204437259696,-0.0,0.0,0.0,200.36204437259696,200.36204437259696,0.0,0.0
2736,2019-04-25 00:00:00,4,2019-04-25 01:00:00,0.10531,0.10531,0.10531,0.0,0.05,200.46339446095362,-92.85822892168835,0.0,0.0,293.321623382642,293.321623382642,0.0,1.0
2737,2019-04-25 01:00:00,4,2019-04-25 02:00:00,0.10531,0.10531,0.10531,0.0,0.19238261767992212,199.1781573464981,-94.14346603614388,0.0,0.0,293.321623382642,293.321623382642,0.0,1.0
2738,2019-04-25 02:00:00,4,2019-04-25 03:00:00,0.10531,0.10531,0.10531,0.0,0.3367359322686761,197.18192429273128,-96.13969908991069,0.0,0.0,293.321623382642,293.321623382642,0.0,1.0
2739,2019-04-25 03:00:00,4,2019-04-25 04:00:00,0.10531,0.10531,0.10531,0.0,0.48415013753987246,218.9207740697856,-74.40084931285637,0.0,0.0,293.321623382642,293.321623382642,0.0,1.0
2740,2019-04-25 04:00:00,4,2019-04-25 05:00:00,0.10531,0.10531,0.10531,0.0,0.5982314398195856,219.4922715551343,-73.82935182750768,0.0,0.0,293.321623382642,293.321623382642,0.0,1.0
2741,2019-04-25 05:00:00,4,2019-04-25 06:00:00,0.10531,0.10531,0.10531,0.0,0.7114364459550974,274.9733650639945,-18.34825831864748,0.0,0.0,293.321623382642,293.321623382642,0.0,1.0
2742,2019-04-25 06:00:00,4,2019-04-25 07:00:00,0.10531,0.10531,0.10531,0.0,0.7395704420436902,304.0437448841326,-0.0,10.72212150149062,0.0,293.321623382642,293.321623382642,0.0,0.0
2743,2019-04-25 07:00:00,4,2019-04-25 08:00:00,0.10531,0.10531,0.10531,0.0,0.7201463088888158,317.26734881489887,-0.0,23.945725432256893,0.0,293.321623382642,293.321623382642,0.0,0.0
2744,2019-04-25 08:00:00,4,2019-04-25 09:00:00,0.10531,0.10531,0.10531,0.0,0.6767663715115388,328.76717704294094,-0.0,35.44555366029897,0.0,293.321623382642,293.321623382642,0.0,0.0
2745,2019-04-25 09:00:00,4,2019-04-25 10:00:00,0.06431,0.06431,0.06431,0.0,0.6125534119820117,332.5836102141233,-0.0,39.26198683148135,0.0,293.321623382642,293.321623382642,0.0,0.0
2746,2019-04-25 10:00:00,4,2019-04-25 11:00:00,0.06431,0.06431,0.06431,0.0,0.5414266242438209,326.2586304143768,-0.0,32.93700703173482,0.0,293.321623382642,293.321623382642,0.0,0.0
2747,2019-04-25 11:00:00,4,2019-04-25 12:00:00,0.06431,0.06431,0.06431,0.0,0.48175813324430133,311.9547941890533,-0.0,18.63317080641133,0.0,293.321623382642,293.321623382642,0.0,0.0
2748,2019-04-25 12:00:00,4,2019-04-25 13:00:00,0.06431,0.06431,0.06431,0.0,0.44800238902978806,318.75450721544547,-0.0,25.432883832803498,0.0,293.321623382642,293.321623382642,0.0,0.0
2749,2019-04-25 13:00:00,4,2019-04-25 14:00:00,0.06431,0.06431,0.06431,0.0,0.40192832411528895,319.5156443703094,-0.0,26.194020987667443,0.0,293.321623382642,293.321623382642,0.0,0.0
2750,2019-04-25 14:00:00,4,2019-04-25 15:00:00,0.10531,0.10531,0.10531,0.0,0.35447538754342767,318.4593740487224,-0.0,25.13775066608042,0.0,293.321623382642,293.321623382642,0.0,0.0
2751,2019-04-25 15:00:00,4,2019-04-25 16:00:00,0.10531,0.10531,0.10531,0.0,0.30893598416284723,318.501658951883,-0.0,25.180035569241,0.0,293.321623382642,293.321623382642,0.0,0.0
2752,2019-04-25 16:00:00,4,2019-04-25 17:00:00,0.13592,0.13592,0.13592,0.0,0.26331997769683096,319.1311947558484,-0.0,117.75262768865068,0.0,201.37856706719774,201.37856706719774,0.0,0.0
2753,2019-04-25 17:00:00,4,2019-04-25 18:00:00,0.13592,0.13592,0.13592,0.0,0.05,259.8450120036025,-0.0,0.0,0.0,259.8450120036025,259.8450120036025,0.0,0.0
2754,2019-04-25 18:00:00,4,2019-04-25 19:00:00,0.13592,0.13592,0.13592,0.0,0.05,266.7182981428759,-0.0,0.0,0.0,266.7182981428759,266.7182981428759,0.0,1.0
2755,2019-04-25 19:00:00,4,2019-04-25 20:00:00,0.13592,0.13592,0.13592,0.0,0.05,234.5382309329804,-0.0,0.0,0.0,234.5382309329804,234.5382309329804,0.0,0.0
2756,2019-04-25 20:00:00,4,2019-04-25 21:00:00,0.13592,0.13592,0.13592,0.0,0.05,222.59385333114668,-0.0,0.0,0.0,222.59385333114668,222.59385333114668,0.0,0.0
2757,2019-04-25 21:00:00,4,2019-04-25 22:00:00,0.10531,0.10531,0.10531,0.0,0.05,203.93118981245877,-0.0,0.0,0.0,203.93118981245877,203.93118981245877,0.0,0.0
2758,2019-04-25 22:00:00,4,2019-04-25 23:00:00,0.10531,0.10531,0.10531,0.0,0.05,203.285150110577,-0.0,0.0,0.0,203.285150110577,203.285150110577,0.0,0.0
2759,2019-04-25 23:00:00,4,2019-04-26 00:00:00,0.10531,0.10531,0.10531,0.0,0.05,200.38587006305283,-0.0,0.0,0.0,200.38587006305283,200.38587006305283,0.0,0.0
2760,2019-04-26 00:00:00,4,2019-04-26 01:00:00,0.10531,0.10531,0.10531,0.0,0.05,198.28555327729754,-95.03607010534444,0.0,0.0,293.321623382642,293.321623382642,0.0,1.0
2761,2019-04-26 01:00:00,4,2019-04-26 02:00:00,0.10531,0.10531,0.10531,0.0,0.19572197416152814,198.87289549594053,-94.44872788670145,0.0,0.0,293.321623382642,293.321623382642,0.0,1.0
2762,2019-04-26 02:00:00,4,2019-04-26 03:00:00,0.10531,0.10531,0.10531,0.0,0.340543356921137,198.36189071145844,-94.95973267118353,0.0,0.0,293.321623382642,293.321623382642,0.0,1.0
2763,2019-04-26 03:00:00,4,2019-04-26 04:00:00,0.10531,0.10531,0.10531,0.0,0.4861482803502851,219.46480857556105,-73.85681480708092,0.0,0.0,293.321623382642,293.321623382642,0.0,1.0
2764,2019-04-26 04:00:00,4,2019-04-26 05:00:00,0.10531,0.10531,0.10531,0.0,0.5993953963878091,219.94104425640666,-73.38057912623532,0.0,0.0,293.321623382642,293.321623382642,0.0,1.0
2765,2019-04-26 05:00:00,4,2019-04-26 06:00:00,0.10531,0.10531,0.10531,0.0,0.71191228438137,273.12143430600173,-20.200189076640243,0.0,0.0,293.321623382642,293.321623382642,0.0,1.0
2766,2019-04-26 06:00:00,4,2019-04-26 07:00:00,0.10531,0.10531,0.10531,0.0,0.7428859076322183,302.98954346448664,-0.0,9.66792008184467,0.0,293.321623382642,293.321623382642,0.0,0.0
2767,2019-04-26 07:00:00,4,2019-04-26 08:00:00,0.10531,0.10531,0.10531,0.0,0.725371559657862,317.6182581778033,-0.0,24.29663479516131,0.0,293.321623382642,293.321623382642,0.0,0.0
2768,2019-04-26 08:00:00,4,2019-04-26 09:00:00,0.10531,0.10531,0.10531,0.0,0.6813559169130046,330.44263512473435,-0.0,37.12101174209238,0.0,293.321623382642,293.321623382642,0.0,0.0
2769,2019-04-26 09:00:00,4,2019-04-26 10:00:00,0.06431,0.06431,0.06431,0.0,0.614107707235301,328.7922803971439,-0.0,35.47065701450191,0.0,293.321623382642,293.321623382642,0.0,0.0
2770,2019-04-26 10:00:00,4,2019-04-26 11:00:00,0.06431,0.06431,0.06431,0.0,0.5498492706148265,325.21844707038906,-0.0,31.896823687747087,0.0,293.321623382642,293.321623382642,0.0,0.0
2771,2019-04-26 11:00:00,4,2019-04-26 12:00:00,0.06431,0.06431,0.06431,0.0,0.4920651697312267,310.90533675399996,-0.0,17.583713371357987,0.0,293.321623382642,293.321623382642,0.0,0.0
2772,2019-04-26 12:00:00,4,2019-04-26 13:00:00,0.06431,0.06431,0.06431,0.0,0.4602106165222449,314.8569859972737,-0.0,21.53536261463171,0.0,293.321623382642,293.321623382642,0.0,0.0
2773,2019-04-26 13:00:00,4,2019-04-26 14:00:00,0.06431,0.06431,0.06431,0.0,0.4211972784522599,314.21821119393866,-0.0,20.896587811296683,0.0,293.321623382642,293.321623382642,0.0,0.0
2774,2019-04-26 14:00:00,4,2019-04-26 15:00:00,0.10531,0.10531,0.10531,0.0,0.3833411411129543,313.6083208731803,-0.0,20.2866974905383,0.0,293.321623382642,293.321623382642,0.0,0.0
2775,2019-04-26 15:00:00,4,2019-04-26 16:00:00,0.10531,0.10531,0.10531,0.0,0.3465898775431386,314.383340620749,-0.0,21.061717238107008,0.0,293.321623382642,293.321623382642,0.0,0.0
2776,2019-04-26 16:00:00,4,2019-04-26 17:00:00,0.13592,0.13592,0.13592,0.0,0.3084345926914954,316.7775970938586,-0.0,142.6558951657055,0.0,174.12170192815313,174.12170192815313,0.0,0.0
2777,2019-04-26 17:00:00,4,2019-04-26 18:00:00,0.13592,0.13592,0.13592,0.0,0.05,256.5096635932277,-0.0,0.0,0.0,256.5096635932277,256.5096635932277,0.0,0.0
2778,2019-04-26 18:00:00,4,2019-04-26 19:00:00,0.13592,0.13592,0.13592,0.0,0.05,262.60173022907986,-0.0,0.0,0.0,262.60173022907986,262.60173022907986,0.0,1.0
2779,2019-04-26 19:00:00,4,2019-04-26 20:00:00,0.13592,0.13592,0.13592,0.0,0.05,235.46591208276868,-0.0,0.0,0.0,235.46591208276868,235.46591208276868,0.0,0.0
2780,2019-04-26 20:00:00,4,2019-04-26 21:00:00,0.13592,0.13592,0.13592,0.0,0.05,224.07257683085388,-0.0,0.0,0.0,224.07257683085388,224.07257683085388,0.0,0.0
2781,2019-04-26 21:00:00,4,2019-04-26 22:00:00,0.10531,0.10531,0.10531,0.0,0.05,206.12636447922227,-0.0,0.0,0.0,206.12636447922227,206.12636447922227,0.0,0.0
2782,2019-04-26 22:00:00,4,2019-04-26 23:00:00,0.10531,0.10531,0.10531,0.0,0.05,205.11102793950405,-0.0,0.0,0.0,205.11102793950405,205.11102793950405,0.0,0.0
2783,2019-04-26 23:00:00,4,2019-04-27 00:00:00,0.10531,0.10531,0.10531,0.0,0.05,200.61767441355332,-0.0,0.0,0.0,200.61767441355332,200.61767441355332,0.0,0.0
2784,2019-04-27 00:00:00,4,2019-04-27 01:00:00,0.10531,0.10531,0.10531,0.0,0.05,200.56503251260835,-92.75659087003362,0.0,0.0,293.321623382642,293.321623382642,0.0,1.0
2785,2019-04-27 01:00:00,4,2019-04-27 02:00:00,0.10531,0.10531,0.10531,0.0,0.1922267726673849,201.0142399839343,-92.30738339870769,0.0,0.0,293.321623382642,293.321623382642,0.0,1.0
2786,2019-04-27 02:00:00,4,2019-04-27 03:00:00,0.10531,0.10531,0.10531,0.0,0.3337647605454033,200.3561613695103,-92.96546201313168,0.0,0.0,293.321623382642,293.321623382642,0.0,1.0
2787,2019-04-27 03:00:00,4,2019-04-27 04:00:00,0.10531,0.10531,0.10531,0.0,0.4763118022988719,222.29048061280545,-71.03114276983652,0.0,0.0,293.321623382642,293.321623382642,0.0,1.0
2788,2019-04-27 04:00:00,4,2019-04-27 05:00:00,0.10531,0.10531,0.10531,0.0,0.5852262212126212,221.02372651061947,-72.2978968720225,0.0,0.0,293.321623382642,293.321623382642,0.0,1.0
2789,2019-04-27 05:00:00,4,2019-04-27 06:00:00,0.10531,0.10531,0.10531,0.0,0.6960829964163892,275.1977909438768,-18.12383243876519,0.0,0.0,293.321623382642,293.321623382642,0.0,1.0
2790,2019-04-27 06:00:00,4,2019-04-27 07:00:00,0.10531,0.10531,0.10531,0.0,0.7238728728224958,308.28088396230993,-0.0,14.959260579667955,0.0,293.321623382642,293.321623382642,0.0,0.0
2791,2019-04-27 07:00:00,4,2019-04-27 08:00:00,0.10531,0.10531,0.10531,0.0,0.6967727630767205,321.9910166349928,-0.0,28.6693932523508,0.0,293.321623382642,293.321623382642,0.0,0.0
2792,2019-04-27 08:00:00,4,2019-04-27 09:00:00,0.10531,0.10531,0.10531,0.0,0.644835456460143,331.46832522118456,-0.0,38.14670183854258,0.0,293.321623382642,293.321623382642,0.0,0.0
2793,2019-04-27 09:00:00,4,2019-04-27 10:00:00,0.06431,0.06431,0.06431,0.0,0.5757291125497397,326.43797158600853,-0.0,33.116348203366556,0.0,293.321623382642,293.321623382642,0.0,0.0
2794,2019-04-27 10:00:00,4,2019-04-27 11:00:00,0.06431,0.06431,0.06431,0.0,0.515735728123351,324.04468980794667,-0.0,30.723066425304694,0.0,293.321623382642,293.321623382642,0.0,0.0
2795,2019-04-27 11:00:00,4,2019-04-27 12:00:00,0.06431,0.06431,0.06431,0.0,0.4600779990920019,310.4975791726286,-0.0,17.17595578998663,0.0,293.321623382642,293.321623382642,0.0,0.0
2796,2019-04-27 12:00:00,4,2019-04-27 13:00:00,0.06431,0.06431,0.06431,0.0,0.4289621371536203,322.51062479388594,-0.0,29.189001411243964,0.0,293.321623382642,293.321623382642,0.0,0.0
2797,2019-04-27 13:00:00,4,2019-04-27 14:00:00,0.06431,0.06431,0.06431,0.0,0.3760835114086132,324.84281877337446,-0.0,31.521195390732487,0.0,293.321623382642,293.321623382642,0.0,0.0
2798,2019-04-27 14:00:00,4,2019-04-27 15:00:00,0.10531,0.10531,0.10531,0.0,0.31897989657032966,325.58990844653806,-0.0,32.26828506389609,0.0,293.321623382642,293.321623382642,0.0,0.0
2799,2019-04-27 15:00:00,4,2019-04-27 16:00:00,0.10531,0.10531,0.10531,0.0,0.2605228584110976,323.09753199162293,-0.0,29.775908608980956,0.0,293.321623382642,293.321623382642,0.0,0.0
2800,2019-04-27 16:00:00,4,2019-04-27 17:00:00,0.13592,0.13592,0.13592,0.0,0.20658099498903068,322.8109195617724,-0.0,86.43270923394493,0.0,236.37821032782745,236.37821032782745,0.0,0.0
2801,2019-04-27 17:00:00,4,2019-04-27 18:00:00,0.13592,0.13592,0.13592,0.0,0.05,261.14724104391667,-0.0,0.0,0.0,261.14724104391667,261.14724104391667,0.0,1.0
2802,2019-04-27 18:00:00,4,2019-04-27 19:00:00,0.13592,0.13592,0.13592,0.0,0.05,266.98963728964384,-0.0,0.0,0.0,266.98963728964384,266.98963728964384,0.0,0.0
2803,2019-04-27 19:00:00,4,2019-04-27 20:00:00,0.13592,0.13592,0.13592,0.0,0.05,235.0053952469937,-0.0,0.0,0.0,235.0053952469937,235.0053952469937,0.0,0.0
2804,2019-04-27 20:00:00,4,2019-04-27 21:00:00,0.13592,0.13592,0.13592,0.0,0.05,223.73178200576604,-0.0,0.0,0.0,223.73178200576604,223.73178200576604,0.0,0.0
2805,2019-04-27 21:00:00,4,2019-04-27 22:00:00,0.10531,0.10531,0.10531,0.0,0.05,206.65142901254268,-0.0,0.0,0.0,206.65142901254268,206.65142901254268,0.0,0.0
2806,2019-04-27 22:00:00,4,2019-04-27 23:00:00,0.10531,0.10531,0.10531,0.0,0.05,206.78907277422107,-0.0,0.0,0.0,206.78907277422107,206.78907277422107,0.0,0.0
2807,2019-04-27 23:00:00,4,2019-04-28 00:00:00,0.10531,0.10531,0.10531,0.0,0.05,203.73030506258078,-0.0,0.0,0.0,203.73030506258078,203.73030506258078,0.0,0.0
2808,2019-04-28 00:00:00,4,2019-04-28 01:00:00,0.10531,0.10531,0.10531,0.0,0.05,203.40843294034488,-89.9131904422971,0.0,0.0,293.321623382642,293.321623382642,0.0,1.0
2809,2019-04-28 01:00:00,4,2019-04-28 02:00:00,0.10531,0.10531,0.10531,0.0,0.1878668920115222,203.13886757563537,-90.1827558070066,0.0,0.0,293.321623382642,293.321623382642,0.0,1.0
2810,2019-04-28 02:00:00,4,2019-04-28 03:00:00,0.10531,0.10531,0.10531,0.0,0.32614711758226567,203.0523182274059,-90.26930515523608,0.0,0.0,293.321623382642,293.321623382642,0.0,1.0
2811,2019-04-28 03:00:00,4,2019-04-28 04:00:00,0.10531,0.10531,0.10531,0.0,0.4645600521536277,226.33081270578674,-66.99081067685523,0.0,0.0,293.321623382642,293.321623382642,0.0,1.0
2812,2019-04-28 04:00:00,4,2019-04-28 05:00:00,0.10531,0.10531,0.10531,0.0,0.5672792951914724,226.8222066887977,-66.49941669384427,0.0,0.0,293.321623382642,293.321623382642,0.0,1.0
2813,2019-04-28 05:00:00,4,2019-04-28 06:00:00,0.10531,0.10531,0.10531,0.0,0.6692450674553669,281.7974870030226,-11.524136379619392,0.0,0.0,293.321623382642,293.321623382642,0.0,1.0
2814,2019-04-28 06:00:00,4,2019-04-28 07:00:00,0.10531,0.10531,0.10531,0.0,0.6869154099041166,312.611337450655,-0.0,19.28971406801304,0.0,293.321623382642,293.321623382642,0.0,0.0
2815,2019-04-28 07:00:00,4,2019-04-28 08:00:00,0.10531,0.10531,0.10531,0.0,0.6519702757229335,324.0241746056677,-0.0,30.70255122302575,0.0,293.321623382642,293.321623382642,0.0,0.0
2816,2019-04-28 08:00:00,4,2019-04-28 09:00:00,0.10531,0.10531,0.10531,0.0,0.5963497119131043,333.3191330046842,-0.0,39.99750962204223,0.0,293.321623382642,293.321623382642,0.0,0.0
2817,2019-04-28 09:00:00,4,2019-04-28 10:00:00,0.06431,0.06431,0.06431,0.0,0.5238904553514335,329.7408702517719,-0.0,36.41924686912995,0.0,293.321623382642,293.321623382642,0.0,0.0
2818,2019-04-28 10:00:00,4,2019-04-28 11:00:00,0.06431,0.06431,0.06431,0.0,0.45791355884938656,325.7367941803637,-0.0,32.415170797721714,0.0,293.321623382642,293.321623382642,0.0,0.0
2819,2019-04-28 11:00:00,4,2019-04-28 12:00:00,0.06431,0.06431,0.06431,0.0,0.39919042334626753,310.9857941056086,-0.0,17.664170722966617,0.0,293.321623382642,293.321623382642,0.0,0.0
2820,2019-04-28 12:00:00,4,2019-04-28 13:00:00,0.06431,0.06431,0.06431,0.0,0.36719011406553087,322.94610984230917,-0.0,29.624486459667196,0.0,293.321623382642,293.321623382642,0.0,0.0
2821,2019-04-28 13:00:00,4,2019-04-28 14:00:00,0.06431,0.06431,0.06431,0.0,0.31352256613135115,322.54218748597236,-0.0,29.22056410333039,0.0,293.321623382642,293.321623382642,0.0,0.0
2822,2019-04-28 14:00:00,4,2019-04-28 15:00:00,0.10531,0.10531,0.10531,0.0,0.2605867615963323,317.22340213731667,-0.0,23.901778754674694,0.0,293.321623382642,293.321623382642,0.0,0.0
2823,2019-04-28 15:00:00,4,2019-04-28 16:00:00,0.10531,0.10531,0.10531,0.0,0.2172864377653999,319.915854748595,-0.0,26.59423136595302,0.0,293.321623382642,293.321623382642,0.0,0.0
2824,2019-04-28 16:00:00,4,2019-04-28 17:00:00,0.13592,0.13592,0.13592,0.0,0.16910848239229662,325.10450290282085,-0.0,31.78287952017888,0.0,293.321623382642,293.321623382642,0.0,0.0
2825,2019-04-28 17:00:00,4,2019-04-28 18:00:00,0.13592,0.13592,0.13592,0.0,0.11153080210211751,263.66277723656776,-0.0,0.0,0.0,263.66277723656776,263.66277723656776,0.0,0.0
2826,2019-04-28 18:00:00,4,2019-04-28 19:00:00,0.13592,0.13592,0.13592,0.0,0.11153080210211751,266.06837569726343,-0.0,0.0,0.0,266.06837569726343,266.06837569726343,0.0,0.0
2827,2019-04-28 19:00:00,4,2019-04-28 20:00:00,0.13592,0.13592,0.13592,0.0,0.11153080210211751,234.30749209366093,-0.0,33.96500276036886,0.0,200.34248933329206,200.34248933329206,0.0,0.0
2828,2019-04-28 20:00:00,4,2019-04-28 21:00:00,0.13592,0.13592,0.13592,0.0,0.05,223.98525912378398,-0.0,0.0,0.0,223.98525912378398,223.98525912378398,0.0,0.0
2829,2019-04-28 21:00:00,4,2019-04-28 22:00:00,0.10531,0.10531,0.10531,0.0,0.05,207.20498443011266,-0.0,0.0,0.0,207.20498443011266,207.20498443011266,0.0,0.0
2830,2019-04-28 22:00:00,4,2019-04-28 23:00:00,0.10531,0.10531,0.10531,0.0,0.05,207.0749713817637,-0.0,0.0,0.0,207.0749713817637,207.0749713817637,0.0,0.0
2831,2019-04-28 23:00:00,4,2019-04-29 00:00:00,0.10531,0.10531,0.10531,0.0,0.05,203.21866637919615,-0.0,0.0,0.0,203.21866637919615,203.21866637919615,0.0,0.0
2832,2019-04-29 00:00:00,4,2019-04-29 01:00:00,0.10531,0.10531,0.10531,0.0,0.05,202.55259428358752,-90.76902909905445,0.0,0.0,293.321623382642,293.321623382642,0.0,1.0
2833,2019-04-29 01:00:00,4,2019-04-29 02:00:00,0.10531,0.10531,0.10531,0.0,0.1891791779518835,201.10963772558966,-87.91910910993026,0.0,0.0,289.02874683551994,289.02874683551994,0.0,1.0
2834,2019-04-29 02:00:00,4,2019-04-29 03:00:00,0.10531,0.10531,0.10531,0.0,0.3239884785871099,199.56947557846505,-0.0,0.0,0.0,199.56947557846505,199.56947557846505,0.0,0.0
2835,2019-04-29 03:00:00,4,2019-04-29 04:00:00,0.10531,0.10531,0.10531,0.0,0.3239884785871099,199.7181121486378,-93.60351123400417,0.0,0.0,293.321623382642,293.321623382642,0.0,1.0
2836,2019-04-29 04:00:00,4,2019-04-29 05:00:00,0.10531,0.10531,0.10531,0.0,0.46751386247924964,199.67402094233202,-0.0,0.0,0.0,199.67402094233202,199.67402094233202,0.0,0.0
2837,2019-04-29 05:00:00,4,2019-04-29 06:00:00,0.10531,0.10531,0.10531,0.0,0.46751386247924964,216.33100540357415,-0.0,0.0,0.0,216.33100540357415,216.33100540357415,0.0,0.0
2838,2019-04-29 06:00:00,4,2019-04-29 07:00:00,0.10531,0.10531,0.10531,0.0,0.46751386247924964,248.22756822355058,-45.0940551590914,0.0,0.0,293.321623382642,293.321623382642,0.0,1.0
2839,2019-04-29 07:00:00,4,2019-04-29 08:00:00,0.10531,0.10531,0.10531,0.0,0.5366580803898564,252.4931074909974,-40.82851589164457,0.0,0.0,293.321623382642,293.321623382642,0.0,1.0
2840,2019-04-29 08:00:00,4,2019-04-29 09:00:00,0.10531,0.10531,0.10531,0.0,0.5992618047570447,279.68154802027277,-13.640075362369203,0.0,0.0,293.321623382642,293.321623382642,0.0,1.0
2841,2019-04-29 09:00:00,4,2019-04-29 10:00:00,0.06431,0.06431,0.06431,0.0,0.6201765869793442,275.9629645009176,-17.358658881724352,0.0,0.0,293.321623382642,293.321623382642,0.0,1.0
2842,2019-04-29 10:00:00,4,2019-04-29 11:00:00,0.06431,0.06431,0.06431,0.0,0.6467931972646549,270.43377069200085,-22.887852690641125,0.0,0.0,293.321623382642,293.321623382642,0.0,1.0
2843,2019-04-29 11:00:00,4,2019-04-29 12:00:00,0.06431,0.06431,0.06431,0.0,0.6818879047236379,259.58651856168035,-33.735104820961624,0.0,0.0,293.321623382642,293.321623382642,0.0,1.0
2844,2019-04-29 12:00:00,4,2019-04-29 13:00:00,0.06431,0.06431,0.06431,0.0,0.7336150654491124,256.9147662280107,-36.40685715463127,0.0,0.0,293.321623382642,293.321623382642,0.0,1.0
2845,2019-04-29 13:00:00,4,2019-04-29 14:00:00,0.06431,0.06431,0.06431,0.0,0.7894389130862136,256.7758111471326,-36.5458122355094,0.0,0.0,293.321623382642,293.321623382642,0.0,1.0
2846,2019-04-29 14:00:00,4,2019-04-29 15:00:00,0.10531,0.10531,0.10531,0.0,0.8454758251806614,241.00692829919538,-52.314695083446594,0.0,0.0,293.321623382642,293.321623382642,0.0,1.0
2847,2019-04-29 15:00:00,4,2019-04-29 16:00:00,0.10531,0.10531,0.10531,0.0,0.9256916909752795,244.85968271434604,-48.46194066829594,0.0,0.0,293.321623382642,293.321623382642,0.0,1.0
2848,2019-04-29 16:00:00,4,2019-04-29 17:00:00,0.13592,0.13592,0.13592,0.0,1.0,237.81565705531492,-0.0,237.81565705531492,0.0,0.0,0.0,0.0,0.0
2849,2019-04-29 17:00:00,4,2019-04-29 18:00:00,0.13592,0.13592,0.13592,0.0,0.5691745343200817,231.9583179085028,-0.0,231.9583179085028,0.0,0.0,0.0,0.0,0.0
2850,2019-04-29 18:00:00,4,2019-04-29 19:00:00,0.13592,0.13592,0.13592,0.0,0.1489601902829389,235.56065840732256,-0.0,54.62602503618226,0.0,180.9346333711403,180.9346333711403,0.0,0.0
2851,2019-04-29 19:00:00,4,2019-04-29 20:00:00,0.13592,0.13592,0.13592,0.0,0.05,210.30521877020277,-0.0,0.0,0.0,210.30521877020277,210.30521877020277,0.0,0.0
2852,2019-04-29 20:00:00,4,2019-04-29 21:00:00,0.13592,0.13592,0.13592,0.0,0.05,208.99596119041675,-0.0,0.0,0.0,208.99596119041675,208.99596119041675,0.0,0.0
2853,2019-04-29 21:00:00,4,2019-04-29 22:00:00,0.10531,0.10531,0.10531,0.0,0.05,206.110539327753,-0.0,0.0,0.0,206.110539327753,206.110539327753,0.0,0.0
2854,2019-04-29 22:00:00,4,2019-04-29 23:00:00,0.10531,0.10531,0.10531,0.0,0.05,205.89820746802445,-0.0,0.0,0.0,205.89820746802445,205.89820746802445,0.0,0.0
2855,2019-04-29 23:00:00,4,2019-04-30 00:00:00,0.10531,0.10531,0.10531,0.0,0.05,201.81269389329034,-0.0,0.0,0.0,201.81269389329034,201.81269389329034,0.0,0.0
2856,2019-04-30 00:00:00,4,2019-04-30 01:00:00,0.10531,0.10531,0.10531,0.0,0.05,198.2961180540679,-0.0,0.0,0.0,198.2961180540679,198.2961180540679,0.0,0.0
2857,2019-04-30 01:00:00,4,2019-04-30 02:00:00,0.10531,0.10531,0.10531,0.0,0.05,198.64722581714273,-0.0,0.0,0.0,198.64722581714273,198.64722581714273,0.0,0.0
2858,2019-04-30 02:00:00,4,2019-04-30 03:00:00,0.10531,0.10531,0.10531,0.0,0.05,198.78193636043625,-0.0,0.0,0.0,198.78193636043625,198.78193636043625,0.0,0.0
2859,2019-04-30 03:00:00,4,2019-04-30 04:00:00,0.10531,0.10531,0.10531,0.0,0.05,200.73533775899037,-0.0,0.0,0.0,200.73533775899037,200.73533775899037,0.0,0.0
2860,2019-04-30 04:00:00,4,2019-04-30 05:00:00,0.10531,0.10531,0.10531,0.0,0.05,199.27216872183885,-0.0,0.0,0.0,199.27216872183885,199.27216872183885,0.0,0.0
2861,2019-04-30 05:00:00,4,2019-04-30 06:00:00,0.10531,0.10531,0.10531,0.0,0.05,214.28530603094592,-66.96601404636355,0.0,0.0,281.25132007730946,281.25132007730946,0.0,1.0
2862,2019-04-30 06:00:00,4,2019-04-30 07:00:00,0.10531,0.10531,0.10531,0.0,0.15268122153775746,216.5092622214355,-0.0,0.0,0.0,216.5092622214355,216.5092622214355,0.0,0.0
2863,2019-04-30 07:00:00,4,2019-04-30 08:00:00,0.10531,0.10531,0.10531,0.0,0.15268122153775746,238.48608117300853,-54.835542209633445,0.0,0.0,293.321623382642,293.321623382642,0.0,1.0
2864,2019-04-30 08:00:00,4,2019-04-30 09:00:00,0.10531,0.10531,0.10531,0.0,0.23676238625919543,237.86669744926883,-55.45492593337315,0.0,0.0,293.321623382642,293.321623382642,0.0,1.0
2865,2019-04-30 09:00:00,4,2019-04-30 10:00:00,0.06431,0.06431,0.06431,0.0,0.32179327269036756,235.2006083131087,-58.121015069533286,0.0,0.0,293.321623382642,293.321623382642,0.0,1.0
2866,2019-04-30 10:00:00,4,2019-04-30 11:00:00,0.06431,0.06431,0.06431,0.0,0.4109121624636519,230.40198886338976,-62.91963451925221,0.0,0.0,293.321623382642,293.321623382642,0.0,1.0
2867,2019-04-30 11:00:00,4,2019-04-30 12:00:00,0.06431,0.06431,0.06431,0.0,0.507388935393172,227.47601803986154,-65.84560534278043,0.0,0.0,293.321623382642,293.321623382642,0.0,1.0
2868,2019-04-30 12:00:00,4,2019-04-30 13:00:00,0.06431,0.06431,0.06431,0.0,0.6083521969187686,226.13197055780364,-67.18965282483833,0.0,0.0,293.321623382642,293.321623382642,0.0,1.0
2869,2019-04-30 13:00:00,4,2019-04-30 14:00:00,0.06431,0.06431,0.06431,0.0,0.7113763312501874,229.28816553397903,-64.03345784866295,0.0,0.0,293.321623382642,293.321623382642,0.0,1.0
2870,2019-04-30 14:00:00,4,2019-04-30 15:00:00,0.10531,0.10531,0.10531,0.0,0.8095609666181371,233.38786597540465,-59.93375740723732,0.0,0.0,293.321623382642,293.321623382642,0.0,1.0
2871,2019-04-30 15:00:00,4,2019-04-30 16:00:00,0.10531,0.10531,0.10531,0.0,0.9014593946425677,229.05601119301232,-64.26561218962965,0.0,0.0,293.321623382642,293.321623382642,0.0,1.0
2872,2019-04-30 16:00:00,4,2019-04-30 17:00:00,0.13592,0.13592,0.13592,0.0,1.0,219.69149114986354,-0.0,219.69149114986354,0.0,0.0,0.0,0.0,0.0
2873,2019-04-30 17:00:00,4,2019-04-30 18:00:00,0.13592,0.13592,0.13592,0.0,0.602008168206769,212.69786770656202,-0.0,212.69786770656202,0.0,0.0,0.0,0.0,0.0
2874,2019-04-30 18:00:00,4,2019-04-30 19:00:00,0.13592,0.13592,0.13592,0.0,0.2166859441006783,213.54914167942275,-0.0,92.01064114357443,0.0,121.53850053584831,121.53850053584831,0.0,0.0
2875,2019-04-30 19:00:00,4,2019-04-30 20:00:00,0.13592,0.13592,0.13592,0.0,0.05,207.67953795565353,-0.0,0.0,0.0,207.67953795565353,207.67953795565353,0.0,0.0
2876,2019-04-30 20:00:00,4,2019-04-30 21:00:00,0.13592,0.13592,0.13592,0.0,0.05,207.17799045064356,-0.0,0.0,0.0,207.17799045064356,207.17799045064356,0.0,0.0
2877,2019-04-30 21:00:00,4,2019-04-30 22:00:00,0.10531,0.10531,0.10531,0.0,0.05,204.4697671160944,-0.0,0.0,0.0,204.4697671160944,204.4697671160944,0.0,0.0
2878,2019-04-30 22:00:00,4,2019-04-30 23:00:00,0.10531,0.10531,0.10531,0.0,0.05,204.37314774806626,-0.0,0.0,0.0,204.37314774806626,204.37314774806626,0.0,0.0
2879,2019-04-30 23:00:00,4,2019-05-01 00:00:00,0.10531,0.10531,0.10531,0.0,0.05,200.82877582383975,-0.0,0.0,0.0,200.82877582383975,200.82877582383975,0.0,0.0
2880,2019-05-01 00:00:00,5,2019-05-01 01:00:00,0.10531,0.10531,0.10531,0.0,0.05,203.1270092904417,-83.24206364446869,0.0,0.0,286.3690729349104,286.3690729349104,0.0,1.0
2881,2019-05-01 01:00:00,5,2019-05-01 02:00:00,0.10531,0.10531,0.10531,0.0,0.17763783092151866,202.99365885564433,-83.37541407926605,0.0,0.0,286.3690729349104,286.3690729349104,0.0,1.0
2882,2019-05-01 02:00:00,5,2019-05-01 03:00:00,0.10531,0.10531,0.10531,0.0,0.3054801325097266,202.57930858744146,-83.78976434746892,0.0,0.0,286.3690729349104,286.3690729349104,0.0,1.0
2883,2019-05-01 03:00:00,5,2019-05-01 04:00:00,0.10531,0.10531,0.10531,0.0,0.4339577711758456,224.88953357811903,-61.479539356791356,0.0,0.0,286.3690729349104,286.3690729349104,0.0,1.0
2884,2019-05-01 04:00:00,5,2019-05-01 05:00:00,0.10531,0.10531,0.10531,0.0,0.5282263981895923,224.95926057374044,-61.40981236116995,0.0,0.0,286.3690729349104,286.3690729349104,0.0,1.0
2885,2019-05-01 05:00:00,5,2019-05-01 06:00:00,0.10531,0.10531,0.10531,0.0,0.6223881104767196,279.81847491623483,-6.550598018675549,0.0,0.0,286.3690729349104,286.3690729349104,0.0,1.0
2886,2019-05-01 06:00:00,5,2019-05-01 07:00:00,0.10531,0.10531,0.10531,0.0,0.632432360772022,310.2902458242683,-0.0,23.921172889357933,0.0,286.3690729349104,286.3690729349104,0.0,0.0
2887,2019-05-01 07:00:00,5,2019-05-01 08:00:00,0.10531,0.10531,0.10531,0.0,0.5890969026391274,321.66434581367236,-0.0,35.29527287876198,0.0,286.3690729349104,286.3690729349104,0.0,0.0
2888,2019-05-01 08:00:00,5,2019-05-01 09:00:00,0.10531,0.10531,0.10531,0.0,0.5251561909022398,331.62648815831324,-0.0,45.25741522340286,0.0,286.3690729349104,286.3690729349104,0.0,0.0
2889,2019-05-01 09:00:00,5,2019-05-01 10:00:00,0.06431,0.06431,0.06431,0.0,0.44316811984535054,327.51235404128096,-0.0,41.14328110637058,0.0,286.3690729349104,286.3690729349104,0.0,0.0
2890,2019-05-01 10:00:00,5,2019-05-01 11:00:00,0.06431,0.06431,0.06431,0.0,0.36863319030482433,320.02347336458575,-0.0,33.65440042967538,0.0,286.3690729349104,286.3690729349104,0.0,0.0
2891,2019-05-01 11:00:00,5,2019-05-01 12:00:00,0.06431,0.06431,0.06431,0.0,0.307665073584398,303.96415512261757,-0.0,17.59508218770719,0.0,286.3690729349104,286.3690729349104,0.0,0.0
2892,2019-05-01 12:00:00,5,2019-05-01 13:00:00,0.06431,0.06431,0.06431,0.0,0.27578992469362407,310.436436028159,-0.0,24.067363093248616,0.0,286.3690729349104,286.3690729349104,0.0,0.0
2893,2019-05-01 13:00:00,5,2019-05-01 14:00:00,0.06431,0.06431,0.06431,0.0,0.23218962923484032,308.278321303288,-0.0,21.909248368377632,0.0,286.3690729349104,286.3690729349104,0.0,0.0
2894,2019-05-01 14:00:00,5,2019-05-01 15:00:00,0.10531,0.10531,0.10531,0.0,0.1924989619008229,308.32982583890185,-0.0,21.960752903991477,0.0,286.3690729349104,286.3690729349104,0.0,0.0
2895,2019-05-01 15:00:00,5,2019-05-01 16:00:00,0.10531,0.10531,0.10531,0.0,0.15271498924866445,313.8352925838554,-0.0,27.46621964894502,0.0,286.3690729349104,286.3690729349104,0.0,0.0
2896,2019-05-01 16:00:00,5,2019-05-01 17:00:00,0.13592,0.13592,0.13592,0.0,0.10295734495709738,315.6015273512281,-0.0,29.23245441631775,0.0,286.3690729349104,286.3690729349104,0.0,0.0
2897,2019-05-01 17:00:00,5,2019-05-01 18:00:00,0.13592,0.13592,0.13592,0.0,0.05,243.6009922669341,-0.0,0.0,0.0,243.6009922669341,243.6009922669341,0.0,0.0
2898,2019-05-01 18:00:00,5,2019-05-01 19:00:00,0.13592,0.13592,0.13592,0.0,0.05,240.14128614508948,-0.0,0.0,0.0,240.14128614508948,240.14128614508948,0.0,0.0
2899,2019-05-01 19:00:00,5,2019-05-01 20:00:00,0.13592,0.13592,0.13592,0.0,0.05,215.58087877372282,-0.0,0.0,0.0,215.58087877372282,215.58087877372282,0.0,0.0
2900,2019-05-01 20:00:00,5,2019-05-01 21:00:00,0.13592,0.13592,0.13592,0.0,0.05,217.56971818180543,-0.0,0.0,0.0,217.56971818180543,217.56971818180543,0.0,0.0
2901,2019-05-01 21:00:00,5,2019-05-01 22:00:00,0.10531,0.10531,0.10531,0.0,0.05,208.87840879189767,-47.03175123806896,0.0,0.0,255.91016002996662,255.91016002996662,0.0,1.0
2902,2019-05-01 22:00:00,5,2019-05-01 23:00:00,0.10531,0.10531,0.10531,0.0,0.1221153518983724,209.54215508725343,-0.0,0.0,0.0,209.54215508725343,209.54215508725343,0.0,0.0
2903,2019-05-01 23:00:00,5,2019-05-02 00:00:00,0.10531,0.10531,0.10531,0.0,0.1221153518983724,206.14196949583913,-0.0,0.0,0.0,206.14196949583913,206.14196949583913,0.0,0.0
2904,2019-05-02 00:00:00,5,2019-05-02 01:00:00,0.10531,0.10531,0.10531,0.0,0.1221153518983724,204.44940233430432,-81.91967060060605,0.0,0.0,286.3690729349104,286.3690729349104,0.0,1.0
2905,2019-05-02 01:00:00,5,2019-05-02 02:00:00,0.10531,0.10531,0.10531,0.0,0.24772551348596836,204.2996151611801,-82.06945777373028,0.0,0.0,286.3690729349104,286.3690729349104,0.0,1.0
2906,2019-05-02 02:00:00,5,2019-05-02 03:00:00,0.10531,0.10531,0.10531,0.0,0.3735653487390214,204.55732551233493,-81.81174742257545,0.0,0.0,286.3690729349104,286.3690729349104,0.0,1.0
2907,2019-05-02 03:00:00,5,2019-05-02 04:00:00,0.10531,0.10531,0.10531,0.0,0.49901002812030376,226.05885414772592,-60.31021878718445,0.0,0.0,286.3690729349104,286.3690729349104,0.0,1.0
2908,2019-05-02 04:00:00,5,2019-05-02 05:00:00,0.10531,0.10531,0.10531,0.0,0.59148569692732,224.4828163849788,-61.88625654993157,0.0,0.0,286.3690729349104,286.3690729349104,0.0,1.0
2909,2019-05-02 05:00:00,5,2019-05-02 06:00:00,0.10531,0.10531,0.10531,0.0,0.6863779569705484,279.62431908920195,-6.744753845708431,0.0,0.0,286.3690729349104,286.3690729349104,0.0,1.0
2910,2019-05-02 06:00:00,5,2019-05-02 07:00:00,0.10531,0.10531,0.10531,0.0,0.6967199128673013,306.8953858711703,-0.0,20.5263129362599,0.0,286.3690729349104,286.3690729349104,0.0,0.0
2911,2019-05-02 07:00:00,5,2019-05-02 08:00:00,0.10531,0.10531,0.10531,0.0,0.6595345633450914,309.5855607496002,-0.0,23.2164878146898,0.0,286.3690729349104,286.3690729349104,0.0,0.0
2912,2019-05-02 08:00:00,5,2019-05-02 09:00:00,0.10531,0.10531,0.10531,0.0,0.6174757086083346,315.9165627428757,-0.0,29.54748980796535,0.0,286.3690729349104,286.3690729349104,0.0,0.0
2913,2019-05-02 09:00:00,5,2019-05-02 10:00:00,0.06431,0.06431,0.06431,0.0,0.5639476473620205,315.4618066952682,-0.0,29.092733760357817,0.0,286.3690729349104,286.3690729349104,0.0,0.0
2914,2019-05-02 10:00:00,5,2019-05-02 11:00:00,0.06431,0.06431,0.06431,0.0,0.5112434195352854,313.506818902453,-0.0,27.137745967542628,0.0,286.3690729349104,286.3690729349104,0.0,0.0
2915,2019-05-02 11:00:00,5,2019-05-02 12:00:00,0.06431,0.06431,0.06431,0.0,0.46208083626075164,300.08307362133144,-0.0,13.714000686421059,0.0,286.3690729349104,286.3690729349104,0.0,0.0
2916,2019-05-02 12:00:00,5,2019-05-02 13:00:00,0.06431,0.06431,0.06431,0.0,0.43723663211868447,309.0910285497093,-0.0,22.7219556147989,0.0,286.3690729349104,286.3690729349104,0.0,0.0
2917,2019-05-02 13:00:00,5,2019-05-02 14:00:00,0.06431,0.06431,0.06431,0.0,0.3960736690483966,313.4713538936083,-0.0,27.102280958697918,0.0,286.3690729349104,286.3690729349104,0.0,0.0
2918,2019-05-02 14:00:00,5,2019-05-02 15:00:00,0.10531,0.10531,0.10531,0.0,0.34697533397829167,316.40564507240583,-0.0,30.036572137495455,0.0,286.3690729349104,286.3690729349104,0.0,0.0
2919,2019-05-02 15:00:00,5,2019-05-02 16:00:00,0.10531,0.10531,0.10531,0.0,0.29256125401906075,320.54493376982595,-0.0,34.17586083491557,0.0,286.3690729349104,286.3690729349104,0.0,0.0
2920,2019-05-02 16:00:00,5,2019-05-02 17:00:00,0.13592,0.13592,0.13592,0.0,0.2306484626514601,322.6062383247141,-0.0,36.23716538980375,0.0,286.3690729349104,286.3690729349104,0.0,0.0
2921,2019-05-02 17:00:00,5,2019-05-02 18:00:00,0.13592,0.13592,0.13592,0.0,0.16500142390181563,245.1926491219366,-0.0,0.0,0.0,245.1926491219366,245.1926491219366,0.0,0.0
2922,2019-05-02 18:00:00,5,2019-05-02 19:00:00,0.13592,0.13592,0.13592,0.0,0.16500142390181563,242.24054196315998,-0.0,0.0,0.0,242.24054196315998,242.24054196315998,0.0,0.0
2923,2019-05-02 19:00:00,5,2019-05-02 20:00:00,0.13592,0.13592,0.13592,0.0,0.16500142390181563,208.77246968921733,-0.0,63.48078599380223,0.0,145.2916836954151,145.2916836954151,0.0,0.0
2924,2019-05-02 20:00:00,5,2019-05-02 21:00:00,0.13592,0.13592,0.13592,0.0,0.05,202.0032569929597,-0.0,0.0,0.0,202.0032569929597,202.0032569929597,0.0,0.0
2925,2019-05-02 21:00:00,5,2019-05-02 22:00:00,0.10531,0.10531,0.10531,0.0,0.05,193.64681320712018,-0.0,0.0,0.0,193.64681320712018,193.64681320712018,0.0,0.0
2926,2019-05-02 22:00:00,5,2019-05-02 23:00:00,0.10531,0.10531,0.10531,0.0,0.05,197.37795378534247,-0.0,0.0,0.0,197.37795378534247,197.37795378534247,0.0,0.0
2927,2019-05-02 23:00:00,5,2019-05-03 00:00:00,0.10531,0.10531,0.10531,0.0,0.05,191.85439663686117,-0.0,0.0,0.0,191.85439663686117,191.85439663686117,0.0,0.0
2928,2019-05-03 00:00:00,5,2019-05-03 01:00:00,0.10531,0.10531,0.10531,0.0,0.05,195.83135291397232,-90.65504402560298,0.0,0.0,286.4863969395753,286.4863969395753,0.0,1.0
2929,2019-05-03 01:00:00,5,2019-05-03 02:00:00,0.10531,0.10531,0.10531,0.0,0.1890044008392579,206.15050950260488,-80.33588743697042,0.0,0.0,286.4863969395753,286.4863969395753,0.0,1.0
2930,2019-05-03 02:00:00,5,2019-05-03 03:00:00,0.10531,0.10531,0.10531,0.0,0.3121860949092792,206.76357049270996,-79.72282644686534,0.0,0.0,286.4863969395753,286.4863969395753,0.0,1.0
2931,2019-05-03 03:00:00,5,2019-05-03 04:00:00,0.10531,0.10531,0.10531,0.0,0.43442776212780604,228.5616099147326,-57.92478702484269,0.0,0.0,286.4863969395753,286.4863969395753,0.0,1.0
2932,2019-05-03 04:00:00,5,2019-05-03 05:00:00,0.10531,0.10531,0.10531,0.0,0.5232457688992315,228.42759473598227,-58.058802203593025,0.0,0.0,286.4863969395753,286.4863969395753,0.0,1.0
2933,2019-05-03 05:00:00,5,2019-05-03 06:00:00,0.10531,0.10531,0.10531,0.0,0.6122692656114075,282.69791503922573,-3.788481900349562,0.0,0.0,286.4863969395753,286.4863969395753,0.0,1.0
2934,2019-05-03 06:00:00,5,2019-05-03 07:00:00,0.10531,0.10531,0.10531,0.0,0.6180782711919435,306.20786793024035,-0.0,19.72147099066507,0.0,286.4863969395753,286.4863969395753,0.0,0.0
2935,2019-05-03 07:00:00,5,2019-05-03 08:00:00,0.10531,0.10531,0.10531,0.0,0.5823509686726227,309.7609647942954,-0.0,23.27456785472009,0.0,286.4863969395753,286.4863969395753,0.0,0.0
2936,2019-05-03 08:00:00,5,2019-05-03 09:00:00,0.10531,0.10531,0.10531,0.0,0.5401868964720429,314.35383161607473,-0.0,27.867434676499443,0.0,286.4863969395753,286.4863969395753,0.0,0.0
2937,2019-05-03 09:00:00,5,2019-05-03 10:00:00,0.06431,0.06431,0.06431,0.0,0.48970241336244236,313.36591703049197,-0.0,26.879520090916685,0.0,286.4863969395753,286.4863969395753,0.0,0.0
2938,2019-05-03 10:00:00,5,2019-05-03 11:00:00,0.06431,0.06431,0.06431,0.0,0.44100763058904247,310.51860847164926,-0.0,24.032211532073973,0.0,286.4863969395753,286.4863969395753,0.0,0.0
2939,2019-05-03 11:00:00,5,2019-05-03 12:00:00,0.06431,0.06431,0.06431,0.0,0.3974710154947056,302.4802461387322,-0.0,15.993849199156898,0.0,286.4863969395753,286.4863969395753,0.0,0.0
2940,2019-05-03 12:00:00,5,2019-05-03 13:00:00,0.06431,0.06431,0.06431,0.0,0.36849665100347934,314.9868812196162,-0.0,28.500484280040894,0.0,286.4863969395753,286.4863969395753,0.0,0.0
2941,2019-05-03 13:00:00,5,2019-05-03 14:00:00,0.06431,0.06431,0.06431,0.0,0.316865338901956,318.10157496503416,-0.0,31.615178025458867,0.0,286.4863969395753,286.4863969395753,0.0,0.0
2942,2019-05-03 14:00:00,5,2019-05-03 15:00:00,0.10531,0.10531,0.10531,0.0,0.259591465667429,321.81667066237065,-0.0,35.33027372279536,0.0,286.4863969395753,286.4863969395753,0.0,0.0
2943,2019-05-03 15:00:00,5,2019-05-03 16:00:00,0.10531,0.10531,0.10531,0.0,0.19558734660439395,326.28895304821543,-0.0,39.80255610864013,0.0,286.4863969395753,286.4863969395753,0.0,0.0
2944,2019-05-03 16:00:00,5,2019-05-03 17:00:00,0.13592,0.13592,0.13592,0.0,0.12348126669743718,327.0480561565606,-0.0,40.56165921698533,0.0,286.4863969395753,286.4863969395753,0.0,0.0
2945,2019-05-03 17:00:00,5,2019-05-03 18:00:00,0.13592,0.13592,0.13592,0.0,0.05,245.18226527967073,-0.0,0.0,0.0,245.18226527967073,245.18226527967073,0.0,0.0
2946,2019-05-03 18:00:00,5,2019-05-03 19:00:00,0.13592,0.13592,0.13592,0.0,0.05,243.93295614440476,-0.0,0.0,0.0,243.93295614440476,243.93295614440476,0.0,0.0
2947,2019-05-03 19:00:00,5,2019-05-03 20:00:00,0.13592,0.13592,0.13592,0.0,0.05,211.41818867966796,-0.0,0.0,0.0,211.41818867966796,211.41818867966796,0.0,0.0
2948,2019-05-03 20:00:00,5,2019-05-03 21:00:00,0.13592,0.13592,0.13592,0.0,0.05,215.89007172422254,-0.0,0.0,0.0,215.89007172422254,215.89007172422254,0.0,0.0
2949,2019-05-03 21:00:00,5,2019-05-03 22:00:00,0.10531,0.10531,0.10531,0.0,0.05,199.97848709816836,-0.0,0.0,0.0,199.97848709816836,199.97848709816836,0.0,0.0
2950,2019-05-03 22:00:00,5,2019-05-03 23:00:00,0.10531,0.10531,0.10531,0.0,0.05,207.67239666202,-0.0,0.0,0.0,207.67239666202,207.67239666202,0.0,0.0
2951,2019-05-03 23:00:00,5,2019-05-04 00:00:00,0.10531,0.10531,0.10531,0.0,0.05,206.31745964928788,-0.0,0.0,0.0,206.31745964928788,206.31745964928788,0.0,0.0
2952,2019-05-04 00:00:00,5,2019-05-04 01:00:00,0.10531,0.10531,0.10531,0.0,0.05,205.1822089589642,-81.30418798061109,0.0,0.0,286.4863969395753,286.4863969395753,0.0,1.0
2953,2019-05-04 01:00:00,5,2019-05-04 02:00:00,0.10531,0.10531,0.10531,0.0,0.17466642157027035,204.27465060807032,-82.21174633150497,0.0,0.0,286.4863969395753,286.4863969395753,0.0,1.0
2954,2019-05-04 02:00:00,5,2019-05-04 03:00:00,0.10531,0.10531,0.10531,0.0,0.3007244326119113,203.45001371068832,-83.03638322888696,0.0,0.0,286.4863969395753,286.4863969395753,0.0,1.0
2955,2019-05-04 03:00:00,5,2019-05-04 04:00:00,0.10531,0.10531,0.10531,0.0,0.4280468868962046,225.5310177856494,-60.95537915392589,0.0,0.0,286.4863969395753,286.4863969395753,0.0,1.0
2956,2019-05-04 04:00:00,5,2019-05-04 05:00:00,0.10531,0.10531,0.10531,0.0,0.521511801598891,225.43860040328806,-61.04779653628722,0.0,0.0,286.4863969395753,286.4863969395753,0.0,1.0
2957,2019-05-04 05:00:00,5,2019-05-04 06:00:00,0.10531,0.10531,0.10531,0.0,0.6151184229545315,279.92255565533725,-6.563841284238038,0.0,0.0,286.4863969395753,286.4863969395753,0.0,1.0
2958,2019-05-04 06:00:00,5,2019-05-04 07:00:00,0.10531,0.10531,0.10531,0.0,0.6251829795903631,313.07220511642254,-0.0,26.58580817684725,0.0,286.4863969395753,286.4863969395753,0.0,0.0
2959,2019-05-04 07:00:00,5,2019-05-04 08:00:00,0.10531,0.10531,0.10531,0.0,0.5770202836178138,317.893640950696,-0.0,31.407244011120724,0.0,286.4863969395753,286.4863969395753,0.0,0.0
2960,2019-05-04 08:00:00,5,2019-05-04 09:00:00,0.10531,0.10531,0.10531,0.0,0.5201231024382472,317.70832427978627,-0.0,31.221927340210982,0.0,286.4863969395753,286.4863969395753,0.0,0.0
2961,2019-05-04 09:00:00,5,2019-05-04 10:00:00,0.06431,0.06431,0.06431,0.0,0.4635616398654012,315.41226444929737,-0.0,28.92586750972208,0.0,286.4863969395753,286.4863969395753,0.0,0.0
2962,2019-05-04 10:00:00,5,2019-05-04 11:00:00,0.06431,0.06431,0.06431,0.0,0.4111597059709772,313.0630853700027,-0.0,26.576688430427396,0.0,286.4863969395753,286.4863969395753,0.0,0.0
2963,2019-05-04 11:00:00,5,2019-05-04 12:00:00,0.06431,0.06431,0.06431,0.0,0.36301353127817393,300.0670844787074,-0.0,13.5806875391321,0.0,286.4863969395753,286.4863969395753,0.0,0.0
2964,2019-05-04 12:00:00,5,2019-05-04 13:00:00,0.06431,0.06431,0.06431,0.0,0.33841083646090564,309.77331808178343,-0.0,23.286921142208143,0.0,286.4863969395753,286.4863969395753,0.0,0.0
2965,2019-05-04 13:00:00,5,2019-05-04 14:00:00,0.06431,0.06431,0.06431,0.0,0.29622438511632565,311.4469769003875,-0.0,24.960579960812197,0.0,286.4863969395753,286.4863969395753,0.0,0.0
2966,2019-05-04 14:00:00,5,2019-05-04 15:00:00,0.10531,0.10531,0.10531,0.0,0.2510059431583325,312.54399470114606,-0.0,26.057597761570776,0.0,286.4863969395753,286.4863969395753,0.0,0.0
2967,2019-05-04 15:00:00,5,2019-05-04 16:00:00,0.10531,0.10531,0.10531,0.0,0.2038001501120087,313.65360376493294,-0.0,27.167206825357653,0.0,286.4863969395753,286.4863969395753,0.0,0.0
2968,2019-05-04 16:00:00,5,2019-05-04 17:00:00,0.13592,0.13592,0.13592,0.0,0.15458419571824483,311.730054849158,-0.0,25.243657909582737,0.0,286.4863969395753,286.4863969395753,0.0,0.0
2969,2019-05-04 17:00:00,5,2019-05-04 18:00:00,0.13592,0.13592,0.13592,0.0,0.1088529313892906,250.4038622065069,-0.0,0.0,0.0,250.4038622065069,250.4038622065069,0.0,0.0
2970,2019-05-04 18:00:00,5,2019-05-04 19:00:00,0.13592,0.13592,0.13592,0.0,0.1088529313892906,260.92440110711294,-0.0,0.0,0.0,260.92440110711294,260.92440110711294,0.0,0.0
2971,2019-05-04 19:00:00,5,2019-05-04 20:00:00,0.13592,0.13592,0.13592,0.0,0.1088529313892906,236.5044917545918,-0.0,32.48681812688841,0.0,204.0176736277034,204.0176736277034,0.0,0.0
2972,2019-05-04 20:00:00,5,2019-05-04 21:00:00,0.13592,0.13592,0.13592,0.0,0.05,225.8821695414098,-0.0,0.0,0.0,225.8821695414098,225.8821695414098,0.0,0.0
2973,2019-05-04 21:00:00,5,2019-05-04 22:00:00,0.10531,0.10531,0.10531,0.0,0.05,208.0767199670632,-78.40967697251207,0.0,0.0,286.4863969395753,286.4863969395753,0.0,1.0
2974,2019-05-04 22:00:00,5,2019-05-04 23:00:00,0.10531,0.10531,0.10531,0.0,0.17022817135785184,207.00460042071634,-0.0,0.0,0.0,207.00460042071634,207.00460042071634,0.0,0.0
2975,2019-05-04 23:00:00,5,2019-05-05 00:00:00,0.10531,0.10531,0.10531,0.0,0.17022817135785184,202.720057807131,-0.0,0.0,0.0,202.720057807131,202.720057807131,0.0,0.0
2976,2019-05-05 00:00:00,5,2019-05-05 01:00:00,0.10531,0.10531,0.10531,0.0,0.17022817135785184,202.22928211663105,-84.25711482294423,0.0,0.0,286.4863969395753,286.4863969395753,0.0,1.0
2977,2019-05-05 01:00:00,5,2019-05-05 02:00:00,0.10531,0.10531,0.10531,0.0,0.29942241408636633,201.84249416130476,-84.64390277827053,0.0,0.0,286.4863969395753,286.4863969395753,0.0,1.0
2978,2019-05-05 02:00:00,5,2019-05-05 03:00:00,0.10531,0.10531,0.10531,0.0,0.42920973167971455,201.71236354358305,-84.77403339599223,0.0,0.0,286.4863969395753,286.4863969395753,0.0,1.0
2979,2019-05-05 03:00:00,5,2019-05-05 04:00:00,0.10531,0.10531,0.10531,0.0,0.5591965828869027,224.77064781102146,-61.715749128553824,0.0,0.0,286.4863969395753,286.4863969395753,0.0,1.0
2980,2019-05-05 04:00:00,5,2019-05-05 05:00:00,0.10531,0.10531,0.10531,0.0,0.6538273982173518,224.41733461842009,-62.0690623211552,0.0,0.0,286.4863969395753,286.4863969395753,0.0,1.0
2981,2019-05-05 05:00:00,5,2019-05-05 06:00:00,0.10531,0.10531,0.10531,0.0,0.7489999604431231,277.85978837419145,-8.626608565383833,0.0,0.0,286.4863969395753,286.4863969395753,0.0,1.0
2982,2019-05-05 06:00:00,5,2019-05-05 07:00:00,0.10531,0.10531,0.10531,0.0,0.762227426910045,310.06766547703626,-0.0,23.58126853746097,0.0,286.4863969395753,286.4863969395753,0.0,0.0
2983,2019-05-05 07:00:00,5,2019-05-05 08:00:00,0.10531,0.10531,0.10531,0.0,0.7195077375305866,322.83820723267263,-0.0,36.351810293097344,0.0,286.4863969395753,286.4863969395753,0.0,0.0
2984,2019-05-05 08:00:00,5,2019-05-05 09:00:00,0.10531,0.10531,0.10531,0.0,0.6536530087387437,328.8364242477805,-0.0,42.3500273082052,0.0,286.4863969395753,286.4863969395753,0.0,0.0
2985,2019-05-05 09:00:00,5,2019-05-05 10:00:00,0.06431,0.06431,0.06431,0.0,0.5769319447746037,324.0246098774262,-0.0,37.538212937850915,0.0,286.4863969395753,286.4863969395753,0.0,0.0
2986,2019-05-05 10:00:00,5,2019-05-05 11:00:00,0.06431,0.06431,0.06431,0.0,0.5089279358292217,320.02853083935395,-0.0,33.54213389977866,0.0,286.4863969395753,286.4863969395753,0.0,0.0
2987,2019-05-05 11:00:00,5,2019-05-05 12:00:00,0.06431,0.06431,0.06431,0.0,0.4481632005035357,306.0319119296868,-0.0,19.545514990111542,0.0,286.4863969395753,286.4863969395753,0.0,0.0
2988,2019-05-05 12:00:00,5,2019-05-05 13:00:00,0.06431,0.06431,0.06431,0.0,0.41275465885478285,314.07019951208804,-0.0,27.583802572512752,0.0,286.4863969395753,286.4863969395753,0.0,0.0
2989,2019-05-05 13:00:00,5,2019-05-05 14:00:00,0.06431,0.06431,0.06431,0.0,0.3627840020205206,314.4804664601569,-0.0,27.994069520581604,0.0,286.4863969395753,286.4863969395753,0.0,0.0
2990,2019-05-05 14:00:00,5,2019-05-05 15:00:00,0.10531,0.10531,0.10531,0.0,0.3120701079614959,314.77069112781106,-0.0,28.284294188235776,0.0,286.4863969395753,286.4863969395753,0.0,0.0
2991,2019-05-05 15:00:00,5,2019-05-05 16:00:00,0.10531,0.10531,0.10531,0.0,0.2608304445770108,320.3342526997951,-0.0,33.84785576021983,0.0,286.4863969395753,286.4863969395753,0.0,0.0
2992,2019-05-05 16:00:00,5,2019-05-05 17:00:00,0.13592,0.13592,0.13592,0.0,0.19951186530125029,323.9514788681371,-0.0,82.53054964629015,0.0,241.42092922184693,241.42092922184693,0.0,0.0
2993,2019-05-05 17:00:00,5,2019-05-05 18:00:00,0.13592,0.13592,0.13592,0.0,0.05,258.6680161654476,-0.0,0.0,0.0,258.6680161654476,258.6680161654476,0.0,0.0
2994,2019-05-05 18:00:00,5,2019-05-05 19:00:00,0.13592,0.13592,0.13592,0.0,0.05,263.1828340505364,-0.0,0.0,0.0,263.1828340505364,263.1828340505364,0.0,1.0
2995,2019-05-05 19:00:00,5,2019-05-05 20:00:00,0.13592,0.13592,0.13592,0.0,0.05,235.1829799451358,-0.0,0.0,0.0,235.1829799451358,235.1829799451358,0.0,0.0
2996,2019-05-05 20:00:00,5,2019-05-05 21:00:00,0.13592,0.13592,0.13592,0.0,0.05,224.73303375563782,-0.0,0.0,0.0,224.73303375563782,224.73303375563782,0.0,0.0
2997,2019-05-05 21:00:00,5,2019-05-05 22:00:00,0.10531,0.10531,0.10531,0.0,0.05,207.55646320876008,-0.0,0.0,0.0,207.55646320876008,207.55646320876008,0.0,0.0
2998,2019-05-05 22:00:00,5,2019-05-05 23:00:00,0.10531,0.10531,0.10531,0.0,0.05,206.8699846428486,-0.0,0.0,0.0,206.8699846428486,206.8699846428486,0.0,0.0
2999,2019-05-05 23:00:00,5,2019-05-06 00:00:00,0.10531,0.10531,0.10531,0.0,0.05,203.34359375298834,-0.0,0.0,0.0,203.34359375298834,203.34359375298834,0.0,0.0
3000,2019-05-06 00:00:00,5,2019-05-06 01:00:00,0.10531,0.10531,0.10531,0.0,0.05,204.03346653826165,-75.7623879985361,0.0,0.0,279.7958545367977,279.7958545367977,0.0,1.0
3001,2019-05-06 01:00:00,5,2019-05-06 02:00:00,0.10531,0.10531,0.10531,0.0,0.1661689949310887,203.88208107825753,-82.60431586131776,0.0,0.0,286.4863969395753,286.4863969395753,0.0,1.0
3002,2019-05-06 02:00:00,5,2019-05-06 03:00:00,0.10531,0.10531,0.10531,0.0,0.2928289459184426,203.090507849445,-0.0,0.0,0.0,203.090507849445,203.090507849445,0.0,0.0
3003,2019-05-06 03:00:00,5,2019-05-06 04:00:00,0.10531,0.10531,0.10531,0.0,0.2928289459184426,204.7425455887072,-81.74385135086808,0.0,0.0,286.4863969395753,286.4863969395753,0.0,1.0
3004,2019-05-06 04:00:00,5,2019-05-06 05:00:00,0.10531,0.10531,0.10531,0.0,0.41816951798977364,203.82289532577548,-82.66350161379981,0.0,0.0,286.4863969395753,286.4863969395753,0.0,1.0
3005,2019-05-06 05:00:00,5,2019-05-06 06:00:00,0.10531,0.10531,0.10531,0.0,0.5449202204642667,217.8979205622444,-68.58847637733089,0.0,0.0,286.4863969395753,286.4863969395753,0.0,1.0
3006,2019-05-06 06:00:00,5,2019-05-06 07:00:00,0.10531,0.10531,0.10531,0.0,0.6500892175761741,249.74060045204305,-36.74579648753223,0.0,0.0,286.4863969395753,286.4863969395753,0.0,1.0
3007,2019-05-06 07:00:00,5,2019-05-06 08:00:00,0.10531,0.10531,0.10531,0.0,0.7064327721903902,253.98549149024885,-32.50090544932644,0.0,0.0,286.4863969395753,286.4863969395753,0.0,1.0
3008,2019-05-06 08:00:00,5,2019-05-06 09:00:00,0.10531,0.10531,0.10531,0.0,0.7562674938793574,276.7595218655932,-9.726875073982114,0.0,0.0,286.4863969395753,286.4863969395753,0.0,1.0
3009,2019-05-06 09:00:00,5,2019-05-06 10:00:00,0.06431,0.06431,0.06431,0.0,0.7711820356594633,273.9065552238161,-12.579841715759187,0.0,0.0,286.4863969395753,286.4863969395753,0.0,1.0
3010,2019-05-06 10:00:00,5,2019-05-06 11:00:00,0.06431,0.06431,0.06431,0.0,0.7904711262902941,272.29775521762673,-14.188641721948557,0.0,0.0,286.4863969395753,286.4863969395753,0.0,1.0
3011,2019-05-06 11:00:00,5,2019-05-06 12:00:00,0.06431,0.06431,0.06431,0.0,0.8122270435972819,261.7452565493596,-24.741140390215662,0.0,0.0,286.4863969395753,286.4863969395753,0.0,1.0
3012,2019-05-06 12:00:00,5,2019-05-06 13:00:00,0.06431,0.06431,0.06431,0.0,0.8501634588622793,258.143514337441,-28.342882602134296,0.0,0.0,286.4863969395753,286.4863969395753,0.0,1.0
3013,2019-05-06 13:00:00,5,2019-05-06 14:00:00,0.06431,0.06431,0.06431,0.0,0.8936225455188852,257.92163924758916,-28.56475769198613,0.0,0.0,286.4863969395753,286.4863969395753,0.0,1.0
3014,2019-05-06 14:00:00,5,2019-05-06 15:00:00,0.10531,0.10531,0.10531,0.0,0.9374218406465972,241.77704340624854,-40.81184305656702,0.0,0.0,282.58888646281554,282.58888646281554,0.0,1.0
3015,2019-05-06 15:00:00,5,2019-05-06 16:00:00,0.10531,0.10531,0.10531,0.0,1.0,245.67455388300826,-0.0,0.0,0.0,245.67455388300826,245.67455388300826,0.0,0.0
3016,2019-05-06 16:00:00,5,2019-05-06 17:00:00,0.13592,0.13592,0.13592,0.0,1.0,238.95277342239535,-0.0,238.95277342239535,0.0,0.0,0.0,0.0,0.0
3017,2019-05-06 17:00:00,5,2019-05-06 18:00:00,0.13592,0.13592,0.13592,0.0,0.5671145409014577,233.21749433405557,-0.0,233.21749433405557,0.0,0.0,0.0,0.0,0.0
3018,2019-05-06 18:00:00,5,2019-05-06 19:00:00,0.13592,0.13592,0.13592,0.0,0.1446190801513571,234.23351124623753,-0.0,52.22973224354912,0.0,182.00377900268842,182.00377900268842,0.0,0.0
3019,2019-05-06 19:00:00,5,2019-05-06 20:00:00,0.13592,0.13592,0.13592,0.0,0.05,210.6992323485728,-0.0,0.0,0.0,210.6992323485728,210.6992323485728,0.0,0.0
3020,2019-05-06 20:00:00,5,2019-05-06 21:00:00,0.13592,0.13592,0.13592,0.0,0.05,209.801871034286,-0.0,0.0,0.0,209.801871034286,209.801871034286,0.0,0.0
3021,2019-05-06 21:00:00,5,2019-05-06 22:00:00,0.10531,0.10531,0.10531,0.0,0.05,206.49503477909252,-0.0,0.0,0.0,206.49503477909252,206.49503477909252,0.0,0.0
3022,2019-05-06 22:00:00,5,2019-05-06 23:00:00,0.10531,0.10531,0.10531,0.0,0.05,205.83898680934635,-0.0,0.0,0.0,205.83898680934635,205.83898680934635,0.0,0.0
3023,2019-05-06 23:00:00,5,2019-05-07 00:00:00,0.10531,0.10531,0.10531,0.0,0.05,202.01888340543186,-0.0,0.0,0.0,202.01888340543186,202.01888340543186,0.0,0.0
3024,2019-05-07 00:00:00,5,2019-05-07 01:00:00,0.10531,0.10531,0.10531,0.0,0.05,201.4938313963858,-0.0,0.0,0.0,201.4938313963858,201.4938313963858,0.0,0.0
3025,2019-05-07 01:00:00,5,2019-05-07 02:00:00,0.10531,0.10531,0.10531,0.0,0.05,199.8785823862783,-0.0,0.0,0.0,199.8785823862783,199.8785823862783,0.0,0.0
3026,2019-05-07 02:00:00,5,2019-05-07 03:00:00,0.10531,0.10531,0.10531,0.0,0.05,199.03607432740733,-0.0,0.0,0.0,199.03607432740733,199.03607432740733,0.0,0.0
3027,2019-05-07 03:00:00,5,2019-05-07 04:00:00,0.10531,0.10531,0.10531,0.0,0.05,205.2254068743609,-0.0,0.0,0.0,205.2254068743609,205.2254068743609,0.0,0.0
3028,2019-05-07 04:00:00,5,2019-05-07 05:00:00,0.10531,0.10531,0.10531,0.0,0.05,204.07080210618605,-0.0,0.0,0.0,204.07080210618605,204.07080210618605,0.0,0.0
3029,2019-05-07 05:00:00,5,2019-05-07 06:00:00,0.10531,0.10531,0.10531,0.0,0.05,214.57170556849204,-71.91469137108325,0.0,0.0,286.4863969395753,286.4863969395753,0.0,1.0
3030,2019-05-07 06:00:00,5,2019-05-07 07:00:00,0.10531,0.10531,0.10531,0.0,0.16026919343566098,214.27329402094819,-53.084690989658014,0.0,0.0,267.35798501060617,267.35798501060617,0.0,1.0
3031,2019-05-07 07:00:00,5,2019-05-07 08:00:00,0.10531,0.10531,0.10531,0.0,0.2416657196198033,232.54644315582837,-53.939953783746915,0.0,0.0,286.4863969395753,286.4863969395753,0.0,1.0
3032,2019-05-07 08:00:00,5,2019-05-07 09:00:00,0.10531,0.10531,0.10531,0.0,0.3243736487548819,227.69206315125788,-58.7943337883174,0.0,0.0,286.4863969395753,286.4863969395753,0.0,1.0
3033,2019-05-07 09:00:00,5,2019-05-07 10:00:00,0.06431,0.06431,0.06431,0.0,0.41452496056363525,225.92939501153262,-60.557001928042666,0.0,0.0,286.4863969395753,286.4863969395753,0.0,1.0
3034,2019-05-07 10:00:00,5,2019-05-07 11:00:00,0.06431,0.06431,0.06431,0.0,0.507379030186634,224.0620392514676,-62.424357688107676,0.0,0.0,286.4863969395753,286.4863969395753,0.0,1.0
3035,2019-05-07 11:00:00,5,2019-05-07 12:00:00,0.06431,0.06431,0.06431,0.0,0.6030963786417325,223.79540857682747,-62.69098836274782,0.0,0.0,286.4863969395753,286.4863969395753,0.0,1.0
3036,2019-05-07 12:00:00,5,2019-05-07 13:00:00,0.06431,0.06431,0.06431,0.0,0.6992225607979458,221.78096536638628,-64.705431573189,0.0,0.0,286.4863969395753,286.4863969395753,0.0,1.0
3037,2019-05-07 13:00:00,5,2019-05-07 14:00:00,0.06431,0.06431,0.06431,0.0,0.7984375558768355,221.00510901101433,-65.48128792856096,0.0,0.0,286.4863969395753,286.4863969395753,0.0,1.0
3038,2019-05-07 14:00:00,5,2019-05-07 15:00:00,0.10531,0.10531,0.10531,0.0,0.8988421973672959,220.51391696172473,-65.9724799778506,0.0,0.0,286.48639693957534,286.48639693957534,0.0,1.0
3039,2019-05-07 15:00:00,5,2019-05-07 16:00:00,0.10531,0.10531,0.10531,0.0,1.0,215.1134046252436,-0.0,0.0,0.0,215.1134046252436,215.1134046252436,0.0,0.0
3040,2019-05-07 16:00:00,5,2019-05-07 17:00:00,0.13592,0.13592,0.13592,0.0,1.0,203.71487586639606,-0.0,203.71487586639606,0.0,0.0,0.0,0.0,0.0
3041,2019-05-07 17:00:00,5,2019-05-07 18:00:00,0.13592,0.13592,0.13592,0.0,0.6309513118362391,194.96035921889654,-0.0,194.96035921889654,0.0,0.0,0.0,0.0,0.0
3042,2019-05-07 18:00:00,5,2019-05-07 19:00:00,0.13592,0.13592,0.13592,0.0,0.27776225528026716,199.2471683935982,-0.0,125.72476491470746,0.0,73.52240347889074,73.52240347889074,0.0,0.0
3043,2019-05-07 19:00:00,5,2019-05-07 20:00:00,0.13592,0.13592,0.13592,0.0,0.05,198.4347492009628,-0.0,0.0,0.0,198.4347492009628,198.4347492009628,0.0,0.0
3044,2019-05-07 20:00:00,5,2019-05-07 21:00:00,0.13592,0.13592,0.13592,0.0,0.05,199.49948992655374,-0.0,0.0,0.0,199.49948992655374,199.49948992655374,0.0,0.0
3045,2019-05-07 21:00:00,5,2019-05-07 22:00:00,0.10531,0.10531,0.10531,0.0,0.05,199.4126261020822,-0.0,0.0,0.0,199.4126261020822,199.4126261020822,0.0,0.0
3046,2019-05-07 22:00:00,5,2019-05-07 23:00:00,0.10531,0.10531,0.10531,0.0,0.05,202.93113609701422,-0.0,0.0,0.0,202.93113609701422,202.93113609701422,0.0,0.0
3047,2019-05-07 23:00:00,5,2019-05-08 00:00:00,0.10531,0.10531,0.10531,0.0,0.05,203.4617961456873,-0.0,0.0,0.0,203.4617961456873,203.4617961456873,0.0,0.0
3048,2019-05-08 00:00:00,5,2019-05-08 01:00:00,0.10531,0.10531,0.10531,0.0,0.05,206.27885380720724,-80.2075431323681,0.0,0.0,286.48639693957534,286.48639693957534,0.0,1.0
3049,2019-05-08 01:00:00,5,2019-05-08 02:00:00,0.10531,0.10531,0.10531,0.0,0.17298489946963108,204.8661998940277,-81.62019704554766,0.0,0.0,286.48639693957534,286.48639693957534,0.0,1.0
3050,2019-05-08 02:00:00,5,2019-05-08 03:00:00,0.10531,0.10531,0.10531,0.0,0.2981358682728042,203.03589731314412,-83.45049962643122,0.0,0.0,286.48639693957534,286.48639693957534,0.0,1.0
3051,2019-05-08 03:00:00,5,2019-05-08 04:00:00,0.10531,0.10531,0.10531,0.0,0.4260933010333321,223.85655017671948,-62.62984676285586,0.0,0.0,286.48639693957534,286.48639693957534,0.0,1.0
3052,2019-05-08 04:00:00,5,2019-05-08 05:00:00,0.10531,0.10531,0.10531,0.0,0.5221257327363777,222.84499182225716,-63.641405117318186,0.0,0.0,286.48639693957534,286.48639693957534,0.0,1.0
3053,2019-05-08 05:00:00,5,2019-05-08 06:00:00,0.10531,0.10531,0.10531,0.0,0.6197092205829323,275.9942353495362,-10.492161590039132,0.0,0.0,286.48639693957534,286.48639693957534,0.0,1.0
3054,2019-05-08 06:00:00,5,2019-05-08 07:00:00,0.10531,0.10531,0.10531,0.0,0.6357972016876591,309.76025496979156,-0.0,23.273858030216218,0.0,286.48639693957534,286.48639693957534,0.0,0.0
3055,2019-05-08 07:00:00,5,2019-05-08 08:00:00,0.10531,0.10531,0.10531,0.0,0.5936344154010355,317.29685942321913,-0.0,30.81046248364379,0.0,286.48639693957534,286.48639693957534,0.0,0.0
3056,2019-05-08 08:00:00,5,2019-05-08 09:00:00,0.10531,0.10531,0.10531,0.0,0.5378183601770431,321.2010476740565,-0.0,34.714650734481154,0.0,286.48639693957534,286.48639693957534,0.0,0.0
3057,2019-05-08 09:00:00,5,2019-05-08 10:00:00,0.06431,0.06431,0.06431,0.0,0.4749295001508091,319.3654944351111,-0.0,32.879097495535746,0.0,286.48639693957534,286.48639693957534,0.0,0.0
3058,2019-05-08 10:00:00,5,2019-05-08 11:00:00,0.06431,0.06431,0.06431,0.0,0.4153659177313602,318.3920159665478,-0.0,31.90561902697243,0.0,286.48639693957534,286.48639693957534,0.0,0.0
3059,2019-05-08 11:00:00,5,2019-05-08 12:00:00,0.06431,0.06431,0.06431,0.0,0.3575658832622073,305.4633269834813,-0.0,18.976930043905952,0.0,286.48639693957534,286.48639693957534,0.0,0.0
3060,2019-05-08 12:00:00,5,2019-05-08 13:00:00,0.06431,0.06431,0.06431,0.0,0.3231873868058559,312.84190690850795,-0.0,26.35550996893261,0.0,286.48639693957534,286.48639693957534,0.0,0.0
3061,2019-05-08 13:00:00,5,2019-05-08 14:00:00,0.06431,0.06431,0.06431,0.0,0.27544189773170263,312.8870509566884,-0.0,26.400654017113084,0.0,286.48639693957534,286.48639693957534,0.0,0.0
3062,2019-05-08 14:00:00,5,2019-05-08 15:00:00,0.10531,0.10531,0.10531,0.0,0.22761462596157023,313.68248828269924,-0.0,27.196091343123896,0.0,286.48639693957534,286.48639693957534,0.0,0.0
3063,2019-05-08 15:00:00,5,2019-05-08 16:00:00,0.10531,0.10531,0.10531,0.0,0.17834634454286752,318.0913274759134,-0.0,31.60493053633803,0.0,286.48639693957534,286.48639693957534,0.0,0.0
3064,2019-05-08 16:00:00,5,2019-05-08 17:00:00,0.13592,0.13592,0.13592,0.0,0.12109103560022617,320.86695342447973,-0.0,39.24225165132485,0.0,281.62470177315487,281.62470177315487,0.0,0.0
3065,2019-05-08 17:00:00,5,2019-05-08 18:00:00,0.13592,0.13592,0.13592,0.0,0.05,256.2898784211232,-0.0,0.0,0.0,256.2898784211232,256.2898784211232,0.0,1.0
3066,2019-05-08 18:00:00,5,2019-05-08 19:00:00,0.13592,0.13592,0.13592,0.0,0.05,259.770967936582,-0.0,0.0,0.0,259.770967936582,259.770967936582,0.0,0.0
3067,2019-05-08 19:00:00,5,2019-05-08 20:00:00,0.13592,0.13592,0.13592,0.0,0.05,233.7402039101741,-0.0,0.0,0.0,233.7402039101741,233.7402039101741,0.0,0.0
3068,2019-05-08 20:00:00,5,2019-05-08 21:00:00,0.13592,0.13592,0.13592,0.0,0.05,225.9286275492761,-0.0,0.0,0.0,225.9286275492761,225.9286275492761,0.0,0.0
3069,2019-05-08 21:00:00,5,2019-05-08 22:00:00,0.10531,0.10531,0.10531,0.0,0.05,208.23837679895152,-0.0,0.0,0.0,208.23837679895152,208.23837679895152,0.0,0.0
3070,2019-05-08 22:00:00,5,2019-05-08 23:00:00,0.10531,0.10531,0.10531,0.0,0.05,207.58024416377577,-0.0,0.0,0.0,207.58024416377577,207.58024416377577,0.0,0.0
3071,2019-05-08 23:00:00,5,2019-05-09 00:00:00,0.10531,0.10531,0.10531,0.0,0.05,203.2049194692722,-0.0,0.0,0.0,203.2049194692722,203.2049194692722,0.0,0.0
3072,2019-05-09 00:00:00,5,2019-05-09 01:00:00,0.10531,0.10531,0.10531,0.0,0.05,201.4240555430993,-85.06234139647603,0.0,0.0,286.48639693957534,286.48639693957534,0.0,1.0
3073,2019-05-09 01:00:00,5,2019-05-09 02:00:00,0.10531,0.10531,0.10531,0.0,0.18042892347459658,200.10673947966927,-86.37965745990607,0.0,0.0,286.48639693957534,286.48639693957534,0.0,1.0
3074,2019-05-09 02:00:00,5,2019-05-09 03:00:00,0.10531,0.10531,0.10531,0.0,0.31287773157978593,199.93825399449128,-86.54814294508407,0.0,0.0,286.48639693957534,286.48639693957534,0.0,1.0
3075,2019-05-09 03:00:00,5,2019-05-09 04:00:00,0.10531,0.10531,0.10531,0.0,0.4455848840955815,223.3285890899424,-63.157807849632945,0.0,0.0,286.48639693957534,286.48639693957534,0.0,1.0
3076,2019-05-09 04:00:00,5,2019-05-09 05:00:00,0.10531,0.10531,0.10531,0.0,0.5424268561316853,222.38731314912596,-64.09908379044938,0.0,0.0,286.48639693957534,286.48639693957534,0.0,1.0
3077,2019-05-09 05:00:00,5,2019-05-09 06:00:00,0.10531,0.10531,0.10531,0.0,0.6407121179437077,273.81134126728426,-12.67505567229108,0.0,0.0,286.48639693957534,286.48639693957534,0.0,1.0
3078,2019-05-09 06:00:00,5,2019-05-09 07:00:00,0.10531,0.10531,0.10531,0.0,0.6601472033078873,307.79575528883277,-0.0,21.309358349257423,0.0,286.48639693957534,286.48639693957534,0.0,0.0
3079,2019-05-09 07:00:00,5,2019-05-09 08:00:00,0.10531,0.10531,0.10531,0.0,0.6215432932548849,319.26132425629635,-0.0,32.774927316721005,0.0,286.48639693957534,286.48639693957534,0.0,0.0
3080,2019-05-09 08:00:00,5,2019-05-09 09:00:00,0.10531,0.10531,0.10531,0.0,0.5621684249274917,323.64771404150235,-0.0,37.16131710192701,0.0,286.48639693957534,286.48639693957534,0.0,0.0
3081,2019-05-09 09:00:00,5,2019-05-09 10:00:00,0.06431,0.06431,0.06431,0.0,0.494847198293566,320.93235481720467,-0.0,34.445957877629326,0.0,286.48639693957534,286.48639693957534,0.0,0.0
3082,2019-05-09 10:00:00,5,2019-05-09 11:00:00,0.06431,0.06431,0.06431,0.0,0.432445100689165,315.9937269872665,-0.0,29.50733004769114,0.0,286.48639693957534,286.48639693957534,0.0,0.0
3083,2019-05-09 11:00:00,5,2019-05-09 12:00:00,0.06431,0.06431,0.06431,0.0,0.37898979263175353,303.35649310068516,-0.0,16.870096161109814,0.0,286.48639693957534,286.48639693957534,0.0,0.0
3084,2019-05-09 12:00:00,5,2019-05-09 13:00:00,0.06431,0.06431,0.06431,0.0,0.34842802422394586,309.7208861762744,-0.0,23.234489236699062,0.0,286.48639693957534,286.48639693957534,0.0,0.0
3085,2019-05-09 13:00:00,5,2019-05-09 14:00:00,0.06431,0.06431,0.06431,0.0,0.3063365582154331,308.3715951975149,-0.0,21.885198257939578,0.0,286.48639693957534,286.48639693957534,0.0,0.0
3086,2019-05-09 14:00:00,5,2019-05-09 15:00:00,0.10531,0.10531,0.10531,0.0,0.26668945992206433,308.49635425583784,-0.0,22.0099573162625,0.0,286.48639693957534,286.48639693957534,0.0,0.0
3087,2019-05-09 15:00:00,5,2019-05-09 16:00:00,0.10531,0.10531,0.10531,0.0,0.22681634884187862,309.86652899897103,-0.0,23.38013205939569,0.0,286.48639693957534,286.48639693957534,0.0,0.0
3088,2019-05-09 16:00:00,5,2019-05-09 17:00:00,0.13592,0.13592,0.13592,0.0,0.18446103714007483,314.03621108168477,-0.0,74.22249250132131,0.0,239.81371858036346,239.81371858036346,0.0,0.0
3089,2019-05-09 17:00:00,5,2019-05-09 18:00:00,0.13592,0.13592,0.13592,0.0,0.05,254.46665541536916,-0.0,0.0,0.0,254.46665541536916,254.46665541536916,0.0,0.0
3090,2019-05-09 18:00:00,5,2019-05-09 19:00:00,0.13592,0.13592,0.13592,0.0,0.05,259.88808737857516,-0.0,0.0,0.0,259.88808737857516,259.88808737857516,0.0,1.0
3091,2019-05-09 19:00:00,5,2019-05-09 20:00:00,0.13592,0.13592,0.13592,0.0,0.05,235.04172041511893,-0.0,0.0,0.0,235.04172041511893,235.04172041511893,0.0,0.0
3092,2019-05-09 20:00:00,5,2019-05-09 21:00:00,0.13592,0.13592,0.13592,0.0,0.05,225.46144062184308,-0.0,0.0,0.0,225.46144062184308,225.46144062184308,0.0,0.0
3093,2019-05-09 21:00:00,5,2019-05-09 22:00:00,0.10531,0.10531,0.10531,0.0,0.05,207.47647200035263,-48.288955825588936,0.0,0.0,255.76542782594157,255.76542782594157,0.0,1.0
3094,2019-05-09 22:00:00,5,2019-05-09 23:00:00,0.10531,0.10531,0.10531,0.0,0.12404306559923638,207.15547508100462,-0.0,0.0,0.0,207.15547508100462,207.15547508100462,0.0,0.0
3095,2019-05-09 23:00:00,5,2019-05-10 00:00:00,0.10531,0.10531,0.10531,0.0,0.12404306559923638,203.58996683047206,-0.0,0.0,0.0,203.58996683047206,203.58996683047206,0.0,0.0
3096,2019-05-10 00:00:00,5,2019-05-10 01:00:00,0.10531,0.10531,0.10531,0.0,0.12404306559923638,202.75813751331103,-83.72825942626432,0.0,0.0,286.48639693957534,286.48639693957534,0.0,1.0
3097,2019-05-10 01:00:00,5,2019-05-10 02:00:00,0.10531,0.10531,0.10531,0.0,0.25242639671950834,202.43691838417365,-84.04947855540169,0.0,0.0,286.48639693957534,286.48639693957534,0.0,1.0
3098,2019-05-10 02:00:00,5,2019-05-10 03:00:00,0.10531,0.10531,0.10531,0.0,0.3813022638377909,202.40775483928854,-84.0786421002868,0.0,0.0,286.48639693957534,286.48639693957534,0.0,1.0
3099,2019-05-10 03:00:00,5,2019-05-10 04:00:00,0.10531,0.10531,0.10531,0.0,0.5102228483915641,224.74324839112893,-61.74314854844641,0.0,0.0,286.48639693957534,286.48639693957534,0.0,1.0
3100,2019-05-10 04:00:00,5,2019-05-10 05:00:00,0.10531,0.10531,0.10531,0.0,0.6048956761658485,224.97984514125056,-61.50655179832478,0.0,0.0,286.48639693957534,286.48639693957534,0.0,1.0
3101,2019-05-10 05:00:00,5,2019-05-10 06:00:00,0.10531,0.10531,0.10531,0.0,0.6992057222566131,278.746795592338,-7.73960134723734,0.0,0.0,286.48639693957534,286.48639693957534,0.0,1.0
3102,2019-05-10 06:00:00,5,2019-05-10 07:00:00,0.10531,0.10531,0.10531,0.0,0.7110731109890438,311.44840371301757,-0.0,24.962006773442226,0.0,286.48639693957534,286.48639693957534,0.0,0.0
3103,2019-05-10 07:00:00,5,2019-05-10 08:00:00,0.10531,0.10531,0.10531,0.0,0.6658520842255615,319.7289042841219,-0.0,33.24250734454654,0.0,286.48639693957534,286.48639693957534,0.0,0.0
3104,2019-05-10 08:00:00,5,2019-05-10 09:00:00,0.10531,0.10531,0.10531,0.0,0.6056301506303685,323.0300256953551,-0.0,36.543628755779764,0.0,286.48639693957534,286.48639693957534,0.0,0.0
3105,2019-05-10 09:00:00,5,2019-05-10 10:00:00,0.06431,0.06431,0.06431,0.0,0.5394279246235211,321.66962908079523,-0.0,35.18323214121989,0.0,286.48639693957534,286.48639693957534,0.0,0.0
3106,2019-05-10 10:00:00,5,2019-05-10 11:00:00,0.06431,0.06431,0.06431,0.0,0.47569018523725315,318.8798308677649,-0.0,32.39343392818955,0.0,286.48639693957534,286.48639693957534,0.0,0.0
3107,2019-05-10 11:00:00,5,2019-05-10 12:00:00,0.06431,0.06431,0.06431,0.0,0.4170064281209677,307.3370015301506,-0.0,20.850604590575244,0.0,286.48639693957534,286.48639693957534,0.0,0.0
3108,2019-05-10 12:00:00,5,2019-05-10 13:00:00,0.06431,0.06431,0.06431,0.0,0.3792335937177517,313.37396495068344,-0.0,26.8875680111081,0.0,286.48639693957534,286.48639693957534,0.0,0.0
3109,2019-05-10 13:00:00,5,2019-05-10 14:00:00,0.06431,0.06431,0.06431,0.0,0.3305242313787878,313.5499343509814,-0.0,27.06353741140606,0.0,286.48639693957534,286.48639693957534,0.0,0.0
3110,2019-05-10 14:00:00,5,2019-05-10 15:00:00,0.10531,0.10531,0.10531,0.0,0.2814960838943565,314.08048496840814,-0.0,27.5940880288328,0.0,286.48639693957534,286.48639693957534,0.0,0.0
3111,2019-05-10 15:00:00,5,2019-05-10 16:00:00,0.10531,0.10531,0.10531,0.0,0.2315067939870507,318.1686735330437,-0.0,31.682276593468373,0.0,286.48639693957534,286.48639693957534,0.0,0.0
3112,2019-05-10 16:00:00,5,2019-05-10 17:00:00,0.13592,0.13592,0.13592,0.0,0.17411136537569494,321.9121804036196,-0.0,68.5094736873836,0.0,253.40270671623597,253.40270671623597,0.0,0.0
3113,2019-05-10 17:00:00,5,2019-05-10 18:00:00,0.13592,0.13592,0.13592,0.0,0.05,256.4741318495837,-0.0,0.0,0.0,256.4741318495837,256.4741318495837,0.0,1.0
3114,2019-05-10 18:00:00,5,2019-05-10 19:00:00,0.13592,0.13592,0.13592,0.0,0.05,260.65737027352435,-0.0,0.0,0.0,260.65737027352435,260.65737027352435,0.0,0.0
3115,2019-05-10 19:00:00,5,2019-05-10 20:00:00,0.13592,0.13592,0.13592,0.0,0.05,235.4346682286906,-0.0,0.0,0.0,235.4346682286906,235.4346682286906,0.0,0.0
3116,2019-05-10 20:00:00,5,2019-05-10 21:00:00,0.13592,0.13592,0.13592,0.0,0.05,224.1777442434836,-0.0,0.0,0.0,224.1777442434836,224.1777442434836,0.0,0.0
3117,2019-05-10 21:00:00,5,2019-05-10 22:00:00,0.10531,0.10531,0.10531,0.0,0.05,206.04312223844258,-0.0,0.0,0.0,206.04312223844258,206.04312223844258,0.0,0.0
3118,2019-05-10 22:00:00,5,2019-05-10 23:00:00,0.10531,0.10531,0.10531,0.0,0.05,205.61448877544726,-0.0,0.0,0.0,205.61448877544726,205.61448877544726,0.0,0.0
3119,2019-05-10 23:00:00,5,2019-05-11 00:00:00,0.10531,0.10531,0.10531,0.0,0.05,201.8350547428375,-0.0,0.0,0.0,201.8350547428375,201.8350547428375,0.0,0.0
3120,2019-05-11 00:00:00,5,2019-05-11 01:00:00,0.10531,0.10531,0.10531,0.0,0.05,200.9187534296977,-85.56764350987766,0.0,0.0,286.48639693957534,286.48639693957534,0.0,1.0
3121,2019-05-11 01:00:00,5,2019-05-11 02:00:00,0.10531,0.10531,0.10531,0.0,0.1812037200484791,200.7383155934217,-85.74808134615364,0.0,0.0,286.48639693957534,286.48639693957534,0.0,1.0
3122,2019-05-11 02:00:00,5,2019-05-11 03:00:00,0.10531,0.10531,0.10531,0.0,0.3126841114459147,200.67003594363473,-85.81636099594061,0.0,0.0,286.48639693957534,286.48639693957534,0.0,1.0
3123,2019-05-11 03:00:00,5,2019-05-11 04:00:00,0.10531,0.10531,0.10531,0.0,0.4442691983063569,223.72788868375278,-62.75850825582256,0.0,0.0,286.48639693957534,286.48639693957534,0.0,1.0
3124,2019-05-11 04:00:00,5,2019-05-11 05:00:00,0.10531,0.10531,0.10531,0.0,0.5404989109652849,222.4977108947352,-63.988686044840136,0.0,0.0,286.48639693957534,286.48639693957534,0.0,1.0
3125,2019-05-11 05:00:00,5,2019-05-11 06:00:00,0.10531,0.10531,0.10531,0.0,0.6386148962340398,272.9068151362898,-13.579581803285521,0.0,0.0,286.48639693957534,286.48639693957534,0.0,1.0
3126,2019-05-11 06:00:00,5,2019-05-11 07:00:00,0.10531,0.10531,0.10531,0.0,0.6594369216657443,306.3829349252393,-0.0,19.89653798566394,0.0,286.48639693957534,286.48639693957534,0.0,0.0
3127,2019-05-11 07:00:00,5,2019-05-11 08:00:00,0.10531,0.10531,0.10531,0.0,0.6233924687931647,321.13141373665655,-0.0,34.64501679708121,0.0,286.48639693957534,286.48639693957534,0.0,0.0
3128,2019-05-11 08:00:00,5,2019-05-11 09:00:00,0.10531,0.10531,0.10531,0.0,0.5606297572042493,326.493218327647,-0.0,40.00682138807167,0.0,286.48639693957534,286.48639693957534,0.0,0.0
3129,2019-05-11 09:00:00,5,2019-05-11 10:00:00,0.06431,0.06431,0.06431,0.0,0.48815363150122104,322.70251895469323,-0.0,36.21612201511789,0.0,286.48639693957534,286.48639693957534,0.0,0.0
3130,2019-05-11 10:00:00,5,2019-05-11 11:00:00,0.06431,0.06431,0.06431,0.0,0.4225447148071669,319.06977640762364,-0.0,32.58337946804829,0.0,286.48639693957534,286.48639693957534,0.0,0.0
3131,2019-05-11 11:00:00,5,2019-05-11 12:00:00,0.06431,0.06431,0.06431,0.0,0.3635168534520069,307.04322630222583,-0.0,20.55682936265049,0.0,286.48639693957534,286.48639693957534,0.0,0.0
3132,2019-05-11 12:00:00,5,2019-05-11 13:00:00,0.06431,0.06431,0.06431,0.0,0.32627622054865457,315.66751768421204,-0.0,29.1811207446367,0.0,286.48639693957534,286.48639693957534,0.0,0.0
3133,2019-05-11 13:00:00,5,2019-05-11 14:00:00,0.06431,0.06431,0.06431,0.0,0.2734118713735881,315.05432686136646,-0.0,28.56792992179112,0.0,286.48639693957534,286.48639693957534,0.0,0.0
3134,2019-05-11 14:00:00,5,2019-05-11 15:00:00,0.10531,0.10531,0.10531,0.0,0.2216583751384592,314.8208833606724,-0.0,28.33448642109704,0.0,286.48639693957534,286.48639693957534,0.0,0.0
3135,2019-05-11 15:00:00,5,2019-05-11 16:00:00,0.10531,0.10531,0.10531,0.0,0.1703277837958921,317.48080707056727,-0.0,30.994410130991923,0.0,286.48639693957534,286.48639693957534,0.0,0.0
3136,2019-05-11 16:00:00,5,2019-05-11 17:00:00,0.13592,0.13592,0.13592,0.0,0.11417849008032704,318.87737931778514,-0.0,32.3909823782098,0.0,286.48639693957534,286.48639693957534,0.0,0.0
3137,2019-05-11 17:00:00,5,2019-05-11 18:00:00,0.13592,0.13592,0.13592,0.0,0.05549917417777306,253.57245361025923,-0.0,0.0,0.0,253.57245361025923,253.57245361025923,0.0,0.0
3138,2019-05-11 18:00:00,5,2019-05-11 19:00:00,0.13592,0.13592,0.13592,0.0,0.05549917417777306,257.7469810390539,-0.0,0.0,0.0,257.7469810390539,257.7469810390539,0.0,0.0
3139,2019-05-11 19:00:00,5,2019-05-11 20:00:00,0.13592,0.13592,0.13592,0.0,0.05549917417777306,234.27491307507157,-0.0,3.0355441461307335,0.0,231.23936892894082,231.23936892894082,0.0,0.0
3140,2019-05-11 20:00:00,5,2019-05-11 21:00:00,0.13592,0.13592,0.13592,0.0,0.05,224.39023754059843,-0.0,0.0,0.0,224.39023754059843,224.39023754059843,0.0,0.0
3141,2019-05-11 21:00:00,5,2019-05-11 22:00:00,0.10531,0.10531,0.10531,0.0,0.05,205.87574800203885,-0.0,0.0,0.0,205.87574800203885,205.87574800203885,0.0,0.0
3142,2019-05-11 22:00:00,5,2019-05-11 23:00:00,0.10531,0.10531,0.10531,0.0,0.05,205.51270288271044,-0.0,0.0,0.0,205.51270288271044,205.51270288271044,0.0,0.0
3143,2019-05-11 23:00:00,5,2019-05-12 00:00:00,0.10531,0.10531,0.10531,0.0,0.05,201.05045535484012,-0.0,0.0,0.0,201.05045535484012,201.05045535484012,0.0,0.0
3144,2019-05-12 00:00:00,5,2019-05-12 01:00:00,0.10531,0.10531,0.10531,0.0,0.05,199.50989245632283,-86.97650448325251,0.0,0.0,286.48639693957534,286.48639693957534,0.0,1.0
3145,2019-05-12 01:00:00,5,2019-05-12 02:00:00,0.10531,0.10531,0.10531,0.0,0.18336397354098719,198.32790707339294,-88.1584898661824,0.0,0.0,286.48639693957534,286.48639693957534,0.0,1.0
3146,2019-05-12 02:00:00,5,2019-05-12 03:00:00,0.10531,0.10531,0.10531,0.0,0.31854032466913357,199.33511342939767,-87.15128351017768,0.0,0.0,286.48639693957534,286.48639693957534,0.0,1.0
3147,2019-05-12 03:00:00,5,2019-05-12 04:00:00,0.10531,0.10531,0.10531,0.0,0.4521722927180727,222.8371195171407,-63.649277422434636,0.0,0.0,286.48639693957534,286.48639693957534,0.0,1.0
3148,2019-05-12 04:00:00,5,2019-05-12 05:00:00,0.10531,0.10531,0.10531,0.0,0.5497678514324725,222.43210633514047,-64.05429060443487,0.0,0.0,286.48639693957534,286.48639693957534,0.0,1.0
3149,2019-05-12 05:00:00,5,2019-05-12 06:00:00,0.10531,0.10531,0.10531,0.0,0.6479844303592727,276.5173124209981,-9.969084518577233,0.0,0.0,286.48639693957534,286.48639693957534,0.0,1.0
3150,2019-05-12 06:00:00,5,2019-05-12 07:00:00,0.10531,0.10531,0.10531,0.0,0.6632703599544245,310.2284423596969,-0.0,23.742045420121542,0.0,286.48639693957534,286.48639693957534,0.0,0.0
3151,2019-05-12 07:00:00,5,2019-05-12 08:00:00,0.10531,0.10531,0.10531,0.0,0.6202594081063783,319.0419940043845,-0.0,32.55559706480915,0.0,286.48639693957534,286.48639693957534,0.0,0.0
3152,2019-05-12 08:00:00,5,2019-05-12 09:00:00,0.10531,0.10531,0.10531,0.0,0.5612818771918688,321.75202386302004,-0.0,35.2656269234447,0.0,286.48639693957534,286.48639693957534,0.0,0.0
3153,2019-05-12 09:00:00,5,2019-05-12 10:00:00,0.06431,0.06431,0.06431,0.0,0.49739487189577336,318.7658898345958,-0.0,32.27949289502044,0.0,286.48639693957534,286.48639693957534,0.0,0.0
3154,2019-05-12 10:00:00,5,2019-05-12 11:00:00,0.06431,0.06431,0.06431,0.0,0.4389175296946494,315.4135983258647,-0.0,28.92720138628937,0.0,286.48639693957534,286.48639693957534,0.0,0.0
3155,2019-05-12 11:00:00,5,2019-05-12 12:00:00,0.06431,0.06431,0.06431,0.0,0.38651317935716867,303.8734826664891,-0.0,17.387085726913767,0.0,286.48639693957534,286.48639693957534,0.0,0.0
3156,2019-05-12 12:00:00,5,2019-05-12 13:00:00,0.06431,0.06431,0.06431,0.0,0.35501483564899156,311.39840574251764,-0.0,24.912008802942296,0.0,286.48639693957534,286.48639693957534,0.0,0.0
3157,2019-05-12 13:00:00,5,2019-05-12 14:00:00,0.06431,0.06431,0.06431,0.0,0.30988438491902365,310.22820854408496,-0.0,23.74181160450962,0.0,286.48639693957534,286.48639693957534,0.0,0.0
3158,2019-05-12 14:00:00,5,2019-05-12 15:00:00,0.10531,0.10531,0.10531,0.0,0.2668738566499844,309.49804597806127,-0.0,23.011649038485928,0.0,286.48639693957534,286.48639693957534,0.0,0.0
3159,2019-05-12 15:00:00,5,2019-05-12 16:00:00,0.10531,0.10531,0.10531,0.0,0.22518608665272732,311.3531129901014,-0.0,24.866716050526065,0.0,286.48639693957534,286.48639693957534,0.0,0.0
3160,2019-05-12 16:00:00,5,2019-05-12 17:00:00,0.13592,0.13592,0.13592,0.0,0.18013768801046995,311.77210370969976,-0.0,71.83600378177943,0.0,239.93609992792034,239.93609992792034,0.0,0.0
3161,2019-05-12 17:00:00,5,2019-05-12 18:00:00,0.13592,0.13592,0.13592,0.0,0.05,247.78276967483768,-0.0,0.0,0.0,247.78276967483768,247.78276967483768,0.0,0.0
3162,2019-05-12 18:00:00,5,2019-05-12 19:00:00,0.13592,0.13592,0.13592,0.0,0.05,253.9243095842976,-0.0,0.0,0.0,253.9243095842976,253.9243095842976,0.0,0.0
3163,2019-05-12 19:00:00,5,2019-05-12 20:00:00,0.13592,0.13592,0.13592,0.0,0.05,229.8014163121888,-0.0,0.0,0.0,229.8014163121888,229.8014163121888,0.0,0.0
3164,2019-05-12 20:00:00,5,2019-05-12 21:00:00,0.13592,0.13592,0.13592,0.0,0.05,223.6537030080018,-0.0,0.0,0.0,223.6537030080018,223.6537030080018,0.0,0.0
3165,2019-05-12 21:00:00,5,2019-05-12 22:00:00,0.10531,0.10531,0.10531,0.0,0.05,208.77856062637613,-0.0,0.0,0.0,208.77856062637613,208.77856062637613,0.0,0.0
3166,2019-05-12 22:00:00,5,2019-05-12 23:00:00,0.10531,0.10531,0.10531,0.0,0.05,207.54124470853816,-0.0,0.0,0.0,207.54124470853816,207.54124470853816,0.0,0.0
3167,2019-05-12 23:00:00,5,2019-05-13 00:00:00,0.10531,0.10531,0.10531,0.0,0.05,203.7119654552258,-0.0,0.0,0.0,203.7119654552258,203.7119654552258,0.0,0.0
3168,2019-05-13 00:00:00,5,2019-05-13 01:00:00,0.10531,0.10531,0.10531,0.0,0.05,202.64667455412527,-83.83972238545007,0.0,0.0,286.48639693957534,286.48639693957534,0.0,1.0
3169,2019-05-13 01:00:00,5,2019-05-13 02:00:00,0.10531,0.10531,0.10531,0.0,0.17855424099102346,201.1897643008245,-79.44607587275827,0.0,0.0,280.6358401735828,280.6358401735828,0.0,1.0
3170,2019-05-13 02:00:00,5,2019-05-13 03:00:00,0.10531,0.10531,0.10531,0.0,0.3003715573292528,200.78936318166348,-85.69703375791187,0.0,0.0,286.48639693957534,286.48639693957534,0.0,1.0
3171,2019-05-13 03:00:00,5,2019-05-13 04:00:00,0.10531,0.10531,0.10531,0.0,0.431773675758051,200.44053100762883,-0.0,0.0,0.0,200.44053100762883,200.44053100762883,0.0,0.0
3172,2019-05-13 04:00:00,5,2019-05-13 05:00:00,0.10531,0.10531,0.10531,0.0,0.431773675758051,199.39022736627206,-0.0,0.0,0.0,199.39022736627206,199.39022736627206,0.0,0.0
3173,2019-05-13 05:00:00,5,2019-05-13 06:00:00,0.10531,0.10531,0.10531,0.0,0.431773675758051,213.28557133674767,-73.20082560282768,0.0,0.0,286.48639693957534,286.48639693957534,0.0,1.0
3174,2019-05-13 06:00:00,5,2019-05-13 07:00:00,0.10531,0.10531,0.10531,0.0,0.5440149416823867,246.48852241361652,-39.99787452595882,0.0,0.0,286.48639693957534,286.48639693957534,0.0,1.0
3175,2019-05-13 07:00:00,5,2019-05-13 08:00:00,0.10531,0.10531,0.10531,0.0,0.6053450159555236,252.2194030568325,-34.26699388274284,0.0,0.0,286.48639693957534,286.48639693957534,0.0,1.0
3176,2019-05-13 08:00:00,5,2019-05-13 09:00:00,0.10531,0.10531,0.10531,0.0,0.6578877399090627,276.91058464738455,-9.57581229219079,0.0,0.0,286.48639693957534,286.48639693957534,0.0,1.0
3177,2019-05-13 09:00:00,5,2019-05-13 10:00:00,0.06431,0.06431,0.06431,0.0,0.6725706520904219,274.76374494405366,-11.722651995521687,0.0,0.0,286.48639693957534,286.48639693957534,0.0,1.0
3178,2019-05-13 10:00:00,5,2019-05-13 11:00:00,0.06431,0.06431,0.06431,0.0,0.6905453851502218,271.86253254379056,-14.623864395784778,0.0,0.0,286.48639693957534,286.48639693957534,0.0,1.0
3179,2019-05-13 11:00:00,5,2019-05-13 12:00:00,0.06431,0.06431,0.06431,0.0,0.712968643890425,259.90762072721094,-26.578776212364403,0.0,0.0,286.48639693957534,286.48639693957534,0.0,1.0
3180,2019-05-13 12:00:00,5,2019-05-13 13:00:00,0.06431,0.06431,0.06431,0.0,0.7537227674160505,256.1239175666884,-30.362479372886924,0.0,0.0,286.48639693957534,286.48639693957534,0.0,1.0
3181,2019-05-13 13:00:00,5,2019-05-13 14:00:00,0.06431,0.06431,0.06431,0.0,0.8002785691211437,255.21010210999103,-31.276294829584316,0.0,0.0,286.48639693957534,286.48639693957534,0.0,1.0
3182,2019-05-13 14:00:00,5,2019-05-13 15:00:00,0.10531,0.10531,0.10531,0.0,0.8482355545265065,235.12862459114496,-51.35777234843037,0.0,0.0,286.48639693957534,286.48639693957534,0.0,1.0
3183,2019-05-13 15:00:00,5,2019-05-13 16:00:00,0.10531,0.10531,0.10531,0.0,0.9269841387940996,238.86735702268382,-47.61903991689152,0.0,0.0,286.48639693957534,286.48639693957534,0.0,1.0
3184,2019-05-13 16:00:00,5,2019-05-13 17:00:00,0.13592,0.13592,0.13592,0.0,1.0,229.60483213928046,-0.0,229.60483213928046,0.0,0.0,0.0,0.0,0.0
3185,2019-05-13 17:00:00,5,2019-05-13 18:00:00,0.13592,0.13592,0.13592,0.0,0.5840492171389847,221.1830608304833,-0.0,221.1830608304833,0.0,0.0,0.0,0.0,0.0
3186,2019-05-13 18:00:00,5,2019-05-13 19:00:00,0.13592,0.13592,0.13592,0.0,0.1833552663591237,223.54639091487255,-0.0,73.61210703023627,0.0,149.93428388463627,149.93428388463627,0.0,0.0
3187,2019-05-13 19:00:00,5,2019-05-13 20:00:00,0.13592,0.13592,0.13592,0.0,0.05,206.9558547449369,-0.0,0.0,0.0,206.9558547449369,206.9558547449369,0.0,0.0
3188,2019-05-13 20:00:00,5,2019-05-13 21:00:00,0.13592,0.13592,0.13592,0.0,0.05,210.284593324549,-0.0,0.0,0.0,210.284593324549,210.284593324549,0.0,0.0
3189,2019-05-13 21:00:00,5,2019-05-13 22:00:00,0.10531,0.10531,0.10531,0.0,0.05,208.6352662638529,-0.0,0.0,0.0,208.6352662638529,208.6352662638529,0.0,0.0
3190,2019-05-13 22:00:00,5,2019-05-13 23:00:00,0.10531,0.10531,0.10531,0.0,0.05,207.20127801681377,-0.0,0.0,0.0,207.20127801681377,207.20127801681377,0.0,0.0
3191,2019-05-13 23:00:00,5,2019-05-14 00:00:00,0.10531,0.10531,0.10531,0.0,0.05,202.6047499110493,-0.0,0.0,0.0,202.6047499110493,202.6047499110493,0.0,0.0
3192,2019-05-14 00:00:00,5,2019-05-14 01:00:00,0.10531,0.10531,0.10531,0.0,0.05,198.60792367321537,-0.0,0.0,0.0,198.60792367321537,198.60792367321537,0.0,0.0
3193,2019-05-14 01:00:00,5,2019-05-14 02:00:00,0.10531,0.10531,0.10531,0.0,0.05,196.92649941541026,-0.0,0.0,0.0,196.92649941541026,196.92649941541026,0.0,0.0
3194,2019-05-14 02:00:00,5,2019-05-14 03:00:00,0.10531,0.10531,0.10531,0.0,0.05,196.1353706363391,-0.0,0.0,0.0,196.1353706363391,196.1353706363391,0.0,0.0
3195,2019-05-14 03:00:00,5,2019-05-14 04:00:00,0.10531,0.10531,0.10531,0.0,0.05,199.31753785480922,-0.0,0.0,0.0,199.31753785480922,199.31753785480922,0.0,0.0
3196,2019-05-14 04:00:00,5,2019-05-14 05:00:00,0.10531,0.10531,0.10531,0.0,0.05,197.90562950180157,-0.0,0.0,0.0,197.90562950180157,197.90562950180157,0.0,0.0
3197,2019-05-14 05:00:00,5,2019-05-14 06:00:00,0.10531,0.10531,0.10531,0.0,0.05,211.7924710426075,-0.0,0.0,0.0,211.7924710426075,211.7924710426075,0.0,0.0
3198,2019-05-14 06:00:00,5,2019-05-14 07:00:00,0.10531,0.10531,0.10531,0.0,0.05,217.1995650651096,-69.28683187446575,0.0,0.0,286.48639693957534,286.48639693957534,0.0,1.0
3199,2019-05-14 07:00:00,5,2019-05-14 08:00:00,0.10531,0.10531,0.10531,0.0,0.1562398088741808,239.65477940680506,-46.83161753277028,0.0,0.0,286.48639693957534,286.48639693957534,0.0,1.0
3200,2019-05-14 08:00:00,5,2019-05-14 09:00:00,0.10531,0.10531,0.10531,0.0,0.22804828909109526,231.5213426162113,-52.5619987771547,0.0,0.0,284.083341393366,284.083341393366,0.0,1.0
3201,2019-05-14 09:00:00,5,2019-05-14 10:00:00,0.06431,0.06431,0.06431,0.0,0.30864335388273245,228.71461082791834,-57.77178611165701,0.0,0.0,286.48639693957534,286.48639693957534,0.0,1.0
3202,2019-05-14 10:00:00,5,2019-05-14 11:00:00,0.06431,0.06431,0.06431,0.0,0.39722675925393985,225.6238951122906,-60.862501827284746,0.0,0.0,286.48639693957534,286.48639693957534,0.0,1.0
3203,2019-05-14 11:00:00,5,2019-05-14 12:00:00,0.06431,0.06431,0.06431,0.0,0.4905492620557765,223.02629808940986,-63.46009885016548,0.0,0.0,286.48639693957534,286.48639693957534,0.0,1.0
3204,2019-05-14 12:00:00,5,2019-05-14 13:00:00,0.06431,0.06431,0.06431,0.0,0.5878547469593636,220.2477594463629,-66.23863749321245,0.0,0.0,286.48639693957534,286.48639693957534,0.0,1.0
3205,2019-05-14 13:00:00,5,2019-05-14 14:00:00,0.06431,0.06431,0.06431,0.0,0.6894206577822893,221.22121438230056,-65.26518255727478,0.0,0.0,286.48639693957534,286.48639693957534,0.0,1.0
3206,2019-05-14 14:00:00,5,2019-05-14 15:00:00,0.10531,0.10531,0.10531,0.0,0.789493937703444,221.16395627869662,-65.32244066087873,0.0,0.0,286.48639693957534,286.48639693957534,0.0,1.0
3207,2019-05-14 15:00:00,5,2019-05-14 16:00:00,0.10531,0.10531,0.10531,0.0,0.889655013383458,214.522275233135,-71.96412170644035,0.0,0.0,286.48639693957534,286.48639693957534,0.0,1.0
3208,2019-05-14 16:00:00,5,2019-05-14 17:00:00,0.13592,0.13592,0.13592,0.0,1.0,204.37288478304595,-0.0,204.37288478304595,0.0,0.0,0.0,0.0,0.0
3209,2019-05-14 17:00:00,5,2019-05-14 18:00:00,0.13592,0.13592,0.13592,0.0,0.6297592666973805,199.1333429400742,-0.0,199.1333429400742,0.0,0.0,0.0,0.0,0.0
3210,2019-05-14 18:00:00,5,2019-05-14 19:00:00,0.13592,0.13592,0.13592,0.0,0.26901045702333304,202.4469208593067,-0.0,120.89377227687983,0.0,81.55314858242686,81.55314858242686,0.0,0.0
3211,2019-05-14 19:00:00,5,2019-05-14 20:00:00,0.13592,0.13592,0.13592,0.0,0.05,203.24331867553016,-0.0,0.0,0.0,203.24331867553016,203.24331867553016,0.0,0.0
3212,2019-05-14 20:00:00,5,2019-05-14 21:00:00,0.13592,0.13592,0.13592,0.0,0.05,206.48416649748222,-0.0,0.0,0.0,206.48416649748222,206.48416649748222,0.0,0.0
3213,2019-05-14 21:00:00,5,2019-05-14 22:00:00,0.10531,0.10531,0.10531,0.0,0.05,206.10916112470042,-0.0,0.0,0.0,206.10916112470042,206.10916112470042,0.0,0.0
3214,2019-05-14 22:00:00,5,2019-05-14 23:00:00,0.10531,0.10531,0.10531,0.0,0.05,205.55405789312394,-0.0,0.0,0.0,205.55405789312394,205.55405789312394,0.0,0.0
3215,2019-05-14 23:00:00,5,2019-05-15 00:00:00,0.10531,0.10531,0.10531,0.0,0.05,201.65076767501105,-0.0,0.0,0.0,201.65076767501105,201.65076767501105,0.0,0.0
3216,2019-05-15 00:00:00,5,2019-05-15 01:00:00,0.10531,0.10531,0.10531,0.0,0.05,203.71061942035732,-82.77577751921802,0.0,0.0,286.48639693957534,286.48639693957534,0.0,1.0
3217,2019-05-15 01:00:00,5,2019-05-15 02:00:00,0.10531,0.10531,0.10531,0.0,0.17692285886280099,202.6586868632357,-83.82771007633966,0.0,0.0,286.48639693957534,286.48639693957534,0.0,1.0
3218,2019-05-15 02:00:00,5,2019-05-15 03:00:00,0.10531,0.10531,0.10531,0.0,0.3054586809798551,201.93143844075524,-84.5549584988201,0.0,0.0,286.48639693957534,286.48639693957534,0.0,1.0
3219,2019-05-15 03:00:00,5,2019-05-15 04:00:00,0.10531,0.10531,0.10531,0.0,0.43510961734471265,223.32865621786115,-63.15774072171419,0.0,0.0,286.48639693957534,286.48639693957534,0.0,1.0
3220,2019-05-15 04:00:00,5,2019-05-15 05:00:00,0.10531,0.10531,0.10531,0.0,0.5319514864513412,222.04975906869433,-64.43663787088101,0.0,0.0,286.48639693957534,286.48639693957534,0.0,1.0
3221,2019-05-15 05:00:00,5,2019-05-15 06:00:00,0.10531,0.10531,0.10531,0.0,0.630754331186692,276.700481922992,-9.785915016583317,0.0,0.0,286.48639693957534,286.48639693957534,0.0,1.0
3222,2019-05-15 06:00:00,5,2019-05-15 07:00:00,0.10531,0.10531,0.10531,0.0,0.6457594008787864,310.43727282473003,-0.0,23.950875885154687,0.0,286.48639693957534,286.48639693957534,0.0,0.0
3223,2019-05-15 07:00:00,5,2019-05-15 08:00:00,0.10531,0.10531,0.10531,0.0,0.6023701329708975,323.11469309283694,-0.0,36.6282961532616,0.0,286.48639693957534,286.48639693957534,0.0,0.0
3224,2019-05-15 08:00:00,5,2019-05-15 09:00:00,0.10531,0.10531,0.10531,0.0,0.5360145239975975,326.23916570329885,-0.0,39.75276876372351,0.0,286.48639693957534,286.48639693957534,0.0,0.0
3225,2019-05-15 09:00:00,5,2019-05-15 10:00:00,0.06431,0.06431,0.06431,0.0,0.46399863855606943,322.0255561239164,-0.0,35.53915918434103,0.0,286.48639693957534,286.48639693957534,0.0,0.0
3226,2019-05-15 10:00:00,5,2019-05-15 11:00:00,0.06431,0.06431,0.06431,0.0,0.39961610380182844,318.1951708728908,-0.0,31.708773933315456,0.0,286.48639693957534,286.48639693957534,0.0,0.0
3227,2019-05-15 11:00:00,5,2019-05-15 12:00:00,0.06431,0.06431,0.06431,0.0,0.34217267276321345,305.4283724217011,-0.0,18.94197548212577,0.0,286.48639693957534,286.48639693957534,0.0,0.0
3228,2019-05-15 12:00:00,5,2019-05-15 13:00:00,0.06431,0.06431,0.06431,0.0,0.307857499788348,312.7670662290684,-0.0,26.280669289493062,0.0,286.48639693957534,286.48639693957534,0.0,0.0
3229,2019-05-15 13:00:00,5,2019-05-15 14:00:00,0.06431,0.06431,0.06431,0.0,0.26024759165520833,311.0977438754235,-0.0,24.611346935848132,0.0,286.48639693957534,286.48639693957534,0.0,0.0
3230,2019-05-15 14:00:00,5,2019-05-15 15:00:00,0.10531,0.10531,0.10531,0.0,0.21566181822070082,309.57974458436837,-0.0,23.093347644793027,0.0,286.48639693957534,286.48639693957534,0.0,0.0
3231,2019-05-15 15:00:00,5,2019-05-15 16:00:00,0.10531,0.10531,0.10531,0.0,0.17382604350187292,310.8849938556942,-0.0,24.398596916118834,0.0,286.48639693957534,286.48639693957534,0.0,0.0
3232,2019-05-15 16:00:00,5,2019-05-15 17:00:00,0.13592,0.13592,0.13592,0.0,0.12962568676977357,310.0283920124832,-0.0,23.541995072907866,0.0,286.48639693957534,286.48639693957534,0.0,0.0
3233,2019-05-15 17:00:00,5,2019-05-15 18:00:00,0.13592,0.13592,0.13592,0.0,0.08697714497102745,244.78959913194453,-0.0,0.0,0.0,244.78959913194453,244.78959913194453,0.0,0.0
3234,2019-05-15 18:00:00,5,2019-05-15 19:00:00,0.13592,0.13592,0.13592,0.0,0.08697714497102745,249.1315725218451,-0.0,0.0,0.0,249.1315725218451,249.1315725218451,0.0,0.0
3235,2019-05-15 19:00:00,5,2019-05-15 20:00:00,0.13592,0.13592,0.13592,0.0,0.08697714497102745,225.23569080925563,-0.0,20.41138402400715,0.0,204.8243067852485,204.8243067852485,0.0,0.0
3236,2019-05-15 20:00:00,5,2019-05-15 21:00:00,0.13592,0.13592,0.13592,0.0,0.05,220.29582163714744,-0.0,0.0,0.0,220.29582163714744,220.29582163714744,0.0,0.0
3237,2019-05-15 21:00:00,5,2019-05-15 22:00:00,0.10531,0.10531,0.10531,0.0,0.05,207.99776540320292,-58.125232334793424,0.0,0.0,266.12299773799634,266.12299773799634,0.0,1.0
3238,2019-05-15 22:00:00,5,2019-05-15 23:00:00,0.10531,0.10531,0.10531,0.0,0.13912535624668323,208.52467731789093,-0.0,0.0,0.0,208.52467731789093,208.52467731789093,0.0,0.0
3239,2019-05-15 23:00:00,5,2019-05-16 00:00:00,0.10531,0.10531,0.10531,0.0,0.13912535624668323,204.26555769356415,-0.0,0.0,0.0,204.26555769356415,204.26555769356415,0.0,0.0
3240,2019-05-16 00:00:00,5,2019-05-16 01:00:00,0.10531,0.10531,0.10531,0.0,0.13912535624668323,203.13299971921163,-83.35339722036372,0.0,0.0,286.48639693957534,286.48639693957534,0.0,1.0
3241,2019-05-16 01:00:00,5,2019-05-16 02:00:00,0.10531,0.10531,0.10531,0.0,0.26693389865124095,201.6919211805151,-84.79447575906025,0.0,0.0,286.48639693957534,286.48639693957534,0.0,1.0
3242,2019-05-16 02:00:00,5,2019-05-16 03:00:00,0.10531,0.10531,0.10531,0.0,0.3969520948151333,201.17900232385338,-85.30739461572196,0.0,0.0,286.48639693957534,286.48639693957534,0.0,1.0
3243,2019-05-16 03:00:00,5,2019-05-16 04:00:00,0.10531,0.10531,0.10531,0.0,0.5277567665592403,224.26768780479108,-62.21870913478426,0.0,0.0,286.48639693957534,286.48639693957534,0.0,1.0
3244,2019-05-16 04:00:00,5,2019-05-16 05:00:00,0.10531,0.10531,0.10531,0.0,0.6231587872325762,223.5528076817353,-62.933589257840055,0.0,0.0,286.48639693957534,286.48639693957534,0.0,1.0
3245,2019-05-16 05:00:00,5,2019-05-16 06:00:00,0.10531,0.10531,0.10531,0.0,0.719656957427931,276.94168803061706,-9.544708908958285,0.0,0.0,286.48639693957534,286.48639693957534,0.0,1.0
3246,2019-05-16 06:00:00,5,2019-05-16 07:00:00,0.10531,0.10531,0.10531,0.0,0.7342921777550003,310.2337331222311,-0.0,23.747336182655772,0.0,286.48639693957534,286.48639693957534,0.0,0.0
3247,2019-05-16 07:00:00,5,2019-05-16 08:00:00,0.10531,0.10531,0.10531,0.0,0.6912716411922182,319.70635031487393,-0.0,33.21995337529859,0.0,286.48639693957534,286.48639693957534,0.0,0.0
3248,2019-05-16 08:00:00,5,2019-05-16 09:00:00,0.10531,0.10531,0.10531,0.0,0.631090566236967,323.0594789821274,-0.0,36.57308204255207,0.0,286.48639693957534,286.48639693957534,0.0,0.0
3249,2019-05-16 09:00:00,5,2019-05-16 10:00:00,0.06431,0.06431,0.06431,0.0,0.5648349828265466,319.8911108624565,-0.0,33.40471392288117,0.0,286.48639693957534,286.48639693957534,0.0,0.0
3250,2019-05-16 10:00:00,5,2019-05-16 11:00:00,0.06431,0.06431,0.06431,0.0,0.5043191967343706,316.7710025671072,-0.0,30.284605627531846,0.0,286.48639693957534,286.48639693957534,0.0,0.0
3251,2019-05-16 11:00:00,5,2019-05-16 12:00:00,0.06431,0.06431,0.06431,0.0,0.44945578074246506,303.925071187408,-0.0,17.438674247832637,0.0,286.48639693957534,286.48639693957534,0.0,0.0
3252,2019-05-16 12:00:00,5,2019-05-16 13:00:00,0.06431,0.06431,0.06431,0.0,0.41786397956885524,310.85891470802136,-0.0,24.372517768446016,0.0,286.48639693957534,286.48639693957534,0.0,0.0
3253,2019-05-16 13:00:00,5,2019-05-16 14:00:00,0.06431,0.06431,0.06431,0.0,0.3737108676694965,310.11831913767566,-0.0,23.631922198100312,0.0,286.48639693957534,286.48639693957534,0.0,0.0
3254,2019-05-16 14:00:00,5,2019-05-16 15:00:00,0.10531,0.10531,0.10531,0.0,0.33089941441206844,309.8861778779865,-0.0,23.39978093841114,0.0,286.48639693957534,286.48639693957534,0.0,0.0
3255,2019-05-16 15:00:00,5,2019-05-16 16:00:00,0.10531,0.10531,0.10531,0.0,0.2885085069149468,311.774191048543,-0.0,25.28779410896766,0.0,286.48639693957534,286.48639693957534,0.0,0.0
3256,2019-05-16 16:00:00,5,2019-05-16 17:00:00,0.13592,0.13592,0.13592,0.0,0.24269728570304888,313.21281174659373,-0.0,106.36890170808299,0.0,206.84391003851073,206.84391003851073,0.0,0.0
3257,2019-05-16 17:00:00,5,2019-05-16 18:00:00,0.13592,0.13592,0.13592,0.0,0.05,252.79970816202726,-0.0,0.0,0.0,252.79970816202726,252.79970816202726,0.0,0.0
3258,2019-05-16 18:00:00,5,2019-05-16 19:00:00,0.13592,0.13592,0.13592,0.0,0.05,258.77087456181505,-0.0,0.0,0.0,258.77087456181505,258.77087456181505,0.0,1.0
3259,2019-05-16 19:00:00,5,2019-05-16 20:00:00,0.13592,0.13592,0.13592,0.0,0.05,235.01624643971965,-0.0,0.0,0.0,235.01624643971965,235.01624643971965,0.0,0.0
3260,2019-05-16 20:00:00,5,2019-05-16 21:00:00,0.13592,0.13592,0.13592,0.0,0.05,225.55411811961113,-0.0,0.0,0.0,225.55411811961113,225.55411811961113,0.0,0.0
3261,2019-05-16 21:00:00,5,2019-05-16 22:00:00,0.10531,0.10531,0.10531,0.0,0.05,207.01650539437992,-0.0,0.0,0.0,207.01650539437992,207.01650539437992,0.0,0.0
3262,2019-05-16 22:00:00,5,2019-05-16 23:00:00,0.10531,0.10531,0.10531,0.0,0.05,206.2929013610465,-0.0,0.0,0.0,206.2929013610465,206.2929013610465,0.0,0.0
3263,2019-05-16 23:00:00,5,2019-05-17 00:00:00,0.10531,0.10531,0.10531,0.0,0.05,203.24086522379704,-0.0,0.0,0.0,203.24086522379704,203.24086522379704,0.0,0.0
3264,2019-05-17 00:00:00,5,2019-05-17 01:00:00,0.10531,0.10531,0.10531,0.0,0.05,203.25998268292338,-85.36361317004234,0.0,0.0,288.6235958529657,288.6235958529657,0.0,1.0
3265,2019-05-17 01:00:00,5,2019-05-17 02:00:00,0.10531,0.10531,0.10531,0.0,0.18089087352739827,203.20723586431703,-85.4163599886487,0.0,0.0,288.6235958529657,288.6235958529657,0.0,1.0
3266,2019-05-17 02:00:00,5,2019-05-17 03:00:00,0.10531,0.10531,0.10531,0.0,0.31186262550999294,203.08096372399456,-85.54263212897116,0.0,0.0,288.6235958529657,288.6235958529657,0.0,1.0
3267,2019-05-17 03:00:00,5,2019-05-17 04:00:00,0.10531,0.10531,0.10531,0.0,0.4430279947744154,225.7001249521089,-62.92347090085682,0.0,0.0,288.6235958529657,288.6235958529657,0.0,1.0
3268,2019-05-17 04:00:00,5,2019-05-17 05:00:00,0.10531,0.10531,0.10531,0.0,0.5395106501557293,226.1521174697028,-62.47147838326291,0.0,0.0,288.6235958529657,288.6235958529657,0.0,1.0
3269,2019-05-17 05:00:00,5,2019-05-17 06:00:00,0.10531,0.10531,0.10531,0.0,0.6353002503433991,280.30584374747514,-8.317752105490579,0.0,0.0,288.6235958529657,288.6235958529657,0.0,1.0
3270,2019-05-17 06:00:00,5,2019-05-17 07:00:00,0.10531,0.10531,0.10531,0.0,0.6480541369051512,312.65671282351764,-0.0,24.03311697055193,0.0,288.6235958529657,288.6235958529657,0.0,0.0
3271,2019-05-17 07:00:00,5,2019-05-17 08:00:00,0.10531,0.10531,0.10531,0.0,0.6045158815237167,322.56659442295665,-0.0,33.94299856999095,0.0,288.6235958529657,288.6235958529657,0.0,0.0
3272,2019-05-17 08:00:00,5,2019-05-17 09:00:00,0.10531,0.10531,0.10531,0.0,0.5430249420853273,325.9642961172422,-0.0,37.34070026427651,0.0,288.6235958529657,288.6235958529657,0.0,0.0
3273,2019-05-17 09:00:00,5,2019-05-17 10:00:00,0.06431,0.06431,0.06431,0.0,0.4753787459543916,323.3210638966587,-0.0,34.69746804369299,0.0,288.6235958529657,288.6235958529657,0.0,0.0
3274,2019-05-17 10:00:00,5,2019-05-17 11:00:00,0.06431,0.06431,0.06431,0.0,0.41252101399117974,320.90407190297105,-0.0,32.28047605000535,0.0,288.6235958529657,288.6235958529657,0.0,0.0
3275,2019-05-17 11:00:00,5,2019-05-17 12:00:00,0.06431,0.06431,0.06431,0.0,0.35404189071218456,307.47492389063854,-0.0,18.85132803767283,0.0,288.6235958529657,288.6235958529657,0.0,0.0
3276,2019-05-17 12:00:00,5,2019-05-17 13:00:00,0.06431,0.06431,0.06431,0.0,0.31989093412219755,314.8305000513567,-0.0,26.20690419839098,0.0,288.6235958529657,288.6235958529657,0.0,0.0
3277,2019-05-17 13:00:00,5,2019-05-17 14:00:00,0.06431,0.06431,0.06431,0.0,0.2724146584004748,316.61600294743766,-0.0,27.992407094471957,0.0,288.6235958529657,288.6235958529657,0.0,0.0
3278,2019-05-17 14:00:00,5,2019-05-17 15:00:00,0.10531,0.10531,0.10531,0.0,0.22170377598295313,317.5832311226768,-0.0,28.959635269711104,0.0,288.6235958529657,288.6235958529657,0.0,0.0
3279,2019-05-17 15:00:00,5,2019-05-17 16:00:00,0.10531,0.10531,0.10531,0.0,0.16924066861028805,319.946976606433,-0.0,31.32338075346729,0.0,288.6235958529657,288.6235958529657,0.0,0.0
3280,2019-05-17 16:00:00,5,2019-05-17 17:00:00,0.13592,0.13592,0.13592,0.0,0.1124954136221227,323.12106417237743,-0.0,34.49746831941172,0.0,288.6235958529657,288.6235958529657,0.0,0.0
3281,2019-05-17 17:00:00,5,2019-05-17 18:00:00,0.13592,0.13592,0.13592,0.0,0.05,258.7655649727781,-0.0,0.0,0.0,258.7655649727781,258.7655649727781,0.0,1.0
3282,2019-05-17 18:00:00,5,2019-05-17 19:00:00,0.13592,0.13592,0.13592,0.0,0.05,261.44163943410757,-0.0,0.0,0.0,261.44163943410757,261.44163943410757,0.0,0.0
3283,2019-05-17 19:00:00,5,2019-05-17 20:00:00,0.13592,0.13592,0.13592,0.0,0.05,235.02552644567538,-0.0,0.0,0.0,235.02552644567538,235.02552644567538,0.0,0.0
3284,2019-05-17 20:00:00,5,2019-05-17 21:00:00,0.13592,0.13592,0.13592,0.0,0.05,226.07862843437394,-0.0,0.0,0.0,226.07862843437394,226.07862843437394,0.0,0.0
3285,2019-05-17 21:00:00,5,2019-05-17 22:00:00,0.10531,0.10531,0.10531,0.0,0.05,208.85741098365887,-0.0,0.0,0.0,208.85741098365887,208.85741098365887,0.0,0.0
3286,2019-05-17 22:00:00,5,2019-05-17 23:00:00,0.10531,0.10531,0.10531,0.0,0.05,208.56731182493343,-0.0,0.0,0.0,208.56731182493343,208.56731182493343,0.0,0.0
3287,2019-05-17 23:00:00,5,2019-05-18 00:00:00,0.10531,0.10531,0.10531,0.0,0.05,205.14722618608445,-0.0,0.0,0.0,205.14722618608445,205.14722618608445,0.0,0.0
3288,2019-05-18 00:00:00,5,2019-05-18 01:00:00,0.10531,0.10531,0.10531,0.0,0.05,204.89385256456572,-83.72974328839999,0.0,0.0,288.6235958529657,288.6235958529657,0.0,1.0
3289,2019-05-18 01:00:00,5,2019-05-18 02:00:00,0.10531,0.10531,0.10531,0.0,0.17838560637554665,204.82874218885286,-83.79485366411285,0.0,0.0,288.6235958529657,288.6235958529657,0.0,1.0
3290,2019-05-18 02:00:00,5,2019-05-18 03:00:00,0.10531,0.10531,0.10531,0.0,0.3068710486605197,204.27808305704633,-84.34551279591938,0.0,0.0,288.6235958529657,288.6235958529657,0.0,1.0
3291,2019-05-18 03:00:00,5,2019-05-18 04:00:00,0.10531,0.10531,0.10531,0.0,0.4362008349475961,226.221826185519,-62.4017696674467,0.0,0.0,288.6235958529657,288.6235958529657,0.0,1.0
3292,2019-05-18 04:00:00,5,2019-05-18 05:00:00,0.10531,0.10531,0.10531,0.0,0.531883548437681,225.96007359747955,-62.66352225548616,0.0,0.0,288.6235958529657,288.6235958529657,0.0,1.0
3293,2019-05-18 05:00:00,5,2019-05-18 06:00:00,0.10531,0.10531,0.10531,0.0,0.6279676158960932,279.7680108729131,-8.855584980052583,0.0,0.0,288.6235958529657,288.6235958529657,0.0,1.0
3294,2019-05-18 06:00:00,5,2019-05-18 07:00:00,0.10531,0.10531,0.10531,0.0,0.6415461795321737,312.46117568668217,-0.0,23.83757983371646,0.0,288.6235958529657,288.6235958529657,0.0,0.0
3295,2019-05-18 07:00:00,5,2019-05-18 08:00:00,0.10531,0.10531,0.10531,0.0,0.5983621580942816,322.3461751093919,-0.0,33.72257925642617,0.0,288.6235958529657,288.6235958529657,0.0,0.0
3296,2019-05-18 08:00:00,5,2019-05-18 09:00:00,0.10531,0.10531,0.10531,0.0,0.5372705290065531,326.1536774904081,-0.0,37.53008163744238,0.0,288.6235958529657,288.6235958529657,0.0,0.0
3297,2019-05-18 09:00:00,5,2019-05-18 10:00:00,0.06431,0.06431,0.06431,0.0,0.4692812506778531,323.902055797196,-0.0,35.27845994423029,0.0,288.6235958529657,288.6235958529657,0.0,0.0
3298,2019-05-18 10:00:00,5,2019-05-18 11:00:00,0.06431,0.06431,0.06431,0.0,0.4053709971556968,319.426872267395,-0.0,30.80327641442932,0.0,288.6235958529657,288.6235958529657,0.0,0.0
3299,2019-05-18 11:00:00,5,2019-05-18 12:00:00,0.06431,0.06431,0.06431,0.0,0.34956796017303504,306.6223853446083,-0.0,17.998789491642583,0.0,288.6235958529657,288.6235958529657,0.0,0.0
3300,2019-05-18 12:00:00,5,2019-05-18 13:00:00,0.06431,0.06431,0.06431,0.0,0.31696145747078397,313.964112775191,-0.0,25.340516922225277,0.0,288.6235958529657,288.6235958529657,0.0,0.0
3301,2019-05-18 13:00:00,5,2019-05-18 14:00:00,0.06431,0.06431,0.06431,0.0,0.2710547239160281,313.7715814264987,-0.0,25.147985573532992,0.0,288.6235958529657,288.6235958529657,0.0,0.0
3302,2019-05-18 14:00:00,5,2019-05-18 15:00:00,0.10531,0.10531,0.10531,0.0,0.22549677903643933,313.4108064357706,-0.0,24.787210582804903,0.0,288.6235958529657,288.6235958529657,0.0,0.0
3303,2019-05-18 15:00:00,5,2019-05-18 16:00:00,0.10531,0.10531,0.10531,0.0,0.18059241203860435,316.67965560187713,-0.0,28.056059748911423,0.0,288.6235958529657,288.6235958529657,0.0,0.0
3304,2019-05-18 16:00:00,5,2019-05-18 17:00:00,0.13592,0.13592,0.13592,0.0,0.12976621684130107,319.9794157237475,-0.0,44.02169240803798,0.0,275.9577233157095,275.9577233157095,0.0,0.0
3305,2019-05-18 17:00:00,5,2019-05-18 18:00:00,0.13592,0.13592,0.13592,0.0,0.050016774073116325,255.75414290190812,-0.0,0.0,0.0,255.75414290190812,255.75414290190812,0.0,1.0
3306,2019-05-18 18:00:00,5,2019-05-18 19:00:00,0.13592,0.13592,0.13592,0.0,0.050016774073116346,259.3165461008709,-0.0,0.0,0.0,259.3165461008709,259.3165461008709,0.0,0.0
3307,2019-05-18 19:00:00,5,2019-05-18 20:00:00,0.13592,0.13592,0.13592,0.0,0.050016774073116346,236.041152142126,-0.0,0.0,0.0,236.041152142126,236.041152142126,0.0,0.0
3308,2019-05-18 20:00:00,5,2019-05-18 21:00:00,0.13592,0.13592,0.13592,0.0,0.050016774073116346,224.48049251689318,-0.0,0.0,0.0,224.48049251689318,224.48049251689318,0.0,0.0
3309,2019-05-18 21:00:00,5,2019-05-18 22:00:00,0.10531,0.10531,0.10531,0.0,0.050016774073116346,207.00906599074267,-0.0,0.0,0.0,207.00906599074267,207.00906599074267,0.0,0.0
3310,2019-05-18 22:00:00,5,2019-05-18 23:00:00,0.10531,0.10531,0.10531,0.0,0.050016774073116346,207.90119070727346,-0.0,0.0,0.0,207.90119070727346,207.90119070727346,0.0,0.0
3311,2019-05-18 23:00:00,5,2019-05-19 00:00:00,0.10531,0.10531,0.10531,0.0,0.050016774073116346,204.33037954646238,-0.0,0.0,0.0,204.33037954646238,204.33037954646238,0.0,0.0
3312,2019-05-19 00:00:00,5,2019-05-19 01:00:00,0.10531,0.10531,0.10531,0.0,0.050016774073116346,202.60949582730635,-86.01410002565936,0.0,0.0,288.6235958529657,288.6235958529657,0.0,1.0
3313,2019-05-19 01:00:00,5,2019-05-19 02:00:00,0.10531,0.10531,0.10531,0.0,0.18190506077912738,200.76485577374223,-87.85874007922348,0.0,0.0,288.6235958529657,288.6235958529657,0.0,1.0
3314,2019-05-19 02:00:00,5,2019-05-19 03:00:00,0.10531,0.10531,0.10531,0.0,0.31662179556727,198.97206704977444,-89.65152880319127,0.0,0.0,288.6235958529657,288.6235958529657,0.0,1.0
3315,2019-05-19 03:00:00,5,2019-05-19 04:00:00,0.10531,0.10531,0.10531,0.0,0.4540874730654967,221.17728645983618,-67.44630939312952,0.0,0.0,288.6235958529657,288.6235958529657,0.0,1.0
3316,2019-05-19 04:00:00,5,2019-05-19 05:00:00,0.10531,0.10531,0.10531,0.0,0.5575051474682953,221.119481871622,-67.50411398134369,0.0,0.0,288.6235958529657,288.6235958529657,0.0,1.0
3317,2019-05-19 05:00:00,5,2019-05-19 06:00:00,0.10531,0.10531,0.10531,0.0,0.6610114555730223,276.351001574589,-12.272594278376687,0.0,0.0,288.6235958529657,288.6235958529657,0.0,1.0
3318,2019-05-19 06:00:00,5,2019-05-19 07:00:00,0.10531,0.10531,0.10531,0.0,0.6798294334665332,310.9250543258715,-0.0,22.30145847290578,0.0,288.6235958529657,288.6235958529657,0.0,0.0
3319,2019-05-19 07:00:00,5,2019-05-19 08:00:00,0.10531,0.10531,0.10531,0.0,0.6394282405808344,319.71101173180466,-0.0,31.087415878838954,0.0,288.6235958529657,288.6235958529657,0.0,0.0
3320,2019-05-19 08:00:00,5,2019-05-19 09:00:00,0.10531,0.10531,0.10531,0.0,0.5831104581916334,322.9133346103395,-0.0,34.28973875737381,0.0,288.6235958529657,288.6235958529657,0.0,0.0
3321,2019-05-19 09:00:00,5,2019-05-19 10:00:00,0.06431,0.06431,0.06431,0.0,0.5209913662398693,320.0941159023332,-0.0,31.470520049367508,0.0,288.6235958529657,288.6235958529657,0.0,0.0
3322,2019-05-19 10:00:00,5,2019-05-19 11:00:00,0.06431,0.06431,0.06431,0.0,0.46397955455623247,316.2363212918259,-0.0,27.612725438860195,0.0,288.6235958529657,288.6235958529657,0.0,0.0
3323,2019-05-19 11:00:00,5,2019-05-19 12:00:00,0.06431,0.06431,0.06431,0.0,0.413956501224964,302.50321192327357,-0.0,13.879616070307861,0.0,288.6235958529657,288.6235958529657,0.0,0.0
3324,2019-05-19 12:00:00,5,2019-05-19 13:00:00,0.06431,0.06431,0.06431,0.0,0.38881226921353673,309.1020694741196,-0.0,20.47847362115391,0.0,288.6235958529657,288.6235958529657,0.0,0.0
3325,2019-05-19 13:00:00,5,2019-05-19 14:00:00,0.06431,0.06431,0.06431,0.0,0.3517135851172434,309.3247133966164,-0.0,20.701117543650696,0.0,288.6235958529657,288.6235958529657,0.0,0.0
3326,2019-05-19 14:00:00,5,2019-05-19 15:00:00,0.10531,0.10531,0.10531,0.0,0.31421156058164434,309.9645232906208,-0.0,21.34092743765507,0.0,288.6235958529657,288.6235958529657,0.0,0.0
3327,2019-05-19 15:00:00,5,2019-05-19 16:00:00,0.10531,0.10531,0.10531,0.0,0.2755504601511098,311.685790863315,-0.0,23.062195010349285,0.0,288.6235958529657,288.6235958529657,0.0,0.0
3328,2019-05-19 16:00:00,5,2019-05-19 17:00:00,0.13592,0.13592,0.13592,0.0,0.23377112136424516,311.2711129938569,-0.0,101.44165899306333,0.0,209.82945400079356,209.82945400079356,0.0,0.0
3329,2019-05-19 17:00:00,5,2019-05-19 18:00:00,0.13592,0.13592,0.13592,0.0,0.05,249.6854851814781,-0.0,0.0,0.0,249.6854851814781,249.6854851814781,0.0,0.0
3330,2019-05-19 18:00:00,5,2019-05-19 19:00:00,0.13592,0.13592,0.13592,0.0,0.05,257.8767274867812,-0.0,0.0,0.0,257.8767274867812,257.8767274867812,0.0,0.0
3331,2019-05-19 19:00:00,5,2019-05-19 20:00:00,0.13592,0.13592,0.13592,0.0,0.05,235.33987872910944,-0.0,0.0,0.0,235.33987872910944,235.33987872910944,0.0,0.0
3332,2019-05-19 20:00:00,5,2019-05-19 21:00:00,0.13592,0.13592,0.13592,0.0,0.05,226.10372556225784,-0.0,0.0,0.0,226.10372556225784,226.10372556225784,0.0,0.0
3333,2019-05-19 21:00:00,5,2019-05-19 22:00:00,0.10531,0.10531,0.10531,0.0,0.05,208.150862238551,-0.0,0.0,0.0,208.150862238551,208.150862238551,0.0,0.0
3334,2019-05-19 22:00:00,5,2019-05-19 23:00:00,0.10531,0.10531,0.10531,0.0,0.05,207.51938799276758,-0.0,0.0,0.0,207.51938799276758,207.51938799276758,0.0,0.0
3335,2019-05-19 23:00:00,5,2019-05-20 00:00:00,0.10531,0.10531,0.10531,0.0,0.05,203.4160193571003,-0.0,0.0,0.0,203.4160193571003,203.4160193571003,0.0,0.0
3336,2019-05-20 00:00:00,5,2019-05-20 01:00:00,0.10531,0.10531,0.10531,0.0,0.05,202.93127406235143,-85.69232179061427,0.0,0.0,288.6235958529657,288.6235958529657,0.0,1.0
3337,2019-05-20 01:00:00,5,2019-05-20 02:00:00,0.10531,0.10531,0.10531,0.0,0.18139489341227522,202.7981469651741,-77.27358169761874,0.0,0.0,280.07172866279285,280.07172866279285,0.0,1.0
3338,2019-05-20 02:00:00,5,2019-05-20 03:00:00,0.10531,0.10531,0.10531,0.0,0.29988105201529064,202.09268005651452,-0.0,0.0,0.0,202.09268005651452,202.09268005651452,0.0,0.0
3339,2019-05-20 03:00:00,5,2019-05-20 04:00:00,0.10531,0.10531,0.10531,0.0,0.29988105201529064,204.314135103894,-84.30946074907172,0.0,0.0,288.6235958529657,288.6235958529657,0.0,1.0
3340,2019-05-20 04:00:00,5,2019-05-20 05:00:00,0.10531,0.10531,0.10531,0.0,0.4291555584972006,203.2406524026262,-0.0,0.0,0.0,203.2406524026262,203.2406524026262,0.0,0.0
3341,2019-05-20 05:00:00,5,2019-05-20 06:00:00,0.10531,0.10531,0.10531,0.0,0.4291555584972006,218.2108048668517,-70.412790986114,0.0,0.0,288.6235958529657,288.6235958529657,0.0,1.0
3342,2019-05-20 06:00:00,5,2019-05-20 07:00:00,0.10531,0.10531,0.10531,0.0,0.5371218380092421,249.60440872095688,-39.019187132008824,0.0,0.0,288.6235958529657,288.6235958529657,0.0,1.0
3343,2019-05-20 07:00:00,5,2019-05-20 08:00:00,0.10531,0.10531,0.10531,0.0,0.5969512582783222,254.14970348072058,-34.47389237224513,0.0,0.0,288.6235958529657,288.6235958529657,0.0,1.0
3344,2019-05-20 08:00:00,5,2019-05-20 09:00:00,0.10531,0.10531,0.10531,0.0,0.6498112265824314,276.71767515745177,-11.905920695513942,0.0,0.0,288.6235958529657,288.6235958529657,0.0,1.0
3345,2019-05-20 09:00:00,5,2019-05-20 10:00:00,0.06431,0.06431,0.06431,0.0,0.6680669716488861,274.6055555291708,-14.018040323794935,0.0,0.0,288.6235958529657,288.6235958529657,0.0,1.0
3346,2019-05-20 10:00:00,5,2019-05-20 11:00:00,0.06431,0.06431,0.06431,0.0,0.6895613001453716,270.4425781019653,-18.18101775100041,0.0,0.0,288.6235958529657,288.6235958529657,0.0,1.0
3347,2019-05-20 11:00:00,5,2019-05-20 12:00:00,0.06431,0.06431,0.06431,0.0,0.7174388606969057,260.2630277943928,-28.36056805857288,0.0,0.0,288.6235958529657,288.6235958529657,0.0,1.0
3348,2019-05-20 12:00:00,5,2019-05-20 13:00:00,0.06431,0.06431,0.06431,0.0,0.7609250650533841,257.27124452822284,-31.35235132474287,0.0,0.0,288.6235958529657,288.6235958529657,0.0,1.0
3349,2019-05-20 13:00:00,5,2019-05-20 14:00:00,0.06431,0.06431,0.06431,0.0,0.8089986704179899,258.31555549118076,-30.308040361784947,0.0,0.0,288.6235958529657,288.6235958529657,0.0,1.0
3350,2019-05-20 14:00:00,5,2019-05-20 15:00:00,0.10531,0.10531,0.10531,0.0,0.8554709989727267,240.07861154355155,-48.54498430941416,0.0,0.0,288.6235958529657,288.6235958529657,0.0,1.0
3351,2019-05-20 15:00:00,5,2019-05-20 16:00:00,0.10531,0.10531,0.10531,0.0,0.9299066415804951,242.9105360141581,-45.713059838807595,0.0,0.0,288.6235958529657,288.6235958529657,0.0,1.0
3352,2019-05-20 16:00:00,5,2019-05-20 17:00:00,0.13592,0.13592,0.13592,0.0,1.0,234.23479688975738,-0.0,234.23479688975738,0.0,0.0,0.0,0.0,0.0
3353,2019-05-20 17:00:00,5,2019-05-20 18:00:00,0.13592,0.13592,0.13592,0.0,0.5756615998373963,228.68350600969916,-0.0,78.48898763556963,0.0,150.19451837412953,150.19451837412953,0.0,0.0
3354,2019-05-20 18:00:00,5,2019-05-20 19:00:00,0.13592,0.13592,0.13592,0.0,0.43347140484542224,232.66891456282755,-0.0,0.0,0.0,232.66891456282755,232.66891456282755,0.0,0.0
3355,2019-05-20 19:00:00,5,2019-05-20 20:00:00,0.13592,0.13592,0.13592,0.0,0.43347140484542224,211.67621547467309,-0.0,211.67621547467309,0.0,0.0,0.0,0.0,0.0
3356,2019-05-20 20:00:00,5,2019-05-20 21:00:00,0.13592,0.13592,0.13592,0.0,0.05,211.00631367303544,-0.0,0.0,0.0,211.00631367303544,211.00631367303544,0.0,0.0
3357,2019-05-20 21:00:00,5,2019-05-20 22:00:00,0.10531,0.10531,0.10531,0.0,0.05,208.20314310800237,-0.0,0.0,0.0,208.20314310800237,208.20314310800237,0.0,0.0
3358,2019-05-20 22:00:00,5,2019-05-20 23:00:00,0.10531,0.10531,0.10531,0.0,0.05,208.39184303013946,-0.0,0.0,0.0,208.39184303013946,208.39184303013946,0.0,0.0
3359,2019-05-20 23:00:00,5,2019-05-21 00:00:00,0.10531,0.10531,0.10531,0.0,0.05,205.2557579058047,-0.0,0.0,0.0,205.2557579058047,205.2557579058047,0.0,0.0
3360,2019-05-21 00:00:00,5,2019-05-21 01:00:00,0.10531,0.10531,0.10531,0.0,0.05,201.74799945635263,-0.0,0.0,0.0,201.74799945635263,201.74799945635263,0.0,0.0
3361,2019-05-21 01:00:00,5,2019-05-21 02:00:00,0.10531,0.10531,0.10531,0.0,0.05,200.56978825760686,-0.0,0.0,0.0,200.56978825760686,200.56978825760686,0.0,0.0
3362,2019-05-21 02:00:00,5,2019-05-21 03:00:00,0.10531,0.10531,0.10531,0.0,0.05,199.9305557269447,-0.0,0.0,0.0,199.9305557269447,199.9305557269447,0.0,0.0
3363,2019-05-21 03:00:00,5,2019-05-21 04:00:00,0.10531,0.10531,0.10531,0.0,0.05,202.43203175300513,-0.0,0.0,0.0,202.43203175300513,202.43203175300513,0.0,0.0
3364,2019-05-21 04:00:00,5,2019-05-21 05:00:00,0.10531,0.10531,0.10531,0.0,0.05,202.1640257739403,-0.0,0.0,0.0,202.1640257739403,202.1640257739403,0.0,0.0
3365,2019-05-21 05:00:00,5,2019-05-21 06:00:00,0.10531,0.10531,0.10531,0.0,0.05,218.86427859940252,-69.75931725356318,0.0,0.0,288.6235958529657,288.6235958529657,0.0,1.0
3366,2019-05-21 06:00:00,5,2019-05-21 07:00:00,0.10531,0.10531,0.10531,0.0,0.15696428645546356,221.0118755215125,-64.83556482546224,0.0,0.0,285.84744034697474,285.84744034697474,0.0,1.0
3367,2019-05-21 07:00:00,5,2019-05-21 08:00:00,0.10531,0.10531,0.10531,0.0,0.256378819187839,240.52175127478517,-0.0,0.0,0.0,240.52175127478517,240.52175127478517,0.0,0.0
3368,2019-05-21 08:00:00,5,2019-05-21 09:00:00,0.10531,0.10531,0.10531,0.0,0.256378819187839,237.2416306262195,-51.38196522674622,0.0,0.0,288.6235958529657,288.6235958529657,0.0,1.0
3369,2019-05-21 09:00:00,5,2019-05-21 10:00:00,0.06431,0.06431,0.06431,0.0,0.3351644992021832,235.73781974165772,-52.88577611130799,0.0,0.0,288.6235958529657,288.6235958529657,0.0,1.0
3370,2019-05-21 10:00:00,5,2019-05-21 11:00:00,0.06431,0.06431,0.06431,0.0,0.41625602257285543,231.96540164230368,-56.65819421066203,0.0,0.0,288.6235958529657,288.6235958529657,0.0,1.0
3371,2019-05-21 11:00:00,5,2019-05-21 12:00:00,0.06431,0.06431,0.06431,0.0,0.5031319203625373,228.10759947505443,-60.51599637791128,0.0,0.0,288.6235958529657,288.6235958529657,0.0,1.0
3372,2019-05-21 12:00:00,5,2019-05-21 13:00:00,0.06431,0.06431,0.06431,0.0,0.5959231148086679,224.54465238948865,-64.07894346347706,0.0,0.0,288.6235958529657,288.6235958529657,0.0,1.0
3373,2019-05-21 13:00:00,5,2019-05-21 14:00:00,0.06431,0.06431,0.06431,0.0,0.6941774947859994,224.08192533763034,-64.54167051533537,0.0,0.0,288.6235958529657,288.6235958529657,0.0,1.0
3374,2019-05-21 14:00:00,5,2019-05-21 15:00:00,0.10531,0.10531,0.10531,0.0,0.7931413895761803,223.72727179707127,-64.89632405589444,0.0,0.0,288.6235958529657,288.6235958529657,0.0,1.0
3375,2019-05-21 15:00:00,5,2019-05-21 16:00:00,0.10531,0.10531,0.10531,0.0,0.8926490864618851,218.61213050202124,-70.01146535094446,0.0,0.0,288.6235958529657,288.6235958529657,0.0,1.0
3376,2019-05-21 16:00:00,5,2019-05-21 17:00:00,0.13592,0.13592,0.13592,0.0,1.0,208.85651406343248,-0.0,208.85651406343248,0.0,0.0,0.0,0.0,0.0
3377,2019-05-21 17:00:00,5,2019-05-21 18:00:00,0.13592,0.13592,0.13592,0.0,0.621636749885086,204.11176051457818,-0.0,204.11176051457818,0.0,0.0,0.0,0.0,0.0
3378,2019-05-21 18:00:00,5,2019-05-21 19:00:00,0.13592,0.13592,0.13592,0.0,0.2518690677934589,207.821155631858,-0.0,111.43172542198931,0.0,96.38943020986869,96.38943020986869,0.0,0.0
3379,2019-05-21 19:00:00,5,2019-05-21 20:00:00,0.13592,0.13592,0.13592,0.0,0.05,208.84149989863067,-0.0,0.0,0.0,208.84149989863067,208.84149989863067,0.0,0.0
3380,2019-05-21 20:00:00,5,2019-05-21 21:00:00,0.13592,0.13592,0.13592,0.0,0.05,208.6100043515372,-0.0,0.0,0.0,208.6100043515372,208.6100043515372,0.0,0.0
3381,2019-05-21 21:00:00,5,2019-05-21 22:00:00,0.10531,0.10531,0.10531,0.0,0.05,205.4863182165914,-0.0,0.0,0.0,205.4863182165914,205.4863182165914,0.0,0.0
3382,2019-05-21 22:00:00,5,2019-05-21 23:00:00,0.10531,0.10531,0.10531,0.0,0.05,205.60524808244648,-0.0,0.0,0.0,205.60524808244648,205.60524808244648,0.0,0.0
3383,2019-05-21 23:00:00,5,2019-05-22 00:00:00,0.10531,0.10531,0.10531,0.0,0.05,202.28373555443864,-0.0,0.0,0.0,202.28373555443864,202.28373555443864,0.0,0.0
3384,2019-05-22 00:00:00,5,2019-05-22 01:00:00,0.10531,0.10531,0.10531,0.0,0.05,204.33704890391192,-85.22330738848979,0.0,0.0,289.5603562924017,289.5603562924017,0.0,1.0
3385,2019-05-22 01:00:00,5,2019-05-22 02:00:00,0.10531,0.10531,0.10531,0.0,0.18067573799568434,203.51846335147818,-86.04189294092353,0.0,0.0,289.5603562924017,289.5603562924017,0.0,1.0
3386,2019-05-22 02:00:00,5,2019-05-22 03:00:00,0.10531,0.10531,0.10531,0.0,0.31260664050510045,202.9662912809445,-86.59406501145722,0.0,0.0,289.5603562924017,289.5603562924017,0.0,1.0
3387,2019-05-22 03:00:00,5,2019-05-22 04:00:00,0.10531,0.10531,0.10531,0.0,0.4453842068560015,225.14456845852996,-64.41578783387175,0.0,0.0,289.5603562924017,289.5603562924017,0.0,1.0
3388,2019-05-22 04:00:00,5,2019-05-22 05:00:00,0.10531,0.10531,0.10531,0.0,0.5441550815346049,224.3909761090747,-65.16938018332701,0.0,0.0,289.5603562924017,289.5603562924017,0.0,1.0
3389,2019-05-22 05:00:00,5,2019-05-22 06:00:00,0.10531,0.10531,0.10531,0.0,0.644081464482373,279.33563519107406,-10.224721101327646,0.0,0.0,289.5603562924017,289.5603562924017,0.0,1.0
3390,2019-05-22 06:00:00,5,2019-05-22 07:00:00,0.10531,0.10531,0.10531,0.0,0.6597593701710753,311.59560317831983,-0.0,22.035246885918127,0.0,289.5603562924017,289.5603562924017,0.0,0.0
3391,2019-05-22 07:00:00,5,2019-05-22 08:00:00,0.10531,0.10531,0.10531,0.0,0.6198404446531077,323.3246091684164,-0.0,33.764252876014666,0.0,289.5603562924017,289.5603562924017,0.0,0.0
3392,2019-05-22 08:00:00,5,2019-05-22 09:00:00,0.10531,0.10531,0.10531,0.0,0.5586733198777187,329.6399768948732,-0.0,40.07962060247149,0.0,289.5603562924017,289.5603562924017,0.0,0.0
3393,2019-05-22 09:00:00,5,2019-05-22 10:00:00,0.06431,0.06431,0.06431,0.0,0.486065311539908,330.10975491311757,-0.0,40.54939862071586,0.0,289.5603562924017,289.5603562924017,0.0,0.0
3394,2019-05-22 10:00:00,5,2019-05-22 11:00:00,0.06431,0.06431,0.06431,0.0,0.41260625606759666,324.9055278128337,-0.0,35.34517152043202,0.0,289.5603562924017,289.5603562924017,0.0,0.0
3395,2019-05-22 11:00:00,5,2019-05-22 12:00:00,0.06431,0.06431,0.06431,0.0,0.34857514824072694,310.6350756494739,-0.0,21.074719357072183,0.0,289.5603562924017,289.5603562924017,0.0,0.0
3396,2019-05-22 12:00:00,5,2019-05-22 13:00:00,0.06431,0.06431,0.06431,0.0,0.31039630882574104,317.60661940510664,-0.0,28.046263112704935,0.0,289.5603562924017,289.5603562924017,0.0,0.0
3397,2019-05-22 13:00:00,5,2019-05-22 14:00:00,0.06431,0.06431,0.06431,0.0,0.25958786115779736,315.8037476878941,-0.0,26.243391395492388,0.0,289.5603562924017,289.5603562924017,0.0,0.0
3398,2019-05-22 14:00:00,5,2019-05-22 15:00:00,0.10531,0.10531,0.10531,0.0,0.2120454854413256,316.5517848695295,-0.0,26.991428577127813,0.0,289.5603562924017,289.5603562924017,0.0,0.0
3399,2019-05-22 15:00:00,5,2019-05-22 16:00:00,0.10531,0.10531,0.10531,0.0,0.1631479699030506,319.8245146554155,-0.0,30.26415836301379,0.0,289.5603562924017,289.5603562924017,0.0,0.0
3400,2019-05-22 16:00:00,5,2019-05-22 17:00:00,0.13592,0.13592,0.13592,0.0,0.10832159605701108,321.7538773158718,-0.0,32.19352102347011,0.0,289.5603562924017,289.5603562924017,0.0,0.0
3401,2019-05-22 17:00:00,5,2019-05-22 18:00:00,0.13592,0.13592,0.13592,0.0,0.05,258.46802659088837,-0.0,0.0,0.0,258.46802659088837,258.46802659088837,0.0,1.0
3402,2019-05-22 18:00:00,5,2019-05-22 19:00:00,0.13592,0.13592,0.13592,0.0,0.05,262.59655527592946,-0.0,0.0,0.0,262.59655527592946,262.59655527592946,0.0,0.0
3403,2019-05-22 19:00:00,5,2019-05-22 20:00:00,0.13592,0.13592,0.13592,0.0,0.05,235.60530826408046,-0.0,0.0,0.0,235.60530826408046,235.60530826408046,0.0,0.0
3404,2019-05-22 20:00:00,5,2019-05-22 21:00:00,0.13592,0.13592,0.13592,0.0,0.05,224.96001106977388,-0.0,0.0,0.0,224.96001106977388,224.96001106977388,0.0,0.0
3405,2019-05-22 21:00:00,5,2019-05-22 22:00:00,0.10531,0.10531,0.10531,0.0,0.05,207.59174421430487,-0.0,0.0,0.0,207.59174421430487,207.59174421430487,0.0,0.0
3406,2019-05-22 22:00:00,5,2019-05-22 23:00:00,0.10531,0.10531,0.10531,0.0,0.05,207.35109675662915,-0.0,0.0,0.0,207.35109675662915,207.35109675662915,0.0,0.0
3407,2019-05-22 23:00:00,5,2019-05-23 00:00:00,0.10531,0.10531,0.10531,0.0,0.05,203.5615657119425,-0.0,0.0,0.0,203.5615657119425,203.5615657119425,0.0,0.0
3408,2019-05-23 00:00:00,5,2019-05-23 01:00:00,0.10531,0.10531,0.10531,0.0,0.05,202.80334537855987,-86.75701091384184,0.0,0.0,289.5603562924017,289.5603562924017,0.0,1.0
3409,2019-05-23 01:00:00,5,2019-05-23 02:00:00,0.10531,0.10531,0.10531,0.0,0.1830274167345575,202.09583055410567,-87.46452573829603,0.0,0.0,289.5603562924017,289.5603562924017,0.0,1.0
3410,2019-05-23 02:00:00,5,2019-05-23 03:00:00,0.10531,0.10531,0.10531,0.0,0.3171396895332781,201.93361162493173,-87.62674466746998,0.0,0.0,289.5603562924017,289.5603562924017,0.0,1.0
3411,2019-05-23 03:00:00,5,2019-05-23 04:00:00,0.10531,0.10531,0.10531,0.0,0.45150069802339865,225.89192132117407,-63.66843497122764,0.0,0.0,289.5603562924017,289.5603562924017,0.0,1.0
3412,2019-05-23 04:00:00,5,2019-05-23 05:00:00,0.10531,0.10531,0.10531,0.0,0.5491256316459477,225.33052744371346,-64.22982884868824,0.0,0.0,289.5603562924017,289.5603562924017,0.0,1.0
3413,2019-05-23 05:00:00,5,2019-05-23 06:00:00,0.10531,0.10531,0.10531,0.0,0.6476113692139365,280.222738650604,-9.337617641797692,0.0,0.0,289.5603562924017,289.5603562924017,0.0,1.0
3414,2019-05-23 06:00:00,5,2019-05-23 07:00:00,0.10531,0.10531,0.10531,0.0,0.6619290495980262,312.0296798283931,-0.0,22.469323535991407,0.0,289.5603562924017,289.5603562924017,0.0,0.0
3415,2019-05-23 07:00:00,5,2019-05-23 08:00:00,0.10531,0.10531,0.10531,0.0,0.6212237533371722,323.0191727016693,-0.0,33.45881640926757,0.0,289.5603562924017,289.5603562924017,0.0,0.0
3416,2019-05-23 08:00:00,5,2019-05-23 09:00:00,0.10531,0.10531,0.10531,0.0,0.5606099554942962,328.496090726804,-0.0,38.93573443440232,0.0,289.5603562924017,289.5603562924017,0.0,0.0
3417,2019-05-23 09:00:00,5,2019-05-23 10:00:00,0.06431,0.06431,0.06431,0.0,0.4900742047073354,326.37183434849203,-0.0,36.81147805609032,0.0,289.5603562924017,289.5603562924017,0.0,0.0
3418,2019-05-23 10:00:00,5,2019-05-23 11:00:00,0.06431,0.06431,0.06431,0.0,0.42338674446079505,322.47169209657216,-0.0,32.91133580417045,0.0,289.5603562924017,289.5603562924017,0.0,0.0
3419,2019-05-23 11:00:00,5,2019-05-23 12:00:00,0.06431,0.06431,0.06431,0.0,0.3637647593083123,308.53593978538277,-0.0,18.97558349298106,0.0,289.5603562924017,289.5603562924017,0.0,0.0
3420,2019-05-23 12:00:00,5,2019-05-23 13:00:00,0.06431,0.06431,0.06431,0.0,0.3293887022558104,314.4509647573505,-0.0,24.890608464948798,0.0,289.5603562924017,289.5603562924017,0.0,0.0
3421,2019-05-23 13:00:00,5,2019-05-23 14:00:00,0.06431,0.06431,0.06431,0.0,0.28429702025409154,313.207725014083,-0.0,23.64736872168129,0.0,289.5603562924017,289.5603562924017,0.0,0.0
3422,2019-05-23 14:00:00,5,2019-05-23 15:00:00,0.10531,0.10531,0.10531,0.0,0.24145758416408925,312.6427374028327,-0.0,23.082381110431015,0.0,289.5603562924017,289.5603562924017,0.0,0.0
3423,2019-05-23 15:00:00,5,2019-05-23 16:00:00,0.10531,0.10531,0.10531,0.0,0.19964167635533742,314.6277101639701,-0.0,25.0673538715684,0.0,289.5603562924017,289.5603562924017,0.0,0.0
3424,2019-05-23 16:00:00,5,2019-05-23 17:00:00,0.13592,0.13592,0.13592,0.0,0.15422980339959755,315.74189637535136,-0.0,26.181540082949653,0.0,289.5603562924017,289.5603562924017,0.0,0.0
3425,2019-05-23 17:00:00,5,2019-05-23 18:00:00,0.13592,0.13592,0.13592,0.0,0.10679947716236991,251.37040712070862,-0.0,0.0,0.0,251.37040712070862,251.37040712070862,0.0,0.0
3426,2019-05-23 18:00:00,5,2019-05-23 19:00:00,0.13592,0.13592,0.13592,0.0,0.10679947716236991,254.33729232450222,-0.0,0.0,0.0,254.33729232450222,254.33729232450222,0.0,0.0
3427,2019-05-23 19:00:00,5,2019-05-23 20:00:00,0.13592,0.13592,0.13592,0.0,0.10679947716236991,231.75993144357523,-0.0,31.353311393628196,0.0,200.40662004994704,200.40662004994704,0.0,0.0
3428,2019-05-23 20:00:00,5,2019-05-23 21:00:00,0.13592,0.13592,0.13592,0.0,0.05,225.6667686249267,-0.0,0.0,0.0,225.6667686249267,225.6667686249267,0.0,0.0
3429,2019-05-23 21:00:00,5,2019-05-23 22:00:00,0.10531,0.10531,0.10531,0.0,0.05,208.20376283700816,-81.35659345539355,0.0,0.0,289.5603562924017,289.5603562924017,0.0,1.0
3430,2019-05-23 22:00:00,5,2019-05-23 23:00:00,0.10531,0.10531,0.10531,0.0,0.17474677663160346,207.77376323827085,-52.40887110193603,0.0,0.0,260.18263434020685,260.18263434020685,0.0,1.0
3431,2019-05-23 23:00:00,5,2019-05-24 00:00:00,0.10531,0.10531,0.10531,0.0,0.25510704565457204,204.51828591165395,-0.0,0.0,0.0,204.51828591165395,204.51828591165395,0.0,0.0
3432,2019-05-24 00:00:00,5,2019-05-24 01:00:00,0.10531,0.10531,0.10531,0.0,0.25510704565457204,205.6177167520146,-83.94263954038712,0.0,0.0,289.5603562924017,289.5603562924017,0.0,1.0
3433,2019-05-24 01:00:00,5,2019-05-24 02:00:00,0.10531,0.10531,0.10531,0.0,0.38381909294983224,205.9063496642531,-83.65400662814861,0.0,0.0,289.5603562924017,289.5603562924017,0.0,1.0
3434,2019-05-24 02:00:00,5,2019-05-24 03:00:00,0.10531,0.10531,0.10531,0.0,0.5120885697796602,205.6904679907789,-83.86988830162281,0.0,0.0,289.5603562924017,289.5603562924017,0.0,1.0
3435,2019-05-24 03:00:00,5,2019-05-24 04:00:00,0.10531,0.10531,0.10531,0.0,0.6406890651754817,227.48145423800887,-62.07890205439284,0.0,0.0,289.5603562924017,289.5603562924017,0.0,1.0
3436,2019-05-24 04:00:00,5,2019-05-24 05:00:00,0.10531,0.10531,0.10531,0.0,0.7358767149922175,227.6377236404352,-61.922632651966495,0.0,0.0,289.5603562924017,289.5603562924017,0.0,1.0
3437,2019-05-24 05:00:00,5,2019-05-24 06:00:00,0.10531,0.10531,0.10531,0.0,0.8308247517252328,283.33459121032945,-6.225765082072257,0.0,0.0,289.5603562924017,289.5603562924017,0.0,1.0
3438,2019-05-24 06:00:00,5,2019-05-24 07:00:00,0.10531,0.10531,0.10531,0.0,0.840370924851077,312.6682868194719,-0.0,23.10793052707021,0.0,289.5603562924017,289.5603562924017,0.0,0.0
3439,2019-05-24 07:00:00,5,2019-05-24 08:00:00,0.10531,0.10531,0.10531,0.0,0.7985087318672541,318.7765214472102,-0.0,29.216165154808493,0.0,289.5603562924017,289.5603562924017,0.0,0.0
3440,2019-05-24 08:00:00,5,2019-05-24 09:00:00,0.10531,0.10531,0.10531,0.0,0.7455808964418764,322.4658118785009,-0.0,32.90545558609921,0.0,289.5603562924017,289.5603562924017,0.0,0.0
3441,2019-05-24 09:00:00,5,2019-05-24 10:00:00,0.06431,0.06431,0.06431,0.0,0.6859695638583634,320.633642076283,-0.0,31.073285783881317,0.0,289.5603562924017,289.5603562924017,0.0,0.0
3442,2019-05-24 10:00:00,5,2019-05-24 11:00:00,0.06431,0.06431,0.06431,0.0,0.6296773794672741,320.20571338530107,-0.0,30.64535709289936,0.0,289.5603562924017,289.5603562924017,0.0,0.0
3443,2019-05-24 11:00:00,5,2019-05-24 12:00:00,0.06431,0.06431,0.06431,0.0,0.5741604282120216,308.24256762559133,-0.0,18.682211333189628,0.0,289.5603562924017,289.5603562924017,0.0,0.0
3444,2019-05-24 12:00:00,5,2019-05-24 13:00:00,0.06431,0.06431,0.06431,0.0,0.5403158424634897,315.1941315177127,-0.0,25.633775225311012,0.0,289.5603562924017,289.5603562924017,0.0,0.0
3445,2019-05-24 13:00:00,5,2019-05-24 14:00:00,0.06431,0.06431,0.06431,0.0,0.4938778438669118,315.53034680532113,-0.0,25.969990512919424,0.0,289.5603562924017,289.5603562924017,0.0,0.0
3446,2019-05-24 14:00:00,5,2019-05-24 15:00:00,0.10531,0.10531,0.10531,0.0,0.4468307596043766,313.79858777817225,-0.0,24.23823148577054,0.0,289.5603562924017,289.5603562924017,0.0,0.0
3447,2019-05-24 15:00:00,5,2019-05-24 16:00:00,0.10531,0.10531,0.10531,0.0,0.4029209199562416,314.4113944373073,-0.0,24.8510381449056,0.0,289.5603562924017,289.5603562924017,0.0,0.0
3448,2019-05-24 16:00:00,5,2019-05-24 17:00:00,0.13592,0.13592,0.13592,0.0,0.35790092331691986,318.0022402992858,-0.0,169.96130967093976,0.0,148.04093062834605,148.04093062834605,0.0,0.0
3449,2019-05-24 17:00:00,5,2019-05-24 18:00:00,0.13592,0.13592,0.13592,0.0,0.05,256.4973970710329,-0.0,0.0,0.0,256.4973970710329,256.4973970710329,0.0,0.0
3450,2019-05-24 18:00:00,5,2019-05-24 19:00:00,0.13592,0.13592,0.13592,0.0,0.05,259.0833330953869,-0.0,0.0,0.0,259.0833330953869,259.0833330953869,0.0,1.0
3451,2019-05-24 19:00:00,5,2019-05-24 20:00:00,0.13592,0.13592,0.13592,0.0,0.05,231.22191233342795,-0.0,0.0,0.0,231.22191233342795,231.22191233342795,0.0,0.0
3452,2019-05-24 20:00:00,5,2019-05-24 21:00:00,0.13592,0.13592,0.13592,0.0,0.05,224.1152703058207,-0.0,0.0,0.0,224.1152703058207,224.1152703058207,0.0,0.0
3453,2019-05-24 21:00:00,5,2019-05-24 22:00:00,0.10531,0.10531,0.10531,0.0,0.05,209.48566738625888,-54.21303217978743,0.0,0.0,263.69869956604634,263.69869956604634,0.0,1.0
3454,2019-05-24 22:00:00,5,2019-05-24 23:00:00,0.10531,0.10531,0.10531,0.0,0.13312664934234072,208.41899521155094,-0.0,0.0,0.0,208.41899521155094,208.41899521155094,0.0,0.0
3455,2019-05-24 23:00:00,5,2019-05-25 00:00:00,0.10531,0.10531,0.10531,0.0,0.13312664934234072,204.76685334093898,-0.0,0.0,0.0,204.76685334093898,204.76685334093898,0.0,0.0
3456,2019-05-25 00:00:00,5,2019-05-25 01:00:00,0.10531,0.10531,0.10531,0.0,0.13312664934234072,204.42749765393367,-85.13285863846804,0.0,0.0,289.5603562924017,289.5603562924017,0.0,1.0
3457,2019-05-25 01:00:00,5,2019-05-25 02:00:00,0.10531,0.10531,0.10531,0.0,0.2636636992546584,204.76864935083833,-84.79170694156338,0.0,0.0,289.5603562924017,289.5603562924017,0.0,1.0
3458,2019-05-25 02:00:00,5,2019-05-25 03:00:00,0.10531,0.10531,0.10531,0.0,0.3936776498983889,205.3372693651127,-84.22308692728902,0.0,0.0,289.5603562924017,289.5603562924017,0.0,1.0
3459,2019-05-25 03:00:00,5,2019-05-25 04:00:00,0.10531,0.10531,0.10531,0.0,0.5228197165202321,228.36946967117535,-61.190886621226355,0.0,0.0,289.5603562924017,289.5603562924017,0.0,1.0
3460,2019-05-25 04:00:00,5,2019-05-25 05:00:00,0.10531,0.10531,0.10531,0.0,0.6166457426727792,228.21873910099583,-61.341617191405874,0.0,0.0,289.5603562924017,289.5603562924017,0.0,1.0
3461,2019-05-25 05:00:00,5,2019-05-25 06:00:00,0.10531,0.10531,0.10531,0.0,0.7107028890329348,283.52941541591116,-6.030940876490547,0.0,0.0,289.5603562924017,289.5603562924017,0.0,1.0
3462,2019-05-25 06:00:00,5,2019-05-25 07:00:00,0.10531,0.10531,0.10531,0.0,0.7199503317102203,312.1934054088958,-0.0,22.633049116494078,0.0,289.5603562924017,289.5603562924017,0.0,0.0
3463,2019-05-25 07:00:00,5,2019-05-25 08:00:00,0.10531,0.10531,0.10531,0.0,0.6789484311368614,319.7406881717024,-0.0,30.180331879300695,0.0,289.5603562924017,289.5603562924017,0.0,0.0
3464,2019-05-25 08:00:00,5,2019-05-25 09:00:00,0.10531,0.10531,0.10531,0.0,0.624273916862766,325.56946176368007,-0.0,36.00910547127836,0.0,289.5603562924017,289.5603562924017,0.0,0.0
3465,2019-05-25 09:00:00,5,2019-05-25 10:00:00,0.06431,0.06431,0.06431,0.0,0.5590400301394357,323.7734744284674,-0.0,34.2131181360657,0.0,289.5603562924017,289.5603562924017,0.0,0.0
3466,2019-05-25 10:00:00,5,2019-05-25 11:00:00,0.06431,0.06431,0.06431,0.0,0.49705974366105576,320.16088240501955,-0.0,30.600526112617843,0.0,289.5603562924017,289.5603562924017,0.0,0.0
3467,2019-05-25 11:00:00,5,2019-05-25 12:00:00,0.06431,0.06431,0.06431,0.0,0.44162400794979156,305.0161015796805,-0.0,15.455745287278774,0.0,289.5603562924017,289.5603562924017,0.0,0.0
3468,2019-05-25 12:00:00,5,2019-05-25 13:00:00,0.06431,0.06431,0.06431,0.0,0.41362446938588077,309.1435749399604,-0.0,19.58321864755868,0.0,289.5603562924017,289.5603562924017,0.0,0.0
3469,2019-05-25 13:00:00,5,2019-05-25 14:00:00,0.06431,0.06431,0.06431,0.0,0.3781476240098687,308.86892735833595,-0.0,19.308571065934245,0.0,289.5603562924017,289.5603562924017,0.0,0.0
3470,2019-05-25 14:00:00,5,2019-05-25 15:00:00,0.10531,0.10531,0.10531,0.0,0.34316832860056756,310.3103231356679,-0.0,20.74996684326618,0.0,289.5603562924017,289.5603562924017,0.0,0.0
3471,2019-05-25 15:00:00,5,2019-05-25 16:00:00,0.10531,0.10531,0.10531,0.0,0.3055778089569694,312.9107171323738,-0.0,23.350360839972097,0.0,289.5603562924017,289.5603562924017,0.0,0.0
3472,2019-05-25 16:00:00,5,2019-05-25 17:00:00,0.13592,0.13592,0.13592,0.0,0.2632764306236866,314.536132507473,-0.0,117.72858970427502,0.0,196.80754280319798,196.80754280319798,0.0,0.0
3473,2019-05-25 17:00:00,5,2019-05-25 18:00:00,0.13592,0.13592,0.13592,0.0,0.05,241.2903863020193,-0.0,0.0,0.0,241.2903863020193,241.2903863020193,0.0,0.0
3474,2019-05-25 18:00:00,5,2019-05-25 19:00:00,0.13592,0.13592,0.13592,0.0,0.05,250.1332171463924,-0.0,0.0,0.0,250.1332171463924,250.1332171463924,0.0,0.0
3475,2019-05-25 19:00:00,5,2019-05-25 20:00:00,0.13592,0.13592,0.13592,0.0,0.05,227.05294869770597,-0.0,0.0,0.0,227.05294869770597,227.05294869770597,0.0,0.0
3476,2019-05-25 20:00:00,5,2019-05-25 21:00:00,0.13592,0.13592,0.13592,0.0,0.05,221.94616477349393,-0.0,0.0,0.0,221.94616477349393,221.94616477349393,0.0,0.0
3477,2019-05-25 21:00:00,5,2019-05-25 22:00:00,0.10531,0.10531,0.10531,0.0,0.05,205.96852155393066,-0.0,0.0,0.0,205.96852155393066,205.96852155393066,0.0,0.0
3478,2019-05-25 22:00:00,5,2019-05-25 23:00:00,0.10531,0.10531,0.10531,0.0,0.05,206.49665462093554,-0.0,0.0,0.0,206.49665462093554,206.49665462093554,0.0,0.0
3479,2019-05-25 23:00:00,5,2019-05-26 00:00:00,0.10531,0.10531,0.10531,0.0,0.05,203.18942375797263,-0.0,0.0,0.0,203.18942375797263,203.18942375797263,0.0,0.0
3480,2019-05-26 00:00:00,5,2019-05-26 01:00:00,0.10531,0.10531,0.10531,0.0,0.05,200.5058641996511,-89.05449209275059,0.0,0.0,289.5603562924017,289.5603562924017,0.0,1.0
3481,2019-05-26 01:00:00,5,2019-05-26 02:00:00,0.10531,0.10531,0.10531,0.0,0.18655022120888426,201.30708450170488,-88.25327179069683,0.0,0.0,289.5603562924017,289.5603562924017,0.0,1.0
3482,2019-05-26 02:00:00,5,2019-05-26 03:00:00,0.10531,0.10531,0.10531,0.0,0.32187190462128606,200.2059698958583,-89.35438639654342,0.0,0.0,289.5603562924017,289.5603562924017,0.0,1.0
3483,2019-05-26 03:00:00,5,2019-05-26 04:00:00,0.10531,0.10531,0.10531,0.0,0.45888196376265267,225.52641117193906,-64.03394512046265,0.0,0.0,289.5603562924017,289.5603562924017,0.0,1.0
3484,2019-05-26 04:00:00,5,2019-05-26 05:00:00,0.10531,0.10531,0.10531,0.0,0.5570673462806954,225.89779570730258,-63.66256058509913,0.0,0.0,289.5603562924017,289.5603562924017,0.0,1.0
3485,2019-05-26 05:00:00,5,2019-05-26 06:00:00,0.10531,0.10531,0.10531,0.0,0.6546832725111806,280.117145680842,-9.44321061155972,0.0,0.0,289.5603562924017,289.5603562924017,0.0,1.0
3486,2019-05-26 06:00:00,5,2019-05-26 07:00:00,0.10531,0.10531,0.10531,0.0,0.6691628621155723,310.9194546905561,-0.0,21.3590983981544,0.0,289.5603562924017,289.5603562924017,0.0,0.0
3487,2019-05-26 07:00:00,5,2019-05-26 08:00:00,0.10531,0.10531,0.10531,0.0,0.6304688432783361,317.6342948516912,-0.0,28.073938559289502,0.0,289.5603562924017,289.5603562924017,0.0,0.0
3488,2019-05-26 08:00:00,5,2019-05-26 09:00:00,0.10531,0.10531,0.10531,0.0,0.5796102589317971,323.37871228422034,-0.0,33.818355991818635,0.0,289.5603562924017,289.5603562924017,0.0,0.0
3489,2019-05-26 09:00:00,5,2019-05-26 10:00:00,0.06431,0.06431,0.06431,0.0,0.518345121265459,323.34165799681386,-0.0,33.78130170441216,0.0,289.5603562924017,289.5603562924017,0.0,0.0
3490,2019-05-26 10:00:00,5,2019-05-26 11:00:00,0.06431,0.06431,0.06431,0.0,0.457147110931379,319.71404287414447,-0.0,30.15368658174276,0.0,289.5603562924017,289.5603562924017,0.0,0.0
3491,2019-05-26 11:00:00,5,2019-05-26 12:00:00,0.06431,0.06431,0.06431,0.0,0.402520867123874,304.8556482062128,-0.0,15.29529191381107,0.0,289.5603562924017,289.5603562924017,0.0,0.0
3492,2019-05-26 12:00:00,5,2019-05-26 13:00:00,0.06431,0.06431,0.06431,0.0,0.3748120049611728,309.0222008616858,-0.0,19.461844569284096,0.0,289.5603562924017,289.5603562924017,0.0,0.0
3493,2019-05-26 13:00:00,5,2019-05-26 14:00:00,0.06431,0.06431,0.06431,0.0,0.33955504016174504,310.1530621966429,-0.0,20.5927059042412,0.0,289.5603562924017,289.5603562924017,0.0,0.0
3494,2019-05-26 14:00:00,5,2019-05-26 15:00:00,0.10531,0.10531,0.10531,0.0,0.30224941352362694,313.09420556386937,-0.0,23.53384927146766,0.0,289.5603562924017,289.5603562924017,0.0,0.0
3495,2019-05-26 15:00:00,5,2019-05-26 16:00:00,0.10531,0.10531,0.10531,0.0,0.2596156286115479,316.88543560289804,-0.0,27.325079310496335,0.0,289.5603562924017,289.5603562924017,0.0,0.0
3496,2019-05-26 16:00:00,5,2019-05-26 17:00:00,0.13592,0.13592,0.13592,0.0,0.2101136733389096,316.19339757451235,-0.0,26.63304128211064,0.0,289.5603562924017,289.5603562924017,0.0,0.0
3497,2019-05-26 17:00:00,5,2019-05-26 18:00:00,0.13592,0.13592,0.13592,0.0,0.16186541014668018,240.80741358458351,-0.0,0.0,0.0,240.80741358458351,240.80741358458351,0.0,0.0
3498,2019-05-26 18:00:00,5,2019-05-26 19:00:00,0.13592,0.13592,0.13592,0.0,0.16186541014668018,251.40196801057849,-0.0,0.0,0.0,251.40196801057849,251.40196801057849,0.0,0.0
3499,2019-05-26 19:00:00,5,2019-05-26 20:00:00,0.13592,0.13592,0.13592,0.0,0.16186541014668018,229.35435205470495,-0.0,61.74970640096747,0.0,167.60464565373746,167.60464565373746,0.0,0.0
3500,2019-05-26 20:00:00,5,2019-05-26 21:00:00,0.13592,0.13592,0.13592,0.0,0.05,223.0913756738291,-0.0,0.0,0.0,223.0913756738291,223.0913756738291,0.0,0.0
3501,2019-05-26 21:00:00,5,2019-05-26 22:00:00,0.10531,0.10531,0.10531,0.0,0.05,204.90196526451584,-0.0,0.0,0.0,204.90196526451584,204.90196526451584,0.0,0.0
3502,2019-05-26 22:00:00,5,2019-05-26 23:00:00,0.10531,0.10531,0.10531,0.0,0.05,204.5494650038196,-0.0,0.0,0.0,204.5494650038196,204.5494650038196,0.0,0.0
3503,2019-05-26 23:00:00,5,2019-05-27 00:00:00,0.10531,0.10531,0.10531,0.0,0.05,199.39768298382634,-0.0,0.0,0.0,199.39768298382634,199.39768298382634,0.0,0.0
3504,2019-05-27 00:00:00,5,2019-05-27 01:00:00,0.10531,0.10531,0.10531,0.0,0.05,199.264055157981,-90.2963011344207,0.0,0.0,289.5603562924017,289.5603562924017,0.0,1.0
3505,2019-05-27 01:00:00,5,2019-05-27 02:00:00,0.10531,0.10531,0.10531,0.0,0.18845432840611173,199.02192930154973,-89.22803081037097,0.0,0.0,288.2499601119207,288.2499601119207,0.0,1.0
3506,2019-05-27 02:00:00,5,2019-05-27 03:00:00,0.10531,0.10531,0.10531,0.0,0.32527064231534725,198.5772108139848,-0.0,0.0,0.0,198.5772108139848,198.5772108139848,0.0,0.0
3507,2019-05-27 03:00:00,5,2019-05-27 04:00:00,0.10531,0.10531,0.10531,0.0,0.32527064231534725,201.21018627697674,-0.0,0.0,0.0,201.21018627697674,201.21018627697674,0.0,0.0
3508,2019-05-27 04:00:00,5,2019-05-27 05:00:00,0.10531,0.10531,0.10531,0.0,0.32527064231534725,201.02574259401308,-0.0,0.0,0.0,201.02574259401308,201.02574259401308,0.0,0.0
3509,2019-05-27 05:00:00,5,2019-05-27 06:00:00,0.10531,0.10531,0.10531,0.0,0.32527064231534725,218.1339344438427,-71.42642184855902,0.0,0.0,289.5603562924017,289.5603562924017,0.0,1.0
3510,2019-05-27 06:00:00,5,2019-05-27 07:00:00,0.10531,0.10531,0.10531,0.0,0.4347911558164711,247.7995434384794,-41.76081285392232,0.0,0.0,289.5603562924017,289.5603562924017,0.0,1.0
3511,2019-05-27 07:00:00,5,2019-05-27 08:00:00,0.10531,0.10531,0.10531,0.0,0.49882440219248525,246.00121767844882,-43.55913861395288,0.0,0.0,289.5603562924017,289.5603562924017,0.0,1.0
3512,2019-05-27 08:00:00,5,2019-05-27 09:00:00,0.10531,0.10531,0.10531,0.0,0.5656150814005464,268.3848269778238,-21.175529314577886,0.0,0.0,289.5603562924017,289.5603562924017,0.0,1.0
3513,2019-05-27 09:00:00,5,2019-05-27 10:00:00,0.06431,0.06431,0.06431,0.0,0.5980842263495658,266.4188613381798,-23.141494954221912,0.0,0.0,289.5603562924017,289.5603562924017,0.0,1.0
3514,2019-05-27 10:00:00,5,2019-05-27 11:00:00,0.06431,0.06431,0.06431,0.0,0.6335678519460394,264.45451162325963,-25.105844669142073,0.0,0.0,289.5603562924017,289.5603562924017,0.0,1.0
3515,2019-05-27 11:00:00,5,2019-05-27 12:00:00,0.06431,0.06431,0.06431,0.0,0.6720634804387239,253.24211097241772,-36.31824531998399,0.0,0.0,289.5603562924017,289.5603562924017,0.0,1.0
3516,2019-05-27 12:00:00,5,2019-05-27 13:00:00,0.06431,0.06431,0.06431,0.0,0.7277514565960327,251.0699844741168,-38.4903718182849,0.0,0.0,289.5603562924017,289.5603562924017,0.0,1.0
3517,2019-05-27 13:00:00,5,2019-05-27 14:00:00,0.06431,0.06431,0.06431,0.0,0.7867700267174029,252.27328459802163,-37.287071694380074,0.0,0.0,289.5603562924017,289.5603562924017,0.0,1.0
3518,2019-05-27 14:00:00,5,2019-05-27 15:00:00,0.10531,0.10531,0.10531,0.0,0.8439435366487856,236.520812159962,-53.039544132439715,0.0,0.0,289.5603562924017,289.5603562924017,0.0,1.0
3519,2019-05-27 15:00:00,5,2019-05-27 16:00:00,0.10531,0.10531,0.10531,0.0,0.92527083765186,240.82394606535374,-48.73641022704797,0.0,0.0,289.5603562924017,289.5603562924017,0.0,1.0
3520,2019-05-27 16:00:00,5,2019-05-27 17:00:00,0.13592,0.13592,0.13592,0.0,1.0,229.5476483033391,-0.0,229.5476483033391,0.0,0.0,0.0,0.0,0.0
3521,2019-05-27 17:00:00,5,2019-05-27 18:00:00,0.13592,0.13592,0.13592,0.0,0.5841528110446756,221.9444235487174,-0.0,221.9444235487174,0.0,0.0,0.0,0.0,0.0
3522,2019-05-27 18:00:00,5,2019-05-27 19:00:00,0.13592,0.13592,0.13592,0.0,0.18207957997815868,223.94044564209574,-0.0,72.9079281479436,0.0,151.03251749415216,151.03251749415216,0.0,0.0
3523,2019-05-27 19:00:00,5,2019-05-27 20:00:00,0.13592,0.13592,0.13592,0.0,0.05,200.3980197953273,-0.0,0.0,0.0,200.3980197953273,200.3980197953273,0.0,0.0
3524,2019-05-27 20:00:00,5,2019-05-27 21:00:00,0.13592,0.13592,0.13592,0.0,0.05,202.26351467147606,-0.0,0.0,0.0,202.26351467147606,202.26351467147606,0.0,0.0
3525,2019-05-27 21:00:00,5,2019-05-27 22:00:00,0.10531,0.10531,0.10531,0.0,0.05,200.05229576754746,-0.0,0.0,0.0,200.05229576754746,200.05229576754746,0.0,0.0
3526,2019-05-27 22:00:00,5,2019-05-27 23:00:00,0.10531,0.10531,0.10531,0.0,0.05,199.13056475328892,-0.0,0.0,0.0,199.13056475328892,199.13056475328892,0.0,0.0
3527,2019-05-27 23:00:00,5,2019-05-28 00:00:00,0.10531,0.10531,0.10531,0.0,0.05,195.4753962767954,-0.0,0.0,0.0,195.4753962767954,195.4753962767954,0.0,0.0
3528,2019-05-28 00:00:00,5,2019-05-28 01:00:00,0.10531,0.10531,0.10531,0.0,0.05,192.74285088187247,-0.0,0.0,0.0,192.74285088187247,192.74285088187247,0.0,0.0
3529,2019-05-28 01:00:00,5,2019-05-28 02:00:00,0.10531,0.10531,0.10531,0.0,0.05,193.45809893335655,-0.0,0.0,0.0,193.45809893335655,193.45809893335655,0.0,0.0
3530,2019-05-28 02:00:00,5,2019-05-28 03:00:00,0.10531,0.10531,0.10531,0.0,0.05,193.877772153643,-0.0,0.0,0.0,193.877772153643,193.877772153643,0.0,0.0
3531,2019-05-28 03:00:00,5,2019-05-28 04:00:00,0.10531,0.10531,0.10531,0.0,0.05,196.3396392882031,-0.0,0.0,0.0,196.3396392882031,196.3396392882031,0.0,0.0
3532,2019-05-28 04:00:00,5,2019-05-28 05:00:00,0.10531,0.10531,0.10531,0.0,0.05,195.34249653087764,-0.0,0.0,0.0,195.34249653087764,195.34249653087764,0.0,0.0
3533,2019-05-28 05:00:00,5,2019-05-28 06:00:00,0.10531,0.10531,0.10531,0.0,0.05,210.77955944013715,-0.0,0.0,0.0,210.77955944013715,210.77955944013715,0.0,0.0
3534,2019-05-28 06:00:00,5,2019-05-28 07:00:00,0.10531,0.10531,0.10531,0.0,0.05,210.74184360350205,-78.81851268889966,0.0,0.0,289.5603562924017,289.5603562924017,0.0,1.0
3535,2019-05-28 07:00:00,5,2019-05-28 08:00:00,0.10531,0.10531,0.10531,0.0,0.17085505278964616,227.60312447702788,-53.11661632835562,0.0,0.0,280.7197408053835,280.7197408053835,0.0,1.0
3536,2019-05-28 08:00:00,5,2019-05-28 09:00:00,0.10531,0.10531,0.10531,0.0,0.2523005311597914,223.23568804391863,-66.32466824848308,0.0,0.0,289.5603562924017,289.5603562924017,0.0,1.0
3537,2019-05-28 09:00:00,5,2019-05-28 10:00:00,0.06431,0.06431,0.06431,0.0,0.35399835580746547,221.2513714432063,-68.30898484919541,0.0,0.0,289.5603562924017,289.5603562924017,0.0,1.0
3538,2019-05-28 10:00:00,5,2019-05-28 11:00:00,0.06431,0.06431,0.06431,0.0,0.45873879924289845,216.84554236571736,-72.71481392668434,0.0,0.0,289.5603562924017,289.5603562924017,0.0,1.0
3539,2019-05-28 11:00:00,5,2019-05-28 12:00:00,0.06431,0.06431,0.06431,0.0,0.5702348472638145,215.336728436094,-74.2236278563077,0.0,0.0,289.5603562924017,289.5603562924017,0.0,1.0
3540,2019-05-28 12:00:00,5,2019-05-28 13:00:00,0.06431,0.06431,0.06431,0.0,0.6840444099768196,217.77668134557328,-71.78367494682843,0.0,0.0,289.5603562924017,289.5603562924017,0.0,1.0
3541,2019-05-28 13:00:00,5,2019-05-28 14:00:00,0.06431,0.06431,0.06431,0.0,0.7941127115619565,222.24049943333395,-67.31985685906776,0.0,0.0,289.5603562924017,289.5603562924017,0.0,1.0
3542,2019-05-28 14:00:00,5,2019-05-28 15:00:00,0.10531,0.10531,0.10531,0.0,0.8973364920791937,222.6058946049194,-66.95446168748236,0.0,0.0,289.56035629240176,289.56035629240176,0.0,1.0
3543,2019-05-28 15:00:00,5,2019-05-28 16:00:00,0.10531,0.10531,0.10531,0.0,1.0,217.1171637592126,-0.0,0.0,0.0,217.1171637592126,217.1171637592126,0.0,0.0
3544,2019-05-28 16:00:00,5,2019-05-28 17:00:00,0.13592,0.13592,0.13592,0.0,1.0,207.69085968350967,-0.0,207.69085968350967,0.0,0.0,0.0,0.0,0.0
3545,2019-05-28 17:00:00,5,2019-05-28 18:00:00,0.13592,0.13592,0.13592,0.0,0.6237484426023375,203.5682230083653,-0.0,110.04401409599078,0.0,93.52420891237452,93.52420891237452,0.0,0.0
3546,2019-05-28 18:00:00,5,2019-05-28 19:00:00,0.13592,0.13592,0.13592,0.0,0.4243933446023542,206.71483079114037,-0.0,0.0,0.0,206.71483079114037,206.71483079114037,0.0,0.0
3547,2019-05-28 19:00:00,5,2019-05-28 20:00:00,0.13592,0.13592,0.13592,0.0,0.4243933446023542,206.66512622049956,-0.0,206.66512622049956,0.0,0.0,0.0,0.0,0.0
3548,2019-05-28 20:00:00,5,2019-05-28 21:00:00,0.13592,0.13592,0.13592,0.0,0.05,208.26575982621353,-0.0,0.0,0.0,208.26575982621353,208.26575982621353,0.0,0.0
3549,2019-05-28 21:00:00,5,2019-05-28 22:00:00,0.10531,0.10531,0.10531,0.0,0.05,204.60434502453998,-0.0,0.0,0.0,204.60434502453998,204.60434502453998,0.0,0.0
3550,2019-05-28 22:00:00,5,2019-05-28 23:00:00,0.10531,0.10531,0.10531,0.0,0.05,204.3442989943712,-0.0,0.0,0.0,204.3442989943712,204.3442989943712,0.0,0.0
3551,2019-05-28 23:00:00,5,2019-05-29 00:00:00,0.10531,0.10531,0.10531,0.0,0.05,200.43769690160622,-0.0,0.0,0.0,200.43769690160622,200.43769690160622,0.0,0.0
3552,2019-05-29 00:00:00,5,2019-05-29 01:00:00,0.10531,0.10531,0.10531,0.0,0.05,198.93757454541708,-0.0,0.0,0.0,198.93757454541708,198.93757454541708,0.0,0.0
3553,2019-05-29 01:00:00,5,2019-05-29 02:00:00,0.10531,0.10531,0.10531,0.0,0.05,197.55696882740358,-0.0,0.0,0.0,197.55696882740358,197.55696882740358,0.0,0.0
3554,2019-05-29 02:00:00,5,2019-05-29 03:00:00,0.10531,0.10531,0.10531,0.0,0.05,196.33548710655356,-0.0,0.0,0.0,196.33548710655356,196.33548710655356,0.0,0.0
3555,2019-05-29 03:00:00,5,2019-05-29 04:00:00,0.10531,0.10531,0.10531,0.0,0.05,197.6717038345165,-0.0,0.0,0.0,197.6717038345165,197.6717038345165,0.0,0.0
3556,2019-05-29 04:00:00,5,2019-05-29 05:00:00,0.10531,0.10531,0.10531,0.0,0.05,196.68497754309658,-0.0,0.0,0.0,196.68497754309658,196.68497754309658,0.0,0.0
3557,2019-05-29 05:00:00,5,2019-05-29 06:00:00,0.10531,0.10531,0.10531,0.0,0.05,212.10741275367823,-0.0,0.0,0.0,212.10741275367823,212.10741275367823,0.0,0.0
3558,2019-05-29 06:00:00,5,2019-05-29 07:00:00,0.10531,0.10531,0.10531,0.0,0.05,216.99539453401167,-72.5649617583901,0.0,0.0,289.56035629240176,289.56035629240176,0.0,1.0
3559,2019-05-29 07:00:00,5,2019-05-29 08:00:00,0.10531,0.10531,0.10531,0.0,0.16126627469619814,238.49248971377042,-13.533048818130371,0.0,0.0,252.0255385319008,252.0255385319008,0.0,1.0
3560,2019-05-29 08:00:00,5,2019-05-29 09:00:00,0.10531,0.10531,0.10531,0.0,0.18201694955066472,231.84567468896836,-57.714681603433405,0.0,0.0,289.56035629240176,289.56035629240176,0.0,1.0
3561,2019-05-29 09:00:00,5,2019-05-29 10:00:00,0.06431,0.06431,0.06431,0.0,0.2705127946759293,227.83068792403688,-61.729668368364884,0.0,0.0,289.56035629240176,289.56035629240176,0.0,1.0
3562,2019-05-29 10:00:00,5,2019-05-29 11:00:00,0.06431,0.06431,0.06431,0.0,0.36516495284075545,225.0559521845138,-64.50440410788795,0.0,0.0,289.56035629240176,289.56035629240176,0.0,1.0
3563,2019-05-29 11:00:00,5,2019-05-29 12:00:00,0.06431,0.06431,0.06431,0.0,0.4640717058061837,223.30832773552882,-66.25202855687294,0.0,0.0,289.56035629240176,289.56035629240176,0.0,1.0
3564,2019-05-29 12:00:00,5,2019-05-29 13:00:00,0.06431,0.06431,0.06431,0.0,0.5656581495933889,220.80561952844045,-68.75473676396132,0.0,0.0,289.56035629240176,289.56035629240176,0.0,1.0
3565,2019-05-29 13:00:00,5,2019-05-29 14:00:00,0.06431,0.06431,0.06431,0.0,0.6710820792981296,220.58802966806266,-68.9723266243391,0.0,0.0,289.56035629240176,289.56035629240176,0.0,1.0
3566,2019-05-29 14:00:00,5,2019-05-29 15:00:00,0.10531,0.10531,0.10531,0.0,0.7768396467887828,220.12178213234014,-69.43857416006162,0.0,0.0,289.56035629240176,289.56035629240176,0.0,1.0
3567,2019-05-29 15:00:00,5,2019-05-29 16:00:00,0.10531,0.10531,0.10531,0.0,0.883312127167544,213.45956966253917,-76.1007866298626,0.0,0.0,289.56035629240176,289.56035629240176,0.0,1.0
3568,2019-05-29 16:00:00,5,2019-05-29 17:00:00,0.13592,0.13592,0.13592,0.0,1.0,202.4171073220012,-0.0,202.4171073220012,0.0,0.0,0.0,0.0,0.0
3569,2019-05-29 17:00:00,5,2019-05-29 18:00:00,0.13592,0.13592,0.13592,0.0,0.6333023418079688,196.5854069661882,-0.0,196.5854069661882,0.0,0.0,0.0,0.0,0.0
3570,2019-05-29 18:00:00,5,2019-05-29 19:00:00,0.13592,0.13592,0.13592,0.0,0.27716935817356997,197.7670575676509,-0.0,125.39748571181063,0.0,72.36957185584028,72.36957185584028,0.0,0.0
3571,2019-05-29 19:00:00,5,2019-05-29 20:00:00,0.13592,0.13592,0.13592,0.0,0.05,198.75416787749808,-0.0,0.0,0.0,198.75416787749808,198.75416787749808,0.0,0.0
3572,2019-05-29 20:00:00,5,2019-05-29 21:00:00,0.13592,0.13592,0.13592,0.0,0.05,204.67934677036547,-0.0,0.0,0.0,204.67934677036547,204.67934677036547,0.0,0.0
3573,2019-05-29 21:00:00,5,2019-05-29 22:00:00,0.10531,0.10531,0.10531,0.0,0.05,206.01247661596753,-0.0,0.0,0.0,206.01247661596753,206.01247661596753,0.0,0.0
3574,2019-05-29 22:00:00,5,2019-05-29 23:00:00,0.10531,0.10531,0.10531,0.0,0.05,204.67730755648702,-0.0,0.0,0.0,204.67730755648702,204.67730755648702,0.0,0.0
3575,2019-05-29 23:00:00,5,2019-05-30 00:00:00,0.10531,0.10531,0.10531,0.0,0.05,200.57757589448627,-0.0,0.0,0.0,200.57757589448627,200.57757589448627,0.0,0.0
3576,2019-05-30 00:00:00,5,2019-05-30 01:00:00,0.10531,0.10531,0.10531,0.0,0.05,203.51124833612556,-86.0491079562762,0.0,0.0,289.56035629240176,289.56035629240176,0.0,1.0
3577,2019-05-30 01:00:00,5,2019-05-30 02:00:00,0.10531,0.10531,0.10531,0.0,0.18194196553295686,203.19263147656955,-86.36772481583222,0.0,0.0,289.56035629240176,289.56035629240176,0.0,1.0
3578,2019-05-30 02:00:00,5,2019-05-30 03:00:00,0.10531,0.10531,0.10531,0.0,0.31437247691723297,202.08150631024802,-87.47884998215375,0.0,0.0,289.56035629240176,289.56035629240176,0.0,1.0
3579,2019-05-30 03:00:00,5,2019-05-30 04:00:00,0.10531,0.10531,0.10531,0.0,0.44850671355653543,223.69348851723294,-65.86686777516883,0.0,0.0,289.56035629240176,289.56035629240176,0.0,1.0
3580,2019-05-30 04:00:00,5,2019-05-30 05:00:00,0.10531,0.10531,0.10531,0.0,0.5495025774784609,221.13980634785554,-68.42054994454622,0.0,0.0,289.56035629240176,289.56035629240176,0.0,1.0
3581,2019-05-30 05:00:00,5,2019-05-30 06:00:00,0.10531,0.10531,0.10531,0.0,0.6544140873934318,276.0447586121374,-13.515597680264364,0.0,0.0,289.56035629240176,289.56035629240176,0.0,1.0
3582,2019-05-30 06:00:00,5,2019-05-30 07:00:00,0.10531,0.10531,0.10531,0.0,0.6751380038365038,309.5751224994956,-0.0,20.014766207093828,0.0,289.56035629240176,289.56035629240176,0.0,0.0
3583,2019-05-30 07:00:00,5,2019-05-30 08:00:00,0.10531,0.10531,0.10531,0.0,0.6388793694033628,315.90224608994436,-0.0,26.341889797542592,0.0,289.56035629240176,289.56035629240176,0.0,0.0
3584,2019-05-30 08:00:00,5,2019-05-30 09:00:00,0.10531,0.10531,0.10531,0.0,0.5911585545527421,320.2048351352344,-0.0,30.644478842832655,0.0,289.56035629240176,289.56035629240176,0.0,0.0
3585,2019-05-30 09:00:00,5,2019-05-30 10:00:00,0.06431,0.06431,0.06431,0.0,0.5356431943302192,318.7795179704015,-0.0,29.21916167799975,0.0,289.56035629240176,289.56035629240176,0.0,0.0
3586,2019-05-30 10:00:00,5,2019-05-30 11:00:00,0.06431,0.06431,0.06431,0.0,0.48270993042079935,315.30862343345365,-0.0,25.748267141051883,0.0,289.56035629240176,289.56035629240176,0.0,0.0
3587,2019-05-30 11:00:00,5,2019-05-30 12:00:00,0.06431,0.06431,0.06431,0.0,0.4360645189333866,302.6552679576653,-0.0,13.09491166526351,0.0,289.56035629240176,289.56035629240176,0.0,0.0
3588,2019-05-30 12:00:00,5,2019-05-30 13:00:00,0.06431,0.06431,0.06431,0.0,0.4123418528731266,307.99593961589596,-0.0,18.4355833234942,0.0,289.56035629240176,289.56035629240176,0.0,0.0
3589,2019-05-30 13:00:00,5,2019-05-30 14:00:00,0.06431,0.06431,0.06431,0.0,0.3789440569972313,307.06244534126813,-0.0,17.502089048866367,0.0,289.56035629240176,289.56035629240176,0.0,0.0
3590,2019-05-30 14:00:00,5,2019-05-30 15:00:00,0.10531,0.10531,0.10531,0.0,0.3472373739376908,308.25207103552486,-0.0,18.6917147431231,0.0,289.56035629240176,289.56035629240176,0.0,0.0
3591,2019-05-30 15:00:00,5,2019-05-30 16:00:00,0.10531,0.10531,0.10531,0.0,0.3133755718668156,313.30530242311903,-0.0,23.744946130717267,0.0,289.56035629240176,289.56035629240176,0.0,0.0
3592,2019-05-30 16:00:00,5,2019-05-30 17:00:00,0.13592,0.13592,0.13592,0.0,0.27035936510826986,315.28048415613546,-0.0,25.720127863733694,0.0,289.56035629240176,289.56035629240176,0.0,0.0
3593,2019-05-30 17:00:00,5,2019-05-30 18:00:00,0.13592,0.13592,0.13592,0.0,0.2237649305725204,243.13842551105824,-0.0,0.0,0.0,243.13842551105824,243.13842551105824,0.0,0.0
3594,2019-05-30 18:00:00,5,2019-05-30 19:00:00,0.13592,0.13592,0.13592,0.0,0.2237649305725204,238.2701147616719,-0.0,95.91824167603127,0.0,142.35187308564062,142.35187308564062,0.0,0.0
3595,2019-05-30 19:00:00,5,2019-05-30 20:00:00,0.13592,0.13592,0.13592,0.0,0.05,212.7151619541318,-0.0,0.0,0.0,212.7151619541318,212.7151619541318,0.0,0.0
3596,2019-05-30 20:00:00,5,2019-05-30 21:00:00,0.13592,0.13592,0.13592,0.0,0.05,213.57667088379557,-0.0,0.0,0.0,213.57667088379557,213.57667088379557,0.0,0.0
3597,2019-05-30 21:00:00,5,2019-05-30 22:00:00,0.10531,0.10531,0.10531,0.0,0.05,200.9362525460633,-0.0,0.0,0.0,200.9362525460633,200.9362525460633,0.0,0.0
3598,2019-05-30 22:00:00,5,2019-05-30 23:00:00,0.10531,0.10531,0.10531,0.0,0.05,203.28723974605245,-0.0,0.0,0.0,203.28723974605245,203.28723974605245,0.0,0.0
3599,2019-05-30 23:00:00,5,2019-05-31 00:00:00,0.10531,0.10531,0.10531,0.0,0.05,201.47362280066963,-0.0,0.0,0.0,201.47362280066963,201.47362280066963,0.0,0.0
3600,2019-05-31 00:00:00,5,2019-05-31 01:00:00,0.10531,0.10531,0.10531,0.0,0.05,203.6443353011814,-85.91602099122036,0.0,0.0,289.56035629240176,289.56035629240176,0.0,1.0
3601,2019-05-31 01:00:00,5,2019-05-31 02:00:00,0.10531,0.10531,0.10531,0.0,0.18173789885320457,206.61833503430935,-82.94202125809241,0.0,0.0,289.56035629240176,289.56035629240176,0.0,1.0
3602,2019-05-31 02:00:00,5,2019-05-31 03:00:00,0.10531,0.10531,0.10531,0.0,0.30891566478227955,204.36098621265546,-85.1993700797463,0.0,0.0,289.56035629240176,289.56035629240176,0.0,1.0
3603,2019-05-31 03:00:00,5,2019-05-31 04:00:00,0.10531,0.10531,0.10531,0.0,0.43955469890455723,224.7932840143829,-64.76707227801887,0.0,0.0,289.56035629240176,289.56035629240176,0.0,1.0
3604,2019-05-31 04:00:00,5,2019-05-31 05:00:00,0.10531,0.10531,0.10531,0.0,0.5388642097308528,223.76403129261362,-65.79632499978814,0.0,0.0,289.56035629240176,289.56035629240176,0.0,1.0
3605,2019-05-31 05:00:00,5,2019-05-31 06:00:00,0.10531,0.10531,0.10531,0.0,0.6397519080638613,279.5484640885712,-10.011892203830541,0.0,0.0,289.56035629240176,289.56035629240176,0.0,1.0
3606,2019-05-31 06:00:00,5,2019-05-31 07:00:00,0.10531,0.10531,0.10531,0.0,0.6551034761097347,305.91699267495676,-0.0,16.356636382554996,0.0,289.56035629240176,289.56035629240176,0.0,0.0
3607,2019-05-31 07:00:00,5,2019-05-31 08:00:00,0.10531,0.10531,0.10531,0.0,0.6254718884601786,313.3619164464276,-0.0,23.80156015402582,0.0,289.56035629240176,289.56035629240176,0.0,0.0
3608,2019-05-31 08:00:00,5,2019-05-31 09:00:00,0.10531,0.10531,0.10531,0.0,0.5823531200652042,316.3823354465513,-0.0,26.821979154149517,0.0,289.56035629240176,289.56035629240176,0.0,0.0
3609,2019-05-31 09:00:00,5,2019-05-31 10:00:00,0.06431,0.06431,0.06431,0.0,0.5337625781192812,314.9242170344881,-0.0,25.36386074208633,0.0,289.56035629240176,289.56035629240176,0.0,0.0
3610,2019-05-31 10:00:00,5,2019-05-31 11:00:00,0.06431,0.06431,0.06431,0.0,0.48781355503579144,313.5319104605576,-0.0,23.97155416815582,0.0,289.56035629240176,289.56035629240176,0.0,0.0
3611,2019-05-31 11:00:00,5,2019-05-31 12:00:00,0.06431,0.06431,0.06431,0.0,0.44438682647029176,300.1907589997706,-0.0,10.63040270736883,0.0,289.56035629240176,289.56035629240176,0.0,0.0
3612,2019-05-31 12:00:00,5,2019-05-31 13:00:00,0.06431,0.06431,0.06431,0.0,0.42512885055114535,308.9743228182276,-0.0,19.413966525825856,0.0,289.56035629240176,289.56035629240176,0.0,0.0
3613,2019-05-31 13:00:00,5,2019-05-31 14:00:00,0.06431,0.06431,0.06431,0.0,0.38995862133769277,313.50166785820693,-0.0,23.941311565805165,0.0,289.56035629240176,289.56035629240176,0.0,0.0
3614,2019-05-31 14:00:00,5,2019-05-31 15:00:00,0.10531,0.10531,0.10531,0.0,0.3465866800952921,316.2144135969526,-0.0,26.65405730455086,0.0,289.56035629240176,289.56035629240176,0.0,0.0
3615,2019-05-31 15:00:00,5,2019-05-31 16:00:00,0.10531,0.10531,0.10531,0.0,0.29830034439864195,318.9700808938709,-0.0,29.409724601469122,0.0,289.56035629240176,289.56035629240176,0.0,0.0
3616,2019-05-31 16:00:00,5,2019-05-31 17:00:00,0.13592,0.13592,0.13592,0.0,0.24502185780177763,319.44726484353777,-0.0,29.886908551136003,0.0,289.56035629240176,289.56035629240176,0.0,0.0
3617,2019-05-31 17:00:00,5,2019-05-31 18:00:00,0.13592,0.13592,0.13592,0.0,0.19087890752798053,244.4940777074379,-0.0,0.0,0.0,244.4940777074379,244.4940777074379,0.0,0.0
3618,2019-05-31 18:00:00,5,2019-05-31 19:00:00,0.13592,0.13592,0.13592,0.0,0.19087890752798053,238.65849928159238,-0.0,77.76515695544526,0.0,160.89334232614712,160.89334232614712,0.0,0.0
3619,2019-05-31 19:00:00,5,2019-05-31 20:00:00,0.13592,0.13592,0.13592,0.0,0.05,217.33968748492086,-0.0,0.0,0.0,217.33968748492086,217.33968748492086,0.0,0.0
3620,2019-05-31 20:00:00,5,2019-05-31 21:00:00,0.13592,0.13592,0.13592,0.0,0.05,216.34976120583514,-0.0,0.0,0.0,216.34976120583514,216.34976120583514,0.0,0.0
3621,2019-05-31 21:00:00,5,2019-05-31 22:00:00,0.10531,0.10531,0.10531,0.0,0.05,202.2628289707853,-66.98611659958621,0.0,0.0,269.2489455703715,269.2489455703715,0.0,1.0
3622,2019-05-31 22:00:00,5,2019-05-31 23:00:00,0.10531,0.10531,0.10531,0.0,0.15271204545269887,203.78401714865623,-85.77633914374553,0.0,0.0,289.56035629240176,289.56035629240176,0.0,1.0
3623,2019-05-31 23:00:00,5,2019-06-01 00:00:00,0.10531,0.10531,0.10531,0.0,0.2842357654731087,203.05076385679968,-0.0,0.0,0.0,203.05076385679968,203.05076385679968,0.0,0.0
3624,2019-06-01 00:00:00,6,2019-06-01 01:00:00,0.10547,0.10547,0.10547,0.0,0.2842357654731087,204.20006153491073,-73.66788175037254,0.0,0.0,277.8679432852833,277.8679432852833,0.0,1.0
3625,2019-06-01 01:00:00,6,2019-06-01 02:00:00,0.10547,0.10547,0.10547,0.0,0.39719318415701327,205.30692128935445,-72.56102199592883,0.0,0.0,277.8679432852833,277.8679432852833,0.0,1.0
3626,2019-06-01 02:00:00,6,2019-06-01 03:00:00,0.10547,0.10547,0.10547,0.0,0.5084534178841041,206.48568135857374,-71.38226192670953,0.0,0.0,277.8679432852833,277.8679432852833,0.0,1.0
3627,2019-06-01 03:00:00,6,2019-06-01 04:00:00,0.10547,0.10547,0.10547,0.0,0.6179062195050588,228.20469983307999,-49.6632434522033,0.0,0.0,277.8679432852833,277.8679432852833,0.0,1.0
3628,2019-06-01 04:00:00,6,2019-06-01 05:00:00,0.10547,0.10547,0.10547,0.0,0.6940565261317706,226.0984869114328,-51.769456373850495,0.0,0.0,277.8679432852833,277.8679432852833,0.0,1.0
3629,2019-06-01 05:00:00,6,2019-06-01 06:00:00,0.10547,0.10547,0.10547,0.0,0.7734363592383413,280.277566752656,-0.0,2.4096234673727395,0.0,277.8679432852833,277.8679432852833,0.0,0.0
3630,2019-06-01 06:00:00,6,2019-06-01 07:00:00,0.10547,0.10547,0.10547,0.0,0.7690710993336806,307.0895514482704,-0.0,29.22160816298714,0.0,277.8679432852833,277.8679432852833,0.0,0.0
3631,2019-06-01 07:00:00,6,2019-06-01 08:00:00,0.10547,0.10547,0.10547,0.0,0.7161334033862399,313.0846554370628,-0.0,35.21671215177952,0.0,277.8679432852833,277.8679432852833,0.0,0.0
3632,2019-06-01 08:00:00,6,2019-06-01 09:00:00,0.10547,0.10547,0.10547,0.0,0.6523350118069291,317.8376453315,-0.0,39.96970204621675,0.0,277.8679432852833,277.8679432852833,0.0,0.0
3633,2019-06-01 09:00:00,6,2019-06-01 10:00:00,0.10547,0.10547,0.10547,0.0,0.5799261312884205,315.3848604461946,-0.0,37.516917160911305,0.0,277.8679432852833,277.8679432852833,0.0,0.0
3634,2019-06-01 10:00:00,6,2019-06-01 11:00:00,0.10547,0.10547,0.10547,0.0,0.5119607016490885,312.8386996164607,-0.0,34.97075633117743,0.0,277.8679432852833,277.8679432852833,0.0,0.0
3635,2019-06-01 11:00:00,6,2019-06-01 12:00:00,0.10547,0.10547,0.10547,0.0,0.44860788220854964,300.42486801607805,-0.0,22.556924730794776,0.0,277.8679432852833,277.8679432852833,0.0,0.0
3636,2019-06-01 12:00:00,6,2019-06-01 13:00:00,0.10547,0.10547,0.10547,0.0,0.4077438881310229,311.1519570018474,-0.0,33.28401371656415,0.0,277.8679432852832,277.8679432852832,0.0,0.0
3637,2019-06-01 13:00:00,6,2019-06-01 14:00:00,0.10547,0.10547,0.10547,0.0,0.3474467618328995,315.48830507321213,-0.0,37.620361787928886,0.0,277.8679432852832,277.8679432852832,0.0,0.0
3638,2019-06-01 14:00:00,6,2019-06-01 15:00:00,0.12561,0.12561,0.12561,0.0,0.27929393250694134,317.39005994687017,-0.0,39.52211666158692,0.0,277.8679432852832,277.8679432852832,0.0,0.0
3639,2019-06-01 15:00:00,6,2019-06-01 16:00:00,0.12561,0.12561,0.12561,0.0,0.2076958950765303,320.55714747475764,-0.0,42.689204189474395,0.0,277.8679432852832,277.8679432852832,0.0,0.0
3640,2019-06-01 16:00:00,6,2019-06-01 17:00:00,0.15111,0.15111,0.15111,0.0,0.130360380240526,322.2268731780536,-0.0,44.35892989277036,0.0,277.8679432852832,277.8679432852832,0.0,0.0
3641,2019-06-01 17:00:00,6,2019-06-01 18:00:00,0.15111,0.15111,0.15111,0.0,0.05,245.40818814904017,-0.0,0.0,0.0,245.40818814904017,245.40818814904017,0.0,0.0
3642,2019-06-01 18:00:00,6,2019-06-01 19:00:00,0.15111,0.15111,0.15111,0.0,0.05,241.22166427918745,-0.0,0.0,0.0,241.22166427918745,241.22166427918745,0.0,0.0
3643,2019-06-01 19:00:00,6,2019-06-01 20:00:00,0.15111,0.15111,0.15111,0.0,0.05,207.3851256300803,-0.0,0.0,0.0,207.3851256300803,207.3851256300803,0.0,0.0
3644,2019-06-01 20:00:00,6,2019-06-01 21:00:00,0.15111,0.15111,0.15111,0.0,0.05,203.92267653027807,-0.0,0.0,0.0,203.92267653027807,203.92267653027807,0.0,0.0
3645,2019-06-01 21:00:00,6,2019-06-01 22:00:00,0.12561,0.12561,0.12561,0.0,0.05,195.88886980105187,-0.0,0.0,0.0,195.88886980105187,195.88886980105187,0.0,0.0
3646,2019-06-01 22:00:00,6,2019-06-01 23:00:00,0.12561,0.12561,0.12561,0.0,0.05,200.99835234129517,-0.0,0.0,0.0,200.99835234129517,200.99835234129517,0.0,0.0
3647,2019-06-01 23:00:00,6,2019-06-02 00:00:00,0.10547,0.10547,0.10547,0.0,0.05,204.62400164479212,-73.24394164049113,0.0,0.0,277.8679432852832,277.8679432852832,0.0,1.0
3648,2019-06-02 00:00:00,6,2019-06-02 01:00:00,0.10547,0.10547,0.10547,0.0,0.1623073771820864,205.96630879237358,-75.64012903538872,0.0,0.0,281.6064378277623,281.6064378277623,0.0,1.0
3649,2019-06-02 01:00:00,6,2019-06-02 02:00:00,0.10547,0.10547,0.10547,0.0,0.2782889083696824,204.73079963464446,-76.87563819311785,0.0,0.0,281.6064378277623,281.6064378277623,0.0,1.0
3650,2019-06-02 02:00:00,6,2019-06-02 03:00:00,0.10547,0.10547,0.10547,0.0,0.39616488693246316,205.57405829964247,-76.03237952811983,0.0,0.0,281.6064378277623,281.6064378277623,0.0,1.0
3651,2019-06-02 03:00:00,6,2019-06-02 04:00:00,0.10547,0.10547,0.10547,0.0,0.5127478688755803,227.5295456815088,-54.0768921462535,0.0,0.0,281.6064378277623,281.6064378277623,0.0,1.0
3652,2019-06-02 04:00:00,6,2019-06-02 05:00:00,0.10547,0.10547,0.10547,0.0,0.5956657701665022,225.58688437191702,-56.01955345584528,0.0,0.0,281.6064378277623,281.6064378277623,0.0,1.0
3653,2019-06-02 05:00:00,6,2019-06-02 06:00:00,0.10547,0.10547,0.10547,0.0,0.6815624187987983,281.63729136161186,-0.0,0.030853533849551695,0.0,281.6064378277623,281.6064378277623,0.0,0.0
3654,2019-06-02 06:00:00,6,2019-06-02 07:00:00,0.10547,0.10547,0.10547,0.0,0.6815065247157376,309.2574561229486,-0.0,27.651018295186304,0.0,281.6064378277623,281.6064378277623,0.0,0.0
3655,2019-06-02 07:00:00,6,2019-06-02 08:00:00,0.10547,0.10547,0.10547,0.0,0.6314141002679367,313.855278019911,-0.0,32.24884019214869,0.0,281.6064378277623,281.6064378277623,0.0,0.0
3656,2019-06-02 08:00:00,6,2019-06-02 09:00:00,0.10547,0.10547,0.10547,0.0,0.5729922883256381,316.83539416554754,-0.0,35.228956337785235,0.0,281.6064378277623,281.6064378277623,0.0,0.0
3657,2019-06-02 09:00:00,6,2019-06-02 10:00:00,0.10547,0.10547,0.10547,0.0,0.5091717152499402,314.99916707605115,-0.0,33.392729248288845,0.0,281.6064378277623,281.6064378277623,0.0,0.0
3658,2019-06-02 10:00:00,6,2019-06-02 11:00:00,0.10547,0.10547,0.10547,0.0,0.4486776405247792,312.60209014399686,-0.0,30.995652316234555,0.0,281.6064378277623,281.6064378277623,0.0,0.0
3659,2019-06-02 11:00:00,6,2019-06-02 12:00:00,0.10547,0.10547,0.10547,0.0,0.39252609647362957,300.6204903773995,-0.0,19.0140525496372,0.0,281.6064378277623,281.6064378277623,0.0,0.0
3660,2019-06-02 12:00:00,6,2019-06-02 13:00:00,0.10547,0.10547,0.10547,0.0,0.35808034910109837,310.45875560870525,-0.0,28.85231778094293,0.0,281.6064378277623,281.6064378277623,0.0,0.0
3661,2019-06-02 13:00:00,6,2019-06-02 14:00:00,0.10547,0.10547,0.10547,0.0,0.3058116574689554,313.3222908232186,-0.0,31.71585299545631,0.0,281.6064378277623,281.6064378277623,0.0,0.0
3662,2019-06-02 14:00:00,6,2019-06-02 15:00:00,0.12561,0.12561,0.12561,0.0,0.24835540204240403,316.4193709552125,-0.0,34.81293312745021,0.0,281.6064378277623,281.6064378277623,0.0,0.0
3663,2019-06-02 15:00:00,6,2019-06-02 16:00:00,0.12561,0.12561,0.12561,0.0,0.1852884942028203,318.8901722682066,-0.0,37.28373444044428,0.0,281.6064378277623,281.6064378277623,0.0,0.0
3664,2019-06-02 16:00:00,6,2019-06-02 17:00:00,0.15111,0.15111,0.15111,0.0,0.11774549702810248,319.00195218727487,-0.0,37.39551435951256,0.0,281.6064378277623,281.6064378277623,0.0,0.0
3665,2019-06-02 17:00:00,6,2019-06-02 18:00:00,0.15111,0.15111,0.15111,0.0,0.05,240.07143801688434,-0.0,0.0,0.0,240.07143801688434,240.07143801688434,0.0,0.0
3666,2019-06-02 18:00:00,6,2019-06-02 19:00:00,0.15111,0.15111,0.15111,0.0,0.05,238.66149010404834,-0.0,0.0,0.0,238.66149010404834,238.66149010404834,0.0,0.0
3667,2019-06-02 19:00:00,6,2019-06-02 20:00:00,0.15111,0.15111,0.15111,0.0,0.05,218.6578228588964,-0.0,0.0,0.0,218.6578228588964,218.6578228588964,0.0,0.0
3668,2019-06-02 20:00:00,6,2019-06-02 21:00:00,0.15111,0.15111,0.15111,0.0,0.05,215.34882293709018,-0.0,0.0,0.0,215.34882293709018,215.34882293709018,0.0,0.0
3669,2019-06-02 21:00:00,6,2019-06-02 22:00:00,0.12561,0.12561,0.12561,0.0,0.05,200.94118577270027,-0.0,0.0,0.0,200.94118577270027,200.94118577270027,0.0,0.0
3670,2019-06-02 22:00:00,6,2019-06-02 23:00:00,0.12561,0.12561,0.12561,0.0,0.05,203.97971073146684,-0.0,0.0,0.0,203.97971073146684,203.97971073146684,0.0,0.0
3671,2019-06-02 23:00:00,6,2019-06-03 00:00:00,0.10547,0.10547,0.10547,0.0,0.05,206.67974633026196,-0.0,0.0,0.0,206.67974633026196,206.67974633026196,0.0,0.0
3672,2019-06-03 00:00:00,6,2019-06-03 01:00:00,0.10547,0.10547,0.10547,0.0,0.05,205.53790775047162,-76.06853007729069,0.0,0.0,281.6064378277623,281.6064378277623,0.0,1.0
3673,2019-06-03 01:00:00,6,2019-06-03 02:00:00,0.10547,0.10547,0.10547,0.0,0.16663841278517907,205.42362378664902,-76.18281404111329,0.0,0.0,281.6064378277623,281.6064378277623,0.0,1.0
3674,2019-06-03 02:00:00,6,2019-06-03 03:00:00,0.10547,0.10547,0.10547,0.0,0.2834520609815528,204.99190438236653,-76.61453344539578,0.0,0.0,281.6064378277623,281.6064378277623,0.0,1.0
3675,2019-06-03 03:00:00,6,2019-06-03 04:00:00,0.10547,0.10547,0.10547,0.0,0.4009276789311596,205.39665945879602,-76.20977836896628,0.0,0.0,281.6064378277623,281.6064378277623,0.0,1.0
3676,2019-06-03 04:00:00,6,2019-06-03 05:00:00,0.10547,0.10547,0.10547,0.0,0.5177826724302412,207.53885247209598,-74.06758535566632,0.0,0.0,281.6064378277623,281.6064378277623,0.0,1.0
3677,2019-06-03 05:00:00,6,2019-06-03 06:00:00,0.10547,0.10547,0.10547,0.0,0.6313529699755963,222.9112769473564,-58.69516088040589,0.0,0.0,281.6064378277623,281.6064378277623,0.0,1.0
3678,2019-06-03 06:00:00,6,2019-06-03 07:00:00,0.10547,0.10547,0.10547,0.0,0.7213522166588854,253.16306555823988,-28.443372269522428,0.0,0.0,281.6064378277623,281.6064378277623,0.0,1.0
3679,2019-06-03 07:00:00,6,2019-06-03 08:00:00,0.10547,0.10547,0.10547,0.0,0.7649653874721531,254.78987736215552,-26.816560465606784,0.0,0.0,281.6064378277623,281.6064378277623,0.0,1.0
3680,2019-06-03 08:00:00,6,2019-06-03 09:00:00,0.10547,0.10547,0.10547,0.0,0.8060841135194169,275.7536433805265,-5.8527944472357945,0.0,0.0,281.6064378277623,281.6064378277623,0.0,1.0
3681,2019-06-03 09:00:00,6,2019-06-03 10:00:00,0.10547,0.10547,0.10547,0.0,0.8150583983385118,271.8964803275483,-9.709957500213989,0.0,0.0,281.6064378277623,281.6064378277623,0.0,1.0
3682,2019-06-03 10:00:00,6,2019-06-03 11:00:00,0.10547,0.10547,0.10547,0.0,0.8299469998388399,268.2688190233924,-13.337618804369924,0.0,0.0,281.6064378277623,281.6064378277623,0.0,1.0
3683,2019-06-03 11:00:00,6,2019-06-03 12:00:00,0.10547,0.10547,0.10547,0.0,0.8503980153388737,257.8074318508263,-23.79900597693603,0.0,0.0,281.6064378277623,281.6064378277623,0.0,1.0
3684,2019-06-03 12:00:00,6,2019-06-03 13:00:00,0.10547,0.10547,0.10547,0.0,0.8868898245035091,253.4768880153767,-28.12954981238562,0.0,0.0,281.6064378277623,281.6064378277623,0.0,1.0
3685,2019-06-03 13:00:00,6,2019-06-03 14:00:00,0.10547,0.10547,0.10547,0.0,0.9300218008825002,252.488252553203,-29.118185274559295,0.0,0.0,281.6064378277623,281.6064378277623,0.0,1.0
3686,2019-06-03 14:00:00,6,2019-06-03 15:00:00,0.12561,0.12561,0.12561,0.0,0.9746696849701578,233.40085494666835,-16.519770671636156,0.0,0.0,249.9206256183045,249.9206256183045,0.0,1.0
3687,2019-06-03 15:00:00,6,2019-06-03 16:00:00,0.12561,0.12561,0.12561,0.0,1.0,235.03954803603307,-0.0,0.0,0.0,235.03954803603307,235.03954803603307,0.0,0.0
3688,2019-06-03 16:00:00,6,2019-06-03 17:00:00,0.15111,0.15111,0.15111,0.0,1.0,225.71372659884946,-0.0,225.71372659884946,0.0,0.0,0.0,0.0,0.0
3689,2019-06-03 17:00:00,6,2019-06-03 18:00:00,0.15111,0.15111,0.15111,0.0,0.591098321378896,219.6966631360175,-0.0,96.71886141051237,0.0,122.97780172550512,122.97780172550512,0.0,0.0
3690,2019-06-03 18:00:00,6,2019-06-03 19:00:00,0.15111,0.15111,0.15111,0.0,0.41588299273666335,222.01509176139055,-0.0,0.0,0.0,222.01509176139055,222.01509176139055,0.0,0.0
3691,2019-06-03 19:00:00,6,2019-06-03 20:00:00,0.15111,0.15111,0.15111,0.0,0.41588299273666335,201.9674119906382,-0.0,201.9674119906382,0.0,0.0,0.0,0.0,0.0
3692,2019-06-03 20:00:00,6,2019-06-03 21:00:00,0.15111,0.15111,0.15111,0.0,0.05,206.22751371694702,-0.0,0.0,0.0,206.22751371694702,206.22751371694702,0.0,0.0
3693,2019-06-03 21:00:00,6,2019-06-03 22:00:00,0.12561,0.12561,0.12561,0.0,0.05,206.60068823898578,-0.0,0.0,0.0,206.60068823898578,206.60068823898578,0.0,0.0
3694,2019-06-03 22:00:00,6,2019-06-03 23:00:00,0.12561,0.12561,0.12561,0.0,0.05,203.12179421145368,-0.0,0.0,0.0,203.12179421145368,203.12179421145368,0.0,0.0
3695,2019-06-03 23:00:00,6,2019-06-04 00:00:00,0.10547,0.10547,0.10547,0.0,0.05,201.73166864412408,-0.0,0.0,0.0,201.73166864412408,201.73166864412408,0.0,0.0
3696,2019-06-04 00:00:00,6,2019-06-04 01:00:00,0.10547,0.10547,0.10547,0.0,0.05,199.3578193657229,-0.0,0.0,0.0,199.3578193657229,199.3578193657229,0.0,0.0
3697,2019-06-04 01:00:00,6,2019-06-04 02:00:00,0.10547,0.10547,0.10547,0.0,0.05,203.3440319492643,-77.97089110076146,0.0,0.0,281.31492305002575,281.31492305002575,0.0,1.0
3698,2019-06-04 02:00:00,6,2019-06-04 03:00:00,0.10547,0.10547,0.10547,0.0,0.1695553663545009,202.75104113383122,-0.0,0.0,0.0,202.75104113383122,202.75104113383122,0.0,0.0
3699,2019-06-04 03:00:00,6,2019-06-04 04:00:00,0.10547,0.10547,0.10547,0.0,0.1695553663545009,203.83191984452736,-77.48300320549839,0.0,0.0,281.31492305002575,281.31492305002575,0.0,1.0
3700,2019-06-04 04:00:00,6,2019-06-04 05:00:00,0.10547,0.10547,0.10547,0.0,0.2883626379362651,202.02389417564345,-0.0,0.0,0.0,202.02389417564345,202.02389417564345,0.0,0.0
3701,2019-06-04 05:00:00,6,2019-06-04 06:00:00,0.10547,0.10547,0.10547,0.0,0.2883626379362651,218.19223973332717,-63.12268331669859,0.0,0.0,281.31492305002575,281.31492305002575,0.0,1.0
3702,2019-06-04 06:00:00,6,2019-06-04 07:00:00,0.10547,0.10547,0.10547,0.0,0.3851507523552031,220.81883352442014,-60.49608952560562,0.0,0.0,281.31492305002575,281.31492305002575,0.0,1.0
3703,2019-06-04 07:00:00,6,2019-06-04 08:00:00,0.10547,0.10547,0.10547,0.0,0.4779114229611317,236.82432766538676,-0.0,0.0,0.0,236.82432766538676,236.82432766538676,0.0,0.0
3704,2019-06-04 08:00:00,6,2019-06-04 09:00:00,0.10547,0.10547,0.10547,0.0,0.4779114229611317,230.08626378405563,-51.22865926597013,0.0,0.0,281.31492305002575,281.31492305002575,0.0,1.0
3705,2019-06-04 09:00:00,6,2019-06-04 10:00:00,0.10547,0.10547,0.10547,0.0,0.5564620338356192,228.995259416344,-52.31966363368176,0.0,0.0,281.31492305002575,281.31492305002575,0.0,1.0
3706,2019-06-04 10:00:00,6,2019-06-04 11:00:00,0.10547,0.10547,0.10547,0.0,0.6366855180739313,225.04866690156496,-56.2662561484608,0.0,0.0,281.31492305002575,281.31492305002575,0.0,1.0
3707,2019-06-04 11:00:00,6,2019-06-04 12:00:00,0.10547,0.10547,0.10547,0.0,0.7229604441682379,223.50381645255993,-57.81110659746583,0.0,0.0,281.31492305002575,281.31492305002575,0.0,1.0
3708,2019-06-04 12:00:00,6,2019-06-04 13:00:00,0.10547,0.10547,0.10547,0.0,0.8116041409510186,220.3938633738462,-60.629544898443044,0.0,0.0,281.0234082722892,281.0234082722892,0.0,1.0
3709,2019-06-04 13:00:00,6,2019-06-04 14:00:00,0.10547,0.10547,0.10547,0.0,0.9045694431286313,219.3691181290436,-62.23731969871869,0.0,0.0,281.6064378277623,281.6064378277623,0.0,1.0
3710,2019-06-04 14:00:00,6,2019-06-04 15:00:00,0.12561,0.12561,0.12561,0.0,1.0,218.76906953801276,-0.0,0.0,0.0,218.76906953801276,218.76906953801276,0.0,0.0
3711,2019-06-04 15:00:00,6,2019-06-04 16:00:00,0.12561,0.12561,0.12561,0.0,1.0,213.18424457792167,-0.0,0.0,0.0,213.18424457792167,213.18424457792167,0.0,0.0
3712,2019-06-04 16:00:00,6,2019-06-04 17:00:00,0.15111,0.15111,0.15111,0.0,1.0,202.5718382839583,-0.0,202.5718382839583,0.0,0.0,0.0,0.0,0.0
3713,2019-06-04 17:00:00,6,2019-06-04 18:00:00,0.15111,0.15111,0.15111,0.0,0.6330220320942785,195.6748249738957,-0.0,195.6748249738957,0.0,0.0,0.0,0.0,0.0
3714,2019-06-04 18:00:00,6,2019-06-04 19:00:00,0.15111,0.15111,0.15111,0.0,0.2785386535183805,194.77207320106575,-0.0,126.15333674214604,0.0,68.61873645891971,68.61873645891971,0.0,0.0
3715,2019-06-04 19:00:00,6,2019-06-04 20:00:00,0.15111,0.15111,0.15111,0.0,0.05,200.49467965742835,-0.0,0.0,0.0,200.49467965742835,200.49467965742835,0.0,0.0
3716,2019-06-04 20:00:00,6,2019-06-04 21:00:00,0.15111,0.15111,0.15111,0.0,0.05,204.05264629853332,-0.0,0.0,0.0,204.05264629853332,204.05264629853332,0.0,0.0
3717,2019-06-04 21:00:00,6,2019-06-04 22:00:00,0.12561,0.12561,0.12561,0.0,0.05,203.8460376888362,-0.0,0.0,0.0,203.8460376888362,203.8460376888362,0.0,0.0
3718,2019-06-04 22:00:00,6,2019-06-04 23:00:00,0.12561,0.12561,0.12561,0.0,0.05,206.0063462798903,-0.0,0.0,0.0,206.0063462798903,206.0063462798903,0.0,0.0
3719,2019-06-04 23:00:00,6,2019-06-05 00:00:00,0.10547,0.10547,0.10547,0.0,0.05,202.12120287920953,-79.48523494855277,0.0,0.0,281.6064378277623,281.6064378277623,0.0,1.0
3720,2019-06-05 00:00:00,6,2019-06-05 01:00:00,0.10547,0.10547,0.10547,0.0,0.17187736025444758,204.19360284200462,-77.41283498575768,0.0,0.0,281.6064378277623,281.6064378277623,0.0,1.0
3721,2019-06-05 01:00:00,6,2019-06-05 02:00:00,0.10547,0.10547,0.10547,0.0,0.2905770405659427,203.9156749242674,-77.69076290349491,0.0,0.0,281.6064378277623,281.6064378277623,0.0,1.0
3722,2019-06-05 02:00:00,6,2019-06-05 03:00:00,0.10547,0.10547,0.10547,0.0,0.40970287701796826,203.52725831257482,-78.07917951518749,0.0,0.0,281.6064378277623,281.6064378277623,0.0,1.0
3723,2019-06-05 03:00:00,6,2019-06-05 04:00:00,0.10547,0.10547,0.10547,0.0,0.5294242856079224,225.48715864954522,-56.119279178217084,0.0,0.0,281.6064378277623,281.6064378277623,0.0,1.0
3724,2019-06-05 04:00:00,6,2019-06-05 05:00:00,0.10547,0.10547,0.10547,0.0,0.615473847014522,224.49073528556374,-57.11570254219856,0.0,0.0,281.6064378277623,281.6064378277623,0.0,1.0
3725,2019-06-05 05:00:00,6,2019-06-05 06:00:00,0.10547,0.10547,0.10547,0.0,0.7030512575792265,279.8155426796433,-1.7908951481190343,0.0,0.0,281.6064378277623,281.6064378277623,0.0,1.0
3726,2019-06-05 06:00:00,6,2019-06-05 07:00:00,0.10547,0.10547,0.10547,0.0,0.7057972968063424,311.02817545626374,-0.0,29.421737628501432,0.0,281.6064378277623,281.6064378277623,0.0,0.0
3727,2019-06-05 07:00:00,6,2019-06-05 08:00:00,0.10547,0.10547,0.10547,0.0,0.652497047479347,314.1888511197198,-0.0,32.582413291957494,0.0,281.6064378277623,281.6064378277623,0.0,0.0
3728,2019-06-05 08:00:00,6,2019-06-05 09:00:00,0.10547,0.10547,0.10547,0.0,0.5934709364431922,315.51910246670747,-0.0,33.91266463894516,0.0,281.6064378277623,281.6064378277623,0.0,0.0
3729,2019-06-05 09:00:00,6,2019-06-05 10:00:00,0.10547,0.10547,0.10547,0.0,0.5320349497784365,312.11646004207887,-0.0,30.510022214316564,0.0,281.6064378277623,281.6064378277623,0.0,0.0
3730,2019-06-05 10:00:00,6,2019-06-05 11:00:00,0.10547,0.10547,0.10547,0.0,0.4767631704046746,309.5936930698326,-0.0,27.98725524207032,0.0,281.6064378277623,281.6064378277623,0.0,0.0
3731,2019-06-05 11:00:00,6,2019-06-05 12:00:00,0.10547,0.10547,0.10547,0.0,0.4260616210530979,300.26401094357556,-0.0,18.65757311581325,0.0,281.6064378277623,281.6064378277623,0.0,0.0
3732,2019-06-05 12:00:00,6,2019-06-05 13:00:00,0.10547,0.10547,0.10547,0.0,0.3922616697563348,312.8557249431493,-0.0,31.249287115387006,0.0,281.6064378277623,281.6064378277623,0.0,0.0
3733,2019-06-05 13:00:00,6,2019-06-05 14:00:00,0.10547,0.10547,0.10547,0.0,0.3356506423733873,314.31664809440446,-0.0,32.71021026664215,0.0,281.6064378277623,281.6064378277623,0.0,0.0
3734,2019-06-05 14:00:00,6,2019-06-05 15:00:00,0.12561,0.12561,0.12561,0.0,0.27639301507874575,315.673218258739,-0.0,34.06678043097668,0.0,281.6064378277623,281.6064378277623,0.0,0.0
3735,2019-06-05 15:00:00,6,2019-06-05 16:00:00,0.12561,0.12561,0.12561,0.0,0.21467783313857058,318.20879932289057,-0.0,36.602361495128264,0.0,281.6064378277623,281.6064378277623,0.0,0.0
3736,2019-06-05 16:00:00,6,2019-06-05 17:00:00,0.15111,0.15111,0.15111,0.0,0.1483692072415991,318.8431784897445,-0.0,37.236740661982196,0.0,281.6064378277623,281.6064378277623,0.0,0.0
3737,2019-06-05 17:00:00,6,2019-06-05 18:00:00,0.15111,0.15111,0.15111,0.0,0.08091134372351542,245.72014242868758,-0.0,0.0,0.0,245.72014242868758,245.72014242868758,0.0,0.0
3738,2019-06-05 18:00:00,6,2019-06-05 19:00:00,0.15111,0.15111,0.15111,0.0,0.08091134372351542,240.35357014654113,-0.0,17.063061735380515,0.0,223.2905084111606,223.2905084111606,0.0,0.0
3739,2019-06-05 19:00:00,6,2019-06-05 20:00:00,0.15111,0.15111,0.15111,0.0,0.05,211.2884906067524,-0.0,0.0,0.0,211.2884906067524,211.2884906067524,0.0,0.0
3740,2019-06-05 20:00:00,6,2019-06-05 21:00:00,0.15111,0.15111,0.15111,0.0,0.05,213.75796296496486,-0.0,0.0,0.0,213.75796296496486,213.75796296496486,0.0,0.0
3741,2019-06-05 21:00:00,6,2019-06-05 22:00:00,0.12561,0.12561,0.12561,0.0,0.05,200.9621472681595,-0.0,0.0,0.0,200.9621472681595,200.9621472681595,0.0,0.0
3742,2019-06-05 22:00:00,6,2019-06-05 23:00:00,0.12561,0.12561,0.12561,0.0,0.05,199.86635238347702,-0.0,0.0,0.0,199.86635238347702,199.86635238347702,0.0,0.0
3743,2019-06-05 23:00:00,6,2019-06-06 00:00:00,0.10547,0.10547,0.10547,0.0,0.05,200.02742471227924,-10.262326972045992,0.0,0.0,210.28975168432524,210.28975168432524,0.0,1.0
3744,2019-06-06 00:00:00,6,2019-06-06 01:00:00,0.10547,0.10547,0.10547,0.0,0.06573556802380386,204.22961889227753,-79.35572721738485,0.0,0.0,283.5853461096624,283.5853461096624,0.0,1.0
3745,2019-06-06 01:00:00,6,2019-06-06 02:00:00,0.10547,0.10547,0.10547,0.0,0.1874143497571273,206.00970947222052,-77.57563663744186,0.0,0.0,283.5853461096624,283.5853461096624,0.0,1.0
3746,2019-06-06 02:00:00,6,2019-06-06 03:00:00,0.10547,0.10547,0.10547,0.0,0.3063636592678715,205.55365649323497,-78.03168961642741,0.0,0.0,283.5853461096624,283.5853461096624,0.0,1.0
3747,2019-06-06 03:00:00,6,2019-06-06 04:00:00,0.10547,0.10547,0.10547,0.0,0.4260122500130602,227.584229919169,-56.00111619049339,0.0,0.0,283.5853461096624,283.5853461096624,0.0,1.0
3748,2019-06-06 04:00:00,6,2019-06-06 05:00:00,0.10547,0.10547,0.10547,0.0,0.5118806281718168,224.88501750681615,-58.70032860284623,0.0,0.0,283.5853461096624,283.5853461096624,0.0,1.0
3749,2019-06-06 05:00:00,6,2019-06-06 06:00:00,0.10547,0.10547,0.10547,0.0,0.6018877986961809,279.5145103502093,-4.070835759453063,0.0,0.0,283.5853461096624,283.5853461096624,0.0,1.0
3750,2019-06-06 06:00:00,6,2019-06-06 07:00:00,0.10547,0.10547,0.10547,0.0,0.6081297468606757,306.0941681326879,-0.0,22.508822023025516,0.0,283.5853461096624,283.5853461096624,0.0,0.0
3751,2019-06-06 07:00:00,6,2019-06-06 08:00:00,0.10547,0.10547,0.10547,0.0,0.567352895369687,311.62132422278677,-0.0,28.035978113124372,0.0,283.5853461096624,283.5853461096624,0.0,0.0
3752,2019-06-06 08:00:00,6,2019-06-06 09:00:00,0.10547,0.10547,0.10547,0.0,0.5165630799473604,313.9963582685863,-0.0,30.41101215892388,0.0,283.5853461096624,283.5853461096624,0.0,0.0
3753,2019-06-06 09:00:00,6,2019-06-06 10:00:00,0.10547,0.10547,0.10547,0.0,0.4614706666159766,313.32933387820054,-0.0,29.743987768538148,0.0,283.5853461096624,283.5853461096624,0.0,0.0
3754,2019-06-06 10:00:00,6,2019-06-06 11:00:00,0.10547,0.10547,0.10547,0.0,0.4075866308034075,310.9618801967751,-0.0,27.376534087112702,0.0,283.5853461096624,283.5853461096624,0.0,0.0
3755,2019-06-06 11:00:00,6,2019-06-06 12:00:00,0.10547,0.10547,0.10547,0.0,0.35799146035573953,300.0400736302897,-0.0,16.45472752062733,0.0,283.5853461096624,283.5853461096624,0.0,0.0
3756,2019-06-06 12:00:00,6,2019-06-06 13:00:00,0.10547,0.10547,0.10547,0.0,0.32818217136909583,310.50539409913944,-0.0,26.920047989477055,0.0,283.5853461096624,283.5853461096624,0.0,0.0
3757,2019-06-06 13:00:00,6,2019-06-06 14:00:00,0.10547,0.10547,0.10547,0.0,0.2794139684896084,312.4195021848791,-0.0,28.83415607521671,0.0,283.5853461096624,283.5853461096624,0.0,0.0
3758,2019-06-06 14:00:00,6,2019-06-06 15:00:00,0.12561,0.12561,0.12561,0.0,0.2271781784982738,314.14360902291224,-0.0,30.558262913249862,0.0,283.5853461096624,283.5853461096624,0.0,0.0
3759,2019-06-06 15:00:00,6,2019-06-06 16:00:00,0.12561,0.12561,0.12561,0.0,0.17181900655398052,316.7527375893662,-0.0,33.167391479703795,0.0,283.5853461096624,283.5853461096624,0.0,0.0
3760,2019-06-06 16:00:00,6,2019-06-06 17:00:00,0.15111,0.15111,0.15111,0.0,0.11173315242408231,317.6620462477558,-0.0,34.07670013809344,0.0,283.5853461096624,283.5853461096624,0.0,0.0
3761,2019-06-06 17:00:00,6,2019-06-06 18:00:00,0.15111,0.15111,0.15111,0.0,0.05,239.85284030218128,-0.0,0.0,0.0,239.85284030218128,239.85284030218128,0.0,0.0
3762,2019-06-06 18:00:00,6,2019-06-06 19:00:00,0.15111,0.15111,0.15111,0.0,0.05,243.61544877916387,-0.0,0.0,0.0,243.61544877916387,243.61544877916387,0.0,0.0
3763,2019-06-06 19:00:00,6,2019-06-06 20:00:00,0.15111,0.15111,0.15111,0.0,0.05,223.1767395202004,-0.0,0.0,0.0,223.1767395202004,223.1767395202004,0.0,0.0
3764,2019-06-06 20:00:00,6,2019-06-06 21:00:00,0.15111,0.15111,0.15111,0.0,0.05,218.4389064783633,-0.0,0.0,0.0,218.4389064783633,218.4389064783633,0.0,0.0
3765,2019-06-06 21:00:00,6,2019-06-06 22:00:00,0.12561,0.12561,0.12561,0.0,0.05,204.18298655149903,-0.0,0.0,0.0,204.18298655149903,204.18298655149903,0.0,0.0
3766,2019-06-06 22:00:00,6,2019-06-06 23:00:00,0.12561,0.12561,0.12561,0.0,0.05,207.09324066069445,-0.0,0.0,0.0,207.09324066069445,207.09324066069445,0.0,0.0
3767,2019-06-06 23:00:00,6,2019-06-07 00:00:00,0.10547,0.10547,0.10547,0.0,0.05,206.64712879501084,-76.93821731465154,0.0,0.0,283.5853461096624,283.5853461096624,0.0,1.0
3768,2019-06-07 00:00:00,6,2019-06-07 01:00:00,0.10547,0.10547,0.10547,0.0,0.16797193321579904,205.79651454980782,-77.78883155985457,0.0,0.0,283.5853461096624,283.5853461096624,0.0,1.0
3769,2019-06-07 01:00:00,6,2019-06-07 02:00:00,0.10547,0.10547,0.10547,0.0,0.28724814160757606,204.78080680172758,-78.80453930793482,0.0,0.0,283.5853461096624,283.5853461096624,0.0,1.0
3770,2019-06-07 02:00:00,6,2019-06-07 03:00:00,0.10547,0.10547,0.10547,0.0,0.4080817685464095,203.75772588863418,-79.82762022102821,0.0,0.0,283.5853461096624,283.5853461096624,0.0,1.0
3771,2019-06-07 03:00:00,6,2019-06-07 04:00:00,0.10547,0.10547,0.10547,0.0,0.530484119551986,225.40450654899408,-58.18083956066832,0.0,0.0,283.5853461096624,283.5853461096624,0.0,1.0
3772,2019-06-07 04:00:00,6,2019-06-07 05:00:00,0.10547,0.10547,0.10547,0.0,0.6196947402116775,224.13195240425142,-59.453393705410974,0.0,0.0,283.5853461096624,283.5853461096624,0.0,1.0
3773,2019-06-07 05:00:00,6,2019-06-07 06:00:00,0.10547,0.10547,0.10547,0.0,0.7108566105599743,279.9034118267907,-3.68193428287168,0.0,0.0,283.5853461096624,283.5853461096624,0.0,1.0
3774,2019-06-07 06:00:00,6,2019-06-07 07:00:00,0.10547,0.10547,0.10547,0.0,0.7165022431270442,311.86465934897035,-0.0,28.279313239307953,0.0,283.5853461096624,283.5853461096624,0.0,0.0
3775,2019-06-07 07:00:00,6,2019-06-07 08:00:00,0.10547,0.10547,0.10547,0.0,0.6652716032007617,316.39686564581314,-0.0,32.81151953615074,0.0,283.5853461096624,283.5853461096624,0.0,0.0
3776,2019-06-07 08:00:00,6,2019-06-07 09:00:00,0.10547,0.10547,0.10547,0.0,0.6058304446207785,318.55727100559375,-0.0,34.97192489593135,0.0,283.5853461096624,283.5853461096624,0.0,0.0
3777,2019-06-07 09:00:00,6,2019-06-07 10:00:00,0.10547,0.10547,0.10547,0.0,0.5424755082151057,316.1812343844304,-0.0,32.595888274768015,0.0,283.5853461096624,283.5853461096624,0.0,0.0
3778,2019-06-07 10:00:00,6,2019-06-07 11:00:00,0.10547,0.10547,0.10547,0.0,0.48342498597820716,313.86746682308535,-0.0,30.282120713422955,0.0,283.5853461096624,283.5853461096624,0.0,0.0
3779,2019-06-07 11:00:00,6,2019-06-07 12:00:00,0.10547,0.10547,0.10547,0.0,0.428566071642296,302.295038829946,-0.0,18.709692720283613,0.0,283.5853461096624,283.5853461096624,0.0,0.0
3780,2019-06-07 12:00:00,6,2019-06-07 13:00:00,0.10547,0.10547,0.10547,0.0,0.39467170077221697,310.216595012475,-0.0,26.631248902812615,0.0,283.5853461096624,283.5853461096624,0.0,0.0
3781,2019-06-07 13:00:00,6,2019-06-07 14:00:00,0.10547,0.10547,0.10547,0.0,0.3464266846439332,310.07106548309696,-0.0,26.485719373434563,0.0,283.5853461096624,283.5853461096624,0.0,0.0
3782,2019-06-07 14:00:00,6,2019-06-07 15:00:00,0.12561,0.12561,0.12561,0.0,0.2984453089674214,309.7622488698616,-0.0,26.176902760199198,0.0,283.5853461096624,283.5853461096624,0.0,0.0
3783,2019-06-07 15:00:00,6,2019-06-07 16:00:00,0.12561,0.12561,0.12561,0.0,0.25102338367720545,311.6293285605042,-0.0,28.04398245084178,0.0,283.5853461096624,283.5853461096624,0.0,0.0
3784,2019-06-07 16:00:00,6,2019-06-07 17:00:00,0.15111,0.15111,0.15111,0.0,0.20021906764307176,312.8912824934292,-0.0,82.92092533897562,0.0,229.97035715445355,229.97035715445355,0.0,0.0
3785,2019-06-07 17:00:00,6,2019-06-07 18:00:00,0.15111,0.15111,0.15111,0.0,0.05,251.3886540687428,-0.0,0.0,0.0,251.3886540687428,251.3886540687428,0.0,0.0
3786,2019-06-07 18:00:00,6,2019-06-07 19:00:00,0.15111,0.15111,0.15111,0.0,0.05,255.67108568065734,-0.0,0.0,0.0,255.67108568065734,255.67108568065734,0.0,1.0
3787,2019-06-07 19:00:00,6,2019-06-07 20:00:00,0.15111,0.15111,0.15111,0.0,0.05,230.39187301752085,-0.0,0.0,0.0,230.39187301752085,230.39187301752085,0.0,0.0
3788,2019-06-07 20:00:00,6,2019-06-07 21:00:00,0.15111,0.15111,0.15111,0.0,0.05,225.13385717612755,-0.0,0.0,0.0,225.13385717612755,225.13385717612755,0.0,0.0
3789,2019-06-07 21:00:00,6,2019-06-07 22:00:00,0.12561,0.12561,0.12561,0.0,0.05,207.63405421729064,-0.0,0.0,0.0,207.63405421729064,207.63405421729064,0.0,0.0
3790,2019-06-07 22:00:00,6,2019-06-07 23:00:00,0.12561,0.12561,0.12561,0.0,0.05,206.7562078021697,-0.0,0.0,0.0,206.7562078021697,206.7562078021697,0.0,0.0
3791,2019-06-07 23:00:00,6,2019-06-08 00:00:00,0.10547,0.10547,0.10547,0.0,0.05,202.95148118562898,-55.115159930221715,0.0,0.0,258.0666411158507,258.0666411158507,0.0,1.0
3792,2019-06-08 00:00:00,6,2019-06-08 01:00:00,0.10547,0.10547,0.10547,0.0,0.13450991189300662,201.72059290651913,-81.86475320314327,0.0,0.0,283.5853461096624,283.5853461096624,0.0,1.0
3793,2019-06-08 01:00:00,6,2019-06-08 02:00:00,0.10547,0.10547,0.10547,0.0,0.2600358668044929,200.69138624382643,-82.89395986583597,0.0,0.0,283.5853461096624,283.5853461096624,0.0,1.0
3794,2019-06-08 02:00:00,6,2019-06-08 03:00:00,0.10547,0.10547,0.10547,0.0,0.3871399385987748,199.64391892368548,-83.94142718597692,0.0,0.0,283.5853461096624,283.5853461096624,0.0,1.0
3795,2019-06-08 03:00:00,6,2019-06-08 04:00:00,0.10547,0.10547,0.10547,0.0,0.5158501269506062,221.7087937880992,-61.876552321563196,0.0,0.0,283.5853461096624,283.5853461096624,0.0,1.0
3796,2019-06-08 04:00:00,6,2019-06-08 05:00:00,0.10547,0.10547,0.10547,0.0,0.610727507177003,221.8247821345647,-61.76056397509768,0.0,0.0,283.5853461096624,283.5853461096624,0.0,1.0
3797,2019-06-08 05:00:00,6,2019-06-08 06:00:00,0.10547,0.10547,0.10547,0.0,0.7054270386054862,275.0287626413606,-8.556583468301824,0.0,0.0,283.5853461096624,283.5853461096624,0.0,1.0
3798,2019-06-08 06:00:00,6,2019-06-08 07:00:00,0.10547,0.10547,0.10547,0.0,0.7185471332568822,310.1696287875673,-0.0,26.584282677904923,0.0,283.5853461096624,283.5853461096624,0.0,0.0
3799,2019-06-08 07:00:00,6,2019-06-08 08:00:00,0.10547,0.10547,0.10547,0.0,0.6703872008693734,319.73359851798443,-0.0,36.14825240832204,0.0,283.5853461096624,283.5853461096624,0.0,0.0
3800,2019-06-08 08:00:00,6,2019-06-08 09:00:00,0.10547,0.10547,0.10547,0.0,0.6049012363615436,321.05332470630185,-0.0,37.467978596639455,0.0,283.5853461096624,283.5853461096624,0.0,0.0
3801,2019-06-08 09:00:00,6,2019-06-08 10:00:00,0.10547,0.10547,0.10547,0.0,0.5370244635415446,317.5317239754827,-0.0,33.946377865820295,0.0,283.5853461096624,283.5853461096624,0.0,0.0
3802,2019-06-08 10:00:00,6,2019-06-08 11:00:00,0.10547,0.10547,0.10547,0.0,0.4755274021904209,316.32609301919433,-0.0,32.740746909531936,0.0,283.5853461096624,283.5853461096624,0.0,0.0
3803,2019-06-08 11:00:00,6,2019-06-08 12:00:00,0.10547,0.10547,0.10547,0.0,0.4162144548905442,304.55665061703786,-0.0,20.971304507375464,0.0,283.5853461096624,283.5853461096624,0.0,0.0
3804,2019-06-08 12:00:00,6,2019-06-08 13:00:00,0.10547,0.10547,0.10547,0.0,0.37822296121776255,312.87220356981624,-0.0,29.28685746015384,0.0,283.5853461096624,283.5853461096624,0.0,0.0
3805,2019-06-08 13:00:00,6,2019-06-08 14:00:00,0.10547,0.10547,0.10547,0.0,0.3251670600218317,312.4003934329474,-0.0,28.815047323285,0.0,283.5853461096624,283.5853461096624,0.0,0.0
3806,2019-06-08 14:00:00,6,2019-06-08 15:00:00,0.12561,0.12561,0.12561,0.0,0.2729658873347212,312.1504806886751,-0.0,28.565134579012692,0.0,283.5853461096624,283.5853461096624,0.0,0.0
3807,2019-06-08 15:00:00,6,2019-06-08 16:00:00,0.12561,0.12561,0.12561,0.0,0.2212174551263649,314.85505255566414,-0.0,31.26970644600175,0.0,283.5853461096624,283.5853461096624,0.0,0.0
3808,2019-06-08 16:00:00,6,2019-06-08 17:00:00,0.15111,0.15111,0.15111,0.0,0.16456943620244868,324.66824662131074,-0.0,41.08290051164835,0.0,283.5853461096624,283.5853461096624,0.0,0.0
3809,2019-06-08 17:00:00,6,2019-06-08 18:00:00,0.15111,0.15111,0.15111,0.0,0.09014389179728864,256.22017121117585,-0.0,0.0,0.0,256.22017121117585,256.22017121117585,0.0,0.0
3810,2019-06-08 18:00:00,6,2019-06-08 19:00:00,0.15111,0.15111,0.15111,0.0,0.09014389179728864,254.2709434082241,-0.0,0.0,0.0,254.2709434082241,254.2709434082241,0.0,0.0
3811,2019-06-08 19:00:00,6,2019-06-08 20:00:00,0.15111,0.15111,0.15111,0.0,0.09014389179728864,228.15599914862028,-0.0,22.15942827210333,0.0,205.99657087651696,205.99657087651696,0.0,0.0
3812,2019-06-08 20:00:00,6,2019-06-08 21:00:00,0.15111,0.15111,0.15111,0.0,0.05,225.3643340540879,-0.0,0.0,0.0,225.3643340540879,225.3643340540879,0.0,0.0
3813,2019-06-08 21:00:00,6,2019-06-08 22:00:00,0.12561,0.12561,0.12561,0.0,0.05,208.08875846361263,-0.0,0.0,0.0,208.08875846361263,208.08875846361263,0.0,0.0
3814,2019-06-08 22:00:00,6,2019-06-08 23:00:00,0.12561,0.12561,0.12561,0.0,0.05,209.41243843139836,-0.0,0.0,0.0,209.41243843139836,209.41243843139836,0.0,0.0
3815,2019-06-08 23:00:00,6,2019-06-09 00:00:00,0.10547,0.10547,0.10547,0.0,0.05,205.35460584311699,-0.0,0.0,0.0,205.35460584311699,205.35460584311699,0.0,0.0
3816,2019-06-09 00:00:00,6,2019-06-09 01:00:00,0.10547,0.10547,0.10547,0.0,0.05,203.35989724341198,-80.86627634211484,0.0,0.0,284.2261735855268,284.2261735855268,0.0,1.0
3817,2019-06-09 01:00:00,6,2019-06-09 02:00:00,0.10547,0.10547,0.10547,0.0,0.17399495705790943,202.14161271867715,-82.08456086684967,0.0,0.0,284.2261735855268,284.2261735855268,0.0,1.0
3818,2019-06-09 02:00:00,6,2019-06-09 03:00:00,0.10547,0.10547,0.10547,0.0,0.2998579503870789,201.280922288687,-82.94525129683981,0.0,0.0,284.2261735855268,284.2261735855268,0.0,1.0
3819,2019-06-09 03:00:00,6,2019-06-09 04:00:00,0.10547,0.10547,0.10547,0.0,0.4270406690422333,222.8149789944813,-61.41119459104553,0.0,0.0,284.2261735855268,284.2261735855268,0.0,1.0
3820,2019-06-09 04:00:00,6,2019-06-09 05:00:00,0.10547,0.10547,0.10547,0.0,0.5212045007485032,220.92304893987728,-63.30312464564955,0.0,0.0,284.2261735855268,284.2261735855268,0.0,1.0
3821,2019-06-09 05:00:00,6,2019-06-09 06:00:00,0.10547,0.10547,0.10547,0.0,0.6182692918718325,276.5068975393843,-7.719276046142537,0.0,0.0,284.2261735855268,284.2261735855268,0.0,1.0
3822,2019-06-09 06:00:00,6,2019-06-09 07:00:00,0.10547,0.10547,0.10547,0.0,0.6301055151425844,310.6095690687838,-0.0,26.383395483257004,0.0,284.2261735855268,284.2261735855268,0.0,0.0
3823,2019-06-09 07:00:00,6,2019-06-09 08:00:00,0.10547,0.10547,0.10547,0.0,0.5823095088323362,319.31199129154476,-0.0,35.08581770601796,0.0,284.2261735855268,284.2261735855268,0.0,0.0
3824,2019-06-09 08:00:00,6,2019-06-09 09:00:00,0.10547,0.10547,0.10547,0.0,0.5187482448721589,322.1103111086229,-0.0,37.884137523096115,0.0,284.2261735855268,284.2261735855268,0.0,0.0
3825,2019-06-09 09:00:00,6,2019-06-09 10:00:00,0.10547,0.10547,0.10547,0.0,0.45011756095350647,319.2055968808308,-0.0,34.979423295304,0.0,284.2261735855268,284.2261735855268,0.0,0.0
3826,2019-06-09 10:00:00,6,2019-06-09 11:00:00,0.10547,0.10547,0.10547,0.0,0.38674904049099934,317.3826397359601,-0.0,33.15646615043329,0.0,284.2261735855268,284.2261735855268,0.0,0.0
3827,2019-06-09 11:00:00,6,2019-06-09 12:00:00,0.10547,0.10547,0.10547,0.0,0.32668297862427237,304.2814446071593,-0.0,20.055271021632507,0.0,284.2261735855268,284.2261735855268,0.0,0.0
3828,2019-06-09 12:00:00,6,2019-06-09 13:00:00,0.10547,0.10547,0.10547,0.0,0.29035096590392373,310.8607113897931,-0.0,26.634537804266284,0.0,284.2261735855268,284.2261735855268,0.0,0.0
3829,2019-06-09 13:00:00,6,2019-06-09 14:00:00,0.10547,0.10547,0.10547,0.0,0.2420999916208326,309.49723081814386,-0.0,25.271057232617068,0.0,284.2261735855268,284.2261735855268,0.0,0.0
3830,2019-06-09 14:00:00,6,2019-06-09 15:00:00,0.12561,0.12561,0.12561,0.0,0.19631909083710605,309.7754630463143,-0.0,25.54928946078752,0.0,284.2261735855268,284.2261735855268,0.0,0.0
3831,2019-06-09 15:00:00,6,2019-06-09 16:00:00,0.12561,0.12561,0.12561,0.0,0.15003414616176636,311.9955159847531,-0.0,27.769342399226346,0.0,284.2261735855268,284.2261735855268,0.0,0.0
3832,2019-06-09 16:00:00,6,2019-06-09 17:00:00,0.15111,0.15111,0.15111,0.0,0.09972736645302308,311.67567986759553,-0.0,27.44950628206874,0.0,284.2261735855268,284.2261735855268,0.0,0.0
3833,2019-06-09 17:00:00,6,2019-06-09 18:00:00,0.15111,0.15111,0.15111,0.0,0.05,247.93352912346472,-0.0,0.0,0.0,247.93352912346472,247.93352912346472,0.0,0.0
3834,2019-06-09 18:00:00,6,2019-06-09 19:00:00,0.15111,0.15111,0.15111,0.0,0.05,255.47337034762316,-0.0,0.0,0.0,255.47337034762316,255.47337034762316,0.0,0.0
3835,2019-06-09 19:00:00,6,2019-06-09 20:00:00,0.15111,0.15111,0.15111,0.0,0.05,230.08313677837066,-0.0,0.0,0.0,230.08313677837066,230.08313677837066,0.0,0.0
3836,2019-06-09 20:00:00,6,2019-06-09 21:00:00,0.15111,0.15111,0.15111,0.0,0.05,224.2239074798456,-0.0,0.0,0.0,224.2239074798456,224.2239074798456,0.0,0.0
3837,2019-06-09 21:00:00,6,2019-06-09 22:00:00,0.12561,0.12561,0.12561,0.0,0.05,209.2189407163121,-0.0,0.0,0.0,209.2189407163121,209.2189407163121,0.0,0.0
3838,2019-06-09 22:00:00,6,2019-06-09 23:00:00,0.12561,0.12561,0.12561,0.0,0.05,209.75735250658596,-0.0,0.0,0.0,209.75735250658596,209.75735250658596,0.0,0.0
3839,2019-06-09 23:00:00,6,2019-06-10 00:00:00,0.10547,0.10547,0.10547,0.0,0.05,206.06089980280467,-0.0,0.0,0.0,206.06089980280467,206.06089980280467,0.0,0.0
3840,2019-06-10 00:00:00,6,2019-06-10 01:00:00,0.10547,0.10547,0.10547,0.0,0.05,205.30787663432662,-78.87279602975214,0.0,0.0,284.18067266407877,284.18067266407877,0.0,1.0
3841,2019-06-10 01:00:00,6,2019-06-10 02:00:00,0.10547,0.10547,0.10547,0.0,0.17093828724561994,204.7515904659716,-79.42908219810717,0.0,0.0,284.18067266407877,284.18067266407877,0.0,1.0
3842,2019-06-10 02:00:00,6,2019-06-10 03:00:00,0.10547,0.10547,0.10547,0.0,0.29272954661605094,204.83167098388932,-79.34900168018943,0.0,0.0,284.18067266407877,284.18067266407877,0.0,1.0
3843,2019-06-10 03:00:00,6,2019-06-10 04:00:00,0.10547,0.10547,0.10547,0.0,0.4143980158590081,207.45477795964118,-76.72589470443758,0.0,0.0,284.18067266407877,284.18067266407877,0.0,1.0
3844,2019-06-10 04:00:00,6,2019-06-10 05:00:00,0.10547,0.10547,0.10547,0.0,0.5320443877391458,206.03705311891306,-78.14361954516569,0.0,0.0,284.18067266407877,284.18067266407877,0.0,1.0
3845,2019-06-10 05:00:00,6,2019-06-10 06:00:00,0.10547,0.10547,0.10547,0.0,0.6518646043750664,221.79603368390133,-62.384638980177435,0.0,0.0,284.18067266407877,284.18067266407877,0.0,1.0
3846,2019-06-10 06:00:00,6,2019-06-10 07:00:00,0.10547,0.10547,0.10547,0.0,0.7475210508113386,252.36264181054204,-31.81803085353672,0.0,0.0,284.18067266407877,284.18067266407877,0.0,1.0
3847,2019-06-10 07:00:00,6,2019-06-10 08:00:00,0.10547,0.10547,0.10547,0.0,0.7963086981200949,252.27913847155693,-31.90153419252183,0.0,0.0,284.18067266407877,284.18067266407877,0.0,1.0
3848,2019-06-10 08:00:00,6,2019-06-10 09:00:00,0.10547,0.10547,0.10547,0.0,0.8452243838819616,275.0908328742075,-9.089839789871283,0.0,0.0,284.18067266407877,284.18067266407877,0.0,1.0
3849,2019-06-10 09:00:00,6,2019-06-10 10:00:00,0.10547,0.10547,0.10547,0.0,0.8591621382264311,273.4128731096444,-0.0,0.0,0.0,273.4128731096444,273.4128731096444,0.0,0.0
3850,2019-06-10 10:00:00,6,2019-06-10 11:00:00,0.10547,0.10547,0.10547,0.0,0.8591621382264311,271.454812052389,-12.72586061168976,0.0,0.0,284.18067266407877,284.18067266407877,0.0,1.0
3851,2019-06-10 11:00:00,6,2019-06-10 12:00:00,0.10547,0.10547,0.10547,0.0,0.8786751244976887,261.6285795226391,-22.552093141439673,0.0,0.0,284.18067266407877,284.18067266407877,0.0,1.0
3852,2019-06-10 12:00:00,6,2019-06-10 13:00:00,0.10547,0.10547,0.10547,0.0,0.9132550006478961,257.1421836668196,-27.038488997259147,0.0,0.0,284.18067266407877,284.18067266407877,0.0,1.0
3853,2019-06-10 13:00:00,6,2019-06-10 14:00:00,0.10547,0.10547,0.10547,0.0,0.9547140171103602,254.64633599692235,-29.534336667156417,0.0,0.0,284.18067266407877,284.18067266407877,0.0,1.0
3854,2019-06-10 14:00:00,6,2019-06-10 15:00:00,0.12561,0.12561,0.12561,0.0,1.0,235.23991456040926,-0.0,0.0,0.0,235.23991456040926,235.23991456040926,0.0,0.0
3855,2019-06-10 15:00:00,6,2019-06-10 16:00:00,0.12561,0.12561,0.12561,0.0,1.0,237.34718580322263,-0.0,0.0,0.0,237.34718580322263,237.34718580322263,0.0,0.0
3856,2019-06-10 16:00:00,6,2019-06-10 17:00:00,0.15111,0.15111,0.15111,0.0,1.0,226.70597377801886,-0.0,226.70597377801886,0.0,0.0,0.0,0.0,0.0
3857,2019-06-10 17:00:00,6,2019-06-10 18:00:00,0.15111,0.15111,0.15111,0.0,0.5893007721412702,217.62605038870686,-0.0,217.62605038870686,0.0,0.0,0.0,0.0,0.0
3858,2019-06-10 18:00:00,6,2019-06-10 19:00:00,0.15111,0.15111,0.15111,0.0,0.19505068085738098,221.37739509480707,-0.0,0.0,0.0,221.37739509480707,221.37739509480707,0.0,0.0
3859,2019-06-10 19:00:00,6,2019-06-10 20:00:00,0.15111,0.15111,0.15111,0.0,0.19505068085738098,203.1800922784985,-0.0,0.0,0.0,203.1800922784985,203.1800922784985,0.0,0.0
3860,2019-06-10 20:00:00,6,2019-06-10 21:00:00,0.15111,0.15111,0.15111,0.0,0.19505068085738098,207.2722810343302,-0.0,80.0679758332743,0.0,127.2043052010559,127.2043052010559,0.0,0.0
3861,2019-06-10 21:00:00,6,2019-06-10 22:00:00,0.12561,0.12561,0.12561,0.0,0.05,206.7404592539553,-0.0,0.0,0.0,206.7404592539553,206.7404592539553,0.0,0.0
3862,2019-06-10 22:00:00,6,2019-06-10 23:00:00,0.12561,0.12561,0.12561,0.0,0.05,209.15554417294007,-0.0,0.0,0.0,209.15554417294007,209.15554417294007,0.0,0.0
3863,2019-06-10 23:00:00,6,2019-06-11 00:00:00,0.10547,0.10547,0.10547,0.0,0.05,205.58566567581545,-0.0,0.0,0.0,205.58566567581545,205.58566567581545,0.0,0.0
3864,2019-06-11 00:00:00,6,2019-06-11 01:00:00,0.10547,0.10547,0.10547,0.0,0.05,202.37713499353814,-0.0,0.0,0.0,202.37713499353814,202.37713499353814,0.0,0.0
3865,2019-06-11 01:00:00,6,2019-06-11 02:00:00,0.10547,0.10547,0.10547,0.0,0.05,201.43344475383032,-0.0,0.0,0.0,201.43344475383032,201.43344475383032,0.0,0.0
3866,2019-06-11 02:00:00,6,2019-06-11 03:00:00,0.10547,0.10547,0.10547,0.0,0.05,200.03695706827486,-0.0,0.0,0.0,200.03695706827486,200.03695706827486,0.0,0.0
3867,2019-06-11 03:00:00,6,2019-06-11 04:00:00,0.10547,0.10547,0.10547,0.0,0.05,201.37831304388274,-82.78969211892965,0.0,0.0,284.1680051628124,284.1680051628124,0.0,1.0
3868,2019-06-11 04:00:00,6,2019-06-11 05:00:00,0.10547,0.10547,0.10547,0.0,0.1769441945823588,198.66368617330465,-0.0,0.0,0.0,198.66368617330465,198.66368617330465,0.0,0.0
3869,2019-06-11 05:00:00,6,2019-06-11 06:00:00,0.10547,0.10547,0.10547,0.0,0.1769441945823588,213.04350643319253,-71.12449872961986,0.0,0.0,284.1680051628124,284.1680051628124,0.0,1.0
3870,2019-06-11 06:00:00,6,2019-06-11 07:00:00,0.10547,0.10547,0.10547,0.0,0.2860017593011092,217.55248729886463,-66.61551786394776,0.0,0.0,284.1680051628124,284.1680051628124,0.0,1.0
3871,2019-06-11 07:00:00,6,2019-06-11 08:00:00,0.10547,0.10547,0.10547,0.0,0.38814555335916245,236.05890920621124,-48.109095956601145,0.0,0.0,284.1680051628124,284.1680051628124,0.0,1.0
3872,2019-06-11 08:00:00,6,2019-06-11 09:00:00,0.10547,0.10547,0.10547,0.0,0.4619128338259509,230.29875802877945,-53.86924713403294,0.0,0.0,284.1680051628124,284.1680051628124,0.0,1.0
3873,2019-06-11 09:00:00,6,2019-06-11 10:00:00,0.10547,0.10547,0.10547,0.0,0.5445123460981348,229.69312864276054,-54.47487652005184,0.0,0.0,284.1680051628124,284.1680051628124,0.0,1.0
3874,2019-06-11 10:00:00,6,2019-06-11 11:00:00,0.10547,0.10547,0.10547,0.0,0.6280404900955475,226.99751732563647,-57.17048783717592,0.0,0.0,284.1680051628124,284.1680051628124,0.0,1.0
3875,2019-06-11 11:00:00,6,2019-06-11 12:00:00,0.10547,0.10547,0.10547,0.0,0.7157019047792174,224.84111548047014,-59.32688968234225,0.0,0.0,284.1680051628124,284.1680051628124,0.0,1.0
3876,2019-06-11 12:00:00,6,2019-06-11 13:00:00,0.10547,0.10547,0.10547,0.0,0.8066698022921421,221.44158968332263,-62.668247056775364,0.0,0.0,284.109836740098,284.109836740098,0.0,1.0
3877,2019-06-11 13:00:00,6,2019-06-11 14:00:00,0.10547,0.10547,0.10547,0.0,0.9027611144458644,220.8095090936992,-63.41666449182759,0.0,0.0,284.2261735855268,284.2261735855268,0.0,1.0
3878,2019-06-11 14:00:00,6,2019-06-11 15:00:00,0.12561,0.12561,0.12561,0.0,1.0,220.96557181681845,-0.0,0.0,0.0,220.96557181681845,220.96557181681845,0.0,0.0
3879,2019-06-11 15:00:00,6,2019-06-11 16:00:00,0.12561,0.12561,0.12561,0.0,1.0,214.50280754525775,-0.0,0.0,0.0,214.50280754525775,214.50280754525775,0.0,0.0
3880,2019-06-11 16:00:00,6,2019-06-11 17:00:00,0.15111,0.15111,0.15111,0.0,1.0,202.23723852845703,-0.0,202.23723852845703,0.0,0.0,0.0,0.0,0.0
3881,2019-06-11 17:00:00,6,2019-06-11 18:00:00,0.15111,0.15111,0.15111,0.0,0.6336281910716358,195.94218251919358,-0.0,195.94218251919358,0.0,0.0,0.0,0.0,0.0
3882,2019-06-11 18:00:00,6,2019-06-11 19:00:00,0.15111,0.15111,0.15111,0.0,0.278660469116575,196.88235285265134,-0.0,126.22057895234941,0.0,70.66177390030192,70.66177390030192,0.0,0.0
3883,2019-06-11 19:00:00,6,2019-06-11 20:00:00,0.15111,0.15111,0.15111,0.0,0.05,198.25315202789704,-0.0,0.0,0.0,198.25315202789704,198.25315202789704,0.0,0.0
3884,2019-06-11 20:00:00,6,2019-06-11 21:00:00,0.15111,0.15111,0.15111,0.0,0.05,201.10495240176542,-0.0,0.0,0.0,201.10495240176542,201.10495240176542,0.0,0.0
3885,2019-06-11 21:00:00,6,2019-06-11 22:00:00,0.12561,0.12561,0.12561,0.0,0.05,200.76992269267848,-0.0,0.0,0.0,200.76992269267848,200.76992269267848,0.0,0.0
3886,2019-06-11 22:00:00,6,2019-06-11 23:00:00,0.12561,0.12561,0.12561,0.0,0.05,204.63149260841396,-0.0,0.0,0.0,204.63149260841396,204.63149260841396,0.0,0.0
3887,2019-06-11 23:00:00,6,2019-06-12 00:00:00,0.10547,0.10547,0.10547,0.0,0.05,203.13299861400293,-81.09317497152387,0.0,0.0,284.2261735855268,284.2261735855268,0.0,1.0
3888,2019-06-12 00:00:00,6,2019-06-12 01:00:00,0.10547,0.10547,0.10547,0.0,0.17434286828966994,205.1373113753422,-79.0888622101846,0.0,0.0,284.2261735855268,284.2261735855268,0.0,1.0
3889,2019-06-12 01:00:00,6,2019-06-12 02:00:00,0.10547,0.10547,0.10547,0.0,0.295612457011953,203.81570122443028,-80.41047236109651,0.0,0.0,284.2261735855268,284.2261735855268,0.0,1.0
3890,2019-06-12 02:00:00,6,2019-06-12 03:00:00,0.10547,0.10547,0.10547,0.0,0.41890851463230094,203.270402364667,-80.95577122085979,0.0,0.0,284.2261735855268,284.2261735855268,0.0,1.0
3891,2019-06-12 03:00:00,6,2019-06-12 04:00:00,0.10547,0.10547,0.10547,0.0,0.5430406971709526,225.13054040583066,-59.09563317969614,0.0,0.0,284.2261735855268,284.2261735855268,0.0,1.0
3892,2019-06-12 04:00:00,6,2019-06-12 05:00:00,0.10547,0.10547,0.10547,0.0,0.63365400137982,223.55023749311778,-60.67593609240902,0.0,0.0,284.2261735855268,284.2261735855268,0.0,1.0
3893,2019-06-12 05:00:00,6,2019-06-12 06:00:00,0.10547,0.10547,0.10547,0.0,0.7266904367215139,278.7252269102449,-5.500946675281909,0.0,0.0,284.2261735855268,284.2261735855268,0.0,1.0
3894,2019-06-12 06:00:00,6,2019-06-12 07:00:00,0.10547,0.10547,0.10547,0.0,0.7351252216236128,311.5830199536302,-0.0,27.35684636810339,0.0,284.2261735855268,284.2261735855268,0.0,0.0
3895,2019-06-12 07:00:00,6,2019-06-12 08:00:00,0.10547,0.10547,0.10547,0.0,0.6855657173335704,318.9602947897979,-0.0,34.734121204271105,0.0,284.2261735855268,284.2261735855268,0.0,0.0
3896,2019-06-12 08:00:00,6,2019-06-12 09:00:00,0.10547,0.10547,0.10547,0.0,0.6226415847171373,321.65090878320694,-0.0,37.42473519768015,0.0,284.2261735855268,284.2261735855268,0.0,0.0
3897,2019-06-12 09:00:00,6,2019-06-12 10:00:00,0.10547,0.10547,0.10547,0.0,0.5548431513880066,319.7509286052834,-0.0,35.52475501975658,0.0,284.2261735855268,284.2261735855268,0.0,0.0
3898,2019-06-12 10:00:00,6,2019-06-12 11:00:00,0.10547,0.10547,0.10547,0.0,0.4904867111348244,316.253899896501,-0.0,32.02772631097423,0.0,284.2261735855268,284.2261735855268,0.0,0.0
3899,2019-06-12 11:00:00,6,2019-06-12 12:00:00,0.10547,0.10547,0.10547,0.0,0.4324654678178422,303.58704039403864,-0.0,19.360866808511844,0.0,284.2261735855268,284.2261735855268,0.0,0.0
3900,2019-06-12 12:00:00,6,2019-06-12 13:00:00,0.10547,0.10547,0.10547,0.0,0.39739143374445113,309.73337127441687,-0.0,25.507197688890074,0.0,284.2261735855268,284.2261735855268,0.0,0.0
3901,2019-06-12 13:00:00,6,2019-06-12 14:00:00,0.10547,0.10547,0.10547,0.0,0.35118274227907054,307.7388033360847,-0.0,23.512629750557892,0.0,284.2261735855268,284.2261735855268,0.0,0.0
3902,2019-06-12 14:00:00,6,2019-06-12 15:00:00,0.12561,0.12561,0.12561,0.0,0.3085873985280599,309.60342251342183,-0.0,25.37724892789504,0.0,284.2261735855268,284.2261735855268,0.0,0.0
3903,2019-06-12 15:00:00,6,2019-06-12 16:00:00,0.12561,0.12561,0.12561,0.0,0.26261412148477176,314.3780749861917,-0.0,30.151901400664883,0.0,284.2261735855268,284.2261735855268,0.0,0.0
3904,2019-06-12 16:00:00,6,2019-06-12 17:00:00,0.15111,0.15111,0.15111,0.0,0.20799111170095858,315.7908819952847,-0.0,31.564708409757884,0.0,284.2261735855268,284.2261735855268,0.0,0.0
3905,2019-06-12 17:00:00,6,2019-06-12 18:00:00,0.15111,0.15111,0.15111,0.0,0.15080866892965805,240.1303336828712,-0.0,55.64638524917126,0.0,184.48394843369994,184.48394843369994,0.0,0.0
3906,2019-06-12 18:00:00,6,2019-06-12 19:00:00,0.15111,0.15111,0.15111,0.0,0.05,239.41814523844377,-0.0,0.0,0.0,239.41814523844377,239.41814523844377,0.0,0.0
3907,2019-06-12 19:00:00,6,2019-06-12 20:00:00,0.15111,0.15111,0.15111,0.0,0.05,217.30561770442023,-0.0,0.0,0.0,217.30561770442023,217.30561770442023,0.0,0.0
3908,2019-06-12 20:00:00,6,2019-06-12 21:00:00,0.15111,0.15111,0.15111,0.0,0.05,218.27236436910542,-0.0,0.0,0.0,218.27236436910542,218.27236436910542,0.0,0.0
3909,2019-06-12 21:00:00,6,2019-06-12 22:00:00,0.12561,0.12561,0.12561,0.0,0.05,206.07900591050114,-0.0,0.0,0.0,206.07900591050114,206.07900591050114,0.0,0.0
3910,2019-06-12 22:00:00,6,2019-06-12 23:00:00,0.12561,0.12561,0.12561,0.0,0.05,206.4356223711021,-0.0,0.0,0.0,206.4356223711021,206.4356223711021,0.0,0.0
3911,2019-06-12 23:00:00,6,2019-06-13 00:00:00,0.10547,0.10547,0.10547,0.0,0.05,204.5380442686677,-0.0,0.0,0.0,204.5380442686677,204.5380442686677,0.0,0.0
3912,2019-06-13 00:00:00,6,2019-06-13 01:00:00,0.10547,0.10547,0.10547,0.0,0.05,205.89238009763025,-79.26022107019395,0.0,0.0,285.1526011678242,285.1526011678242,0.0,1.0
3913,2019-06-13 01:00:00,6,2019-06-13 02:00:00,0.10547,0.10547,0.10547,0.0,0.17153233897429737,204.75624255938476,-80.39635860843944,0.0,0.0,285.1526011678242,285.1526011678242,0.0,1.0
3914,2019-06-13 02:00:00,6,2019-06-13 03:00:00,0.10547,0.10547,0.10547,0.0,0.29480675550723795,204.2791758387558,-80.8734253290684,0.0,0.0,285.1526011678242,285.1526011678242,0.0,1.0
3915,2019-06-13 03:00:00,6,2019-06-13 04:00:00,0.10547,0.10547,0.10547,0.0,0.41881267434514285,226.34551812650136,-58.80708304132285,0.0,0.0,285.15260116782423,285.15260116782423,0.0,1.0
3916,2019-06-13 04:00:00,6,2019-06-13 05:00:00,0.10547,0.10547,0.10547,0.0,0.5089835350085046,224.02723334038453,-61.12536782743968,0.0,0.0,285.15260116782423,285.15260116782423,0.0,1.0
3917,2019-06-13 05:00:00,6,2019-06-13 06:00:00,0.10547,0.10547,0.10547,0.0,0.6027090990105788,279.6728555449762,-5.47974562284802,0.0,0.0,285.15260116782423,285.15260116782423,0.0,1.0
3918,2019-06-13 06:00:00,6,2019-06-13 07:00:00,0.10547,0.10547,0.10547,0.0,0.6111113756322789,311.3517139245692,-0.0,26.199112756744967,0.0,285.15260116782423,285.15260116782423,0.0,0.0
3919,2019-06-13 07:00:00,6,2019-06-13 08:00:00,0.10547,0.10547,0.10547,0.0,0.5636492148410743,316.32222061621565,-0.0,31.169619448391416,0.0,285.15260116782423,285.15260116782423,0.0,0.0
3920,2019-06-13 08:00:00,6,2019-06-13 09:00:00,0.10547,0.10547,0.10547,0.0,0.5071825129418144,316.6792201240074,-0.0,31.526618956183142,0.0,285.15260116782423,285.15260116782423,0.0,0.0
3921,2019-06-13 09:00:00,6,2019-06-13 10:00:00,0.10547,0.10547,0.10547,0.0,0.4500690728038015,314.5735250485671,-0.0,29.420923880742862,0.0,285.15260116782423,285.15260116782423,0.0,0.0
3922,2019-06-13 10:00:00,6,2019-06-13 11:00:00,0.10547,0.10547,0.10547,0.0,0.3967702976575281,313.02381678676716,-0.0,27.871215618942927,0.0,285.15260116782423,285.15260116782423,0.0,0.0
3923,2019-06-13 11:00:00,6,2019-06-13 12:00:00,0.10547,0.10547,0.10547,0.0,0.3462789650145155,299.8927973156559,-0.0,14.740196147831682,0.0,285.15260116782423,285.15260116782423,0.0,0.0
3924,2019-06-13 12:00:00,6,2019-06-13 13:00:00,0.10547,0.10547,0.10547,0.0,0.31957571112351596,308.9336995688382,-0.0,23.781098401014017,0.0,285.1526011678242,285.1526011678242,0.0,0.0
3925,2019-06-13 13:00:00,6,2019-06-13 14:00:00,0.10547,0.10547,0.10547,0.0,0.276494011121679,312.2350684266745,-0.0,27.082467258850286,0.0,285.15260116782423,285.15260116782423,0.0,0.0
3926,2019-06-13 14:00:00,6,2019-06-13 15:00:00,0.12561,0.12561,0.12561,0.0,0.227431570435356,315.9701407299593,-0.0,30.81753956213511,0.0,285.15260116782423,285.15260116782423,0.0,0.0
3927,2019-06-13 15:00:00,6,2019-06-13 16:00:00,0.12561,0.12561,0.12561,0.0,0.17160269441699527,318.34273646968325,-0.0,33.19013530185903,0.0,285.15260116782423,285.15260116782423,0.0,0.0
3928,2019-06-13 16:00:00,6,2019-06-13 17:00:00,0.15111,0.15111,0.15111,0.0,0.11147563771072894,319.0871531841466,-0.0,33.93455201632238,0.0,285.15260116782423,285.15260116782423,0.0,0.0
3929,2019-06-13 17:00:00,6,2019-06-13 18:00:00,0.15111,0.15111,0.15111,0.0,0.05,242.88013438391198,-0.0,0.0,0.0,242.88013438391198,242.88013438391198,0.0,0.0
3930,2019-06-13 18:00:00,6,2019-06-13 19:00:00,0.15111,0.15111,0.15111,0.0,0.05,238.6474751575107,-0.0,0.0,0.0,238.6474751575107,238.6474751575107,0.0,0.0
3931,2019-06-13 19:00:00,6,2019-06-13 20:00:00,0.15111,0.15111,0.15111,0.0,0.05,208.7805036777968,-0.0,0.0,0.0,208.7805036777968,208.7805036777968,0.0,0.0
3932,2019-06-13 20:00:00,6,2019-06-13 21:00:00,0.15111,0.15111,0.15111,0.0,0.05,208.90808332099334,-0.0,0.0,0.0,208.90808332099334,208.90808332099334,0.0,0.0
3933,2019-06-13 21:00:00,6,2019-06-13 22:00:00,0.12561,0.12561,0.12561,0.0,0.05,196.48474848134725,-0.0,0.0,0.0,196.48474848134725,196.48474848134725,0.0,0.0
3934,2019-06-13 22:00:00,6,2019-06-13 23:00:00,0.12561,0.12561,0.12561,0.0,0.05,199.30441380250895,-0.0,0.0,0.0,199.30441380250895,199.30441380250895,0.0,0.0
3935,2019-06-13 23:00:00,6,2019-06-14 00:00:00,0.10547,0.10547,0.10547,0.0,0.05,196.81705881246538,-0.0,0.0,0.0,196.81705881246538,196.81705881246538,0.0,0.0
3936,2019-06-14 00:00:00,6,2019-06-14 01:00:00,0.10547,0.10547,0.10547,0.0,0.05,198.43929183070495,-86.71330933711928,0.0,0.0,285.15260116782423,285.15260116782423,0.0,1.0
3937,2019-06-14 01:00:00,6,2019-06-14 02:00:00,0.10547,0.10547,0.10547,0.0,0.18296040765024957,198.77633474997197,-86.37626641785226,0.0,0.0,285.15260116782423,285.15260116782423,0.0,1.0
3938,2019-06-14 02:00:00,6,2019-06-14 03:00:00,0.10547,0.10547,0.10547,0.0,0.31540401615762303,197.4279577315604,-87.72464343626382,0.0,0.0,285.15260116782423,285.15260116782423,0.0,1.0
3939,2019-06-14 03:00:00,6,2019-06-14 04:00:00,0.10547,0.10547,0.10547,0.0,0.4499151360932276,224.15674672581142,-60.99585444201281,0.0,0.0,285.15260116782423,285.15260116782423,0.0,1.0
3940,2019-06-14 04:00:00,6,2019-06-14 05:00:00,0.10547,0.10547,0.10547,0.0,0.5434421129043139,219.6991149310686,-65.45348623675562,0.0,0.0,285.15260116782423,285.15260116782423,0.0,1.0
3941,2019-06-14 05:00:00,6,2019-06-14 06:00:00,0.10547,0.10547,0.10547,0.0,0.6438041251340059,273.98108119149373,-11.1715199763305,0.0,0.0,285.15260116782423,285.15260116782423,0.0,1.0
3942,2019-06-14 06:00:00,6,2019-06-14 07:00:00,0.10547,0.10547,0.10547,0.0,0.6609337890977126,301.4157436887994,-0.0,16.26314252097518,0.0,285.15260116782423,285.15260116782423,0.0,0.0
3943,2019-06-14 07:00:00,6,2019-06-14 08:00:00,0.10547,0.10547,0.10547,0.0,0.631471574385801,307.1771537416816,-0.0,22.024552573857363,0.0,285.15260116782423,285.15260116782423,0.0,0.0
3944,2019-06-14 08:00:00,6,2019-06-14 09:00:00,0.10547,0.10547,0.10547,0.0,0.5915720226215668,312.18092553140036,-0.0,27.028324363576132,0.0,285.15260116782423,285.15260116782423,0.0,0.0
3945,2019-06-14 09:00:00,6,2019-06-14 10:00:00,0.10547,0.10547,0.10547,0.0,0.5426076668904506,309.8653561681786,-0.0,24.712755000354377,0.0,285.15260116782423,285.15260116782423,0.0,0.0
3946,2019-06-14 10:00:00,6,2019-06-14 11:00:00,0.10547,0.10547,0.10547,0.0,0.49783818319415646,311.66747143952927,-0.0,26.514870271705036,0.0,285.15260116782423,285.15260116782423,0.0,0.0
3947,2019-06-14 11:00:00,6,2019-06-14 12:00:00,0.10547,0.10547,0.10547,0.0,0.44980399791932846,304.73756756443134,-0.0,19.584966396607115,0.0,285.15260116782423,285.15260116782423,0.0,0.0
3948,2019-06-14 12:00:00,6,2019-06-14 13:00:00,0.10547,0.10547,0.10547,0.0,0.4143239863312721,315.79411913073193,-0.0,30.6415179629077,0.0,285.15260116782423,285.15260116782423,0.0,0.0
3949,2019-06-14 13:00:00,6,2019-06-14 14:00:00,0.10547,0.10547,0.10547,0.0,0.35881399002165676,317.49398426513295,-0.0,32.34138309730872,0.0,285.15260116782423,285.15260116782423,0.0,0.0
3950,2019-06-14 14:00:00,6,2019-06-14 15:00:00,0.12561,0.12561,0.12561,0.0,0.30022452788885107,319.69135440725535,-0.0,34.53875323943112,0.0,285.15260116782423,285.15260116782423,0.0,0.0
3951,2019-06-14 15:00:00,6,2019-06-14 16:00:00,0.12561,0.12561,0.12561,0.0,0.23765432274495416,322.805885387629,-0.0,37.65328421980479,0.0,285.15260116782423,285.15260116782423,0.0,0.0
3952,2019-06-14 16:00:00,6,2019-06-14 17:00:00,0.15111,0.15111,0.15111,0.0,0.1694418513322643,323.66164075709474,-0.0,65.93190193540991,0.0,257.7297388216848,257.7297388216848,0.0,0.0
3953,2019-06-14 17:00:00,6,2019-06-14 18:00:00,0.15111,0.15111,0.15111,0.0,0.05,245.40422905265578,-0.0,0.0,0.0,245.40422905265578,245.40422905265578,0.0,0.0
3954,2019-06-14 18:00:00,6,2019-06-14 19:00:00,0.15111,0.15111,0.15111,0.0,0.05,242.7561170799922,-0.0,0.0,0.0,242.7561170799922,242.7561170799922,0.0,0.0
3955,2019-06-14 19:00:00,6,2019-06-14 20:00:00,0.15111,0.15111,0.15111,0.0,0.05,208.10692039754508,-0.0,0.0,0.0,208.10692039754508,208.10692039754508,0.0,0.0
3956,2019-06-14 20:00:00,6,2019-06-14 21:00:00,0.15111,0.15111,0.15111,0.0,0.05,199.5797150536287,-0.0,0.0,0.0,199.5797150536287,199.5797150536287,0.0,0.0
3957,2019-06-14 21:00:00,6,2019-06-14 22:00:00,0.12561,0.12561,0.12561,0.0,0.05,195.06433429758306,-0.0,0.0,0.0,195.06433429758306,195.06433429758306,0.0,0.0
3958,2019-06-14 22:00:00,6,2019-06-14 23:00:00,0.12561,0.12561,0.12561,0.0,0.05,200.00600875585337,-0.0,0.0,0.0,200.00600875585337,200.00600875585337,0.0,0.0
3959,2019-06-14 23:00:00,6,2019-06-15 00:00:00,0.10547,0.10547,0.10547,0.0,0.05,197.32091488230375,-0.0,0.0,0.0,197.32091488230375,197.32091488230375,0.0,0.0
3960,2019-06-15 00:00:00,6,2019-06-15 01:00:00,0.10547,0.10547,0.10547,0.0,0.05,200.53097903651258,-85.46540069571797,0.0,0.0,285.99637973223054,285.99637973223054,0.0,1.0
3961,2019-06-15 01:00:00,6,2019-06-15 02:00:00,0.10547,0.10547,0.10547,0.0,0.18104694773343422,204.3240033546089,-81.67237637762166,0.0,0.0,285.99637973223054,285.99637973223054,0.0,1.0
3962,2019-06-15 02:00:00,6,2019-06-15 03:00:00,0.10547,0.10547,0.10547,0.0,0.3062779248457874,202.22946988975582,-83.76690984247473,0.0,0.0,285.99637973223054,285.99637973223054,0.0,1.0
3963,2019-06-15 03:00:00,6,2019-06-15 04:00:00,0.10547,0.10547,0.10547,0.0,0.43472051993758215,228.36862218044703,-57.62775755178352,0.0,0.0,285.99637973223054,285.99637973223054,0.0,1.0
3964,2019-06-15 04:00:00,6,2019-06-15 05:00:00,0.10547,0.10547,0.10547,0.0,0.5230830815169836,228.06786414109223,-57.92851559113832,0.0,0.0,285.99637973223054,285.99637973223054,0.0,1.0
3965,2019-06-15 05:00:00,6,2019-06-15 06:00:00,0.10547,0.10547,0.10547,0.0,0.6119068054233956,276.9889517368893,-9.007427995341246,0.0,0.0,285.99637973223054,285.99637973223054,0.0,1.0
3966,2019-06-15 06:00:00,6,2019-06-15 07:00:00,0.10547,0.10547,0.10547,0.0,0.6257181950162523,299.7408849408015,-0.0,13.744505208570956,0.0,285.99637973223054,285.99637973223054,0.0,0.0
3967,2019-06-15 07:00:00,6,2019-06-15 08:00:00,0.10547,0.10547,0.10547,0.0,0.6008187290586963,305.39053672132314,-0.0,19.394156989092608,0.0,285.99637973223054,285.99637973223054,0.0,0.0
3968,2019-06-15 08:00:00,6,2019-06-15 09:00:00,0.10547,0.10547,0.10547,0.0,0.5656843866871518,309.11326134485387,-0.0,23.11688161262333,0.0,285.99637973223054,285.99637973223054,0.0,0.0
3969,2019-06-15 09:00:00,6,2019-06-15 10:00:00,0.10547,0.10547,0.10547,0.0,0.5238059779686312,310.4883591958187,-0.0,24.491979463588166,0.0,285.99637973223054,285.99637973223054,0.0,0.0
3970,2019-06-15 10:00:00,6,2019-06-15 11:00:00,0.10547,0.10547,0.10547,0.0,0.47943644995488455,312.4596362267163,-0.0,26.46325649448579,0.0,285.99637973223054,285.99637973223054,0.0,0.0
3971,2019-06-15 11:00:00,6,2019-06-15 12:00:00,0.10547,0.10547,0.10547,0.0,0.43149576789965666,304.4041895514289,-0.0,18.40780981919835,0.0,285.99637973223054,285.99637973223054,0.0,0.0
3972,2019-06-15 12:00:00,6,2019-06-15 13:00:00,0.10547,0.10547,0.10547,0.0,0.3981482863431379,317.2900148282301,-0.0,31.293635095999548,0.0,285.99637973223054,285.99637973223054,0.0,0.0
3973,2019-06-15 13:00:00,6,2019-06-15 14:00:00,0.10547,0.10547,0.10547,0.0,0.3414569184156025,322.14051214939514,-0.0,36.1441324171646,0.0,285.99637973223054,285.99637973223054,0.0,0.0
3974,2019-06-15 14:00:00,6,2019-06-15 15:00:00,0.12561,0.12561,0.12561,0.0,0.2759784176598696,325.8766605067024,-0.0,39.880280774471885,0.0,285.99637973223054,285.99637973223054,0.0,0.0
3975,2019-06-15 15:00:00,6,2019-06-15 16:00:00,0.12561,0.12561,0.12561,0.0,0.20373153219886983,328.4424384818607,-0.0,42.44605874963014,0.0,285.99637973223054,285.99637973223054,0.0,0.0
3976,2019-06-15 16:00:00,6,2019-06-15 17:00:00,0.15111,0.15111,0.15111,0.0,0.12683649823214854,328.41012675637654,-0.0,42.413747024146005,0.0,285.99637973223054,285.99637973223054,0.0,0.0
3977,2019-06-15 17:00:00,6,2019-06-15 18:00:00,0.15111,0.15111,0.15111,0.0,0.05,245.73967131124462,-0.0,0.0,0.0,245.73967131124462,245.73967131124462,0.0,0.0
3978,2019-06-15 18:00:00,6,2019-06-15 19:00:00,0.15111,0.15111,0.15111,0.0,0.05,243.98541592520283,-0.0,0.0,0.0,243.98541592520283,243.98541592520283,0.0,0.0
3979,2019-06-15 19:00:00,6,2019-06-15 20:00:00,0.15111,0.15111,0.15111,0.0,0.05,209.50921646235435,-0.0,0.0,0.0,209.50921646235435,209.50921646235435,0.0,0.0
3980,2019-06-15 20:00:00,6,2019-06-15 21:00:00,0.15111,0.15111,0.15111,0.0,0.05,198.30781249439548,-0.0,0.0,0.0,198.30781249439548,198.30781249439548,0.0,0.0
3981,2019-06-15 21:00:00,6,2019-06-15 22:00:00,0.12561,0.12561,0.12561,0.0,0.05,186.65874619469813,-0.0,0.0,0.0,186.65874619469813,186.65874619469813,0.0,0.0
3982,2019-06-15 22:00:00,6,2019-06-15 23:00:00,0.12561,0.12561,0.12561,0.0,0.05,197.1184987306555,-0.0,0.0,0.0,197.1184987306555,197.1184987306555,0.0,0.0
3983,2019-06-15 23:00:00,6,2019-06-16 00:00:00,0.10547,0.10547,0.10547,0.0,0.05,198.69391024323812,-0.0,0.0,0.0,198.69391024323812,198.69391024323812,0.0,0.0
3984,2019-06-16 00:00:00,6,2019-06-16 01:00:00,0.10547,0.10547,0.10547,0.0,0.05,205.33637521255812,-80.66000451967241,0.0,0.0,285.99637973223054,285.99637973223054,0.0,1.0
3985,2019-06-16 01:00:00,6,2019-06-16 02:00:00,0.10547,0.10547,0.10547,0.0,0.17367867359683103,206.09506533605418,-79.90131439617636,0.0,0.0,285.99637973223054,285.99637973223054,0.0,1.0
3986,2019-06-16 02:00:00,6,2019-06-16 03:00:00,0.10547,0.10547,0.10547,0.0,0.2961940223376348,205.37285379581783,-80.6235259364127,0.0,0.0,285.99637973223054,285.99637973223054,0.0,1.0
3987,2019-06-16 03:00:00,6,2019-06-16 04:00:00,0.10547,0.10547,0.10547,0.0,0.41981676210680097,228.26890150880607,-57.72747822342447,0.0,0.0,285.99637973223054,285.99637973223054,0.0,1.0
3988,2019-06-16 04:00:00,6,2019-06-16 05:00:00,0.10547,0.10547,0.10547,0.0,0.5083322287160519,226.63652794880016,-59.35985178343037,0.0,0.0,285.99637973223054,285.99637973223054,0.0,1.0
3989,2019-06-16 05:00:00,6,2019-06-16 06:00:00,0.10547,0.10547,0.10547,0.0,0.5993506681173119,276.50256935909186,-9.493810373138672,0.0,0.0,285.99637973223054,285.99637973223054,0.0,1.0
3990,2019-06-16 06:00:00,6,2019-06-16 07:00:00,0.10547,0.10547,0.10547,0.0,0.6139078440227911,301.8053341902438,-0.0,15.808954458013261,0.0,285.99637973223054,285.99637973223054,0.0,0.0
3991,2019-06-16 07:00:00,6,2019-06-16 08:00:00,0.10547,0.10547,0.10547,0.0,0.585268433772767,308.47272373739776,-0.0,22.47634400516722,0.0,285.99637973223054,285.99637973223054,0.0,0.0
3992,2019-06-16 08:00:00,6,2019-06-16 09:00:00,0.10547,0.10547,0.10547,0.0,0.5445504192706526,312.4395264879855,-0.0,26.44314675575498,0.0,285.99637973223054,285.99637973223054,0.0,0.0
3993,2019-06-16 09:00:00,6,2019-06-16 10:00:00,0.10547,0.10547,0.10547,0.0,0.4966461679015312,310.60544744966154,-0.0,24.609067717431003,0.0,285.99637973223054,285.99637973223054,0.0,0.0
3994,2019-06-16 10:00:00,6,2019-06-16 11:00:00,0.10547,0.10547,0.10547,0.0,0.4520645234858953,312.36970276988694,-0.0,26.373323037656405,0.0,285.99637973223054,285.99637973223054,0.0,0.0
3995,2019-06-16 11:00:00,6,2019-06-16 12:00:00,0.10547,0.10547,0.10547,0.0,0.4042867643597062,302.9514019025627,-0.0,16.955022170332143,0.0,285.99637973223054,285.99637973223054,0.0,0.0
3996,2019-06-16 12:00:00,6,2019-06-16 13:00:00,0.10547,0.10547,0.10547,0.0,0.37357114448591605,313.22737643429923,-0.0,27.230996702068694,0.0,285.99637973223054,285.99637973223054,0.0,0.0
3997,2019-06-16 13:00:00,6,2019-06-16 14:00:00,0.10547,0.10547,0.10547,0.0,0.32423962872129886,314.2314505687478,-0.0,28.235070836517252,0.0,285.99637973223054,285.99637973223054,0.0,0.0
3998,2019-06-16 14:00:00,6,2019-06-16 15:00:00,0.12561,0.12561,0.12561,0.0,0.2730891380754343,312.35506528218167,-0.0,26.358685549951133,0.0,285.99637973223054,285.99637973223054,0.0,0.0
3999,2019-06-16 15:00:00,6,2019-06-16 16:00:00,0.12561,0.12561,0.12561,0.0,0.225337896137117,312.51690721453525,-0.0,26.520527482304715,0.0,285.99637973223054,285.99637973223054,0.0,0.0
4000,2019-06-16 16:00:00,6,2019-06-16 17:00:00,0.15111,0.15111,0.15111,0.0,0.1772934622923621,312.56031414458005,-0.0,70.26599118538388,0.0,242.29432295919617,242.29432295919617,0.0,0.0
4001,2019-06-16 17:00:00,6,2019-06-16 18:00:00,0.15111,0.15111,0.15111,0.0,0.05,245.88676711541007,-0.0,0.0,0.0,245.88676711541007,245.88676711541007,0.0,0.0
4002,2019-06-16 18:00:00,6,2019-06-16 19:00:00,0.15111,0.15111,0.15111,0.0,0.05,254.02746145291442,-0.0,0.0,0.0,254.02746145291442,254.02746145291442,0.0,0.0
4003,2019-06-16 19:00:00,6,2019-06-16 20:00:00,0.15111,0.15111,0.15111,0.0,0.05,225.69364227036743,-0.0,0.0,0.0,225.69364227036743,225.69364227036743,0.0,0.0
4004,2019-06-16 20:00:00,6,2019-06-16 21:00:00,0.15111,0.15111,0.15111,0.0,0.05,216.18123406859087,-0.0,0.0,0.0,216.18123406859087,216.18123406859087,0.0,0.0
4005,2019-06-16 21:00:00,6,2019-06-16 22:00:00,0.12561,0.12561,0.12561,0.0,0.05,199.51405180084078,-0.0,0.0,0.0,199.51405180084078,199.51405180084078,0.0,0.0
4006,2019-06-16 22:00:00,6,2019-06-16 23:00:00,0.12561,0.12561,0.12561,0.0,0.05,201.38420026043624,-0.0,0.0,0.0,201.38420026043624,201.38420026043624,0.0,0.0
4007,2019-06-16 23:00:00,6,2019-06-17 00:00:00,0.10547,0.10547,0.10547,0.0,0.05,201.96009822286402,-0.0,0.0,0.0,201.96009822286402,201.96009822286402,0.0,0.0
4008,2019-06-17 00:00:00,6,2019-06-17 01:00:00,0.10547,0.10547,0.10547,0.0,0.05,202.5952506924633,-83.12759115295556,0.0,0.0,285.7228418454189,285.7228418454189,0.0,1.0
4009,2019-06-17 01:00:00,6,2019-06-17 02:00:00,0.10547,0.10547,0.10547,0.0,0.17746230643453187,201.81840881215447,-83.9044330332644,0.0,0.0,285.7228418454189,285.7228418454189,0.0,1.0
4010,2019-06-17 02:00:00,6,2019-06-17 03:00:00,0.10547,0.10547,0.10547,0.0,0.3061157704188706,200.57994485367968,-85.14289699173919,0.0,0.0,285.7228418454189,285.7228418454189,0.0,1.0
4011,2019-06-17 03:00:00,6,2019-06-17 04:00:00,0.10547,0.10547,0.10547,0.0,0.4366682124728707,202.5979883954812,-83.12485344993767,0.0,0.0,285.7228418454189,285.7228418454189,0.0,1.0
4012,2019-06-17 04:00:00,6,2019-06-17 05:00:00,0.10547,0.10547,0.10547,0.0,0.5641263210961085,201.04380543091605,-84.67903641450282,0.0,0.0,285.7228418454189,285.7228418454189,0.0,1.0
4013,2019-06-17 05:00:00,6,2019-06-17 06:00:00,0.10547,0.10547,0.10547,0.0,0.6939675102650128,224.95840743204502,-60.76443441337384,0.0,0.0,285.7228418454189,285.7228418454189,0.0,1.0
4014,2019-06-17 06:00:00,6,2019-06-17 07:00:00,0.10547,0.10547,0.10547,0.0,0.787139643032186,257.4093259462663,-0.0,0.0,0.0,257.4093259462663,257.4093259462663,0.0,0.0
4015,2019-06-17 07:00:00,6,2019-06-17 08:00:00,0.10547,0.10547,0.10547,0.0,0.787139643032186,258.19861618790173,-27.524225657517135,0.0,0.0,285.7228418454189,285.7228418454189,0.0,1.0
4016,2019-06-17 08:00:00,6,2019-06-17 09:00:00,0.10547,0.10547,0.10547,0.0,0.8293434557070456,275.85678177901946,-9.866060066399408,0.0,0.0,285.7228418454189,285.7228418454189,0.0,1.0
4017,2019-06-17 09:00:00,6,2019-06-17 10:00:00,0.10547,0.10547,0.10547,0.0,0.8444714144755248,272.32121443751436,-13.401627407904508,0.0,0.0,285.7228418454189,285.7228418454189,0.0,1.0
4018,2019-06-17 10:00:00,6,2019-06-17 11:00:00,0.10547,0.10547,0.10547,0.0,0.8650205765009783,269.1533945259961,-0.0,0.0,0.0,269.1533945259961,269.1533945259961,0.0,0.0
4019,2019-06-17 11:00:00,6,2019-06-17 12:00:00,0.10547,0.10547,0.10547,0.0,0.8650205765009783,258.59584579291135,-27.126996052507515,0.0,0.0,285.7228418454189,285.7228418454189,0.0,1.0
4020,2019-06-17 12:00:00,6,2019-06-17 13:00:00,0.10547,0.10547,0.10547,0.0,0.9066153037814899,255.82131002955552,-29.901531815863372,0.0,0.0,285.7228418454189,285.7228418454189,0.0,1.0
4021,2019-06-17 13:00:00,6,2019-06-17 14:00:00,0.10547,0.10547,0.10547,0.0,0.9524643192324805,254.72131091008006,-31.001530935338828,0.0,0.0,285.7228418454189,285.7228418454189,0.0,1.0
4022,2019-06-17 14:00:00,6,2019-06-17 15:00:00,0.12561,0.12561,0.12561,0.0,1.0,235.49665794040956,-0.0,0.0,0.0,235.49665794040956,235.49665794040956,0.0,0.0
4023,2019-06-17 15:00:00,6,2019-06-17 16:00:00,0.12561,0.12561,0.12561,0.0,1.0,238.18051991143275,-0.0,0.0,0.0,238.18051991143275,238.18051991143275,0.0,0.0
4024,2019-06-17 16:00:00,6,2019-06-17 17:00:00,0.15111,0.15111,0.15111,0.0,1.0,227.06277557410212,-0.0,227.06277557410212,0.0,0.0,0.0,0.0,0.0
4025,2019-06-17 17:00:00,6,2019-06-17 18:00:00,0.15111,0.15111,0.15111,0.0,0.588654392075902,217.73101525531402,-0.0,217.73101525531402,0.0,0.0,0.0,0.0,0.0
4026,2019-06-17 18:00:00,6,2019-06-17 19:00:00,0.15111,0.15111,0.15111,0.0,0.19421414704815917,221.8320530726737,-0.0,79.60620917058387,0.0,142.22584390208982,142.22584390208982,0.0,0.0
4027,2019-06-17 19:00:00,6,2019-06-17 20:00:00,0.15111,0.15111,0.15111,0.0,0.05,200.87647603753248,-0.0,0.0,0.0,200.87647603753248,200.87647603753248,0.0,0.0
4028,2019-06-17 20:00:00,6,2019-06-17 21:00:00,0.15111,0.15111,0.15111,0.0,0.05,202.87034328661338,-0.0,0.0,0.0,202.87034328661338,202.87034328661338,0.0,0.0
4029,2019-06-17 21:00:00,6,2019-06-17 22:00:00,0.12561,0.12561,0.12561,0.0,0.05,200.44536125530698,-0.0,0.0,0.0,200.44536125530698,200.44536125530698,0.0,0.0
4030,2019-06-17 22:00:00,6,2019-06-17 23:00:00,0.12561,0.12561,0.12561,0.0,0.05,201.92765668399366,-0.0,0.0,0.0,201.92765668399366,201.92765668399366,0.0,0.0
4031,2019-06-17 23:00:00,6,2019-06-18 00:00:00,0.10547,0.10547,0.10547,0.0,0.05,199.36729133187802,-0.0,0.0,0.0,199.36729133187802,199.36729133187802,0.0,0.0
4032,2019-06-18 00:00:00,6,2019-06-18 01:00:00,0.10547,0.10547,0.10547,0.0,0.05,196.44852164336683,-0.0,0.0,0.0,196.44852164336683,196.44852164336683,0.0,0.0
4033,2019-06-18 01:00:00,6,2019-06-18 02:00:00,0.10547,0.10547,0.10547,0.0,0.05,196.41860772787453,-86.42086642086369,0.0,0.0,282.8394741487382,282.8394741487382,0.0,1.0
4034,2019-06-18 02:00:00,6,2019-06-18 03:00:00,0.10547,0.10547,0.10547,0.0,0.18251199517865765,196.40883570471846,-0.0,0.0,0.0,196.40883570471846,196.40883570471846,0.0,0.0
4035,2019-06-18 03:00:00,6,2019-06-18 04:00:00,0.10547,0.10547,0.10547,0.0,0.18251199517865765,198.95009145833825,-0.0,0.0,0.0,198.95009145833825,198.95009145833825,0.0,0.0
4036,2019-06-18 04:00:00,6,2019-06-18 05:00:00,0.10547,0.10547,0.10547,0.0,0.18251199517865765,198.7941295281419,-0.0,0.0,0.0,198.7941295281419,198.7941295281419,0.0,0.0
4037,2019-06-18 05:00:00,6,2019-06-18 06:00:00,0.10547,0.10547,0.10547,0.0,0.18251199517865765,214.43232893230743,-68.40714521643079,0.0,0.0,282.8394741487382,282.8394741487382,0.0,1.0
4038,2019-06-18 06:00:00,6,2019-06-18 07:00:00,0.10547,0.10547,0.10547,0.0,0.2874029511771849,213.92942484858207,-68.91004930015615,0.0,0.0,282.8394741487382,282.8394741487382,0.0,1.0
4039,2019-06-18 07:00:00,6,2019-06-18 08:00:00,0.10547,0.10547,0.10547,0.0,0.3930650267707577,233.08687727393996,-49.752596874798265,0.0,0.0,282.83947414873825,282.83947414873825,0.0,1.0
4040,2019-06-18 08:00:00,6,2019-06-18 09:00:00,0.10547,0.10547,0.10547,0.0,0.4693523419787816,229.63807080107216,-53.201403347666066,0.0,0.0,282.83947414873825,282.83947414873825,0.0,1.0
4041,2019-06-18 09:00:00,6,2019-06-18 10:00:00,0.10547,0.10547,0.10547,0.0,0.5509278271118697,228.43625092690246,-54.403223221835766,0.0,0.0,282.83947414873825,282.83947414873825,0.0,1.0
4042,2019-06-18 10:00:00,6,2019-06-18 11:00:00,0.10547,0.10547,0.10547,0.0,0.6343461027186845,225.98723055187452,-56.85224359686371,0.0,0.0,282.83947414873825,282.83947414873825,0.0,1.0
4043,2019-06-18 11:00:00,6,2019-06-18 12:00:00,0.10547,0.10547,0.10547,0.0,0.7215195429005422,224.18822364646303,-58.6512505022752,0.0,0.0,282.83947414873825,282.83947414873825,0.0,1.0
4044,2019-06-18 12:00:00,6,2019-06-18 13:00:00,0.10547,0.10547,0.10547,0.0,0.8114514603373641,221.87025030449072,-64.12612942773981,0.0,0.0,285.99637973223054,285.99637973223054,0.0,1.0
4045,2019-06-18 13:00:00,6,2019-06-18 14:00:00,0.10547,0.10547,0.10547,0.0,0.9097781921265653,220.8422590825712,-58.84030948267484,0.0,0.0,279.682568565246,279.682568565246,0.0,1.0
4046,2019-06-18 14:00:00,6,2019-06-18 15:00:00,0.12561,0.12561,0.12561,0.0,1.0,220.78790442910727,-0.0,0.0,0.0,220.78790442910727,220.78790442910727,0.0,0.0
4047,2019-06-18 15:00:00,6,2019-06-18 16:00:00,0.12561,0.12561,0.12561,0.0,1.0,214.61609239085556,-0.0,0.0,0.0,214.61609239085556,214.61609239085556,0.0,0.0
4048,2019-06-18 16:00:00,6,2019-06-18 17:00:00,0.15111,0.15111,0.15111,0.0,1.0,201.63900138556048,-0.0,201.63900138556048,0.0,0.0,0.0,0.0,0.0
4049,2019-06-18 17:00:00,6,2019-06-18 18:00:00,0.15111,0.15111,0.15111,0.0,0.6347119540116658,195.3998931927656,-0.0,195.3998931927656,0.0,0.0,0.0,0.0,0.0
4050,2019-06-18 18:00:00,6,2019-06-18 19:00:00,0.15111,0.15111,0.15111,0.0,0.28072664025665567,197.55816115204667,-0.0,127.36110542167393,0.0,70.19705573037274,70.19705573037274,0.0,0.0
4051,2019-06-18 19:00:00,6,2019-06-18 20:00:00,0.15111,0.15111,0.15111,0.0,0.05,198.1135219912592,-0.0,0.0,0.0,198.1135219912592,198.1135219912592,0.0,0.0
4052,2019-06-18 20:00:00,6,2019-06-18 21:00:00,0.15111,0.15111,0.15111,0.0,0.05,200.0785830375574,-0.0,0.0,0.0,200.0785830375574,200.0785830375574,0.0,0.0
4053,2019-06-18 21:00:00,6,2019-06-18 22:00:00,0.12561,0.12561,0.12561,0.0,0.05,197.68390812393469,-0.0,0.0,0.0,197.68390812393469,197.68390812393469,0.0,0.0
4054,2019-06-18 22:00:00,6,2019-06-18 23:00:00,0.12561,0.12561,0.12561,0.0,0.05,199.19656643395356,-0.0,0.0,0.0,199.19656643395356,199.19656643395356,0.0,0.0
4055,2019-06-18 23:00:00,6,2019-06-19 00:00:00,0.10547,0.10547,0.10547,0.0,0.05,196.68186126499916,-0.0,0.0,0.0,196.68186126499916,196.68186126499916,0.0,0.0
4056,2019-06-19 00:00:00,6,2019-06-19 01:00:00,0.10547,0.10547,0.10547,0.0,0.05,201.3734137906627,-84.62296594156783,0.0,0.0,285.99637973223054,285.99637973223054,0.0,1.0
4057,2019-06-19 01:00:00,6,2019-06-19 02:00:00,0.10547,0.10547,0.10547,0.0,0.17975521444373732,202.08602898515406,-83.91035074707648,0.0,0.0,285.99637973223054,285.99637973223054,0.0,1.0
4058,2019-06-19 02:00:00,6,2019-06-19 03:00:00,0.10547,0.10547,0.10547,0.0,0.3084177522559213,201.90659512353616,-84.08978460869437,0.0,0.0,285.99637973223054,285.99637973223054,0.0,1.0
4059,2019-06-19 03:00:00,6,2019-06-19 04:00:00,0.10547,0.10547,0.10547,0.0,0.4373554219892527,223.2398034482842,-62.756576283946345,0.0,0.0,285.99637973223054,285.99637973223054,0.0,1.0
4060,2019-06-19 04:00:00,6,2019-06-19 05:00:00,0.10547,0.10547,0.10547,0.0,0.5335821722913037,221.5856851230869,-64.41069460914363,0.0,0.0,285.99637973223054,285.99637973223054,0.0,1.0
4061,2019-06-19 05:00:00,6,2019-06-19 06:00:00,0.10547,0.10547,0.10547,0.0,0.6323452373586572,276.4226855120208,-9.573694220209745,0.0,0.0,285.99637973223054,285.99637973223054,0.0,1.0
4062,2019-06-19 06:00:00,6,2019-06-19 07:00:00,0.10547,0.10547,0.10547,0.0,0.6470249018296456,307.47867785505827,-0.0,21.48229812282773,0.0,285.99637973223054,285.99637973223054,0.0,0.0
4063,2019-06-19 07:00:00,6,2019-06-19 08:00:00,0.10547,0.10547,0.10547,0.0,0.6081076950853924,317.8061468053629,-0.0,31.809767073132377,0.0,285.99637973223054,285.99637973223054,0.0,0.0
4064,2019-06-19 08:00:00,6,2019-06-19 09:00:00,0.10547,0.10547,0.10547,0.0,0.5504813054601526,325.40442980989354,-0.0,39.408050077663006,0.0,285.99637973223054,285.99637973223054,0.0,0.0
4065,2019-06-19 09:00:00,6,2019-06-19 10:00:00,0.10547,0.10547,0.10547,0.0,0.47908991039192256,324.248210133475,-0.0,38.25183040124449,0.0,285.99637973223054,285.99637973223054,0.0,0.0
4066,2019-06-19 10:00:00,6,2019-06-19 11:00:00,0.10547,0.10547,0.10547,0.0,0.40979311618676945,321.5818681319969,-0.0,35.58548839976635,0.0,285.99637973223054,285.99637973223054,0.0,0.0
4067,2019-06-19 11:00:00,6,2019-06-19 12:00:00,0.10547,0.10547,0.10547,0.0,0.3453266516944391,305.9241835343229,-0.0,19.927803802092342,0.0,285.99637973223054,285.99637973223054,0.0,0.0
4068,2019-06-19 12:00:00,6,2019-06-19 13:00:00,0.10547,0.10547,0.10547,0.0,0.30922555785006894,310.62560790683983,-0.0,24.629228174609295,0.0,285.99637973223054,285.99637973223054,0.0,0.0
4069,2019-06-19 13:00:00,6,2019-06-19 14:00:00,0.10547,0.10547,0.10547,0.0,0.26460739086708107,309.0380454600023,-0.0,23.041665727771772,0.0,285.99637973223054,285.99637973223054,0.0,0.0
4070,2019-06-19 14:00:00,6,2019-06-19 15:00:00,0.12561,0.12561,0.12561,0.0,0.22286524280952355,307.7017897305135,-0.0,21.70540999828296,0.0,285.99637973223054,285.99637973223054,0.0,0.0
4071,2019-06-19 15:00:00,6,2019-06-19 16:00:00,0.12561,0.12561,0.12561,0.0,0.18354384788509787,309.62944202959267,-0.0,23.63306229736213,0.0,285.99637973223054,285.99637973223054,0.0,0.0
4072,2019-06-19 16:00:00,6,2019-06-19 17:00:00,0.15111,0.15111,0.15111,0.0,0.1407303292304563,309.750142511185,-0.0,23.753762778954467,0.0,285.99637973223054,285.99637973223054,0.0,0.0
4073,2019-06-19 17:00:00,6,2019-06-19 18:00:00,0.15111,0.15111,0.15111,0.0,0.09769815028307503,245.91741431941193,-0.0,0.0,0.0,245.91741431941193,245.91741431941193,0.0,0.0
4074,2019-06-19 18:00:00,6,2019-06-19 19:00:00,0.15111,0.15111,0.15111,0.0,0.09769815028307503,255.68976985347973,-0.0,0.0,0.0,255.68976985347973,255.68976985347973,0.0,0.0
4075,2019-06-19 19:00:00,6,2019-06-19 20:00:00,0.15111,0.15111,0.15111,0.0,0.09769815028307503,228.176918475227,-0.0,26.329378956257422,0.0,201.8475395189696,201.8475395189696,0.0,0.0
4076,2019-06-19 20:00:00,6,2019-06-19 21:00:00,0.15111,0.15111,0.15111,0.0,0.05,222.6898388470244,-0.0,0.0,0.0,222.6898388470244,222.6898388470244,0.0,0.0
4077,2019-06-19 21:00:00,6,2019-06-19 22:00:00,0.12561,0.12561,0.12561,0.0,0.05,206.68041331705712,-0.0,0.0,0.0,206.68041331705712,206.68041331705712,0.0,0.0
4078,2019-06-19 22:00:00,6,2019-06-19 23:00:00,0.12561,0.12561,0.12561,0.0,0.05,206.64052662454853,-0.0,0.0,0.0,206.64052662454853,206.64052662454853,0.0,0.0
4079,2019-06-19 23:00:00,6,2019-06-20 00:00:00,0.10547,0.10547,0.10547,0.0,0.05,204.87446207766595,-81.12191765456458,0.0,0.0,285.99637973223054,285.99637973223054,0.0,1.0
4080,2019-06-20 00:00:00,6,2019-06-20 01:00:00,0.10547,0.10547,0.10547,0.0,0.1743869404036657,206.63904796337815,-79.35733176885239,0.0,0.0,285.99637973223054,285.99637973223054,0.0,1.0
4081,2019-06-20 01:00:00,6,2019-06-20 02:00:00,0.10547,0.10547,0.10547,0.0,0.2960681824492394,206.5634697422482,-79.43290998998233,0.0,0.0,285.99637973223054,285.99637973223054,0.0,1.0
4082,2019-06-20 02:00:00,6,2019-06-20 03:00:00,0.10547,0.10547,0.10547,0.0,0.41786531110054564,206.2848296224386,-79.71155010979194,0.0,0.0,285.99637973223054,285.99637973223054,0.0,1.0
4083,2019-06-20 03:00:00,6,2019-06-20 04:00:00,0.10547,0.10547,0.10547,0.0,0.5400896879355599,229.4389149889756,-56.55746474325494,0.0,0.0,285.99637973223054,285.99637973223054,0.0,1.0
4084,2019-06-20 04:00:00,6,2019-06-20 05:00:00,0.10547,0.10547,0.10547,0.0,0.6268111338752175,228.62325092669417,-57.37312880553637,0.0,0.0,285.99637973223054,285.99637973223054,0.0,1.0
4085,2019-06-20 05:00:00,6,2019-06-20 06:00:00,0.10547,0.10547,0.10547,0.0,0.7147832647103733,283.29397757527545,-2.7024021569550882,0.0,0.0,285.99637973223054,285.99637973223054,0.0,1.0
4086,2019-06-20 06:00:00,6,2019-06-20 07:00:00,0.10547,0.10547,0.10547,0.0,0.7189269480177044,314.36682823456835,-0.0,28.37044850233781,0.0,285.99637973223054,285.99637973223054,0.0,0.0
4087,2019-06-20 07:00:00,6,2019-06-20 08:00:00,0.10547,0.10547,0.10547,0.0,0.6675312079772374,324.9338242474622,-0.0,38.937444515231675,0.0,285.99637973223054,285.99637973223054,0.0,0.0
4088,2019-06-20 08:00:00,6,2019-06-20 09:00:00,0.10547,0.10547,0.10547,0.0,0.5969923592177597,329.6923743421012,-0.0,43.69599460987064,0.0,285.99637973223054,285.99637973223054,0.0,0.0
4089,2019-06-20 09:00:00,6,2019-06-20 10:00:00,0.10547,0.10547,0.10547,0.0,0.5178329486926317,324.46765276125905,-0.0,38.47127302902851,0.0,285.99637973223054,285.99637973223054,0.0,0.0
4090,2019-06-20 10:00:00,6,2019-06-20 11:00:00,0.10547,0.10547,0.10547,0.0,0.44813861349511636,319.33153482257876,-0.0,33.33515509034822,0.0,285.99637973223054,285.99637973223054,0.0,0.0
4091,2019-06-20 11:00:00,6,2019-06-20 12:00:00,0.10547,0.10547,0.10547,0.0,0.3877488397807174,304.87898360854064,-0.0,18.8826038763101,0.0,285.99637973223054,285.99637973223054,0.0,0.0
4092,2019-06-20 12:00:00,6,2019-06-20 13:00:00,0.10547,0.10547,0.10547,0.0,0.35354122406276434,309.4252067468878,-0.0,23.42882701465726,0.0,285.99637973223054,285.99637973223054,0.0,0.0
4093,2019-06-20 13:00:00,6,2019-06-20 14:00:00,0.10547,0.10547,0.10547,0.0,0.31109769686229827,308.4281973995897,-0.0,22.431817667359155,0.0,285.99637973223054,285.99637973223054,0.0,0.0
4094,2019-06-20 14:00:00,6,2019-06-20 15:00:00,0.12561,0.12561,0.12561,0.0,0.2704603460156331,309.17035903333306,-0.0,23.17397930110252,0.0,285.99637973223054,285.99637973223054,0.0,0.0
4095,2019-06-20 15:00:00,6,2019-06-20 16:00:00,0.12561,0.12561,0.12561,0.0,0.2284784994556648,312.1818057847678,-0.0,26.185426052537252,0.0,285.99637973223054,285.99637973223054,0.0,0.0
4096,2019-06-20 16:00:00,6,2019-06-20 17:00:00,0.15111,0.15111,0.15111,0.0,0.18104113341845962,312.5794468029025,-0.0,72.33470564698972,0.0,240.24474115591278,240.24474115591278,0.0,0.0
4097,2019-06-20 17:00:00,6,2019-06-20 18:00:00,0.15111,0.15111,0.15111,0.0,0.05,242.33349328298385,-0.0,0.0,0.0,242.33349328298385,242.33349328298385,0.0,0.0
4098,2019-06-20 18:00:00,6,2019-06-20 19:00:00,0.15111,0.15111,0.15111,0.0,0.05,250.14454390185483,-0.0,0.0,0.0,250.14454390185483,250.14454390185483,0.0,0.0
4099,2019-06-20 19:00:00,6,2019-06-20 20:00:00,0.15111,0.15111,0.15111,0.0,0.05,222.29585319974424,-0.0,0.0,0.0,222.29585319974424,222.29585319974424,0.0,0.0
4100,2019-06-20 20:00:00,6,2019-06-20 21:00:00,0.15111,0.15111,0.15111,0.0,0.05,218.8604905949567,-0.0,0.0,0.0,218.8604905949567,218.8604905949567,0.0,0.0
4101,2019-06-20 21:00:00,6,2019-06-20 22:00:00,0.12561,0.12561,0.12561,0.0,0.05,205.8915848460482,-0.0,0.0,0.0,205.8915848460482,205.8915848460482,0.0,0.0
4102,2019-06-20 22:00:00,6,2019-06-20 23:00:00,0.12561,0.12561,0.12561,0.0,0.05,207.78934390209014,-0.0,0.0,0.0,207.78934390209014,207.78934390209014,0.0,0.0
4103,2019-06-20 23:00:00,6,2019-06-21 00:00:00,0.10547,0.10547,0.10547,0.0,0.05,206.27411097055378,-79.72226876167676,0.0,0.0,285.99637973223054,285.99637973223054,0.0,1.0
4104,2019-06-21 00:00:00,6,2019-06-21 01:00:00,0.10547,0.10547,0.10547,0.0,0.1722408121012377,206.18419975589256,-79.81217997633797,0.0,0.0,285.99637973223054,285.99637973223054,0.0,1.0
4105,2019-06-21 01:00:00,6,2019-06-21 02:00:00,0.10547,0.10547,0.10547,0.0,0.2946194880649559,205.34097734385156,-80.65540238837897,0.0,0.0,285.99637973223054,285.99637973223054,0.0,1.0
4106,2019-06-21 02:00:00,6,2019-06-21 03:00:00,0.10547,0.10547,0.10547,0.0,0.41829110506047035,204.76310010017082,-81.23327963205972,0.0,0.0,285.99637973223054,285.99637973223054,0.0,1.0
4107,2019-06-21 03:00:00,6,2019-06-21 04:00:00,0.10547,0.10547,0.10547,0.0,0.5428488004962952,226.78511367057487,-59.211266061655664,0.0,0.0,285.99637973223054,285.99637973223054,0.0,1.0
4108,2019-06-21 04:00:00,6,2019-06-21 05:00:00,0.10547,0.10547,0.10547,0.0,0.6336394084575006,225.7753773420267,-60.221002390203836,0.0,0.0,285.99637973223054,285.99637973223054,0.0,1.0
4109,2019-06-21 05:00:00,6,2019-06-21 06:00:00,0.10547,0.10547,0.10547,0.0,0.7259782787891466,281.6558201190153,-4.340559613215248,0.0,0.0,285.99637973223054,285.99637973223054,0.0,1.0
4110,2019-06-21 06:00:00,6,2019-06-21 07:00:00,0.10547,0.10547,0.10547,0.0,0.7326338035294099,311.8484458517431,-0.0,25.852066119512585,0.0,285.99637973223054,285.99637973223054,0.0,0.0
4111,2019-06-21 07:00:00,6,2019-06-21 08:00:00,0.10547,0.10547,0.10547,0.0,0.685800350414351,316.18820276430307,-0.0,30.191823032072534,0.0,285.99637973223054,285.99637973223054,0.0,0.0
4112,2019-06-21 08:00:00,6,2019-06-21 09:00:00,0.10547,0.10547,0.10547,0.0,0.6311050188345094,320.23654427941426,-0.0,34.240164547183724,0.0,285.99637973223054,285.99637973223054,0.0,0.0
4113,2019-06-21 09:00:00,6,2019-06-21 10:00:00,0.10547,0.10547,0.10547,0.0,0.5690757352345389,317.9583205870869,-0.0,31.96194085485638,0.0,285.99637973223054,285.99637973223054,0.0,0.0
4114,2019-06-21 10:00:00,6,2019-06-21 11:00:00,0.10547,0.10547,0.10547,0.0,0.5111736684684948,313.7961513597741,-0.0,27.799771627543578,0.0,285.99637973223054,285.99637973223054,0.0,0.0
4115,2019-06-21 11:00:00,6,2019-06-21 12:00:00,0.10547,0.10547,0.10547,0.0,0.4608117633461332,300.00761722727975,-0.0,14.011237495049215,0.0,285.99637973223054,285.99637973223054,0.0,0.0
4116,2019-06-21 12:00:00,6,2019-06-21 13:00:00,0.10547,0.10547,0.10547,0.0,0.43542908672466735,308.8294768743865,-0.0,22.833097142155964,0.0,285.99637973223054,285.99637973223054,0.0,0.0
4117,2019-06-21 13:00:00,6,2019-06-21 14:00:00,0.10547,0.10547,0.10547,0.0,0.39406478030771813,311.16827338126177,-0.0,25.171893649031233,0.0,285.99637973223054,285.99637973223054,0.0,0.0
4118,2019-06-21 14:00:00,6,2019-06-21 15:00:00,0.12561,0.12561,0.12561,0.0,0.3484635236971543,314.18342888837424,-0.0,28.1870491561437,0.0,285.99637973223054,285.99637973223054,0.0,0.0
4119,2019-06-21 15:00:00,6,2019-06-21 16:00:00,0.12561,0.12561,0.12561,0.0,0.29740002884906785,317.5099919175522,-0.0,31.513612185321676,0.0,285.99637973223054,285.99637973223054,0.0,0.0
4120,2019-06-21 16:00:00,6,2019-06-21 17:00:00,0.15111,0.15111,0.15111,0.0,0.24031015170174597,318.0545622268511,-0.0,105.05120373936379,0.0,213.0033584874873,213.0033584874873,0.0,0.0
4121,2019-06-21 17:00:00,6,2019-06-21 18:00:00,0.15111,0.15111,0.15111,0.0,0.05,241.16598978256707,-0.0,0.0,0.0,241.16598978256707,241.16598978256707,0.0,0.0
4122,2019-06-21 18:00:00,6,2019-06-21 19:00:00,0.15111,0.15111,0.15111,0.0,0.05,238.20052786765535,-0.0,0.0,0.0,238.20052786765535,238.20052786765535,0.0,0.0
4123,2019-06-21 19:00:00,6,2019-06-21 20:00:00,0.15111,0.15111,0.15111,0.0,0.05,215.48658354197624,-0.0,0.0,0.0,215.48658354197624,215.48658354197624,0.0,0.0
4124,2019-06-21 20:00:00,6,2019-06-21 21:00:00,0.15111,0.15111,0.15111,0.0,0.05,216.2632370971843,-0.0,0.0,0.0,216.2632370971843,216.2632370971843,0.0,0.0
4125,2019-06-21 21:00:00,6,2019-06-21 22:00:00,0.12561,0.12561,0.12561,0.0,0.05,202.55306003492598,-0.0,0.0,0.0,202.55306003492598,202.55306003492598,0.0,0.0
4126,2019-06-21 22:00:00,6,2019-06-21 23:00:00,0.12561,0.12561,0.12561,0.0,0.05,204.74361845353522,-0.0,0.0,0.0,204.74361845353522,204.74361845353522,0.0,0.0
4127,2019-06-21 23:00:00,6,2019-06-22 00:00:00,0.10547,0.10547,0.10547,0.0,0.05,205.55002207786137,-38.997382052230776,0.0,0.0,244.54740413009216,244.54740413009216,0.0,1.0
4128,2019-06-22 00:00:00,6,2019-06-22 01:00:00,0.10547,0.10547,0.10547,0.0,0.10979598581342052,206.26365586658196,-79.73272386564858,0.0,0.0,285.99637973223054,285.99637973223054,0.0,1.0
4129,2019-06-22 01:00:00,6,2019-06-22 02:00:00,0.10547,0.10547,0.10547,0.0,0.2320528290740817,205.61649057184013,-80.3798891603904,0.0,0.0,285.99637973223054,285.99637973223054,0.0,1.0
4130,2019-06-22 02:00:00,6,2019-06-22 03:00:00,0.10547,0.10547,0.10547,0.0,0.355301992453347,205.29284711825878,-80.70353261397176,0.0,0.0,285.99637973223054,285.99637973223054,0.0,1.0
4131,2019-06-22 03:00:00,6,2019-06-22 04:00:00,0.10547,0.10547,0.10547,0.0,0.47904740912810373,226.60975226376087,-59.38662746846967,0.0,0.0,285.99637973223054,285.99637973223054,0.0,1.0
4132,2019-06-22 04:00:00,6,2019-06-22 05:00:00,0.10547,0.10547,0.10547,0.0,0.5701069045797573,224.91348886730378,-61.08289086492675,0.0,0.0,285.99637973223054,285.99637973223054,0.0,1.0
4133,2019-06-22 05:00:00,6,2019-06-22 06:00:00,0.10547,0.10547,0.10547,0.0,0.6637673372393116,280.4947438056414,-5.501635926589131,0.0,0.0,285.99637973223054,285.99637973223054,0.0,1.0
4134,2019-06-22 06:00:00,6,2019-06-22 07:00:00,0.10547,0.10547,0.10547,0.0,0.672203178993415,311.5819072897263,-0.0,25.585527557495766,0.0,285.99637973223054,285.99637973223054,0.0,0.0
4135,2019-06-22 07:00:00,6,2019-06-22 08:00:00,0.10547,0.10547,0.10547,0.0,0.6258525855921545,317.2982742386667,-0.0,31.301894506436156,0.0,285.99637973223054,285.99637973223054,0.0,0.0
4136,2019-06-22 08:00:00,6,2019-06-22 09:00:00,0.10547,0.10547,0.10547,0.0,0.5691462549645527,321.3542697777864,-0.0,35.35789004555585,0.0,285.99637973223054,285.99637973223054,0.0,0.0
4137,2019-06-22 09:00:00,6,2019-06-22 10:00:00,0.10547,0.10547,0.10547,0.0,0.5050921063312993,317.90371667123003,-0.0,31.907336938999492,0.0,285.99637973223054,285.99637973223054,0.0,0.0
4138,2019-06-22 10:00:00,6,2019-06-22 11:00:00,0.10547,0.10547,0.10547,0.0,0.4472889597026771,315.54853630110273,-0.0,29.552156568872192,0.0,285.99637973223054,285.99637973223054,0.0,0.0
4139,2019-06-22 11:00:00,6,2019-06-22 12:00:00,0.10547,0.10547,0.10547,0.0,0.3937524441793579,301.63996647369936,-0.0,15.643586741468823,0.0,285.99637973223054,285.99637973223054,0.0,0.0
4140,2019-06-22 12:00:00,6,2019-06-22 13:00:00,0.10547,0.10547,0.10547,0.0,0.36541261312597234,308.6114751376359,-0.0,22.615095405405384,0.0,285.99637973223054,285.99637973223054,0.0,0.0
4141,2019-06-22 13:00:00,6,2019-06-22 14:00:00,0.10547,0.10547,0.10547,0.0,0.3244432373915423,310.17837041536865,-0.0,24.18199068313811,0.0,285.99637973223054,285.99637973223054,0.0,0.0
4142,2019-06-22 14:00:00,6,2019-06-22 15:00:00,0.12561,0.12561,0.12561,0.0,0.28063528325542253,312.0064383675488,-0.0,26.010058635318273,0.0,285.99637973223054,285.99637973223054,0.0,0.0
4143,2019-06-22 15:00:00,6,2019-06-22 16:00:00,0.12561,0.12561,0.12561,0.0,0.23351561181462852,313.9911937039453,-0.0,27.99481397171479,0.0,285.99637973223054,285.99637973223054,0.0,0.0
4144,2019-06-22 16:00:00,6,2019-06-22 17:00:00,0.15111,0.15111,0.15111,0.0,0.18280036911224667,314.2409078876827,-0.0,73.30580374996016,0.0,240.93510413772253,240.93510413772253,0.0,0.0
4145,2019-06-22 17:00:00,6,2019-06-22 18:00:00,0.15111,0.15111,0.15111,0.0,0.05,241.41328218708298,-0.0,0.0,0.0,241.41328218708298,241.41328218708298,0.0,0.0
4146,2019-06-22 18:00:00,6,2019-06-22 19:00:00,0.15111,0.15111,0.15111,0.0,0.05,248.39688692977225,-0.0,0.0,0.0,248.39688692977225,248.39688692977225,0.0,0.0
4147,2019-06-22 19:00:00,6,2019-06-22 20:00:00,0.15111,0.15111,0.15111,0.0,0.05,225.17992856328647,-0.0,0.0,0.0,225.17992856328647,225.17992856328647,0.0,0.0
4148,2019-06-22 20:00:00,6,2019-06-22 21:00:00,0.15111,0.15111,0.15111,0.0,0.05,220.05248608768173,-0.0,0.0,0.0,220.05248608768173,220.05248608768173,0.0,0.0
4149,2019-06-22 21:00:00,6,2019-06-22 22:00:00,0.12561,0.12561,0.12561,0.0,0.05,201.73109149192015,-0.0,0.0,0.0,201.73109149192015,201.73109149192015,0.0,0.0
4150,2019-06-22 22:00:00,6,2019-06-22 23:00:00,0.12561,0.12561,0.12561,0.0,0.05,208.03105090327222,-0.0,0.0,0.0,208.03105090327222,208.03105090327222,0.0,0.0
4151,2019-06-22 23:00:00,6,2019-06-23 00:00:00,0.10547,0.10547,0.10547,0.0,0.05,206.82381350312582,-0.0,0.0,0.0,206.82381350312582,206.82381350312582,0.0,0.0
4152,2019-06-23 00:00:00,6,2019-06-23 01:00:00,0.10547,0.10547,0.10547,0.0,0.05,205.95471663525376,-80.04166309697678,0.0,0.0,285.99637973223054,285.99637973223054,0.0,1.0
4153,2019-06-23 01:00:00,6,2019-06-23 02:00:00,0.10547,0.10547,0.10547,0.0,0.17273055008203106,201.9333048700694,-84.06307486216113,0.0,0.0,285.99637973223054,285.99637973223054,0.0,1.0
4154,2019-06-23 02:00:00,6,2019-06-23 03:00:00,0.10547,0.10547,0.10547,0.0,0.30162726487067815,205.34918374348152,-80.64719598874902,0.0,0.0,285.99637973223054,285.99637973223054,0.0,1.0
4155,2019-06-23 03:00:00,6,2019-06-23 04:00:00,0.10547,0.10547,0.10547,0.0,0.4252862987200933,228.58904558758218,-57.40733414464836,0.0,0.0,285.99637973223054,285.99637973223054,0.0,1.0
4156,2019-06-23 04:00:00,6,2019-06-23 05:00:00,0.10547,0.10547,0.10547,0.0,0.5133108777418874,227.64737539592065,-58.34900433630989,0.0,0.0,285.99637973223054,285.99637973223054,0.0,1.0
4157,2019-06-23 05:00:00,6,2019-06-23 06:00:00,0.10547,0.10547,0.10547,0.0,0.6027793510575626,282.76066997111303,-3.235709761117505,0.0,0.0,285.99637973223054,285.99637973223054,0.0,1.0
4158,2019-06-23 06:00:00,6,2019-06-23 07:00:00,0.10547,0.10547,0.10547,0.0,0.6077407726912761,313.17089755964173,-0.0,27.174517827411194,0.0,285.99637973223054,285.99637973223054,0.0,0.0
4159,2019-06-23 07:00:00,6,2019-06-23 08:00:00,0.10547,0.10547,0.10547,0.0,0.5585115737285747,318.74927594616787,-0.0,32.75289621393733,0.0,285.99637973223054,285.99637973223054,0.0,0.0
4160,2019-06-23 08:00:00,6,2019-06-23 09:00:00,0.10547,0.10547,0.10547,0.0,0.49917661681926795,322.6497667296884,-0.0,36.65338699745786,0.0,285.99637973223054,285.99637973223054,0.0,0.0
4161,2019-06-23 09:00:00,6,2019-06-23 10:00:00,0.10547,0.10547,0.10547,0.0,0.4327755534180761,319.0558122300558,-0.0,33.05943249782524,0.0,285.99637973223054,285.99637973223054,0.0,0.0
4162,2019-06-23 10:00:00,6,2019-06-23 11:00:00,0.10547,0.10547,0.10547,0.0,0.37288527715389996,316.00053053595525,-0.0,30.004150803724713,0.0,285.99637973223054,285.99637973223054,0.0,0.0
4163,2019-06-23 11:00:00,6,2019-06-23 12:00:00,0.10547,0.10547,0.10547,0.0,0.3185299314949784,302.051291451111,-0.0,16.054911718880476,0.0,285.99637973223054,285.99637973223054,0.0,0.0
4164,2019-06-23 12:00:00,6,2019-06-23 13:00:00,0.10547,0.10547,0.10547,0.0,0.2894449464970065,308.6846619829639,-0.0,22.68828225073338,0.0,285.99637973223054,285.99637973223054,0.0,0.0
4165,2019-06-23 13:00:00,6,2019-06-23 14:00:00,0.10547,0.10547,0.10547,0.0,0.24834298589785184,310.56564626491627,-0.0,24.56926653268573,0.0,285.99637973223054,285.99637973223054,0.0,0.0
4166,2019-06-23 14:00:00,6,2019-06-23 15:00:00,0.12561,0.12561,0.12561,0.0,0.20383344507776896,311.9081681909713,-0.0,25.911788458740773,0.0,285.99637973223054,285.99637973223054,0.0,0.0
4167,2019-06-23 15:00:00,6,2019-06-23 16:00:00,0.12561,0.12561,0.12561,0.0,0.15689179931918062,313.57378724083225,-0.0,27.57740750860171,0.0,285.99637973223054,285.99637973223054,0.0,0.0
4168,2019-06-23 16:00:00,6,2019-06-23 17:00:00,0.15111,0.15111,0.15111,0.0,0.10693272774562682,312.99760826407163,-0.0,27.001228531841093,0.0,285.99637973223054,285.99637973223054,0.0,0.0
4169,2019-06-23 17:00:00,6,2019-06-23 18:00:00,0.15111,0.15111,0.15111,0.0,0.05801745866620453,245.25213885834157,-0.0,0.0,0.0,245.25213885834157,245.25213885834157,0.0,0.0
4170,2019-06-23 18:00:00,6,2019-06-23 19:00:00,0.15111,0.15111,0.15111,0.0,0.05801745866620453,254.10786574847248,-0.0,0.0,0.0,254.10786574847248,254.10786574847248,0.0,0.0
4171,2019-06-23 19:00:00,6,2019-06-23 20:00:00,0.15111,0.15111,0.15111,0.0,0.05801745866620453,227.0007392375061,-0.0,4.425637183744903,0.0,222.5751020537612,222.5751020537612,0.0,0.0
4172,2019-06-23 20:00:00,6,2019-06-23 21:00:00,0.15111,0.15111,0.15111,0.0,0.05,221.42701322038113,-0.0,0.0,0.0,221.42701322038113,221.42701322038113,0.0,0.0
4173,2019-06-23 21:00:00,6,2019-06-23 22:00:00,0.12561,0.12561,0.12561,0.0,0.05,205.99167886985947,-0.0,0.0,0.0,205.99167886985947,205.99167886985947,0.0,0.0
4174,2019-06-23 22:00:00,6,2019-06-23 23:00:00,0.12561,0.12561,0.12561,0.0,0.05,204.76122857136284,-0.0,0.0,0.0,204.76122857136284,204.76122857136284,0.0,0.0
4175,2019-06-23 23:00:00,6,2019-06-24 00:00:00,0.10547,0.10547,0.10547,0.0,0.05,204.32175148570536,-0.0,0.0,0.0,204.32175148570536,204.32175148570536,0.0,0.0
4176,2019-06-24 00:00:00,6,2019-06-24 01:00:00,0.10547,0.10547,0.10547,0.0,0.05,206.85418369939637,-78.25742164439085,0.0,0.0,285.11160534378723,285.11160534378723,0.0,1.0
4177,2019-06-24 01:00:00,6,2019-06-24 02:00:00,0.10547,0.10547,0.10547,0.0,0.16999471318806597,205.62272252729608,-79.48888281649114,0.0,0.0,285.11160534378723,285.11160534378723,0.0,1.0
4178,2019-06-24 02:00:00,6,2019-06-24 03:00:00,0.10547,0.10547,0.10547,0.0,0.29187766684001903,204.65045473632534,-80.46115060746187,0.0,0.0,285.11160534378723,285.11160534378723,0.0,1.0
4179,2019-06-24 03:00:00,6,2019-06-24 04:00:00,0.10547,0.10547,0.10547,0.0,0.41525143110479396,206.94901816717254,-78.16258717661468,0.0,0.0,285.11160534378723,285.11160534378723,0.0,1.0
4180,2019-06-24 04:00:00,6,2019-06-24 05:00:00,0.10547,0.10547,0.10547,0.0,0.5351007314422699,205.71341720221673,-79.39818814157049,0.0,0.0,285.11160534378723,285.11160534378723,0.0,1.0
4181,2019-06-24 05:00:00,6,2019-06-24 06:00:00,0.10547,0.10547,0.10547,0.0,0.6568446199260113,221.5194242479809,-0.0,0.0,0.0,221.5194242479809,221.5194242479809,0.0,0.0
4182,2019-06-24 06:00:00,6,2019-06-24 07:00:00,0.10547,0.10547,0.10547,0.0,0.6568446199260113,252.53668359815703,-32.57492174563019,0.0,0.0,285.11160534378723,285.11160534378723,0.0,1.0
4183,2019-06-24 07:00:00,6,2019-06-24 08:00:00,0.10547,0.10547,0.10547,0.0,0.7067928332693107,246.81294482241844,-38.298660521368774,0.0,0.0,285.11160534378723,285.11160534378723,0.0,1.0
4184,2019-06-24 08:00:00,6,2019-06-24 09:00:00,0.10547,0.10547,0.10547,0.0,0.765517446068743,268.064588498841,-17.047016844946242,0.0,0.0,285.11160534378723,285.11160534378723,0.0,1.0
4185,2019-06-24 09:00:00,6,2019-06-24 10:00:00,0.10547,0.10547,0.10547,0.0,0.7916562052309938,267.5361122050864,-17.57549313870082,0.0,0.0,285.11160534378723,285.11160534378723,0.0,1.0
4186,2019-06-24 10:00:00,6,2019-06-24 11:00:00,0.10547,0.10547,0.10547,0.0,0.818605294710335,264.95136210461595,-20.160243239171265,0.0,0.0,285.11160534378723,285.11160534378723,0.0,1.0
4187,2019-06-24 11:00:00,6,2019-06-24 12:00:00,0.10547,0.10547,0.10547,0.0,0.8495176676770644,255.49527880912976,-29.61632653465746,0.0,0.0,285.11160534378723,285.11160534378723,0.0,1.0
4188,2019-06-24 12:00:00,6,2019-06-24 13:00:00,0.10547,0.10547,0.10547,0.0,0.8949293683635392,251.8256960312353,-33.285909312551865,0.0,0.0,285.1116053437872,285.1116053437872,0.0,1.0
4189,2019-06-24 13:00:00,6,2019-06-24 14:00:00,0.10547,0.10547,0.10547,0.0,0.9459677626427854,249.87318967603852,-35.238415667748654,0.0,0.0,285.1116053437872,285.1116053437872,0.0,1.0
4190,2019-06-24 14:00:00,6,2019-06-24 15:00:00,0.12561,0.12561,0.12561,0.0,1.0,229.94885457320305,-0.0,0.0,0.0,229.94885457320305,229.94885457320305,0.0,0.0
4191,2019-06-24 15:00:00,6,2019-06-24 16:00:00,0.12561,0.12561,0.12561,0.0,1.0,231.26065103934113,-0.0,0.0,0.0,231.26065103934113,231.26065103934113,0.0,0.0
4192,2019-06-24 16:00:00,6,2019-06-24 17:00:00,0.15111,0.15111,0.15111,0.0,1.0,220.59449119198214,-0.0,220.59449119198214,0.0,0.0,0.0,0.0,0.0
4193,2019-06-24 17:00:00,6,2019-06-24 18:00:00,0.15111,0.15111,0.15111,0.0,0.6003722985652498,215.39147662705702,-0.0,84.20119850308494,0.0,131.19027812397206,131.19027812397206,0.0,0.0
4194,2019-06-24 18:00:00,6,2019-06-24 19:00:00,0.15111,0.15111,0.15111,0.0,0.44783389547995095,219.60431030493297,-0.0,219.60431030493297,0.0,0.0,0.0,0.0,0.0
4195,2019-06-24 19:00:00,6,2019-06-24 20:00:00,0.15111,0.15111,0.15111,0.0,0.05,197.9558239860512,-0.0,0.0,0.0,197.9558239860512,197.9558239860512,0.0,0.0
4196,2019-06-24 20:00:00,6,2019-06-24 21:00:00,0.15111,0.15111,0.15111,0.0,0.05,202.2001985924257,-0.0,0.0,0.0,202.2001985924257,202.2001985924257,0.0,0.0
4197,2019-06-24 21:00:00,6,2019-06-24 22:00:00,0.12561,0.12561,0.12561,0.0,0.05,205.15388609408754,-0.0,0.0,0.0,205.15388609408754,205.15388609408754,0.0,0.0
4198,2019-06-24 22:00:00,6,2019-06-24 23:00:00,0.12561,0.12561,0.12561,0.0,0.05,209.72584505080488,-0.0,0.0,0.0,209.72584505080488,209.72584505080488,0.0,0.0
4199,2019-06-24 23:00:00,6,2019-06-25 00:00:00,0.10547,0.10547,0.10547,0.0,0.05,204.35583360397482,-0.0,0.0,0.0,204.35583360397482,204.35583360397482,0.0,0.0
4200,2019-06-25 00:00:00,6,2019-06-25 01:00:00,0.10547,0.10547,0.10547,0.0,0.05,200.78851335559418,-0.0,0.0,0.0,200.78851335559418,200.78851335559418,0.0,0.0
4201,2019-06-25 01:00:00,6,2019-06-25 02:00:00,0.10547,0.10547,0.10547,0.0,0.05,200.80914624236658,-0.0,0.0,0.0,200.80914624236658,200.80914624236658,0.0,0.0
4202,2019-06-25 02:00:00,6,2019-06-25 03:00:00,0.10547,0.10547,0.10547,0.0,0.05,199.9447683047572,-0.0,0.0,0.0,199.9447683047572,199.9447683047572,0.0,0.0
4203,2019-06-25 03:00:00,6,2019-06-25 04:00:00,0.10547,0.10547,0.10547,0.0,0.05,201.54797426476495,-0.0,0.0,0.0,201.54797426476495,201.54797426476495,0.0,0.0
4204,2019-06-25 04:00:00,6,2019-06-25 05:00:00,0.10547,0.10547,0.10547,0.0,0.05,199.36829843615942,-81.54344756722605,0.0,0.0,280.9117460033855,280.9117460033855,0.0,1.0
4205,2019-06-25 05:00:00,6,2019-06-25 06:00:00,0.10547,0.10547,0.10547,0.0,0.17503328626974662,214.9819401699146,-65.92980583347088,0.0,0.0,280.9117460033855,280.9117460033855,0.0,1.0
4206,2019-06-25 06:00:00,6,2019-06-25 07:00:00,0.10547,0.10547,0.10547,0.0,0.27612565521440197,218.61801805237434,-62.293727951011135,0.0,0.0,280.9117460033855,280.9117460033855,0.0,1.0
4207,2019-06-25 07:00:00,6,2019-06-25 08:00:00,0.10547,0.10547,0.10547,0.0,0.37164270473928573,233.93542023360087,-46.97632576978461,0.0,0.0,280.9117460033855,280.9117460033855,0.0,1.0
4208,2019-06-25 08:00:00,6,2019-06-25 09:00:00,0.10547,0.10547,0.10547,0.0,0.4436730709196221,223.8787974004052,-57.03294860298027,0.0,0.0,280.9117460033855,280.9117460033855,0.0,1.0
4209,2019-06-25 09:00:00,6,2019-06-25 10:00:00,0.10547,0.10547,0.10547,0.0,0.5311235921108586,223.7393225725724,-57.17242343081307,0.0,0.0,280.9117460033855,280.9117460033855,0.0,1.0
4210,2019-06-25 10:00:00,6,2019-06-25 11:00:00,0.10547,0.10547,0.10547,0.0,0.618787974704772,222.71831876590434,-58.19342723748113,0.0,0.0,280.9117460033855,280.9117460033855,0.0,1.0
4211,2019-06-25 11:00:00,6,2019-06-25 12:00:00,0.10547,0.10547,0.10547,0.0,0.7080178964689097,220.73393395167025,-60.17781205171522,0.0,0.0,280.9117460033855,280.9117460033855,0.0,1.0
4212,2019-06-25 12:00:00,6,2019-06-25 13:00:00,0.10547,0.10547,0.10547,0.0,0.8002905416148729,216.6279577880713,-59.199154486469254,0.0,0.0,275.8271122745406,275.8271122745406,0.0,1.0
4213,2019-06-25 13:00:00,6,2019-06-25 14:00:00,0.10547,0.10547,0.10547,0.0,0.8910625784941256,214.95023527187774,-71.04614446035279,0.0,0.0,285.99637973223054,285.99637973223054,0.0,1.0
4214,2019-06-25 14:00:00,6,2019-06-25 15:00:00,0.12561,0.12561,0.12561,0.0,1.0,214.0086733640261,-0.0,0.0,0.0,214.0086733640261,214.0086733640261,0.0,0.0
4215,2019-06-25 15:00:00,6,2019-06-25 16:00:00,0.12561,0.12561,0.12561,0.0,1.0,207.4781020645593,-0.0,0.0,0.0,207.4781020645593,207.4781020645593,0.0,0.0
4216,2019-06-25 16:00:00,6,2019-06-25 17:00:00,0.15111,0.15111,0.15111,0.0,1.0,195.3825356723114,-0.0,195.3825356723114,0.0,0.0,0.0,0.0,0.0
4217,2019-06-25 17:00:00,6,2019-06-25 18:00:00,0.15111,0.15111,0.15111,0.0,0.6460461310284213,187.4409841018213,-0.0,187.4409841018213,0.0,0.0,0.0,0.0,0.0
4218,2019-06-25 18:00:00,6,2019-06-25 19:00:00,0.15111,0.15111,0.15111,0.0,0.3064791308439625,187.52305066973562,-0.0,141.5764802258673,0.0,45.946570443868325,45.946570443868325,0.0,0.0
4219,2019-06-25 19:00:00,6,2019-06-25 20:00:00,0.15111,0.15111,0.15111,0.0,0.05,187.17284520513394,-0.0,0.0,0.0,187.17284520513394,187.17284520513394,0.0,0.0
4220,2019-06-25 20:00:00,6,2019-06-25 21:00:00,0.15111,0.15111,0.15111,0.0,0.05,193.9750627631554,-0.0,0.0,0.0,193.9750627631554,193.9750627631554,0.0,0.0
4221,2019-06-25 21:00:00,6,2019-06-25 22:00:00,0.12561,0.12561,0.12561,0.0,0.05,191.69477504593146,-0.0,0.0,0.0,191.69477504593146,191.69477504593146,0.0,0.0
4222,2019-06-25 22:00:00,6,2019-06-25 23:00:00,0.12561,0.12561,0.12561,0.0,0.05,192.61187974852854,-0.0,0.0,0.0,192.61187974852854,192.61187974852854,0.0,0.0
4223,2019-06-25 23:00:00,6,2019-06-26 00:00:00,0.10547,0.10547,0.10547,0.0,0.05,191.13539708800838,-0.0,0.0,0.0,191.13539708800838,191.13539708800838,0.0,0.0
4224,2019-06-26 00:00:00,6,2019-06-26 01:00:00,0.10547,0.10547,0.10547,0.0,0.05,194.36535423913915,-91.63102549309139,0.0,0.0,285.99637973223054,285.99637973223054,0.0,1.0
4225,2019-06-26 01:00:00,6,2019-06-26 02:00:00,0.10547,0.10547,0.10547,0.0,0.19050090575607348,198.61155800740124,-87.3848217248293,0.0,0.0,285.99637973223054,285.99637973223054,0.0,1.0
4226,2019-06-26 02:00:00,6,2019-06-26 03:00:00,0.10547,0.10547,0.10547,0.0,0.32449096573414504,199.57719577876153,-86.419183953469,0.0,0.0,285.99637973223054,285.99637973223054,0.0,1.0
4227,2019-06-26 03:00:00,6,2019-06-26 04:00:00,0.10547,0.10547,0.10547,0.0,0.45700038112946423,225.1350990951577,-60.86128063707284,0.0,0.0,285.99637973223054,285.99637973223054,0.0,1.0
4228,2019-06-26 04:00:00,6,2019-06-26 05:00:00,0.10547,0.10547,0.10547,0.0,0.5503210114396426,228.63793256116574,-57.358447171064796,0.0,0.0,285.99637973223054,285.99637973223054,0.0,1.0
4229,2019-06-26 05:00:00,6,2019-06-26 06:00:00,0.10547,0.10547,0.10547,0.0,0.6382706304352752,278.15654958849854,-7.8398301437320015,0.0,0.0,285.99637973223054,285.99637973223054,0.0,1.0
4230,2019-06-26 06:00:00,6,2019-06-26 07:00:00,0.10547,0.10547,0.10547,0.0,0.650291703322331,301.2902853704308,-0.0,15.293905638200272,0.0,285.99637973223054,285.99637973223054,0.0,0.0
4231,2019-06-26 07:00:00,6,2019-06-26 08:00:00,0.10547,0.10547,0.10547,0.0,0.62258535252849,307.12241475258014,-0.0,21.126035020349605,0.0,285.99637973223054,285.99637973223054,0.0,0.0
4232,2019-06-26 08:00:00,6,2019-06-26 09:00:00,0.10547,0.10547,0.10547,0.0,0.5843135499553929,312.54695343560024,-0.0,26.550573703369707,0.0,285.99637973223054,285.99637973223054,0.0,0.0
4233,2019-06-26 09:00:00,6,2019-06-26 10:00:00,0.10547,0.10547,0.10547,0.0,0.5362146845507376,312.4897288957044,-0.0,26.49334916347385,0.0,285.99637973223054,285.99637973223054,0.0,0.0
4234,2019-06-26 10:00:00,6,2019-06-26 11:00:00,0.10547,0.10547,0.10547,0.0,0.4882194867908212,309.7438443598353,-0.0,23.747464627604757,0.0,285.99637973223054,285.99637973223054,0.0,0.0
4235,2019-06-26 11:00:00,6,2019-06-26 12:00:00,0.10547,0.10547,0.10547,0.0,0.4451987175379141,300.0284759742727,-0.0,14.032096242042144,0.0,285.99637973223054,285.99637973223054,0.0,0.0
4236,2019-06-26 12:00:00,6,2019-06-26 13:00:00,0.10547,0.10547,0.10547,0.0,0.41977825333131596,312.1269585093429,-0.0,26.130578777112362,0.0,285.99637973223054,285.99637973223054,0.0,0.0
4237,2019-06-26 13:00:00,6,2019-06-26 14:00:00,0.10547,0.10547,0.10547,0.0,0.3724402483003153,313.99996212369484,-0.0,28.003582391464306,0.0,285.99637973223054,285.99637973223054,0.0,0.0
4238,2019-06-26 14:00:00,6,2019-06-26 15:00:00,0.12561,0.12561,0.12561,0.0,0.3217091207795466,314.9751488699009,-0.0,28.978769137670383,0.0,285.99637973223054,285.99637973223054,0.0,0.0
4239,2019-06-26 15:00:00,6,2019-06-26 16:00:00,0.12561,0.12561,0.12561,0.0,0.26921135060260754,316.815976405103,-0.0,30.81959667287248,0.0,285.99637973223054,285.99637973223054,0.0,0.0
4240,2019-06-26 16:00:00,6,2019-06-26 17:00:00,0.15111,0.15111,0.15111,0.0,0.2133787479343603,317.17746358558713,-0.0,31.181083853356597,0.0,285.99637973223054,285.99637973223054,0.0,0.0
4241,2019-06-26 17:00:00,6,2019-06-26 18:00:00,0.15111,0.15111,0.15111,0.0,0.1568912771855259,241.92494015116915,-0.0,0.0,0.0,241.92494015116915,241.92494015116915,0.0,0.0
4242,2019-06-26 18:00:00,6,2019-06-26 19:00:00,0.15111,0.15111,0.15111,0.0,0.1568912771855259,238.2831850578974,-0.0,0.0,0.0,238.2831850578974,238.2831850578974,0.0,0.0
4243,2019-06-26 19:00:00,6,2019-06-26 20:00:00,0.15111,0.15111,0.15111,0.0,0.1568912771855259,212.64713993912736,-0.0,59.00398500641029,0.0,153.64315493271707,153.64315493271707,0.0,0.0
4244,2019-06-26 20:00:00,6,2019-06-26 21:00:00,0.15111,0.15111,0.15111,0.0,0.05,214.13042920984233,-0.0,0.0,0.0,214.13042920984233,214.13042920984233,0.0,0.0
4245,2019-06-26 21:00:00,6,2019-06-26 22:00:00,0.12561,0.12561,0.12561,0.0,0.05,201.92818486567407,-0.0,0.0,0.0,201.92818486567407,201.92818486567407,0.0,0.0
4246,2019-06-26 22:00:00,6,2019-06-26 23:00:00,0.12561,0.12561,0.12561,0.0,0.05,203.81219220713783,-0.0,0.0,0.0,203.81219220713783,203.81219220713783,0.0,0.0
4247,2019-06-26 23:00:00,6,2019-06-27 00:00:00,0.10547,0.10547,0.10547,0.0,0.05,201.3752894364171,-0.0,0.0,0.0,201.3752894364171,201.3752894364171,0.0,0.0
4248,2019-06-27 00:00:00,6,2019-06-27 01:00:00,0.10547,0.10547,0.10547,0.0,0.05,201.81360542906617,-84.18277430316436,0.0,0.0,285.99637973223054,285.99637973223054,0.0,1.0
4249,2019-06-27 01:00:00,6,2019-06-27 02:00:00,0.10547,0.10547,0.10547,0.0,0.1790802539315187,205.24936391297769,-80.74701581925285,0.0,0.0,285.99637973223054,285.99637973223054,0.0,1.0
4250,2019-06-27 02:00:00,6,2019-06-27 03:00:00,0.10547,0.10547,0.10547,0.0,0.30289234485437305,206.49123638689133,-79.5051433453392,0.0,0.0,285.99637973223054,285.99637973223054,0.0,1.0
4251,2019-06-27 03:00:00,6,2019-06-27 04:00:00,0.10547,0.10547,0.10547,0.0,0.4248002313172265,228.89264144824048,-57.103738283990054,0.0,0.0,285.99637973223054,285.99637973223054,0.0,1.0
4252,2019-06-27 04:00:00,6,2019-06-27 05:00:00,0.10547,0.10547,0.10547,0.0,0.5123592966860112,226.75693978592196,-59.23943994630858,0.0,0.0,285.99637973223054,285.99637973223054,0.0,1.0
4253,2019-06-27 05:00:00,6,2019-06-27 06:00:00,0.10547,0.10547,0.10547,0.0,0.6031931046036844,281.50316825974636,-4.493211472484177,0.0,0.0,285.99637973223054,285.99637973223054,0.0,1.0
4254,2019-06-27 06:00:00,6,2019-06-27 07:00:00,0.10547,0.10547,0.10547,0.0,0.6100826955281601,307.7015824705759,-0.0,21.70520273834535,0.0,285.99637973223054,285.99637973223054,0.0,0.0
4255,2019-06-27 07:00:00,6,2019-06-27 08:00:00,0.10547,0.10547,0.10547,0.0,0.5707616760746359,309.43284744404485,-0.0,23.436467711814316,0.0,285.99637973223054,285.99637973223054,0.0,0.0
4256,2019-06-27 08:00:00,6,2019-06-27 09:00:00,0.10547,0.10547,0.10547,0.0,0.528304307031494,314.90933199209707,-0.0,28.91295225986653,0.0,285.99637973223054,285.99637973223054,0.0,0.0
4257,2019-06-27 09:00:00,6,2019-06-27 10:00:00,0.10547,0.10547,0.10547,0.0,0.4759257703288373,313.7676981901119,-0.0,27.771318457881364,0.0,285.99637973223054,285.99637973223054,0.0,0.0
4258,2019-06-27 10:00:00,6,2019-06-27 11:00:00,0.10547,0.10547,0.10547,0.0,0.4256154108036899,310.9510899413413,-0.0,24.95471020911077,0.0,285.99637973223054,285.99637973223054,0.0,0.0
4259,2019-06-27 11:00:00,6,2019-06-27 12:00:00,0.10547,0.10547,0.10547,0.0,0.3804076024538516,300.1450913837854,-0.0,14.14871165155489,0.0,285.99637973223054,285.99637973223054,0.0,0.0
4260,2019-06-27 12:00:00,6,2019-06-27 13:00:00,0.10547,0.10547,0.10547,0.0,0.35477587844741154,311.84793961487776,-0.0,25.851559882647223,0.0,285.99637973223054,285.99637973223054,0.0,0.0
4261,2019-06-27 13:00:00,6,2019-06-27 14:00:00,0.10547,0.10547,0.10547,0.0,0.3079433424281231,315.89758427838603,-0.0,29.901204546155498,0.0,285.99637973223054,285.99637973223054,0.0,0.0
4262,2019-06-27 14:00:00,6,2019-06-27 15:00:00,0.12561,0.12561,0.12561,0.0,0.253774493612624,317.9305303641882,-0.0,31.934150631957664,0.0,285.99637973223054,285.99637973223054,0.0,0.0
4263,2019-06-27 15:00:00,6,2019-06-27 16:00:00,0.12561,0.12561,0.12561,0.0,0.19592277145328044,321.51859871879446,-0.0,35.52221898656393,0.0,285.99637973223054,285.99637973223054,0.0,0.0
4264,2019-06-27 16:00:00,6,2019-06-27 17:00:00,0.15111,0.15111,0.15111,0.0,0.1315709254631284,322.4329777816626,-0.0,36.436598049432064,0.0,285.99637973223054,285.99637973223054,0.0,0.0
4265,2019-06-27 17:00:00,6,2019-06-27 18:00:00,0.15111,0.15111,0.15111,0.0,0.06556259566343262,245.38159585851855,-0.0,0.0,0.0,245.38159585851855,245.38159585851855,0.0,0.0
4266,2019-06-27 18:00:00,6,2019-06-27 19:00:00,0.15111,0.15111,0.15111,0.0,0.06556259566343262,242.18265217836026,-0.0,8.590552806214808,0.0,233.59209937214544,233.59209937214544,0.0,0.0
4267,2019-06-27 19:00:00,6,2019-06-27 20:00:00,0.15111,0.15111,0.15111,0.0,0.05,206.71883482178686,-0.0,0.0,0.0,206.71883482178686,206.71883482178686,0.0,0.0
4268,2019-06-27 20:00:00,6,2019-06-27 21:00:00,0.15111,0.15111,0.15111,0.0,0.05,207.94717570265294,-0.0,0.0,0.0,207.94717570265294,207.94717570265294,0.0,0.0
4269,2019-06-27 21:00:00,6,2019-06-27 22:00:00,0.12561,0.12561,0.12561,0.0,0.05,198.57883097530024,-0.0,0.0,0.0,198.57883097530024,198.57883097530024,0.0,0.0
4270,2019-06-27 22:00:00,6,2019-06-27 23:00:00,0.12561,0.12561,0.12561,0.0,0.05,200.08492992667578,-0.0,0.0,0.0,200.08492992667578,200.08492992667578,0.0,0.0
4271,2019-06-27 23:00:00,6,2019-06-28 00:00:00,0.10547,0.10547,0.10547,0.0,0.05,198.20158425584523,-0.0,0.0,0.0,198.20158425584523,198.20158425584523,0.0,0.0
4272,2019-06-28 00:00:00,6,2019-06-28 01:00:00,0.10547,0.10547,0.10547,0.0,0.05,198.66444280567202,-87.33193692655851,0.0,0.0,285.99637973223054,285.99637973223054,0.0,1.0
4273,2019-06-28 01:00:00,6,2019-06-28 02:00:00,0.10547,0.10547,0.10547,0.0,0.1839089699540564,200.58828378309113,-85.40809594913941,0.0,0.0,285.99637973223054,285.99637973223054,0.0,1.0
4274,2019-06-28 02:00:00,6,2019-06-28 03:00:00,0.10547,0.10547,0.10547,0.0,0.31486805040940347,200.2834191033717,-85.71296062885884,0.0,0.0,285.99637973223054,285.99637973223054,0.0,1.0
4275,2019-06-28 03:00:00,6,2019-06-28 04:00:00,0.10547,0.10547,0.10547,0.0,0.44629459004032035,220.25111730041192,-65.74526243181862,0.0,0.0,285.99637973223054,285.99637973223054,0.0,1.0
4276,2019-06-28 04:00:00,6,2019-06-28 05:00:00,0.10547,0.10547,0.10547,0.0,0.5471039924357756,218.66546300860188,-67.33091672362866,0.0,0.0,285.99637973223054,285.99637973223054,0.0,1.0
4277,2019-06-28 05:00:00,6,2019-06-28 06:00:00,0.10547,0.10547,0.10547,0.0,0.6503447314120062,273.40909786298187,-12.58728186924867,0.0,0.0,285.99637973223054,285.99637973223054,0.0,1.0
4278,2019-06-28 06:00:00,6,2019-06-28 07:00:00,0.10547,0.10547,0.10547,0.0,0.6696452302781876,304.3425373071585,-0.0,18.346157574927986,0.0,285.99637973223054,285.99637973223054,0.0,0.0
4279,2019-06-28 07:00:00,6,2019-06-28 08:00:00,0.10547,0.10547,0.10547,0.0,0.6364094375699847,313.9335545260373,-0.0,27.937174793806776,0.0,285.99637973223054,285.99637973223054,0.0,0.0
4280,2019-06-28 08:00:00,6,2019-06-28 09:00:00,0.10547,0.10547,0.10547,0.0,0.5857986136681608,318.5665486935521,-0.0,32.57016896132154,0.0,285.99637973223054,285.99637973223054,0.0,0.0
4281,2019-06-28 09:00:00,6,2019-06-28 10:00:00,0.10547,0.10547,0.10547,0.0,0.5267946843904044,316.4356483846288,-0.0,30.439268652398255,0.0,285.99637973223054,285.99637973223054,0.0,0.0
4282,2019-06-28 10:00:00,6,2019-06-28 11:00:00,0.10547,0.10547,0.10547,0.0,0.47165108175924814,313.4572075840798,-0.0,27.460827851849274,0.0,285.99637973223054,285.99637973223054,0.0,0.0
4283,2019-06-28 11:00:00,6,2019-06-28 12:00:00,0.10547,0.10547,0.10547,0.0,0.4219032052160429,300.05704979441936,-0.0,14.06067006218882,0.0,285.99637973223054,285.99637973223054,0.0,0.0
4284,2019-06-28 12:00:00,6,2019-06-28 13:00:00,0.10547,0.10547,0.10547,0.0,0.39643097684251244,310.25898632182236,-0.0,24.262606589591826,0.0,285.99637973223054,285.99637973223054,0.0,0.0
4285,2019-06-28 13:00:00,6,2019-06-28 14:00:00,0.10547,0.10547,0.10547,0.0,0.35247697939759975,311.6544094812577,-0.0,25.65802974902715,0.0,285.99637973223054,285.99637973223054,0.0,0.0
4286,2019-06-28 14:00:00,6,2019-06-28 15:00:00,0.12561,0.12561,0.12561,0.0,0.3059950414464636,314.3885510652503,-0.0,28.392171333019746,0.0,285.99637973223054,285.99637973223054,0.0,0.0
4287,2019-06-28 15:00:00,6,2019-06-28 16:00:00,0.12561,0.12561,0.12561,0.0,0.2545599484518626,317.1045129261505,-0.0,31.10813319391997,0.0,285.99637973223054,285.99637973223054,0.0,0.0
4288,2019-06-28 16:00:00,6,2019-06-28 17:00:00,0.15111,0.15111,0.15111,0.0,0.1982046346947612,316.83911898784817,-0.0,30.84273925561763,0.0,285.99637973223054,285.99637973223054,0.0,0.0
4289,2019-06-28 17:00:00,6,2019-06-28 18:00:00,0.15111,0.15111,0.15111,0.0,0.14233010705777274,239.45681095232194,-0.0,50.966219095890565,0.0,188.49059185643137,188.49059185643137,0.0,0.0
4290,2019-06-28 18:00:00,6,2019-06-28 19:00:00,0.15111,0.15111,0.15111,0.0,0.05,243.21150786929618,-0.0,0.0,0.0,243.21150786929618,243.21150786929618,0.0,0.0
4291,2019-06-28 19:00:00,6,2019-06-28 20:00:00,0.15111,0.15111,0.15111,0.0,0.05,219.52110882089238,-0.0,0.0,0.0,219.52110882089238,219.52110882089238,0.0,0.0
4292,2019-06-28 20:00:00,6,2019-06-28 21:00:00,0.15111,0.15111,0.15111,0.0,0.05,213.99186335446527,-0.0,0.0,0.0,213.99186335446527,213.99186335446527,0.0,0.0
4293,2019-06-28 21:00:00,6,2019-06-28 22:00:00,0.12561,0.12561,0.12561,0.0,0.05,200.60331486862069,-0.0,0.0,0.0,200.60331486862069,200.60331486862069,0.0,0.0
4294,2019-06-28 22:00:00,6,2019-06-28 23:00:00,0.12561,0.12561,0.12561,0.0,0.05,202.108700886983,-0.0,0.0,0.0,202.108700886983,202.108700886983,0.0,0.0
4295,2019-06-28 23:00:00,6,2019-06-29 00:00:00,0.10547,0.10547,0.10547,0.0,0.05,199.45394397426574,-0.0,0.0,0.0,199.45394397426574,199.45394397426574,0.0,0.0
4296,2019-06-29 00:00:00,6,2019-06-29 01:00:00,0.10547,0.10547,0.10547,0.0,0.05,202.41060664373185,-83.58577308849868,0.0,0.0,285.99637973223054,285.99637973223054,0.0,1.0
4297,2019-06-29 01:00:00,6,2019-06-29 02:00:00,0.10547,0.10547,0.10547,0.0,0.17816485206903132,203.47048305246133,-82.5258966797692,0.0,0.0,285.99637973223054,285.99637973223054,0.0,1.0
4298,2019-06-29 02:00:00,6,2019-06-29 03:00:00,0.10547,0.10547,0.10547,0.0,0.3047045603113441,199.7549386150019,-86.24144111722865,0.0,0.0,285.99637973223054,285.99637973223054,0.0,1.0
4299,2019-06-29 03:00:00,6,2019-06-29 04:00:00,0.10547,0.10547,0.10547,0.0,0.4369414366910947,220.0013677721151,-65.99501196011545,0.0,0.0,285.99637973223054,285.99637973223054,0.0,1.0
4300,2019-06-29 04:00:00,6,2019-06-29 05:00:00,0.10547,0.10547,0.10547,0.0,0.5381337883632717,217.93395766552413,-68.0624220667064,0.0,0.0,285.99637973223054,285.99637973223054,0.0,1.0
4301,2019-06-29 05:00:00,6,2019-06-29 06:00:00,0.10547,0.10547,0.10547,0.0,0.6424961688655548,271.2902602020701,-14.706119530160436,0.0,0.0,285.99637973223054,285.99637973223054,0.0,1.0
4302,2019-06-29 06:00:00,6,2019-06-29 07:00:00,0.10547,0.10547,0.10547,0.0,0.6650455521451342,301.99652328721436,-0.0,16.000143554983822,0.0,285.99637973223054,285.99637973223054,0.0,0.0
4303,2019-06-29 07:00:00,6,2019-06-29 08:00:00,0.10547,0.10547,0.10547,0.0,0.636059784835381,311.3035590636556,-0.0,25.30717933142506,0.0,285.99637973223054,285.99637973223054,0.0,0.0
4304,2019-06-29 08:00:00,6,2019-06-29 09:00:00,0.10547,0.10547,0.10547,0.0,0.5902134454668573,317.92679713154337,-0.0,31.93041739931283,0.0,285.99637973223054,285.99637973223054,0.0,0.0
4305,2019-06-29 09:00:00,6,2019-06-29 10:00:00,0.10547,0.10547,0.10547,0.0,0.532368486410131,317.4168431705539,-0.0,31.42046343832334,0.0,285.99637973223054,285.99637973223054,0.0,0.0
4306,2019-06-29 10:00:00,6,2019-06-29 11:00:00,0.10547,0.10547,0.10547,0.0,0.47544735699287866,315.0910288191954,-0.0,29.094649086964864,0.0,285.99637973223054,285.99637973223054,0.0,0.0
4307,2019-06-29 11:00:00,6,2019-06-29 12:00:00,0.10547,0.10547,0.10547,0.0,0.4227396593715655,300.7531500567535,-0.0,14.756770324522961,0.0,285.99637973223054,285.99637973223054,0.0,0.0
4308,2019-06-29 12:00:00,6,2019-06-29 13:00:00,0.10547,0.10547,0.10547,0.0,0.39600637979815434,308.36133337360855,-0.0,22.36495364137801,0.0,285.99637973223054,285.99637973223054,0.0,0.0
4309,2019-06-29 13:00:00,6,2019-06-29 14:00:00,0.10547,0.10547,0.10547,0.0,0.3554901594333391,309.3108088706589,-0.0,23.314429138428352,0.0,285.99637973223054,285.99637973223054,0.0,0.0
4310,2019-06-29 14:00:00,6,2019-06-29 15:00:00,0.12561,0.12561,0.12561,0.0,0.3132538747622733,310.6553787683095,-0.0,24.658999036078967,0.0,285.99637973223054,285.99637973223054,0.0,0.0
4311,2019-06-29 15:00:00,6,2019-06-29 16:00:00,0.12561,0.12561,0.12561,0.0,0.2685817750592317,313.07367409891054,-0.0,27.077294366680007,0.0,285.99637973223054,285.99637973223054,0.0,0.0
4312,2019-06-29 16:00:00,6,2019-06-29 17:00:00,0.15111,0.15111,0.15111,0.0,0.21952870555437662,313.082803223392,-0.0,27.08642349116144,0.0,285.99637973223054,285.99637973223054,0.0,0.0
4313,2019-06-29 17:00:00,6,2019-06-29 18:00:00,0.15111,0.15111,0.15111,0.0,0.17045909778053345,241.89030025590685,-0.0,66.49342197485447,0.0,175.39687828105238,175.39687828105238,0.0,0.0
4314,2019-06-29 18:00:00,6,2019-06-29 19:00:00,0.15111,0.15111,0.15111,0.0,0.05,244.87105535997426,-0.0,0.0,0.0,244.87105535997426,244.87105535997426,0.0,0.0
4315,2019-06-29 19:00:00,6,2019-06-29 20:00:00,0.15111,0.15111,0.15111,0.0,0.05,220.5119435385555,-0.0,0.0,0.0,220.5119435385555,220.5119435385555,0.0,0.0
4316,2019-06-29 20:00:00,6,2019-06-29 21:00:00,0.15111,0.15111,0.15111,0.0,0.05,215.39436458869108,-0.0,0.0,0.0,215.39436458869108,215.39436458869108,0.0,0.0
4317,2019-06-29 21:00:00,6,2019-06-29 22:00:00,0.12561,0.12561,0.12561,0.0,0.05,198.93041177122157,-0.0,0.0,0.0,198.93041177122157,198.93041177122157,0.0,0.0
4318,2019-06-29 22:00:00,6,2019-06-29 23:00:00,0.12561,0.12561,0.12561,0.0,0.05,199.94777633649667,-0.0,0.0,0.0,199.94777633649667,199.94777633649667,0.0,0.0
4319,2019-06-29 23:00:00,6,2019-06-30 00:00:00,0.10547,0.10547,0.10547,0.0,0.05,198.3240850414888,-0.0,0.0,0.0,198.3240850414888,198.3240850414888,0.0,0.0
4320,2019-06-30 00:00:00,6,2019-06-30 01:00:00,0.10547,0.10547,0.10547,0.0,0.05,201.31774305934286,-84.67863667288768,0.0,0.0,285.99637973223054,285.99637973223054,0.0,1.0
4321,2019-06-30 01:00:00,6,2019-06-30 02:00:00,0.10547,0.10547,0.10547,0.0,0.1798405762317611,203.10293499262448,-82.89344473960605,0.0,0.0,285.99637973223054,285.99637973223054,0.0,1.0
4322,2019-06-30 02:00:00,6,2019-06-30 03:00:00,0.10547,0.10547,0.10547,0.0,0.30694385816582376,200.63040114118607,-85.36597859104447,0.0,0.0,285.99637973223054,285.99637973223054,0.0,1.0
4323,2019-06-30 03:00:00,6,2019-06-30 04:00:00,0.10547,0.10547,0.10547,0.0,0.437838358672092,223.4937449889771,-62.502634743253424,0.0,0.0,285.99637973223054,285.99637973223054,0.0,1.0
4324,2019-06-30 04:00:00,6,2019-06-30 05:00:00,0.10547,0.10547,0.10547,0.0,0.5336757319450806,222.75601707403487,-63.240362658195664,0.0,0.0,285.99637973223054,285.99637973223054,0.0,1.0
4325,2019-06-30 05:00:00,6,2019-06-30 06:00:00,0.10547,0.10547,0.10547,0.0,0.6306442880209805,277.3584488075267,-8.637930924703824,0.0,0.0,285.99637973223054,285.99637973223054,0.0,1.0
4326,2019-06-30 06:00:00,6,2019-06-30 07:00:00,0.10547,0.10547,0.10547,0.0,0.6438891154388597,306.8276439093164,-0.0,20.83126417708587,0.0,285.99637973223054,285.99637973223054,0.0,0.0
4327,2019-06-30 07:00:00,6,2019-06-30 08:00:00,0.10547,0.10547,0.10547,0.0,0.6061513180166027,315.44788202319336,-0.0,29.45150229096282,0.0,285.99637973223054,285.99637973223054,0.0,0.0
4328,2019-06-30 08:00:00,6,2019-06-30 09:00:00,0.10547,0.10547,0.10547,0.0,0.5527971471996411,322.51653111519227,-0.0,36.52015138296173,0.0,285.99637973223054,285.99637973223054,0.0,0.0
4329,2019-06-30 09:00:00,6,2019-06-30 10:00:00,0.10547,0.10547,0.10547,0.0,0.4866374526652901,322.3525957536596,-0.0,36.35621602142908,0.0,285.99637973223054,285.99637973223054,0.0,0.0
4330,2019-06-30 10:00:00,6,2019-06-30 11:00:00,0.10547,0.10547,0.10547,0.0,0.42077474248154173,318.39324631745865,-0.0,32.39686658522811,0.0,285.99637973223054,285.99637973223054,0.0,0.0
4331,2019-06-30 11:00:00,6,2019-06-30 12:00:00,0.10547,0.10547,0.10547,0.0,0.36208476678366475,304.4398755743664,-0.0,18.44349584213586,0.0,285.99637973223054,285.99637973223054,0.0,0.0
4332,2019-06-30 12:00:00,6,2019-06-30 13:00:00,0.10547,0.10547,0.10547,0.0,0.3286726366348679,309.0386227172727,-0.0,23.04224298504215,0.0,285.99637973223054,285.99637973223054,0.0,0.0
4333,2019-06-30 13:00:00,6,2019-06-30 14:00:00,0.10547,0.10547,0.10547,0.0,0.2869294428213857,309.9806234794481,-0.0,23.98424374721759,0.0,285.99637973223054,285.99637973223054,0.0,0.0
4334,2019-06-30 14:00:00,6,2019-06-30 15:00:00,0.12561,0.12561,0.12561,0.0,0.24347972588802055,310.93221084760694,-0.0,24.935831115376402,0.0,285.99637973223054,285.99637973223054,0.0,0.0
4335,2019-06-30 15:00:00,6,2019-06-30 16:00:00,0.12561,0.12561,0.12561,0.0,0.19830611879494733,312.4671740366591,-0.0,26.47079430442858,0.0,285.99637973223054,285.99637973223054,0.0,0.0
4336,2019-06-30 16:00:00,6,2019-06-30 17:00:00,0.15111,0.15111,0.15111,0.0,0.15035178128692456,312.24796145415934,-0.0,26.2515817219288,0.0,285.99637973223054,285.99637973223054,0.0,0.0
4337,2019-06-30 17:00:00,6,2019-06-30 18:00:00,0.15111,0.15111,0.15111,0.0,0.10279456802256078,245.5773858488583,-0.0,0.0,0.0,245.5773858488583,245.5773858488583,0.0,0.0
4338,2019-06-30 18:00:00,6,2019-06-30 19:00:00,0.15111,0.15111,0.15111,0.0,0.10279456802256078,251.6523879167032,-0.0,0.0,0.0,251.6523879167032,251.6523879167032,0.0,0.0
4339,2019-06-30 19:00:00,6,2019-06-30 20:00:00,0.15111,0.15111,0.15111,0.0,0.10279456802256078,223.67227646716384,-0.0,29.142601548453555,0.0,194.52967491871027,194.52967491871027,0.0,0.0
4340,2019-06-30 20:00:00,6,2019-06-30 21:00:00,0.15111,0.15111,0.15111,0.0,0.05,220.85994704182923,-0.0,0.0,0.0,220.85994704182923,220.85994704182923,0.0,0.0
4341,2019-06-30 21:00:00,6,2019-06-30 22:00:00,0.12561,0.12561,0.12561,0.0,0.05,208.0850786296155,-0.0,0.0,0.0,208.0850786296155,208.0850786296155,0.0,0.0
4342,2019-06-30 22:00:00,6,2019-06-30 23:00:00,0.12561,0.12561,0.12561,0.0,0.05,209.91646505426982,-0.0,0.0,0.0,209.91646505426982,209.91646505426982,0.0,0.0
4343,2019-06-30 23:00:00,6,2019-07-01 00:00:00,0.10547,0.10547,0.10547,0.0,0.05,205.81765773006677,-0.0,0.0,0.0,205.81765773006677,205.81765773006677,0.0,0.0
4344,2019-07-01 00:00:00,7,2019-07-01 01:00:00,0.10547,0.10547,0.10547,0.0,0.05,205.01599408373167,-34.09911440757331,0.0,0.0,239.11510849130497,239.11510849130497,0.0,1.0
4345,2019-07-01 01:00:00,7,2019-07-01 02:00:00,0.10547,0.10547,0.10547,0.0,0.10228530875827907,204.58525858842353,-34.52984990288145,0.0,0.0,239.11510849130497,239.11510849130497,0.0,1.0
4346,2019-07-01 02:00:00,7,2019-07-01 03:00:00,0.10547,0.10547,0.10547,0.0,0.15523107860936397,204.1198834798737,-34.99522501143129,0.0,0.0,239.11510849130497,239.11510849130497,0.0,1.0
4347,2019-07-01 03:00:00,7,2019-07-01 04:00:00,0.10547,0.10547,0.10547,0.0,0.20889042362689195,205.77489214708103,-33.34021634422395,0.0,0.0,239.11510849130497,239.11510849130497,0.0,1.0
4348,2019-07-01 04:00:00,7,2019-07-01 05:00:00,0.10547,0.10547,0.10547,0.0,0.2600120886880353,204.1001318131807,-35.014976678124285,0.0,0.0,239.11510849130497,239.11510849130497,0.0,1.0
4349,2019-07-01 05:00:00,7,2019-07-01 06:00:00,0.10547,0.10547,0.10547,0.0,0.3137017195944926,219.98227517729416,-19.132833314010824,0.0,0.0,239.11510849130497,239.11510849130497,0.0,1.0
4350,2019-07-01 06:00:00,7,2019-07-01 07:00:00,0.10547,0.10547,0.10547,0.0,0.3430387306759759,252.23636486606807,-0.0,13.121256374763107,0.0,239.11510849130497,239.11510849130497,0.0,0.0
4351,2019-07-01 07:00:00,7,2019-07-01 08:00:00,0.10547,0.10547,0.10547,0.0,0.3192683386927095,252.6481772714372,-0.0,13.533068780132226,0.0,239.11510849130497,239.11510849130497,0.0,0.0
4352,2019-07-01 08:00:00,7,2019-07-01 09:00:00,0.10547,0.10547,0.10547,0.0,0.29475190974319465,274.8090779811639,-0.0,35.693969489858944,0.0,239.11510849130497,239.11510849130497,0.0,0.0
4353,2019-07-01 09:00:00,7,2019-07-01 10:00:00,0.10547,0.10547,0.10547,0.0,0.2300889215369285,271.9166274201719,-0.0,32.801518928866926,0.0,239.11510849130497,239.11510849130497,0.0,0.0
4354,2019-07-01 10:00:00,7,2019-07-01 11:00:00,0.10547,0.10547,0.10547,0.0,0.1706658799991262,268.2464662237461,-0.0,29.13135773244113,0.0,239.11510849130497,239.11510849130497,0.0,0.0
4355,2019-07-01 11:00:00,7,2019-07-01 12:00:00,0.10547,0.10547,0.10547,0.0,0.11789168120847206,255.8751681193067,-0.0,16.760059628001727,0.0,239.11510849130497,239.11510849130497,0.0,0.0
4356,2019-07-01 12:00:00,7,2019-07-01 13:00:00,0.10547,0.10547,0.10547,0.0,0.0875292543461501,249.3975120584793,-0.0,10.282403567174315,0.0,239.11510849130497,239.11510849130497,0.0,0.0
4357,2019-07-01 13:00:00,7,2019-07-01 14:00:00,0.10547,0.10547,0.10547,0.0,0.0689017116519937,249.5488533232055,-0.0,10.433744831900526,0.0,239.11510849130497,239.11510849130497,0.0,0.0
4358,2019-07-01 14:00:00,7,2019-07-01 15:00:00,0.12561,0.12561,0.12561,0.0,0.05,231.78777954150593,-7.327328949799039,0.0,0.0,239.11510849130497,239.11510849130497,0.0,1.0
4359,2019-07-01 15:00:00,7,2019-07-01 16:00:00,0.12561,0.12561,0.12561,0.0,0.06123523772302519,234.08506362754267,-5.030044863762299,0.0,0.0,239.11510849130497,239.11510849130497,0.0,1.0
4360,2019-07-01 16:00:00,7,2019-07-01 17:00:00,0.15111,0.15111,0.15111,0.0,0.06894797318079406,224.90645406355821,-0.0,0.0,0.0,224.90645406355821,224.90645406355821,0.0,0.0
4361,2019-07-01 17:00:00,7,2019-07-01 18:00:00,0.15111,0.15111,0.15111,0.0,0.06894797318079406,216.99700827948624,-0.0,10.459281195798317,0.0,206.5377270836879,206.5377270836879,0.0,0.0
4362,2019-07-01 18:00:00,7,2019-07-01 19:00:00,0.15111,0.15111,0.15111,0.0,0.05,220.89664772830375,-0.0,0.0,0.0,220.89664772830375,220.89664772830375,0.0,0.0
4363,2019-07-01 19:00:00,7,2019-07-01 20:00:00,0.15111,0.15111,0.15111,0.0,0.05,202.75453309742912,-0.0,0.0,0.0,202.75453309742912,202.75453309742912,0.0,0.0
4364,2019-07-01 20:00:00,7,2019-07-01 21:00:00,0.15111,0.15111,0.15111,0.0,0.05,207.9282140425136,-0.0,0.0,0.0,207.9282140425136,207.9282140425136,0.0,0.0
4365,2019-07-01 21:00:00,7,2019-07-01 22:00:00,0.12561,0.12561,0.12561,0.0,0.05,206.54246373480356,-0.0,0.0,0.0,206.54246373480356,206.54246373480356,0.0,0.0
4366,2019-07-01 22:00:00,7,2019-07-01 23:00:00,0.12561,0.12561,0.12561,0.0,0.05,207.61411610663893,-0.0,0.0,0.0,207.61411610663893,207.61411610663893,0.0,0.0
4367,2019-07-01 23:00:00,7,2019-07-02 00:00:00,0.10547,0.10547,0.10547,0.0,0.05,206.48826032476535,-0.0,0.0,0.0,206.48826032476535,206.48826032476535,0.0,0.0
4368,2019-07-02 00:00:00,7,2019-07-02 01:00:00,0.10547,0.10547,0.10547,0.0,0.05,203.19877359416662,-35.91633489713834,0.0,0.0,239.11510849130497,239.11510849130497,0.0,1.0
4369,2019-07-02 01:00:00,7,2019-07-02 02:00:00,0.10547,0.10547,0.10547,0.0,0.10507171350894547,203.0436444667589,-36.07146402454606,0.0,0.0,239.11510849130497,239.11510849130497,0.0,1.0
4370,2019-07-02 02:00:00,7,2019-07-02 03:00:00,0.10547,0.10547,0.10547,0.0,0.16038129167991608,202.22570956303392,-36.88939892827105,0.0,0.0,239.11510849130497,239.11510849130497,0.0,1.0
4371,2019-07-02 03:00:00,7,2019-07-02 04:00:00,0.10547,0.10547,0.10547,0.0,0.216945036703265,204.20977184383585,-34.90533664746911,0.0,0.0,239.11510849130497,239.11510849130497,0.0,1.0
4372,2019-07-02 04:00:00,7,2019-07-02 05:00:00,0.10547,0.10547,0.10547,0.0,0.270466552896051,202.42676102498658,-36.68834746631839,0.0,0.0,239.11510849130497,239.11510849130497,0.0,1.0
4373,2019-07-02 05:00:00,7,2019-07-02 06:00:00,0.10547,0.10547,0.10547,0.0,0.3267220190110725,217.51484615417962,-21.600262337125343,0.0,0.0,239.11510849130497,239.11510849130497,0.0,1.0
4374,2019-07-02 06:00:00,7,2019-07-02 07:00:00,0.10547,0.10547,0.10547,0.0,0.35984242126133137,220.66906177419816,-18.44604671710681,0.0,0.0,239.11510849130497,239.11510849130497,0.0,1.0
4375,2019-07-02 07:00:00,7,2019-07-02 08:00:00,0.10547,0.10547,0.10547,0.0,0.3881263595608952,240.4379596867112,-0.0,1.3228511954062299,0.0,239.11510849130497,239.11510849130497,0.0,0.0
4376,2019-07-02 08:00:00,7,2019-07-02 09:00:00,0.10547,0.10547,0.10547,0.0,0.3857298900039999,234.15510752096182,-4.960000970343145,0.0,0.0,239.11510849130497,239.11510849130497,0.0,1.0
4377,2019-07-02 09:00:00,7,2019-07-02 10:00:00,0.10547,0.10547,0.10547,0.0,0.3933352248251927,231.03610906428418,-8.07899942702079,0.0,0.0,239.11510849130497,239.11510849130497,0.0,1.0
4378,2019-07-02 10:00:00,7,2019-07-02 11:00:00,0.10547,0.10547,0.10547,0.0,0.4057230239466245,228.79662526476912,-10.318483226535847,0.0,0.0,239.11510849130497,239.11510849130497,0.0,1.0
4379,2019-07-02 11:00:00,7,2019-07-02 12:00:00,0.10547,0.10547,0.10547,0.0,0.42154469822731283,226.67224656345527,-12.442861927849691,0.0,0.0,239.11510849130497,239.11510849130497,0.0,1.0
4380,2019-07-02 12:00:00,7,2019-07-02 13:00:00,0.10547,0.10547,0.10547,0.0,0.44062375318334907,222.85289354824556,-16.262214943059405,0.0,0.0,239.11510849130497,239.11510849130497,0.0,1.0
4381,2019-07-02 13:00:00,7,2019-07-02 14:00:00,0.10547,0.10547,0.10547,0.0,0.46555914942937343,222.46294185293215,-16.65216663837282,0.0,0.0,239.11510849130497,239.11510849130497,0.0,1.0
4382,2019-07-02 14:00:00,7,2019-07-02 15:00:00,0.12561,0.12561,0.12561,0.0,0.49109247160821184,221.18097417406938,-17.93413431723559,0.0,0.0,239.11510849130497,239.11510849130497,0.0,1.0
4383,2019-07-02 15:00:00,7,2019-07-02 16:00:00,0.12561,0.12561,0.12561,0.0,0.5185914775613063,214.30594942888908,-24.809159062415887,0.0,0.0,239.11510849130497,239.11510849130497,0.0,1.0
4384,2019-07-02 16:00:00,7,2019-07-02 17:00:00,0.15111,0.15111,0.15111,0.0,0.5566321881236774,206.4043225359532,-0.0,0.0,0.0,206.4043225359532,206.4043225359532,0.0,0.0
4385,2019-07-02 17:00:00,7,2019-07-02 18:00:00,0.15111,0.15111,0.15111,0.0,0.5566321881236774,202.04267056062574,-0.0,0.0,0.0,202.04267056062574,202.04267056062574,0.0,0.0
4386,2019-07-02 18:00:00,7,2019-07-02 19:00:00,0.15111,0.15111,0.15111,0.0,0.5566321881236774,203.9574865492588,-0.0,0.0,0.0,203.9574865492588,203.9574865492588,0.0,0.0
4387,2019-07-02 19:00:00,7,2019-07-02 20:00:00,0.15111,0.15111,0.15111,0.0,0.5566321881236774,201.1126553218963,-0.0,0.0,0.0,201.1126553218963,201.1126553218963,0.0,0.0
4388,2019-07-02 20:00:00,7,2019-07-02 21:00:00,0.15111,0.15111,0.15111,0.0,0.5566321881236774,203.59636221756628,-1.8074113436098755,0.0,0.0,205.40377356117617,205.40377356117617,0.0,1.0
4389,2019-07-02 21:00:00,7,2019-07-02 22:00:00,0.12561,0.12561,0.12561,0.0,0.5594035521838793,200.9557030523061,-38.159405438998874,0.0,0.0,239.11510849130497,239.11510849130497,0.0,1.0
4390,2019-07-02 22:00:00,7,2019-07-02 23:00:00,0.12561,0.12561,0.12561,0.0,0.6179146405236776,201.21794216442981,-37.89716632687515,0.0,0.0,239.11510849130497,239.11510849130497,0.0,1.0
4391,2019-07-02 23:00:00,7,2019-07-03 00:00:00,0.10547,0.10547,0.10547,0.0,0.6760236288915529,198.03725221185752,-41.077856279447445,0.0,0.0,239.11510849130497,239.11510849130497,0.0,1.0
4392,2019-07-03 00:00:00,7,2019-07-03 01:00:00,0.10547,0.10547,0.10547,0.0,0.7390096751867056,200.84013455947255,-60.40071067674861,0.0,0.0,261.24084523622116,261.24084523622116,0.0,1.0
4393,2019-07-03 01:00:00,7,2019-07-03 02:00:00,0.10547,0.10547,0.10547,0.0,0.8316240982243868,200.83977860862103,-0.0,0.0,0.0,200.83977860862103,200.83977860862103,0.0,0.0
4394,2019-07-03 02:00:00,7,2019-07-03 03:00:00,0.10547,0.10547,0.10547,0.0,0.8316240982243868,200.8386401898604,-66.25072956447315,0.0,0.0,267.0893697543336,267.0893697543336,0.0,1.0
4395,2019-07-03 03:00:00,7,2019-07-03 04:00:00,0.10547,0.10547,0.10547,0.0,0.9332085502232457,223.5297285955807,-43.55964115875283,0.0,0.0,267.0893697543335,267.0893697543335,0.0,1.0
4396,2019-07-03 04:00:00,7,2019-07-03 05:00:00,0.10547,0.10547,0.10547,0.0,1.0,222.807748758316,-0.0,0.0,0.0,222.807748758316,222.807748758316,0.0,0.0
4397,2019-07-03 05:00:00,7,2019-07-03 06:00:00,0.10547,0.10547,0.10547,0.0,1.0,277.48179483753734,-0.0,10.392425083203818,0.0,267.0893697543335,267.0893697543335,0.0,0.0
4398,2019-07-03 06:00:00,7,2019-07-03 07:00:00,0.10547,0.10547,0.10547,0.0,0.9811731429652104,306.77735557834416,-0.0,39.68798582401064,0.0,267.0893697543335,267.0893697543335,0.0,0.0
4399,2019-07-03 07:00:00,7,2019-07-03 08:00:00,0.10547,0.10547,0.10547,0.0,0.9092746179217128,317.9069383508475,-0.0,50.81756859651395,0.0,267.0893697543336,267.0893697543336,0.0,0.0
4400,2019-07-03 08:00:00,7,2019-07-03 09:00:00,0.10547,0.10547,0.10547,0.0,0.8172138052468687,325.6008203101196,-0.0,58.51145055578608,0.0,267.0893697543336,267.0893697543336,0.0,0.0
4401,2019-07-03 09:00:00,7,2019-07-03 10:00:00,0.10547,0.10547,0.10547,0.0,0.7112148006168215,325.11950342280693,-0.0,58.030133668473354,0.0,267.0893697543336,267.0893697543336,0.0,0.0
4402,2019-07-03 10:00:00,7,2019-07-03 11:00:00,0.10547,0.10547,0.10547,0.0,0.6060877468695871,319.7348501536517,-0.0,52.64548039931813,0.0,267.0893697543336,267.0893697543336,0.0,0.0
4403,2019-07-03 11:00:00,7,2019-07-03 12:00:00,0.10547,0.10547,0.10547,0.0,0.5107154997693732,305.70123222958125,-0.0,38.61186247524773,0.0,267.0893697543335,267.0893697543335,0.0,0.0
4404,2019-07-03 12:00:00,7,2019-07-03 13:00:00,0.10547,0.10547,0.10547,0.0,0.4407664735460983,310.5868992197726,-0.0,43.497529465439044,0.0,267.0893697543336,267.0893697543336,0.0,0.0
4405,2019-07-03 13:00:00,7,2019-07-03 14:00:00,0.10547,0.10547,0.10547,0.0,0.36196660132610003,306.49051388995105,-0.0,39.4011441356175,0.0,267.0893697543336,267.0893697543336,0.0,0.0
4406,2019-07-03 14:00:00,7,2019-07-03 15:00:00,0.12561,0.12561,0.12561,0.0,0.2905877170224452,307.7043888863069,-0.0,40.615019131973355,0.0,267.0893697543336,267.0893697543336,0.0,0.0
4407,2019-07-03 15:00:00,7,2019-07-03 16:00:00,0.12561,0.12561,0.12561,0.0,0.21700978381234848,311.69347479356236,-0.0,44.60410503922881,0.0,267.0893697543336,267.0893697543336,0.0,0.0
4408,2019-07-03 16:00:00,7,2019-07-03 17:00:00,0.15111,0.15111,0.15111,0.0,0.13620524569780357,314.6746653795211,-0.0,47.58529562518757,0.0,267.0893697543336,267.0893697543336,0.0,0.0
4409,2019-07-03 17:00:00,7,2019-07-03 18:00:00,0.15111,0.15111,0.15111,0.0,0.05,241.29597997971422,-0.0,0.0,0.0,241.29597997971422,241.29597997971422,0.0,0.0
4410,2019-07-03 18:00:00,7,2019-07-03 19:00:00,0.15111,0.15111,0.15111,0.0,0.05,239.70204054648954,-0.0,0.0,0.0,239.70204054648954,239.70204054648954,0.0,0.0
4411,2019-07-03 19:00:00,7,2019-07-03 20:00:00,0.15111,0.15111,0.15111,0.0,0.05,219.98720591073916,-0.0,0.0,0.0,219.98720591073916,219.98720591073916,0.0,0.0
4412,2019-07-03 20:00:00,7,2019-07-03 21:00:00,0.15111,0.15111,0.15111,0.0,0.05,216.1348400713364,-0.0,0.0,0.0,216.1348400713364,216.1348400713364,0.0,0.0
4413,2019-07-03 21:00:00,7,2019-07-03 22:00:00,0.12561,0.12561,0.12561,0.0,0.05,200.9897556954108,-0.0,0.0,0.0,200.9897556954108,200.9897556954108,0.0,0.0
4414,2019-07-03 22:00:00,7,2019-07-03 23:00:00,0.12561,0.12561,0.12561,0.0,0.05,201.87503375910774,-0.0,0.0,0.0,201.87503375910774,201.87503375910774,0.0,0.0
4415,2019-07-03 23:00:00,7,2019-07-04 00:00:00,0.10547,0.10547,0.10547,0.0,0.05,199.38402802666377,-0.0,0.0,0.0,199.38402802666377,199.38402802666377,0.0,0.0
4416,2019-07-04 00:00:00,7,2019-07-04 01:00:00,0.10547,0.10547,0.10547,0.0,0.05,197.77245359974376,-68.78867976494722,0.0,0.0,266.561133364691,266.561133364691,0.0,1.0
4417,2019-07-04 01:00:00,7,2019-07-04 02:00:00,0.10547,0.10547,0.10547,0.0,0.15547597563958576,198.14819420250245,-68.41293916218852,0.0,0.0,266.561133364691,266.561133364691,0.0,1.0
4418,2019-07-04 02:00:00,7,2019-07-04 03:00:00,0.10547,0.10547,0.10547,0.0,0.26037581568827484,198.07156846345183,-0.0,0.0,0.0,198.07156846345183,198.07156846345183,0.0,0.0
4419,2019-07-04 03:00:00,7,2019-07-04 04:00:00,0.10547,0.10547,0.10547,0.0,0.26037581568827484,200.58645936276756,-65.97467400192342,0.0,0.0,266.561133364691,266.561133364691,0.0,1.0
4420,2019-07-04 04:00:00,7,2019-07-04 05:00:00,0.10547,0.10547,0.10547,0.0,0.36153698249122407,199.6077057807919,-66.95342758389909,0.0,0.0,266.561133364691,266.561133364691,0.0,1.0
4421,2019-07-04 05:00:00,7,2019-07-04 06:00:00,0.10547,0.10547,0.10547,0.0,0.46419890478653597,215.05041595666984,-51.51071740802114,0.0,0.0,266.561133364691,266.561133364691,0.0,1.0
4422,2019-07-04 06:00:00,7,2019-07-04 07:00:00,0.10547,0.10547,0.10547,0.0,0.5431820048121684,219.52893539570488,-47.0321979689861,0.0,0.0,266.561133364691,266.561133364691,0.0,1.0
4423,2019-07-04 07:00:00,7,2019-07-04 08:00:00,0.10547,0.10547,0.10547,0.0,0.6152980416979471,240.53073153642575,-0.0,0.0,0.0,240.53073153642572,240.53073153642572,0.0,0.0
4424,2019-07-04 08:00:00,7,2019-07-04 09:00:00,0.10547,0.10547,0.10547,0.0,0.6152980416979471,232.47622051218113,-34.084912852509845,0.0,0.0,266.561133364691,266.561133364691,0.0,1.0
4425,2019-07-04 09:00:00,7,2019-07-04 10:00:00,0.10547,0.10547,0.10547,0.0,0.6675615747384622,229.098728812152,-37.462404552538985,0.0,0.0,266.561133364691,266.561133364691,0.0,1.0
4426,2019-07-04 10:00:00,7,2019-07-04 11:00:00,0.10547,0.10547,0.10547,0.0,0.7250039283856886,224.925992697942,-41.63514066674897,0.0,0.0,266.561133364691,266.561133364691,0.0,1.0
4427,2019-07-04 11:00:00,7,2019-07-04 12:00:00,0.10547,0.10547,0.10547,0.0,0.7888444774080371,222.7090016986333,-43.85213166605767,0.0,0.0,266.561133364691,266.561133364691,0.0,1.0
4428,2019-07-04 12:00:00,7,2019-07-04 13:00:00,0.10547,0.10547,0.10547,0.0,0.8560844126293258,219.76149510897775,-46.271401866070605,0.0,0.0,266.03289697504835,266.03289697504835,0.0,1.0
4429,2019-07-04 13:00:00,7,2019-07-04 14:00:00,0.10547,0.10547,0.10547,0.0,0.9270338954906341,219.502779856921,-47.58658989741258,0.0,0.0,267.0893697543336,267.0893697543336,0.0,1.0
4430,2019-07-04 14:00:00,7,2019-07-04 15:00:00,0.12561,0.12561,0.12561,0.0,1.0,218.82381916647603,-0.0,0.0,0.0,218.82381916647603,218.82381916647603,0.0,0.0
4431,2019-07-04 15:00:00,7,2019-07-04 16:00:00,0.12561,0.12561,0.12561,0.0,1.0,211.71339576089952,-0.0,0.0,0.0,211.71339576089952,211.71339576089952,0.0,0.0
4432,2019-07-04 16:00:00,7,2019-07-04 17:00:00,0.15111,0.15111,0.15111,0.0,1.0,199.76265867001513,-0.0,199.76265867001513,0.0,0.0,0.0,0.0,0.0
4433,2019-07-04 17:00:00,7,2019-07-04 18:00:00,0.15111,0.15111,0.15111,0.0,0.6381111255977987,190.25520535616198,-0.0,190.25520535616198,0.0,0.0,0.0,0.0,0.0
4434,2019-07-04 18:00:00,7,2019-07-04 19:00:00,0.15111,0.15111,0.15111,0.0,0.2934458985033024,189.90537175721616,-0.0,134.38213597382293,0.0,55.52323578339323,55.52323578339323,0.0,0.0
4435,2019-07-04 19:00:00,7,2019-07-04 20:00:00,0.15111,0.15111,0.15111,0.0,0.05,194.2931352560199,-0.0,0.0,0.0,194.2931352560199,194.2931352560199,0.0,0.0
4436,2019-07-04 20:00:00,7,2019-07-04 21:00:00,0.15111,0.15111,0.15111,0.0,0.05,198.45763095822286,-0.0,0.0,0.0,198.45763095822286,198.45763095822286,0.0,0.0
4437,2019-07-04 21:00:00,7,2019-07-04 22:00:00,0.12561,0.12561,0.12561,0.0,0.05,199.44870274529066,-11.916131480292089,0.0,0.0,211.36483422558274,211.36483422558274,0.0,1.0
4438,2019-07-04 22:00:00,7,2019-07-04 23:00:00,0.12561,0.12561,0.12561,0.0,0.06827140160311454,201.62317480337754,-0.0,0.0,0.0,201.62317480337754,201.62317480337754,0.0,0.0
4439,2019-07-04 23:00:00,7,2019-07-05 00:00:00,0.10547,0.10547,0.10547,0.0,0.06827140160311454,198.19028187429427,-68.8990878800393,0.0,0.0,267.0893697543336,267.0893697543336,0.0,1.0
4440,2019-07-05 00:00:00,7,2019-07-05 01:00:00,0.10547,0.10547,0.10547,0.0,0.17391666968584146,200.92002148840942,-79.25245545067446,0.0,0.0,280.1724769390839,280.1724769390839,0.0,1.0
4441,2019-07-05 01:00:00,7,2019-07-05 02:00:00,0.10547,0.10547,0.10547,0.0,0.2954371013768756,200.89835688490805,-79.27412005417582,0.0,0.0,280.1724769390839,280.1724769390839,0.0,1.0
4442,2019-07-05 02:00:00,7,2019-07-05 03:00:00,0.10547,0.10547,0.10547,0.0,0.41699075212661196,200.88986224171904,-79.28261469736483,0.0,0.0,280.1724769390839,280.1724769390839,0.0,1.0
4443,2019-07-05 03:00:00,7,2019-07-05 04:00:00,0.10547,0.10547,0.10547,0.0,0.5385574279959048,223.5794948437546,-56.59298209532929,0.0,0.0,280.1724769390839,280.1724769390839,0.0,1.0
4444,2019-07-05 04:00:00,7,2019-07-05 05:00:00,0.10547,0.10547,0.10547,0.0,0.6253333338754096,222.85321957526335,-57.319257363820526,0.0,0.0,280.1724769390839,280.1724769390839,0.0,1.0
4445,2019-07-05 05:00:00,7,2019-07-05 06:00:00,0.10547,0.10547,0.10547,0.0,0.7132228618332678,277.5261798760332,-2.6462970630506675,0.0,0.0,280.1724769390839,280.1724769390839,0.0,1.0
4446,2019-07-05 06:00:00,7,2019-07-05 07:00:00,0.10547,0.10547,0.10547,0.0,0.7172805173299455,308.51350886454776,-0.0,28.341031925463884,0.0,280.1724769390839,280.1724769390839,0.0,0.0
4447,2019-07-05 07:00:00,7,2019-07-05 08:00:00,0.10547,0.10547,0.10547,0.0,0.6659380681896113,318.88330518447,-0.0,38.7108282453861,0.0,280.1724769390839,280.1724769390839,0.0,0.0
4448,2019-07-05 08:00:00,7,2019-07-05 09:00:00,0.10547,0.10547,0.10547,0.0,0.5958097561508683,325.5261960952443,-0.0,45.35371915616042,0.0,280.1724769390839,280.1724769390839,0.0,0.0
4449,2019-07-05 09:00:00,7,2019-07-05 10:00:00,0.10547,0.10547,0.10547,0.0,0.5136472214476789,325.1251819484578,-0.0,44.952705009373915,0.0,280.1724769390839,280.1724769390839,0.0,0.0
4450,2019-07-05 10:00:00,7,2019-07-05 11:00:00,0.10547,0.10547,0.10547,0.0,0.4322111616480886,319.80986121419727,-0.0,39.63738427511339,0.0,280.1724769390839,280.1724769390839,0.0,0.0
4451,2019-07-05 11:00:00,7,2019-07-05 12:00:00,0.10547,0.10547,0.10547,0.0,0.36040430607723095,304.9726652234852,-0.0,24.800188284401315,0.0,280.1724769390839,280.1724769390839,0.0,0.0
4452,2019-07-05 12:00:00,7,2019-07-05 13:00:00,0.10547,0.10547,0.10547,0.0,0.315476428750417,311.45316111746297,-0.0,31.28068417837909,0.0,280.1724769390839,280.1724769390839,0.0,0.0
4453,2019-07-05 13:00:00,7,2019-07-05 14:00:00,0.10547,0.10547,0.10547,0.0,0.258808522630165,309.7237104859804,-0.0,29.551233546896533,0.0,280.1724769390839,280.1724769390839,0.0,0.0
4454,2019-07-05 14:00:00,7,2019-07-05 15:00:00,0.12561,0.12561,0.12561,0.0,0.2052736792481061,306.9368273520374,-0.0,26.764350412953547,0.0,280.1724769390839,280.1724769390839,0.0,0.0
4455,2019-07-05 15:00:00,7,2019-07-05 16:00:00,0.12561,0.12561,0.12561,0.0,0.15678753719565403,308.226417422111,-0.0,28.05394048302714,0.0,280.1724769390839,280.1724769390839,0.0,0.0
4456,2019-07-05 16:00:00,7,2019-07-05 17:00:00,0.15111,0.15111,0.15111,0.0,0.10596518124814105,311.06525698805774,-0.0,30.892780048973865,0.0,280.1724769390839,280.1724769390839,0.0,0.0
4457,2019-07-05 17:00:00,7,2019-07-05 18:00:00,0.15111,0.15111,0.15111,0.0,0.05,248.12094142617892,-0.0,0.0,0.0,248.12094142617892,248.12094142617892,0.0,0.0
4458,2019-07-05 18:00:00,7,2019-07-05 19:00:00,0.15111,0.15111,0.15111,0.0,0.05,251.13732388060188,-0.0,0.0,0.0,251.13732388060188,251.13732388060188,0.0,0.0
4459,2019-07-05 19:00:00,7,2019-07-05 20:00:00,0.15111,0.15111,0.15111,0.0,0.05,222.35148500921778,-0.0,0.0,0.0,222.35148500921778,222.35148500921778,0.0,0.0
4460,2019-07-05 20:00:00,7,2019-07-05 21:00:00,0.15111,0.15111,0.15111,0.0,0.05,215.6980015889024,-0.0,0.0,0.0,215.6980015889024,215.6980015889024,0.0,0.0
4461,2019-07-05 21:00:00,7,2019-07-05 22:00:00,0.12561,0.12561,0.12561,0.0,0.05,200.15554316118542,-0.0,0.0,0.0,200.15554316118542,200.15554316118542,0.0,0.0
4462,2019-07-05 22:00:00,7,2019-07-05 23:00:00,0.12561,0.12561,0.12561,0.0,0.05,201.21390555237133,-0.0,0.0,0.0,201.21390555237133,201.21390555237133,0.0,0.0
4463,2019-07-05 23:00:00,7,2019-07-06 00:00:00,0.10547,0.10547,0.10547,0.0,0.05,197.94512116325862,-82.22735577582526,0.0,0.0,280.1724769390839,280.1724769390839,0.0,1.0
4464,2019-07-06 00:00:00,7,2019-07-06 01:00:00,0.10547,0.10547,0.10547,0.0,0.17608194552293205,197.91296296224837,-82.62114387341278,0.0,0.0,280.53410683566113,280.53410683566113,0.0,1.0
4465,2019-07-06 01:00:00,7,2019-07-06 02:00:00,0.10547,0.10547,0.10547,0.0,0.302767699462165,202.1125236440468,-78.42158319161435,0.0,0.0,280.53410683566113,280.53410683566113,0.0,1.0
4466,2019-07-06 02:00:00,7,2019-07-06 03:00:00,0.10547,0.10547,0.10547,0.0,0.42301412702264035,204.28498344283025,-76.2491233928309,0.0,0.0,280.53410683566113,280.53410683566113,0.0,1.0
4467,2019-07-06 03:00:00,7,2019-07-06 04:00:00,0.10547,0.10547,0.10547,0.0,0.5399294495583145,222.26765771211936,-58.26644912354179,0.0,0.0,280.53410683566113,280.53410683566113,0.0,1.0
4468,2019-07-06 04:00:00,7,2019-07-06 05:00:00,0.10547,0.10547,0.10547,0.0,0.6292713382144118,221.7687077409079,-58.76539909475325,0.0,0.0,280.53410683566113,280.53410683566113,0.0,1.0
4469,2019-07-06 05:00:00,7,2019-07-06 06:00:00,0.10547,0.10547,0.10547,0.0,0.7193782834930333,277.80978370507603,-2.7243231305851214,0.0,0.0,280.53410683566113,280.53410683566113,0.0,1.0
4470,2019-07-06 06:00:00,7,2019-07-06 07:00:00,0.10547,0.10547,0.10547,0.0,0.7235555789599307,308.74644937588533,-0.0,28.2123425402242,0.0,280.53410683566113,280.53410683566113,0.0,0.0
4471,2019-07-06 07:00:00,7,2019-07-06 08:00:00,0.10547,0.10547,0.10547,0.0,0.6724462627638724,316.6738677392382,-0.0,36.13976090357704,0.0,280.53410683566113,280.53410683566113,0.0,0.0
4472,2019-07-06 08:00:00,7,2019-07-06 09:00:00,0.10547,0.10547,0.10547,0.0,0.6069756814168128,322.1380554717697,-0.0,41.603948636108555,0.0,280.53410683566113,280.53410683566113,0.0,0.0
4473,2019-07-06 09:00:00,7,2019-07-06 10:00:00,0.10547,0.10547,0.10547,0.0,0.5316062092499494,319.09290565094955,-0.0,38.55879881528841,0.0,280.53410683566113,280.53410683566113,0.0,0.0
4474,2019-07-06 10:00:00,7,2019-07-06 11:00:00,0.10547,0.10547,0.10547,0.0,0.4617533128454414,312.1611759067168,-0.0,31.627069071055644,0.0,280.53410683566113,280.53410683566113,0.0,0.0
4475,2019-07-06 11:00:00,7,2019-07-06 12:00:00,0.10547,0.10547,0.10547,0.0,0.4044578978616449,299.3145274710254,-0.0,18.780420635364237,0.0,280.53410683566113,280.53410683566113,0.0,0.0
4476,2019-07-06 12:00:00,7,2019-07-06 13:00:00,0.10547,0.10547,0.10547,0.0,0.3704353967106227,310.12290043011694,-0.0,29.588793594455804,0.0,280.53410683566113,280.53410683566113,0.0,0.0
4477,2019-07-06 13:00:00,7,2019-07-06 14:00:00,0.10547,0.10547,0.10547,0.0,0.3168325097641448,313.39125800331067,-0.0,32.85715116764952,0.0,280.53410683566113,280.53410683566113,0.0,0.0
4478,2019-07-06 14:00:00,7,2019-07-06 15:00:00,0.12561,0.12561,0.12561,0.0,0.2573086851850696,315.48154608728254,-0.0,34.94743925162139,0.0,280.53410683566113,280.53410683566113,0.0,0.0
4479,2019-07-06 15:00:00,7,2019-07-06 16:00:00,0.12561,0.12561,0.12561,0.0,0.193998106830683,319.2240206924211,-0.0,38.68991385675996,0.0,280.53410683566113,280.53410683566113,0.0,0.0
4480,2019-07-06 16:00:00,7,2019-07-06 17:00:00,0.15111,0.15111,0.15111,0.0,0.12390768317713227,321.33114794943816,-0.0,40.79704111377701,0.0,280.53410683566113,280.53410683566113,0.0,0.0
4481,2019-07-06 17:00:00,7,2019-07-06 18:00:00,0.15111,0.15111,0.15111,0.0,0.05,245.85867434231844,-0.0,0.0,0.0,245.85867434231844,245.85867434231844,0.0,0.0
4482,2019-07-06 18:00:00,7,2019-07-06 19:00:00,0.15111,0.15111,0.15111,0.0,0.05,244.39838260607388,-0.0,0.0,0.0,244.39838260607388,244.39838260607388,0.0,0.0
4483,2019-07-06 19:00:00,7,2019-07-06 20:00:00,0.15111,0.15111,0.15111,0.0,0.05,210.15514952328363,-0.0,0.0,0.0,210.15514952328363,210.15514952328363,0.0,0.0
4484,2019-07-06 20:00:00,7,2019-07-06 21:00:00,0.15111,0.15111,0.15111,0.0,0.05,198.8543966937902,-0.0,0.0,0.0,198.8543966937902,198.8543966937902,0.0,0.0
4485,2019-07-06 21:00:00,7,2019-07-06 22:00:00,0.12561,0.12561,0.12561,0.0,0.05,188.9861097719251,-0.0,0.0,0.0,188.9861097719251,188.9861097719251,0.0,0.0
4486,2019-07-06 22:00:00,7,2019-07-06 23:00:00,0.12561,0.12561,0.12561,0.0,0.05,193.5078783992938,-0.0,0.0,0.0,193.5078783992938,193.5078783992938,0.0,0.0
4487,2019-07-06 23:00:00,7,2019-07-07 00:00:00,0.10547,0.10547,0.10547,0.0,0.05,194.29114866560974,-69.39988495225914,0.0,0.0,263.69103361786887,263.69103361786887,0.0,1.0
4488,2019-07-07 00:00:00,7,2019-07-07 01:00:00,0.10547,0.10547,0.10547,0.0,0.15641315692679736,199.87133886925957,-82.28700747306328,0.0,0.0,282.15834634232283,282.15834634232283,0.0,1.0
4489,2019-07-07 01:00:00,7,2019-07-07 02:00:00,0.10547,0.10547,0.10547,0.0,0.2825865683854944,201.58103725517807,-80.57730908714478,0.0,0.0,282.15834634232283,282.15834634232283,0.0,1.0
4490,2019-07-07 02:00:00,7,2019-07-07 03:00:00,0.10547,0.10547,0.10547,0.0,0.4061384423191164,203.25104184332588,-78.90730449899698,0.0,0.0,282.15834634232283,282.15834634232283,0.0,1.0
4491,2019-07-07 03:00:00,7,2019-07-07 04:00:00,0.10547,0.10547,0.10547,0.0,0.5271296425509117,230.12640210395801,-52.031944238364844,0.0,0.0,282.15834634232283,282.15834634232283,0.0,1.0
4492,2019-07-07 04:00:00,7,2019-07-07 05:00:00,0.10547,0.10547,0.10547,0.0,0.6069119570497379,227.36411527622943,-54.79423106609343,0.0,0.0,282.15834634232283,282.15834634232283,0.0,1.0
4493,2019-07-07 05:00:00,7,2019-07-07 06:00:00,0.10547,0.10547,0.10547,0.0,0.6909297780177478,279.31565634555125,-2.842689996771609,0.0,0.0,282.15834634232283,282.15834634232283,0.0,1.0
4494,2019-07-07 06:00:00,7,2019-07-07 07:00:00,0.10547,0.10547,0.10547,0.0,0.6952885693461309,305.8160627936374,-0.0,23.65771645131457,0.0,282.15834634232283,282.15834634232283,0.0,0.0
4495,2019-07-07 07:00:00,7,2019-07-07 08:00:00,0.10547,0.10547,0.10547,0.0,0.6524303873691119,310.95896615075765,-0.0,28.800619808434817,0.0,282.15834634232283,282.15834634232283,0.0,0.0
4496,2019-07-07 08:00:00,7,2019-07-07 09:00:00,0.10547,0.10547,0.10547,0.0,0.6002553514842662,312.04525682142145,-0.0,29.886910479098617,0.0,282.15834634232283,282.15834634232283,0.0,0.0
4497,2019-07-07 09:00:00,7,2019-07-07 10:00:00,0.10547,0.10547,0.10547,0.0,0.5461123977177832,309.578583944302,-0.0,27.42023760197918,0.0,282.15834634232283,282.15834634232283,0.0,0.0
4498,2019-07-07 10:00:00,7,2019-07-07 11:00:00,0.10547,0.10547,0.10547,0.0,0.49643805423593695,311.43010433480714,-0.0,29.27175799248431,0.0,282.15834634232283,282.15834634232283,0.0,0.0
4499,2019-07-07 11:00:00,7,2019-07-07 12:00:00,0.10547,0.10547,0.10547,0.0,0.4434095071481031,303.9446885414572,-0.0,21.786342199134367,0.0,282.15834634232283,282.15834634232283,0.0,0.0
4500,2019-07-07 12:00:00,7,2019-07-07 13:00:00,0.10547,0.10547,0.10547,0.0,0.40394149591778716,315.50435390263635,-0.0,33.34600756031351,0.0,282.15834634232283,282.15834634232283,0.0,0.0
4501,2019-07-07 13:00:00,7,2019-07-07 14:00:00,0.10547,0.10547,0.10547,0.0,0.343532061931712,318.0352446565797,-0.0,35.87689831425689,0.0,282.15834634232283,282.15834634232283,0.0,0.0
4502,2019-07-07 14:00:00,7,2019-07-07 15:00:00,0.12561,0.12561,0.12561,0.0,0.27853768092762343,321.1275549068573,-0.0,38.96920856453448,0.0,282.15834634232283,282.15834634232283,0.0,0.0
4503,2019-07-07 15:00:00,7,2019-07-07 16:00:00,0.12561,0.12561,0.12561,0.0,0.20794128860056835,325.05782085504813,-0.0,42.899474512725305,0.0,282.15834634232283,282.15834634232283,0.0,0.0
4504,2019-07-07 16:00:00,7,2019-07-07 17:00:00,0.15111,0.15111,0.15111,0.0,0.13022484926592104,326.44246313711125,-0.0,44.28411679478842,0.0,282.15834634232283,282.15834634232283,0.0,0.0
4505,2019-07-07 17:00:00,7,2019-07-07 18:00:00,0.15111,0.15111,0.15111,0.0,0.05,245.81685931925645,-0.0,0.0,0.0,245.81685931925645,245.81685931925645,0.0,0.0
4506,2019-07-07 18:00:00,7,2019-07-07 19:00:00,0.15111,0.15111,0.15111,0.0,0.05,244.27571377466518,-0.0,0.0,0.0,244.27571377466518,244.27571377466518,0.0,0.0
4507,2019-07-07 19:00:00,7,2019-07-07 20:00:00,0.15111,0.15111,0.15111,0.0,0.05,211.33073259227345,-0.0,0.0,0.0,211.33073259227345,211.33073259227345,0.0,0.0
4508,2019-07-07 20:00:00,7,2019-07-07 21:00:00,0.15111,0.15111,0.15111,0.0,0.05,198.50210680933296,-0.0,0.0,0.0,198.50210680933296,198.50210680933296,0.0,0.0
4509,2019-07-07 21:00:00,7,2019-07-07 22:00:00,0.12561,0.12561,0.12561,0.0,0.05,189.56134220566904,-0.0,0.0,0.0,189.56134220566904,189.56134220566904,0.0,0.0
4510,2019-07-07 22:00:00,7,2019-07-07 23:00:00,0.12561,0.12561,0.12561,0.0,0.05,198.6164926303163,-0.0,0.0,0.0,198.6164926303163,198.6164926303163,0.0,0.0
4511,2019-07-07 23:00:00,7,2019-07-08 00:00:00,0.10547,0.10547,0.10547,0.0,0.05,199.76691070426784,-0.0,0.0,0.0,199.76691070426784,199.76691070426784,0.0,0.0
4512,2019-07-08 00:00:00,7,2019-07-08 01:00:00,0.10547,0.10547,0.10547,0.0,0.05,201.51784267116565,-80.64050367115718,0.0,0.0,282.15834634232283,282.15834634232283,0.0,1.0
4513,2019-07-08 01:00:00,7,2019-07-08 02:00:00,0.10547,0.10547,0.10547,0.0,0.17364877229577436,201.17780722374644,-80.98053911857639,0.0,0.0,282.15834634232283,282.15834634232283,0.0,1.0
4514,2019-07-08 02:00:00,7,2019-07-08 03:00:00,0.10547,0.10547,0.10547,0.0,0.2978189322775915,201.08333764626857,-81.07500869605425,0.0,0.0,282.15834634232283,282.15834634232283,0.0,1.0
4515,2019-07-08 03:00:00,7,2019-07-08 04:00:00,0.10547,0.10547,0.10547,0.0,0.42213394561154133,205.57431827077133,-76.5840280715515,0.0,0.0,282.15834634232283,282.15834634232283,0.0,1.0
4516,2019-07-08 04:00:00,7,2019-07-08 05:00:00,0.10547,0.10547,0.10547,0.0,0.539562788654587,208.0377011883937,-74.12064515392913,0.0,0.0,282.15834634232283,282.15834634232283,0.0,1.0
4517,2019-07-08 05:00:00,7,2019-07-08 06:00:00,0.10547,0.10547,0.10547,0.0,0.6532144445572783,223.69650420902138,-58.461842133301445,0.0,0.0,282.15834634232283,282.15834634232283,0.0,1.0
4518,2019-07-08 06:00:00,7,2019-07-08 07:00:00,0.10547,0.10547,0.10547,0.0,0.7428559358283405,252.6428597446038,-29.51548659771902,0.0,0.0,282.15834634232283,282.15834634232283,0.0,1.0
4519,2019-07-08 07:00:00,7,2019-07-08 08:00:00,0.10547,0.10547,0.10547,0.0,0.7881130152781763,251.430699282121,-30.727647060201832,0.0,0.0,282.15834634232283,282.15834634232283,0.0,1.0
4520,2019-07-08 08:00:00,7,2019-07-08 09:00:00,0.10547,0.10547,0.10547,0.0,0.8352287407704858,277.6734547353205,-4.484891607002339,0.0,0.0,282.15834634232283,282.15834634232283,0.0,1.0
4521,2019-07-08 09:00:00,7,2019-07-08 10:00:00,0.10547,0.10547,0.10547,0.0,0.8421055745678895,278.0435316898898,-4.11481465243304,0.0,0.0,282.15834634232283,282.15834634232283,0.0,1.0
4522,2019-07-08 10:00:00,7,2019-07-08 11:00:00,0.10547,0.10547,0.10547,0.0,0.8484149570349534,274.47982068743227,-7.678525654890564,0.0,0.0,282.15834634232283,282.15834634232283,0.0,1.0
4523,2019-07-08 11:00:00,7,2019-07-08 12:00:00,0.10547,0.10547,0.10547,0.0,0.8601886963724522,260.2091350829797,-21.949211259343144,0.0,0.0,282.15834634232283,282.15834634232283,0.0,1.0
4524,2019-07-08 12:00:00,7,2019-07-08 13:00:00,0.10547,0.10547,0.10547,0.0,0.8938441536367786,255.66134602702087,-26.49700031530196,0.0,0.0,282.15834634232283,282.15834634232283,0.0,1.0
4525,2019-07-08 13:00:00,7,2019-07-08 14:00:00,0.10547,0.10547,0.10547,0.0,0.9344728874535749,251.36565370024275,-30.792692642080084,0.0,0.0,282.15834634232283,282.15834634232283,0.0,1.0
4526,2019-07-08 14:00:00,7,2019-07-08 15:00:00,0.12561,0.12561,0.12561,0.0,0.9816883495047645,229.9181806810627,-11.942380757762379,0.0,0.0,241.86056143882507,241.86056143882507,0.0,1.0
4527,2019-07-08 15:00:00,7,2019-07-08 16:00:00,0.12561,0.12561,0.12561,0.0,1.0,232.0057813172165,-0.0,0.0,0.0,232.0057813172165,232.0057813172165,0.0,0.0
4528,2019-07-08 16:00:00,7,2019-07-08 17:00:00,0.15111,0.15111,0.15111,0.0,1.0,220.6120214829248,-0.0,220.6120214829248,0.0,0.0,0.0,0.0,0.0
4529,2019-07-08 17:00:00,7,2019-07-08 18:00:00,0.15111,0.15111,0.15111,0.0,0.600340540791803,210.70021249878187,-0.0,87.66620816686367,0.0,123.0340043319182,123.0340043319182,0.0,0.0
4530,2019-07-08 18:00:00,7,2019-07-08 19:00:00,0.15111,0.15111,0.15111,0.0,0.44152494628661515,216.12177035021156,-0.0,216.12177035021156,0.0,0.0,0.0,0.0,0.0
4531,2019-07-08 19:00:00,7,2019-07-08 20:00:00,0.15111,0.15111,0.15111,0.0,0.05,199.59783069447298,-0.0,0.0,0.0,199.59783069447298,199.59783069447298,0.0,0.0
4532,2019-07-08 20:00:00,7,2019-07-08 21:00:00,0.15111,0.15111,0.15111,0.0,0.05,208.93413775366574,-0.0,0.0,0.0,208.93413775366574,208.93413775366574,0.0,0.0
4533,2019-07-08 21:00:00,7,2019-07-08 22:00:00,0.12561,0.12561,0.12561,0.0,0.05,209.75848750968112,-0.0,0.0,0.0,209.75848750968112,209.75848750968112,0.0,0.0
4534,2019-07-08 22:00:00,7,2019-07-08 23:00:00,0.12561,0.12561,0.12561,0.0,0.05,209.85090979045214,-0.0,0.0,0.0,209.85090979045214,209.85090979045214,0.0,0.0
4535,2019-07-08 23:00:00,7,2019-07-09 00:00:00,0.10547,0.10547,0.10547,0.0,0.05,206.4825405130214,-0.0,0.0,0.0,206.4825405130214,206.4825405130214,0.0,0.0
4536,2019-07-09 00:00:00,7,2019-07-09 01:00:00,0.10547,0.10547,0.10547,0.0,0.05,203.60410708887605,-0.0,0.0,0.0,203.60410708887605,203.60410708887605,0.0,0.0
4537,2019-07-09 01:00:00,7,2019-07-09 02:00:00,0.10547,0.10547,0.10547,0.0,0.05,203.5821794801375,-77.4372425789264,0.0,0.0,281.0194220590639,281.0194220590639,0.0,1.0
4538,2019-07-09 02:00:00,7,2019-07-09 03:00:00,0.10547,0.10547,0.10547,0.0,0.16873710528768715,203.57410314198128,-0.0,0.0,0.0,203.57410314198128,203.57410314198128,0.0,0.0
4539,2019-07-09 03:00:00,7,2019-07-09 04:00:00,0.10547,0.10547,0.10547,0.0,0.16873710528768715,206.1338693711885,-74.88555268787542,0.0,0.0,281.0194220590639,281.0194220590639,0.0,1.0
4540,2019-07-09 04:00:00,7,2019-07-09 05:00:00,0.10547,0.10547,0.10547,0.0,0.28356161940909613,204.35251962623394,-76.66690243282997,0.0,0.0,281.0194220590639,281.0194220590639,0.0,1.0
4541,2019-07-09 05:00:00,7,2019-07-09 06:00:00,0.10547,0.10547,0.10547,0.0,0.40111753647276877,219.58255402390418,-0.0,0.0,0.0,219.58255402390418,219.58255402390418,0.0,0.0
4542,2019-07-09 06:00:00,7,2019-07-09 07:00:00,0.10547,0.10547,0.10547,0.0,0.40111753647276877,221.7589036531261,-59.2605184059378,0.0,0.0,281.0194220590639,281.0194220590639,0.0,1.0
4543,2019-07-09 07:00:00,7,2019-07-09 08:00:00,0.10547,0.10547,0.10547,0.0,0.4919836646952067,241.78015927891008,-39.23926278015384,0.0,0.0,281.0194220590639,281.0194220590639,0.0,1.0
4544,2019-07-09 08:00:00,7,2019-07-09 09:00:00,0.10547,0.10547,0.10547,0.0,0.5521505342914427,238.76640376432766,-42.25301829473625,0.0,0.0,281.0194220590639,281.0194220590639,0.0,1.0
4545,2019-07-09 09:00:00,7,2019-07-09 10:00:00,0.10547,0.10547,0.10547,0.0,0.616938495676705,238.20146428357197,-42.81795777549195,0.0,0.0,281.0194220590639,281.0194220590639,0.0,1.0
4546,2019-07-09 10:00:00,7,2019-07-09 11:00:00,0.10547,0.10547,0.10547,0.0,0.6825926975991259,237.79018320408508,-43.22923885497883,0.0,0.0,281.0194220590639,281.0194220590639,0.0,1.0
4547,2019-07-09 11:00:00,7,2019-07-09 12:00:00,0.10547,0.10547,0.10547,0.0,0.7488775305100933,230.61813684264598,-50.40128521641793,0.0,0.0,281.0194220590639,281.0194220590639,0.0,1.0
4548,2019-07-09 12:00:00,7,2019-07-09 13:00:00,0.10547,0.10547,0.10547,0.0,0.8261595011752676,224.46634344421727,-55.41415433158787,0.0,0.0,279.88049777580517,279.88049777580517,0.0,1.0
4549,2019-07-09 13:00:00,7,2019-07-09 14:00:00,0.10547,0.10547,0.10547,0.0,0.911127871150369,224.1982623099548,-57.96008403236803,0.0,0.0,282.15834634232283,282.15834634232283,0.0,1.0
4550,2019-07-09 14:00:00,7,2019-07-09 15:00:00,0.12561,0.12561,0.12561,0.0,1.0,224.36070269359578,-0.0,0.0,0.0,224.36070269359578,224.36070269359578,0.0,0.0
4551,2019-07-09 15:00:00,7,2019-07-09 16:00:00,0.12561,0.12561,0.12561,0.0,1.0,216.10089023375556,-0.0,0.0,0.0,216.10089023375556,216.10089023375556,0.0,0.0
4552,2019-07-09 16:00:00,7,2019-07-09 17:00:00,0.15111,0.15111,0.15111,0.0,1.0,202.09024124722586,-0.0,202.09024124722586,0.0,0.0,0.0,0.0,0.0
4553,2019-07-09 17:00:00,7,2019-07-09 18:00:00,0.15111,0.15111,0.15111,0.0,0.633894490494156,195.63339301964106,-0.0,195.63339301964106,0.0,0.0,0.0,0.0,0.0
4554,2019-07-09 18:00:00,7,2019-07-09 19:00:00,0.15111,0.15111,0.15111,0.0,0.27948616980640056,201.34051441060132,-0.0,126.67636573313311,0.0,74.6641486774682,74.6641486774682,0.0,0.0
4555,2019-07-09 19:00:00,7,2019-07-09 20:00:00,0.15111,0.15111,0.15111,0.0,0.05,201.6126391202147,-0.0,0.0,0.0,201.6126391202147,201.6126391202147,0.0,0.0
4556,2019-07-09 20:00:00,7,2019-07-09 21:00:00,0.15111,0.15111,0.15111,0.0,0.05,206.5511157047163,-0.0,0.0,0.0,206.5511157047163,206.5511157047163,0.0,0.0
4557,2019-07-09 21:00:00,7,2019-07-09 22:00:00,0.12561,0.12561,0.12561,0.0,0.05,200.3172052660026,-0.0,0.0,0.0,200.3172052660026,200.3172052660026,0.0,0.0
4558,2019-07-09 22:00:00,7,2019-07-09 23:00:00,0.12561,0.12561,0.12561,0.0,0.05,198.58815963079894,-0.0,0.0,0.0,198.58815963079894,198.58815963079894,0.0,0.0
4559,2019-07-09 23:00:00,7,2019-07-10 00:00:00,0.10547,0.10547,0.10547,0.0,0.05,195.68594311109712,-0.0,0.0,0.0,195.68594311109712,195.68594311109712,0.0,0.0
4560,2019-07-10 00:00:00,7,2019-07-10 01:00:00,0.10547,0.10547,0.10547,0.0,0.05,198.59952947080072,-90.82817991570627,0.0,0.0,289.427709386507,289.427709386507,0.0,1.0
4561,2019-07-10 01:00:00,7,2019-07-10 02:00:00,0.10547,0.10547,0.10547,0.0,0.18926987587074962,202.88244440880763,-86.54526497769936,0.0,0.0,289.427709386507,289.427709386507,0.0,1.0
4562,2019-07-10 02:00:00,7,2019-07-10 03:00:00,0.10547,0.10547,0.10547,0.0,0.321972615503222,211.94012908733103,-77.48758029917596,0.0,0.0,289.427709386507,289.427709386507,0.0,1.0
4563,2019-07-10 03:00:00,7,2019-07-10 04:00:00,0.10547,0.10547,0.10547,0.0,0.44078690529529185,239.41193876864318,-50.01577061786381,0.0,0.0,289.427709386507,289.427709386507,0.0,1.0
4564,2019-07-10 04:00:00,7,2019-07-10 05:00:00,0.10547,0.10547,0.10547,0.0,0.5174777535760163,237.5549222119242,-51.87278717458278,0.0,0.0,289.427709386507,289.427709386507,0.0,1.0
4565,2019-07-10 05:00:00,7,2019-07-10 06:00:00,0.10547,0.10547,0.10547,0.0,0.59701602724371,291.0888845965315,-0.0,1.6611752100245099,0.0,289.427709386507,289.427709386507,0.0,0.0
4566,2019-07-10 06:00:00,7,2019-07-10 07:00:00,0.10547,0.10547,0.10547,0.0,0.5940066518632308,321.6610339654125,-0.0,32.233324578905524,0.0,289.427709386507,289.427709386507,0.0,0.0
4567,2019-07-10 07:00:00,7,2019-07-10 08:00:00,0.10547,0.10547,0.10547,0.0,0.535612947915938,332.1986488983355,-0.0,42.77093951182849,0.0,289.427709386507,289.427709386507,0.0,0.0
4568,2019-07-10 08:00:00,7,2019-07-10 09:00:00,0.10547,0.10547,0.10547,0.0,0.45812936184378517,331.3004724389612,-0.0,41.87276305245422,0.0,289.427709386507,289.427709386507,0.0,0.0
4569,2019-07-10 09:00:00,7,2019-07-10 10:00:00,0.10547,0.10547,0.10547,0.0,0.38227290703861444,324.85369387877506,-0.0,35.42598449226807,0.0,289.427709386507,289.427709386507,0.0,0.0
4570,2019-07-10 10:00:00,7,2019-07-10 11:00:00,0.10547,0.10547,0.10547,0.0,0.3180953989004478,320.16675383320035,-0.0,30.739044446693356,0.0,289.427709386507,289.427709386507,0.0,0.0
4571,2019-07-10 11:00:00,7,2019-07-10 12:00:00,0.10547,0.10547,0.10547,0.0,0.26240872417817723,306.7648669159853,-0.0,17.337157529478304,0.0,289.427709386507,289.427709386507,0.0,0.0
4572,2019-07-10 12:00:00,7,2019-07-10 13:00:00,0.10547,0.10547,0.10547,0.0,0.23100083010303546,312.4481804833182,-0.0,23.020471096811217,0.0,289.427709386507,289.427709386507,0.0,0.0
4573,2019-07-10 13:00:00,7,2019-07-10 14:00:00,0.10547,0.10547,0.10547,0.0,0.18929707811605861,308.41863823907806,-0.0,18.990928852571088,0.0,289.427709386507,289.427709386507,0.0,0.0
4574,2019-07-10 14:00:00,7,2019-07-10 15:00:00,0.12561,0.12561,0.12561,0.0,0.154893221499082,307.2861396770458,-0.0,17.858430290538838,0.0,289.427709386507,289.427709386507,0.0,0.0
4575,2019-07-10 15:00:00,7,2019-07-10 16:00:00,0.12561,0.12561,0.12561,0.0,0.12254099271187395,309.4549001155566,-0.0,20.027190729049625,0.0,289.427709386507,289.427709386507,0.0,0.0
4576,2019-07-10 16:00:00,7,2019-07-10 17:00:00,0.15111,0.15111,0.15111,0.0,0.08625985008678395,309.44314663441173,-0.0,20.015437247904746,0.0,289.427709386507,289.427709386507,0.0,0.0
4577,2019-07-10 17:00:00,7,2019-07-10 18:00:00,0.15111,0.15111,0.15111,0.0,0.05,243.13901122366534,-0.0,0.0,0.0,243.13901122366534,243.13901122366534,0.0,0.0
4578,2019-07-10 18:00:00,7,2019-07-10 19:00:00,0.15111,0.15111,0.15111,0.0,0.05,250.30270603313878,-0.0,0.0,0.0,250.30270603313878,250.30270603313878,0.0,0.0
4579,2019-07-10 19:00:00,7,2019-07-10 20:00:00,0.15111,0.15111,0.15111,0.0,0.05,224.4826358953729,-0.0,0.0,0.0,224.4826358953729,224.4826358953729,0.0,0.0
4580,2019-07-10 20:00:00,7,2019-07-10 21:00:00,0.15111,0.15111,0.15111,0.0,0.05,218.30534705782372,-0.0,0.0,0.0,218.30534705782372,218.30534705782372,0.0,0.0
4581,2019-07-10 21:00:00,7,2019-07-10 22:00:00,0.12561,0.12561,0.12561,0.0,0.05,201.87810277790763,-0.0,0.0,0.0,201.87810277790763,201.87810277790763,0.0,0.0
4582,2019-07-10 22:00:00,7,2019-07-10 23:00:00,0.12561,0.12561,0.12561,0.0,0.05,206.32436348416755,-0.0,0.0,0.0,206.32436348416755,206.32436348416755,0.0,0.0
4583,2019-07-10 23:00:00,7,2019-07-11 00:00:00,0.10547,0.10547,0.10547,0.0,0.05,206.836363335783,-0.0,0.0,0.0,206.836363335783,206.836363335783,0.0,0.0
4584,2019-07-11 00:00:00,7,2019-07-11 01:00:00,0.10547,0.10547,0.10547,0.0,0.05,206.27306117837148,-83.15464820813551,0.0,0.0,289.427709386507,289.427709386507,0.0,1.0
4585,2019-07-11 01:00:00,7,2019-07-11 02:00:00,0.10547,0.10547,0.10547,0.0,0.17750379391914115,205.1763556607809,-84.25135372572609,0.0,0.0,289.427709386507,289.427709386507,0.0,1.0
4586,2019-07-11 02:00:00,7,2019-07-11 03:00:00,0.10547,0.10547,0.10547,0.0,0.3066892029652545,204.50478109899228,-84.92292828751471,0.0,0.0,289.427709386507,289.427709386507,0.0,1.0
4587,2019-07-11 03:00:00,7,2019-07-11 04:00:00,0.10547,0.10547,0.10547,0.0,0.436904359672777,226.5240186661335,-62.903690720373504,0.0,0.0,289.427709386507,289.427709386507,0.0,1.0
4588,2019-07-11 04:00:00,7,2019-07-11 05:00:00,0.10547,0.10547,0.10547,0.0,0.5333566854440164,223.95450494477865,-65.47320444172834,0.0,0.0,289.427709386507,289.427709386507,0.0,1.0
4589,2019-07-11 05:00:00,7,2019-07-11 06:00:00,0.10547,0.10547,0.10547,0.0,0.6337489322546666,279.4572972796501,-9.970412106856884,0.0,0.0,289.427709386507,289.427709386507,0.0,1.0
4590,2019-07-11 06:00:00,7,2019-07-11 07:00:00,0.10547,0.10547,0.10547,0.0,0.6490368974851805,309.18185624279454,-0.0,19.754146856287548,0.0,289.427709386507,289.427709386507,0.0,0.0
4591,2019-07-11 07:00:00,7,2019-07-11 08:00:00,0.10547,0.10547,0.10547,0.0,0.6132503995571233,316.4464661584273,-0.0,27.018756771920323,0.0,289.427709386507,289.427709386507,0.0,0.0
4592,2019-07-11 08:00:00,7,2019-07-11 09:00:00,0.10547,0.10547,0.10547,0.0,0.5643033764195866,321.47805925613943,-0.0,32.05034986963244,0.0,289.427709386507,289.427709386507,0.0,0.0
4593,2019-07-11 09:00:00,7,2019-07-11 10:00:00,0.10547,0.10547,0.10547,0.0,0.5062411483948901,319.0992863950966,-0.0,29.671577008589622,0.0,289.427709386507,289.427709386507,0.0,0.0
4594,2019-07-11 10:00:00,7,2019-07-11 11:00:00,0.10547,0.10547,0.10547,0.0,0.45248829149527126,315.5717400410758,-0.0,26.144030654568837,0.0,289.427709386507,289.427709386507,0.0,0.0
4595,2019-07-11 11:00:00,7,2019-07-11 12:00:00,0.10547,0.10547,0.10547,0.0,0.4051259171210523,301.55494189799873,-0.0,12.12723251149174,0.0,289.427709386507,289.427709386507,0.0,0.0
4596,2019-07-11 12:00:00,7,2019-07-11 13:00:00,0.10547,0.10547,0.10547,0.0,0.383156293006031,307.78726975425263,-0.0,18.359560367745644,0.0,289.427709386507,289.427709386507,0.0,0.0
4597,2019-07-11 13:00:00,7,2019-07-11 14:00:00,0.10547,0.10547,0.10547,0.0,0.34989621987605696,310.07563158865844,-0.0,20.64792220215145,0.0,289.427709386507,289.427709386507,0.0,0.0
4598,2019-07-11 14:00:00,7,2019-07-11 15:00:00,0.12561,0.12561,0.12561,0.0,0.31249056371273914,313.6446539924238,-0.0,24.216944605916808,0.0,289.427709386507,289.427709386507,0.0,0.0
4599,2019-07-11 15:00:00,7,2019-07-11 16:00:00,0.12561,0.12561,0.12561,0.0,0.2686192872527449,317.02340077671323,-0.0,27.59569139020624,0.0,289.427709386507,289.427709386507,0.0,0.0
4600,2019-07-11 16:00:00,7,2019-07-11 17:00:00,0.15111,0.15111,0.15111,0.0,0.2186270927052698,317.7383773502799,-0.0,28.310667963772914,0.0,289.427709386507,289.427709386507,0.0,0.0
4601,2019-07-11 17:00:00,7,2019-07-11 18:00:00,0.15111,0.15111,0.15111,0.0,0.1673396507419131,242.59894504479038,-0.0,64.77148720953603,0.0,177.82745783525434,177.82745783525434,0.0,0.0
4602,2019-07-11 18:00:00,7,2019-07-11 19:00:00,0.15111,0.15111,0.15111,0.0,0.05,239.39198281554434,-0.0,0.0,0.0,239.39198281554434,239.39198281554434,0.0,0.0
4603,2019-07-11 19:00:00,7,2019-07-11 20:00:00,0.15111,0.15111,0.15111,0.0,0.05,207.7227622339352,-0.0,0.0,0.0,207.7227622339352,207.7227622339352,0.0,0.0
4604,2019-07-11 20:00:00,7,2019-07-11 21:00:00,0.15111,0.15111,0.15111,0.0,0.05,199.93213804925193,-0.0,0.0,0.0,199.93213804925193,199.93213804925193,0.0,0.0
4605,2019-07-11 21:00:00,7,2019-07-11 22:00:00,0.12561,0.12561,0.12561,0.0,0.05,189.53720314644204,-0.0,0.0,0.0,189.53720314644204,189.53720314644204,0.0,0.0
4606,2019-07-11 22:00:00,7,2019-07-11 23:00:00,0.12561,0.12561,0.12561,0.0,0.05,194.4245931557545,-0.0,0.0,0.0,194.4245931557545,194.4245931557545,0.0,0.0
4607,2019-07-11 23:00:00,7,2019-07-12 00:00:00,0.10547,0.10547,0.10547,0.0,0.05,195.63383791453245,-0.0,0.0,0.0,195.63383791453245,195.63383791453245,0.0,0.0
4608,2019-07-12 00:00:00,7,2019-07-12 01:00:00,0.10547,0.10547,0.10547,0.0,0.05,198.4594159529844,-90.9682934335226,0.0,0.0,289.427709386507,289.427709386507,0.0,1.0
4609,2019-07-12 01:00:00,7,2019-07-12 02:00:00,0.10547,0.10547,0.10547,0.0,0.18948471659806798,198.9216316687348,-90.5060777177722,0.0,0.0,289.427709386507,289.427709386507,0.0,1.0
4610,2019-07-12 02:00:00,7,2019-07-12 03:00:00,0.10547,0.10547,0.10547,0.0,0.3282607024319854,204.71594805164898,-84.71176133485801,0.0,0.0,289.427709386507,289.427709386507,0.0,1.0
4611,2019-07-12 03:00:00,7,2019-07-12 04:00:00,0.10547,0.10547,0.10547,0.0,0.458152069812101,229.71480194717262,-59.71290743933437,0.0,0.0,289.427709386507,289.427709386507,0.0,1.0
4612,2019-07-12 04:00:00,7,2019-07-12 05:00:00,0.10547,0.10547,0.10547,0.0,0.5497118612190803,228.69275587816927,-60.734953508337725,0.0,0.0,289.427709386507,289.427709386507,0.0,1.0
4613,2019-07-12 05:00:00,7,2019-07-12 06:00:00,0.10547,0.10547,0.10547,0.0,0.6428387899318648,277.3200646903713,-12.107644696135708,0.0,0.0,289.427709386507,289.427709386507,0.0,1.0
4614,2019-07-12 06:00:00,7,2019-07-12 07:00:00,0.10547,0.10547,0.10547,0.0,0.6614038451326063,299.03737132452653,-0.0,9.609661938019542,0.0,289.427709386507,289.427709386507,0.0,0.0
4615,2019-07-12 07:00:00,7,2019-07-12 08:00:00,0.10547,0.10547,0.10547,0.0,0.6439950372738753,305.46261025425076,-0.0,16.034900867743772,0.0,289.427709386507,289.427709386507,0.0,0.0
4616,2019-07-12 08:00:00,7,2019-07-12 09:00:00,0.10547,0.10547,0.10547,0.0,0.6149463038178177,312.2842463936428,-0.0,22.856537007135785,0.0,289.427709386507,289.427709386507,0.0,0.0
4617,2019-07-12 09:00:00,7,2019-07-12 10:00:00,0.10547,0.10547,0.10547,0.0,0.5735395338773543,310.8660039218678,-0.0,21.438294535360797,0.0,289.427709386507,289.427709386507,0.0,0.0
4618,2019-07-12 10:00:00,7,2019-07-12 11:00:00,0.10547,0.10547,0.10547,0.0,0.5347020437770631,310.8449514202508,-0.0,21.417242033743833,0.0,289.427709386507,289.427709386507,0.0,0.0
4619,2019-07-12 11:00:00,7,2019-07-12 12:00:00,0.10547,0.10547,0.10547,0.0,0.49590269226665756,304.3337766165807,-0.0,14.906067230073688,0.0,289.427709386507,289.427709386507,0.0,0.0
4620,2019-07-12 12:00:00,7,2019-07-12 13:00:00,0.10547,0.10547,0.10547,0.0,0.46889894728463993,316.1674927491948,-0.0,26.73978336268783,0.0,289.427709386507,289.427709386507,0.0,0.0
4621,2019-07-12 13:00:00,7,2019-07-12 14:00:00,0.10547,0.10547,0.10547,0.0,0.42045731075803155,318.4409271752947,-0.0,29.0132177887877,0.0,289.427709386507,289.427709386507,0.0,0.0
4622,2019-07-12 14:00:00,7,2019-07-12 15:00:00,0.12561,0.12561,0.12561,0.0,0.36789713360443066,321.8483205973253,-0.0,32.42061121081832,0.0,289.427709386507,289.427709386507,0.0,0.0
4623,2019-07-12 15:00:00,7,2019-07-12 16:00:00,0.12561,0.12561,0.12561,0.0,0.3091641422804844,326.9995478374848,-0.0,37.57183845097779,0.0,289.427709386507,289.427709386507,0.0,0.0
4624,2019-07-12 16:00:00,7,2019-07-12 17:00:00,0.15111,0.15111,0.15111,0.0,0.24109921755045216,327.9715629111857,-0.0,105.4867680878496,0.0,222.48479482333607,222.48479482333607,0.0,0.0
4625,2019-07-12 17:00:00,7,2019-07-12 18:00:00,0.15111,0.15111,0.15111,0.0,0.05,245.87878503770705,-0.0,0.0,0.0,245.87878503770705,245.87878503770705,0.0,0.0
4626,2019-07-12 18:00:00,7,2019-07-12 19:00:00,0.15111,0.15111,0.15111,0.0,0.05,244.02835323957467,-0.0,0.0,0.0,244.02835323957467,244.02835323957467,0.0,0.0
4627,2019-07-12 19:00:00,7,2019-07-12 20:00:00,0.15111,0.15111,0.15111,0.0,0.05,211.6043850984698,-0.0,0.0,0.0,211.6043850984698,211.6043850984698,0.0,0.0
4628,2019-07-12 20:00:00,7,2019-07-12 21:00:00,0.15111,0.15111,0.15111,0.0,0.05,199.42032206696402,-0.0,0.0,0.0,199.42032206696402,199.42032206696402,0.0,0.0
4629,2019-07-12 21:00:00,7,2019-07-12 22:00:00,0.12561,0.12561,0.12561,0.0,0.05,183.41121608835115,-0.0,0.0,0.0,183.41121608835115,183.41121608835115,0.0,0.0
4630,2019-07-12 22:00:00,7,2019-07-12 23:00:00,0.12561,0.12561,0.12561,0.0,0.05,193.20829502461874,-0.0,0.0,0.0,193.20829502461874,193.20829502461874,0.0,0.0
4631,2019-07-12 23:00:00,7,2019-07-13 00:00:00,0.10547,0.10547,0.10547,0.0,0.05,191.86629996766735,-0.0,0.0,0.0,191.86629996766735,191.86629996766735,0.0,0.0
4632,2019-07-13 00:00:00,7,2019-07-13 01:00:00,0.10547,0.10547,0.10547,0.0,0.05,191.95175057656698,-97.47595880994001,0.0,0.0,289.427709386507,289.427709386507,0.0,1.0
4633,2019-07-13 01:00:00,7,2019-07-13 02:00:00,0.10547,0.10547,0.10547,0.0,0.19946313684190803,192.99893754746088,-96.4287718390461,0.0,0.0,289.427709386507,289.427709386507,0.0,1.0
4634,2019-07-13 02:00:00,7,2019-07-13 03:00:00,0.10547,0.10547,0.10547,0.0,0.34732058699511204,197.28811550792085,-92.13959387858614,0.0,0.0,289.427709386507,289.427709386507,0.0,1.0
4635,2019-07-13 03:00:00,7,2019-07-13 04:00:00,0.10547,0.10547,0.10547,0.0,0.48860129760894416,221.72530527493103,-67.70240411157596,0.0,0.0,289.427709386507,289.427709386507,0.0,1.0
4636,2019-07-13 04:00:00,7,2019-07-13 05:00:00,0.10547,0.10547,0.10547,0.0,0.5924116505800273,221.60602260594536,-67.82168678056163,0.0,0.0,289.427709386507,289.427709386507,0.0,1.0
4637,2019-07-13 05:00:00,7,2019-07-13 06:00:00,0.10547,0.10547,0.10547,0.0,0.6964049036435552,272.8366108790223,-16.591098507484674,0.0,0.0,289.427709386507,289.427709386507,0.0,1.0
4638,2019-07-13 06:00:00,7,2019-07-13 07:00:00,0.10547,0.10547,0.10547,0.0,0.7218445880216984,304.89509521140656,-0.0,15.467385824899566,0.0,289.427709386507,289.427709386507,0.0,0.0
4639,2019-07-13 07:00:00,7,2019-07-13 08:00:00,0.10547,0.10547,0.10547,0.0,0.6938239615273151,313.362879249862,-0.0,23.935169863354986,0.0,289.427709386507,289.427709386507,0.0,0.0
4640,2019-07-13 08:00:00,7,2019-07-13 09:00:00,0.10547,0.10547,0.10547,0.0,0.6504631465574692,318.6502791344524,-0.0,29.222569747945386,0.0,289.427709386507,289.427709386507,0.0,0.0
4641,2019-07-13 09:00:00,7,2019-07-13 10:00:00,0.10547,0.10547,0.10547,0.0,0.5975237086082927,316.6502648095422,-0.0,27.222555423035203,0.0,289.427709386507,289.427709386507,0.0,0.0
4642,2019-07-13 10:00:00,7,2019-07-13 11:00:00,0.10547,0.10547,0.10547,0.0,0.5482074850158377,312.7049619828391,-0.0,23.27725259633212,0.0,289.427709386507,289.427709386507,0.0,0.0
4643,2019-07-13 11:00:00,7,2019-07-13 12:00:00,0.10547,0.10547,0.10547,0.0,0.5060385491529172,301.3381171670501,-0.0,11.910407780543096,0.0,289.427709386507,289.427709386507,0.0,0.0
4644,2019-07-13 12:00:00,7,2019-07-13 13:00:00,0.10547,0.10547,0.10547,0.0,0.48446172346352756,313.90626024449597,-0.0,24.478550857988978,0.0,289.427709386507,289.427709386507,0.0,0.0
4645,2019-07-13 13:00:00,7,2019-07-13 14:00:00,0.10547,0.10547,0.10547,0.0,0.44011652263383744,316.31372375054417,-0.0,26.88601436403718,0.0,289.427709386507,289.427709386507,0.0,0.0
4646,2019-07-13 14:00:00,7,2019-07-13 15:00:00,0.12561,0.12561,0.12561,0.0,0.3914099748729005,317.0339800823155,-0.0,27.60627069580852,0.0,289.427709386507,289.427709386507,0.0,0.0
4647,2019-07-13 15:00:00,7,2019-07-13 16:00:00,0.12561,0.12561,0.12561,0.0,0.3413986149167257,319.1071990560407,-0.0,29.679489669533723,0.0,289.427709386507,289.427709386507,0.0,0.0
4648,2019-07-13 16:00:00,7,2019-07-13 17:00:00,0.15111,0.15111,0.15111,0.0,0.28763142348641096,319.705152011748,-0.0,131.17254576449886,0.0,188.53260624724913,188.53260624724913,0.0,0.0
4649,2019-07-13 17:00:00,7,2019-07-13 18:00:00,0.15111,0.15111,0.15111,0.0,0.05,241.3726889316554,-0.0,0.0,0.0,241.3726889316554,241.3726889316554,0.0,0.0
4650,2019-07-13 18:00:00,7,2019-07-13 19:00:00,0.15111,0.15111,0.15111,0.0,0.05,238.18599090543114,-0.0,0.0,0.0,238.18599090543114,238.18599090543114,0.0,0.0
4651,2019-07-13 19:00:00,7,2019-07-13 20:00:00,0.15111,0.15111,0.15111,0.0,0.05,213.2988806089069,-0.0,0.0,0.0,213.2988806089069,213.2988806089069,0.0,0.0
4652,2019-07-13 20:00:00,7,2019-07-13 21:00:00,0.15111,0.15111,0.15111,0.0,0.05,210.49162822030837,-0.0,0.0,0.0,210.49162822030837,210.49162822030837,0.0,0.0
4653,2019-07-13 21:00:00,7,2019-07-13 22:00:00,0.12561,0.12561,0.12561,0.0,0.05,195.07007768971016,-0.0,0.0,0.0,195.07007768971016,195.07007768971016,0.0,0.0
4654,2019-07-13 22:00:00,7,2019-07-13 23:00:00,0.12561,0.12561,0.12561,0.0,0.05,195.0824929543467,-0.0,0.0,0.0,195.0824929543467,195.0824929543467,0.0,0.0
4655,2019-07-13 23:00:00,7,2019-07-14 00:00:00,0.10547,0.10547,0.10547,0.0,0.05,192.9861493954097,-57.83928851579893,0.0,0.0,250.82543791120864,250.82543791120864,0.0,1.0
4656,2019-07-14 00:00:00,7,2019-07-14 01:00:00,0.10547,0.10547,0.10547,0.0,0.13868690905755837,197.25095937717822,-92.17675000932877,0.0,0.0,289.427709386507,289.427709386507,0.0,1.0
4657,2019-07-14 01:00:00,7,2019-07-14 02:00:00,0.10547,0.10547,0.10547,0.0,0.28002459240519584,203.2849284871993,-86.1427808993077,0.0,0.0,289.427709386507,289.427709386507,0.0,1.0
4658,2019-07-14 02:00:00,7,2019-07-14 03:00:00,0.10547,0.10547,0.10547,0.0,0.41211018978413433,207.0348680821726,-82.39284130433438,0.0,0.0,289.427709386507,289.427709386507,0.0,1.0
4659,2019-07-14 03:00:00,7,2019-07-14 04:00:00,0.10547,0.10547,0.10547,0.0,0.5384458797841137,228.51469102075856,-60.91301836574843,0.0,0.0,289.427709386507,289.427709386507,0.0,1.0
4660,2019-07-14 04:00:00,7,2019-07-14 05:00:00,0.10547,0.10547,0.10547,0.0,0.6318458412782613,227.58603178036546,-61.84167760614153,0.0,0.0,289.427709386507,289.427709386507,0.0,1.0
4661,2019-07-14 05:00:00,7,2019-07-14 06:00:00,0.10547,0.10547,0.10547,0.0,0.7266697469410116,276.8067148430324,-12.62099454347458,0.0,0.0,289.427709386507,289.427709386507,0.0,1.0
4662,2019-07-14 06:00:00,7,2019-07-14 07:00:00,0.10547,0.10547,0.10547,0.0,0.7460219385743394,301.8277150888852,-0.0,12.400005702378223,0.0,289.427709386507,289.427709386507,0.0,0.0
4663,2019-07-14 07:00:00,7,2019-07-14 08:00:00,0.10547,0.10547,0.10547,0.0,0.723558160128002,309.3817204036887,-0.0,19.9540110171817,0.0,289.427709386507,289.427709386507,0.0,0.0
4664,2019-07-14 08:00:00,7,2019-07-14 09:00:00,0.10547,0.10547,0.10547,0.0,0.6874095894447018,316.11071234635443,-0.0,26.683002959847443,0.0,289.427709386507,289.427709386507,0.0,0.0
4665,2019-07-14 09:00:00,7,2019-07-14 10:00:00,0.10547,0.10547,0.10547,0.0,0.6390708159667173,315.1988992779914,-0.0,25.771189891484426,0.0,289.427709386507,289.427709386507,0.0,0.0
4666,2019-07-14 10:00:00,7,2019-07-14 11:00:00,0.10547,0.10547,0.10547,0.0,0.5923838777575064,311.27647105422596,-0.0,21.848761667718975,0.0,289.427709386507,289.427709386507,0.0,0.0
4667,2019-07-14 11:00:00,7,2019-07-14 12:00:00,0.10547,0.10547,0.10547,0.0,0.5528027877797547,301.46321282765706,-0.0,12.03550344115007,0.0,289.427709386507,289.427709386507,0.0,0.0
4668,2019-07-14 12:00:00,7,2019-07-14 13:00:00,0.10547,0.10547,0.10547,0.0,0.5309993395168017,312.20073922651835,-0.0,22.77302984001136,0.0,289.427709386507,289.427709386507,0.0,0.0
4669,2019-07-14 13:00:00,7,2019-07-14 14:00:00,0.10547,0.10547,0.10547,0.0,0.48974385067620135,315.60277424130965,-0.0,26.175064854802656,0.0,289.427709386507,289.427709386507,0.0,0.0
4670,2019-07-14 14:00:00,7,2019-07-14 15:00:00,0.12561,0.12561,0.12561,0.0,0.44232525492474734,318.82287223148273,-0.0,29.395162844975744,0.0,289.427709386507,289.427709386507,0.0,0.0
4671,2019-07-14 15:00:00,7,2019-07-14 16:00:00,0.12561,0.12561,0.12561,0.0,0.3890731483215304,323.86159730358384,-0.0,34.433887917076845,0.0,289.427709386507,289.427709386507,0.0,0.0
4672,2019-07-14 16:00:00,7,2019-07-14 17:00:00,0.15111,0.15111,0.15111,0.0,0.3266929165876955,325.24303063716917,-0.0,152.73448995640794,0.0,172.50854068076123,172.50854068076123,0.0,0.0
4673,2019-07-14 17:00:00,7,2019-07-14 18:00:00,0.15111,0.15111,0.15111,0.0,0.05,245.3926193692936,-0.0,0.0,0.0,245.3926193692936,245.3926193692936,0.0,0.0
4674,2019-07-14 18:00:00,7,2019-07-14 19:00:00,0.15111,0.15111,0.15111,0.0,0.05,243.2483163451649,-0.0,0.0,0.0,243.2483163451649,243.2483163451649,0.0,0.0
4675,2019-07-14 19:00:00,7,2019-07-14 20:00:00,0.15111,0.15111,0.15111,0.0,0.05,208.87888734023085,-0.0,0.0,0.0,208.87888734023085,208.87888734023085,0.0,0.0
4676,2019-07-14 20:00:00,7,2019-07-14 21:00:00,0.15111,0.15111,0.15111,0.0,0.05,198.38732112398947,-0.0,0.0,0.0,198.38732112398947,198.38732112398947,0.0,0.0
4677,2019-07-14 21:00:00,7,2019-07-14 22:00:00,0.12561,0.12561,0.12561,0.0,0.05,181.59944684204876,-0.0,0.0,0.0,181.59944684204876,181.59944684204876,0.0,0.0
4678,2019-07-14 22:00:00,7,2019-07-14 23:00:00,0.12561,0.12561,0.12561,0.0,0.05,186.84997533481038,-0.0,0.0,0.0,186.84997533481038,186.84997533481038,0.0,0.0
4679,2019-07-14 23:00:00,7,2019-07-15 00:00:00,0.10547,0.10547,0.10547,0.0,0.05,194.25137107683162,-0.0,0.0,0.0,194.25137107683162,194.25137107683162,0.0,0.0
4680,2019-07-15 00:00:00,7,2019-07-15 01:00:00,0.10547,0.10547,0.10547,0.0,0.05,196.00156979669353,-93.37104902721495,0.0,0.0,289.3726188239085,289.3726188239085,0.0,1.0
4681,2019-07-15 01:00:00,7,2019-07-15 02:00:00,0.10547,0.10547,0.10547,0.0,0.19316894184172959,193.5705228648542,-95.80209595905427,0.0,0.0,289.3726188239085,289.3726188239085,0.0,1.0
4682,2019-07-15 02:00:00,7,2019-07-15 03:00:00,0.10547,0.10547,0.10547,0.0,0.3400654889789462,202.4592981987202,-0.0,0.0,0.0,202.4592981987202,202.4592981987202,0.0,0.0
4683,2019-07-15 03:00:00,7,2019-07-15 04:00:00,0.10547,0.10547,0.10547,0.0,0.3400654889789462,207.0785996864416,-82.29401913746688,0.0,0.0,289.3726188239085,289.3726188239085,0.0,1.0
4684,2019-07-15 04:00:00,7,2019-07-15 05:00:00,0.10547,0.10547,0.10547,0.0,0.46624965165639537,201.48624206240223,-0.0,0.0,0.0,201.48624206240223,201.48624206240223,0.0,0.0
4685,2019-07-15 05:00:00,7,2019-07-15 06:00:00,0.10547,0.10547,0.10547,0.0,0.46624965165639537,209.28878971370347,-80.08382911020502,0.0,0.0,289.3726188239085,289.3726188239085,0.0,1.0
4686,2019-07-15 06:00:00,7,2019-07-15 07:00:00,0.10547,0.10547,0.10547,0.0,0.5890448562920431,232.61528667746848,-56.757332146440014,0.0,0.0,289.3726188239085,289.3726188239085,0.0,1.0
4687,2019-07-15 07:00:00,7,2019-07-15 08:00:00,0.10547,0.10547,0.10547,0.0,0.6760727655832511,229.63576578914913,-59.736853034759356,0.0,0.0,289.3726188239085,289.3726188239085,0.0,1.0
4688,2019-07-15 08:00:00,7,2019-07-15 09:00:00,0.10547,0.10547,0.10547,0.0,0.767669273569882,257.37523896201196,-31.997379861896526,0.0,0.0,289.3726188239085,289.3726188239085,0.0,1.0
4689,2019-07-15 09:00:00,7,2019-07-15 10:00:00,0.10547,0.10547,0.10547,0.0,0.8167319226914567,259.7507676521761,-29.62185117173241,0.0,0.0,289.3726188239085,289.3726188239085,0.0,1.0
4690,2019-07-15 10:00:00,7,2019-07-15 11:00:00,0.10547,0.10547,0.10547,0.0,0.862152094488113,262.85328853033786,-26.519330293570626,0.0,0.0,289.3726188239085,289.3726188239085,0.0,1.0
4691,2019-07-15 11:00:00,7,2019-07-15 12:00:00,0.10547,0.10547,0.10547,0.0,0.9028150676049215,257.2828839242803,-0.0,0.0,0.0,257.2828839242803,257.2828839242803,0.0,0.0
4692,2019-07-15 12:00:00,7,2019-07-15 13:00:00,0.10547,0.10547,0.10547,0.0,0.9028150676049215,256.5948294707542,-32.77778935315427,0.0,0.0,289.37261882390845,289.37261882390845,0.0,1.0
4693,2019-07-15 13:00:00,7,2019-07-15 14:00:00,0.10547,0.10547,0.10547,0.0,0.9530743446130913,258.76893052809845,-30.603688295809995,0.0,0.0,289.37261882390845,289.37261882390845,0.0,1.0
4694,2019-07-15 14:00:00,7,2019-07-15 15:00:00,0.12561,0.12561,0.12561,0.0,1.0,235.69831664479693,-0.0,0.0,0.0,235.69831664479693,235.69831664479693,0.0,0.0
4695,2019-07-15 15:00:00,7,2019-07-15 16:00:00,0.12561,0.12561,0.12561,0.0,1.0,237.80421902340794,-0.0,0.0,0.0,237.80421902340794,237.80421902340794,0.0,0.0
4696,2019-07-15 16:00:00,7,2019-07-15 17:00:00,0.15111,0.15111,0.15111,0.0,1.0,227.16473032146502,-0.0,227.16473032146502,0.0,0.0,0.0,0.0,0.0
4697,2019-07-15 17:00:00,7,2019-07-15 18:00:00,0.15111,0.15111,0.15111,0.0,0.5884696914466213,216.89599177287846,-0.0,216.89599177287846,0.0,0.0,0.0,0.0,0.0
4698,2019-07-15 18:00:00,7,2019-07-15 19:00:00,0.15111,0.15111,0.15111,0.0,0.195542170118943,215.03883207064345,-0.0,0.0,0.0,215.03883207064345,215.03883207064345,0.0,0.0
4699,2019-07-15 19:00:00,7,2019-07-15 20:00:00,0.15111,0.15111,0.15111,0.0,0.195542170118943,188.60015460455745,-0.0,0.0,0.0,188.60015460455745,188.60015460455745,0.0,0.0
4700,2019-07-15 20:00:00,7,2019-07-15 21:00:00,0.15111,0.15111,0.15111,0.0,0.195542170118943,188.8797400422786,-0.0,80.33927790565654,0.0,108.54046213662205,108.54046213662205,0.0,0.0
4701,2019-07-15 21:00:00,7,2019-07-15 22:00:00,0.12561,0.12561,0.12561,0.0,0.05,182.74748172884725,-0.0,0.0,0.0,182.74748172884725,182.74748172884725,0.0,0.0
4702,2019-07-15 22:00:00,7,2019-07-15 23:00:00,0.12561,0.12561,0.12561,0.0,0.05,182.7443290256145,-0.0,0.0,0.0,182.7443290256145,182.7443290256145,0.0,0.0
4703,2019-07-15 23:00:00,7,2019-07-16 00:00:00,0.10547,0.10547,0.10547,0.0,0.05,178.99017204218052,-0.0,0.0,0.0,178.99017204218052,178.99017204218052,0.0,0.0
4704,2019-07-16 00:00:00,7,2019-07-16 01:00:00,0.10547,0.10547,0.10547,0.0,0.05,177.99296129026365,-108.31191704640172,0.0,0.0,286.30487833666535,286.30487833666535,0.0,1.0
4705,2019-07-16 01:00:00,7,2019-07-16 02:00:00,0.10547,0.10547,0.10547,0.0,0.21607827280448266,184.90600042195445,-101.39887791471092,0.0,0.0,286.30487833666535,286.30487833666535,0.0,1.0
4706,2019-07-16 02:00:00,7,2019-07-16 03:00:00,0.10547,0.10547,0.10547,0.0,0.37155655227370604,185.7053444139221,-0.0,0.0,0.0,185.7053444139221,185.7053444139221,0.0,0.0
4707,2019-07-16 03:00:00,7,2019-07-16 04:00:00,0.10547,0.10547,0.10547,0.0,0.37155655227370604,188.75547877302492,-0.0,0.0,0.0,188.75547877302492,188.75547877302492,0.0,0.0
4708,2019-07-16 04:00:00,7,2019-07-16 05:00:00,0.10547,0.10547,0.10547,0.0,0.37155655227370604,189.87419144195624,-0.0,0.0,0.0,189.87419144195624,189.87419144195624,0.0,0.0
4709,2019-07-16 05:00:00,7,2019-07-16 06:00:00,0.10547,0.10547,0.10547,0.0,0.37155655227370604,203.70469902542328,-0.0,0.0,0.0,203.70469902542328,203.70469902542328,0.0,0.0
4710,2019-07-16 06:00:00,7,2019-07-16 07:00:00,0.10547,0.10547,0.10547,0.0,0.37155655227370604,199.8407805371587,-0.0,0.0,0.0,199.8407805371587,199.8407805371587,0.0,0.0
4711,2019-07-16 07:00:00,7,2019-07-16 08:00:00,0.10547,0.10547,0.10547,0.0,0.37155655227370604,217.67713348011318,-68.62774485655218,0.0,0.0,286.30487833666535,286.30487833666535,0.0,1.0
4712,2019-07-16 08:00:00,7,2019-07-16 09:00:00,0.10547,0.10547,0.10547,0.0,0.4767857610537527,216.20412427540657,-0.0,0.0,0.0,216.20412427540657,216.20412427540657,0.0,0.0
4713,2019-07-16 09:00:00,7,2019-07-16 10:00:00,0.10547,0.10547,0.10547,0.0,0.4767857610537527,216.84666004516242,-69.45821829150294,0.0,0.0,286.30487833666535,286.30487833666535,0.0,1.0
4714,2019-07-16 10:00:00,7,2019-07-16 11:00:00,0.10547,0.10547,0.10547,0.0,0.5832883624340572,216.7792073873351,-69.52567094933026,0.0,0.0,286.30487833666535,286.30487833666535,0.0,1.0
4715,2019-07-16 11:00:00,7,2019-07-16 12:00:00,0.10547,0.10547,0.10547,0.0,0.6898943912230302,218.17078795325887,-68.1340903834065,0.0,0.0,286.30487833666535,286.30487833666535,0.0,1.0
4716,2019-07-16 12:00:00,7,2019-07-16 13:00:00,0.10547,0.10547,0.10547,0.0,0.7943666631442534,219.12765852419363,-64.05438876263007,0.0,0.0,283.1820472868237,283.1820472868237,0.0,1.0
4717,2019-07-16 13:00:00,7,2019-07-16 14:00:00,0.10547,0.10547,0.10547,0.0,0.8925833925802861,219.3734001997371,-70.0543091867699,0.0,0.0,289.427709386507,289.427709386507,0.0,1.0
4718,2019-07-16 14:00:00,7,2019-07-16 15:00:00,0.12561,0.12561,0.12561,0.0,1.0,219.55838126021024,-0.0,0.0,0.0,219.55838126021024,219.55838126021024,0.0,0.0
4719,2019-07-16 15:00:00,7,2019-07-16 16:00:00,0.12561,0.12561,0.12561,0.0,1.0,213.07354216420063,-0.0,0.0,0.0,213.07354216420063,213.07354216420063,0.0,0.0
4720,2019-07-16 16:00:00,7,2019-07-16 17:00:00,0.15111,0.15111,0.15111,0.0,1.0,201.31697477440085,-0.0,139.37840698173537,0.0,61.93856779266548,61.93856779266548,0.0,0.0
4721,2019-07-16 17:00:00,7,2019-07-16 18:00:00,0.15111,0.15111,0.15111,0.0,0.7475028859026533,193.46397628019767,-0.0,193.46397628019767,0.0,0.0,0.0,1.0,0.0
4722,2019-07-16 18:00:00,7,2019-07-16 19:00:00,0.15111,0.15111,0.15111,0.0,0.39702466800374453,191.557616738067,-0.0,191.557616738067,0.0,0.0,0.0,1.0,0.0
4723,2019-07-16 19:00:00,7,2019-07-16 20:00:00,0.15111,0.15111,0.15111,0.0,0.05,184.77517688537534,-0.0,0.0,0.0,184.77517688537534,184.77517688537534,0.0,0.0
4724,2019-07-16 20:00:00,7,2019-07-16 21:00:00,0.15111,0.15111,0.15111,0.0,0.05,182.5581670520233,-0.0,0.0,0.0,182.5581670520233,182.5581670520233,0.0,0.0
4725,2019-07-16 21:00:00,7,2019-07-16 22:00:00,0.12561,0.12561,0.12561,0.0,0.05,180.25622343974942,-0.0,0.0,0.0,180.25622343974942,180.25622343974942,0.0,0.0
4726,2019-07-16 22:00:00,7,2019-07-16 23:00:00,0.12561,0.12561,0.12561,0.0,0.05,186.6952603243555,-0.0,0.0,0.0,186.6952603243555,186.6952603243555,0.0,0.0
4727,2019-07-16 23:00:00,7,2019-07-17 00:00:00,0.10547,0.10547,0.10547,0.0,0.05,186.26962056510047,-0.0,0.0,0.0,186.26962056510047,186.26962056510047,0.0,0.0
4728,2019-07-17 00:00:00,7,2019-07-17 01:00:00,0.10547,0.10547,0.10547,0.0,0.05,188.97185577982833,-100.45585360667866,0.0,0.0,289.427709386507,289.427709386507,0.0,1.0
4729,2019-07-17 01:00:00,7,2019-07-17 02:00:00,0.10547,0.10547,0.10547,0.0,0.20403230886357393,192.0926546204881,-97.33505476601889,0.0,0.0,289.427709386507,289.427709386507,0.0,1.0
4730,2019-07-17 02:00:00,7,2019-07-17 03:00:00,0.10547,0.10547,0.10547,0.0,0.35327939283813625,195.1236185282582,-94.3040908582488,0.0,0.0,289.427709386507,289.427709386507,0.0,1.0
4731,2019-07-17 03:00:00,7,2019-07-17 04:00:00,0.10547,0.10547,0.10547,0.0,0.4978789988207844,218.3264192905706,-71.10129009593638,0.0,0.0,289.427709386507,289.427709386507,0.0,1.0
4732,2019-07-17 04:00:00,7,2019-07-17 05:00:00,0.10547,0.10547,0.10547,0.0,0.6069009769678868,218.38620835228167,-71.04150103422532,0.0,0.0,289.427709386507,289.427709386507,0.0,1.0
4733,2019-07-17 05:00:00,7,2019-07-17 06:00:00,0.10547,0.10547,0.10547,0.0,0.715831278553699,272.0312746281677,-17.396434758339296,0.0,0.0,289.427709386507,289.427709386507,0.0,1.0
4734,2019-07-17 06:00:00,7,2019-07-17 07:00:00,0.10547,0.10547,0.10547,0.0,0.7425058118498193,301.48374665786815,-0.0,12.056037271361163,0.0,289.427709386507,289.427709386507,0.0,0.0
4735,2019-07-17 07:00:00,7,2019-07-17 08:00:00,0.10547,0.10547,0.10547,0.0,0.7206651646190926,308.50924766286903,-0.0,19.08153827636204,0.0,289.427709386507,289.427709386507,0.0,0.0
4736,2019-07-17 08:00:00,7,2019-07-17 09:00:00,0.10547,0.10547,0.10547,0.0,0.6860971604952483,313.1131335914294,-0.0,23.685424204922413,0.0,289.427709386507,289.427709386507,0.0,0.0
4737,2019-07-17 09:00:00,7,2019-07-17 10:00:00,0.10547,0.10547,0.10547,0.0,0.6431887833124178,312.46437681550043,-0.0,23.03666742899344,0.0,289.427709386507,289.427709386507,0.0,0.0
4738,2019-07-17 10:00:00,7,2019-07-17 11:00:00,0.10547,0.10547,0.10547,0.0,0.6014556901439515,309.93937152541093,-0.0,20.511662138903944,0.0,289.427709386507,289.427709386507,0.0,0.0
4739,2019-07-17 11:00:00,7,2019-07-17 12:00:00,0.10547,0.10547,0.10547,0.0,0.5642968819212993,299.6843713389128,-0.0,10.256661952405807,0.0,289.427709386507,289.427709386507,0.0,0.0
4740,2019-07-17 12:00:00,7,2019-07-17 13:00:00,0.10547,0.10547,0.10547,0.0,0.5457159725872309,311.182467536248,-0.0,21.754758149741008,0.0,289.427709386507,289.427709386507,0.0,0.0
4741,2019-07-17 13:00:00,7,2019-07-17 14:00:00,0.10547,0.10547,0.10547,0.0,0.5063051788377001,314.71685972946597,-0.0,25.289150342958976,0.0,289.427709386507,289.427709386507,0.0,0.0
4742,2019-07-17 14:00:00,7,2019-07-17 15:00:00,0.12561,0.12561,0.12561,0.0,0.46049150068016576,317.07831598338794,-0.0,27.650606596880948,0.0,289.427709386507,289.427709386507,0.0,0.0
4743,2019-07-17 15:00:00,7,2019-07-17 16:00:00,0.12561,0.12561,0.12561,0.0,0.41039982206262776,320.55991124054236,-0.0,31.132201854035372,0.0,289.427709386507,289.427709386507,0.0,0.0
4744,2019-07-17 16:00:00,7,2019-07-17 17:00:00,0.15111,0.15111,0.15111,0.0,0.3540009056603898,321.2878025637082,-0.0,167.80849992453517,0.0,153.47930263917306,153.47930263917306,0.0,0.0
4745,2019-07-17 17:00:00,7,2019-07-17 18:00:00,0.15111,0.15111,0.15111,0.0,0.05,245.58870451696788,-0.0,0.0,0.0,245.58870451696788,245.58870451696788,0.0,0.0
4746,2019-07-17 18:00:00,7,2019-07-17 19:00:00,0.15111,0.15111,0.15111,0.0,0.05,243.93944340382663,-0.0,0.0,0.0,243.93944340382663,243.93944340382663,0.0,0.0
4747,2019-07-17 19:00:00,7,2019-07-17 20:00:00,0.15111,0.15111,0.15111,0.0,0.05,209.45250655483798,-0.0,0.0,0.0,209.45250655483798,209.45250655483798,0.0,0.0
4748,2019-07-17 20:00:00,7,2019-07-17 21:00:00,0.15111,0.15111,0.15111,0.0,0.05,201.88851264548842,-0.0,0.0,0.0,201.88851264548842,201.88851264548842,0.0,0.0
4749,2019-07-17 21:00:00,7,2019-07-17 22:00:00,0.12561,0.12561,0.12561,0.0,0.05,192.7006912252258,-0.0,0.0,0.0,192.7006912252258,192.7006912252258,0.0,0.0
4750,2019-07-17 22:00:00,7,2019-07-17 23:00:00,0.12561,0.12561,0.12561,0.0,0.05,196.48924380529118,-0.0,0.0,0.0,196.48924380529118,196.48924380529118,0.0,0.0
4751,2019-07-17 23:00:00,7,2019-07-18 00:00:00,0.10547,0.10547,0.10547,0.0,0.05,195.82969945186636,-0.0,0.0,0.0,195.82969945186636,195.82969945186636,0.0,0.0
4752,2019-07-18 00:00:00,7,2019-07-18 01:00:00,0.10547,0.10547,0.10547,0.0,0.05,194.06480216323192,-95.36290722327507,0.0,0.0,289.427709386507,289.427709386507,0.0,1.0
4753,2019-07-18 01:00:00,7,2019-07-18 02:00:00,0.10547,0.10547,0.10547,0.0,0.1962231244090218,198.50209564564418,-90.92561374086281,0.0,0.0,289.427709386507,289.427709386507,0.0,1.0
4754,2019-07-18 02:00:00,7,2019-07-18 03:00:00,0.10547,0.10547,0.10547,0.0,0.3356423988116781,199.67053525457024,-89.75717413193675,0.0,0.0,289.427709386507,289.427709386507,0.0,1.0
4755,2019-07-18 03:00:00,7,2019-07-18 04:00:00,0.10547,0.10547,0.10547,0.0,0.47327006581398107,223.49138660127977,-65.93632278522722,0.0,0.0,289.427709386507,289.427709386507,0.0,1.0
4756,2019-07-18 04:00:00,7,2019-07-18 05:00:00,0.10547,0.10547,0.10547,0.0,0.5743724274179962,224.44199477865214,-64.98571460785485,0.0,0.0,289.427709386507,289.427709386507,0.0,1.0
4757,2019-07-18 05:00:00,7,2019-07-18 06:00:00,0.10547,0.10547,0.10547,0.0,0.674017189816707,277.753400594227,-11.674308792279987,0.0,0.0,289.427709386507,289.427709386507,0.0,1.0
4758,2019-07-18 06:00:00,7,2019-07-18 07:00:00,0.10547,0.10547,0.10547,0.0,0.6919177966315363,298.2172627364282,-0.0,8.78955334992122,0.0,289.427709386507,289.427709386507,0.0,0.0
4759,2019-07-18 07:00:00,7,2019-07-18 08:00:00,0.10547,0.10547,0.10547,0.0,0.6759946927367515,300.7659237533685,-0.0,11.338214366861507,0.0,289.427709386507,289.427709386507,0.0,0.0
4760,2019-07-18 08:00:00,7,2019-07-18 09:00:00,0.10547,0.10547,0.10547,0.0,0.6554544493185241,308.48982111002044,-0.0,19.062111723513453,0.0,289.427709386507,289.427709386507,0.0,0.0
4761,2019-07-18 09:00:00,7,2019-07-18 10:00:00,0.10547,0.10547,0.10547,0.0,0.6209216382252027,313.49943161655744,-0.0,24.071722230050455,0.0,289.427709386507,289.427709386507,0.0,0.0
4762,2019-07-18 10:00:00,7,2019-07-18 11:00:00,0.10547,0.10547,0.10547,0.0,0.5773134457794592,317.51486140881127,-0.0,28.08715202230428,0.0,289.427709386507,289.427709386507,0.0,0.0
4763,2019-07-18 11:00:00,7,2019-07-18 12:00:00,0.10547,0.10547,0.10547,0.0,0.5264309239999224,311.258534273452,-0.0,21.830824886945038,0.0,289.427709386507,289.427709386507,0.0,0.0
4764,2019-07-18 12:00:00,7,2019-07-18 13:00:00,0.10547,0.10547,0.10547,0.0,0.48688232819023936,325.1384800147006,-0.0,35.710770628193586,0.0,289.427709386507,289.427709386507,0.0,0.0
4765,2019-07-18 13:00:00,7,2019-07-18 14:00:00,0.10547,0.10547,0.10547,0.0,0.422188903139164,328.1770888951792,-0.0,38.749379508672234,0.0,289.427709386507,289.427709386507,0.0,0.0
4766,2019-07-18 14:00:00,7,2019-07-18 15:00:00,0.12561,0.12561,0.12561,0.0,0.35199075185533746,329.5107173472575,-0.0,40.083007960750535,0.0,289.427709386507,289.427709386507,0.0,0.0
4767,2019-07-18 15:00:00,7,2019-07-18 16:00:00,0.12561,0.12561,0.12561,0.0,0.2793766069989054,332.2686065485261,-0.0,42.84089716201913,0.0,289.427709386507,289.427709386507,0.0,0.0
4768,2019-07-18 16:00:00,7,2019-07-18 17:00:00,0.15111,0.15111,0.15111,0.0,0.20176628605321853,332.8182806598657,-0.0,43.39057127335872,0.0,289.427709386507,289.427709386507,0.0,0.0
4769,2019-07-18 17:00:00,7,2019-07-18 18:00:00,0.15111,0.15111,0.15111,0.0,0.12316017867394549,248.25281978053573,-0.0,0.0,0.0,248.25281978053573,248.25281978053573,0.0,0.0
4770,2019-07-18 18:00:00,7,2019-07-18 19:00:00,0.15111,0.15111,0.15111,0.0,0.12316017867394549,245.62088943401713,-0.0,0.0,0.0,245.62088943401713,245.62088943401713,0.0,0.0
4771,2019-07-18 19:00:00,7,2019-07-18 20:00:00,0.15111,0.15111,0.15111,0.0,0.12316017867394549,213.719368689244,-0.0,40.38441862801791,0.0,173.3349500612261,173.3349500612261,0.0,0.0
4772,2019-07-18 20:00:00,7,2019-07-18 21:00:00,0.15111,0.15111,0.15111,0.0,0.05,204.84538658048817,-0.0,0.0,0.0,204.84538658048817,204.84538658048817,0.0,0.0
4773,2019-07-18 21:00:00,7,2019-07-18 22:00:00,0.12561,0.12561,0.12561,0.0,0.05,187.54723641466762,-0.0,0.0,0.0,187.54723641466762,187.54723641466762,0.0,0.0
4774,2019-07-18 22:00:00,7,2019-07-18 23:00:00,0.12561,0.12561,0.12561,0.0,0.05,187.20417547939462,-0.0,0.0,0.0,187.20417547939462,187.20417547939462,0.0,0.0
4775,2019-07-18 23:00:00,7,2019-07-19 00:00:00,0.10547,0.10547,0.10547,0.0,0.05,183.36975323927777,-65.49150085745366,0.0,0.0,248.86125409673144,248.86125409673144,0.0,1.0
4776,2019-07-19 00:00:00,7,2019-07-19 01:00:00,0.10547,0.10547,0.10547,0.0,0.15042030131476228,183.31916559556717,-106.10854379093982,0.0,0.0,289.427709386507,289.427709386507,0.0,1.0
4777,2019-07-19 01:00:00,7,2019-07-19 02:00:00,0.10547,0.10547,0.10547,0.0,0.31312006846087004,179.348157971493,-110.07955141501398,0.0,0.0,289.427709386507,289.427709386507,0.0,1.0
4778,2019-07-19 02:00:00,7,2019-07-19 03:00:00,0.10547,0.10547,0.10547,0.0,0.48190871396389146,188.22161619473118,-101.2060931917758,0.0,0.0,289.427709386507,289.427709386507,0.0,1.0
4779,2019-07-19 03:00:00,7,2019-07-19 04:00:00,0.10547,0.10547,0.10547,0.0,0.637091390191281,214.79371250167438,-74.63399688483261,0.0,0.0,289.427709386507,289.427709386507,0.0,1.0
4780,2019-07-19 04:00:00,7,2019-07-19 05:00:00,0.10547,0.10547,0.10547,0.0,0.7515301854146911,214.37857083139397,-75.04913855511302,0.0,0.0,289.427709386507,289.427709386507,0.0,1.0
4781,2019-07-19 05:00:00,7,2019-07-19 06:00:00,0.10547,0.10547,0.10547,0.0,0.8666055311991977,264.958468541319,-24.469240845187983,0.0,0.0,289.427709386507,289.427709386507,0.0,1.0
4782,2019-07-19 06:00:00,7,2019-07-19 07:00:00,0.10547,0.10547,0.10547,0.0,0.9041250338284859,292.6319158518925,-0.0,3.2042064653854823,0.0,289.427709386507,289.427709386507,0.0,0.0
4783,2019-07-19 07:00:00,7,2019-07-19 08:00:00,0.10547,0.10547,0.10547,0.0,0.8983203119709036,300.54428445478027,-0.0,11.116575068273278,0.0,289.427709386507,289.427709386507,0.0,0.0
4784,2019-07-19 08:00:00,7,2019-07-19 09:00:00,0.10547,0.10547,0.10547,0.0,0.8781815890211332,312.0002021727364,-0.0,22.572492786229418,0.0,289.427709386507,289.427709386507,0.0,0.0
4785,2019-07-19 09:00:00,7,2019-07-19 10:00:00,0.10547,0.10547,0.10547,0.0,0.8372893919446306,318.03262707142477,-0.0,28.60491768491778,0.0,289.427709386507,289.427709386507,0.0,0.0
4786,2019-07-19 10:00:00,7,2019-07-19 11:00:00,0.10547,0.10547,0.10547,0.0,0.7854688888922432,319.7702589695332,-0.0,30.342549583026198,0.0,289.427709386507,289.427709386507,0.0,0.0
4787,2019-07-19 11:00:00,7,2019-07-19 12:00:00,0.10547,0.10547,0.10547,0.0,0.7305005019664712,312.5405649974713,-0.0,23.11285561096429,0.0,289.427709386507,289.427709386507,0.0,0.0
4788,2019-07-19 12:00:00,7,2019-07-19 13:00:00,0.10547,0.10547,0.10547,0.0,0.688629386729217,324.51953573722614,-0.0,35.091826350719145,0.0,289.427709386507,289.427709386507,0.0,0.0
4789,2019-07-19 13:00:00,7,2019-07-19 14:00:00,0.10547,0.10547,0.10547,0.0,0.6250572375431316,326.470142788868,-0.0,37.042433402360984,0.0,289.427709386507,289.427709386507,0.0,0.0
4790,2019-07-19 14:00:00,7,2019-07-19 15:00:00,0.12561,0.12561,0.12561,0.0,0.5579513799301589,326.9255278703986,-0.0,37.49781848389159,0.0,289.427709386507,289.427709386507,0.0,0.0
4791,2019-07-19 15:00:00,7,2019-07-19 16:00:00,0.12561,0.12561,0.12561,0.0,0.49002054934339867,328.5702747911169,-0.0,39.14256540460991,0.0,289.427709386507,289.427709386507,0.0,0.0
4792,2019-07-19 16:00:00,7,2019-07-19 17:00:00,0.15111,0.15111,0.15111,0.0,0.41911010476983,328.51059411149566,-0.0,203.7487778329462,0.0,124.76181627854947,124.76181627854947,0.0,0.0
4793,2019-07-19 17:00:00,7,2019-07-19 18:00:00,0.15111,0.15111,0.15111,0.0,0.05,245.5862610995848,-0.0,0.0,0.0,245.5862610995848,245.5862610995848,0.0,0.0
4794,2019-07-19 18:00:00,7,2019-07-19 19:00:00,0.15111,0.15111,0.15111,0.0,0.05,243.92980144340106,-0.0,0.0,0.0,243.92980144340106,243.92980144340106,0.0,0.0
4795,2019-07-19 19:00:00,7,2019-07-19 20:00:00,0.15111,0.15111,0.15111,0.0,0.05,209.6196401842643,-0.0,0.0,0.0,209.6196401842643,209.6196401842643,0.0,0.0
4796,2019-07-19 20:00:00,7,2019-07-19 21:00:00,0.15111,0.15111,0.15111,0.0,0.05,198.54939288470774,-0.0,0.0,0.0,198.54939288470774,198.54939288470774,0.0,0.0
4797,2019-07-19 21:00:00,7,2019-07-19 22:00:00,0.12561,0.12561,0.12561,0.0,0.05,189.6871867591662,-0.0,0.0,0.0,189.6871867591662,189.6871867591662,0.0,0.0
4798,2019-07-19 22:00:00,7,2019-07-19 23:00:00,0.12561,0.12561,0.12561,0.0,0.05,195.3366006727332,-0.0,0.0,0.0,195.3366006727332,195.3366006727332,0.0,0.0
4799,2019-07-19 23:00:00,7,2019-07-20 00:00:00,0.10547,0.10547,0.10547,0.0,0.05,193.04780049350046,-0.0,0.0,0.0,193.04780049350046,193.04780049350046,0.0,0.0
4800,2019-07-20 00:00:00,7,2019-07-20 01:00:00,0.10547,0.10547,0.10547,0.0,0.05,194.97579615757473,-94.45191322893226,0.0,0.0,289.427709386507,289.427709386507,0.0,1.0
4801,2019-07-20 01:00:00,7,2019-07-20 02:00:00,0.10547,0.10547,0.10547,0.0,0.19482626695102948,195.6062516721404,-93.8214577143666,0.0,0.0,289.427709386507,289.427709386507,0.0,1.0
4802,2019-07-20 02:00:00,7,2019-07-20 03:00:00,0.10547,0.10547,0.10547,0.0,0.3386858354463916,197.73513715165356,-91.69257223485343,0.0,0.0,289.427709386507,289.427709386507,0.0,1.0
4803,2019-07-20 03:00:00,7,2019-07-20 04:00:00,0.10547,0.10547,0.10547,0.0,0.47928111287316694,219.18291147958337,-70.24479790692362,0.0,0.0,289.427709386507,289.427709386507,0.0,1.0
4804,2019-07-20 04:00:00,7,2019-07-20 05:00:00,0.10547,0.10547,0.10547,0.0,0.5869898029971164,218.074854675522,-71.35285471098499,0.0,0.0,289.427709386507,289.427709386507,0.0,1.0
4805,2019-07-20 05:00:00,7,2019-07-20 06:00:00,0.10547,0.10547,0.10547,0.0,0.6963975135539602,271.7850124232008,-17.642696963306207,0.0,0.0,289.427709386507,289.427709386507,0.0,1.0
4806,2019-07-20 06:00:00,7,2019-07-20 07:00:00,0.10547,0.10547,0.10547,0.0,0.7234496488976964,305.04203833213245,-0.0,15.61432894562546,0.0,289.427709386507,289.427709386507,0.0,0.0
4807,2019-07-20 07:00:00,7,2019-07-20 08:00:00,0.10547,0.10547,0.10547,0.0,0.6951628210976502,316.55695794505675,-0.0,27.12924855854976,0.0,289.427709386507,289.427709386507,0.0,0.0
4808,2019-07-20 08:00:00,7,2019-07-20 09:00:00,0.10547,0.10547,0.10547,0.0,0.6460156316799877,321.5894369491142,-0.0,32.16172756260721,0.0,289.427709386507,289.427709386507,0.0,0.0
4809,2019-07-20 09:00:00,7,2019-07-20 10:00:00,0.10547,0.10547,0.10547,0.0,0.5877516324723658,319.85356668381183,-0.0,30.425857297304844,0.0,289.427709386507,289.427709386507,0.0,0.0
4810,2019-07-20 10:00:00,7,2019-07-20 11:00:00,0.10547,0.10547,0.10547,0.0,0.5326323257743498,320.06459359342944,-0.0,30.636884206922446,0.0,289.427709386507,289.427709386507,0.0,0.0
4811,2019-07-20 11:00:00,7,2019-07-20 12:00:00,0.10547,0.10547,0.10547,0.0,0.477130723950215,308.3639223721393,-0.0,18.936212985632324,0.0,289.427709386507,289.427709386507,0.0,0.0
4812,2019-07-20 12:00:00,7,2019-07-20 13:00:00,0.10547,0.10547,0.10547,0.0,0.4428259902805912,313.9398900488746,-0.0,24.512180662367598,0.0,289.427709386507,289.427709386507,0.0,0.0
4813,2019-07-20 13:00:00,7,2019-07-20 14:00:00,0.10547,0.10547,0.10547,0.0,0.3984198658922441,310.62814303492934,-0.0,21.200433648422347,0.0,289.427709386507,289.427709386507,0.0,0.0
4814,2019-07-20 14:00:00,7,2019-07-20 15:00:00,0.12561,0.12561,0.12561,0.0,0.36001328319582676,311.21080700288263,-0.0,21.783097616375642,0.0,289.427709386507,289.427709386507,0.0,0.0
4815,2019-07-20 15:00:00,7,2019-07-20 16:00:00,0.12561,0.12561,0.12561,0.0,0.32055114983282745,317.0914609114896,-0.0,27.663751524982615,0.0,289.427709386507,289.427709386507,0.0,0.0
4816,2019-07-20 16:00:00,7,2019-07-20 17:00:00,0.15111,0.15111,0.15111,0.0,0.270435657939743,320.62165187134684,-0.0,31.19394248483985,0.0,289.427709386507,289.427709386507,0.0,0.0
4817,2019-07-20 17:00:00,7,2019-07-20 18:00:00,0.15111,0.15111,0.15111,0.0,0.21392489256865635,241.85648905126246,-0.0,90.48654069789829,0.0,151.36994835336418,151.36994835336418,0.0,0.0
4818,2019-07-20 18:00:00,7,2019-07-20 19:00:00,0.15111,0.15111,0.15111,0.0,0.05,238.54476912737258,-0.0,0.0,0.0,238.54476912737258,238.54476912737258,0.0,0.0
4819,2019-07-20 19:00:00,7,2019-07-20 20:00:00,0.15111,0.15111,0.15111,0.0,0.05,218.7969670802715,-0.0,0.0,0.0,218.7969670802715,218.7969670802715,0.0,0.0
4820,2019-07-20 20:00:00,7,2019-07-20 21:00:00,0.15111,0.15111,0.15111,0.0,0.05,217.47087032165916,-0.0,0.0,0.0,217.47087032165916,217.47087032165916,0.0,0.0
4821,2019-07-20 21:00:00,7,2019-07-20 22:00:00,0.12561,0.12561,0.12561,0.0,0.05,202.00461524947093,-0.0,0.0,0.0,202.00461524947093,202.00461524947093,0.0,0.0
4822,2019-07-20 22:00:00,7,2019-07-20 23:00:00,0.12561,0.12561,0.12561,0.0,0.05,201.8986595814791,-0.0,0.0,0.0,201.8986595814791,201.8986595814791,0.0,0.0
4823,2019-07-20 23:00:00,7,2019-07-21 00:00:00,0.10547,0.10547,0.10547,0.0,0.05,198.67278555367133,-0.0,0.0,0.0,198.67278555367133,198.67278555367133,0.0,0.0
4824,2019-07-21 00:00:00,7,2019-07-21 01:00:00,0.10547,0.10547,0.10547,0.0,0.05,200.27347482249175,-89.15423456401524,0.0,0.0,289.427709386507,289.427709386507,0.0,1.0
4825,2019-07-21 01:00:00,7,2019-07-21 02:00:00,0.10547,0.10547,0.10547,0.0,0.18670315966482337,201.15678984323415,-88.27091954327284,0.0,0.0,289.427709386507,289.427709386507,0.0,1.0
4826,2019-07-21 02:00:00,7,2019-07-21 03:00:00,0.10547,0.10547,0.10547,0.0,0.32205190296450836,201.04311719606238,-88.38459219044461,0.0,0.0,289.427709386507,289.427709386507,0.0,1.0
4827,2019-07-21 03:00:00,7,2019-07-21 04:00:00,0.10547,0.10547,0.10547,0.0,0.4575749443231901,224.3907160670637,-65.0369933194433,0.0,0.0,289.427709386507,289.427709386507,0.0,1.0
4828,2019-07-21 04:00:00,7,2019-07-21 05:00:00,0.10547,0.10547,0.10547,0.0,0.5572983340796699,224.47185131403083,-64.95585807247616,0.0,0.0,289.427709386507,289.427709386507,0.0,1.0
4829,2019-07-21 05:00:00,7,2019-07-21 06:00:00,0.10547,0.10547,0.10547,0.0,0.6568973164574666,277.93992957125954,-11.48777981524745,0.0,0.0,289.427709386507,289.427709386507,0.0,1.0
4830,2019-07-21 06:00:00,7,2019-07-21 07:00:00,0.10547,0.10547,0.10547,0.0,0.6745119121741794,308.609976266504,-0.0,19.18226687999703,0.0,289.427709386507,289.427709386507,0.0,0.0
4831,2019-07-21 07:00:00,7,2019-07-21 08:00:00,0.10547,0.10547,0.10547,0.0,0.6397614286959239,317.1626868797905,-0.0,27.73497749328351,0.0,289.427709386507,289.427709386507,0.0,0.0
4832,2019-07-21 08:00:00,7,2019-07-21 09:00:00,0.10547,0.10547,0.10547,0.0,0.5895169042515697,324.6415935593914,-0.0,35.213884172884434,0.0,289.427709386507,289.427709386507,0.0,0.0
4833,2019-07-21 09:00:00,7,2019-07-21 10:00:00,0.10547,0.10547,0.10547,0.0,0.5257236358224312,325.1615063733258,-0.0,35.73379698681879,0.0,289.427709386507,289.427709386507,0.0,0.0
4834,2019-07-21 10:00:00,7,2019-07-21 11:00:00,0.10547,0.10547,0.10547,0.0,0.46098849635355654,321.59252257268844,-0.0,32.16481318618145,0.0,289.427709386507,289.427709386507,0.0,0.0
4835,2019-07-21 11:00:00,7,2019-07-21 12:00:00,0.10547,0.10547,0.10547,0.0,0.4027189072481554,306.3494133368046,-0.0,16.921703950297626,0.0,289.427709386507,289.427709386507,0.0,0.0
4836,2019-07-21 12:00:00,7,2019-07-21 13:00:00,0.10547,0.10547,0.10547,0.0,0.3720636464686307,311.4856717227031,-0.0,22.057962336196113,0.0,289.427709386507,289.427709386507,0.0,0.0
4837,2019-07-21 13:00:00,7,2019-07-21 14:00:00,0.10547,0.10547,0.10547,0.0,0.3321035697726233,309.43694152218046,-0.0,20.00923213567347,0.0,289.427709386507,289.427709386507,0.0,0.0
4838,2019-07-21 14:00:00,7,2019-07-21 15:00:00,0.12561,0.12561,0.12561,0.0,0.2958549608311858,310.14888263512546,-0.0,20.72117324861847,0.0,289.427709386507,289.427709386507,0.0,0.0
4839,2019-07-21 15:00:00,7,2019-07-21 16:00:00,0.12561,0.12561,0.12561,0.0,0.258316603496732,313.13592575741,-0.0,23.708216370903017,0.0,289.427709386507,289.427709386507,0.0,0.0
4840,2019-07-21 16:00:00,7,2019-07-21 17:00:00,0.15111,0.15111,0.15111,0.0,0.21536693615813965,315.303668788088,-0.0,91.28254875929309,0.0,224.02112002879488,224.02112002879488,0.0,0.0
4841,2019-07-21 17:00:00,7,2019-07-21 18:00:00,0.15111,0.15111,0.15111,0.0,0.05,239.64524824952224,-0.0,0.0,0.0,239.64524824952224,239.64524824952224,0.0,0.0
4842,2019-07-21 18:00:00,7,2019-07-21 19:00:00,0.15111,0.15111,0.15111,0.0,0.05,240.61397800173185,-0.0,0.0,0.0,240.61397800173185,240.61397800173185,0.0,0.0
4843,2019-07-21 19:00:00,7,2019-07-21 20:00:00,0.15111,0.15111,0.15111,0.0,0.05,220.02698775722266,-0.0,0.0,0.0,220.02698775722266,220.02698775722266,0.0,0.0
4844,2019-07-21 20:00:00,7,2019-07-21 21:00:00,0.15111,0.15111,0.15111,0.0,0.05,213.6825521981614,-0.0,0.0,0.0,213.6825521981614,213.6825521981614,0.0,0.0
4845,2019-07-21 21:00:00,7,2019-07-21 22:00:00,0.12561,0.12561,0.12561,0.0,0.05,201.7318107377187,-0.0,0.0,0.0,201.7318107377187,201.7318107377187,0.0,0.0
4846,2019-07-21 22:00:00,7,2019-07-21 23:00:00,0.12561,0.12561,0.12561,0.0,0.05,203.00440382919183,-0.0,0.0,0.0,203.00440382919183,203.00440382919183,0.0,0.0
4847,2019-07-21 23:00:00,7,2019-07-22 00:00:00,0.10547,0.10547,0.10547,0.0,0.05,200.257326865624,-0.0,0.0,0.0,200.257326865624,200.257326865624,0.0,0.0
4848,2019-07-22 00:00:00,7,2019-07-22 01:00:00,0.10547,0.10547,0.10547,0.0,0.05,201.1530971735336,-87.80181188889154,0.0,0.0,288.95490906242514,288.95490906242514,0.0,1.0
4849,2019-07-22 01:00:00,7,2019-07-22 02:00:00,0.10547,0.10547,0.10547,0.0,0.18462944489630034,201.0446698202528,-87.91023924217234,0.0,0.0,288.95490906242514,288.95490906242514,0.0,1.0
4850,2019-07-22 02:00:00,7,2019-07-22 03:00:00,0.10547,0.10547,0.10547,0.0,0.31942514506763126,201.01124966443996,-0.0,0.0,0.0,201.01124966443996,201.01124966443996,0.0,0.0
4851,2019-07-22 03:00:00,7,2019-07-22 04:00:00,0.10547,0.10547,0.10547,0.0,0.31942514506763126,203.54041625986923,-85.41449280255593,0.0,0.0,288.95490906242514,288.95490906242514,0.0,1.0
4852,2019-07-22 04:00:00,7,2019-07-22 05:00:00,0.10547,0.10547,0.10547,0.0,0.4503940340315504,203.49043457693332,-85.46447448549182,0.0,0.0,288.95490906242514,288.95490906242514,0.0,1.0
4853,2019-07-22 05:00:00,7,2019-07-22 06:00:00,0.10547,0.10547,0.10547,0.0,0.5814395615759713,218.42838102837237,-70.52652803405277,0.0,0.0,288.95490906242514,288.95490906242514,0.0,1.0
4854,2019-07-22 06:00:00,7,2019-07-22 07:00:00,0.10547,0.10547,0.10547,0.0,0.6895802378948522,248.64041947181926,-40.314489590605895,0.0,0.0,288.95490906242514,288.95490906242514,0.0,1.0
4855,2019-07-22 07:00:00,7,2019-07-22 08:00:00,0.10547,0.10547,0.10547,0.0,0.751395788600448,250.9173086853324,-38.037600377092765,0.0,0.0,288.95490906242514,288.95490906242514,0.0,1.0
4856,2019-07-22 08:00:00,7,2019-07-22 09:00:00,0.10547,0.10547,0.10547,0.0,0.8097201091786568,276.21253416548296,-12.742374896942188,0.0,0.0,288.95490906242514,288.95490906242514,0.0,1.0
4857,2019-07-22 09:00:00,7,2019-07-22 10:00:00,0.10547,0.10547,0.10547,0.0,0.8292584173539682,275.82430466434295,-13.130604398082205,0.0,0.0,288.95490906242514,288.95490906242514,0.0,1.0
4858,2019-07-22 10:00:00,7,2019-07-22 11:00:00,0.10547,0.10547,0.10547,0.0,0.849392010764361,273.92635466206843,-0.0,0.0,0.0,273.92635466206843,273.92635466206843,0.0,0.0
4859,2019-07-22 11:00:00,7,2019-07-22 12:00:00,0.10547,0.10547,0.10547,0.0,0.849392010764361,260.3232660803368,-28.63164298208836,0.0,0.0,288.95490906242514,288.95490906242514,0.0,1.0
4860,2019-07-22 12:00:00,7,2019-07-22 13:00:00,0.10547,0.10547,0.10547,0.0,0.8932938633368964,255.67515898680122,-33.27975007562393,0.0,0.0,288.95490906242514,288.95490906242514,0.0,1.0
4861,2019-07-22 13:00:00,7,2019-07-22 14:00:00,0.10547,0.10547,0.10547,0.0,0.9443228134528532,252.64370044472068,-36.311208617704466,0.0,0.0,288.95490906242514,288.95490906242514,0.0,1.0
4862,2019-07-22 14:00:00,7,2019-07-22 15:00:00,0.12561,0.12561,0.12561,0.0,1.0,232.08996913254134,-0.0,0.0,0.0,232.08996913254134,232.08996913254134,0.0,0.0
4863,2019-07-22 15:00:00,7,2019-07-22 16:00:00,0.12561,0.12561,0.12561,0.0,1.0,233.6542785737913,-0.0,0.0,0.0,233.6542785737913,233.6542785737913,0.0,0.0
4864,2019-07-22 16:00:00,7,2019-07-22 17:00:00,0.15111,0.15111,0.15111,0.0,1.0,221.2252204690324,-0.0,221.2252204690324,0.0,0.0,0.0,0.0,0.0
4865,2019-07-22 17:00:00,7,2019-07-22 18:00:00,0.15111,0.15111,0.15111,0.0,0.5992296730633471,210.72332189962754,-0.0,88.35992527849113,0.0,122.3633966211364,122.3633966211364,0.0,0.0
4866,2019-07-22 18:00:00,7,2019-07-22 19:00:00,0.15111,0.15111,0.15111,0.0,0.4391573446602835,214.81485425247647,-0.0,214.81485425247647,0.0,0.0,0.0,0.0,0.0
4867,2019-07-22 19:00:00,7,2019-07-22 20:00:00,0.15111,0.15111,0.15111,0.0,0.05,193.8572333988813,-0.0,0.0,0.0,193.8572333988813,193.8572333988813,0.0,0.0
4868,2019-07-22 20:00:00,7,2019-07-22 21:00:00,0.15111,0.15111,0.15111,0.0,0.05,197.5197617434478,-0.0,0.0,0.0,197.5197617434478,197.5197617434478,0.0,0.0
4869,2019-07-22 21:00:00,7,2019-07-22 22:00:00,0.12561,0.12561,0.12561,0.0,0.05,196.65551810164135,-0.0,0.0,0.0,196.65551810164135,196.65551810164135,0.0,0.0
4870,2019-07-22 22:00:00,7,2019-07-22 23:00:00,0.12561,0.12561,0.12561,0.0,0.05,198.10444134213162,-0.0,0.0,0.0,198.10444134213162,198.10444134213162,0.0,0.0
4871,2019-07-22 23:00:00,7,2019-07-23 00:00:00,0.10547,0.10547,0.10547,0.0,0.05,197.9193556372202,-0.0,0.0,0.0,197.9193556372202,197.9193556372202,0.0,0.0
4872,2019-07-23 00:00:00,7,2019-07-23 01:00:00,0.10547,0.10547,0.10547,0.0,0.05,197.71045176968906,-91.6667715550598,0.0,0.0,289.37722332474885,289.37722332474885,0.0,1.0
4873,2019-07-23 01:00:00,7,2019-07-23 02:00:00,0.10547,0.10547,0.10547,0.0,0.19055571638442503,198.4068043245027,-0.0,0.0,0.0,198.4068043245027,198.4068043245027,0.0,0.0
4874,2019-07-23 02:00:00,7,2019-07-23 03:00:00,0.10547,0.10547,0.10547,0.0,0.19055571638442503,198.23948363529757,-0.0,0.0,0.0,198.23948363529757,198.23948363529757,0.0,0.0
4875,2019-07-23 03:00:00,7,2019-07-23 04:00:00,0.10547,0.10547,0.10547,0.0,0.19055571638442503,203.42696012778393,-0.0,0.0,0.0,203.42696012778393,203.42696012778393,0.0,0.0
4876,2019-07-23 04:00:00,7,2019-07-23 05:00:00,0.10547,0.10547,0.10547,0.0,0.19055571638442503,201.58117354271948,-0.0,0.0,0.0,201.58117354271948,201.58117354271948,0.0,0.0
4877,2019-07-23 05:00:00,7,2019-07-23 06:00:00,0.10547,0.10547,0.10547,0.0,0.19055571638442503,214.9495900597301,-74.42763326501876,0.0,0.0,289.37722332474885,289.37722332474885,0.0,1.0
4878,2019-07-23 06:00:00,7,2019-07-23 07:00:00,0.10547,0.10547,0.10547,0.0,0.30467808739078717,216.89099560564858,-72.48622771910027,0.0,0.0,289.37722332474885,289.37722332474885,0.0,1.0
4879,2019-07-23 07:00:00,7,2019-07-23 08:00:00,0.10547,0.10547,0.10547,0.0,0.41582363656007426,235.2382323440252,-54.13899098072367,0.0,0.0,289.37722332474885,289.37722332474885,0.0,1.0
4880,2019-07-23 08:00:00,7,2019-07-23 09:00:00,0.10547,0.10547,0.10547,0.0,0.49883675606385053,232.55905213537477,-0.0,0.0,0.0,232.55905213537477,232.55905213537477,0.0,0.0
4881,2019-07-23 09:00:00,7,2019-07-23 10:00:00,0.10547,0.10547,0.10547,0.0,0.49883675606385053,231.52508047102646,-57.852142853722405,0.0,0.0,289.37722332474885,289.37722332474885,0.0,1.0
4882,2019-07-23 10:00:00,7,2019-07-23 11:00:00,0.10547,0.10547,0.10547,0.0,0.5875433751062249,225.59054588740028,-63.78667743734858,0.0,0.0,289.37722332474885,289.37722332474885,0.0,1.0
4883,2019-07-23 11:00:00,7,2019-07-23 12:00:00,0.10547,0.10547,0.10547,0.0,0.6853496138434928,222.67526584800854,-66.70195747674032,0.0,0.0,289.37722332474885,289.37722332474885,0.0,1.0
4884,2019-07-23 12:00:00,7,2019-07-23 13:00:00,0.10547,0.10547,0.10547,0.0,0.7876259486411612,219.8714273515875,-69.45530991140313,0.0,0.0,289.3267372629906,289.3267372629906,0.0,1.0
4885,2019-07-23 13:00:00,7,2019-07-23 14:00:00,0.10547,0.10547,0.10547,0.0,0.8941240905053127,220.37820319431964,-69.04950619218735,0.0,0.0,289.427709386507,289.427709386507,0.0,1.0
4886,2019-07-23 14:00:00,7,2019-07-23 15:00:00,0.12561,0.12561,0.12561,0.0,1.0,220.32462097969335,-0.0,0.0,0.0,220.32462097969335,220.32462097969335,0.0,0.0
4887,2019-07-23 15:00:00,7,2019-07-23 16:00:00,0.12561,0.12561,0.12561,0.0,1.0,212.87515677582732,-0.0,0.0,0.0,212.87515677582732,212.87515677582732,0.0,0.0
4888,2019-07-23 16:00:00,7,2019-07-23 17:00:00,0.15111,0.15111,0.15111,0.0,1.0,200.85074253389215,-0.0,200.85074253389215,0.0,0.0,0.0,0.0,0.0
4889,2019-07-23 17:00:00,7,2019-07-23 18:00:00,0.15111,0.15111,0.15111,0.0,0.6361399591777316,194.29091240380924,-0.0,194.29091240380924,0.0,0.0,0.0,0.0,0.0
4890,2019-07-23 18:00:00,7,2019-07-23 19:00:00,0.15111,0.15111,0.15111,0.0,0.28416366859112063,195.96068353326947,-0.0,129.25834506229862,0.0,66.70233847097086,66.70233847097086,0.0,0.0
4891,2019-07-23 19:00:00,7,2019-07-23 20:00:00,0.15111,0.15111,0.15111,0.0,0.05,195.02772254258068,-0.0,0.0,0.0,195.02772254258068,195.02772254258068,0.0,0.0
4892,2019-07-23 20:00:00,7,2019-07-23 21:00:00,0.15111,0.15111,0.15111,0.0,0.05,198.81979832441382,-0.0,0.0,0.0,198.81979832441382,198.81979832441382,0.0,0.0
4893,2019-07-23 21:00:00,7,2019-07-23 22:00:00,0.12561,0.12561,0.12561,0.0,0.05,198.24678661088592,-0.0,0.0,0.0,198.24678661088592,198.24678661088592,0.0,0.0
4894,2019-07-23 22:00:00,7,2019-07-23 23:00:00,0.12561,0.12561,0.12561,0.0,0.05,199.17261607283842,-0.0,0.0,0.0,199.17261607283842,199.17261607283842,0.0,0.0
4895,2019-07-23 23:00:00,7,2019-07-24 00:00:00,0.10547,0.10547,0.10547,0.0,0.05,195.9024389945716,-0.0,0.0,0.0,195.9024389945716,195.9024389945716,0.0,0.0
4896,2019-07-24 00:00:00,7,2019-07-24 01:00:00,0.10547,0.10547,0.10547,0.0,0.05,198.67841650281446,-90.74929288369253,0.0,0.0,289.427709386507,289.427709386507,0.0,1.0
4897,2019-07-24 01:00:00,7,2019-07-24 02:00:00,0.10547,0.10547,0.10547,0.0,0.18914891575499523,200.2963367810073,-89.13137260549968,0.0,0.0,289.427709386507,289.427709386507,0.0,1.0
4898,2019-07-24 02:00:00,7,2019-07-24 03:00:00,0.10547,0.10547,0.10547,0.0,0.3258170204167614,201.18248816494184,-88.24522122156515,0.0,0.0,289.427709386507,289.427709386507,0.0,1.0
4899,2019-07-24 03:00:00,7,2019-07-24 04:00:00,0.10547,0.10547,0.10547,0.0,0.4611263596231614,223.7618568956484,-65.66585249085858,0.0,0.0,289.427709386507,289.427709386507,0.0,1.0
4900,2019-07-24 04:00:00,7,2019-07-24 05:00:00,0.10547,0.10547,0.10547,0.0,0.5618140001091445,222.2875555187226,-67.14015386778439,0.0,0.0,289.427709386507,289.427709386507,0.0,1.0
4901,2019-07-24 05:00:00,7,2019-07-24 06:00:00,0.10547,0.10547,0.10547,0.0,0.6647622360397473,275.1573671976042,-14.270342188902816,0.0,0.0,289.427709386507,289.427709386507,0.0,1.0
4902,2019-07-24 06:00:00,7,2019-07-24 07:00:00,0.10547,0.10547,0.10547,0.0,0.6866434273960649,306.24514237461847,-0.0,16.817432988111477,0.0,289.427709386507,289.427709386507,0.0,0.0
4903,2019-07-24 07:00:00,7,2019-07-24 08:00:00,0.10547,0.10547,0.10547,0.0,0.6561770632871673,313.58606074064676,-0.0,24.158351354139768,0.0,289.427709386507,289.427709386507,0.0,0.0
4904,2019-07-24 08:00:00,7,2019-07-24 09:00:00,0.10547,0.10547,0.10547,0.0,0.6124119340224212,320.41593718245485,-0.0,30.988227795947864,0.0,289.427709386507,289.427709386507,0.0,0.0
4905,2019-07-24 09:00:00,7,2019-07-24 10:00:00,0.10547,0.10547,0.10547,0.0,0.5562738401891824,321.10181549335414,-0.0,31.674106106847148,0.0,289.427709386507,289.427709386507,0.0,0.0
4906,2019-07-24 10:00:00,7,2019-07-24 11:00:00,0.10547,0.10547,0.10547,0.0,0.49889321318402446,317.2621138381324,-0.0,27.834404451625403,0.0,289.427709386507,289.427709386507,0.0,0.0
4907,2019-07-24 11:00:00,7,2019-07-24 12:00:00,0.10547,0.10547,0.10547,0.0,0.4484685674383263,303.33457697535925,-0.0,13.906867588852265,0.0,289.427709386507,289.427709386507,0.0,0.0
4908,2019-07-24 12:00:00,7,2019-07-24 13:00:00,0.10547,0.10547,0.10547,0.0,0.42327496673388376,307.5534102481743,-0.0,18.125700861667326,0.0,289.427709386507,289.427709386507,0.0,0.0
4909,2019-07-24 13:00:00,7,2019-07-24 14:00:00,0.10547,0.10547,0.10547,0.0,0.390438552129414,306.8502212294602,-0.0,17.422511842953213,0.0,289.427709386507,289.427709386507,0.0,0.0
4910,2019-07-24 14:00:00,7,2019-07-24 15:00:00,0.12561,0.12561,0.12561,0.0,0.3588760306747885,308.31590911467777,-0.0,18.888199728170775,0.0,289.427709386507,289.427709386507,0.0,0.0
4911,2019-07-24 15:00:00,7,2019-07-24 16:00:00,0.12561,0.12561,0.12561,0.0,0.3246582775440444,311.1687855450822,-0.0,21.741076158575197,0.0,289.427709386507,289.427709386507,0.0,0.0
4912,2019-07-24 16:00:00,7,2019-07-24 17:00:00,0.15111,0.15111,0.15111,0.0,0.2852722700103937,311.130477437732,-0.0,129.87029304573733,0.0,181.26018439199467,181.26018439199467,0.0,0.0
4913,2019-07-24 17:00:00,7,2019-07-24 18:00:00,0.15111,0.15111,0.15111,0.0,0.05,239.94344645860633,-0.0,0.0,0.0,239.94344645860633,239.94344645860633,0.0,0.0
4914,2019-07-24 18:00:00,7,2019-07-24 19:00:00,0.15111,0.15111,0.15111,0.0,0.05,243.88677467147068,-0.0,0.0,0.0,243.88677467147068,243.88677467147068,0.0,0.0
4915,2019-07-24 19:00:00,7,2019-07-24 20:00:00,0.15111,0.15111,0.15111,0.0,0.05,220.31753988135145,-0.0,0.0,0.0,220.31753988135145,220.31753988135145,0.0,0.0
4916,2019-07-24 20:00:00,7,2019-07-24 21:00:00,0.15111,0.15111,0.15111,0.0,0.05,212.02978110453464,-0.0,0.0,0.0,212.02978110453464,212.02978110453464,0.0,0.0
4917,2019-07-24 21:00:00,7,2019-07-24 22:00:00,0.12561,0.12561,0.12561,0.0,0.05,196.81671798691164,-0.0,0.0,0.0,196.81671798691164,196.81671798691164,0.0,0.0
4918,2019-07-24 22:00:00,7,2019-07-24 23:00:00,0.12561,0.12561,0.12561,0.0,0.05,199.33111126456066,-0.0,0.0,0.0,199.33111126456066,199.33111126456066,0.0,0.0
4919,2019-07-24 23:00:00,7,2019-07-25 00:00:00,0.10547,0.10547,0.10547,0.0,0.05,198.24758624132653,-0.0,0.0,0.0,198.24758624132653,198.24758624132653,0.0,0.0
4920,2019-07-25 00:00:00,7,2019-07-25 01:00:00,0.10547,0.10547,0.10547,0.0,0.05,198.90656740683556,-90.52114197967143,0.0,0.0,289.427709386507,289.427709386507,0.0,1.0
4921,2019-07-25 01:00:00,7,2019-07-25 02:00:00,0.10547,0.10547,0.10547,0.0,0.18879908436882953,200.40171827661086,-89.02599110989613,0.0,0.0,289.427709386507,289.427709386507,0.0,1.0
4922,2019-07-25 02:00:00,7,2019-07-25 03:00:00,0.10547,0.10547,0.10547,0.0,0.3253056040706702,201.2584265483792,-88.1692828381278,0.0,0.0,289.427709386507,289.427709386507,0.0,1.0
4923,2019-07-25 03:00:00,7,2019-07-25 04:00:00,0.10547,0.10547,0.10547,0.0,0.4604985044224662,224.518310179521,-64.909399206986,0.0,0.0,289.427709386507,289.427709386507,0.0,1.0
4924,2019-07-25 04:00:00,7,2019-07-25 05:00:00,0.10547,0.10547,0.10547,0.0,0.5600262498731781,224.54382668522155,-64.88388270128544,0.0,0.0,289.427709386507,289.427709386507,0.0,1.0
4925,2019-07-25 05:00:00,7,2019-07-25 06:00:00,0.10547,0.10547,0.10547,0.0,0.6595148700151491,277.96016041291426,-11.467548973592727,0.0,0.0,289.427709386507,289.427709386507,0.0,1.0
4926,2019-07-25 06:00:00,7,2019-07-25 07:00:00,0.10547,0.10547,0.10547,0.0,0.6770984451079912,305.4779409543962,-0.0,16.050231567889227,0.0,289.427709386507,289.427709386507,0.0,0.0
4927,2019-07-25 07:00:00,7,2019-07-25 08:00:00,0.10547,0.10547,0.10547,0.0,0.6480219386444238,310.6271340223593,-0.0,21.199424635852324,0.0,289.427709386507,289.427709386507,0.0,0.0
4928,2019-07-25 08:00:00,7,2019-07-25 09:00:00,0.10547,0.10547,0.10547,0.0,0.609617183869329,314.66473964513426,-0.0,25.23703025862727,0.0,289.427709386507,289.427709386507,0.0,0.0
4929,2019-07-25 09:00:00,7,2019-07-25 10:00:00,0.10547,0.10547,0.10547,0.0,0.5638979261544245,312.8836613416507,-0.0,23.45595195514369,0.0,289.427709386507,289.427709386507,0.0,0.0
4930,2019-07-25 10:00:00,7,2019-07-25 11:00:00,0.10547,0.10547,0.10547,0.0,0.5214052595690192,309.6707690232042,-0.0,20.243059636697183,0.0,289.427709386507,289.427709386507,0.0,0.0
4931,2019-07-25 11:00:00,7,2019-07-25 12:00:00,0.10547,0.10547,0.10547,0.0,0.48473305008224893,301.4097744306705,-0.0,11.982065044163505,0.0,289.427709386507,289.427709386507,0.0,0.0
4932,2019-07-25 12:00:00,7,2019-07-25 13:00:00,0.10547,0.10547,0.10547,0.0,0.463026410509489,312.5083966298983,-0.0,23.08068724339131,0.0,289.427709386507,289.427709386507,0.0,0.0
4933,2019-07-25 13:00:00,7,2019-07-25 14:00:00,0.10547,0.10547,0.10547,0.0,0.4212135713004468,314.92206319209237,-0.0,25.494353805585376,0.0,289.427709386507,289.427709386507,0.0,0.0
4934,2019-07-25 14:00:00,7,2019-07-25 15:00:00,0.12561,0.12561,0.12561,0.0,0.3750281477396037,316.6198772054176,-0.0,27.192167818910605,0.0,289.427709386507,289.427709386507,0.0,0.0
4935,2019-07-25 15:00:00,7,2019-07-25 16:00:00,0.12561,0.12561,0.12561,0.0,0.32576697415462075,320.16320051556346,-0.0,30.73549112905647,0.0,289.427709386507,289.427709386507,0.0,0.0
4936,2019-07-25 16:00:00,7,2019-07-25 17:00:00,0.15111,0.15111,0.15111,0.0,0.27008673660198224,321.5172715282749,-0.0,121.48787860429418,0.0,200.0293929239807,200.0293929239807,0.0,0.0
4937,2019-07-25 17:00:00,7,2019-07-25 18:00:00,0.15111,0.15111,0.15111,0.0,0.05,245.40996421817934,-0.0,0.0,0.0,245.40996421817934,245.40996421817934,0.0,0.0
4938,2019-07-25 18:00:00,7,2019-07-25 19:00:00,0.15111,0.15111,0.15111,0.0,0.05,243.23399348577158,-0.0,0.0,0.0,243.23399348577158,243.23399348577158,0.0,0.0
4939,2019-07-25 19:00:00,7,2019-07-25 20:00:00,0.15111,0.15111,0.15111,0.0,0.05,208.9654271042875,-0.0,0.0,0.0,208.9654271042875,208.9654271042875,0.0,0.0
4940,2019-07-25 20:00:00,7,2019-07-25 21:00:00,0.15111,0.15111,0.15111,0.0,0.05,198.63710063971286,-0.0,0.0,0.0,198.63710063971286,198.63710063971286,0.0,0.0
4941,2019-07-25 21:00:00,7,2019-07-25 22:00:00,0.12561,0.12561,0.12561,0.0,0.05,190.3478898576907,-0.0,0.0,0.0,190.3478898576907,190.3478898576907,0.0,0.0
4942,2019-07-25 22:00:00,7,2019-07-25 23:00:00,0.12561,0.12561,0.12561,0.0,0.05,197.95342033355965,-0.0,0.0,0.0,197.95342033355965,197.95342033355965,0.0,0.0
4943,2019-07-25 23:00:00,7,2019-07-26 00:00:00,0.10547,0.10547,0.10547,0.0,0.05,194.52802387428477,-0.0,0.0,0.0,194.52802387428477,194.52802387428477,0.0,0.0
4944,2019-07-26 00:00:00,7,2019-07-26 01:00:00,0.10547,0.10547,0.10547,0.0,0.05,194.96028807407072,-94.46742131243627,0.0,0.0,289.427709386507,289.427709386507,0.0,1.0
4945,2019-07-26 01:00:00,7,2019-07-26 02:00:00,0.10547,0.10547,0.10547,0.0,0.1948500460124023,195.7252626658948,-93.70244672061219,0.0,0.0,289.427709386507,289.427709386507,0.0,1.0
4946,2019-07-26 02:00:00,7,2019-07-26 03:00:00,0.10547,0.10547,0.10547,0.0,0.33852713098400766,199.52240714651015,-89.90530223999684,0.0,0.0,289.427709386507,289.427709386507,0.0,1.0
4947,2019-07-26 03:00:00,7,2019-07-26 04:00:00,0.10547,0.10547,0.10547,0.0,0.47638192775200283,224.17055920676015,-65.25715017974684,0.0,0.0,289.427709386507,289.427709386507,0.0,1.0
4948,2019-07-26 04:00:00,7,2019-07-26 05:00:00,0.10547,0.10547,0.10547,0.0,0.576442891360948,224.08263638296626,-65.34507300354073,0.0,0.0,289.427709386507,289.427709386507,0.0,1.0
4949,2019-07-26 05:00:00,7,2019-07-26 06:00:00,0.10547,0.10547,0.10547,0.0,0.676638669966377,277.7752473580921,-11.652462028414902,0.0,0.0,289.427709386507,289.427709386507,0.0,1.0
4950,2019-07-26 06:00:00,7,2019-07-26 07:00:00,0.10547,0.10547,0.10547,0.0,0.6945057784099465,306.9250227150871,-0.0,17.497313328580105,0.0,289.427709386507,289.427709386507,0.0,0.0
4951,2019-07-26 07:00:00,7,2019-07-26 08:00:00,0.10547,0.10547,0.10547,0.0,0.6628077470175913,311.17315256477644,-0.0,21.745443178269454,0.0,289.427709386507,289.427709386507,0.0,0.0
4952,2019-07-26 08:00:00,7,2019-07-26 09:00:00,0.10547,0.10547,0.10547,0.0,0.6234138282163785,314.3117159830304,-0.0,24.88400659652342,0.0,289.427709386507,289.427709386507,0.0,0.0
4953,2019-07-26 09:00:00,7,2019-07-26 10:00:00,0.10547,0.10547,0.10547,0.0,0.5783341061212273,311.9970338734177,-0.0,22.569324486910716,0.0,289.427709386507,289.427709386507,0.0,0.0
4954,2019-07-26 10:00:00,7,2019-07-26 11:00:00,0.10547,0.10547,0.10547,0.0,0.5374476487174035,311.40644342752626,-0.0,21.978734041019266,0.0,289.427709386507,289.427709386507,0.0,0.0
4955,2019-07-26 11:00:00,7,2019-07-26 12:00:00,0.10547,0.10547,0.10547,0.0,0.4976311015416439,305.940252147913,-0.0,16.512542761405996,0.0,289.427709386507,289.427709386507,0.0,0.0
4956,2019-07-26 12:00:00,7,2019-07-26 13:00:00,0.10547,0.10547,0.10547,0.0,0.4677170747999664,315.98116848587193,-0.0,26.553459099364943,0.0,289.427709386507,289.427709386507,0.0,0.0
4957,2019-07-26 13:00:00,7,2019-07-26 14:00:00,0.10547,0.10547,0.10547,0.0,0.4196129822286531,317.80269243117755,-0.0,28.374983044670557,0.0,289.427709386507,289.427709386507,0.0,0.0
4958,2019-07-26 14:00:00,7,2019-07-26 15:00:00,0.12561,0.12561,0.12561,0.0,0.36820902743758327,320.0338630981143,-0.0,30.606153711607305,0.0,289.427709386507,289.427709386507,0.0,0.0
4959,2019-07-26 15:00:00,7,2019-07-26 16:00:00,0.12561,0.12561,0.12561,0.0,0.3127630968006135,323.17644440120927,-0.0,33.74873501470228,0.0,289.427709386507,289.427709386507,0.0,0.0
4960,2019-07-26 16:00:00,7,2019-07-26 17:00:00,0.15111,0.15111,0.15111,0.0,0.2516240840928195,323.6589295974348,-0.0,34.2312202109278,0.0,289.427709386507,289.427709386507,0.0,0.0
4961,2019-07-26 17:00:00,7,2019-07-26 18:00:00,0.15111,0.15111,0.15111,0.0,0.189611004000559,245.5278768848264,-0.0,0.0,0.0,245.5278768848264,245.5278768848264,0.0,0.0
4962,2019-07-26 18:00:00,7,2019-07-26 19:00:00,0.15111,0.15111,0.15111,0.0,0.189611004000559,243.37657702565966,-0.0,0.0,0.0,243.37657702565966,243.37657702565966,0.0,0.0
4963,2019-07-26 19:00:00,7,2019-07-26 20:00:00,0.15111,0.15111,0.15111,0.0,0.189611004000559,208.87106095066716,-0.0,77.06527420830858,0.0,131.80578674235858,131.80578674235858,0.0,0.0
4964,2019-07-26 20:00:00,7,2019-07-26 21:00:00,0.15111,0.15111,0.15111,0.0,0.05,210.72432624101288,-0.0,0.0,0.0,210.72432624101288,210.72432624101288,0.0,0.0
4965,2019-07-26 21:00:00,7,2019-07-26 22:00:00,0.12561,0.12561,0.12561,0.0,0.05,199.39895872269548,-0.0,0.0,0.0,199.39895872269548,199.39895872269548,0.0,0.0
4966,2019-07-26 22:00:00,7,2019-07-26 23:00:00,0.12561,0.12561,0.12561,0.0,0.05,201.5140567293404,-0.0,0.0,0.0,201.5140567293404,201.5140567293404,0.0,0.0
4967,2019-07-26 23:00:00,7,2019-07-27 00:00:00,0.10547,0.10547,0.10547,0.0,0.05,200.60902776910274,-0.0,0.0,0.0,200.60902776910274,200.60902776910274,0.0,0.0
4968,2019-07-27 00:00:00,7,2019-07-27 01:00:00,0.10547,0.10547,0.10547,0.0,0.05,201.35909819618803,-88.06861119031896,0.0,0.0,289.427709386507,289.427709386507,0.0,1.0
4969,2019-07-27 01:00:00,7,2019-07-27 02:00:00,0.10547,0.10547,0.10547,0.0,0.18503853715848909,205.66929303822025,-83.75841634828674,0.0,0.0,289.427709386507,289.427709386507,0.0,1.0
4970,2019-07-27 02:00:00,7,2019-07-27 03:00:00,0.10547,0.10547,0.10547,0.0,0.31346810889252874,205.18065498675588,-84.24705439975111,0.0,0.0,289.427709386507,289.427709386507,0.0,1.0
4971,2019-07-27 03:00:00,7,2019-07-27 04:00:00,0.10547,0.10547,0.10547,0.0,0.4426469256388138,228.88232990929646,-60.54537947721053,0.0,0.0,289.427709386507,289.427709386507,0.0,1.0
4972,2019-07-27 04:00:00,7,2019-07-27 05:00:00,0.10547,0.10547,0.10547,0.0,0.5354831741705366,229.7557285146451,-59.67198087186188,0.0,0.0,289.427709386507,289.427709386507,0.0,1.0
4973,2019-07-27 05:00:00,7,2019-07-27 06:00:00,0.10547,0.10547,0.10547,0.0,0.6269802115073915,281.39107137928744,-8.036638007219551,0.0,0.0,289.427709386507,289.427709386507,0.0,1.0
4974,2019-07-27 06:00:00,7,2019-07-27 07:00:00,0.10547,0.10547,0.10547,0.0,0.6393030564517949,309.21337832593883,-0.0,19.785668939431844,0.0,289.427709386507,289.427709386507,0.0,0.0
4975,2019-07-27 07:00:00,7,2019-07-27 08:00:00,0.10547,0.10547,0.10547,0.0,0.6034594533006502,315.4873485109268,-0.0,26.05963912441979,0.0,289.427709386507,289.427709386507,0.0,0.0
4976,2019-07-27 08:00:00,7,2019-07-27 09:00:00,0.10547,0.10547,0.10547,0.0,0.5562499621332232,319.32718196926226,-0.0,29.899472582755266,0.0,289.427709386507,289.427709386507,0.0,0.0
4977,2019-07-27 09:00:00,7,2019-07-27 10:00:00,0.10547,0.10547,0.10547,0.0,0.5020842509325796,318.3810086458109,-0.0,28.95329925930389,0.0,289.427709386507,289.427709386507,0.0,0.0
4978,2019-07-27 10:00:00,7,2019-07-27 11:00:00,0.10547,0.10547,0.10547,0.0,0.44963262183963776,312.7723261829987,-0.0,23.34461679649172,0.0,289.427709386507,289.427709386507,0.0,0.0
4979,2019-07-27 11:00:00,7,2019-07-27 12:00:00,0.10547,0.10547,0.10547,0.0,0.4073416493822252,301.48974591775084,-0.0,12.062036531243848,0.0,289.427709386507,289.427709386507,0.0,0.0
4980,2019-07-27 12:00:00,7,2019-07-27 13:00:00,0.10547,0.10547,0.10547,0.0,0.38549013392707326,312.7219516296604,-0.0,23.294242243153406,0.0,289.427709386507,289.427709386507,0.0,0.0
4981,2019-07-27 13:00:00,7,2019-07-27 14:00:00,0.10547,0.10547,0.10547,0.0,0.343290419718462,316.6550744581609,-0.0,27.227365071653935,0.0,289.427709386507,289.427709386507,0.0,0.0
4982,2019-07-27 14:00:00,7,2019-07-27 15:00:00,0.12561,0.12561,0.12561,0.0,0.2939654829944513,318.69017050040776,-0.0,29.26246111390077,0.0,289.427709386507,289.427709386507,0.0,0.0
4983,2019-07-27 15:00:00,7,2019-07-27 16:00:00,0.12561,0.12561,0.12561,0.0,0.2409537780779644,322.92623915491856,-0.0,33.49852976841157,0.0,289.427709386507,289.427709386507,0.0,0.0
4984,2019-07-27 16:00:00,7,2019-07-27 17:00:00,0.15111,0.15111,0.15111,0.0,0.18026803574388547,324.41908699998487,-0.0,34.99137761347788,0.0,289.427709386507,289.427709386507,0.0,0.0
4985,2019-07-27 17:00:00,7,2019-07-27 18:00:00,0.15111,0.15111,0.15111,0.0,0.11687785890787483,245.2468905755861,-0.0,0.0,0.0,245.2468905755861,245.2468905755861,0.0,0.0
4986,2019-07-27 18:00:00,7,2019-07-27 19:00:00,0.15111,0.15111,0.15111,0.0,0.11687785890787483,239.24764009859032,-0.0,36.91657811714691,0.0,202.3310619814434,202.3310619814434,0.0,0.0
4987,2019-07-27 19:00:00,7,2019-07-27 20:00:00,0.15111,0.15111,0.15111,0.0,0.05,214.1574124320639,-0.0,0.0,0.0,214.1574124320639,214.1574124320639,0.0,0.0
4988,2019-07-27 20:00:00,7,2019-07-27 21:00:00,0.15111,0.15111,0.15111,0.0,0.05,215.61043319098806,-0.0,0.0,0.0,215.61043319098806,215.61043319098806,0.0,0.0
4989,2019-07-27 21:00:00,7,2019-07-27 22:00:00,0.12561,0.12561,0.12561,0.0,0.05,199.99001347764943,-0.0,0.0,0.0,199.99001347764943,199.99001347764943,0.0,0.0
4990,2019-07-27 22:00:00,7,2019-07-27 23:00:00,0.12561,0.12561,0.12561,0.0,0.05,203.8569745318438,-0.0,0.0,0.0,203.8569745318438,203.8569745318438,0.0,0.0
4991,2019-07-27 23:00:00,7,2019-07-28 00:00:00,0.10547,0.10547,0.10547,0.0,0.05,204.09594366662716,-0.0,0.0,0.0,204.09594366662716,204.09594366662716,0.0,0.0
4992,2019-07-28 00:00:00,7,2019-07-28 01:00:00,0.10547,0.10547,0.10547,0.0,0.05,204.667506036047,-84.76020335045999,0.0,0.0,289.427709386507,289.427709386507,0.0,1.0
4993,2019-07-28 01:00:00,7,2019-07-28 02:00:00,0.10547,0.10547,0.10547,0.0,0.17996564513737198,201.6570908120707,-87.7706185744363,0.0,0.0,289.427709386507,289.427709386507,0.0,1.0
4994,2019-07-28 02:00:00,7,2019-07-28 03:00:00,0.10547,0.10547,0.10547,0.0,0.314547260284841,205.20827748964572,-84.21943189686127,0.0,0.0,289.427709386507,289.427709386507,0.0,1.0
4995,2019-07-28 03:00:00,7,2019-07-28 04:00:00,0.10547,0.10547,0.10547,0.0,0.4436837225266949,230.14910306948326,-59.27860631702373,0.0,0.0,289.427709386507,289.427709386507,0.0,1.0
4996,2019-07-28 04:00:00,7,2019-07-28 05:00:00,0.10547,0.10547,0.10547,0.0,0.5345775855461313,230.2425917102617,-59.185117676245284,0.0,0.0,289.427709386507,289.427709386507,0.0,1.0
4997,2019-07-28 05:00:00,7,2019-07-28 06:00:00,0.10547,0.10547,0.10547,0.0,0.6253280993163741,284.3184828739134,-5.10922651259358,0.0,0.0,289.427709386507,289.427709386507,0.0,1.0
4998,2019-07-28 06:00:00,7,2019-07-28 07:00:00,0.10547,0.10547,0.10547,0.0,0.6331622466356842,313.0351348051236,-0.0,23.60742541861663,0.0,289.427709386507,289.427709386507,0.0,0.0
4999,2019-07-28 07:00:00,7,2019-07-28 08:00:00,0.10547,0.10547,0.10547,0.0,0.5903951716019584,318.4339256818912,-0.0,29.006216295384206,0.0,289.427709386507,289.427709386507,0.0,0.0
5000,2019-07-28 08:00:00,7,2019-07-28 09:00:00,0.10547,0.10547,0.10547,0.0,0.537847678313219,321.5539371753351,-0.0,32.12622778882809,0.0,289.427709386507,289.427709386507,0.0,0.0
5001,2019-07-28 09:00:00,7,2019-07-28 10:00:00,0.10547,0.10547,0.10547,0.0,0.4796479902899797,318.9790251164577,-0.0,29.551315729950716,0.0,289.427709386507,289.427709386507,0.0,0.0
5002,2019-07-28 10:00:00,7,2019-07-28 11:00:00,0.10547,0.10547,0.10547,0.0,0.4261129980255762,314.69979230581254,-0.0,25.272082919305547,0.0,289.427709386507,289.427709386507,0.0,0.0
5003,2019-07-28 11:00:00,7,2019-07-28 12:00:00,0.10547,0.10547,0.10547,0.0,0.3803302391137908,301.2067648613736,-0.0,11.779055474866595,0.0,289.427709386507,289.427709386507,0.0,0.0
5004,2019-07-28 12:00:00,7,2019-07-28 13:00:00,0.10547,0.10547,0.10547,0.0,0.35899137049990204,309.17337959613343,-0.0,19.74567020962644,0.0,289.427709386507,289.427709386507,0.0,0.0
5005,2019-07-28 13:00:00,7,2019-07-28 14:00:00,0.10547,0.10547,0.10547,0.0,0.32322022881579615,310.63331684944075,-0.0,21.205607462933756,0.0,289.427709386507,289.427709386507,0.0,0.0
5006,2019-07-28 14:00:00,7,2019-07-28 15:00:00,0.12561,0.12561,0.12561,0.0,0.2848042732670031,311.6009886917012,-0.0,22.173279305194228,0.0,289.427709386507,289.427709386507,0.0,0.0
5007,2019-07-28 15:00:00,7,2019-07-28 16:00:00,0.12561,0.12561,0.12561,0.0,0.24463528901846285,314.30184708256235,-0.0,24.874137696055357,0.0,289.427709386507,289.427709386507,0.0,0.0
5008,2019-07-28 16:00:00,7,2019-07-28 17:00:00,0.15111,0.15111,0.15111,0.0,0.19957344536618862,314.9406783578647,-0.0,25.512968971357736,0.0,289.427709386507,289.427709386507,0.0,0.0
5009,2019-07-28 17:00:00,7,2019-07-28 18:00:00,0.15111,0.15111,0.15111,0.0,0.15335429867894634,239.92135217021803,-0.0,57.05157287077839,0.0,182.86977929943964,182.86977929943964,0.0,0.0
5010,2019-07-28 18:00:00,7,2019-07-28 19:00:00,0.15111,0.15111,0.15111,0.0,0.05,246.08369725308003,-0.0,0.0,0.0,246.08369725308003,246.08369725308003,0.0,0.0
5011,2019-07-28 19:00:00,7,2019-07-28 20:00:00,0.15111,0.15111,0.15111,0.0,0.05,224.3132852059646,-0.0,0.0,0.0,224.3132852059646,224.3132852059646,0.0,0.0
5012,2019-07-28 20:00:00,7,2019-07-28 21:00:00,0.15111,0.15111,0.15111,0.0,0.05,216.7691914657056,-0.0,0.0,0.0,216.7691914657056,216.7691914657056,0.0,0.0
5013,2019-07-28 21:00:00,7,2019-07-28 22:00:00,0.12561,0.12561,0.12561,0.0,0.05,200.9669085854509,-0.0,0.0,0.0,200.9669085854509,200.9669085854509,0.0,0.0
5014,2019-07-28 22:00:00,7,2019-07-28 23:00:00,0.12561,0.12561,0.12561,0.0,0.05,199.6337399238231,-0.0,0.0,0.0,199.6337399238231,199.6337399238231,0.0,0.0
5015,2019-07-28 23:00:00,7,2019-07-29 00:00:00,0.10547,0.10547,0.10547,0.0,0.05,197.6187990286251,-0.0,0.0,0.0,197.6187990286251,197.6187990286251,0.0,0.0
5016,2019-07-29 00:00:00,7,2019-07-29 01:00:00,0.10547,0.10547,0.10547,0.0,0.05,198.78452446891836,-89.93167311665155,0.0,0.0,288.71619758556994,288.71619758556994,0.0,1.0
5017,2019-07-29 01:00:00,7,2019-07-29 02:00:00,0.10547,0.10547,0.10547,0.0,0.18789523211219905,198.6829512819804,-90.03324630358952,0.0,0.0,288.71619758556994,288.71619758556994,0.0,1.0
5018,2019-07-29 02:00:00,7,2019-07-29 03:00:00,0.10547,0.10547,0.10547,0.0,0.325946209777703,198.65395034202632,-0.0,0.0,0.0,198.65395034202632,198.65395034202632,0.0,0.0
5019,2019-07-29 03:00:00,7,2019-07-29 04:00:00,0.10547,0.10547,0.10547,0.0,0.325946209777703,201.1864483308425,-87.52974925472742,0.0,0.0,288.71619758556994,288.71619758556994,0.0,1.0
5020,2019-07-29 04:00:00,7,2019-07-29 05:00:00,0.10547,0.10547,0.10547,0.0,0.46015849196828507,201.13868889183775,-87.57750869373217,0.0,0.0,288.71619758556994,288.71619758556994,0.0,1.0
5021,2019-07-29 05:00:00,7,2019-07-29 06:00:00,0.10547,0.10547,0.10547,0.0,0.5944440052986744,214.20426884240874,-0.0,0.0,0.0,214.20426884240874,214.20426884240874,0.0,0.0
5022,2019-07-29 06:00:00,7,2019-07-29 07:00:00,0.10547,0.10547,0.10547,0.0,0.5944440052986744,242.35323505859932,-46.36296252697059,0.0,0.0,288.71619758556994,288.71619758556994,0.0,1.0
5023,2019-07-29 07:00:00,7,2019-07-29 08:00:00,0.10547,0.10547,0.10547,0.0,0.6655338811733627,244.19861611099293,-44.517581474576986,0.0,0.0,288.71619758556994,288.71619758556994,0.0,1.0
5024,2019-07-29 08:00:00,7,2019-07-29 09:00:00,0.10547,0.10547,0.10547,0.0,0.7337941727677141,269.9068899983906,-18.809307587179294,0.0,0.0,288.71619758556994,288.71619758556994,0.0,1.0
5025,2019-07-29 09:00:00,7,2019-07-29 10:00:00,0.10547,0.10547,0.10547,0.0,0.7626351110680557,268.22573464990444,-20.49046293566548,0.0,0.0,288.71619758556994,288.71619758556994,0.0,1.0
5026,2019-07-29 10:00:00,7,2019-07-29 11:00:00,0.10547,0.10547,0.10547,0.0,0.7940538209027429,263.92809146008955,-24.788106125480372,0.0,0.0,288.71619758556994,288.71619758556994,0.0,1.0
5027,2019-07-29 11:00:00,7,2019-07-29 12:00:00,0.10547,0.10547,0.10547,0.0,0.8320622502951461,253.7721022868744,-34.944095298695515,0.0,0.0,288.71619758556994,288.71619758556994,0.0,1.0
5028,2019-07-29 12:00:00,7,2019-07-29 13:00:00,0.10547,0.10547,0.10547,0.0,0.8856431964198127,252.06071563445275,-36.65548195111715,0.0,0.0,288.7161975855699,288.7161975855699,0.0,1.0
5029,2019-07-29 13:00:00,7,2019-07-29 14:00:00,0.10547,0.10547,0.10547,0.0,0.9418482687448588,250.79115546265183,-37.925042122918065,0.0,0.0,288.7161975855699,288.7161975855699,0.0,1.0
5030,2019-07-29 14:00:00,7,2019-07-29 15:00:00,0.12561,0.12561,0.12561,0.0,1.0,231.60375694004426,-0.0,0.0,0.0,231.60375694004426,231.60375694004426,0.0,0.0
5031,2019-07-29 15:00:00,7,2019-07-29 16:00:00,0.12561,0.12561,0.12561,0.0,1.0,233.47896643988108,-0.0,0.0,0.0,233.47896643988108,233.47896643988108,0.0,0.0
5032,2019-07-29 16:00:00,7,2019-07-29 17:00:00,0.15111,0.15111,0.15111,0.0,1.0,223.3848848294808,-0.0,223.3848848294808,0.0,0.0,0.0,0.0,0.0
5033,2019-07-29 17:00:00,7,2019-07-29 18:00:00,0.15111,0.15111,0.15111,0.0,0.5953172376277522,213.98541309100634,-0.0,107.85984026927369,0.0,106.12557282173265,106.12557282173265,0.0,0.0
5034,2019-07-29 18:00:00,7,2019-07-29 19:00:00,0.15111,0.15111,0.15111,0.0,0.3999189762703724,213.10892517872472,-0.0,0.0,0.0,213.10892517872472,213.10892517872472,0.0,0.0
5035,2019-07-29 19:00:00,7,2019-07-29 20:00:00,0.15111,0.15111,0.15111,0.0,0.3999189762703724,193.15527490124555,-0.0,193.15527490124555,0.0,0.0,0.0,0.0,0.0
5036,2019-07-29 20:00:00,7,2019-07-29 21:00:00,0.15111,0.15111,0.15111,0.0,0.05,196.81158976471016,-0.0,0.0,0.0,196.81158976471016,196.81158976471016,0.0,0.0
5037,2019-07-29 21:00:00,7,2019-07-29 22:00:00,0.12561,0.12561,0.12561,0.0,0.05,194.86309787441593,-0.0,0.0,0.0,194.86309787441593,194.86309787441593,0.0,0.0
5038,2019-07-29 22:00:00,7,2019-07-29 23:00:00,0.12561,0.12561,0.12561,0.0,0.05,194.9970391421767,-0.0,0.0,0.0,194.9970391421767,194.9970391421767,0.0,0.0
5039,2019-07-29 23:00:00,7,2019-07-30 00:00:00,0.10547,0.10547,0.10547,0.0,0.05,191.82679208977973,-0.0,0.0,0.0,191.82679208977973,191.82679208977973,0.0,0.0
5040,2019-07-30 00:00:00,7,2019-07-30 01:00:00,0.10547,0.10547,0.10547,0.0,0.05,189.01980329559493,-99.11871970297429,0.0,0.0,288.1385229985692,288.1385229985692,0.0,1.0
5041,2019-07-30 01:00:00,7,2019-07-30 02:00:00,0.10547,0.10547,0.10547,0.0,0.20198203687789393,189.0156108966146,-0.0,0.0,0.0,189.0156108966146,189.0156108966146,0.0,0.0
5042,2019-07-30 02:00:00,7,2019-07-30 03:00:00,0.10547,0.10547,0.10547,0.0,0.20198203687789393,189.0129045250194,-0.0,0.0,0.0,189.0129045250194,189.0129045250194,0.0,0.0
5043,2019-07-30 03:00:00,7,2019-07-30 04:00:00,0.10547,0.10547,0.10547,0.0,0.20198203687789393,194.99209885547552,-0.0,0.0,0.0,194.99209885547552,194.99209885547552,0.0,0.0
5044,2019-07-30 04:00:00,7,2019-07-30 05:00:00,0.10547,0.10547,0.10547,0.0,0.20198203687789393,196.61269014813632,-0.0,0.0,0.0,196.61269014813632,196.61269014813632,0.0,0.0
5045,2019-07-30 05:00:00,7,2019-07-30 06:00:00,0.10547,0.10547,0.10547,0.0,0.20198203687789393,210.86086125615776,-77.27766174241145,0.0,0.0,288.1385229985692,288.1385229985692,0.0,1.0
5046,2019-07-30 06:00:00,7,2019-07-30 07:00:00,0.10547,0.10547,0.10547,0.0,0.3204744515495915,210.26770401494366,-0.0,0.0,0.0,210.26770401494366,210.26770401494366,0.0,0.0
5047,2019-07-30 07:00:00,7,2019-07-30 08:00:00,0.10547,0.10547,0.10547,0.0,0.3204744515495915,228.63282338565412,-59.5056996129151,0.0,0.0,288.1385229985692,288.1385229985692,0.0,1.0
5048,2019-07-30 08:00:00,7,2019-07-30 09:00:00,0.10547,0.10547,0.10547,0.0,0.4117165242893947,225.01100829624124,-63.12751470232798,0.0,0.0,288.1385229985692,288.1385229985692,0.0,1.0
5049,2019-07-30 09:00:00,7,2019-07-30 10:00:00,0.10547,0.10547,0.10547,0.0,0.5085120468329642,226.2152659192321,-61.92325707933711,0.0,0.0,288.1385229985692,288.1385229985692,0.0,1.0
5050,2019-07-30 10:00:00,7,2019-07-30 11:00:00,0.10547,0.10547,0.10547,0.0,0.6034610410212812,225.33568778759835,-62.802835210970876,0.0,0.0,288.1385229985692,288.1385229985692,0.0,1.0
5051,2019-07-30 11:00:00,7,2019-07-30 12:00:00,0.10547,0.10547,0.10547,0.0,0.6997587216781032,224.46241074867245,-63.67611224989677,0.0,0.0,288.1385229985692,288.1385229985692,0.0,1.0
5052,2019-07-30 12:00:00,7,2019-07-30 13:00:00,0.10547,0.10547,0.10547,0.0,0.7973954271279449,222.23143935712486,-64.61789725350671,0.0,0.0,286.84933661063155,286.84933661063155,0.0,1.0
5053,2019-07-30 13:00:00,7,2019-07-30 14:00:00,0.10547,0.10547,0.10547,0.0,0.8964762029166551,221.91218954954294,-67.51551983696405,0.0,0.0,289.427709386507,289.427709386507,0.0,1.0
5054,2019-07-30 14:00:00,7,2019-07-30 15:00:00,0.12561,0.12561,0.12561,0.0,1.0,221.74004245688573,-0.0,0.0,0.0,221.74004245688573,221.74004245688573,0.0,0.0
5055,2019-07-30 15:00:00,7,2019-07-30 16:00:00,0.12561,0.12561,0.12561,0.0,1.0,215.31445351533003,-0.0,0.0,0.0,215.31445351533003,215.31445351533003,0.0,0.0
5056,2019-07-30 16:00:00,7,2019-07-30 17:00:00,0.15111,0.15111,0.15111,0.0,1.0,205.50718440771928,-0.0,205.50718440771928,0.0,0.0,0.0,0.0,0.0
5057,2019-07-30 17:00:00,7,2019-07-30 18:00:00,0.15111,0.15111,0.15111,0.0,0.6277043760729724,198.92986412484777,-0.0,198.92986412484777,0.0,0.0,0.0,0.0,0.0
5058,2019-07-30 18:00:00,7,2019-07-30 19:00:00,0.15111,0.15111,0.15111,0.0,0.2673241874410018,198.5525022000154,-0.0,119.96295146743299,0.0,78.58955073258241,78.58955073258241,0.0,0.0
5059,2019-07-30 19:00:00,7,2019-07-30 20:00:00,0.15111,0.15111,0.15111,0.0,0.05,194.30685432911218,-0.0,0.0,0.0,194.30685432911218,194.30685432911218,0.0,0.0
5060,2019-07-30 20:00:00,7,2019-07-30 21:00:00,0.15111,0.15111,0.15111,0.0,0.05,196.36765181942238,-0.0,0.0,0.0,196.36765181942238,196.36765181942238,0.0,0.0
5061,2019-07-30 21:00:00,7,2019-07-30 22:00:00,0.12561,0.12561,0.12561,0.0,0.05,192.62319299365018,-0.0,0.0,0.0,192.62319299365018,192.62319299365018,0.0,0.0
5062,2019-07-30 22:00:00,7,2019-07-30 23:00:00,0.12561,0.12561,0.12561,0.0,0.05,196.78491978457663,-0.0,0.0,0.0,196.78491978457663,196.78491978457663,0.0,0.0
5063,2019-07-30 23:00:00,7,2019-07-31 00:00:00,0.10547,0.10547,0.10547,0.0,0.05,196.29517996042821,-93.13252942607878,0.0,0.0,289.427709386507,289.427709386507,0.0,1.0
5064,2019-07-31 00:00:00,7,2019-07-31 01:00:00,0.10547,0.10547,0.10547,0.0,0.19280321178665413,203.06590275132916,-86.36180663517783,0.0,0.0,289.427709386507,289.427709386507,0.0,1.0
5065,2019-07-31 01:00:00,7,2019-07-31 02:00:00,0.10547,0.10547,0.10547,0.0,0.32522464862726014,206.7657376546678,-82.6619717318392,0.0,0.0,289.427709386507,289.427709386507,0.0,1.0
5066,2019-07-31 02:00:00,7,2019-07-31 03:00:00,0.10547,0.10547,0.10547,0.0,0.451973005282747,205.16622659589189,-84.2614827906151,0.0,0.0,289.427709386507,289.427709386507,0.0,1.0
5067,2019-07-31 03:00:00,7,2019-07-31 04:00:00,0.10547,0.10547,0.10547,0.0,0.5811739455616901,226.4120285884998,-63.015680798007196,0.0,0.0,289.427709386507,289.427709386507,0.0,1.0
5068,2019-07-31 04:00:00,7,2019-07-31 05:00:00,0.10547,0.10547,0.10547,0.0,0.6777979894519678,227.8782063053844,-61.549503081122594,0.0,0.0,289.427709386507,289.427709386507,0.0,1.0
5069,2019-07-31 05:00:00,7,2019-07-31 06:00:00,0.10547,0.10547,0.10547,0.0,0.7721738941763557,282.391434802515,-7.036274583991997,0.0,0.0,289.427709386507,289.427709386507,0.0,1.0
5070,2019-07-31 06:00:00,7,2019-07-31 07:00:00,0.10547,0.10547,0.10547,0.0,0.7829628485384768,308.95783954148993,-0.0,19.530130154982942,0.0,289.427709386507,289.427709386507,0.0,0.0
5071,2019-07-31 07:00:00,7,2019-07-31 08:00:00,0.10547,0.10547,0.10547,0.0,0.7475821779678554,310.92836694076453,-0.0,21.500657554257543,0.0,289.427709386507,289.427709386507,0.0,0.0
5072,2019-07-31 08:00:00,7,2019-07-31 09:00:00,0.10547,0.10547,0.10547,0.0,0.7086317113840556,316.22695994029726,-0.0,26.799250553790273,0.0,289.427709386507,289.427709386507,0.0,0.0
5073,2019-07-31 09:00:00,7,2019-07-31 10:00:00,0.10547,0.10547,0.10547,0.0,0.6600823444387832,315.5623955730743,-0.0,26.134686186567308,0.0,289.427709386507,289.427709386507,0.0,0.0
5074,2019-07-31 10:00:00,7,2019-07-31 11:00:00,0.10547,0.10547,0.10547,0.0,0.6127368984486251,311.6352502295576,-0.0,22.207540843050595,0.0,289.427709386507,289.427709386507,0.0,0.0
5075,2019-07-31 11:00:00,7,2019-07-31 12:00:00,0.10547,0.10547,0.10547,0.0,0.5725058461967218,297.9755748437693,-0.0,8.547865457262333,0.0,289.427709386507,289.427709386507,0.0,0.0
5076,2019-07-31 12:00:00,7,2019-07-31 13:00:00,0.10547,0.10547,0.10547,0.0,0.5570205826871887,307.98677079991865,-0.0,18.559061413411655,0.0,289.427709386507,289.427709386507,0.0,0.0
5077,2019-07-31 13:00:00,7,2019-07-31 14:00:00,0.10547,0.10547,0.10547,0.0,0.523399094619414,310.62288682367756,-0.0,21.19517743717057,0.0,289.427709386507,289.427709386507,0.0,0.0
5078,2019-07-31 14:00:00,7,2019-07-31 15:00:00,0.12561,0.12561,0.12561,0.0,0.4850020340448297,313.08172254946135,-0.0,23.654013162954357,0.0,289.427709386507,289.427709386507,0.0,0.0
5079,2019-07-31 15:00:00,7,2019-07-31 16:00:00,0.12561,0.12561,0.12561,0.0,0.44215056092353566,315.71906784581745,-0.0,26.29135845931046,0.0,289.427709386507,289.427709386507,0.0,0.0
5080,2019-07-31 16:00:00,7,2019-07-31 17:00:00,0.15111,0.15111,0.15111,0.0,0.394521288352321,316.58544989128194,-0.0,190.1757511704812,0.0,126.40969872080075,126.40969872080075,0.0,0.0
5081,2019-07-31 17:00:00,7,2019-07-31 18:00:00,0.15111,0.15111,0.15111,0.0,0.05,244.93254524991468,-0.0,0.0,0.0,244.93254524991468,244.93254524991468,0.0,0.0
5082,2019-07-31 18:00:00,7,2019-07-31 19:00:00,0.15111,0.15111,0.15111,0.0,0.05,240.85147096853677,-0.0,0.0,0.0,240.85147096853677,240.85147096853677,0.0,0.0
5083,2019-07-31 19:00:00,7,2019-07-31 20:00:00,0.15111,0.15111,0.15111,0.0,0.05,208.01469074557815,-0.0,0.0,0.0,208.01469074557815,208.01469074557815,0.0,0.0
5084,2019-07-31 20:00:00,7,2019-07-31 21:00:00,0.15111,0.15111,0.15111,0.0,0.05,200.05666339200224,-0.0,0.0,0.0,200.05666339200224,200.05666339200224,0.0,0.0
5085,2019-07-31 21:00:00,7,2019-07-31 22:00:00,0.12561,0.12561,0.12561,0.0,0.05,186.08202496740523,-0.0,0.0,0.0,186.08202496740523,186.08202496740523,0.0,0.0
5086,2019-07-31 22:00:00,7,2019-07-31 23:00:00,0.12561,0.12561,0.12561,0.0,0.05,188.62168293484467,-0.0,0.0,0.0,188.62168293484467,188.62168293484467,0.0,0.0
5087,2019-07-31 23:00:00,7,2019-08-01 00:00:00,0.10547,0.10547,0.10547,0.0,0.05,189.91810683059478,-0.0,0.0,0.0,189.91810683059478,189.91810683059478,0.0,0.0
5088,2019-08-01 00:00:00,8,2019-08-01 01:00:00,0.10547,0.10547,0.10547,0.0,0.05,190.7732181680254,-92.89567552383141,0.0,0.0,283.66889369185685,283.66889369185685,0.0,1.0
5089,2019-08-01 01:00:00,8,2019-08-01 02:00:00,0.10547,0.10547,0.10547,0.0,0.19244003580320818,193.89535338975546,-89.77354030210137,0.0,0.0,283.66889369185685,283.66889369185685,0.0,1.0
5090,2019-08-01 02:00:00,8,2019-08-01 03:00:00,0.10547,0.10547,0.10547,0.0,0.33009279759976357,196.09988962949149,-87.56900406236534,0.0,0.0,283.66889369185685,283.66889369185685,0.0,1.0
5091,2019-08-01 03:00:00,8,2019-08-01 04:00:00,0.10547,0.10547,0.10547,0.0,0.46436527049539045,225.8481678351802,-57.82072585667663,0.0,0.0,283.66889369185685,283.66889369185685,0.0,1.0
5092,2019-08-01 04:00:00,8,2019-08-01 05:00:00,0.10547,0.10547,0.10547,0.0,0.5530237168089613,225.94662281336167,-57.72227087849515,0.0,0.0,283.66889369185685,283.66889369185685,0.0,1.0
5093,2019-08-01 05:00:00,8,2019-08-01 06:00:00,0.10547,0.10547,0.10547,0.0,0.641531198822654,274.83701896187017,-8.83187472998665,0.0,0.0,283.6688936918568,283.6688936918568,0.0,1.0
5094,2019-08-01 06:00:00,8,2019-08-01 07:00:00,0.10547,0.10547,0.10547,0.0,0.6550734067419668,296.8516110944995,-0.0,13.182717402642709,0.0,283.6688936918568,283.6688936918568,0.0,0.0
5095,2019-08-01 07:00:00,8,2019-08-01 08:00:00,0.10547,0.10547,0.10547,0.0,0.6311916723168894,303.5343001310266,-0.0,19.865406439169817,0.0,283.6688936918568,283.6688936918568,0.0,0.0
5096,2019-08-01 08:00:00,8,2019-08-01 09:00:00,0.10547,0.10547,0.10547,0.0,0.5952036171734658,307.7456432307319,-0.0,24.076749538875106,0.0,283.6688936918568,283.6688936918568,0.0,0.0
5097,2019-08-01 09:00:00,8,2019-08-01 10:00:00,0.10547,0.10547,0.10547,0.0,0.5515863172841992,311.17602903319505,-0.0,27.507135341338255,0.0,283.6688936918568,283.6688936918568,0.0,0.0
5098,2019-08-01 10:00:00,8,2019-08-01 11:00:00,0.10547,0.10547,0.10547,0.0,0.5017545503614851,313.8582657506983,-0.0,30.189372058841514,0.0,283.6688936918568,283.6688936918568,0.0,0.0
5099,2019-08-01 11:00:00,8,2019-08-01 12:00:00,0.10547,0.10547,0.10547,0.0,0.44706365895054023,305.73429922709863,-0.0,22.065405535241837,0.0,283.6688936918568,283.6688936918568,0.0,0.0
5100,2019-08-01 12:00:00,8,2019-08-01 13:00:00,0.10547,0.10547,0.10547,0.0,0.40709009819829073,316.0891407661362,-0.0,32.420247074279416,0.0,283.6688936918568,283.6688936918568,0.0,0.0
5101,2019-08-01 13:00:00,8,2019-08-01 14:00:00,0.10547,0.10547,0.10547,0.0,0.3483577665419874,318.97982296554414,-0.0,35.31092927368735,0.0,283.6688936918568,283.6688936918568,0.0,0.0
5102,2019-08-01 14:00:00,8,2019-08-01 15:00:00,0.12561,0.12561,0.12561,0.0,0.2843886917708147,323.21610217525887,-0.0,39.54720848340207,0.0,283.6688936918568,283.6688936918568,0.0,0.0
5103,2019-08-01 15:00:00,8,2019-08-01 16:00:00,0.12561,0.12561,0.12561,0.0,0.21274519814146317,328.33333967294107,-0.0,44.66444598108427,0.0,283.6688936918568,283.6688936918568,0.0,0.0
5104,2019-08-01 16:00:00,8,2019-08-01 17:00:00,0.15111,0.15111,0.15111,0.0,0.13183134672645547,328.8397970848602,-0.0,45.17090339300342,0.0,283.6688936918568,283.6688936918568,0.0,0.0
5105,2019-08-01 17:00:00,8,2019-08-01 18:00:00,0.15111,0.15111,0.15111,0.0,0.05,246.02809078096234,-0.0,0.0,0.0,246.02809078096234,246.02809078096234,0.0,0.0
5106,2019-08-01 18:00:00,8,2019-08-01 19:00:00,0.15111,0.15111,0.15111,0.0,0.05,243.97848769554926,-0.0,0.0,0.0,243.97848769554926,243.97848769554926,0.0,0.0
5107,2019-08-01 19:00:00,8,2019-08-01 20:00:00,0.15111,0.15111,0.15111,0.0,0.05,213.52360425594446,-0.0,0.0,0.0,213.52360425594446,213.52360425594446,0.0,0.0
5108,2019-08-01 20:00:00,8,2019-08-01 21:00:00,0.15111,0.15111,0.15111,0.0,0.05,203.71641610857918,-0.0,0.0,0.0,203.71641610857918,203.71641610857918,0.0,0.0
5109,2019-08-01 21:00:00,8,2019-08-01 22:00:00,0.12561,0.12561,0.12561,0.0,0.05,182.76974633474885,-0.0,0.0,0.0,182.76974633474885,182.76974633474885,0.0,0.0
5110,2019-08-01 22:00:00,8,2019-08-01 23:00:00,0.12561,0.12561,0.12561,0.0,0.05,184.43030868451822,-0.0,0.0,0.0,184.43030868451822,184.43030868451822,0.0,0.0
5111,2019-08-01 23:00:00,8,2019-08-02 00:00:00,0.10547,0.10547,0.10547,0.0,0.05,188.52058054821657,-0.0,0.0,0.0,188.52058054821657,188.52058054821657,0.0,0.0
5112,2019-08-02 00:00:00,8,2019-08-02 01:00:00,0.10547,0.10547,0.10547,0.0,0.05,189.19350676391866,-94.79987502391042,0.0,0.0,283.9933817878291,283.9933817878291,0.0,1.0
5113,2019-08-02 01:00:00,8,2019-08-02 02:00:00,0.10547,0.10547,0.10547,0.0,0.195359808369996,189.10366386181312,-94.88971792601596,0.0,0.0,283.9933817878291,283.9933817878291,0.0,1.0
5114,2019-08-02 02:00:00,8,2019-08-02 03:00:00,0.10547,0.10547,0.10547,0.0,0.3408573758565538,189.08090786634511,-94.91247392148397,0.0,0.0,283.9933817878291,283.9933817878291,0.0,1.0
5115,2019-08-02 03:00:00,8,2019-08-02 04:00:00,0.10547,0.10547,0.10547,0.0,0.4863898358694959,218.49461521986422,-65.49876656796486,0.0,0.0,283.9933817878291,283.9933817878291,0.0,1.0
5116,2019-08-02 04:00:00,8,2019-08-02 05:00:00,0.10547,0.10547,0.10547,0.0,0.5868212779403755,220.01425892449035,-63.97912286333873,0.0,0.0,283.9933817878291,283.9933817878291,0.0,1.0
5117,2019-08-02 05:00:00,8,2019-08-02 06:00:00,0.10547,0.10547,0.10547,0.0,0.6849225996641616,273.0320808135379,-10.961300974291174,0.0,0.0,283.9933817878291,283.9933817878291,0.0,1.0
5118,2019-08-02 06:00:00,8,2019-08-02 07:00:00,0.10547,0.10547,0.10547,0.0,0.7017299278247413,296.9909402195288,-0.0,12.997558431699701,0.0,283.9933817878291,283.9933817878291,0.0,0.0
5119,2019-08-02 07:00:00,8,2019-08-02 08:00:00,0.10547,0.10547,0.10547,0.0,0.6781836263180391,301.0955185492358,-0.0,17.10213676140671,0.0,283.9933817878291,283.9933817878291,0.0,0.0
5120,2019-08-02 08:00:00,8,2019-08-02 09:00:00,0.10547,0.10547,0.10547,0.0,0.6472014945038965,308.7245257476074,-0.0,24.731143959778308,0.0,283.9933817878291,283.9933817878291,0.0,0.0
5121,2019-08-02 09:00:00,8,2019-08-02 10:00:00,0.10547,0.10547,0.10547,0.0,0.6023986974753125,313.90663903423285,-0.0,29.91325724640376,0.0,283.9933817878291,283.9933817878291,0.0,0.0
5122,2019-08-02 10:00:00,8,2019-08-02 11:00:00,0.10547,0.10547,0.10547,0.0,0.5482080140579144,317.6741907646618,-0.0,33.68080897683268,0.0,283.9933817878291,283.9933817878291,0.0,0.0
5123,2019-08-02 11:00:00,8,2019-08-02 12:00:00,0.10547,0.10547,0.10547,0.0,0.48719205576655045,309.230670599365,-0.0,25.237288811535905,0.0,283.9933817878291,283.9933817878291,0.0,0.0
5124,2019-08-02 12:00:00,8,2019-08-02 13:00:00,0.10547,0.10547,0.10547,0.0,0.44147232965869554,320.79658182750376,-0.0,36.80320003967471,0.0,283.9933817878291,283.9933817878291,0.0,0.0
5125,2019-08-02 13:00:00,8,2019-08-02 14:00:00,0.10547,0.10547,0.10547,0.0,0.3747998658187051,326.0028341718481,-0.0,42.009452384019056,0.0,283.9933817878291,283.9933817878291,0.0,0.0
5126,2019-08-02 14:00:00,8,2019-08-02 15:00:00,0.12561,0.12561,0.12561,0.0,0.29869578541287356,327.8477229933895,-0.0,43.8543412055604,0.0,283.9933817878291,283.9933817878291,0.0,0.0
5127,2019-08-02 15:00:00,8,2019-08-02 16:00:00,0.12561,0.12561,0.12561,0.0,0.21924951511294533,330.4098751324291,-0.0,46.41649334460001,0.0,283.9933817878291,283.9933817878291,0.0,0.0
5128,2019-08-02 16:00:00,8,2019-08-02 17:00:00,0.15111,0.15111,0.15111,0.0,0.13516166485098882,331.0026207855749,-0.0,47.009238997745825,0.0,283.9933817878291,283.9933817878291,0.0,0.0
5129,2019-08-02 17:00:00,8,2019-08-02 18:00:00,0.15111,0.15111,0.15111,0.0,0.05,247.06717001139512,-0.0,0.0,0.0,247.06717001139512,247.06717001139512,0.0,0.0
5130,2019-08-02 18:00:00,8,2019-08-02 19:00:00,0.15111,0.15111,0.15111,0.0,0.05,244.82419254233463,-0.0,0.0,0.0,244.82419254233463,244.82419254233463,0.0,0.0
5131,2019-08-02 19:00:00,8,2019-08-02 20:00:00,0.15111,0.15111,0.15111,0.0,0.05,214.8630030069674,-0.0,0.0,0.0,214.8630030069674,214.8630030069674,0.0,0.0
5132,2019-08-02 20:00:00,8,2019-08-02 21:00:00,0.15111,0.15111,0.15111,0.0,0.05,204.71301824867828,-0.0,0.0,0.0,204.71301824867828,204.71301824867828,0.0,0.0
5133,2019-08-02 21:00:00,8,2019-08-02 22:00:00,0.12561,0.12561,0.12561,0.0,0.05,187.09082200051196,-0.0,0.0,0.0,187.09082200051196,187.09082200051196,0.0,0.0
5134,2019-08-02 22:00:00,8,2019-08-02 23:00:00,0.12561,0.12561,0.12561,0.0,0.05,185.45315275216439,-0.0,0.0,0.0,185.45315275216439,185.45315275216439,0.0,0.0
5135,2019-08-02 23:00:00,8,2019-08-03 00:00:00,0.10547,0.10547,0.10547,0.0,0.05,179.4022242939263,-0.0,0.0,0.0,179.4022242939263,179.4022242939263,0.0,0.0
5136,2019-08-03 00:00:00,8,2019-08-03 01:00:00,0.10547,0.10547,0.10547,0.0,0.05,185.82529353632728,-98.42805681320667,0.0,0.0,284.25335034953395,284.25335034953395,0.0,1.0
5137,2019-08-03 01:00:00,8,2019-08-03 02:00:00,0.10547,0.10547,0.10547,0.0,0.2009230204469169,189.20328425983098,-95.05006608970297,0.0,0.0,284.25335034953395,284.25335034953395,0.0,1.0
5138,2019-08-03 02:00:00,8,2019-08-03 03:00:00,0.10547,0.10547,0.10547,0.0,0.34666645511779476,189.06798913150962,-95.18536121802433,0.0,0.0,284.25335034953395,284.25335034953395,0.0,1.0
5139,2019-08-03 03:00:00,8,2019-08-03 04:00:00,0.10547,0.10547,0.10547,0.0,0.49261734231876547,211.7258139653862,-72.52753638414774,0.0,0.0,284.25335034953395,284.25335034953395,0.0,1.0
5140,2019-08-03 04:00:00,8,2019-08-03 05:00:00,0.10547,0.10547,0.10547,0.0,0.6038262314411253,216.19522626044719,-68.05812408908676,0.0,0.0,284.25335034953395,284.25335034953395,0.0,1.0
5141,2019-08-03 05:00:00,8,2019-08-03 06:00:00,0.10547,0.10547,0.10547,0.0,0.7081820217110584,269.6734363630559,-14.579913986478061,0.0,0.0,284.25335034953395,284.25335034953395,0.0,1.0
5142,2019-08-03 06:00:00,8,2019-08-03 07:00:00,0.10547,0.10547,0.10547,0.0,0.7305378898236581,292.5701268427573,-0.0,8.316776493223358,0.0,284.25335034953395,284.25335034953395,0.0,0.0
5143,2019-08-03 07:00:00,8,2019-08-03 08:00:00,0.10547,0.10547,0.10547,0.0,0.7154712657417317,301.0980139028822,-0.0,16.844663553348255,0.0,284.25335034953395,284.25335034953395,0.0,0.0
5144,2019-08-03 08:00:00,8,2019-08-03 09:00:00,0.10547,0.10547,0.10547,0.0,0.6849555708987094,313.5291387117324,-0.0,29.275788362198455,0.0,284.25335034953395,284.25335034953395,0.0,0.0
5145,2019-08-03 09:00:00,8,2019-08-03 10:00:00,0.10547,0.10547,0.10547,0.0,0.6319197224164659,317.8787636098275,-0.0,33.625413260293556,0.0,284.25335034953395,284.25335034953395,0.0,0.0
5146,2019-08-03 10:00:00,8,2019-08-03 11:00:00,0.10547,0.10547,0.10547,0.0,0.5710041186840499,320.01382668220185,-0.0,35.760476332667906,0.0,284.25335034953395,284.25335034953395,0.0,0.0
5147,2019-08-03 11:00:00,8,2019-08-03 12:00:00,0.10547,0.10547,0.10547,0.0,0.5062206470668978,312.64009769339515,-0.0,28.386747343861202,0.0,284.25335034953395,284.25335034953395,0.0,0.0
5148,2019-08-03 12:00:00,8,2019-08-03 13:00:00,0.10547,0.10547,0.10547,0.0,0.454795380139613,325.1421539526593,-0.0,40.88880360312538,0.0,284.25335034953395,284.25335034953395,0.0,0.0
5149,2019-08-03 13:00:00,8,2019-08-03 14:00:00,0.10547,0.10547,0.10547,0.0,0.38072146056873374,327.46075867093356,-0.0,43.20740832139961,0.0,284.25335034953395,284.25335034953395,0.0,0.0
5150,2019-08-03 14:00:00,8,2019-08-03 15:00:00,0.12561,0.12561,0.12561,0.0,0.30244717013141564,328.3736402777994,-0.0,44.120289928265436,0.0,284.25335034953395,284.25335034953395,0.0,0.0
5151,2019-08-03 15:00:00,8,2019-08-03 16:00:00,0.12561,0.12561,0.12561,0.0,0.22251910866716662,331.19076177624476,-0.0,46.93741142671081,0.0,284.25335034953395,284.25335034953395,0.0,0.0
5152,2019-08-03 16:00:00,8,2019-08-03 17:00:00,0.15111,0.15111,0.15111,0.0,0.13748756622747313,332.5464869070991,-0.0,48.29313655756517,0.0,284.25335034953395,284.25335034953395,0.0,0.0
5153,2019-08-03 17:00:00,8,2019-08-03 18:00:00,0.15111,0.15111,0.15111,0.0,0.05,248.31058006287566,-0.0,0.0,0.0,248.31058006287566,248.31058006287566,0.0,0.0
5154,2019-08-03 18:00:00,8,2019-08-03 19:00:00,0.15111,0.15111,0.15111,0.0,0.05,245.86463165806018,-0.0,0.0,0.0,245.86463165806018,245.86463165806018,0.0,0.0
5155,2019-08-03 19:00:00,8,2019-08-03 20:00:00,0.15111,0.15111,0.15111,0.0,0.05,215.36144130802003,-0.0,0.0,0.0,215.36144130802003,215.36144130802003,0.0,0.0
5156,2019-08-03 20:00:00,8,2019-08-03 21:00:00,0.15111,0.15111,0.15111,0.0,0.05,205.13876895711346,-0.0,0.0,0.0,205.13876895711346,205.13876895711346,0.0,0.0
5157,2019-08-03 21:00:00,8,2019-08-03 22:00:00,0.12561,0.12561,0.12561,0.0,0.05,187.59281433455823,-0.0,0.0,0.0,187.59281433455823,187.59281433455823,0.0,0.0
5158,2019-08-03 22:00:00,8,2019-08-03 23:00:00,0.12561,0.12561,0.12561,0.0,0.05,187.25680226936913,-0.0,0.0,0.0,187.25680226936913,187.25680226936913,0.0,0.0
5159,2019-08-03 23:00:00,8,2019-08-04 00:00:00,0.10547,0.10547,0.10547,0.0,0.05,183.36519777860798,-70.00315352582956,0.0,0.0,253.36835130443754,253.36835130443754,0.0,1.0
5160,2019-08-04 00:00:00,8,2019-08-04 01:00:00,0.10547,0.10547,0.10547,0.0,0.15733816873960532,183.84441465701715,-100.40893569251679,0.0,0.0,284.25335034953395,284.25335034953395,0.0,1.0
5161,2019-08-04 01:00:00,8,2019-08-04 02:00:00,0.10547,0.10547,0.10547,0.0,0.31129853680146446,180.46878019147843,-103.78457015805552,0.0,0.0,284.25335034953395,284.25335034953395,0.0,1.0
5162,2019-08-04 02:00:00,8,2019-08-04 03:00:00,0.10547,0.10547,0.10547,0.0,0.4704348777104829,178.78481580110233,-105.46853454843162,0.0,0.0,284.25335034953395,284.25335034953395,0.0,1.0
5163,2019-08-04 03:00:00,8,2019-08-04 04:00:00,0.10547,0.10547,0.10547,0.0,0.6321532973514115,207.46214165107776,-76.79120869845619,0.0,0.0,284.25335034953395,284.25335034953395,0.0,1.0
5164,2019-08-04 04:00:00,8,2019-08-04 05:00:00,0.10547,0.10547,0.10547,0.0,0.7498998173557109,211.0724992569606,-73.18085109257333,0.0,0.0,284.25335034953395,284.25335034953395,0.0,1.0
5165,2019-08-04 05:00:00,8,2019-08-04 06:00:00,0.10547,0.10547,0.10547,0.0,0.8621104556976567,265.36150575040307,-18.891844599130877,0.0,0.0,284.25335034953395,284.25335034953395,0.0,1.0
5166,2019-08-04 06:00:00,8,2019-08-04 07:00:00,0.10547,0.10547,0.10547,0.0,0.8910779507496576,292.27958190336483,-0.0,8.026231553830883,0.0,284.25335034953395,284.25335034953395,0.0,0.0
5167,2019-08-04 07:00:00,8,2019-08-04 08:00:00,0.10547,0.10547,0.10547,0.0,0.876537676195616,307.98034361538924,-0.0,23.7269932658553,0.0,284.25335034953395,284.25335034953395,0.0,0.0
5168,2019-08-04 08:00:00,8,2019-08-04 09:00:00,0.10547,0.10547,0.10547,0.0,0.8335539927429796,319.9748825482276,-0.0,35.72153219869364,0.0,284.25335034953395,284.25335034953395,0.0,0.0
5169,2019-08-04 09:00:00,8,2019-08-04 10:00:00,0.10547,0.10547,0.10547,0.0,0.7688410720931723,325.55231693017305,-0.0,41.2989665806391,0.0,284.25335034953395,284.25335034953395,0.0,0.0
5170,2019-08-04 10:00:00,8,2019-08-04 11:00:00,0.10547,0.10547,0.10547,0.0,0.6940241036499855,327.6150080406463,-0.0,43.36165769111233,0.0,284.25335034953395,284.25335034953395,0.0,0.0
5171,2019-08-04 11:00:00,8,2019-08-04 12:00:00,0.10547,0.10547,0.10547,0.0,0.615470375948695,318.3049896107923,-0.0,34.051639261258345,0.0,284.25335034953395,284.25335034953395,0.0,0.0
5172,2019-08-04 12:00:00,8,2019-08-04 13:00:00,0.10547,0.10547,0.10547,0.0,0.5537826236638067,327.6987501016964,-0.0,43.44539975216247,0.0,284.25335034953395,284.25335034953395,0.0,0.0
5173,2019-08-04 13:00:00,8,2019-08-04 14:00:00,0.10547,0.10547,0.10547,0.0,0.475077189330179,328.6161138011696,-0.0,44.36276345163566,0.0,284.25335034953395,284.25335034953395,0.0,0.0
5174,2019-08-04 14:00:00,8,2019-08-04 15:00:00,0.12561,0.12561,0.12561,0.0,0.3947098642366362,329.6846764113705,-0.0,45.43132606183656,0.0,284.25335034953395,284.25335034953395,0.0,0.0
5175,2019-08-04 15:00:00,8,2019-08-04 16:00:00,0.12561,0.12561,0.12561,0.0,0.3124067373130192,333.06003847953457,-0.0,48.80668813000062,0.0,284.25335034953395,284.25335034953395,0.0,0.0
5176,2019-08-04 16:00:00,8,2019-08-04 17:00:00,0.15111,0.15111,0.15111,0.0,0.22398882403403259,334.79273749460845,-0.0,96.04183086678599,0.0,238.75090662782247,238.75090662782247,0.0,0.0
5177,2019-08-04 17:00:00,8,2019-08-04 18:00:00,0.15111,0.15111,0.15111,0.0,0.05,249.07671014801755,-0.0,0.0,0.0,249.07671014801755,249.07671014801755,0.0,0.0
5178,2019-08-04 18:00:00,8,2019-08-04 19:00:00,0.15111,0.15111,0.15111,0.0,0.05,245.9693783863291,-0.0,0.0,0.0,245.9693783863291,245.9693783863291,0.0,0.0
5179,2019-08-04 19:00:00,8,2019-08-04 20:00:00,0.15111,0.15111,0.15111,0.0,0.05,214.9488221085878,-0.0,0.0,0.0,214.9488221085878,214.9488221085878,0.0,0.0
5180,2019-08-04 20:00:00,8,2019-08-04 21:00:00,0.15111,0.15111,0.15111,0.0,0.05,204.85987360924716,-0.0,0.0,0.0,204.85987360924716,204.85987360924716,0.0,0.0
5181,2019-08-04 21:00:00,8,2019-08-04 22:00:00,0.12561,0.12561,0.12561,0.0,0.05,187.4262178694922,-0.0,0.0,0.0,187.4262178694922,187.4262178694922,0.0,0.0
5182,2019-08-04 22:00:00,8,2019-08-04 23:00:00,0.12561,0.12561,0.12561,0.0,0.05,186.26974258748157,-0.0,0.0,0.0,186.26974258748157,186.26974258748157,0.0,0.0
5183,2019-08-04 23:00:00,8,2019-08-05 00:00:00,0.10547,0.10547,0.10547,0.0,0.05,178.44739006739937,-0.0,0.0,0.0,178.44739006739937,178.44739006739937,0.0,0.0
5184,2019-08-05 00:00:00,8,2019-08-05 01:00:00,0.10547,0.10547,0.10547,0.0,0.05,183.0082656699472,-100.95124552223548,0.0,0.0,283.9595111921827,283.9595111921827,0.0,1.0
5185,2019-08-05 01:00:00,8,2019-08-05 02:00:00,0.10547,0.10547,0.10547,0.0,0.20479190980076106,187.64514291976803,-96.31436827241465,0.0,0.0,283.9595111921827,283.9595111921827,0.0,1.0
5186,2019-08-05 02:00:00,8,2019-08-05 03:00:00,0.10547,0.10547,0.10547,0.0,0.35247394115179687,189.12549267665642,-0.0,0.0,0.0,189.12549267665642,189.12549267665642,0.0,0.0
5187,2019-08-05 03:00:00,8,2019-08-05 04:00:00,0.10547,0.10547,0.10547,0.0,0.35247394115179687,191.5637380256093,-92.39577316657339,0.0,0.0,283.9595111921827,283.9595111921827,0.0,1.0
5188,2019-08-05 04:00:00,8,2019-08-05 05:00:00,0.10547,0.10547,0.10547,0.0,0.49414746000720944,192.64415578208045,-91.31535541010224,0.0,0.0,283.9595111921827,283.9595111921827,0.0,1.0
5189,2019-08-05 05:00:00,8,2019-08-05 06:00:00,0.10547,0.10547,0.10547,0.0,0.6341643383026996,207.51063404805993,-0.0,0.0,0.0,207.51063404805993,207.51063404805993,0.0,0.0
5190,2019-08-05 06:00:00,8,2019-08-05 07:00:00,0.10547,0.10547,0.10547,0.0,0.6341643383026996,231.19546451256141,-52.76404667962127,0.0,0.0,283.9595111921827,283.9595111921827,0.0,1.0
5191,2019-08-05 07:00:00,8,2019-08-05 08:00:00,0.10547,0.10547,0.10547,0.0,0.7150692098781187,231.22488056382937,-52.734630628353315,0.0,0.0,283.9595111921827,283.9595111921827,0.0,1.0
5192,2019-08-05 08:00:00,8,2019-08-05 09:00:00,0.10547,0.10547,0.10547,0.0,0.7959289768415939,262.30600032254677,-21.65351086963592,0.0,0.0,283.9595111921827,283.9595111921827,0.0,1.0
5193,2019-08-05 09:00:00,8,2019-08-05 10:00:00,0.10547,0.10547,0.10547,0.0,0.8291310268417024,265.6536926750242,-18.305818517158468,0.0,0.0,283.9595111921827,283.9595111921827,0.0,1.0
5194,2019-08-05 10:00:00,8,2019-08-05 11:00:00,0.10547,0.10547,0.10547,0.0,0.857199948568012,266.4005168392017,-17.55899435298097,0.0,0.0,283.9595111921827,283.9595111921827,0.0,1.0
5195,2019-08-05 11:00:00,8,2019-08-05 12:00:00,0.10547,0.10547,0.10547,0.0,0.8841237399092495,259.0428230287196,-24.91668816346306,0.0,0.0,283.9595111921827,283.9595111921827,0.0,1.0
5196,2019-08-05 12:00:00,8,2019-08-05 13:00:00,0.10547,0.10547,0.10547,0.0,0.9223293284265595,258.1065514653986,-25.852959726784174,0.0,0.0,283.95951119218273,283.95951119218273,0.0,1.0
5197,2019-08-05 13:00:00,8,2019-08-05 14:00:00,0.10547,0.10547,0.10547,0.0,0.9619705333409617,259.1576851102013,-24.801826081981424,0.0,0.0,283.95951119218273,283.95951119218273,0.0,1.0
5198,2019-08-05 14:00:00,8,2019-08-05 15:00:00,0.12561,0.12561,0.12561,0.0,1.0,234.7221433523979,-0.0,0.0,0.0,234.7221433523979,234.7221433523979,0.0,0.0
5199,2019-08-05 15:00:00,8,2019-08-05 16:00:00,0.12561,0.12561,0.12561,0.0,1.0,237.00369449987932,-0.0,0.0,0.0,237.00369449987932,237.00369449987932,0.0,0.0
5200,2019-08-05 16:00:00,8,2019-08-05 17:00:00,0.15111,0.15111,0.15111,0.0,1.0,226.49187682583167,-0.0,226.49187682583167,0.0,0.0,0.0,0.0,0.0
5201,2019-08-05 17:00:00,8,2019-08-05 18:00:00,0.15111,0.15111,0.15111,0.0,0.5896886289387108,216.11129196295843,-0.0,108.3200487741894,0.0,107.79124318876903,107.79124318876903,0.0,0.0
5202,2019-08-05 18:00:00,8,2019-08-05 19:00:00,0.15111,0.15111,0.15111,0.0,0.39345665652170103,214.06385828385356,-0.0,0.0,0.0,214.06385828385356,214.06385828385356,0.0,0.0
5203,2019-08-05 19:00:00,8,2019-08-05 20:00:00,0.15111,0.15111,0.15111,0.0,0.39345665652170103,189.58807439997898,-0.0,189.58807439997898,0.0,0.0,0.0,0.0,0.0
5204,2019-08-05 20:00:00,8,2019-08-05 21:00:00,0.15111,0.15111,0.15111,0.0,0.05,186.2093665913259,-0.0,0.0,0.0,186.2093665913259,186.2093665913259,0.0,0.0
5205,2019-08-05 21:00:00,8,2019-08-05 22:00:00,0.12561,0.12561,0.12561,0.0,0.05,182.5721672872452,-0.0,0.0,0.0,182.5721672872452,182.5721672872452,0.0,0.0
5206,2019-08-05 22:00:00,8,2019-08-05 23:00:00,0.12561,0.12561,0.12561,0.0,0.05,188.24834522548488,-0.0,0.0,0.0,188.24834522548488,188.24834522548488,0.0,0.0
5207,2019-08-05 23:00:00,8,2019-08-06 00:00:00,0.10547,0.10547,0.10547,0.0,0.05,188.29314191086618,-0.0,0.0,0.0,188.29314191086618,188.29314191086618,0.0,0.0
5208,2019-08-06 00:00:00,8,2019-08-06 01:00:00,0.10547,0.10547,0.10547,0.0,0.05,186.3180500147032,-0.0,0.0,0.0,186.3180500147032,186.3180500147032,0.0,0.0
5209,2019-08-06 01:00:00,8,2019-08-06 02:00:00,0.10547,0.10547,0.10547,0.0,0.05,186.21997637751363,-0.0,0.0,0.0,186.21997637751363,186.21997637751363,0.0,0.0
5210,2019-08-06 02:00:00,8,2019-08-06 03:00:00,0.10547,0.10547,0.10547,0.0,0.05,190.6498477311758,-91.62568770119215,0.0,0.0,282.275535432368,282.275535432368,0.0,1.0
5211,2019-08-06 03:00:00,8,2019-08-06 04:00:00,0.10547,0.10547,0.10547,0.0,0.19049272114182797,193.5748472625026,-0.0,0.0,0.0,193.5748472625026,193.5748472625026,0.0,0.0
5212,2019-08-06 04:00:00,8,2019-08-06 05:00:00,0.10547,0.10547,0.10547,0.0,0.19049272114182797,194.21321288675725,-0.0,0.0,0.0,194.21321288675725,194.21321288675725,0.0,0.0
5213,2019-08-06 05:00:00,8,2019-08-06 06:00:00,0.10547,0.10547,0.10547,0.0,0.19049272114182797,210.80203211911027,-71.4735033132577,0.0,0.0,282.275535432368,282.275535432368,0.0,1.0
5214,2019-08-06 06:00:00,8,2019-08-06 07:00:00,0.10547,0.10547,0.10547,0.0,0.30008542622215645,206.7542759644576,-0.0,0.0,0.0,206.7542759644576,206.7542759644576,0.0,0.0
5215,2019-08-06 07:00:00,8,2019-08-06 08:00:00,0.10547,0.10547,0.10547,0.0,0.30008542622215645,223.60867010933157,-58.66686532303639,0.0,0.0,282.275535432368,282.275535432368,0.0,1.0
5216,2019-08-06 08:00:00,8,2019-08-06 09:00:00,0.10547,0.10547,0.10547,0.0,0.3900412863841456,219.16357550659416,-63.1119599257738,0.0,0.0,282.275535432368,282.275535432368,0.0,1.0
5217,2019-08-06 09:00:00,8,2019-08-06 10:00:00,0.10547,0.10547,0.10547,0.0,0.4868129582703321,216.69072420136033,-65.58481123100763,0.0,0.0,282.275535432368,282.275535432368,0.0,1.0
5218,2019-08-06 10:00:00,8,2019-08-06 11:00:00,0.10547,0.10547,0.10547,0.0,0.5873763354912105,215.84039907594047,-66.43513635642749,0.0,0.0,282.275535432368,282.275535432368,0.0,1.0
5219,2019-08-06 11:00:00,8,2019-08-06 12:00:00,0.10547,0.10547,0.10547,0.0,0.689243544571066,215.86459777169657,-66.4109376606714,0.0,0.0,282.275535432368,282.275535432368,0.0,1.0
5220,2019-08-06 12:00:00,8,2019-08-06 13:00:00,0.10547,0.10547,0.10547,0.0,0.7910736489840955,214.144143519754,-66.15357699544788,0.0,0.0,280.2977205152019,280.2977205152019,0.0,1.0
5221,2019-08-06 13:00:00,8,2019-08-06 14:00:00,0.10547,0.10547,0.10547,0.0,0.8925091337104489,214.15061146504414,-70.10273888448981,0.0,0.0,284.25335034953395,284.25335034953395,0.0,1.0
5222,2019-08-06 14:00:00,8,2019-08-06 15:00:00,0.12561,0.12561,0.12561,0.0,1.0,214.69761872661962,-0.0,0.0,0.0,214.69761872661962,214.69761872661962,0.0,0.0
5223,2019-08-06 15:00:00,8,2019-08-06 16:00:00,0.12561,0.12561,0.12561,0.0,1.0,208.4593292805806,-0.0,0.0,0.0,208.4593292805806,208.4593292805806,0.0,0.0
5224,2019-08-06 16:00:00,8,2019-08-06 17:00:00,0.15111,0.15111,0.15111,0.0,1.0,196.1224066211254,-0.0,196.1224066211254,0.0,0.0,0.0,0.0,0.0
5225,2019-08-06 17:00:00,8,2019-08-06 18:00:00,0.15111,0.15111,0.15111,0.0,0.6447057851066569,187.88062063589155,-0.0,187.88062063589155,0.0,0.0,0.0,0.0,0.0
5226,2019-08-06 18:00:00,8,2019-08-06 19:00:00,0.15111,0.15111,0.15111,0.0,0.304342341925694,185.97541032682665,-0.0,140.39697274298308,0.0,45.57843758384357,45.57843758384357,0.0,0.0
5227,2019-08-06 19:00:00,8,2019-08-06 20:00:00,0.15111,0.15111,0.15111,0.0,0.05,183.5775894689118,-0.0,0.0,0.0,183.5775894689118,183.5775894689118,0.0,0.0
5228,2019-08-06 20:00:00,8,2019-08-06 21:00:00,0.15111,0.15111,0.15111,0.0,0.05,187.3049965958103,-0.0,0.0,0.0,187.3049965958103,187.3049965958103,0.0,0.0
5229,2019-08-06 21:00:00,8,2019-08-06 22:00:00,0.12561,0.12561,0.12561,0.0,0.05,187.2196037226919,-0.0,0.0,0.0,187.2196037226919,187.2196037226919,0.0,0.0
5230,2019-08-06 22:00:00,8,2019-08-06 23:00:00,0.12561,0.12561,0.12561,0.0,0.05,191.78272081116367,-0.0,0.0,0.0,191.78272081116367,191.78272081116367,0.0,0.0
5231,2019-08-06 23:00:00,8,2019-08-07 00:00:00,0.10547,0.10547,0.10547,0.0,0.05,189.1591877446525,-0.0,0.0,0.0,189.1591877446525,189.1591877446525,0.0,0.0
5232,2019-08-07 00:00:00,8,2019-08-07 01:00:00,0.10547,0.10547,0.10547,0.0,0.05,192.96280027788669,-91.29055007164726,0.0,0.0,284.25335034953395,284.25335034953395,0.0,1.0
5233,2019-08-07 01:00:00,8,2019-08-07 02:00:00,0.10547,0.10547,0.10547,0.0,0.18997884344319246,193.55414845984612,-90.69920188968783,0.0,0.0,284.25335034953395,284.25335034953395,0.0,1.0
5234,2019-08-07 02:00:00,8,2019-08-07 03:00:00,0.10547,0.10547,0.10547,0.0,0.32905095300738046,194.8414399433891,-89.41191040614484,0.0,0.0,284.25335034953395,284.25335034953395,0.0,1.0
5235,2019-08-07 03:00:00,8,2019-08-07 04:00:00,0.10547,0.10547,0.10547,0.0,0.4661492156301359,218.24893735837279,-66.00441299116116,0.0,0.0,284.25335034953395,284.25335034953395,0.0,1.0
5236,2019-08-07 04:00:00,8,2019-08-07 05:00:00,0.10547,0.10547,0.10547,0.0,0.567355982216583,218.37675993835794,-65.87659041117601,0.0,0.0,284.25335034953395,284.25335034953395,0.0,1.0
5237,2019-08-07 05:00:00,8,2019-08-07 06:00:00,0.10547,0.10547,0.10547,0.0,0.6683667541803863,281.21827007219696,-3.035080277336988,0.0,0.0,284.25335034953395,284.25335034953395,0.0,1.0
5238,2019-08-07 06:00:00,8,2019-08-07 07:00:00,0.10547,0.10547,0.10547,0.0,0.6730205439389696,311.800179032207,-0.0,27.546828682673038,0.0,284.25335034953395,284.25335034953395,0.0,0.0
5239,2019-08-07 07:00:00,8,2019-08-07 08:00:00,0.10547,0.10547,0.10547,0.0,0.6231168687891996,317.5658294293153,-0.0,33.312479079781326,0.0,284.25335034953395,284.25335034953395,0.0,0.0
5240,2019-08-07 08:00:00,8,2019-08-07 09:00:00,0.10547,0.10547,0.10547,0.0,0.5627681748040885,319.7623807618431,-0.0,35.50903041230913,0.0,284.25335034953395,284.25335034953395,0.0,0.0
5241,2019-08-07 09:00:00,8,2019-08-07 10:00:00,0.10547,0.10547,0.10547,0.0,0.498440221158601,316.85150267171764,-0.0,32.598152322183694,0.0,284.25335034953395,284.25335034953395,0.0,0.0
5242,2019-08-07 10:00:00,8,2019-08-07 11:00:00,0.10547,0.10547,0.10547,0.0,0.43938559738652905,315.3225682617001,-0.0,31.069217912166152,0.0,284.25335034953395,284.25335034953395,0.0,0.0
5243,2019-08-07 11:00:00,8,2019-08-07 12:00:00,0.10547,0.10547,0.10547,0.0,0.38310078232825706,301.2068022856457,-0.0,16.953451936111776,0.0,284.25335034953395,284.25335034953395,0.0,0.0
5244,2019-08-07 12:00:00,8,2019-08-07 13:00:00,0.10547,0.10547,0.10547,0.0,0.3523880070816778,307.06415009742483,-0.0,22.810799747890883,0.0,284.25335034953395,284.25335034953395,0.0,0.0
5245,2019-08-07 13:00:00,8,2019-08-07 14:00:00,0.10547,0.10547,0.10547,0.0,0.3110640944949189,308.9133264827758,-0.0,24.659976133241855,0.0,284.25335034953395,284.25335034953395,0.0,0.0
5246,2019-08-07 14:00:00,8,2019-08-07 15:00:00,0.12561,0.12561,0.12561,0.0,0.26639022468832135,310.9288268679522,-0.0,26.675476518418236,0.0,284.25335034953395,284.25335034953395,0.0,0.0
5247,2019-08-07 15:00:00,8,2019-08-07 16:00:00,0.12561,0.12561,0.12561,0.0,0.2180650860679985,314.64691239740534,-0.0,30.3935620478714,0.0,284.25335034953395,284.25335034953395,0.0,0.0
5248,2019-08-07 16:00:00,8,2019-08-07 17:00:00,0.15111,0.15111,0.15111,0.0,0.16300428525663724,315.8932506637946,-0.0,62.378365461663755,0.0,253.51488520213087,253.51488520213087,0.0,0.0
5249,2019-08-07 17:00:00,8,2019-08-07 18:00:00,0.15111,0.15111,0.15111,0.0,0.05,239.6863110027373,-0.0,0.0,0.0,239.6863110027373,239.6863110027373,0.0,0.0
5250,2019-08-07 18:00:00,8,2019-08-07 19:00:00,0.15111,0.15111,0.15111,0.0,0.05,242.89675664749433,-0.0,0.0,0.0,242.89675664749433,242.89675664749433,0.0,0.0
5251,2019-08-07 19:00:00,8,2019-08-07 20:00:00,0.15111,0.15111,0.15111,0.0,0.05,221.17333673020244,-0.0,0.0,0.0,221.17333673020244,221.17333673020244,0.0,0.0
5252,2019-08-07 20:00:00,8,2019-08-07 21:00:00,0.15111,0.15111,0.15111,0.0,0.05,213.0169399573502,-0.0,0.0,0.0,213.0169399573502,213.0169399573502,0.0,0.0
5253,2019-08-07 21:00:00,8,2019-08-07 22:00:00,0.12561,0.12561,0.12561,0.0,0.05,200.17606396390903,-0.0,0.0,0.0,200.17606396390903,200.17606396390903,0.0,0.0
5254,2019-08-07 22:00:00,8,2019-08-07 23:00:00,0.12561,0.12561,0.12561,0.0,0.05,202.13455748176662,-0.0,0.0,0.0,202.13455748176662,202.13455748176662,0.0,0.0
5255,2019-08-07 23:00:00,8,2019-08-08 00:00:00,0.10547,0.10547,0.10547,0.0,0.05,198.69830146868716,-0.0,0.0,0.0,198.69830146868716,198.69830146868716,0.0,0.0
5256,2019-08-08 00:00:00,8,2019-08-08 01:00:00,0.10547,0.10547,0.10547,0.0,0.05,198.6238163628151,-86.21410846223432,0.0,0.0,284.8379248250494,284.8379248250494,0.0,1.0
5257,2019-08-08 01:00:00,8,2019-08-08 02:00:00,0.10547,0.10547,0.10547,0.0,0.1821949663087593,198.6028580578071,-86.2350667672423,0.0,0.0,284.8379248250494,284.8379248250494,0.0,1.0
5258,2019-08-08 02:00:00,8,2019-08-08 03:00:00,0.10547,0.10547,0.10547,0.0,0.31442206868519745,198.59434845948783,-86.24357636556158,0.0,0.0,284.8379248250494,284.8379248250494,0.0,1.0
5259,2019-08-08 03:00:00,8,2019-08-08 04:00:00,0.10547,0.10547,0.10547,0.0,0.44666221911239185,223.6038061365754,-61.23411868847401,0.0,0.0,284.8379248250494,284.8379248250494,0.0,1.0
5260,2019-08-08 04:00:00,8,2019-08-08 05:00:00,0.10547,0.10547,0.10547,0.0,0.5405545344347187,224.54728128839142,-60.290643536657996,0.0,0.0,284.8379248250494,284.8379248250494,0.0,1.0
5261,2019-08-08 05:00:00,8,2019-08-08 06:00:00,0.10547,0.10547,0.10547,0.0,0.6330001878575943,278.8444004191966,-5.993524405852835,0.0,0.0,284.8379248250494,284.8379248250494,0.0,1.0
5262,2019-08-08 06:00:00,8,2019-08-08 07:00:00,0.10547,0.10547,0.10547,0.0,0.6421902586132353,308.5531006603771,-0.0,23.71517583532767,0.0,284.8379248250494,284.8379248250494,0.0,0.0
5263,2019-08-08 07:00:00,8,2019-08-08 08:00:00,0.10547,0.10547,0.10547,0.0,0.5992279835492358,317.14437824919605,-0.0,32.30645342414664,0.0,284.8379248250494,284.8379248250494,0.0,0.0
5264,2019-08-08 08:00:00,8,2019-08-08 09:00:00,0.10547,0.10547,0.10547,0.0,0.5407017998098398,324.6116036946704,-0.0,39.773678869620994,0.0,284.8379248250494,284.8379248250494,0.0,0.0
5265,2019-08-08 09:00:00,8,2019-08-08 10:00:00,0.10547,0.10547,0.10547,0.0,0.4686480337416857,325.13507973466267,-0.0,40.297154909613255,0.0,284.8379248250494,284.8379248250494,0.0,0.0
5266,2019-08-08 10:00:00,8,2019-08-08 11:00:00,0.10547,0.10547,0.10547,0.0,0.3956459415141254,321.5887293541308,-0.0,36.75080452908139,0.0,284.8379248250494,284.8379248250494,0.0,0.0
5267,2019-08-08 11:00:00,8,2019-08-08 12:00:00,0.10547,0.10547,0.10547,0.0,0.3290683970773837,308.07234009496216,-0.0,23.234415269912745,0.0,284.8379248250494,284.8379248250494,0.0,0.0
5268,2019-08-08 12:00:00,8,2019-08-08 13:00:00,0.10547,0.10547,0.10547,0.0,0.28697706506667214,313.28213043181825,-0.0,28.444205606768847,0.0,284.8379248250494,284.8379248250494,0.0,0.0
5269,2019-08-08 13:00:00,8,2019-08-08 14:00:00,0.10547,0.10547,0.10547,0.0,0.2354477070833952,309.3533101076789,-0.0,24.515385282629502,0.0,284.8379248250494,284.8379248250494,0.0,0.0
5270,2019-08-08 14:00:00,8,2019-08-08 15:00:00,0.12561,0.12561,0.12561,0.0,0.19103577722355916,309.26482186519206,-0.0,24.426897040142656,0.0,284.8379248250494,284.8379248250494,0.0,0.0
5271,2019-08-08 15:00:00,8,2019-08-08 16:00:00,0.12561,0.12561,0.12561,0.0,0.14678415215083698,311.53235900620416,-0.0,26.694434181154755,0.0,284.8379248250494,284.8379248250494,0.0,0.0
5272,2019-08-08 16:00:00,8,2019-08-08 17:00:00,0.15111,0.15111,0.15111,0.0,0.09842466993860009,311.56834263115667,-0.0,26.730417806107255,0.0,284.8379248250494,284.8379248250494,0.0,0.0
5273,2019-08-08 17:00:00,8,2019-08-08 18:00:00,0.15111,0.15111,0.15111,0.0,0.05,245.00491274598835,-0.0,0.0,0.0,245.00491274598835,245.00491274598835,0.0,0.0
5274,2019-08-08 18:00:00,8,2019-08-08 19:00:00,0.15111,0.15111,0.15111,0.0,0.05,250.79195209920093,-0.0,0.0,0.0,250.79195209920093,250.79195209920093,0.0,0.0
5275,2019-08-08 19:00:00,8,2019-08-08 20:00:00,0.15111,0.15111,0.15111,0.0,0.05,222.8138976579784,-0.0,0.0,0.0,222.8138976579784,222.8138976579784,0.0,0.0
5276,2019-08-08 20:00:00,8,2019-08-08 21:00:00,0.15111,0.15111,0.15111,0.0,0.05,214.80218474207922,-0.0,0.0,0.0,214.80218474207922,214.80218474207922,0.0,0.0
5277,2019-08-08 21:00:00,8,2019-08-08 22:00:00,0.12561,0.12561,0.12561,0.0,0.05,200.87342480236265,-0.0,0.0,0.0,200.87342480236265,200.87342480236265,0.0,0.0
5278,2019-08-08 22:00:00,8,2019-08-08 23:00:00,0.12561,0.12561,0.12561,0.0,0.05,202.08780130382266,-0.0,0.0,0.0,202.08780130382266,202.08780130382266,0.0,0.0
5279,2019-08-08 23:00:00,8,2019-08-09 00:00:00,0.10547,0.10547,0.10547,0.0,0.05,196.44566385767575,-88.39226096737366,0.0,0.0,284.8379248250494,284.8379248250494,0.0,1.0
5280,2019-08-09 00:00:00,8,2019-08-09 01:00:00,0.10547,0.10547,0.10547,0.0,0.18553480014997295,197.63549082107085,-87.20243400397857,0.0,0.0,284.8379248250494,284.8379248250494,0.0,1.0
5281,2019-08-09 01:00:00,8,2019-08-09 02:00:00,0.10547,0.10547,0.10547,0.0,0.31924519895607345,198.85322815036304,-85.98469667468638,0.0,0.0,284.8379248250494,284.8379248250494,0.0,1.0
5282,2019-08-09 02:00:00,8,2019-08-09 03:00:00,0.10547,0.10547,0.10547,0.0,0.45108840052392585,200.3492658072322,-84.48865901781721,0.0,0.0,284.8379248250494,284.8379248250494,0.0,1.0
5283,2019-08-09 03:00:00,8,2019-08-09 04:00:00,0.10547,0.10547,0.10547,0.0,0.580637677684579,223.93877334670051,-60.8991514783489,0.0,0.0,284.8379248250494,284.8379248250494,0.0,1.0
5284,2019-08-09 04:00:00,8,2019-08-09 05:00:00,0.10547,0.10547,0.10547,0.0,0.6740163766180473,224.02572136887213,-60.812203456177286,0.0,0.0,284.8379248250494,284.8379248250494,0.0,1.0
5285,2019-08-09 05:00:00,8,2019-08-09 06:00:00,0.10547,0.10547,0.10547,0.0,0.7672617552508525,278.6509939196469,-6.186930905402505,0.0,0.0,284.8379248250494,284.8379248250494,0.0,1.0
5286,2019-08-09 06:00:00,8,2019-08-09 07:00:00,0.10547,0.10547,0.10547,0.0,0.7767483826391364,306.9837399427777,-0.0,22.14581511772826,0.0,284.8379248250494,284.8379248250494,0.0,0.0
5287,2019-08-09 07:00:00,8,2019-08-09 08:00:00,0.10547,0.10547,0.10547,0.0,0.7366291523533968,316.33010258417914,-0.0,31.49217775912973,0.0,284.8379248250494,284.8379248250494,0.0,0.0
5288,2019-08-09 08:00:00,8,2019-08-09 09:00:00,0.10547,0.10547,0.10547,0.0,0.6795781056883067,324.7817221145312,-0.0,39.94379728948178,0.0,284.8379248250494,284.8379248250494,0.0,0.0
5289,2019-08-09 09:00:00,8,2019-08-09 10:00:00,0.10547,0.10547,0.10547,0.0,0.6072161540769266,325.2543789161753,-0.0,40.4164540911259,0.0,284.8379248250494,284.8379248250494,0.0,0.0
5290,2019-08-09 10:00:00,8,2019-08-09 11:00:00,0.10547,0.10547,0.10547,0.0,0.5339979401437276,318.1497995971175,-0.0,33.31187477206811,0.0,284.8379248250494,284.8379248250494,0.0,0.0
5291,2019-08-09 11:00:00,8,2019-08-09 12:00:00,0.10547,0.10547,0.10547,0.0,0.4736503409189665,303.3486254071821,-0.0,18.5107005821327,0.0,284.8379248250494,284.8379248250494,0.0,0.0
5292,2019-08-09 12:00:00,8,2019-08-09 13:00:00,0.10547,0.10547,0.10547,0.0,0.44011646305278407,308.8444594023691,-0.0,24.006534577319712,0.0,284.8379248250494,284.8379248250494,0.0,0.0
5293,2019-08-09 13:00:00,8,2019-08-09 14:00:00,0.10547,0.10547,0.10547,0.0,0.3966263641808281,310.97582164178084,-0.0,26.137896816731427,0.0,284.8379248250494,284.8379248250494,0.0,0.0
5294,2019-08-09 14:00:00,8,2019-08-09 15:00:00,0.12561,0.12561,0.12561,0.0,0.3492751018316769,314.33211176143806,-0.0,29.494186936388644,0.0,284.8379248250494,284.8379248250494,0.0,0.0
5295,2019-08-09 15:00:00,8,2019-08-09 16:00:00,0.12561,0.12561,0.12561,0.0,0.2958436037585091,318.3409898905387,-0.0,33.503065065489295,0.0,284.8379248250494,284.8379248250494,0.0,0.0
5296,2019-08-09 16:00:00,8,2019-08-09 17:00:00,0.15111,0.15111,0.15111,0.0,0.23514964530653576,319.3927596901567,-0.0,102.20260420920775,0.0,217.19015548094896,217.19015548094896,0.0,0.0
5297,2019-08-09 17:00:00,8,2019-08-09 18:00:00,0.15111,0.15111,0.15111,0.0,0.05,242.54294029863658,-0.0,0.0,0.0,242.54294029863658,242.54294029863658,0.0,0.0
5298,2019-08-09 18:00:00,8,2019-08-09 19:00:00,0.15111,0.15111,0.15111,0.0,0.05,239.14019180136964,-0.0,0.0,0.0,239.14019180136964,239.14019180136964,0.0,0.0
5299,2019-08-09 19:00:00,8,2019-08-09 20:00:00,0.15111,0.15111,0.15111,0.0,0.05,208.5529951946241,-0.0,0.0,0.0,208.5529951946241,208.5529951946241,0.0,0.0
5300,2019-08-09 20:00:00,8,2019-08-09 21:00:00,0.15111,0.15111,0.15111,0.0,0.05,206.48260362177086,-0.0,0.0,0.0,206.48260362177086,206.48260362177086,0.0,0.0
5301,2019-08-09 21:00:00,8,2019-08-09 22:00:00,0.12561,0.12561,0.12561,0.0,0.05,195.24537807628482,-0.0,0.0,0.0,195.24537807628482,195.24537807628482,0.0,0.0
5302,2019-08-09 22:00:00,8,2019-08-09 23:00:00,0.12561,0.12561,0.12561,0.0,0.05,196.3407264511189,-0.0,0.0,0.0,196.3407264511189,196.3407264511189,0.0,0.0
5303,2019-08-09 23:00:00,8,2019-08-10 00:00:00,0.10547,0.10547,0.10547,0.0,0.05,198.97585957609985,-0.0,0.0,0.0,198.97585957609985,198.97585957609985,0.0,0.0
5304,2019-08-10 00:00:00,8,2019-08-10 01:00:00,0.10547,0.10547,0.10547,0.0,0.05,206.09020276208958,-82.20329382882132,0.0,0.0,288.2934965909109,288.2934965909109,0.0,1.0
5305,2019-08-10 01:00:00,8,2019-08-10 02:00:00,0.10547,0.10547,0.10547,0.0,0.176045050537526,206.9631645355181,-81.33033205539279,0.0,0.0,288.2934965909109,288.2934965909109,0.0,1.0
5306,2019-08-10 02:00:00,8,2019-08-10 03:00:00,0.10547,0.10547,0.10547,0.0,0.3007515596891283,206.52812716096915,-81.76536942994174,0.0,0.0,288.2934965909109,288.2934965909109,0.0,1.0
5307,2019-08-10 03:00:00,8,2019-08-10 04:00:00,0.10547,0.10547,0.10547,0.0,0.42612512614837234,229.13067829461056,-59.16281829630033,0.0,0.0,288.2934965909109,288.2934965909109,0.0,1.0
5308,2019-08-10 04:00:00,8,2019-08-10 05:00:00,0.10547,0.10547,0.10547,0.0,0.516841447536033,229.55088013494074,-58.74261645597015,0.0,0.0,288.2934965909109,288.2934965909109,0.0,1.0
5309,2019-08-10 05:00:00,8,2019-08-10 06:00:00,0.10547,0.10547,0.10547,0.0,0.6069134594351873,284.46538874380224,-3.8281078471086576,0.0,0.0,288.2934965909109,288.2934965909109,0.0,1.0
5310,2019-08-10 06:00:00,8,2019-08-10 07:00:00,0.10547,0.10547,0.10547,0.0,0.6127832248007538,305.18347104108994,-0.0,16.889974450179068,0.0,288.2934965909109,288.2934965909109,0.0,0.0
5311,2019-08-10 07:00:00,8,2019-08-10 08:00:00,0.10547,0.10547,0.10547,0.0,0.5821854449997048,306.0079204576731,-0.0,17.714423866762218,0.0,288.2934965909109,288.2934965909109,0.0,0.0
5312,2019-08-10 08:00:00,8,2019-08-10 09:00:00,0.10547,0.10547,0.10547,0.0,0.5500940974149905,309.62326600669587,-0.0,21.329769415784995,0.0,288.2934965909109,288.2934965909109,0.0,0.0
5313,2019-08-10 09:00:00,8,2019-08-10 10:00:00,0.10547,0.10547,0.10547,0.0,0.5114532107921916,310.2254304334603,-0.0,21.931933842549427,0.0,288.2934965909109,288.2934965909109,0.0,0.0
5314,2019-08-10 10:00:00,8,2019-08-10 11:00:00,0.10547,0.10547,0.10547,0.0,0.4717214465846747,312.7324749936547,-0.0,24.438978402743828,0.0,288.2934965909109,288.2934965909109,0.0,0.0
5315,2019-08-10 11:00:00,8,2019-08-10 12:00:00,0.10547,0.10547,0.10547,0.0,0.4274479349855009,306.6098254054622,-0.0,18.316328814551298,0.0,288.2934965909109,288.2934965909109,0.0,0.0
5316,2019-08-10 12:00:00,8,2019-08-10 13:00:00,0.10547,0.10547,0.10547,0.0,0.39426617988667617,319.13701571190984,-0.0,30.84351912099896,0.0,288.2934965909109,288.2934965909109,0.0,0.0
5317,2019-08-10 13:00:00,8,2019-08-10 14:00:00,0.10547,0.10547,0.10547,0.0,0.33839023945008384,324.55965904368384,-0.0,36.266162452772974,0.0,288.2934965909109,288.2934965909109,0.0,0.0
5318,2019-08-10 14:00:00,8,2019-08-10 15:00:00,0.12561,0.12561,0.12561,0.0,0.27269066978926326,327.59972147595624,-0.0,39.30622488504538,0.0,288.2934965909109,288.2934965909109,0.0,0.0
5319,2019-08-10 15:00:00,8,2019-08-10 16:00:00,0.12561,0.12561,0.12561,0.0,0.20148374064968835,330.05369608060835,-0.0,41.760199489697484,0.0,288.2934965909109,288.2934965909109,0.0,0.0
5320,2019-08-10 16:00:00,8,2019-08-10 17:00:00,0.15111,0.15111,0.15111,0.0,0.1258312053422654,330.1523219398414,-0.0,41.85882534893052,0.0,288.2934965909109,288.2934965909109,0.0,0.0
5321,2019-08-10 17:00:00,8,2019-08-10 18:00:00,0.15111,0.15111,0.15111,0.0,0.05,246.28488701793992,-0.0,0.0,0.0,246.28488701793992,246.28488701793992,0.0,0.0
5322,2019-08-10 18:00:00,8,2019-08-10 19:00:00,0.15111,0.15111,0.15111,0.0,0.05,244.32619126749964,-0.0,0.0,0.0,244.32619126749964,244.32619126749964,0.0,0.0
5323,2019-08-10 19:00:00,8,2019-08-10 20:00:00,0.15111,0.15111,0.15111,0.0,0.05,214.47319547214218,-0.0,0.0,0.0,214.47319547214218,214.47319547214218,0.0,0.0
5324,2019-08-10 20:00:00,8,2019-08-10 21:00:00,0.15111,0.15111,0.15111,0.0,0.05,204.1832724933987,-0.0,0.0,0.0,204.1832724933987,204.1832724933987,0.0,0.0
5325,2019-08-10 21:00:00,8,2019-08-10 22:00:00,0.12561,0.12561,0.12561,0.0,0.05,184.62549739255724,-0.0,0.0,0.0,184.62549739255724,184.62549739255724,0.0,0.0
5326,2019-08-10 22:00:00,8,2019-08-10 23:00:00,0.12561,0.12561,0.12561,0.0,0.05,181.6782327938407,-0.0,0.0,0.0,181.6782327938407,181.6782327938407,0.0,0.0
5327,2019-08-10 23:00:00,8,2019-08-11 00:00:00,0.10547,0.10547,0.10547,0.0,0.05,184.11379731315725,-53.59004710279066,0.0,0.0,237.7038444159479,237.7038444159479,0.0,1.0
5328,2019-08-11 00:00:00,8,2019-08-11 01:00:00,0.10547,0.10547,0.10547,0.0,0.13217140555761236,190.2787127492745,-98.01478384163639,0.0,0.0,288.2934965909109,288.2934965909109,0.0,1.0
5329,2019-08-11 01:00:00,8,2019-08-11 02:00:00,0.10547,0.10547,0.10547,0.0,0.28246074078145483,192.25252164617413,-96.04097494473675,0.0,0.0,288.2934965909109,288.2934965909109,0.0,1.0
5330,2019-08-11 02:00:00,8,2019-08-11 03:00:00,0.10547,0.10547,0.10547,0.0,0.42972356903005116,198.2286099246668,-90.06488666624406,0.0,0.0,288.2934965909109,288.2934965909109,0.0,1.0
5331,2019-08-11 03:00:00,8,2019-08-11 04:00:00,0.10547,0.10547,0.10547,0.0,0.567823061918292,223.4223195173081,-64.87117707360278,0.0,0.0,288.2934965909109,288.2934965909109,0.0,1.0
5332,2019-08-11 04:00:00,8,2019-08-11 05:00:00,0.10547,0.10547,0.10547,0.0,0.6672922000978163,223.7555113578155,-64.53798523309538,0.0,0.0,288.2934965909109,288.2934965909109,0.0,1.0
5333,2019-08-11 05:00:00,8,2019-08-11 06:00:00,0.10547,0.10547,0.10547,0.0,0.7662504441218959,279.0356836436535,-9.257812947257378,0.0,0.0,288.2934965909109,288.2934965909109,0.0,1.0
5334,2019-08-11 06:00:00,8,2019-08-11 07:00:00,0.10547,0.10547,0.10547,0.0,0.7804457573076906,298.35408119525374,-0.0,10.060584604342864,0.0,288.2934965909109,288.2934965909109,0.0,0.0
5335,2019-08-11 07:00:00,8,2019-08-11 08:00:00,0.10547,0.10547,0.10547,0.0,0.7622200605606927,301.30408764510264,-0.0,13.010591054191764,0.0,288.2934965909109,288.2934965909109,0.0,0.0
5336,2019-08-11 08:00:00,8,2019-08-11 09:00:00,0.10547,0.10547,0.10547,0.0,0.7386501492306352,309.4093347307487,-0.0,21.11583813983782,0.0,288.2934965909109,288.2934965909109,0.0,0.0
5337,2019-08-11 09:00:00,8,2019-08-11 10:00:00,0.10547,0.10547,0.10547,0.0,0.7003968192671609,314.00115575161453,-0.0,25.707659160703656,0.0,288.2934965909109,288.2934965909109,0.0,0.0
5338,2019-08-11 10:00:00,8,2019-08-11 11:00:00,0.10547,0.10547,0.10547,0.0,0.6538249729615383,317.9131489426216,-0.0,29.619652351710727,0.0,288.2934965909109,288.2934965909109,0.0,0.0
5339,2019-08-11 11:00:00,8,2019-08-11 12:00:00,0.10547,0.10547,0.10547,0.0,0.6001661824693088,310.36870722223506,-0.0,22.075210631324182,0.0,288.2934965909109,288.2934965909109,0.0,0.0
5340,2019-08-11 12:00:00,8,2019-08-11 13:00:00,0.10547,0.10547,0.10547,0.0,0.5601748588618374,322.18447696979393,-0.0,33.89098037888306,0.0,288.2934965909109,288.2934965909109,0.0,0.0
5341,2019-08-11 13:00:00,8,2019-08-11 14:00:00,0.10547,0.10547,0.10547,0.0,0.49877815527690433,326.0836808122993,-0.0,37.790184221388415,0.0,288.2934965909109,288.2934965909109,0.0,0.0
5342,2019-08-11 14:00:00,8,2019-08-11 15:00:00,0.12561,0.12561,0.12561,0.0,0.43031767661496884,327.4974387910248,-0.0,39.20394220011394,0.0,288.2934965909109,288.2934965909109,0.0,0.0
5343,2019-08-11 15:00:00,8,2019-08-11 16:00:00,0.12561,0.12561,0.12561,0.0,0.35929604219447253,329.5127179107533,-0.0,41.219221319842404,0.0,288.2934965909109,288.2934965909109,0.0,0.0
5344,2019-08-11 16:00:00,8,2019-08-11 17:00:00,0.15111,0.15111,0.15111,0.0,0.2846235398034537,329.8262406042206,-0.0,129.51219397150643,0.0,200.31404663271414,200.31404663271414,0.0,0.0
5345,2019-08-11 17:00:00,8,2019-08-11 18:00:00,0.15111,0.15111,0.15111,0.0,0.05,246.46749185430102,-0.0,0.0,0.0,246.46749185430102,246.46749185430102,0.0,0.0
5346,2019-08-11 18:00:00,8,2019-08-11 19:00:00,0.15111,0.15111,0.15111,0.0,0.05,244.32666920001267,-0.0,0.0,0.0,244.32666920001267,244.32666920001267,0.0,0.0
5347,2019-08-11 19:00:00,8,2019-08-11 20:00:00,0.15111,0.15111,0.15111,0.0,0.05,214.54136374871277,-0.0,0.0,0.0,214.54136374871277,214.54136374871277,0.0,0.0
5348,2019-08-11 20:00:00,8,2019-08-11 21:00:00,0.15111,0.15111,0.15111,0.0,0.05,204.55508412469086,-0.0,0.0,0.0,204.55508412469086,204.55508412469086,0.0,0.0
5349,2019-08-11 21:00:00,8,2019-08-11 22:00:00,0.12561,0.12561,0.12561,0.0,0.05,187.28104590768208,-0.0,0.0,0.0,187.28104590768208,187.28104590768208,0.0,0.0
5350,2019-08-11 22:00:00,8,2019-08-11 23:00:00,0.12561,0.12561,0.12561,0.0,0.05,187.23544817899275,-0.0,0.0,0.0,187.23544817899275,187.23544817899275,0.0,0.0
5351,2019-08-11 23:00:00,8,2019-08-12 00:00:00,0.10547,0.10547,0.10547,0.0,0.05,183.3389801875204,-0.0,0.0,0.0,183.3389801875204,183.3389801875204,0.0,0.0
5352,2019-08-12 00:00:00,8,2019-08-12 01:00:00,0.10547,0.10547,0.10547,0.0,0.05,178.99082838559215,-107.53162714978158,0.0,0.0,286.52245553537375,286.52245553537375,0.0,1.0
5353,2019-08-12 01:00:00,8,2019-08-12 02:00:00,0.10547,0.10547,0.10547,0.0,0.2148818282963318,184.3334487871814,-102.18900674819234,0.0,0.0,286.52245553537375,286.52245553537375,0.0,1.0
5354,2019-08-12 02:00:00,8,2019-08-12 03:00:00,0.10547,0.10547,0.10547,0.0,0.37157163864356,189.09188084517828,-0.0,0.0,0.0,189.09188084517828,189.09188084517828,0.0,0.0
5355,2019-08-12 03:00:00,8,2019-08-12 04:00:00,0.10547,0.10547,0.10547,0.0,0.37157163864356,191.620377469975,-94.90207806539873,0.0,0.0,286.52245553537375,286.52245553537375,0.0,1.0
5356,2019-08-12 04:00:00,8,2019-08-12 05:00:00,0.10547,0.10547,0.10547,0.0,0.5170881583438381,191.5716090427818,-0.0,0.0,0.0,191.5716090427818,191.5716090427818,0.0,0.0
5357,2019-08-12 05:00:00,8,2019-08-12 06:00:00,0.10547,0.10547,0.10547,0.0,0.5170881583438381,204.39236392618395,-82.13009160918979,0.0,0.0,286.52245553537375,286.52245553537375,0.0,1.0
5358,2019-08-12 06:00:00,8,2019-08-12 07:00:00,0.10547,0.10547,0.10547,0.0,0.6430209654779291,228.7020801294226,-57.82037540595114,0.0,0.0,286.52245553537375,286.52245553537375,0.0,1.0
5359,2019-08-12 07:00:00,8,2019-08-12 08:00:00,0.10547,0.10547,0.10547,0.0,0.7316788744337209,232.16645213754433,-54.35600339782941,0.0,0.0,286.52245553537375,286.52245553537375,0.0,1.0
5360,2019-08-12 08:00:00,8,2019-08-12 09:00:00,0.10547,0.10547,0.10547,0.0,0.8150247463103927,262.1836013686771,-24.33885416669664,0.0,0.0,286.52245553537375,286.52245553537375,0.0,1.0
5361,2019-08-12 09:00:00,8,2019-08-12 10:00:00,0.10547,0.10547,0.10547,0.0,0.8523443226993277,264.9278914480678,-21.594564087305958,0.0,0.0,286.52245553537375,286.52245553537375,0.0,1.0
5362,2019-08-12 10:00:00,8,2019-08-12 11:00:00,0.10547,0.10547,0.10547,0.0,0.8854559876331969,265.90729940031696,-20.615156135056782,0.0,0.0,286.52245553537375,286.52245553537375,0.0,1.0
5363,2019-08-12 11:00:00,8,2019-08-12 12:00:00,0.10547,0.10547,0.10547,0.0,0.9170658937069506,258.99845440371683,-27.524001131656906,0.0,0.0,286.52245553537375,286.52245553537375,0.0,1.0
5364,2019-08-12 12:00:00,8,2019-08-12 13:00:00,0.10547,0.10547,0.10547,0.0,0.9592693621088244,258.6269829633066,-0.0,0.0,0.0,258.6269829633066,258.6269829633066,0.0,0.0
5365,2019-08-12 13:00:00,8,2019-08-12 14:00:00,0.10547,0.10547,0.10547,0.0,0.9592693621088244,259.9589960411288,-26.56345949424492,0.0,0.0,286.5224555353737,286.5224555353737,0.0,1.0
5366,2019-08-12 14:00:00,8,2019-08-12 15:00:00,0.12561,0.12561,0.12561,0.0,1.0,235.06696443496776,-0.0,0.0,0.0,235.06696443496776,235.06696443496776,0.0,0.0
5367,2019-08-12 15:00:00,8,2019-08-12 16:00:00,0.12561,0.12561,0.12561,0.0,1.0,237.4764077093953,-0.0,0.0,0.0,237.4764077093953,237.4764077093953,0.0,0.0
5368,2019-08-12 16:00:00,8,2019-08-12 17:00:00,0.15111,0.15111,0.15111,0.0,1.0,226.88476429078506,-0.0,226.88476429078506,0.0,0.0,0.0,0.0,0.0
5369,2019-08-12 17:00:00,8,2019-08-12 18:00:00,0.15111,0.15111,0.15111,0.0,0.5889768762848097,215.92277197468093,-0.0,110.47369029487461,0.0,105.44908167980631,105.44908167980631,0.0,0.0
5370,2019-08-12 18:00:00,8,2019-08-12 19:00:00,0.15111,0.15111,0.15111,0.0,0.388843379373805,213.97151192038908,-0.0,0.0,0.0,213.97151192038908,213.97151192038908,0.0,0.0
5371,2019-08-12 19:00:00,8,2019-08-12 20:00:00,0.15111,0.15111,0.15111,0.0,0.388843379373805,187.04154541434036,-0.0,187.04154541434036,0.0,0.0,0.0,0.0,0.0
5372,2019-08-12 20:00:00,8,2019-08-12 21:00:00,0.15111,0.15111,0.15111,0.0,0.05,186.92891472812903,-0.0,0.0,0.0,186.92891472812903,186.92891472812903,0.0,0.0
5373,2019-08-12 21:00:00,8,2019-08-12 22:00:00,0.12561,0.12561,0.12561,0.0,0.05,185.42400979427362,-0.0,0.0,0.0,185.42400979427362,185.42400979427362,0.0,0.0
5374,2019-08-12 22:00:00,8,2019-08-12 23:00:00,0.12561,0.12561,0.12561,0.0,0.05,184.43250508662373,-0.0,0.0,0.0,184.43250508662373,184.43250508662373,0.0,0.0
5375,2019-08-12 23:00:00,8,2019-08-13 00:00:00,0.10547,0.10547,0.10547,0.0,0.05,178.68426470549815,-0.0,0.0,0.0,178.68426470549815,178.68426470549815,0.0,0.0
5376,2019-08-13 00:00:00,8,2019-08-13 01:00:00,0.10547,0.10547,0.10547,0.0,0.05,175.67900437376431,-0.0,0.0,0.0,175.67900437376431,175.67900437376431,0.0,0.0
5377,2019-08-13 01:00:00,8,2019-08-13 02:00:00,0.10547,0.10547,0.10547,0.0,0.05,178.8908599933709,-0.0,0.0,0.0,178.8908599933709,178.8908599933709,0.0,0.0
5378,2019-08-13 02:00:00,8,2019-08-13 03:00:00,0.10547,0.10547,0.10547,0.0,0.05,186.56599564180488,-0.0,0.0,0.0,186.56599564180488,186.56599564180488,0.0,0.0
5379,2019-08-13 03:00:00,8,2019-08-13 04:00:00,0.10547,0.10547,0.10547,0.0,0.05,192.10742557527826,-0.0,0.0,0.0,192.10742557527826,192.10742557527826,0.0,0.0
5380,2019-08-13 04:00:00,8,2019-08-13 05:00:00,0.10547,0.10547,0.10547,0.0,0.05,192.9170886335234,-89.71628050053619,0.0,0.0,282.6333691340596,282.6333691340596,0.0,1.0
5381,2019-08-13 05:00:00,8,2019-08-13 06:00:00,0.10547,0.10547,0.10547,0.0,0.1875649634341555,205.67519257343955,-76.95817656062005,0.0,0.0,282.6333691340596,282.6333691340596,0.0,1.0
5382,2019-08-13 06:00:00,8,2019-08-13 07:00:00,0.10547,0.10547,0.10547,0.0,0.30556750082710626,202.26561622370042,-0.0,0.0,0.0,202.26561622370042,202.26561622370042,0.0,0.0
5383,2019-08-13 07:00:00,8,2019-08-13 08:00:00,0.10547,0.10547,0.10547,0.0,0.30556750082710626,219.65726784388357,-62.97610129017601,0.0,0.0,282.6333691340596,282.6333691340596,0.0,1.0
5384,2019-08-13 08:00:00,8,2019-08-13 09:00:00,0.10547,0.10547,0.10547,0.0,0.40213085613870947,216.7762864109528,-65.8570827231068,0.0,0.0,282.6333691340596,282.6333691340596,0.0,1.0
5385,2019-08-13 09:00:00,8,2019-08-13 10:00:00,0.10547,0.10547,0.10547,0.0,0.5031117163141399,218.66693862083397,-63.96643051322561,0.0,0.0,282.6333691340596,282.6333691340596,0.0,1.0
5386,2019-08-13 10:00:00,8,2019-08-13 11:00:00,0.10547,0.10547,0.10547,0.0,0.6011935764344192,216.8717743451292,-65.76159478893038,0.0,0.0,282.6333691340596,282.6333691340596,0.0,1.0
5387,2019-08-13 11:00:00,8,2019-08-13 12:00:00,0.10547,0.10547,0.10547,0.0,0.7020280217774458,217.50872034852807,-65.12464878553152,0.0,0.0,282.6333691340596,282.6333691340596,0.0,1.0
5388,2019-08-13 12:00:00,8,2019-08-13 13:00:00,0.10547,0.10547,0.10547,0.0,0.8018858165819274,217.22168863084613,-59.75155304636208,0.0,0.0,276.9732416772082,276.9732416772082,0.0,1.0
5389,2019-08-13 13:00:00,8,2019-08-13 14:00:00,0.10547,0.10547,0.10547,0.0,0.8935048645863491,218.8401474080952,-69.45334918281569,0.0,0.0,288.2934965909109,288.2934965909109,0.0,1.0
5390,2019-08-13 14:00:00,8,2019-08-13 15:00:00,0.12561,0.12561,0.12561,0.0,1.0,219.1968252307785,-0.0,0.0,0.0,219.1968252307785,219.1968252307785,0.0,0.0
5391,2019-08-13 15:00:00,8,2019-08-13 16:00:00,0.12561,0.12561,0.12561,0.0,1.0,212.68219622761487,-0.0,0.0,0.0,212.68219622761487,212.68219622761487,0.0,0.0
5392,2019-08-13 16:00:00,8,2019-08-13 17:00:00,0.15111,0.15111,0.15111,0.0,1.0,201.09527019987883,-0.0,201.09527019987883,0.0,0.0,0.0,0.0,0.0
5393,2019-08-13 17:00:00,8,2019-08-13 18:00:00,0.15111,0.15111,0.15111,0.0,0.6356969742755819,192.0921045357177,-0.0,192.0921045357177,0.0,0.0,0.0,0.0,0.0
5394,2019-08-13 18:00:00,8,2019-08-13 19:00:00,0.15111,0.15111,0.15111,0.0,0.2877040312760933,187.18930747260063,-0.0,131.2126252644035,0.0,55.97668220819713,55.97668220819713,0.0,0.0
5395,2019-08-13 19:00:00,8,2019-08-13 20:00:00,0.15111,0.15111,0.15111,0.0,0.05,184.42673064383763,-0.0,0.0,0.0,184.42673064383763,184.42673064383763,0.0,0.0
5396,2019-08-13 20:00:00,8,2019-08-13 21:00:00,0.15111,0.15111,0.15111,0.0,0.05,185.3486994654796,-0.0,0.0,0.0,185.3486994654796,185.3486994654796,0.0,0.0
5397,2019-08-13 21:00:00,8,2019-08-13 22:00:00,0.12561,0.12561,0.12561,0.0,0.05,179.7639577605067,-0.0,0.0,0.0,179.7639577605067,179.7639577605067,0.0,0.0
5398,2019-08-13 22:00:00,8,2019-08-13 23:00:00,0.12561,0.12561,0.12561,0.0,0.05,180.8523128713057,-0.0,0.0,0.0,180.8523128713057,180.8523128713057,0.0,0.0
5399,2019-08-13 23:00:00,8,2019-08-14 00:00:00,0.10547,0.10547,0.10547,0.0,0.05,190.1259087969993,-98.16758779391157,0.0,0.0,288.2934965909109,288.2934965909109,0.0,1.0
5400,2019-08-14 00:00:00,8,2019-08-14 01:00:00,0.10547,0.10547,0.10547,0.0,0.20052363461733108,193.88675355216304,-94.40674303874783,0.0,0.0,288.2934965909109,288.2934965909109,0.0,1.0
5401,2019-08-14 01:00:00,8,2019-08-14 02:00:00,0.10547,0.10547,0.10547,0.0,0.3452806406100778,195.02087538175803,-93.27262120915285,0.0,0.0,288.2934965909109,288.2934965909109,0.0,1.0
5402,2019-08-14 02:00:00,8,2019-08-14 03:00:00,0.10547,0.10547,0.10547,0.0,0.48829865979744547,197.95810944580916,-90.33538714510172,0.0,0.0,288.2934965909109,288.2934965909109,0.0,1.0
5403,2019-08-14 03:00:00,8,2019-08-14 04:00:00,0.10547,0.10547,0.10547,0.0,0.6268129200866015,219.3601519953234,-68.93334459558747,0.0,0.0,288.2934965909109,288.2934965909109,0.0,1.0
5404,2019-08-14 04:00:00,8,2019-08-14 05:00:00,0.10547,0.10547,0.10547,0.0,0.7325107151331689,220.55994307504074,-67.73355351587014,0.0,0.0,288.2934965909109,288.2934965909109,0.0,1.0
5405,2019-08-14 05:00:00,8,2019-08-14 06:00:00,0.10547,0.10547,0.10547,0.0,0.8363688305241699,278.04083774805946,-10.252658842851417,0.0,0.0,288.2934965909109,288.2934965909109,0.0,1.0
5406,2019-08-14 06:00:00,8,2019-08-14 07:00:00,0.10547,0.10547,0.10547,0.0,0.8520895740832087,307.09626016065124,-0.0,18.802763569740364,0.0,288.2934965909109,288.2934965909109,0.0,0.0
5407,2019-08-14 07:00:00,8,2019-08-14 08:00:00,0.10547,0.10547,0.10547,0.0,0.8180265966017951,314.1167058475113,-0.0,25.82320925660042,0.0,288.2934965909109,288.2934965909109,0.0,0.0
5408,2019-08-14 08:00:00,8,2019-08-14 09:00:00,0.10547,0.10547,0.10547,0.0,0.7712454204123016,317.4532485619512,-0.0,29.15975197104035,0.0,288.2934965909109,288.2934965909109,0.0,0.0
5409,2019-08-14 09:00:00,8,2019-08-14 10:00:00,0.10547,0.10547,0.10547,0.0,0.7184197827836054,313.7556148002713,-0.0,25.462118209360426,0.0,288.2934965909109,288.2934965909109,0.0,0.0
5410,2019-08-14 10:00:00,8,2019-08-14 11:00:00,0.10547,0.10547,0.10547,0.0,0.6722927570420104,309.06884858942277,-0.0,20.775351998511894,0.0,288.2934965909109,288.2934965909109,0.0,0.0
5411,2019-08-14 11:00:00,8,2019-08-14 12:00:00,0.10547,0.10547,0.10547,0.0,0.6346562497983294,300.57630367824606,-0.0,12.282807087335186,0.0,288.2934965909109,288.2934965909109,0.0,0.0
5412,2019-08-14 12:00:00,8,2019-08-14 13:00:00,0.10547,0.10547,0.10547,0.0,0.6124047876835917,312.0280895494378,-0.0,23.734592958526946,0.0,288.2934965909109,288.2934965909109,0.0,0.0
5413,2019-08-14 13:00:00,8,2019-08-14 14:00:00,0.10547,0.10547,0.10547,0.0,0.5694073366717677,314.4150108501205,-0.0,26.12151425920962,0.0,288.2934965909109,288.2934965909109,0.0,0.0
5414,2019-08-14 14:00:00,8,2019-08-14 15:00:00,0.12561,0.12561,0.12561,0.0,0.5220857528688517,316.141568461446,-0.0,27.848071870535136,0.0,288.2934965909109,288.2934965909109,0.0,0.0
5415,2019-08-14 15:00:00,8,2019-08-14 16:00:00,0.12561,0.12561,0.12561,0.0,0.47163634730628806,319.18422636967216,-0.0,30.890729778761283,0.0,288.2934965909109,288.2934965909109,0.0,0.0
5416,2019-08-14 16:00:00,8,2019-08-14 17:00:00,0.15111,0.15111,0.15111,0.0,0.4156748803157785,320.08357701212964,-0.0,201.85253393430972,0.0,118.23104307781992,118.23104307781992,0.0,0.0
5417,2019-08-14 17:00:00,8,2019-08-14 18:00:00,0.15111,0.15111,0.15111,0.0,0.05,245.28199046791283,-0.0,0.0,0.0,245.28199046791283,245.28199046791283,0.0,0.0
5418,2019-08-14 18:00:00,8,2019-08-14 19:00:00,0.15111,0.15111,0.15111,0.0,0.05,243.26789965164738,-0.0,0.0,0.0,243.26789965164738,243.26789965164738,0.0,0.0
5419,2019-08-14 19:00:00,8,2019-08-14 20:00:00,0.15111,0.15111,0.15111,0.0,0.05,209.16424130861301,-0.0,0.0,0.0,209.16424130861301,209.16424130861301,0.0,0.0
5420,2019-08-14 20:00:00,8,2019-08-14 21:00:00,0.15111,0.15111,0.15111,0.0,0.05,201.37809363745768,-0.0,0.0,0.0,201.37809363745768,201.37809363745768,0.0,0.0
5421,2019-08-14 21:00:00,8,2019-08-14 22:00:00,0.12561,0.12561,0.12561,0.0,0.05,192.3491197060699,-0.0,0.0,0.0,192.3491197060699,192.3491197060699,0.0,0.0
5422,2019-08-14 22:00:00,8,2019-08-14 23:00:00,0.12561,0.12561,0.12561,0.0,0.05,195.9379589742906,-0.0,0.0,0.0,195.9379589742906,195.9379589742906,0.0,0.0
5423,2019-08-14 23:00:00,8,2019-08-15 00:00:00,0.10547,0.10547,0.10547,0.0,0.05,195.07246101033283,-0.0,0.0,0.0,195.07246101033283,195.07246101033283,0.0,0.0
5424,2019-08-15 00:00:00,8,2019-08-15 01:00:00,0.10547,0.10547,0.10547,0.0,0.05,195.62970939797282,-92.66378719293806,0.0,0.0,288.2934965909109,288.2934965909109,0.0,1.0
5425,2019-08-15 01:00:00,8,2019-08-15 02:00:00,0.10547,0.10547,0.10547,0.0,0.19208447369583836,195.44227922591642,-92.85121736499445,0.0,0.0,288.2934965909109,288.2934965909109,0.0,1.0
5426,2019-08-15 02:00:00,8,2019-08-15 03:00:00,0.10547,0.10547,0.10547,0.0,0.33445634032216326,195.39483005747886,-92.89866653343202,0.0,0.0,288.2934965909109,288.2934965909109,0.0,1.0
5427,2019-08-15 03:00:00,8,2019-08-15 04:00:00,0.10547,0.10547,0.10547,0.0,0.4769009623400924,218.7860372897874,-69.50745930112348,0.0,0.0,288.2934965909109,288.2934965909109,0.0,1.0
5428,2019-08-15 04:00:00,8,2019-08-15 05:00:00,0.10547,0.10547,0.10547,0.0,0.583479066601815,218.86552812645115,-69.42796846445972,0.0,0.0,288.2934965909109,288.2934965909109,0.0,1.0
5429,2019-08-15 05:00:00,8,2019-08-15 06:00:00,0.10547,0.10547,0.10547,0.0,0.6899352849139866,273.16354312229373,-15.129953468617146,0.0,0.0,288.2934965909109,288.2934965909109,0.0,1.0
5430,2019-08-15 06:00:00,8,2019-08-15 07:00:00,0.10547,0.10547,0.10547,0.0,0.7131345468991995,302.78567300371157,-0.0,14.492176412800688,0.0,288.2934965909109,288.2934965909109,0.0,0.0
5431,2019-08-15 07:00:00,8,2019-08-15 08:00:00,0.10547,0.10547,0.10547,0.0,0.6868806041223866,313.0685161675326,-0.0,24.77501957662173,0.0,288.2934965909109,288.2934965909109,0.0,0.0
5432,2019-08-15 08:00:00,8,2019-08-15 09:00:00,0.10547,0.10547,0.10547,0.0,0.6419983222806807,321.3895211447856,-0.0,33.09602455387471,0.0,288.2934965909109,288.2934965909109,0.0,0.0
5433,2019-08-15 09:00:00,8,2019-08-15 10:00:00,0.10547,0.10547,0.10547,0.0,0.5820417560598931,320.47586086974684,-0.0,32.18236427883596,0.0,288.2934965909109,288.2934965909109,0.0,0.0
5434,2019-08-15 10:00:00,8,2019-08-15 11:00:00,0.10547,0.10547,0.10547,0.0,0.5237403714967844,318.11236731174307,-0.0,29.818870720832194,0.0,288.2934965909109,288.2934965909109,0.0,0.0
5435,2019-08-15 11:00:00,8,2019-08-15 12:00:00,0.10547,0.10547,0.10547,0.0,0.4697206781619436,304.404453142575,-0.0,16.110956551664117,0.0,288.2934965909109,288.2934965909109,0.0,0.0
5436,2019-08-15 12:00:00,8,2019-08-15 13:00:00,0.10547,0.10547,0.10547,0.0,0.4405341626697984,308.55624790869985,-0.0,20.262751317788968,0.0,288.2934965909109,288.2934965909109,0.0,0.0
5437,2019-08-15 13:00:00,8,2019-08-15 14:00:00,0.10547,0.10547,0.10547,0.0,0.4038262798477169,310.54275729200316,-0.0,22.249260701092282,0.0,288.2934965909109,288.2934965909109,0.0,0.0
5438,2019-08-15 14:00:00,8,2019-08-15 15:00:00,0.12561,0.12561,0.12561,0.0,0.3635196481428396,315.14392617919253,-0.0,26.850429588281656,0.0,288.2934965909109,288.2934965909109,0.0,0.0
5439,2019-08-15 15:00:00,8,2019-08-15 16:00:00,0.12561,0.12561,0.12561,0.0,0.31487756555537283,318.6999377277071,-0.0,30.406441136796218,0.0,288.2934965909109,288.2934965909109,0.0,0.0
5440,2019-08-15 16:00:00,8,2019-08-15 17:00:00,0.15111,0.15111,0.15111,0.0,0.2597934330611768,318.34100957416257,-0.0,115.8059750497696,0.0,202.53503452439298,202.53503452439298,0.0,0.0
5441,2019-08-15 17:00:00,8,2019-08-15 18:00:00,0.15111,0.15111,0.15111,0.0,0.05,241.09028475878335,-0.0,0.0,0.0,241.09028475878335,241.09028475878335,0.0,0.0
5442,2019-08-15 18:00:00,8,2019-08-15 19:00:00,0.15111,0.15111,0.15111,0.0,0.05,240.82068307501035,-0.0,0.0,0.0,240.82068307501035,240.82068307501035,0.0,0.0
5443,2019-08-15 19:00:00,8,2019-08-15 20:00:00,0.15111,0.15111,0.15111,0.0,0.05,220.33051245168994,-0.0,0.0,0.0,220.33051245168994,220.33051245168994,0.0,0.0
5444,2019-08-15 20:00:00,8,2019-08-15 21:00:00,0.15111,0.15111,0.15111,0.0,0.05,212.30793138287433,-0.0,0.0,0.0,212.30793138287433,212.30793138287433,0.0,0.0
5445,2019-08-15 21:00:00,8,2019-08-15 22:00:00,0.12561,0.12561,0.12561,0.0,0.05,198.98532036901463,-0.0,0.0,0.0,198.98532036901463,198.98532036901463,0.0,0.0
5446,2019-08-15 22:00:00,8,2019-08-15 23:00:00,0.12561,0.12561,0.12561,0.0,0.05,200.62634320717066,-0.0,0.0,0.0,200.62634320717066,200.62634320717066,0.0,0.0
5447,2019-08-15 23:00:00,8,2019-08-16 00:00:00,0.10547,0.10547,0.10547,0.0,0.05,199.8082255717516,-25.290343989136773,0.0,0.0,225.09856956088836,225.09856956088836,0.0,1.0
5448,2019-08-16 00:00:00,8,2019-08-16 01:00:00,0.10547,0.10547,0.10547,0.0,0.08877852745000972,201.57589252220916,-86.71760406870172,0.0,0.0,288.2934965909109,288.2934965909109,0.0,1.0
5449,2019-08-16 01:00:00,8,2019-08-16 02:00:00,0.10547,0.10547,0.10547,0.0,0.22174552035535233,204.87589213152103,-83.41760445938985,0.0,0.0,288.2934965909109,288.2934965909109,0.0,1.0
5450,2019-08-16 02:00:00,8,2019-08-16 03:00:00,0.10547,0.10547,0.10547,0.0,0.34965251385975016,206.0269395098539,-82.26655708105699,0.0,0.0,288.2934965909109,288.2934965909109,0.0,1.0
5451,2019-08-16 03:00:00,8,2019-08-16 04:00:00,0.10547,0.10547,0.10547,0.0,0.4757945680507042,229.30026502588356,-58.993231565027315,0.0,0.0,288.2934965909109,288.2934965909109,0.0,1.0
5452,2019-08-16 04:00:00,8,2019-08-16 05:00:00,0.10547,0.10547,0.10547,0.0,0.5662508564504127,229.54171993240263,-58.75177665850825,0.0,0.0,288.2934965909109,288.2934965909109,0.0,1.0
5453,2019-08-16 05:00:00,8,2019-08-16 06:00:00,0.10547,0.10547,0.10547,0.0,0.6563369139934587,281.5829435414897,-6.710553049421151,0.0,0.0,288.2934965909109,288.2934965909109,0.0,1.0
5454,2019-08-16 06:00:00,8,2019-08-16 07:00:00,0.10547,0.10547,0.10547,0.0,0.6666264286692378,307.05425931146164,-0.0,18.76076272055076,0.0,288.2934965909109,288.2934965909109,0.0,0.0
5455,2019-08-16 07:00:00,8,2019-08-16 08:00:00,0.10547,0.10547,0.10547,0.0,0.6326395396827329,312.7852031162117,-0.0,24.4917065253008,0.0,288.2934965909109,288.2934965909109,0.0,0.0
5456,2019-08-16 08:00:00,8,2019-08-16 09:00:00,0.10547,0.10547,0.10547,0.0,0.5882705061224054,318.4979215618236,-0.0,30.204424970912726,0.0,288.2934965909109,288.2934965909109,0.0,0.0
5457,2019-08-16 09:00:00,8,2019-08-16 10:00:00,0.10547,0.10547,0.10547,0.0,0.5335523449432157,317.471582071681,-0.0,29.178085480770108,0.0,288.2934965909109,288.2934965909109,0.0,0.0
5458,2019-08-16 10:00:00,8,2019-08-16 11:00:00,0.10547,0.10547,0.10547,0.0,0.4806934944345741,314.6606222563196,-0.0,26.367125665408707,0.0,288.2934965909109,288.2934965909109,0.0,0.0
5459,2019-08-16 11:00:00,8,2019-08-16 12:00:00,0.10547,0.10547,0.10547,0.0,0.43292696243202217,300.2594234904189,-0.0,11.96592689950802,0.0,288.2934965909109,288.2934965909109,0.0,0.0
5460,2019-08-16 12:00:00,8,2019-08-16 13:00:00,0.10547,0.10547,0.10547,0.0,0.41124955862856555,309.2355616543847,-0.0,20.94206506347382,0.0,288.2934965909109,288.2934965909109,0.0,0.0
5461,2019-08-16 13:00:00,8,2019-08-16 14:00:00,0.10547,0.10547,0.10547,0.0,0.3733110349628521,310.890425085555,-0.0,22.596928494644146,0.0,288.2934965909109,288.2934965909109,0.0,0.0
5462,2019-08-16 14:00:00,8,2019-08-16 15:00:00,0.12561,0.12561,0.12561,0.0,0.33237457029864176,312.81340958579557,-0.0,24.51991299488469,0.0,288.2934965909109,288.2934965909109,0.0,0.0
5463,2019-08-16 15:00:00,8,2019-08-16 16:00:00,0.12561,0.12561,0.12561,0.0,0.28795443806153176,316.9131082368183,-0.0,28.619611645907412,0.0,288.2934965909109,288.2934965909109,0.0,0.0
5464,2019-08-16 16:00:00,8,2019-08-16 17:00:00,0.15111,0.15111,0.15111,0.0,0.23610731551459807,317.47912749014495,-0.0,29.18563089923407,0.0,288.2934965909109,288.2934965909109,0.0,0.0
5465,2019-08-16 17:00:00,8,2019-08-16 18:00:00,0.15111,0.15111,0.15111,0.0,0.18323479576960883,239.58962375373025,-0.0,73.54560726482407,0.0,166.04401648890618,166.04401648890618,0.0,0.0
5466,2019-08-16 18:00:00,8,2019-08-16 19:00:00,0.15111,0.15111,0.15111,0.0,0.05,244.83353372235905,-0.0,0.0,0.0,244.83353372235905,244.83353372235905,0.0,0.0
5467,2019-08-16 19:00:00,8,2019-08-16 20:00:00,0.15111,0.15111,0.15111,0.0,0.05,219.82682690798964,-0.0,0.0,0.0,219.82682690798964,219.82682690798964,0.0,0.0
5468,2019-08-16 20:00:00,8,2019-08-16 21:00:00,0.15111,0.15111,0.15111,0.0,0.05,209.83760987071634,-0.0,0.0,0.0,209.83760987071634,209.83760987071634,0.0,0.0
5469,2019-08-16 21:00:00,8,2019-08-16 22:00:00,0.12561,0.12561,0.12561,0.0,0.05,198.1039659817361,-0.0,0.0,0.0,198.1039659817361,198.1039659817361,0.0,0.0
5470,2019-08-16 22:00:00,8,2019-08-16 23:00:00,0.12561,0.12561,0.12561,0.0,0.05,198.43652889690583,-0.0,0.0,0.0,198.43652889690583,198.43652889690583,0.0,0.0
5471,2019-08-16 23:00:00,8,2019-08-17 00:00:00,0.10547,0.10547,0.10547,0.0,0.05,197.84396861493482,-0.0,0.0,0.0,197.84396861493482,197.84396861493482,0.0,0.0
5472,2019-08-17 00:00:00,8,2019-08-17 01:00:00,0.10547,0.10547,0.10547,0.0,0.05,201.2568528822415,-87.03664370866937,0.0,0.0,288.2934965909109,288.2934965909109,0.0,1.0
5473,2019-08-17 01:00:00,8,2019-08-17 02:00:00,0.10547,0.10547,0.10547,0.0,0.18345618701995972,206.5136721973386,-81.77982439357228,0.0,0.0,288.2934965909109,288.2934965909109,0.0,1.0
5474,2019-08-17 02:00:00,8,2019-08-17 03:00:00,0.10547,0.10547,0.10547,0.0,0.3088519177567705,205.84841345515778,-82.4450831357531,0.0,0.0,288.2934965909109,288.2934965909109,0.0,1.0
5475,2019-08-17 03:00:00,8,2019-08-17 04:00:00,0.10547,0.10547,0.10547,0.0,0.43526771189825864,227.41838561511312,-60.87511097579775,0.0,0.0,288.2934965909109,288.2934965909109,0.0,1.0
5476,2019-08-17 04:00:00,8,2019-08-17 05:00:00,0.10547,0.10547,0.10547,0.0,0.5286095487278152,226.79632974781802,-61.497166843092856,0.0,0.0,288.2934965909109,288.2934965909109,0.0,1.0
5477,2019-08-17 05:00:00,8,2019-08-17 06:00:00,0.10547,0.10547,0.10547,0.0,0.6229052045538909,282.42637781201125,-5.8671187788996235,0.0,0.0,288.2934965909109,288.2934965909109,0.0,1.0
5478,2019-08-17 06:00:00,8,2019-08-17 07:00:00,0.10547,0.10547,0.10547,0.0,0.6319014533482037,310.91197869890533,-0.0,22.618482107994453,0.0,288.2934965909109,288.2934965909109,0.0,0.0
5479,2019-08-17 07:00:00,8,2019-08-17 08:00:00,0.10547,0.10547,0.10547,0.0,0.5909259422829963,315.3895848150292,-0.0,27.09608822411832,0.0,288.2934965909109,288.2934965909109,0.0,0.0
5480,2019-08-17 08:00:00,8,2019-08-17 09:00:00,0.10547,0.10547,0.10547,0.0,0.5418388259349559,317.4080959727219,-0.0,29.114599381811047,0.0,288.2934965909109,288.2934965909109,0.0,0.0
5481,2019-08-17 09:00:00,8,2019-08-17 10:00:00,0.10547,0.10547,0.10547,0.0,0.48909498647515326,316.2087447987471,-0.0,27.915248207836214,0.0,288.2934965909109,288.2934965909109,0.0,0.0
5482,2019-08-17 10:00:00,8,2019-08-17 11:00:00,0.10547,0.10547,0.10547,0.0,0.43852388464936304,315.0118436490261,-0.0,26.718347058115228,0.0,288.2934965909109,288.2934965909109,0.0,0.0
5483,2019-08-17 11:00:00,8,2019-08-17 12:00:00,0.10547,0.10547,0.10547,0.0,0.39012108200784995,301.5838400216207,-0.0,13.290343430709811,0.0,288.2934965909109,288.2934965909109,0.0,0.0
5484,2019-08-17 12:00:00,8,2019-08-17 13:00:00,0.10547,0.10547,0.10547,0.0,0.3660443728942452,308.42300126222506,-0.0,20.12950467131418,0.0,288.2934965909109,288.2934965909109,0.0,0.0
5485,2019-08-17 13:00:00,8,2019-08-17 14:00:00,0.10547,0.10547,0.10547,0.0,0.32957787892447316,309.94803261650026,-0.0,21.65453602558938,0.0,288.2934965909109,288.2934965909109,0.0,0.0
5486,2019-08-17 14:00:00,8,2019-08-17 15:00:00,0.12561,0.12561,0.12561,0.0,0.2903486469940576,311.419593822603,-0.0,23.126097231692142,0.0,288.2934965909109,288.2934965909109,0.0,0.0
5487,2019-08-17 15:00:00,8,2019-08-17 16:00:00,0.12561,0.12561,0.12561,0.0,0.2484535433134559,313.8009578413176,-0.0,25.50746125040672,0.0,288.2934965909109,288.2934965909109,0.0,0.0
5488,2019-08-17 16:00:00,8,2019-08-17 17:00:00,0.15111,0.15111,0.15111,0.0,0.20224437438155968,314.7206892236026,-0.0,26.427192632691742,0.0,288.2934965909109,288.2934965909109,0.0,0.0
5489,2019-08-17 17:00:00,8,2019-08-17 18:00:00,0.15111,0.15111,0.15111,0.0,0.154369025409292,241.0284422590044,-0.0,0.0,0.0,241.0284422590044,241.0284422590044,0.0,0.0
5490,2019-08-17 18:00:00,8,2019-08-17 19:00:00,0.15111,0.15111,0.15111,0.0,0.154369025409292,249.88524768277668,-0.0,0.0,0.0,249.88524768277668,249.88524768277668,0.0,0.0
5491,2019-08-17 19:00:00,8,2019-08-17 20:00:00,0.15111,0.15111,0.15111,0.0,0.154369025409292,223.93431122275365,-0.0,57.61170202592919,0.0,166.32260919682446,166.32260919682446,0.0,0.0
5492,2019-08-17 20:00:00,8,2019-08-17 21:00:00,0.15111,0.15111,0.15111,0.0,0.05,214.50387980281167,-0.0,0.0,0.0,214.50387980281167,214.50387980281167,0.0,0.0
5493,2019-08-17 21:00:00,8,2019-08-17 22:00:00,0.12561,0.12561,0.12561,0.0,0.05,198.8625216385077,-0.0,0.0,0.0,198.8625216385077,198.8625216385077,0.0,0.0
5494,2019-08-17 22:00:00,8,2019-08-17 23:00:00,0.12561,0.12561,0.12561,0.0,0.05,201.26420659613436,-0.0,0.0,0.0,201.26420659613436,201.26420659613436,0.0,0.0
5495,2019-08-17 23:00:00,8,2019-08-18 00:00:00,0.10547,0.10547,0.10547,0.0,0.05,197.40362066603663,-47.79695548170562,0.0,0.0,245.20057614774225,245.20057614774225,0.0,1.0
5496,2019-08-18 00:00:00,8,2019-08-18 01:00:00,0.10547,0.10547,0.10547,0.0,0.12328866507194862,197.89158496673798,-90.4019116241729,0.0,0.0,288.2934965909109,288.2934965909109,0.0,1.0
5497,2019-08-18 01:00:00,8,2019-08-18 02:00:00,0.10547,0.10547,0.10547,0.0,0.26190492956234707,198.74501681900992,-89.54847977190096,0.0,0.0,288.2934965909109,288.2934965909109,0.0,1.0
5498,2019-08-18 02:00:00,8,2019-08-18 03:00:00,0.10547,0.10547,0.10547,0.0,0.39921259854592855,198.66856635218582,-89.62493023872506,0.0,0.0,288.2934965909109,288.2934965909109,0.0,1.0
5499,2019-08-18 03:00:00,8,2019-08-18 04:00:00,0.10547,0.10547,0.10547,0.0,0.5366374915786403,226.32171977443983,-61.97177681647105,0.0,0.0,288.2934965909109,288.2934965909109,0.0,1.0
5500,2019-08-18 04:00:00,8,2019-08-18 05:00:00,0.10547,0.10547,0.10547,0.0,0.6316608826972292,228.35513338740478,-59.9383632035061,0.0,0.0,288.2934965909109,288.2934965909109,0.0,1.0
5501,2019-08-18 05:00:00,8,2019-08-18 06:00:00,0.10547,0.10547,0.10547,0.0,0.7235663729426053,285.9986733327173,-2.29482325819356,0.0,0.0,288.2934965909109,288.2934965909109,0.0,1.0
5502,2019-08-18 06:00:00,8,2019-08-18 07:00:00,0.10547,0.10547,0.10547,0.0,0.7270851019385021,313.46811375195307,-0.0,25.174617161042192,0.0,288.2934965909109,288.2934965909109,0.0,0.0
5503,2019-08-18 07:00:00,8,2019-08-18 08:00:00,0.10547,0.10547,0.10547,0.0,0.6814789114293677,318.36973464225935,-0.0,30.07623805134847,0.0,288.2934965909109,288.2934965909109,0.0,0.0
5504,2019-08-18 08:00:00,8,2019-08-18 09:00:00,0.10547,0.10547,0.10547,0.0,0.6269929729305479,321.2588475986267,-0.0,32.96535100771581,0.0,288.2934965909109,288.2934965909109,0.0,0.0
5505,2019-08-18 09:00:00,8,2019-08-18 10:00:00,0.10547,0.10547,0.10547,0.0,0.567273134148454,320.43192282370137,-0.0,32.13842623279049,0.0,288.2934965909109,288.2934965909109,0.0,0.0
5506,2019-08-18 10:00:00,8,2019-08-18 11:00:00,0.10547,0.10547,0.10547,0.0,0.5090513474948481,318.69278438058745,-0.0,30.399287789676578,0.0,288.2934965909109,288.2934965909109,0.0,0.0
5507,2019-08-18 11:00:00,8,2019-08-18 12:00:00,0.10547,0.10547,0.10547,0.0,0.4539801739628253,306.306372319571,-0.0,18.012875728660106,0.0,288.2934965909109,288.2934965909109,0.0,0.0
5508,2019-08-18 12:00:00,8,2019-08-18 13:00:00,0.10547,0.10547,0.10547,0.0,0.42134815271525267,312.75930823450494,-0.0,24.465811643594066,0.0,288.2934965909109,288.2934965909109,0.0,0.0
5509,2019-08-18 13:00:00,8,2019-08-18 14:00:00,0.10547,0.10547,0.10547,0.0,0.3770260301725098,311.4278170404078,-0.0,23.134320449496897,0.0,288.2934965909109,288.2934965909109,0.0,0.0
5510,2019-08-18 14:00:00,8,2019-08-18 15:00:00,0.12561,0.12561,0.12561,0.0,0.33511602935820384,310.806701529273,-0.0,22.51320493836215,0.0,288.2934965909109,288.2934965909109,0.0,0.0
5511,2019-08-18 15:00:00,8,2019-08-18 16:00:00,0.12561,0.12561,0.12561,0.0,0.2943312378031999,311.7348543078379,-0.0,23.44135771692703,0.0,288.2934965909109,288.2934965909109,0.0,0.0
5512,2019-08-18 16:00:00,8,2019-08-18 17:00:00,0.15111,0.15111,0.15111,0.0,0.2518650100551437,313.9390778348399,-0.0,111.42948555043934,0.0,202.50959228440058,202.50959228440058,0.0,0.0
5513,2019-08-18 17:00:00,8,2019-08-18 18:00:00,0.15111,0.15111,0.15111,0.0,0.05,253.1854753803214,-0.0,0.0,0.0,253.1854753803214,253.1854753803214,0.0,0.0
5514,2019-08-18 18:00:00,8,2019-08-18 19:00:00,0.15111,0.15111,0.15111,0.0,0.05,258.00178399379234,-0.0,0.0,0.0,258.00178399379234,258.00178399379234,0.0,1.0
5515,2019-08-18 19:00:00,8,2019-08-18 20:00:00,0.15111,0.15111,0.15111,0.0,0.05,228.66707973503688,-0.0,0.0,0.0,228.66707973503688,228.66707973503688,0.0,0.0
5516,2019-08-18 20:00:00,8,2019-08-18 21:00:00,0.15111,0.15111,0.15111,0.0,0.05,218.50465298853157,-0.0,0.0,0.0,218.50465298853157,218.50465298853157,0.0,0.0
5517,2019-08-18 21:00:00,8,2019-08-18 22:00:00,0.12561,0.12561,0.12561,0.0,0.05,204.19855707615318,-0.0,0.0,0.0,204.19855707615318,204.19855707615318,0.0,0.0
5518,2019-08-18 22:00:00,8,2019-08-18 23:00:00,0.12561,0.12561,0.12561,0.0,0.05,202.69063956605677,-0.0,0.0,0.0,202.69063956605677,202.69063956605677,0.0,0.0
5519,2019-08-18 23:00:00,8,2019-08-19 00:00:00,0.10547,0.10547,0.10547,0.0,0.05,198.49488764234692,-0.0,0.0,0.0,198.49488764234692,198.49488764234692,0.0,0.0
5520,2019-08-19 00:00:00,8,2019-08-19 01:00:00,0.10547,0.10547,0.10547,0.0,0.05,198.64520274830988,-89.47077458161978,0.0,0.0,288.11597732992965,288.11597732992965,0.0,1.0
5521,2019-08-19 01:00:00,8,2019-08-19 02:00:00,0.10547,0.10547,0.10547,0.0,0.18718852102515035,198.6759265073064,-89.44005082262326,0.0,0.0,288.11597732992965,288.11597732992965,0.0,1.0
5522,2019-08-19 02:00:00,8,2019-08-19 03:00:00,0.10547,0.10547,0.10547,0.0,0.32432993228650603,198.68090710107225,-0.0,0.0,0.0,198.68090710107225,198.68090710107225,0.0,0.0
5523,2019-08-19 03:00:00,8,2019-08-19 04:00:00,0.10547,0.10547,0.10547,0.0,0.32432993228650603,201.22738954251886,-86.8885877874108,0.0,0.0,288.11597732992965,288.11597732992965,0.0,1.0
5524,2019-08-19 04:00:00,8,2019-08-19 05:00:00,0.10547,0.10547,0.10547,0.0,0.4575591002272025,201.1812546456989,-86.93472268423075,0.0,0.0,288.11597732992965,288.11597732992965,0.0,1.0
5525,2019-08-19 05:00:00,8,2019-08-19 06:00:00,0.10547,0.10547,0.10547,0.0,0.5908590083430231,217.5835612499142,-70.53241608001547,0.0,0.0,288.11597732992965,288.11597732992965,0.0,1.0
5526,2019-08-19 06:00:00,8,2019-08-19 07:00:00,0.10547,0.10547,0.10547,0.0,0.6990087129990468,246.09310557660726,-42.0228717533224,0.0,0.0,288.11597732992965,288.11597732992965,0.0,1.0
5527,2019-08-19 07:00:00,8,2019-08-19 08:00:00,0.10547,0.10547,0.10547,0.0,0.7634437830208078,248.63449078819696,-39.4814865417327,0.0,0.0,288.11597732992965,288.11597732992965,0.0,1.0
5528,2019-08-19 08:00:00,8,2019-08-19 09:00:00,0.10547,0.10547,0.10547,0.0,0.823982062384798,274.17364432153454,-13.942333008395119,0.0,0.0,288.11597732992965,288.11597732992965,0.0,1.0
5529,2019-08-19 09:00:00,8,2019-08-19 10:00:00,0.10547,0.10547,0.10547,0.0,0.8453603063310038,273.74623281896294,-14.36974451096672,0.0,0.0,288.11597732992965,288.11597732992965,0.0,1.0
5530,2019-08-19 10:00:00,8,2019-08-19 11:00:00,0.10547,0.10547,0.10547,0.0,0.8673939145811528,271.9666499782351,-16.14932735169453,0.0,0.0,288.11597732992965,288.11597732992965,0.0,1.0
5531,2019-08-19 11:00:00,8,2019-08-19 12:00:00,0.10547,0.10547,0.10547,0.0,0.8921562165204178,260.4183428472135,-0.0,0.0,0.0,260.4183428472135,260.4183428472135,0.0,0.0
5532,2019-08-19 12:00:00,8,2019-08-19 13:00:00,0.10547,0.10547,0.10547,0.0,0.8921562165204178,254.96511175216105,-33.15086557776854,0.0,0.0,288.1159773299296,288.1159773299296,0.0,1.0
5533,2019-08-19 13:00:00,8,2019-08-19 14:00:00,0.10547,0.10547,0.10547,0.0,0.9429875437396629,250.9339406384054,-37.18203669152419,0.0,0.0,288.1159773299296,288.1159773299296,0.0,1.0
5534,2019-08-19 14:00:00,8,2019-08-19 15:00:00,0.12561,0.12561,0.12561,0.0,1.0,231.3797391614314,-0.0,0.0,0.0,231.3797391614314,231.3797391614314,0.0,0.0
5535,2019-08-19 15:00:00,8,2019-08-19 16:00:00,0.12561,0.12561,0.12561,0.0,1.0,232.53111030282585,-0.0,0.0,0.0,232.53111030282585,232.53111030282585,0.0,0.0
5536,2019-08-19 16:00:00,8,2019-08-19 17:00:00,0.15111,0.15111,0.15111,0.0,1.0,221.57310992064905,-0.0,221.57310992064905,0.0,0.0,0.0,0.0,0.0
5537,2019-08-19 17:00:00,8,2019-08-19 18:00:00,0.15111,0.15111,0.15111,0.0,0.5985994385495489,215.53741841134874,-0.0,81.26983255334798,0.0,134.26758585800076,134.26758585800076,0.0,0.0
5538,2019-08-19 18:00:00,8,2019-08-19 19:00:00,0.15111,0.15111,0.15111,0.0,0.4513714810253678,221.557057526003,-0.0,221.557057526003,0.0,0.0,0.0,0.0,0.0
5539,2019-08-19 19:00:00,8,2019-08-19 20:00:00,0.15111,0.15111,0.15111,0.0,0.05,204.8681315593102,-0.0,0.0,0.0,204.8681315593102,204.8681315593102,0.0,0.0
5540,2019-08-19 20:00:00,8,2019-08-19 21:00:00,0.15111,0.15111,0.15111,0.0,0.05,211.6303127908245,-0.0,0.0,0.0,211.6303127908245,211.6303127908245,0.0,0.0
5541,2019-08-19 21:00:00,8,2019-08-19 22:00:00,0.12561,0.12561,0.12561,0.0,0.05,208.6813321360279,-0.0,0.0,0.0,208.6813321360279,208.6813321360279,0.0,0.0
5542,2019-08-19 22:00:00,8,2019-08-19 23:00:00,0.12561,0.12561,0.12561,0.0,0.05,209.39591819288196,-0.0,0.0,0.0,209.39591819288196,209.39591819288196,0.0,0.0
5543,2019-08-19 23:00:00,8,2019-08-20 00:00:00,0.10547,0.10547,0.10547,0.0,0.05,202.58232113477663,-0.0,0.0,0.0,202.58232113477663,202.58232113477663,0.0,0.0
5544,2019-08-20 00:00:00,8,2019-08-20 01:00:00,0.10547,0.10547,0.10547,0.0,0.05,197.86357918465652,-0.0,0.0,0.0,197.86357918465652,197.86357918465652,0.0,0.0
5545,2019-08-20 01:00:00,8,2019-08-20 02:00:00,0.10547,0.10547,0.10547,0.0,0.05,196.48354766542357,-0.0,0.0,0.0,196.48354766542357,196.48354766542357,0.0,0.0
5546,2019-08-20 02:00:00,8,2019-08-20 03:00:00,0.10547,0.10547,0.10547,0.0,0.05,200.07288500046099,-0.0,0.0,0.0,200.07288500046099,200.07288500046099,0.0,0.0
5547,2019-08-20 03:00:00,8,2019-08-20 04:00:00,0.10547,0.10547,0.10547,0.0,0.05,204.63276967871147,-82.3271682163715,0.0,0.0,286.959937895083,286.959937895083,0.0,1.0
5548,2019-08-20 04:00:00,8,2019-08-20 05:00:00,0.10547,0.10547,0.10547,0.0,0.17623499126510297,204.23677055104443,-0.0,0.0,0.0,204.23677055104443,204.23677055104443,0.0,0.0
5549,2019-08-20 05:00:00,8,2019-08-20 06:00:00,0.10547,0.10547,0.10547,0.0,0.17623499126510297,220.53838468242313,-66.42155321265984,0.0,0.0,286.959937895083,286.959937895083,0.0,1.0
5550,2019-08-20 06:00:00,8,2019-08-20 07:00:00,0.10547,0.10547,0.10547,0.0,0.2780813728578481,220.43879079609252,-66.52114709899045,0.0,0.0,286.959937895083,286.959937895083,0.0,1.0
5551,2019-08-20 07:00:00,8,2019-08-20 08:00:00,0.10547,0.10547,0.10547,0.0,0.3800804650763001,235.95288585782197,-51.007052037261005,0.0,0.0,286.959937895083,286.959937895083,0.0,1.0
5552,2019-08-20 08:00:00,8,2019-08-20 09:00:00,0.10547,0.10547,0.10547,0.0,0.4582912782001004,232.45230924383384,-54.507628651249135,0.0,0.0,286.959937895083,286.959937895083,0.0,1.0
5553,2019-08-20 09:00:00,8,2019-08-20 10:00:00,0.10547,0.10547,0.10547,0.0,0.5418696421320157,234.62191246393377,-52.338025431149205,0.0,0.0,286.959937895083,286.959937895083,0.0,1.0
5554,2019-08-20 10:00:00,8,2019-08-20 11:00:00,0.10547,0.10547,0.10547,0.0,0.6221212811264445,231.93195727621165,-55.027980618871325,0.0,0.0,286.959937895083,286.959937895083,0.0,1.0
5555,2019-08-20 11:00:00,8,2019-08-20 12:00:00,0.10547,0.10547,0.10547,0.0,0.7064975180753805,227.3401208208812,-59.61981707420178,0.0,0.0,286.959937895083,286.959937895083,0.0,1.0
5556,2019-08-20 12:00:00,8,2019-08-20 13:00:00,0.10547,0.10547,0.10547,0.0,0.7979145709224897,221.49407427840643,-64.13230492084881,0.0,0.0,285.6263791992552,285.6263791992552,0.0,1.0
5557,2019-08-20 13:00:00,8,2019-08-20 14:00:00,0.10547,0.10547,0.10547,0.0,0.8962507718011246,220.63095646120954,-67.66254012970134,0.0,0.0,288.2934965909109,288.2934965909109,0.0,1.0
5558,2019-08-20 14:00:00,8,2019-08-20 15:00:00,0.12561,0.12561,0.12561,0.0,1.0,220.42508178474796,-0.0,0.0,0.0,220.42508178474796,220.42508178474796,0.0,0.0
5559,2019-08-20 15:00:00,8,2019-08-20 16:00:00,0.12561,0.12561,0.12561,0.0,1.0,213.5677126039192,-0.0,0.0,0.0,213.5677126039192,213.5677126039192,0.0,0.0
5560,2019-08-20 16:00:00,8,2019-08-20 17:00:00,0.15111,0.15111,0.15111,0.0,1.0,203.27963169063264,-0.0,203.27963169063264,0.0,0.0,0.0,0.0,0.0
5561,2019-08-20 17:00:00,8,2019-08-20 18:00:00,0.15111,0.15111,0.15111,0.0,0.6317397976618975,197.41414531219368,-0.0,197.41414531219368,0.0,0.0,0.0,0.0,0.0
5562,2019-08-20 18:00:00,8,2019-08-20 19:00:00,0.15111,0.15111,0.15111,0.0,0.2741054764441553,201.01094776852455,-0.0,123.70622299717374,0.0,77.3047247713508,77.3047247713508,0.0,0.0
5563,2019-08-20 19:00:00,8,2019-08-20 20:00:00,0.15111,0.15111,0.15111,0.0,0.05,200.21740004551833,-0.0,0.0,0.0,200.21740004551833,200.21740004551833,0.0,0.0
5564,2019-08-20 20:00:00,8,2019-08-20 21:00:00,0.15111,0.15111,0.15111,0.0,0.05,205.96287252028534,-0.0,0.0,0.0,205.96287252028534,205.96287252028534,0.0,0.0
5565,2019-08-20 21:00:00,8,2019-08-20 22:00:00,0.12561,0.12561,0.12561,0.0,0.05,200.59616902621255,-0.0,0.0,0.0,200.59616902621255,200.59616902621255,0.0,0.0
5566,2019-08-20 22:00:00,8,2019-08-20 23:00:00,0.12561,0.12561,0.12561,0.0,0.05,204.7719269398904,-0.0,0.0,0.0,204.7719269398904,204.7719269398904,0.0,0.0
5567,2019-08-20 23:00:00,8,2019-08-21 00:00:00,0.10547,0.10547,0.10547,0.0,0.05,204.07123005948722,-0.0,0.0,0.0,204.07123005948722,204.07123005948722,0.0,0.0
5568,2019-08-21 00:00:00,8,2019-08-21 01:00:00,0.10547,0.10547,0.10547,0.0,0.05,206.48066234165017,-81.8128342492607,0.0,0.0,288.2934965909109,288.2934965909109,0.0,1.0
5569,2019-08-21 01:00:00,8,2019-08-21 02:00:00,0.10547,0.10547,0.10547,0.0,0.17544634584886643,206.37645661342154,-81.91703997748934,0.0,0.0,288.2934965909109,288.2934965909109,0.0,1.0
5570,2019-08-21 02:00:00,8,2019-08-21 03:00:00,0.10547,0.10547,0.10547,0.0,0.3010524738143501,205.56438088783148,-82.7291157030794,0.0,0.0,288.2934965909109,288.2934965909109,0.0,1.0
5571,2019-08-21 03:00:00,8,2019-08-21 04:00:00,0.10547,0.10547,0.10547,0.0,0.4279037845590718,227.0153342213024,-61.27816236960848,0.0,0.0,288.2934965909109,288.2934965909109,0.0,1.0
5572,2019-08-21 04:00:00,8,2019-08-21 05:00:00,0.10547,0.10547,0.10547,0.0,0.5218636335258048,226.8879645096976,-61.405532081213266,0.0,0.0,288.2934965909109,288.2934965909109,0.0,1.0
5573,2019-08-21 05:00:00,8,2019-08-21 06:00:00,0.10547,0.10547,0.10547,0.0,0.6160187827169984,283.5821276075771,-4.711368983333784,0.0,0.0,288.2934965909109,288.2934965909109,0.0,1.0
5574,2019-08-21 06:00:00,8,2019-08-21 07:00:00,0.10547,0.10547,0.10547,0.0,0.6232428818247768,309.47937826900295,-0.0,21.185881678092073,0.0,288.2934965909109,288.2934965909109,0.0,0.0
5575,2019-08-21 07:00:00,8,2019-08-21 08:00:00,0.10547,0.10547,0.10547,0.0,0.5848626613934507,316.8342343951701,-0.0,28.54073780425921,0.0,288.2934965909109,288.2934965909109,0.0,0.0
5576,2019-08-21 08:00:00,8,2019-08-21 09:00:00,0.10547,0.10547,0.10547,0.0,0.5331584262408071,323.33227969640575,-0.0,35.03878310549487,0.0,288.2934965909109,288.2934965909109,0.0,0.0
5577,2019-08-21 09:00:00,8,2019-08-21 10:00:00,0.10547,0.10547,0.10547,0.0,0.46968236989027295,319.7070714227116,-0.0,31.4135748318007,0.0,288.2934965909109,288.2934965909109,0.0,0.0
5578,2019-08-21 10:00:00,8,2019-08-21 11:00:00,0.10547,0.10547,0.10547,0.0,0.41277371983266303,315.6290722916918,-0.0,27.335575700780907,0.0,288.2934965909109,288.2934965909109,0.0,0.0
5579,2019-08-21 11:00:00,8,2019-08-21 12:00:00,0.10547,0.10547,0.10547,0.0,0.36325274936023383,302.3688040359935,-0.0,14.075307445082615,0.0,288.2934965909109,288.2934965909109,0.0,0.0
5580,2019-08-21 12:00:00,8,2019-08-21 13:00:00,0.10547,0.10547,0.10547,0.0,0.33775400398870736,307.7812400703394,-0.0,19.487743479428502,0.0,288.2934965909109,288.2934965909109,0.0,0.0
5581,2019-08-21 13:00:00,8,2019-08-21 14:00:00,0.10547,0.10547,0.10547,0.0,0.3024501208738007,307.9939240087929,-0.0,19.700427417881997,0.0,288.2934965909109,288.2934965909109,0.0,0.0
5582,2019-08-21 14:00:00,8,2019-08-21 15:00:00,0.12561,0.12561,0.12561,0.0,0.26676094076894197,311.46650780333744,-0.0,23.17301121242656,0.0,288.2934965909109,288.2934965909109,0.0,0.0
5583,2019-08-21 15:00:00,8,2019-08-21 16:00:00,0.12561,0.12561,0.12561,0.0,0.2247808479928069,315.6823560951908,-0.0,27.388859504279935,0.0,288.2934965909109,288.2934965909109,0.0,0.0
5584,2019-08-21 16:00:00,8,2019-08-21 17:00:00,0.15111,0.15111,0.15111,0.0,0.1751633488908505,316.01659200100414,-0.0,27.723095410093265,0.0,288.2934965909109,288.2934965909109,0.0,0.0
5585,2019-08-21 17:00:00,8,2019-08-21 18:00:00,0.15111,0.15111,0.15111,0.0,0.12494034995952212,242.49562312283456,-0.0,0.0,0.0,242.49562312283456,242.49562312283456,0.0,0.0
5586,2019-08-21 18:00:00,8,2019-08-21 19:00:00,0.15111,0.15111,0.15111,0.0,0.12494034995952212,240.22575105033877,-0.0,0.0,0.0,240.22575105033877,240.22575105033877,0.0,0.0
5587,2019-08-21 19:00:00,8,2019-08-21 20:00:00,0.15111,0.15111,0.15111,0.0,0.12494034995952212,208.32979004076032,-0.0,41.367073177656216,0.0,166.9627168631041,166.9627168631041,0.0,0.0
5588,2019-08-21 20:00:00,8,2019-08-21 21:00:00,0.15111,0.15111,0.15111,0.0,0.05,201.0378562719011,-0.0,0.0,0.0,201.0378562719011,201.0378562719011,0.0,0.0
5589,2019-08-21 21:00:00,8,2019-08-21 22:00:00,0.12561,0.12561,0.12561,0.0,0.05,189.68243201179638,-0.0,0.0,0.0,189.68243201179638,189.68243201179638,0.0,0.0
5590,2019-08-21 22:00:00,8,2019-08-21 23:00:00,0.12561,0.12561,0.12561,0.0,0.05,192.2666460405475,-0.0,0.0,0.0,192.2666460405475,192.2666460405475,0.0,0.0
5591,2019-08-21 23:00:00,8,2019-08-22 00:00:00,0.10547,0.10547,0.10547,0.0,0.05,192.3013161449316,-54.4489302045398,0.0,0.0,246.7502463494714,246.7502463494714,0.0,1.0
5592,2019-08-22 00:00:00,8,2019-08-22 01:00:00,0.10547,0.10547,0.10547,0.0,0.133488359646961,195.3142778245697,-92.97921876634118,0.0,0.0,288.2934965909109,288.2934965909109,0.0,1.0
5593,2019-08-22 01:00:00,8,2019-08-22 02:00:00,0.10547,0.10547,0.10547,0.0,0.27605649508868413,198.03843003732862,-90.25506655358225,0.0,0.0,288.2934965909109,288.2934965909109,0.0,1.0
5594,2019-08-22 02:00:00,8,2019-08-22 03:00:00,0.10547,0.10547,0.10547,0.0,0.4144475971375103,200.5811358893734,-87.71236070153748,0.0,0.0,288.2934965909109,288.2934965909109,0.0,1.0
5595,2019-08-22 03:00:00,8,2019-08-22 04:00:00,0.10547,0.10547,0.10547,0.0,0.5489398835465344,229.08937867734807,-59.20411791356281,0.0,0.0,288.2934965909109,288.2934965909109,0.0,1.0
5596,2019-08-22 04:00:00,8,2019-08-22 05:00:00,0.10547,0.10547,0.10547,0.0,0.6397195310139974,230.45016962821379,-57.84332696269709,0.0,0.0,288.2934965909109,288.2934965909109,0.0,1.0
5597,2019-08-22 05:00:00,8,2019-08-22 06:00:00,0.10547,0.10547,0.10547,0.0,0.7284126323567995,285.7564467934567,-2.5370497974541877,0.0,0.0,288.2934965909109,288.2934965909109,0.0,1.0
5598,2019-08-22 06:00:00,8,2019-08-22 07:00:00,0.10547,0.10547,0.10547,0.0,0.7323027753795627,308.3091286655296,-0.0,20.015632074618736,0.0,288.2934965909109,288.2934965909109,0.0,0.0
5599,2019-08-22 07:00:00,8,2019-08-22 08:00:00,0.10547,0.10547,0.10547,0.0,0.6960425723458331,309.4378298892929,-0.0,21.144333298382037,0.0,288.2934965909109,288.2934965909109,0.0,0.0
5600,2019-08-22 08:00:00,8,2019-08-22 09:00:00,0.10547,0.10547,0.10547,0.0,0.6577376207183294,311.5001837665806,-0.0,23.206687175669742,0.0,288.2934965909109,288.2934965909109,0.0,0.0
5601,2019-08-22 09:00:00,8,2019-08-22 10:00:00,0.10547,0.10547,0.10547,0.0,0.6156965207624059,309.1572916658981,-0.0,20.863795074987195,0.0,288.2934965909109,288.2934965909109,0.0,0.0
5602,2019-08-22 10:00:00,8,2019-08-22 11:00:00,0.10547,0.10547,0.10547,0.0,0.5778997905540958,310.31249702615236,-0.0,22.01900043524148,0.0,288.2934965909109,288.2934965909109,0.0,0.0
5603,2019-08-22 11:00:00,8,2019-08-22 12:00:00,0.10547,0.10547,0.10547,0.0,0.5380102970119917,301.3693651549155,-0.0,13.075868564004622,0.0,288.2934965909109,288.2934965909109,0.0,0.0
5604,2019-08-22 12:00:00,8,2019-08-22 13:00:00,0.10547,0.10547,0.10547,0.0,0.5143221293235776,313.267015326548,-0.0,24.97351873563713,0.0,288.2934965909109,288.2934965909109,0.0,0.0
5605,2019-08-22 13:00:00,8,2019-08-22 14:00:00,0.10547,0.10547,0.10547,0.0,0.46908024755611905,316.08768908945206,-0.0,27.79419249854118,0.0,288.2934965909109,288.2934965909109,0.0,0.0
5606,2019-08-22 14:00:00,8,2019-08-22 15:00:00,0.12561,0.12561,0.12561,0.0,0.41872844955151545,318.00995735311824,-0.0,29.71646076220736,0.0,288.2934965909109,288.2934965909109,0.0,0.0
5607,2019-08-22 15:00:00,8,2019-08-22 16:00:00,0.12561,0.12561,0.12561,0.0,0.36489428150403835,320.65269854131094,-0.0,32.35920195040006,0.0,288.2934965909109,288.2934965909109,0.0,0.0
5608,2019-08-22 16:00:00,8,2019-08-22 17:00:00,0.15111,0.15111,0.15111,0.0,0.3062725388402701,321.294649380677,-0.0,141.46244143982912,0.0,179.8322079408479,179.8322079408479,0.0,0.0
5609,2019-08-22 17:00:00,8,2019-08-22 18:00:00,0.15111,0.15111,0.15111,0.0,0.05,245.51649635569441,-0.0,0.0,0.0,245.51649635569441,245.51649635569441,0.0,0.0
5610,2019-08-22 18:00:00,8,2019-08-22 19:00:00,0.15111,0.15111,0.15111,0.0,0.05,242.1904695118483,-0.0,0.0,0.0,242.1904695118483,242.1904695118483,0.0,0.0
5611,2019-08-22 19:00:00,8,2019-08-22 20:00:00,0.15111,0.15111,0.15111,0.0,0.05,208.98290899679102,-0.0,0.0,0.0,208.98290899679102,208.98290899679102,0.0,0.0
5612,2019-08-22 20:00:00,8,2019-08-22 21:00:00,0.15111,0.15111,0.15111,0.0,0.05,208.3334253929346,-0.0,0.0,0.0,208.3334253929346,208.3334253929346,0.0,0.0
5613,2019-08-22 21:00:00,8,2019-08-22 22:00:00,0.12561,0.12561,0.12561,0.0,0.05,194.9912298218491,-0.0,0.0,0.0,194.9912298218491,194.9912298218491,0.0,0.0
5614,2019-08-22 22:00:00,8,2019-08-22 23:00:00,0.12561,0.12561,0.12561,0.0,0.05,199.20825432823827,-0.0,0.0,0.0,199.20825432823827,199.20825432823827,0.0,0.0
5615,2019-08-22 23:00:00,8,2019-08-23 00:00:00,0.10547,0.10547,0.10547,0.0,0.05,202.2256317472417,-20.385806965544617,0.0,0.0,222.6114387127863,222.6114387127863,0.0,1.0
5616,2019-08-23 00:00:00,8,2019-08-23 01:00:00,0.10547,0.10547,0.10547,0.0,0.08125823734716842,203.2165698103395,-85.07692678057137,0.0,0.0,288.2934965909109,288.2934965909109,0.0,1.0
5617,2019-08-23 01:00:00,8,2019-08-23 02:00:00,0.10547,0.10547,0.10547,0.0,0.21170952507737786,203.56854288095155,-84.72495370995932,0.0,0.0,288.2934965909109,288.2934965909109,0.0,1.0
5618,2019-08-23 02:00:00,8,2019-08-23 03:00:00,0.10547,0.10547,0.10547,0.0,0.34162112076598217,206.3771915792241,-81.91630501168677,0.0,0.0,288.2934965909109,288.2934965909109,0.0,1.0
5619,2019-08-23 03:00:00,8,2019-08-23 04:00:00,0.10547,0.10547,0.10547,0.0,0.46722612178390194,229.32303189975227,-58.97046469115861,0.0,0.0,288.2934965909109,288.2934965909109,0.0,1.0
5620,2019-08-23 04:00:00,8,2019-08-23 05:00:00,0.10547,0.10547,0.10547,0.0,0.5576475009770118,227.02699470354568,-61.266501887365195,0.0,0.0,288.2934965909109,288.2934965909109,0.0,1.0
5621,2019-08-23 05:00:00,8,2019-08-23 06:00:00,0.10547,0.10547,0.10547,0.0,0.6515894705376384,280.62986982722737,-7.66362676368351,0.0,0.0,288.2934965909109,288.2934965909109,0.0,1.0
5622,2019-08-23 06:00:00,8,2019-08-23 07:00:00,0.10547,0.10547,0.10547,0.0,0.6633403649086197,311.0606212043279,-0.0,22.767124613417025,0.0,288.2934965909109,288.2934965909109,0.0,0.0
5623,2019-08-23 07:00:00,8,2019-08-23 08:00:00,0.10547,0.10547,0.10547,0.0,0.6220955739422845,313.2270441854868,-0.0,24.93354759457594,0.0,288.2934965909109,288.2934965909109,0.0,0.0
5624,2019-08-23 08:00:00,8,2019-08-23 09:00:00,0.10547,0.10547,0.10547,0.0,0.5769261036622557,316.5060397758249,-0.0,28.21254318491401,0.0,288.2934965909109,288.2934965909109,0.0,0.0
5625,2019-08-23 09:00:00,8,2019-08-23 10:00:00,0.10547,0.10547,0.10547,0.0,0.5258164239794405,313.93672403186093,-0.0,25.643227440950056,0.0,288.2934965909109,288.2934965909109,0.0,0.0
5626,2019-08-23 10:00:00,8,2019-08-23 11:00:00,0.10547,0.10547,0.10547,0.0,0.47936130180380637,310.1800508629663,-0.0,21.886554272055434,0.0,288.2934965909109,288.2934965909109,0.0,0.0
5627,2019-08-23 11:00:00,8,2019-08-23 12:00:00,0.10547,0.10547,0.10547,0.0,0.4397117469631262,301.35160837712374,-0.0,13.058111786212862,0.0,288.2934965909109,288.2934965909109,0.0,0.0
5628,2019-08-23 12:00:00,8,2019-08-23 13:00:00,0.10547,0.10547,0.10547,0.0,0.4160557473504217,313.19645008303087,-0.0,24.90295349211999,0.0,288.2934965909109,288.2934965909109,0.0,0.0
5629,2019-08-23 13:00:00,8,2019-08-23 14:00:00,0.10547,0.10547,0.10547,0.0,0.37094170116904496,316.76811368676994,-0.0,28.47461709585906,0.0,288.2934965909109,288.2934965909109,0.0,0.0
5630,2019-08-23 14:00:00,8,2019-08-23 15:00:00,0.12561,0.12561,0.12561,0.0,0.31935724990843073,319.0805794293869,-0.0,30.78708283847601,0.0,288.2934965909109,288.2934965909109,0.0,0.0
5631,2019-08-23 15:00:00,8,2019-08-23 16:00:00,0.12561,0.12561,0.12561,0.0,0.2635835491140901,323.18574726490203,-0.0,34.89225067399116,0.0,288.2934965909109,288.2934965909109,0.0,0.0
5632,2019-08-23 16:00:00,8,2019-08-23 17:00:00,0.15111,0.15111,0.15111,0.0,0.20037295006700465,324.8140122963632,-0.0,36.52051570545234,0.0,288.2934965909109,288.2934965909109,0.0,0.0
5633,2019-08-23 17:00:00,8,2019-08-23 18:00:00,0.15111,0.15111,0.15111,0.0,0.13421259552814171,245.6184761385356,-0.0,0.0,0.0,245.6184761385356,245.6184761385356,0.0,0.0
5634,2019-08-23 18:00:00,8,2019-08-23 19:00:00,0.15111,0.15111,0.15111,0.0,0.13421259552814171,244.23622397072288,-0.0,0.0,0.0,244.23622397072288,244.23622397072288,0.0,0.0
5635,2019-08-23 19:00:00,8,2019-08-23 20:00:00,0.15111,0.15111,0.15111,0.0,0.13421259552814171,210.6869669154999,-0.0,46.48535273153423,0.0,164.2016141839657,164.2016141839657,0.0,0.0
5636,2019-08-23 20:00:00,8,2019-08-23 21:00:00,0.15111,0.15111,0.15111,0.0,0.05,198.59664278328606,-0.0,0.0,0.0,198.59664278328606,198.59664278328606,0.0,0.0
5637,2019-08-23 21:00:00,8,2019-08-23 22:00:00,0.12561,0.12561,0.12561,0.0,0.05,182.6445825164209,-0.0,0.0,0.0,182.6445825164209,182.6445825164209,0.0,0.0
5638,2019-08-23 22:00:00,8,2019-08-23 23:00:00,0.12561,0.12561,0.12561,0.0,0.05,188.99088676045764,-0.0,0.0,0.0,188.99088676045764,188.99088676045764,0.0,0.0
5639,2019-08-23 23:00:00,8,2019-08-24 00:00:00,0.10547,0.10547,0.10547,0.0,0.05,190.14196203443927,-0.0,0.0,0.0,190.14196203443927,190.14196203443927,0.0,0.0
5640,2019-08-24 00:00:00,8,2019-08-24 01:00:00,0.10547,0.10547,0.10547,0.0,0.05,194.05303488092838,-94.2404617099825,0.0,0.0,288.2934965909109,288.2934965909109,0.0,1.0
5641,2019-08-24 01:00:00,8,2019-08-24 02:00:00,0.10547,0.10547,0.10547,0.0,0.19450204128863982,195.6742014338427,-92.61929515706817,0.0,0.0,288.2934965909109,288.2934965909109,0.0,1.0
5642,2019-08-24 02:00:00,8,2019-08-24 03:00:00,0.10547,0.10547,0.10547,0.0,0.336518293862811,203.50865589981,-84.78484069110087,0.0,0.0,288.2934965909109,288.2934965909109,0.0,1.0
5643,2019-08-24 03:00:00,8,2019-08-24 04:00:00,0.10547,0.10547,0.10547,0.0,0.4665217162558324,229.22707658897474,-59.06642000193614,0.0,0.0,288.2934965909109,288.2934965909109,0.0,1.0
5644,2019-08-24 04:00:00,8,2019-08-24 05:00:00,0.10547,0.10547,0.10547,0.0,0.5570902269254677,227.76998370678416,-60.52351288412672,0.0,0.0,288.2934965909109,288.2934965909109,0.0,1.0
5645,2019-08-24 05:00:00,8,2019-08-24 06:00:00,0.10547,0.10547,0.10547,0.0,0.6498929466811287,282.7722355341012,-5.521261056809692,0.0,0.0,288.2934965909109,288.2934965909109,0.0,1.0
5646,2019-08-24 06:00:00,8,2019-08-24 07:00:00,0.10547,0.10547,0.10547,0.0,0.6583588803015703,307.57429486966913,-0.0,19.280798278758255,0.0,288.2934965909109,288.2934965909109,0.0,0.0
5647,2019-08-24 07:00:00,8,2019-08-24 08:00:00,0.10547,0.10547,0.10547,0.0,0.6234298979125155,306.21047678331655,-0.0,17.916980192405674,0.0,288.2934965909109,288.2934965909109,0.0,0.0
5648,2019-08-24 08:00:00,8,2019-08-24 09:00:00,0.10547,0.10547,0.10547,0.0,0.5909716004625052,310.26323979684287,-0.0,21.96974320593199,0.0,288.2934965909109,288.2934965909109,0.0,0.0
5649,2019-08-24 09:00:00,8,2019-08-24 10:00:00,0.10547,0.10547,0.10547,0.0,0.5511713410314689,310.09431397937266,-0.0,21.80081738846178,0.0,288.2934965909109,288.2934965909109,0.0,0.0
5650,2019-08-24 10:00:00,8,2019-08-24 11:00:00,0.10547,0.10547,0.10547,0.0,0.5116771066320817,312.6724893196627,-0.0,24.378992728751825,0.0,288.2934965909109,288.2934965909109,0.0,0.0
5651,2019-08-24 11:00:00,8,2019-08-24 12:00:00,0.10547,0.10547,0.10547,0.0,0.467512264732169,304.48652091422923,-0.0,16.193024323318355,0.0,288.2934965909109,288.2934965909109,0.0,0.0
5652,2019-08-24 12:00:00,8,2019-08-24 13:00:00,0.10547,0.10547,0.10547,0.0,0.43817707574065023,316.0160287467307,-0.0,27.722532155819806,0.0,288.2934965909109,288.2934965909109,0.0,0.0
5653,2019-08-24 13:00:00,8,2019-08-24 14:00:00,0.10547,0.10547,0.10547,0.0,0.38795509719749843,318.4206799628774,-0.0,30.12718337196651,0.0,288.2934965909109,288.2934965909109,0.0,0.0
5654,2019-08-24 14:00:00,8,2019-08-24 15:00:00,0.12561,0.12561,0.12561,0.0,0.3333768664511823,320.61846192532033,-0.0,32.324965334409455,0.0,288.2934965909109,288.2934965909109,0.0,0.0
5655,2019-08-24 15:00:00,8,2019-08-24 16:00:00,0.12561,0.12561,0.12561,0.0,0.27481714664246953,323.89740555300284,-0.0,35.603908962091964,0.0,288.2934965909109,288.2934965909109,0.0,0.0
5656,2019-08-24 16:00:00,8,2019-08-24 17:00:00,0.15111,0.15111,0.15111,0.0,0.21031731156621594,323.88936809924104,-0.0,88.4951559845512,0.0,235.39421211468982,235.39421211468982,0.0,0.0
5657,2019-08-24 17:00:00,8,2019-08-24 18:00:00,0.15111,0.15111,0.15111,0.0,0.05,244.95171890451772,-0.0,0.0,0.0,244.95171890451772,244.95171890451772,0.0,0.0
5658,2019-08-24 18:00:00,8,2019-08-24 19:00:00,0.15111,0.15111,0.15111,0.0,0.05,241.27731894815747,-0.0,0.0,0.0,241.27731894815747,241.27731894815747,0.0,0.0
5659,2019-08-24 19:00:00,8,2019-08-24 20:00:00,0.15111,0.15111,0.15111,0.0,0.05,209.42465312616673,-0.0,0.0,0.0,209.42465312616673,209.42465312616673,0.0,0.0
5660,2019-08-24 20:00:00,8,2019-08-24 21:00:00,0.15111,0.15111,0.15111,0.0,0.05,211.32624466923133,-0.0,0.0,0.0,211.32624466923133,211.32624466923133,0.0,0.0
5661,2019-08-24 21:00:00,8,2019-08-24 22:00:00,0.12561,0.12561,0.12561,0.0,0.05,198.79625706496165,-0.0,0.0,0.0,198.79625706496165,198.79625706496165,0.0,0.0
5662,2019-08-24 22:00:00,8,2019-08-24 23:00:00,0.12561,0.12561,0.12561,0.0,0.05,198.632763183409,-0.0,0.0,0.0,198.632763183409,198.632763183409,0.0,0.0
5663,2019-08-24 23:00:00,8,2019-08-25 00:00:00,0.10547,0.10547,0.10547,0.0,0.05,195.3808888992694,-0.0,0.0,0.0,195.3808888992694,195.3808888992694,0.0,0.0
5664,2019-08-25 00:00:00,8,2019-08-25 01:00:00,0.10547,0.10547,0.10547,0.0,0.05,197.6160459180376,-90.67745067287328,0.0,0.0,288.2934965909109,288.2934965909109,0.0,1.0
5665,2019-08-25 01:00:00,8,2019-08-25 02:00:00,0.10547,0.10547,0.10547,0.0,0.1890387576984057,200.3083391774236,-87.98515741348729,0.0,0.0,288.2934965909109,288.2934965909109,0.0,1.0
5666,2019-08-25 02:00:00,8,2019-08-25 03:00:00,0.10547,0.10547,0.10547,0.0,0.32394933239908624,201.06739473489927,-87.22610185601161,0.0,0.0,288.2934965909109,288.2934965909109,0.0,1.0
5667,2019-08-25 03:00:00,8,2019-08-25 04:00:00,0.10547,0.10547,0.10547,0.0,0.4576960219116374,224.300559396281,-63.99293719462989,0.0,0.0,288.2934965909109,288.2934965909109,0.0,1.0
5668,2019-08-25 04:00:00,8,2019-08-25 05:00:00,0.10547,0.10547,0.10547,0.0,0.5558185256100698,224.29812148332493,-63.99537510758594,0.0,0.0,288.2934965909109,288.2934965909109,0.0,1.0
5669,2019-08-25 05:00:00,8,2019-08-25 06:00:00,0.10547,0.10547,0.10547,0.0,0.6539447674417016,279.64433730951316,-8.649159281397715,0.0,0.0,288.2934965909109,288.2934965909109,0.0,1.0
5670,2019-08-25 06:00:00,8,2019-08-25 07:00:00,0.10547,0.10547,0.10547,0.0,0.6672068116731781,308.4085156458308,-0.0,20.115019054919912,0.0,288.2934965909109,288.2934965909109,0.0,0.0
5671,2019-08-25 07:00:00,8,2019-08-25 08:00:00,0.10547,0.10547,0.10547,0.0,0.6307665597620913,316.98703557952206,-0.0,28.69353898861118,0.0,288.2934965909109,288.2934965909109,0.0,0.0
5672,2019-08-25 08:00:00,8,2019-08-25 09:00:00,0.10547,0.10547,0.10547,0.0,0.5787855108696798,324.45441951951625,-0.0,36.16092292860537,0.0,288.2934965909109,288.2934965909109,0.0,0.0
5673,2019-08-25 09:00:00,8,2019-08-25 10:00:00,0.10547,0.10547,0.10547,0.0,0.513276592520757,326.4300412447414,-0.0,38.136544653830526,0.0,288.2934965909109,288.2934965909109,0.0,0.0
5674,2019-08-25 10:00:00,8,2019-08-25 11:00:00,0.10547,0.10547,0.10547,0.0,0.4441886493072959,327.5079274051661,-0.0,39.214430814255195,0.0,288.2934965909109,288.2934965909109,0.0,0.0
5675,2019-08-25 11:00:00,8,2019-08-25 12:00:00,0.10547,0.10547,0.10547,0.0,0.3731480137742249,313.169640240834,-0.0,24.876143649923108,0.0,288.2934965909109,288.2934965909109,0.0,0.0
5676,2019-08-25 12:00:00,8,2019-08-25 13:00:00,0.10547,0.10547,0.10547,0.0,0.32808253614755256,316.8092471620314,-0.0,28.51575057112052,0.0,288.2934965909109,288.2934965909109,0.0,0.0
5677,2019-08-25 13:00:00,8,2019-08-25 14:00:00,0.10547,0.10547,0.10547,0.0,0.2764235677216096,313.06765017103083,-0.0,24.774153580119957,0.0,288.2934965909109,288.2934965909109,0.0,0.0
5678,2019-08-25 14:00:00,8,2019-08-25 15:00:00,0.12561,0.12561,0.12561,0.0,0.23154285471414587,309.6740875198084,-0.0,21.380590928897504,0.0,288.2934965909109,288.2934965909109,0.0,0.0
5679,2019-08-25 15:00:00,8,2019-08-25 16:00:00,0.12561,0.12561,0.12561,0.0,0.1928099001328098,311.4435644899488,-0.0,23.150067899037936,0.0,288.2934965909109,288.2934965909109,0.0,0.0
5680,2019-08-25 16:00:00,8,2019-08-25 17:00:00,0.15111,0.15111,0.15111,0.0,0.15087137133020484,311.3445581141688,-0.0,23.051061523257943,0.0,288.2934965909109,288.2934965909109,0.0,0.0
5681,2019-08-25 17:00:00,8,2019-08-25 18:00:00,0.15111,0.15111,0.15111,0.0,0.1091122019040129,251.32713782597168,-0.0,0.0,0.0,251.32713782597168,251.32713782597168,0.0,0.0
5682,2019-08-25 18:00:00,8,2019-08-25 19:00:00,0.15111,0.15111,0.15111,0.0,0.1091122019040129,257.9370505523125,-0.0,0.0,0.0,257.9370505523125,257.9370505523125,0.0,0.0
5683,2019-08-25 19:00:00,8,2019-08-25 20:00:00,0.15111,0.15111,0.15111,0.0,0.1091122019040129,228.56568566153524,-0.0,32.62993545101513,0.0,195.9357502105201,195.9357502105201,0.0,0.0
5684,2019-08-25 20:00:00,8,2019-08-25 21:00:00,0.15111,0.15111,0.15111,0.0,0.05,222.62667449651522,-0.0,0.0,0.0,222.62667449651522,222.62667449651522,0.0,0.0
5685,2019-08-25 21:00:00,8,2019-08-25 22:00:00,0.12561,0.12561,0.12561,0.0,0.05,207.6853637940379,-0.0,0.0,0.0,207.6853637940379,207.6853637940379,0.0,0.0
5686,2019-08-25 22:00:00,8,2019-08-25 23:00:00,0.12561,0.12561,0.12561,0.0,0.05,207.58690207249978,-0.0,0.0,0.0,207.58690207249978,207.58690207249978,0.0,0.0
5687,2019-08-25 23:00:00,8,2019-08-26 00:00:00,0.10547,0.10547,0.10547,0.0,0.05,204.36122763301825,-0.0,0.0,0.0,204.36122763301825,204.36122763301825,0.0,0.0
5688,2019-08-26 00:00:00,8,2019-08-26 01:00:00,0.10547,0.10547,0.10547,0.0,0.05,204.34529407231287,-83.53922622695185,0.0,0.0,287.88452029926475,287.88452029926475,0.0,1.0
5689,2019-08-26 01:00:00,8,2019-08-26 02:00:00,0.10547,0.10547,0.10547,0.0,0.1780934802146595,204.33384376447043,-83.55067653479429,0.0,0.0,287.88452029926475,287.88452029926475,0.0,1.0
5690,2019-08-26 02:00:00,8,2019-08-26 03:00:00,0.10547,0.10547,0.10547,0.0,0.3062045175680108,204.32983871407598,-83.55468158518875,0.0,0.0,287.88452029926475,287.88452029926475,0.0,1.0
5691,2019-08-26 03:00:00,8,2019-08-26 04:00:00,0.10547,0.10547,0.10547,0.0,0.4343216959986336,206.83800634050823,-81.04651395875649,0.0,0.0,287.88452029926475,287.88452029926475,0.0,1.0
5692,2019-08-26 04:00:00,8,2019-08-26 05:00:00,0.10547,0.10547,0.10547,0.0,0.5585930174020601,206.79327410535902,-0.0,0.0,0.0,206.79327410535902,206.79327410535902,0.0,0.0
5693,2019-08-26 05:00:00,8,2019-08-26 06:00:00,0.10547,0.10547,0.10547,0.0,0.5585930174020601,223.16927059313824,-64.71524970612649,0.0,0.0,287.88452029926475,287.88452029926475,0.0,1.0
5694,2019-08-26 06:00:00,8,2019-08-26 07:00:00,0.10547,0.10547,0.10547,0.0,0.657823066951454,251.68801739226672,-36.19650290699801,0.0,0.0,287.88452029926475,287.88452029926475,0.0,1.0
5695,2019-08-26 07:00:00,8,2019-08-26 08:00:00,0.10547,0.10547,0.10547,0.0,0.713324371408851,251.51654025692017,-36.367980042344556,0.0,0.0,287.88452029926475,287.88452029926475,0.0,1.0
5696,2019-08-26 08:00:00,8,2019-08-26 09:00:00,0.10547,0.10547,0.10547,0.0,0.7690886074737794,274.32302063577174,-13.56149966349298,0.0,0.0,287.8845202992647,287.8845202992647,0.0,1.0
5697,2019-08-26 09:00:00,8,2019-08-26 10:00:00,0.10547,0.10547,0.10547,0.0,0.7898829069578018,273.4102008396573,-14.474319459607413,0.0,0.0,287.8845202992647,287.8845202992647,0.0,1.0
5698,2019-08-26 10:00:00,8,2019-08-26 11:00:00,0.10547,0.10547,0.10547,0.0,0.8120768634625333,268.3003460381252,-19.58417426113951,0.0,0.0,287.88452029926475,287.88452029926475,0.0,1.0
5699,2019-08-26 11:00:00,8,2019-08-26 12:00:00,0.10547,0.10547,0.10547,0.0,0.8421059306629475,257.4470506029545,-30.437469696310217,0.0,0.0,287.88452029926475,287.88452029926475,0.0,1.0
5700,2019-08-26 12:00:00,8,2019-08-26 13:00:00,0.10547,0.10547,0.10547,0.0,0.8887767175306229,252.40520792987365,-35.47931236939107,0.0,0.0,287.88452029926475,287.88452029926475,0.0,1.0
5701,2019-08-26 13:00:00,8,2019-08-26 14:00:00,0.10547,0.10547,0.10547,0.0,0.943178329830356,250.82690931906208,-37.05761098020264,0.0,0.0,287.88452029926475,287.88452029926475,0.0,1.0
5702,2019-08-26 14:00:00,8,2019-08-26 15:00:00,0.12561,0.12561,0.12561,0.0,1.0,230.38201628792177,-0.0,0.0,0.0,230.38201628792177,230.38201628792177,0.0,0.0
5703,2019-08-26 15:00:00,8,2019-08-26 16:00:00,0.12561,0.12561,0.12561,0.0,1.0,232.13647071684906,-0.0,0.0,0.0,232.13647071684906,232.13647071684906,0.0,0.0
5704,2019-08-26 16:00:00,8,2019-08-26 17:00:00,0.15111,0.15111,0.15111,0.0,1.0,222.1617523076221,-0.0,222.1617523076221,0.0,0.0,0.0,0.0,0.0
5705,2019-08-26 17:00:00,8,2019-08-26 18:00:00,0.15111,0.15111,0.15111,0.0,0.5975330574137282,212.3436868635417,-0.0,117.44377024417658,0.0,94.89991661936513,94.89991661936513,0.0,0.0
5706,2019-08-26 18:00:00,8,2019-08-26 19:00:00,0.15111,0.15111,0.15111,0.0,0.3847726040728286,211.51462773504426,-0.0,0.0,0.0,211.51462773504426,211.51462773504426,0.0,0.0
5707,2019-08-26 19:00:00,8,2019-08-26 20:00:00,0.15111,0.15111,0.15111,0.0,0.3847726040728286,184.7944774482014,-0.0,184.7944774482014,0.0,0.0,0.0,0.0,0.0
5708,2019-08-26 20:00:00,8,2019-08-26 21:00:00,0.15111,0.15111,0.15111,0.0,0.05,196.3390081657698,-0.0,0.0,0.0,196.3390081657698,196.3390081657698,0.0,0.0
5709,2019-08-26 21:00:00,8,2019-08-26 22:00:00,0.12561,0.12561,0.12561,0.0,0.05,196.91701525350206,-0.0,0.0,0.0,196.91701525350206,196.91701525350206,0.0,0.0
5710,2019-08-26 22:00:00,8,2019-08-26 23:00:00,0.12561,0.12561,0.12561,0.0,0.05,194.61722835410004,-0.0,0.0,0.0,194.61722835410004,194.61722835410004,0.0,0.0
5711,2019-08-26 23:00:00,8,2019-08-27 00:00:00,0.10547,0.10547,0.10547,0.0,0.05,193.82565064588687,-0.0,0.0,0.0,193.82565064588687,193.82565064588687,0.0,0.0
5712,2019-08-27 00:00:00,8,2019-08-27 01:00:00,0.10547,0.10547,0.10547,0.0,0.05,196.82428666779444,-0.0,0.0,0.0,196.82428666779444,196.82428666779444,0.0,0.0
5713,2019-08-27 01:00:00,8,2019-08-27 02:00:00,0.10547,0.10547,0.10547,0.0,0.05,196.30540365124088,-90.96254522822085,0.0,0.0,287.26794887946176,287.26794887946176,0.0,1.0
5714,2019-08-27 02:00:00,8,2019-08-27 03:00:00,0.10547,0.10547,0.10547,0.0,0.18947590268327197,201.42502792517672,-0.0,0.0,0.0,201.42502792517672,201.42502792517672,0.0,0.0
5715,2019-08-27 03:00:00,8,2019-08-27 04:00:00,0.10547,0.10547,0.10547,0.0,0.18947590268327197,204.86378477295352,-0.0,0.0,0.0,204.86378477295352,204.86378477295352,0.0,0.0
5716,2019-08-27 04:00:00,8,2019-08-27 05:00:00,0.10547,0.10547,0.10547,0.0,0.18947590268327197,203.2436491113177,-0.0,0.0,0.0,203.2436491113177,203.2436491113177,0.0,0.0
5717,2019-08-27 05:00:00,8,2019-08-27 06:00:00,0.10547,0.10547,0.10547,0.0,0.18947590268327197,219.7686492601826,-67.49929961927913,0.0,0.0,287.26794887946176,287.26794887946176,0.0,1.0
5718,2019-08-27 06:00:00,8,2019-08-27 07:00:00,0.10547,0.10547,0.10547,0.0,0.29297482876616665,215.3966901994221,-71.87125868003963,0.0,0.0,287.26794887946176,287.26794887946176,0.0,1.0
5719,2019-08-27 07:00:00,8,2019-08-27 08:00:00,0.10547,0.10547,0.10547,0.0,0.40317742540889423,233.39014848475549,-53.877800394706234,0.0,0.0,287.2679488794617,287.2679488794617,0.0,1.0
5720,2019-08-27 08:00:00,8,2019-08-27 09:00:00,0.10547,0.10547,0.10547,0.0,0.4857900526807771,225.2348982310872,-62.033050648374534,0.0,0.0,287.2679488794617,287.2679488794617,0.0,1.0
5721,2019-08-27 09:00:00,8,2019-08-27 10:00:00,0.10547,0.10547,0.10547,0.0,0.5809073970082846,221.22792329149252,-66.04002558796921,0.0,0.0,287.26794887946176,287.26794887946176,0.0,1.0
5722,2019-08-27 10:00:00,8,2019-08-27 11:00:00,0.10547,0.10547,0.10547,0.0,0.6821687695765042,219.17637636364404,-68.09157251581769,0.0,0.0,287.26794887946176,287.26794887946176,0.0,1.0
5723,2019-08-27 11:00:00,8,2019-08-27 12:00:00,0.10547,0.10547,0.10547,0.0,0.7865758474340913,219.52876353939521,-67.73918534006651,0.0,0.0,287.26794887946176,287.26794887946176,0.0,1.0
5724,2019-08-27 12:00:00,8,2019-08-27 13:00:00,0.10547,0.10547,0.10547,0.0,0.8904425982888599,215.8174695026312,-71.4504793768305,0.0,0.0,287.2679488794617,287.2679488794617,0.0,1.0
5725,2019-08-27 13:00:00,8,2019-08-27 14:00:00,0.10547,0.10547,0.10547,0.0,1.0,214.3657530390377,-0.0,0.0,0.0,214.3657530390377,214.3657530390377,0.0,0.0
5726,2019-08-27 14:00:00,8,2019-08-27 15:00:00,0.12561,0.12561,0.12561,0.0,1.0,215.17130387984957,-0.0,0.0,0.0,215.17130387984957,215.17130387984957,0.0,0.0
5727,2019-08-27 15:00:00,8,2019-08-27 16:00:00,0.12561,0.12561,0.12561,0.0,1.0,211.46144278149265,-0.0,0.0,0.0,211.46144278149265,211.46144278149265,0.0,0.0
5728,2019-08-27 16:00:00,8,2019-08-27 17:00:00,0.15111,0.15111,0.15111,0.0,1.0,201.0367886083657,-0.0,150.75761382890497,0.0,50.27917477946073,50.27917477946073,0.0,0.0
5729,2019-08-27 17:00:00,8,2019-08-27 18:00:00,0.15111,0.15111,0.15111,0.0,0.7268883807447374,191.75527561924218,-0.0,191.75527561924218,0.0,0.0,0.0,1.0,0.0
5730,2019-08-27 18:00:00,8,2019-08-27 19:00:00,0.15111,0.15111,0.15111,0.0,0.3795056350577045,190.09612336044844,-0.0,0.0,0.0,190.09612336044844,190.09612336044844,0.0,0.0
5731,2019-08-27 19:00:00,8,2019-08-27 20:00:00,0.15111,0.15111,0.15111,0.0,0.3795056350577045,181.8871105518529,-0.0,181.8871105518529,0.0,0.0,0.0,1.0,0.0
5732,2019-08-27 20:00:00,8,2019-08-27 21:00:00,0.15111,0.15111,0.15111,0.0,0.05,182.2998532089043,-0.0,0.0,0.0,182.2998532089043,182.2998532089043,0.0,0.0
5733,2019-08-27 21:00:00,8,2019-08-27 22:00:00,0.12561,0.12561,0.12561,0.0,0.05,189.00477565262588,-0.0,0.0,0.0,189.00477565262588,189.00477565262588,0.0,0.0
5734,2019-08-27 22:00:00,8,2019-08-27 23:00:00,0.12561,0.12561,0.12561,0.0,0.05,190.55553809351002,-0.0,0.0,0.0,190.55553809351002,190.55553809351002,0.0,0.0
5735,2019-08-27 23:00:00,8,2019-08-28 00:00:00,0.10547,0.10547,0.10547,0.0,0.05,192.815765103606,-0.0,0.0,0.0,192.815765103606,192.815765103606,0.0,0.0
5736,2019-08-28 00:00:00,8,2019-08-28 01:00:00,0.10547,0.10547,0.10547,0.0,0.05,203.66997112945705,-84.62352546145382,0.0,0.0,288.2934965909109,288.2934965909109,0.0,1.0
5737,2019-08-28 01:00:00,8,2019-08-28 02:00:00,0.10547,0.10547,0.10547,0.0,0.1797560723742292,206.94057975691223,-81.35291683399865,0.0,0.0,288.2934965909109,288.2934965909109,0.0,1.0
5738,2019-08-28 02:00:00,8,2019-08-28 03:00:00,0.10547,0.10547,0.10547,0.0,0.3044972115196938,206.69039721427774,-81.60309937663314,0.0,0.0,288.2934965909109,288.2934965909109,0.0,1.0
5739,2019-08-28 03:00:00,8,2019-08-28 04:00:00,0.10547,0.10547,0.10547,0.0,0.4296219638971979,228.02108060364006,-60.27241598727082,0.0,0.0,288.2934965909109,288.2934965909109,0.0,1.0
5740,2019-08-28 04:00:00,8,2019-08-28 05:00:00,0.10547,0.10547,0.10547,0.0,0.5220396684110131,226.86898820485158,-61.4245083860593,0.0,0.0,288.2934965909109,288.2934965909109,0.0,1.0
5741,2019-08-28 05:00:00,8,2019-08-28 06:00:00,0.10547,0.10547,0.10547,0.0,0.6162239146029708,282.3762779572042,-5.917218633706682,0.0,0.0,288.2934965909109,288.2934965909109,0.0,1.0
5742,2019-08-28 06:00:00,8,2019-08-28 07:00:00,0.10547,0.10547,0.10547,0.0,0.6252969831746543,311.4506994328424,-0.0,23.157202841931507,0.0,288.2934965909109,288.2934965909109,0.0,0.0
5743,2019-08-28 07:00:00,8,2019-08-28 08:00:00,0.10547,0.10547,0.10547,0.0,0.5833455287508654,317.14944630853074,-0.0,28.855949717619865,0.0,288.2934965909109,288.2934965909109,0.0,0.0
5744,2019-08-28 08:00:00,8,2019-08-28 09:00:00,0.10547,0.10547,0.10547,0.0,0.5310702575232932,323.5463250800623,-0.0,35.2528284891514,0.0,288.2934965909109,288.2934965909109,0.0,0.0
5745,2019-08-28 09:00:00,8,2019-08-28 10:00:00,0.10547,0.10547,0.10547,0.0,0.4672064377965697,318.54960691229695,-0.0,30.256110321386075,0.0,288.2934965909109,288.2934965909109,0.0,0.0
5746,2019-08-28 10:00:00,8,2019-08-28 11:00:00,0.10547,0.10547,0.10547,0.0,0.41239464373608764,312.99693749513506,-0.0,24.70344090422418,0.0,288.2934965909109,288.2934965909109,0.0,0.0
5747,2019-08-28 11:00:00,8,2019-08-28 12:00:00,0.10547,0.10547,0.10547,0.0,0.3676420334023482,299.133101851135,-0.0,10.839605260224118,0.0,288.2934965909109,288.2934965909109,0.0,0.0
5748,2019-08-28 12:00:00,8,2019-08-28 13:00:00,0.10547,0.10547,0.10547,0.0,0.34800506735121756,308.6236044023098,-0.0,20.330107811398932,0.0,288.2934965909109,288.2934965909109,0.0,0.0
5749,2019-08-28 13:00:00,8,2019-08-28 14:00:00,0.10547,0.10547,0.10547,0.0,0.3111751618957847,312.89527714299777,-0.0,24.601780552086893,0.0,288.2934965909109,288.2934965909109,0.0,0.0
5750,2019-08-28 14:00:00,8,2019-08-28 15:00:00,0.12561,0.12561,0.12561,0.0,0.2666067188666418,315.0744581538037,-0.0,26.7809615628928,0.0,288.2934965909109,288.2934965909109,0.0,0.0
5751,2019-08-28 15:00:00,8,2019-08-28 16:00:00,0.12561,0.12561,0.12561,0.0,0.21809048415125631,318.2842785827227,-0.0,29.990781991811843,0.0,288.2934965909109,288.2934965909109,0.0,0.0
5752,2019-08-28 16:00:00,8,2019-08-28 17:00:00,0.15111,0.15111,0.15111,0.0,0.16375935735449573,319.29668470892847,-0.0,31.00318811801759,0.0,288.2934965909109,288.2934965909109,0.0,0.0
5753,2019-08-28 17:00:00,8,2019-08-28 18:00:00,0.15111,0.15111,0.15111,0.0,0.10759416148852184,245.50117036619636,-0.0,0.0,0.0,245.50117036619636,245.50117036619636,0.0,0.0
5754,2019-08-28 18:00:00,8,2019-08-28 19:00:00,0.15111,0.15111,0.15111,0.0,0.10759416148852184,240.33839873469523,-0.0,0.0,0.0,240.33839873469523,240.33839873469523,0.0,0.0
5755,2019-08-28 19:00:00,8,2019-08-28 20:00:00,0.15111,0.15111,0.15111,0.0,0.10759416148852184,212.72299199035643,-0.0,31.79197714166406,0.0,180.93101484869237,180.93101484869237,0.0,0.0
5756,2019-08-28 20:00:00,8,2019-08-28 21:00:00,0.15111,0.15111,0.15111,0.0,0.05,213.53836083020235,-0.0,0.0,0.0,213.53836083020235,213.53836083020235,0.0,0.0
5757,2019-08-28 21:00:00,8,2019-08-28 22:00:00,0.12561,0.12561,0.12561,0.0,0.05,199.55390096928923,-0.0,0.0,0.0,199.55390096928923,199.55390096928923,0.0,0.0
5758,2019-08-28 22:00:00,8,2019-08-28 23:00:00,0.12561,0.12561,0.12561,0.0,0.05,200.35793684419446,-0.0,0.0,0.0,200.35793684419446,200.35793684419446,0.0,0.0
5759,2019-08-28 23:00:00,8,2019-08-29 00:00:00,0.10547,0.10547,0.10547,0.0,0.05,197.74912838810883,-13.12650210869873,0.0,0.0,210.87563049680756,210.87563049680756,0.0,1.0
5760,2019-08-29 00:00:00,8,2019-08-29 01:00:00,0.10547,0.10547,0.10547,0.0,0.07012730323333806,201.25607002925622,-87.03742656165466,0.0,0.0,288.2934965909109,288.2934965909109,0.0,1.0
5761,2019-08-29 01:00:00,8,2019-08-29 02:00:00,0.10547,0.10547,0.10547,0.0,0.2035846906278752,204.19756567176745,-84.09593091914343,0.0,0.0,288.2934965909109,288.2934965909109,0.0,1.0
5762,2019-08-29 02:00:00,8,2019-08-29 03:00:00,0.10547,0.10547,0.10547,0.0,0.33253178470389516,206.49307133598055,-81.80042525493033,0.0,0.0,288.2934965909109,288.2934965909109,0.0,1.0
5763,2019-08-29 03:00:00,8,2019-08-29 04:00:00,0.10547,0.10547,0.10547,0.0,0.4579591034281216,227.9352562195393,-60.35824037137158,0.0,0.0,288.2934965909109,288.2934965909109,0.0,1.0
5764,2019-08-29 04:00:00,8,2019-08-29 05:00:00,0.10547,0.10547,0.10547,0.0,0.5505084053308914,228.0746811845377,-60.21881540637318,0.0,0.0,288.2934965909109,288.2934965909109,0.0,1.0
5765,2019-08-29 05:00:00,8,2019-08-29 06:00:00,0.10547,0.10547,0.10547,0.0,0.6428439222873303,285.2388229781097,-3.0546736128011958,0.0,0.0,288.2934965909109,288.2934965909109,0.0,1.0
5766,2019-08-29 06:00:00,8,2019-08-29 07:00:00,0.10547,0.10547,0.10547,0.0,0.6475277551602923,305.7045377311229,-0.0,17.411041140212035,0.0,288.2934965909109,288.2934965909109,0.0,0.0
5767,2019-08-29 07:00:00,8,2019-08-29 08:00:00,0.10547,0.10547,0.10547,0.0,0.6159860139642559,311.03353301140896,-0.0,22.740036420498086,0.0,288.2934965909109,288.2934965909109,0.0,0.0
5768,2019-08-29 08:00:00,8,2019-08-29 09:00:00,0.10547,0.10547,0.10547,0.0,0.5747902958111796,316.59265400712,-0.0,28.29915741620914,0.0,288.2934965909109,288.2934965909109,0.0,0.0
5769,2019-08-29 09:00:00,8,2019-08-29 10:00:00,0.10547,0.10547,0.10547,0.0,0.5235237062890615,316.03568666699175,-0.0,27.742190076080874,0.0,288.2934965909109,288.2934965909109,0.0,0.0
5770,2019-08-29 10:00:00,8,2019-08-29 11:00:00,0.10547,0.10547,0.10547,0.0,0.47326611557152376,311.1703591968926,-0.0,22.876862605981728,0.0,288.2934965909109,288.2934965909109,0.0,0.0
5771,2019-08-29 11:00:00,8,2019-08-29 12:00:00,0.10547,0.10547,0.10547,0.0,0.4318225238940206,300.6575749028336,-0.0,12.364078311922697,0.0,288.2934965909109,288.2934965909109,0.0,0.0
5772,2019-08-29 12:00:00,8,2019-08-29 13:00:00,0.10547,0.10547,0.10547,0.0,0.40942383129995774,312.4084190579347,-0.0,24.114922467023803,0.0,288.2934965909109,288.2934965909109,0.0,0.0
5773,2019-08-29 13:00:00,8,2019-08-29 14:00:00,0.10547,0.10547,0.10547,0.0,0.3657373775553494,316.07021887415596,-0.0,27.77672228324508,0.0,288.2934965909109,288.2934965909109,0.0,0.0
5774,2019-08-29 14:00:00,8,2019-08-29 15:00:00,0.12561,0.12561,0.12561,0.0,0.3154172284914996,318.84011008399983,-0.0,30.546613493088955,0.0,288.2934965909109,288.2934965909109,0.0,0.0
5775,2019-08-29 15:00:00,8,2019-08-29 16:00:00,0.12561,0.12561,0.12561,0.0,0.260079160569237,322.767346862989,-0.0,34.473850272078096,0.0,288.2934965909109,288.2934965909109,0.0,0.0
5776,2019-08-29 16:00:00,8,2019-08-29 17:00:00,0.15111,0.15111,0.15111,0.0,0.19762653326474774,324.0729265155582,-0.0,35.77942992464733,0.0,288.2934965909109,288.2934965909109,0.0,0.0
5777,2019-08-29 17:00:00,8,2019-08-29 18:00:00,0.15111,0.15111,0.15111,0.0,0.13280872543024172,245.7559601172475,-0.0,0.0,0.0,245.7559601172475,245.7559601172475,0.0,0.0
5778,2019-08-29 18:00:00,8,2019-08-29 19:00:00,0.15111,0.15111,0.15111,0.0,0.13280872543024172,244.2508855266916,-0.0,0.0,0.0,244.2508855266916,244.2508855266916,0.0,0.0
5779,2019-08-29 19:00:00,8,2019-08-29 20:00:00,0.15111,0.15111,0.15111,0.0,0.13280872543024172,208.3740088714,-0.0,45.71041643749343,0.0,162.6635924339066,162.6635924339066,0.0,0.0
5780,2019-08-29 20:00:00,8,2019-08-29 21:00:00,0.15111,0.15111,0.15111,0.0,0.05,201.8876960455572,-0.0,0.0,0.0,201.8876960455572,201.8876960455572,0.0,0.0
5781,2019-08-29 21:00:00,8,2019-08-29 22:00:00,0.12561,0.12561,0.12561,0.0,0.05,193.2371870941,-0.0,0.0,0.0,193.2371870941,193.2371870941,0.0,0.0
5782,2019-08-29 22:00:00,8,2019-08-29 23:00:00,0.12561,0.12561,0.12561,0.0,0.05,200.5806710466839,-0.0,0.0,0.0,200.5806710466839,200.5806710466839,0.0,0.0
5783,2019-08-29 23:00:00,8,2019-08-30 00:00:00,0.10547,0.10547,0.10547,0.0,0.05,201.7142998081625,-0.0,0.0,0.0,201.7142998081625,201.7142998081625,0.0,0.0
5784,2019-08-30 00:00:00,8,2019-08-30 01:00:00,0.10547,0.10547,0.10547,0.0,0.05,202.28972580298694,-86.00377078792394,0.0,0.0,288.2934965909109,288.2934965909109,0.0,1.0
5785,2019-08-30 01:00:00,8,2019-08-30 02:00:00,0.10547,0.10547,0.10547,0.0,0.18187244854148338,201.92025925390593,-86.37323733700495,0.0,0.0,288.2934965909109,288.2934965909109,0.0,1.0
5786,2019-08-30 02:00:00,8,2019-08-30 03:00:00,0.10547,0.10547,0.10547,0.0,0.3143114124582243,205.77161139547823,-82.52188519543265,0.0,0.0,288.2934965909109,288.2934965909109,0.0,1.0
5787,2019-08-30 03:00:00,8,2019-08-30 04:00:00,0.10547,0.10547,0.10547,0.0,0.4408449697578878,228.87447912671834,-59.419017464192535,0.0,0.0,288.2934965909109,288.2934965909109,0.0,1.0
5788,2019-08-30 04:00:00,8,2019-08-30 05:00:00,0.10547,0.10547,0.10547,0.0,0.5319541298696496,229.00468225764348,-59.288814333267396,0.0,0.0,288.2934965909109,288.2934965909109,0.0,1.0
5789,2019-08-30 05:00:00,8,2019-08-30 06:00:00,0.10547,0.10547,0.10547,0.0,0.6228636451806596,285.5688119667591,-2.7246846241517915,0.0,0.0,288.2934965909109,288.2934965909109,0.0,1.0
5790,2019-08-30 06:00:00,8,2019-08-30 07:00:00,0.10547,0.10547,0.10547,0.0,0.6270414949376925,308.09749788766914,-0.0,19.80400129675826,0.0,288.2934965909109,288.2934965909109,0.0,0.0
5791,2019-08-30 07:00:00,8,2019-08-30 08:00:00,0.10547,0.10547,0.10547,0.0,0.5911646809942898,315.75108925355966,-0.0,27.45759266264878,0.0,288.2934965909109,288.2934965909109,0.0,0.0
5792,2019-08-30 08:00:00,8,2019-08-30 09:00:00,0.10547,0.10547,0.10547,0.0,0.5414226653010855,321.3597379191549,-0.0,33.06624132824402,0.0,288.2934965909109,288.2934965909109,0.0,0.0
5793,2019-08-30 09:00:00,8,2019-08-30 10:00:00,0.10547,0.10547,0.10547,0.0,0.4815200541991942,316.9953674707373,-0.0,28.7018708798264,0.0,288.2934965909109,288.2934965909109,0.0,0.0
5794,2019-08-30 10:00:00,8,2019-08-30 11:00:00,0.10547,0.10547,0.10547,0.0,0.42952391130095796,312.63561150872545,-0.0,24.34211491781457,0.0,288.2934965909109,288.2934965909109,0.0,0.0
5795,2019-08-30 11:00:00,8,2019-08-30 12:00:00,0.10547,0.10547,0.10547,0.0,0.3854258770295547,300.2827584553888,-0.0,11.989261864477896,0.0,288.2934965909109,288.2934965909109,0.0,0.0
5796,2019-08-30 12:00:00,8,2019-08-30 13:00:00,0.10547,0.10547,0.10547,0.0,0.3637061997388339,310.9903328561862,-0.0,22.69683626527535,0.0,288.2934965909109,288.2934965909109,0.0,0.0
5797,2019-08-30 13:00:00,8,2019-08-30 14:00:00,0.10547,0.10547,0.10547,0.0,0.3225887427365235,314.82744495738217,-0.0,26.533948366471293,0.0,288.2934965909109,288.2934965909109,0.0,0.0
5798,2019-08-30 14:00:00,8,2019-08-30 15:00:00,0.12561,0.12561,0.12561,0.0,0.2745199956958146,317.39320338967553,-0.0,29.099706798764657,0.0,288.2934965909109,288.2934965909109,0.0,0.0
5799,2019-08-30 15:00:00,8,2019-08-30 16:00:00,0.12561,0.12561,0.12561,0.0,0.221803135553125,320.04511998437835,-0.0,31.75162339346747,0.0,288.2934965909109,288.2934965909109,0.0,0.0
5800,2019-08-30 16:00:00,8,2019-08-30 17:00:00,0.15111,0.15111,0.15111,0.0,0.1642820786809013,321.05246095440174,-0.0,63.08370743185752,0.0,257.9687535225442,257.9687535225442,0.0,0.0
5801,2019-08-30 17:00:00,8,2019-08-30 18:00:00,0.15111,0.15111,0.15111,0.0,0.05,245.02061334744891,-0.0,0.0,0.0,245.02061334744891,245.02061334744891,0.0,0.0
5802,2019-08-30 18:00:00,8,2019-08-30 19:00:00,0.15111,0.15111,0.15111,0.0,0.05,241.71479155370287,-0.0,0.0,0.0,241.71479155370287,241.71479155370287,0.0,0.0
5803,2019-08-30 19:00:00,8,2019-08-30 20:00:00,0.15111,0.15111,0.15111,0.0,0.05,213.33854354981347,-0.0,0.0,0.0,213.33854354981347,213.33854354981347,0.0,0.0
5804,2019-08-30 20:00:00,8,2019-08-30 21:00:00,0.15111,0.15111,0.15111,0.0,0.05,214.3150454642211,-0.0,0.0,0.0,214.3150454642211,214.3150454642211,0.0,0.0
5805,2019-08-30 21:00:00,8,2019-08-30 22:00:00,0.12561,0.12561,0.12561,0.0,0.05,205.08646086363433,-0.0,0.0,0.0,205.08646086363433,205.08646086363433,0.0,0.0
5806,2019-08-30 22:00:00,8,2019-08-30 23:00:00,0.12561,0.12561,0.12561,0.0,0.05,210.21280013207095,-0.0,0.0,0.0,210.21280013207095,210.21280013207095,0.0,0.0
5807,2019-08-30 23:00:00,8,2019-08-31 00:00:00,0.10547,0.10547,0.10547,0.0,0.05,204.73444928013083,-51.488875308713375,0.0,0.0,256.2233245888442,256.2233245888442,0.0,1.0
5808,2019-08-31 00:00:00,8,2019-08-31 01:00:00,0.10547,0.10547,0.10547,0.0,0.12894960880669384,204.22821236074253,-84.06528423016834,0.0,0.0,288.2934965909109,288.2934965909109,0.0,1.0
5809,2019-08-31 01:00:00,8,2019-08-31 02:00:00,0.10547,0.10547,0.10547,0.0,0.25784971129295203,203.86529858681,-84.42819800410086,0.0,0.0,288.2934965909109,288.2934965909109,0.0,1.0
5810,2019-08-31 02:00:00,8,2019-08-31 03:00:00,0.10547,0.10547,0.10547,0.0,0.38730628156590663,202.8916125800589,-85.40188401085197,0.0,0.0,288.2934965909109,288.2934965909109,0.0,1.0
5811,2019-08-31 03:00:00,8,2019-08-31 04:00:00,0.10547,0.10547,0.10547,0.0,0.518255837049213,229.0420679520739,-59.251428638836984,0.0,0.0,288.2934965909109,288.2934965909109,0.0,1.0
5812,2019-08-31 04:00:00,8,2019-08-31 05:00:00,0.10547,0.10547,0.10547,0.0,0.609108027628763,227.8378053240987,-60.45569126681218,0.0,0.0,288.2934965909109,288.2934965909109,0.0,1.0
5813,2019-08-31 05:00:00,8,2019-08-31 06:00:00,0.10547,0.10547,0.10547,0.0,0.7018067542378751,281.7794502407002,-6.514046350210663,0.0,0.0,288.2934965909109,288.2934965909109,0.0,1.0
5814,2019-08-31 06:00:00,8,2019-08-31 07:00:00,0.10547,0.10547,0.10547,0.0,0.7117949586415314,311.1575514064615,-0.0,22.864054815550617,0.0,288.2934965909109,288.2934965909109,0.0,0.0
5815,2019-08-31 07:00:00,8,2019-08-31 08:00:00,0.10547,0.10547,0.10547,0.0,0.6703745694829253,321.5485340897133,-0.0,33.25503749880244,0.0,288.2934965909109,288.2934965909109,0.0,0.0
5816,2019-08-31 08:00:00,8,2019-08-31 09:00:00,0.10547,0.10547,0.10547,0.0,0.6101299363329209,326.0318385608979,-0.0,37.738341969987005,0.0,288.2934965909109,288.2934965909109,0.0,0.0
5817,2019-08-31 09:00:00,8,2019-08-31 10:00:00,0.10547,0.10547,0.10547,0.0,0.5417633747930893,322.9351286147532,-0.0,34.641632023842305,0.0,288.2934965909109,288.2934965909109,0.0,0.0
5818,2019-08-31 10:00:00,8,2019-08-31 11:00:00,0.10547,0.10547,0.10547,0.0,0.4790067950397519,314.25615377305104,-0.0,25.962657182140163,0.0,288.2934965909109,288.2934965909109,0.0,0.0
5819,2019-08-31 11:00:00,8,2019-08-31 12:00:00,0.10547,0.10547,0.10547,0.0,0.4319729957967443,300.8658088768983,-0.0,12.572312285987437,0.0,288.2934965909109,288.2934965909109,0.0,0.0
5820,2019-08-31 12:00:00,8,2019-08-31 13:00:00,0.10547,0.10547,0.10547,0.0,0.4091970677424193,314.13252671287216,-0.0,25.839030121961287,0.0,288.2934965909109,288.2934965909109,0.0,0.0
5821,2019-08-31 13:00:00,8,2019-08-31 14:00:00,0.10547,0.10547,0.10547,0.0,0.3623872305649532,318.93965192171146,-0.0,30.646155330800582,0.0,288.2934965909109,288.2934965909109,0.0,0.0
5822,2019-08-31 14:00:00,8,2019-08-31 15:00:00,0.12561,0.12561,0.12561,0.0,0.30686883322654634,324.3688835968995,-0.0,36.0753870059886,0.0,288.2934965909109,288.2934965909109,0.0,0.0
5823,2019-08-31 15:00:00,8,2019-08-31 16:00:00,0.12561,0.12561,0.12561,0.0,0.24151487125917573,328.7975274062827,-0.0,40.504030815371834,0.0,288.2934965909109,288.2934965909109,0.0,0.0
5824,2019-08-31 16:00:00,8,2019-08-31 17:00:00,0.15111,0.15111,0.15111,0.0,0.16813800384002384,329.10045343555925,-0.0,40.80695684464837,0.0,288.2934965909109,288.2934965909109,0.0,0.0
5825,2019-08-31 17:00:00,8,2019-08-31 18:00:00,0.15111,0.15111,0.15111,0.0,0.09421235738232753,246.1650559718909,-0.0,0.0,0.0,246.1650559718909,246.1650559718909,0.0,0.0
5826,2019-08-31 18:00:00,8,2019-08-31 19:00:00,0.15111,0.15111,0.15111,0.0,0.09421235738232753,246.00210499942105,-0.0,0.0,0.0,246.00210499942105,246.00210499942105,0.0,0.0
5827,2019-08-31 19:00:00,8,2019-08-31 20:00:00,0.15111,0.15111,0.15111,0.0,0.09421235738232753,213.69608294187987,-0.0,24.405221275044795,0.0,189.29086166683507,189.29086166683507,0.0,0.0
5828,2019-08-31 20:00:00,8,2019-08-31 21:00:00,0.15111,0.15111,0.15111,0.0,0.05,200.1474836899669,-0.0,0.0,0.0,200.1474836899669,200.1474836899669,0.0,0.0
5829,2019-08-31 21:00:00,8,2019-08-31 22:00:00,0.12561,0.12561,0.12561,0.0,0.05,182.02120752057215,-0.0,0.0,0.0,182.02120752057215,182.02120752057215,0.0,0.0
5830,2019-08-31 22:00:00,8,2019-08-31 23:00:00,0.12561,0.12561,0.12561,0.0,0.05,186.67154830701574,-0.0,0.0,0.0,186.67154830701574,186.67154830701574,0.0,0.0
5831,2019-08-31 23:00:00,8,2019-09-01 00:00:00,0.10547,0.10547,0.10547,0.0,0.05,183.49396503881653,-0.0,0.0,0.0,183.49396503881653,183.49396503881653,0.0,0.0
5832,2019-09-01 00:00:00,9,2019-09-01 01:00:00,0.10547,0.10547,0.10547,0.0,0.05,184.44848774679784,-99.02676665245231,0.0,0.0,283.47525439925016,283.47525439925016,0.0,1.0
5833,2019-09-01 01:00:00,9,2019-09-01 02:00:00,0.10547,0.10547,0.10547,0.0,0.2018410422004269,189.43185113454928,-94.04340326470087,0.0,0.0,283.47525439925016,283.47525439925016,0.0,1.0
5834,2019-09-01 02:00:00,9,2019-09-01 03:00:00,0.10547,0.10547,0.10547,0.0,0.3460409272063016,192.83671144511294,-90.63854295413721,0.0,0.0,283.47525439925016,283.47525439925016,0.0,1.0
5835,2019-09-01 03:00:00,9,2019-09-01 04:00:00,0.10547,0.10547,0.10547,0.0,0.4850200264026453,219.2540308494108,-64.22122354983934,0.0,0.0,283.47525439925016,283.47525439925016,0.0,1.0
5836,2019-09-01 04:00:00,9,2019-09-01 05:00:00,0.10547,0.10547,0.10547,0.0,0.5834925691790657,220.21565968618515,-63.259594713065,0.0,0.0,283.47525439925016,283.47525439925016,0.0,1.0
5837,2019-09-01 05:00:00,9,2019-09-01 06:00:00,0.10547,0.10547,0.10547,0.0,0.6804906144057654,275.2551760695676,-8.22007832968255,0.0,0.0,283.47525439925016,283.47525439925016,0.0,1.0
5838,2019-09-01 06:00:00,9,2019-09-01 07:00:00,0.10547,0.10547,0.10547,0.0,0.6930947345112787,303.8025201762245,-0.0,20.327265776974343,0.0,283.47525439925016,283.47525439925016,0.0,0.0
5839,2019-09-01 07:00:00,9,2019-09-01 08:00:00,0.10547,0.10547,0.10547,0.0,0.6562699776689336,314.45959349902864,-0.0,30.98433909977848,0.0,283.47525439925016,283.47525439925016,0.0,0.0
5840,2019-09-01 08:00:00,9,2019-09-01 09:00:00,0.10547,0.10547,0.10547,0.0,0.600138928575132,320.1397565504215,-0.0,36.66450215117135,0.0,283.47525439925016,283.47525439925016,0.0,0.0
5841,2019-09-01 09:00:00,9,2019-09-01 10:00:00,0.10547,0.10547,0.10547,0.0,0.5337177290259085,318.3322263822693,-0.0,34.85697198301915,0.0,283.47525439925016,283.47525439925016,0.0,0.0
5842,2019-09-01 10:00:00,9,2019-09-01 11:00:00,0.10547,0.10547,0.10547,0.0,0.47057104065087374,314.86552147864086,-0.0,31.390267079390696,0.0,283.47525439925016,283.47525439925016,0.0,0.0
5843,2019-09-01 11:00:00,9,2019-09-01 12:00:00,0.10547,0.10547,0.10547,0.0,0.4137046147824122,301.58554275688186,-0.0,18.110288357631703,0.0,283.47525439925016,283.47525439925016,0.0,0.0
5844,2019-09-01 12:00:00,9,2019-09-01 13:00:00,0.10547,0.10547,0.10547,0.0,0.38089612138090556,312.45997670741076,-0.0,28.984722308160627,0.0,283.47525439925016,283.47525439925016,0.0,0.0
5845,2019-09-01 13:00:00,9,2019-09-01 14:00:00,0.10547,0.10547,0.10547,0.0,0.3283875664748175,317.3826632552639,-0.0,33.907408856013745,0.0,283.47525439925016,283.47525439925016,0.0,0.0
5846,2019-09-01 14:00:00,9,2019-09-01 15:00:00,0.12561,0.12561,0.12561,0.0,0.26696110115595206,321.0808428120868,-0.0,37.60558841283668,0.0,283.47525439925016,283.47525439925016,0.0,0.0
5847,2019-09-01 15:00:00,9,2019-09-01 16:00:00,0.12561,0.12561,0.12561,0.0,0.19883503519066825,324.72521369809976,-0.0,41.24995929884963,0.0,283.47525439925016,283.47525439925016,0.0,0.0
5848,2019-09-01 16:00:00,9,2019-09-01 17:00:00,0.15111,0.15111,0.15111,0.0,0.12410684805507109,324.3822345256494,-0.0,40.90698012639925,0.0,283.47525439925016,283.47525439925016,0.0,0.0
5849,2019-09-01 17:00:00,9,2019-09-01 18:00:00,0.15111,0.15111,0.15111,0.0,0.05,244.71342481950094,-0.0,0.0,0.0,244.71342481950094,244.71342481950094,0.0,0.0
5850,2019-09-01 18:00:00,9,2019-09-01 19:00:00,0.15111,0.15111,0.15111,0.0,0.05,242.6530868976946,-0.0,0.0,0.0,242.6530868976946,242.6530868976946,0.0,0.0
5851,2019-09-01 19:00:00,9,2019-09-01 20:00:00,0.15111,0.15111,0.15111,0.0,0.05,207.8596872573012,-0.0,0.0,0.0,207.8596872573012,207.8596872573012,0.0,0.0
5852,2019-09-01 20:00:00,9,2019-09-01 21:00:00,0.15111,0.15111,0.15111,0.0,0.05,202.58027464517124,-0.0,0.0,0.0,202.58027464517124,202.58027464517124,0.0,0.0
5853,2019-09-01 21:00:00,9,2019-09-01 22:00:00,0.12561,0.12561,0.12561,0.0,0.05,199.23780705438594,-0.0,0.0,0.0,199.23780705438594,199.23780705438594,0.0,0.0
5854,2019-09-01 22:00:00,9,2019-09-01 23:00:00,0.12561,0.12561,0.12561,0.0,0.05,203.2200472903494,-0.0,0.0,0.0,203.2200472903494,203.2200472903494,0.0,0.0
5855,2019-09-01 23:00:00,9,2019-09-02 00:00:00,0.10547,0.10547,0.10547,0.0,0.05,200.04846244401475,-0.0,0.0,0.0,200.04846244401475,200.04846244401475,0.0,0.0
5856,2019-09-02 00:00:00,9,2019-09-02 01:00:00,0.10547,0.10547,0.10547,0.0,0.05,197.48450370296868,-85.98837028036607,0.0,0.0,283.47287398333475,283.47287398333475,0.0,1.0
5857,2019-09-02 01:00:00,9,2019-09-02 02:00:00,0.10547,0.10547,0.10547,0.0,0.18184883442989463,203.46672968375336,-0.0,0.0,0.0,203.46672968375336,203.46672968375336,0.0,0.0
5858,2019-09-02 02:00:00,9,2019-09-02 03:00:00,0.10547,0.10547,0.10547,0.0,0.18184883442989463,206.530767318573,-76.94210666476175,0.0,0.0,283.47287398333475,283.47287398333475,0.0,1.0
5859,2019-09-02 03:00:00,9,2019-09-02 04:00:00,0.10547,0.10547,0.10547,0.0,0.2998267313158627,207.86459744346598,-75.60827653986877,0.0,0.0,283.47287398333475,283.47287398333475,0.0,1.0
5860,2019-09-02 04:00:00,9,2019-09-02 05:00:00,0.10547,0.10547,0.10547,0.0,0.4157594220103282,206.6754806210309,-76.79739336230384,0.0,0.0,283.47287398333475,283.47287398333475,0.0,1.0
5861,2019-09-02 05:00:00,9,2019-09-02 06:00:00,0.10547,0.10547,0.10547,0.0,0.5335154251658605,222.9397115117084,-60.533162471626355,0.0,0.0,283.47287398333475,283.47287398333475,0.0,1.0
5862,2019-09-02 06:00:00,9,2019-09-02 07:00:00,0.10547,0.10547,0.10547,0.0,0.6263329409556875,245.86664678180722,-37.60622720152753,0.0,0.0,283.47287398333475,283.47287398333475,0.0,1.0
5863,2019-09-02 07:00:00,9,2019-09-02 08:00:00,0.10547,0.10547,0.10547,0.0,0.6839958226646965,239.15952132207144,-44.31335266126331,0.0,0.0,283.47287398333475,283.47287398333475,0.0,1.0
5864,2019-09-02 08:00:00,9,2019-09-02 09:00:00,0.10547,0.10547,0.10547,0.0,0.7519429634119669,262.6281867262244,-20.844687257110365,0.0,0.0,283.47287398333475,283.47287398333475,0.0,1.0
5865,2019-09-02 09:00:00,9,2019-09-02 10:00:00,0.10547,0.10547,0.10547,0.0,0.7839048172062029,260.7232808942412,-22.749593089093537,0.0,0.0,283.47287398333475,283.47287398333475,0.0,1.0
5866,2019-09-02 10:00:00,9,2019-09-02 11:00:00,0.10547,0.10547,0.10547,0.0,0.8187875266094797,259.90478316354654,-23.56809081978821,0.0,0.0,283.47287398333475,283.47287398333475,0.0,1.0
5867,2019-09-02 11:00:00,9,2019-09-02 12:00:00,0.10547,0.10547,0.10547,0.0,0.8549252658664883,251.54995661551038,-31.92291736782437,0.0,0.0,283.47287398333475,283.47287398333475,0.0,1.0
5868,2019-09-02 12:00:00,9,2019-09-02 13:00:00,0.10547,0.10547,0.10547,0.0,0.903873739163819,250.93526422373768,-32.53760975959708,0.0,0.0,283.47287398333475,283.47287398333475,0.0,1.0
5869,2019-09-02 13:00:00,9,2019-09-02 14:00:00,0.10547,0.10547,0.10547,0.0,0.9537647407952011,253.31944406716158,-30.15342991617317,0.0,0.0,283.47287398333475,283.47287398333475,0.0,1.0
5870,2019-09-02 14:00:00,9,2019-09-02 15:00:00,0.12561,0.12561,0.12561,0.0,1.0,232.8365541546394,-0.0,0.0,0.0,232.8365541546394,232.8365541546394,0.0,0.0
5871,2019-09-02 15:00:00,9,2019-09-02 16:00:00,0.12561,0.12561,0.12561,0.0,1.0,234.5837228217862,-0.0,0.0,0.0,234.5837228217862,234.5837228217862,0.0,0.0
5872,2019-09-02 16:00:00,9,2019-09-02 17:00:00,0.15111,0.15111,0.15111,0.0,1.0,222.51171641344297,-0.0,222.51171641344297,0.0,0.0,0.0,0.0,0.0
5873,2019-09-02 17:00:00,9,2019-09-02 18:00:00,0.15111,0.15111,0.15111,0.0,0.5968990644684005,211.1770809801079,-0.0,211.1770809801079,0.0,0.0,0.0,0.0,0.0
5874,2019-09-02 18:00:00,9,2019-09-02 19:00:00,0.15111,0.15111,0.15111,0.0,0.2143318887797992,211.2070248091284,-0.0,90.71120260644916,0.0,120.49582220267924,120.49582220267924,0.0,0.0
5875,2019-09-02 19:00:00,9,2019-09-02 20:00:00,0.15111,0.15111,0.15111,0.0,0.05,184.6467917926145,-0.0,0.0,0.0,184.6467917926145,184.6467917926145,0.0,0.0
5876,2019-09-02 20:00:00,9,2019-09-02 21:00:00,0.15111,0.15111,0.15111,0.0,0.05,193.70264046610563,-0.0,0.0,0.0,193.70264046610563,193.70264046610563,0.0,0.0
5877,2019-09-02 21:00:00,9,2019-09-02 22:00:00,0.12561,0.12561,0.12561,0.0,0.05,193.5704062948696,-0.0,0.0,0.0,193.5704062948696,193.5704062948696,0.0,0.0
5878,2019-09-02 22:00:00,9,2019-09-02 23:00:00,0.12561,0.12561,0.12561,0.0,0.05,194.35244185881385,-0.0,0.0,0.0,194.35244185881385,194.35244185881385,0.0,0.0
5879,2019-09-02 23:00:00,9,2019-09-03 00:00:00,0.10547,0.10547,0.10547,0.0,0.05,203.89238530201186,-0.0,0.0,0.0,203.89238530201186,203.89238530201186,0.0,0.0
5880,2019-09-03 00:00:00,9,2019-09-03 01:00:00,0.10547,0.10547,0.10547,0.0,0.05,197.53755958588866,-83.80441197739898,0.0,0.0,281.34197156328764,281.34197156328764,0.0,1.0
5881,2019-09-03 01:00:00,9,2019-09-03 02:00:00,0.10547,0.10547,0.10547,0.0,0.1785000983653451,193.2486387024541,-0.0,0.0,0.0,193.2486387024541,193.2486387024541,0.0,0.0
5882,2019-09-03 02:00:00,9,2019-09-03 03:00:00,0.10547,0.10547,0.10547,0.0,0.1785000983653451,197.28704302037698,-0.0,0.0,0.0,197.28704302037698,197.28704302037698,0.0,0.0
5883,2019-09-03 03:00:00,9,2019-09-03 04:00:00,0.10547,0.10547,0.10547,0.0,0.1785000983653451,199.38667709003283,-0.0,0.0,0.0,199.38667709003283,199.38667709003283,0.0,0.0
5884,2019-09-03 04:00:00,9,2019-09-03 05:00:00,0.10547,0.10547,0.10547,0.0,0.1785000983653451,205.62644149000485,-0.0,0.0,0.0,205.62644149000485,205.62644149000485,0.0,0.0
5885,2019-09-03 05:00:00,9,2019-09-03 06:00:00,0.10547,0.10547,0.10547,0.0,0.1785000983653451,221.595269912275,-59.74670165101264,0.0,0.0,281.34197156328764,281.34197156328764,0.0,1.0
5886,2019-09-03 06:00:00,9,2019-09-03 07:00:00,0.10547,0.10547,0.10547,0.0,0.2701117075635645,215.99880540104022,-65.34316616224743,0.0,0.0,281.34197156328764,281.34197156328764,0.0,1.0
5887,2019-09-03 07:00:00,9,2019-09-03 08:00:00,0.10547,0.10547,0.10547,0.0,0.3703045623456772,229.58968831567597,-51.75228324761167,0.0,0.0,281.34197156328764,281.34197156328764,0.0,1.0
5888,2019-09-03 08:00:00,9,2019-09-03 09:00:00,0.10547,0.10547,0.10547,0.0,0.44965806332534847,224.82021993256578,-56.521751630721866,0.0,0.0,281.34197156328764,281.34197156328764,0.0,1.0
5889,2019-09-03 09:00:00,9,2019-09-03 10:00:00,0.10547,0.10547,0.10547,0.0,0.536324749159122,224.09105728407638,-57.25091427921126,0.0,0.0,281.34197156328764,281.34197156328764,0.0,1.0
5890,2019-09-03 10:00:00,9,2019-09-03 11:00:00,0.10547,0.10547,0.10547,0.0,0.6241094843872458,223.75052563464448,-57.59144592864317,0.0,0.0,281.34197156328764,281.34197156328764,0.0,1.0
5891,2019-09-03 11:00:00,9,2019-09-03 12:00:00,0.10547,0.10547,0.10547,0.0,0.7124163681444988,221.85897171094226,-59.48299985234539,0.0,0.0,281.34197156328764,281.34197156328764,0.0,1.0
5892,2019-09-03 12:00:00,9,2019-09-03 13:00:00,0.10547,0.10547,0.10547,0.0,0.8036236345847616,218.32888853871978,-63.01308302456779,0.0,0.0,281.3419715632876,281.3419715632876,0.0,1.0
5893,2019-09-03 13:00:00,9,2019-09-03 14:00:00,0.10547,0.10547,0.10547,0.0,0.9002436952224322,216.2835119257434,-65.05845963754419,0.0,0.0,281.3419715632876,281.3419715632876,0.0,1.0
5894,2019-09-03 14:00:00,9,2019-09-03 15:00:00,0.12561,0.12561,0.12561,0.0,1.0,214.81521953941328,-0.0,0.0,0.0,214.81521953941328,214.81521953941328,0.0,0.0
5895,2019-09-03 15:00:00,9,2019-09-03 16:00:00,0.12561,0.12561,0.12561,0.0,1.0,207.94372453400015,-0.0,0.0,0.0,207.94372453400015,207.94372453400015,0.0,0.0
5896,2019-09-03 16:00:00,9,2019-09-03 17:00:00,0.15111,0.15111,0.15111,0.0,1.0,196.79426865430997,-0.0,196.79426865430997,0.0,0.0,0.0,0.0,0.0
5897,2019-09-03 17:00:00,9,2019-09-03 18:00:00,0.15111,0.15111,0.15111,0.0,0.6434886437421921,191.4554686550892,-0.0,191.4554686550892,0.0,0.0,0.0,0.0,0.0
5898,2019-09-03 18:00:00,9,2019-09-03 19:00:00,0.15111,0.15111,0.15111,0.0,0.2966490266134073,194.67616954025792,-0.0,0.0,0.0,194.67616954025792,194.67616954025792,0.0,0.0
5899,2019-09-03 19:00:00,9,2019-09-03 20:00:00,0.15111,0.15111,0.15111,0.0,0.2966490266134073,190.58169066730824,-0.0,0.0,0.0,190.58169066730824,190.58169066730824,0.0,0.0
5900,2019-09-03 20:00:00,9,2019-09-03 21:00:00,0.15111,0.15111,0.15111,0.0,0.2966490266134073,194.42894702957307,-0.0,136.15026269060084,0.0,58.278684338972226,58.278684338972226,0.0,0.0
5901,2019-09-03 21:00:00,9,2019-09-03 22:00:00,0.12561,0.12561,0.12561,0.0,0.05,192.37105630125868,-0.0,0.0,0.0,192.37105630125868,192.37105630125868,0.0,0.0
5902,2019-09-03 22:00:00,9,2019-09-03 23:00:00,0.12561,0.12561,0.12561,0.0,0.05,191.9094555274547,-0.0,0.0,0.0,191.9094555274547,191.9094555274547,0.0,0.0
5903,2019-09-03 23:00:00,9,2019-09-04 00:00:00,0.10547,0.10547,0.10547,0.0,0.05,190.46947651030533,-0.0,0.0,0.0,190.46947651030533,190.46947651030533,0.0,0.0
5904,2019-09-04 00:00:00,9,2019-09-04 01:00:00,0.10547,0.10547,0.10547,0.0,0.05,192.3480841710045,-0.0,0.0,0.0,192.3480841710045,192.3480841710045,0.0,0.0
5905,2019-09-04 01:00:00,9,2019-09-04 02:00:00,0.10547,0.10547,0.10547,0.0,0.05,195.8196853369778,-0.0,0.0,0.0,195.8196853369778,195.8196853369778,0.0,0.0
5906,2019-09-04 02:00:00,9,2019-09-04 03:00:00,0.10547,0.10547,0.10547,0.0,0.05,197.24477800795685,-0.0,0.0,0.0,197.24477800795685,197.24477800795685,0.0,0.0
5907,2019-09-04 03:00:00,9,2019-09-04 04:00:00,0.10547,0.10547,0.10547,0.0,0.05,206.00433443884185,-0.0,0.0,0.0,206.00433443884185,206.00433443884185,0.0,0.0
5908,2019-09-04 04:00:00,9,2019-09-04 05:00:00,0.10547,0.10547,0.10547,0.0,0.05,205.31178573415562,-77.2283912523911,0.0,0.0,282.5401769865467,282.5401769865467,0.0,1.0
5909,2019-09-04 05:00:00,9,2019-09-04 06:00:00,0.10547,0.10547,0.10547,0.0,0.1684168665869997,222.17373074863335,-60.36644623791338,0.0,0.0,282.5401769865467,282.5401769865467,0.0,1.0
5910,2019-09-04 06:00:00,9,2019-09-04 07:00:00,0.10547,0.10547,0.10547,0.0,0.26097875081846683,219.75083882384197,-62.78933816270475,0.0,0.0,282.5401769865467,282.5401769865467,0.0,1.0
5911,2019-09-04 07:00:00,9,2019-09-04 08:00:00,0.10547,0.10547,0.10547,0.0,0.35725573600128085,231.78582418373588,-50.75435280281084,0.0,0.0,282.5401769865467,282.5401769865467,0.0,1.0
5912,2019-09-04 08:00:00,9,2019-09-04 09:00:00,0.10547,0.10547,0.10547,0.0,0.43507907696559084,225.1061035638643,-57.43407342268242,0.0,0.0,282.5401769865467,282.5401769865467,0.0,1.0
5913,2019-09-04 09:00:00,9,2019-09-04 10:00:00,0.10547,0.10547,0.10547,0.0,0.5231446562137039,223.12398039750687,-59.416196589039856,0.0,0.0,282.5401769865467,282.5401769865467,0.0,1.0
5914,2019-09-04 10:00:00,9,2019-09-04 11:00:00,0.10547,0.10547,0.10547,0.0,0.614249490983565,222.73095880214223,-59.8092181844045,0.0,0.0,282.5401769865467,282.5401769865467,0.0,1.0
5915,2019-09-04 11:00:00,9,2019-09-04 12:00:00,0.10547,0.10547,0.10547,0.0,0.7059569588663185,221.50252916499855,-61.03764782154818,0.0,0.0,282.5401769865467,282.5401769865467,0.0,1.0
5916,2019-09-04 12:00:00,9,2019-09-04 13:00:00,0.10547,0.10547,0.10547,0.0,0.7995480188593594,217.59886834906533,-64.00623122477798,0.0,0.0,281.6050995738433,281.6050995738433,0.0,1.0
5917,2019-09-04 13:00:00,9,2019-09-04 14:00:00,0.10547,0.10547,0.10547,0.0,0.8976909067373523,216.75193270621907,-66.7233216930311,0.0,0.0,283.47525439925016,283.47525439925016,0.0,1.0
5918,2019-09-04 14:00:00,9,2019-09-04 15:00:00,0.12561,0.12561,0.12561,0.0,1.0,216.70949679942555,-0.0,0.0,0.0,216.70949679942555,216.70949679942555,0.0,0.0
5919,2019-09-04 15:00:00,9,2019-09-04 16:00:00,0.12561,0.12561,0.12561,0.0,1.0,209.43230249432324,-0.0,0.0,0.0,209.43230249432324,209.43230249432324,0.0,0.0
5920,2019-09-04 16:00:00,9,2019-09-04 17:00:00,0.15111,0.15111,0.15111,0.0,1.0,197.10254116904977,-0.0,197.10254116904977,0.0,0.0,0.0,0.0,0.0
5921,2019-09-04 17:00:00,9,2019-09-04 18:00:00,0.15111,0.15111,0.15111,0.0,0.6429301790415766,190.2649965559585,-0.0,190.2649965559585,0.0,0.0,0.0,0.0,0.0
5922,2019-09-04 18:00:00,9,2019-09-04 19:00:00,0.15111,0.15111,0.15111,0.0,0.2982472142662895,188.79977565598202,-0.0,137.0324622749918,0.0,51.76731338099023,51.76731338099023,0.0,0.0
5923,2019-09-04 19:00:00,9,2019-09-04 20:00:00,0.15111,0.15111,0.15111,0.0,0.05,185.0852234951108,-0.0,0.0,0.0,185.0852234951108,185.0852234951108,0.0,0.0
5924,2019-09-04 20:00:00,9,2019-09-04 21:00:00,0.15111,0.15111,0.15111,0.0,0.05,193.71688837968017,-0.0,0.0,0.0,193.71688837968017,193.71688837968017,0.0,0.0
5925,2019-09-04 21:00:00,9,2019-09-04 22:00:00,0.12561,0.12561,0.12561,0.0,0.05,198.10051685986855,-0.0,0.0,0.0,198.10051685986855,198.10051685986855,0.0,0.0
5926,2019-09-04 22:00:00,9,2019-09-04 23:00:00,0.12561,0.12561,0.12561,0.0,0.05,198.1010587112488,-0.0,0.0,0.0,198.1010587112488,198.1010587112488,0.0,0.0
5927,2019-09-04 23:00:00,9,2019-09-05 00:00:00,0.10547,0.10547,0.10547,0.0,0.05,193.01250014893978,-90.46275425031038,0.0,0.0,283.47525439925016,283.47525439925016,0.0,1.0
5928,2019-09-05 00:00:00,9,2019-09-05 01:00:00,0.10547,0.10547,0.10547,0.0,0.18870955651714258,195.32840868983072,-88.14684570941944,0.0,0.0,283.47525439925016,283.47525439925016,0.0,1.0
5929,2019-09-05 01:00:00,9,2019-09-05 02:00:00,0.10547,0.10547,0.10547,0.0,0.32386805327158574,196.14812122637548,-87.32713317287468,0.0,0.0,283.47525439925016,283.47525439925016,0.0,1.0
5930,2019-09-05 02:00:00,9,2019-09-05 03:00:00,0.10547,0.10547,0.10547,0.0,0.45776965746999354,196.54959932605414,-86.92565507319603,0.0,0.0,283.47525439925016,283.47525439925016,0.0,1.0
5931,2019-09-05 03:00:00,9,2019-09-05 04:00:00,0.10547,0.10547,0.10547,0.0,0.5910556619155608,224.28971099032987,-59.185543408920296,0.0,0.0,283.47525439925016,283.47525439925016,0.0,1.0
5932,2019-09-05 04:00:00,9,2019-09-05 05:00:00,0.10547,0.10547,0.10547,0.0,0.6818068284759052,230.16996349326666,-53.3052909059835,0.0,0.0,283.47525439925016,283.47525439925016,0.0,1.0
5933,2019-09-05 05:00:00,9,2019-09-05 06:00:00,0.10547,0.10547,0.10547,0.0,0.76354160786508,283.96765914017675,-0.0,0.49240474092658815,0.0,283.47525439925016,283.47525439925016,0.0,0.0
5934,2019-09-05 06:00:00,9,2019-09-05 07:00:00,0.10547,0.10547,0.10547,0.0,0.7626495702909376,311.43633312972315,-0.0,27.96107873047299,0.0,283.47525439925016,283.47525439925016,0.0,0.0
5935,2019-09-05 07:00:00,9,2019-09-05 08:00:00,0.10547,0.10547,0.10547,0.0,0.7119954421560227,315.2638353192839,-0.0,31.788580920033723,0.0,283.47525439925016,283.47525439925016,0.0,0.0
5936,2019-09-05 08:00:00,9,2019-09-05 09:00:00,0.10547,0.10547,0.10547,0.0,0.6544074332429182,322.2780997852222,-0.0,38.802845385972034,0.0,283.47525439925016,283.47525439925016,0.0,0.0
5937,2019-09-05 09:00:00,9,2019-09-05 10:00:00,0.10547,0.10547,0.10547,0.0,0.5841124234857225,318.38171075119726,-0.0,34.9064563519471,0.0,283.47525439925016,283.47525439925016,0.0,0.0
5938,2019-09-05 10:00:00,9,2019-09-05 11:00:00,0.10547,0.10547,0.10547,0.0,0.5208760895148038,314.94131808443706,-0.0,31.466063685186896,0.0,283.47525439925016,283.47525439925016,0.0,0.0
5939,2019-09-05 11:00:00,9,2019-09-05 12:00:00,0.10547,0.10547,0.10547,0.0,0.4638723509546826,303.0606142662102,-0.0,19.58535986696006,0.0,283.47525439925016,283.47525439925016,0.0,0.0
5940,2019-09-05 12:00:00,9,2019-09-05 13:00:00,0.10547,0.10547,0.10547,0.0,0.4283916265580158,309.4886982122799,-0.0,26.013443813029767,0.0,283.47525439925016,283.47525439925016,0.0,0.0
5941,2019-09-05 13:00:00,9,2019-09-05 14:00:00,0.10547,0.10547,0.10547,0.0,0.38126582254890395,307.91785117119883,-0.0,24.442596771948672,0.0,283.47525439925016,283.47525439925016,0.0,0.0
5942,2019-09-05 14:00:00,9,2019-09-05 15:00:00,0.12561,0.12561,0.12561,0.0,0.3369857559330549,307.756009734015,-0.0,24.28075533476482,0.0,283.47525439925016,283.47525439925016,0.0,0.0
5943,2019-09-05 15:00:00,9,2019-09-05 16:00:00,0.12561,0.12561,0.12561,0.0,0.2929988803265969,310.23494578779184,-0.0,26.759691388541682,0.0,283.47525439925016,283.47525439925016,0.0,0.0
5944,2019-09-05 16:00:00,9,2019-09-05 17:00:00,0.15111,0.15111,0.15111,0.0,0.2445211785357605,309.9856912371566,-0.0,107.37569055173981,0.0,202.61000068541676,202.61000068541676,0.0,0.0
5945,2019-09-05 17:00:00,9,2019-09-05 18:00:00,0.15111,0.15111,0.15111,0.0,0.05,243.2696193317664,-0.0,0.0,0.0,243.2696193317664,243.2696193317664,0.0,0.0
5946,2019-09-05 18:00:00,9,2019-09-05 19:00:00,0.15111,0.15111,0.15111,0.0,0.05,253.782190369056,-0.0,0.0,0.0,253.782190369056,253.782190369056,0.0,0.0
5947,2019-09-05 19:00:00,9,2019-09-05 20:00:00,0.15111,0.15111,0.15111,0.0,0.05,225.22374275457165,-0.0,0.0,0.0,225.22374275457165,225.22374275457165,0.0,0.0
5948,2019-09-05 20:00:00,9,2019-09-05 21:00:00,0.15111,0.15111,0.15111,0.0,0.05,218.4431821593569,-0.0,0.0,0.0,218.4431821593569,218.4431821593569,0.0,0.0
5949,2019-09-05 21:00:00,9,2019-09-05 22:00:00,0.12561,0.12561,0.12561,0.0,0.05,201.71928476394615,-0.0,0.0,0.0,201.71928476394615,201.71928476394615,0.0,0.0
5950,2019-09-05 22:00:00,9,2019-09-05 23:00:00,0.12561,0.12561,0.12561,0.0,0.05,202.7451836985931,-0.0,0.0,0.0,202.7451836985931,202.7451836985931,0.0,0.0
5951,2019-09-05 23:00:00,9,2019-09-06 00:00:00,0.10547,0.10547,0.10547,0.0,0.05,205.67714444114293,-77.79810995810723,0.0,0.0,283.47525439925016,283.47525439925016,0.0,1.0
5952,2019-09-06 00:00:00,9,2019-09-06 01:00:00,0.10547,0.10547,0.10547,0.0,0.16929043526909776,206.5989721698353,-76.87628222941487,0.0,0.0,283.47525439925016,283.47525439925016,0.0,1.0
5953,2019-09-06 01:00:00,9,2019-09-06 02:00:00,0.10547,0.10547,0.10547,0.0,0.28716740135420055,205.89370978737438,-77.58154461187578,0.0,0.0,283.47525439925016,283.47525439925016,0.0,1.0
5954,2019-09-06 02:00:00,9,2019-09-06 03:00:00,0.10547,0.10547,0.10547,0.0,0.40612576975907677,205.09404388784895,-78.3812105114012,0.0,0.0,283.47525439925016,283.47525439925016,0.0,1.0
5955,2019-09-06 03:00:00,9,2019-09-06 04:00:00,0.10547,0.10547,0.10547,0.0,0.5263102925432253,227.63882894968663,-55.836425449563535,0.0,0.0,283.47525439925016,283.47525439925016,0.0,1.0
5956,2019-09-06 04:00:00,9,2019-09-06 05:00:00,0.10547,0.10547,0.10547,0.0,0.6119261448992227,226.18170987955432,-57.29354451969584,0.0,0.0,283.47525439925016,283.47525439925016,0.0,1.0
5957,2019-09-06 05:00:00,9,2019-09-06 06:00:00,0.10547,0.10547,0.10547,0.0,0.6997762464960896,280.9014884055447,-2.5737659937054786,0.0,0.0,283.47525439925016,283.47525439925016,0.0,1.0
5958,2019-09-06 06:00:00,9,2019-09-06 07:00:00,0.10547,0.10547,0.10547,0.0,0.703722687686438,310.6717531202816,-0.0,27.196498721031446,0.0,283.47525439925016,283.47525439925016,0.0,0.0
5959,2019-09-06 07:00:00,9,2019-09-06 08:00:00,0.10547,0.10547,0.10547,0.0,0.6544536682642795,318.6766987904687,-0.0,35.20144439121856,0.0,283.47525439925016,283.47525439925016,0.0,0.0
5960,2019-09-06 08:00:00,9,2019-09-06 09:00:00,0.10547,0.10547,0.10547,0.0,0.5906829356714922,322.41461705268085,-0.0,38.93936265343069,0.0,283.47525439925016,283.47525439925016,0.0,0.0
5961,2019-09-06 09:00:00,9,2019-09-06 10:00:00,0.10547,0.10547,0.10547,0.0,0.5201406120239729,319.36396088701906,-0.0,35.8887064877689,0.0,283.47525439925016,283.47525439925016,0.0,0.0
5962,2019-09-06 10:00:00,9,2019-09-06 11:00:00,0.10547,0.10547,0.10547,0.0,0.4551248394012032,316.48278769773793,-0.0,33.00753329848777,0.0,283.47525439925016,283.47525439925016,0.0,0.0
5963,2019-09-06 11:00:00,9,2019-09-06 12:00:00,0.10547,0.10547,0.10547,0.0,0.39532858342568183,303.38278895925015,-0.0,19.907534559999988,0.0,283.47525439925016,283.47525439925016,0.0,0.0
5964,2019-09-06 12:00:00,9,2019-09-06 13:00:00,0.10547,0.10547,0.10547,0.0,0.3592642092227833,309.65549655199885,-0.0,26.18024215274869,0.0,283.47525439925016,283.47525439925016,0.0,0.0
5965,2019-09-06 13:00:00,9,2019-09-06 14:00:00,0.10547,0.10547,0.10547,0.0,0.3118362343083835,311.2192575312274,-0.0,27.74400313197725,0.0,283.47525439925016,283.47525439925016,0.0,0.0
5966,2019-09-06 14:00:00,9,2019-09-06 15:00:00,0.12561,0.12561,0.12561,0.0,0.26157535906929424,312.65426128107845,-0.0,29.179006881828286,0.0,283.47525439925016,283.47525439925016,0.0,0.0
5967,2019-09-06 15:00:00,9,2019-09-06 16:00:00,0.12561,0.12561,0.12561,0.0,0.2087148393558372,317.05249120966687,-0.0,33.57723681041671,0.0,283.47525439925016,283.47525439925016,0.0,0.0
5968,2019-09-06 16:00:00,9,2019-09-06 17:00:00,0.15111,0.15111,0.15111,0.0,0.14788651180073448,317.2200863126179,-0.0,33.74483191336776,0.0,283.47525439925016,283.47525439925016,0.0,0.0
5969,2019-09-06 17:00:00,9,2019-09-06 18:00:00,0.15111,0.15111,0.15111,0.0,0.08675456992869145,239.80365095938046,-0.0,20.28852260063768,0.0,219.51512835874277,219.51512835874277,0.0,0.0
5970,2019-09-06 18:00:00,9,2019-09-06 19:00:00,0.15111,0.15111,0.15111,0.0,0.05,252.11469433447166,-0.0,0.0,0.0,252.11469433447166,252.11469433447166,0.0,0.0
5971,2019-09-06 19:00:00,9,2019-09-06 20:00:00,0.15111,0.15111,0.15111,0.0,0.05,229.50597317602202,-0.0,0.0,0.0,229.50597317602202,229.50597317602202,0.0,0.0
5972,2019-09-06 20:00:00,9,2019-09-06 21:00:00,0.15111,0.15111,0.15111,0.0,0.05,219.83175100766886,-0.0,0.0,0.0,219.83175100766886,219.83175100766886,0.0,0.0
5973,2019-09-06 21:00:00,9,2019-09-06 22:00:00,0.12561,0.12561,0.12561,0.0,0.05,207.88141160541434,-0.0,0.0,0.0,207.88141160541434,207.88141160541434,0.0,0.0
5974,2019-09-06 22:00:00,9,2019-09-06 23:00:00,0.12561,0.12561,0.12561,0.0,0.05,208.38959974752873,-0.0,0.0,0.0,208.38959974752873,208.38959974752873,0.0,0.0
5975,2019-09-06 23:00:00,9,2019-09-07 00:00:00,0.10547,0.10547,0.10547,0.0,0.05,205.69341134103954,-77.78184305821063,0.0,0.0,283.47525439925016,283.47525439925016,0.0,1.0
5976,2019-09-07 00:00:00,9,2019-09-07 01:00:00,0.10547,0.10547,0.10547,0.0,0.16926549268925628,205.04491775836135,-78.43033664088881,0.0,0.0,283.47525439925016,283.47525439925016,0.0,1.0
5977,2019-09-07 01:00:00,9,2019-09-07 02:00:00,0.10547,0.10547,0.10547,0.0,0.28952534220528575,206.01812416536055,-77.45713023388961,0.0,0.0,283.47525439925016,283.47525439925016,0.0,1.0
5978,2019-09-07 02:00:00,9,2019-09-07 03:00:00,0.10547,0.10547,0.10547,0.0,0.40829294189724985,205.254892796838,-78.22036160241217,0.0,0.0,283.47525439925016,283.47525439925016,0.0,1.0
5979,2019-09-07 03:00:00,9,2019-09-07 04:00:00,0.10547,0.10547,0.10547,0.0,0.5282308296876151,226.49130583057283,-56.983948568677334,0.0,0.0,283.47525439925016,283.47525439925016,0.0,1.0
5980,2019-09-07 04:00:00,9,2019-09-07 05:00:00,0.10547,0.10547,0.10547,0.0,0.6156062174929204,225.82328956727525,-57.65196483197491,0.0,0.0,283.47525439925016,283.47525439925016,0.0,1.0
5981,2019-09-07 05:00:00,9,2019-09-07 06:00:00,0.10547,0.10547,0.10547,0.0,0.7040058969019486,282.1537929540176,-1.3214614452325577,0.0,0.0,283.47525439925016,283.47525439925016,0.0,1.0
5982,2019-09-07 06:00:00,9,2019-09-07 07:00:00,0.10547,0.10547,0.10547,0.0,0.7060321377846386,312.2922206290643,-0.0,28.816966229814113,0.0,283.47525439925016,283.47525439925016,0.0,0.0
5983,2019-09-07 07:00:00,9,2019-09-07 08:00:00,0.10547,0.10547,0.10547,0.0,0.653827488817584,314.52503597827064,-0.0,31.049781579020475,0.0,283.47525439925016,283.47525439925016,0.0,0.0
5984,2019-09-07 08:00:00,9,2019-09-07 09:00:00,0.10547,0.10547,0.10547,0.0,0.5975778845077644,314.96254125621857,-0.0,31.48728685696841,0.0,283.47525439925016,283.47525439925016,0.0,0.0
5985,2019-09-07 09:00:00,9,2019-09-07 10:00:00,0.10547,0.10547,0.10547,0.0,0.5405356981726767,314.49716947661665,-0.0,31.021915077366486,0.0,283.47525439925016,283.47525439925016,0.0,0.0
5986,2019-09-07 10:00:00,9,2019-09-07 11:00:00,0.10547,0.10547,0.10547,0.0,0.4843365766557084,313.0489055322073,-0.0,29.57365113295714,0.0,283.47525439925016,283.47525439925016,0.0,0.0
5987,2019-09-07 11:00:00,9,2019-09-07 12:00:00,0.10547,0.10547,0.10547,0.0,0.4307611217046991,300.500079429321,-0.0,17.024825030070815,0.0,283.47525439925016,283.47525439925016,0.0,0.0
5988,2019-09-07 12:00:00,9,2019-09-07 13:00:00,0.10547,0.10547,0.10547,0.0,0.39991904737486067,310.022446437039,-0.0,26.547192037788818,0.0,283.47525439925016,283.47525439925016,0.0,0.0
5989,2019-09-07 13:00:00,9,2019-09-07 14:00:00,0.10547,0.10547,0.10547,0.0,0.3518263081759679,312.00490174789644,-0.0,28.52964734864628,0.0,283.47525439925016,283.47525439925016,0.0,0.0
5990,2019-09-07 14:00:00,9,2019-09-07 15:00:00,0.12561,0.12561,0.12561,0.0,0.3001421644284203,313.9188246954675,-0.0,30.44357029621733,0.0,283.47525439925016,283.47525439925016,0.0,0.0
5991,2019-09-07 15:00:00,9,2019-09-07 16:00:00,0.12561,0.12561,0.12561,0.0,0.24499076896425842,316.1561110047606,-0.0,32.68085660551043,0.0,283.47525439925016,283.47525439925016,0.0,0.0
5992,2019-09-07 16:00:00,9,2019-09-07 17:00:00,0.15111,0.15111,0.15111,0.0,0.18578631859195693,316.81004305557457,-0.0,33.334788656324406,0.0,283.47525439925016,283.47525439925016,0.0,0.0
5993,2019-09-07 17:00:00,9,2019-09-07 18:00:00,0.15111,0.15111,0.15111,0.0,0.12539720870731125,240.22348050775645,-0.0,0.0,0.0,240.22348050775645,240.22348050775645,0.0,0.0
5994,2019-09-07 18:00:00,9,2019-09-07 19:00:00,0.15111,0.15111,0.15111,0.0,0.12539720870731125,251.11230173221838,-0.0,0.0,0.0,251.11230173221838,251.11230173221838,0.0,0.0
5995,2019-09-07 19:00:00,9,2019-09-07 20:00:00,0.15111,0.15111,0.15111,0.0,0.12539720870731125,223.32690109716503,-0.0,41.61925920643582,0.0,181.7076418907292,181.7076418907292,0.0,0.0
5996,2019-09-07 20:00:00,9,2019-09-07 21:00:00,0.15111,0.15111,0.15111,0.0,0.05,217.68057047937197,-0.0,0.0,0.0,217.68057047937197,217.68057047937197,0.0,0.0
5997,2019-09-07 21:00:00,9,2019-09-07 22:00:00,0.12561,0.12561,0.12561,0.0,0.05,200.14291705731355,-0.0,0.0,0.0,200.14291705731355,200.14291705731355,0.0,0.0
5998,2019-09-07 22:00:00,9,2019-09-07 23:00:00,0.12561,0.12561,0.12561,0.0,0.05,201.8079153609343,-0.0,0.0,0.0,201.8079153609343,201.8079153609343,0.0,0.0
5999,2019-09-07 23:00:00,9,2019-09-08 00:00:00,0.10547,0.10547,0.10547,0.0,0.05,206.46341534005606,-77.0118390591941,0.0,0.0,283.47525439925016,283.47525439925016,0.0,1.0
6000,2019-09-08 00:00:00,9,2019-09-08 01:00:00,0.10547,0.10547,0.10547,0.0,0.1680848198907643,204.56370559617193,-78.91154880307823,0.0,0.0,283.47525439925016,283.47525439925016,0.0,1.0
6001,2019-09-08 01:00:00,9,2019-09-08 02:00:00,0.10547,0.10547,0.10547,0.0,0.28908252805548423,202.91882412125747,-80.55643027799269,0.0,0.0,283.47525439925016,283.47525439925016,0.0,1.0
6002,2019-09-08 02:00:00,9,2019-09-08 03:00:00,0.10547,0.10547,0.10547,0.0,0.4126023878150731,202.2810305291018,-81.19422387014836,0.0,0.0,283.47525439925016,283.47525439925016,0.0,1.0
6003,2019-09-08 03:00:00,9,2019-09-08 04:00:00,0.10547,0.10547,0.10547,0.0,0.5371001977493006,225.2826877098004,-58.19256668944976,0.0,0.0,283.47525439925016,283.47525439925016,0.0,1.0
6004,2019-09-08 04:00:00,9,2019-09-08 05:00:00,0.10547,0.10547,0.10547,0.0,0.6263288000064569,224.95024139075622,-58.52501300849394,0.0,0.0,283.47525439925016,283.47525439925016,0.0,1.0
6005,2019-09-08 05:00:00,9,2019-09-08 06:00:00,0.10547,0.10547,0.10547,0.0,0.7160671532861476,281.8905463505254,-1.5847080487247354,0.0,0.0,283.47525439925016,283.47525439925016,0.0,1.0
6006,2019-09-08 06:00:00,9,2019-09-08 07:00:00,0.10547,0.10547,0.10547,0.0,0.7184970389608588,312.4308422747335,-0.0,28.95558787548333,0.0,283.47525439925016,283.47525439925016,0.0,0.0
6007,2019-09-08 07:00:00,9,2019-09-08 08:00:00,0.10547,0.10547,0.10547,0.0,0.6660412638241137,324.3172361005157,-0.0,40.841981701265524,0.0,283.47525439925016,283.47525439925016,0.0,0.0
6008,2019-09-08 08:00:00,9,2019-09-08 09:00:00,0.10547,0.10547,0.10547,0.0,0.5920521665392124,329.89502249281753,-0.0,46.41976809356737,0.0,283.47525439925016,283.47525439925016,0.0,0.0
6009,2019-09-08 09:00:00,9,2019-09-08 10:00:00,0.10547,0.10547,0.10547,0.0,0.5079583837610107,326.59815569775736,-0.0,43.1229012985072,0.0,283.47525439925016,283.47525439925016,0.0,0.0
6010,2019-09-08 10:00:00,9,2019-09-08 11:00:00,0.10547,0.10547,0.10547,0.0,0.4298371857564686,320.7215972698479,-0.0,37.24634287059774,0.0,283.47525439925016,283.47525439925016,0.0,0.0
6011,2019-09-08 11:00:00,9,2019-09-08 12:00:00,0.10547,0.10547,0.10547,0.0,0.36236192693292196,306.86076316106136,-0.0,23.385508761811195,0.0,283.47525439925016,283.47525439925016,0.0,0.0
6012,2019-09-08 12:00:00,9,2019-09-08 13:00:00,0.10547,0.10547,0.10547,0.0,0.31999687482819156,312.2937978727402,-0.0,28.818543473490024,0.0,283.47525439925016,283.47525439925016,0.0,0.0
6013,2019-09-08 13:00:00,9,2019-09-08 14:00:00,0.10547,0.10547,0.10547,0.0,0.2677893685356372,309.1836869153268,-0.0,25.70843251607664,0.0,283.47525439925016,283.47525439925016,0.0,0.0
6014,2019-09-08 14:00:00,9,2019-09-08 15:00:00,0.12561,0.12561,0.12561,0.0,0.22121612122390413,310.6558649394911,-0.0,27.180610540240934,0.0,283.47525439925016,283.47525439925016,0.0,0.0
6015,2019-09-08 15:00:00,9,2019-09-08 16:00:00,0.12561,0.12561,0.12561,0.0,0.1719758847379604,312.7240577698708,-0.0,29.248803370620635,0.0,283.47525439925016,283.47525439925016,0.0,0.0
6016,2019-09-08 16:00:00,9,2019-09-08 17:00:00,0.15111,0.15111,0.15111,0.0,0.11898892211002447,311.8988088427434,-0.0,38.081885004733515,0.0,273.81692383800987,273.81692383800987,0.0,0.0
6017,2019-09-08 17:00:00,9,2019-09-08 18:00:00,0.15111,0.15111,0.15111,0.0,0.05,247.18897242352264,-0.0,0.0,0.0,247.18897242352264,247.18897242352264,0.0,0.0
6018,2019-09-08 18:00:00,9,2019-09-08 19:00:00,0.15111,0.15111,0.15111,0.0,0.05,256.93440268253977,-0.0,0.0,0.0,256.93440268253977,256.93440268253977,0.0,0.0
6019,2019-09-08 19:00:00,9,2019-09-08 20:00:00,0.15111,0.15111,0.15111,0.0,0.05,227.63361796753662,-0.0,0.0,0.0,227.63361796753662,227.63361796753662,0.0,0.0
6020,2019-09-08 20:00:00,9,2019-09-08 21:00:00,0.15111,0.15111,0.15111,0.0,0.05,221.02849527757562,-0.0,0.0,0.0,221.02849527757562,221.02849527757562,0.0,0.0
6021,2019-09-08 21:00:00,9,2019-09-08 22:00:00,0.12561,0.12561,0.12561,0.0,0.05,205.8670558414389,-0.0,0.0,0.0,205.8670558414389,205.8670558414389,0.0,0.0
6022,2019-09-08 22:00:00,9,2019-09-08 23:00:00,0.12561,0.12561,0.12561,0.0,0.05,209.09937723055873,-0.0,0.0,0.0,209.09937723055873,209.09937723055873,0.0,0.0
6023,2019-09-08 23:00:00,9,2019-09-09 00:00:00,0.10547,0.10547,0.10547,0.0,0.05,206.59707485877286,-0.0,0.0,0.0,206.59707485877286,206.59707485877286,0.0,0.0
6024,2019-09-09 00:00:00,9,2019-09-09 01:00:00,0.10547,0.10547,0.10547,0.0,0.05,206.3268016100215,-76.88467892655723,0.0,0.0,283.21148053657873,283.21148053657873,0.0,1.0
6025,2019-09-09 01:00:00,9,2019-09-09 02:00:00,0.10547,0.10547,0.10547,0.0,0.16788984102072108,200.97623635467127,-82.23524418190746,0.0,0.0,283.21148053657873,283.21148053657873,0.0,1.0
6026,2019-09-09 02:00:00,9,2019-09-09 03:00:00,0.10547,0.10547,0.10547,0.0,0.2939838820996458,200.89936990483358,-82.31211063174516,0.0,0.0,283.21148053657873,283.21148053657873,0.0,1.0
6027,2019-09-09 03:00:00,9,2019-09-09 04:00:00,0.10547,0.10547,0.10547,0.0,0.4201957850683218,201.90227213950925,-81.30920839706948,0.0,0.0,283.21148053657873,283.21148053657873,0.0,1.0
6028,2019-09-09 04:00:00,9,2019-09-09 05:00:00,0.10547,0.10547,0.10547,0.0,0.544869904610495,203.47428831621033,-79.7371922203684,0.0,0.0,283.21148053657873,283.21148053657873,0.0,1.0
6029,2019-09-09 05:00:00,9,2019-09-09 06:00:00,0.10547,0.10547,0.10547,0.0,0.6671335993483931,221.7810768642748,-61.430403672303925,0.0,0.0,283.21148053657873,283.21148053657873,0.0,1.0
6030,2019-09-09 06:00:00,9,2019-09-09 07:00:00,0.10547,0.10547,0.10547,0.0,0.7613268849792592,247.13517747142677,-0.0,0.0,0.0,247.13517747142677,247.13517747142677,0.0,0.0
6031,2019-09-09 07:00:00,9,2019-09-09 08:00:00,0.10547,0.10547,0.10547,0.0,0.7613268849792592,247.55324753608352,-35.658233000495215,0.0,0.0,283.21148053657873,283.21148053657873,0.0,1.0
6032,2019-09-09 08:00:00,9,2019-09-09 09:00:00,0.10547,0.10547,0.10547,0.0,0.8160028422466852,273.47985872617846,-9.73162181040027,0.0,0.0,283.21148053657873,283.21148053657873,0.0,1.0
6033,2019-09-09 09:00:00,9,2019-09-09 10:00:00,0.10547,0.10547,0.10547,0.0,0.8309246623559655,273.460724054501,-9.750756482077747,0.0,0.0,283.21148053657873,283.21148053657873,0.0,1.0
6034,2019-09-09 10:00:00,9,2019-09-09 11:00:00,0.10547,0.10547,0.10547,0.0,0.8458758222951515,269.3415590636189,-13.869921472959835,0.0,0.0,283.21148053657873,283.21148053657873,0.0,1.0
6035,2019-09-09 11:00:00,9,2019-09-09 12:00:00,0.10547,0.10547,0.10547,0.0,0.8671430352203563,257.24198449839116,-25.96949603818757,0.0,0.0,283.21148053657873,283.21148053657873,0.0,1.0
6036,2019-09-09 12:00:00,9,2019-09-09 13:00:00,0.10547,0.10547,0.10547,0.0,0.9069629291455772,253.30296922590355,-29.908511310675173,0.0,0.0,283.21148053657873,283.21148053657873,0.0,1.0
6037,2019-09-09 13:00:00,9,2019-09-09 14:00:00,0.10547,0.10547,0.10547,0.0,0.9528226464886124,252.44364129002162,-30.76783924655711,0.0,0.0,283.21148053657873,283.21148053657873,0.0,1.0
6038,2019-09-09 14:00:00,9,2019-09-09 15:00:00,0.12561,0.12561,0.12561,0.0,1.0,234.87475604927363,-0.0,0.0,0.0,234.87475604927363,234.87475604927363,0.0,0.0
6039,2019-09-09 15:00:00,9,2019-09-09 16:00:00,0.12561,0.12561,0.12561,0.0,1.0,237.57613511408735,-0.0,0.0,0.0,237.57613511408735,237.57613511408735,0.0,0.0
6040,2019-09-09 16:00:00,9,2019-09-09 17:00:00,0.15111,0.15111,0.15111,0.0,1.0,226.88381201033513,-0.0,226.88381201033513,0.0,0.0,0.0,0.0,0.0
6041,2019-09-09 17:00:00,9,2019-09-09 18:00:00,0.15111,0.15111,0.15111,0.0,0.5889786014305524,218.53010125582617,-0.0,218.53010125582617,0.0,0.0,0.0,0.0,0.0
6042,2019-09-09 18:00:00,9,2019-09-09 19:00:00,0.15111,0.15111,0.15111,0.0,0.19309073683666442,226.0388277113681,-0.0,78.98608673383876,0.0,147.05274097752934,147.05274097752934,0.0,0.0
6043,2019-09-09 19:00:00,9,2019-09-09 20:00:00,0.15111,0.15111,0.15111,0.0,0.05,202.36534512119087,-0.0,0.0,0.0,202.36534512119087,202.36534512119087,0.0,0.0
6044,2019-09-09 20:00:00,9,2019-09-09 21:00:00,0.15111,0.15111,0.15111,0.0,0.05,204.82887206935084,-0.0,0.0,0.0,204.82887206935084,204.82887206935084,0.0,0.0
6045,2019-09-09 21:00:00,9,2019-09-09 22:00:00,0.12561,0.12561,0.12561,0.0,0.05,207.97684072876348,-0.0,0.0,0.0,207.97684072876348,207.97684072876348,0.0,0.0
6046,2019-09-09 22:00:00,9,2019-09-09 23:00:00,0.12561,0.12561,0.12561,0.0,0.05,209.51508888187993,-0.0,0.0,0.0,209.51508888187993,209.51508888187993,0.0,0.0
6047,2019-09-09 23:00:00,9,2019-09-10 00:00:00,0.10547,0.10547,0.10547,0.0,0.05,205.04684247115972,-0.0,0.0,0.0,205.04684247115972,205.04684247115972,0.0,0.0
6048,2019-09-10 00:00:00,9,2019-09-10 01:00:00,0.10547,0.10547,0.10547,0.0,0.05,201.68269197545135,-0.0,0.0,0.0,201.68269197545135,201.68269197545135,0.0,0.0
6049,2019-09-10 01:00:00,9,2019-09-10 02:00:00,0.10547,0.10547,0.10547,0.0,0.05,201.18769775634365,-0.0,0.0,0.0,201.18769775634365,201.18769775634365,0.0,0.0
6050,2019-09-10 02:00:00,9,2019-09-10 03:00:00,0.10547,0.10547,0.10547,0.0,0.05,200.41812315139614,-82.66345328703883,0.0,0.0,283.081576438435,283.081576438435,0.0,1.0
6051,2019-09-10 03:00:00,9,2019-09-10 04:00:00,0.10547,0.10547,0.10547,0.0,0.17675062837345956,202.90598240290473,-0.0,0.0,0.0,202.90598240290473,202.90598240290473,0.0,0.0
6052,2019-09-10 04:00:00,9,2019-09-10 05:00:00,0.10547,0.10547,0.10547,0.0,0.17675062837345956,203.33677608668472,-0.0,0.0,0.0,203.33677608668472,203.33677608668472,0.0,0.0
6053,2019-09-10 05:00:00,9,2019-09-10 06:00:00,0.10547,0.10547,0.10547,0.0,0.17675062837345956,220.8652646614127,-62.21631177702228,0.0,0.0,283.081576438435,283.081576438435,0.0,1.0
6054,2019-09-10 06:00:00,9,2019-09-10 07:00:00,0.10547,0.10547,0.10547,0.0,0.2721489730982271,218.41503965815718,-64.6665367802778,0.0,0.0,283.081576438435,283.081576438435,0.0,1.0
6055,2019-09-10 07:00:00,9,2019-09-10 08:00:00,0.10547,0.10547,0.10547,0.0,0.3713043294946531,233.35288767463626,-49.72868876379872,0.0,0.0,283.081576438435,283.081576438435,0.0,1.0
6056,2019-09-10 08:00:00,9,2019-09-10 09:00:00,0.10547,0.10547,0.10547,0.0,0.4475549855991445,224.8947785510295,-58.18679788740548,0.0,0.0,283.081576438435,283.081576438435,0.0,1.0
6057,2019-09-10 09:00:00,9,2019-09-10 10:00:00,0.10547,0.10547,0.10547,0.0,0.5367747423598328,223.69626692596484,-59.38530951247015,0.0,0.0,283.081576438435,283.081576438435,0.0,1.0
6058,2019-09-10 10:00:00,9,2019-09-10 11:00:00,0.10547,0.10547,0.10547,0.0,0.6278322169456204,224.4194507349174,-58.66212570351758,0.0,0.0,283.081576438435,283.081576438435,0.0,1.0
6059,2019-09-10 11:00:00,9,2019-09-10 12:00:00,0.10547,0.10547,0.10547,0.0,0.717780809691014,224.0947196888542,-58.986856749580774,0.0,0.0,283.081576438435,283.081576438435,0.0,1.0
6060,2019-09-10 12:00:00,9,2019-09-10 13:00:00,0.10547,0.10547,0.10547,0.0,0.8082273233737045,220.88709277145608,-61.80080570616369,0.0,0.0,282.6878984776198,282.6878984776198,0.0,1.0
6061,2019-09-10 13:00:00,9,2019-09-10 14:00:00,0.10547,0.10547,0.10547,0.0,0.9029885587898222,220.20692317522114,-63.268331224029026,0.0,0.0,283.47525439925016,283.47525439925016,0.0,1.0
6062,2019-09-10 14:00:00,9,2019-09-10 15:00:00,0.12561,0.12561,0.12561,0.0,1.0,220.42358023190755,-0.0,0.0,0.0,220.42358023190755,220.42358023190755,0.0,0.0
6063,2019-09-10 15:00:00,9,2019-09-10 16:00:00,0.12561,0.12561,0.12561,0.0,1.0,214.51399710478114,-0.0,0.0,0.0,214.51399710478114,214.51399710478114,0.0,0.0
6064,2019-09-10 16:00:00,9,2019-09-10 17:00:00,0.15111,0.15111,0.15111,0.0,1.0,202.84685055077523,-0.0,202.84685055077523,0.0,0.0,0.0,0.0,0.0
6065,2019-09-10 17:00:00,9,2019-09-10 18:00:00,0.15111,0.15111,0.15111,0.0,0.632523821465987,196.86208949518837,-0.0,196.86208949518837,0.0,0.0,0.0,0.0,0.0
6066,2019-09-10 18:00:00,9,2019-09-10 19:00:00,0.15111,0.15111,0.15111,0.0,0.27588960136600804,201.71928159988718,-0.0,124.69105995403645,0.0,77.02822164585073,77.02822164585073,0.0,0.0
6067,2019-09-10 19:00:00,9,2019-09-10 20:00:00,0.15111,0.15111,0.15111,0.0,0.05,197.9247201765203,-0.0,0.0,0.0,197.9247201765203,197.9247201765203,0.0,0.0
6068,2019-09-10 20:00:00,9,2019-09-10 21:00:00,0.15111,0.15111,0.15111,0.0,0.05,201.21406182717362,-0.0,0.0,0.0,201.21406182717362,201.21406182717362,0.0,0.0
6069,2019-09-10 21:00:00,9,2019-09-10 22:00:00,0.12561,0.12561,0.12561,0.0,0.05,202.16227141133143,-0.0,0.0,0.0,202.16227141133143,202.16227141133143,0.0,0.0
6070,2019-09-10 22:00:00,9,2019-09-10 23:00:00,0.12561,0.12561,0.12561,0.0,0.05,204.4630279809398,-0.0,0.0,0.0,204.4630279809398,204.4630279809398,0.0,0.0
6071,2019-09-10 23:00:00,9,2019-09-11 00:00:00,0.10547,0.10547,0.10547,0.0,0.05,201.62962346193368,-0.0,0.0,0.0,201.62962346193368,201.62962346193368,0.0,0.0
6072,2019-09-11 00:00:00,9,2019-09-11 01:00:00,0.10547,0.10547,0.10547,0.0,0.05,205.79141837589398,-78.37257644449423,0.0,0.0,284.1639948203882,284.1639948203882,0.0,1.0
6073,2019-09-11 01:00:00,9,2019-09-11 02:00:00,0.10547,0.10547,0.10547,0.0,0.17017128388155783,203.80058404849612,-80.36341077189209,0.0,0.0,284.1639948203882,284.1639948203882,0.0,1.0
6074,2019-09-11 02:00:00,9,2019-09-11 03:00:00,0.10547,0.10547,0.10547,0.0,0.2933951803984591,202.53883733529187,-81.62515748509634,0.0,0.0,284.1639948203882,284.1639948203882,0.0,1.0
6075,2019-09-11 03:00:00,9,2019-09-11 04:00:00,0.10547,0.10547,0.10547,0.0,0.4185537552089401,224.43870120718128,-59.72529361320694,0.0,0.0,284.1639948203882,284.1639948203882,0.0,1.0
6076,2019-09-11 04:00:00,9,2019-09-11 05:00:00,0.10547,0.10547,0.10547,0.0,0.5101325387491908,225.07598998564455,-59.088004834743664,0.0,0.0,284.1639948203882,284.1639948203882,0.0,1.0
6077,2019-09-11 05:00:00,9,2019-09-11 06:00:00,0.10547,0.10547,0.10547,0.0,0.6007341461624646,282.89480238317424,-1.2691924372139798,0.0,0.0,284.1639948203882,284.1639948203882,0.0,1.0
6078,2019-09-11 06:00:00,9,2019-09-11 07:00:00,0.10547,0.10547,0.10547,0.0,0.6026802412328592,312.68888187729027,-0.0,28.52488705690206,0.0,284.1639948203882,284.1639948203882,0.0,0.0
6079,2019-09-11 07:00:00,9,2019-09-11 08:00:00,0.10547,0.10547,0.10547,0.0,0.5510047212022395,319.60814367083077,-0.0,35.44414885044256,0.0,284.1639948203882,284.1639948203882,0.0,0.0
6080,2019-09-11 08:00:00,9,2019-09-11 09:00:00,0.10547,0.10547,0.10547,0.0,0.4867943066181044,320.06937574630547,-0.0,35.90538092591726,0.0,284.1639948203882,284.1639948203882,0.0,0.0
6081,2019-09-11 09:00:00,9,2019-09-11 10:00:00,0.10547,0.10547,0.10547,0.0,0.4217483266798485,315.5656098955258,-0.0,31.401615075137613,0.0,284.1639948203882,284.1639948203882,0.0,0.0
6082,2019-09-11 10:00:00,9,2019-09-11 11:00:00,0.10547,0.10547,0.10547,0.0,0.3648613428480775,313.5710677462347,-0.0,29.407072925846478,0.0,284.1639948203882,284.1639948203882,0.0,0.0
6083,2019-09-11 11:00:00,9,2019-09-11 12:00:00,0.10547,0.10547,0.10547,0.0,0.31158766001139904,301.1259257238744,-0.0,16.961930903486177,0.0,284.1639948203882,284.1639948203882,0.0,0.0
6084,2019-09-11 12:00:00,9,2019-09-11 13:00:00,0.10547,0.10547,0.10547,0.0,0.28085952431667777,307.713072717499,-0.0,23.549077897110816,0.0,284.1639948203882,284.1639948203882,0.0,0.0
6085,2019-09-11 13:00:00,9,2019-09-11 14:00:00,0.10547,0.10547,0.10547,0.0,0.23819815131466546,308.01499292893,-0.0,23.850998108541773,0.0,284.1639948203882,284.1639948203882,0.0,0.0
6086,2019-09-11 14:00:00,9,2019-09-11 15:00:00,0.12561,0.12561,0.12561,0.0,0.19498982140788687,309.6793567286363,-0.0,25.51536190824811,0.0,284.1639948203882,284.1639948203882,0.0,0.0
6087,2019-09-11 15:00:00,9,2019-09-11 16:00:00,0.12561,0.12561,0.12561,0.0,0.1487663396900461,312.1731804866555,-0.0,28.009185666267285,0.0,284.1639948203882,284.1639948203882,0.0,0.0
6088,2019-09-11 16:00:00,9,2019-09-11 17:00:00,0.15111,0.15111,0.15111,0.0,0.0980250613091271,310.67382866302637,-0.0,26.50983384263816,0.0,284.1639948203882,284.1639948203882,0.0,0.0
6089,2019-09-11 17:00:00,9,2019-09-11 18:00:00,0.15111,0.15111,0.15111,0.0,0.05,244.69168284083304,-0.0,0.0,0.0,244.69168284083304,244.69168284083304,0.0,0.0
6090,2019-09-11 18:00:00,9,2019-09-11 19:00:00,0.15111,0.15111,0.15111,0.0,0.05,256.8809488724538,-0.0,0.0,0.0,256.8809488724538,256.8809488724538,0.0,0.0
6091,2019-09-11 19:00:00,9,2019-09-11 20:00:00,0.15111,0.15111,0.15111,0.0,0.05,225.9670611600252,-0.0,0.0,0.0,225.9670611600252,225.9670611600252,0.0,0.0
6092,2019-09-11 20:00:00,9,2019-09-11 21:00:00,0.15111,0.15111,0.15111,0.0,0.05,219.74580288820152,-0.0,0.0,0.0,219.74580288820152,219.74580288820152,0.0,0.0
6093,2019-09-11 21:00:00,9,2019-09-11 22:00:00,0.12561,0.12561,0.12561,0.0,0.05,204.47158321605897,-0.0,0.0,0.0,204.47158321605897,204.47158321605897,0.0,0.0
6094,2019-09-11 22:00:00,9,2019-09-11 23:00:00,0.12561,0.12561,0.12561,0.0,0.05,204.91301594351782,-0.0,0.0,0.0,204.91301594351782,204.91301594351782,0.0,0.0
6095,2019-09-11 23:00:00,9,2019-09-12 00:00:00,0.10547,0.10547,0.10547,0.0,0.05,202.6296172563151,-81.53437756407311,0.0,0.0,284.1639948203882,284.1639948203882,0.0,1.0
6096,2019-09-12 00:00:00,9,2019-09-12 01:00:00,0.10547,0.10547,0.10547,0.0,0.1750193789315788,206.51922800385185,-77.64476681653636,0.0,0.0,284.1639948203882,284.1639948203882,0.0,1.0
6097,2019-09-12 01:00:00,9,2019-09-12 02:00:00,0.10547,0.10547,0.10547,0.0,0.29407468805026793,205.5628307960444,-78.6011640243438,0.0,0.0,284.1639948203882,284.1639948203882,0.0,1.0
6098,2019-09-12 02:00:00,9,2019-09-12 03:00:00,0.10547,0.10547,0.10547,0.0,0.4145964728875951,204.82289571672212,-79.3410991036661,0.0,0.0,284.1639948203882,284.1639948203882,0.0,1.0
6099,2019-09-12 03:00:00,9,2019-09-12 04:00:00,0.10547,0.10547,0.10547,0.0,0.5362528248465498,228.05270783694917,-56.111286983439044,0.0,0.0,284.1639948203882,284.1639948203882,0.0,1.0
6100,2019-09-12 04:00:00,9,2019-09-12 05:00:00,0.10547,0.10547,0.10547,0.0,0.6222901315544895,227.90217425356983,-56.261820566818386,0.0,0.0,284.1639948203882,284.1639948203882,0.0,1.0
6101,2019-09-12 05:00:00,9,2019-09-12 06:00:00,0.10547,0.10547,0.10547,0.0,0.7085582564236111,282.23094404247837,-1.9330507779098411,0.0,0.0,284.1639948203882,284.1639948203882,0.0,1.0
6102,2019-09-12 06:00:00,9,2019-09-12 07:00:00,0.10547,0.10547,0.10547,0.0,0.7115222676164062,310.03813428272707,-0.0,25.87413946233886,0.0,284.1639948203882,284.1639948203882,0.0,0.0
6103,2019-09-12 07:00:00,9,2019-09-12 08:00:00,0.10547,0.10547,0.10547,0.0,0.6646488265614445,319.5633156691081,-0.0,35.39932084871987,0.0,284.1639948203882,284.1639948203882,0.0,0.0
6104,2019-09-12 08:00:00,9,2019-09-12 09:00:00,0.10547,0.10547,0.10547,0.0,0.6005196221253578,324.21027975765645,-0.0,40.04628493726824,0.0,284.1639948203882,284.1639948203882,0.0,0.0
6105,2019-09-12 09:00:00,9,2019-09-12 10:00:00,0.10547,0.10547,0.10547,0.0,0.5279720044853792,321.72769406442575,-0.0,37.56369924403754,0.0,284.1639948203882,284.1639948203882,0.0,0.0
6106,2019-09-12 10:00:00,9,2019-09-12 11:00:00,0.10547,0.10547,0.10547,0.0,0.459921824695456,320.18794993654296,-0.0,36.02395511615475,0.0,284.1639948203882,284.1639948203882,0.0,0.0
6107,2019-09-12 11:00:00,9,2019-09-12 12:00:00,0.10547,0.10547,0.10547,0.0,0.39466103644155254,306.70187783669724,-0.0,22.537883016309024,0.0,284.1639948203882,284.1639948203882,0.0,0.0
6108,2019-09-12 12:00:00,9,2019-09-12 13:00:00,0.10547,0.10547,0.10547,0.0,0.3538315382236014,310.84473426697355,-0.0,26.680739446585335,0.0,284.1639948203882,284.1639948203882,0.0,0.0
6109,2019-09-12 13:00:00,9,2019-09-12 14:00:00,0.10547,0.10547,0.10547,0.0,0.30549686531312076,308.04970374405525,-0.0,23.88570892366704,0.0,284.1639948203882,284.1639948203882,0.0,0.0
6110,2019-09-12 14:00:00,9,2019-09-12 15:00:00,0.12561,0.12561,0.12561,0.0,0.2622256534948834,308.5850056806186,-0.0,24.42101086023041,0.0,284.1639948203882,284.1639948203882,0.0,0.0
6111,2019-09-12 15:00:00,9,2019-09-12 16:00:00,0.12561,0.12561,0.12561,0.0,0.2179846917915674,310.8726988524443,-0.0,26.708704032056062,0.0,284.1639948203882,284.1639948203882,0.0,0.0
6112,2019-09-12 16:00:00,9,2019-09-12 17:00:00,0.15111,0.15111,0.15111,0.0,0.1695993584001615,318.2876666167364,-0.0,66.01884583688914,0.0,252.26882077984723,252.26882077984723,0.0,0.0
6113,2019-09-12 17:00:00,9,2019-09-12 18:00:00,0.15111,0.15111,0.15111,0.0,0.05,256.8669231153814,-0.0,0.0,0.0,256.8669231153814,256.8669231153814,0.0,0.0
6114,2019-09-12 18:00:00,9,2019-09-12 19:00:00,0.15111,0.15111,0.15111,0.0,0.05,258.54214489566016,-0.0,0.0,0.0,258.54214489566016,258.54214489566016,0.0,1.0
6115,2019-09-12 19:00:00,9,2019-09-12 20:00:00,0.15111,0.15111,0.15111,0.0,0.05,226.3434914499677,-0.0,0.0,0.0,226.3434914499677,226.3434914499677,0.0,0.0
6116,2019-09-12 20:00:00,9,2019-09-12 21:00:00,0.15111,0.15111,0.15111,0.0,0.05,216.80785726755806,-0.0,0.0,0.0,216.80785726755806,216.80785726755806,0.0,0.0
6117,2019-09-12 21:00:00,9,2019-09-12 22:00:00,0.12561,0.12561,0.12561,0.0,0.05,201.03996093112676,-0.0,0.0,0.0,201.03996093112676,201.03996093112676,0.0,0.0
6118,2019-09-12 22:00:00,9,2019-09-12 23:00:00,0.12561,0.12561,0.12561,0.0,0.05,202.7022801972736,-0.0,0.0,0.0,202.7022801972736,202.7022801972736,0.0,0.0
6119,2019-09-12 23:00:00,9,2019-09-13 00:00:00,0.10547,0.10547,0.10547,0.0,0.05,201.03272352781997,-83.13127129256824,0.0,0.0,284.1639948203882,284.1639948203882,0.0,1.0
6120,2019-09-13 00:00:00,9,2019-09-13 01:00:00,0.10547,0.10547,0.10547,0.0,0.17746794931527132,201.5794642156689,-82.5845306047193,0.0,0.0,284.1639948203882,284.1639948203882,0.0,1.0
6121,2019-09-13 01:00:00,9,2019-09-13 02:00:00,0.10547,0.10547,0.10547,0.0,0.3040975629091742,201.47711701917476,-82.68687780121346,0.0,0.0,284.1639948203882,284.1639948203882,0.0,1.0
6122,2019-09-13 02:00:00,9,2019-09-13 03:00:00,0.10547,0.10547,0.10547,0.0,0.4308841088710349,202.38183388903374,-81.78216093135447,0.0,0.0,284.1639948203882,284.1639948203882,0.0,1.0
6123,2019-09-13 03:00:00,9,2019-09-13 04:00:00,0.10547,0.10547,0.10547,0.0,0.5562834222991118,224.55876388079537,-59.60523093959284,0.0,0.0,284.1639948203882,284.1639948203882,0.0,1.0
6124,2019-09-13 04:00:00,9,2019-09-13 05:00:00,0.10547,0.10547,0.10547,0.0,0.6476781097398208,225.1561937822166,-59.00780103817161,0.0,0.0,284.1639948203882,284.1639948203882,0.0,1.0
6125,2019-09-13 05:00:00,9,2019-09-13 06:00:00,0.10547,0.10547,0.10547,0.0,0.7381567379983506,282.3883119984831,-1.775682821905093,0.0,0.0,284.1639948203882,284.1639948203882,0.0,1.0
6126,2019-09-13 06:00:00,9,2019-09-13 07:00:00,0.10547,0.10547,0.10547,0.0,0.7408794516586051,310.46715368425185,-0.0,26.303158863863644,0.0,284.1639948203882,284.1639948203882,0.0,0.0
6127,2019-09-13 07:00:00,9,2019-09-13 08:00:00,0.10547,0.10547,0.10547,0.0,0.6932288015429102,319.79278022741846,-0.0,35.62878540703025,0.0,284.1639948203882,284.1639948203882,0.0,0.0
6128,2019-09-13 08:00:00,9,2019-09-13 09:00:00,0.10547,0.10547,0.10547,0.0,0.6286839004432176,326.3898541393129,-0.0,42.22585931892468,0.0,284.1639948203882,284.1639948203882,0.0,0.0
6129,2019-09-13 09:00:00,9,2019-09-13 10:00:00,0.10547,0.10547,0.10547,0.0,0.552187778488644,325.79076278595875,-0.0,41.62676796557054,0.0,284.1639948203882,284.1639948203882,0.0,0.0
6130,2019-09-13 10:00:00,9,2019-09-13 11:00:00,0.10547,0.10547,0.10547,0.0,0.4767769669568133,321.44975794773404,-0.0,37.28576312734583,0.0,284.1639948203882,284.1639948203882,0.0,0.0
6131,2019-09-13 11:00:00,9,2019-09-13 12:00:00,0.10547,0.10547,0.10547,0.0,0.4092302946246651,306.3744357295053,-0.0,22.210440909117096,0.0,284.1639948203882,284.1639948203882,0.0,0.0
6132,2019-09-13 12:00:00,9,2019-09-13 13:00:00,0.10547,0.10547,0.10547,0.0,0.36899398862988775,311.24286076757676,-0.0,27.078865947188547,0.0,284.1639948203882,284.1639948203882,0.0,0.0
6133,2019-09-13 13:00:00,9,2019-09-13 14:00:00,0.10547,0.10547,0.10547,0.0,0.319938072058894,309.36373498317454,-0.0,25.199740162786327,0.0,284.1639948203882,284.1639948203882,0.0,0.0
6134,2019-09-13 14:00:00,9,2019-09-13 15:00:00,0.12561,0.12561,0.12561,0.0,0.2742863688654405,311.89802143997804,-0.0,27.734026619589827,0.0,284.1639948203882,284.1639948203882,0.0,0.0
6135,2019-09-13 15:00:00,9,2019-09-13 16:00:00,0.12561,0.12561,0.12561,0.0,0.22404356701835748,315.4891712381219,-0.0,31.3251764177337,0.0,284.1639948203882,284.1639948203882,0.0,0.0
6136,2019-09-13 16:00:00,9,2019-09-13 17:00:00,0.15111,0.15111,0.15111,0.0,0.1672950590152167,317.7103431595337,-0.0,33.54634833914548,0.0,284.1639948203882,284.1639948203882,0.0,0.0
6137,2019-09-13 17:00:00,9,2019-09-13 18:00:00,0.15111,0.15111,0.15111,0.0,0.10652268883560534,241.7934482121625,-0.0,0.0,0.0,241.7934482121625,241.7934482121625,0.0,0.0
6138,2019-09-13 18:00:00,9,2019-09-13 19:00:00,0.15111,0.15111,0.15111,0.0,0.10652268883560534,242.51783010355118,-0.0,0.0,0.0,242.51783010355118,242.51783010355118,0.0,0.0
6139,2019-09-13 19:00:00,9,2019-09-13 20:00:00,0.15111,0.15111,0.15111,0.0,0.10652268883560534,228.13041409936864,-0.0,31.20052423725415,0.0,196.9298898621145,196.9298898621145,0.0,0.0
6140,2019-09-13 20:00:00,9,2019-09-13 21:00:00,0.15111,0.15111,0.15111,0.0,0.05,223.63091168933954,-0.0,0.0,0.0,223.63091168933954,223.63091168933954,0.0,0.0
6141,2019-09-13 21:00:00,9,2019-09-13 22:00:00,0.12561,0.12561,0.12561,0.0,0.05,209.65175540002045,-0.0,0.0,0.0,209.65175540002045,209.65175540002045,0.0,0.0
6142,2019-09-13 22:00:00,9,2019-09-13 23:00:00,0.12561,0.12561,0.12561,0.0,0.05,208.37431907410124,-0.0,0.0,0.0,208.37431907410124,208.37431907410124,0.0,0.0
6143,2019-09-13 23:00:00,9,2019-09-14 00:00:00,0.10547,0.10547,0.10547,0.0,0.05,204.56631404984472,-74.1177474793496,0.0,0.0,278.6840615291943,278.6840615291943,0.0,1.0
6144,2019-09-14 00:00:00,9,2019-09-14 01:00:00,0.10547,0.10547,0.10547,0.0,0.16364721280166938,203.82673144312096,-80.33726337726725,0.0,0.0,284.1639948203882,284.1639948203882,0.0,1.0
6145,2019-09-14 01:00:00,9,2019-09-14 02:00:00,0.10547,0.10547,0.10547,0.0,0.2868310166468125,203.1516791879219,-81.01231563246631,0.0,0.0,284.1639948203882,284.1639948203882,0.0,1.0
6146,2019-09-14 02:00:00,9,2019-09-14 03:00:00,0.10547,0.10547,0.10547,0.0,0.4110499006165942,202.15248123907486,-82.01151358131335,0.0,0.0,284.1639948203882,284.1639948203882,0.0,1.0
6147,2019-09-14 03:00:00,9,2019-09-14 04:00:00,0.10547,0.10547,0.10547,0.0,0.5368008881079414,223.78437026450018,-60.37962455588803,0.0,0.0,284.1639948203882,284.1639948203882,0.0,1.0
6148,2019-09-14 04:00:00,9,2019-09-14 05:00:00,0.10547,0.10547,0.10547,0.0,0.6293829790936363,226.15841777541775,-58.005577044970465,0.0,0.0,284.1639948203882,284.1639948203882,0.0,1.0
6149,2019-09-14 05:00:00,9,2019-09-14 06:00:00,0.10547,0.10547,0.10547,0.0,0.7183248638959243,282.06526061126505,-2.0987342091231653,0.0,0.0,284.1639948203882,284.1639948203882,0.0,1.0
6150,2019-09-14 06:00:00,9,2019-09-14 07:00:00,0.10547,0.10547,0.10547,0.0,0.7215429230165799,309.6631699454372,-0.0,25.499175125048964,0.0,284.1639948203882,284.1639948203882,0.0,0.0
6151,2019-09-14 07:00:00,9,2019-09-14 08:00:00,0.10547,0.10547,0.10547,0.0,0.6753487651813462,317.7247458965858,-0.0,33.56075107619756,0.0,284.1639948203882,284.1639948203882,0.0,0.0
6152,2019-09-14 08:00:00,9,2019-09-14 09:00:00,0.10547,0.10547,0.10547,0.0,0.6145503030867854,322.8168642650141,-0.0,38.65286944462588,0.0,284.1639948203882,284.1639948203882,0.0,0.0
6153,2019-09-14 09:00:00,9,2019-09-14 10:00:00,0.10547,0.10547,0.10547,0.0,0.5445269888755065,320.4323683432104,-0.0,36.26837352282217,0.0,284.1639948203882,284.1639948203882,0.0,0.0
6154,2019-09-14 10:00:00,9,2019-09-14 11:00:00,0.10547,0.10547,0.10547,0.0,0.4788234136530027,315.97850005659194,-0.0,31.81450523620373,0.0,284.1639948203882,284.1639948203882,0.0,0.0
6155,2019-09-14 11:00:00,9,2019-09-14 12:00:00,0.10547,0.10547,0.10547,0.0,0.42118844039901043,300.77572005743457,-0.0,16.611725237046358,0.0,284.1639948203882,284.1639948203882,0.0,0.0
6156,2019-09-14 12:00:00,9,2019-09-14 13:00:00,0.10547,0.10547,0.10547,0.0,0.3910947352594337,309.7938291115665,-0.0,25.62983429117827,0.0,284.1639948203882,284.1639948203882,0.0,0.0
6157,2019-09-14 13:00:00,9,2019-09-14 14:00:00,0.10547,0.10547,0.10547,0.0,0.3446638760362847,313.6147956442716,-0.0,29.450800823883412,0.0,284.1639948203882,284.1639948203882,0.0,0.0
6158,2019-09-14 14:00:00,9,2019-09-14 15:00:00,0.12561,0.12561,0.12561,0.0,0.29131097599301764,318.48263025154785,-0.0,34.318635431159635,0.0,284.1639948203882,284.1639948203882,0.0,0.0
6159,2019-09-14 15:00:00,9,2019-09-14 16:00:00,0.12561,0.12561,0.12561,0.0,0.22913953499454,322.5031348922397,-0.0,38.33914007185149,0.0,284.1639948203882,284.1639948203882,0.0,0.0
6160,2019-09-14 16:00:00,9,2019-09-14 17:00:00,0.15111,0.15111,0.15111,0.0,0.15968457109625836,322.07691808836086,-0.0,60.54588324513462,0.0,261.5310348432262,261.5310348432262,0.0,0.0
6161,2019-09-14 17:00:00,9,2019-09-14 18:00:00,0.15111,0.15111,0.15111,0.0,0.05,244.3008613161027,-0.0,0.0,0.0,244.3008613161027,244.3008613161027,0.0,0.0
6162,2019-09-14 18:00:00,9,2019-09-14 19:00:00,0.15111,0.15111,0.15111,0.0,0.05,242.10992791779833,-0.0,0.0,0.0,242.10992791779833,242.10992791779833,0.0,0.0
6163,2019-09-14 19:00:00,9,2019-09-14 20:00:00,0.15111,0.15111,0.15111,0.0,0.05,222.8916191017478,-0.0,0.0,0.0,222.8916191017478,222.8916191017478,0.0,0.0
6164,2019-09-14 20:00:00,9,2019-09-14 21:00:00,0.15111,0.15111,0.15111,0.0,0.05,221.1448053895832,-0.0,0.0,0.0,221.1448053895832,221.1448053895832,0.0,0.0
6165,2019-09-14 21:00:00,9,2019-09-14 22:00:00,0.12561,0.12561,0.12561,0.0,0.05,207.59717693495324,-0.0,0.0,0.0,207.59717693495324,207.59717693495324,0.0,0.0
6166,2019-09-14 22:00:00,9,2019-09-14 23:00:00,0.12561,0.12561,0.12561,0.0,0.05,205.78926745751303,-0.0,0.0,0.0,205.78926745751303,205.78926745751303,0.0,0.0
6167,2019-09-14 23:00:00,9,2019-09-15 00:00:00,0.10547,0.10547,0.10547,0.0,0.05,199.2212653508916,-0.0,0.0,0.0,199.2212653508916,199.2212653508916,0.0,0.0
6168,2019-09-15 00:00:00,9,2019-09-15 01:00:00,0.10547,0.10547,0.10547,0.0,0.05,201.39108867367045,-87.9176815664881,0.0,0.0,289.30877024015854,289.30877024015854,0.0,1.0
6169,2019-09-15 01:00:00,9,2019-09-15 02:00:00,0.10547,0.10547,0.10547,0.0,0.18480711173528175,206.73659869282164,-82.57217154733691,0.0,0.0,289.30877024015854,289.30877024015854,0.0,1.0
6170,2019-09-15 02:00:00,9,2019-09-15 03:00:00,0.10547,0.10547,0.10547,0.0,0.3114177747745317,206.2261706259503,-83.08259961420826,0.0,0.0,289.30877024015854,289.30877024015854,0.0,1.0
6171,2019-09-15 03:00:00,9,2019-09-15 04:00:00,0.10547,0.10547,0.10547,0.0,0.4388110941829843,229.5399601503248,-59.76881008983377,0.0,0.0,289.30877024015854,289.30877024015854,0.0,1.0
6172,2019-09-15 04:00:00,9,2019-09-15 05:00:00,0.10547,0.10547,0.10547,0.0,0.5304566029873962,229.82178202223352,-59.48698821792504,0.0,0.0,289.30877024015854,289.30877024015854,0.0,1.0
6173,2019-09-15 05:00:00,9,2019-09-15 06:00:00,0.10547,0.10547,0.10547,0.0,0.6216699849215479,286.6282249142471,-2.680545325911471,0.0,0.0,289.30877024015854,289.30877024015854,0.0,1.0
6174,2019-09-15 06:00:00,9,2019-09-15 07:00:00,0.10547,0.10547,0.10547,0.0,0.6257801544212788,314.82883655012506,-0.0,25.520066309966523,0.0,289.30877024015854,289.30877024015854,0.0,0.0
6175,2019-09-15 07:00:00,9,2019-09-15 08:00:00,0.10547,0.10547,0.10547,0.0,0.5795481502365569,325.3302089547235,-0.0,36.021438714564965,0.0,289.30877024015854,289.30877024015854,0.0,0.0
6176,2019-09-15 08:00:00,9,2019-09-15 09:00:00,0.10547,0.10547,0.10547,0.0,0.5142919206811856,333.67876999490665,-0.0,44.36999975474808,0.0,289.30877024015854,289.30877024015854,0.0,0.0
6177,2019-09-15 09:00:00,9,2019-09-15 10:00:00,0.10547,0.10547,0.10547,0.0,0.4339114863428737,326.85862002064243,-0.0,37.549849780483896,0.0,289.30877024015854,289.30877024015854,0.0,0.0
6178,2019-09-15 10:00:00,9,2019-09-15 11:00:00,0.10547,0.10547,0.10547,0.0,0.36588639616083773,321.18562598333733,-0.0,31.876855743178794,0.0,289.30877024015854,289.30877024015854,0.0,0.0
6179,2019-09-15 11:00:00,9,2019-09-15 12:00:00,0.10547,0.10547,0.10547,0.0,0.30813846908986164,307.0579135708237,-0.0,17.749143330665163,0.0,289.30877024015854,289.30877024015854,0.0,0.0
6180,2019-09-15 12:00:00,9,2019-09-15 13:00:00,0.10547,0.10547,0.10547,0.0,0.27598422392561317,312.34953154716646,-0.0,23.040761307007926,0.0,289.30877024015854,289.30877024015854,0.0,0.0
6181,2019-09-15 13:00:00,9,2019-09-15 14:00:00,0.10547,0.10547,0.10547,0.0,0.23424371431146837,310.0295758702271,-0.0,20.72080563006859,0.0,289.30877024015854,289.30877024015854,0.0,0.0
6182,2019-09-15 14:00:00,9,2019-09-15 15:00:00,0.12561,0.12561,0.12561,0.0,0.19670602295264852,313.4053223961873,-0.0,24.096552156028736,0.0,289.30877024015854,289.30877024015854,0.0,0.0
6183,2019-09-15 15:00:00,9,2019-09-15 16:00:00,0.12561,0.12561,0.12561,0.0,0.1530528487569443,318.0887851791743,-0.0,28.780014939015757,0.0,289.30877024015854,289.30877024015854,0.0,0.0
6184,2019-09-15 16:00:00,9,2019-09-15 17:00:00,0.15111,0.15111,0.15111,0.0,0.10091514053408966,317.41392781497603,-0.0,28.105157574817497,0.0,289.30877024015854,289.30877024015854,0.0,0.0
6185,2019-09-15 17:00:00,9,2019-09-15 18:00:00,0.15111,0.15111,0.15111,0.0,0.05,242.24028397723433,-0.0,0.0,0.0,242.24028397723433,242.24028397723433,0.0,0.0
6186,2019-09-15 18:00:00,9,2019-09-15 19:00:00,0.15111,0.15111,0.15111,0.0,0.05,258.3510963816396,-0.0,0.0,0.0,258.3510963816396,258.3510963816396,0.0,0.0
6187,2019-09-15 19:00:00,9,2019-09-15 20:00:00,0.15111,0.15111,0.15111,0.0,0.05,231.34077302030602,-0.0,0.0,0.0,231.34077302030602,231.34077302030602,0.0,0.0
6188,2019-09-15 20:00:00,9,2019-09-15 21:00:00,0.15111,0.15111,0.15111,0.0,0.05,222.0670984712161,-0.0,0.0,0.0,222.0670984712161,222.0670984712161,0.0,0.0
6189,2019-09-15 21:00:00,9,2019-09-15 22:00:00,0.12561,0.12561,0.12561,0.0,0.05,203.06324599322406,-0.0,0.0,0.0,203.06324599322406,203.06324599322406,0.0,0.0
6190,2019-09-15 22:00:00,9,2019-09-15 23:00:00,0.12561,0.12561,0.12561,0.0,0.05,206.7101347218823,-0.0,0.0,0.0,206.7101347218823,206.7101347218823,0.0,0.0
6191,2019-09-15 23:00:00,9,2019-09-16 00:00:00,0.10547,0.10547,0.10547,0.0,0.05,205.46176272668717,-0.0,0.0,0.0,205.46176272668717,205.46176272668717,0.0,0.0
6192,2019-09-16 00:00:00,9,2019-09-16 01:00:00,0.10547,0.10547,0.10547,0.0,0.05,200.10994503233863,-0.0,0.0,0.0,200.10994503233863,200.10994503233863,0.0,0.0
6193,2019-09-16 01:00:00,9,2019-09-16 02:00:00,0.10547,0.10547,0.10547,0.0,0.05,204.72789153367964,-84.4288542971746,0.0,0.0,289.1567458308542,289.1567458308542,0.0,1.0
6194,2019-09-16 02:00:00,9,2019-09-16 03:00:00,0.10547,0.10547,0.10547,0.0,0.17945757658900105,204.419640145091,-84.73710568576324,0.0,0.0,289.1567458308542,289.1567458308542,0.0,1.0
6195,2019-09-16 03:00:00,9,2019-09-16 04:00:00,0.10547,0.10547,0.10547,0.0,0.30938780530717136,204.95556007329324,-84.20118575756099,0.0,0.0,289.1567458308542,289.1567458308542,0.0,1.0
6196,2019-09-16 04:00:00,9,2019-09-16 05:00:00,0.10547,0.10547,0.10547,0.0,0.43849629013543157,205.15805356818595,-83.9986922626683,0.0,0.0,289.1567458308542,289.1567458308542,0.0,1.0
6197,2019-09-16 05:00:00,9,2019-09-16 06:00:00,0.10547,0.10547,0.10547,0.0,0.5672942849381897,224.4767988168878,-64.67994701396644,0.0,0.0,289.1567458308542,289.1567458308542,0.0,1.0
6198,2019-09-16 06:00:00,9,2019-09-16 07:00:00,0.10547,0.10547,0.10547,0.0,0.6664702036929382,250.70247910017,-38.45426673068424,0.0,0.0,289.1567458308542,289.1567458308542,0.0,1.0
6199,2019-09-16 07:00:00,9,2019-09-16 08:00:00,0.10547,0.10547,0.10547,0.0,0.7254334126799875,251.6081035107657,-37.54864232008855,0.0,0.0,289.1567458308542,289.1567458308542,0.0,1.0
6200,2019-09-16 08:00:00,9,2019-09-16 09:00:00,0.10547,0.10547,0.10547,0.0,0.7830079975707899,277.02478061502757,-12.13196521582667,0.0,0.0,289.1567458308542,289.1567458308542,0.0,1.0
6201,2019-09-16 09:00:00,9,2019-09-16 10:00:00,0.10547,0.10547,0.10547,0.0,0.8016103442350574,276.5727767205957,-12.583969110258538,0.0,0.0,289.1567458308542,289.1567458308542,0.0,1.0
6202,2019-09-16 10:00:00,9,2019-09-16 11:00:00,0.10547,0.10547,0.10547,0.0,0.8209057635374539,272.40712817460985,-16.749617656244382,0.0,0.0,289.1567458308542,289.1567458308542,0.0,1.0
6203,2019-09-16 11:00:00,9,2019-09-16 12:00:00,0.10547,0.10547,0.10547,0.0,0.846588510610362,259.845702948819,-29.311042882035238,0.0,0.0,289.1567458308542,289.1567458308542,0.0,1.0
6204,2019-09-16 12:00:00,9,2019-09-16 13:00:00,0.10547,0.10547,0.10547,0.0,0.8915321096961494,255.096843702182,-34.059902128672206,0.0,0.0,289.1567458308542,289.1567458308542,0.0,1.0
6205,2019-09-16 13:00:00,9,2019-09-16 14:00:00,0.10547,0.10547,0.10547,0.0,0.9437572929601135,252.4767195004934,-36.68002633036081,0.0,0.0,289.1567458308542,289.1567458308542,0.0,1.0
6206,2019-09-16 14:00:00,9,2019-09-16 15:00:00,0.12561,0.12561,0.12561,0.0,1.0,233.408164308689,-0.0,0.0,0.0,233.408164308689,233.408164308689,0.0,0.0
6207,2019-09-16 15:00:00,9,2019-09-16 16:00:00,0.12561,0.12561,0.12561,0.0,1.0,234.79221271940736,-0.0,0.0,0.0,234.79221271940736,234.79221271940736,0.0,0.0
6208,2019-09-16 16:00:00,9,2019-09-16 17:00:00,0.15111,0.15111,0.15111,0.0,1.0,227.46836946850092,-0.0,100.34515386956895,0.0,127.12321559893198,127.12321559893198,0.0,0.0
6209,2019-09-16 17:00:00,9,2019-09-16 18:00:00,0.15111,0.15111,0.15111,0.0,0.8182153009609259,226.88571455913674,-0.0,0.0,0.0,226.88571455913674,226.88571455913674,0.0,0.0
6210,2019-09-16 18:00:00,9,2019-09-16 19:00:00,0.15111,0.15111,0.15111,0.0,0.8182153009609259,235.23989102677817,-0.0,0.0,0.0,235.23989102677817,235.23989102677817,0.0,0.0
6211,2019-09-16 19:00:00,9,2019-09-16 20:00:00,0.15111,0.15111,0.15111,0.0,0.8182153009609259,212.2291859520504,-0.0,212.2291859520504,0.0,0.0,0.0,0.0,0.0
6212,2019-09-16 20:00:00,9,2019-09-16 21:00:00,0.15111,0.15111,0.15111,0.0,0.4337421380043129,211.82566017838073,-0.0,211.82566017838073,0.0,0.0,0.0,0.0,0.0
6213,2019-09-16 21:00:00,9,2019-09-16 22:00:00,0.12561,0.12561,0.12561,0.0,0.05,208.95591649353088,-0.0,0.0,0.0,208.95591649353088,208.95591649353088,0.0,0.0
6214,2019-09-16 22:00:00,9,2019-09-16 23:00:00,0.12561,0.12561,0.12561,0.0,0.05,208.66308177408771,-0.0,0.0,0.0,208.66308177408771,208.66308177408771,0.0,0.0
6215,2019-09-16 23:00:00,9,2019-09-17 00:00:00,0.10547,0.10547,0.10547,0.0,0.05,204.8351399864432,-0.0,0.0,0.0,204.8351399864432,204.8351399864432,0.0,0.0
6216,2019-09-17 00:00:00,9,2019-09-17 01:00:00,0.10547,0.10547,0.10547,0.0,0.05,202.2336793949641,-0.0,0.0,0.0,202.2336793949641,202.2336793949641,0.0,0.0
6217,2019-09-17 01:00:00,9,2019-09-17 02:00:00,0.10547,0.10547,0.10547,0.0,0.05,202.2666948377754,-0.0,0.0,0.0,202.2666948377754,202.2666948377754,0.0,0.0
6218,2019-09-17 02:00:00,9,2019-09-17 03:00:00,0.10547,0.10547,0.10547,0.0,0.05,203.3419986816952,-0.0,0.0,0.0,203.3419986816952,203.3419986816952,0.0,0.0
6219,2019-09-17 03:00:00,9,2019-09-17 04:00:00,0.10547,0.10547,0.10547,0.0,0.05,206.02975069756292,-0.0,0.0,0.0,206.02975069756292,206.02975069756292,0.0,0.0
6220,2019-09-17 04:00:00,9,2019-09-17 05:00:00,0.10547,0.10547,0.10547,0.0,0.05,205.4434072502745,-83.57136258188964,0.0,0.0,289.0147698321641,289.0147698321641,0.0,1.0
6221,2019-09-17 05:00:00,9,2019-09-17 06:00:00,0.10547,0.10547,0.10547,0.0,0.17814275595889748,222.97734772178865,-66.0374221103755,0.0,0.0,289.0147698321641,289.0147698321641,0.0,1.0
6222,2019-09-17 06:00:00,9,2019-09-17 07:00:00,0.10547,0.10547,0.10547,0.0,0.27940013652813994,222.32366080661828,-66.69110902554587,0.0,0.0,289.0147698321641,289.0147698321641,0.0,1.0
6223,2019-09-17 07:00:00,9,2019-09-17 08:00:00,0.10547,0.10547,0.10547,0.0,0.3816598370339769,239.45351654961948,-49.56125328254467,0.0,0.0,289.0147698321641,289.0147698321641,0.0,1.0
6224,2019-09-17 08:00:00,9,2019-09-17 09:00:00,0.10547,0.10547,0.10547,0.0,0.4576537587338787,235.6396789272838,-53.37509090488035,0.0,0.0,289.0147698321641,289.0147698321641,0.0,1.0
6225,2019-09-17 09:00:00,9,2019-09-17 10:00:00,0.10547,0.10547,0.10547,0.0,0.5394955647880286,236.0931440493938,-52.92162578277035,0.0,0.0,289.0147698321641,289.0147698321641,0.0,1.0
6226,2019-09-17 10:00:00,9,2019-09-17 11:00:00,0.10547,0.10547,0.10547,0.0,0.6206420576549432,233.8619953056556,-55.15277452650855,0.0,0.0,289.0147698321641,289.0147698321641,0.0,1.0
6227,2019-09-17 11:00:00,9,2019-09-17 12:00:00,0.10547,0.10547,0.10547,0.0,0.7052096452622563,230.188120511446,-58.82664932071816,0.0,0.0,289.0147698321641,289.0147698321641,0.0,1.0
6228,2019-09-17 12:00:00,9,2019-09-17 13:00:00,0.10547,0.10547,0.10547,0.0,0.7954105075540243,223.46169204370094,-65.8470781964576,0.0,0.0,289.30877024015854,289.30877024015854,0.0,1.0
6229,2019-09-17 13:00:00,9,2019-09-17 14:00:00,0.10547,0.10547,0.10547,0.0,0.8963760274552593,221.13991776455632,-67.58085165961351,0.0,0.0,288.7207694241698,288.7207694241698,0.0,1.0
6230,2019-09-17 14:00:00,9,2019-09-17 15:00:00,0.12561,0.12561,0.12561,0.0,1.0,220.53347933032106,-0.0,0.0,0.0,220.53347933032106,220.53347933032106,0.0,0.0
6231,2019-09-17 15:00:00,9,2019-09-17 16:00:00,0.12561,0.12561,0.12561,0.0,1.0,213.1622234416816,-0.0,0.0,0.0,213.1622234416816,213.1622234416816,0.0,0.0
6232,2019-09-17 16:00:00,9,2019-09-17 17:00:00,0.15111,0.15111,0.15111,0.0,1.0,200.1855090059031,-0.0,200.1855090059031,0.0,0.0,0.0,0.0,0.0
6233,2019-09-17 17:00:00,9,2019-09-17 18:00:00,0.15111,0.15111,0.15111,0.0,0.6373450923806103,196.04797294026014,-0.0,196.04797294026014,0.0,0.0,0.0,0.0,0.0
6234,2019-09-17 18:00:00,9,2019-09-17 19:00:00,0.15111,0.15111,0.15111,0.0,0.2821857211120232,206.1781345552416,-0.0,128.16651805383682,0.0,78.01161650140477,78.01161650140477,0.0,0.0
6235,2019-09-17 19:00:00,9,2019-09-17 20:00:00,0.15111,0.15111,0.15111,0.0,0.05,205.02251033119197,-0.0,0.0,0.0,205.02251033119197,205.02251033119197,0.0,0.0
6236,2019-09-17 20:00:00,9,2019-09-17 21:00:00,0.15111,0.15111,0.15111,0.0,0.05,208.78159527537198,-0.0,0.0,0.0,208.78159527537198,208.78159527537198,0.0,0.0
6237,2019-09-17 21:00:00,9,2019-09-17 22:00:00,0.12561,0.12561,0.12561,0.0,0.05,204.2004306841712,-0.0,0.0,0.0,204.2004306841712,204.2004306841712,0.0,0.0
6238,2019-09-17 22:00:00,9,2019-09-17 23:00:00,0.12561,0.12561,0.12561,0.0,0.05,204.71735423706792,-0.0,0.0,0.0,204.71735423706792,204.71735423706792,0.0,0.0
6239,2019-09-17 23:00:00,9,2019-09-18 00:00:00,0.10547,0.10547,0.10547,0.0,0.05,202.9905813317393,-0.0,0.0,0.0,202.9905813317393,202.9905813317393,0.0,0.0
6240,2019-09-18 00:00:00,9,2019-09-18 01:00:00,0.10547,0.10547,0.10547,0.0,0.05,204.0799744129841,-85.31389183529953,0.0,0.0,289.39386624828364,289.39386624828364,0.0,1.0
6241,2019-09-18 01:00:00,9,2019-09-18 02:00:00,0.10547,0.10547,0.10547,0.0,0.18081463414745927,203.84269892521277,-85.55116732307084,0.0,0.0,289.39386624828364,289.39386624828364,0.0,1.0
6242,2019-09-18 02:00:00,9,2019-09-18 03:00:00,0.10547,0.10547,0.10547,0.0,0.31199309070950126,203.9809906920975,-85.41287555618612,0.0,0.0,289.39386624828364,289.39386624828364,0.0,1.0
6243,2019-09-18 03:00:00,9,2019-09-18 04:00:00,0.10547,0.10547,0.10547,0.0,0.44295949989565336,227.1459911571572,-62.24787509112642,0.0,0.0,289.39386624828364,289.39386624828364,0.0,1.0
6244,2019-09-18 04:00:00,9,2019-09-18 05:00:00,0.10547,0.10547,0.10547,0.0,0.5384062417020471,227.92656272323796,-61.46730352504565,0.0,0.0,289.39386624828364,289.39386624828364,0.0,1.0
6245,2019-09-18 05:00:00,9,2019-09-18 06:00:00,0.10547,0.10547,0.10547,0.0,0.6326561071071172,284.8543211873413,-4.539545060942286,0.0,0.0,289.3938662482836,289.3938662482836,0.0,1.0
6246,2019-09-18 06:00:00,9,2019-09-18 07:00:00,0.10547,0.10547,0.10547,0.0,0.6396167428672286,313.34498064491214,-0.0,23.951114396628554,0.0,289.3938662482836,289.3938662482836,0.0,0.0
6247,2019-09-18 07:00:00,9,2019-09-18 08:00:00,0.10547,0.10547,0.10547,0.0,0.5962270428733364,324.08247237938104,-0.0,34.68860613109746,0.0,289.3938662482836,289.3938662482836,0.0,0.0
6248,2019-09-18 08:00:00,9,2019-09-18 09:00:00,0.10547,0.10547,0.10547,0.0,0.5333853650996091,331.54306676614266,-0.0,42.14920051785907,0.0,289.3938662482836,289.3938662482836,0.0,0.0
6249,2019-09-18 09:00:00,9,2019-09-18 10:00:00,0.10547,0.10547,0.10547,0.0,0.4570281177846471,330.73743861652196,-0.0,41.34357236823837,0.0,289.3938662482836,289.3938662482836,0.0,0.0
6250,2019-09-18 10:00:00,9,2019-09-18 11:00:00,0.10547,0.10547,0.10547,0.0,0.3821303417552298,326.1111305268545,-0.0,36.717264278570894,0.0,289.3938662482836,289.3938662482836,0.0,0.0
6251,2019-09-18 11:00:00,9,2019-09-18 12:00:00,0.10547,0.10547,0.10547,0.0,0.31561355864187673,309.0261235407268,-0.0,19.632257292443228,0.0,289.3938662482836,289.3938662482836,0.0,0.0
6252,2019-09-18 12:00:00,9,2019-09-18 13:00:00,0.10547,0.10547,0.10547,0.0,0.2800478751410738,314.18313561720896,-0.0,24.78926936892536,0.0,289.3938662482836,289.3938662482836,0.0,0.0
6253,2019-09-18 13:00:00,9,2019-09-18 14:00:00,0.10547,0.10547,0.10547,0.0,0.23513977845823802,314.07571368915706,-0.0,24.681847440873455,0.0,289.3938662482836,289.3938662482836,0.0,0.0
6254,2019-09-18 14:00:00,9,2019-09-18 15:00:00,0.12561,0.12561,0.12561,0.0,0.19042628671752523,313.52036961081035,-0.0,24.126503362526748,0.0,289.3938662482836,289.3938662482836,0.0,0.0
6255,2019-09-18 15:00:00,9,2019-09-18 16:00:00,0.12561,0.12561,0.12561,0.0,0.14671885308975946,314.76586877067456,-0.0,25.372002522390957,0.0,289.3938662482836,289.3938662482836,0.0,0.0
6256,2019-09-18 16:00:00,9,2019-09-18 17:00:00,0.15111,0.15111,0.15111,0.0,0.10075508040426862,317.41067063143987,-0.0,28.01680438315627,0.0,289.3938662482836,289.3938662482836,0.0,0.0
6257,2019-09-18 17:00:00,9,2019-09-18 18:00:00,0.15111,0.15111,0.15111,0.0,0.05,255.66538039322086,-0.0,0.0,0.0,255.66538039322086,255.66538039322086,0.0,1.0
6258,2019-09-18 18:00:00,9,2019-09-18 19:00:00,0.15111,0.15111,0.15111,0.0,0.05,262.33871401271506,-0.0,0.0,0.0,262.33871401271506,262.33871401271506,0.0,0.0
6259,2019-09-18 19:00:00,9,2019-09-18 20:00:00,0.15111,0.15111,0.15111,0.0,0.05,229.7136723374055,-0.0,0.0,0.0,229.7136723374055,229.7136723374055,0.0,0.0
6260,2019-09-18 20:00:00,9,2019-09-18 21:00:00,0.15111,0.15111,0.15111,0.0,0.05,225.4192971655402,-0.0,0.0,0.0,225.4192971655402,225.4192971655402,0.0,0.0
6261,2019-09-18 21:00:00,9,2019-09-18 22:00:00,0.12561,0.12561,0.12561,0.0,0.05,209.50095975725347,-0.0,0.0,0.0,209.50095975725347,209.50095975725347,0.0,0.0
6262,2019-09-18 22:00:00,9,2019-09-18 23:00:00,0.12561,0.12561,0.12561,0.0,0.05,209.42275733127872,-0.0,0.0,0.0,209.42275733127872,209.42275733127872,0.0,0.0
6263,2019-09-18 23:00:00,9,2019-09-19 00:00:00,0.10547,0.10547,0.10547,0.0,0.05,206.36987269561806,-83.02399355266554,0.0,0.0,289.3938662482836,289.3938662482836,0.0,1.0
6264,2019-09-19 00:00:00,9,2019-09-19 01:00:00,0.10547,0.10547,0.10547,0.0,0.17730345678075382,206.1981896893226,-83.19567655896105,0.0,0.0,289.39386624828364,289.39386624828364,0.0,1.0
6265,2019-09-19 01:00:00,9,2019-09-19 02:00:00,0.10547,0.10547,0.10547,0.0,0.3048701608378275,205.6954795570323,-83.69838669125136,0.0,0.0,289.39386624828364,289.39386624828364,0.0,1.0
6266,2019-09-19 02:00:00,9,2019-09-19 03:00:00,0.10547,0.10547,0.10547,0.0,0.43320768709774615,205.1232853822472,-84.27058086603645,0.0,0.0,289.39386624828364,289.39386624828364,0.0,1.0
6267,2019-09-19 03:00:00,9,2019-09-19 04:00:00,0.10547,0.10547,0.10547,0.0,0.5624225777590022,227.70133591592239,-61.69253033236126,0.0,0.0,289.39386624828364,289.39386624828364,0.0,1.0
6268,2019-09-19 04:00:00,9,2019-09-19 05:00:00,0.10547,0.10547,0.10547,0.0,0.6570177909352893,227.5267134488363,-61.867152799447354,0.0,0.0,289.39386624828364,289.39386624828364,0.0,1.0
6269,2019-09-19 05:00:00,9,2019-09-19 06:00:00,0.10547,0.10547,0.10547,0.0,0.7518807585611087,284.2592406532342,-5.134625595049442,0.0,0.0,289.39386624828364,289.39386624828364,0.0,1.0
6270,2019-09-19 06:00:00,9,2019-09-19 07:00:00,0.10547,0.10547,0.10547,0.0,0.7597538511401845,313.0604854500895,-0.0,23.666619201805872,0.0,289.39386624828364,289.39386624828364,0.0,0.0
6271,2019-09-19 07:00:00,9,2019-09-19 08:00:00,0.10547,0.10547,0.10547,0.0,0.7168795409919855,324.27363114280894,-0.0,34.879764894525294,0.0,289.39386624828364,289.39386624828364,0.0,0.0
6272,2019-09-19 08:00:00,9,2019-09-19 09:00:00,0.10547,0.10547,0.10547,0.0,0.6536915611105991,332.15616843582075,-0.0,42.7623021875371,0.0,289.39386624828364,289.39386624828364,0.0,0.0
6273,2019-09-19 09:00:00,9,2019-09-19 10:00:00,0.10547,0.10547,0.10547,0.0,0.5762236223650609,328.73874988602597,-0.0,39.34488363774233,0.0,289.39386624828364,289.39386624828364,0.0,0.0
6274,2019-09-19 10:00:00,9,2019-09-19 11:00:00,0.10547,0.10547,0.10547,0.0,0.5049466592532087,321.6063543941612,-0.0,32.21248814587756,0.0,289.39386624828364,289.39386624828364,0.0,0.0
6275,2019-09-19 11:00:00,9,2019-09-19 12:00:00,0.10547,0.10547,0.10547,0.0,0.4465907024671986,306.0823777400354,-0.0,16.68851149175174,0.0,289.39386624828364,289.39386624828364,0.0,0.0
6276,2019-09-19 12:00:00,9,2019-09-19 13:00:00,0.10547,0.10547,0.10547,0.0,0.4163578917937354,311.8267513362218,-0.0,22.432885087938132,0.0,289.39386624828364,289.39386624828364,0.0,0.0
6277,2019-09-19 13:00:00,9,2019-09-19 14:00:00,0.10547,0.10547,0.10547,0.0,0.3757186072141373,308.38997023111983,-0.0,18.99610398283619,0.0,289.39386624828364,289.39386624828364,0.0,0.0
6278,2019-09-19 14:00:00,9,2019-09-19 15:00:00,0.12561,0.12561,0.12561,0.0,0.3413053753611732,309.74278573729424,-0.0,20.348919489010598,0.0,289.39386624828364,289.39386624828364,0.0,0.0
6279,2019-09-19 15:00:00,9,2019-09-19 16:00:00,0.12561,0.12561,0.12561,0.0,0.3044413907796323,312.62866145013163,-0.0,23.234795201847987,0.0,289.39386624828364,289.39386624828364,0.0,0.0
6280,2019-09-19 16:00:00,9,2019-09-19 17:00:00,0.15111,0.15111,0.15111,0.0,0.2623493704864294,311.3364935794003,-0.0,117.21685250850904,0.0,194.1196410708913,194.1196410708913,0.0,0.0
6281,2019-09-19 17:00:00,9,2019-09-19 18:00:00,0.15111,0.15111,0.15111,0.0,0.05,245.20003728807802,-0.0,0.0,0.0,245.20003728807802,245.20003728807802,0.0,0.0
6282,2019-09-19 18:00:00,9,2019-09-19 19:00:00,0.15111,0.15111,0.15111,0.0,0.05,255.90943253266627,-0.0,0.0,0.0,255.90943253266627,255.90943253266627,0.0,1.0
6283,2019-09-19 19:00:00,9,2019-09-19 20:00:00,0.15111,0.15111,0.15111,0.0,0.05,225.5097898557144,-0.0,0.0,0.0,225.5097898557144,225.5097898557144,0.0,0.0
6284,2019-09-19 20:00:00,9,2019-09-19 21:00:00,0.15111,0.15111,0.15111,0.0,0.05,216.71999758041406,-0.0,0.0,0.0,216.71999758041406,216.71999758041406,0.0,0.0
6285,2019-09-19 21:00:00,9,2019-09-19 22:00:00,0.12561,0.12561,0.12561,0.0,0.05,205.7439418869083,-0.0,0.0,0.0,205.7439418869083,205.7439418869083,0.0,0.0
6286,2019-09-19 22:00:00,9,2019-09-19 23:00:00,0.12561,0.12561,0.12561,0.0,0.05,210.3075195241691,-0.0,0.0,0.0,210.3075195241691,210.3075195241691,0.0,0.0
6287,2019-09-19 23:00:00,9,2019-09-20 00:00:00,0.10547,0.10547,0.10547,0.0,0.05,205.343882314439,-52.898812148784124,0.0,0.0,258.24269446322313,258.24269446322313,0.0,1.0
6288,2019-09-20 00:00:00,9,2019-09-20 01:00:00,0.10547,0.10547,0.10547,0.0,0.131111511961469,204.20955354463027,-85.18431270365338,0.0,0.0,289.39386624828364,289.39386624828364,0.0,1.0
6289,2019-09-20 01:00:00,9,2019-09-20 02:00:00,0.10547,0.10547,0.10547,0.0,0.2617274581070708,204.31870794401476,-85.07515830426888,0.0,0.0,289.39386624828364,289.39386624828364,0.0,1.0
6290,2019-09-20 02:00:00,9,2019-09-20 03:00:00,0.10547,0.10547,0.10547,0.0,0.3921760341736165,205.2472954979116,-84.14657075037204,0.0,0.0,289.39386624828364,289.39386624828364,0.0,1.0
6291,2019-09-20 03:00:00,9,2019-09-20 04:00:00,0.10547,0.10547,0.10547,0.0,0.5212007759908537,228.61286892384553,-60.78099732443812,0.0,0.0,289.39386624828364,289.39386624828364,0.0,1.0
6292,2019-09-20 04:00:00,9,2019-09-20 05:00:00,0.10547,0.10547,0.10547,0.0,0.6143983052216587,229.19996633260118,-60.193899915682465,0.0,0.0,289.39386624828364,289.39386624828364,0.0,1.0
6293,2019-09-20 05:00:00,9,2019-09-20 06:00:00,0.10547,0.10547,0.10547,0.0,0.7066956184257052,286.169585057163,-3.2242811911206672,0.0,0.0,289.39386624828364,289.39386624828364,0.0,1.0
6294,2019-09-20 06:00:00,9,2019-09-20 07:00:00,0.10547,0.10547,0.10547,0.0,0.7116395162520902,315.0115026982975,-0.0,25.617636450013833,0.0,289.39386624828364,289.39386624828364,0.0,0.0
6295,2019-09-20 07:00:00,9,2019-09-20 08:00:00,0.10547,0.10547,0.10547,0.0,0.6652307545672825,325.12810121260867,-0.0,35.734234964325026,0.0,289.39386624828364,289.39386624828364,0.0,0.0
6296,2019-09-20 08:00:00,9,2019-09-20 09:00:00,0.10547,0.10547,0.10547,0.0,0.6004948216608966,330.46824518080973,-0.0,41.07437893252609,0.0,289.39386624828364,289.39386624828364,0.0,0.0
6297,2019-09-20 09:00:00,9,2019-09-20 10:00:00,0.10547,0.10547,0.10547,0.0,0.526084714899074,326.5294246105551,-0.0,37.13555836227147,0.0,289.39386624828364,289.39386624828364,0.0,0.0
6298,2019-09-20 10:00:00,9,2019-09-20 11:00:00,0.10547,0.10547,0.10547,0.0,0.45881015264858227,321.58612158690903,-0.0,32.19225533862539,0.0,289.39386624828364,289.39386624828364,0.0,0.0
6299,2019-09-20 11:00:00,9,2019-09-20 12:00:00,0.10547,0.10547,0.10547,0.0,0.40049084949889857,305.64262827510083,-0.0,16.24876202681719,0.0,289.39386624828364,289.39386624828364,0.0,0.0
6300,2019-09-20 12:00:00,9,2019-09-20 13:00:00,0.10547,0.10547,0.10547,0.0,0.3710546864068385,309.44883634285446,-0.0,20.05497009457082,0.0,289.39386624828364,289.39386624828364,0.0,0.0
6301,2019-09-20 13:00:00,9,2019-09-20 14:00:00,0.10547,0.10547,0.10547,0.0,0.33472321884421014,309.3157158465154,-0.0,19.921849598231745,0.0,289.39386624828364,289.39386624828364,0.0,0.0
6302,2019-09-20 14:00:00,9,2019-09-20 15:00:00,0.12561,0.12561,0.12561,0.0,0.2986329116010367,312.2822137672808,-0.0,22.888347518997136,0.0,289.39386624828364,289.39386624828364,0.0,0.0
6303,2019-09-20 15:00:00,9,2019-09-20 16:00:00,0.12561,0.12561,0.12561,0.0,0.2571685139216941,315.8022005615954,-0.0,26.40833431331174,0.0,289.39386624828364,289.39386624828364,0.0,0.0
6304,2019-09-20 16:00:00,9,2019-09-20 17:00:00,0.15111,0.15111,0.15111,0.0,0.20932732857149164,314.4875549425597,-0.0,25.093688694276068,0.0,289.39386624828364,289.39386624828364,0.0,0.0
6305,2019-09-20 17:00:00,9,2019-09-20 18:00:00,0.15111,0.15111,0.15111,0.0,0.1638677476036002,242.2963820761978,-0.0,62.85499667718732,0.0,179.44138539901047,179.44138539901047,0.0,0.0
6306,2019-09-20 18:00:00,9,2019-09-20 19:00:00,0.15111,0.15111,0.15111,0.0,0.05,263.6269663579737,-0.0,0.0,0.0,263.6269663579737,263.6269663579737,0.0,0.0
6307,2019-09-20 19:00:00,9,2019-09-20 20:00:00,0.15111,0.15111,0.15111,0.0,0.05,236.83930016932493,-0.0,0.0,0.0,236.83930016932493,236.83930016932493,0.0,0.0
6308,2019-09-20 20:00:00,9,2019-09-20 21:00:00,0.15111,0.15111,0.15111,0.0,0.05,225.1425727740895,-0.0,0.0,0.0,225.1425727740895,225.1425727740895,0.0,0.0
6309,2019-09-20 21:00:00,9,2019-09-20 22:00:00,0.12561,0.12561,0.12561,0.0,0.05,206.07297368111404,-0.0,0.0,0.0,206.07297368111404,206.07297368111404,0.0,0.0
6310,2019-09-20 22:00:00,9,2019-09-20 23:00:00,0.12561,0.12561,0.12561,0.0,0.05,206.47973705297588,-0.0,0.0,0.0,206.47973705297588,206.47973705297588,0.0,0.0
6311,2019-09-20 23:00:00,9,2019-09-21 00:00:00,0.10547,0.10547,0.10547,0.0,0.05,203.66752770880632,-85.72633853947733,0.0,0.0,289.39386624828364,289.39386624828364,0.0,1.0
6312,2019-09-21 00:00:00,9,2019-09-21 01:00:00,0.10547,0.10547,0.10547,0.0,0.18144705242719855,204.5735117023358,-84.82035454594785,0.0,0.0,289.39386624828364,289.39386624828364,0.0,1.0
6313,2019-09-21 01:00:00,9,2019-09-21 02:00:00,0.10547,0.10547,0.10547,0.0,0.3115049293976519,205.49789858439937,-83.89596766388428,0.0,0.0,289.39386624828364,289.39386624828364,0.0,1.0
6314,2019-09-21 02:00:00,9,2019-09-21 03:00:00,0.10547,0.10547,0.10547,0.0,0.4401454131489411,205.50326338988464,-83.890602858399,0.0,0.0,289.39386624828364,289.39386624828364,0.0,1.0
6315,2019-09-21 03:00:00,9,2019-09-21 04:00:00,0.10547,0.10547,0.10547,0.0,0.568777670865153,228.0301007093491,-61.36376553893453,0.0,0.0,289.39386624828364,289.39386624828364,0.0,1.0
6316,2019-09-21 04:00:00,9,2019-09-21 05:00:00,0.10547,0.10547,0.10547,0.0,0.6628687780248527,228.23186989916633,-61.16199634911732,0.0,0.0,289.39386624828364,289.39386624828364,0.0,1.0
6317,2019-09-21 05:00:00,9,2019-09-21 06:00:00,0.10547,0.10547,0.10547,0.0,0.7566505057601659,285.05846328011455,-4.335402968169092,0.0,0.0,289.39386624828364,289.39386624828364,0.0,1.0
6318,2019-09-21 06:00:00,9,2019-09-21 07:00:00,0.10547,0.10547,0.10547,0.0,0.7632981236446917,313.3722456888194,-0.0,23.978379440535775,0.0,289.39386624828364,289.39386624828364,0.0,0.0
6319,2019-09-21 07:00:00,9,2019-09-21 08:00:00,0.10547,0.10547,0.10547,0.0,0.7198590304553154,323.9875502512358,-0.0,34.59368400295216,0.0,289.39386624828364,289.39386624828364,0.0,0.0
6320,2019-09-21 08:00:00,9,2019-09-21 09:00:00,0.10547,0.10547,0.10547,0.0,0.657189313058663,333.1962673320099,-0.0,43.80240108372624,0.0,289.39386624828364,289.39386624828364,0.0,0.0
6321,2019-09-21 09:00:00,9,2019-09-21 10:00:00,0.10547,0.10547,0.10547,0.0,0.5778371371823474,335.6451486387541,-0.0,46.251282390470465,0.0,289.39386624828364,289.39386624828364,0.0,0.0
6322,2019-09-21 10:00:00,9,2019-09-21 11:00:00,0.10547,0.10547,0.10547,0.0,0.49404858212714725,327.50077758455956,-0.0,38.106911336275914,0.0,289.39386624828364,289.39386624828364,0.0,0.0
6323,2019-09-21 11:00:00,9,2019-09-21 12:00:00,0.10547,0.10547,0.10547,0.0,0.4250143224599807,311.4777975366959,-0.0,22.08393128841226,0.0,289.39386624828364,289.39386624828364,0.0,0.0
6324,2019-09-21 12:00:00,9,2019-09-21 13:00:00,0.10547,0.10547,0.10547,0.0,0.38500720056068316,315.26752778463265,-0.0,25.873661536349005,0.0,289.39386624828364,289.39386624828364,0.0,0.0
6325,2019-09-21 13:00:00,9,2019-09-21 14:00:00,0.10547,0.10547,0.10547,0.0,0.3381346253136741,311.3289969540031,-0.0,21.935130705719473,0.0,289.39386624828364,289.39386624828364,0.0,0.0
6326,2019-09-21 14:00:00,9,2019-09-21 15:00:00,0.12561,0.12561,0.12561,0.0,0.29839706968737073,309.9119440130584,-0.0,20.518077764774773,0.0,289.39386624828364,289.39386624828364,0.0,0.0
6327,2019-09-21 15:00:00,9,2019-09-21 16:00:00,0.12561,0.12561,0.12561,0.0,0.2612266389540831,313.1834782129679,-0.0,23.78961196468424,0.0,289.39386624828364,289.39386624828364,0.0,0.0
6328,2019-09-21 16:00:00,9,2019-09-21 17:00:00,0.15111,0.15111,0.15111,0.0,0.21812951582965512,313.359460852143,-0.0,92.80749273796962,0.0,220.55196811417338,220.55196811417338,0.0,0.0
6329,2019-09-21 17:00:00,9,2019-09-21 18:00:00,0.15111,0.15111,0.15111,0.0,0.05,243.81060718281736,-0.0,0.0,0.0,243.81060718281736,243.81060718281736,0.0,0.0
6330,2019-09-21 18:00:00,9,2019-09-21 19:00:00,0.15111,0.15111,0.15111,0.0,0.05,262.10059834462936,-0.0,0.0,0.0,262.10059834462936,262.10059834462936,0.0,0.0
6331,2019-09-21 19:00:00,9,2019-09-21 20:00:00,0.15111,0.15111,0.15111,0.0,0.05,229.97421279300855,-0.0,0.0,0.0,229.97421279300855,229.97421279300855,0.0,0.0
6332,2019-09-21 20:00:00,9,2019-09-21 21:00:00,0.15111,0.15111,0.15111,0.0,0.05,221.4368218214965,-0.0,0.0,0.0,221.4368218214965,221.4368218214965,0.0,0.0
6333,2019-09-21 21:00:00,9,2019-09-21 22:00:00,0.12561,0.12561,0.12561,0.0,0.05,204.69654629599395,-0.0,0.0,0.0,204.69654629599395,204.69654629599395,0.0,0.0
6334,2019-09-21 22:00:00,9,2019-09-21 23:00:00,0.12561,0.12561,0.12561,0.0,0.05,209.50462476682506,-0.0,0.0,0.0,209.50462476682506,209.50462476682506,0.0,0.0
6335,2019-09-21 23:00:00,9,2019-09-22 00:00:00,0.10547,0.10547,0.10547,0.0,0.05,204.58244471171685,-0.0,0.0,0.0,204.58244471171685,204.58244471171685,0.0,0.0
6336,2019-09-22 00:00:00,9,2019-09-22 01:00:00,0.10547,0.10547,0.10547,0.0,0.05,203.16859634617265,-86.225269902111,0.0,0.0,289.39386624828364,289.39386624828364,0.0,1.0
6337,2019-09-22 01:00:00,9,2019-09-22 02:00:00,0.10547,0.10547,0.10547,0.0,0.1822120805165702,202.27689382690946,-87.11697242137419,0.0,0.0,289.39386624828364,289.39386624828364,0.0,1.0
6338,2019-09-22 02:00:00,9,2019-09-22 03:00:00,0.10547,0.10547,0.10547,0.0,0.3157914382293439,199.91511983289854,-89.4787464153851,0.0,0.0,289.39386624828364,289.39386624828364,0.0,1.0
6339,2019-09-22 03:00:00,9,2019-09-22 04:00:00,0.10547,0.10547,0.10547,0.0,0.45299218273293446,221.38126926456133,-68.01259698372232,0.0,0.0,289.39386624828364,289.39386624828364,0.0,1.0
6340,2019-09-22 04:00:00,9,2019-09-22 05:00:00,0.10547,0.10547,0.10547,0.0,0.557278164774642,222.10315838548078,-67.29070786280286,0.0,0.0,289.39386624828364,289.39386624828364,0.0,1.0
6341,2019-09-22 05:00:00,9,2019-09-22 06:00:00,0.10547,0.10547,0.10547,0.0,0.660457250164273,281.556304904844,-7.837561343439631,0.0,0.0,289.39386624828364,289.39386624828364,0.0,1.0
6342,2019-09-22 06:00:00,9,2019-09-22 07:00:00,0.10547,0.10547,0.10547,0.0,0.6724748442242139,311.9900596671321,-0.0,22.59619341884843,0.0,289.39386624828364,289.39386624828364,0.0,0.0
6343,2019-09-22 07:00:00,9,2019-09-22 08:00:00,0.10547,0.10547,0.10547,0.0,0.6315397112190536,324.87522416133794,-0.0,35.481357913054296,0.0,289.39386624828364,289.39386624828364,0.0,0.0
6344,2019-09-22 08:00:00,9,2019-09-22 09:00:00,0.10547,0.10547,0.10547,0.0,0.5672618889127958,330.5040543074583,-0.0,41.110188059174675,0.0,289.39386624828364,289.39386624828364,0.0,0.0
6345,2019-09-22 09:00:00,9,2019-09-22 10:00:00,0.10547,0.10547,0.10547,0.0,0.49278691054472584,325.2190492419845,-0.0,35.82518299370088,0.0,289.39386624828364,289.39386624828364,0.0,0.0
6346,2019-09-22 10:00:00,9,2019-09-22 11:00:00,0.10547,0.10547,0.10547,0.0,0.42788621671555765,319.1931725829919,-0.0,29.799306334708263,0.0,289.39386624828364,289.39386624828364,0.0,0.0
6347,2019-09-22 11:00:00,9,2019-09-22 12:00:00,0.10547,0.10547,0.10547,0.0,0.37390196610920207,303.8527667671562,-0.0,14.458900518872554,0.0,289.39386624828364,289.39386624828364,0.0,0.0
6348,2019-09-22 12:00:00,9,2019-09-22 13:00:00,0.10547,0.10547,0.10547,0.0,0.34770830574892564,308.72454621797294,-0.0,19.3306799696893,0.0,289.39386624828364,289.39386624828364,0.0,0.0
6349,2019-09-22 13:00:00,9,2019-09-22 14:00:00,0.10547,0.10547,0.10547,0.0,0.3126889579777494,310.715899949477,-0.0,21.322033701193334,0.0,289.39386624828364,289.39386624828364,0.0,0.0
6350,2019-09-22 14:00:00,9,2019-09-22 15:00:00,0.12561,0.12561,0.12561,0.0,0.27406208533066,311.3454132646948,-0.0,21.951547016411155,0.0,289.39386624828364,289.39386624828364,0.0,0.0
6351,2019-09-22 15:00:00,9,2019-09-22 16:00:00,0.12561,0.12561,0.12561,0.0,0.23429479001107456,312.6842365018469,-0.0,23.290370253563253,0.0,289.39386624828364,289.39386624828364,0.0,0.0
6352,2019-09-22 16:00:00,9,2019-09-22 17:00:00,0.15111,0.15111,0.15111,0.0,0.19210209027635855,312.26370708891596,-0.0,22.86984084063232,0.0,289.39386624828364,289.39386624828364,0.0,0.0
6353,2019-09-22 17:00:00,9,2019-09-22 18:00:00,0.15111,0.15111,0.15111,0.0,0.15067121918825654,246.14623744042672,-0.0,0.0,0.0,246.14623744042672,246.14623744042672,0.0,0.0
6354,2019-09-22 18:00:00,9,2019-09-22 19:00:00,0.15111,0.15111,0.15111,0.0,0.15067121918825654,257.97981175593696,-0.0,0.0,0.0,257.97981175593696,257.97981175593696,0.0,0.0
6355,2019-09-22 19:00:00,9,2019-09-22 20:00:00,0.15111,0.15111,0.15111,0.0,0.15067121918825654,227.28841243848169,-0.0,55.5705129919176,0.0,171.71789944656408,171.71789944656408,0.0,0.0
6356,2019-09-22 20:00:00,9,2019-09-22 21:00:00,0.15111,0.15111,0.15111,0.0,0.05,220.55549364075998,-0.0,0.0,0.0,220.55549364075998,220.55549364075998,0.0,0.0
6357,2019-09-22 21:00:00,9,2019-09-22 22:00:00,0.12561,0.12561,0.12561,0.0,0.05,208.36891910352418,-0.0,0.0,0.0,208.36891910352418,208.36891910352418,0.0,0.0
6358,2019-09-22 22:00:00,9,2019-09-22 23:00:00,0.12561,0.12561,0.12561,0.0,0.05,209.784679964497,-0.0,0.0,0.0,209.784679964497,209.784679964497,0.0,0.0
6359,2019-09-22 23:00:00,9,2019-09-23 00:00:00,0.10547,0.10547,0.10547,0.0,0.05,205.1989112713781,-0.0,0.0,0.0,205.1989112713781,205.1989112713781,0.0,0.0
6360,2019-09-23 00:00:00,9,2019-09-23 01:00:00,0.10547,0.10547,0.10547,0.0,0.05,203.26301630287114,-85.8918945251619,0.0,0.0,289.15491082803305,289.15491082803305,0.0,1.0
6361,2019-09-23 01:00:00,9,2019-09-23 02:00:00,0.10547,0.10547,0.10547,0.0,0.1817009049385816,200.93430510975162,-88.22060571828142,0.0,0.0,289.15491082803305,289.15491082803305,0.0,1.0
6362,2019-09-23 02:00:00,9,2019-09-23 03:00:00,0.10547,0.10547,0.10547,0.0,0.3169725003732798,199.823427249777,-0.0,0.0,0.0,199.823427249777,199.823427249777,0.0,0.0
6363,2019-09-23 03:00:00,9,2019-09-23 04:00:00,0.10547,0.10547,0.10547,0.0,0.3169725003732798,202.97694202168782,-86.17796880634522,0.0,0.0,289.15491082803305,289.15491082803305,0.0,1.0
6364,2019-09-23 04:00:00,9,2019-09-23 05:00:00,0.10547,0.10547,0.10547,0.0,0.4491120525430091,202.34342601680336,-86.81148481122968,0.0,0.0,289.15491082803305,289.15491082803305,0.0,1.0
6365,2019-09-23 05:00:00,9,2019-09-23 06:00:00,0.10547,0.10547,0.10547,0.0,0.582222995920228,219.79163919191302,-69.36327163612002,0.0,0.0,289.15491082803305,289.15491082803305,0.0,1.0
6366,2019-09-23 06:00:00,9,2019-09-23 07:00:00,0.10547,0.10547,0.10547,0.0,0.6885800124289454,247.64448213046853,-41.510428697564514,0.0,0.0,289.15491082803305,289.15491082803305,0.0,1.0
6367,2019-09-23 07:00:00,9,2019-09-23 08:00:00,0.10547,0.10547,0.10547,0.0,0.7522293364318777,251.7896876352302,-37.365223192802844,0.0,0.0,289.15491082803305,289.15491082803305,0.0,1.0
6368,2019-09-23 08:00:00,9,2019-09-23 09:00:00,0.10547,0.10547,0.10547,0.0,0.809522678660842,280.4431340728593,-8.71177675517372,0.0,0.0,289.15491082803305,289.15491082803305,0.0,1.0
6369,2019-09-23 09:00:00,9,2019-09-23 10:00:00,0.10547,0.10547,0.10547,0.0,0.8228807363521085,278.2748067369118,-10.880104091121257,0.0,0.0,289.15491082803305,289.15491082803305,0.0,1.0
6370,2019-09-23 10:00:00,9,2019-09-23 11:00:00,0.10547,0.10547,0.10547,0.0,0.8395635626251611,275.7184180639777,-13.436492764055334,0.0,0.0,289.15491082803305,289.15491082803305,0.0,1.0
6371,2019-09-23 11:00:00,9,2019-09-23 12:00:00,0.10547,0.10547,0.10547,0.0,0.8601661848633793,263.51050895032466,-25.64440187770838,0.0,0.0,289.15491082803305,289.15491082803305,0.0,1.0
6372,2019-09-23 12:00:00,9,2019-09-23 13:00:00,0.10547,0.10547,0.10547,0.0,0.8994876010758655,257.26778947789205,-31.887121350141022,0.0,0.0,289.15491082803305,289.15491082803305,0.0,1.0
6373,2019-09-23 13:00:00,9,2019-09-23 14:00:00,0.10547,0.10547,0.10547,0.0,0.9483811871460817,255.49046766243418,-33.66444316559889,0.0,0.0,289.15491082803305,289.15491082803305,0.0,1.0
6374,2019-09-23 14:00:00,9,2019-09-23 15:00:00,0.12561,0.12561,0.12561,0.0,1.0,234.89428453393546,-0.0,0.0,0.0,234.89428453393546,234.89428453393546,0.0,0.0
6375,2019-09-23 15:00:00,9,2019-09-23 16:00:00,0.12561,0.12561,0.12561,0.0,1.0,235.366969395866,-0.0,0.0,0.0,235.366969395866,235.366969395866,0.0,0.0
6376,2019-09-23 16:00:00,9,2019-09-23 17:00:00,0.15111,0.15111,0.15111,0.0,1.0,225.95457280281153,-0.0,105.73582671665122,0.0,120.21874608616031,120.21874608616031,0.0,0.0
6377,2019-09-23 17:00:00,9,2019-09-23 18:00:00,0.15111,0.15111,0.15111,0.0,0.808449589281429,224.43394668075263,-0.0,0.0,0.0,224.43394668075263,224.43394668075263,0.0,0.0
6378,2019-09-23 18:00:00,9,2019-09-23 19:00:00,0.15111,0.15111,0.15111,0.0,0.808449589281429,231.9988453988595,-0.0,0.0,0.0,231.9988453988595,231.9988453988595,0.0,0.0
6379,2019-09-23 19:00:00,9,2019-09-23 20:00:00,0.15111,0.15111,0.15111,0.0,0.808449589281429,206.72594924228443,-0.0,206.72594924228443,0.0,0.0,0.0,0.0,0.0
6380,2019-09-23 20:00:00,9,2019-09-23 21:00:00,0.15111,0.15111,0.15111,0.0,0.4339460580454065,211.9382240410644,-0.0,211.9382240410644,0.0,0.0,0.0,0.0,0.0
6381,2019-09-23 21:00:00,9,2019-09-23 22:00:00,0.12561,0.12561,0.12561,0.0,0.05,208.97360671473416,-0.0,0.0,0.0,208.97360671473416,208.97360671473416,0.0,0.0
6382,2019-09-23 22:00:00,9,2019-09-23 23:00:00,0.12561,0.12561,0.12561,0.0,0.05,209.29666960446775,-0.0,0.0,0.0,209.29666960446775,209.29666960446775,0.0,0.0
6383,2019-09-23 23:00:00,9,2019-09-24 00:00:00,0.10547,0.10547,0.10547,0.0,0.05,206.12085525711788,-0.0,0.0,0.0,206.12085525711788,206.12085525711788,0.0,0.0
6384,2019-09-24 00:00:00,9,2019-09-24 01:00:00,0.10547,0.10547,0.10547,0.0,0.05,203.17269536871592,-0.0,0.0,0.0,203.17269536871592,203.17269536871592,0.0,0.0
6385,2019-09-24 01:00:00,9,2019-09-24 02:00:00,0.10547,0.10547,0.10547,0.0,0.05,203.5325316577035,-0.0,0.0,0.0,203.5325316577035,203.5325316577035,0.0,0.0
6386,2019-09-24 02:00:00,9,2019-09-24 03:00:00,0.10547,0.10547,0.10547,0.0,0.05,203.3440899650552,-0.0,0.0,0.0,203.3440899650552,203.3440899650552,0.0,0.0
6387,2019-09-24 03:00:00,9,2019-09-24 04:00:00,0.10547,0.10547,0.10547,0.0,0.05,205.42265071937743,-0.0,0.0,0.0,205.42265071937743,205.42265071937743,0.0,0.0
6388,2019-09-24 04:00:00,9,2019-09-24 05:00:00,0.10547,0.10547,0.10547,0.0,0.05,205.5209191264145,-81.81784077070112,0.0,0.0,287.3387598971156,287.3387598971156,0.0,1.0
6389,2019-09-24 05:00:00,9,2019-09-24 06:00:00,0.10547,0.10547,0.10547,0.0,0.17545402251507505,224.13855375227962,-63.200206144836,0.0,0.0,287.3387598971156,287.3387598971156,0.0,1.0
6390,2019-09-24 06:00:00,9,2019-09-24 07:00:00,0.10547,0.10547,0.10547,0.0,0.27236100527049023,222.2547530343221,-65.08400686279352,0.0,0.0,287.3387598971156,287.3387598971156,0.0,1.0
6391,2019-09-24 07:00:00,9,2019-09-24 08:00:00,0.10547,0.10547,0.10547,0.0,0.37215648246010696,242.41011734901437,-44.92864254810125,0.0,0.0,287.3387598971156,287.3387598971156,0.0,1.0
6392,2019-09-24 08:00:00,9,2019-09-24 09:00:00,0.10547,0.10547,0.10547,0.0,0.4410470677005289,237.05826298043755,-50.280496916678075,0.0,0.0,287.3387598971156,287.3387598971156,0.0,1.0
6393,2019-09-24 09:00:00,9,2019-09-24 10:00:00,0.10547,0.10547,0.10547,0.0,0.5181438296394353,231.87740497438068,-55.46135492273494,0.0,0.0,287.3387598971156,287.3387598971156,0.0,1.0
6394,2019-09-24 10:00:00,9,2019-09-24 11:00:00,0.10547,0.10547,0.10547,0.0,0.6031845738542956,226.263129049285,-61.075630847830624,0.0,0.0,287.3387598971156,287.3387598971156,0.0,1.0
6395,2019-09-24 11:00:00,9,2019-09-24 12:00:00,0.10547,0.10547,0.10547,0.0,0.6968338744876359,223.2368178050016,-64.10194209211402,0.0,0.0,287.3387598971156,287.3387598971156,0.0,1.0
6396,2019-09-24 12:00:00,9,2019-09-24 13:00:00,0.10547,0.10547,0.10547,0.0,0.7951235190288773,220.54716186290597,-64.73649168304163,0.0,0.0,285.2836535459476,285.2836535459476,0.0,1.0
6397,2019-09-24 13:00:00,9,2019-09-24 14:00:00,0.10547,0.10547,0.10547,0.0,0.8943861396095414,220.51526164581054,-68.8786046024731,0.0,0.0,289.39386624828364,289.39386624828364,0.0,1.0
6398,2019-09-24 14:00:00,9,2019-09-24 15:00:00,0.12561,0.12561,0.12561,0.0,1.0,221.67364397738856,-0.0,0.0,0.0,221.67364397738856,221.67364397738856,0.0,0.0
6399,2019-09-24 15:00:00,9,2019-09-24 16:00:00,0.12561,0.12561,0.12561,0.0,1.0,216.05794348828616,-0.0,0.0,0.0,216.05794348828616,216.05794348828616,0.0,0.0
6400,2019-09-24 16:00:00,9,2019-09-24 17:00:00,0.15111,0.15111,0.15111,0.0,1.0,205.1620592532522,-0.0,127.97189223259012,0.0,77.19016702066209,77.19016702066209,0.0,0.0
6401,2019-09-24 17:00:00,9,2019-09-24 18:00:00,0.15111,0.15111,0.15111,0.0,0.7681668618974817,197.650642995197,-0.0,197.650642995197,0.0,0.0,0.0,1.0,0.0
6402,2019-09-24 18:00:00,9,2019-09-24 19:00:00,0.15111,0.15111,0.15111,0.0,0.4101041028482118,198.77746477221294,-0.0,198.77746477221294,0.0,0.0,0.0,1.0,0.0
6403,2019-09-24 19:00:00,9,2019-09-24 20:00:00,0.15111,0.15111,0.15111,0.0,0.05,190.18422490606733,-0.0,0.0,0.0,190.18422490606733,190.18422490606733,0.0,0.0
6404,2019-09-24 20:00:00,9,2019-09-24 21:00:00,0.15111,0.15111,0.15111,0.0,0.05,190.7475628383584,-0.0,0.0,0.0,190.7475628383584,190.7475628383584,0.0,0.0
6405,2019-09-24 21:00:00,9,2019-09-24 22:00:00,0.12561,0.12561,0.12561,0.0,0.05,189.4767724325267,-0.0,0.0,0.0,189.4767724325267,189.4767724325267,0.0,0.0
6406,2019-09-24 22:00:00,9,2019-09-24 23:00:00,0.12561,0.12561,0.12561,0.0,0.05,193.14226304987423,-0.0,0.0,0.0,193.14226304987423,193.14226304987423,0.0,0.0
6407,2019-09-24 23:00:00,9,2019-09-25 00:00:00,0.10547,0.10547,0.10547,0.0,0.05,191.4509855367013,-0.0,0.0,0.0,191.4509855367013,191.4509855367013,0.0,0.0
6408,2019-09-25 00:00:00,9,2019-09-25 01:00:00,0.10547,0.10547,0.10547,0.0,0.05,191.97434510423477,-97.41952114404887,0.0,0.0,289.39386624828364,289.39386624828364,0.0,1.0
6409,2019-09-25 01:00:00,9,2019-09-25 02:00:00,0.10547,0.10547,0.10547,0.0,0.1993765990875416,192.93656092647882,-96.45730532180482,0.0,0.0,289.39386624828364,289.39386624828364,0.0,1.0
6410,2019-09-25 02:00:00,9,2019-09-25 03:00:00,0.10547,0.10547,0.10547,0.0,0.3472778005809757,192.0443463042232,-97.34951994406043,0.0,0.0,289.39386624828364,289.39386624828364,0.0,1.0
6411,2019-09-25 03:00:00,9,2019-09-25 04:00:00,0.10547,0.10547,0.10547,0.0,0.4965470644952017,214.31240870594465,-75.081457542339,0.0,0.0,289.39386624828364,289.39386624828364,0.0,1.0
6412,2019-09-25 04:00:00,9,2019-09-25 05:00:00,0.10547,0.10547,0.10547,0.0,0.6116719660601215,216.39578513638276,-72.99808111190089,0.0,0.0,289.39386624828364,289.39386624828364,0.0,1.0
6413,2019-09-25 05:00:00,9,2019-09-25 06:00:00,0.10547,0.10547,0.10547,0.0,0.7236023570983696,272.5469002226491,-16.846966025634515,0.0,0.0,289.39386624828364,289.39386624828364,0.0,1.0
6414,2019-09-25 06:00:00,9,2019-09-25 07:00:00,0.10547,0.10547,0.10547,0.0,0.7494343716710092,298.5751492188248,-0.0,9.181282970541133,0.0,289.39386624828364,289.39386624828364,0.0,0.0
6415,2019-09-25 07:00:00,9,2019-09-25 08:00:00,0.10547,0.10547,0.10547,0.0,0.7328016126664058,307.072087795858,-0.0,17.678221547574367,0.0,289.39386624828364,289.39386624828364,0.0,0.0
6416,2019-09-25 08:00:00,9,2019-09-25 09:00:00,0.10547,0.10547,0.10547,0.0,0.7007758489932637,313.68320005520565,-0.0,24.289333806922002,0.0,289.39386624828364,289.39386624828364,0.0,0.0
6417,2019-09-25 09:00:00,9,2019-09-25 10:00:00,0.10547,0.10547,0.10547,0.0,0.656773432676376,314.52275267790503,-0.0,25.12888642962139,0.0,289.39386624828364,289.39386624828364,0.0,0.0
6418,2019-09-25 10:00:00,9,2019-09-25 11:00:00,0.10547,0.10547,0.10547,0.0,0.6112500876951779,312.85236500561723,-0.0,23.458498757333587,0.0,289.39386624828364,289.39386624828364,0.0,0.0
6419,2019-09-25 11:00:00,9,2019-09-25 12:00:00,0.10547,0.10547,0.10547,0.0,0.5687528073376894,299.6485901403379,-0.0,10.254723892054244,0.0,289.39386624828364,289.39386624828364,0.0,0.0
6420,2019-09-25 12:00:00,9,2019-09-25 13:00:00,0.10547,0.10547,0.10547,0.0,0.5501754089825187,306.577166276962,-0.0,17.18330002867833,0.0,289.39386624828364,289.39386624828364,0.0,0.0
6421,2019-09-25 13:00:00,9,2019-09-25 14:00:00,0.10547,0.10547,0.10547,0.0,0.5190462422638986,307.550736947631,-0.0,18.156870699347337,0.0,289.39386624828364,289.39386624828364,0.0,0.0
6422,2019-09-25 14:00:00,9,2019-09-25 15:00:00,0.12561,0.12561,0.12561,0.0,0.4861533605621824,308.79065644486224,-0.0,19.396790196578593,0.0,289.39386624828364,289.39386624828364,0.0,0.0
6423,2019-09-25 15:00:00,9,2019-09-25 16:00:00,0.12561,0.12561,0.12561,0.0,0.4510142478872211,311.789008491473,-0.0,22.395142243189355,0.0,289.39386624828364,289.39386624828364,0.0,0.0
6424,2019-09-25 16:00:00,9,2019-09-25 17:00:00,0.15111,0.15111,0.15111,0.0,0.4104433380263709,312.24865791913555,-0.0,22.85479167085191,0.0,289.39386624828364,289.39386624828364,0.0,0.0
6425,2019-09-25 17:00:00,9,2019-09-25 18:00:00,0.15111,0.15111,0.15111,0.0,0.36903972992700146,241.05475113575667,-0.0,176.10993091970482,0.0,64.94482021605185,64.94482021605185,0.0,0.0
6426,2019-09-25 18:00:00,9,2019-09-25 19:00:00,0.15111,0.15111,0.15111,0.0,0.05,245.83237196083525,-0.0,0.0,0.0,245.83237196083525,245.83237196083525,0.0,0.0
6427,2019-09-25 19:00:00,9,2019-09-25 20:00:00,0.15111,0.15111,0.15111,0.0,0.05,224.03682875712084,-0.0,0.0,0.0,224.03682875712084,224.03682875712084,0.0,0.0
6428,2019-09-25 20:00:00,9,2019-09-25 21:00:00,0.15111,0.15111,0.15111,0.0,0.05,217.7647102189977,-0.0,0.0,0.0,217.7647102189977,217.7647102189977,0.0,0.0
6429,2019-09-25 21:00:00,9,2019-09-25 22:00:00,0.12561,0.12561,0.12561,0.0,0.05,200.6900951632428,-0.0,0.0,0.0,200.6900951632428,200.6900951632428,0.0,0.0
6430,2019-09-25 22:00:00,9,2019-09-25 23:00:00,0.12561,0.12561,0.12561,0.0,0.05,206.99699379048042,-0.0,0.0,0.0,206.99699379048042,206.99699379048042,0.0,0.0
6431,2019-09-25 23:00:00,9,2019-09-26 00:00:00,0.10547,0.10547,0.10547,0.0,0.05,207.30830570005313,-0.0,0.0,0.0,207.30830570005313,207.30830570005313,0.0,0.0
6432,2019-09-26 00:00:00,9,2019-09-26 01:00:00,0.10547,0.10547,0.10547,0.0,0.05,206.18731287244458,-83.20655337583906,0.0,0.0,289.39386624828364,289.39386624828364,0.0,1.0
6433,2019-09-26 01:00:00,9,2019-09-26 02:00:00,0.10547,0.10547,0.10547,0.0,0.17758338184295325,204.64505506234732,-84.74881118593632,0.0,0.0,289.39386624828364,289.39386624828364,0.0,1.0
6434,2019-09-26 02:00:00,9,2019-09-26 03:00:00,0.10547,0.10547,0.10547,0.0,0.30753155899472223,204.01008551195306,-85.38378073633058,0.0,0.0,289.39386624828364,289.39386624828364,0.0,1.0
6435,2019-09-26 03:00:00,9,2019-09-26 04:00:00,0.10547,0.10547,0.10547,0.0,0.4384533561237625,227.29692115303615,-62.09694509524749,0.0,0.0,289.39386624828364,289.39386624828364,0.0,1.0
6436,2019-09-26 04:00:00,9,2019-09-26 05:00:00,0.10547,0.10547,0.10547,0.0,0.5336686719364753,226.64099469491734,-62.752871553366305,0.0,0.0,289.39386624828364,289.39386624828364,0.0,1.0
6437,2019-09-26 05:00:00,9,2019-09-26 06:00:00,0.10547,0.10547,0.10547,0.0,0.629889741651637,283.6662089403032,-5.727657307980451,0.0,0.0,289.39386624828364,289.39386624828364,0.0,1.0
6438,2019-09-26 06:00:00,9,2019-09-26 07:00:00,0.10547,0.10547,0.10547,0.0,0.6386721495238737,310.72712658765926,-0.0,21.333260339375613,0.0,289.39386624828364,289.39386624828364,0.0,0.0
6439,2019-09-26 07:00:00,9,2019-09-26 08:00:00,0.10547,0.10547,0.10547,0.0,0.6000249387641352,311.4129227657411,-0.0,22.019056517457443,0.0,289.39386624828364,289.39386624828364,0.0,0.0
6440,2019-09-26 08:00:00,9,2019-09-26 09:00:00,0.10547,0.10547,0.10547,0.0,0.5601353436238138,315.6688894676534,-0.0,26.275023219369757,0.0,289.39386624828364,289.39386624828364,0.0,0.0
6441,2019-09-26 09:00:00,9,2019-09-26 10:00:00,0.10547,0.10547,0.10547,0.0,0.5125356638785787,315.57550906921125,-0.0,26.181642820927607,0.0,289.39386624828364,289.39386624828364,0.0,0.0
6442,2019-09-26 10:00:00,9,2019-09-26 11:00:00,0.10547,0.10547,0.10547,0.0,0.4651051515218258,311.55008986676364,-0.0,22.15622361848,0.0,289.39386624828364,289.39386624828364,0.0,0.0
6443,2019-09-26 11:00:00,9,2019-09-26 12:00:00,0.10547,0.10547,0.10547,0.0,0.42496706525646355,299.9098727675937,-0.0,10.516006519310054,0.0,289.39386624828364,289.39386624828364,0.0,0.0
6444,2019-09-26 12:00:00,9,2019-09-26 13:00:00,0.10547,0.10547,0.10547,0.0,0.4059163288084381,310.9219885141122,-0.0,21.52812226582853,0.0,289.39386624828364,289.39386624828364,0.0,0.0
6445,2019-09-26 13:00:00,9,2019-09-26 14:00:00,0.10547,0.10547,0.10547,0.0,0.3669161073123719,315.2523290560089,-0.0,25.858462807725232,0.0,289.39386624828364,289.39386624828364,0.0,0.0
6446,2019-09-26 14:00:00,9,2019-09-26 15:00:00,0.12561,0.12561,0.12561,0.0,0.3200710659940291,317.2392836722763,-0.0,27.84541742399267,0.0,289.39386624828364,289.39386624828364,0.0,0.0
6447,2019-09-26 15:00:00,9,2019-09-26 16:00:00,0.12561,0.12561,0.12561,0.0,0.2696264692114337,320.20201208733135,-0.0,30.80814583904771,0.0,289.39386624828364,289.39386624828364,0.0,0.0
6448,2019-09-26 16:00:00,9,2019-09-26 17:00:00,0.15111,0.15111,0.15111,0.0,0.21381461080736178,320.22785074088523,-0.0,30.833984492601587,0.0,289.39386624828364,289.39386624828364,0.0,0.0
6449,2019-09-26 17:00:00,9,2019-09-26 18:00:00,0.15111,0.15111,0.15111,0.0,0.15795594324830092,245.7958683981495,-0.0,59.59168067306211,0.0,186.2041877250874,186.2041877250874,0.0,0.0
6450,2019-09-26 18:00:00,9,2019-09-26 19:00:00,0.15111,0.15111,0.15111,0.0,0.05,244.752918717265,-0.0,0.0,0.0,244.752918717265,244.752918717265,0.0,0.0
6451,2019-09-26 19:00:00,9,2019-09-26 20:00:00,0.15111,0.15111,0.15111,0.0,0.05,208.45598906085664,-0.0,0.0,0.0,208.45598906085664,208.45598906085664,0.0,0.0
6452,2019-09-26 20:00:00,9,2019-09-26 21:00:00,0.15111,0.15111,0.15111,0.0,0.05,206.0823221423952,-0.0,0.0,0.0,206.0823221423952,206.0823221423952,0.0,0.0
6453,2019-09-26 21:00:00,9,2019-09-26 22:00:00,0.12561,0.12561,0.12561,0.0,0.05,196.8414125865731,-0.0,0.0,0.0,196.8414125865731,196.8414125865731,0.0,0.0
6454,2019-09-26 22:00:00,9,2019-09-26 23:00:00,0.12561,0.12561,0.12561,0.0,0.05,197.95649605147776,-0.0,0.0,0.0,197.95649605147776,197.95649605147776,0.0,0.0
6455,2019-09-26 23:00:00,9,2019-09-27 00:00:00,0.10547,0.10547,0.10547,0.0,0.05,195.01878231076003,-0.0,0.0,0.0,195.01878231076003,195.01878231076003,0.0,0.0
6456,2019-09-27 00:00:00,9,2019-09-27 01:00:00,0.10547,0.10547,0.10547,0.0,0.05,198.61093156319052,-90.78293468509312,0.0,0.0,289.39386624828364,289.39386624828364,0.0,1.0
6457,2019-09-27 01:00:00,9,2019-09-27 02:00:00,0.10547,0.10547,0.10547,0.0,0.18920049985047613,202.22397225587912,-87.16989399240452,0.0,0.0,289.39386624828364,289.39386624828364,0.0,1.0
6458,2019-09-27 02:00:00,9,2019-09-27 03:00:00,0.10547,0.10547,0.10547,0.0,0.32286100397216305,206.56432698304386,-82.82953926523979,0.0,0.0,289.39386624828364,289.39386624828364,0.0,1.0
6459,2019-09-27 03:00:00,9,2019-09-27 04:00:00,0.10547,0.10547,0.10547,0.0,0.4498662975121975,227.04585535635616,-62.34801089192749,0.0,0.0,289.39386624828364,289.39386624828364,0.0,1.0
6460,2019-09-27 04:00:00,9,2019-09-27 05:00:00,0.10547,0.10547,0.10547,0.0,0.5454665808798196,228.74574255773084,-60.64812369055281,0.0,0.0,289.39386624828364,289.39386624828364,0.0,1.0
6461,2019-09-27 05:00:00,9,2019-09-27 06:00:00,0.10547,0.10547,0.10547,0.0,0.6384603705386672,286.8074031624808,-2.5864630858028477,0.0,0.0,289.39386624828364,289.39386624828364,0.0,1.0
6462,2019-09-27 06:00:00,9,2019-09-27 07:00:00,0.10547,0.10547,0.10547,0.0,0.6424262806035649,310.86716221427685,-0.0,21.473295965993202,0.0,289.39386624828364,289.39386624828364,0.0,0.0
6463,2019-09-27 07:00:00,9,2019-09-27 08:00:00,0.10547,0.10547,0.10547,0.0,0.6035253821144468,317.51249999228406,-0.0,28.11863374400042,0.0,289.39386624828364,289.39386624828364,0.0,0.0
6464,2019-09-27 08:00:00,9,2019-09-27 09:00:00,0.10547,0.10547,0.10547,0.0,0.552585828230388,321.819614833306,-0.0,32.42574858502235,0.0,289.39386624828364,289.39386624828364,0.0,0.0
6465,2019-09-27 09:00:00,9,2019-09-27 10:00:00,0.10547,0.10547,0.10547,0.0,0.4938435300691157,316.7607414671036,-0.0,27.366875218819985,0.0,289.39386624828364,289.39386624828364,0.0,0.0
6466,2019-09-27 10:00:00,9,2019-09-27 11:00:00,0.10547,0.10547,0.10547,0.0,0.44426585757125336,312.3662640827782,-0.0,22.97239783449453,0.0,289.39386624828364,289.39386624828364,0.0,0.0
6467,2019-09-27 11:00:00,9,2019-09-27 12:00:00,0.10547,0.10547,0.10547,0.0,0.40264919482760386,299.63063936662127,-0.0,10.236773118337624,0.0,289.39386624828364,289.39386624828364,0.0,0.0
6468,2019-09-27 12:00:00,9,2019-09-27 13:00:00,0.10547,0.10547,0.10547,0.0,0.3841043159900357,308.6324982181296,-0.0,19.238631969845983,0.0,289.39386624828364,289.39386624828364,0.0,0.0
6469,2019-09-27 13:00:00,9,2019-09-27 14:00:00,0.10547,0.10547,0.10547,0.0,0.349251721841764,309.03560180508856,-0.0,19.641735556804917,0.0,289.39386624828364,289.39386624828364,0.0,0.0
6470,2019-09-27 14:00:00,9,2019-09-27 15:00:00,0.12561,0.12561,0.12561,0.0,0.31366886757218987,309.34293304496487,-0.0,19.949066796681223,0.0,289.39386624828364,289.39386624828364,0.0,0.0
6471,2019-09-27 15:00:00,9,2019-09-27 16:00:00,0.12561,0.12561,0.12561,0.0,0.27752925381008625,310.7169829233075,-0.0,21.32311667502387,0.0,289.39386624828364,289.39386624828364,0.0,0.0
6472,2019-09-27 16:00:00,9,2019-09-27 17:00:00,0.15111,0.15111,0.15111,0.0,0.23890041925388356,311.45557815135,-0.0,104.27303142814374,0.0,207.18254672320626,207.18254672320626,0.0,0.0
6473,2019-09-27 17:00:00,9,2019-09-27 18:00:00,0.15111,0.15111,0.15111,0.0,0.05,256.7569645812716,-0.0,0.0,0.0,256.7569645812716,256.7569645812716,0.0,0.0
6474,2019-09-27 18:00:00,9,2019-09-27 19:00:00,0.15111,0.15111,0.15111,0.0,0.05,263.0796176439646,-0.0,0.0,0.0,263.0796176439646,263.0796176439646,0.0,1.0
6475,2019-09-27 19:00:00,9,2019-09-27 20:00:00,0.15111,0.15111,0.15111,0.0,0.05,233.10625399135188,-0.0,0.0,0.0,233.10625399135188,233.10625399135188,0.0,0.0
6476,2019-09-27 20:00:00,9,2019-09-27 21:00:00,0.15111,0.15111,0.15111,0.0,0.05,223.53333392086566,-0.0,0.0,0.0,223.53333392086566,223.53333392086566,0.0,0.0
6477,2019-09-27 21:00:00,9,2019-09-27 22:00:00,0.12561,0.12561,0.12561,0.0,0.05,205.6569349757379,-0.0,0.0,0.0,205.6569349757379,205.6569349757379,0.0,0.0
6478,2019-09-27 22:00:00,9,2019-09-27 23:00:00,0.12561,0.12561,0.12561,0.0,0.05,207.27380728910052,-0.0,0.0,0.0,207.27380728910052,207.27380728910052,0.0,0.0
6479,2019-09-27 23:00:00,9,2019-09-28 00:00:00,0.10547,0.10547,0.10547,0.0,0.05,203.8467378839232,-0.0,0.0,0.0,203.8467378839232,203.8467378839232,0.0,0.0
6480,2019-09-28 00:00:00,9,2019-09-28 01:00:00,0.10547,0.10547,0.10547,0.0,0.05,202.45646609650103,-86.93740015178261,0.0,0.0,289.39386624828364,289.39386624828364,0.0,1.0
6481,2019-09-28 01:00:00,9,2019-09-28 02:00:00,0.10547,0.10547,0.10547,0.0,0.18330401356606665,201.15557040063518,-88.23829584764846,0.0,0.0,289.39386624828364,289.39386624828364,0.0,1.0
6482,2019-09-28 02:00:00,9,2019-09-28 03:00:00,0.10547,0.10547,0.10547,0.0,0.3186027338657943,200.31672530731547,-89.07714094096818,0.0,0.0,289.39386624828364,289.39386624828364,0.0,1.0
6483,2019-09-28 03:00:00,9,2019-09-28 04:00:00,0.10547,0.10547,0.10547,0.0,0.45518768330861215,222.98710678331233,-66.40675946497132,0.0,0.0,289.39386624828364,289.39386624828364,0.0,1.0
6484,2019-09-28 04:00:00,9,2019-09-28 05:00:00,0.10547,0.10547,0.10547,0.0,0.5570113811549016,222.32717250587046,-67.06669374241318,0.0,0.0,289.39386624828364,289.39386624828364,0.0,1.0
6485,2019-09-28 05:00:00,9,2019-09-28 06:00:00,0.10547,0.10547,0.10547,0.0,0.6598469782266018,279.2139197774974,-10.179946470786263,0.0,0.0,289.39386624828364,289.39386624828364,0.0,1.0
6486,2019-09-28 06:00:00,9,2019-09-28 07:00:00,0.10547,0.10547,0.10547,0.0,0.6754562294818074,308.16763863753783,-0.0,18.77377238925419,0.0,289.39386624828364,289.39386624828364,0.0,0.0
6487,2019-09-28 07:00:00,9,2019-09-28 08:00:00,0.10547,0.10547,0.10547,0.0,0.6414457722548976,322.38569666401736,-0.0,32.991830415733716,0.0,289.39386624828364,289.39386624828364,0.0,0.0
6488,2019-09-28 08:00:00,9,2019-09-28 09:00:00,0.10547,0.10547,0.10547,0.0,0.5816779635307423,329.22183272945375,-0.0,39.82796648117011,0.0,289.39386624828364,289.39386624828364,0.0,0.0
6489,2019-09-28 09:00:00,9,2019-09-28 10:00:00,0.10547,0.10547,0.10547,0.0,0.5095258503402168,325.0040439329104,-0.0,35.61017768462676,0.0,289.39386624828364,289.39386624828364,0.0,0.0
6490,2019-09-28 10:00:00,9,2019-09-28 11:00:00,0.10547,0.10547,0.10547,0.0,0.4450146588825596,318.3399376624734,-0.0,28.94607141418976,0.0,289.39386624828364,289.39386624828364,0.0,0.0
6491,2019-09-28 11:00:00,9,2019-09-28 12:00:00,0.10547,0.10547,0.10547,0.0,0.39257612371192596,304.80634647446936,-0.0,15.412480226185721,0.0,289.39386624828364,289.39386624828364,0.0,0.0
6492,2019-09-28 12:00:00,9,2019-09-28 13:00:00,0.10547,0.10547,0.10547,0.0,0.3646549638818794,312.61349455061384,-0.0,23.219628302330193,0.0,289.39386624828364,289.39386624828364,0.0,0.0
6493,2019-09-28 13:00:00,9,2019-09-28 14:00:00,0.10547,0.10547,0.10547,0.0,0.3225904198559189,311.1201896890527,-0.0,21.72632344076908,0.0,289.39386624828364,289.39386624828364,0.0,0.0
6494,2019-09-28 14:00:00,9,2019-09-28 15:00:00,0.12561,0.12561,0.12561,0.0,0.2832311382603228,310.17673049627956,-0.0,20.782864247995917,0.0,289.39386624828364,289.39386624828364,0.0,0.0
6495,2019-09-28 15:00:00,9,2019-09-28 16:00:00,0.12561,0.12561,0.12561,0.0,0.24558102186902583,312.26943616209275,-0.0,22.8755699138091,0.0,289.39386624828364,289.39386624828364,0.0,0.0
6496,2019-09-28 16:00:00,9,2019-09-28 17:00:00,0.15111,0.15111,0.15111,0.0,0.20413977202516875,311.80635192070474,-0.0,22.4124856724211,0.0,289.39386624828364,289.39386624828364,0.0,0.0
6497,2019-09-28 17:00:00,9,2019-09-28 18:00:00,0.15111,0.15111,0.15111,0.0,0.16353744290846386,252.45404463945994,-0.0,0.0,0.0,252.45404463945994,252.45404463945994,0.0,0.0
6498,2019-09-28 18:00:00,9,2019-09-28 19:00:00,0.15111,0.15111,0.15111,0.0,0.16353744290846386,264.8391211649649,-0.0,0.0,0.0,264.8391211649649,264.8391211649649,0.0,0.0
6499,2019-09-28 19:00:00,9,2019-09-28 20:00:00,0.15111,0.15111,0.15111,0.0,0.16353744290846386,234.47023635138254,-0.0,62.67266848547205,0.0,171.79756786591048,171.79756786591048,0.0,0.0
6500,2019-09-28 20:00:00,9,2019-09-28 21:00:00,0.15111,0.15111,0.15111,0.0,0.05,223.83741984594593,-0.0,0.0,0.0,223.83741984594593,223.83741984594593,0.0,0.0
6501,2019-09-28 21:00:00,9,2019-09-28 22:00:00,0.12561,0.12561,0.12561,0.0,0.05,205.5410177368976,-0.0,0.0,0.0,205.5410177368976,205.5410177368976,0.0,0.0
6502,2019-09-28 22:00:00,9,2019-09-28 23:00:00,0.12561,0.12561,0.12561,0.0,0.05,204.3907218916897,-0.0,0.0,0.0,204.3907218916897,204.3907218916897,0.0,0.0
6503,2019-09-28 23:00:00,9,2019-09-29 00:00:00,0.10547,0.10547,0.10547,0.0,0.05,200.88324375403278,-0.0,0.0,0.0,200.88324375403278,200.88324375403278,0.0,0.0
6504,2019-09-29 00:00:00,9,2019-09-29 01:00:00,0.10547,0.10547,0.10547,0.0,0.05,200.1740998195161,-89.21976642876754,0.0,0.0,289.39386624828364,289.39386624828364,0.0,1.0
6505,2019-09-29 01:00:00,9,2019-09-29 02:00:00,0.10547,0.10547,0.10547,0.0,0.18680364185744358,199.73309443406262,-89.66077181422102,0.0,0.0,289.39386624828364,289.39386624828364,0.0,1.0
6506,2019-09-29 02:00:00,9,2019-09-29 03:00:00,0.10547,0.10547,0.10547,0.0,0.3242834919725825,199.82165036121992,-89.57221588706372,0.0,0.0,289.39386624828364,289.39386624828364,0.0,1.0
6507,2019-09-29 03:00:00,9,2019-09-29 04:00:00,0.10547,0.10547,0.10547,0.0,0.4616275563327468,222.40099270239796,-66.99287354588569,0.0,0.0,289.39386624828364,289.39386624828364,0.0,1.0
6508,2019-09-29 04:00:00,9,2019-09-29 05:00:00,0.10547,0.10547,0.10547,0.0,0.5643499624364383,221.802432985601,-67.59143326268264,0.0,0.0,289.39386624828364,289.39386624828364,0.0,1.0
6509,2019-09-29 05:00:00,9,2019-09-29 06:00:00,0.10547,0.10547,0.10547,0.0,0.6679901601058851,279.55861470792064,-9.835251540363004,0.0,0.0,289.39386624828364,289.39386624828364,0.0,1.0
6510,2019-09-29 06:00:00,9,2019-09-29 07:00:00,0.10547,0.10547,0.10547,0.0,0.6830708791344416,307.7830613748642,-0.0,18.389195126580546,0.0,289.39386624828364,289.39386624828364,0.0,0.0
6511,2019-09-29 07:00:00,9,2019-09-29 08:00:00,0.10547,0.10547,0.10547,0.0,0.649757119847158,321.03512980135685,-0.0,31.641263553073202,0.0,289.39386624828364,289.39386624828364,0.0,0.0
6512,2019-09-29 08:00:00,9,2019-09-29 09:00:00,0.10547,0.10547,0.10547,0.0,0.5924359902220253,323.56126729570167,-0.0,34.167401047418025,0.0,289.39386624828364,289.39386624828364,0.0,0.0
6513,2019-09-29 09:00:00,9,2019-09-29 10:00:00,0.10547,0.10547,0.10547,0.0,0.5305385245564129,319.4777799174129,-0.0,30.08391366912923,0.0,289.39386624828364,289.39386624828364,0.0,0.0
6514,2019-09-29 10:00:00,9,2019-09-29 11:00:00,0.10547,0.10547,0.10547,0.0,0.4760386809529179,315.43041972055823,-0.0,26.03655347227459,0.0,289.39386624828364,289.39386624828364,0.0,0.0
6515,2019-09-29 11:00:00,9,2019-09-29 12:00:00,0.10547,0.10547,0.10547,0.0,0.42887101161908714,303.553413651166,-0.0,14.159547402882367,0.0,289.39386624828364,289.39386624828364,0.0,0.0
6516,2019-09-29 12:00:00,9,2019-09-29 13:00:00,0.10547,0.10547,0.10547,0.0,0.40321965762835826,309.6869993436333,-0.0,20.293133095349674,0.0,289.39386624828364,289.39386624828364,0.0,0.0
6517,2019-09-29 13:00:00,9,2019-09-29 14:00:00,0.10547,0.10547,0.10547,0.0,0.36645673535417406,311.2782589888376,-0.0,21.88439274055395,0.0,289.39386624828364,289.39386624828364,0.0,0.0
6518,2019-09-29 14:00:00,9,2019-09-29 15:00:00,0.12561,0.12561,0.12561,0.0,0.3268110963314314,314.8188002797859,-0.0,25.424934031502232,0.0,289.39386624828364,289.39386624828364,0.0,0.0
6519,2019-09-29 15:00:00,9,2019-09-29 16:00:00,0.12561,0.12561,0.12561,0.0,0.28075143323088386,320.0126487740349,-0.0,30.61878252575127,0.0,289.39386624828364,289.39386624828364,0.0,0.0
6520,2019-09-29 16:00:00,9,2019-09-29 17:00:00,0.15111,0.15111,0.15111,0.0,0.2252826243074214,320.07012598620804,-0.0,96.75600861769664,0.0,223.3141173685114,223.3141173685114,0.0,0.0
6521,2019-09-29 17:00:00,9,2019-09-29 18:00:00,0.15111,0.15111,0.15111,0.0,0.05,241.97247666527903,-0.0,0.0,0.0,241.97247666527903,241.97247666527903,0.0,0.0
6522,2019-09-29 18:00:00,9,2019-09-29 19:00:00,0.15111,0.15111,0.15111,0.0,0.05,243.40384938525932,-0.0,0.0,0.0,243.40384938525932,243.40384938525932,0.0,0.0
6523,2019-09-29 19:00:00,9,2019-09-29 20:00:00,0.15111,0.15111,0.15111,0.0,0.05,227.47814181942417,-0.0,0.0,0.0,227.47814181942417,227.47814181942417,0.0,0.0
6524,2019-09-29 20:00:00,9,2019-09-29 21:00:00,0.15111,0.15111,0.15111,0.0,0.05,221.88518805455408,-0.0,0.0,0.0,221.88518805455408,221.88518805455408,0.0,0.0
6525,2019-09-29 21:00:00,9,2019-09-29 22:00:00,0.12561,0.12561,0.12561,0.0,0.05,207.7250531332705,-0.0,0.0,0.0,207.7250531332705,207.7250531332705,0.0,0.0
6526,2019-09-29 22:00:00,9,2019-09-29 23:00:00,0.12561,0.12561,0.12561,0.0,0.05,209.51906906118245,-0.0,0.0,0.0,209.51906906118245,209.51906906118245,0.0,0.0
6527,2019-09-29 23:00:00,9,2019-09-30 00:00:00,0.10547,0.10547,0.10547,0.0,0.05,205.58152696479257,-0.0,0.0,0.0,205.58152696479257,205.58152696479257,0.0,0.0
6528,2019-09-30 00:00:00,9,2019-09-30 01:00:00,0.10547,0.10547,0.10547,0.0,0.05,204.52419910601625,-83.51174712648681,0.0,0.0,288.0359462325031,288.0359462325031,0.0,1.0
6529,2019-09-30 01:00:00,9,2019-09-30 02:00:00,0.10547,0.10547,0.10547,0.0,0.17805134559394645,202.92954418802057,-85.1064020444825,0.0,0.0,288.0359462325031,288.0359462325031,0.0,1.0
6530,2019-09-30 02:00:00,9,2019-09-30 03:00:00,0.10547,0.10547,0.10547,0.0,0.3085478287288196,201.8886141474843,-0.0,0.0,0.0,201.8886141474843,201.8886141474843,0.0,0.0
6531,2019-09-30 03:00:00,9,2019-09-30 04:00:00,0.10547,0.10547,0.10547,0.0,0.3085478287288196,203.24673070591982,-84.78921552658325,0.0,0.0,288.0359462325031,288.0359462325031,0.0,1.0
6532,2019-09-30 04:00:00,9,2019-09-30 05:00:00,0.10547,0.10547,0.10547,0.0,0.4385579592029139,202.6058560610838,-85.43009017141925,0.0,0.0,288.0359462325031,288.0359462325031,0.0,1.0
6533,2019-09-30 05:00:00,9,2019-09-30 06:00:00,0.10547,0.10547,0.10547,0.0,0.5695507641324234,222.71490188008676,-65.32104435241631,0.0,0.0,288.0359462325031,288.0359462325031,0.0,1.0
6534,2019-09-30 06:00:00,9,2019-09-30 07:00:00,0.10547,0.10547,0.10547,0.0,0.6697096988061284,250.6632225960588,-0.0,0.0,0.0,250.6632225960588,250.6632225960588,0.0,0.0
6535,2019-09-30 07:00:00,9,2019-09-30 08:00:00,0.10547,0.10547,0.10547,0.0,0.6697096988061284,250.74140131446475,-37.29454491803831,0.0,0.0,288.0359462325031,288.0359462325031,0.0,1.0
6536,2019-09-30 08:00:00,9,2019-09-30 09:00:00,0.10547,0.10547,0.10547,0.0,0.7268946676804539,264.23573608457235,-23.800210147930716,0.0,0.0,288.0359462325031,288.0359462325031,0.0,1.0
6537,2019-09-30 09:00:00,9,2019-09-30 10:00:00,0.10547,0.10547,0.10547,0.0,0.7633883232406143,262.72288852899,-25.313057703513085,0.0,0.0,288.0359462325031,288.0359462325031,0.0,1.0
6538,2019-09-30 10:00:00,9,2019-09-30 11:00:00,0.10547,0.10547,0.10547,0.0,0.8022016783860012,259.98008628121187,-28.0558599512912,0.0,0.0,288.0359462325031,288.0359462325031,0.0,1.0
6539,2019-09-30 11:00:00,9,2019-09-30 12:00:00,0.10547,0.10547,0.10547,0.0,0.8452206636446478,252.55277037215865,-35.48317586034442,0.0,0.0,288.0359462325031,288.0359462325031,0.0,1.0
6540,2019-09-30 12:00:00,9,2019-09-30 13:00:00,0.10547,0.10547,0.10547,0.0,0.8996281999638425,254.78122015701717,-33.25472607548599,0.0,0.0,288.0359462325032,288.0359462325032,0.0,1.0
6541,2019-09-30 13:00:00,9,2019-09-30 14:00:00,0.10547,0.10547,0.10547,0.0,0.9506187799462543,255.83080271919079,-32.20514351331238,0.0,0.0,288.0359462325032,288.0359462325032,0.0,1.0
6542,2019-09-30 14:00:00,9,2019-09-30 15:00:00,0.12561,0.12561,0.12561,0.0,1.0,233.7042613257407,-0.0,0.0,0.0,233.7042613257407,233.7042613257407,0.0,0.0
6543,2019-09-30 15:00:00,9,2019-09-30 16:00:00,0.12561,0.12561,0.12561,0.0,1.0,235.90241262193877,-0.0,0.0,0.0,235.90241262193877,235.90241262193877,0.0,0.0
6544,2019-09-30 16:00:00,9,2019-09-30 17:00:00,0.15111,0.15111,0.15111,0.0,1.0,225.3531609754207,-0.0,225.3531609754207,0.0,0.0,0.0,0.0,0.0
6545,2019-09-30 17:00:00,9,2019-09-30 18:00:00,0.15111,0.15111,0.15111,0.0,0.591751519972064,216.03459399548984,-0.0,216.03459399548984,0.0,0.0,0.0,0.0,0.0
6546,2019-09-30 18:00:00,9,2019-09-30 19:00:00,0.15111,0.15111,0.15111,0.0,0.20038450186429255,215.29445034792627,-0.0,83.01224502908948,0.0,132.2822053188368,132.2822053188368,0.0,0.0
6547,2019-09-30 19:00:00,9,2019-09-30 20:00:00,0.15111,0.15111,0.15111,0.0,0.05,186.2176306269491,-0.0,0.0,0.0,186.2176306269491,186.2176306269491,0.0,0.0
6548,2019-09-30 20:00:00,9,2019-09-30 21:00:00,0.15111,0.15111,0.15111,0.0,0.05,192.545828729105,-0.0,0.0,0.0,192.545828729105,192.545828729105,0.0,0.0
6549,2019-09-30 21:00:00,9,2019-09-30 22:00:00,0.12561,0.12561,0.12561,0.0,0.05,191.30705064930174,-0.0,0.0,0.0,191.30705064930174,191.30705064930174,0.0,0.0
6550,2019-09-30 22:00:00,9,2019-09-30 23:00:00,0.12561,0.12561,0.12561,0.0,0.05,189.9668205234389,-0.0,0.0,0.0,189.9668205234389,189.9668205234389,0.0,0.0
6551,2019-09-30 23:00:00,9,2019-10-01 00:00:00,0.10547,0.10547,0.10547,0.0,0.05,186.50232944887293,-0.0,0.0,0.0,186.50232944887293,186.50232944887293,0.0,0.0
6552,2019-10-01 00:00:00,10,2019-10-01 01:00:00,0.10531,0.10531,0.10531,0.0,0.05,183.57387359988257,-27.54584713154933,0.0,0.0,211.1197207314319,211.1197207314319,0.0,1.0
6553,2019-10-01 01:00:00,10,2019-10-01 02:00:00,0.10531,0.10531,0.10531,0.0,0.09223696560170898,186.5312976719346,-24.58842305949731,0.0,0.0,211.1197207314319,211.1197207314319,0.0,1.0
6554,2019-10-01 02:00:00,10,2019-10-01 03:00:00,0.10531,0.10531,0.10531,0.0,0.12993921429293817,193.2050825312789,-17.914638200153014,0.0,0.0,211.1197207314319,211.1197207314319,0.0,1.0
6555,2019-10-01 03:00:00,10,2019-10-01 04:00:00,0.10531,0.10531,0.10531,0.0,0.15740832619983947,202.9097056801251,-8.210015051306819,0.0,0.0,211.1197207314319,211.1197207314319,0.0,1.0
6556,2019-10-01 04:00:00,10,2019-10-01 05:00:00,0.10531,0.10531,0.10531,0.0,0.16999701594517658,206.95995456100846,-4.159766170423446,0.0,0.0,211.1197207314319,211.1197207314319,0.0,1.0
6557,2019-10-01 05:00:00,10,2019-10-01 06:00:00,0.10531,0.10531,0.10531,0.0,0.17637532407315915,222.08721791577568,-0.0,10.967497184343785,0.0,211.1197207314319,211.1197207314319,0.0,0.0
6558,2019-10-01 06:00:00,10,2019-10-01 07:00:00,0.10531,0.10531,0.10531,0.0,0.15650666975369584,217.35628611156517,-0.0,6.236565380133271,0.0,211.1197207314319,211.1197207314319,0.0,0.0
6559,2019-10-01 07:00:00,10,2019-10-01 08:00:00,0.10531,0.10531,0.10531,0.0,0.1452085440650487,225.86172376845758,-0.0,14.742003037025682,0.0,211.1197207314319,211.1197207314319,0.0,0.0
6560,2019-10-01 08:00:00,10,2019-10-01 09:00:00,0.10531,0.10531,0.10531,0.0,0.11850201682406021,217.16405517327922,-0.0,6.044334441847326,0.0,211.1197207314319,211.1197207314319,0.0,0.0
6561,2019-10-01 09:00:00,10,2019-10-01 10:00:00,0.10531,0.10531,0.10531,0.0,0.10755213558882952,216.4737152152539,-0.0,5.353994483821992,0.0,211.1197207314319,211.1197207314319,0.0,0.0
6562,2019-10-01 10:00:00,10,2019-10-01 11:00:00,0.10531,0.10531,0.10531,0.0,0.09785287021958682,217.00454533385536,-0.0,5.884824602423464,0.0,211.1197207314319,211.1197207314319,0.0,0.0
6563,2019-10-01 11:00:00,10,2019-10-01 12:00:00,0.10531,0.10531,0.10531,0.0,0.08719195608476182,216.2486382568455,-0.0,5.128917525413613,0.0,211.1197207314319,211.1197207314319,0.0,0.0
6564,2019-10-01 12:00:00,10,2019-10-01 13:00:00,0.10531,0.10531,0.10531,0.0,0.07790043882857774,214.82881981224642,-23.15466845167127,0.0,0.0,237.9834882639177,237.9834882639177,0.0,1.0
6565,2019-10-01 13:00:00,10,2019-10-01 14:00:00,0.10531,0.10531,0.10531,0.0,0.113404263787807,215.95257735148928,-22.03091091242841,0.0,0.0,237.9834882639177,237.9834882639177,0.0,1.0
6566,2019-10-01 14:00:00,10,2019-10-01 15:00:00,0.10531,0.10531,0.10531,0.0,0.1471849938535306,217.9788072639349,-20.004680999982796,0.0,0.0,237.9834882639177,237.9834882639177,0.0,1.0
6567,2019-10-01 15:00:00,10,2019-10-01 16:00:00,0.10531,0.10531,0.10531,0.0,0.1778588380535042,210.77690852855346,-27.20657973536423,0.0,0.0,237.9834882639177,237.9834882639177,0.0,1.0
6568,2019-10-01 16:00:00,10,2019-10-01 17:00:00,0.13592,0.13592,0.13592,0.0,0.21957559364772938,197.2056975188267,-14.981532524624363,0.0,0.0,212.18723004345105,212.18723004345105,0.0,1.0
6569,2019-10-01 17:00:00,10,2019-10-01 18:00:00,0.13592,0.13592,0.13592,0.0,0.24254727685215338,188.96949282098572,-49.01399544293197,0.0,0.0,237.9834882639177,237.9834882639177,0.0,1.0
6570,2019-10-01 18:00:00,10,2019-10-01 19:00:00,0.13592,0.13592,0.13592,0.0,0.3177020698646491,189.56593747521754,-48.417550788700154,0.0,0.0,237.9834882639177,237.9834882639177,0.0,1.0
6571,2019-10-01 19:00:00,10,2019-10-01 20:00:00,0.13592,0.13592,0.13592,0.0,0.3919423144073227,186.3965317452929,-51.5869565186248,0.0,0.0,237.9834882639177,237.9834882639177,0.0,1.0
6572,2019-10-01 20:00:00,10,2019-10-01 21:00:00,0.13592,0.13592,0.13592,0.0,0.4710423144025473,189.29222429062494,-48.69126397329275,0.0,0.0,237.9834882639177,237.9834882639177,0.0,1.0
6573,2019-10-01 21:00:00,10,2019-10-01 22:00:00,0.10531,0.10531,0.10531,0.0,0.5457022524949295,188.1359564251461,-49.84753183877159,0.0,0.0,237.9834882639177,237.9834882639177,0.0,1.0
6574,2019-10-01 22:00:00,10,2019-10-01 23:00:00,0.10531,0.10531,0.10531,0.0,0.6221351346477126,189.68253193050597,-48.30095633341172,0.0,0.0,237.9834882639177,237.9834882639177,0.0,1.0
6575,2019-10-01 23:00:00,10,2019-10-02 00:00:00,0.10531,0.10531,0.10531,0.0,0.6961966010256107,187.9115323590428,-50.07195590487488,0.0,0.0,237.9834882639177,237.9834882639177,0.0,1.0
6576,2019-10-02 00:00:00,10,2019-10-02 01:00:00,0.10531,0.10531,0.10531,0.0,0.7729736000797521,198.06706889437035,-0.0,0.0,0.0,198.06706889437035,198.06706889437035,0.0,0.0
6577,2019-10-02 01:00:00,10,2019-10-02 02:00:00,0.10531,0.10531,0.10531,0.0,0.7729736000797521,202.9972215279668,-53.07550738068696,0.0,0.0,256.07272890865374,256.07272890865374,0.0,1.0
6578,2019-10-02 02:00:00,10,2019-10-02 03:00:00,0.10531,0.10531,0.10531,0.0,0.8543560447301388,200.82297871560334,-0.0,0.0,0.0,200.82297871560334,200.82297871560334,0.0,0.0
6579,2019-10-02 03:00:00,10,2019-10-02 04:00:00,0.10531,0.10531,0.10531,0.0,0.8543560447301388,219.96146862797377,-47.515863772506776,0.0,0.0,267.4773324004806,267.4773324004806,0.0,1.0
6580,2019-10-02 04:00:00,10,2019-10-02 05:00:00,0.10531,0.10531,0.10531,0.0,0.9272137025146492,220.0080079535126,-47.46932444696796,0.0,0.0,267.4773324004806,267.4773324004806,0.0,1.0
6581,2019-10-02 05:00:00,10,2019-10-02 06:00:00,0.10531,0.10531,0.10531,0.0,1.0,282.7808696120497,-0.0,15.303537211569108,0.0,267.4773324004806,267.4773324004806,0.0,0.0
6582,2019-10-02 06:00:00,10,2019-10-02 07:00:00,0.10531,0.10531,0.10531,0.0,0.9722762007036791,313.42079335000733,-0.0,45.94346094952678,0.0,267.4773324004806,267.4773324004806,0.0,0.0
6583,2019-10-02 07:00:00,10,2019-10-02 08:00:00,0.10531,0.10531,0.10531,0.0,0.8890452931864207,322.7096369864106,-0.0,55.23230458593005,0.0,267.4773324004806,267.4773324004806,0.0,0.0
6584,2019-10-02 08:00:00,10,2019-10-02 09:00:00,0.10531,0.10531,0.10531,0.0,0.7889867703858225,327.11386339489354,-0.0,59.636530994413,0.0,267.4773324004806,267.4773324004806,0.0,0.0
6585,2019-10-02 09:00:00,10,2019-10-02 10:00:00,0.10531,0.10531,0.10531,0.0,0.6809495765553631,321.94568685041844,-0.0,54.46835444993789,0.0,267.4773324004806,267.4773324004806,0.0,0.0
6586,2019-10-02 10:00:00,10,2019-10-02 11:00:00,0.10531,0.10531,0.10531,0.0,0.5822750213924321,317.6710117023144,-0.0,50.19367930183384,0.0,267.4773324004806,267.4773324004806,0.0,0.0
6587,2019-10-02 11:00:00,10,2019-10-02 12:00:00,0.10531,0.10531,0.10531,0.0,0.4913444429470811,304.6425559513298,-0.0,37.165223550849305,0.0,267.4773324004805,267.4773324004805,0.0,0.0
6588,2019-10-02 12:00:00,10,2019-10-02 13:00:00,0.10531,0.10531,0.10531,0.0,0.4240161394129338,308.9311366484069,-0.0,41.45380424792632,0.0,267.4773324004806,267.4773324004806,0.0,0.0
6589,2019-10-02 13:00:00,10,2019-10-02 14:00:00,0.10531,0.10531,0.10531,0.0,0.3489186679492992,307.36416181676105,-0.0,39.88682941628048,0.0,267.4773324004806,267.4773324004806,0.0,0.0
6590,2019-10-02 14:00:00,10,2019-10-02 15:00:00,0.10531,0.10531,0.10531,0.0,0.2766599190067619,308.1651384478178,-0.0,40.68780604733723,0.0,267.4773324004806,267.4773324004806,0.0,0.0
6591,2019-10-02 15:00:00,10,2019-10-02 16:00:00,0.10531,0.10531,0.10531,0.0,0.20295012544274516,309.96131215535297,-0.0,42.483979754872394,0.0,267.4773324004806,267.4773324004806,0.0,0.0
6592,2019-10-02 16:00:00,10,2019-10-02 17:00:00,0.13592,0.13592,0.13592,0.0,0.12598639400275896,309.4218218900035,-0.0,41.94448948952294,0.0,267.4773324004806,267.4773324004806,0.0,0.0
6593,2019-10-02 17:00:00,10,2019-10-02 18:00:00,0.13592,0.13592,0.13592,0.0,0.05,252.30282636935664,-0.0,0.0,0.0,252.30282636935664,252.30282636935664,0.0,0.0
6594,2019-10-02 18:00:00,10,2019-10-02 19:00:00,0.13592,0.13592,0.13592,0.0,0.05,259.5561266845178,-0.0,0.0,0.0,259.5561266845178,259.5561266845178,0.0,0.0
6595,2019-10-02 19:00:00,10,2019-10-02 20:00:00,0.13592,0.13592,0.13592,0.0,0.05,233.97505291938762,-0.0,0.0,0.0,233.97505291938762,233.97505291938762,0.0,0.0
6596,2019-10-02 20:00:00,10,2019-10-02 21:00:00,0.13592,0.13592,0.13592,0.0,0.05,226.9082879480856,-0.0,0.0,0.0,226.9082879480856,226.9082879480856,0.0,0.0
6597,2019-10-02 21:00:00,10,2019-10-02 22:00:00,0.10531,0.10531,0.10531,0.0,0.05,208.32823354846502,-59.149098852015555,0.0,0.0,267.4773324004806,267.4773324004806,0.0,1.0
6598,2019-10-02 22:00:00,10,2019-10-02 23:00:00,0.10531,0.10531,0.10531,0.0,0.14069528490642386,205.10526788931537,-62.372064511165206,0.0,0.0,267.4773324004806,267.4773324004806,0.0,1.0
6599,2019-10-02 23:00:00,10,2019-10-03 00:00:00,0.10531,0.10531,0.10531,0.0,0.2363324504902105,198.6772500481488,-64.24095023070433,0.0,0.0,262.91820027885313,262.91820027885313,0.0,1.0
6600,2019-10-03 00:00:00,10,2019-10-03 01:00:00,0.10531,0.10531,0.10531,0.0,0.33483524084395716,202.0454140893025,-75.65230758567813,0.0,0.0,277.69772167498064,277.69772167498064,0.0,1.0
6601,2019-10-03 01:00:00,10,2019-10-03 02:00:00,0.10531,0.10531,0.10531,0.0,0.45083544580866364,206.074828516168,-71.62289315881264,0.0,0.0,277.69772167498064,277.69772167498064,0.0,1.0
6602,2019-10-03 02:00:00,10,2019-10-03 03:00:00,0.10531,0.10531,0.10531,0.0,0.560657215318843,206.57895926518336,-71.11876240979728,0.0,0.0,277.69772167498064,277.69772167498064,0.0,1.0
6603,2019-10-03 03:00:00,10,2019-10-03 04:00:00,0.10531,0.10531,0.10531,0.0,0.669705984347199,229.5357436682509,-48.161978006729754,0.0,0.0,277.69772167498064,277.69772167498064,0.0,1.0
6604,2019-10-03 04:00:00,10,2019-10-03 05:00:00,0.10531,0.10531,0.10531,0.0,0.7435543506241845,228.90656124553306,-48.79116042944759,0.0,0.0,277.69772167498064,277.69772167498064,0.0,1.0
6605,2019-10-03 05:00:00,10,2019-10-03 06:00:00,0.10531,0.10531,0.10531,0.0,0.8183674632826708,283.998777003981,-0.0,6.301055329000349,0.0,277.69772167498064,277.69772167498064,0.0,0.0
6606,2019-10-03 06:00:00,10,2019-10-03 07:00:00,0.10531,0.10531,0.10531,0.0,0.8069525079765107,310.569993980533,-0.0,32.87227230555237,0.0,277.69772167498064,277.69772167498064,0.0,0.0
6607,2019-10-03 07:00:00,10,2019-10-03 08:00:00,0.10531,0.10531,0.10531,0.0,0.7474012900316706,321.0163660243502,-0.0,43.31864434936955,0.0,277.69772167498064,277.69772167498064,0.0,0.0
6608,2019-10-03 08:00:00,10,2019-10-03 09:00:00,0.10531,0.10531,0.10531,0.0,0.6689254850509286,328.54771367081423,-0.0,50.84999199583359,0.0,277.69772167498064,277.69772167498064,0.0,0.0
6609,2019-10-03 09:00:00,10,2019-10-03 10:00:00,0.10531,0.10531,0.10531,0.0,0.5768059343338388,325.2166232171228,-0.0,47.518901542142146,0.0,277.69772167498064,277.69772167498064,0.0,0.0
6610,2019-10-03 10:00:00,10,2019-10-03 11:00:00,0.10531,0.10531,0.10531,0.0,0.4907209677719872,321.1539648379419,-0.0,43.45624316296124,0.0,277.69772167498064,277.69772167498064,0.0,0.0
6611,2019-10-03 11:00:00,10,2019-10-03 12:00:00,0.10531,0.10531,0.10531,0.0,0.4119958895782169,307.34246473238983,-0.0,29.644743057409187,0.0,277.69772167498064,277.69772167498064,0.0,0.0
6612,2019-10-03 12:00:00,10,2019-10-03 13:00:00,0.10531,0.10531,0.10531,0.0,0.3582916449089974,311.9509925325025,-0.0,34.25327085752188,0.0,277.6977216749806,277.6977216749806,0.0,0.0
6613,2019-10-03 13:00:00,10,2019-10-03 14:00:00,0.10531,0.10531,0.10531,0.0,0.2962386179931969,308.52488136665215,-0.0,30.827159691671532,0.0,277.6977216749806,277.6977216749806,0.0,0.0
6614,2019-10-03 14:00:00,10,2019-10-03 15:00:00,0.10531,0.10531,0.10531,0.0,0.24039231420393692,310.38613481774746,-0.0,32.68841314276685,0.0,277.6977216749806,277.6977216749806,0.0,0.0
6615,2019-10-03 15:00:00,10,2019-10-03 16:00:00,0.10531,0.10531,0.10531,0.0,0.1811741744525477,314.7422712828182,-0.0,37.04454960783758,0.0,277.6977216749806,277.6977216749806,0.0,0.0
6616,2019-10-03 16:00:00,10,2019-10-03 17:00:00,0.13592,0.13592,0.13592,0.0,0.1140644831340014,313.0613163649494,-0.0,35.36359468996878,0.0,277.6977216749806,277.6977216749806,0.0,0.0
6617,2019-10-03 17:00:00,10,2019-10-03 18:00:00,0.13592,0.13592,0.13592,0.0,0.05,245.5762599347663,-0.0,0.0,0.0,245.5762599347663,245.5762599347663,0.0,0.0
6618,2019-10-03 18:00:00,10,2019-10-03 19:00:00,0.13592,0.13592,0.13592,0.0,0.05,260.32872560776343,-0.0,0.0,0.0,260.32872560776343,260.32872560776343,0.0,0.0
6619,2019-10-03 19:00:00,10,2019-10-03 20:00:00,0.13592,0.13592,0.13592,0.0,0.05,235.47029050167157,-0.0,0.0,0.0,235.47029050167157,235.47029050167157,0.0,0.0
6620,2019-10-03 20:00:00,10,2019-10-03 21:00:00,0.13592,0.13592,0.13592,0.0,0.05,226.51660154462988,-0.0,0.0,0.0,226.51660154462988,226.51660154462988,0.0,0.0
6621,2019-10-03 21:00:00,10,2019-10-03 22:00:00,0.10531,0.10531,0.10531,0.0,0.05,209.10932466720294,-68.58839700777767,0.0,0.0,277.6977216749806,277.6977216749806,0.0,1.0
6622,2019-10-03 22:00:00,10,2019-10-03 23:00:00,0.10531,0.10531,0.10531,0.0,0.15516887541192576,208.75867311553228,-68.93904855944834,0.0,0.0,277.6977216749806,277.6977216749806,0.0,1.0
6623,2019-10-03 23:00:00,10,2019-10-04 00:00:00,0.10531,0.10531,0.10531,0.0,0.2608754165364132,205.04423861351628,-31.591120566117308,0.0,0.0,236.63535917963358,236.63535917963358,0.0,1.0
6624,2019-10-04 00:00:00,10,2019-10-04 01:00:00,0.10531,0.10531,0.10531,0.0,0.3093151347377931,204.8761146653072,-76.98830659158054,0.0,0.0,281.86442125688774,281.86442125688774,0.0,1.0
6625,2019-10-04 01:00:00,10,2019-10-04 02:00:00,0.10531,0.10531,0.10531,0.0,0.42736387151155,204.99489367532627,-76.86952758156147,0.0,0.0,281.86442125688774,281.86442125688774,0.0,1.0
6626,2019-10-04 02:00:00,10,2019-10-04 03:00:00,0.10531,0.10531,0.10531,0.0,0.5452304804699443,205.43738044513213,-76.4270408117556,0.0,0.0,281.86442125688774,281.86442125688774,0.0,1.0
6627,2019-10-04 03:00:00,10,2019-10-04 04:00:00,0.10531,0.10531,0.10531,0.0,0.6624186097146361,228.30011369238335,-53.56430756450439,0.0,0.0,281.86442125688774,281.86442125688774,0.0,1.0
6628,2019-10-04 04:00:00,10,2019-10-04 05:00:00,0.10531,0.10531,0.10531,0.0,0.7445505479802096,228.31572086839253,-53.548700388495206,0.0,0.0,281.86442125688774,281.86442125688774,0.0,1.0
6629,2019-10-04 05:00:00,10,2019-10-04 06:00:00,0.10531,0.10531,0.10531,0.0,0.8266585552425689,286.29043873722156,-0.0,4.426017480333826,0.0,281.86442125688774,281.86442125688774,0.0,0.0
6630,2019-10-04 06:00:00,10,2019-10-04 07:00:00,0.10531,0.10531,0.10531,0.0,0.8186404076332685,314.3133750503568,-0.0,32.44895379346907,0.0,281.86442125688774,281.86442125688774,0.0,0.0
6631,2019-10-04 07:00:00,10,2019-10-04 08:00:00,0.10531,0.10531,0.10531,0.0,0.7598560710508968,325.22400394767544,-0.0,43.359582690787704,0.0,281.86442125688774,281.86442125688774,0.0,0.0
6632,2019-10-04 08:00:00,10,2019-10-04 09:00:00,0.10531,0.10531,0.10531,0.0,0.6813061024081654,333.0878112483298,-0.0,51.22338999144205,0.0,281.86442125688774,281.86442125688774,0.0,0.0
6633,2019-10-04 09:00:00,10,2019-10-04 10:00:00,0.10531,0.10531,0.10531,0.0,0.5885101060468573,330.82565828600315,-0.0,48.96123702911541,0.0,281.86442125688774,281.86442125688774,0.0,0.0
6634,2019-10-04 10:00:00,10,2019-10-04 11:00:00,0.10531,0.10531,0.10531,0.0,0.4998122128781701,328.50139464526814,-0.0,46.6369733883804,0.0,281.86442125688774,281.86442125688774,0.0,0.0
6635,2019-10-04 11:00:00,10,2019-10-04 12:00:00,0.10531,0.10531,0.10531,0.0,0.4153249422470462,313.5515378813816,-0.0,31.687116624493854,0.0,281.86442125688774,281.86442125688774,0.0,0.0
6636,2019-10-04 12:00:00,10,2019-10-04 13:00:00,0.10531,0.10531,0.10531,0.0,0.35792074546354286,318.6295846380128,-0.0,36.76516338112506,0.0,281.8644212568877,281.8644212568877,0.0,0.0
6637,2019-10-04 13:00:00,10,2019-10-04 14:00:00,0.10531,0.10531,0.10531,0.0,0.2913171886136786,316.4137980364389,-0.0,34.54937677955118,0.0,281.8644212568877,281.8644212568877,0.0,0.0
6638,2019-10-04 14:00:00,10,2019-10-04 15:00:00,0.10531,0.10531,0.10531,0.0,0.2287277379260859,314.47263746026965,-0.0,32.60821620338194,0.0,281.8644212568877,281.8644212568877,0.0,0.0
6639,2019-10-04 15:00:00,10,2019-10-04 16:00:00,0.10531,0.10531,0.10531,0.0,0.16965488248517657,314.8591454373491,-0.0,32.99472418046143,0.0,281.8644212568877,281.8644212568877,0.0,0.0
6640,2019-10-04 16:00:00,10,2019-10-04 17:00:00,0.13592,0.13592,0.13592,0.0,0.10988183143361606,314.91919220824377,-0.0,33.05477095135606,0.0,281.8644212568877,281.8644212568877,0.0,0.0
6641,2019-10-04 17:00:00,10,2019-10-04 18:00:00,0.13592,0.13592,0.13592,0.0,0.05,253.6779900527557,-0.0,0.0,0.0,253.6779900527557,253.6779900527557,0.0,0.0
6642,2019-10-04 18:00:00,10,2019-10-04 19:00:00,0.13592,0.13592,0.13592,0.0,0.05,262.0400066683891,-0.0,0.0,0.0,262.0400066683891,262.0400066683891,0.0,0.0
6643,2019-10-04 19:00:00,10,2019-10-04 20:00:00,0.13592,0.13592,0.13592,0.0,0.05,233.9474379697208,-0.0,0.0,0.0,233.9474379697208,233.9474379697208,0.0,0.0
6644,2019-10-04 20:00:00,10,2019-10-04 21:00:00,0.13592,0.13592,0.13592,0.0,0.05,226.7556937308424,-0.0,0.0,0.0,226.7556937308424,226.7556937308424,0.0,0.0
6645,2019-10-04 21:00:00,10,2019-10-04 22:00:00,0.10531,0.10531,0.10531,0.0,0.05,208.8008931032024,-73.0635281536853,0.0,0.0,281.8644212568877,281.8644212568877,0.0,1.0
6646,2019-10-04 22:00:00,10,2019-10-04 23:00:00,0.10531,0.10531,0.10531,0.0,0.16203074316898414,208.05163457570654,-73.81278668118117,0.0,0.0,281.8644212568877,281.8644212568877,0.0,1.0
6647,2019-10-04 23:00:00,10,2019-10-05 00:00:00,0.10531,0.10531,0.10531,0.0,0.2752103494134619,203.49089701314838,-0.0,0.0,0.0,203.49089701314838,203.49089701314838,0.0,0.0
6648,2019-10-05 00:00:00,10,2019-10-05 01:00:00,0.10531,0.10531,0.10531,0.0,0.2752103494134619,202.3032756326066,-79.56114562428112,0.0,0.0,281.86442125688774,281.86442125688774,0.0,1.0
6649,2019-10-05 01:00:00,10,2019-10-05 02:00:00,0.10531,0.10531,0.10531,0.0,0.39720410603735967,203.27593240953692,-78.58848884735082,0.0,0.0,281.86442125688774,281.86442125688774,0.0,1.0
6650,2019-10-05 02:00:00,10,2019-10-05 03:00:00,0.10531,0.10531,0.10531,0.0,0.5177064556032976,204.54703225671506,-77.31738900017268,0.0,0.0,281.86442125688774,281.86442125688774,0.0,1.0
6651,2019-10-05 03:00:00,10,2019-10-05 04:00:00,0.10531,0.10531,0.10531,0.0,0.6362597854035623,227.1443494876307,-54.72007176925703,0.0,0.0,281.86442125688774,281.86442125688774,0.0,1.0
6652,2019-10-05 04:00:00,10,2019-10-05 05:00:00,0.10531,0.10531,0.10531,0.0,0.7201638954497565,227.31157713545522,-54.552844121432514,0.0,0.0,281.86442125688774,281.86442125688774,0.0,1.0
6653,2019-10-05 05:00:00,10,2019-10-05 06:00:00,0.10531,0.10531,0.10531,0.0,0.8038115897692862,286.0134219797356,-0.0,4.149000722847859,0.0,281.86442125688774,281.86442125688774,0.0,0.0
6654,2019-10-05 06:00:00,10,2019-10-05 07:00:00,0.10531,0.10531,0.10531,0.0,0.7962952841119532,314.0925685970362,-0.0,32.22814734014844,0.0,281.86442125688774,281.86442125688774,0.0,0.0
6655,2019-10-05 07:00:00,10,2019-10-05 08:00:00,0.10531,0.10531,0.10531,0.0,0.73791095922038,324.52786394106084,-0.0,42.663442684173106,0.0,281.86442125688774,281.86442125688774,0.0,0.0
6656,2019-10-05 08:00:00,10,2019-10-05 09:00:00,0.10531,0.10531,0.10531,0.0,0.6606221137780373,333.55315194535063,-0.0,51.6887306884629,0.0,281.86442125688774,281.86442125688774,0.0,0.0
6657,2019-10-05 09:00:00,10,2019-10-05 10:00:00,0.10531,0.10531,0.10531,0.0,0.5669831089076335,333.9407875997787,-0.0,52.076366342890935,0.0,281.86442125688774,281.86442125688774,0.0,0.0
6658,2019-10-05 10:00:00,10,2019-10-05 11:00:00,0.10531,0.10531,0.10531,0.0,0.472641865532831,330.6669830292139,-0.0,48.80256177232616,0.0,281.86442125688774,281.86442125688774,0.0,0.0
6659,2019-10-05 11:00:00,10,2019-10-05 12:00:00,0.10531,0.10531,0.10531,0.0,0.3842314275394866,313.2128598408931,-0.0,31.34843858400535,0.0,281.86442125688774,281.86442125688774,0.0,0.0
6660,2019-10-05 12:00:00,10,2019-10-05 13:00:00,0.10531,0.10531,0.10531,0.0,0.32744077793078125,313.71265810013153,-0.0,31.848236843243797,0.0,281.86442125688774,281.86442125688774,0.0,0.0
6661,2019-10-05 13:00:00,10,2019-10-05 14:00:00,0.10531,0.10531,0.10531,0.0,0.2697446966930207,308.87238804153617,-0.0,27.00796678464843,0.0,281.86442125688774,281.86442125688774,0.0,0.0
6662,2019-10-05 14:00:00,10,2019-10-05 15:00:00,0.10531,0.10531,0.10531,0.0,0.22081722063387502,308.53064042650146,-0.0,26.666219169613726,0.0,281.86442125688774,281.86442125688774,0.0,0.0
6663,2019-10-05 15:00:00,10,2019-10-05 16:00:00,0.10531,0.10531,0.10531,0.0,0.1725088525729806,311.46828974564164,-0.0,29.603868488753903,0.0,281.86442125688774,281.86442125688774,0.0,0.0
6664,2019-10-05 16:00:00,10,2019-10-05 17:00:00,0.13592,0.13592,0.13592,0.0,0.11887865603538297,313.34406917825896,-0.0,38.0210181315314,0.0,275.3230510467275,275.3230510467275,0.0,0.0
6665,2019-10-05 17:00:00,10,2019-10-05 18:00:00,0.13592,0.13592,0.13592,0.0,0.05,241.86277048699026,-0.0,0.0,0.0,241.86277048699026,241.86277048699026,0.0,0.0
6666,2019-10-05 18:00:00,10,2019-10-05 19:00:00,0.13592,0.13592,0.13592,0.0,0.05,252.76581846896423,-0.0,0.0,0.0,252.76581846896423,252.76581846896423,0.0,0.0
6667,2019-10-05 19:00:00,10,2019-10-05 20:00:00,0.13592,0.13592,0.13592,0.0,0.05,232.67059211883526,-0.0,0.0,0.0,232.67059211883526,232.67059211883526,0.0,0.0
6668,2019-10-05 20:00:00,10,2019-10-05 21:00:00,0.13592,0.13592,0.13592,0.0,0.05,226.8553261599757,-0.0,0.0,0.0,226.8553261599757,226.8553261599757,0.0,0.0
6669,2019-10-05 21:00:00,10,2019-10-05 22:00:00,0.10531,0.10531,0.10531,0.0,0.05,209.559129788496,-72.30529146839174,0.0,0.0,281.86442125688774,281.86442125688774,0.0,1.0
6670,2019-10-05 22:00:00,10,2019-10-05 23:00:00,0.10531,0.10531,0.10531,0.0,0.16086811358486736,209.032837186821,-72.83158407006673,0.0,0.0,281.86442125688774,281.86442125688774,0.0,1.0
6671,2019-10-05 23:00:00,10,2019-10-06 00:00:00,0.10531,0.10531,0.10531,0.0,0.2725432091589696,205.52062121824892,-76.34380003863882,0.0,0.0,281.86442125688774,281.86442125688774,0.0,1.0
6672,2019-10-06 00:00:00,10,2019-10-06 01:00:00,0.10531,0.10531,0.10531,0.0,0.38960370255154914,204.89780614018503,-76.96661511670271,0.0,0.0,281.86442125688774,281.86442125688774,0.0,1.0
6673,2019-10-06 01:00:00,10,2019-10-06 02:00:00,0.10531,0.10531,0.10531,0.0,0.5076191790638266,204.08776334107503,-77.7766579158127,0.0,0.0,281.86442125688774,281.86442125688774,0.0,1.0
6674,2019-10-06 02:00:00,10,2019-10-06 03:00:00,0.10531,0.10531,0.10531,0.0,0.6268767212014061,204.0837101111718,-77.78071114571594,0.0,0.0,281.86442125688774,281.86442125688774,0.0,1.0
6675,2019-10-06 03:00:00,10,2019-10-06 04:00:00,0.10531,0.10531,0.10531,0.0,0.746140478291504,227.69296482888373,-54.17145642800401,0.0,0.0,281.86442125688774,281.86442125688774,0.0,1.0
6676,2019-10-06 04:00:00,10,2019-10-06 05:00:00,0.10531,0.10531,0.10531,0.0,0.8292033781477768,228.25131575558973,-53.61310550129801,0.0,0.0,281.86442125688774,281.86442125688774,0.0,1.0
6677,2019-10-06 05:00:00,10,2019-10-06 06:00:00,0.10531,0.10531,0.10531,0.0,0.9114101399164337,286.18982449516466,-0.0,4.32540323827692,0.0,281.86442125688774,281.86442125688774,0.0,0.0
6678,2019-10-06 06:00:00,10,2019-10-06 07:00:00,0.10531,0.10531,0.10531,0.0,0.9035742644847725,313.5828489644232,-0.0,31.718427707535454,0.0,281.86442125688774,281.86442125688774,0.0,0.0
6679,2019-10-06 07:00:00,10,2019-10-06 08:00:00,0.10531,0.10531,0.10531,0.0,0.8461133447247445,323.922945161763,-0.0,42.058523904875244,0.0,281.86442125688774,281.86442125688774,0.0,0.0
6680,2019-10-06 08:00:00,10,2019-10-06 09:00:00,0.10531,0.10531,0.10531,0.0,0.7699203666362024,332.8766839172922,-0.0,51.012262660404474,0.0,281.86442125688774,281.86442125688774,0.0,0.0
6681,2019-10-06 09:00:00,10,2019-10-06 10:00:00,0.10531,0.10531,0.10531,0.0,0.6775068473238754,335.4366703072414,-0.0,53.57224905035366,0.0,281.86442125688774,281.86442125688774,0.0,0.0
6682,2019-10-06 10:00:00,10,2019-10-06 11:00:00,0.10531,0.10531,0.10531,0.0,0.5804556715080174,329.12576020396557,-0.0,47.26133894707783,0.0,281.86442125688774,281.86442125688774,0.0,0.0
6683,2019-10-06 11:00:00,10,2019-10-06 12:00:00,0.10531,0.10531,0.10531,0.0,0.49483730385026775,310.52755860862334,-0.0,28.6631373517356,0.0,281.86442125688774,281.86442125688774,0.0,0.0
6684,2019-10-06 12:00:00,10,2019-10-06 13:00:00,0.10531,0.10531,0.10531,0.0,0.44291133038697866,313.8066177742261,-0.0,31.942196517338346,0.0,281.86442125688774,281.86442125688774,0.0,0.0
6685,2019-10-06 13:00:00,10,2019-10-06 14:00:00,0.10531,0.10531,0.10531,0.0,0.3850450323483222,310.97221528568826,-0.0,29.107794028800527,0.0,281.86442125688774,281.86442125688774,0.0,0.0
6686,2019-10-06 14:00:00,10,2019-10-06 15:00:00,0.10531,0.10531,0.10531,0.0,0.33231352142658216,308.98862639566266,-0.0,27.124205138774926,0.0,281.86442125688774,281.86442125688774,0.0,0.0
6687,2019-10-06 15:00:00,10,2019-10-06 16:00:00,0.10531,0.10531,0.10531,0.0,0.2831754686389464,310.9019758009929,-0.0,29.03755454410515,0.0,281.86442125688774,281.86442125688774,0.0,0.0
6688,2019-10-06 16:00:00,10,2019-10-06 17:00:00,0.13592,0.13592,0.13592,0.0,0.230571203160495,311.9026692083227,-0.0,99.67530414459327,0.0,212.22736506372945,212.22736506372945,0.0,0.0
6689,2019-10-06 17:00:00,10,2019-10-06 18:00:00,0.13592,0.13592,0.13592,0.0,0.05,263.15807585977484,-0.0,0.0,0.0,263.15807585977484,263.15807585977484,0.0,0.0
6690,2019-10-06 18:00:00,10,2019-10-06 19:00:00,0.13592,0.13592,0.13592,0.0,0.05,270.58028020996665,-0.0,0.0,0.0,270.58028020996665,270.58028020996665,0.0,1.0
6691,2019-10-06 19:00:00,10,2019-10-06 20:00:00,0.13592,0.13592,0.13592,0.0,0.05,236.0846660542122,-0.0,0.0,0.0,236.0846660542122,236.0846660542122,0.0,0.0
6692,2019-10-06 20:00:00,10,2019-10-06 21:00:00,0.13592,0.13592,0.13592,0.0,0.05,225.4581238588355,-0.0,0.0,0.0,225.4581238588355,225.4581238588355,0.0,0.0
6693,2019-10-06 21:00:00,10,2019-10-06 22:00:00,0.10531,0.10531,0.10531,0.0,0.05,208.19411154150265,-0.0,0.0,0.0,208.19411154150265,208.19411154150265,0.0,0.0
6694,2019-10-06 22:00:00,10,2019-10-06 23:00:00,0.10531,0.10531,0.10531,0.0,0.05,208.7830808845022,-0.0,0.0,0.0,208.7830808845022,208.7830808845022,0.0,0.0
6695,2019-10-06 23:00:00,10,2019-10-07 00:00:00,0.10531,0.10531,0.10531,0.0,0.05,205.91821440022602,-0.0,0.0,0.0,205.91821440022602,205.91821440022602,0.0,0.0
6696,2019-10-07 00:00:00,10,2019-10-07 01:00:00,0.10531,0.10531,0.10531,0.0,0.05,205.9729459756065,-75.65783667325994,0.0,0.0,281.63078264886644,281.63078264886644,0.0,1.0
6697,2019-10-07 01:00:00,10,2019-10-07 02:00:00,0.10531,0.10531,0.10531,0.0,0.16600868289899856,205.98516399052542,-75.64561865834102,0.0,0.0,281.63078264886644,281.63078264886644,0.0,1.0
6698,2019-10-07 02:00:00,10,2019-10-07 03:00:00,0.10531,0.10531,0.10531,0.0,0.28199863150845483,205.98621999872123,-75.64456265014522,0.0,0.0,281.63078264886644,281.63078264886644,0.0,1.0
6699,2019-10-07 03:00:00,10,2019-10-07 04:00:00,0.10531,0.10531,0.10531,0.0,0.39798696090534413,208.28272238247663,-73.34806026638981,0.0,0.0,281.63078264886644,281.63078264886644,0.0,1.0
6700,2019-10-07 04:00:00,10,2019-10-07 05:00:00,0.10531,0.10531,0.10531,0.0,0.5104539866471418,207.92854222465058,-73.70224042421586,0.0,0.0,281.63078264886644,281.63078264886644,0.0,1.0
6701,2019-10-07 05:00:00,10,2019-10-07 06:00:00,0.10531,0.10531,0.10531,0.0,0.6234640886309395,226.20139201436763,-55.429390634498816,0.0,0.0,281.63078264886644,281.63078264886644,0.0,1.0
6702,2019-10-07 06:00:00,10,2019-10-07 07:00:00,0.10531,0.10531,0.10531,0.0,0.708455820937171,253.13159639290086,-28.499186255965583,0.0,0.0,281.63078264886644,281.63078264886644,0.0,1.0
6703,2019-10-07 07:00:00,10,2019-10-07 08:00:00,0.10531,0.10531,0.10531,0.0,0.7521545731963182,255.95318886148715,-25.677593787379294,0.0,0.0,281.63078264886644,281.63078264886644,0.0,1.0
6704,2019-10-07 08:00:00,10,2019-10-07 09:00:00,0.10531,0.10531,0.10531,0.0,0.7915268836702998,281.57900198818857,-0.0,0.0,0.0,281.57900198818857,281.57900198818857,0.0,0.0
6705,2019-10-07 09:00:00,10,2019-10-07 10:00:00,0.10531,0.10531,0.10531,0.0,0.7915268836702998,280.8124662645553,-0.0,0.0,0.0,280.8124662645553,280.8124662645553,0.0,0.0
6706,2019-10-07 10:00:00,10,2019-10-07 11:00:00,0.10531,0.10531,0.10531,0.0,0.7915268836702998,276.48750334851457,-5.143279300351877,0.0,0.0,281.63078264886644,281.63078264886644,0.0,1.0
6707,2019-10-07 11:00:00,10,2019-10-07 12:00:00,0.10531,0.10531,0.10531,0.0,0.7994132452641728,263.52504753730875,-0.0,0.0,0.0,263.52504753730875,263.52504753730875,0.0,0.0
6708,2019-10-07 12:00:00,10,2019-10-07 13:00:00,0.10531,0.10531,0.10531,0.0,0.7994132452641728,258.5447993294839,-23.085983319382557,0.0,0.0,281.63078264886644,281.63078264886644,0.0,1.0
6709,2019-10-07 13:00:00,10,2019-10-07 14:00:00,0.10531,0.10531,0.10531,0.0,0.8348117530205593,256.79317035644226,-24.837612292424204,0.0,0.0,281.63078264886644,281.63078264886644,0.0,1.0
6710,2019-10-07 14:00:00,10,2019-10-07 15:00:00,0.10531,0.10531,0.10531,0.0,0.872896091868943,237.85958780326285,-43.77119484560361,0.0,0.0,281.63078264886644,281.63078264886644,0.0,1.0
6711,2019-10-07 15:00:00,10,2019-10-07 16:00:00,0.10531,0.10531,0.10531,0.0,0.9400119239655352,242.50812436551993,-39.122658283346524,0.0,0.0,281.63078264886644,281.63078264886644,0.0,1.0
6712,2019-10-07 16:00:00,10,2019-10-07 17:00:00,0.13592,0.13592,0.13592,0.0,1.0,237.57976100449875,-0.0,237.57976100449875,0.0,0.0,0.0,0.0,0.0
6713,2019-10-07 17:00:00,10,2019-10-07 18:00:00,0.13592,0.13592,0.13592,0.0,0.5696018822382269,236.35874386844787,-0.0,236.35874386844787,0.0,0.0,0.0,0.0,0.0
6714,2019-10-07 18:00:00,10,2019-10-07 19:00:00,0.13592,0.13592,0.13592,0.0,0.14141575204176338,240.05516154337178,-0.0,50.46149512705339,0.0,189.5936664163184,189.5936664163184,0.0,0.0
6715,2019-10-07 19:00:00,10,2019-10-07 20:00:00,0.13592,0.13592,0.13592,0.0,0.05,211.43138222162017,-0.0,0.0,0.0,211.43138222162017,211.43138222162017,0.0,0.0
6716,2019-10-07 20:00:00,10,2019-10-07 21:00:00,0.13592,0.13592,0.13592,0.0,0.05,210.8781965703876,-0.0,0.0,0.0,210.8781965703876,210.8781965703876,0.0,0.0
6717,2019-10-07 21:00:00,10,2019-10-07 22:00:00,0.10531,0.10531,0.10531,0.0,0.05,207.9181970679572,-0.0,0.0,0.0,207.9181970679572,207.9181970679572,0.0,0.0
6718,2019-10-07 22:00:00,10,2019-10-07 23:00:00,0.10531,0.10531,0.10531,0.0,0.05,208.23143844018705,-0.0,0.0,0.0,208.23143844018705,208.23143844018705,0.0,0.0
6719,2019-10-07 23:00:00,10,2019-10-08 00:00:00,0.10531,0.10531,0.10531,0.0,0.05,205.76177874872133,-0.0,0.0,0.0,205.76177874872133,205.76177874872133,0.0,0.0
6720,2019-10-08 00:00:00,10,2019-10-08 01:00:00,0.10531,0.10531,0.10531,0.0,0.05,202.84338973787575,-0.0,0.0,0.0,202.84338973787575,202.84338973787575,0.0,0.0
6721,2019-10-08 01:00:00,10,2019-10-08 02:00:00,0.10531,0.10531,0.10531,0.0,0.05,202.19600310177663,-0.0,0.0,0.0,202.19600310177663,202.19600310177663,0.0,0.0
6722,2019-10-08 02:00:00,10,2019-10-08 03:00:00,0.10531,0.10531,0.10531,0.0,0.05,200.82870834905086,-0.0,0.0,0.0,200.82870834905086,200.82870834905086,0.0,0.0
6723,2019-10-08 03:00:00,10,2019-10-08 04:00:00,0.10531,0.10531,0.10531,0.0,0.05,202.82770248211827,-77.86557348884966,0.0,0.0,280.69327597096793,280.69327597096793,0.0,1.0
6724,2019-10-08 04:00:00,10,2019-10-08 05:00:00,0.10531,0.10531,0.10531,0.0,0.1693938793495695,203.68580920736895,-0.0,0.0,0.0,203.68580920736895,203.68580920736895,0.0,0.0
6725,2019-10-08 05:00:00,10,2019-10-08 06:00:00,0.10531,0.10531,0.10531,0.0,0.1693938793495695,222.49505118169873,-58.198224789269204,0.0,0.0,280.69327597096793,280.69327597096793,0.0,1.0
6726,2019-10-08 06:00:00,10,2019-10-08 07:00:00,0.10531,0.10531,0.10531,0.0,0.25863115735978226,220.756899656532,-59.93637631443593,0.0,0.0,280.69327597096793,280.69327597096793,0.0,1.0
6727,2019-10-08 07:00:00,10,2019-10-08 08:00:00,0.10531,0.10531,0.10531,0.0,0.3505336010419174,240.96374879028684,-0.0,0.0,0.0,240.96374879028684,240.96374879028684,0.0,0.0
6728,2019-10-08 08:00:00,10,2019-10-08 09:00:00,0.10531,0.10531,0.10531,0.0,0.3505336010419174,239.5469451806064,-41.14633079036161,0.0,0.0,280.693275970968,280.693275970968,0.0,1.0
6729,2019-10-08 09:00:00,10,2019-10-08 10:00:00,0.10531,0.10531,0.10531,0.0,0.4136246415871385,241.14424027229265,-39.54903569867528,0.0,0.0,280.69327597096793,280.69327597096793,0.0,1.0
6730,2019-10-08 10:00:00,10,2019-10-08 11:00:00,0.10531,0.10531,0.10531,0.0,0.4742664963251073,235.01682547884684,-45.67645049212109,0.0,0.0,280.69327597096793,280.69327597096793,0.0,1.0
6731,2019-10-08 11:00:00,10,2019-10-08 12:00:00,0.10531,0.10531,0.10531,0.0,0.5443037204130263,227.41568989620166,-53.277586074766276,0.0,0.0,280.69327597096793,280.69327597096793,0.0,1.0
6732,2019-10-08 12:00:00,10,2019-10-08 13:00:00,0.10531,0.10531,0.10531,0.0,0.6259960190610013,222.05286901791973,-58.640406953048185,0.0,0.0,280.69327597096793,280.69327597096793,0.0,1.0
6733,2019-10-08 13:00:00,10,2019-10-08 14:00:00,0.10531,0.10531,0.10531,0.0,0.7159113097223418,220.81605216955424,-59.87722380141368,0.0,0.0,280.69327597096793,280.69327597096793,0.0,1.0
6734,2019-10-08 14:00:00,10,2019-10-08 15:00:00,0.10531,0.10531,0.10531,0.0,0.8077230528845095,220.8881548260007,-59.80512114496723,0.0,0.0,280.69327597096793,280.69327597096793,0.0,1.0
6735,2019-10-08 15:00:00,10,2019-10-08 16:00:00,0.10531,0.10531,0.10531,0.0,0.899424238640126,215.10038812757182,-65.59288784339614,0.0,0.0,280.693275970968,280.693275970968,0.0,1.0
6736,2019-10-08 16:00:00,10,2019-10-08 17:00:00,0.13592,0.13592,0.13592,0.0,1.0,204.11301208564714,-0.0,204.11301208564714,0.0,0.0,0.0,0.0,0.0
6737,2019-10-08 17:00:00,10,2019-10-08 18:00:00,0.13592,0.13592,0.13592,0.0,0.6302300505694799,201.18661938935082,-0.0,110.51883387226687,0.0,90.66778551708396,90.66778551708396,0.0,0.0
6738,2019-10-08 18:00:00,10,2019-10-08 19:00:00,0.13592,0.13592,0.13592,0.0,0.43001477181537323,209.76815404208602,-0.0,209.76815404208602,0.0,0.0,0.0,0.0,0.0
6739,2019-10-08 19:00:00,10,2019-10-08 20:00:00,0.13592,0.13592,0.13592,0.0,0.05,203.5151325324378,-0.0,0.0,0.0,203.5151325324378,203.5151325324378,0.0,0.0
6740,2019-10-08 20:00:00,10,2019-10-08 21:00:00,0.13592,0.13592,0.13592,0.0,0.05,203.44738078180794,-0.0,0.0,0.0,203.44738078180794,203.44738078180794,0.0,0.0
6741,2019-10-08 21:00:00,10,2019-10-08 22:00:00,0.10531,0.10531,0.10531,0.0,0.05,201.55132678933018,-0.0,0.0,0.0,201.55132678933018,201.55132678933018,0.0,0.0
6742,2019-10-08 22:00:00,10,2019-10-08 23:00:00,0.10531,0.10531,0.10531,0.0,0.05,205.61262308360912,-0.0,0.0,0.0,205.61262308360912,205.61262308360912,0.0,0.0
6743,2019-10-08 23:00:00,10,2019-10-09 00:00:00,0.10531,0.10531,0.10531,0.0,0.05,204.13861385378829,-0.0,0.0,0.0,204.13861385378829,204.13861385378829,0.0,0.0
6744,2019-10-09 00:00:00,10,2019-10-09 01:00:00,0.10531,0.10531,0.10531,0.0,0.05,202.7420284441053,-0.0,0.0,0.0,202.7420284441053,202.7420284441053,0.0,0.0
6745,2019-10-09 01:00:00,10,2019-10-09 02:00:00,0.10531,0.10531,0.10531,0.0,0.05,203.5549391489685,-0.0,0.0,0.0,203.5549391489685,203.5549391489685,0.0,0.0
6746,2019-10-09 02:00:00,10,2019-10-09 03:00:00,0.10531,0.10531,0.10531,0.0,0.05,202.21242674399613,-0.0,0.0,0.0,202.21242674399613,202.21242674399613,0.0,0.0
6747,2019-10-09 03:00:00,10,2019-10-09 04:00:00,0.10531,0.10531,0.10531,0.0,0.05,200.22023335926943,-0.0,0.0,0.0,200.22023335926943,200.22023335926943,0.0,0.0
6748,2019-10-09 04:00:00,10,2019-10-09 05:00:00,0.10531,0.10531,0.10531,0.0,0.05,196.75888988014773,-83.0655137686926,0.0,0.0,279.8244036488403,279.8244036488403,0.0,1.0
6749,2019-10-09 05:00:00,10,2019-10-09 06:00:00,0.10531,0.10531,0.10531,0.0,0.17736712111199532,213.1451589189182,-0.0,0.0,0.0,213.1451589189182,213.1451589189182,0.0,0.0
6750,2019-10-09 06:00:00,10,2019-10-09 07:00:00,0.10531,0.10531,0.10531,0.0,0.17736712111199532,210.0183615133728,-0.0,0.0,0.0,210.0183615133728,210.0183615133728,0.0,0.0
6751,2019-10-09 07:00:00,10,2019-10-09 08:00:00,0.10531,0.10531,0.10531,0.0,0.17736712111199532,223.9255612567471,-55.898842392093236,0.0,0.0,279.82440364884036,279.82440364884036,0.0,1.0
6752,2019-10-09 08:00:00,10,2019-10-09 09:00:00,0.10531,0.10531,0.10531,0.0,0.2630786794465383,219.071437220977,-60.752966427863335,0.0,0.0,279.82440364884036,279.82440364884036,0.0,1.0
6753,2019-10-09 09:00:00,10,2019-10-09 10:00:00,0.10531,0.10531,0.10531,0.0,0.3562332279692621,220.24648980813527,-59.57791384070507,0.0,0.0,279.82440364884036,279.82440364884036,0.0,1.0
6754,2019-10-09 10:00:00,10,2019-10-09 11:00:00,0.10531,0.10531,0.10531,0.0,0.44758602919167656,219.21368099301392,-60.610722655826414,0.0,0.0,279.82440364884036,279.82440364884036,0.0,1.0
6755,2019-10-09 11:00:00,10,2019-10-09 12:00:00,0.10531,0.10531,0.10531,0.0,0.540522470597277,216.95507573581438,-62.86932791302596,0.0,0.0,279.82440364884036,279.82440364884036,0.0,1.0
6756,2019-10-09 12:00:00,10,2019-10-09 13:00:00,0.10531,0.10531,0.10531,0.0,0.6369221067305836,217.44019830136077,-56.26415252333748,0.0,0.0,273.7043508246982,273.7043508246982,0.0,1.0
6757,2019-10-09 13:00:00,10,2019-10-09 14:00:00,0.10531,0.10531,0.10531,0.0,0.7231938072663677,222.64637034727784,-59.2180509096099,0.0,0.0,281.86442125688774,281.86442125688774,0.0,1.0
6758,2019-10-09 14:00:00,10,2019-10-09 15:00:00,0.10531,0.10531,0.10531,0.0,0.8139948186611029,224.2493801833877,-57.61504107350004,0.0,0.0,281.86442125688774,281.86442125688774,0.0,1.0
6759,2019-10-09 15:00:00,10,2019-10-09 16:00:00,0.10531,0.10531,0.10531,0.0,0.9023378816404697,218.17173537023749,-63.69268588665025,0.0,0.0,281.86442125688774,281.86442125688774,0.0,1.0
6760,2019-10-09 16:00:00,10,2019-10-09 17:00:00,0.13592,0.13592,0.13592,0.0,1.0,205.12217212413967,-0.0,205.12217212413967,0.0,0.0,0.0,0.0,0.0
6761,2019-10-09 17:00:00,10,2019-10-09 18:00:00,0.13592,0.13592,0.13592,0.0,0.6284018620939499,203.7646640327413,-0.0,203.7646640327413,0.0,0.0,0.0,0.0,0.0
6762,2019-10-09 18:00:00,10,2019-10-09 19:00:00,0.13592,0.13592,0.13592,0.0,0.2592629779766649,211.67570061959282,-0.0,115.51316384311905,0.0,96.16253677647377,96.16253677647377,0.0,0.0
6763,2019-10-09 19:00:00,10,2019-10-09 20:00:00,0.13592,0.13592,0.13592,0.0,0.05,204.79978941684527,-0.0,0.0,0.0,204.79978941684527,204.79978941684527,0.0,0.0
6764,2019-10-09 20:00:00,10,2019-10-09 21:00:00,0.13592,0.13592,0.13592,0.0,0.05,202.50728225675365,-0.0,0.0,0.0,202.50728225675365,202.50728225675365,0.0,0.0
6765,2019-10-09 21:00:00,10,2019-10-09 22:00:00,0.10531,0.10531,0.10531,0.0,0.05,205.7061391253694,-0.0,0.0,0.0,205.7061391253694,205.7061391253694,0.0,0.0
6766,2019-10-09 22:00:00,10,2019-10-09 23:00:00,0.10531,0.10531,0.10531,0.0,0.05,206.46260063458877,-75.40182062229897,0.0,0.0,281.86442125688774,281.86442125688774,0.0,1.0
6767,2019-10-09 23:00:00,10,2019-10-10 00:00:00,0.10531,0.10531,0.10531,0.0,0.16561612495419176,201.81795241700968,-79.47146391451317,0.0,0.0,281.28941633152283,281.28941633152283,0.0,1.0
6768,2019-10-10 00:00:00,10,2019-10-10 01:00:00,0.10531,0.10531,0.10531,0.0,0.28747236962311196,206.12849029576716,-78.28777618637793,0.0,0.0,284.4162664821451,284.4162664821451,0.0,1.0
6769,2019-10-10 01:00:00,10,2019-10-10 02:00:00,0.10531,0.10531,0.10531,0.0,0.4075136264422248,205.7954326437341,-78.62083383841099,0.0,0.0,284.4162664821451,284.4162664821451,0.0,1.0
6770,2019-10-10 02:00:00,10,2019-10-10 03:00:00,0.10531,0.10531,0.10531,0.0,0.5280655716611217,206.10420433401833,-78.31206214812676,0.0,0.0,284.4162664821451,284.4162664821451,0.0,1.0
6771,2019-10-10 03:00:00,10,2019-10-10 04:00:00,0.10531,0.10531,0.10531,0.0,0.648144066954916,226.36997420744422,-58.04629227470088,0.0,0.0,284.4162664821451,284.4162664821451,0.0,1.0
6772,2019-10-10 04:00:00,10,2019-10-10 05:00:00,0.10531,0.10531,0.10531,0.0,0.7371483817761241,225.6010955685329,-58.815170913612185,0.0,0.0,284.4162664821451,284.4162664821451,0.0,1.0
6773,2019-10-10 05:00:00,10,2019-10-10 06:00:00,0.10531,0.10531,0.10531,0.0,0.8273316438436628,286.3313324070773,-0.0,1.9150659249322075,0.0,284.4162664821451,284.4162664821451,0.0,0.0
6774,2019-10-10 06:00:00,10,2019-10-10 07:00:00,0.10531,0.10531,0.10531,0.0,0.8238623215158871,312.99148856735627,-0.0,28.57522208521118,0.0,284.4162664821451,284.4162664821451,0.0,0.0
6775,2019-10-10 07:00:00,10,2019-10-10 08:00:00,0.10531,0.10531,0.10531,0.0,0.7720956148397802,319.1700908432807,-0.0,34.75382436113563,0.0,284.4162664821451,284.4162664821451,0.0,0.0
6776,2019-10-10 08:00:00,10,2019-10-10 09:00:00,0.10531,0.10531,0.10531,0.0,0.7091357880985923,323.89982631951426,-0.0,39.48355983736917,0.0,284.4162664821451,284.4162664821451,0.0,0.0
6777,2019-10-10 09:00:00,10,2019-10-10 10:00:00,0.10531,0.10531,0.10531,0.0,0.6376075999874165,327.1173531020759,-0.0,42.701086619930834,0.0,284.4162664821451,284.4162664821451,0.0,0.0
6778,2019-10-10 10:00:00,10,2019-10-10 11:00:00,0.10531,0.10531,0.10531,0.0,0.560250559009281,327.9225633988518,-0.0,43.50629691670673,0.0,284.4162664821451,284.4162664821451,0.0,0.0
6779,2019-10-10 11:00:00,10,2019-10-10 12:00:00,0.10531,0.10531,0.10531,0.0,0.4814348037253919,317.77643414015716,-0.0,33.360167658012074,0.0,284.4162664821451,284.4162664821451,0.0,0.0
6780,2019-10-10 12:00:00,10,2019-10-10 13:00:00,0.10531,0.10531,0.10531,0.0,0.42099971738841346,325.6593338295213,-0.0,41.2430673473762,0.0,284.4162664821451,284.4162664821451,0.0,0.0
6781,2019-10-10 13:00:00,10,2019-10-10 14:00:00,0.10531,0.10531,0.10531,0.0,0.3462840156721523,324.7405515015425,-0.0,40.32428501939738,0.0,284.4162664821451,284.4162664821451,0.0,0.0
6782,2019-10-10 14:00:00,10,2019-10-10 15:00:00,0.10531,0.10531,0.10531,0.0,0.273232774694983,325.43558630950184,-0.0,41.01931982735674,0.0,284.4162664821451,284.4162664821451,0.0,0.0
6783,2019-10-10 15:00:00,10,2019-10-10 16:00:00,0.10531,0.10531,0.10531,0.0,0.19892241268890196,325.386983171713,-0.0,40.970716689567894,0.0,284.4162664821451,284.4162664821451,0.0,0.0
6784,2019-10-10 16:00:00,10,2019-10-10 17:00:00,0.13592,0.13592,0.13592,0.0,0.12470009984548189,325.6507215968511,-0.0,41.23445511470601,0.0,284.4162664821451,284.4162664821451,0.0,0.0
6785,2019-10-10 17:00:00,10,2019-10-10 18:00:00,0.13592,0.13592,0.13592,0.0,0.05,263.4433638263094,-0.0,0.0,0.0,263.4433638263094,263.4433638263094,0.0,1.0
6786,2019-10-10 18:00:00,10,2019-10-10 19:00:00,0.13592,0.13592,0.13592,0.0,0.05,265.95910563252164,-0.0,0.0,0.0,265.95910563252164,265.95910563252164,0.0,0.0
6787,2019-10-10 19:00:00,10,2019-10-10 20:00:00,0.13592,0.13592,0.13592,0.0,0.05,235.16104922009583,-0.0,0.0,0.0,235.16104922009583,235.16104922009583,0.0,0.0
6788,2019-10-10 20:00:00,10,2019-10-10 21:00:00,0.13592,0.13592,0.13592,0.0,0.05,226.10863866690758,-0.0,0.0,0.0,226.10863866690758,226.10863866690758,0.0,0.0
6789,2019-10-10 21:00:00,10,2019-10-10 22:00:00,0.10531,0.10531,0.10531,0.0,0.05,207.41973663583542,-48.59498799614095,0.0,0.0,256.0147246319764,256.0147246319764,0.0,1.0
6790,2019-10-10 22:00:00,10,2019-10-10 23:00:00,0.10531,0.10531,0.10531,0.0,0.12451231492741613,205.96065724743863,-0.0,0.0,0.0,205.96065724743863,205.96065724743863,0.0,0.0
6791,2019-10-10 23:00:00,10,2019-10-11 00:00:00,0.10531,0.10531,0.10531,0.0,0.12451231492741613,201.923246283915,-0.0,0.0,0.0,201.923246283915,201.923246283915,0.0,0.0
6792,2019-10-11 00:00:00,10,2019-10-11 01:00:00,0.10531,0.10531,0.10531,0.0,0.12451231492741613,201.29337452063206,-88.80026305851835,0.0,0.0,290.0936375791504,290.0936375791504,0.0,1.0
6793,2019-10-11 01:00:00,10,2019-10-11 02:00:00,0.10531,0.10531,0.10531,0.0,0.26067271828381094,200.32494867593334,-89.76868890321707,0.0,0.0,290.0936375791504,290.0936375791504,0.0,1.0
6794,2019-10-11 02:00:00,10,2019-10-11 03:00:00,0.10531,0.10531,0.10531,0.0,0.39831804126874376,199.86182240016785,-90.23181517898256,0.0,0.0,290.0936375791504,290.0936375791504,0.0,1.0
6795,2019-10-11 03:00:00,10,2019-10-11 04:00:00,0.10531,0.10531,0.10531,0.0,0.5366734912098504,222.23536426870254,-67.85827331044787,0.0,0.0,290.0936375791504,290.0936375791504,0.0,1.0
6796,2019-10-11 04:00:00,10,2019-10-11 05:00:00,0.10531,0.10531,0.10531,0.0,0.6407228436192037,222.98445114398913,-67.10918643516128,0.0,0.0,290.0936375791504,290.0936375791504,0.0,1.0
6797,2019-10-11 05:00:00,10,2019-10-11 06:00:00,0.10531,0.10531,0.10531,0.0,0.7436235961531177,281.78616564415586,-8.307471934994558,0.0,0.0,290.0936375791504,290.0936375791504,0.0,1.0
6798,2019-10-11 06:00:00,10,2019-10-11 07:00:00,0.10531,0.10531,0.10531,0.0,0.756361719786776,310.8644980580348,-0.0,20.7708604788844,0.0,290.0936375791504,290.0936375791504,0.0,0.0
6799,2019-10-11 07:00:00,10,2019-10-11 08:00:00,0.10531,0.10531,0.10531,0.0,0.718733349354014,321.7941339964131,-0.0,31.700496417262684,0.0,290.0936375791504,290.0936375791504,0.0,0.0
6800,2019-10-11 08:00:00,10,2019-10-11 09:00:00,0.10531,0.10531,0.10531,0.0,0.6613049138154947,331.905543139841,-0.0,41.81190556069055,0.0,290.0936375791504,290.0936375791504,0.0,0.0
6801,2019-10-11 09:00:00,10,2019-10-11 10:00:00,0.10531,0.10531,0.10531,0.0,0.585558708089606,331.65076343042915,-0.0,41.55712585127873,0.0,290.0936375791504,290.0936375791504,0.0,0.0
6802,2019-10-11 10:00:00,10,2019-10-11 11:00:00,0.10531,0.10531,0.10531,0.0,0.510274059808304,329.0645256768082,-0.0,38.97088809765779,0.0,290.0936375791504,290.0936375791504,0.0,0.0
6803,2019-10-11 11:00:00,10,2019-10-11 12:00:00,0.10531,0.10531,0.10531,0.0,0.439674624848779,317.72062092689896,-0.0,27.626983347748535,0.0,290.0936375791504,290.0936375791504,0.0,0.0
6804,2019-10-11 12:00:00,10,2019-10-11 13:00:00,0.10531,0.10531,0.10531,0.0,0.38962574197242295,327.6160499279597,-0.0,37.52241234880928,0.0,290.09363757915037,290.09363757915037,0.0,0.0
6805,2019-10-11 13:00:00,10,2019-10-11 14:00:00,0.10531,0.10531,0.10531,0.0,0.32165035728255104,325.9554520446117,-0.0,35.86181446546132,0.0,290.09363757915037,290.09363757915037,0.0,0.0
6806,2019-10-11 14:00:00,10,2019-10-11 15:00:00,0.10531,0.10531,0.10531,0.0,0.2566833020914979,325.39340562071084,-0.0,35.29976804156044,0.0,290.09363757915037,290.09363757915037,0.0,0.0
6807,2019-10-11 15:00:00,10,2019-10-11 16:00:00,0.10531,0.10531,0.10531,0.0,0.19273444694374361,328.35431106726986,-0.0,38.260673488119465,0.0,290.09363757915037,290.09363757915037,0.0,0.0
6808,2019-10-11 16:00:00,10,2019-10-11 17:00:00,0.13592,0.13592,0.13592,0.0,0.12342163265367215,330.6223788039774,-0.0,40.52874122482703,0.0,290.09363757915037,290.09363757915037,0.0,0.0
6809,2019-10-11 17:00:00,10,2019-10-11 18:00:00,0.13592,0.13592,0.13592,0.0,0.05,269.2603772586352,-0.0,0.0,0.0,269.2603772586352,269.2603772586352,0.0,1.0
6810,2019-10-11 18:00:00,10,2019-10-11 19:00:00,0.13592,0.13592,0.13592,0.0,0.05,269.64182132122687,-0.0,0.0,0.0,269.64182132122687,269.64182132122687,0.0,0.0
6811,2019-10-11 19:00:00,10,2019-10-11 20:00:00,0.13592,0.13592,0.13592,0.0,0.05,235.59127222457047,-0.0,0.0,0.0,235.59127222457047,235.59127222457047,0.0,0.0
6812,2019-10-11 20:00:00,10,2019-10-11 21:00:00,0.13592,0.13592,0.13592,0.0,0.05,225.12791435503334,-0.0,0.0,0.0,225.12791435503334,225.12791435503334,0.0,0.0
6813,2019-10-11 21:00:00,10,2019-10-11 22:00:00,0.10531,0.10531,0.10531,0.0,0.05,207.82354878750604,-59.99727660037569,0.0,0.0,267.8208253878817,267.8208253878817,0.0,1.0
6814,2019-10-11 22:00:00,10,2019-10-11 23:00:00,0.10531,0.10531,0.10531,0.0,0.14199582412057607,207.12176344744566,-0.0,0.0,0.0,207.12176344744566,207.12176344744566,0.0,0.0
6815,2019-10-11 23:00:00,10,2019-10-12 00:00:00,0.10531,0.10531,0.10531,0.0,0.14199582412057607,202.458967088044,-0.0,0.0,0.0,202.458967088044,202.458967088044,0.0,0.0
6816,2019-10-12 00:00:00,10,2019-10-12 01:00:00,0.10531,0.10531,0.10531,0.0,0.14199582412057607,201.86477236702947,-88.22886521212095,0.0,0.0,290.0936375791504,290.0936375791504,0.0,1.0
6817,2019-10-12 01:00:00,10,2019-10-12 02:00:00,0.10531,0.10531,0.10531,0.0,0.2772800841124949,201.80902311285533,-88.2846144662951,0.0,0.0,290.0936375791504,290.0936375791504,0.0,1.0
6818,2019-10-12 02:00:00,10,2019-10-12 03:00:00,0.10531,0.10531,0.10531,0.0,0.4126498262941473,201.16496750341597,-88.92867007573446,0.0,0.0,290.0936375791504,290.0936375791504,0.0,1.0
6819,2019-10-12 03:00:00,10,2019-10-12 04:00:00,0.10531,0.10531,0.10531,0.0,0.5490071204102736,223.8129226071011,-66.28071497204934,0.0,0.0,290.0936375791504,290.0936375791504,0.0,1.0
6820,2019-10-12 04:00:00,10,2019-10-12 05:00:00,0.10531,0.10531,0.10531,0.0,0.6506375500340825,225.33153437531385,-64.76210320383657,0.0,0.0,290.0936375791504,290.0936375791504,0.0,1.0
6821,2019-10-12 05:00:00,10,2019-10-12 06:00:00,0.10531,0.10531,0.10531,0.0,0.7499394416132986,284.0196242514747,-6.074013327675743,0.0,0.0,290.0936375791504,290.0936375791504,0.0,1.0
6822,2019-10-12 06:00:00,10,2019-10-12 07:00:00,0.10531,0.10531,0.10531,0.0,0.7592529287157348,313.1753044342127,-0.0,23.08166685506228,0.0,290.0936375791504,290.0936375791504,0.0,0.0
6823,2019-10-12 07:00:00,10,2019-10-12 08:00:00,0.10531,0.10531,0.10531,0.0,0.7174383148478684,323.52250558777365,-0.0,33.428868008623226,0.0,290.0936375791504,290.0936375791504,0.0,0.0
6824,2019-10-12 08:00:00,10,2019-10-12 09:00:00,0.10531,0.10531,0.10531,0.0,0.6568787713539856,333.07287456250424,-0.0,42.979236983353815,0.0,290.0936375791504,290.0936375791504,0.0,0.0
6825,2019-10-12 09:00:00,10,2019-10-12 10:00:00,0.10531,0.10531,0.10531,0.0,0.5790178347899388,332.5873668102318,-0.0,42.493729231081375,0.0,290.0936375791504,290.0936375791504,0.0,0.0
6826,2019-10-12 10:00:00,10,2019-10-12 11:00:00,0.10531,0.10531,0.10531,0.0,0.5020364412553712,324.94587180410895,-0.0,34.85223422495852,0.0,290.0936375791504,290.0936375791504,0.0,0.0
6827,2019-10-12 11:00:00,10,2019-10-12 12:00:00,0.10531,0.10531,0.10531,0.0,0.4388983357753739,314.0329212270029,-0.0,23.93928364785245,0.0,290.0936375791504,290.0936375791504,0.0,0.0
6828,2019-10-12 12:00:00,10,2019-10-12 13:00:00,0.10531,0.10531,0.10531,0.0,0.3955300682973803,323.0743228827033,-0.0,32.98068530355289,0.0,290.0936375791504,290.0936375791504,0.0,0.0
6829,2019-10-12 13:00:00,10,2019-10-12 14:00:00,0.10531,0.10531,0.10531,0.0,0.33578244999384244,321.3700192507365,-0.0,31.27638167158608,0.0,290.0936375791504,290.0936375791504,0.0,0.0
6830,2019-10-12 14:00:00,10,2019-10-12 15:00:00,0.10531,0.10531,0.10531,0.0,0.2791223382699546,319.08926237580874,-0.0,28.99562479665832,0.0,290.0936375791504,290.0936375791504,0.0,0.0
6831,2019-10-12 15:00:00,10,2019-10-12 16:00:00,0.10531,0.10531,0.10531,0.0,0.22659403247890694,319.0846202277658,-0.0,28.990982648615386,0.0,290.0936375791504,290.0936375791504,0.0,0.0
6832,2019-10-12 16:00:00,10,2019-10-12 17:00:00,0.13592,0.13592,0.13592,0.0,0.17407413637634284,321.3250414413289,-0.0,68.48892327974124,0.0,252.83611816158765,252.83611816158765,0.0,0.0
6833,2019-10-12 17:00:00,10,2019-10-12 18:00:00,0.13592,0.13592,0.13592,0.0,0.05,261.16760511889606,-0.0,0.0,0.0,261.16760511889606,261.16760511889606,0.0,1.0
6834,2019-10-12 18:00:00,10,2019-10-12 19:00:00,0.13592,0.13592,0.13592,0.0,0.05,268.1721557906184,-0.0,0.0,0.0,268.1721557906184,268.1721557906184,0.0,0.0
6835,2019-10-12 19:00:00,10,2019-10-12 20:00:00,0.13592,0.13592,0.13592,0.0,0.05,235.55478082018593,-0.0,0.0,0.0,235.55478082018593,235.55478082018593,0.0,0.0
6836,2019-10-12 20:00:00,10,2019-10-12 21:00:00,0.13592,0.13592,0.13592,0.0,0.05,223.26535478728775,-0.0,0.0,0.0,223.26535478728775,223.26535478728775,0.0,0.0
6837,2019-10-12 21:00:00,10,2019-10-12 22:00:00,0.10531,0.10531,0.10531,0.0,0.05,204.32584598611768,-0.0,0.0,0.0,204.32584598611768,204.32584598611768,0.0,0.0
6838,2019-10-12 22:00:00,10,2019-10-12 23:00:00,0.10531,0.10531,0.10531,0.0,0.05,203.30764593156985,-0.0,0.0,0.0,203.30764593156985,203.30764593156985,0.0,0.0
6839,2019-10-12 23:00:00,10,2019-10-13 00:00:00,0.10531,0.10531,0.10531,0.0,0.05,198.88369685674874,-0.0,0.0,0.0,198.88369685674874,198.88369685674874,0.0,0.0
6840,2019-10-13 00:00:00,10,2019-10-13 01:00:00,0.10531,0.10531,0.10531,0.0,0.05,198.22593161888787,-91.86770596026255,0.0,0.0,290.0936375791504,290.0936375791504,0.0,1.0
6841,2019-10-13 01:00:00,10,2019-10-13 02:00:00,0.10531,0.10531,0.10531,0.0,0.19086381580573591,198.38337595393858,-91.71026162521184,0.0,0.0,290.0936375791504,290.0936375791504,0.0,1.0
6842,2019-10-13 02:00:00,10,2019-10-13 03:00:00,0.10531,0.10531,0.10531,0.0,0.3314862169643941,197.42993573215875,-92.66370184699167,0.0,0.0,290.0936375791504,290.0936375791504,0.0,1.0
6843,2019-10-13 03:00:00,10,2019-10-13 04:00:00,0.10531,0.10531,0.10531,0.0,0.47357055979644797,221.1566389039757,-68.93699867517472,0.0,0.0,290.0936375791504,290.0936375791504,0.0,1.0
6844,2019-10-13 04:00:00,10,2019-10-13 05:00:00,0.10531,0.10531,0.10531,0.0,0.5792739577650492,220.76111459201746,-69.33252298713296,0.0,0.0,290.0936375791504,290.0936375791504,0.0,1.0
6845,2019-10-13 05:00:00,10,2019-10-13 06:00:00,0.10531,0.10531,0.10531,0.0,0.6855838263453198,278.37657245211176,-11.717065127038666,0.0,0.0,290.0936375791504,290.0936375791504,0.0,1.0
6846,2019-10-13 06:00:00,10,2019-10-13 07:00:00,0.10531,0.10531,0.10531,0.0,0.7035499928734458,305.9020993152229,-0.0,15.808461736072502,0.0,290.0936375791504,290.0936375791504,0.0,0.0
6847,2019-10-13 07:00:00,10,2019-10-13 08:00:00,0.10531,0.10531,0.10531,0.0,0.6749114752356332,317.0648016888549,-0.0,26.97116410970449,0.0,290.0936375791504,290.0936375791504,0.0,0.0
6848,2019-10-13 08:00:00,10,2019-10-13 09:00:00,0.10531,0.10531,0.10531,0.0,0.6260506706890671,330.30569241099107,-0.0,40.212054831840646,0.0,290.0936375791504,290.0936375791504,0.0,0.0
6849,2019-10-13 09:00:00,10,2019-10-13 10:00:00,0.10531,0.10531,0.10531,0.0,0.553202745269066,330.10601681926363,-0.0,40.012379240113205,0.0,290.0936375791504,290.0936375791504,0.0,0.0
6850,2019-10-13 10:00:00,10,2019-10-13 11:00:00,0.10531,0.10531,0.10531,0.0,0.4807165509934986,325.657017279893,-0.0,35.56337970074259,0.0,290.0936375791504,290.0936375791504,0.0,0.0
6851,2019-10-13 11:00:00,10,2019-10-13 12:00:00,0.10531,0.10531,0.10531,0.0,0.4162901384921533,311.45245686298983,-0.0,21.35881928383941,0.0,290.0936375791504,290.0936375791504,0.0,0.0
6852,2019-10-13 12:00:00,10,2019-10-13 13:00:00,0.10531,0.10531,0.10531,0.0,0.37759662529679205,316.4793215827523,-0.0,26.385684003601853,0.0,290.0936375791504,290.0936375791504,0.0,0.0
6853,2019-10-13 13:00:00,10,2019-10-13 14:00:00,0.10531,0.10531,0.10531,0.0,0.3297964731163539,314.3025556879935,-0.0,24.20891810884308,0.0,290.0936375791504,290.0936375791504,0.0,0.0
6854,2019-10-13 14:00:00,10,2019-10-13 15:00:00,0.10531,0.10531,0.10531,0.0,0.285939737411928,313.7208892733276,-0.0,23.627251694177176,0.0,290.0936375791504,290.0936375791504,0.0,0.0
6855,2019-10-13 15:00:00,10,2019-10-13 16:00:00,0.10531,0.10531,0.10531,0.0,0.24313674521233167,316.4651598500702,-0.0,26.371522270919797,0.0,290.0936375791504,290.0936375791504,0.0,0.0
6856,2019-10-13 16:00:00,10,2019-10-13 17:00:00,0.13592,0.13592,0.13592,0.0,0.19536224834472338,320.4010212082958,-0.0,80.23996108628731,0.0,240.16106012200848,240.16106012200848,0.0,0.0
6857,2019-10-13 17:00:00,10,2019-10-13 18:00:00,0.13592,0.13592,0.13592,0.0,0.05,262.351768437872,-0.0,0.0,0.0,262.351768437872,262.351768437872,0.0,1.0
6858,2019-10-13 18:00:00,10,2019-10-13 19:00:00,0.13592,0.13592,0.13592,0.0,0.05,269.17711407946666,-0.0,0.0,0.0,269.17711407946666,269.17711407946666,0.0,1.0
6859,2019-10-13 19:00:00,10,2019-10-13 20:00:00,0.13592,0.13592,0.13592,0.0,0.05,235.73711736656728,-0.0,0.0,0.0,235.73711736656728,235.73711736656728,0.0,0.0
6860,2019-10-13 20:00:00,10,2019-10-13 21:00:00,0.13592,0.13592,0.13592,0.0,0.05,225.23672422162656,-0.0,0.0,0.0,225.23672422162656,225.23672422162656,0.0,0.0
6861,2019-10-13 21:00:00,10,2019-10-13 22:00:00,0.10531,0.10531,0.10531,0.0,0.05,207.4079411263456,-0.0,0.0,0.0,207.4079411263456,207.4079411263456,0.0,0.0
6862,2019-10-13 22:00:00,10,2019-10-13 23:00:00,0.10531,0.10531,0.10531,0.0,0.05,205.66876243297327,-0.0,0.0,0.0,205.66876243297327,205.66876243297327,0.0,0.0
6863,2019-10-13 23:00:00,10,2019-10-14 00:00:00,0.10531,0.10531,0.10531,0.0,0.05,201.04657348683094,-0.0,0.0,0.0,201.04657348683094,201.04657348683094,0.0,0.0
6864,2019-10-14 00:00:00,10,2019-10-14 01:00:00,0.10531,0.10531,0.10531,0.0,0.05,200.6486438893266,-89.05888897063983,0.0,0.0,289.7075328599664,289.7075328599664,0.0,1.0
6865,2019-10-14 01:00:00,10,2019-10-14 02:00:00,0.10531,0.10531,0.10531,0.0,0.1865569630883144,200.11360617279993,-89.59392668716649,0.0,0.0,289.7075328599664,289.7075328599664,0.0,1.0
6866,2019-10-14 02:00:00,10,2019-10-14 03:00:00,0.10531,0.10531,0.10531,0.0,0.3239343173419697,198.07326681985447,-0.0,0.0,0.0,198.07326681985447,198.07326681985447,0.0,0.0
6867,2019-10-14 03:00:00,10,2019-10-14 04:00:00,0.10531,0.10531,0.10531,0.0,0.3239343173419697,200.4316762099244,-89.27585665004202,0.0,0.0,289.7075328599664,289.7075328599664,0.0,1.0
6868,2019-10-14 04:00:00,10,2019-10-14 05:00:00,0.10531,0.10531,0.10531,0.0,0.4608239642053674,200.21065232859533,-0.0,0.0,0.0,200.21065232859533,200.21065232859533,0.0,0.0
6869,2019-10-14 05:00:00,10,2019-10-14 06:00:00,0.10531,0.10531,0.10531,0.0,0.4608239642053674,218.06301968818823,-71.64451317177819,0.0,0.0,289.7075328599664,289.7075328599664,0.0,1.0
6870,2019-10-14 06:00:00,10,2019-10-14 07:00:00,0.10531,0.10531,0.10531,0.0,0.570678884402094,245.83288084472196,-0.0,0.0,0.0,245.83288084472196,245.83288084472196,0.0,0.0
6871,2019-10-14 07:00:00,10,2019-10-14 08:00:00,0.10531,0.10531,0.10531,0.0,0.570678884402094,249.38930732860177,-40.31822553136465,0.0,0.0,289.7075328599664,289.7075328599664,0.0,1.0
6872,2019-10-14 08:00:00,10,2019-10-14 09:00:00,0.10531,0.10531,0.10531,0.0,0.6325001635501863,279.11704254344,-10.590490316526427,0.0,0.0,289.7075328599664,289.7075328599664,0.0,1.0
6873,2019-10-14 09:00:00,10,2019-10-14 10:00:00,0.10531,0.10531,0.10531,0.0,0.6487389153688603,277.7088975872064,-11.998635272759998,0.0,0.0,289.7075328599664,289.7075328599664,0.0,1.0
6874,2019-10-14 10:00:00,10,2019-10-14 11:00:00,0.10531,0.10531,0.10531,0.0,0.6671368227870922,272.8693782737376,-16.838154586228825,0.0,0.0,289.7075328599664,289.7075328599664,0.0,1.0
6875,2019-10-14 11:00:00,10,2019-10-14 12:00:00,0.10531,0.10531,0.10531,0.0,0.6929553264859764,260.8396136347499,-28.867919225216497,0.0,0.0,289.7075328599664,289.7075328599664,0.0,1.0
6876,2019-10-14 12:00:00,10,2019-10-14 13:00:00,0.10531,0.10531,0.10531,0.0,0.737219469297975,256.0966696853126,-33.61086317465388,0.0,0.0,289.7075328599665,289.7075328599665,0.0,1.0
6877,2019-10-14 13:00:00,10,2019-10-14 14:00:00,0.10531,0.10531,0.10531,0.0,0.7887561261657776,255.21596167169395,-34.49157118827251,0.0,0.0,289.7075328599665,289.7075328599665,0.0,1.0
6878,2019-10-14 14:00:00,10,2019-10-14 15:00:00,0.10531,0.10531,0.10531,0.0,0.8416432019877954,236.1301850054244,-53.57734785454205,0.0,0.0,289.7075328599665,289.7075328599665,0.0,1.0
6879,2019-10-14 15:00:00,10,2019-10-14 16:00:00,0.10531,0.10531,0.10531,0.0,0.92379513536476,240.00870809785332,-49.69882476211312,0.0,0.0,289.7075328599664,289.7075328599664,0.0,1.0
6880,2019-10-14 16:00:00,10,2019-10-14 17:00:00,0.13592,0.13592,0.13592,0.0,1.0,232.64662131977943,-0.0,232.64662131977943,0.0,0.0,0.0,0.0,0.0
6881,2019-10-14 17:00:00,10,2019-10-14 18:00:00,0.13592,0.13592,0.13592,0.0,0.5785387294931532,231.22228844422136,-0.0,52.9589851363388,0.0,178.26330330788255,178.26330330788255,0.0,0.0
6882,2019-10-14 18:00:00,10,2019-10-14 19:00:00,0.13592,0.13592,0.13592,0.0,0.48259853902877137,238.79439354388182,-0.0,238.79439354388182,0.0,0.0,0.0,0.0,0.0
6883,2019-10-14 19:00:00,10,2019-10-14 20:00:00,0.13592,0.13592,0.13592,0.0,0.05,210.79603806605007,-0.0,0.0,0.0,210.79603806605007,210.79603806605007,0.0,0.0
6884,2019-10-14 20:00:00,10,2019-10-14 21:00:00,0.13592,0.13592,0.13592,0.0,0.05,208.80196988917115,-0.0,0.0,0.0,208.80196988917115,208.80196988917115,0.0,0.0
6885,2019-10-14 21:00:00,10,2019-10-14 22:00:00,0.10531,0.10531,0.10531,0.0,0.05,205.89532801400904,-0.0,0.0,0.0,205.89532801400904,205.89532801400904,0.0,0.0
6886,2019-10-14 22:00:00,10,2019-10-14 23:00:00,0.10531,0.10531,0.10531,0.0,0.05,205.63325099003012,-0.0,0.0,0.0,205.63325099003012,205.63325099003012,0.0,0.0
6887,2019-10-14 23:00:00,10,2019-10-15 00:00:00,0.10531,0.10531,0.10531,0.0,0.05,201.23153619133822,-0.0,0.0,0.0,201.23153619133822,201.23153619133822,0.0,0.0
6888,2019-10-15 00:00:00,10,2019-10-15 01:00:00,0.10531,0.10531,0.10531,0.0,0.05,197.69622188280502,-0.0,0.0,0.0,197.69622188280502,197.69622188280502,0.0,0.0
6889,2019-10-15 01:00:00,10,2019-10-15 02:00:00,0.10531,0.10531,0.10531,0.0,0.05,199.28150757657656,-83.00632688278434,0.0,0.0,282.2878344593609,282.2878344593609,0.0,1.0
6890,2019-10-15 02:00:00,10,2019-10-15 03:00:00,0.10531,0.10531,0.10531,0.0,0.177276367886936,200.48842845746606,-0.0,0.0,0.0,200.48842845746606,200.48842845746606,0.0,0.0
6891,2019-10-15 03:00:00,10,2019-10-15 04:00:00,0.10531,0.10531,0.10531,0.0,0.177276367886936,203.38540958541398,-78.902424873947,0.0,0.0,282.28783445936097,282.28783445936097,0.0,1.0
6892,2019-10-15 04:00:00,10,2019-10-15 05:00:00,0.10531,0.10531,0.10531,0.0,0.29826008602698806,203.87416778641202,-0.0,0.0,0.0,203.87416778641202,203.87416778641202,0.0,0.0
6893,2019-10-15 05:00:00,10,2019-10-15 06:00:00,0.10531,0.10531,0.10531,0.0,0.29826008602698806,222.42119934910608,-59.86663511025482,0.0,0.0,282.2878344593609,282.2878344593609,0.0,1.0
6894,2019-10-15 06:00:00,10,2019-10-15 07:00:00,0.10531,0.10531,0.10531,0.0,0.3900555931960455,221.36181499779374,-60.92601946156715,0.0,0.0,282.2878344593609,282.2878344593609,0.0,1.0
6895,2019-10-15 07:00:00,10,2019-10-15 08:00:00,0.10531,0.10531,0.10531,0.0,0.4834754897037818,241.04158131821413,-41.24625314114677,0.0,0.0,282.2878344593609,282.2878344593609,0.0,1.0
6896,2019-10-15 08:00:00,10,2019-10-15 09:00:00,0.10531,0.10531,0.10531,0.0,0.5467197445202068,239.4431880962316,-42.844646363129286,0.0,0.0,282.2878344593609,282.2878344593609,0.0,1.0
6897,2019-10-15 09:00:00,10,2019-10-15 10:00:00,0.10531,0.10531,0.10531,0.0,0.6124148689436717,241.50188154238222,-40.78595291697867,0.0,0.0,282.2878344593609,282.2878344593609,0.0,1.0
6898,2019-10-15 10:00:00,10,2019-10-15 11:00:00,0.10531,0.10531,0.10531,0.0,0.674953330083039,239.13725801441936,-43.150576444941535,0.0,0.0,282.2878344593609,282.2878344593609,0.0,1.0
6899,2019-10-15 11:00:00,10,2019-10-15 12:00:00,0.10531,0.10531,0.10531,0.0,0.7411175472986161,234.0228732584839,-0.0,0.0,0.0,234.0228732584839,234.0228732584839,0.0,0.0
6900,2019-10-15 12:00:00,10,2019-10-15 13:00:00,0.10531,0.10531,0.10531,0.0,0.7411175472986161,228.39736671248323,-32.390116475321136,0.0,0.0,260.78748318780436,260.78748318780436,0.0,1.0
6901,2019-10-15 13:00:00,10,2019-10-15 14:00:00,0.10531,0.10531,0.10531,0.0,0.7907823925607752,226.03179096087672,-64.0618466182737,0.0,0.0,290.0936375791504,290.0936375791504,0.0,1.0
6902,2019-10-15 14:00:00,10,2019-10-15 15:00:00,0.10531,0.10531,0.10531,0.0,0.8890105573754616,223.59796350816796,-0.0,0.0,0.0,223.59796350816796,223.59796350816796,0.0,0.0
6903,2019-10-15 15:00:00,10,2019-10-15 16:00:00,0.10531,0.10531,0.10531,0.0,0.8890105573754616,217.70921847619059,-72.38441910295984,0.0,0.0,290.0936375791504,290.0936375791504,0.0,1.0
6904,2019-10-15 16:00:00,10,2019-10-15 17:00:00,0.13592,0.13592,0.13592,0.0,1.0,205.4753882167284,-0.0,205.4753882167284,0.0,0.0,0.0,0.0,0.0
6905,2019-10-15 17:00:00,10,2019-10-15 18:00:00,0.13592,0.13592,0.13592,0.0,0.6277619778682456,202.25442538829816,-0.0,202.25442538829816,0.0,0.0,0.0,0.0,0.0
6906,2019-10-15 18:00:00,10,2019-10-15 19:00:00,0.13592,0.13592,0.13592,0.0,0.2613590333242272,215.00612947051695,-0.0,116.67018639497344,0.0,98.33594307554351,98.33594307554351,0.0,0.0
6907,2019-10-15 19:00:00,10,2019-10-15 20:00:00,0.13592,0.13592,0.13592,0.0,0.05,208.7967234392977,-0.0,0.0,0.0,208.7967234392977,208.7967234392977,0.0,0.0
6908,2019-10-15 20:00:00,10,2019-10-15 21:00:00,0.13592,0.13592,0.13592,0.0,0.05,208.61507956192662,-0.0,0.0,0.0,208.61507956192662,208.61507956192662,0.0,0.0
6909,2019-10-15 21:00:00,10,2019-10-15 22:00:00,0.10531,0.10531,0.10531,0.0,0.05,204.5053041733868,-0.0,0.0,0.0,204.5053041733868,204.5053041733868,0.0,0.0
6910,2019-10-15 22:00:00,10,2019-10-15 23:00:00,0.10531,0.10531,0.10531,0.0,0.05,203.2758967766731,-0.0,0.0,0.0,203.2758967766731,203.2758967766731,0.0,0.0
6911,2019-10-15 23:00:00,10,2019-10-16 00:00:00,0.10531,0.10531,0.10531,0.0,0.05,198.93498818108856,-0.0,0.0,0.0,198.93498818108856,198.93498818108856,0.0,0.0
6912,2019-10-16 00:00:00,10,2019-10-16 01:00:00,0.10531,0.10531,0.10531,0.0,0.05,200.49143484282914,-89.60220273632129,0.0,0.0,290.0936375791504,290.0936375791504,0.0,1.0
6913,2019-10-16 01:00:00,10,2019-10-16 02:00:00,0.10531,0.10531,0.10531,0.0,0.18739004419569263,199.0717373935739,-91.02190018557653,0.0,0.0,290.0936375791504,290.0936375791504,0.0,1.0
6914,2019-10-16 02:00:00,10,2019-10-16 03:00:00,0.10531,0.10531,0.10531,0.0,0.32695695781357664,197.33779126370698,-92.75584631544345,0.0,0.0,290.0936375791504,290.0936375791504,0.0,1.0
6915,2019-10-16 03:00:00,10,2019-10-16 04:00:00,0.10531,0.10531,0.10531,0.0,0.46918258883058994,219.89454240088668,-70.19909517826375,0.0,0.0,290.0936375791504,290.0936375791504,0.0,1.0
6916,2019-10-16 04:00:00,10,2019-10-16 05:00:00,0.10531,0.10531,0.10531,0.0,0.576821201437261,220.02838789453332,-70.0652496846171,0.0,0.0,290.0936375791504,290.0936375791504,0.0,1.0
6917,2019-10-16 05:00:00,10,2019-10-16 06:00:00,0.10531,0.10531,0.10531,0.0,0.6842545842870073,278.40551779531717,-11.688119783833258,0.0,0.0,290.0936375791504,290.0936375791504,0.0,1.0
6918,2019-10-16 06:00:00,10,2019-10-16 07:00:00,0.10531,0.10531,0.10531,0.0,0.7021763679555516,307.0695019040772,-0.0,16.97586432492676,0.0,290.0936375791504,290.0936375791504,0.0,0.0
6919,2019-10-16 07:00:00,10,2019-10-16 08:00:00,0.10531,0.10531,0.10531,0.0,0.671422990555322,318.3100405779749,-0.0,28.216402998824492,0.0,290.0936375791504,290.0936375791504,0.0,0.0
6920,2019-10-16 08:00:00,10,2019-10-16 09:00:00,0.10531,0.10531,0.10531,0.0,0.6203063184560021,328.5717011286858,-0.0,38.478063549535364,0.0,290.0936375791504,290.0936375791504,0.0,0.0
6921,2019-10-16 09:00:00,10,2019-10-16 10:00:00,0.10531,0.10531,0.10531,0.0,0.5505996815909019,323.70879463874985,-0.0,33.615157059599426,0.0,290.0936375791504,290.0936375791504,0.0,0.0
6922,2019-10-16 10:00:00,10,2019-10-16 11:00:00,0.10531,0.10531,0.10531,0.0,0.48970265793220724,318.1857940026935,-0.0,28.092156423543088,0.0,290.0936375791504,290.0936375791504,0.0,0.0
6923,2019-10-16 11:00:00,10,2019-10-16 12:00:00,0.10531,0.10531,0.10531,0.0,0.4388110702083973,304.3688735735817,-0.0,14.275235994431284,0.0,290.0936375791504,290.0936375791504,0.0,0.0
6924,2019-10-16 12:00:00,10,2019-10-16 13:00:00,0.10531,0.10531,0.10531,0.0,0.4129501354358769,310.60697559361734,-0.0,20.51333801446691,0.0,290.0936375791504,290.0936375791504,0.0,0.0
6925,2019-10-16 13:00:00,10,2019-10-16 14:00:00,0.10531,0.10531,0.10531,0.0,0.3757882912067702,307.8641898724421,-0.0,17.7705522932917,0.0,290.0936375791504,290.0936375791504,0.0,0.0
6926,2019-10-16 14:00:00,10,2019-10-16 15:00:00,0.10531,0.10531,0.10531,0.0,0.34359526168993737,307.84564483225034,-0.0,17.75200725309992,0.0,290.0936375791504,290.0936375791504,0.0,0.0
6927,2019-10-16 15:00:00,10,2019-10-16 16:00:00,0.10531,0.10531,0.10531,0.0,0.31143582826040855,310.31968413529927,-0.0,20.226046556148845,0.0,290.0936375791504,290.0936375791504,0.0,0.0
6928,2019-10-16 16:00:00,10,2019-10-16 17:00:00,0.13592,0.13592,0.13592,0.0,0.2747944395717331,310.2148624840849,-0.0,124.08653064359669,0.0,186.12833184048822,186.12833184048822,0.0,0.0
6929,2019-10-16 17:00:00,10,2019-10-16 18:00:00,0.13592,0.13592,0.13592,0.0,0.05,247.5901442599897,-0.0,0.0,0.0,247.5901442599897,247.5901442599897,0.0,0.0
6930,2019-10-16 18:00:00,10,2019-10-16 19:00:00,0.13592,0.13592,0.13592,0.0,0.05,264.4079302558027,-0.0,0.0,0.0,264.4079302558027,264.4079302558027,0.0,1.0
6931,2019-10-16 19:00:00,10,2019-10-16 20:00:00,0.13592,0.13592,0.13592,0.0,0.05,234.47176688270983,-0.0,0.0,0.0,234.47176688270983,234.47176688270983,0.0,0.0
6932,2019-10-16 20:00:00,10,2019-10-16 21:00:00,0.13592,0.13592,0.13592,0.0,0.05,225.0858529584035,-0.0,0.0,0.0,225.0858529584035,225.0858529584035,0.0,0.0
6933,2019-10-16 21:00:00,10,2019-10-16 22:00:00,0.10531,0.10531,0.10531,0.0,0.05,206.61591441031632,-0.0,0.0,0.0,206.61591441031632,206.61591441031632,0.0,0.0
6934,2019-10-16 22:00:00,10,2019-10-16 23:00:00,0.10531,0.10531,0.10531,0.0,0.05,205.6038316364579,-0.0,0.0,0.0,205.6038316364579,205.6038316364579,0.0,0.0
6935,2019-10-16 23:00:00,10,2019-10-17 00:00:00,0.10531,0.10531,0.10531,0.0,0.05,201.17431801148234,-0.0,0.0,0.0,201.17431801148234,201.17431801148234,0.0,0.0
6936,2019-10-17 00:00:00,10,2019-10-17 01:00:00,0.10531,0.10531,0.10531,0.0,0.05,200.0628799884002,-90.03075759075023,0.0,0.0,290.0936375791504,290.0936375791504,0.0,1.0
6937,2019-10-17 01:00:00,10,2019-10-17 02:00:00,0.10531,0.10531,0.10531,0.0,0.18804716163915036,199.57578093667036,-90.51785664248007,0.0,0.0,290.0936375791504,290.0936375791504,0.0,1.0
6938,2019-10-17 02:00:00,10,2019-10-17 03:00:00,0.10531,0.10531,0.10531,0.0,0.32684120849095316,198.50220912722773,-91.5914284519227,0.0,0.0,290.0936375791504,290.0936375791504,0.0,1.0
6939,2019-10-17 03:00:00,10,2019-10-17 04:00:00,0.10531,0.10531,0.10531,0.0,0.46728139878390135,222.4634443566704,-67.63019322248002,0.0,0.0,290.0936375791504,290.0936375791504,0.0,1.0
6940,2019-10-17 04:00:00,10,2019-10-17 05:00:00,0.10531,0.10531,0.10531,0.0,0.5709810283917041,222.26942358377903,-67.8242139953714,0.0,0.0,290.0936375791504,290.0936375791504,0.0,1.0
6941,2019-10-17 05:00:00,10,2019-10-17 06:00:00,0.10531,0.10531,0.10531,0.0,0.6749781565179402,279.34848733563956,-10.745150243510864,0.0,0.0,290.0936375791504,290.0936375791504,0.0,1.0
6942,2019-10-17 06:00:00,10,2019-10-17 07:00:00,0.10531,0.10531,0.10531,0.0,0.6914540535579902,307.43672990859255,-0.0,17.34309232944213,0.0,290.0936375791504,290.0936375791504,0.0,0.0
6943,2019-10-17 07:00:00,10,2019-10-17 08:00:00,0.10531,0.10531,0.10531,0.0,0.6600354080336385,319.5705186488208,-0.0,29.476881069670355,0.0,290.0936375791504,290.0936375791504,0.0,0.0
6944,2019-10-17 08:00:00,10,2019-10-17 09:00:00,0.10531,0.10531,0.10531,0.0,0.6066352611682936,325.6533436913179,-0.0,35.559706112167476,0.0,290.0936375791504,290.0936375791504,0.0,0.0
6945,2019-10-17 09:00:00,10,2019-10-17 10:00:00,0.10531,0.10531,0.10531,0.0,0.5422155037187149,320.9483408455381,-0.0,30.854703266387673,0.0,290.0936375791504,290.0936375791504,0.0,0.0
6946,2019-10-17 10:00:00,10,2019-10-17 11:00:00,0.10531,0.10531,0.10531,0.0,0.4863193021491719,316.1262395785985,-0.0,26.032601999448048,0.0,290.0936375791504,290.0936375791504,0.0,0.0
6947,2019-10-17 11:00:00,10,2019-10-17 12:00:00,0.10531,0.10531,0.10531,0.0,0.43915879128060664,303.7790923128951,-0.0,13.685454733744677,0.0,290.0936375791504,290.0936375791504,0.0,0.0
6948,2019-10-17 12:00:00,10,2019-10-17 13:00:00,0.10531,0.10531,0.10531,0.0,0.4143663008209242,310.59380863674807,-0.0,20.50017105759764,0.0,290.0936375791504,290.0936375791504,0.0,0.0
6949,2019-10-17 13:00:00,10,2019-10-17 14:00:00,0.10531,0.10531,0.10531,0.0,0.37722830977455163,309.2880093223768,-0.0,19.194371743226384,0.0,290.0936375791504,290.0936375791504,0.0,0.0
6950,2019-10-17 14:00:00,10,2019-10-17 15:00:00,0.10531,0.10531,0.10531,0.0,0.34245589719624303,308.76368171115627,-0.0,18.67004413200584,0.0,290.0936375791504,290.0936375791504,0.0,0.0
6951,2019-10-17 15:00:00,10,2019-10-17 16:00:00,0.10531,0.10531,0.10531,0.0,0.30863335347884113,312.28056597323405,-0.0,22.186928394083623,0.0,290.0936375791504,290.0936375791504,0.0,0.0
6952,2019-10-17 16:00:00,10,2019-10-17 17:00:00,0.13592,0.13592,0.13592,0.0,0.268439642619994,313.30168514564406,-0.0,120.57868272623669,0.0,192.72300241940735,192.72300241940735,0.0,0.0
6953,2019-10-17 17:00:00,10,2019-10-17 18:00:00,0.13592,0.13592,0.13592,0.0,0.05,243.87597645762926,-0.0,0.0,0.0,243.87597645762926,243.87597645762926,0.0,0.0
6954,2019-10-17 18:00:00,10,2019-10-17 19:00:00,0.13592,0.13592,0.13592,0.0,0.05,257.97018659709676,-0.0,0.0,0.0,257.97018659709676,257.97018659709676,0.0,1.0
6955,2019-10-17 19:00:00,10,2019-10-17 20:00:00,0.13592,0.13592,0.13592,0.0,0.05,233.2506857827991,-0.0,0.0,0.0,233.2506857827991,233.2506857827991,0.0,0.0
6956,2019-10-17 20:00:00,10,2019-10-17 21:00:00,0.13592,0.13592,0.13592,0.0,0.05,226.53913288638216,-0.0,0.0,0.0,226.53913288638216,226.53913288638216,0.0,0.0
6957,2019-10-17 21:00:00,10,2019-10-17 22:00:00,0.10531,0.10531,0.10531,0.0,0.05,208.4613850198051,-60.9991835697938,0.0,0.0,269.4605685895989,269.4605685895989,0.0,1.0
6958,2019-10-17 22:00:00,10,2019-10-17 23:00:00,0.10531,0.10531,0.10531,0.0,0.14353208147368382,207.78340830645183,-0.0,0.0,0.0,207.78340830645183,207.78340830645183,0.0,0.0
6959,2019-10-17 23:00:00,10,2019-10-18 00:00:00,0.10531,0.10531,0.10531,0.0,0.14353208147368382,203.81015183752825,-0.0,0.0,0.0,203.81015183752825,203.81015183752825,0.0,0.0
6960,2019-10-18 00:00:00,10,2019-10-18 01:00:00,0.10531,0.10531,0.10531,0.0,0.14353208147368382,203.25892180446965,-86.83471577468077,0.0,0.0,290.0936375791504,290.0936375791504,0.0,1.0
6961,2019-10-18 01:00:00,10,2019-10-18 02:00:00,0.10531,0.10531,0.10531,0.0,0.27667864566152767,202.57101556729882,-87.52262201185161,0.0,0.0,290.0936375791504,290.0936375791504,0.0,1.0
6962,2019-10-18 02:00:00,10,2019-10-18 03:00:00,0.10531,0.10531,0.10531,0.0,0.4108799994130335,201.08455578131787,-89.00908179783255,0.0,0.0,290.0936375791504,290.0936375791504,0.0,1.0
6963,2019-10-18 03:00:00,10,2019-10-18 04:00:00,0.10531,0.10531,0.10531,0.0,0.5473605915030434,221.94734369738714,-68.14629388176328,0.0,0.0,290.0936375791504,290.0936375791504,0.0,1.0
6964,2019-10-18 04:00:00,10,2019-10-18 05:00:00,0.10531,0.10531,0.10531,0.0,0.6518515754550804,221.31809822473693,-68.7755393544135,0.0,0.0,290.0936375791504,290.0936375791504,0.0,1.0
6965,2019-10-18 05:00:00,10,2019-10-18 06:00:00,0.10531,0.10531,0.10531,0.0,0.7573074024651811,278.8578089635799,-11.23582861557054,0.0,0.0,290.0936375791504,290.0936375791504,0.0,1.0
6966,2019-10-18 06:00:00,10,2019-10-18 07:00:00,0.10531,0.10531,0.10531,0.0,0.7745356730090559,306.5653276995222,-0.0,16.47169012037176,0.0,290.0936375791504,290.0936375791504,0.0,0.0
6967,2019-10-18 07:00:00,10,2019-10-18 08:00:00,0.10531,0.10531,0.10531,0.0,0.7446956546750492,318.5502720458504,-0.0,28.456634466699995,0.0,290.0936375791504,290.0936375791504,0.0,0.0
6968,2019-10-18 08:00:00,10,2019-10-18 09:00:00,0.10531,0.10531,0.10531,0.0,0.6931437806411724,329.23271393524453,-0.0,39.13907635609411,0.0,290.0936375791504,290.0936375791504,0.0,0.0
6969,2019-10-18 09:00:00,10,2019-10-18 10:00:00,0.10531,0.10531,0.10531,0.0,0.6222396568076686,325.44048865790955,-0.0,35.34685107875913,0.0,290.0936375791504,290.0936375791504,0.0,0.0
6970,2019-10-18 10:00:00,10,2019-10-18 11:00:00,0.10531,0.10531,0.10531,0.0,0.5582055063026702,321.1294085356578,-0.0,31.03577095650735,0.0,290.0936375791504,290.0936375791504,0.0,0.0
6971,2019-10-18 11:00:00,10,2019-10-18 12:00:00,0.10531,0.10531,0.10531,0.0,0.5019812835553743,307.1639632252916,-0.0,17.070325646141157,0.0,290.0936375791504,290.0936375791504,0.0,0.0
6972,2019-10-18 12:00:00,10,2019-10-18 13:00:00,0.10531,0.10531,0.10531,0.0,0.4710567805732345,312.6395249957077,-0.0,22.545887416557264,0.0,290.0936375791504,290.0936375791504,0.0,0.0
6973,2019-10-18 13:00:00,10,2019-10-18 14:00:00,0.10531,0.10531,0.10531,0.0,0.43021278163019605,310.5707323514441,-0.0,20.477094772293697,0.0,290.0936375791504,290.0936375791504,0.0,0.0
6974,2019-10-18 14:00:00,10,2019-10-18 15:00:00,0.10531,0.10531,0.10531,0.0,0.3931165954485045,308.7873086402444,-0.0,18.693671061093994,0.0,290.0936375791504,290.0936375791504,0.0,0.0
6975,2019-10-18 15:00:00,10,2019-10-18 16:00:00,0.10531,0.10531,0.10531,0.0,0.35925124932333424,311.15721519629153,-0.0,21.063577617141107,0.0,290.0936375791504,290.0936375791504,0.0,0.0
6976,2019-10-18 16:00:00,10,2019-10-18 17:00:00,0.13592,0.13592,0.13592,0.0,0.32109259421981773,310.61991731111345,-0.0,149.64311200933938,0.0,160.97680530177408,160.97680530177408,0.0,0.0
6977,2019-10-18 17:00:00,10,2019-10-18 18:00:00,0.13592,0.13592,0.13592,0.0,0.05,253.14268973743316,-0.0,0.0,0.0,253.14268973743316,253.14268973743316,0.0,0.0
6978,2019-10-18 18:00:00,10,2019-10-18 19:00:00,0.13592,0.13592,0.13592,0.0,0.05,264.0926513789096,-0.0,0.0,0.0,264.0926513789096,264.0926513789096,0.0,1.0
6979,2019-10-18 19:00:00,10,2019-10-18 20:00:00,0.13592,0.13592,0.13592,0.0,0.05,229.89940918393313,-0.0,0.0,0.0,229.89940918393313,229.89940918393313,0.0,0.0
6980,2019-10-18 20:00:00,10,2019-10-18 21:00:00,0.13592,0.13592,0.13592,0.0,0.05,222.62877026279477,-0.0,0.0,0.0,222.62877026279477,222.62877026279477,0.0,0.0
6981,2019-10-18 21:00:00,10,2019-10-18 22:00:00,0.10531,0.10531,0.10531,0.0,0.05,208.85068242427334,-0.0,0.0,0.0,208.85068242427334,208.85068242427334,0.0,0.0
6982,2019-10-18 22:00:00,10,2019-10-18 23:00:00,0.10531,0.10531,0.10531,0.0,0.05,205.50039417683317,-0.0,0.0,0.0,205.50039417683317,205.50039417683317,0.0,0.0
6983,2019-10-18 23:00:00,10,2019-10-19 00:00:00,0.10531,0.10531,0.10531,0.0,0.05,201.51561279408054,-0.0,0.0,0.0,201.51561279408054,201.51561279408054,0.0,0.0
6984,2019-10-19 00:00:00,10,2019-10-19 01:00:00,0.10531,0.10531,0.10531,0.0,0.05,204.03321683272958,-86.06042074642085,0.0,0.0,290.0936375791504,290.0936375791504,0.0,1.0
6985,2019-10-19 01:00:00,10,2019-10-19 02:00:00,0.10531,0.10531,0.10531,0.0,0.18195931181117864,204.60288259211654,-85.49075498703388,0.0,0.0,290.0936375791504,290.0936375791504,0.0,1.0
6986,2019-10-19 02:00:00,10,2019-10-19 03:00:00,0.10531,0.10531,0.10531,0.0,0.3130451361246306,203.20277773163906,-86.89085984751136,0.0,0.0,290.0936375791504,290.0936375791504,0.0,1.0
6987,2019-10-19 03:00:00,10,2019-10-19 04:00:00,0.10531,0.10531,0.10531,0.0,0.4462777878908147,225.31986237371424,-64.77377520543618,0.0,0.0,290.0936375791504,290.0936375791504,0.0,1.0
6988,2019-10-19 04:00:00,10,2019-10-19 05:00:00,0.10531,0.10531,0.10531,0.0,0.5455975765391502,225.61429037932606,-64.47934719982436,0.0,0.0,290.0936375791504,290.0936375791504,0.0,1.0
6989,2019-10-19 05:00:00,10,2019-10-19 06:00:00,0.10531,0.10531,0.10531,0.0,0.6444659089122142,284.58656451289704,-5.507073066253383,0.0,0.0,290.0936375791504,290.0936375791504,0.0,1.0
6990,2019-10-19 06:00:00,10,2019-10-19 07:00:00,0.10531,0.10531,0.10531,0.0,0.6529100876138028,314.5920255762707,-0.0,24.49838799712029,0.0,290.0936375791504,290.0936375791504,0.0,0.0
6991,2019-10-19 07:00:00,10,2019-10-19 08:00:00,0.10531,0.10531,0.10531,0.0,0.6085289499378602,323.1438155408994,-0.0,33.050177961749,0.0,290.0936375791504,290.0936375791504,0.0,0.0
6992,2019-10-19 08:00:00,10,2019-10-19 09:00:00,0.10531,0.10531,0.10531,0.0,0.5486554391375902,326.7370562898604,-0.0,36.643418710709966,0.0,290.0936375791504,290.0936375791504,0.0,0.0
6993,2019-10-19 09:00:00,10,2019-10-19 10:00:00,0.10531,0.10531,0.10531,0.0,0.4822724342268838,326.8182759363658,-0.0,36.72463835721538,0.0,290.0936375791504,290.0936375791504,0.0,0.0
6994,2019-10-19 10:00:00,10,2019-10-19 11:00:00,0.10531,0.10531,0.10531,0.0,0.41574229227540666,323.09358221146675,-0.0,32.99994463231633,0.0,290.0936375791504,290.0936375791504,0.0,0.0
6995,2019-10-19 11:00:00,10,2019-10-19 12:00:00,0.10531,0.10531,0.10531,0.0,0.3559597838835292,308.7334412176756,-0.0,18.639803638525166,0.0,290.0936375791504,290.0936375791504,0.0,0.0
6996,2019-10-19 12:00:00,10,2019-10-19 13:00:00,0.10531,0.10531,0.10531,0.0,0.3221920236688097,313.67159679145465,-0.0,23.577959212304222,0.0,290.0936375791504,290.0936375791504,0.0,0.0
6997,2019-10-19 13:00:00,10,2019-10-19 14:00:00,0.10531,0.10531,0.10531,0.0,0.2794783294436209,309.4827712069561,-0.0,19.389133627805677,0.0,290.0936375791504,290.0936375791504,0.0,0.0
6998,2019-10-19 14:00:00,10,2019-10-19 15:00:00,0.10531,0.10531,0.10531,0.0,0.24435308736426278,309.9733599030296,-0.0,19.87972232387915,0.0,290.0936375791504,290.0936375791504,0.0,0.0
6999,2019-10-19 15:00:00,10,2019-10-19 16:00:00,0.10531,0.10531,0.10531,0.0,0.2083390976470904,312.6552524248089,-0.0,22.561614845658482,0.0,290.0936375791504,290.0936375791504,0.0,0.0
7000,2019-10-19 16:00:00,10,2019-10-19 17:00:00,0.13592,0.13592,0.13592,0.0,0.16746660698466564,313.6532340591721,-0.0,23.559596480021696,0.0,290.0936375791504,290.0936375791504,0.0,0.0
7001,2019-10-19 17:00:00,10,2019-10-19 18:00:00,0.13592,0.13592,0.13592,0.0,0.12478617857882923,243.06505962342757,-0.0,0.0,0.0,243.06505962342757,243.06505962342757,0.0,0.0
7002,2019-10-19 18:00:00,10,2019-10-19 19:00:00,0.13592,0.13592,0.13592,0.0,0.12478617857882923,253.63864330811455,-0.0,0.0,0.0,253.63864330811455,253.63864330811455,0.0,0.0
7003,2019-10-19 19:00:00,10,2019-10-19 20:00:00,0.13592,0.13592,0.13592,0.0,0.12478617857882923,229.20137548250304,-0.0,41.28197057551373,0.0,187.9194049069893,187.9194049069893,0.0,0.0
7004,2019-10-19 20:00:00,10,2019-10-19 21:00:00,0.13592,0.13592,0.13592,0.0,0.05,224.16405308564586,-0.0,0.0,0.0,224.16405308564586,224.16405308564586,0.0,0.0
7005,2019-10-19 21:00:00,10,2019-10-19 22:00:00,0.10531,0.10531,0.10531,0.0,0.05,209.91783479896935,-0.0,0.0,0.0,209.91783479896935,209.91783479896935,0.0,0.0
7006,2019-10-19 22:00:00,10,2019-10-19 23:00:00,0.10531,0.10531,0.10531,0.0,0.05,208.42143115463654,-0.0,0.0,0.0,208.42143115463654,208.42143115463654,0.0,0.0
7007,2019-10-19 23:00:00,10,2019-10-20 00:00:00,0.10531,0.10531,0.10531,0.0,0.05,204.3932863295522,-0.0,0.0,0.0,204.3932863295522,204.3932863295522,0.0,0.0
7008,2019-10-20 00:00:00,10,2019-10-20 01:00:00,0.10531,0.10531,0.10531,0.0,0.05,203.21649933788882,-86.8771382412616,0.0,0.0,290.0936375791504,290.0936375791504,0.0,1.0
7009,2019-10-20 01:00:00,10,2019-10-20 02:00:00,0.10531,0.10531,0.10531,0.0,0.18321161196993446,201.66279865679476,-88.43083892235566,0.0,0.0,290.0936375791504,290.0936375791504,0.0,1.0
7010,2019-10-20 02:00:00,10,2019-10-20 03:00:00,0.10531,0.10531,0.10531,0.0,0.3188055649842132,200.95981648554437,-89.13382109360606,0.0,0.0,290.0936375791504,290.0936375791504,0.0,1.0
7011,2019-10-20 03:00:00,10,2019-10-20 04:00:00,0.10531,0.10531,0.10531,0.0,0.4554774239944091,224.0802237716735,-66.01341380747692,0.0,0.0,290.0936375791504,290.0936375791504,0.0,1.0
7012,2019-10-20 04:00:00,10,2019-10-20 05:00:00,0.10531,0.10531,0.10531,0.0,0.5566979918325404,224.93728756799493,-65.1563500111555,0.0,0.0,290.0936375791504,290.0936375791504,0.0,1.0
7013,2019-10-20 05:00:00,10,2019-10-20 06:00:00,0.10531,0.10531,0.10531,0.0,0.6566043951829789,282.4428055266873,-7.650832052463102,0.0,0.0,290.0936375791504,290.0936375791504,0.0,1.0
7014,2019-10-20 06:00:00,10,2019-10-20 07:00:00,0.10531,0.10531,0.10531,0.0,0.6683356709967556,310.9910393401797,-0.0,20.8974017610293,0.0,290.0936375791504,290.0936375791504,0.0,0.0
7015,2019-10-20 07:00:00,10,2019-10-20 08:00:00,0.10531,0.10531,0.10531,0.0,0.630478059110833,322.6617163231688,-0.0,32.56807874401835,0.0,290.0936375791504,290.0936375791504,0.0,0.0
7016,2019-10-20 08:00:00,10,2019-10-20 09:00:00,0.10531,0.10531,0.10531,0.0,0.5714779164586258,329.2092651365425,-0.0,39.11562755739209,0.0,290.0936375791504,290.0936375791504,0.0,0.0
7017,2019-10-20 09:00:00,10,2019-10-20 10:00:00,0.10531,0.10531,0.10531,0.0,0.5006162723329155,327.20333424257547,-0.0,37.10969666342504,0.0,290.0936375791504,290.0936375791504,0.0,0.0
7018,2019-10-20 10:00:00,10,2019-10-20 11:00:00,0.10531,0.10531,0.10531,0.0,0.43338856098613104,320.02470864205816,-0.0,29.931071062907733,0.0,290.0936375791504,290.0936375791504,0.0,0.0
7019,2019-10-20 11:00:00,10,2019-10-20 12:00:00,0.10531,0.10531,0.10531,0.0,0.37916560616202283,301.94154029004864,-0.0,11.847902710898211,0.0,290.0936375791504,290.0936375791504,0.0,0.0
7020,2019-10-20 12:00:00,10,2019-10-20 13:00:00,0.10531,0.10531,0.10531,0.0,0.35770201429445364,308.57484117892284,-0.0,18.481203599772414,0.0,290.0936375791504,290.0936375791504,0.0,0.0
7021,2019-10-20 13:00:00,10,2019-10-20 14:00:00,0.10531,0.10531,0.10531,0.0,0.3242215729905181,310.3667425220959,-0.0,20.27310494294545,0.0,290.0936375791504,290.0936375791504,0.0,0.0
7022,2019-10-20 14:00:00,10,2019-10-20 15:00:00,0.10531,0.10531,0.10531,0.0,0.2874949336011242,310.705165261132,-0.0,20.611527681981556,0.0,290.0936375791504,290.0936375791504,0.0,0.0
7023,2019-10-20 15:00:00,10,2019-10-20 16:00:00,0.10531,0.10531,0.10531,0.0,0.2501552095395634,311.5101477069543,-0.0,21.41651012780386,0.0,290.0936375791504,290.0936375791504,0.0,0.0
7024,2019-10-20 16:00:00,10,2019-10-20 17:00:00,0.13592,0.13592,0.13592,0.0,0.21135718394571584,310.5682353313129,-0.0,89.06916553803515,0.0,221.49906979327776,221.49906979327776,0.0,0.0
7025,2019-10-20 17:00:00,10,2019-10-20 18:00:00,0.13592,0.13592,0.13592,0.0,0.05,251.865409729298,-0.0,0.0,0.0,251.865409729298,251.865409729298,0.0,0.0
7026,2019-10-20 18:00:00,10,2019-10-20 19:00:00,0.13592,0.13592,0.13592,0.0,0.05,260.2045309121903,-0.0,0.0,0.0,260.2045309121903,260.2045309121903,0.0,0.0
7027,2019-10-20 19:00:00,10,2019-10-20 20:00:00,0.13592,0.13592,0.13592,0.0,0.05,229.0158198731116,-0.0,0.0,0.0,229.0158198731116,229.0158198731116,0.0,0.0
7028,2019-10-20 20:00:00,10,2019-10-20 21:00:00,0.13592,0.13592,0.13592,0.0,0.05,220.9672439591384,-0.0,0.0,0.0,220.9672439591384,220.9672439591384,0.0,0.0
7029,2019-10-20 21:00:00,10,2019-10-20 22:00:00,0.10531,0.10531,0.10531,0.0,0.05,209.46031258865415,-0.0,0.0,0.0,209.46031258865415,209.46031258865415,0.0,0.0
7030,2019-10-20 22:00:00,10,2019-10-20 23:00:00,0.10531,0.10531,0.10531,0.0,0.05,207.58421289862574,-0.0,0.0,0.0,207.58421289862574,207.58421289862574,0.0,0.0
7031,2019-10-20 23:00:00,10,2019-10-21 00:00:00,0.10531,0.10531,0.10531,0.0,0.05,202.43065566686582,-0.0,0.0,0.0,202.43065566686582,202.43065566686582,0.0,0.0
7032,2019-10-21 00:00:00,10,2019-10-21 01:00:00,0.10531,0.10531,0.10531,0.0,0.05,200.6140991920724,-89.42664559765451,0.0,0.0,290.0407447897269,290.0407447897269,0.0,1.0
7033,2019-10-21 01:00:00,10,2019-10-21 02:00:00,0.10531,0.10531,0.10531,0.0,0.18712085658307026,200.25973831716396,-89.78100647256294,0.0,0.0,290.0407447897269,290.0407447897269,0.0,1.0
7034,2019-10-21 02:00:00,10,2019-10-21 03:00:00,0.10531,0.10531,0.10531,0.0,0.32478506650766675,199.85150360334313,-0.0,0.0,0.0,199.85150360334313,199.85150360334313,0.0,0.0
7035,2019-10-21 03:00:00,10,2019-10-21 04:00:00,0.10531,0.10531,0.10531,0.0,0.32478506650766675,201.45868516899452,-88.58205962073238,0.0,0.0,290.0407447897269,290.0407447897269,0.0,1.0
7036,2019-10-21 04:00:00,10,2019-10-21 05:00:00,0.10531,0.10531,0.10531,0.0,0.4606108912594564,200.02425223342667,-90.01649255630024,0.0,0.0,290.0407447897269,290.0407447897269,0.0,1.0
7037,2019-10-21 05:00:00,10,2019-10-21 06:00:00,0.10531,0.10531,0.10531,0.0,0.5986361798457834,218.84377558533606,-71.19696920439084,0.0,0.0,290.0407447897269,290.0407447897269,0.0,1.0
7038,2019-10-21 06:00:00,10,2019-10-21 07:00:00,0.10531,0.10531,0.10531,0.0,0.7078048659591827,246.5059682947153,-0.0,0.0,0.0,246.5059682947153,246.5059682947153,0.0,0.0
7039,2019-10-21 07:00:00,10,2019-10-21 08:00:00,0.10531,0.10531,0.10531,0.0,0.7078048659591827,247.69313082286413,-42.347613966862774,0.0,0.0,290.0407447897269,290.0407447897269,0.0,1.0
7040,2019-10-21 08:00:00,10,2019-10-21 09:00:00,0.10531,0.10531,0.10531,0.0,0.7727378740417057,278.62372134262506,-0.0,0.0,0.0,278.62372134262506,278.62372134262506,0.0,0.0
7041,2019-10-21 09:00:00,10,2019-10-21 10:00:00,0.10531,0.10531,0.10531,0.0,0.7727378740417057,276.4909892401255,-13.54975554960142,0.0,0.0,290.0407447897269,290.0407447897269,0.0,1.0
7042,2019-10-21 10:00:00,10,2019-10-21 11:00:00,0.10531,0.10531,0.10531,0.0,0.7935141658844278,278.9052120161346,-11.135532773592294,0.0,0.0,290.0407447897269,290.0407447897269,0.0,1.0
7043,2019-10-21 11:00:00,10,2019-10-21 12:00:00,0.10531,0.10531,0.10531,0.0,0.8105886494706026,272.3899576601445,-17.65078712958242,0.0,0.0,290.0407447897269,290.0407447897269,0.0,1.0
7044,2019-10-21 12:00:00,10,2019-10-21 13:00:00,0.10531,0.10531,0.10531,0.0,0.8376531897359624,271.26906111765504,-18.771683672071866,0.0,0.0,290.0407447897269,290.0407447897269,0.0,1.0
7045,2019-10-21 13:00:00,10,2019-10-21 14:00:00,0.10531,0.10531,0.10531,0.0,0.8664364380331392,271.61500712573707,-18.425737663989842,0.0,0.0,290.0407447897269,290.0407447897269,0.0,1.0
7046,2019-10-21 14:00:00,10,2019-10-21 15:00:00,0.10531,0.10531,0.10531,0.0,0.8946892357845904,253.76184149603773,-36.278903293689176,0.0,0.0,290.0407447897269,290.0407447897269,0.0,1.0
7047,2019-10-21 15:00:00,10,2019-10-21 16:00:00,0.10531,0.10531,0.10531,0.0,0.9503168875015805,257.63871489945325,-32.40202989027365,0.0,0.0,290.0407447897269,290.0407447897269,0.0,1.0
7048,2019-10-21 16:00:00,10,2019-10-21 17:00:00,0.13592,0.13592,0.13592,0.0,1.0,248.80713651724176,-0.0,248.80713651724176,0.0,0.0,0.0,0.0,0.0
7049,2019-10-21 17:00:00,10,2019-10-21 18:00:00,0.13592,0.13592,0.13592,0.0,0.5492624338455766,243.01316078468676,-0.0,243.01316078468676,0.0,0.0,0.0,0.0,0.0
7050,2019-10-21 18:00:00,10,2019-10-21 19:00:00,0.13592,0.13592,0.13592,0.0,0.1090212005399846,240.7878712120455,-0.0,32.57970269807149,0.0,208.20816851397402,208.20816851397402,0.0,0.0
7051,2019-10-21 19:00:00,10,2019-10-21 20:00:00,0.13592,0.13592,0.13592,0.0,0.05,213.0503773377792,-0.0,0.0,0.0,213.0503773377792,213.0503773377792,0.0,0.0
7052,2019-10-21 20:00:00,10,2019-10-21 21:00:00,0.13592,0.13592,0.13592,0.0,0.05,211.21157221713244,-0.0,0.0,0.0,211.21157221713244,211.21157221713244,0.0,0.0
7053,2019-10-21 21:00:00,10,2019-10-21 22:00:00,0.10531,0.10531,0.10531,0.0,0.05,209.88194889085514,-0.0,0.0,0.0,209.88194889085514,209.88194889085514,0.0,0.0
7054,2019-10-21 22:00:00,10,2019-10-21 23:00:00,0.10531,0.10531,0.10531,0.0,0.05,212.48906106120214,-0.0,0.0,0.0,212.48906106120214,212.48906106120214,0.0,0.0
7055,2019-10-21 23:00:00,10,2019-10-22 00:00:00,0.10531,0.10531,0.10531,0.0,0.05,210.860457518917,-0.0,0.0,0.0,210.860457518917,210.860457518917,0.0,0.0
7056,2019-10-22 00:00:00,10,2019-10-22 01:00:00,0.10531,0.10531,0.10531,0.0,0.05,210.07621592470727,-0.0,0.0,0.0,210.07621592470727,210.07621592470727,0.0,0.0
7057,2019-10-22 01:00:00,10,2019-10-22 02:00:00,0.10531,0.10531,0.10531,0.0,0.05,211.14964584591243,-78.90557541241748,0.0,0.0,290.0552212583299,290.0552212583299,0.0,1.0
7058,2019-10-22 02:00:00,10,2019-10-22 03:00:00,0.10531,0.10531,0.10531,0.0,0.1709885489657068,211.63728891469867,-78.41793234363124,0.0,0.0,290.0552212583299,290.0552212583299,0.0,1.0
7059,2019-10-22 03:00:00,10,2019-10-22 04:00:00,0.10531,0.10531,0.10531,0.0,0.2912293785592747,214.32509715092726,-75.73012410740264,0.0,0.0,290.0552212583299,290.0552212583299,0.0,1.0
7060,2019-10-22 04:00:00,10,2019-10-22 05:00:00,0.10531,0.10531,0.10531,0.0,0.4073489021906254,214.79079575786187,-0.0,0.0,0.0,214.79079575786187,214.79079575786187,0.0,0.0
7061,2019-10-22 05:00:00,10,2019-10-22 06:00:00,0.10531,0.10531,0.10531,0.0,0.4073489021906254,233.6908501182493,-56.36437114008061,0.0,0.0,290.0552212583299,290.0552212583299,0.0,1.0
7062,2019-10-22 06:00:00,10,2019-10-22 07:00:00,0.10531,0.10531,0.10531,0.0,0.4937742712720824,233.06742229809942,-56.98779896023049,0.0,0.0,290.0552212583299,290.0552212583299,0.0,1.0
7063,2019-10-22 07:00:00,10,2019-10-22 08:00:00,0.10531,0.10531,0.10531,0.0,0.5811555630111025,250.24279730374192,-39.812423954587985,0.0,0.0,290.0552212583299,290.0552212583299,0.0,1.0
7064,2019-10-22 08:00:00,10,2019-10-22 09:00:00,0.10531,0.10531,0.10531,0.0,0.6422012797414707,246.35968125222132,-43.69554000610859,0.0,0.0,290.0552212583299,290.0552212583299,0.0,1.0
7065,2019-10-22 09:00:00,10,2019-10-22 10:00:00,0.10531,0.10531,0.10531,0.0,0.7092011077508372,245.8744326061645,-0.0,0.0,0.0,245.8744326061645,245.8744326061645,0.0,0.0
7066,2019-10-22 10:00:00,10,2019-10-22 11:00:00,0.10531,0.10531,0.10531,0.0,0.7092011077508372,244.69013408323923,-45.36508717509068,0.0,0.0,290.0552212583299,290.0552212583299,0.0,1.0
7067,2019-10-22 11:00:00,10,2019-10-22 12:00:00,0.10531,0.10531,0.10531,0.0,0.7787609080859763,245.00537046954523,-45.04985078878468,0.0,0.0,290.0552212583299,290.0552212583299,0.0,1.0
7068,2019-10-22 12:00:00,10,2019-10-22 13:00:00,0.10531,0.10531,0.10531,0.0,0.8478373459621128,243.2955102810214,-46.79812729812903,0.0,0.0,290.0936375791504,290.0936375791504,0.0,1.0
7069,2019-10-22 13:00:00,10,2019-10-22 14:00:00,0.10531,0.10531,0.10531,0.0,0.9195944744859107,243.04772537594914,-5.910147142172159,0.0,0.0,248.9578725181213,248.9578725181213,0.0,1.0
7070,2019-10-22 14:00:00,10,2019-10-22 15:00:00,0.10531,0.10531,0.10531,0.0,0.9286567001039081,243.56539851648174,-46.52823906266869,0.0,0.0,290.0936375791504,290.0936375791504,0.0,1.0
7071,2019-10-22 15:00:00,10,2019-10-22 16:00:00,0.10531,0.10531,0.10531,0.0,1.0,237.30853049720824,-0.0,0.0,0.0,237.30853049720824,237.30853049720824,0.0,0.0
7072,2019-10-22 16:00:00,10,2019-10-22 17:00:00,0.13592,0.13592,0.13592,0.0,1.0,226.47622759483392,-0.0,226.47622759483392,0.0,0.0,0.0,0.0,0.0
7073,2019-10-22 17:00:00,10,2019-10-22 18:00:00,0.13592,0.13592,0.13592,0.0,0.5897169789948661,223.74858215265246,-0.0,223.74858215265246,0.0,0.0,0.0,0.0,0.0
7074,2019-10-22 18:00:00,10,2019-10-22 19:00:00,0.13592,0.13592,0.13592,0.0,0.1843753446603508,222.62974829131483,-0.0,74.17519025251364,0.0,148.45455803880117,148.45455803880117,0.0,0.0
7075,2019-10-22 19:00:00,10,2019-10-22 20:00:00,0.13592,0.13592,0.13592,0.0,0.05,213.4595842014253,-0.0,0.0,0.0,213.4595842014253,213.4595842014253,0.0,0.0
7076,2019-10-22 20:00:00,10,2019-10-22 21:00:00,0.13592,0.13592,0.13592,0.0,0.05,214.6598402789183,-0.0,0.0,0.0,214.6598402789183,214.6598402789183,0.0,0.0
7077,2019-10-22 21:00:00,10,2019-10-22 22:00:00,0.10531,0.10531,0.10531,0.0,0.05,213.9747784618784,-0.0,0.0,0.0,213.9747784618784,213.9747784618784,0.0,0.0
7078,2019-10-22 22:00:00,10,2019-10-22 23:00:00,0.10531,0.10531,0.10531,0.0,0.05,214.5385756233439,-0.0,0.0,0.0,214.5385756233439,214.5385756233439,0.0,0.0
7079,2019-10-22 23:00:00,10,2019-10-23 00:00:00,0.10531,0.10531,0.10531,0.0,0.05,213.2703737228841,-0.0,0.0,0.0,213.2703737228841,213.2703737228841,0.0,0.0
7080,2019-10-23 00:00:00,10,2019-10-23 01:00:00,0.10531,0.10531,0.10531,0.0,0.05,215.9404044538191,-80.31055130241833,0.0,0.0,296.25095575623743,296.25095575623743,0.0,1.0
7081,2019-10-23 01:00:00,10,2019-10-23 02:00:00,0.10531,0.10531,0.10531,0.0,0.17314284533037477,216.68279239393848,-79.56816336229895,0.0,0.0,296.25095575623743,296.25095575623743,0.0,1.0
7082,2019-10-23 02:00:00,10,2019-10-23 03:00:00,0.10531,0.10531,0.10531,0.0,0.29514736248589984,222.87900271778062,-73.37195303845681,0.0,0.0,296.25095575623743,296.25095575623743,0.0,1.0
7083,2019-10-23 03:00:00,10,2019-10-23 04:00:00,0.10531,0.10531,0.10531,0.0,0.4076510238115336,241.88444946323193,-54.3665062930055,0.0,0.0,296.25095575623743,296.25095575623743,0.0,1.0
7084,2019-10-23 04:00:00,10,2019-10-23 05:00:00,0.10531,0.10531,0.10531,0.0,0.49101300012747545,237.9076740643218,-58.34328169191562,0.0,0.0,296.25095575623743,296.25095575623743,0.0,1.0
7085,2019-10-23 05:00:00,10,2019-10-23 06:00:00,0.10531,0.10531,0.10531,0.0,0.5804726987217461,291.0686280362152,-5.182327720022215,0.0,0.0,296.25095575623743,296.25095575623743,0.0,1.0
7086,2019-10-23 06:00:00,10,2019-10-23 07:00:00,0.10531,0.10531,0.10531,0.0,0.5884189345591135,317.042165410841,-0.0,20.791209654603534,0.0,296.25095575623743,296.25095575623743,0.0,0.0
7087,2019-10-23 07:00:00,10,2019-10-23 08:00:00,0.10531,0.10531,0.10531,0.0,0.5507536996775849,325.8023564529691,-0.0,29.551400696731662,0.0,296.25095575623743,296.25095575623743,0.0,0.0
7088,2019-10-23 08:00:00,10,2019-10-23 09:00:00,0.10531,0.10531,0.10531,0.0,0.4972185534878537,328.6979157395896,-0.0,32.446959983352144,0.0,296.25095575623743,296.25095575623743,0.0,0.0
7089,2019-10-23 09:00:00,10,2019-10-23 10:00:00,0.10531,0.10531,0.10531,0.0,0.4384378288803318,327.6027345458589,-0.0,31.35177878962145,0.0,296.25095575623743,296.25095575623743,0.0,0.0
7090,2019-10-23 10:00:00,10,2019-10-23 11:00:00,0.10531,0.10531,0.10531,0.0,0.3816411281744958,326.504533528312,-0.0,30.25357777207455,0.0,296.25095575623743,296.25095575623743,0.0,0.0
7091,2019-10-23 11:00:00,10,2019-10-23 12:00:00,0.10531,0.10531,0.10531,0.0,0.3268339220656651,316.240854185828,-0.0,19.989898429590596,0.0,296.25095575623743,296.25095575623743,0.0,0.0
7092,2019-10-23 12:00:00,10,2019-10-23 13:00:00,0.10531,0.10531,0.10531,0.0,0.2906203379540879,323.9448884786919,-0.0,27.693932722454452,0.0,296.25095575623743,296.25095575623743,0.0,0.0
7093,2019-10-23 13:00:00,10,2019-10-23 14:00:00,0.10531,0.10531,0.10531,0.0,0.24045016997862698,322.4182960177431,-0.0,26.16734026150567,0.0,296.25095575623743,296.25095575623743,0.0,0.0
7094,2019-10-23 14:00:00,10,2019-10-23 15:00:00,0.10531,0.10531,0.10531,0.0,0.19304556805560943,321.6092956192138,-0.0,25.35833986297638,0.0,296.25095575623743,296.25095575623743,0.0,0.0
7095,2019-10-23 15:00:00,10,2019-10-23 16:00:00,0.10531,0.10531,0.10531,0.0,0.14710654656471023,323.1498985045693,-0.0,26.898942748331876,0.0,296.25095575623743,296.25095575623743,0.0,0.0
7096,2019-10-23 16:00:00,10,2019-10-23 17:00:00,0.13592,0.13592,0.13592,0.0,0.09837657781773214,322.95482671162557,-0.0,26.70387095538814,0.0,296.25095575623743,296.25095575623743,0.0,0.0
7097,2019-10-23 17:00:00,10,2019-10-23 18:00:00,0.13592,0.13592,0.13592,0.0,0.05,264.7096603497191,-0.0,0.0,0.0,264.7096603497191,264.7096603497191,0.0,1.0
7098,2019-10-23 18:00:00,10,2019-10-23 19:00:00,0.13592,0.13592,0.13592,0.0,0.05,271.76069952572857,-0.0,0.0,0.0,271.76069952572857,271.76069952572857,0.0,0.0
7099,2019-10-23 19:00:00,10,2019-10-23 20:00:00,0.13592,0.13592,0.13592,0.0,0.05,245.77923334838067,-0.0,0.0,0.0,245.77923334838067,245.77923334838067,0.0,0.0
7100,2019-10-23 20:00:00,10,2019-10-23 21:00:00,0.13592,0.13592,0.13592,0.0,0.05,235.53028120854822,-0.0,0.0,0.0,235.53028120854822,235.53028120854822,0.0,0.0
7101,2019-10-23 21:00:00,10,2019-10-23 22:00:00,0.10531,0.10531,0.10531,0.0,0.05,213.7832096695383,-0.0,0.0,0.0,213.7832096695383,213.7832096695383,0.0,0.0
7102,2019-10-23 22:00:00,10,2019-10-23 23:00:00,0.10531,0.10531,0.10531,0.0,0.05,212.90938855448758,-0.0,0.0,0.0,212.90938855448758,212.90938855448758,0.0,0.0
7103,2019-10-23 23:00:00,10,2019-10-24 00:00:00,0.10531,0.10531,0.10531,0.0,0.05,208.45616114816173,-0.0,0.0,0.0,208.45616114816173,208.45616114816173,0.0,0.0
7104,2019-10-24 00:00:00,10,2019-10-24 01:00:00,0.10531,0.10531,0.10531,0.0,0.05,207.26546113951161,-88.98549461672582,0.0,0.0,296.25095575623743,296.25095575623743,0.0,1.0
7105,2019-10-24 01:00:00,10,2019-10-24 02:00:00,0.10531,0.10531,0.10531,0.0,0.1864444250789796,205.7590502832575,-90.49190547297994,0.0,0.0,296.25095575623743,296.25095575623743,0.0,1.0
7106,2019-10-24 02:00:00,10,2019-10-24 03:00:00,0.10531,0.10531,0.10531,0.0,0.3251986801375488,206.48830160809356,-89.76265414814387,0.0,0.0,296.25095575623743,296.25095575623743,0.0,1.0
7107,2019-10-24 03:00:00,10,2019-10-24 04:00:00,0.10531,0.10531,0.10531,0.0,0.46283474983136946,229.14759323037882,-67.10336252585861,0.0,0.0,296.25095575623743,296.25095575623743,0.0,1.0
7108,2019-10-24 04:00:00,10,2019-10-24 05:00:00,0.10531,0.10531,0.10531,0.0,0.5657265723710193,228.57974183560026,-67.67121392063717,0.0,0.0,296.25095575623743,296.25095575623743,0.0,1.0
7109,2019-10-24 05:00:00,10,2019-10-24 06:00:00,0.10531,0.10531,0.10531,0.0,0.669489100382663,285.16253909265555,-11.088416663581881,0.0,0.0,296.25095575623743,296.25095575623743,0.0,1.0
7110,2019-10-24 06:00:00,10,2019-10-24 07:00:00,0.10531,0.10531,0.10531,0.0,0.6864913392668218,314.50238248242715,-0.0,18.25142672618972,0.0,296.25095575623743,296.25095575623743,0.0,0.0
7111,2019-10-24 07:00:00,10,2019-10-24 08:00:00,0.10531,0.10531,0.10531,0.0,0.6534271604150289,324.2485939352341,-0.0,27.99763817899668,0.0,296.25095575623743,296.25095575623743,0.0,0.0
7112,2019-10-24 08:00:00,10,2019-10-24 09:00:00,0.10531,0.10531,0.10531,0.0,0.6027068013951073,328.14039637071,-0.0,31.889440614472562,0.0,296.25095575623743,296.25095575623743,0.0,0.0
7113,2019-10-24 09:00:00,10,2019-10-24 10:00:00,0.10531,0.10531,0.10531,0.0,0.5449360756442513,323.8975114162624,-0.0,27.646555660024944,0.0,296.25095575623743,296.25095575623743,0.0,0.0
7114,2019-10-24 10:00:00,10,2019-10-24 11:00:00,0.10531,0.10531,0.10531,0.0,0.4948517356804379,321.53690225944655,-0.0,25.285946503209118,0.0,296.25095575623743,296.25095575623743,0.0,0.0
7115,2019-10-24 11:00:00,10,2019-10-24 12:00:00,0.10531,0.10531,0.10531,0.0,0.4490438615804214,309.0234887151203,-0.0,12.772532958882891,0.0,296.25095575623743,296.25095575623743,0.0,0.0
7116,2019-10-24 12:00:00,10,2019-10-24 13:00:00,0.10531,0.10531,0.10531,0.0,0.4259052149157785,316.5667843086884,-0.0,20.315828552450967,0.0,296.25095575623743,296.25095575623743,0.0,0.0
7117,2019-10-24 13:00:00,10,2019-10-24 14:00:00,0.10531,0.10531,0.10531,0.0,0.38910117768307745,313.0402515720643,-0.0,16.789295815826847,0.0,296.25095575623743,296.25095575623743,0.0,0.0
7118,2019-10-24 14:00:00,10,2019-10-24 15:00:00,0.10531,0.10531,0.10531,0.0,0.35868578671237666,313.4362124995257,-0.0,17.185256743288278,0.0,296.25095575623743,296.25095575623743,0.0,0.0
7119,2019-10-24 15:00:00,10,2019-10-24 16:00:00,0.10531,0.10531,0.10531,0.0,0.32755307522091237,319.98525751966656,-0.0,23.73430176342913,0.0,296.25095575623743,296.25095575623743,0.0,0.0
7120,2019-10-24 16:00:00,10,2019-10-24 17:00:00,0.13592,0.13592,0.13592,0.0,0.28455615173643933,324.96611691519695,-0.0,129.47499575851452,0.0,195.49112115668242,195.49112115668242,0.0,0.0
7121,2019-10-24 17:00:00,10,2019-10-24 18:00:00,0.13592,0.13592,0.13592,0.0,0.05,263.0877802927126,-0.0,0.0,0.0,263.0877802927126,263.0877802927126,0.0,0.0
7122,2019-10-24 18:00:00,10,2019-10-24 19:00:00,0.13592,0.13592,0.13592,0.0,0.05,262.0756074743813,-0.0,0.0,0.0,262.0756074743813,262.0756074743813,0.0,1.0
7123,2019-10-24 19:00:00,10,2019-10-24 20:00:00,0.13592,0.13592,0.13592,0.0,0.05,229.69218794023277,-0.0,0.0,0.0,229.69218794023277,229.69218794023277,0.0,0.0
7124,2019-10-24 20:00:00,10,2019-10-24 21:00:00,0.13592,0.13592,0.13592,0.0,0.05,219.71585255335498,-0.0,0.0,0.0,219.71585255335498,219.71585255335498,0.0,0.0
7125,2019-10-24 21:00:00,10,2019-10-24 22:00:00,0.10531,0.10531,0.10531,0.0,0.05,203.36353644333133,-0.0,0.0,0.0,203.36353644333133,203.36353644333133,0.0,0.0
7126,2019-10-24 22:00:00,10,2019-10-24 23:00:00,0.10531,0.10531,0.10531,0.0,0.05,206.2091174533813,-0.0,0.0,0.0,206.2091174533813,206.2091174533813,0.0,0.0
7127,2019-10-24 23:00:00,10,2019-10-25 00:00:00,0.10531,0.10531,0.10531,0.0,0.05,206.505952958727,-0.0,0.0,0.0,206.505952958727,206.505952958727,0.0,0.0
7128,2019-10-25 00:00:00,10,2019-10-25 01:00:00,0.10531,0.10531,0.10531,0.0,0.05,202.8084971660632,-93.44245859017423,0.0,0.0,296.25095575623743,296.25095575623743,0.0,1.0
7129,2019-10-25 01:00:00,10,2019-10-25 02:00:00,0.10531,0.10531,0.10531,0.0,0.19327843650493381,200.80470938690425,-95.44624636933318,0.0,0.0,296.25095575623743,296.25095575623743,0.0,1.0
7130,2019-10-25 02:00:00,10,2019-10-25 03:00:00,0.10531,0.10531,0.10531,0.0,0.339629347604578,199.98329849219746,-96.26765726403997,0.0,0.0,296.25095575623743,296.25095575623743,0.0,1.0
7131,2019-10-25 03:00:00,10,2019-10-25 04:00:00,0.10531,0.10531,0.10531,0.0,0.4872397554094393,221.76454203911484,-74.48641371712259,0.0,0.0,296.25095575623743,296.25095575623743,0.0,1.0
7132,2019-10-25 04:00:00,10,2019-10-25 05:00:00,0.10531,0.10531,0.10531,0.0,0.6014522564423607,224.07135523615187,-72.17960052008556,0.0,0.0,296.25095575623743,296.25095575623743,0.0,1.0
7133,2019-10-25 05:00:00,10,2019-10-25 06:00:00,0.10531,0.10531,0.10531,0.0,0.7121276439064917,279.86204096918743,-16.38891478705,0.0,0.0,296.25095575623743,296.25095575623743,0.0,1.0
7134,2019-10-25 06:00:00,10,2019-10-25 07:00:00,0.10531,0.10531,0.10531,0.0,0.7372573132466351,307.97281026448735,-0.0,11.721854508249919,0.0,296.25095575623743,296.25095575623743,0.0,0.0
7135,2019-10-25 07:00:00,10,2019-10-25 08:00:00,0.10531,0.10531,0.10531,0.0,0.7160220695722693,317.6060525539406,-0.0,21.35509679770314,0.0,296.25095575623743,296.25095575623743,0.0,0.0
7136,2019-10-25 08:00:00,10,2019-10-25 09:00:00,0.10531,0.10531,0.10531,0.0,0.6773353000112129,325.32164795075175,-0.0,29.070692194514322,0.0,296.25095575623743,296.25095575623743,0.0,0.0
7137,2019-10-25 09:00:00,10,2019-10-25 10:00:00,0.10531,0.10531,0.10531,0.0,0.6246710025573825,324.5400356923001,-0.0,28.28907993606265,0.0,296.25095575623743,296.25095575623743,0.0,0.0
7138,2019-10-25 10:00:00,10,2019-10-25 11:00:00,0.10531,0.10531,0.10531,0.0,0.5734226693398777,323.7264163960816,-0.0,27.475460639844187,0.0,296.25095575623743,296.25095575623743,0.0,0.0
7139,2019-10-25 11:00:00,10,2019-10-25 12:00:00,0.10531,0.10531,0.10531,0.0,0.5236482841227688,313.4113545132186,-0.0,17.16039875698118,0.0,296.25095575623743,296.25095575623743,0.0,0.0
7140,2019-10-25 12:00:00,10,2019-10-25 13:00:00,0.10531,0.10531,0.10531,0.0,0.4925606052151941,320.1878363818151,-0.0,23.936880625577658,0.0,296.25095575623743,296.25095575623743,0.0,0.0
7141,2019-10-25 13:00:00,10,2019-10-25 14:00:00,0.10531,0.10531,0.10531,0.0,0.44919669103842297,318.5543276716712,-0.0,22.303371915433786,0.0,296.25095575623743,296.25095575623743,0.0,0.0
7142,2019-10-25 14:00:00,10,2019-10-25 15:00:00,0.10531,0.10531,0.10531,0.0,0.40879203177133283,320.42578355898553,-0.0,24.174827802748098,0.0,296.25095575623743,296.25095575623743,0.0,0.0
7143,2019-10-25 15:00:00,10,2019-10-25 16:00:00,0.10531,0.10531,0.10531,0.0,0.3649970538678037,321.20499801473466,-0.0,24.954042258497225,0.0,296.25095575623743,296.25095575623743,0.0,0.0
7144,2019-10-25 16:00:00,10,2019-10-25 17:00:00,0.13592,0.13592,0.13592,0.0,0.3197904555734246,321.64076684063815,-0.0,148.9243314765304,0.0,172.71643536410775,172.71643536410775,0.0,0.0
7145,2019-10-25 17:00:00,10,2019-10-25 18:00:00,0.13592,0.13592,0.13592,0.0,0.05,261.6355716304403,-0.0,0.0,0.0,261.6355716304403,261.6355716304403,0.0,0.0
7146,2019-10-25 18:00:00,10,2019-10-25 19:00:00,0.13592,0.13592,0.13592,0.0,0.05,260.7268998105519,-0.0,0.0,0.0,260.7268998105519,260.7268998105519,0.0,1.0
7147,2019-10-25 19:00:00,10,2019-10-25 20:00:00,0.13592,0.13592,0.13592,0.0,0.05,227.64138510790957,-0.0,0.0,0.0,227.64138510790957,227.64138510790957,0.0,0.0
7148,2019-10-25 20:00:00,10,2019-10-25 21:00:00,0.13592,0.13592,0.13592,0.0,0.05,219.30527885117786,-0.0,0.0,0.0,219.30527885117786,219.30527885117786,0.0,0.0
7149,2019-10-25 21:00:00,10,2019-10-25 22:00:00,0.10531,0.10531,0.10531,0.0,0.05,204.31681373140754,-0.0,0.0,0.0,204.31681373140754,204.31681373140754,0.0,0.0
7150,2019-10-25 22:00:00,10,2019-10-25 23:00:00,0.10531,0.10531,0.10531,0.0,0.05,205.0588677974519,-0.0,0.0,0.0,205.0588677974519,205.0588677974519,0.0,0.0
7151,2019-10-25 23:00:00,10,2019-10-26 00:00:00,0.10531,0.10531,0.10531,0.0,0.05,201.15818696026105,-0.0,0.0,0.0,201.15818696026105,201.15818696026105,0.0,0.0
7152,2019-10-26 00:00:00,10,2019-10-26 01:00:00,0.10531,0.10531,0.10531,0.0,0.05,202.04168962241815,-94.20926613381928,0.0,0.0,296.25095575623743,296.25095575623743,0.0,1.0
7153,2019-10-26 01:00:00,10,2019-10-26 02:00:00,0.10531,0.10531,0.10531,0.0,0.19445420807185626,203.5662614423738,-92.68469431386364,0.0,0.0,296.25095575623743,296.25095575623743,0.0,1.0
7154,2019-10-26 02:00:00,10,2019-10-26 03:00:00,0.10531,0.10531,0.10531,0.0,0.3365707393531138,206.43527811530421,-89.81567764093322,0.0,0.0,296.25095575623743,296.25095575623743,0.0,1.0
7155,2019-10-26 03:00:00,10,2019-10-26 04:00:00,0.10531,0.10531,0.10531,0.0,0.47428811173587815,228.9238094156774,-67.32714634056003,0.0,0.0,296.25095575623743,296.25095575623743,0.0,1.0
7156,2019-10-26 04:00:00,10,2019-10-26 05:00:00,0.10531,0.10531,0.10531,0.0,0.5775230694580702,229.02926709854296,-67.22168865769447,0.0,0.0,296.25095575623743,296.25095575623743,0.0,1.0
7157,2019-10-26 05:00:00,10,2019-10-26 06:00:00,0.10531,0.10531,0.10531,0.0,0.6805963253998685,286.48467614409043,-9.766279612147002,0.0,0.0,296.25095575623743,296.25095575623743,0.0,1.0
7158,2019-10-26 06:00:00,10,2019-10-26 07:00:00,0.10531,0.10531,0.10531,0.0,0.6955712874718272,315.86468333363865,-0.0,19.61372757740122,0.0,296.25095575623743,296.25095575623743,0.0,0.0
7159,2019-10-26 07:00:00,10,2019-10-26 08:00:00,0.10531,0.10531,0.10531,0.0,0.6600391722953757,325.69556207835825,-0.0,29.44460632212082,0.0,296.25095575623743,296.25095575623743,0.0,0.0
7160,2019-10-26 08:00:00,10,2019-10-26 09:00:00,0.10531,0.10531,0.10531,0.0,0.6066974941755916,331.9975969610702,-0.0,35.74664120483277,0.0,296.25095575623743,296.25095575623743,0.0,0.0
7161,2019-10-26 09:00:00,10,2019-10-26 10:00:00,0.10531,0.10531,0.10531,0.0,0.5419390861958221,332.7061745898615,-0.0,36.45521883362409,0.0,296.25095575623743,296.25095575623743,0.0,0.0
7162,2019-10-26 10:00:00,10,2019-10-26 11:00:00,0.10531,0.10531,0.10531,0.0,0.4758970230914306,330.32172911001453,-0.0,34.0707733537771,0.0,296.25095575623743,296.25095575623743,0.0,0.0
7163,2019-10-26 11:00:00,10,2019-10-26 12:00:00,0.10531,0.10531,0.10531,0.0,0.41417460759545766,314.17699927072675,-0.0,17.926043514489322,0.0,296.25095575623743,296.25095575623743,0.0,0.0
7164,2019-10-26 12:00:00,10,2019-10-26 13:00:00,0.10531,0.10531,0.10531,0.0,0.38169989108370167,321.0475521537067,-0.0,24.796596397469273,0.0,296.25095575623743,296.25095575623743,0.0,0.0
7165,2019-10-26 13:00:00,10,2019-10-26 14:00:00,0.10531,0.10531,0.10531,0.0,0.33677852079843124,319.6322243136067,-0.0,23.381268557369253,0.0,296.25095575623743,296.25095575623743,0.0,0.0
7166,2019-10-26 14:00:00,10,2019-10-26 15:00:00,0.10531,0.10531,0.10531,0.0,0.29442115022348697,322.4101549830267,-0.0,26.15919922678927,0.0,296.25095575623743,296.25095575623743,0.0,0.0
7167,2019-10-26 15:00:00,10,2019-10-26 16:00:00,0.10531,0.10531,0.10531,0.0,0.24703129655176728,327.68763958960557,-0.0,31.436683833368136,0.0,296.25095575623743,296.25095575623743,0.0,0.0
7168,2019-10-26 16:00:00,10,2019-10-26 17:00:00,0.13592,0.13592,0.13592,0.0,0.190080782360883,329.3507149828959,-0.0,77.32459186320742,0.0,252.0261231196885,252.0261231196885,0.0,0.0
7169,2019-10-26 17:00:00,10,2019-10-26 18:00:00,0.13592,0.13592,0.13592,0.0,0.05,268.64712021375493,-0.0,0.0,0.0,268.64712021375493,268.64712021375493,0.0,1.0
7170,2019-10-26 18:00:00,10,2019-10-26 19:00:00,0.13592,0.13592,0.13592,0.0,0.05,266.7414389736754,-0.0,0.0,0.0,266.7414389736754,266.7414389736754,0.0,0.0
7171,2019-10-26 19:00:00,10,2019-10-26 20:00:00,0.13592,0.13592,0.13592,0.0,0.05,235.93152455707101,-0.0,0.0,0.0,235.93152455707101,235.93152455707101,0.0,0.0
7172,2019-10-26 20:00:00,10,2019-10-26 21:00:00,0.13592,0.13592,0.13592,0.0,0.05,225.886883775101,-0.0,0.0,0.0,225.886883775101,225.886883775101,0.0,0.0
7173,2019-10-26 21:00:00,10,2019-10-26 22:00:00,0.10531,0.10531,0.10531,0.0,0.05,208.05388414244803,-0.0,0.0,0.0,208.05388414244803,208.05388414244803,0.0,0.0
7174,2019-10-26 22:00:00,10,2019-10-26 23:00:00,0.10531,0.10531,0.10531,0.0,0.05,207.86008281368507,-0.0,0.0,0.0,207.86008281368507,207.86008281368507,0.0,0.0
7175,2019-10-26 23:00:00,10,2019-10-27 00:00:00,0.10531,0.10531,0.10531,0.0,0.05,204.77225769590444,-0.0,0.0,0.0,204.77225769590444,204.77225769590444,0.0,0.0
7176,2019-10-27 00:00:00,10,2019-10-27 01:00:00,0.10531,0.10531,0.10531,0.0,0.05,204.61744014032965,-91.63351561590778,0.0,0.0,296.25095575623743,296.25095575623743,0.0,1.0
7177,2019-10-27 01:00:00,10,2019-10-27 02:00:00,0.10531,0.10531,0.10531,0.0,0.19050472394439194,204.29053828916676,-91.96041746707067,0.0,0.0,296.25095575623743,296.25095575623743,0.0,1.0
7178,2019-10-27 02:00:00,10,2019-10-27 03:00:00,0.10531,0.10531,0.10531,0.0,0.33151069739390027,204.12997807165164,-92.1209776845858,0.0,0.0,296.25095575623743,296.25095575623743,0.0,1.0
7179,2019-10-27 03:00:00,10,2019-10-27 04:00:00,0.10531,0.10531,0.10531,0.0,0.4727628631769319,227.43361851220544,-68.81733724403199,0.0,0.0,296.25095575623743,296.25095575623743,0.0,1.0
7180,2019-10-27 04:00:00,10,2019-10-27 05:00:00,0.10531,0.10531,0.10531,0.0,0.5782827802844476,227.3921019779395,-68.85885377829794,0.0,0.0,296.25095575623743,296.25095575623743,0.0,1.0
7181,2019-10-27 05:00:00,10,2019-10-27 06:00:00,0.10531,0.10531,0.10531,0.0,0.6838663560778379,284.5703963651707,-11.680559391066708,0.0,0.0,296.25095575623743,296.25095575623743,0.0,1.0
7182,2019-10-27 06:00:00,10,2019-10-27 07:00:00,0.10531,0.10531,0.10531,0.0,0.7017765471441401,312.7219616662726,-0.0,16.47100591003516,0.0,296.25095575623743,296.25095575623743,0.0,0.0
7183,2019-10-27 07:00:00,10,2019-10-27 08:00:00,0.10531,0.10531,0.10531,0.0,0.6719377683216127,321.25618151197693,-0.0,25.005225755739502,0.0,296.25095575623743,296.25095575623743,0.0,0.0
7184,2019-10-27 08:00:00,10,2019-10-27 09:00:00,0.10531,0.10531,0.10531,0.0,0.6266384463003454,331.7588822809237,-0.0,35.50792652468624,0.0,296.25095575623743,296.25095575623743,0.0,0.0
7185,2019-10-27 09:00:00,10,2019-10-27 10:00:00,0.10531,0.10531,0.10531,0.0,0.5623124924512761,330.73801343061996,-0.0,34.48705767438253,0.0,296.25095575623743,296.25095575623743,0.0,0.0
7186,2019-10-27 10:00:00,10,2019-10-27 11:00:00,0.10531,0.10531,0.10531,0.0,0.49983593869333676,326.3354807965862,-0.0,30.08452504034875,0.0,296.25095575623743,296.25095575623743,0.0,0.0
7187,2019-10-27 11:00:00,10,2019-10-27 12:00:00,0.10531,0.10531,0.10531,0.0,0.44533498753328465,313.79272651228126,-0.0,17.54177075604383,0.0,296.25095575623743,296.25095575623743,0.0,0.0
7188,2019-10-27 12:00:00,10,2019-10-27 13:00:00,0.10531,0.10531,0.10531,0.0,0.4135564173230603,320.55061280321434,-0.0,24.299657046976904,0.0,296.25095575623743,296.25095575623743,0.0,0.0
7189,2019-10-27 13:00:00,10,2019-10-27 14:00:00,0.10531,0.10531,0.10531,0.0,0.36953529948433406,320.976186268547,-0.0,24.725230512309565,0.0,296.25095575623743,296.25095575623743,0.0,0.0
7190,2019-10-27 14:00:00,10,2019-10-27 15:00:00,0.10531,0.10531,0.10531,0.0,0.32474321522290367,320.23170928665314,-0.0,23.98075353041571,0.0,296.25095575623743,296.25095575623743,0.0,0.0
7191,2019-10-27 15:00:00,10,2019-10-27 16:00:00,0.10531,0.10531,0.10531,0.0,0.2812998211460636,321.3758274806854,-0.0,25.124871724447985,0.0,296.25095575623743,296.25095575623743,0.0,0.0
7192,2019-10-27 16:00:00,10,2019-10-27 17:00:00,0.13592,0.13592,0.13592,0.0,0.23578374918148398,326.1012637478241,-0.0,102.55262954817915,0.0,223.54863419964494,223.54863419964494,0.0,0.0
7193,2019-10-27 17:00:00,10,2019-10-27 18:00:00,0.13592,0.13592,0.13592,0.0,0.05,269.1076300276718,-0.0,0.0,0.0,269.1076300276718,269.1076300276718,0.0,0.0
7194,2019-10-27 18:00:00,10,2019-10-27 19:00:00,0.13592,0.13592,0.13592,0.0,0.05,269.4575742746743,-0.0,0.0,0.0,269.4575742746743,269.4575742746743,0.0,1.0
7195,2019-10-27 19:00:00,10,2019-10-27 20:00:00,0.13592,0.13592,0.13592,0.0,0.05,234.6341564775239,-0.0,0.0,0.0,234.6341564775239,234.6341564775239,0.0,0.0
7196,2019-10-27 20:00:00,10,2019-10-27 21:00:00,0.13592,0.13592,0.13592,0.0,0.05,224.62694219975933,-0.0,0.0,0.0,224.62694219975933,224.62694219975933,0.0,0.0
7197,2019-10-27 21:00:00,10,2019-10-27 22:00:00,0.10531,0.10531,0.10531,0.0,0.05,207.73085399021795,-0.0,0.0,0.0,207.73085399021795,207.73085399021795,0.0,0.0
7198,2019-10-27 22:00:00,10,2019-10-27 23:00:00,0.10531,0.10531,0.10531,0.0,0.05,207.41512585415353,-0.0,0.0,0.0,207.41512585415353,207.41512585415353,0.0,0.0
7199,2019-10-27 23:00:00,10,2019-10-28 00:00:00,0.10531,0.10531,0.10531,0.0,0.05,203.20956084615747,-0.0,0.0,0.0,203.20956084615747,203.20956084615747,0.0,0.0
7200,2019-10-28 00:00:00,10,2019-10-28 01:00:00,0.10531,0.10531,0.10531,0.0,0.05,202.37143259065363,-93.37785661969082,0.0,0.0,295.74928921034444,295.74928921034444,0.0,1.0
7201,2019-10-28 01:00:00,10,2019-10-28 02:00:00,0.10531,0.10531,0.10531,0.0,0.1931793801501926,201.80179611339065,-93.94749309695379,0.0,0.0,295.74928921034444,295.74928921034444,0.0,1.0
7202,2019-10-28 02:00:00,10,2019-10-28 03:00:00,0.10531,0.10531,0.10531,0.0,0.3372322028988551,201.77557345196647,-0.0,0.0,0.0,201.77557345196647,201.77557345196647,0.0,0.0
7203,2019-10-28 03:00:00,10,2019-10-28 04:00:00,0.10531,0.10531,0.10531,0.0,0.3372322028988551,206.07868243725196,-89.67060677309249,0.0,0.0,295.74928921034444,295.74928921034444,0.0,1.0
7204,2019-10-28 04:00:00,10,2019-10-28 05:00:00,0.10531,0.10531,0.10531,0.0,0.47472713328426364,207.63502232306243,-0.0,0.0,0.0,207.63502232306243,207.63502232306243,0.0,0.0
7205,2019-10-28 05:00:00,10,2019-10-28 06:00:00,0.10531,0.10531,0.10531,0.0,0.47472713328426364,226.04966208617057,-69.69962712417387,0.0,0.0,295.74928921034444,295.74928921034444,0.0,1.0
7206,2019-10-28 06:00:00,10,2019-10-28 07:00:00,0.10531,0.10531,0.10531,0.0,0.5815998948746636,254.8345746114291,-40.91471459891534,0.0,0.0,295.74928921034444,295.74928921034444,0.0,1.0
7207,2019-10-28 07:00:00,10,2019-10-28 08:00:00,0.10531,0.10531,0.10531,0.0,0.6443357905930004,255.76459605486107,-39.98469315548337,0.0,0.0,295.74928921034444,295.74928921034444,0.0,1.0
7208,2019-10-28 08:00:00,10,2019-10-28 09:00:00,0.10531,0.10531,0.10531,0.0,0.7056456534314083,281.9102421625794,-13.839047047765067,0.0,0.0,295.74928921034444,295.74928921034444,0.0,1.0
7209,2019-10-28 09:00:00,10,2019-10-28 10:00:00,0.10531,0.10531,0.10531,0.0,0.7268655255713147,279.40262886605507,-16.34666034428938,0.0,0.0,295.74928921034444,295.74928921034444,0.0,1.0
7210,2019-10-28 10:00:00,10,2019-10-28 11:00:00,0.10531,0.10531,0.10531,0.0,0.7519304047658918,277.3287116100558,-0.0,0.0,0.0,277.3287116100558,277.3287116100558,0.0,0.0
7211,2019-10-28 11:00:00,10,2019-10-28 12:00:00,0.10531,0.10531,0.10531,0.0,0.7519304047658918,267.7212379667127,-28.02805124363175,0.0,0.0,295.74928921034444,295.74928921034444,0.0,1.0
7212,2019-10-28 12:00:00,10,2019-10-28 13:00:00,0.10531,0.10531,0.10531,0.0,0.7949067500061271,266.1576703198314,-29.591618890513022,0.0,0.0,295.74928921034444,295.74928921034444,0.0,1.0
7213,2019-10-28 13:00:00,10,2019-10-28 14:00:00,0.10531,0.10531,0.10531,0.0,0.840280565638247,269.1825973473897,-26.56669186295476,0.0,0.0,295.74928921034444,295.74928921034444,0.0,1.0
7214,2019-10-28 14:00:00,10,2019-10-28 15:00:00,0.10531,0.10531,0.10531,0.0,0.8810161598281112,255.40271893452453,-40.346570275819914,0.0,0.0,295.74928921034444,295.74928921034444,0.0,1.0
7215,2019-10-28 15:00:00,10,2019-10-28 16:00:00,0.10531,0.10531,0.10531,0.0,0.9428809009177018,258.4977028523239,-37.25158635802052,0.0,0.0,295.74928921034444,295.74928921034444,0.0,1.0
7216,2019-10-28 16:00:00,10,2019-10-28 17:00:00,0.13592,0.13592,0.13592,0.0,1.0,246.607135103675,-0.0,246.607135103675,0.0,0.0,0.0,0.0,0.0
7217,2019-10-28 17:00:00,10,2019-10-28 18:00:00,0.13592,0.13592,0.13592,0.0,0.5532479436527628,241.48546912744442,-0.0,241.48546912744442,0.0,0.0,0.0,0.0,0.0
7218,2019-10-28 18:00:00,10,2019-10-28 19:00:00,0.13592,0.13592,0.13592,0.0,0.11577426769724752,239.45236273786787,-0.0,36.30739576888063,0.0,203.14496696898723,203.14496696898723,0.0,0.0
7219,2019-10-28 19:00:00,10,2019-10-28 20:00:00,0.13592,0.13592,0.13592,0.0,0.05,211.26082803382582,-0.0,0.0,0.0,211.26082803382582,211.26082803382582,0.0,0.0
7220,2019-10-28 20:00:00,10,2019-10-28 21:00:00,0.13592,0.13592,0.13592,0.0,0.05,210.3234070079517,-0.0,0.0,0.0,210.3234070079517,210.3234070079517,0.0,0.0
7221,2019-10-28 21:00:00,10,2019-10-28 22:00:00,0.10531,0.10531,0.10531,0.0,0.05,206.89138361746743,-0.0,0.0,0.0,206.89138361746743,206.89138361746743,0.0,0.0
7222,2019-10-28 22:00:00,10,2019-10-28 23:00:00,0.10531,0.10531,0.10531,0.0,0.05,207.7696444607188,-0.0,0.0,0.0,207.7696444607188,207.7696444607188,0.0,0.0
7223,2019-10-28 23:00:00,10,2019-10-29 00:00:00,0.10531,0.10531,0.10531,0.0,0.05,204.50224732620993,-0.0,0.0,0.0,204.50224732620993,204.50224732620993,0.0,0.0
7224,2019-10-29 00:00:00,10,2019-10-29 01:00:00,0.10531,0.10531,0.10531,0.0,0.05,202.51976779074602,-0.0,0.0,0.0,202.51976779074602,202.51976779074602,0.0,0.0
7225,2019-10-29 01:00:00,10,2019-10-29 02:00:00,0.10531,0.10531,0.10531,0.0,0.05,201.32856162063712,-0.0,0.0,0.0,201.32856162063712,201.32856162063712,0.0,0.0
7226,2019-10-29 02:00:00,10,2019-10-29 03:00:00,0.10531,0.10531,0.10531,0.0,0.05,202.33425576609073,-0.0,0.0,0.0,202.33425576609073,202.33425576609073,0.0,0.0
7227,2019-10-29 03:00:00,10,2019-10-29 04:00:00,0.10531,0.10531,0.10531,0.0,0.05,204.0401363388504,-0.0,0.0,0.0,204.0401363388504,204.0401363388504,0.0,0.0
7228,2019-10-29 04:00:00,10,2019-10-29 05:00:00,0.10531,0.10531,0.10531,0.0,0.05,202.25861932883984,-93.13341698971047,0.0,0.0,295.3920363185503,295.3920363185503,0.0,1.0
7229,2019-10-29 05:00:00,10,2019-10-29 06:00:00,0.10531,0.10531,0.10531,0.0,0.19280457271755605,220.32202766614822,-0.0,0.0,0.0,220.32202766614822,220.32202766614822,0.0,0.0
7230,2019-10-29 06:00:00,10,2019-10-29 07:00:00,0.10531,0.10531,0.10531,0.0,0.19280457271755605,219.75460080624043,-0.0,0.0,0.0,219.75460080624043,219.75460080624043,0.0,0.0
7231,2019-10-29 07:00:00,10,2019-10-29 08:00:00,0.10531,0.10531,0.10531,0.0,0.19280457271755605,237.93441284112106,-57.45762347742926,0.0,0.0,295.3920363185503,295.3920363185503,0.0,1.0
7232,2019-10-29 08:00:00,10,2019-10-29 09:00:00,0.10531,0.10531,0.10531,0.0,0.2809062620496143,238.6241945239676,-56.76784179458273,0.0,0.0,295.3920363185503,295.3920363185503,0.0,1.0
7233,2019-10-29 09:00:00,10,2019-10-29 10:00:00,0.10531,0.10531,0.10531,0.0,0.36795028613464115,241.5083531360928,-53.88368318245751,0.0,0.0,295.3920363185503,295.3920363185503,0.0,1.0
7234,2019-10-29 10:00:00,10,2019-10-29 11:00:00,0.10531,0.10531,0.10531,0.0,0.450571933681076,239.61371678655692,-55.7783195319934,0.0,0.0,295.3920363185503,295.3920363185503,0.0,1.0
7235,2019-10-29 11:00:00,10,2019-10-29 12:00:00,0.10531,0.10531,0.10531,0.0,0.5360986902967992,236.80392765440928,-58.58810866414104,0.0,0.0,295.3920363185503,295.3920363185503,0.0,1.0
7236,2019-10-29 12:00:00,10,2019-10-29 13:00:00,0.10531,0.10531,0.10531,0.0,0.6259337902484821,234.85085601197832,-57.96442199351088,0.0,0.0,292.8152780054892,292.8152780054892,0.0,1.0
7237,2019-10-29 13:00:00,10,2019-10-29 14:00:00,0.10531,0.10531,0.10531,0.0,0.7148125706385321,236.39279678201072,-59.85815897422671,0.0,0.0,296.25095575623743,296.25095575623743,0.0,1.0
7238,2019-10-29 14:00:00,10,2019-10-29 15:00:00,0.10531,0.10531,0.10531,0.0,0.8065950810656798,236.99612162538676,-59.25483413085067,0.0,0.0,296.25095575623743,296.25095575623743,0.0,1.0
7239,2019-10-29 15:00:00,10,2019-10-29 16:00:00,0.10531,0.10531,0.10531,0.0,0.8974524933996508,229.37214710383574,-66.87880865240169,0.0,0.0,296.25095575623743,296.25095575623743,0.0,1.0
7240,2019-10-29 16:00:00,10,2019-10-29 17:00:00,0.13592,0.13592,0.13592,0.0,1.0,219.0479024065229,-0.0,219.0479024065229,0.0,0.0,0.0,0.0,0.0
7241,2019-10-29 17:00:00,10,2019-10-29 18:00:00,0.13592,0.13592,0.13592,0.0,0.6031740898432556,216.7935502633979,-0.0,216.7935502633979,0.0,0.0,0.0,0.0,0.0
7242,2019-10-29 18:00:00,10,2019-10-29 19:00:00,0.13592,0.13592,0.13592,0.0,0.21043215096028842,213.3519502889639,-0.0,88.55854733007921,0.0,124.7934029588847,124.7934029588847,0.0,0.0
7243,2019-10-29 19:00:00,10,2019-10-29 20:00:00,0.13592,0.13592,0.13592,0.0,0.05,204.640929337841,-0.0,0.0,0.0,204.640929337841,204.640929337841,0.0,0.0
7244,2019-10-29 20:00:00,10,2019-10-29 21:00:00,0.13592,0.13592,0.13592,0.0,0.05,203.82815683634837,-0.0,0.0,0.0,203.82815683634837,203.82815683634837,0.0,0.0
7245,2019-10-29 21:00:00,10,2019-10-29 22:00:00,0.10531,0.10531,0.10531,0.0,0.05,201.06729941825157,-0.0,0.0,0.0,201.06729941825157,201.06729941825157,0.0,0.0
7246,2019-10-29 22:00:00,10,2019-10-29 23:00:00,0.10531,0.10531,0.10531,0.0,0.05,201.58453198644776,-0.0,0.0,0.0,201.58453198644776,201.58453198644776,0.0,0.0
7247,2019-10-29 23:00:00,10,2019-10-30 00:00:00,0.10531,0.10531,0.10531,0.0,0.05,198.21685081743905,-0.0,0.0,0.0,198.21685081743905,198.21685081743905,0.0,0.0
7248,2019-10-30 00:00:00,10,2019-10-30 01:00:00,0.10531,0.10531,0.10531,0.0,0.05,200.23568860489922,-96.01526715133821,0.0,0.0,296.25095575623743,296.25095575623743,0.0,1.0
7249,2019-10-30 01:00:00,10,2019-10-30 02:00:00,0.10531,0.10531,0.10531,0.0,0.19722340963205193,200.19277404370064,-96.0581817125368,0.0,0.0,296.25095575623743,296.25095575623743,0.0,1.0
7250,2019-10-30 02:00:00,10,2019-10-30 03:00:00,0.10531,0.10531,0.10531,0.0,0.344512621591275,201.4029512987626,-94.84800445747484,0.0,0.0,296.25095575623743,296.25095575623743,0.0,1.0
7251,2019-10-30 03:00:00,10,2019-10-30 04:00:00,0.10531,0.10531,0.10531,0.0,0.4899462284260698,226.1803335578952,-70.07062219834222,0.0,0.0,296.25095575623743,296.25095575623743,0.0,1.0
7252,2019-10-30 04:00:00,10,2019-10-30 05:00:00,0.10531,0.10531,0.10531,0.0,0.5973878491301945,227.78029169005785,-68.47066406617958,0.0,0.0,296.25095575623743,296.25095575623743,0.0,1.0
7253,2019-10-30 05:00:00,10,2019-10-30 06:00:00,0.10531,0.10531,0.10531,0.0,0.7023762006983365,285.971256098278,-10.27969965795944,0.0,0.0,296.25095575623743,296.25095575623743,0.0,1.0
7254,2019-10-30 06:00:00,10,2019-10-30 07:00:00,0.10531,0.10531,0.10531,0.0,0.718138406840541,315.27672894499403,-0.0,19.025773188756602,0.0,296.25095575623743,296.25095575623743,0.0,0.0
7255,2019-10-30 07:00:00,10,2019-10-30 08:00:00,0.10531,0.10531,0.10531,0.0,0.6836714264261268,324.018218345115,-0.0,27.767262588877543,0.0,296.25095575623743,296.25095575623743,0.0,0.0
7256,2019-10-30 08:00:00,10,2019-10-30 09:00:00,0.10531,0.10531,0.10531,0.0,0.6333684144897544,328.31881672527606,-0.0,32.067860969038634,0.0,296.25095575623743,296.25095575623743,0.0,0.0
7257,2019-10-30 09:00:00,10,2019-10-30 10:00:00,0.10531,0.10531,0.10531,0.0,0.5752744634588873,324.79106092452764,-0.0,28.54010516829021,0.0,296.25095575623743,296.25095575623743,0.0,0.0
7258,2019-10-30 10:00:00,10,2019-10-30 11:00:00,0.10531,0.10531,0.10531,0.0,0.5235713743858978,327.7916516760687,-0.0,31.54069591983125,0.0,296.25095575623743,296.25095575623743,0.0,0.0
7259,2019-10-30 11:00:00,10,2019-10-30 12:00:00,0.10531,0.10531,0.10531,0.0,0.46643243250214556,319.3203194627033,-0.0,23.06936370646588,0.0,296.25095575623743,296.25095575623743,0.0,0.0
7260,2019-10-30 12:00:00,10,2019-10-30 13:00:00,0.10531,0.10531,0.10531,0.0,0.4246401069469538,323.51597313569647,-0.0,27.26501737945904,0.0,296.25095575623743,296.25095575623743,0.0,0.0
7261,2019-10-30 13:00:00,10,2019-10-30 14:00:00,0.10531,0.10531,0.10531,0.0,0.3752469595203976,323.6858034170647,-0.0,27.434847660827245,0.0,296.25095575623743,296.25095575623743,0.0,0.0
7262,2019-10-30 14:00:00,10,2019-10-30 15:00:00,0.10531,0.10531,0.10531,0.0,0.32554614854063807,327.00194687434123,-0.0,30.750991118103798,0.0,296.25095575623743,296.25095575623743,0.0,0.0
7263,2019-10-30 15:00:00,10,2019-10-30 16:00:00,0.10531,0.10531,0.10531,0.0,0.26983783129769645,327.6965209457492,-0.0,31.445565189511797,0.0,296.25095575623743,296.25095575623743,0.0,0.0
7264,2019-10-30 16:00:00,10,2019-10-30 17:00:00,0.13592,0.13592,0.13592,0.0,0.21287122769350839,331.36634332293823,-0.0,35.115387566700804,0.0,296.25095575623743,296.25095575623743,0.0,0.0
7265,2019-10-30 17:00:00,10,2019-10-30 18:00:00,0.13592,0.13592,0.13592,0.0,0.1492563951451374,271.7818339439974,-0.0,0.0,0.0,271.7818339439974,271.7818339439974,0.0,0.0
7266,2019-10-30 18:00:00,10,2019-10-30 19:00:00,0.13592,0.13592,0.13592,0.0,0.1492563951451374,267.9699046956196,-0.0,0.0,0.0,267.9699046956196,267.9699046956196,0.0,0.0
7267,2019-10-30 19:00:00,10,2019-10-30 20:00:00,0.13592,0.13592,0.13592,0.0,0.1492563951451374,233.0025865676306,-0.0,54.789530120115835,0.0,178.21305644751476,178.21305644751476,0.0,0.0
7268,2019-10-30 20:00:00,10,2019-10-30 21:00:00,0.13592,0.13592,0.13592,0.0,0.05,222.3324253939554,-0.0,0.0,0.0,222.3324253939554,222.3324253939554,0.0,0.0
7269,2019-10-30 21:00:00,10,2019-10-30 22:00:00,0.10531,0.10531,0.10531,0.0,0.05,204.1749114562941,-0.0,0.0,0.0,204.1749114562941,204.1749114562941,0.0,0.0
7270,2019-10-30 22:00:00,10,2019-10-30 23:00:00,0.10531,0.10531,0.10531,0.0,0.05,202.91164570447526,-0.0,0.0,0.0,202.91164570447526,202.91164570447526,0.0,0.0
7271,2019-10-30 23:00:00,10,2019-10-31 00:00:00,0.10531,0.10531,0.10531,0.0,0.05,198.87967354967378,-0.0,0.0,0.0,198.87967354967378,198.87967354967378,0.0,0.0
7272,2019-10-31 00:00:00,10,2019-10-31 01:00:00,0.10531,0.10531,0.10531,0.0,0.05,197.90893543290915,-98.34202032332828,0.0,0.0,296.25095575623743,296.25095575623743,0.0,1.0
7273,2019-10-31 01:00:00,10,2019-10-31 02:00:00,0.10531,0.10531,0.10531,0.0,0.2007910978291034,197.27818683142158,-98.97276892481585,0.0,0.0,296.25095575623743,296.25095575623743,0.0,1.0
7274,2019-10-31 02:00:00,10,2019-10-31 03:00:00,0.10531,0.10531,0.10531,0.0,0.35254934351382106,195.40004926698649,-100.85090648925095,0.0,0.0,296.25095575623743,296.25095575623743,0.0,1.0
7275,2019-10-31 03:00:00,10,2019-10-31 04:00:00,0.10531,0.10531,0.10531,0.0,0.5071874001306724,219.25388869574235,-76.99706706049508,0.0,0.0,296.25095575623743,296.25095575623743,0.0,1.0
7276,2019-10-31 04:00:00,10,2019-10-31 05:00:00,0.10531,0.10531,0.10531,0.0,0.6252495696234316,220.26087809502954,-75.99007766120789,0.0,0.0,296.25095575623743,296.25095575623743,0.0,1.0
7277,2019-10-31 05:00:00,10,2019-10-31 06:00:00,0.10531,0.10531,0.10531,0.0,0.7417676887039503,277.4276570372326,-18.82329871900481,0.0,0.0,296.25095575623743,296.25095575623743,0.0,1.0
7278,2019-10-31 06:00:00,10,2019-10-31 07:00:00,0.10531,0.10531,0.10531,0.0,0.7706300800730911,303.95795596750395,-0.0,7.707000211266518,0.0,296.25095575623743,296.25095575623743,0.0,0.0
7279,2019-10-31 07:00:00,10,2019-10-31 08:00:00,0.10531,0.10531,0.10531,0.0,0.7566681231686228,312.6812193876395,-0.0,16.430263631402056,0.0,296.25095575623743,296.25095575623743,0.0,0.0
7280,2019-10-31 08:00:00,10,2019-10-31 09:00:00,0.10531,0.10531,0.10531,0.0,0.7269031528218799,324.04206976453804,-0.0,27.79111400830061,0.0,296.25095575623743,296.25095575623743,0.0,0.0
7281,2019-10-31 09:00:00,10,2019-10-31 10:00:00,0.10531,0.10531,0.10531,0.0,0.6765569317923498,329.4292296455381,-0.0,33.17827388930067,0.0,296.25095575623743,296.25095575623743,0.0,0.0
7282,2019-10-31 10:00:00,10,2019-10-31 11:00:00,0.10531,0.10531,0.10531,0.0,0.6164513631523123,332.6397177542386,-0.0,36.388761998001144,0.0,296.25095575623743,296.25095575623743,0.0,0.0
7283,2019-10-31 11:00:00,10,2019-10-31 12:00:00,0.10531,0.10531,0.10531,0.0,0.5505296928660783,320.80992783974636,-0.0,24.558972083508934,0.0,296.25095575623743,296.25095575623743,0.0,0.0
7284,2019-10-31 12:00:00,10,2019-10-31 13:00:00,0.10531,0.10531,0.10531,0.0,0.5060388014104462,323.40297731863996,-0.0,27.152021562402524,0.0,296.25095575623743,296.25095575623743,0.0,0.0
7285,2019-10-31 13:00:00,10,2019-10-31 14:00:00,0.10531,0.10531,0.10531,0.0,0.45685035655102135,319.0477700332217,-0.0,22.796814276984264,0.0,296.25095575623743,296.25095575623743,0.0,0.0
7286,2019-10-31 14:00:00,10,2019-10-31 15:00:00,0.10531,0.10531,0.10531,0.0,0.41555177996228176,317.31201587892934,-0.0,21.061060122691913,0.0,296.25095575623743,296.25095575623743,0.0,0.0
7287,2019-10-31 15:00:00,10,2019-10-31 16:00:00,0.10531,0.10531,0.10531,0.0,0.3773976855371153,319.54676248044166,-0.0,23.295806724204226,0.0,296.25095575623743,296.25095575623743,0.0,0.0
7288,2019-10-31 16:00:00,10,2019-10-31 17:00:00,0.13592,0.13592,0.13592,0.0,0.33519513712370186,324.61471178437023,-0.0,157.4277156922834,0.0,167.18699609208682,167.18699609208682,0.0,0.0
7289,2019-10-31 17:00:00,10,2019-10-31 18:00:00,0.13592,0.13592,0.13592,0.0,0.05,267.8489470902498,-0.0,0.0,0.0,267.8489470902498,267.8489470902498,0.0,0.0
7290,2019-10-31 18:00:00,10,2019-10-31 19:00:00,0.13592,0.13592,0.13592,0.0,0.05,268.9115646930692,-0.0,0.0,0.0,268.9115646930692,268.9115646930692,0.0,1.0
7291,2019-10-31 19:00:00,10,2019-10-31 20:00:00,0.13592,0.13592,0.13592,0.0,0.05,233.05766012907168,-0.0,0.0,0.0,233.05766012907168,233.05766012907168,0.0,0.0
7292,2019-10-31 20:00:00,10,2019-10-31 21:00:00,0.13592,0.13592,0.13592,0.0,0.05,221.19915208765588,-0.0,0.0,0.0,221.19915208765588,221.19915208765588,0.0,0.0
7293,2019-10-31 21:00:00,10,2019-10-31 22:00:00,0.10531,0.10531,0.10531,0.0,0.05,203.26989484086315,-0.0,0.0,0.0,203.26989484086315,203.26989484086315,0.0,0.0
7294,2019-10-31 22:00:00,10,2019-10-31 23:00:00,0.10531,0.10531,0.10531,0.0,0.05,202.62030963270934,-0.0,0.0,0.0,202.62030963270934,202.62030963270934,0.0,0.0
7295,2019-10-31 23:00:00,10,2019-11-01 00:00:00,0.10531,0.10531,0.10531,0.0,0.05,198.7423932696993,-0.0,0.0,0.0,198.7423932696993,198.7423932696993,0.0,0.0
7296,2019-11-01 00:00:00,11,2019-11-01 01:00:00,0.10531,0.10531,0.10531,0.0,0.05,198.90240279768346,-91.30143903850689,0.0,0.0,290.20384183619035,290.20384183619035,0.0,1.0
7297,2019-11-01 01:00:00,11,2019-11-01 02:00:00,0.10531,0.10531,0.10531,0.0,0.18999553985904388,203.02246735983508,-87.18137447635527,0.0,0.0,290.20384183619035,290.20384183619035,0.0,1.0
7298,2019-11-01 02:00:00,11,2019-11-01 03:00:00,0.10531,0.10531,0.10531,0.0,0.3236736473894553,202.45614240608094,-87.7476994301094,0.0,0.0,290.20384183619035,290.20384183619035,0.0,1.0
7299,2019-11-01 03:00:00,11,2019-11-01 04:00:00,0.10531,0.10531,0.10531,0.0,0.45822011984895633,220.36272715281936,-69.84111468337099,0.0,0.0,290.20384183619035,290.20384183619035,0.0,1.0
7300,2019-11-01 04:00:00,11,2019-11-01 05:00:00,0.10531,0.10531,0.10531,0.0,0.5653098290301253,221.54406974339793,-68.65977209279242,0.0,0.0,290.20384183619035,290.20384183619035,0.0,1.0
7301,2019-11-01 05:00:00,11,2019-11-01 06:00:00,0.10531,0.10531,0.10531,0.0,0.6705881462390737,279.88804432824753,-10.315797507942822,0.0,0.0,290.20384183619035,290.20384183619035,0.0,1.0
7302,2019-11-01 06:00:00,11,2019-11-01 07:00:00,0.10531,0.10531,0.10531,0.0,0.6864057024179194,308.5942820187996,-0.0,18.390440182609268,0.0,290.20384183619035,290.20384183619035,0.0,0.0
7303,2019-11-01 07:00:00,11,2019-11-01 08:00:00,0.10531,0.10531,0.10531,0.0,0.6530896875943519,316.6393191763927,-0.0,26.43547734020234,0.0,290.20384183619035,290.20384183619035,0.0,0.0
7304,2019-11-01 08:00:00,11,2019-11-01 09:00:00,0.10531,0.10531,0.10531,0.0,0.6051993300939855,326.3839645255851,-0.0,36.18012268939475,0.0,290.20384183619035,290.20384183619035,0.0,0.0
7305,2019-11-01 09:00:00,11,2019-11-01 10:00:00,0.10531,0.10531,0.10531,0.0,0.5396556295697196,331.1030535140049,-0.0,40.89921167781455,0.0,290.20384183619035,290.20384183619035,0.0,0.0
7306,2019-11-01 10:00:00,11,2019-11-01 11:00:00,0.10531,0.10531,0.10531,0.0,0.46556285479106996,328.1128225621044,-0.0,37.908980725914034,0.0,290.20384183619035,290.20384183619035,0.0,0.0
7307,2019-11-01 11:00:00,11,2019-11-01 12:00:00,0.10531,0.10531,0.10531,0.0,0.3968871650702111,314.5917495581247,-0.0,24.38790772193437,0.0,290.20384183619035,290.20384183619035,0.0,0.0
7308,2019-11-01 12:00:00,11,2019-11-01 13:00:00,0.10531,0.10531,0.10531,0.0,0.35270617282032984,320.7097205819364,-0.0,30.50587874574603,0.0,290.20384183619035,290.20384183619035,0.0,0.0
7309,2019-11-01 13:00:00,11,2019-11-01 14:00:00,0.10531,0.10531,0.10531,0.0,0.2974418997302102,321.58432203717473,-0.0,31.380480200984366,0.0,290.20384183619035,290.20384183619035,0.0,0.0
7310,2019-11-01 14:00:00,11,2019-11-01 15:00:00,0.10531,0.10531,0.10531,0.0,0.2405932037139341,323.8918711669777,-0.0,33.68802933078733,0.0,290.20384183619035,290.20384183619035,0.0,0.0
7311,2019-11-01 15:00:00,11,2019-11-01 16:00:00,0.10531,0.10531,0.10531,0.0,0.17956416507120346,323.9173975092117,-0.0,33.71355567302133,0.0,290.20384183619035,290.20384183619035,0.0,0.0
7312,2019-11-01 16:00:00,11,2019-11-01 17:00:00,0.13592,0.13592,0.13592,0.0,0.1184888830548605,328.00970528247336,-0.0,37.80586344628299,0.0,290.20384183619035,290.20384183619035,0.0,0.0
7313,2019-11-01 17:00:00,11,2019-11-01 18:00:00,0.13592,0.13592,0.13592,0.0,0.05,264.5880167985873,-0.0,0.0,0.0,264.5880167985873,264.5880167985873,0.0,1.0
7314,2019-11-01 18:00:00,11,2019-11-01 19:00:00,0.13592,0.13592,0.13592,0.0,0.05,264.7103902524744,-0.0,0.0,0.0,264.7103902524744,264.7103902524744,0.0,0.0
7315,2019-11-01 19:00:00,11,2019-11-01 20:00:00,0.13592,0.13592,0.13592,0.0,0.05,233.8426877941157,-0.0,0.0,0.0,233.8426877941157,233.8426877941157,0.0,0.0
7316,2019-11-01 20:00:00,11,2019-11-01 21:00:00,0.13592,0.13592,0.13592,0.0,0.05,226.429649181303,-0.0,0.0,0.0,226.429649181303,226.429649181303,0.0,0.0
7317,2019-11-01 21:00:00,11,2019-11-01 22:00:00,0.10531,0.10531,0.10531,0.0,0.05,209.49421442795332,-49.404747724313715,0.0,0.0,258.898962152267,258.898962152267,0.0,1.0
7318,2019-11-01 22:00:00,11,2019-11-01 23:00:00,0.10531,0.10531,0.10531,0.0,0.12575394651061436,208.3875895986033,-0.0,0.0,0.0,208.3875895986033,208.3875895986033,0.0,0.0
7319,2019-11-01 23:00:00,11,2019-11-02 00:00:00,0.10531,0.10531,0.10531,0.0,0.12575394651061436,204.88663638116563,-0.0,0.0,0.0,204.88663638116563,204.88663638116563,0.0,0.0
7320,2019-11-02 00:00:00,11,2019-11-02 01:00:00,0.10531,0.10531,0.10531,0.0,0.12575394651061436,205.9987764817337,-84.20506535445665,0.0,0.0,290.20384183619035,290.20384183619035,0.0,1.0
7321,2019-11-02 01:00:00,11,2019-11-02 02:00:00,0.10531,0.10531,0.10531,0.0,0.25486838005411455,206.25503277838442,-83.94880905780593,0.0,0.0,290.20384183619035,290.20384183619035,0.0,1.0
7322,2019-11-02 02:00:00,11,2019-11-02 03:00:00,0.10531,0.10531,0.10531,0.0,0.3835898872760837,205.94913832717378,-84.25470350901657,0.0,0.0,290.20384183619035,290.20384183619035,0.0,1.0
7323,2019-11-02 03:00:00,11,2019-11-02 04:00:00,0.10531,0.10531,0.10531,0.0,0.5127804326565757,228.5915755887801,-61.61226624741025,0.0,0.0,290.20384183619035,290.20384183619035,0.0,1.0
7324,2019-11-02 04:00:00,11,2019-11-02 05:00:00,0.10531,0.10531,0.10531,0.0,0.6072525742359381,229.41604039885704,-60.787801437333314,0.0,0.0,290.20384183619035,290.20384183619035,0.0,1.0
7325,2019-11-02 05:00:00,11,2019-11-02 06:00:00,0.10531,0.10531,0.10531,0.0,0.7004605364398492,286.338474056127,-3.865367780063366,0.0,0.0,290.20384183619035,290.20384183619035,0.0,1.0
7326,2019-11-02 06:00:00,11,2019-11-02 07:00:00,0.10531,0.10531,0.10531,0.0,0.706387433702613,315.4546490927055,-0.0,25.250807256515145,0.0,290.20384183619035,290.20384183619035,0.0,0.0
7327,2019-11-02 07:00:00,11,2019-11-02 08:00:00,0.10531,0.10531,0.10531,0.0,0.6606432176582016,324.89698074147935,-0.0,34.693138905289004,0.0,290.20384183619035,290.20384183619035,0.0,0.0
7328,2019-11-02 08:00:00,11,2019-11-02 09:00:00,0.10531,0.10531,0.10531,0.0,0.5977933283370258,329.14090598713506,-0.0,38.93706415094471,0.0,290.20384183619035,290.20384183619035,0.0,0.0
7329,2019-11-02 09:00:00,11,2019-11-02 10:00:00,0.10531,0.10531,0.10531,0.0,0.5272551686432854,324.3341542242216,-0.0,34.13031238803126,0.0,290.20384183619035,290.20384183619035,0.0,0.0
7330,2019-11-02 10:00:00,11,2019-11-02 11:00:00,0.10531,0.10531,0.10531,0.0,0.4654248925780114,321.15363098296984,-0.0,30.949789146779494,0.0,290.20384183619035,290.20384183619035,0.0,0.0
7331,2019-11-02 11:00:00,11,2019-11-02 12:00:00,0.10531,0.10531,0.10531,0.0,0.4093564339787732,310.4263614990485,-0.0,20.222519662858133,0.0,290.20384183619035,290.20384183619035,0.0,0.0
7332,2019-11-02 12:00:00,11,2019-11-02 13:00:00,0.10531,0.10531,0.10531,0.0,0.37272143458953744,317.66591313097496,-0.0,27.462071294784607,0.0,290.20384183619035,290.20384183619035,0.0,0.0
7333,2019-11-02 13:00:00,11,2019-11-02 14:00:00,0.10531,0.10531,0.10531,0.0,0.32297130543231894,317.5115574128872,-0.0,27.307715576696864,0.0,290.20384183619035,290.20384183619035,0.0,0.0
7334,2019-11-02 14:00:00,11,2019-11-02 15:00:00,0.10531,0.10531,0.10531,0.0,0.27350080619917244,319.56282271636377,-0.0,29.35898088017342,0.0,290.20384183619035,290.20384183619035,0.0,0.0
7335,2019-11-02 15:00:00,11,2019-11-02 16:00:00,0.10531,0.10531,0.10531,0.0,0.2203142466336409,321.5465104970563,-0.0,31.342668660865968,0.0,290.20384183619035,290.20384183619035,0.0,0.0
7336,2019-11-02 16:00:00,11,2019-11-02 17:00:00,0.13592,0.13592,0.13592,0.0,0.16353404978424607,325.6757700349752,-0.0,62.67079548090383,0.0,263.0049745540714,263.0049745540714,0.0,0.0
7337,2019-11-02 17:00:00,11,2019-11-02 18:00:00,0.13592,0.13592,0.13592,0.0,0.05,269.33534031034213,-0.0,0.0,0.0,269.33534031034213,269.33534031034213,0.0,1.0
7338,2019-11-02 18:00:00,11,2019-11-02 19:00:00,0.13592,0.13592,0.13592,0.0,0.05,268.5667304641209,-0.0,0.0,0.0,268.5667304641209,268.5667304641209,0.0,1.0
7339,2019-11-02 19:00:00,11,2019-11-02 20:00:00,0.13592,0.13592,0.13592,0.0,0.05,232.48450209717137,-0.0,0.0,0.0,232.48450209717137,232.48450209717137,0.0,0.0
7340,2019-11-02 20:00:00,11,2019-11-02 21:00:00,0.13592,0.13592,0.13592,0.0,0.05,221.7133082406747,-0.0,0.0,0.0,221.7133082406747,221.7133082406747,0.0,0.0
7341,2019-11-02 21:00:00,11,2019-11-02 22:00:00,0.10531,0.10531,0.10531,0.0,0.05,204.05834995593148,-0.0,0.0,0.0,204.05834995593148,204.05834995593148,0.0,0.0
7342,2019-11-02 22:00:00,11,2019-11-02 23:00:00,0.10531,0.10531,0.10531,0.0,0.05,202.61984701778078,-0.0,0.0,0.0,202.61984701778078,202.61984701778078,0.0,0.0
7343,2019-11-02 23:00:00,11,2019-11-03 00:00:00,0.10531,0.10531,0.10531,0.0,0.05,198.21442432757027,-0.0,0.0,0.0,198.21442432757027,198.21442432757027,0.0,0.0
7344,2019-11-03 00:00:00,11,2019-11-03 01:00:00,0.10531,0.10531,0.10531,0.0,0.05,198.4350758696903,-91.76876596650004,0.0,0.0,290.20384183619035,290.20384183619035,0.0,1.0
7345,2019-11-03 01:00:00,11,2019-11-03 02:00:00,0.10531,0.10531,0.10531,0.0,0.19071210781530007,198.75891272549566,-91.44492911069469,0.0,0.0,290.20384183619035,290.20384183619035,0.0,1.0
7346,2019-11-03 02:00:00,11,2019-11-03 03:00:00,0.10531,0.10531,0.10531,0.0,0.3309276657850319,198.3787806399002,-91.82506119629014,0.0,0.0,290.20384183619035,290.20384183619035,0.0,1.0
7347,2019-11-03 03:00:00,11,2019-11-03 04:00:00,0.10531,0.10531,0.10531,0.0,0.47172609295267687,219.44353981800475,-70.7603020181856,0.0,0.0,290.20384183619035,290.20384183619035,0.0,1.0
7348,2019-11-03 04:00:00,11,2019-11-03 05:00:00,0.10531,0.10531,0.10531,0.0,0.5802252227138948,218.73857380139412,-71.46526803479622,0.0,0.0,290.20384183619035,290.20384183619035,0.0,1.0
7349,2019-11-03 05:00:00,11,2019-11-03 06:00:00,0.10531,0.10531,0.10531,0.0,0.689805300367249,276.849108012408,-13.35473382378234,0.0,0.0,290.20384183619035,290.20384183619035,0.0,1.0
7350,2019-11-03 06:00:00,11,2019-11-03 07:00:00,0.10531,0.10531,0.10531,0.0,0.7102825588970486,307.9949316640449,-0.0,17.791089827854535,0.0,290.20384183619035,290.20384183619035,0.0,0.0
7351,2019-11-03 07:00:00,11,2019-11-03 08:00:00,0.10531,0.10531,0.10531,0.0,0.6780523237016599,316.2288973030475,-0.0,26.025055466857168,0.0,290.20384183619035,290.20384183619035,0.0,0.0
7352,2019-11-03 08:00:00,11,2019-11-03 09:00:00,0.10531,0.10531,0.10531,0.0,0.6309054840877882,327.19048879159834,-0.0,36.98664695540799,0.0,290.20384183619035,290.20384183619035,0.0,0.0
7353,2019-11-03 09:00:00,11,2019-11-03 10:00:00,0.10531,0.10531,0.10531,0.0,0.5639006888787157,331.8020666837175,-0.0,41.59822484752715,0.0,290.20384183619035,290.20384183619035,0.0,0.0
7354,2019-11-03 10:00:00,11,2019-11-03 11:00:00,0.10531,0.10531,0.10531,0.0,0.48854158589406516,332.9187024141287,-0.0,42.71486057793834,0.0,290.20384183619035,290.20384183619035,0.0,0.0
7355,2019-11-03 11:00:00,11,2019-11-03 12:00:00,0.10531,0.10531,0.10531,0.0,0.4111595920934522,317.74741170380577,-0.0,27.543569867615417,0.0,290.20384183619035,290.20384183619035,0.0,0.0
7356,2019-11-03 12:00:00,11,2019-11-03 13:00:00,0.10531,0.10531,0.10531,0.0,0.3612618205941489,322.66769273486597,-0.0,32.46385089867562,0.0,290.20384183619035,290.20384183619035,0.0,0.0
7357,2019-11-03 13:00:00,11,2019-11-03 14:00:00,0.10531,0.10531,0.10531,0.0,0.30245049650234523,320.30815481610745,-0.0,30.104312979917097,0.0,290.20384183619035,290.20384183619035,0.0,0.0
7358,2019-11-03 14:00:00,11,2019-11-03 15:00:00,0.10531,0.10531,0.10531,0.0,0.24791369762568385,321.0389612937671,-0.0,30.835119457576752,0.0,290.20384183619035,290.20384183619035,0.0,0.0
7359,2019-11-03 15:00:00,11,2019-11-03 16:00:00,0.10531,0.10531,0.10531,0.0,0.19205297397065352,324.12445510083535,-0.0,33.920613264645,0.0,290.20384183619035,290.20384183619035,0.0,0.0
7360,2019-11-03 16:00:00,11,2019-11-03 17:00:00,0.13592,0.13592,0.13592,0.0,0.13060258762165897,325.9265325909895,-0.0,44.492628367155774,0.0,281.43390422383374,281.43390422383374,0.0,0.0
7361,2019-11-03 17:00:00,11,2019-11-03 18:00:00,0.13592,0.13592,0.13592,0.0,0.04999999999999994,268.25817228422346,-0.0,0.0,0.0,268.25817228422346,268.25817228422346,0.0,1.0
7362,2019-11-03 18:00:00,11,2019-11-03 19:00:00,0.13592,0.13592,0.13592,0.0,0.05,267.53108508145567,-0.0,0.0,0.0,267.53108508145567,267.53108508145567,0.0,1.0
7363,2019-11-03 19:00:00,11,2019-11-03 20:00:00,0.13592,0.13592,0.13592,0.0,0.05,233.22585102548058,-0.0,0.0,0.0,233.22585102548058,233.22585102548058,0.0,0.0
7364,2019-11-03 20:00:00,11,2019-11-03 21:00:00,0.13592,0.13592,0.13592,0.0,0.05,222.87265363206936,-0.0,0.0,0.0,222.87265363206936,222.87265363206936,0.0,0.0
7365,2019-11-03 21:00:00,11,2019-11-03 22:00:00,0.10531,0.10531,0.10531,0.0,0.05,205.55551416709423,-0.0,0.0,0.0,205.55551416709423,205.55551416709423,0.0,0.0
7366,2019-11-03 22:00:00,11,2019-11-03 23:00:00,0.10531,0.10531,0.10531,0.0,0.05,204.55461370719487,-0.0,0.0,0.0,204.55461370719487,204.55461370719487,0.0,0.0
7367,2019-11-03 23:00:00,11,2019-11-04 00:00:00,0.10531,0.10531,0.10531,0.0,0.05,199.94705984856716,-0.0,0.0,0.0,199.94705984856716,199.94705984856716,0.0,0.0
7368,2019-11-04 00:00:00,11,2019-11-04 01:00:00,0.10531,0.10531,0.10531,0.0,0.05,199.51687796755886,-90.56264840521354,0.0,0.0,290.0795263727724,290.0795263727724,0.0,1.0
7369,2019-11-04 01:00:00,11,2019-11-04 02:00:00,0.10531,0.10531,0.10531,0.0,0.18886272755466077,198.8913948221664,-91.18813155060599,0.0,0.0,290.0795263727724,290.0795263727724,0.0,1.0
7370,2019-11-04 02:00:00,11,2019-11-04 03:00:00,0.10531,0.10531,0.10531,0.0,0.32868452926558994,198.40608649182303,-0.0,0.0,0.0,198.40608649182303,198.40608649182303,0.0,0.0
7371,2019-11-04 03:00:00,11,2019-11-04 04:00:00,0.10531,0.10531,0.10531,0.0,0.32868452926558994,200.05738512948463,-90.02214124328776,0.0,0.0,290.0795263727724,290.0795263727724,0.0,1.0
7372,2019-11-04 04:00:00,11,2019-11-04 05:00:00,0.10531,0.10531,0.10531,0.0,0.4667184791719645,200.02407500012708,-90.05545137264531,0.0,0.0,290.0795263727724,290.0795263727724,0.0,1.0
7373,2019-11-04 05:00:00,11,2019-11-04 06:00:00,0.10531,0.10531,0.10531,0.0,0.6048035046100206,217.94270258331335,-72.13682378945904,0.0,0.0,290.0795263727724,290.0795263727724,0.0,1.0
7374,2019-11-04 06:00:00,11,2019-11-04 07:00:00,0.10531,0.10531,0.10531,0.0,0.7154133010871911,246.6148209223538,-0.0,0.0,0.0,246.6148209223538,246.6148209223538,0.0,0.0
7375,2019-11-04 07:00:00,11,2019-11-04 08:00:00,0.10531,0.10531,0.10531,0.0,0.7154133010871911,247.99064706689805,-42.088879305874336,0.0,0.0,290.07952637277236,290.07952637277236,0.0,1.0
7376,2019-11-04 08:00:00,11,2019-11-04 09:00:00,0.10531,0.10531,0.10531,0.0,0.7799495826895317,277.98288446415563,-12.096641908616755,0.0,0.0,290.07952637277236,290.07952637277236,0.0,1.0
7377,2019-11-04 09:00:00,11,2019-11-04 10:00:00,0.10531,0.10531,0.10531,0.0,0.7984977669494109,283.15975702803524,-6.919769344737141,0.0,0.0,290.07952637277236,290.07952637277236,0.0,1.0
7378,2019-11-04 10:00:00,11,2019-11-04 11:00:00,0.10531,0.10531,0.10531,0.0,0.8091080799446744,285.2150528570048,-0.0,0.0,0.0,285.2150528570048,285.2150528570048,0.0,0.0
7379,2019-11-04 11:00:00,11,2019-11-04 12:00:00,0.10531,0.10531,0.10531,0.0,0.8091080799446744,276.2176640230012,-0.0,0.0,0.0,276.2176640230012,276.2176640230012,0.0,0.0
7380,2019-11-04 12:00:00,11,2019-11-04 13:00:00,0.10531,0.10531,0.10531,0.0,0.8091080799446744,271.7584042482888,-18.321122124483594,0.0,0.0,290.0795263727724,290.0795263727724,0.0,1.0
7381,2019-11-04 13:00:00,11,2019-11-04 14:00:00,0.10531,0.10531,0.10531,0.0,0.8372004672022159,269.0043363696001,-21.07519000317231,0.0,0.0,290.0795263727724,290.0795263727724,0.0,1.0
7382,2019-11-04 14:00:00,11,2019-11-04 15:00:00,0.10531,0.10531,0.10531,0.0,0.8695157585404134,246.82427241087188,-43.25525396190051,0.0,0.0,290.0795263727724,290.0795263727724,0.0,1.0
7383,2019-11-04 15:00:00,11,2019-11-04 16:00:00,0.10531,0.10531,0.10531,0.0,0.9358404812819942,248.23636199146424,-41.843164381308156,0.0,0.0,290.0795263727724,290.0795263727724,0.0,1.0
7384,2019-11-04 16:00:00,11,2019-11-04 17:00:00,0.13592,0.13592,0.13592,0.0,1.0,237.7817294895621,-0.0,237.7817294895621,0.0,0.0,0.0,0.0,0.0
7385,2019-11-04 17:00:00,11,2019-11-04 18:00:00,0.13592,0.13592,0.13592,0.0,0.569235997301518,233.33745376654736,-0.0,233.33745376654736,0.0,0.0,0.0,0.0,0.0
7386,2019-11-04 18:00:00,11,2019-11-04 19:00:00,0.13592,0.13592,0.13592,0.0,0.1465232187389322,232.48765456186808,-0.0,0.0,0.0,232.48765456186808,232.48765456186808,0.0,0.0
7387,2019-11-04 19:00:00,11,2019-11-04 20:00:00,0.13592,0.13592,0.13592,0.0,0.1465232187389322,210.31415153526663,-0.0,0.0,0.0,210.31415153526663,210.31415153526663,0.0,0.0
7388,2019-11-04 20:00:00,11,2019-11-04 21:00:00,0.13592,0.13592,0.13592,0.0,0.1465232187389322,211.20893636574544,-0.0,53.280816743890576,0.0,157.92811962185488,157.92811962185488,0.0,0.0
7389,2019-11-04 21:00:00,11,2019-11-04 22:00:00,0.10531,0.10531,0.10531,0.0,0.05,206.4773849340766,-0.0,0.0,0.0,206.4773849340766,206.4773849340766,0.0,0.0
7390,2019-11-04 22:00:00,11,2019-11-04 23:00:00,0.10531,0.10531,0.10531,0.0,0.05,205.53530293541635,-0.0,0.0,0.0,205.53530293541635,205.53530293541635,0.0,0.0
7391,2019-11-04 23:00:00,11,2019-11-05 00:00:00,0.10531,0.10531,0.10531,0.0,0.05,201.3969783924647,-0.0,0.0,0.0,201.3969783924647,201.3969783924647,0.0,0.0
7392,2019-11-05 00:00:00,11,2019-11-05 01:00:00,0.10531,0.10531,0.10531,0.0,0.05,197.3680741887063,-0.0,0.0,0.0,197.3680741887063,197.3680741887063,0.0,0.0
7393,2019-11-05 01:00:00,11,2019-11-05 02:00:00,0.10531,0.10531,0.10531,0.0,0.05,196.2563712053464,-0.0,0.0,0.0,196.2563712053464,196.2563712053464,0.0,0.0
7394,2019-11-05 02:00:00,11,2019-11-05 03:00:00,0.10531,0.10531,0.10531,0.0,0.05,195.9666570860529,-0.0,0.0,0.0,195.9666570860529,195.9666570860529,0.0,0.0
7395,2019-11-05 03:00:00,11,2019-11-05 04:00:00,0.10531,0.10531,0.10531,0.0,0.05,199.58957874551476,-0.0,0.0,0.0,199.58957874551476,199.58957874551476,0.0,0.0
7396,2019-11-05 04:00:00,11,2019-11-05 05:00:00,0.10531,0.10531,0.10531,0.0,0.05,200.70878656604543,-86.43876941906159,0.0,0.0,287.14755598510703,287.14755598510703,0.0,1.0
7397,2019-11-05 05:00:00,11,2019-11-05 06:00:00,0.10531,0.10531,0.10531,0.0,0.18253944644256112,219.43719695886395,-0.0,0.0,0.0,219.43719695886395,219.43719695886395,0.0,0.0
7398,2019-11-05 06:00:00,11,2019-11-05 07:00:00,0.10531,0.10531,0.10531,0.0,0.18253944644256112,219.43949395808664,-67.70806202702038,0.0,0.0,287.14755598510703,287.14755598510703,0.0,1.0
7399,2019-11-05 07:00:00,11,2019-11-05 08:00:00,0.10531,0.10531,0.10531,0.0,0.28635847488399235,237.9646725941894,-49.18288339091761,0.0,0.0,287.14755598510703,287.14755598510703,0.0,1.0
7400,2019-11-05 08:00:00,11,2019-11-05 09:00:00,0.10531,0.10531,0.10531,0.0,0.3617722294167326,236.95480270882246,-50.19275327628456,0.0,0.0,287.14755598510703,287.14755598510703,0.0,1.0
7401,2019-11-05 09:00:00,11,2019-11-05 10:00:00,0.10531,0.10531,0.10531,0.0,0.4387344511070357,239.110421849303,-48.03713413580401,0.0,0.0,287.14755598510703,287.14755598510703,0.0,1.0
7402,2019-11-05 10:00:00,11,2019-11-05 11:00:00,0.10531,0.10531,0.10531,0.0,0.5123913901152685,239.83330764150455,-47.31424834360247,0.0,0.0,287.14755598510703,287.14755598510703,0.0,1.0
7403,2019-11-05 11:00:00,11,2019-11-05 12:00:00,0.10531,0.10531,0.10531,0.0,0.5849399042421256,240.0975912851769,-47.04996469993013,0.0,0.0,287.14755598510703,287.14755598510703,0.0,1.0
7404,2019-11-05 12:00:00,11,2019-11-05 13:00:00,0.10531,0.10531,0.10531,0.0,0.6570831834486851,236.13873739671106,-54.065104439479285,0.0,0.0,290.20384183619035,290.20384183619035,0.0,1.0
7405,2019-11-05 13:00:00,11,2019-11-05 14:00:00,0.10531,0.10531,0.10531,0.0,0.7399830102558866,233.90406679947424,-56.29977503671611,0.0,0.0,290.20384183619035,290.20384183619035,0.0,1.0
7406,2019-11-05 14:00:00,11,2019-11-05 15:00:00,0.10531,0.10531,0.10531,0.0,0.8263093319788514,229.78479813111718,-48.19390030073985,0.0,0.0,277.978698431857,277.978698431857,0.0,1.0
7407,2019-11-05 15:00:00,11,2019-11-05 16:00:00,0.10531,0.10531,0.10531,0.0,0.9002066457733192,225.121219514442,-65.08262232174835,0.0,0.0,290.20384183619035,290.20384183619035,0.0,1.0
7408,2019-11-05 16:00:00,11,2019-11-05 17:00:00,0.13592,0.13592,0.13592,0.0,1.0,219.11915445920715,-0.0,219.11915445920715,0.0,0.0,0.0,0.0,0.0
7409,2019-11-05 17:00:00,11,2019-11-05 18:00:00,0.13592,0.13592,0.13592,0.0,0.6030450100376682,217.2789558121422,-0.0,217.2789558121422,0.0,0.0,0.0,0.0,0.0
7410,2019-11-05 18:00:00,11,2019-11-05 19:00:00,0.13592,0.13592,0.13592,0.0,0.2094237132765411,216.9997986371405,-0.0,88.0018897286507,0.0,128.9979089084898,128.9979089084898,0.0,0.0
7411,2019-11-05 19:00:00,11,2019-11-05 20:00:00,0.13592,0.13592,0.13592,0.0,0.05,208.78487098303052,-0.0,0.0,0.0,208.78487098303052,208.78487098303052,0.0,0.0
7412,2019-11-05 20:00:00,11,2019-11-05 21:00:00,0.13592,0.13592,0.13592,0.0,0.05,206.98576981188737,-0.0,0.0,0.0,206.98576981188737,206.98576981188737,0.0,0.0
7413,2019-11-05 21:00:00,11,2019-11-05 22:00:00,0.10531,0.10531,0.10531,0.0,0.05,203.54146774492864,-0.0,0.0,0.0,203.54146774492864,203.54146774492864,0.0,0.0
7414,2019-11-05 22:00:00,11,2019-11-05 23:00:00,0.10531,0.10531,0.10531,0.0,0.05,203.44222658179768,-86.76161525439267,0.0,0.0,290.20384183619035,290.20384183619035,0.0,1.0
7415,2019-11-05 23:00:00,11,2019-11-06 00:00:00,0.10531,0.10531,0.10531,0.0,0.1830344767234021,198.7314544729079,-0.0,0.0,0.0,198.7314544729079,198.7314544729079,0.0,0.0
7416,2019-11-06 00:00:00,11,2019-11-06 01:00:00,0.10531,0.10531,0.10531,0.0,0.1830344767234021,199.58734825436892,-90.61649358182143,0.0,0.0,290.20384183619035,290.20384183619035,0.0,1.0
7417,2019-11-06 01:00:00,11,2019-11-06 02:00:00,0.10531,0.10531,0.10531,0.0,0.32197976688219493,197.9935248796211,-92.21031695656924,0.0,0.0,290.20384183619035,290.20384183619035,0.0,1.0
7418,2019-11-06 02:00:00,11,2019-11-06 03:00:00,0.10531,0.10531,0.10531,0.0,0.46336891954893444,197.22598774741476,-92.97785408877559,0.0,0.0,290.20384183619035,290.20384183619035,0.0,1.0
7419,2019-11-06 03:00:00,11,2019-11-06 04:00:00,0.10531,0.10531,0.10531,0.0,0.6059349624850571,196.98353798012494,-93.22030385606541,0.0,0.0,290.20384183619035,290.20384183619035,0.0,1.0
7420,2019-11-06 04:00:00,11,2019-11-06 05:00:00,0.10531,0.10531,0.10531,0.0,0.748872761731024,219.0606419364288,-71.14319989976156,0.0,0.0,290.20384183619035,290.20384183619035,0.0,1.0
7421,2019-11-06 05:00:00,11,2019-11-06 06:00:00,0.10531,0.10531,0.10531,0.0,0.8579590015773251,220.40726022191907,-69.79658161427128,0.0,0.0,290.20384183619035,290.20384183619035,0.0,1.0
7422,2019-11-06 06:00:00,11,2019-11-06 07:00:00,0.10531,0.10531,0.10531,0.0,0.9649804267192078,274.08181733578397,-16.122024500406383,0.0,0.0,290.20384183619035,290.20384183619035,0.0,1.0
7423,2019-11-06 07:00:00,11,2019-11-06 08:00:00,0.10531,0.10531,0.10531,0.0,0.9897008642864976,302.71720975555786,-0.0,12.51336791936751,0.0,290.20384183619035,290.20384183619035,0.0,0.0
7424,2019-11-06 08:00:00,11,2019-11-06 09:00:00,0.10531,0.10531,0.10531,0.0,0.9670317195050347,316.98669802711544,-0.0,26.782856190925088,0.0,290.20384183619035,290.20384183619035,0.0,0.0
7425,2019-11-06 09:00:00,11,2019-11-06 10:00:00,0.10531,0.10531,0.10531,0.0,0.9185120524924894,328.5574622425324,-0.0,38.35362040634203,0.0,290.20384183619035,290.20384183619035,0.0,0.0
7426,2019-11-06 10:00:00,11,2019-11-06 11:00:00,0.10531,0.10531,0.10531,0.0,0.8490308561041886,327.09521906186654,-0.0,36.891377225676194,0.0,290.20384183619035,290.20384183619035,0.0,0.0
7427,2019-11-06 11:00:00,11,2019-11-06 12:00:00,0.10531,0.10531,0.10531,0.0,0.7821986509852099,326.8125967798134,-0.0,36.60875494362307,0.0,290.20384183619035,290.20384183619035,0.0,0.0
7428,2019-11-06 12:00:00,11,2019-11-06 13:00:00,0.10531,0.10531,0.10531,0.0,0.7158784427540087,315.685375408756,-0.0,25.48153357256564,0.0,290.20384183619035,290.20384183619035,0.0,0.0
7429,2019-11-06 13:00:00,11,2019-11-06 14:00:00,0.10531,0.10531,0.10531,0.0,0.6697162442529839,320.48258994692407,-0.0,30.278748110733716,0.0,290.20384183619035,290.20384183619035,0.0,0.0
7430,2019-11-06 14:00:00,11,2019-11-06 15:00:00,0.10531,0.10531,0.10531,0.0,0.6148634397045534,322.2613011607941,-0.0,32.05745932460377,0.0,290.20384183619035,290.20384183619035,0.0,0.0
7431,2019-11-06 15:00:00,11,2019-11-06 16:00:00,0.10531,0.10531,0.10531,0.0,0.5567883322324451,320.79546762781973,-0.0,30.591625791629383,0.0,290.20384183619035,290.20384183619035,0.0,0.0
7432,2019-11-06 16:00:00,11,2019-11-06 17:00:00,0.13592,0.13592,0.13592,0.0,0.5013687202910876,324.0532291275074,-0.0,33.84938729131704,0.0,290.20384183619035,290.20384183619035,0.0,0.0
7433,2019-11-06 17:00:00,11,2019-11-06 18:00:00,0.13592,0.13592,0.13592,0.0,0.4400473665024697,335.8370528160652,-0.0,45.63321097987483,0.0,290.20384183619035,290.20384183619035,0.0,0.0
7434,2019-11-06 18:00:00,11,2019-11-06 19:00:00,0.13592,0.13592,0.13592,0.0,0.357378506031682,269.171833956797,-0.0,169.67293532948847,0.0,99.49889862730853,99.49889862730853,0.0,0.0
7435,2019-11-06 19:00:00,11,2019-11-06 20:00:00,0.13592,0.13592,0.13592,0.0,0.05,265.78041324378916,-0.0,0.0,0.0,265.78041324378916,265.78041324378916,0.0,0.0
7436,2019-11-06 20:00:00,11,2019-11-06 21:00:00,0.13592,0.13592,0.13592,0.0,0.05,230.7872467116763,-0.0,0.0,0.0,230.7872467116763,230.7872467116763,0.0,0.0
7437,2019-11-06 21:00:00,11,2019-11-06 22:00:00,0.10531,0.10531,0.10531,0.0,0.05,219.81185288636894,-0.0,0.0,0.0,219.81185288636894,219.81185288636894,0.0,0.0
7438,2019-11-06 22:00:00,11,2019-11-06 23:00:00,0.10531,0.10531,0.10531,0.0,0.05,202.78822044957533,-0.0,0.0,0.0,202.78822044957533,202.78822044957533,0.0,0.0
7439,2019-11-06 23:00:00,11,2019-11-07 00:00:00,0.10531,0.10531,0.10531,0.0,0.05,203.1441431339464,-0.0,0.0,0.0,203.1441431339464,203.1441431339464,0.0,0.0
7440,2019-11-07 00:00:00,11,2019-11-07 01:00:00,0.10531,0.10531,0.10531,0.0,0.05,198.169683239189,-92.03415859700135,0.0,0.0,290.20384183619035,290.20384183619035,0.0,1.0
7441,2019-11-07 01:00:00,11,2019-11-07 02:00:00,0.10531,0.10531,0.10531,0.0,0.19111904318206874,197.19733506910597,-93.00650676708437,0.0,0.0,290.20384183619035,290.20384183619035,0.0,1.0
7442,2019-11-07 02:00:00,11,2019-11-07 03:00:00,0.10531,0.10531,0.10531,0.0,0.33372902022493145,197.42673126559507,-92.77711057059528,0.0,0.0,290.20384183619035,290.20384183619035,0.0,1.0
7443,2019-11-07 03:00:00,11,2019-11-07 04:00:00,0.10531,0.10531,0.10531,0.0,0.4759872564331776,195.14463826346577,-95.05920357272458,0.0,0.0,290.20384183619035,290.20384183619035,0.0,1.0
7444,2019-11-07 04:00:00,11,2019-11-07 05:00:00,0.10531,0.10531,0.10531,0.0,0.6217447019113552,217.28817841636774,-72.91566341982261,0.0,0.0,290.20384183619035,290.20384183619035,0.0,1.0
7445,2019-11-07 05:00:00,11,2019-11-07 06:00:00,0.10531,0.10531,0.10531,0.0,0.7335487191550832,219.575841602275,-70.62800023391534,0.0,0.0,290.20384183619035,290.20384183619035,0.0,1.0
7446,2019-11-07 06:00:00,11,2019-11-07 07:00:00,0.10531,0.10531,0.10531,0.0,0.8418449861804201,277.64170125208756,-12.562140584102792,0.0,0.0,290.20384183619035,290.20384183619035,0.0,1.0
7447,2019-11-07 07:00:00,11,2019-11-07 08:00:00,0.10531,0.10531,0.10531,0.0,0.8611069350760442,306.5753457667195,-0.0,16.371503930529173,0.0,290.20384183619035,290.20384183619035,0.0,0.0
7448,2019-11-07 08:00:00,11,2019-11-07 09:00:00,0.10531,0.10531,0.10531,0.0,0.8314484134627669,317.6174481203959,-0.0,27.41360628420557,0.0,290.20384183619035,290.20384183619035,0.0,0.0
7449,2019-11-07 09:00:00,11,2019-11-07 10:00:00,0.10531,0.10531,0.10531,0.0,0.7817860832377568,327.1021784859542,-0.0,36.89833664976385,0.0,290.20384183619035,290.20384183619035,0.0,0.0
7450,2019-11-07 10:00:00,11,2019-11-07 11:00:00,0.10531,0.10531,0.10531,0.0,0.7149412704664454,331.48337244547594,-0.0,41.27953060928559,0.0,290.20384183619035,290.20384183619035,0.0,0.0
7451,2019-11-07 11:00:00,11,2019-11-07 12:00:00,0.10531,0.10531,0.10531,0.0,0.6401595121162904,332.29672428219214,-0.0,42.092882446001795,0.0,290.20384183619035,290.20384183619035,0.0,0.0
7452,2019-11-07 12:00:00,11,2019-11-07 13:00:00,0.10531,0.10531,0.10531,0.0,0.5639042902938235,321.9236882529457,-0.0,31.71984641675533,0.0,290.20384183619035,290.20384183619035,0.0,0.0
7453,2019-11-07 13:00:00,11,2019-11-07 14:00:00,0.10531,0.10531,0.10531,0.0,0.5064408004083971,330.7584514467515,-0.0,40.55460961056116,0.0,290.20384183619035,290.20384183619035,0.0,0.0
7454,2019-11-07 14:00:00,11,2019-11-07 15:00:00,0.10531,0.10531,0.10531,0.0,0.4329723047370908,330.32719767868673,-0.0,40.12335584249638,0.0,290.20384183619035,290.20384183619035,0.0,0.0
7455,2019-11-07 15:00:00,11,2019-11-07 16:00:00,0.10531,0.10531,0.10531,0.0,0.36028506589198867,331.0365415034072,-0.0,40.83269966721684,0.0,290.20384183619035,290.20384183619035,0.0,0.0
7456,2019-11-07 16:00:00,11,2019-11-07 17:00:00,0.13592,0.13592,0.13592,0.0,0.28631278388616105,332.91105203225675,-0.0,83.09017157462692,0.0,249.8208804576298,249.8208804576298,0.0,0.0
7457,2019-11-07 17:00:00,11,2019-11-07 18:00:00,0.13592,0.13592,0.13592,0.0,0.135787110743721,337.55832696672434,-0.0,47.35448513053399,0.0,290.20384183619035,290.20384183619035,0.0,0.0
7458,2019-11-07 18:00:00,11,2019-11-07 19:00:00,0.13592,0.13592,0.13592,0.0,0.05,271.6115375571313,-0.0,0.0,0.0,271.6115375571313,271.6115375571313,0.0,1.0
7459,2019-11-07 19:00:00,11,2019-11-07 20:00:00,0.13592,0.13592,0.13592,0.0,0.05,270.00385137359325,-0.0,0.0,0.0,270.00385137359325,270.00385137359325,0.0,1.0
7460,2019-11-07 20:00:00,11,2019-11-07 21:00:00,0.13592,0.13592,0.13592,0.0,0.05,236.23580878705798,-0.0,0.0,0.0,236.23580878705798,236.23580878705798,0.0,0.0
7461,2019-11-07 21:00:00,11,2019-11-07 22:00:00,0.10531,0.10531,0.10531,0.0,0.05,227.2202931550566,-62.983548681133755,0.0,0.0,290.20384183619035,290.20384183619035,0.0,1.0
7462,2019-11-07 22:00:00,11,2019-11-07 23:00:00,0.10531,0.10531,0.10531,0.0,0.14657477464440508,208.38306037966524,-0.0,0.0,0.0,208.38306037966524,208.38306037966524,0.0,0.0
7463,2019-11-07 23:00:00,11,2019-11-08 00:00:00,0.10531,0.10531,0.10531,0.0,0.14657477464440508,205.80632121674506,-0.0,0.0,0.0,205.80632121674506,205.80632121674506,0.0,0.0
7464,2019-11-08 00:00:00,11,2019-11-08 01:00:00,0.10531,0.10531,0.10531,0.0,0.14657477464440508,200.7796106118899,-89.42423122430046,0.0,0.0,290.20384183619035,290.20384183619035,0.0,1.0
7465,2019-11-08 01:00:00,11,2019-11-08 02:00:00,0.10531,0.10531,0.10531,0.0,0.28369192918833247,200.01015720915154,-90.1936846270388,0.0,0.0,290.20384183619035,290.20384183619035,0.0,1.0
7466,2019-11-08 02:00:00,11,2019-11-08 03:00:00,0.10531,0.10531,0.10531,0.0,0.4219889122831253,200.07962498796098,-90.12421684822937,0.0,0.0,290.20384183619035,290.20384183619035,0.0,1.0
7467,2019-11-08 03:00:00,11,2019-11-08 04:00:00,0.10531,0.10531,0.10531,0.0,0.560179378117077,200.37305262234247,-89.83078921384788,0.0,0.0,290.20384183619035,290.20384183619035,0.0,1.0
7468,2019-11-08 04:00:00,11,2019-11-08 05:00:00,0.10531,0.10531,0.10531,0.0,0.6979199215783104,223.87535916925472,-66.32848266693563,0.0,0.0,290.20384183619035,290.20384183619035,0.0,1.0
7469,2019-11-08 05:00:00,11,2019-11-08 06:00:00,0.10531,0.10531,0.10531,0.0,0.799623595000945,225.91561204998715,-64.2882297862032,0.0,0.0,290.20384183619035,290.20384183619035,0.0,1.0
7470,2019-11-08 06:00:00,11,2019-11-08 07:00:00,0.10531,0.10531,0.10531,0.0,0.8981988806731234,284.3063037428862,-5.897538093304149,0.0,0.0,290.20384183619035,290.20384183619035,0.0,1.0
7471,2019-11-08 07:00:00,11,2019-11-08 08:00:00,0.10531,0.10531,0.10531,0.0,0.9072417724161898,309.3394600755236,-0.0,19.13561823933327,0.0,290.20384183619035,290.20384183619035,0.0,0.0
7472,2019-11-08 08:00:00,11,2019-11-08 09:00:00,0.10531,0.10531,0.10531,0.0,0.8725757973449337,318.402788735202,-0.0,28.198946899011673,0.0,290.20384183619035,290.20384183619035,0.0,0.0
7473,2019-11-08 09:00:00,11,2019-11-08 10:00:00,0.10531,0.10531,0.10531,0.0,0.8214907486148403,323.0205794938596,-0.0,32.81673765766925,0.0,290.20384183619035,290.20384183619035,0.0,0.0
7474,2019-11-08 10:00:00,11,2019-11-08 11:00:00,0.10531,0.10531,0.10531,0.0,0.7620401369161641,329.6331031049804,-0.0,39.42926126879007,0.0,290.20384183619035,290.20384183619035,0.0,0.0
7475,2019-11-08 11:00:00,11,2019-11-08 12:00:00,0.10531,0.10531,0.10531,0.0,0.6906103157770517,331.7564772241107,-0.0,41.55263538792036,0.0,290.20384183619035,290.20384183619035,0.0,0.0
7476,2019-11-08 12:00:00,11,2019-11-08 13:00:00,0.10531,0.10531,0.10531,0.0,0.615333802393138,319.7276406160824,-0.0,29.523798779892047,0.0,290.20384183619035,290.20384183619035,0.0,0.0
7477,2019-11-08 13:00:00,11,2019-11-08 14:00:00,0.10531,0.10531,0.10531,0.0,0.5618486596759421,331.6889947613408,-0.0,41.48515292515043,0.0,290.20384183619035,290.20384183619035,0.0,0.0
7478,2019-11-08 14:00:00,11,2019-11-08 15:00:00,0.10531,0.10531,0.10531,0.0,0.4866943971303798,329.51495280765266,-0.0,39.31111097146231,0.0,290.20384183619035,290.20384183619035,0.0,0.0
7479,2019-11-08 15:00:00,11,2019-11-08 16:00:00,0.10531,0.10531,0.10531,0.0,0.415478616384977,332.1330372646006,-0.0,41.92919542841025,0.0,290.20384183619035,290.20384183619035,0.0,0.0
7480,2019-11-08 16:00:00,11,2019-11-08 17:00:00,0.13592,0.13592,0.13592,0.0,0.33951992901466854,336.91743696936555,-0.0,111.4165782665594,0.0,225.50085870280617,225.50085870280617,0.0,0.0
7481,2019-11-08 17:00:00,11,2019-11-08 18:00:00,0.13592,0.13592,0.13592,0.0,0.13767830172017692,338.602264385728,-0.0,48.398422549537656,0.0,290.20384183619035,290.20384183619035,0.0,0.0
7482,2019-11-08 18:00:00,11,2019-11-08 19:00:00,0.13592,0.13592,0.13592,0.0,0.05,267.4472235336956,-0.0,0.0,0.0,267.4472235336956,267.4472235336956,0.0,1.0
7483,2019-11-08 19:00:00,11,2019-11-08 20:00:00,0.13592,0.13592,0.13592,0.0,0.05,264.50865920379425,-0.0,0.0,0.0,264.50865920379425,264.50865920379425,0.0,1.0
7484,2019-11-08 20:00:00,11,2019-11-08 21:00:00,0.13592,0.13592,0.13592,0.0,0.05,230.47392626838652,-0.0,0.0,0.0,230.47392626838652,230.47392626838652,0.0,0.0
7485,2019-11-08 21:00:00,11,2019-11-08 22:00:00,0.10531,0.10531,0.10531,0.0,0.05,220.4434578074354,-0.0,0.0,0.0,220.4434578074354,220.4434578074354,0.0,0.0
7486,2019-11-08 22:00:00,11,2019-11-08 23:00:00,0.10531,0.10531,0.10531,0.0,0.05,203.4243176456474,-0.0,0.0,0.0,203.4243176456474,203.4243176456474,0.0,0.0
7487,2019-11-08 23:00:00,11,2019-11-09 00:00:00,0.10531,0.10531,0.10531,0.0,0.05,203.2163826143262,-0.0,0.0,0.0,203.2163826143262,203.2163826143262,0.0,0.0
7488,2019-11-09 00:00:00,11,2019-11-09 01:00:00,0.10531,0.10531,0.10531,0.0,0.05,199.28046902625448,-90.92337280993587,0.0,0.0,290.20384183619035,290.20384183619035,0.0,1.0
7489,2019-11-09 01:00:00,11,2019-11-09 02:00:00,0.10531,0.10531,0.10531,0.0,0.18941583830856834,198.37207715847194,-91.83176467771841,0.0,0.0,290.20384183619035,290.20384183619035,0.0,1.0
7490,2019-11-09 02:00:00,11,2019-11-09 03:00:00,0.10531,0.10531,0.10531,0.0,0.33022454414773655,198.12352174496974,-92.08032009122061,0.0,0.0,290.20384183619035,290.20384183619035,0.0,1.0
7491,2019-11-09 03:00:00,11,2019-11-09 04:00:00,0.10531,0.10531,0.10531,0.0,0.4714143682876082,198.16318639106984,-92.0406554451205,0.0,0.0,290.20384183619035,290.20384183619035,0.0,1.0
7492,2019-11-09 04:00:00,11,2019-11-09 05:00:00,0.10531,0.10531,0.10531,0.0,0.6125433733034596,219.83133732204155,-70.3725045141488,0.0,0.0,290.20384183619035,290.20384183619035,0.0,1.0
7493,2019-11-09 05:00:00,11,2019-11-09 06:00:00,0.10531,0.10531,0.10531,0.0,0.7204478802251545,220.74662575727154,-69.4572160789188,0.0,0.0,290.20384183619035,290.20384183619035,0.0,1.0
7494,2019-11-09 06:00:00,11,2019-11-09 07:00:00,0.10531,0.10531,0.10531,0.0,0.8269489448794968,276.34737052787756,-13.856471308312791,0.0,0.0,290.20384183619035,290.20384183619035,0.0,1.0
7495,2019-11-09 07:00:00,11,2019-11-09 08:00:00,0.10531,0.10531,0.10531,0.0,0.8481955342189097,305.31593173260524,-0.0,15.112089896414886,0.0,290.20384183619035,290.20384183619035,0.0,0.0
7496,2019-11-09 08:00:00,11,2019-11-09 09:00:00,0.10531,0.10531,0.10531,0.0,0.8208185597688827,317.45051945050466,-0.0,27.246677614314308,0.0,290.20384183619035,290.20384183619035,0.0,0.0
7497,2019-11-09 09:00:00,11,2019-11-09 10:00:00,0.10531,0.10531,0.10531,0.0,0.7714586365545452,327.74358764234796,-0.0,37.53974580615761,0.0,290.20384183619035,290.20384183619035,0.0,0.0
7498,2019-11-09 10:00:00,11,2019-11-09 11:00:00,0.10531,0.10531,0.10531,0.0,0.7034518506738249,332.07261255606323,-0.0,41.868770719872884,0.0,290.20384183619035,290.20384183619035,0.0,0.0
7499,2019-11-09 11:00:00,11,2019-11-09 12:00:00,0.10531,0.10531,0.10531,0.0,0.6276026283552145,334.02290121861705,-0.0,43.8190593824267,0.0,290.20384183619035,290.20384183619035,0.0,0.0
7500,2019-11-09 12:00:00,11,2019-11-09 13:00:00,0.10531,0.10531,0.10531,0.0,0.548220274401543,324.2146947132964,-0.0,34.01085287710606,0.0,290.20384183619035,290.20384183619035,0.0,0.0
7501,2019-11-09 13:00:00,11,2019-11-09 14:00:00,0.10531,0.10531,0.10531,0.0,0.4866064104937421,333.4521895034818,-0.0,43.248347667291455,0.0,290.20384183619035,290.20384183619035,0.0,0.0
7502,2019-11-09 14:00:00,11,2019-11-09 15:00:00,0.10531,0.10531,0.10531,0.0,0.40825795457473585,332.1277569659823,-0.0,41.923915129791965,0.0,290.20384183619035,290.20384183619035,0.0,0.0
7503,2019-11-09 15:00:00,11,2019-11-09 16:00:00,0.10531,0.10531,0.10531,0.0,0.3323088329627939,330.85192406238065,-0.0,40.6480822261903,0.0,290.20384183619035,290.20384183619035,0.0,0.0
7504,2019-11-09 16:00:00,11,2019-11-09 17:00:00,0.13592,0.13592,0.13592,0.0,0.2586710028428839,333.58066854551817,-0.0,69.7485623954872,0.0,263.832106150031,263.832106150031,0.0,0.0
7505,2019-11-09 17:00:00,11,2019-11-09 18:00:00,0.13592,0.13592,0.13592,0.0,0.13231491154671146,335.6416730099751,-0.0,45.43783117378473,0.0,290.20384183619035,290.20384183619035,0.0,0.0
7506,2019-11-09 18:00:00,11,2019-11-09 19:00:00,0.13592,0.13592,0.13592,0.0,0.05,264.86108672682695,-0.0,0.0,0.0,264.86108672682695,264.86108672682695,0.0,0.0
7507,2019-11-09 19:00:00,11,2019-11-09 20:00:00,0.13592,0.13592,0.13592,0.0,0.05,261.0698549911508,-0.0,0.0,0.0,261.0698549911508,261.0698549911508,0.0,0.0
7508,2019-11-09 20:00:00,11,2019-11-09 21:00:00,0.13592,0.13592,0.13592,0.0,0.05,227.05984244293748,-0.0,0.0,0.0,227.05984244293748,227.05984244293748,0.0,0.0
7509,2019-11-09 21:00:00,11,2019-11-09 22:00:00,0.10531,0.10531,0.10531,0.0,0.05,216.65437496823918,-73.54946686795117,0.0,0.0,290.20384183619035,290.20384183619035,0.0,1.0
7510,2019-11-09 22:00:00,11,2019-11-09 23:00:00,0.10531,0.10531,0.10531,0.0,0.16277584919752514,200.9501542578482,-0.0,0.0,0.0,200.9501542578482,200.9501542578482,0.0,0.0
7511,2019-11-09 23:00:00,11,2019-11-10 00:00:00,0.10531,0.10531,0.10531,0.0,0.16277584919752514,201.0305400197323,-0.0,0.0,0.0,201.0305400197323,201.0305400197323,0.0,0.0
7512,2019-11-10 00:00:00,11,2019-11-10 01:00:00,0.10531,0.10531,0.10531,0.0,0.16277584919752514,197.47028365663977,-92.73355817955058,0.0,0.0,290.20384183619035,290.20384183619035,0.0,1.0
7513,2019-11-10 01:00:00,11,2019-11-10 02:00:00,0.10531,0.10531,0.10531,0.0,0.30496730507283604,196.52044443834404,-93.6833973978463,0.0,0.0,290.20384183619035,290.20384183619035,0.0,1.0
7514,2019-11-10 02:00:00,11,2019-11-10 03:00:00,0.10531,0.10531,0.10531,0.0,0.448615181082867,194.55536650349154,-89.77060963784702,0.0,0.0,284.3259761413386,284.3259761413386,0.0,1.0
7515,2019-11-10 03:00:00,11,2019-11-10 04:00:00,0.10531,0.10531,0.10531,0.0,0.5862634491942325,193.02656367313284,-97.17727816305751,0.0,0.0,290.20384183619035,290.20384183619035,0.0,1.0
7516,2019-11-10 04:00:00,11,2019-11-10 05:00:00,0.10531,0.10531,0.10531,0.0,0.735268609044254,213.78392627912376,-76.41991555706659,0.0,0.0,290.20384183619035,290.20384183619035,0.0,1.0
7517,2019-11-10 05:00:00,11,2019-11-10 06:00:00,0.10531,0.10531,0.10531,0.0,0.8524458128984227,214.34814719198587,-75.85569464420448,0.0,0.0,290.20384183619035,290.20384183619035,0.0,1.0
7518,2019-11-10 06:00:00,11,2019-11-10 07:00:00,0.10531,0.10531,0.10531,0.0,0.9687578780195363,269.82854489240964,-20.37529694378071,0.0,0.0,290.20384183619035,290.20384183619035,0.0,1.0
7519,2019-11-10 07:00:00,11,2019-11-10 08:00:00,0.10531,0.10531,0.10531,0.0,1.0,298.6369040059528,-0.0,8.433062169762422,0.0,290.20384183619035,290.20384183619035,0.0,0.0
7520,2019-11-10 08:00:00,11,2019-11-10 09:00:00,0.10531,0.10531,0.10531,0.0,0.9847227134605752,311.9058379424859,-0.0,21.701996106295553,0.0,290.20384183619035,290.20384183619035,0.0,0.0
7521,2019-11-10 09:00:00,11,2019-11-10 10:00:00,0.10531,0.10531,0.10531,0.0,0.9454075031230834,323.1251077582853,-0.0,32.92126592209496,0.0,290.20384183619035,290.20384183619035,0.0,0.0
7522,2019-11-10 10:00:00,11,2019-11-10 11:00:00,0.10531,0.10531,0.10531,0.0,0.8857675286265345,328.4985076777439,-0.0,38.294665841553524,0.0,290.20384183619035,290.20384183619035,0.0,0.0
7523,2019-11-10 11:00:00,11,2019-11-10 12:00:00,0.10531,0.10531,0.10531,0.0,0.816393133986039,331.16124573865267,-0.0,40.95740390246232,0.0,290.20384183619035,290.20384183619035,0.0,0.0
7524,2019-11-10 12:00:00,11,2019-11-10 13:00:00,0.10531,0.10531,0.10531,0.0,0.7421949385105638,322.464631446728,-0.0,32.26078961053764,0.0,290.20384183619035,290.20384183619035,0.0,0.0
7525,2019-11-10 13:00:00,11,2019-11-10 14:00:00,0.10531,0.10531,0.10531,0.0,0.6837514790711839,331.80988257543225,-0.0,41.606040739241905,0.0,290.20384183619035,290.20384183619035,0.0,0.0
7526,2019-11-10 14:00:00,11,2019-11-10 15:00:00,0.10531,0.10531,0.10531,0.0,0.6083782168624124,331.79885988935354,-0.0,41.59501805316319,0.0,290.20384183619035,290.20384183619035,0.0,0.0
7527,2019-11-10 15:00:00,11,2019-11-10 16:00:00,0.10531,0.10531,0.10531,0.0,0.5330249232878415,329.64494305481946,-0.0,39.441101218629115,0.0,290.20384183619035,290.20384183619035,0.0,0.0
7528,2019-11-10 16:00:00,11,2019-11-10 17:00:00,0.13592,0.13592,0.13592,0.0,0.461573652964238,334.05098458951693,-0.0,43.84714275332658,0.0,290.20384183619035,290.20384183619035,0.0,0.0
7529,2019-11-10 17:00:00,11,2019-11-10 18:00:00,0.13592,0.13592,0.13592,0.0,0.38214042333864634,337.8357746726598,-0.0,47.631932836469446,0.0,290.20384183619035,290.20384183619035,0.0,0.0
7530,2019-11-10 18:00:00,11,2019-11-10 19:00:00,0.13592,0.13592,0.13592,0.0,0.2958506899392452,268.2358355587407,-0.0,135.70958084646335,0.0,132.52625471227734,132.52625471227734,0.0,0.0
7531,2019-11-10 19:00:00,11,2019-11-10 20:00:00,0.13592,0.13592,0.13592,0.0,0.05,265.0549138441283,-0.0,0.0,0.0,265.0549138441283,265.0549138441283,0.0,1.0
7532,2019-11-10 20:00:00,11,2019-11-10 21:00:00,0.13592,0.13592,0.13592,0.0,0.05,229.43135957713255,-0.0,0.0,0.0,229.43135957713255,229.43135957713255,0.0,0.0
7533,2019-11-10 21:00:00,11,2019-11-10 22:00:00,0.10531,0.10531,0.10531,0.0,0.05,218.17117090945914,-0.0,0.0,0.0,218.17117090945914,218.17117090945914,0.0,0.0
7534,2019-11-10 22:00:00,11,2019-11-10 23:00:00,0.10531,0.10531,0.10531,0.0,0.05,201.5369488964751,-0.0,0.0,0.0,201.5369488964751,201.5369488964751,0.0,0.0
7535,2019-11-10 23:00:00,11,2019-11-11 00:00:00,0.10531,0.10531,0.10531,0.0,0.05,201.89901789004213,-0.0,0.0,0.0,201.89901789004213,201.89901789004213,0.0,0.0
7536,2019-11-11 00:00:00,11,2019-11-11 01:00:00,0.10531,0.10531,0.10531,0.0,0.05,195.9881416466065,-0.0,0.0,0.0,195.9881416466065,195.9881416466065,0.0,0.0
7537,2019-11-11 01:00:00,11,2019-11-11 02:00:00,0.10531,0.10531,0.10531,0.0,0.05,196.2348107951008,-90.86548185170602,0.0,0.0,287.1002926468068,287.1002926468068,0.0,1.0
7538,2019-11-11 02:00:00,11,2019-11-11 03:00:00,0.10531,0.10531,0.10531,0.0,0.1893270721726159,196.66638637646508,-0.0,0.0,0.0,196.66638637646508,196.66638637646508,0.0,0.0
7539,2019-11-11 03:00:00,11,2019-11-11 04:00:00,0.10531,0.10531,0.10531,0.0,0.18932707217261593,197.0213006188425,-90.07899202796432,0.0,0.0,287.1002926468068,287.1002926468068,0.0,1.0
7540,2019-11-11 04:00:00,11,2019-11-11 05:00:00,0.10531,0.10531,0.10531,0.0,0.32744819328216124,200.01455314977238,-0.0,0.0,0.0,200.01455314977238,200.01455314977238,0.0,0.0
7541,2019-11-11 05:00:00,11,2019-11-11 06:00:00,0.10531,0.10531,0.10531,0.0,0.32744819328216124,199.7287906673957,-0.0,0.0,0.0,199.7287906673957,199.7287906673957,0.0,0.0
7542,2019-11-11 06:00:00,11,2019-11-11 07:00:00,0.10531,0.10531,0.10531,0.0,0.32744819328216124,216.79074813905376,-70.30954450775306,0.0,0.0,287.1002926468068,287.1002926468068,0.0,1.0
7543,2019-11-11 07:00:00,11,2019-11-11 08:00:00,0.10531,0.10531,0.10531,0.0,0.4352561615273826,216.32127612462253,-70.77901652218429,0.0,0.0,287.1002926468068,287.1002926468068,0.0,1.0
7544,2019-11-11 08:00:00,11,2019-11-11 09:00:00,0.10531,0.10531,0.10531,0.0,0.5437839868613985,237.12026512669703,-49.980027520109786,0.0,0.0,287.1002926468068,287.1002926468068,0.0,1.0
7545,2019-11-11 09:00:00,11,2019-11-11 10:00:00,0.10531,0.10531,0.10531,0.0,0.6204200290589003,236.2044793095932,-0.0,0.0,0.0,236.2044793095932,236.2044793095932,0.0,0.0
7546,2019-11-11 10:00:00,11,2019-11-11 11:00:00,0.10531,0.10531,0.10531,0.0,0.6204200290589003,238.69639153085245,-48.40390111595438,0.0,0.0,287.10029264680685,287.10029264680685,0.0,1.0
7547,2019-11-11 11:00:00,11,2019-11-11 12:00:00,0.10531,0.10531,0.10531,0.0,0.6946393441033636,240.4596393451308,-46.640653301676025,0.0,0.0,287.1002926468068,287.1002926468068,0.0,1.0
7548,2019-11-11 12:00:00,11,2019-11-11 13:00:00,0.10531,0.10531,0.10531,0.0,0.7661550124992669,239.0385637262532,-42.62886239569325,0.0,0.0,281.66742612194645,281.66742612194645,0.0,1.0
7549,2019-11-11 13:00:00,11,2019-11-11 14:00:00,0.10531,0.10531,0.10531,0.0,0.8315192681726632,235.54551078373052,-54.65833105245983,0.0,0.0,290.20384183619035,290.20384183619035,0.0,1.0
7550,2019-11-11 14:00:00,11,2019-11-11 15:00:00,0.10531,0.10531,0.10531,0.0,0.9153287091197683,234.98343474038703,-55.220407095803324,0.0,0.0,290.20384183619035,290.20384183619035,0.0,1.0
7551,2019-11-11 15:00:00,11,2019-11-11 16:00:00,0.10531,0.10531,0.10531,0.0,1.0,234.77127892982384,-0.0,0.0,0.0,234.77127892982384,234.77127892982384,0.0,0.0
7552,2019-11-11 16:00:00,11,2019-11-11 17:00:00,0.13592,0.13592,0.13592,0.0,1.0,229.27145640431,-0.0,229.27145640431,0.0,0.0,0.0,0.0,0.0
7553,2019-11-11 17:00:00,11,2019-11-11 18:00:00,0.13592,0.13592,0.13592,0.0,0.5846531586878443,220.41019479988404,-0.0,220.41019479988404,0.0,0.0,0.0,0.0,0.0
7554,2019-11-11 18:00:00,11,2019-11-11 19:00:00,0.13592,0.13592,0.13592,0.0,0.18535932752863407,213.21748749163748,-0.0,0.0,0.0,213.21748749163748,213.21748749163748,0.0,0.0
7555,2019-11-11 19:00:00,11,2019-11-11 20:00:00,0.13592,0.13592,0.13592,0.0,0.18535932752863407,212.13689355127462,-0.0,0.0,0.0,212.13689355127462,212.13689355127462,0.0,0.0
7556,2019-11-11 20:00:00,11,2019-11-11 21:00:00,0.13592,0.13592,0.13592,0.0,0.18535932752863407,204.16651294489762,-0.0,74.71834879580601,0.0,129.4481641490916,129.4481641490916,0.0,0.0
7557,2019-11-11 21:00:00,11,2019-11-11 22:00:00,0.10531,0.10531,0.10531,0.0,0.05,204.04654592097683,-0.0,0.0,0.0,204.04654592097683,204.04654592097683,0.0,0.0
7558,2019-11-11 22:00:00,11,2019-11-11 23:00:00,0.10531,0.10531,0.10531,0.0,0.05,201.7285143146233,-0.0,0.0,0.0,201.7285143146233,201.7285143146233,0.0,0.0
7559,2019-11-11 23:00:00,11,2019-11-12 00:00:00,0.10531,0.10531,0.10531,0.0,0.05,202.73176328144802,-0.0,0.0,0.0,202.73176328144802,202.73176328144802,0.0,0.0
7560,2019-11-12 00:00:00,11,2019-11-12 01:00:00,0.10531,0.10531,0.10531,0.0,0.05,200.19052369197692,-0.0,0.0,0.0,200.19052369197692,200.19052369197692,0.0,0.0
7561,2019-11-12 01:00:00,11,2019-11-12 02:00:00,0.10531,0.10531,0.10531,0.0,0.05,199.98244365435733,-0.0,0.0,0.0,199.98244365435733,199.98244365435733,0.0,0.0
7562,2019-11-12 02:00:00,11,2019-11-12 03:00:00,0.10531,0.10531,0.10531,0.0,0.05,199.5655586162461,-86.92007386829191,0.0,0.0,286.48563248453803,286.48563248453803,0.0,1.0
7563,2019-11-12 03:00:00,11,2019-11-12 04:00:00,0.10531,0.10531,0.10531,0.0,0.1832774465980476,199.44999277998542,-0.0,0.0,0.0,199.44999277998542,199.44999277998542,0.0,0.0
7564,2019-11-12 04:00:00,11,2019-11-12 05:00:00,0.10531,0.10531,0.10531,0.0,0.1832774465980476,201.97411868815595,-0.0,0.0,0.0,201.97411868815595,201.97411868815595,0.0,0.0
7565,2019-11-12 05:00:00,11,2019-11-12 06:00:00,0.10531,0.10531,0.10531,0.0,0.1832774465980476,201.48392024135316,-0.0,0.0,0.0,201.48392024135316,201.48392024135316,0.0,0.0
7566,2019-11-12 06:00:00,11,2019-11-12 07:00:00,0.10531,0.10531,0.10531,0.0,0.1832774465980476,217.6037779442941,-68.8818545402439,0.0,0.0,286.48563248453803,286.48563248453803,0.0,1.0
7567,2019-11-12 07:00:00,11,2019-11-12 08:00:00,0.10531,0.10531,0.10531,0.0,0.2888962902264216,215.84785661962948,-70.63777586490853,0.0,0.0,286.48563248453803,286.48563248453803,0.0,1.0
7568,2019-11-12 08:00:00,11,2019-11-12 09:00:00,0.10531,0.10531,0.10531,0.0,0.3972075465526147,236.6224109263108,-49.86322155822721,0.0,0.0,286.48563248453803,286.48563248453803,0.0,1.0
7569,2019-11-12 09:00:00,11,2019-11-12 10:00:00,0.10531,0.10531,0.10531,0.0,0.4736644862752297,235.45536342037863,-51.030269064159384,0.0,0.0,286.48563248453803,286.48563248453803,0.0,1.0
7570,2019-11-12 10:00:00,11,2019-11-12 11:00:00,0.10531,0.10531,0.10531,0.0,0.5519108988402741,238.05293530070384,-48.43269718383418,0.0,0.0,286.48563248453803,286.48563248453803,0.0,1.0
7571,2019-11-12 11:00:00,11,2019-11-12 12:00:00,0.10531,0.10531,0.10531,0.0,0.6261743678554865,239.59886842869972,-46.8867640558383,0.0,0.0,286.48563248453803,286.48563248453803,0.0,1.0
7572,2019-11-12 12:00:00,11,2019-11-12 13:00:00,0.10531,0.10531,0.10531,0.0,0.6980674060744385,240.10042839514526,-35.23057603443589,0.0,0.0,275.3310044295811,275.3310044295811,0.0,1.0
7573,2019-11-12 13:00:00,11,2019-11-12 14:00:00,0.10531,0.10531,0.10531,0.0,0.7520876226605735,238.12075795159092,-52.08308388459943,0.0,0.0,290.20384183619035,290.20384183619035,0.0,1.0
7574,2019-11-12 14:00:00,11,2019-11-12 15:00:00,0.10531,0.10531,0.10531,0.0,0.831948351283626,237.30561016530055,-52.8982316708898,0.0,0.0,290.20384183619035,290.20384183619035,0.0,1.0
7575,2019-11-12 15:00:00,11,2019-11-12 16:00:00,0.10531,0.10531,0.10531,0.0,0.9130589731789903,233.50317217031449,-56.700669665875864,0.0,0.0,290.20384183619035,290.20384183619035,0.0,1.0
7576,2019-11-12 16:00:00,11,2019-11-12 17:00:00,0.13592,0.13592,0.13592,0.0,1.0,232.211508623887,-0.0,232.211508623887,0.0,0.0,0.0,0.0,0.0
7577,2019-11-12 17:00:00,11,2019-11-12 18:00:00,0.13592,0.13592,0.13592,0.0,0.5793269771306395,222.78013537961908,-0.0,222.78013537961908,0.0,0.0,0.0,0.0,0.0
7578,2019-11-12 18:00:00,11,2019-11-12 19:00:00,0.13592,0.13592,0.13592,0.0,0.17573977535596724,213.04728884272347,-0.0,69.40835599649392,0.0,143.63893284622955,143.63893284622955,0.0,0.0
7579,2019-11-12 19:00:00,11,2019-11-12 20:00:00,0.13592,0.13592,0.13592,0.0,0.05,209.76546169460156,-0.0,0.0,0.0,209.76546169460156,209.76546169460156,0.0,0.0
7580,2019-11-12 20:00:00,11,2019-11-12 21:00:00,0.13592,0.13592,0.13592,0.0,0.05,200.6054253600405,-0.0,0.0,0.0,200.6054253600405,200.6054253600405,0.0,0.0
7581,2019-11-12 21:00:00,11,2019-11-12 22:00:00,0.10531,0.10531,0.10531,0.0,0.05,199.55993616667826,-0.0,0.0,0.0,199.55993616667826,199.55993616667826,0.0,0.0
7582,2019-11-12 22:00:00,11,2019-11-12 23:00:00,0.10531,0.10531,0.10531,0.0,0.05,198.14342339052058,-0.0,0.0,0.0,198.14342339052058,198.14342339052058,0.0,0.0
7583,2019-11-12 23:00:00,11,2019-11-13 00:00:00,0.10531,0.10531,0.10531,0.0,0.05,198.6733735616539,-0.0,0.0,0.0,198.6733735616539,198.6733735616539,0.0,0.0
7584,2019-11-13 00:00:00,11,2019-11-13 01:00:00,0.10531,0.10531,0.10531,0.0,0.05,194.90676977504404,-95.29707206114631,0.0,0.0,290.20384183619035,290.20384183619035,0.0,1.0
7585,2019-11-13 01:00:00,11,2019-11-13 02:00:00,0.10531,0.10531,0.10531,0.0,0.19612217716042435,194.92968539914645,-95.2741564370439,0.0,0.0,290.20384183619035,290.20384183619035,0.0,1.0
7586,2019-11-13 02:00:00,11,2019-11-13 03:00:00,0.10531,0.10531,0.10531,0.0,0.34220921703055834,195.94437774319735,-94.259464092993,0.0,0.0,290.20384183619035,290.20384183619035,0.0,1.0
7587,2019-11-13 03:00:00,11,2019-11-13 04:00:00,0.10531,0.10531,0.10531,0.0,0.486740395306481,194.36742416208494,-95.8364176741054,0.0,0.0,290.20384183619035,290.20384183619035,0.0,1.0
7588,2019-11-13 04:00:00,11,2019-11-13 05:00:00,0.10531,0.10531,0.10531,0.0,0.6336895690734426,215.074031247008,-75.12981058918234,0.0,0.0,290.20384183619035,290.20384183619035,0.0,1.0
7589,2019-11-13 05:00:00,11,2019-11-13 06:00:00,0.10531,0.10531,0.10531,0.0,0.7488886119768555,215.26624632478232,-74.93759551140803,0.0,0.0,290.20384183619035,290.20384183619035,0.0,1.0
7590,2019-11-13 06:00:00,11,2019-11-13 07:00:00,0.10531,0.10531,0.10531,0.0,0.8637929250943478,269.3891218373067,-20.814719998883675,0.0,0.0,290.20384183619035,290.20384183619035,0.0,1.0
7591,2019-11-13 07:00:00,11,2019-11-13 08:00:00,0.10531,0.10531,0.10531,0.0,0.8957088290926362,297.743313418711,-0.0,7.539471582520662,0.0,290.20384183619035,290.20384183619035,0.0,0.0
7592,2019-11-13 08:00:00,11,2019-11-13 09:00:00,0.10531,0.10531,0.10531,0.0,0.8820503660808234,311.18630928646303,-0.0,20.98246745027268,0.0,290.20384183619035,290.20384183619035,0.0,0.0
7593,2019-11-13 09:00:00,11,2019-11-13 10:00:00,0.10531,0.10531,0.10531,0.0,0.8440386496854019,322.4096782728539,-0.0,32.20583643666356,0.0,290.20384183619035,290.20384183619035,0.0,0.0
7594,2019-11-13 10:00:00,11,2019-11-13 11:00:00,0.10531,0.10531,0.10531,0.0,0.7856947430972432,328.4383640596999,-0.0,38.23452222350954,0.0,290.20384183619035,290.20384183619035,0.0,0.0
7595,2019-11-13 11:00:00,11,2019-11-13 12:00:00,0.10531,0.10531,0.10531,0.0,0.7164293042865375,331.806409213877,-0.0,41.602567377686626,0.0,290.20384183619035,290.20384183619035,0.0,0.0
7596,2019-11-13 12:00:00,11,2019-11-13 13:00:00,0.10531,0.10531,0.10531,0.0,0.6410623343994241,320.26022206770875,-0.0,30.056380231518403,0.0,290.20384183619035,290.20384183619035,0.0,0.0
7597,2019-11-13 13:00:00,11,2019-11-13 14:00:00,0.10531,0.10531,0.10531,0.0,0.5866123702118907,325.41268724467847,-0.0,35.208845408488116,0.0,290.20384183619035,290.20384183619035,0.0,0.0
7598,2019-11-13 14:00:00,11,2019-11-13 15:00:00,0.10531,0.10531,0.10531,0.0,0.5228282299791225,324.9255013899521,-0.0,34.721659553761754,0.0,290.20384183619035,290.20384183619035,0.0,0.0
7599,2019-11-13 15:00:00,11,2019-11-13 16:00:00,0.10531,0.10531,0.10531,0.0,0.4599266728165105,325.03801916213985,-0.0,34.8341773259495,0.0,290.20384183619035,290.20384183619035,0.0,0.0
7600,2019-11-13 16:00:00,11,2019-11-13 17:00:00,0.13592,0.13592,0.13592,0.0,0.39682127911008036,331.36863504621584,-0.0,144.13600898044456,0.0,187.23262606577129,187.23262606577129,0.0,0.0
7601,2019-11-13 17:00:00,11,2019-11-13 18:00:00,0.13592,0.13592,0.13592,0.0,0.13570532081217357,337.51317892451016,-0.0,47.30933708831981,0.0,290.20384183619035,290.20384183619035,0.0,0.0
7602,2019-11-13 18:00:00,11,2019-11-13 19:00:00,0.13592,0.13592,0.13592,0.0,0.05,268.346358541061,-0.0,0.0,0.0,268.346358541061,268.346358541061,0.0,1.0
7603,2019-11-13 19:00:00,11,2019-11-13 20:00:00,0.13592,0.13592,0.13592,0.0,0.05,265.8678446709786,-0.0,0.0,0.0,265.8678446709786,265.8678446709786,0.0,0.0
7604,2019-11-13 20:00:00,11,2019-11-13 21:00:00,0.13592,0.13592,0.13592,0.0,0.05,230.75068273753345,-0.0,0.0,0.0,230.75068273753345,230.75068273753345,0.0,0.0
7605,2019-11-13 21:00:00,11,2019-11-13 22:00:00,0.10531,0.10531,0.10531,0.0,0.05,219.478764426486,-0.0,0.0,0.0,219.478764426486,219.478764426486,0.0,0.0
7606,2019-11-13 22:00:00,11,2019-11-13 23:00:00,0.10531,0.10531,0.10531,0.0,0.05,201.36009665360004,-0.0,0.0,0.0,201.36009665360004,201.36009665360004,0.0,0.0
7607,2019-11-13 23:00:00,11,2019-11-14 00:00:00,0.10531,0.10531,0.10531,0.0,0.05,200.93799016590387,-0.0,0.0,0.0,200.93799016590387,200.93799016590387,0.0,0.0
7608,2019-11-14 00:00:00,11,2019-11-14 01:00:00,0.10531,0.10531,0.10531,0.0,0.05,197.81987823667018,-92.38396359952017,0.0,0.0,290.20384183619035,290.20384183619035,0.0,1.0
7609,2019-11-14 01:00:00,11,2019-11-14 02:00:00,0.10531,0.10531,0.10531,0.0,0.1916554108525976,197.86444011006762,-92.33940172612273,0.0,0.0,290.20384183619035,290.20384183619035,0.0,1.0
7610,2019-11-14 02:00:00,11,2019-11-14 03:00:00,0.10531,0.10531,0.10531,0.0,0.3332424934993191,198.5625297536084,-91.64131208258195,0.0,0.0,290.20384183619035,290.20384183619035,0.0,1.0
7611,2019-11-14 03:00:00,11,2019-11-14 04:00:00,0.10531,0.10531,0.10531,0.0,0.4737591720259448,198.37183975954062,-91.83200207664973,0.0,0.0,290.20384183619035,290.20384183619035,0.0,1.0
7612,2019-11-14 04:00:00,11,2019-11-14 05:00:00,0.10531,0.10531,0.10531,0.0,0.6145682418768077,222.57862334801493,-67.62521848817542,0.0,0.0,290.20384183619035,290.20384183619035,0.0,1.0
7613,2019-11-14 05:00:00,11,2019-11-14 06:00:00,0.10531,0.10531,0.10531,0.0,0.7182602435586767,221.74563695952833,-68.45820487666202,0.0,0.0,290.20384183619035,290.20384183619035,0.0,1.0
7614,2019-11-14 06:00:00,11,2019-11-14 07:00:00,0.10531,0.10531,0.10531,0.0,0.8232294910362251,276.81765805311807,-13.386183783072283,0.0,0.0,290.20384183619035,290.20384183619035,0.0,1.0
7615,2019-11-14 07:00:00,11,2019-11-14 08:00:00,0.10531,0.10531,0.10531,0.0,0.843754972836936,303.491234737368,-0.0,13.287392901177668,0.0,290.20384183619035,290.20384183619035,0.0,0.0
7616,2019-11-14 08:00:00,11,2019-11-14 09:00:00,0.10531,0.10531,0.10531,0.0,0.8196836088855272,316.13520768998126,-0.0,25.931365853790908,0.0,290.20384183619035,290.20384183619035,0.0,0.0
7617,2019-11-14 09:00:00,11,2019-11-14 10:00:00,0.10531,0.10531,0.10531,0.0,0.7727064968315581,328.4657082251895,-0.0,38.261866388999124,0.0,290.20384183619035,290.20384183619035,0.0,0.0
7618,2019-11-14 10:00:00,11,2019-11-14 11:00:00,0.10531,0.10531,0.10531,0.0,0.7033915214891685,332.0748657063754,-0.0,41.87102387018507,0.0,290.20384183619035,290.20384183619035,0.0,0.0
7619,2019-11-14 11:00:00,11,2019-11-14 12:00:00,0.10531,0.10531,0.10531,0.0,0.6275382173765144,328.260193848778,-0.0,38.05635201258764,0.0,290.20384183619035,290.20384183619035,0.0,0.0
7620,2019-11-14 12:00:00,11,2019-11-14 13:00:00,0.10531,0.10531,0.10531,0.0,0.558595550687044,314.611082521387,-0.0,24.407240685196655,0.0,290.20384183619035,290.20384183619035,0.0,0.0
7621,2019-11-14 13:00:00,11,2019-11-14 14:00:00,0.10531,0.10531,0.10531,0.0,0.5143795349529922,322.50378659839964,-0.0,32.29994476220929,0.0,290.20384183619035,290.20384183619035,0.0,0.0
7622,2019-11-14 14:00:00,11,2019-11-14 15:00:00,0.10531,0.10531,0.10531,0.0,0.45586514226783037,322.7336035868296,-0.0,32.52976175063924,0.0,290.20384183619035,290.20384183619035,0.0,0.0
7623,2019-11-14 15:00:00,11,2019-11-14 16:00:00,0.10531,0.10531,0.10531,0.0,0.3969344144587013,324.5223544291439,-0.0,34.31851259295354,0.0,290.20384183619035,290.20384183619035,0.0,0.0
7624,2019-11-14 16:00:00,11,2019-11-14 17:00:00,0.13592,0.13592,0.13592,0.0,0.33476319599320575,331.9476076899729,-0.0,108.07191481965071,0.0,223.8756928703222,223.8756928703222,0.0,0.0
7625,2019-11-14 17:00:00,11,2019-11-14 18:00:00,0.13592,0.13592,0.13592,0.0,0.13898074160978055,339.3212112047892,-0.0,49.11736936859887,0.0,290.20384183619035,290.20384183619035,0.0,0.0
7626,2019-11-14 18:00:00,11,2019-11-14 19:00:00,0.13592,0.13592,0.13592,0.0,0.05,268.5465157167382,-0.0,0.0,0.0,268.5465157167382,268.5465157167382,0.0,1.0
7627,2019-11-14 19:00:00,11,2019-11-14 20:00:00,0.13592,0.13592,0.13592,0.0,0.05,266.2244002252042,-0.0,0.0,0.0,266.2244002252042,266.2244002252042,0.0,0.0
7628,2019-11-14 20:00:00,11,2019-11-14 21:00:00,0.13592,0.13592,0.13592,0.0,0.05,231.4505363904434,-0.0,0.0,0.0,231.4505363904434,231.4505363904434,0.0,0.0
7629,2019-11-14 21:00:00,11,2019-11-14 22:00:00,0.10531,0.10531,0.10531,0.0,0.05,219.84754420510868,-0.0,0.0,0.0,219.84754420510868,219.84754420510868,0.0,0.0
7630,2019-11-14 22:00:00,11,2019-11-14 23:00:00,0.10531,0.10531,0.10531,0.0,0.05,202.46478305219165,-0.0,0.0,0.0,202.46478305219165,202.46478305219165,0.0,0.0
7631,2019-11-14 23:00:00,11,2019-11-15 00:00:00,0.10531,0.10531,0.10531,0.0,0.05,202.05402907682543,-0.0,0.0,0.0,202.05402907682543,202.05402907682543,0.0,0.0
7632,2019-11-15 00:00:00,11,2019-11-15 01:00:00,0.10531,0.10531,0.10531,0.0,0.05,198.31864384137347,-91.88519799481688,0.0,0.0,290.20384183619035,290.20384183619035,0.0,1.0
7633,2019-11-15 01:00:00,11,2019-11-15 02:00:00,0.10531,0.10531,0.10531,0.0,0.19089063692538588,198.15499521149852,-92.04884662469183,0.0,0.0,290.20384183619035,290.20384183619035,0.0,1.0
7634,2019-11-15 02:00:00,11,2019-11-15 03:00:00,0.10531,0.10531,0.10531,0.0,0.3320322017499133,195.5954707849653,-94.60837105122505,0.0,0.0,290.20384183619035,290.20384183619035,0.0,1.0
7635,2019-11-15 03:00:00,11,2019-11-15 04:00:00,0.10531,0.10531,0.10531,0.0,0.4770983706951251,196.09011096000188,-94.11373087618847,0.0,0.0,290.20384183619035,290.20384183619035,0.0,1.0
7636,2019-11-15 04:00:00,11,2019-11-15 05:00:00,0.10531,0.10531,0.10531,0.0,0.6214060913719474,218.1505307859198,-72.05331105027054,0.0,0.0,290.20384183619035,290.20384183619035,0.0,1.0
7637,2019-11-15 05:00:00,11,2019-11-15 06:00:00,0.10531,0.10531,0.10531,0.0,0.7318878349823622,218.63535023069704,-71.5684916054933,0.0,0.0,290.20384183619035,290.20384183619035,0.0,1.0
7638,2019-11-15 06:00:00,11,2019-11-15 07:00:00,0.10531,0.10531,0.10531,0.0,0.841626188777452,273.1545105207134,-17.049331315476934,0.0,0.0,290.20384183619035,290.20384183619035,0.0,1.0
7639,2019-11-15 07:00:00,11,2019-11-15 08:00:00,0.10531,0.10531,0.10531,0.0,0.8677684967945166,303.14513560119923,-0.0,12.94129376500888,0.0,290.20384183619035,290.20384183619035,0.0,0.0
7640,2019-11-15 08:00:00,11,2019-11-15 09:00:00,0.10531,0.10531,0.10531,0.0,0.8443241240318193,314.1695690810162,-0.0,23.96572724482587,0.0,290.20384183619035,290.20384183619035,0.0,0.0
7641,2019-11-15 09:00:00,11,2019-11-15 10:00:00,0.10531,0.10531,0.10531,0.0,0.800907951486845,326.2803920542979,-0.0,36.07655021810757,0.0,290.20384183619035,290.20384183619035,0.0,0.0
7642,2019-11-15 10:00:00,11,2019-11-15 11:00:00,0.10531,0.10531,0.10531,0.0,0.7355518822511429,331.6022724196707,-0.0,41.398430583480376,0.0,290.20384183619035,290.20384183619035,0.0,0.0
7643,2019-11-15 11:00:00,11,2019-11-15 12:00:00,0.10531,0.10531,0.10531,0.0,0.6605547253970118,334.06003070395155,-0.0,43.856188867761205,0.0,290.20384183619035,290.20384183619035,0.0,0.0
7644,2019-11-15 12:00:00,11,2019-11-15 13:00:00,0.10531,0.10531,0.10531,0.0,0.5811051078829516,323.04733935156617,-0.0,32.843497515375816,0.0,290.20384183619035,290.20384183619035,0.0,0.0
7645,2019-11-15 13:00:00,11,2019-11-15 14:00:00,0.10531,0.10531,0.10531,0.0,0.5216060181811838,328.63945666120554,-0.0,38.43561482501519,0.0,290.20384183619035,290.20384183619035,0.0,0.0
7646,2019-11-15 14:00:00,11,2019-11-15 15:00:00,0.10531,0.10531,0.10531,0.0,0.4519762811793447,325.1908384415509,-0.0,34.98699660536056,0.0,290.20384183619035,290.20384183619035,0.0,0.0
7647,2019-11-15 15:00:00,11,2019-11-15 16:00:00,0.10531,0.10531,0.10531,0.0,0.3885940409522422,324.17278788351035,-0.0,33.96894604732,0.0,290.20384183619035,290.20384183619035,0.0,0.0
7648,2019-11-15 16:00:00,11,2019-11-15 17:00:00,0.13592,0.13592,0.13592,0.0,0.32705609521434365,334.30613403233866,-0.0,44.10229219614831,0.0,290.20384183619035,290.20384183619035,0.0,0.0
7649,2019-11-15 17:00:00,11,2019-11-15 18:00:00,0.13592,0.13592,0.13592,0.0,0.24716063833726337,339.93253541633953,-0.0,108.83267236216938,0.0,231.09986305417016,231.09986305417016,0.0,0.0
7650,2019-11-15 18:00:00,11,2019-11-15 19:00:00,0.13592,0.13592,0.13592,0.0,0.05,268.4684758841321,-0.0,0.0,0.0,268.4684758841321,268.4684758841321,0.0,1.0
7651,2019-11-15 19:00:00,11,2019-11-15 20:00:00,0.13592,0.13592,0.13592,0.0,0.05,265.11034300427224,-0.0,0.0,0.0,265.11034300427224,265.11034300427224,0.0,1.0
7652,2019-11-15 20:00:00,11,2019-11-15 21:00:00,0.13592,0.13592,0.13592,0.0,0.05,230.92847692362545,-0.0,0.0,0.0,230.92847692362545,230.92847692362545,0.0,0.0
7653,2019-11-15 21:00:00,11,2019-11-15 22:00:00,0.10531,0.10531,0.10531,0.0,0.05,220.32711809031238,-0.0,0.0,0.0,220.32711809031238,220.32711809031238,0.0,0.0
7654,2019-11-15 22:00:00,11,2019-11-15 23:00:00,0.10531,0.10531,0.10531,0.0,0.05,202.40173678206034,-0.0,0.0,0.0,202.40173678206034,202.40173678206034,0.0,0.0
7655,2019-11-15 23:00:00,11,2019-11-16 00:00:00,0.10531,0.10531,0.10531,0.0,0.05,203.53677164299447,-0.0,0.0,0.0,203.53677164299447,203.53677164299447,0.0,0.0
7656,2019-11-16 00:00:00,11,2019-11-16 01:00:00,0.10531,0.10531,0.10531,0.0,0.05,201.16611858343956,-89.0377232527508,0.0,0.0,290.20384183619035,290.20384183619035,0.0,1.0
7657,2019-11-16 01:00:00,11,2019-11-16 02:00:00,0.10531,0.10531,0.10531,0.0,0.1865245089875512,201.37826537588177,-88.82557646030858,0.0,0.0,290.20384183619035,290.20384183619035,0.0,1.0
7658,2019-11-16 02:00:00,11,2019-11-16 03:00:00,0.10531,0.10531,0.10531,0.0,0.32272372622669104,201.60597074154222,-88.59787109464813,0.0,0.0,290.20384183619035,290.20384183619035,0.0,1.0
7659,2019-11-16 03:00:00,11,2019-11-16 04:00:00,0.10531,0.10531,0.10531,0.0,0.45857379523848485,202.37578172441627,-87.82806011177408,0.0,0.0,290.20384183619035,290.20384183619035,0.0,1.0
7660,2019-11-16 04:00:00,11,2019-11-16 05:00:00,0.10531,0.10531,0.10531,0.0,0.5932434874098718,225.69811774655258,-64.50572408963777,0.0,0.0,290.20384183619035,290.20384183619035,0.0,1.0
7661,2019-11-16 05:00:00,11,2019-11-16 06:00:00,0.10531,0.10531,0.10531,0.0,0.6921522643473164,226.3396288086186,-63.864213027571736,0.0,0.0,290.20384183619035,290.20384183619035,0.0,1.0
7662,2019-11-16 06:00:00,11,2019-11-16 07:00:00,0.10531,0.10531,0.10531,0.0,0.790077390989593,283.3384542251923,-6.865387610998027,0.0,0.0,290.20384183619035,290.20384183619035,0.0,1.0
7663,2019-11-16 07:00:00,11,2019-11-16 08:00:00,0.10531,0.10531,0.10531,0.0,0.80060431865979,312.72272651493796,-0.0,22.51888467874761,0.0,290.20384183619035,290.20384183619035,0.0,0.0
7664,2019-11-16 08:00:00,11,2019-11-16 09:00:00,0.10531,0.10531,0.10531,0.0,0.7598092377200298,321.8968313042753,-0.0,31.69298946808493,0.0,290.20384183619035,290.20384183619035,0.0,0.0
7665,2019-11-16 09:00:00,11,2019-11-16 10:00:00,0.10531,0.10531,0.10531,0.0,0.7023944017271224,325.3506282725434,-0.0,35.14678643635307,0.0,290.20384183619035,290.20384183619035,0.0,0.0
7666,2019-11-16 10:00:00,11,2019-11-16 11:00:00,0.10531,0.10531,0.10531,0.0,0.6387226871685118,325.69705267236435,-0.0,35.493210836174,0.0,290.20384183619035,290.20384183619035,0.0,0.0
7667,2019-11-16 11:00:00,11,2019-11-16 12:00:00,0.10531,0.10531,0.10531,0.0,0.5744233921754429,325.15432396703426,-0.0,34.95048213084391,0.0,290.20384183619035,290.20384183619035,0.0,0.0
7668,2019-11-16 12:00:00,11,2019-11-16 13:00:00,0.10531,0.10531,0.10531,0.0,0.5111073013586968,314.3495098981238,-0.0,24.145668061933463,0.0,290.20384183619035,290.20384183619035,0.0,0.0
7669,2019-11-16 13:00:00,11,2019-11-16 14:00:00,0.10531,0.10531,0.10531,0.0,0.46736514907258536,324.2118899916992,-0.0,34.008048155508845,0.0,290.20384183619035,290.20384183619035,0.0,0.0
7670,2019-11-16 14:00:00,11,2019-11-16 15:00:00,0.10531,0.10531,0.10531,0.0,0.40575636618217087,323.61721737185326,-0.0,33.41337553566291,0.0,290.20384183619035,290.20384183619035,0.0,0.0
7671,2019-11-16 15:00:00,11,2019-11-16 16:00:00,0.10531,0.10531,0.10531,0.0,0.3452248887624917,322.70127202690844,-0.0,32.49743019071809,0.0,290.20384183619035,290.20384183619035,0.0,0.0
7672,2019-11-16 16:00:00,11,2019-11-16 17:00:00,0.13592,0.13592,0.13592,0.0,0.2863527326198865,331.2512683059191,-0.0,79.61865341768203,0.0,251.63261488823707,251.63261488823707,0.0,0.0
7673,2019-11-16 17:00:00,11,2019-11-16 18:00:00,0.13592,0.13592,0.13592,0.0,0.14211604164582486,341.0518968246857,-0.0,50.848054988495335,0.0,290.20384183619035,290.20384183619035,0.0,0.0
7674,2019-11-16 18:00:00,11,2019-11-16 19:00:00,0.13592,0.13592,0.13592,0.0,0.05,269.27230662053745,-0.0,0.0,0.0,269.27230662053745,269.27230662053745,0.0,1.0
7675,2019-11-16 19:00:00,11,2019-11-16 20:00:00,0.13592,0.13592,0.13592,0.0,0.05,265.74617166604736,-0.0,0.0,0.0,265.74617166604736,265.74617166604736,0.0,1.0
7676,2019-11-16 20:00:00,11,2019-11-16 21:00:00,0.13592,0.13592,0.13592,0.0,0.05,231.05685273308555,-0.0,0.0,0.0,231.05685273308555,231.05685273308555,0.0,0.0
7677,2019-11-16 21:00:00,11,2019-11-16 22:00:00,0.10531,0.10531,0.10531,0.0,0.05,220.1125052240856,-70.09133661210475,0.0,0.0,290.20384183619035,290.20384183619035,0.0,1.0
7678,2019-11-16 22:00:00,11,2019-11-16 23:00:00,0.10531,0.10531,0.10531,0.0,0.1574733828052273,202.77555266799902,-12.643486491802213,0.0,0.0,215.41903915980123,215.41903915980123,0.0,1.0
7679,2019-11-16 23:00:00,11,2019-11-17 00:00:00,0.10531,0.10531,0.10531,0.0,0.17686006209265734,203.85956873392945,-0.0,0.0,0.0,203.85956873392945,203.85956873392945,0.0,0.0
7680,2019-11-17 00:00:00,11,2019-11-17 01:00:00,0.10531,0.10531,0.10531,0.0,0.17686006209265734,202.4623279704202,-87.74151386577014,0.0,0.0,290.20384183619035,290.20384183619035,0.0,1.0
7681,2019-11-17 01:00:00,11,2019-11-17 02:00:00,0.10531,0.10531,0.10531,0.0,0.31139705002017154,203.00621879303097,-87.19762304315938,0.0,0.0,290.20384183619035,290.20384183619035,0.0,1.0
7682,2019-11-17 02:00:00,11,2019-11-17 03:00:00,0.10531,0.10531,0.10531,0.0,0.4451000720196826,203.15341461820756,-87.05042721798279,0.0,0.0,290.20384183619035,290.20384183619035,0.0,1.0
7683,2019-11-17 03:00:00,11,2019-11-17 04:00:00,0.10531,0.10531,0.10531,0.0,0.5785773937539229,203.19114006012938,-87.01270177606096,0.0,0.0,290.20384183619035,290.20384183619035,0.0,1.0
7684,2019-11-17 04:00:00,11,2019-11-17 05:00:00,0.10531,0.10531,0.10531,0.0,0.7119968698105498,226.55847774779306,-63.64536408839729,0.0,0.0,290.20384183619035,290.20384183619035,0.0,1.0
7685,2019-11-17 05:00:00,11,2019-11-17 06:00:00,0.10531,0.10531,0.10531,0.0,0.8095864280794256,226.41058556773385,-63.7932562684565,0.0,0.0,290.20384183619035,290.20384183619035,0.0,1.0
7686,2019-11-17 06:00:00,11,2019-11-17 07:00:00,0.10531,0.10531,0.10531,0.0,0.9074027543577255,282.3117670153262,-7.8920748208641385,0.0,0.0,290.20384183619035,290.20384183619035,0.0,1.0
7687,2019-11-17 07:00:00,11,2019-11-17 08:00:00,0.10531,0.10531,0.10531,0.0,0.9195039357497173,310.55883524092457,-0.0,20.354993404734216,0.0,290.20384183619035,290.20384183619035,0.0,0.0
7688,2019-11-17 08:00:00,11,2019-11-17 09:00:00,0.10531,0.10531,0.10531,0.0,0.8826289476976626,321.62148329380346,-0.0,31.417641457613115,0.0,290.20384183619035,290.20384183619035,0.0,0.0
7689,2019-11-17 09:00:00,11,2019-11-17 10:00:00,0.10531,0.10531,0.10531,0.0,0.8257129305643055,331.07275409784387,-0.0,40.86891226165352,0.0,290.20384183619035,290.20384183619035,0.0,0.0
7690,2019-11-17 10:00:00,11,2019-11-17 11:00:00,0.10531,0.10531,0.10531,0.0,0.7516750460323245,334.0905887696159,-0.0,43.88674693342557,0.0,290.20384183619035,290.20384183619035,0.0,0.0
7691,2019-11-17 11:00:00,11,2019-11-17 12:00:00,0.10531,0.10531,0.10531,0.0,0.672170069703655,331.56635032395184,-0.0,41.36250848776149,0.0,290.20384183619035,290.20384183619035,0.0,0.0
7692,2019-11-17 12:00:00,11,2019-11-17 13:00:00,0.10531,0.10531,0.10531,0.0,0.5972379891098842,319.5104367812029,-0.0,29.306594945012534,0.0,290.20384183619035,290.20384183619035,0.0,0.0
7693,2019-11-17 13:00:00,11,2019-11-17 14:00:00,0.10531,0.10531,0.10531,0.0,0.5441463316008035,324.68707636145626,-0.0,34.483234525265914,0.0,290.20384183619035,290.20384183619035,0.0,0.0
7694,2019-11-17 14:00:00,11,2019-11-17 15:00:00,0.10531,0.10531,0.10531,0.0,0.4816767038376406,322.8119824271888,-0.0,32.60814059099846,0.0,290.20384183619035,290.20384183619035,0.0,0.0
7695,2019-11-17 15:00:00,11,2019-11-17 16:00:00,0.10531,0.10531,0.10531,0.0,0.4226039853756869,323.02924433014107,-0.0,32.82540249395072,0.0,290.20384183619035,290.20384183619035,0.0,0.0
7696,2019-11-17 16:00:00,11,2019-11-17 17:00:00,0.13592,0.13592,0.13592,0.0,0.3631376765098342,329.31366659982257,-0.0,131.4026389155675,0.0,197.91102768425506,197.91102768425506,0.0,0.0
7697,2019-11-17 17:00:00,11,2019-11-17 18:00:00,0.13592,0.13592,0.13592,0.0,0.12508941760482056,331.6532003540513,-0.0,41.44935851786096,0.0,290.20384183619035,290.20384183619035,0.0,0.0
7698,2019-11-17 18:00:00,11,2019-11-17 19:00:00,0.13592,0.13592,0.13592,0.0,0.05,265.37329540658493,-0.0,0.0,0.0,265.37329540658493,265.37329540658493,0.0,1.0
7699,2019-11-17 19:00:00,11,2019-11-17 20:00:00,0.13592,0.13592,0.13592,0.0,0.05,269.32412434470075,-0.0,0.0,0.0,269.32412434470075,269.32412434470075,0.0,0.0
7700,2019-11-17 20:00:00,11,2019-11-17 21:00:00,0.13592,0.13592,0.13592,0.0,0.05,236.42482592998425,-0.0,0.0,0.0,236.42482592998425,236.42482592998425,0.0,0.0
7701,2019-11-17 21:00:00,11,2019-11-17 22:00:00,0.10531,0.10531,0.10531,0.0,0.05,225.46027894192036,-0.0,0.0,0.0,225.46027894192036,225.46027894192036,0.0,0.0
7702,2019-11-17 22:00:00,11,2019-11-17 23:00:00,0.10531,0.10531,0.10531,0.0,0.05,207.70018197318717,-0.0,0.0,0.0,207.70018197318717,207.70018197318717,0.0,0.0
7703,2019-11-17 23:00:00,11,2019-11-18 00:00:00,0.10531,0.10531,0.10531,0.0,0.05,208.068232287418,-0.0,0.0,0.0,208.068232287418,208.068232287418,0.0,0.0
7704,2019-11-18 00:00:00,11,2019-11-18 01:00:00,0.10531,0.10531,0.10531,0.0,0.05,206.5093937971847,-83.60831615415925,0.0,0.0,290.11770995134395,290.11770995134395,0.0,1.0
7705,2019-11-18 01:00:00,11,2019-11-18 02:00:00,0.10531,0.10531,0.10531,0.0,0.17819941810304418,206.05214433161703,-84.06556561972694,0.0,0.0,290.11770995134395,290.11770995134395,0.0,1.0
7706,2019-11-18 02:00:00,11,2019-11-18 03:00:00,0.10531,0.10531,0.10531,0.0,0.30709995205329216,205.41767694160984,-84.70003300973413,0.0,0.0,290.11770995134395,290.11770995134395,0.0,1.0
7707,2019-11-18 03:00:00,11,2019-11-18 04:00:00,0.10531,0.10531,0.10531,0.0,0.43697333600155114,204.97899028704487,-85.1387196642991,0.0,0.0,290.11770995134395,290.11770995134395,0.0,1.0
7708,2019-11-18 04:00:00,11,2019-11-18 05:00:00,0.10531,0.10531,0.10531,0.0,0.5675193728201432,206.11070205886435,-84.00700789247962,0.0,0.0,290.11770995134395,290.11770995134395,0.0,1.0
7709,2019-11-18 05:00:00,11,2019-11-18 06:00:00,0.10531,0.10531,0.10531,0.0,0.6963301182552786,204.937912856447,-0.0,0.0,0.0,204.937912856447,204.937912856447,0.0,0.0
7710,2019-11-18 06:00:00,11,2019-11-18 07:00:00,0.10531,0.10531,0.10531,0.0,0.6963301182552786,222.02532086362885,-0.0,0.0,0.0,222.02532086362885,222.02532086362885,0.0,0.0
7711,2019-11-18 07:00:00,11,2019-11-18 08:00:00,0.10531,0.10531,0.10531,0.0,0.6963301182552786,249.2460502810112,-40.87165967033276,0.0,0.0,290.11770995134395,290.11770995134395,0.0,1.0
7712,2019-11-18 08:00:00,11,2019-11-18 09:00:00,0.10531,0.10531,0.10531,0.0,0.7589999964164554,252.54360581162447,-37.574104139719495,0.0,0.0,290.11770995134395,290.11770995134395,0.0,1.0
7713,2019-11-18 09:00:00,11,2019-11-18 10:00:00,0.10531,0.10531,0.10531,0.0,0.8166136227640254,281.46590914300685,-8.651800808337116,0.0,0.0,290.11770995134395,290.11770995134395,0.0,1.0
7714,2019-11-18 10:00:00,11,2019-11-18 11:00:00,0.10531,0.10531,0.10531,0.0,0.829879717336809,283.4964554605091,-0.0,0.0,0.0,283.496455460509,283.496455460509,0.0,0.0
7715,2019-11-18 11:00:00,11,2019-11-18 12:00:00,0.10531,0.10531,0.10531,0.0,0.829879717336809,281.08049381944573,-9.037216131898235,0.0,0.0,290.11770995134395,290.11770995134395,0.0,1.0
7716,2019-11-18 12:00:00,11,2019-11-18 13:00:00,0.10531,0.10531,0.10531,0.0,0.8437367820723863,272.15805150300565,-17.959658448338416,0.0,0.0,290.11770995134407,290.11770995134407,0.0,1.0
7717,2019-11-18 13:00:00,11,2019-11-18 14:00:00,0.10531,0.10531,0.10531,0.0,0.8712749250265053,268.59349181990433,-21.52421813143974,0.0,0.0,290.11770995134407,290.11770995134407,0.0,1.0
7718,2019-11-18 14:00:00,11,2019-11-18 15:00:00,0.10531,0.10531,0.10531,0.0,0.9042787261613794,267.66597143085414,-22.451738520489926,0.0,0.0,290.11770995134407,290.11770995134407,0.0,1.0
7719,2019-11-18 15:00:00,11,2019-11-18 16:00:00,0.10531,0.10531,0.10531,0.0,0.9387047252261308,250.14253075099452,-39.97517920034954,0.0,0.0,290.11770995134407,290.11770995134407,0.0,1.0
7720,2019-11-18 16:00:00,11,2019-11-18 17:00:00,0.13592,0.13592,0.13592,0.0,1.0,257.33234038021595,-0.0,257.33234038021595,0.0,0.0,0.0,0.0,0.0
7721,2019-11-18 17:00:00,11,2019-11-18 18:00:00,0.13592,0.13592,0.13592,0.0,0.5338182239488841,250.03027214786127,-0.0,61.833123083292975,0.0,188.1971490645683,188.1971490645683,0.0,0.0
7722,2019-11-18 18:00:00,11,2019-11-18 19:00:00,0.13592,0.13592,0.13592,0.0,0.42180169662407807,238.26244821917024,-0.0,0.0,0.0,238.26244821917024,238.26244821917024,0.0,0.0
7723,2019-11-18 19:00:00,11,2019-11-18 20:00:00,0.13592,0.13592,0.13592,0.0,0.42180169662407807,234.2809972937579,-0.0,0.0,0.0,234.2809972937579,234.2809972937579,0.0,0.0
7724,2019-11-18 20:00:00,11,2019-11-18 21:00:00,0.13592,0.13592,0.13592,0.0,0.42180169662407807,205.2345365364911,-0.0,205.2345365364911,0.0,0.0,0.0,0.0,0.0
7725,2019-11-18 21:00:00,11,2019-11-18 22:00:00,0.10531,0.10531,0.10531,0.0,0.05,203.8724808206719,-0.0,0.0,0.0,203.8724808206719,203.8724808206719,0.0,0.0
7726,2019-11-18 22:00:00,11,2019-11-18 23:00:00,0.10531,0.10531,0.10531,0.0,0.05,200.58166080645273,-0.0,0.0,0.0,200.58166080645273,200.58166080645273,0.0,0.0
7727,2019-11-18 23:00:00,11,2019-11-19 00:00:00,0.10531,0.10531,0.10531,0.0,0.05,201.34628553323685,-0.0,0.0,0.0,201.34628553323685,201.34628553323685,0.0,0.0
7728,2019-11-19 00:00:00,11,2019-11-19 01:00:00,0.10531,0.10531,0.10531,0.0,0.05,194.18241673018076,-0.0,0.0,0.0,194.18241673018076,194.18241673018076,0.0,0.0
7729,2019-11-19 01:00:00,11,2019-11-19 02:00:00,0.10531,0.10531,0.10531,0.0,0.05,193.13724929180367,-0.0,0.0,0.0,193.13724929180367,193.13724929180367,0.0,0.0
7730,2019-11-19 02:00:00,11,2019-11-19 03:00:00,0.10531,0.10531,0.10531,0.0,0.05,194.51875405600566,-0.0,0.0,0.0,194.51875405600566,194.51875405600566,0.0,0.0
7731,2019-11-19 03:00:00,11,2019-11-19 04:00:00,0.10531,0.10531,0.10531,0.0,0.05,193.857265171181,-0.0,0.0,0.0,193.857265171181,193.857265171181,0.0,0.0
7732,2019-11-19 04:00:00,11,2019-11-19 05:00:00,0.10531,0.10531,0.10531,0.0,0.05,195.42397254634088,-0.0,0.0,0.0,195.42397254634088,195.42397254634088,0.0,0.0
7733,2019-11-19 05:00:00,11,2019-11-19 06:00:00,0.10531,0.10531,0.10531,0.0,0.05,193.3562911322513,-95.43179496535488,0.0,0.0,288.7880860976062,288.7880860976062,0.0,1.0
7734,2019-11-19 06:00:00,11,2019-11-19 07:00:00,0.10531,0.10531,0.10531,0.0,0.19632875228021082,206.03577414560556,-0.0,0.0,0.0,206.03577414560556,206.03577414560556,0.0,0.0
7735,2019-11-19 07:00:00,11,2019-11-19 08:00:00,0.10531,0.10531,0.10531,0.0,0.19632875228021082,209.4846190242875,-79.30346707331869,0.0,0.0,288.7880860976062,288.7880860976062,0.0,1.0
7736,2019-11-19 08:00:00,11,2019-11-19 09:00:00,0.10531,0.10531,0.10531,0.0,0.3179274017926328,229.9002874827627,-58.887798614843476,0.0,0.0,288.7880860976062,288.7880860976062,0.0,1.0
7737,2019-11-19 09:00:00,11,2019-11-19 10:00:00,0.10531,0.10531,0.10531,0.0,0.4082220263353928,231.57026227853552,-57.21782381907066,0.0,0.0,288.7880860976062,288.7880860976062,0.0,1.0
7738,2019-11-19 10:00:00,11,2019-11-19 11:00:00,0.10531,0.10531,0.10531,0.0,0.49595602285796775,236.39259408793993,-52.395492009666256,0.0,0.0,288.7880860976062,288.7880860976062,0.0,1.0
7739,2019-11-19 11:00:00,11,2019-11-19 12:00:00,0.10531,0.10531,0.10531,0.0,0.5762957772727895,238.62182641485742,-50.16625968274876,0.0,0.0,288.7880860976062,288.7880860976062,0.0,1.0
7740,2019-11-19 12:00:00,11,2019-11-19 13:00:00,0.10531,0.10531,0.10531,0.0,0.6532173754530042,237.32991025848878,-47.210908623364936,0.0,0.0,284.54081888185374,284.54081888185374,0.0,1.0
7741,2019-11-19 13:00:00,11,2019-11-19 14:00:00,0.10531,0.10531,0.10531,0.0,0.7256074353421638,231.98236494031596,-58.22147689587439,0.0,0.0,290.20384183619035,290.20384183619035,0.0,1.0
7742,2019-11-19 14:00:00,11,2019-11-19 15:00:00,0.10531,0.10531,0.10531,0.0,0.8148803665825045,230.0549901167401,-60.14885171945025,0.0,0.0,290.20384183619035,290.20384183619035,0.0,1.0
7743,2019-11-19 15:00:00,11,2019-11-19 16:00:00,0.10531,0.10531,0.10531,0.0,0.9071086058856614,229.62249784857832,-60.58134398761203,0.0,0.0,290.20384183619035,290.20384183619035,0.0,1.0
7744,2019-11-19 16:00:00,11,2019-11-19 17:00:00,0.13592,0.13592,0.13592,0.0,1.0,230.11727950666776,-0.0,230.11727950666776,0.0,0.0,0.0,0.0,0.0
7745,2019-11-19 17:00:00,11,2019-11-19 18:00:00,0.13592,0.13592,0.13592,0.0,0.5831208704589352,225.41167229596724,-0.0,225.41167229596724,0.0,0.0,0.0,0.0,0.0
7746,2019-11-19 18:00:00,11,2019-11-19 19:00:00,0.13592,0.13592,0.13592,0.0,0.17476639166189314,215.05469452347222,-0.0,68.87104819736503,0.0,146.18364632610718,146.18364632610718,0.0,0.0
7747,2019-11-19 19:00:00,11,2019-11-19 20:00:00,0.13592,0.13592,0.13592,0.0,0.05,210.9778661568539,-0.0,0.0,0.0,210.9778661568539,210.9778661568539,0.0,0.0
7748,2019-11-19 20:00:00,11,2019-11-19 21:00:00,0.13592,0.13592,0.13592,0.0,0.05,201.35469557756286,-0.0,0.0,0.0,201.35469557756286,201.35469557756286,0.0,0.0
7749,2019-11-19 21:00:00,11,2019-11-19 22:00:00,0.10531,0.10531,0.10531,0.0,0.05,200.24667522075615,-0.0,0.0,0.0,200.24667522075615,200.24667522075615,0.0,0.0
7750,2019-11-19 22:00:00,11,2019-11-19 23:00:00,0.10531,0.10531,0.10531,0.0,0.05,198.86932688082766,-0.0,0.0,0.0,198.86932688082766,198.86932688082766,0.0,0.0
7751,2019-11-19 23:00:00,11,2019-11-20 00:00:00,0.10531,0.10531,0.10531,0.0,0.05,198.37154281808708,-0.0,0.0,0.0,198.37154281808708,198.37154281808708,0.0,0.0
7752,2019-11-20 00:00:00,11,2019-11-20 01:00:00,0.10531,0.10531,0.10531,0.0,0.05,197.73937593596952,-92.46446590022083,0.0,0.0,290.20384183619035,290.20384183619035,0.0,1.0
7753,2019-11-20 01:00:00,11,2019-11-20 02:00:00,0.10531,0.10531,0.10531,0.0,0.19177884771367193,197.3913659673379,-92.81247586885246,0.0,0.0,290.20384183619035,290.20384183619035,0.0,1.0
7754,2019-11-20 02:00:00,11,2019-11-20 03:00:00,0.10531,0.10531,0.10531,0.0,0.3340913107125791,197.33890521781697,-92.86493661837338,0.0,0.0,290.20384183619035,290.20384183619035,0.0,1.0
7755,2019-11-20 03:00:00,11,2019-11-20 04:00:00,0.10531,0.10531,0.10531,0.0,0.4764842135274182,193.95278951138982,-96.25105232480053,0.0,0.0,290.20384183619035,290.20384183619035,0.0,1.0
7756,2019-11-20 04:00:00,11,2019-11-20 05:00:00,0.10531,0.10531,0.10531,0.0,0.6240691604254458,211.30658912930375,-78.8972527068866,0.0,0.0,290.20384183619035,290.20384183619035,0.0,1.0
7757,2019-11-20 05:00:00,11,2019-11-20 06:00:00,0.10531,0.10531,0.10531,0.0,0.7450449479093386,208.90526327527655,-81.2985785609138,0.0,0.0,290.20384183619035,290.20384183619035,0.0,1.0
7758,2019-11-20 06:00:00,11,2019-11-20 07:00:00,0.10531,0.10531,0.10531,0.0,0.8697027683694064,262.52368564586095,-27.6801561903294,0.0,0.0,290.20384183619035,290.20384183619035,0.0,1.0
7759,2019-11-20 07:00:00,11,2019-11-20 08:00:00,0.10531,0.10531,0.10531,0.0,0.9121456745279115,294.32628399186444,-0.0,4.1224421556740936,0.0,290.20384183619035,290.20384183619035,0.0,0.0
7760,2019-11-20 08:00:00,11,2019-11-20 09:00:00,0.10531,0.10531,0.10531,0.0,0.9046774822169077,309.95118048567025,-0.0,19.7473386494799,0.0,290.20384183619035,290.20384183619035,0.0,0.0
7761,2019-11-20 09:00:00,11,2019-11-20 10:00:00,0.10531,0.10531,0.10531,0.0,0.8689033179968355,322.65952206286073,-0.0,32.45568022667038,0.0,290.20384183619035,290.20384183619035,0.0,0.0
7762,2019-11-20 10:00:00,11,2019-11-20 11:00:00,0.10531,0.10531,0.10531,0.0,0.8101067958470702,328.3110186747517,-0.0,38.10717683856137,0.0,290.20384183619035,290.20384183619035,0.0,0.0
7763,2019-11-20 11:00:00,11,2019-11-20 12:00:00,0.10531,0.10531,0.10531,0.0,0.7410720551975025,332.17032407313985,-0.0,41.9664822369495,0.0,290.20384183619035,290.20384183619035,0.0,0.0
7764,2019-11-20 12:00:00,11,2019-11-20 13:00:00,0.10531,0.10531,0.10531,0.0,0.6650458192609997,317.16342858367125,-0.0,26.9595867474809,0.0,290.20384183619035,290.20384183619035,0.0,0.0
7765,2019-11-20 13:00:00,11,2019-11-20 14:00:00,0.10531,0.10531,0.10531,0.0,0.6162059881967228,323.11660709212356,-0.0,32.91276525593321,0.0,290.20384183619035,290.20384183619035,0.0,0.0
7766,2019-11-20 14:00:00,11,2019-11-20 15:00:00,0.10531,0.10531,0.10531,0.0,0.5565814134577134,324.04593054233993,-0.0,33.84208870614958,0.0,290.20384183619035,290.20384183619035,0.0,0.0
7767,2019-11-20 15:00:00,11,2019-11-20 16:00:00,0.10531,0.10531,0.10531,0.0,0.49527328174367424,325.6559750004655,-0.0,35.45213316427515,0.0,290.20384183619035,290.20384183619035,0.0,0.0
7768,2019-11-20 16:00:00,11,2019-11-20 17:00:00,0.13592,0.13592,0.13592,0.0,0.4310484028228859,333.3811266672038,-0.0,165.3756292562825,0.0,168.00549741092127,168.00549741092127,0.0,0.0
7769,2019-11-20 17:00:00,11,2019-11-20 18:00:00,0.13592,0.13592,0.13592,0.0,0.13145487156150457,335.16693093814087,-0.0,44.963089101950516,0.0,290.20384183619035,290.20384183619035,0.0,0.0
7770,2019-11-20 18:00:00,11,2019-11-20 19:00:00,0.13592,0.13592,0.13592,0.0,0.05,265.92281377071674,-0.0,0.0,0.0,265.92281377071674,265.92281377071674,0.0,0.0
7771,2019-11-20 19:00:00,11,2019-11-20 20:00:00,0.13592,0.13592,0.13592,0.0,0.05,263.8259889314671,-0.0,0.0,0.0,263.8259889314671,263.8259889314671,0.0,0.0
7772,2019-11-20 20:00:00,11,2019-11-20 21:00:00,0.13592,0.13592,0.13592,0.0,0.05,229.71984580753906,-0.0,0.0,0.0,229.71984580753906,229.71984580753906,0.0,0.0
7773,2019-11-20 21:00:00,11,2019-11-20 22:00:00,0.10531,0.10531,0.10531,0.0,0.05,219.05639363505185,-0.0,0.0,0.0,219.05639363505185,219.05639363505185,0.0,0.0
7774,2019-11-20 22:00:00,11,2019-11-20 23:00:00,0.10531,0.10531,0.10531,0.0,0.05,202.2691742203139,-0.0,0.0,0.0,202.2691742203139,202.2691742203139,0.0,0.0
7775,2019-11-20 23:00:00,11,2019-11-21 00:00:00,0.10531,0.10531,0.10531,0.0,0.05,202.84215673617317,-0.0,0.0,0.0,202.84215673617317,202.84215673617317,0.0,0.0
7776,2019-11-21 00:00:00,11,2019-11-21 01:00:00,0.10531,0.10531,0.10531,0.0,0.05,200.38692607778393,-89.81691575840642,0.0,0.0,290.20384183619035,290.20384183619035,0.0,1.0
7777,2019-11-21 01:00:00,11,2019-11-21 02:00:00,0.10531,0.10531,0.10531,0.0,0.18771927082955653,195.94053829439034,-94.26330354180001,0.0,0.0,290.20384183619035,290.20384183619035,0.0,1.0
7778,2019-11-21 02:00:00,11,2019-11-21 03:00:00,0.10531,0.10531,0.10531,0.0,0.33225633626031653,189.61976155761886,-100.58408027857149,0.0,0.0,290.20384183619035,290.20384183619035,0.0,1.0
7779,2019-11-21 03:00:00,11,2019-11-21 04:00:00,0.10531,0.10531,0.10531,0.0,0.4864852593541262,186.4733932542419,-103.73044858194845,0.0,0.0,290.20384183619035,290.20384183619035,0.0,1.0
7780,2019-11-21 04:00:00,11,2019-11-21 05:00:00,0.10531,0.10531,0.10531,0.0,0.6455386138464472,208.7243003401914,-81.47954149599894,0.0,0.0,290.20384183619035,290.20384183619035,0.0,1.0
7781,2019-11-21 05:00:00,11,2019-11-21 06:00:00,0.10531,0.10531,0.10531,0.0,0.7704739108069789,210.4983849789798,-79.70545685721055,0.0,0.0,290.20384183619035,290.20384183619035,0.0,1.0
7782,2019-11-21 06:00:00,11,2019-11-21 07:00:00,0.10531,0.10531,0.10531,0.0,0.8926889446547017,265.1249018680784,-25.078939968111968,0.0,0.0,290.20384183619035,290.20384183619035,0.0,1.0
7783,2019-11-21 07:00:00,11,2019-11-21 08:00:00,0.10531,0.10531,0.10531,0.0,0.9311433192724733,297.59520351982536,-0.0,7.391361683635012,0.0,290.20384183619035,290.20384183619035,0.0,0.0
7784,2019-11-21 08:00:00,11,2019-11-21 09:00:00,0.10531,0.10531,0.10531,0.0,0.9177531712948737,311.86976302533344,-0.0,21.66592118914309,0.0,290.20384183619035,290.20384183619035,0.0,0.0
7785,2019-11-21 09:00:00,11,2019-11-21 10:00:00,0.10531,0.10531,0.10531,0.0,0.8785033140681651,322.5793294485778,-0.0,32.375487612387474,0.0,290.20384183619035,290.20384183619035,0.0,0.0
7786,2019-11-21 10:00:00,11,2019-11-21 11:00:00,0.10531,0.10531,0.10531,0.0,0.8198520683935502,328.0124608289438,-0.0,37.80861899275345,0.0,290.20384183619035,290.20384183619035,0.0,0.0
7787,2019-11-21 11:00:00,11,2019-11-21 12:00:00,0.10531,0.10531,0.10531,0.0,0.751358193406678,331.12372403116075,-0.0,40.9198821949704,0.0,290.20384183619035,290.20384183619035,0.0,0.0
7788,2019-11-21 12:00:00,11,2019-11-21 13:00:00,0.10531,0.10531,0.10531,0.0,0.677227972038978,322.6079301084302,-0.0,32.404088272239846,0.0,290.20384183619035,290.20384183619035,0.0,0.0
7789,2019-11-21 13:00:00,11,2019-11-21 14:00:00,0.10531,0.10531,0.10531,0.0,0.6185249135747755,326.09651649058713,-0.0,35.892674654396785,0.0,290.20384183619035,290.20384183619035,0.0,0.0
7790,2019-11-21 14:00:00,11,2019-11-21 15:00:00,0.10531,0.10531,0.10531,0.0,0.5535019522443465,323.2455199128687,-0.0,33.04167807667835,0.0,290.20384183619035,290.20384183619035,0.0,0.0
7791,2019-11-21 15:00:00,11,2019-11-21 16:00:00,0.10531,0.10531,0.10531,0.0,0.4936438397865959,325.5790401754847,-0.0,35.37519833929434,0.0,290.20384183619035,290.20384183619035,0.0,0.0
7792,2019-11-21 16:00:00,11,2019-11-21 17:00:00,0.13592,0.13592,0.13592,0.0,0.42955833554874384,334.0336461094687,-0.0,43.82980427327834,0.0,290.20384183619035,290.20384183619035,0.0,0.0
7793,2019-11-21 17:00:00,11,2019-11-21 18:00:00,0.13592,0.13592,0.13592,0.0,0.3501565162130946,338.9579692761174,-0.0,165.68639694962826,0.0,173.27157232648915,173.27157232648915,0.0,0.0
7794,2019-11-21 18:00:00,11,2019-11-21 19:00:00,0.13592,0.13592,0.13592,0.0,0.05,270.96808549646244,-0.0,0.0,0.0,270.96808549646244,270.96808549646244,0.0,0.0
7795,2019-11-21 19:00:00,11,2019-11-21 20:00:00,0.13592,0.13592,0.13592,0.0,0.05,268.3354696463155,-0.0,0.0,0.0,268.3354696463155,268.3354696463155,0.0,1.0
7796,2019-11-21 20:00:00,11,2019-11-21 21:00:00,0.13592,0.13592,0.13592,0.0,0.05,233.6788195989591,-0.0,0.0,0.0,233.6788195989591,233.6788195989591,0.0,0.0
7797,2019-11-21 21:00:00,11,2019-11-21 22:00:00,0.10531,0.10531,0.10531,0.0,0.05,223.93998873519183,-49.1415558763225,0.0,0.0,273.08154461151435,273.08154461151435,0.0,1.0
7798,2019-11-21 22:00:00,11,2019-11-21 23:00:00,0.10531,0.10531,0.10531,0.0,0.12535038567702783,207.8664626881432,-0.0,0.0,0.0,207.8664626881432,207.8664626881432,0.0,0.0
7799,2019-11-21 23:00:00,11,2019-11-22 00:00:00,0.10531,0.10531,0.10531,0.0,0.12535038567702783,209.117704946049,-0.0,0.0,0.0,209.117704946049,209.117704946049,0.0,0.0
7800,2019-11-22 00:00:00,11,2019-11-22 01:00:00,0.10531,0.10531,0.10531,0.0,0.12535038567702783,206.238694626082,-83.96514721010834,0.0,0.0,290.20384183619035,290.20384183619035,0.0,1.0
7801,2019-11-22 01:00:00,11,2019-11-22 02:00:00,0.10531,0.10531,0.10531,0.0,0.25409694473252725,206.297059687576,-83.90678214861435,0.0,0.0,290.20384183619035,290.20384183619035,0.0,1.0
7802,2019-11-22 02:00:00,11,2019-11-22 03:00:00,0.10531,0.10531,0.10531,0.0,0.38275401069373594,205.93133239738012,-84.27250943881023,0.0,0.0,290.20384183619035,290.20384183619035,0.0,1.0
7803,2019-11-22 03:00:00,11,2019-11-22 04:00:00,0.10531,0.10531,0.10531,0.0,0.5119718584999117,205.83760659092798,-84.36623524526237,0.0,0.0,290.20384183619035,290.20384183619035,0.0,1.0
7804,2019-11-22 04:00:00,11,2019-11-22 05:00:00,0.10531,0.10531,0.10531,0.0,0.6413334192093139,228.90686349535656,-61.29697834083379,0.0,0.0,290.20384183619035,290.20384183619035,0.0,1.0
7805,2019-11-22 05:00:00,11,2019-11-22 06:00:00,0.10531,0.10531,0.10531,0.0,0.7353221193319257,229.44496725137026,-60.75887458482009,0.0,0.0,290.20384183619035,290.20384183619035,0.0,1.0
7806,2019-11-22 06:00:00,11,2019-11-22 07:00:00,0.10531,0.10531,0.10531,0.0,0.8284857270286498,287.2866427701845,-2.9171990660058214,0.0,0.0,290.20384183619035,290.20384183619035,0.0,1.0
7807,2019-11-22 07:00:00,11,2019-11-22 08:00:00,0.10531,0.10531,0.10531,0.0,0.8329587655965254,312.8558926397821,-0.0,22.65205080359175,0.0,290.20384183619035,290.20384183619035,0.0,0.0
7808,2019-11-22 08:00:00,11,2019-11-22 09:00:00,0.10531,0.10531,0.10531,0.0,0.7919224416769751,319.8877739565992,-0.0,29.683932120408826,0.0,290.20384183619035,290.20384183619035,0.0,0.0
7809,2019-11-22 09:00:00,11,2019-11-22 10:00:00,0.10531,0.10531,0.10531,0.0,0.7381472023284084,320.3805144993083,-0.0,30.176672663117927,0.0,290.20384183619035,290.20384183619035,0.0,0.0
7810,2019-11-22 10:00:00,11,2019-11-22 11:00:00,0.10531,0.10531,0.10531,0.0,0.6834793170691368,321.3008758128543,-0.0,31.097033976663965,0.0,290.20384183619035,290.20384183619035,0.0,0.0
7811,2019-11-22 11:00:00,11,2019-11-22 12:00:00,0.10531,0.10531,0.10531,0.0,0.6271441105896731,321.4956390824007,-0.0,31.291797246210365,0.0,290.20384183619035,290.20384183619035,0.0,0.0
7812,2019-11-22 12:00:00,11,2019-11-22 13:00:00,0.10531,0.10531,0.10531,0.0,0.5704560721001616,310.11172951989084,-0.0,19.907887683700494,0.0,290.20384183619035,290.20384183619035,0.0,0.0
7813,2019-11-22 13:00:00,11,2019-11-22 14:00:00,0.10531,0.10531,0.10531,0.0,0.5343910581804143,317.79908115857774,-0.0,27.595239322387386,0.0,290.20384183619035,290.20384183619035,0.0,0.0
7814,2019-11-22 14:00:00,11,2019-11-22 15:00:00,0.10531,0.10531,0.10531,0.0,0.48439968259637917,317.7170208245232,-0.0,27.513178988332868,0.0,290.20384183619035,290.20384183619035,0.0,0.0
7815,2019-11-22 15:00:00,11,2019-11-22 16:00:00,0.10531,0.10531,0.10531,0.0,0.43455696703780516,318.9030184104104,-0.0,28.699176574220076,0.0,290.20384183619035,290.20384183619035,0.0,0.0
7816,2019-11-22 16:00:00,11,2019-11-22 17:00:00,0.13592,0.13592,0.13592,0.0,0.38256570512798616,322.24067793611465,-0.0,32.0368360999243,0.0,290.20384183619035,290.20384183619035,0.0,0.0
7817,2019-11-22 17:00:00,11,2019-11-22 18:00:00,0.13592,0.13592,0.13592,0.0,0.32452795857015226,326.52711719014684,-0.0,151.53943313072406,0.0,174.98768405942278,174.98768405942278,0.0,0.0
7818,2019-11-22 18:00:00,11,2019-11-22 19:00:00,0.13592,0.13592,0.13592,0.0,0.05,260.82841784538846,-0.0,0.0,0.0,260.82841784538846,260.82841784538846,0.0,0.0
7819,2019-11-22 19:00:00,11,2019-11-22 20:00:00,0.13592,0.13592,0.13592,0.0,0.05,265.26095602619273,-0.0,0.0,0.0,265.26095602619273,265.26095602619273,0.0,1.0
7820,2019-11-22 20:00:00,11,2019-11-22 21:00:00,0.13592,0.13592,0.13592,0.0,0.05,234.79765268360927,-0.0,0.0,0.0,234.79765268360927,234.79765268360927,0.0,0.0
7821,2019-11-22 21:00:00,11,2019-11-22 22:00:00,0.10531,0.10531,0.10531,0.0,0.05,224.3804605607183,-0.0,0.0,0.0,224.3804605607183,224.3804605607183,0.0,0.0
7822,2019-11-22 22:00:00,11,2019-11-22 23:00:00,0.10531,0.10531,0.10531,0.0,0.05,209.43470889085927,-0.0,0.0,0.0,209.43470889085927,209.43470889085927,0.0,0.0
7823,2019-11-22 23:00:00,11,2019-11-23 00:00:00,0.10531,0.10531,0.10531,0.0,0.05,208.49837068624308,-0.0,0.0,0.0,208.49837068624308,208.49837068624308,0.0,0.0
7824,2019-11-23 00:00:00,11,2019-11-23 01:00:00,0.10531,0.10531,0.10531,0.0,0.05,203.52447696122786,-0.0,0.0,0.0,203.52447696122786,203.52447696122786,0.0,0.0
7825,2019-11-23 01:00:00,11,2019-11-23 02:00:00,0.10531,0.10531,0.10531,0.0,0.05,203.66346509480894,-0.0,0.0,0.0,203.66346509480894,203.66346509480894,0.0,0.0
7826,2019-11-23 02:00:00,11,2019-11-23 03:00:00,0.10531,0.10531,0.10531,0.0,0.05,203.528088057125,-0.0,0.0,0.0,203.528088057125,203.528088057125,0.0,0.0
7827,2019-11-23 03:00:00,11,2019-11-23 04:00:00,0.10531,0.10531,0.10531,0.0,0.05,203.48884640056403,-0.0,0.0,0.0,203.48884640056403,203.48884640056403,0.0,0.0
7828,2019-11-23 04:00:00,11,2019-11-23 05:00:00,0.10531,0.10531,0.10531,0.0,0.05,206.105330762383,-83.05161682031454,0.0,0.0,289.1569475826975,289.1569475826975,0.0,1.0
7829,2019-11-23 05:00:00,11,2019-11-23 06:00:00,0.10531,0.10531,0.10531,0.0,0.17734581245781564,204.35544854443444,-84.8014990382631,0.0,0.0,289.1569475826975,289.1569475826975,0.0,1.0
7830,2019-11-23 06:00:00,11,2019-11-23 07:00:00,0.10531,0.10531,0.10531,0.0,0.3073747776498191,220.10501541669754,-69.051932166,0.0,0.0,289.1569475826975,289.1569475826975,0.0,1.0
7831,2019-11-23 07:00:00,11,2019-11-23 08:00:00,0.10531,0.10531,0.10531,0.0,0.41325440697101906,216.98415681357977,-72.17279076911777,0.0,0.0,289.1569475826975,289.1569475826975,0.0,1.0
7832,2019-11-23 08:00:00,11,2019-11-23 09:00:00,0.10531,0.10531,0.10531,0.0,0.5239193528169996,238.35927814793212,-50.797669434765425,0.0,0.0,289.1569475826975,289.1569475826975,0.0,1.0
7833,2019-11-23 09:00:00,11,2019-11-23 10:00:00,0.10531,0.10531,0.10531,0.0,0.6018091126169732,235.81605148896787,-0.0,0.0,0.0,235.81605148896787,235.81605148896787,0.0,0.0
7834,2019-11-23 10:00:00,11,2019-11-23 11:00:00,0.10531,0.10531,0.10531,0.0,0.6018091126169732,237.2554791049998,-51.90146847769773,0.0,0.0,289.1569475826975,289.1569475826975,0.0,1.0
7835,2019-11-23 11:00:00,11,2019-11-23 12:00:00,0.10531,0.10531,0.10531,0.0,0.6813913642827765,238.01224748596167,-51.144700096735875,0.0,0.0,289.1569475826975,289.1569475826975,0.0,1.0
7836,2019-11-23 12:00:00,11,2019-11-23 13:00:00,0.10531,0.10531,0.10531,0.0,0.7598132377644382,238.24581794062536,-48.81734113508642,0.0,0.0,287.0631590757118,287.0631590757118,0.0,1.0
7837,2019-11-23 13:00:00,11,2019-11-23 14:00:00,0.10531,0.10531,0.10531,0.0,0.8346664941715708,236.32040917350128,-53.883432662689074,0.0,0.0,290.20384183619035,290.20384183619035,0.0,1.0
7838,2019-11-23 14:00:00,11,2019-11-23 15:00:00,0.10531,0.10531,0.10531,0.0,0.917287757587694,236.26107504555603,-53.94276679063432,0.0,0.0,290.20384183619035,290.20384183619035,0.0,1.0
7839,2019-11-23 15:00:00,11,2019-11-23 16:00:00,0.10531,0.10531,0.10531,0.0,1.0,233.5790910299899,-0.0,0.0,0.0,233.5790910299899,233.5790910299899,0.0,0.0
7840,2019-11-23 16:00:00,11,2019-11-23 17:00:00,0.13592,0.13592,0.13592,0.0,1.0,227.40606839809823,-0.0,227.40606839809823,0.0,0.0,0.0,0.0,0.0
7841,2019-11-23 17:00:00,11,2019-11-23 18:00:00,0.13592,0.13592,0.13592,0.0,0.588032484786054,223.16083389712017,-0.0,223.16083389712017,0.0,0.0,0.0,0.0,0.0
7842,2019-11-23 18:00:00,11,2019-11-23 19:00:00,0.13592,0.13592,0.13592,0.0,0.18375561178402472,217.50177466502242,-0.0,73.83309770478165,0.0,143.66867696024076,143.66867696024076,0.0,0.0
7843,2019-11-23 19:00:00,11,2019-11-23 20:00:00,0.13592,0.13592,0.13592,0.0,0.05,215.43629940712728,-0.0,0.0,0.0,215.43629940712728,215.43629940712728,0.0,0.0
7844,2019-11-23 20:00:00,11,2019-11-23 21:00:00,0.13592,0.13592,0.13592,0.0,0.05,207.44850401203544,-0.0,0.0,0.0,207.44850401203544,207.44850401203544,0.0,0.0
7845,2019-11-23 21:00:00,11,2019-11-23 22:00:00,0.10531,0.10531,0.10531,0.0,0.05,204.53227988034004,-0.0,0.0,0.0,204.53227988034004,204.53227988034004,0.0,0.0
7846,2019-11-23 22:00:00,11,2019-11-23 23:00:00,0.10531,0.10531,0.10531,0.0,0.05,203.27790085235475,-0.0,0.0,0.0,203.27790085235475,203.27790085235475,0.0,0.0
7847,2019-11-23 23:00:00,11,2019-11-24 00:00:00,0.10531,0.10531,0.10531,0.0,0.05,202.60920884630434,-0.0,0.0,0.0,202.60920884630434,202.60920884630434,0.0,0.0
7848,2019-11-24 00:00:00,11,2019-11-24 01:00:00,0.10531,0.10531,0.10531,0.0,0.05,201.28033145924257,-88.92351037694777,0.0,0.0,290.20384183619035,290.20384183619035,0.0,1.0
7849,2019-11-24 01:00:00,11,2019-11-24 02:00:00,0.10531,0.10531,0.10531,0.0,0.18634938257798658,201.42085045920734,-88.782991376983,0.0,0.0,290.20384183619035,290.20384183619035,0.0,1.0
7850,2019-11-24 02:00:00,11,2019-11-24 03:00:00,0.10531,0.10531,0.10531,0.0,0.32248330268936054,201.44796737599037,-88.75587446019998,0.0,0.0,290.20384183619035,290.20384183619035,0.0,1.0
7851,2019-11-24 03:00:00,11,2019-11-24 04:00:00,0.10531,0.10531,0.10531,0.0,0.4585756435283338,201.39647203897053,-88.80736979721982,0.0,0.0,290.20384183619035,290.20384183619035,0.0,1.0
7852,2019-11-24 04:00:00,11,2019-11-24 05:00:00,0.10531,0.10531,0.10531,0.0,0.5947469438840709,220.70939582538162,-69.49444601080873,0.0,0.0,290.20384183619035,290.20384183619035,0.0,1.0
7853,2019-11-24 05:00:00,11,2019-11-24 06:00:00,0.10531,0.10531,0.10531,0.0,0.7013050944339777,217.53907719482245,-72.6647646413679,0.0,0.0,290.20384183619035,290.20384183619035,0.0,1.0
7854,2019-11-24 06:00:00,11,2019-11-24 07:00:00,0.10531,0.10531,0.10531,0.0,0.8127244002174084,274.34132680308545,-15.862515033104899,0.0,0.0,290.20384183619035,290.20384183619035,0.0,1.0
7855,2019-11-24 07:00:00,11,2019-11-24 08:00:00,0.10531,0.10531,0.10531,0.0,0.8370469232681693,300.13094778386574,-0.0,9.927105947675386,0.0,290.20384183619035,290.20384183619035,0.0,0.0
7856,2019-11-24 08:00:00,11,2019-11-24 09:00:00,0.10531,0.10531,0.10531,0.0,0.8190630356818008,309.86718067748194,-0.0,19.66333884129159,0.0,290.20384183619035,290.20384183619035,0.0,0.0
7857,2019-11-24 09:00:00,11,2019-11-24 10:00:00,0.10531,0.10531,0.10531,0.0,0.7834410450272872,318.6746603854512,-0.0,28.470818549260855,0.0,290.20384183619035,290.20384183619035,0.0,0.0
7858,2019-11-24 10:00:00,11,2019-11-24 11:00:00,0.10531,0.10531,0.10531,0.0,0.7318634751916697,320.90926020810844,-0.0,30.705418371918086,0.0,290.20384183619035,290.20384183619035,0.0,0.0
7859,2019-11-24 11:00:00,11,2019-11-24 12:00:00,0.10531,0.10531,0.10531,0.0,0.6762377172715283,321.03582572089226,-0.0,30.831983884701913,0.0,290.20384183619035,290.20384183619035,0.0,0.0
7860,2019-11-24 12:00:00,11,2019-11-24 13:00:00,0.10531,0.10531,0.10531,0.0,0.6203826740021406,310.9751223616267,-0.0,20.771280525436325,0.0,290.2038418361903,290.2038418361903,0.0,0.0
7861,2019-11-24 13:00:00,11,2019-11-24 14:00:00,0.10531,0.10531,0.10531,0.0,0.5827535426154806,318.9371618264153,-0.0,28.733319990225095,0.0,290.20384183619024,290.20384183619024,0.0,0.0
7862,2019-11-24 14:00:00,11,2019-11-24 15:00:00,0.10531,0.10531,0.10531,0.0,0.5307004266911599,322.31419857608927,-0.0,32.11035673989886,0.0,290.2038418361903,290.2038418361903,0.0,0.0
7863,2019-11-24 15:00:00,11,2019-11-24 16:00:00,0.10531,0.10531,0.10531,0.0,0.47252949056815474,322.57819003294253,-0.0,32.37434819675212,0.0,290.2038418361903,290.2038418361903,0.0,0.0
7864,2019-11-24 16:00:00,11,2019-11-24 17:00:00,0.13592,0.13592,0.13592,0.0,0.41388030905229944,326.4047449679001,-0.0,36.20090313170975,0.0,290.2038418361903,290.2038418361903,0.0,0.0
7865,2019-11-24 17:00:00,11,2019-11-24 18:00:00,0.13592,0.13592,0.13592,0.0,0.3482989627992021,330.5480096542806,-0.0,164.66102746515955,0.0,165.88698218912103,165.88698218912103,0.0,0.0
7866,2019-11-24 18:00:00,11,2019-11-24 19:00:00,0.13592,0.13592,0.13592,0.0,0.05,268.023593927477,-0.0,0.0,0.0,268.02359392747695,268.02359392747695,0.0,0.0
7867,2019-11-24 19:00:00,11,2019-11-24 20:00:00,0.13592,0.13592,0.13592,0.0,0.05,270.2402373133854,-0.0,0.0,0.0,270.24023731338536,270.24023731338536,0.0,1.0
7868,2019-11-24 20:00:00,11,2019-11-24 21:00:00,0.13592,0.13592,0.13592,0.0,0.05,234.70728090130734,-0.0,-2.3110252837359204e-14,0.0,234.70728090130737,234.70728090130737,0.0,0.0
7869,2019-11-24 21:00:00,11,2019-11-24 22:00:00,0.10531,0.10531,0.10531,0.0,0.05,223.3283856101353,-0.0,0.0,0.0,223.3283856101353,223.3283856101353,0.0,0.0
7870,2019-11-24 22:00:00,11,2019-11-24 23:00:00,0.10531,0.10531,0.10531,0.0,0.05,206.26969220110178,-0.0,1.7639087356064595e-14,0.0,206.26969220110175,206.26969220110175,0.0,0.0
7871,2019-11-24 23:00:00,11,2019-11-25 00:00:00,0.10531,0.10531,0.10531,0.0,0.05,207.13189040497284,-0.0,0.0,0.0,207.13189040497284,207.13189040497284,0.0,0.0
7872,2019-11-25 00:00:00,11,2019-11-25 01:00:00,0.10531,0.10531,0.10531,0.0,0.05,203.84368051141402,-86.01133054994285,0.0,0.0,289.8550110613569,289.8550110613569,0.0,1.0
7873,2019-11-25 01:00:00,11,2019-11-25 02:00:00,0.10531,0.10531,0.10531,0.0,0.18188404017657905,203.3913228850941,-86.46368817626278,0.0,0.0,289.8550110613569,289.8550110613569,0.0,1.0
7874,2019-11-25 02:00:00,11,2019-11-25 03:00:00,0.10531,0.10531,0.10531,0.0,0.314461695380182,202.68304681263734,-87.17196424871953,0.0,0.0,289.8550110613569,289.8550110613569,0.0,1.0
7875,2019-11-25 03:00:00,11,2019-11-25 04:00:00,0.10531,0.10531,0.10531,0.0,0.4481253738948853,202.33241760015798,-0.0,0.0,0.0,202.33241760015798,202.33241760015798,0.0,0.0
7876,2019-11-25 04:00:00,11,2019-11-25 05:00:00,0.10531,0.10531,0.10531,0.0,0.4481253738948853,205.51021908185066,-84.34479197950621,0.0,0.0,289.8550110613569,289.8550110613569,0.0,1.0
7877,2019-11-25 05:00:00,11,2019-11-25 06:00:00,0.10531,0.10531,0.10531,0.0,0.5774540549301282,205.6897837828865,-84.16522727847037,0.0,0.0,289.8550110613569,289.8550110613569,0.0,1.0
7878,2019-11-25 06:00:00,11,2019-11-25 07:00:00,0.10531,0.10531,0.10531,0.0,0.7065074034237828,223.24039663317797,-66.61461442817891,0.0,0.0,289.8550110613569,289.8550110613569,0.0,1.0
7879,2019-11-25 07:00:00,11,2019-11-25 08:00:00,0.10531,0.10531,0.10531,0.0,0.8086498122136572,248.6785012280521,-0.0,0.0,0.0,248.6785012280521,248.6785012280521,0.0,0.0
7880,2019-11-25 08:00:00,11,2019-11-25 09:00:00,0.10531,0.10531,0.10531,0.0,0.8086498122136572,251.9325903044473,-37.922420756909574,0.0,0.0,289.8550110613569,289.8550110613569,0.0,1.0
7881,2019-11-25 09:00:00,11,2019-11-25 10:00:00,0.10531,0.10531,0.10531,0.0,0.8667975240409184,281.36629190879665,-8.488719152560225,0.0,0.0,289.8550110613569,289.8550110613569,0.0,1.0
7882,2019-11-25 10:00:00,11,2019-11-25 11:00:00,0.10531,0.10531,0.10531,0.0,0.8798135600748442,284.66108500857257,-5.19392605278431,0.0,0.0,289.8550110613569,289.8550110613569,0.0,1.0
7883,2019-11-25 11:00:00,11,2019-11-25 12:00:00,0.10531,0.10531,0.10531,0.0,0.8877775800224468,283.61974796443496,-6.235263096921916,0.0,0.0,289.8550110613569,289.8550110613569,0.0,1.0
7884,2019-11-25 12:00:00,11,2019-11-25 13:00:00,0.10531,0.10531,0.10531,0.0,0.8973383167710605,275.41942509471096,-14.78441674147939,0.0,0.0,290.20384183619035,290.20384183619035,0.0,1.0
7885,2019-11-25 13:00:00,11,2019-11-25 14:00:00,0.10531,0.10531,0.10531,0.0,0.9200077557746622,273.5288331608064,-15.628516350883434,0.0,0.0,289.15734951168986,289.15734951168986,0.0,1.0
7886,2019-11-25 14:00:00,11,2019-11-25 15:00:00,0.10531,0.10531,0.10531,0.0,0.9439714808460167,273.26774506234847,-0.0,0.0,0.0,273.26774506234847,273.26774506234847,0.0,0.0
7887,2019-11-25 15:00:00,11,2019-11-25 16:00:00,0.10531,0.10531,0.10531,0.0,0.9439714808460167,253.66350325750562,-36.540338578684725,0.0,0.0,290.20384183619035,290.20384183619035,0.0,1.0
7888,2019-11-25 16:00:00,11,2019-11-25 17:00:00,0.13592,0.13592,0.13592,0.0,1.0,257.1191087011304,-0.0,257.1191087011304,0.0,0.0,0.0,0.0,0.0
7889,2019-11-25 17:00:00,11,2019-11-25 18:00:00,0.13592,0.13592,0.13592,0.0,0.5342045132225899,248.00497680135817,-0.0,248.00497680135817,0.0,0.0,0.0,0.0,0.0
7890,2019-11-25 18:00:00,11,2019-11-25 19:00:00,0.13592,0.13592,0.13592,0.0,0.08492013495925989,237.62272693088164,-0.0,19.275914497511458,0.0,218.3468124333702,218.3468124333702,0.0,0.0
7891,2019-11-25 19:00:00,11,2019-11-25 20:00:00,0.13592,0.13592,0.13592,0.0,0.05,235.1892068272389,-0.0,0.0,0.0,235.1892068272389,235.1892068272389,0.0,0.0
7892,2019-11-25 20:00:00,11,2019-11-25 21:00:00,0.13592,0.13592,0.13592,0.0,0.05,206.61684721752664,-0.0,0.0,0.0,206.61684721752664,206.61684721752664,0.0,0.0
7893,2019-11-25 21:00:00,11,2019-11-25 22:00:00,0.10531,0.10531,0.10531,0.0,0.05,206.07961633107072,-0.0,0.0,0.0,206.07961633107072,206.07961633107072,0.0,0.0
7894,2019-11-25 22:00:00,11,2019-11-25 23:00:00,0.10531,0.10531,0.10531,0.0,0.05,203.4118811402417,-0.0,0.0,0.0,203.4118811402417,203.4118811402417,0.0,0.0
7895,2019-11-25 23:00:00,11,2019-11-26 00:00:00,0.10531,0.10531,0.10531,0.0,0.05,203.6556735762515,-0.0,0.0,0.0,203.6556735762515,203.6556735762515,0.0,0.0
7896,2019-11-26 00:00:00,11,2019-11-26 01:00:00,0.10531,0.10531,0.10531,0.0,0.05,197.70073864357514,-0.0,0.0,0.0,197.70073864357514,197.70073864357514,0.0,0.0
7897,2019-11-26 01:00:00,11,2019-11-26 02:00:00,0.10531,0.10531,0.10531,0.0,0.05,197.2581254745405,-91.9207962242389,0.0,0.0,289.1789216987794,289.1789216987794,0.0,1.0
7898,2019-11-26 02:00:00,11,2019-11-26 03:00:00,0.10531,0.10531,0.10531,0.0,0.1909452208771663,196.20865295691976,-0.0,0.0,0.0,196.20865295691976,196.20865295691976,0.0,0.0
7899,2019-11-26 03:00:00,11,2019-11-26 04:00:00,0.10531,0.10531,0.10531,0.0,0.1909452208771663,195.5488639723212,-0.0,0.0,0.0,195.5488639723212,195.5488639723212,0.0,0.0
7900,2019-11-26 04:00:00,11,2019-11-26 05:00:00,0.10531,0.10531,0.10531,0.0,0.1909452208771663,197.3500856805452,-91.8288360182342,0.0,0.0,289.1789216987794,289.1789216987794,0.0,1.0
7901,2019-11-26 05:00:00,11,2019-11-26 06:00:00,0.10531,0.10531,0.10531,0.0,0.3317494361051254,197.14901400159303,-0.0,0.0,0.0,197.14901400159303,197.14901400159303,0.0,0.0
7902,2019-11-26 06:00:00,11,2019-11-26 07:00:00,0.10531,0.10531,0.10531,0.0,0.3317494361051254,214.8972246452058,-0.0,0.0,0.0,214.8972246452058,214.8972246452058,0.0,0.0
7903,2019-11-26 07:00:00,11,2019-11-26 08:00:00,0.10531,0.10531,0.10531,0.0,0.3317494361051254,212.9831079379837,-0.0,0.0,0.0,212.9831079379837,212.9831079379837,0.0,0.0
7904,2019-11-26 08:00:00,11,2019-11-26 09:00:00,0.10531,0.10531,0.10531,0.0,0.3317494361051254,233.91755063906,-55.26137105971937,0.0,0.0,289.1789216987794,289.1789216987794,0.0,1.0
7905,2019-11-26 09:00:00,11,2019-11-26 10:00:00,0.10531,0.10531,0.10531,0.0,0.4164835383966951,234.3713442821339,-54.80757741664549,0.0,0.0,289.1789216987794,289.1789216987794,0.0,1.0
7906,2019-11-26 10:00:00,11,2019-11-26 11:00:00,0.10531,0.10531,0.10531,0.0,0.5005218237688849,238.56519786472774,-50.61372383405165,0.0,0.0,289.1789216987794,289.1789216987794,0.0,1.0
7907,2019-11-26 11:00:00,11,2019-11-26 12:00:00,0.10531,0.10531,0.10531,0.0,0.5781295336477641,238.25649916547312,-50.92242253330627,0.0,0.0,289.1789216987794,289.1789216987794,0.0,1.0
7908,2019-11-26 12:00:00,11,2019-11-26 13:00:00,0.10531,0.10531,0.10531,0.0,0.656210581532167,234.7503935135439,-51.353767773002595,0.0,0.0,286.1041612865465,286.1041612865465,0.0,1.0
7909,2019-11-26 13:00:00,11,2019-11-26 14:00:00,0.10531,0.10531,0.10531,0.0,0.734953025450771,232.39952198117425,-57.804319855016104,0.0,0.0,290.20384183619035,290.20384183619035,0.0,1.0
7910,2019-11-26 14:00:00,11,2019-11-26 15:00:00,0.10531,0.10531,0.10531,0.0,0.8235863158951291,232.65270075894705,-57.5511410772433,0.0,0.0,290.20384183619035,290.20384183619035,0.0,1.0
7911,2019-11-26 15:00:00,11,2019-11-26 16:00:00,0.10531,0.10531,0.10531,0.0,0.9118313988802355,232.70258023634392,-57.50126159984643,0.0,0.0,290.20384183619035,290.20384183619035,0.0,1.0
7912,2019-11-26 16:00:00,11,2019-11-26 17:00:00,0.13592,0.13592,0.13592,0.0,1.0,232.60961536721928,-0.0,232.60961536721928,0.0,0.0,0.0,0.0,0.0
7913,2019-11-26 17:00:00,11,2019-11-26 18:00:00,0.13592,0.13592,0.13592,0.0,0.578605769262284,224.3737643625576,-0.0,224.3737643625576,0.0,0.0,0.0,0.0,0.0
7914,2019-11-26 18:00:00,11,2019-11-26 19:00:00,0.13592,0.13592,0.13592,0.0,0.17213155846054923,214.1787508459207,-0.0,67.41662027022318,0.0,146.7621305756975,146.7621305756975,0.0,0.0
7915,2019-11-26 19:00:00,11,2019-11-26 20:00:00,0.13592,0.13592,0.13592,0.0,0.05,210.2570633842082,-0.0,0.0,0.0,210.2570633842082,210.2570633842082,0.0,0.0
7916,2019-11-26 20:00:00,11,2019-11-26 21:00:00,0.13592,0.13592,0.13592,0.0,0.05,201.22220778644063,-0.0,0.0,0.0,201.22220778644063,201.22220778644063,0.0,0.0
7917,2019-11-26 21:00:00,11,2019-11-26 22:00:00,0.10531,0.10531,0.10531,0.0,0.05,200.35587508627023,-0.0,0.0,0.0,200.35587508627023,200.35587508627023,0.0,0.0
7918,2019-11-26 22:00:00,11,2019-11-26 23:00:00,0.10531,0.10531,0.10531,0.0,0.05,198.08329820083273,-0.0,0.0,0.0,198.08329820083273,198.08329820083273,0.0,0.0
7919,2019-11-26 23:00:00,11,2019-11-27 00:00:00,0.10531,0.10531,0.10531,0.0,0.05,198.9438912545708,-0.0,0.0,0.0,198.9438912545708,198.9438912545708,0.0,0.0
7920,2019-11-27 00:00:00,11,2019-11-27 01:00:00,0.10531,0.10531,0.10531,0.0,0.05,198.42112284223808,-91.78271899395227,0.0,0.0,290.20384183619035,290.20384183619035,0.0,1.0
7921,2019-11-27 01:00:00,11,2019-11-27 02:00:00,0.10531,0.10531,0.10531,0.0,0.19073350245739348,196.58026029024373,-93.62358154594662,0.0,0.0,290.20384183619035,290.20384183619035,0.0,1.0
7922,2019-11-27 02:00:00,11,2019-11-27 03:00:00,0.10531,0.10531,0.10531,0.0,0.334289660827845,196.37271512462522,-93.83112671156513,0.0,0.0,290.20384183619035,290.20384183619035,0.0,1.0
7923,2019-11-27 03:00:00,11,2019-11-27 04:00:00,0.10531,0.10531,0.10531,0.0,0.4781640551189115,197.39761884610144,-92.80622299008891,0.0,0.0,290.20384183619035,290.20384183619035,0.0,1.0
7924,2019-11-27 04:00:00,11,2019-11-27 05:00:00,0.10531,0.10531,0.10531,0.0,0.6204669303703811,220.9397767492576,-69.26406508693276,0.0,0.0,290.20384183619035,290.20384183619035,0.0,1.0
7925,2019-11-27 05:00:00,11,2019-11-27 06:00:00,0.10531,0.10531,0.10531,0.0,0.7266718301703446,222.52495686380092,-67.67888497238943,0.0,0.0,290.20384183619035,290.20384183619035,0.0,1.0
7926,2019-11-27 06:00:00,11,2019-11-27 07:00:00,0.10531,0.10531,0.10531,0.0,0.8304461204613418,280.8261225722493,-9.37771926394106,0.0,0.0,290.20384183619035,290.20384183619035,0.0,1.0
7927,2019-11-27 07:00:00,11,2019-11-27 08:00:00,0.10531,0.10531,0.10531,0.0,0.8448252899993849,308.5372718572199,-0.0,18.33343002102953,0.0,290.20384183619035,290.20384183619035,0.0,0.0
7928,2019-11-27 08:00:00,11,2019-11-27 09:00:00,0.10531,0.10531,0.10531,0.0,0.8116125544540416,319.9860725262574,-0.0,29.782230690067024,0.0,290.20384183619035,290.20384183619035,0.0,0.0
7929,2019-11-27 09:00:00,11,2019-11-27 10:00:00,0.10531,0.10531,0.10531,0.0,0.7576592379865288,323.70296753956796,-0.0,33.499125703377615,0.0,290.20384183619035,290.20384183619035,0.0,0.0
7930,2019-11-27 10:00:00,11,2019-11-27 11:00:00,0.10531,0.10531,0.10531,0.0,0.6969724160601201,324.4850543038075,-0.0,34.28121246761714,0.0,290.20384183619035,290.20384183619035,0.0,0.0
7931,2019-11-27 11:00:00,11,2019-11-27 12:00:00,0.10531,0.10531,0.10531,0.0,0.6348687702854514,325.24969123514217,-0.0,35.045849398951816,0.0,290.20384183619035,290.20384183619035,0.0,0.0
7932,2019-11-27 12:00:00,11,2019-11-27 13:00:00,0.10531,0.10531,0.10531,0.0,0.5713799126786546,316.3855523378527,-0.0,26.181710501662337,0.0,290.20384183619035,290.20384183619035,0.0,0.0
7933,2019-11-27 13:00:00,11,2019-11-27 14:00:00,0.10531,0.10531,0.10531,0.0,0.5239492777118749,322.0264241940984,-0.0,31.82258235790806,0.0,290.20384183619035,290.20384183619035,0.0,0.0
7934,2019-11-27 14:00:00,11,2019-11-27 15:00:00,0.10531,0.10531,0.10531,0.0,0.466299671991027,319.6110918634489,-0.0,29.407250027258556,0.0,290.20384183619035,290.20384183619035,0.0,0.0
7935,2019-11-27 15:00:00,11,2019-11-27 16:00:00,0.10531,0.10531,0.10531,0.0,0.41302566831845716,321.0717687947142,-0.0,30.867926958523867,0.0,290.20384183619035,290.20384183619035,0.0,0.0
7936,2019-11-27 16:00:00,11,2019-11-27 17:00:00,0.13592,0.13592,0.13592,0.0,0.3571055107848995,328.4790353732261,-0.0,38.27519353703576,0.0,290.20384183619035,290.20384183619035,0.0,0.0
7937,2019-11-27 17:00:00,11,2019-11-27 18:00:00,0.13592,0.13592,0.13592,0.0,0.2877663920583854,335.3695091241439,-0.0,131.24704841622872,0.0,204.1224607079152,204.1224607079152,0.0,0.0
7938,2019-11-27 18:00:00,11,2019-11-27 19:00:00,0.13592,0.13592,0.13592,0.0,0.05,267.2286255849808,-0.0,0.0,0.0,267.2286255849808,267.2286255849808,0.0,1.0
7939,2019-11-27 19:00:00,11,2019-11-27 20:00:00,0.13592,0.13592,0.13592,0.0,0.05,268.8986697703663,-0.0,0.0,0.0,268.8986697703663,268.8986697703663,0.0,0.0
7940,2019-11-27 20:00:00,11,2019-11-27 21:00:00,0.13592,0.13592,0.13592,0.0,0.05,236.58497319809135,-0.0,0.0,0.0,236.58497319809135,236.58497319809135,0.0,0.0
7941,2019-11-27 21:00:00,11,2019-11-27 22:00:00,0.10531,0.10531,0.10531,0.0,0.05,225.9920946749411,-0.0,0.0,0.0,225.9920946749411,225.9920946749411,0.0,0.0
7942,2019-11-27 22:00:00,11,2019-11-27 23:00:00,0.10531,0.10531,0.10531,0.0,0.05,208.44746775340786,-0.0,0.0,0.0,208.44746775340786,208.44746775340786,0.0,0.0
7943,2019-11-27 23:00:00,11,2019-11-28 00:00:00,0.10531,0.10531,0.10531,0.0,0.05,208.53400732693726,-0.0,0.0,0.0,208.53400732693726,208.53400732693726,0.0,0.0
7944,2019-11-28 00:00:00,11,2019-11-28 01:00:00,0.10531,0.10531,0.10531,0.0,0.05,205.37510511123727,-87.1936115754797,0.0,0.0,292.568716686717,292.568716686717,0.0,1.0
7945,2019-11-28 01:00:00,11,2019-11-28 02:00:00,0.10531,0.10531,0.10531,0.0,0.1836968710824022,205.3571424388693,-87.21157424784768,0.0,0.0,292.568716686717,292.568716686717,0.0,1.0
7946,2019-11-28 02:00:00,11,2019-11-28 03:00:00,0.10531,0.10531,0.10531,0.0,0.317421284929102,205.35001581608336,-87.21870087063361,0.0,0.0,292.568716686717,292.568716686717,0.0,1.0
7947,2019-11-28 03:00:00,11,2019-11-28 04:00:00,0.10531,0.10531,0.10531,0.0,0.45115662626407355,205.3469245679344,-87.22179211878257,0.0,0.0,292.568716686717,292.568716686717,0.0,1.0
7948,2019-11-28 04:00:00,11,2019-11-28 05:00:00,0.10531,0.10531,0.10531,0.0,0.5848967075128735,227.907416890888,-64.66129979582898,0.0,0.0,292.568716686717,292.568716686717,0.0,1.0
7949,2019-11-28 05:00:00,11,2019-11-28 06:00:00,0.10531,0.10531,0.10531,0.0,0.6840440338664779,227.56001902062178,-65.00869766609519,0.0,0.0,292.568716686717,292.568716686717,0.0,1.0
7950,2019-11-28 06:00:00,11,2019-11-28 07:00:00,0.10531,0.10531,0.10531,0.0,0.7837240369544906,284.35503841483876,-8.213678271878205,0.0,0.0,292.568716686717,292.568716686717,0.0,1.0
7951,2019-11-28 07:00:00,11,2019-11-28 08:00:00,0.10531,0.10531,0.10531,0.0,0.7963183436380371,310.6478045872727,-0.0,18.07908790055569,0.0,292.568716686717,292.568716686717,0.0,0.0
7952,2019-11-28 08:00:00,11,2019-11-28 09:00:00,0.10531,0.10531,0.10531,0.0,0.7635663728036971,322.43052339136926,-0.0,29.86180670465228,0.0,292.568716686717,292.568716686717,0.0,0.0
7953,2019-11-28 09:00:00,11,2019-11-28 10:00:00,0.10531,0.10531,0.10531,0.0,0.7094688968894719,331.7566065840521,-0.0,39.18788989733514,0.0,292.568716686717,292.568716686717,0.0,0.0
7954,2019-11-28 10:00:00,11,2019-11-28 11:00:00,0.10531,0.10531,0.10531,0.0,0.6384763427276328,333.58986715462447,-0.0,41.02115046790749,0.0,292.568716686717,292.568716686717,0.0,0.0
7955,2019-11-28 11:00:00,11,2019-11-28 12:00:00,0.10531,0.10531,0.10531,0.0,0.5641626643437424,334.2850215975935,-0.0,41.716304910876545,0.0,292.568716686717,292.568716686717,0.0,0.0
7956,2019-11-28 12:00:00,11,2019-11-28 13:00:00,0.10531,0.10531,0.10531,0.0,0.48858964820084994,324.33621933069946,-0.0,31.767502643982496,0.0,292.5687166867169,292.5687166867169,0.0,0.0
7957,2019-11-28 13:00:00,11,2019-11-28 14:00:00,0.10531,0.10531,0.10531,0.0,0.4310398245704469,333.0268268070049,-0.0,40.458110120287955,0.0,292.5687166867169,292.5687166867169,0.0,0.0
7958,2019-11-28 14:00:00,11,2019-11-28 15:00:00,0.10531,0.10531,0.10531,0.0,0.35774614681630196,333.10412916855137,-0.0,40.53541248183441,0.0,292.5687166867169,292.5687166867169,0.0,0.0
7959,2019-11-28 15:00:00,11,2019-11-28 16:00:00,0.10531,0.10531,0.10531,0.0,0.2843124285521092,332.9378166958743,-0.0,40.369100009157336,0.0,292.5687166867169,292.5687166867169,0.0,0.0
7960,2019-11-28 16:00:00,11,2019-11-28 17:00:00,0.13592,0.13592,0.13592,0.0,0.21118000099928794,335.54064619604566,-0.0,42.9719295093287,0.0,292.5687166867169,292.5687166867169,0.0,0.0
7961,2019-11-28 17:00:00,11,2019-11-28 18:00:00,0.13592,0.13592,0.13592,0.0,0.13333230261282292,338.5681477289952,-0.0,45.999431042278246,0.0,292.5687166867169,292.5687166867169,0.0,0.0
7962,2019-11-28 18:00:00,11,2019-11-28 19:00:00,0.13592,0.13592,0.13592,0.0,0.05,269.92113293136237,-0.0,0.0,0.0,269.92113293136237,269.92113293136237,0.0,1.0
7963,2019-11-28 19:00:00,11,2019-11-28 20:00:00,0.13592,0.13592,0.13592,0.0,0.05,268.0728590191764,-0.0,0.0,0.0,268.0728590191764,268.0728590191764,0.0,0.0
7964,2019-11-28 20:00:00,11,2019-11-28 21:00:00,0.13592,0.13592,0.13592,0.0,0.05,233.68057679559763,-0.0,0.0,0.0,233.68057679559763,233.68057679559763,0.0,0.0
7965,2019-11-28 21:00:00,11,2019-11-28 22:00:00,0.10531,0.10531,0.10531,0.0,0.05,223.9098383462579,-68.65887834045904,0.0,0.0,292.5687166867169,292.5687166867169,0.0,1.0
7966,2019-11-28 22:00:00,11,2019-11-28 23:00:00,0.10531,0.10531,0.10531,0.0,0.15527694678870388,207.13745066751068,-0.0,0.0,0.0,207.13745066751068,207.13745066751068,0.0,0.0
7967,2019-11-28 23:00:00,11,2019-11-29 00:00:00,0.10531,0.10531,0.10531,0.0,0.15527694678870388,206.37727198296923,-0.0,0.0,0.0,206.37727198296923,206.37727198296923,0.0,0.0
7968,2019-11-29 00:00:00,11,2019-11-29 01:00:00,0.10531,0.10531,0.10531,0.0,0.15527694678870388,202.33391593540074,-90.23480075131624,0.0,0.0,292.568716686717,292.568716686717,0.0,1.0
7969,2019-11-29 01:00:00,11,2019-11-29 02:00:00,0.10531,0.10531,0.10531,0.0,0.29363697460738875,201.63997879222782,-90.92873789448916,0.0,0.0,292.568716686717,292.568716686717,0.0,1.0
7970,2019-11-29 02:00:00,11,2019-11-29 03:00:00,0.10531,0.10531,0.10531,0.0,0.4330610393789389,201.09640576022844,-91.47231092648855,0.0,0.0,292.568716686717,292.568716686717,0.0,1.0
7971,2019-11-29 03:00:00,11,2019-11-29 04:00:00,0.10531,0.10531,0.10531,0.0,0.5733185827995546,200.04730134849282,-92.52141533822416,0.0,0.0,292.568716686717,292.568716686717,0.0,1.0
7972,2019-11-29 04:00:00,11,2019-11-29 05:00:00,0.10531,0.10531,0.10531,0.0,0.7151847529848316,220.99428958706906,-71.57442709964792,0.0,0.0,292.568716686717,292.568716686717,0.0,1.0
7973,2019-11-29 05:00:00,11,2019-11-29 06:00:00,0.10531,0.10531,0.10531,0.0,0.8249322078709586,220.01995390334832,-72.54876278336866,0.0,0.0,292.568716686717,292.568716686717,0.0,1.0
7974,2019-11-29 06:00:00,11,2019-11-29 07:00:00,0.10531,0.10531,0.10531,0.0,0.9361736441387905,275.0096150852168,-17.559101601500174,0.0,0.0,292.568716686717,292.568716686717,0.0,1.0
7975,2019-11-29 07:00:00,11,2019-11-29 08:00:00,0.10531,0.10531,0.10531,0.0,0.9630975999277573,302.88560543228556,-0.0,10.316888745568576,0.0,292.568716686717,292.568716686717,0.0,0.0
7976,2019-11-29 08:00:00,11,2019-11-29 09:00:00,0.10531,0.10531,0.10531,0.0,0.944407584084336,314.6466795369431,-0.0,22.07796285022613,0.0,292.568716686717,292.568716686717,0.0,0.0
7977,2019-11-29 09:00:00,11,2019-11-29 10:00:00,0.10531,0.10531,0.10531,0.0,0.9044112745730568,325.02040375152626,-0.0,32.45168706480928,0.0,292.568716686717,292.568716686717,0.0,0.0
7978,2019-11-29 10:00:00,11,2019-11-29 11:00:00,0.10531,0.10531,0.10531,0.0,0.8456219864121703,328.80258672097074,-0.0,36.233870034253755,0.0,292.568716686717,292.568716686717,0.0,0.0
7979,2019-11-29 11:00:00,11,2019-11-29 12:00:00,0.10531,0.10531,0.10531,0.0,0.7799809175095368,331.2946962869599,-0.0,38.72597960024291,0.0,292.568716686717,292.568716686717,0.0,0.0
7980,2019-11-29 12:00:00,11,2019-11-29 13:00:00,0.10531,0.10531,0.10531,0.0,0.7098251573641692,322.2374531371794,-0.0,29.668736450462404,0.0,292.568716686717,292.568716686717,0.0,0.0
7981,2019-11-29 13:00:00,11,2019-11-29 14:00:00,0.10531,0.10531,0.10531,0.0,0.6560774464031865,330.36248915945856,-0.0,37.79377247274158,0.0,292.568716686717,292.568716686717,0.0,0.0
7982,2019-11-29 14:00:00,11,2019-11-29 15:00:00,0.10531,0.10531,0.10531,0.0,0.587610467285901,331.0800774465233,-0.0,38.51136075980634,0.0,292.568716686717,292.568716686717,0.0,0.0
7983,2019-11-29 15:00:00,11,2019-11-29 16:00:00,0.10531,0.10531,0.10531,0.0,0.5178435093877012,331.0918528307582,-0.0,38.523136144041246,0.0,292.568716686717,292.568716686717,0.0,0.0
7984,2019-11-29 16:00:00,11,2019-11-29 17:00:00,0.13592,0.13592,0.13592,0.0,0.4480552192716844,332.8806547710663,-0.0,40.31193808434932,0.0,292.568716686717,292.568716686717,0.0,0.0
7985,2019-11-29 17:00:00,11,2019-11-29 18:00:00,0.13592,0.13592,0.13592,0.0,0.3750263459304719,334.8200883059289,-0.0,179.4145429536205,0.0,155.4055453523084,155.4055453523084,0.0,0.0
7986,2019-11-29 18:00:00,11,2019-11-29 19:00:00,0.13592,0.13592,0.13592,0.0,0.05,265.37173488556886,-0.0,0.0,0.0,265.37173488556886,265.37173488556886,0.0,0.0
7987,2019-11-29 19:00:00,11,2019-11-29 20:00:00,0.13592,0.13592,0.13592,0.0,0.05,263.61074492797707,-0.0,0.0,0.0,263.61074492797707,263.61074492797707,0.0,0.0
7988,2019-11-29 20:00:00,11,2019-11-29 21:00:00,0.13592,0.13592,0.13592,0.0,0.05,229.86026988095938,-0.0,0.0,0.0,229.86026988095938,229.86026988095938,0.0,0.0
7989,2019-11-29 21:00:00,11,2019-11-29 22:00:00,0.10531,0.10531,0.10531,0.0,0.05,219.88920773690873,-0.0,0.0,0.0,219.88920773690873,219.88920773690873,0.0,0.0
7990,2019-11-29 22:00:00,11,2019-11-29 23:00:00,0.10531,0.10531,0.10531,0.0,0.05,203.06003147798316,-0.0,0.0,0.0,203.06003147798316,203.06003147798316,0.0,0.0
7991,2019-11-29 23:00:00,11,2019-11-30 00:00:00,0.10531,0.10531,0.10531,0.0,0.05,203.2031751291996,-0.0,0.0,0.0,203.2031751291996,203.2031751291996,0.0,0.0
7992,2019-11-30 00:00:00,11,2019-11-30 01:00:00,0.10531,0.10531,0.10531,0.0,0.05,200.59539098265722,-91.97332570405976,0.0,0.0,292.568716686717,292.568716686717,0.0,1.0
7993,2019-11-30 01:00:00,11,2019-11-30 02:00:00,0.10531,0.10531,0.10531,0.0,0.1910257660795583,200.87242687254513,-91.69628981417185,0.0,0.0,292.568716686717,292.568716686717,0.0,1.0
7994,2019-11-30 02:00:00,11,2019-11-30 03:00:00,0.10531,0.10531,0.10531,0.0,0.3316267437946218,200.69566979651003,-91.87304689020695,0.0,0.0,292.568716686717,292.568716686717,0.0,1.0
7995,2019-11-30 03:00:00,11,2019-11-30 04:00:00,0.10531,0.10531,0.10531,0.0,0.47249874902627254,200.61071187618043,-91.95800481053655,0.0,0.0,292.568716686717,292.568716686717,0.0,1.0
7996,2019-11-30 04:00:00,11,2019-11-30 05:00:00,0.10531,0.10531,0.10531,0.0,0.6135010230690952,223.2356080124306,-69.3331086742864,0.0,0.0,292.568716686717,292.568716686717,0.0,1.0
7997,2019-11-30 05:00:00,11,2019-11-30 06:00:00,0.10531,0.10531,0.10531,0.0,0.719811789703001,223.25619179646662,-69.31252489025036,0.0,0.0,292.568716686717,292.568716686717,0.0,1.0
7998,2019-11-30 06:00:00,11,2019-11-30 07:00:00,0.10531,0.10531,0.10531,0.0,0.8260909945347182,280.29439340318623,-12.274323283530748,0.0,0.0,292.568716686717,292.568716686717,0.0,1.0
7999,2019-11-30 07:00:00,11,2019-11-30 08:00:00,0.10531,0.10531,0.10531,0.0,0.8449116235694654,307.7011649118167,-0.0,15.132448225099722,0.0,292.568716686717,292.568716686717,0.0,0.0
8000,2019-11-30 08:00:00,11,2019-11-30 09:00:00,0.10531,0.10531,0.10531,0.0,0.8174977680892123,318.6001820118761,-0.0,26.031465325159104,0.0,292.568716686717,292.568716686717,0.0,0.0
8001,2019-11-30 09:00:00,11,2019-11-30 10:00:00,0.10531,0.10531,0.10531,0.0,0.7703393164131993,328.1653624296887,-0.0,35.5966457429717,0.0,292.568716686717,292.568716686717,0.0,0.0
8002,2019-11-30 10:00:00,11,2019-11-30 11:00:00,0.10531,0.10531,0.10531,0.0,0.7058526393425985,330.9683803213365,-0.0,38.399663634619515,0.0,292.568716686717,292.568716686717,0.0,0.0
8003,2019-11-30 11:00:00,11,2019-11-30 12:00:00,0.10531,0.10531,0.10531,0.0,0.6362880313088675,331.8784232862241,-0.0,39.30970659950714,0.0,292.568716686717,292.568716686717,0.0,0.0
8004,2019-11-30 12:00:00,11,2019-11-30 13:00:00,0.10531,0.10531,0.10531,0.0,0.5650747947155574,322.68915990465763,-0.0,30.120443217940647,0.0,292.568716686717,292.568716686717,0.0,0.0
8005,2019-11-30 13:00:00,11,2019-11-30 14:00:00,0.10531,0.10531,0.10531,0.0,0.5105087743932012,332.36208149421776,-0.0,39.79336480750078,0.0,292.568716686717,292.568716686717,0.0,0.0
8006,2019-11-30 14:00:00,11,2019-11-30 15:00:00,0.10531,0.10531,0.10531,0.0,0.43841934539410554,332.31732188372496,-0.0,39.748605197007976,0.0,292.568716686717,292.568716686717,0.0,0.0
8007,2019-11-30 15:00:00,11,2019-11-30 16:00:00,0.10531,0.10531,0.10531,0.0,0.3664110026459027,332.3792691309978,-0.0,39.8105524442808,0.0,292.568716686717,292.568716686717,0.0,0.0
8008,2019-11-30 16:00:00,11,2019-11-30 17:00:00,0.13592,0.13592,0.13592,0.0,0.2942904366236549,335.4808152160833,-0.0,88.44315215209855,0.0,247.03766306398472,247.03766306398472,0.0,0.0
8009,2019-11-30 17:00:00,11,2019-11-30 18:00:00,0.13592,0.13592,0.13592,0.0,0.13406733489883868,338.97388555087593,-0.0,46.40516886415895,0.0,292.568716686717,292.568716686717,0.0,0.0
8010,2019-11-30 18:00:00,11,2019-11-30 19:00:00,0.13592,0.13592,0.13592,0.0,0.05,270.3709064382068,-0.0,0.0,0.0,270.3709064382068,270.3709064382068,0.0,1.0
8011,2019-11-30 19:00:00,11,2019-11-30 20:00:00,0.13592,0.13592,0.13592,0.0,0.05,268.02443276505204,-0.0,0.0,0.0,268.02443276505204,268.02443276505204,0.0,1.0
8012,2019-11-30 20:00:00,11,2019-11-30 21:00:00,0.13592,0.13592,0.13592,0.0,0.05,231.03763815107325,-0.0,0.0,0.0,231.03763815107325,231.03763815107325,0.0,0.0
8013,2019-11-30 21:00:00,11,2019-11-30 22:00:00,0.10531,0.10531,0.10531,0.0,0.05,223.95048178927087,-68.61823489744611,0.0,0.0,292.568716686717,292.568716686717,0.0,1.0
8014,2019-11-30 22:00:00,11,2019-11-30 23:00:00,0.10531,0.10531,0.10531,0.0,0.15521462684275072,209.54968912259557,-0.0,0.0,0.0,209.54968912259557,209.54968912259557,0.0,0.0
8015,2019-11-30 23:00:00,11,2019-12-01 00:00:00,0.10531,0.10531,0.10531,0.0,0.15521462684275072,208.25647775738588,-0.0,0.0,0.0,208.25647775738588,208.25647775738588,0.0,0.0
8016,2019-12-01 00:00:00,12,2019-12-01 01:00:00,0.10531,0.10531,0.10531,0.0,0.15521462684275072,203.56058748409777,-80.26051465678738,0.0,0.0,283.82110214088516,283.82110214088516,0.0,1.0
8017,2019-12-01 01:00:00,12,2019-12-01 02:00:00,0.10531,0.10531,0.10531,0.0,0.2782807493164914,202.04050098817174,-81.7806011527134,0.0,0.0,283.82110214088516,283.82110214088516,0.0,1.0
8018,2019-12-01 02:00:00,12,2019-12-01 03:00:00,0.10531,0.10531,0.10531,0.0,0.4036776710839852,200.91184022002403,-82.90926192086111,0.0,0.0,283.82110214088516,283.82110214088516,0.0,1.0
8019,2019-12-01 03:00:00,12,2019-12-01 04:00:00,0.10531,0.10531,0.10531,0.0,0.5308052060293056,199.6992958434264,-84.12180629745875,0.0,0.0,283.82110214088516,283.82110214088516,0.0,1.0
8020,2019-12-01 04:00:00,12,2019-12-01 05:00:00,0.10531,0.10531,0.10531,0.0,0.659791975685409,221.8683574218038,-61.95274471908133,0.0,0.0,283.82110214088516,283.82110214088516,0.0,1.0
8021,2019-12-01 05:00:00,12,2019-12-01 06:00:00,0.10531,0.10531,0.10531,0.0,0.754786184254667,222.06906308262694,-61.7520390582582,0.0,0.0,283.82110214088516,283.82110214088516,0.0,1.0
8022,2019-12-01 06:00:00,12,2019-12-01 07:00:00,0.10531,0.10531,0.10531,0.0,0.8494726441439963,279.0569960389819,-4.764106101903261,0.0,0.0,283.82110214088516,283.82110214088516,0.0,1.0
8023,2019-12-01 07:00:00,12,2019-12-01 08:00:00,0.10531,0.10531,0.10531,0.0,0.8567776068335813,306.5661180280618,-0.0,22.745015887176635,0.0,283.82110214088516,283.82110214088516,0.0,0.0
8024,2019-12-01 08:00:00,12,2019-12-01 09:00:00,0.10531,0.10531,0.10531,0.0,0.8155728679075365,315.294094920785,-0.0,31.47299277989987,0.0,283.82110214088516,283.82110214088516,0.0,0.0
8025,2019-12-01 09:00:00,12,2019-12-01 10:00:00,0.10531,0.10531,0.10531,0.0,0.7585565766396019,327.5444499155077,-0.0,43.72334777462254,0.0,283.82110214088516,283.82110214088516,0.0,0.0
8026,2019-12-01 10:00:00,12,2019-12-01 11:00:00,0.10531,0.10531,0.10531,0.0,0.6793476132797784,332.54551045759223,-0.0,48.7244083167071,0.0,283.82110214088516,283.82110214088516,0.0,0.0
8027,2019-12-01 11:00:00,12,2019-12-01 12:00:00,0.10531,0.10531,0.10531,0.0,0.5910787576335701,329.9322466184028,-0.0,46.11114447751768,0.0,283.82110214088516,283.82110214088516,0.0,0.0
8028,2019-12-01 12:00:00,12,2019-12-01 13:00:00,0.10531,0.10531,0.10531,0.0,0.5075440756090814,315.1648002186344,-0.0,31.34369807774931,0.0,283.8211021408851,283.8211021408851,0.0,0.0
8029,2019-12-01 13:00:00,12,2019-12-01 14:00:00,0.10531,0.10531,0.10531,0.0,0.45076201387402837,322.12546572189973,-0.0,38.30436358101461,0.0,283.8211021408851,283.8211021408851,0.0,0.0
8030,2019-12-01 14:00:00,12,2019-12-01 15:00:00,0.10531,0.10531,0.10531,0.0,0.3813700508649443,321.886693104385,-0.0,38.065590963499915,0.0,283.8211021408851,283.8211021408851,0.0,0.0
8031,2019-12-01 15:00:00,12,2019-12-01 16:00:00,0.10531,0.10531,0.10531,0.0,0.3124106469455605,323.80770340828786,-0.0,39.98660126740276,0.0,283.8211021408851,283.8211021408851,0.0,0.0
8032,2019-12-01 16:00:00,12,2019-12-01 17:00:00,0.13592,0.13592,0.13592,0.0,0.23997115189591778,333.88522565120877,-0.0,50.06412351032367,0.0,283.8211021408851,283.8211021408851,0.0,0.0
8033,2019-12-01 17:00:00,12,2019-12-01 18:00:00,0.13592,0.13592,0.13592,0.0,0.14927527597141835,338.62105447710803,-0.0,54.79995233622293,0.0,283.8211021408851,283.8211021408851,0.0,0.0
8034,2019-12-01 18:00:00,12,2019-12-01 19:00:00,0.13592,0.13592,0.13592,0.0,0.05,267.1491578664581,-0.0,0.0,0.0,267.1491578664581,267.1491578664581,0.0,1.0
8035,2019-12-01 19:00:00,12,2019-12-01 20:00:00,0.13592,0.13592,0.13592,0.0,0.05,263.49911848135224,-0.0,0.0,0.0,263.49911848135224,263.49911848135224,0.0,1.0
8036,2019-12-01 20:00:00,12,2019-12-01 21:00:00,0.13592,0.13592,0.13592,0.0,0.05,227.8925944444819,-0.0,0.0,0.0,227.8925944444819,227.8925944444819,0.0,0.0
8037,2019-12-01 21:00:00,12,2019-12-01 22:00:00,0.10531,0.10531,0.10531,0.0,0.05,216.78876524658097,-0.0,0.0,0.0,216.78876524658097,216.78876524658097,0.0,0.0
8038,2019-12-01 22:00:00,12,2019-12-01 23:00:00,0.10531,0.10531,0.10531,0.0,0.05,201.70468040988024,-0.0,0.0,0.0,201.70468040988024,201.70468040988024,0.0,0.0
8039,2019-12-01 23:00:00,12,2019-12-02 00:00:00,0.10531,0.10531,0.10531,0.0,0.05,202.2688395509511,-0.0,0.0,0.0,202.2688395509511,202.2688395509511,0.0,0.0
8040,2019-12-02 00:00:00,12,2019-12-02 01:00:00,0.10531,0.10531,0.10531,0.0,0.05,198.30876825737133,-85.41347397313679,0.0,0.0,283.72224223050813,283.72224223050813,0.0,1.0
8041,2019-12-02 01:00:00,12,2019-12-02 02:00:00,0.10531,0.10531,0.10531,0.0,0.18096732675880975,198.57410691236487,-85.14813531814325,0.0,0.0,283.72224223050813,283.72224223050813,0.0,1.0
8042,2019-12-02 02:00:00,12,2019-12-02 03:00:00,0.10531,0.10531,0.10531,0.0,0.31152780091329607,197.95354283502374,-85.76869939548438,0.0,0.0,283.72224223050813,283.72224223050813,0.0,1.0
8043,2019-12-02 03:00:00,12,2019-12-02 04:00:00,0.10531,0.10531,0.10531,0.0,0.44303980665303877,197.05675721834842,-0.0,0.0,0.0,197.05675721834842,197.05675721834842,0.0,0.0
8044,2019-12-02 04:00:00,12,2019-12-02 05:00:00,0.10531,0.10531,0.10531,0.0,0.44303980665303877,200.08280460932224,-0.0,0.0,0.0,200.08280460932224,200.08280460932224,0.0,0.0
8045,2019-12-02 05:00:00,12,2019-12-02 06:00:00,0.10531,0.10531,0.10531,0.0,0.44303980665303877,198.48977020127168,-85.23247202923643,0.0,0.0,283.72224223050813,283.72224223050813,0.0,1.0
8046,2019-12-02 06:00:00,12,2019-12-02 07:00:00,0.10531,0.10531,0.10531,0.0,0.573729597097868,210.2357774535636,-73.48646477694452,0.0,0.0,283.72224223050813,283.72224223050813,0.0,1.0
8047,2019-12-02 07:00:00,12,2019-12-02 08:00:00,0.10531,0.10531,0.10531,0.0,0.6864088430891829,233.2124534952297,-50.509788735278406,0.0,0.0,283.72224223050813,283.72224223050813,0.0,1.0
8048,2019-12-02 08:00:00,12,2019-12-02 09:00:00,0.10531,0.10531,0.10531,0.0,0.7638571858166098,240.8546191079136,-42.867623122594516,0.0,0.0,283.72224223050813,283.72224223050813,0.0,1.0
8049,2019-12-02 09:00:00,12,2019-12-02 10:00:00,0.10531,0.10531,0.10531,0.0,0.8295875412712548,273.7244113037253,-9.99783092678284,0.0,0.0,283.72224223050813,283.72224223050813,0.0,1.0
8050,2019-12-02 10:00:00,12,2019-12-02 11:00:00,0.10531,0.10531,0.10531,0.0,0.8449175486923217,280.44365966910027,-3.2785825614078448,0.0,0.0,283.72224223050813,283.72224223050813,0.0,1.0
8051,2019-12-02 11:00:00,12,2019-12-02 12:00:00,0.10531,0.10531,0.10531,0.0,0.8499447086198139,278.8170201465359,-4.905222083972191,0.0,0.0,283.72224223050813,283.72224223050813,0.0,1.0
8052,2019-12-02 12:00:00,12,2019-12-02 13:00:00,0.10531,0.10531,0.10531,0.0,0.8574660491485713,267.8035872863268,-15.91865494418131,0.0,0.0,283.7222422305081,283.7222422305081,0.0,1.0
8053,2019-12-02 13:00:00,12,2019-12-02 14:00:00,0.10531,0.10531,0.10531,0.0,0.881874653396316,264.65430960736296,-19.067932623145122,0.0,0.0,283.7222422305081,283.7222422305081,0.0,1.0
8054,2019-12-02 14:00:00,12,2019-12-02 15:00:00,0.10531,0.10531,0.10531,0.0,0.9111121500851386,264.4896773007658,-19.232564929742306,0.0,0.0,283.7222422305081,283.7222422305081,0.0,1.0
8055,2019-12-02 15:00:00,12,2019-12-02 16:00:00,0.10531,0.10531,0.10531,0.0,0.94060208297741,244.98447025925375,-38.737771971254325,0.0,0.0,283.7222422305081,283.7222422305081,0.0,1.0
8056,2019-12-02 16:00:00,12,2019-12-02 17:00:00,0.13592,0.13592,0.13592,0.0,1.0,253.55533761724507,-0.0,253.55533761724507,0.0,0.0,0.0,0.0,0.0
8057,2019-12-02 17:00:00,12,2019-12-02 18:00:00,0.13592,0.13592,0.13592,0.0,0.540660620258614,248.7884428162987,-0.0,248.7884428162987,0.0,0.0,0.0,0.0,0.0
8058,2019-12-02 18:00:00,12,2019-12-02 19:00:00,0.13592,0.13592,0.13592,0.0,0.08995691950444978,237.26272864599667,-0.0,22.05621956645628,0.0,215.20650907954038,215.20650907954038,0.0,0.0
8059,2019-12-02 19:00:00,12,2019-12-02 20:00:00,0.13592,0.13592,0.13592,0.0,0.05,233.68570097676195,-0.0,0.0,0.0,233.68570097676195,233.68570097676195,0.0,0.0
8060,2019-12-02 20:00:00,12,2019-12-02 21:00:00,0.13592,0.13592,0.13592,0.0,0.05,204.5998762160536,-0.0,0.0,0.0,204.5998762160536,204.5998762160536,0.0,0.0
8061,2019-12-02 21:00:00,12,2019-12-02 22:00:00,0.10531,0.10531,0.10531,0.0,0.05,206.02490416005853,-0.0,0.0,0.0,206.02490416005853,206.02490416005853,0.0,0.0
8062,2019-12-02 22:00:00,12,2019-12-02 23:00:00,0.10531,0.10531,0.10531,0.0,0.05,200.9407985733733,-0.0,0.0,0.0,200.9407985733733,200.9407985733733,0.0,0.0
8063,2019-12-02 23:00:00,12,2019-12-03 00:00:00,0.10531,0.10531,0.10531,0.0,0.05,196.69598746837573,-0.0,0.0,0.0,196.69598746837573,196.69598746837573,0.0,0.0
8064,2019-12-03 00:00:00,12,2019-12-03 01:00:00,0.10531,0.10531,0.10531,0.0,0.05,192.51260066570435,-0.0,0.0,0.0,192.51260066570435,192.51260066570435,0.0,0.0
8065,2019-12-03 01:00:00,12,2019-12-03 02:00:00,0.10531,0.10531,0.10531,0.0,0.05,193.65191434580143,-0.0,0.0,0.0,193.65191434580143,193.65191434580143,0.0,0.0
8066,2019-12-03 02:00:00,12,2019-12-03 03:00:00,0.10531,0.10531,0.10531,0.0,0.05,188.34924261638278,-0.0,0.0,0.0,188.34924261638278,188.34924261638278,0.0,0.0
8067,2019-12-03 03:00:00,12,2019-12-03 04:00:00,0.10531,0.10531,0.10531,0.0,0.05,190.9836661863127,-0.0,0.0,0.0,190.9836661863127,190.9836661863127,0.0,0.0
8068,2019-12-03 04:00:00,12,2019-12-03 05:00:00,0.10531,0.10531,0.10531,0.0,0.05,195.7590978950669,-86.74942736946365,0.0,0.0,282.50852526453053,282.50852526453053,0.0,1.0
8069,2019-12-03 05:00:00,12,2019-12-03 06:00:00,0.10531,0.10531,0.10531,0.0,0.1830157886331776,195.1972713574281,-0.0,0.0,0.0,195.1972713574281,195.1972713574281,0.0,0.0
8070,2019-12-03 06:00:00,12,2019-12-03 07:00:00,0.10531,0.10531,0.10531,0.0,0.1830157886331776,209.2793878155686,-73.22913744896194,0.0,0.0,282.50852526453053,282.50852526453053,0.0,1.0
8071,2019-12-03 07:00:00,12,2019-12-03 08:00:00,0.10531,0.10531,0.10531,0.0,0.2953004660549192,209.24780780888082,-73.26071745564973,0.0,0.0,282.50852526453053,282.50852526453053,0.0,1.0
8072,2019-12-03 08:00:00,12,2019-12-03 09:00:00,0.10531,0.10531,0.10531,0.0,0.40763356615358215,230.5293888567581,-51.97913640777246,0.0,0.0,282.50852526453053,282.50852526453053,0.0,1.0
8073,2019-12-03 09:00:00,12,2019-12-03 10:00:00,0.10531,0.10531,0.10531,0.0,0.48733490864549994,232.81671120152757,-49.69181406300298,0.0,0.0,282.50852526453053,282.50852526453053,0.0,1.0
8074,2019-12-03 10:00:00,12,2019-12-03 11:00:00,0.10531,0.10531,0.10531,0.0,0.5635290235421045,238.1255598619892,-44.38296540254136,0.0,0.0,282.50852526453053,282.50852526453053,0.0,1.0
8075,2019-12-03 11:00:00,12,2019-12-03 12:00:00,0.10531,0.10531,0.10531,0.0,0.6315829038260012,237.3161036584971,-45.19242160603345,0.0,0.0,282.50852526453053,282.50852526453053,0.0,1.0
8076,2019-12-03 12:00:00,12,2019-12-03 13:00:00,0.10531,0.10531,0.10531,0.0,0.7008779502885859,234.5855708456176,-43.98522378984902,0.0,0.0,278.57079463546665,278.57079463546665,0.0,1.0
8077,2019-12-03 13:00:00,12,2019-12-03 14:00:00,0.10531,0.10531,0.10531,0.0,0.7683219600996878,234.0437115612523,-49.77739057963285,0.0,0.0,283.82110214088516,283.82110214088516,0.0,1.0
8078,2019-12-03 14:00:00,12,2019-12-03 15:00:00,0.10531,0.10531,0.10531,0.0,0.8446472923217914,233.2059130606149,-50.615189080270255,0.0,0.0,283.82110214088516,283.82110214088516,0.0,1.0
8079,2019-12-03 15:00:00,12,2019-12-03 16:00:00,0.10531,0.10531,0.10531,0.0,0.9222572489115393,233.11930795275853,-50.70179418812663,0.0,0.0,283.82110214088516,283.82110214088516,0.0,1.0
8080,2019-12-03 16:00:00,12,2019-12-03 17:00:00,0.13592,0.13592,0.13592,0.0,1.0,233.35660895056668,-0.0,233.35660895056668,0.0,0.0,0.0,0.0,0.0
8081,2019-12-03 17:00:00,12,2019-12-03 18:00:00,0.13592,0.13592,0.13592,0.0,0.5772525200170894,224.05586788668498,-0.0,224.05586788668498,0.0,0.0,0.0,0.0,0.0
8082,2019-12-03 18:00:00,12,2019-12-03 19:00:00,0.13592,0.13592,0.13592,0.0,0.17135420862816736,214.3466925312131,-0.0,66.98752316274837,0.0,147.35916936846473,147.35916936846473,0.0,0.0
8083,2019-12-03 19:00:00,12,2019-12-03 20:00:00,0.13592,0.13592,0.13592,0.0,0.05,210.80733114771087,-0.0,0.0,0.0,210.80733114771087,210.80733114771087,0.0,0.0
8084,2019-12-03 20:00:00,12,2019-12-03 21:00:00,0.13592,0.13592,0.13592,0.0,0.05,201.68447997943696,-0.0,0.0,0.0,201.68447997943696,201.68447997943696,0.0,0.0
8085,2019-12-03 21:00:00,12,2019-12-03 22:00:00,0.10531,0.10531,0.10531,0.0,0.05,201.72686851859888,-57.88919766869552,0.0,0.0,259.6160661872944,259.6160661872944,0.0,1.0
8086,2019-12-03 22:00:00,12,2019-12-03 23:00:00,0.10531,0.10531,0.10531,0.0,0.13876343642533315,198.97514174291746,-0.0,0.0,0.0,198.97514174291746,198.97514174291746,0.0,0.0
8087,2019-12-03 23:00:00,12,2019-12-04 00:00:00,0.10531,0.10531,0.10531,0.0,0.13876343642533315,197.5201370921323,-0.0,0.0,0.0,197.5201370921323,197.5201370921323,0.0,0.0
8088,2019-12-04 00:00:00,12,2019-12-04 01:00:00,0.10531,0.10531,0.10531,0.0,0.13876343642533315,197.57979987048927,-86.24130227039589,0.0,0.0,283.82110214088516,283.82110214088516,0.0,1.0
8089,2019-12-04 01:00:00,12,2019-12-04 02:00:00,0.10531,0.10531,0.10531,0.0,0.27100009990660684,198.78699826533943,-85.03410387554572,0.0,0.0,283.82110214088516,283.82110214088516,0.0,1.0
8090,2019-12-04 02:00:00,12,2019-12-04 03:00:00,0.10531,0.10531,0.10531,0.0,0.4013857258491103,199.45394451116042,-84.36715762972474,0.0,0.0,283.82110214088516,283.82110214088516,0.0,1.0
8091,2019-12-04 03:00:00,12,2019-12-04 04:00:00,0.10531,0.10531,0.10531,0.0,0.5307487008813548,198.83708664226367,-84.98401549862149,0.0,0.0,283.82110214088516,283.82110214088516,0.0,1.0
8092,2019-12-04 04:00:00,12,2019-12-04 05:00:00,0.10531,0.10531,0.10531,0.0,0.6610575246459078,220.04413265658474,-63.77696948430042,0.0,0.0,283.82110214088516,283.82110214088516,0.0,1.0
8093,2019-12-04 05:00:00,12,2019-12-04 06:00:00,0.10531,0.10531,0.10531,0.0,0.7588488778551685,219.27389124807996,-64.5472108928052,0.0,0.0,283.82110214088516,283.82110214088516,0.0,1.0
8094,2019-12-04 06:00:00,12,2019-12-04 07:00:00,0.10531,0.10531,0.10531,0.0,0.8578212678908032,272.89833620481016,-10.922765936074995,0.0,0.0,283.82110214088516,283.82110214088516,0.0,1.0
8095,2019-12-04 07:00:00,12,2019-12-04 08:00:00,0.10531,0.10531,0.10531,0.0,0.8745695089927848,300.00768479155107,-0.0,16.186582650665912,0.0,283.82110214088516,283.82110214088516,0.0,0.0
8096,2019-12-04 08:00:00,12,2019-12-04 09:00:00,0.10531,0.10531,0.10531,0.0,0.8452459896981003,311.4582032294028,-0.0,27.637101088517625,0.0,283.82110214088516,283.82110214088516,0.0,0.0
8097,2019-12-04 09:00:00,12,2019-12-04 10:00:00,0.10531,0.10531,0.10531,0.0,0.7951787775812205,323.53034400845286,-0.0,39.7092418675677,0.0,283.82110214088516,283.82110214088516,0.0,0.0
8098,2019-12-04 10:00:00,12,2019-12-04 11:00:00,0.10531,0.10531,0.10531,0.0,0.7232417452124384,329.78541618271595,-0.0,45.96431404183079,0.0,283.82110214088516,283.82110214088516,0.0,0.0
8099,2019-12-04 11:00:00,12,2019-12-04 12:00:00,0.10531,0.10531,0.10531,0.0,0.6399730603540493,329.8845094167906,-0.0,46.06340727590543,0.0,283.82110214088516,283.82110214088516,0.0,0.0
8100,2019-12-04 12:00:00,12,2019-12-04 13:00:00,0.10531,0.10531,0.10531,0.0,0.5565248587672642,314.7852684209787,-0.0,30.964166280093536,0.0,283.82110214088516,283.82110214088516,0.0,0.0
8101,2019-12-04 13:00:00,12,2019-12-04 14:00:00,0.10531,0.10531,0.10531,0.0,0.50043035463666,320.64157259601234,-0.0,36.82047045512718,0.0,283.82110214088516,283.82110214088516,0.0,0.0
8102,2019-12-04 14:00:00,12,2019-12-04 15:00:00,0.10531,0.10531,0.10531,0.0,0.4337266038121542,320.5369720720006,-0.0,36.715869931115435,0.0,283.82110214088516,283.82110214088516,0.0,0.0
8103,2019-12-04 15:00:00,12,2019-12-04 16:00:00,0.10531,0.10531,0.10531,0.0,0.3672123466905683,322.2758517499878,-0.0,38.454749609102635,0.0,283.82110214088516,283.82110214088516,0.0,0.0
8104,2019-12-04 16:00:00,12,2019-12-04 17:00:00,0.13592,0.13592,0.13592,0.0,0.2975479452248026,330.96763028754515,-0.0,83.1641612130189,0.0,247.80346907452625,247.80346907452625,0.0,0.0
8105,2019-12-04 17:00:00,12,2019-12-04 18:00:00,0.13592,0.13592,0.13592,0.0,0.1468882328823771,337.3034066919573,-0.0,53.48230455107216,0.0,283.82110214088516,283.82110214088516,0.0,0.0
8106,2019-12-04 18:00:00,12,2019-12-04 19:00:00,0.13592,0.13592,0.13592,0.0,0.04999999999999999,269.2198517537331,-0.0,0.0,0.0,269.2198517537331,269.2198517537331,0.0,1.0
8107,2019-12-04 19:00:00,12,2019-12-04 20:00:00,0.13592,0.13592,0.13592,0.0,0.05,265.9564878915265,-0.0,0.0,0.0,265.9564878915265,265.9564878915265,0.0,1.0
8108,2019-12-04 20:00:00,12,2019-12-04 21:00:00,0.13592,0.13592,0.13592,0.0,0.05,231.4248322511202,-0.0,0.0,0.0,231.4248322511202,231.4248322511202,0.0,0.0
8109,2019-12-04 21:00:00,12,2019-12-04 22:00:00,0.10531,0.10531,0.10531,0.0,0.05,220.19909786472522,-61.35948259386522,0.0,0.0,281.5585804585904,281.5585804585904,0.0,1.0
8110,2019-12-04 22:00:00,12,2019-12-04 23:00:00,0.10531,0.10531,0.10531,0.0,0.14408453997726,202.1934909935483,-0.0,0.0,0.0,202.1934909935483,202.1934909935483,0.0,0.0
8111,2019-12-04 23:00:00,12,2019-12-05 00:00:00,0.10531,0.10531,0.10531,0.0,0.14408453997726,202.0328286325789,-0.0,0.0,0.0,202.0328286325789,202.0328286325789,0.0,0.0
8112,2019-12-05 00:00:00,12,2019-12-05 01:00:00,0.10531,0.10531,0.10531,0.0,0.14408453997726,198.02478292898277,-85.80913945816553,0.0,0.0,283.8339223871483,283.8339223871483,0.0,1.0
8113,2019-12-05 01:00:00,12,2019-12-05 02:00:00,0.10531,0.10531,0.10531,0.0,0.2756585538131138,198.3778934516435,-85.4560289355048,0.0,0.0,283.8339223871483,283.8339223871483,0.0,1.0
8114,2019-12-05 02:00:00,12,2019-12-05 03:00:00,0.10531,0.10531,0.10531,0.0,0.4066911315142212,198.19862922083652,-85.63529316631178,0.0,0.0,283.8339223871483,283.8339223871483,0.0,1.0
8115,2019-12-05 03:00:00,12,2019-12-05 04:00:00,0.10531,0.10531,0.10531,0.0,0.5379985810358993,197.21511533025773,-86.61880705689057,0.0,0.0,283.8339223871483,283.8339223871483,0.0,1.0
8116,2019-12-05 04:00:00,12,2019-12-05 05:00:00,0.10531,0.10531,0.10531,0.0,0.6708140851897982,220.62108274804396,-63.212839639104345,0.0,0.0,283.8339223871483,283.8339223871483,0.0,1.0
8117,2019-12-05 05:00:00,12,2019-12-05 06:00:00,0.10531,0.10531,0.10531,0.0,0.7677404393030914,221.66345310979156,-62.170469277356744,0.0,0.0,283.8339223871483,283.8339223871483,0.0,1.0
8118,2019-12-05 06:00:00,12,2019-12-05 07:00:00,0.10531,0.10531,0.10531,0.0,0.8630684921950383,278.07423993273125,-5.759682454417057,0.0,0.0,283.8339223871483,283.8339223871483,0.0,1.0
8119,2019-12-05 07:00:00,12,2019-12-05 08:00:00,0.10531,0.10531,0.10531,0.0,0.8719000052918113,306.91464035129235,-0.0,23.08071796414407,0.0,283.8339223871483,283.8339223871483,0.0,0.0
8120,2019-12-05 08:00:00,12,2019-12-05 09:00:00,0.10531,0.10531,0.10531,0.0,0.8300871104292314,318.65938747940146,-0.0,34.82546509225318,0.0,283.8339223871483,283.8339223871483,0.0,0.0
8121,2019-12-05 09:00:00,12,2019-12-05 10:00:00,0.10531,0.10531,0.10531,0.0,0.7669974997548596,329.14458571128995,-0.0,45.31066332414164,0.0,283.8339223871483,283.8339223871483,0.0,0.0
8122,2019-12-05 10:00:00,12,2019-12-05 11:00:00,0.10531,0.10531,0.10531,0.0,0.6849129647473569,331.1117213162774,-0.0,47.27779892912909,0.0,283.8339223871483,283.8339223871483,0.0,0.0
8123,2019-12-05 11:00:00,12,2019-12-05 12:00:00,0.10531,0.10531,0.10531,0.0,0.5992647782815431,330.9840102296564,-0.0,47.1500878425081,0.0,283.8339223871483,283.8339223871483,0.0,0.0
8124,2019-12-05 12:00:00,12,2019-12-05 13:00:00,0.10531,0.10531,0.10531,0.0,0.5138479524798981,317.69716871982075,-0.0,33.86324633267249,0.0,283.8339223871483,283.8339223871483,0.0,0.0
8125,2019-12-05 13:00:00,12,2019-12-05 14:00:00,0.10531,0.10531,0.10531,0.0,0.45250149173230303,322.7160031997149,-0.0,38.88208081256664,0.0,283.8339223871483,283.8339223871483,0.0,0.0
8126,2019-12-05 14:00:00,12,2019-12-05 15:00:00,0.10531,0.10531,0.10531,0.0,0.38206293953562437,322.7996366024359,-0.0,38.96571421528762,0.0,283.8339223871483,283.8339223871483,0.0,0.0
8127,2019-12-05 15:00:00,12,2019-12-05 16:00:00,0.10531,0.10531,0.10531,0.0,0.3114728775514076,324.48841679008103,-0.0,40.654494402932755,0.0,283.8339223871483,283.8339223871483,0.0,0.0
8128,2019-12-05 16:00:00,12,2019-12-05 17:00:00,0.13592,0.13592,0.13592,0.0,0.23782343116928306,332.9080454598855,-0.0,49.07412307273724,0.0,283.8339223871483,283.8339223871483,0.0,0.0
8129,2019-12-05 17:00:00,12,2019-12-05 18:00:00,0.13592,0.13592,0.13592,0.0,0.1489210342983823,338.4383333198553,-0.0,54.60441093270704,0.0,283.8339223871483,283.8339223871483,0.0,0.0
8130,2019-12-05 18:00:00,12,2019-12-05 19:00:00,0.13592,0.13592,0.13592,0.0,0.05,270.0286755626834,-0.0,0.0,0.0,270.0286755626834,270.0286755626834,0.0,1.0
8131,2019-12-05 19:00:00,12,2019-12-05 20:00:00,0.13592,0.13592,0.13592,0.0,0.05,267.1442840921068,-0.0,0.0,0.0,267.1442840921068,267.1442840921068,0.0,1.0
8132,2019-12-05 20:00:00,12,2019-12-05 21:00:00,0.13592,0.13592,0.13592,0.0,0.05,232.88272785567142,-0.0,0.0,0.0,232.88272785567142,232.88272785567142,0.0,0.0
8133,2019-12-05 21:00:00,12,2019-12-05 22:00:00,0.10531,0.10531,0.10531,0.0,0.05,222.81494561627338,-0.0,0.0,0.0,222.81494561627338,222.81494561627338,0.0,0.0
8134,2019-12-05 22:00:00,12,2019-12-05 23:00:00,0.10531,0.10531,0.10531,0.0,0.05,205.68454318908593,-0.0,0.0,0.0,205.68454318908593,205.68454318908593,0.0,0.0
8135,2019-12-05 23:00:00,12,2019-12-06 00:00:00,0.10531,0.10531,0.10531,0.0,0.05,204.43017941207592,-8.629445597195676,0.0,0.0,213.0596250092716,213.0596250092716,0.0,1.0
8136,2019-12-06 00:00:00,12,2019-12-06 01:00:00,0.10531,0.10531,0.10531,0.0,0.0632318165823667,199.5170594072873,-88.93003011902009,0.0,0.0,288.44708952630737,288.44708952630737,0.0,1.0
8137,2019-12-06 01:00:00,12,2019-12-06 02:00:00,0.10531,0.10531,0.10531,0.0,0.1995911960981975,199.1978866579131,-89.24920286839428,0.0,0.0,288.44708952630737,288.44708952630737,0.0,1.0
8138,2019-12-06 02:00:00,12,2019-12-06 03:00:00,0.10531,0.10531,0.10531,0.0,0.33643997382973545,198.52322892653086,-89.92386059977652,0.0,0.0,288.44708952630737,288.44708952630737,0.0,1.0
8139,2019-12-06 03:00:00,12,2019-12-06 04:00:00,0.10531,0.10531,0.10531,0.0,0.47432322674939276,199.62905982315942,-88.81802970314796,0.0,0.0,288.44708952630737,288.44708952630737,0.0,1.0
8140,2019-12-06 04:00:00,12,2019-12-06 05:00:00,0.10531,0.10531,0.10531,0.0,0.6105108722942195,221.3881557815721,-67.05893374473528,0.0,0.0,288.44708952630737,288.44708952630737,0.0,1.0
8141,2019-12-06 05:00:00,12,2019-12-06 06:00:00,0.10531,0.10531,0.10531,0.0,0.7133345707028137,221.27135891951184,-67.17573060679554,0.0,0.0,288.44708952630737,288.44708952630737,0.0,1.0
8142,2019-12-06 06:00:00,12,2019-12-06 07:00:00,0.10531,0.10531,0.10531,0.0,0.8163373576332335,277.6212113838968,-10.825878142410565,0.0,0.0,288.44708952630737,288.44708952630737,0.0,1.0
8143,2019-12-06 07:00:00,12,2019-12-06 08:00:00,0.10531,0.10531,0.10531,0.0,0.8329370374515963,307.0823187885385,-0.0,18.635229262231178,0.0,288.4470895263073,288.4470895263073,0.0,0.0
8144,2019-12-06 08:00:00,12,2019-12-06 09:00:00,0.10531,0.10531,0.10531,0.0,0.7991775641504529,318.72999615457945,-0.0,30.282906628272087,0.0,288.44708952630737,288.44708952630737,0.0,0.0
8145,2019-12-06 09:00:00,12,2019-12-06 10:00:00,0.10531,0.10531,0.10531,0.0,0.7443172260557572,329.5711430209988,-0.0,41.12405349469145,0.0,288.44708952630737,288.44708952630737,0.0,0.0
8146,2019-12-06 10:00:00,12,2019-12-06 11:00:00,0.10531,0.10531,0.10531,0.0,0.6698171291450843,333.05647432848957,-0.0,44.60938480218218,0.0,288.4470895263074,288.4470895263074,0.0,0.0
8147,2019-12-06 11:00:00,12,2019-12-06 12:00:00,0.10531,0.10531,0.10531,0.0,0.5890030262425803,334.4645627348357,-0.0,46.01747320852829,0.0,288.4470895263074,288.4470895263074,0.0,0.0
8148,2019-12-06 12:00:00,12,2019-12-06 13:00:00,0.10531,0.10531,0.10531,0.0,0.5056380385459711,321.99934555770324,-0.0,33.55225603139583,0.0,288.4470895263074,288.4470895263074,0.0,0.0
8149,2019-12-06 13:00:00,12,2019-12-06 14:00:00,0.10531,0.10531,0.10531,0.0,0.44485496602532654,328.20735438844576,-0.0,39.76026486213837,0.0,288.4470895263074,288.4470895263074,0.0,0.0
8150,2019-12-06 14:00:00,12,2019-12-06 15:00:00,0.10531,0.10531,0.10531,0.0,0.3728255006953657,326.6437635691307,-0.0,38.19667404282333,0.0,288.4470895263074,288.4470895263074,0.0,0.0
8151,2019-12-06 15:00:00,12,2019-12-06 16:00:00,0.10531,0.10531,0.10531,0.0,0.3036286274293814,328.4864001452386,-0.0,40.03931061893118,0.0,288.4470895263074,288.4470895263074,0.0,0.0
8152,2019-12-06 16:00:00,12,2019-12-06 17:00:00,0.13592,0.13592,0.13592,0.0,0.23109364442407127,337.2663321553779,-0.0,48.81924262907049,0.0,288.4470895263074,288.4470895263074,0.0,0.0
8153,2019-12-06 17:00:00,12,2019-12-06 18:00:00,0.13592,0.13592,0.13592,0.0,0.14265298748734934,339.59153861932424,-0.0,51.144449093016846,0.0,288.4470895263074,288.4470895263074,0.0,0.0
8154,2019-12-06 18:00:00,12,2019-12-06 19:00:00,0.13592,0.13592,0.13592,0.0,0.05,269.70894409976694,-0.0,0.0,0.0,269.70894409976694,269.70894409976694,0.0,1.0
8155,2019-12-06 19:00:00,12,2019-12-06 20:00:00,0.13592,0.13592,0.13592,0.0,0.05,266.2859543655493,-0.0,0.0,0.0,266.2859543655493,266.2859543655493,0.0,1.0
8156,2019-12-06 20:00:00,12,2019-12-06 21:00:00,0.13592,0.13592,0.13592,0.0,0.05,230.5055541300836,-0.0,0.0,0.0,230.5055541300836,230.5055541300836,0.0,0.0
8157,2019-12-06 21:00:00,12,2019-12-06 22:00:00,0.10531,0.10531,0.10531,0.0,0.05,220.73023577100747,-0.0,0.0,0.0,220.73023577100747,220.73023577100747,0.0,0.0
8158,2019-12-06 22:00:00,12,2019-12-06 23:00:00,0.10531,0.10531,0.10531,0.0,0.05,204.7660223567051,-0.0,0.0,0.0,204.7660223567051,204.7660223567051,0.0,0.0
8159,2019-12-06 23:00:00,12,2019-12-07 00:00:00,0.10531,0.10531,0.10531,0.0,0.05,204.44302581015938,-0.0,0.0,0.0,204.44302581015938,204.44302581015938,0.0,0.0
8160,2019-12-07 00:00:00,12,2019-12-07 01:00:00,0.10531,0.10531,0.10531,0.0,0.05,200.08709750638593,-88.35999201992149,0.0,0.0,288.4470895263074,288.4470895263074,0.0,1.0
8161,2019-12-07 01:00:00,12,2019-12-07 02:00:00,0.10531,0.10531,0.10531,0.0,0.18548532109721297,198.4849872159073,-89.96210231040013,0.0,0.0,288.4470895263074,288.4470895263074,0.0,1.0
8162,2019-12-07 02:00:00,12,2019-12-07 03:00:00,0.10531,0.10531,0.10531,0.0,0.32342721130649316,198.16046920315873,-90.2866203231487,0.0,0.0,288.4470895263074,288.4470895263074,0.0,1.0
8163,2019-12-07 03:00:00,12,2019-12-07 04:00:00,0.10531,0.10531,0.10531,0.0,0.4618666958019878,197.25003990435997,-91.19704962194746,0.0,0.0,288.4470895263074,288.4470895263074,0.0,1.0
8164,2019-12-07 04:00:00,12,2019-12-07 05:00:00,0.10531,0.10531,0.10531,0.0,0.6017021718889739,218.98036376964134,-69.46672575666608,0.0,0.0,288.4470895263074,288.4470895263074,0.0,1.0
8165,2019-12-07 05:00:00,12,2019-12-07 06:00:00,0.10531,0.10531,0.10531,0.0,0.7082178180491951,217.0441527423602,-71.40293678394721,0.0,0.0,288.4470895263074,288.4470895263074,0.0,1.0
8166,2019-12-07 06:00:00,12,2019-12-07 07:00:00,0.10531,0.10531,0.10531,0.0,0.8177023211179143,272.1996613918408,-16.247428134466645,0.0,0.0,288.4470895263074,288.4470895263074,0.0,1.0
8167,2019-12-07 07:00:00,12,2019-12-07 08:00:00,0.10531,0.10531,0.10531,0.0,0.8426150442574298,303.42337895686336,-0.0,14.976289430555937,0.0,288.4470895263074,288.4470895263074,0.0,0.0
8168,2019-12-07 08:00:00,12,2019-12-07 09:00:00,0.10531,0.10531,0.10531,0.0,0.8154840851441038,312.9264775141386,-0.0,24.47938798783116,0.0,288.4470895263074,288.4470895263074,0.0,0.0
8169,2019-12-07 09:00:00,12,2019-12-07 10:00:00,0.10531,0.10531,0.10531,0.0,0.7711373677748444,325.31329657448333,-0.0,36.86620704817591,0.0,288.4470895263074,288.4470895263074,0.0,0.0
8170,2019-12-07 10:00:00,12,2019-12-07 11:00:00,0.10531,0.10531,0.10531,0.0,0.7043507608035113,331.7593778502753,-0.0,43.31228832396789,0.0,288.4470895263074,288.4470895263074,0.0,0.0
8171,2019-12-07 11:00:00,12,2019-12-07 12:00:00,0.10531,0.10531,0.10531,0.0,0.6258864703615404,334.5739029628613,-0.0,46.1268134365539,0.0,288.4470895263074,288.4470895263074,0.0,0.0
8172,2019-12-07 12:00:00,12,2019-12-07 13:00:00,0.10531,0.10531,0.10531,0.0,0.5423234025416964,320.95171649025514,-0.0,32.504626963947715,0.0,288.4470895263074,288.4470895263074,0.0,0.0
8173,2019-12-07 13:00:00,12,2019-12-07 14:00:00,0.10531,0.10531,0.10531,0.0,0.48343820876642873,325.52819392650923,-0.0,37.08110440020181,0.0,288.4470895263074,288.4470895263074,0.0,0.0
8174,2019-12-07 14:00:00,12,2019-12-07 15:00:00,0.10531,0.10531,0.10531,0.0,0.4162622949979472,324.68445306299816,-0.0,36.23736353669074,0.0,288.4470895263074,288.4470895263074,0.0,0.0
8175,2019-12-07 15:00:00,12,2019-12-07 16:00:00,0.10531,0.10531,0.10531,0.0,0.350614897286551,325.71306957214045,-0.0,37.26598004583303,0.0,288.4470895263074,288.4470895263074,0.0,0.0
8176,2019-12-07 16:00:00,12,2019-12-07 17:00:00,0.13592,0.13592,0.13592,0.0,0.28310406387018683,336.22618025843633,-0.0,47.77909073212891,0.0,288.4470895263074,288.4470895263074,0.0,0.0
8177,2019-12-07 17:00:00,12,2019-12-07 18:00:00,0.13592,0.13592,0.13592,0.0,0.1965477400800982,336.6093400262162,-0.0,80.89435252421421,0.0,255.714987502002,255.714987502002,0.0,0.0
8178,2019-12-07 18:00:00,12,2019-12-07 19:00:00,0.13592,0.13592,0.13592,0.0,0.05,264.80740198668644,-0.0,0.0,0.0,264.80740198668644,264.80740198668644,0.0,0.0
8179,2019-12-07 19:00:00,12,2019-12-07 20:00:00,0.13592,0.13592,0.13592,0.0,0.05,268.3717571043777,-0.0,0.0,0.0,268.3717571043777,268.3717571043777,0.0,0.0
8180,2019-12-07 20:00:00,12,2019-12-07 21:00:00,0.13592,0.13592,0.13592,0.0,0.05,236.29302479319432,-0.0,0.0,0.0,236.29302479319432,236.29302479319432,0.0,0.0
8181,2019-12-07 21:00:00,12,2019-12-07 22:00:00,0.10531,0.10531,0.10531,0.0,0.05,224.3875381556717,-64.05955137063572,0.0,0.0,288.4470895263074,288.4470895263074,0.0,1.0
8182,2019-12-07 22:00:00,12,2019-12-07 23:00:00,0.10531,0.10531,0.10531,0.0,0.14822464543497477,207.88388275204912,-0.0,0.0,0.0,207.88388275204912,207.88388275204912,0.0,0.0
8183,2019-12-07 23:00:00,12,2019-12-08 00:00:00,0.10531,0.10531,0.10531,0.0,0.14822464543497477,207.98987740095575,-0.0,0.0,0.0,207.98987740095575,207.98987740095575,0.0,0.0
8184,2019-12-08 00:00:00,12,2019-12-08 01:00:00,0.10531,0.10531,0.10531,0.0,0.14822464543497477,200.75614395088368,-90.88937831682838,0.0,0.0,291.64552226771207,291.64552226771207,0.0,1.0
8185,2019-12-08 01:00:00,12,2019-12-08 02:00:00,0.10531,0.10531,0.10531,0.0,0.28758835885411166,199.18763385263037,-92.4578884150817,0.0,0.0,291.64552226771207,291.64552226771207,0.0,1.0
8186,2019-12-08 02:00:00,12,2019-12-08 03:00:00,0.10531,0.10531,0.10531,0.0,0.4293571210905702,203.2640508310077,-88.38147143670437,0.0,0.0,291.64552226771207,291.64552226771207,0.0,1.0
8187,2019-12-08 03:00:00,12,2019-12-08 04:00:00,0.10531,0.10531,0.10531,0.0,0.5648753772935169,202.503967901226,-89.14155436648608,0.0,0.0,291.64552226771207,291.64552226771207,0.0,1.0
8188,2019-12-08 04:00:00,12,2019-12-08 05:00:00,0.10531,0.10531,0.10531,0.0,0.7015590939887956,223.6576394185761,-67.98788284913596,0.0,0.0,291.64552226771207,291.64552226771207,0.0,1.0
8189,2019-12-08 05:00:00,12,2019-12-08 06:00:00,0.10531,0.10531,0.10531,0.0,0.8058071810241374,226.6112373468047,-65.03428492090737,0.0,0.0,291.64552226771207,291.64552226771207,0.0,1.0
8190,2019-12-08 06:00:00,12,2019-12-08 07:00:00,0.10531,0.10531,0.10531,0.0,0.905526417902862,284.9069411341711,-6.738581133540948,0.0,0.0,291.64552226771207,291.64552226771207,0.0,1.0
8191,2019-12-08 07:00:00,12,2019-12-08 08:00:00,0.10531,0.10531,0.10531,0.0,0.9158589089742915,313.63756128474046,-0.0,21.99203901702839,0.0,291.64552226771207,291.64552226771207,0.0,0.0
8192,2019-12-08 08:00:00,12,2019-12-08 09:00:00,0.10531,0.10531,0.10531,0.0,0.8760182585811243,324.90397696899197,-0.0,33.2584547012799,0.0,291.64552226771207,291.64552226771207,0.0,0.0
8193,2019-12-08 09:00:00,12,2019-12-08 10:00:00,0.10531,0.10531,0.10531,0.0,0.8157674348469214,335.7400395485864,-0.0,44.094517280874356,0.0,291.64552226771207,291.64552226771207,0.0,0.0
8194,2019-12-08 10:00:00,12,2019-12-08 11:00:00,0.10531,0.10531,0.10531,0.0,0.7358860629612792,339.6283840205251,-0.0,47.98286175281305,0.0,291.64552226771207,291.64552226771207,0.0,0.0
8195,2019-12-08 11:00:00,12,2019-12-08 12:00:00,0.10531,0.10531,0.10531,0.0,0.6489605887714004,339.77836081725104,-0.0,48.132838549538974,0.0,291.64552226771207,291.64552226771207,0.0,0.0
8196,2019-12-08 12:00:00,12,2019-12-08 13:00:00,0.10531,0.10531,0.10531,0.0,0.5617634174860038,328.3071306198862,-0.0,36.66160835217416,0.0,291.64552226771207,291.64552226771207,0.0,0.0
8197,2019-12-08 13:00:00,12,2019-12-08 14:00:00,0.10531,0.10531,0.10531,0.0,0.495347460326268,335.13251713434596,-0.0,43.48699486663389,0.0,291.64552226771207,291.64552226771207,0.0,0.0
8198,2019-12-08 14:00:00,12,2019-12-08 15:00:00,0.10531,0.10531,0.10531,0.0,0.416566672524395,336.2574179910105,-0.0,44.61189572329846,0.0,291.64552226771207,291.64552226771207,0.0,0.0
8199,2019-12-08 15:00:00,12,2019-12-08 16:00:00,0.10531,0.10531,0.10531,0.0,0.3357480208517529,338.6036861285242,-0.0,46.958163860812135,0.0,291.64552226771207,291.64552226771207,0.0,0.0
8200,2019-12-08 16:00:00,12,2019-12-08 17:00:00,0.13592,0.13592,0.13592,0.0,0.2506788834227456,346.09867008844174,-0.0,54.45314782072967,0.0,291.64552226771207,291.64552226771207,0.0,0.0
8201,2019-12-08 17:00:00,12,2019-12-08 18:00:00,0.13592,0.13592,0.13592,0.0,0.15203187650113367,347.96711809633786,-0.0,56.32159582862579,0.0,291.64552226771207,291.64552226771207,0.0,0.0
8202,2019-12-08 18:00:00,12,2019-12-08 19:00:00,0.13592,0.13592,0.13592,0.0,0.05,278.1381701838272,-0.0,0.0,0.0,278.1381701838272,278.1381701838272,0.0,1.0
8203,2019-12-08 19:00:00,12,2019-12-08 20:00:00,0.13592,0.13592,0.13592,0.0,0.05,275.6444334525106,-0.0,0.0,0.0,275.6444334525106,275.6444334525106,0.0,1.0
8204,2019-12-08 20:00:00,12,2019-12-08 21:00:00,0.13592,0.13592,0.13592,0.0,0.05,240.97355199405249,-0.0,0.0,0.0,240.97355199405249,240.97355199405249,0.0,0.0
8205,2019-12-08 21:00:00,12,2019-12-08 22:00:00,0.10531,0.10531,0.10531,0.0,0.05,230.39091344198965,-0.0,0.0,0.0,230.39091344198965,230.39091344198965,0.0,0.0
8206,2019-12-08 22:00:00,12,2019-12-08 23:00:00,0.10531,0.10531,0.10531,0.0,0.05,213.1170442899913,-0.0,0.0,0.0,213.1170442899913,213.1170442899913,0.0,0.0
8207,2019-12-08 23:00:00,12,2019-12-09 00:00:00,0.10531,0.10531,0.10531,0.0,0.05,213.11388457947893,-0.0,0.0,0.0,213.11388457947893,213.11388457947893,0.0,0.0
8208,2019-12-09 00:00:00,12,2019-12-09 01:00:00,0.10531,0.10531,0.10531,0.0,0.05,211.07004084272228,-80.4721997419681,0.0,0.0,291.5422405846904,291.5422405846904,0.0,1.0
8209,2019-12-09 01:00:00,12,2019-12-09 02:00:00,0.10531,0.10531,0.10531,0.0,0.17339070627101777,210.36066365914826,-81.18157692554212,0.0,0.0,291.5422405846904,291.5422405846904,0.0,1.0
8210,2019-12-09 02:00:00,12,2019-12-09 03:00:00,0.10531,0.10531,0.10531,0.0,0.2978691242235157,209.022198839396,-82.52004174529438,0.0,0.0,291.5422405846904,291.5422405846904,0.0,1.0
8211,2019-12-09 03:00:00,12,2019-12-09 04:00:00,0.10531,0.10531,0.10531,0.0,0.4243998548996337,208.40314830101815,-0.0,0.0,0.0,208.40314830101815,208.40314830101815,0.0,0.0
8212,2019-12-09 04:00:00,12,2019-12-09 05:00:00,0.10531,0.10531,0.10531,0.0,0.4243998548996337,211.10436029532474,-80.43788028936564,0.0,0.0,291.5422405846904,291.5422405846904,0.0,1.0
8213,2019-12-09 05:00:00,12,2019-12-09 06:00:00,0.10531,0.10531,0.10531,0.0,0.5477379380099944,212.79808028807463,-78.74416029661575,0.0,0.0,291.5422405846904,291.5422405846904,0.0,1.0
8214,2019-12-09 06:00:00,12,2019-12-09 07:00:00,0.10531,0.10531,0.10531,0.0,0.6684789837981385,232.82370031191834,-58.71854027277203,0.0,0.0,291.5422405846904,291.5422405846904,0.0,1.0
8215,2019-12-09 07:00:00,12,2019-12-09 08:00:00,0.10531,0.10531,0.10531,0.0,0.7585140788830557,260.24263340597923,-31.299607178711145,0.0,0.0,291.5422405846904,291.5422405846904,0.0,1.0
8216,2019-12-09 08:00:00,12,2019-12-09 09:00:00,0.10531,0.10531,0.10531,0.0,0.8065068098904127,260.6197930869179,-30.922447497772456,0.0,0.0,291.5422405846904,291.5422405846904,0.0,1.0
8217,2019-12-09 09:00:00,12,2019-12-09 10:00:00,0.10531,0.10531,0.10531,0.0,0.8539212293869972,285.3979554901811,-6.144285094509261,0.0,0.0,291.5422405846904,291.5422405846904,0.0,1.0
8218,2019-12-09 10:00:00,12,2019-12-09 11:00:00,0.10531,0.10531,0.10531,0.0,0.8633424665319115,287.4441965329625,-0.0,0.0,0.0,287.4441965329625,287.4441965329625,0.0,0.0
8219,2019-12-09 11:00:00,12,2019-12-09 12:00:00,0.10531,0.10531,0.10531,0.0,0.8633424665319115,289.8525735366137,-1.6896670480766747,0.0,0.0,291.5422405846904,291.5422405846904,0.0,1.0
8220,2019-12-09 12:00:00,12,2019-12-09 13:00:00,0.10531,0.10531,0.10531,0.0,0.8659332893389622,282.2820384845818,-9.260202100108586,0.0,0.0,291.5422405846904,291.5422405846904,0.0,1.0
8221,2019-12-09 13:00:00,12,2019-12-09 14:00:00,0.10531,0.10531,0.10531,0.0,0.8801322658924621,269.4838388395198,-22.058401745170556,0.0,0.0,291.5422405846904,291.5422405846904,0.0,1.0
8222,2019-12-09 14:00:00,12,2019-12-09 15:00:00,0.10531,0.10531,0.10531,0.0,0.9139551485683902,272.4793394903908,-19.062901094299548,0.0,0.0,291.5422405846904,291.5422405846904,0.0,1.0
8223,2019-12-09 15:00:00,12,2019-12-09 16:00:00,0.10531,0.10531,0.10531,0.0,0.9431849302463162,254.48893422359225,-37.05330636109812,0.0,0.0,291.5422405846904,291.5422405846904,0.0,1.0
8224,2019-12-09 16:00:00,12,2019-12-09 17:00:00,0.13592,0.13592,0.13592,0.0,1.0,258.52023398092706,-0.0,258.52023398092706,0.0,0.0,0.0,0.0,0.0
8225,2019-12-09 17:00:00,12,2019-12-09 18:00:00,0.13592,0.13592,0.13592,0.0,0.5316662427881756,249.43076241633005,-0.0,249.43076241633005,0.0,0.0,0.0,0.0,0.0
8226,2019-12-09 18:00:00,12,2019-12-09 19:00:00,0.13592,0.13592,0.13592,0.0,0.07979891957018642,239.54987986539734,-0.0,16.449003602742902,0.0,223.10087626265445,223.10087626265445,0.0,0.0
8227,2019-12-09 19:00:00,12,2019-12-09 20:00:00,0.13592,0.13592,0.13592,0.0,0.05,237.24844617988285,-0.0,0.0,0.0,237.24844617988285,237.24844617988285,0.0,0.0
8228,2019-12-09 20:00:00,12,2019-12-09 21:00:00,0.13592,0.13592,0.13592,0.0,0.05,208.76217399017384,-0.0,0.0,0.0,208.76217399017384,208.76217399017384,0.0,0.0
8229,2019-12-09 21:00:00,12,2019-12-09 22:00:00,0.10531,0.10531,0.10531,0.0,0.05,207.72299701374558,-0.0,0.0,0.0,207.72299701374558,207.72299701374558,0.0,0.0
8230,2019-12-09 22:00:00,12,2019-12-09 23:00:00,0.10531,0.10531,0.10531,0.0,0.05,203.72440462625315,-0.0,0.0,0.0,203.72440462625315,203.72440462625315,0.0,0.0
8231,2019-12-09 23:00:00,12,2019-12-10 00:00:00,0.10531,0.10531,0.10531,0.0,0.05,204.79945771925472,-0.0,0.0,0.0,204.79945771925472,204.79945771925472,0.0,0.0
8232,2019-12-10 00:00:00,12,2019-12-10 01:00:00,0.10531,0.10531,0.10531,0.0,0.05,200.71645901237747,-0.0,0.0,0.0,200.71645901237747,200.71645901237747,0.0,0.0
8233,2019-12-10 01:00:00,12,2019-12-10 02:00:00,0.10531,0.10531,0.10531,0.0,0.05,201.77786820558202,-0.0,0.0,0.0,201.77786820558202,201.77786820558202,0.0,0.0
8234,2019-12-10 02:00:00,12,2019-12-10 03:00:00,0.10531,0.10531,0.10531,0.0,0.05,201.1990453099387,-89.29711582317663,0.0,0.0,290.4961611331153,290.4961611331153,0.0,1.0
8235,2019-12-10 03:00:00,12,2019-12-10 04:00:00,0.10531,0.10531,0.10531,0.0,0.18692224426220416,200.99848941582962,-0.0,0.0,0.0,200.99848941582962,200.99848941582962,0.0,0.0
8236,2019-12-10 04:00:00,12,2019-12-10 05:00:00,0.10531,0.10531,0.10531,0.0,0.18692224426220416,203.88220089122663,-86.61396024188869,0.0,0.0,290.4961611331153,290.4961611331153,0.0,1.0
8237,2019-12-10 05:00:00,12,2019-12-10 06:00:00,0.10531,0.10531,0.10531,0.0,0.31973031663310014,204.84414495504083,-0.0,0.0,0.0,204.84414495504083,204.84414495504083,0.0,0.0
8238,2019-12-10 06:00:00,12,2019-12-10 07:00:00,0.10531,0.10531,0.10531,0.0,0.31973031663310014,224.2579139844455,-0.0,0.0,0.0,224.2579139844455,224.2579139844455,0.0,0.0
8239,2019-12-10 07:00:00,12,2019-12-10 08:00:00,0.10531,0.10531,0.10531,0.0,0.31973031663310014,222.03360725679224,-0.0,0.0,0.0,222.03360725679224,222.03360725679224,0.0,0.0
8240,2019-12-10 08:00:00,12,2019-12-10 09:00:00,0.10531,0.10531,0.10531,0.0,0.31973031663310014,238.12116148598807,-52.374999647127254,0.0,0.0,290.4961611331153,290.4961611331153,0.0,1.0
8241,2019-12-10 09:00:00,12,2019-12-10 10:00:00,0.10531,0.10531,0.10531,0.0,0.400038649425362,234.40469235883373,-56.091468774281594,0.0,0.0,290.4961611331153,290.4961611331153,0.0,1.0
8242,2019-12-10 10:00:00,12,2019-12-10 11:00:00,0.10531,0.10531,0.10531,0.0,0.48604556821259376,232.86736741694105,-57.62879371617427,0.0,0.0,290.4961611331153,290.4961611331153,0.0,1.0
8243,2019-12-10 11:00:00,12,2019-12-10 12:00:00,0.10531,0.10531,0.10531,0.0,0.5744097185773943,232.26017695994096,-58.23598417317436,0.0,0.0,290.4961611331153,290.4961611331153,0.0,1.0
8244,2019-12-10 12:00:00,12,2019-12-10 13:00:00,0.10531,0.10531,0.10531,0.0,0.6637048943095951,235.81683157679487,-51.23124615253027,0.0,0.0,287.04807772932514,287.04807772932514,0.0,1.0
8245,2019-12-10 13:00:00,12,2019-12-10 14:00:00,0.10531,0.10531,0.10531,0.0,0.7422594717434748,234.34970400227292,-57.29581826543915,0.0,0.0,291.64552226771207,291.64552226771207,0.0,1.0
8246,2019-12-10 14:00:00,12,2019-12-10 15:00:00,0.10531,0.10531,0.10531,0.0,0.8301130597504816,235.4802418297966,-56.16528043791547,0.0,0.0,291.64552226771207,291.64552226771207,0.0,1.0
8247,2019-12-10 15:00:00,12,2019-12-10 16:00:00,0.10531,0.10531,0.10531,0.0,0.916233156421952,237.0149721081155,-54.63055015959657,0.0,0.0,291.64552226771207,291.64552226771207,0.0,1.0
8248,2019-12-10 16:00:00,12,2019-12-10 17:00:00,0.13592,0.13592,0.13592,0.0,1.0,235.09827844504042,-0.0,235.09827844504042,0.0,0.0,0.0,0.0,0.0
8249,2019-12-10 17:00:00,12,2019-12-10 18:00:00,0.13592,0.13592,0.13592,0.0,0.5740973216575356,223.50944240249996,-0.0,223.50944240249996,0.0,0.0,0.0,0.0,0.0
8250,2019-12-10 18:00:00,12,2019-12-10 19:00:00,0.13592,0.13592,0.13592,0.0,0.16918891150807908,214.87789710995852,-0.0,65.79227915245966,0.0,149.08561795749887,149.08561795749887,0.0,0.0
8251,2019-12-10 19:00:00,12,2019-12-10 20:00:00,0.13592,0.13592,0.13592,0.0,0.05,211.83363369844542,-0.0,0.0,0.0,211.83363369844542,211.83363369844542,0.0,0.0
8252,2019-12-10 20:00:00,12,2019-12-10 21:00:00,0.13592,0.13592,0.13592,0.0,0.05,202.25283526518302,-0.0,0.0,0.0,202.25283526518302,202.25283526518302,0.0,0.0
8253,2019-12-10 21:00:00,12,2019-12-10 22:00:00,0.10531,0.10531,0.10531,0.0,0.05,200.95118331850693,-0.0,0.0,0.0,200.95118331850693,200.95118331850693,0.0,0.0
8254,2019-12-10 22:00:00,12,2019-12-10 23:00:00,0.10531,0.10531,0.10531,0.0,0.05,197.92669070256983,-0.0,0.0,0.0,197.92669070256983,197.92669070256983,0.0,0.0
8255,2019-12-10 23:00:00,12,2019-12-11 00:00:00,0.10531,0.10531,0.10531,0.0,0.05,198.14701386900938,-0.0,0.0,0.0,198.14701386900938,198.14701386900938,0.0,0.0
8256,2019-12-11 00:00:00,12,2019-12-11 01:00:00,0.10531,0.10531,0.10531,0.0,0.05,197.49448926466323,-94.15103300304884,0.0,0.0,291.64552226771207,291.64552226771207,0.0,1.0
8257,2019-12-11 01:00:00,12,2019-12-11 02:00:00,0.10531,0.10531,0.10531,0.0,0.19436491727134156,195.18491905902266,-96.4606032086894,0.0,0.0,291.64552226771207,291.64552226771207,0.0,1.0
8258,2019-12-11 02:00:00,12,2019-12-11 03:00:00,0.10531,0.10531,0.10531,0.0,0.34227117552466535,193.17954166725096,-98.46598060046111,0.0,0.0,291.64552226771207,291.64552226771207,0.0,1.0
8259,2019-12-11 03:00:00,12,2019-12-11 04:00:00,0.10531,0.10531,0.10531,0.0,0.4932523457787057,194.09985455470883,-97.54566771300324,0.0,0.0,291.64552226771207,291.64552226771207,0.0,1.0
8260,2019-12-11 04:00:00,12,2019-12-11 05:00:00,0.10531,0.10531,0.10531,0.0,0.6428223696053107,215.60640751690147,-76.0391147508106,0.0,0.0,291.64552226771207,291.64552226771207,0.0,1.0
8261,2019-12-11 05:00:00,12,2019-12-11 06:00:00,0.10531,0.10531,0.10531,0.0,0.7594156788898868,215.68269964202963,-75.96282262568243,0.0,0.0,291.64552226771207,291.64552226771207,0.0,1.0
8262,2019-12-11 06:00:00,12,2019-12-11 07:00:00,0.10531,0.10531,0.10531,0.0,0.8758920069159333,274.2277537036231,-17.417768564088988,0.0,0.0,291.64552226771207,291.64552226771207,0.0,1.0
8263,2019-12-11 07:00:00,12,2019-12-11 08:00:00,0.10531,0.10531,0.10531,0.0,0.9025992520475362,302.60521631278107,-0.0,10.959694045069,0.0,291.64552226771207,291.64552226771207,0.0,0.0
8264,2019-12-11 08:00:00,12,2019-12-11 09:00:00,0.10531,0.10531,0.10531,0.0,0.8827447338499476,314.5670610430179,-0.0,22.921538775305805,0.0,291.64552226771207,291.64552226771207,0.0,0.0
8265,2019-12-11 09:00:00,12,2019-12-11 10:00:00,0.10531,0.10531,0.10531,0.0,0.8412202070830892,324.8043782747395,-0.0,33.15885600702745,0.0,291.64552226771207,291.64552226771207,0.0,0.0
8266,2019-12-11 10:00:00,12,2019-12-11 11:00:00,0.10531,0.10531,0.10531,0.0,0.7811498157660105,328.41671187741724,-0.0,36.771189609705175,0.0,291.64552226771207,291.64552226771207,0.0,0.0
8267,2019-12-11 11:00:00,12,2019-12-11 12:00:00,0.10531,0.10531,0.10531,0.0,0.7145353418353853,329.94940064899583,-0.0,38.303878381283766,0.0,291.64552226771207,291.64552226771207,0.0,0.0
8268,2019-12-11 12:00:00,12,2019-12-11 13:00:00,0.10531,0.10531,0.10531,0.0,0.6451442578113205,320.2199038855831,-0.0,28.57438161787104,0.0,291.64552226771207,291.64552226771207,0.0,0.0
8269,2019-12-11 13:00:00,12,2019-12-11 14:00:00,0.10531,0.10531,0.10531,0.0,0.5933790737209744,329.29248299385927,-0.0,37.6469607261472,0.0,291.64552226771207,291.64552226771207,0.0,0.0
8270,2019-12-11 14:00:00,12,2019-12-11 15:00:00,0.10531,0.10531,0.10531,0.0,0.5251780579127368,330.74966248625697,-0.0,39.1041402185449,0.0,291.64552226771207,291.64552226771207,0.0,0.0
8271,2019-12-11 15:00:00,12,2019-12-11 16:00:00,0.10531,0.10531,0.10531,0.0,0.4543372241834887,331.6715886466416,-0.0,40.026066378929556,0.0,291.64552226771207,291.64552226771207,0.0,0.0
8272,2019-12-11 16:00:00,12,2019-12-11 17:00:00,0.13592,0.13592,0.13592,0.0,0.3818262343665874,334.73427712174527,-0.0,43.0887548540332,0.0,291.64552226771207,291.64552226771207,0.0,0.0
8273,2019-12-11 17:00:00,12,2019-12-11 18:00:00,0.13592,0.13592,0.13592,0.0,0.30376689586290406,335.33987844848315,-0.0,140.07932651632302,0.0,195.26055193216013,195.26055193216013,0.0,0.0
8274,2019-12-11 18:00:00,12,2019-12-11 19:00:00,0.13592,0.13592,0.13592,0.0,0.05,265.7549282947255,-0.0,0.0,0.0,265.7549282947255,265.7549282947255,0.0,0.0
8275,2019-12-11 19:00:00,12,2019-12-11 20:00:00,0.13592,0.13592,0.13592,0.0,0.05,262.78108495880986,-0.0,0.0,0.0,262.78108495880986,262.78108495880986,0.0,0.0
8276,2019-12-11 20:00:00,12,2019-12-11 21:00:00,0.13592,0.13592,0.13592,0.0,0.05,229.18705635296917,-0.0,0.0,0.0,229.18705635296917,229.18705635296917,0.0,0.0
8277,2019-12-11 21:00:00,12,2019-12-11 22:00:00,0.10531,0.10531,0.10531,0.0,0.05,218.30641672214625,-0.0,0.0,0.0,218.30641672214625,218.30641672214625,0.0,0.0
8278,2019-12-11 22:00:00,12,2019-12-11 23:00:00,0.10531,0.10531,0.10531,0.0,0.05,200.88108163375705,-90.76444063395502,0.0,0.0,291.64552226771207,291.64552226771207,0.0,1.0
8279,2019-12-11 23:00:00,12,2019-12-12 00:00:00,0.10531,0.10531,0.10531,0.0,0.1891721423053977,203.003010709969,-32.16278245041489,0.0,0.0,235.16579316038388,235.16579316038388,0.0,1.0
8280,2019-12-12 00:00:00,12,2019-12-12 01:00:00,0.10531,0.10531,0.10531,0.0,0.2384884087293672,200.00702749963895,-91.63849476807312,0.0,0.0,291.64552226771207,291.64552226771207,0.0,1.0
8281,2019-12-12 01:00:00,12,2019-12-12 02:00:00,0.10531,0.10531,0.10531,0.0,0.37900076737374594,198.55004388908407,-93.095478378628,0.0,0.0,291.64552226771207,291.64552226771207,0.0,1.0
8282,2019-12-12 02:00:00,12,2019-12-12 03:00:00,0.10531,0.10531,0.10531,0.0,0.5217471675543089,200.22690302563453,-91.41861924207754,0.0,0.0,291.64552226771207,291.64552226771207,0.0,1.0
8283,2019-12-12 03:00:00,12,2019-12-12 04:00:00,0.10531,0.10531,0.10531,0.0,0.6619223837254945,200.77685396297562,-85.00805786212088,0.0,0.0,285.7849118250965,285.7849118250965,0.0,1.0
8284,2019-12-12 04:00:00,12,2019-12-12 05:00:00,0.10531,0.10531,0.10531,0.0,0.7922680724474132,223.69937731606726,-67.94614495164481,0.0,0.0,291.64552226771207,291.64552226771207,0.0,1.0
8285,2019-12-12 05:00:00,12,2019-12-12 06:00:00,0.10531,0.10531,0.10531,0.0,0.8964521613732684,224.11432316332198,-67.53119910439008,0.0,0.0,291.64552226771207,291.64552226771207,0.0,1.0
8286,2019-12-12 06:00:00,12,2019-12-12 07:00:00,0.10531,0.10531,0.10531,0.0,1.0,281.642998501536,-0.0,0.0,0.0,281.642998501536,281.642998501536,0.0,0.0
8287,2019-12-12 07:00:00,12,2019-12-12 08:00:00,0.10531,0.10531,0.10531,0.0,1.0,309.578075513106,-0.0,17.932553245393933,0.0,291.64552226771207,291.64552226771207,0.0,0.0
8288,2019-12-12 08:00:00,12,2019-12-12 09:00:00,0.10531,0.10531,0.10531,0.0,0.9675134904974747,319.31946113002084,-0.0,27.673938862308773,0.0,291.64552226771207,291.64552226771207,0.0,0.0
8289,2019-12-12 09:00:00,12,2019-12-12 10:00:00,0.10531,0.10531,0.10531,0.0,0.9173795432831472,328.1708304026492,-0.0,36.52530813493712,0.0,291.64552226771207,291.64552226771207,0.0,0.0
8290,2019-12-12 10:00:00,12,2019-12-12 11:00:00,0.10531,0.10531,0.10531,0.0,0.8512105068068119,330.9165385826997,-0.0,39.271016314987605,0.0,291.64552226771207,291.64552226771207,0.0,0.0
8291,2019-12-12 11:00:00,12,2019-12-12 12:00:00,0.10531,0.10531,0.10531,0.0,0.780067361308646,331.7979244157675,-0.0,40.152402148055444,0.0,291.64552226771207,291.64552226771207,0.0,0.0
8292,2019-12-12 12:00:00,12,2019-12-12 13:00:00,0.10531,0.10531,0.10531,0.0,0.7073275023447774,321.7028302919224,-0.0,30.05730802421033,0.0,291.64552226771207,291.64552226771207,0.0,0.0
8293,2019-12-12 13:00:00,12,2019-12-12 14:00:00,0.10531,0.10531,0.10531,0.0,0.6528758573733819,330.20452873165465,-0.0,38.55900646394258,0.0,291.64552226771207,291.64552226771207,0.0,0.0
8294,2019-12-12 14:00:00,12,2019-12-12 15:00:00,0.10531,0.10531,0.10531,0.0,0.5830225847937758,329.5442281349603,-0.0,37.898705867248225,0.0,291.64552226771207,291.64552226771207,0.0,0.0
8295,2019-12-12 15:00:00,12,2019-12-12 16:00:00,0.10531,0.10531,0.10531,0.0,0.5143655089473117,328.69295586854986,-0.0,37.04743360083779,0.0,291.64552226771207,291.64552226771207,0.0,0.0
8296,2019-12-12 16:00:00,12,2019-12-12 17:00:00,0.13592,0.13592,0.13592,0.0,0.4472505930037649,331.722204277243,-0.0,40.07668200953094,0.0,291.64552226771207,291.64552226771207,0.0,0.0
8297,2019-12-12 17:00:00,12,2019-12-12 18:00:00,0.13592,0.13592,0.13592,0.0,0.37464790820389005,333.5900311286872,-0.0,41.944508860975134,0.0,291.64552226771207,291.64552226771207,0.0,0.0
8298,2019-12-12 18:00:00,12,2019-12-12 19:00:00,0.13592,0.13592,0.13592,0.0,0.2986614791079206,265.2575738487547,-0.0,137.2611364675722,0.0,127.99643738118252,127.99643738118252,0.0,0.0
8299,2019-12-12 19:00:00,12,2019-12-12 20:00:00,0.13592,0.13592,0.13592,0.0,0.05,263.82141464680814,-0.0,0.0,0.0,263.82141464680814,263.82141464680814,0.0,1.0
8300,2019-12-12 20:00:00,12,2019-12-12 21:00:00,0.13592,0.13592,0.13592,0.0,0.05,230.58862222571335,-0.0,0.0,0.0,230.58862222571335,230.58862222571335,0.0,0.0
8301,2019-12-12 21:00:00,12,2019-12-12 22:00:00,0.10531,0.10531,0.10531,0.0,0.05,221.43476226217598,-0.0,0.0,0.0,221.43476226217598,221.43476226217598,0.0,0.0
8302,2019-12-12 22:00:00,12,2019-12-12 23:00:00,0.10531,0.10531,0.10531,0.0,0.05,204.965858390955,-0.0,0.0,0.0,204.965858390955,204.965858390955,0.0,0.0
8303,2019-12-12 23:00:00,12,2019-12-13 00:00:00,0.10531,0.10531,0.10531,0.0,0.05,205.30892851552184,-0.0,0.0,0.0,205.30892851552184,205.30892851552184,0.0,0.0
8304,2019-12-13 00:00:00,12,2019-12-13 01:00:00,0.10531,0.10531,0.10531,0.0,0.05,203.11907584091645,-88.52644642679562,0.0,0.0,291.64552226771207,291.64552226771207,0.0,1.0
8305,2019-12-13 01:00:00,12,2019-12-13 02:00:00,0.10531,0.10531,0.10531,0.0,0.1857405511877533,204.51197876480524,-87.13354350290683,0.0,0.0,291.64552226771207,291.64552226771207,0.0,1.0
8306,2019-12-13 02:00:00,12,2019-12-13 03:00:00,0.10531,0.10531,0.10531,0.0,0.31934531789221043,205.56489922015925,-86.08062304755282,0.0,0.0,291.64552226771207,291.64552226771207,0.0,1.0
8307,2019-12-13 03:00:00,12,2019-12-13 04:00:00,0.10531,0.10531,0.10531,0.0,0.4513356065651248,203.3515343975555,-88.29398787015657,0.0,0.0,291.64552226771207,291.64552226771207,0.0,1.0
8308,2019-12-13 04:00:00,12,2019-12-13 05:00:00,0.10531,0.10531,0.10531,0.0,0.5867197212993649,223.89813994407007,-67.747382323642,0.0,0.0,291.64552226771207,291.64552226771207,0.0,1.0
8309,2019-12-13 05:00:00,12,2019-12-13 06:00:00,0.10531,0.10531,0.10531,0.0,0.6905990408622826,223.03902026374354,-68.60650200396853,0.0,0.0,291.64552226771207,291.64552226771207,0.0,1.0
8310,2019-12-13 06:00:00,12,2019-12-13 07:00:00,0.10531,0.10531,0.10531,0.0,0.7957956772683676,281.2278923681017,-10.417629899610347,0.0,0.0,291.64552226771207,291.64552226771207,0.0,1.0
8311,2019-12-13 07:00:00,12,2019-12-13 08:00:00,0.10531,0.10531,0.10531,0.0,0.8117693764477703,315.68682186730666,-0.0,24.041299599594595,0.0,291.64552226771207,291.64552226771207,0.0,0.0
8312,2019-12-13 08:00:00,12,2019-12-13 09:00:00,0.10531,0.10531,0.10531,0.0,0.7682162974629974,322.8766379058337,-0.0,31.23111563812165,0.0,291.64552226771207,291.64552226771207,0.0,0.0
8313,2019-12-13 09:00:00,12,2019-12-13 10:00:00,0.10531,0.10531,0.10531,0.0,0.7116381894229219,330.9509404194746,-0.0,39.305418151762524,0.0,291.64552226771207,291.64552226771207,0.0,0.0
8314,2019-12-13 10:00:00,12,2019-12-13 11:00:00,0.10531,0.10531,0.10531,0.0,0.6404327217566854,333.4551712922327,-0.0,41.80964902452064,0.0,291.64552226771207,291.64552226771207,0.0,0.0
8315,2019-12-13 11:00:00,12,2019-12-13 12:00:00,0.10531,0.10531,0.10531,0.0,0.5646906039586408,330.4852810342531,-0.0,38.839758766541024,0.0,291.64552226771207,291.64552226771207,0.0,0.0
8316,2019-12-13 12:00:00,12,2019-12-13 13:00:00,0.10531,0.10531,0.10531,0.0,0.49432872213519696,314.22350754661204,-0.0,22.577985278899973,0.0,291.64552226771207,291.64552226771207,0.0,0.0
8317,2019-12-13 13:00:00,12,2019-12-13 14:00:00,0.10531,0.10531,0.10531,0.0,0.453426574890813,320.2236811154379,-0.0,28.57815884772583,0.0,291.64552226771207,291.64552226771207,0.0,0.0
8318,2019-12-13 14:00:00,12,2019-12-13 15:00:00,0.10531,0.10531,0.10531,0.0,0.4016545479927589,318.1493814552143,-0.0,26.503859187502258,0.0,291.64552226771207,291.64552226771207,0.0,0.0
8319,2019-12-13 15:00:00,12,2019-12-13 16:00:00,0.10531,0.10531,0.10531,0.0,0.35364031033424037,317.6428417420699,-0.0,25.997319474357823,0.0,291.64552226771207,291.64552226771207,0.0,0.0
8320,2019-12-13 16:00:00,12,2019-12-13 17:00:00,0.13592,0.13592,0.13592,0.0,0.3065437170835921,320.32303747565146,-0.0,28.677515207939393,0.0,291.64552226771207,291.64552226771207,0.0,0.0
8321,2019-12-13 17:00:00,12,2019-12-13 18:00:00,0.13592,0.13592,0.13592,0.0,0.2545916967793541,322.07277559419117,-0.0,112.93461662220346,0.0,209.1381589719877,209.1381589719877,0.0,0.0
8322,2019-12-13 18:00:00,12,2019-12-13 19:00:00,0.13592,0.13592,0.13592,0.0,0.05,255.99662032882426,-0.0,0.0,0.0,255.99662032882426,255.99662032882426,0.0,0.0
8323,2019-12-13 19:00:00,12,2019-12-13 20:00:00,0.13592,0.13592,0.13592,0.0,0.05,253.63572418974968,-0.0,0.0,0.0,253.63572418974968,253.63572418974968,0.0,0.0
8324,2019-12-13 20:00:00,12,2019-12-13 21:00:00,0.13592,0.13592,0.13592,0.0,0.05,224.18727903134055,-0.0,0.0,0.0,224.18727903134055,224.18727903134055,0.0,0.0
8325,2019-12-13 21:00:00,12,2019-12-13 22:00:00,0.10531,0.10531,0.10531,0.0,0.05,211.94439969698257,-0.0,0.0,0.0,211.94439969698257,211.94439969698257,0.0,0.0
8326,2019-12-13 22:00:00,12,2019-12-13 23:00:00,0.10531,0.10531,0.10531,0.0,0.05,192.3621871629874,-0.0,0.0,0.0,192.3621871629874,192.3621871629874,0.0,0.0
8327,2019-12-13 23:00:00,12,2019-12-14 00:00:00,0.10531,0.10531,0.10531,0.0,0.05,192.84046751412959,-0.0,0.0,0.0,192.84046751412959,192.84046751412959,0.0,0.0
8328,2019-12-14 00:00:00,12,2019-12-14 01:00:00,0.10531,0.10531,0.10531,0.0,0.05,190.70587800722345,-100.93964426048862,0.0,0.0,291.64552226771207,291.64552226771207,0.0,1.0
8329,2019-12-14 01:00:00,12,2019-12-14 02:00:00,0.10531,0.10531,0.10531,0.0,0.2047741211994159,191.19048025649568,-100.45504201121639,0.0,0.0,291.64552226771207,291.64552226771207,0.0,1.0
8330,2019-12-14 02:00:00,12,2019-12-14 03:00:00,0.10531,0.10531,0.10531,0.0,0.3588051856166144,191.08976157359817,-100.5557606941139,0.0,0.0,291.64552226771207,291.64552226771207,0.0,1.0
8331,2019-12-14 03:00:00,12,2019-12-14 04:00:00,0.10531,0.10531,0.10531,0.0,0.5129906853475891,192.06909098011968,-99.57643128759238,0.0,0.0,291.64552226771207,291.64552226771207,0.0,1.0
8332,2019-12-14 04:00:00,12,2019-12-14 05:00:00,0.10531,0.10531,0.10531,0.0,0.6656745466552306,216.34361146337883,-75.30191080433323,0.0,0.0,291.64552226771207,291.64552226771207,0.0,1.0
8333,2019-12-14 05:00:00,12,2019-12-14 06:00:00,0.10531,0.10531,0.10531,0.0,0.7811374765552084,217.6858932446986,-73.95962902301346,0.0,0.0,291.64552226771207,291.64552226771207,0.0,1.0
8334,2019-12-14 06:00:00,12,2019-12-14 07:00:00,0.10531,0.10531,0.10531,0.0,0.8945422410571624,276.5451583416903,-15.100363926021771,0.0,0.0,291.64552226771207,291.64552226771207,0.0,1.0
8335,2019-12-14 07:00:00,12,2019-12-14 08:00:00,0.10531,0.10531,0.10531,0.0,0.9176961324103956,305.3925155576775,-0.0,13.746993289965417,0.0,291.64552226771207,291.64552226771207,0.0,0.0
8336,2019-12-14 08:00:00,12,2019-12-14 09:00:00,0.10531,0.10531,0.10531,0.0,0.8927921590590089,314.8703884689159,-0.0,23.224866201203838,0.0,291.64552226771207,291.64552226771207,0.0,0.0
8337,2019-12-14 09:00:00,12,2019-12-14 10:00:00,0.10531,0.10531,0.10531,0.0,0.8507181260858137,324.82931578731086,-0.0,33.183793519598794,0.0,291.64552226771207,291.64552226771207,0.0,0.0
8338,2019-12-14 10:00:00,12,2019-12-14 11:00:00,0.10531,0.10531,0.10531,0.0,0.7906025581155259,325.7883121961557,-0.0,34.14278992844362,0.0,291.64552226771207,291.64552226771207,0.0,0.0
8339,2019-12-14 11:00:00,12,2019-12-14 12:00:00,0.10531,0.10531,0.10531,0.0,0.7287496778103745,326.51778923366686,-0.0,34.87226696595479,0.0,291.64552226771207,291.64552226771207,0.0,0.0
8340,2019-12-14 12:00:00,12,2019-12-14 13:00:00,0.10531,0.10531,0.10531,0.0,0.6655752811329201,314.92948856081074,-0.0,23.283966293098672,0.0,291.64552226771207,291.64552226771207,0.0,0.0
8341,2019-12-14 13:00:00,12,2019-12-14 14:00:00,0.10531,0.10531,0.10531,0.0,0.6233941827758573,324.8389115476497,-0.0,33.193389279937605,0.0,291.64552226771207,291.64552226771207,0.0,0.0
8342,2019-12-14 14:00:00,12,2019-12-14 15:00:00,0.10531,0.10531,0.10531,0.0,0.5632612311817675,329.46408306450894,-0.0,37.81856079679687,0.0,291.64552226771207,291.64552226771207,0.0,0.0
8343,2019-12-14 15:00:00,12,2019-12-14 16:00:00,0.10531,0.10531,0.10531,0.0,0.4947493456803239,332.630588237643,-0.0,40.98506596993093,0.0,291.64552226771207,291.64552226771207,0.0,0.0
8344,2019-12-14 16:00:00,12,2019-12-14 17:00:00,0.13592,0.13592,0.13592,0.0,0.4205010377637824,338.4106173246537,-0.0,46.76509505694162,0.0,291.64552226771207,291.64552226771207,0.0,0.0
8345,2019-12-14 17:00:00,12,2019-12-14 18:00:00,0.13592,0.13592,0.13592,0.0,0.3357816626606273,339.5232214939887,-0.0,157.75147778866628,0.0,181.7717437053224,181.7717437053224,0.0,0.0
8346,2019-12-14 18:00:00,12,2019-12-14 19:00:00,0.13592,0.13592,0.13592,0.0,0.05,271.2917593974503,-0.0,0.0,0.0,271.2917593974503,271.2917593974503,0.0,0.0
8347,2019-12-14 19:00:00,12,2019-12-14 20:00:00,0.13592,0.13592,0.13592,0.0,0.05,269.6085583370516,-0.0,0.0,0.0,269.6085583370516,269.6085583370516,0.0,1.0
8348,2019-12-14 20:00:00,12,2019-12-14 21:00:00,0.13592,0.13592,0.13592,0.0,0.05,235.18377833262505,-0.0,0.0,0.0,235.18377833262505,235.18377833262505,0.0,0.0
8349,2019-12-14 21:00:00,12,2019-12-14 22:00:00,0.10531,0.10531,0.10531,0.0,0.05,224.2276148535726,-0.0,0.0,0.0,224.2276148535726,224.2276148535726,0.0,0.0
8350,2019-12-14 22:00:00,12,2019-12-14 23:00:00,0.10531,0.10531,0.10531,0.0,0.05,206.99742976754152,-0.0,0.0,0.0,206.99742976754152,206.99742976754152,0.0,0.0
8351,2019-12-14 23:00:00,12,2019-12-15 00:00:00,0.10531,0.10531,0.10531,0.0,0.05,207.90222476814074,-0.0,0.0,0.0,207.90222476814074,207.90222476814074,0.0,0.0
8352,2019-12-15 00:00:00,12,2019-12-15 01:00:00,0.10531,0.10531,0.10531,0.0,0.05,204.74601906538322,-87.37449341986918,0.0,0.0,292.1205124852524,292.1205124852524,0.0,1.0
8353,2019-12-15 01:00:00,12,2019-12-15 02:00:00,0.10531,0.10531,0.10531,0.0,0.18397422324379942,204.2344897119487,-87.88602277330371,0.0,0.0,292.1205124852524,292.1205124852524,0.0,1.0
8354,2019-12-15 02:00:00,12,2019-12-15 03:00:00,0.10531,0.10531,0.10531,0.0,0.3187327914961985,204.24627682215396,-87.87423566309845,0.0,0.0,292.1205124852524,292.1205124852524,0.0,1.0
8355,2019-12-15 03:00:00,12,2019-12-15 04:00:00,0.10531,0.10531,0.10531,0.0,0.4534732861796161,204.3005531400232,-87.81995934522921,0.0,0.0,292.1205124852524,292.1205124852524,0.0,1.0
8356,2019-12-15 04:00:00,12,2019-12-15 05:00:00,0.10531,0.10531,0.10531,0.0,0.5881305571756342,227.71499430508854,-64.40551818016387,0.0,0.0,292.1205124852524,292.1205124852524,0.0,1.0
8357,2019-12-15 05:00:00,12,2019-12-15 06:00:00,0.10531,0.10531,0.10531,0.0,0.6868856850518855,228.19983819893238,-63.92067428632003,0.0,0.0,292.1205124852524,292.1205124852524,0.0,1.0
8358,2019-12-15 06:00:00,12,2019-12-15 07:00:00,0.10531,0.10531,0.10531,0.0,0.7848973856242428,285.75133664721136,-6.369175838041051,0.0,0.0,292.1205124852524,292.1205124852524,0.0,1.0
8359,2019-12-15 07:00:00,12,2019-12-15 08:00:00,0.10531,0.10531,0.10531,0.0,0.7946634552425724,314.2056046007583,-0.0,22.085092115505894,0.0,292.1205124852524,292.1205124852524,0.0,0.0
8360,2019-12-15 08:00:00,12,2019-12-15 09:00:00,0.10531,0.10531,0.10531,0.0,0.7546542303956415,324.64597129435685,-0.0,32.525458809104464,0.0,292.1205124852524,292.1205124852524,0.0,0.0
8361,2019-12-15 09:00:00,12,2019-12-15 10:00:00,0.10531,0.10531,0.10531,0.0,0.6957312977704522,332.03581030751894,-0.0,39.91529782226655,0.0,292.1205124852524,292.1205124852524,0.0,0.0
8362,2019-12-15 10:00:00,12,2019-12-15 11:00:00,0.10531,0.10531,0.10531,0.0,0.623420975628665,334.35101430839734,-0.0,42.23050182314495,0.0,292.1205124852524,292.1205124852524,0.0,0.0
8363,2019-12-15 11:00:00,12,2019-12-15 12:00:00,0.10531,0.10531,0.10531,0.0,0.5469164433403589,336.3684959102616,-0.0,44.24798342500915,0.0,292.12051248525245,292.12051248525245,0.0,0.0
8364,2019-12-15 12:00:00,12,2019-12-15 13:00:00,0.10531,0.10531,0.10531,0.0,0.46675705307766113,325.3917604206495,-0.0,33.27124793539713,0.0,292.1205124852524,292.1205124852524,0.0,0.0
8365,2019-12-15 13:00:00,12,2019-12-15 14:00:00,0.10531,0.10531,0.10531,0.0,0.40648305319469535,331.8854630006958,-0.0,39.76495051544339,0.0,292.1205124852524,292.1205124852524,0.0,0.0
8366,2019-12-15 14:00:00,12,2019-12-15 15:00:00,0.10531,0.10531,0.10531,0.0,0.3344450993623703,328.31472857660907,-0.0,36.19421609135668,0.0,292.1205124852524,292.1205124852524,0.0,0.0
8367,2019-12-15 15:00:00,12,2019-12-15 16:00:00,0.10531,0.10531,0.10531,0.0,0.2688758673128111,328.20955037556377,-0.0,36.08903789031137,0.0,292.1205124852524,292.1205124852524,0.0,0.0
8368,2019-12-15 16:00:00,12,2019-12-15 17:00:00,0.13592,0.13592,0.13592,0.0,0.20349717548253693,332.56561181865504,-0.0,40.44509933340265,0.0,292.1205124852524,292.1205124852524,0.0,0.0
8369,2019-12-15 17:00:00,12,2019-12-15 18:00:00,0.13592,0.13592,0.13592,0.0,0.1302270679944886,336.4058540182101,-0.0,44.285341532957716,0.0,292.1205124852524,292.1205124852524,0.0,0.0
8370,2019-12-15 18:00:00,12,2019-12-15 19:00:00,0.13592,0.13592,0.13592,0.0,0.05,267.17657098621316,-0.0,0.0,0.0,267.17657098621316,267.17657098621316,0.0,1.0
8371,2019-12-15 19:00:00,12,2019-12-15 20:00:00,0.13592,0.13592,0.13592,0.0,0.05,265.60939779763004,-0.0,0.0,0.0,265.60939779763004,265.60939779763004,0.0,0.0
8372,2019-12-15 20:00:00,12,2019-12-15 21:00:00,0.13592,0.13592,0.13592,0.0,0.05,232.07487041085284,-0.0,0.0,0.0,232.07487041085284,232.07487041085284,0.0,0.0
8373,2019-12-15 21:00:00,12,2019-12-15 22:00:00,0.10531,0.10531,0.10531,0.0,0.05,221.7044728121488,-0.0,0.0,0.0,221.7044728121488,221.7044728121488,0.0,0.0
8374,2019-12-15 22:00:00,12,2019-12-15 23:00:00,0.10531,0.10531,0.10531,0.0,0.05,204.4492609440015,-0.0,0.0,0.0,204.4492609440015,204.4492609440015,0.0,0.0
8375,2019-12-15 23:00:00,12,2019-12-16 00:00:00,0.10531,0.10531,0.10531,0.0,0.05,208.9661491034306,-0.0,0.0,0.0,208.9661491034306,208.9661491034306,0.0,0.0
8376,2019-12-16 00:00:00,12,2019-12-16 01:00:00,0.10531,0.10531,0.10531,0.0,0.05,206.26646874188964,-85.65011045714354,0.0,0.0,291.9165791990332,291.9165791990332,0.0,1.0
8377,2019-12-16 01:00:00,12,2019-12-16 02:00:00,0.10531,0.10531,0.10531,0.0,0.1813301693676201,203.6565458455731,-88.26003335346007,0.0,0.0,291.9165791990332,291.9165791990332,0.0,1.0
8378,2019-12-16 02:00:00,12,2019-12-16 03:00:00,0.10531,0.10531,0.10531,0.0,0.3166622205095922,196.45778689376831,-0.0,0.0,0.0,196.45778689376831,196.45778689376831,0.0,0.0
8379,2019-12-16 03:00:00,12,2019-12-16 04:00:00,0.10531,0.10531,0.10531,0.0,0.3166622205095922,197.7784291085732,-94.13815009045999,0.0,0.0,291.9165791990332,291.9165791990332,0.0,1.0
8380,2019-12-16 04:00:00,12,2019-12-16 05:00:00,0.10531,0.10531,0.10531,0.0,0.4610073839816309,203.72294287424813,-0.0,0.0,0.0,203.72294287424813,203.72294287424813,0.0,0.0
8381,2019-12-16 05:00:00,12,2019-12-16 06:00:00,0.10531,0.10531,0.10531,0.0,0.4610073839816309,205.51307852346963,-86.40350067556355,0.0,0.0,291.9165791990332,291.9165791990332,0.0,1.0
8382,2019-12-16 06:00:00,12,2019-12-16 07:00:00,0.10531,0.10531,0.10531,0.0,0.5934927516841616,227.29874160295336,-64.61783759607982,0.0,0.0,291.9165791990332,291.9165791990332,0.0,1.0
8383,2019-12-16 07:00:00,12,2019-12-16 08:00:00,0.10531,0.10531,0.10531,0.0,0.6925734359981507,254.9289716812334,-36.98760751779977,0.0,0.0,291.9165791990332,291.9165791990332,0.0,1.0
8384,2019-12-16 08:00:00,12,2019-12-16 09:00:00,0.10531,0.10531,0.10531,0.0,0.7492877675254437,256.0079739616956,-35.90860523733758,0.0,0.0,291.9165791990332,291.9165791990332,0.0,1.0
8385,2019-12-16 09:00:00,12,2019-12-16 10:00:00,0.10531,0.10531,0.10531,0.0,0.8043476288893614,280.8913611622266,-11.025218036806594,0.0,0.0,291.9165791990332,291.9165791990332,0.0,1.0
8386,2019-12-16 10:00:00,12,2019-12-16 11:00:00,0.10531,0.10531,0.10531,0.0,0.8212529632124647,280.59302295811233,-11.323556240920853,0.0,0.0,291.9165791990332,291.9165791990332,0.0,1.0
8387,2019-12-16 11:00:00,12,2019-12-16 12:00:00,0.10531,0.10531,0.10531,0.0,0.8386157494485434,280.30723892956996,-11.60934026946322,0.0,0.0,291.9165791990332,291.9165791990332,0.0,1.0
8388,2019-12-16 12:00:00,12,2019-12-16 13:00:00,0.10531,0.10531,0.10531,0.0,0.8564167378617202,272.2408916463857,-19.675687552647496,0.0,0.0,291.9165791990332,291.9165791990332,0.0,1.0
8389,2019-12-16 13:00:00,12,2019-12-16 14:00:00,0.10531,0.10531,0.10531,0.0,0.8865861254424463,272.12846072997905,-19.788118469054147,0.0,0.0,291.9165791990332,291.9165791990332,0.0,1.0
8390,2019-12-16 14:00:00,12,2019-12-16 15:00:00,0.10531,0.10531,0.10531,0.0,0.916927907094996,275.20233898454177,-16.714240214491433,0.0,0.0,291.9165791990332,291.9165791990332,0.0,1.0
8391,2019-12-16 15:00:00,12,2019-12-16 16:00:00,0.10531,0.10531,0.10531,0.0,0.9425564087572162,254.45336751895684,-37.46321168007637,0.0,0.0,291.9165791990332,291.9165791990332,0.0,1.0
8392,2019-12-16 16:00:00,12,2019-12-16 17:00:00,0.13592,0.13592,0.13592,0.0,1.0,257.1976584529552,-0.0,257.1976584529552,0.0,0.0,0.0,0.0,0.0
8393,2019-12-16 17:00:00,12,2019-12-16 18:00:00,0.13592,0.13592,0.13592,0.0,0.534062212947545,247.78477691608637,-0.0,60.193919559180095,0.0,187.59085735690627,187.59085735690627,0.0,0.0
8394,2019-12-16 18:00:00,12,2019-12-16 19:00:00,0.13592,0.13592,0.13592,0.0,0.42501525722439265,237.7830182146964,-0.0,0.0,0.0,237.7830182146964,237.7830182146964,0.0,0.0
8395,2019-12-16 19:00:00,12,2019-12-16 20:00:00,0.13592,0.13592,0.13592,0.0,0.42501525722439265,235.6592957303625,-0.0,0.0,0.0,235.6592957303625,235.6592957303625,0.0,0.0
8396,2019-12-16 20:00:00,12,2019-12-16 21:00:00,0.13592,0.13592,0.13592,0.0,0.42501525722439265,207.00842198786475,-0.0,207.00842198786475,0.0,0.0,0.0,0.0,0.0
8397,2019-12-16 21:00:00,12,2019-12-16 22:00:00,0.10531,0.10531,0.10531,0.0,0.05,206.37884782785358,-0.0,0.0,0.0,206.37884782785358,206.37884782785358,0.0,0.0
8398,2019-12-16 22:00:00,12,2019-12-16 23:00:00,0.10531,0.10531,0.10531,0.0,0.05,203.7962257176476,-0.0,0.0,0.0,203.7962257176476,203.7962257176476,0.0,0.0
8399,2019-12-16 23:00:00,12,2019-12-17 00:00:00,0.10531,0.10531,0.10531,0.0,0.05,204.2611658641086,-0.0,0.0,0.0,204.2611658641086,204.2611658641086,0.0,0.0
8400,2019-12-17 00:00:00,12,2019-12-17 01:00:00,0.10531,0.10531,0.10531,0.0,0.05,198.1353939406616,-0.0,0.0,0.0,198.1353939406616,198.1353939406616,0.0,0.0
8401,2019-12-17 01:00:00,12,2019-12-17 02:00:00,0.10531,0.10531,0.10531,0.0,0.05,197.09500805794067,-0.0,0.0,0.0,197.09500805794067,197.09500805794067,0.0,0.0
8402,2019-12-17 02:00:00,12,2019-12-17 03:00:00,0.10531,0.10531,0.10531,0.0,0.05,196.03068579121185,-0.0,0.0,0.0,196.03068579121185,196.03068579121185,0.0,0.0
8403,2019-12-17 03:00:00,12,2019-12-17 04:00:00,0.10531,0.10531,0.10531,0.0,0.05,196.6650110260424,-95.34850074113257,0.0,0.0,292.013511767175,292.013511767175,0.0,1.0
8404,2019-12-17 04:00:00,12,2019-12-17 05:00:00,0.10531,0.10531,0.10531,0.0,0.1962010344697366,198.8262983602193,-0.0,0.0,0.0,198.8262983602193,198.8262983602193,0.0,0.0
8405,2019-12-17 05:00:00,12,2019-12-17 06:00:00,0.10531,0.10531,0.10531,0.0,0.1962010344697366,197.62531676963783,-0.0,0.0,0.0,197.62531676963783,197.62531676963783,0.0,0.0
8406,2019-12-17 06:00:00,12,2019-12-17 07:00:00,0.10531,0.10531,0.10531,0.0,0.1962010344697366,215.29536430374975,-76.71814746342523,0.0,0.0,292.013511767175,292.013511767175,0.0,1.0
8407,2019-12-17 07:00:00,12,2019-12-17 08:00:00,0.10531,0.10531,0.10531,0.0,0.31383552724698865,214.1262421677434,-0.0,0.0,0.0,214.1262421677434,214.1262421677434,0.0,0.0
8408,2019-12-17 08:00:00,12,2019-12-17 09:00:00,0.10531,0.10531,0.10531,0.0,0.31383552724698865,233.71512190130403,-58.298389865870945,0.0,0.0,292.013511767175,292.013511767175,0.0,1.0
8409,2019-12-17 09:00:00,12,2019-12-17 10:00:00,0.10531,0.10531,0.10531,0.0,0.4032263917079908,232.76648993513257,-59.24702183204241,0.0,0.0,292.013511767175,292.013511767175,0.0,1.0
8410,2019-12-17 10:00:00,12,2019-12-17 11:00:00,0.10531,0.10531,0.10531,0.0,0.4940718251837891,236.10361707473834,-55.90989469243664,0.0,0.0,292.013511767175,292.013511767175,0.0,1.0
8411,2019-12-17 11:00:00,12,2019-12-17 12:00:00,0.10531,0.10531,0.10531,0.0,0.5798003303788587,237.93338649434415,-54.08012527283083,0.0,0.0,292.013511767175,292.013511767175,0.0,1.0
8412,2019-12-17 12:00:00,12,2019-12-17 13:00:00,0.10531,0.10531,0.10531,0.0,0.6627231891305325,237.6884952823066,-54.00401433063621,0.0,0.0,291.6925096129428,291.6925096129428,0.0,1.0
8413,2019-12-17 13:00:00,12,2019-12-17 14:00:00,0.10531,0.10531,0.10531,0.0,0.7455293444375081,236.6736575725194,-55.446854912733045,0.0,0.0,292.12051248525245,292.12051248525245,0.0,1.0
8414,2019-12-17 14:00:00,12,2019-12-17 15:00:00,0.10531,0.10531,0.10531,0.0,0.8305478553036988,237.13250190125817,-54.98801058399428,0.0,0.0,292.12051248525245,292.12051248525245,0.0,1.0
8415,2019-12-17 15:00:00,12,2019-12-17 16:00:00,0.10531,0.10531,0.10531,0.0,0.9148628048658232,236.59625478905028,-55.52425769620217,0.0,0.0,292.12051248525245,292.12051248525245,0.0,1.0
8416,2019-12-17 16:00:00,12,2019-12-17 17:00:00,0.13592,0.13592,0.13592,0.0,1.0,229.83080167927358,-0.0,229.83080167927358,0.0,0.0,0.0,0.0,0.0
8417,2019-12-17 17:00:00,12,2019-12-17 18:00:00,0.13592,0.13592,0.13592,0.0,0.5836398520303016,220.14614801799706,-0.0,220.14614801799706,0.0,0.0,0.0,0.0,0.0
8418,2019-12-17 18:00:00,12,2019-12-17 19:00:00,0.13592,0.13592,0.13592,0.0,0.18482436649045178,212.80045464361223,-0.0,74.4230503027294,0.0,138.37740434088283,138.37740434088283,0.0,0.0
8419,2019-12-17 19:00:00,12,2019-12-17 20:00:00,0.13592,0.13592,0.13592,0.0,0.05,210.54339872890998,-0.0,0.0,0.0,210.54339872890998,210.54339872890998,0.0,0.0
8420,2019-12-17 20:00:00,12,2019-12-17 21:00:00,0.13592,0.13592,0.13592,0.0,0.05,202.09420000654296,-0.0,0.0,0.0,202.09420000654296,202.09420000654296,0.0,0.0
8421,2019-12-17 21:00:00,12,2019-12-17 22:00:00,0.10531,0.10531,0.10531,0.0,0.05,201.3010502660008,-0.0,0.0,0.0,201.3010502660008,201.3010502660008,0.0,0.0
8422,2019-12-17 22:00:00,12,2019-12-17 23:00:00,0.10531,0.10531,0.10531,0.0,0.05,200.30904236489397,-0.0,0.0,0.0,200.30904236489397,200.30904236489397,0.0,0.0
8423,2019-12-17 23:00:00,12,2019-12-18 00:00:00,0.10531,0.10531,0.10531,0.0,0.05,199.16830457901068,-0.0,0.0,0.0,199.16830457901068,199.16830457901068,0.0,0.0
8424,2019-12-18 00:00:00,12,2019-12-18 01:00:00,0.10531,0.10531,0.10531,0.0,0.05,197.6320993816972,-94.48841310355525,0.0,0.0,292.12051248525245,292.12051248525245,0.0,1.0
8425,2019-12-18 01:00:00,12,2019-12-18 02:00:00,0.10531,0.10531,0.10531,0.0,0.19488223342545138,193.71047050836276,-98.41004197688969,0.0,0.0,292.12051248525245,292.12051248525245,0.0,1.0
8426,2019-12-18 02:00:00,12,2019-12-18 03:00:00,0.10531,0.10531,0.10531,0.0,0.34577763112334886,193.28817421583787,-98.83233826941458,0.0,0.0,292.12051248525245,292.12051248525245,0.0,1.0
8427,2019-12-18 03:00:00,12,2019-12-18 04:00:00,0.10531,0.10531,0.10531,0.0,0.4973205498031179,189.617727402766,-102.50278508248644,0.0,0.0,292.12051248525245,292.12051248525245,0.0,1.0
8428,2019-12-18 04:00:00,12,2019-12-18 05:00:00,0.10531,0.10531,0.10531,0.0,0.6544914869295971,210.45533814262248,-81.66517434262997,0.0,0.0,292.12051248525245,292.12051248525245,0.0,1.0
8429,2019-12-18 05:00:00,12,2019-12-18 06:00:00,0.10531,0.10531,0.10531,0.0,0.7797114209216297,209.9734227519918,-82.14708973326066,0.0,0.0,292.12051248525245,292.12051248525245,0.0,1.0
8430,2019-12-18 06:00:00,12,2019-12-18 07:00:00,0.10531,0.10531,0.10531,0.0,0.9056702918459627,265.560441666686,-26.56007081856643,0.0,0.0,292.12051248525245,292.12051248525245,0.0,1.0
8431,2019-12-18 07:00:00,12,2019-12-18 08:00:00,0.10531,0.10531,0.10531,0.0,0.9463957337677645,290.8109836947,-1.3095287905524629,0.0,0.0,292.12051248525245,292.12051248525245,0.0,1.0
8432,2019-12-18 08:00:00,12,2019-12-18 09:00:00,0.10531,0.10531,0.10531,0.0,0.9484036779132782,306.66704662746974,-0.0,14.546534142217297,0.0,292.12051248525245,292.12051248525245,0.0,0.0
8433,2019-12-18 09:00:00,12,2019-12-18 10:00:00,0.10531,0.10531,0.10531,0.0,0.9220512609889715,319.500568883642,-0.0,27.38005639838957,0.0,292.12051248525245,292.12051248525245,0.0,0.0
8434,2019-12-18 10:00:00,12,2019-12-18 11:00:00,0.10531,0.10531,0.10531,0.0,0.8724497095426136,324.0062228013948,-0.0,31.885710316142365,0.0,292.12051248525245,292.12051248525245,0.0,0.0
8435,2019-12-18 11:00:00,12,2019-12-18 12:00:00,0.10531,0.10531,0.10531,0.0,0.8146857415785876,326.92439915495316,-0.0,34.80388666970072,0.0,292.12051248525245,292.12051248525245,0.0,0.0
8436,2019-12-18 12:00:00,12,2019-12-18 13:00:00,0.10531,0.10531,0.10531,0.0,0.7516352222494196,318.37299604353535,-0.0,26.252483558282904,0.0,292.12051248525245,292.12051248525245,0.0,0.0
8437,2019-12-18 13:00:00,12,2019-12-18 14:00:00,0.10531,0.10531,0.10531,0.0,0.7040763752235448,328.79314830897215,-0.0,36.6726358237197,0.0,292.12051248525245,292.12051248525245,0.0,0.0
8438,2019-12-18 14:00:00,12,2019-12-18 15:00:00,0.10531,0.10531,0.10531,0.0,0.6376404407602845,330.3848355973053,-0.0,38.264323112052864,0.0,292.12051248525245,292.12051248525245,0.0,0.0
8439,2019-12-18 15:00:00,12,2019-12-18 16:00:00,0.10531,0.10531,0.10531,0.0,0.5683210148326524,329.0970929023154,-0.0,36.97658041706296,0.0,292.12051248525245,292.12051248525245,0.0,0.0
8440,2019-12-18 16:00:00,12,2019-12-18 17:00:00,0.13592,0.13592,0.13592,0.0,0.5013344561060891,330.54529602882633,-0.0,208.00037224379957,0.0,122.54492378502675,122.54492378502675,0.0,0.0
8441,2019-12-18 17:00:00,12,2019-12-18 18:00:00,0.13592,0.13592,0.13592,0.0,0.12452218754848118,333.25676001201407,-0.0,41.13624752676162,0.0,292.12051248525245,292.12051248525245,0.0,0.0
8442,2019-12-18 18:00:00,12,2019-12-18 19:00:00,0.13592,0.13592,0.13592,0.0,0.05,265.83124367749684,-0.0,0.0,0.0,265.83124367749684,265.83124367749684,0.0,0.0
8443,2019-12-18 19:00:00,12,2019-12-18 20:00:00,0.13592,0.13592,0.13592,0.0,0.05,262.9241173650011,-0.0,0.0,0.0,262.9241173650011,262.9241173650011,0.0,0.0
8444,2019-12-18 20:00:00,12,2019-12-18 21:00:00,0.13592,0.13592,0.13592,0.0,0.05,228.68537677011432,-0.0,0.0,0.0,228.68537677011432,228.68537677011432,0.0,0.0
8445,2019-12-18 21:00:00,12,2019-12-18 22:00:00,0.10531,0.10531,0.10531,0.0,0.05,220.2618650901428,-71.85864739510964,0.0,0.0,292.12051248525245,292.12051248525245,0.0,1.0
8446,2019-12-18 22:00:00,12,2019-12-18 23:00:00,0.10531,0.10531,0.10531,0.0,0.16018325933916813,203.98006469661243,-88.14044778864002,0.0,0.0,292.12051248525245,292.12051248525245,0.0,1.0
8447,2019-12-18 23:00:00,12,2019-12-19 00:00:00,0.10531,0.10531,0.10531,0.0,0.2953319459484161,204.04693258441455,-0.0,0.0,0.0,204.04693258441455,204.04693258441455,0.0,0.0
8448,2019-12-19 00:00:00,12,2019-12-19 01:00:00,0.10531,0.10531,0.10531,0.0,0.2953319459484161,199.8803905926849,-40.11069160416226,0.0,0.0,239.99108219684717,239.99108219684717,0.0,1.0
8449,2019-12-19 01:00:00,12,2019-12-19 02:00:00,0.10531,0.10531,0.10531,0.0,0.3568350064081316,199.19703100316866,-92.92348148208379,0.0,0.0,292.12051248525245,292.12051248525245,0.0,1.0
8450,2019-12-19 02:00:00,12,2019-12-19 03:00:00,0.10531,0.10531,0.10531,0.0,0.4993176780139934,199.12107087248145,-92.999441612771,0.0,0.0,292.12051248525245,292.12051248525245,0.0,1.0
8451,2019-12-19 03:00:00,12,2019-12-19 04:00:00,0.10531,0.10531,0.10531,0.0,0.6419168218202422,199.02663156570745,-93.093880919545,0.0,0.0,292.12051248525245,292.12051248525245,0.0,1.0
8452,2019-12-19 04:00:00,12,2019-12-19 05:00:00,0.10531,0.10531,0.10531,0.0,0.7846607725635446,221.8399318423939,-70.28058064285855,0.0,0.0,292.12051248525245,292.12051248525245,0.0,1.0
8453,2019-12-19 05:00:00,12,2019-12-19 06:00:00,0.10531,0.10531,0.10531,0.0,0.8924243295492609,221.96246653911834,-70.15804594613411,0.0,0.0,292.12051248525245,292.12051248525245,0.0,1.0
8454,2019-12-19 06:00:00,12,2019-12-19 07:00:00,0.10531,0.10531,0.10531,0.0,1.0,278.75617318643816,-0.0,0.0,0.0,278.75617318643816,278.75617318643816,0.0,0.0
8455,2019-12-19 07:00:00,12,2019-12-19 08:00:00,0.10531,0.10531,0.10531,0.0,1.0,307.8155609506392,-0.0,15.695048465386776,0.0,292.12051248525245,292.12051248525245,0.0,0.0
8456,2019-12-19 08:00:00,12,2019-12-19 09:00:00,0.10531,0.10531,0.10531,0.0,0.9715669411858935,318.07177824163045,-0.0,25.951265756378007,0.0,292.12051248525245,292.12051248525245,0.0,0.0
8457,2019-12-19 09:00:00,12,2019-12-19 10:00:00,0.10531,0.10531,0.10531,0.0,0.9245537785837594,327.02530596940795,-0.0,34.904793484155505,0.0,292.12051248525245,292.12051248525245,0.0,0.0
8458,2019-12-19 10:00:00,12,2019-12-19 11:00:00,0.10531,0.10531,0.10531,0.0,0.8613204570544921,327.9472720651031,-0.0,35.82675957985066,0.0,292.12051248525245,292.12051248525245,0.0,0.0
8459,2019-12-19 11:00:00,12,2019-12-19 12:00:00,0.10531,0.10531,0.10531,0.0,0.7964169070909947,326.77217956123474,-0.0,34.65166707598229,0.0,292.12051248525245,292.12051248525245,0.0,0.0
8460,2019-12-19 12:00:00,12,2019-12-19 13:00:00,0.10531,0.10531,0.10531,0.0,0.7336421478953745,315.70101200312365,-0.0,23.580499517871203,0.0,292.12051248525245,292.12051248525245,0.0,0.0
8461,2019-12-19 13:00:00,12,2019-12-19 14:00:00,0.10531,0.10531,0.10531,0.0,0.6909238516673469,326.0710349096829,-0.0,33.95052242443046,0.0,292.12051248525245,292.12051248525245,0.0,0.0
8462,2019-12-19 14:00:00,12,2019-12-19 15:00:00,0.10531,0.10531,0.10531,0.0,0.6294192820578715,324.1738394479981,-0.0,32.05332696274564,0.0,292.12051248525245,292.12051248525245,0.0,0.0
8463,2019-12-19 15:00:00,12,2019-12-19 16:00:00,0.10531,0.10531,0.10531,0.0,0.5713516607485496,325.14924308355853,-0.0,33.02873059830608,0.0,292.12051248525245,292.12051248525245,0.0,0.0
8464,2019-12-19 16:00:00,12,2019-12-19 17:00:00,0.13592,0.13592,0.13592,0.0,0.5115170038675604,328.2166469440627,-0.0,36.09613445881024,0.0,292.12051248525245,292.12051248525245,0.0,0.0
8465,2019-12-19 17:00:00,12,2019-12-19 18:00:00,0.13592,0.13592,0.13592,0.0,0.4461254559349331,328.77805507411585,-0.0,36.65754258886341,0.0,292.12051248525245,292.12051248525245,0.0,0.0
8466,2019-12-19 18:00:00,12,2019-12-19 19:00:00,0.13592,0.13592,0.13592,0.0,0.3797168642884414,259.4013108808886,-0.0,0.0,0.0,259.4013108808886,259.4013108808886,0.0,0.0
8467,2019-12-19 19:00:00,12,2019-12-19 20:00:00,0.13592,0.13592,0.13592,0.0,0.3797168642884414,256.9383657417898,-0.0,0.0,0.0,256.9383657417898,256.9383657417898,0.0,0.0
8468,2019-12-19 20:00:00,12,2019-12-19 21:00:00,0.13592,0.13592,0.13592,0.0,0.3797168642884414,224.51705500678375,-0.0,182.00370908721968,0.0,42.513345919564074,42.513345919564074,0.0,0.0
8469,2019-12-19 21:00:00,12,2019-12-19 22:00:00,0.10531,0.10531,0.10531,0.0,0.05,214.54225173627896,-0.0,0.0,0.0,214.54225173627896,214.54225173627896,0.0,0.0
8470,2019-12-19 22:00:00,12,2019-12-19 23:00:00,0.10531,0.10531,0.10531,0.0,0.05,199.70705996251013,-0.0,0.0,0.0,199.70705996251013,199.70705996251013,0.0,0.0
8471,2019-12-19 23:00:00,12,2019-12-20 00:00:00,0.10531,0.10531,0.10531,0.0,0.05,201.29899940834514,-0.0,0.0,0.0,201.29899940834514,201.29899940834514,0.0,0.0
8472,2019-12-20 00:00:00,12,2019-12-20 01:00:00,0.10531,0.10531,0.10531,0.0,0.05,198.53201280839406,-93.58849967685839,0.0,0.0,292.12051248525245,292.12051248525245,0.0,1.0
8473,2019-12-20 01:00:00,12,2019-12-20 02:00:00,0.10531,0.10531,0.10531,0.0,0.19350236617118285,198.5349936666282,-93.58551881862425,0.0,0.0,292.12051248525245,292.12051248525245,0.0,1.0
8474,2019-12-20 02:00:00,12,2019-12-20 03:00:00,0.10531,0.10531,0.10531,0.0,0.3370001616930734,197.92232530637867,-94.19818717887378,0.0,0.0,292.12051248525245,292.12051248525245,0.0,1.0
8475,2019-12-20 03:00:00,12,2019-12-20 04:00:00,0.10531,0.10531,0.10531,0.0,0.4814373820340132,197.5971412079432,-94.52337127730925,0.0,0.0,292.12051248525245,292.12051248525245,0.0,1.0
8476,2019-12-20 04:00:00,12,2019-12-20 05:00:00,0.10531,0.10531,0.10531,0.0,0.6263732179925541,219.74211339889803,-72.37839908635442,0.0,0.0,292.12051248525245,292.12051248525245,0.0,1.0
8477,2019-12-20 05:00:00,12,2019-12-20 06:00:00,0.10531,0.10531,0.10531,0.0,0.7373534299249641,220.85233282494,-71.26817966031246,0.0,0.0,292.12051248525245,292.12051248525245,0.0,1.0
8478,2019-12-20 06:00:00,12,2019-12-20 07:00:00,0.10531,0.10531,0.10531,0.0,0.8466313054041099,277.60886383484745,-14.511648650404993,0.0,0.0,292.12051248525245,292.12051248525245,0.0,1.0
8479,2019-12-20 07:00:00,12,2019-12-20 08:00:00,0.10531,0.10531,0.10531,0.0,0.8688825000013977,306.20500241085324,-0.0,14.084489925600792,0.0,292.12051248525245,292.12051248525245,0.0,0.0
8480,2019-12-20 08:00:00,12,2019-12-20 09:00:00,0.10531,0.10531,0.10531,0.0,0.8433671197013962,316.3581148693217,-0.0,24.23760238406925,0.0,292.12051248525245,292.12051248525245,0.0,0.0
8481,2019-12-20 09:00:00,12,2019-12-20 10:00:00,0.10531,0.10531,0.10531,0.0,0.7994584197302562,326.2886516155476,-0.0,34.168139130295174,0.0,292.12051248525245,292.12051248525245,0.0,0.0
8482,2019-12-20 10:00:00,12,2019-12-20 11:00:00,0.10531,0.10531,0.10531,0.0,0.7375596169579824,329.89972754752034,-0.0,37.779215062267895,0.0,292.12051248525245,292.12051248525245,0.0,0.0
8483,2019-12-20 11:00:00,12,2019-12-20 12:00:00,0.10531,0.10531,0.10531,0.0,0.6691190099611203,331.6279817157968,-0.0,39.50746923054436,0.0,292.12051248525245,292.12051248525245,0.0,0.0
8484,2019-12-20 12:00:00,12,2019-12-20 13:00:00,0.10531,0.10531,0.10531,0.0,0.5975475077318732,321.97676203914085,-0.0,29.856249553888404,0.0,292.12051248525245,292.12051248525245,0.0,0.0
8485,2019-12-20 13:00:00,12,2019-12-20 14:00:00,0.10531,0.10531,0.10531,0.0,0.5434600991197565,331.41774108035975,-0.0,39.2972285951073,0.0,292.12051248525245,292.12051248525245,0.0,0.0
8486,2019-12-20 14:00:00,12,2019-12-20 15:00:00,0.10531,0.10531,0.10531,0.0,0.4722694676068808,331.6809574407971,-0.0,39.560444955544654,0.0,292.12051248525245,292.12051248525245,0.0,0.0
8487,2019-12-20 15:00:00,12,2019-12-20 16:00:00,0.10531,0.10531,0.10531,0.0,0.40060199486132897,331.29464158453294,-0.0,39.17412909928049,0.0,292.12051248525245,292.12051248525245,0.0,0.0
8488,2019-12-20 16:00:00,12,2019-12-20 17:00:00,0.13592,0.13592,0.13592,0.0,0.329634369681473,333.1468889846953,-0.0,111.34237253255077,0.0,221.80451645214453,221.80451645214453,0.0,0.0
8489,2019-12-20 17:00:00,12,2019-12-20 18:00:00,0.13592,0.13592,0.13592,0.0,0.12792717306453324,335.1363120168748,-0.0,43.01579953162235,0.0,292.12051248525245,292.12051248525245,0.0,0.0
8490,2019-12-20 18:00:00,12,2019-12-20 19:00:00,0.13592,0.13592,0.13592,0.0,0.05,266.19631538639004,-0.0,0.0,0.0,266.19631538639004,266.19631538639004,0.0,0.0
8491,2019-12-20 19:00:00,12,2019-12-20 20:00:00,0.13592,0.13592,0.13592,0.0,0.05,264.72116811107094,-0.0,0.0,0.0,264.72116811107094,264.72116811107094,0.0,1.0
8492,2019-12-20 20:00:00,12,2019-12-20 21:00:00,0.13592,0.13592,0.13592,0.0,0.05,231.2008489810594,-0.0,0.0,0.0,231.2008489810594,231.2008489810594,0.0,0.0
8493,2019-12-20 21:00:00,12,2019-12-20 22:00:00,0.10531,0.10531,0.10531,0.0,0.05,221.28504458172003,-0.0,0.0,0.0,221.28504458172003,221.28504458172003,0.0,0.0
8494,2019-12-20 22:00:00,12,2019-12-20 23:00:00,0.10531,0.10531,0.10531,0.0,0.05,204.33425927594172,-0.0,0.0,0.0,204.33425927594172,204.33425927594172,0.0,0.0
8495,2019-12-20 23:00:00,12,2019-12-21 00:00:00,0.10531,0.10531,0.10531,0.0,0.05,204.5405945039573,-0.0,0.0,0.0,204.5405945039573,204.5405945039573,0.0,0.0
8496,2019-12-21 00:00:00,12,2019-12-21 01:00:00,0.10531,0.10531,0.10531,0.0,0.05,201.44291911841648,-90.67759336683596,0.0,0.0,292.12051248525245,292.12051248525245,0.0,1.0
8497,2019-12-21 01:00:00,12,2019-12-21 02:00:00,0.10531,0.10531,0.10531,0.0,0.18903897649581514,201.274311103874,-90.84620138137845,0.0,0.0,292.12051248525245,292.12051248525245,0.0,1.0
8498,2019-12-21 02:00:00,12,2019-12-21 03:00:00,0.10531,0.10531,0.10531,0.0,0.3283364852805954,201.10327307671994,-91.0172394085325,0.0,0.0,292.12051248525245,292.12051248525245,0.0,1.0
8499,2019-12-21 03:00:00,12,2019-12-21 04:00:00,0.10531,0.10531,0.10531,0.0,0.4678962523736786,200.75735201815277,-91.36316046709968,0.0,0.0,292.12051248525245,292.12051248525245,0.0,1.0
8500,2019-12-21 04:00:00,12,2019-12-21 05:00:00,0.10531,0.10531,0.10531,0.0,0.6079864317565647,223.04314670008776,-69.07736578516469,0.0,0.0,292.12051248525245,292.12051248525245,0.0,1.0
8501,2019-12-21 05:00:00,12,2019-12-21 06:00:00,0.10531,0.10531,0.10531,0.0,0.7139050592938173,222.70556084861323,-69.41495163663922,0.0,0.0,292.12051248525245,292.12051248525245,0.0,1.0
8502,2019-12-21 06:00:00,12,2019-12-21 07:00:00,0.10531,0.10531,0.10531,0.0,0.8203413184699975,279.73394620145785,-12.386566283794593,0.0,0.0,292.12051248525245,292.12051248525245,0.0,1.0
8503,2019-12-21 07:00:00,12,2019-12-21 08:00:00,0.10531,0.10531,0.10531,0.0,0.8393340534384826,308.3705090892854,-0.0,16.249996604032958,0.0,292.12051248525245,292.12051248525245,0.0,0.0
8504,2019-12-21 08:00:00,12,2019-12-21 09:00:00,0.10531,0.10531,0.10531,0.0,0.8098956537934953,318.43508203886535,-0.0,26.3145695536129,0.0,292.12051248525245,292.12051248525245,0.0,0.0
8505,2019-12-21 09:00:00,12,2019-12-21 10:00:00,0.10531,0.10531,0.10531,0.0,0.7622243321383995,328.7537384465328,-0.0,36.633225961280345,0.0,292.12051248525245,292.12051248525245,0.0,0.0
8506,2019-12-21 10:00:00,12,2019-12-21 11:00:00,0.10531,0.10531,0.10531,0.0,0.6958597923534713,332.5544197870535,-0.0,40.43390730180107,0.0,292.12051248525245,292.12051248525245,0.0,0.0
8507,2019-12-21 11:00:00,12,2019-12-21 12:00:00,0.10531,0.10531,0.10531,0.0,0.622609960284991,334.084398610504,-0.0,41.96388612525158,0.0,292.12051248525245,292.12051248525245,0.0,0.0
8508,2019-12-21 12:00:00,12,2019-12-21 13:00:00,0.10531,0.10531,0.10531,0.0,0.5465884274493904,324.0565917419721,-0.0,31.936079256719665,0.0,292.12051248525245,292.12051248525245,0.0,0.0
8509,2019-12-21 13:00:00,12,2019-12-21 14:00:00,0.10531,0.10531,0.10531,0.0,0.4887332114046084,332.75109312217796,-0.0,40.630580636925515,0.0,292.12051248525245,292.12051248525245,0.0,0.0
8510,2019-12-21 14:00:00,12,2019-12-21 15:00:00,0.10531,0.10531,0.10531,0.0,0.415127087062352,332.3722760956959,-0.0,40.25176361044345,0.0,292.12051248525245,292.12051248525245,0.0,0.0
8511,2019-12-21 15:00:00,12,2019-12-21 16:00:00,0.10531,0.10531,0.10531,0.0,0.3422072254492298,331.65198436054806,-0.0,39.53147187529561,0.0,292.12051248525245,292.12051248525245,0.0,0.0
8512,2019-12-21 16:00:00,12,2019-12-21 17:00:00,0.13592,0.13592,0.13592,0.0,0.2705922401678972,333.75997241352826,-0.0,41.63945992827581,0.0,292.12051248525245,292.12051248525245,0.0,0.0
8513,2019-12-21 17:00:00,12,2019-12-21 18:00:00,0.13592,0.13592,0.13592,0.0,0.19515843595000623,336.6189620431167,-0.0,80.12745664440344,0.0,256.4915053987133,256.4915053987133,0.0,0.0
8514,2019-12-21 18:00:00,12,2019-12-21 19:00:00,0.13592,0.13592,0.13592,0.0,0.05,266.7061778138785,-0.0,0.0,0.0,266.7061778138785,266.7061778138785,0.0,1.0
8515,2019-12-21 19:00:00,12,2019-12-21 20:00:00,0.13592,0.13592,0.13592,0.0,0.05,263.72016381006443,-0.0,0.0,0.0,263.72016381006443,263.72016381006443,0.0,0.0
8516,2019-12-21 20:00:00,12,2019-12-21 21:00:00,0.13592,0.13592,0.13592,0.0,0.05,229.22409499326457,-0.0,0.0,0.0,229.22409499326457,229.22409499326457,0.0,0.0
8517,2019-12-21 21:00:00,12,2019-12-21 22:00:00,0.10531,0.10531,0.10531,0.0,0.05,218.65924540804,-0.0,0.0,0.0,218.65924540804,218.65924540804,0.0,0.0
8518,2019-12-21 22:00:00,12,2019-12-21 23:00:00,0.10531,0.10531,0.10531,0.0,0.05,201.84292511830026,-0.0,0.0,0.0,201.84292511830026,201.84292511830026,0.0,0.0
8519,2019-12-21 23:00:00,12,2019-12-22 00:00:00,0.10531,0.10531,0.10531,0.0,0.05,200.98074566552535,-0.0,0.0,0.0,200.98074566552535,200.98074566552535,0.0,0.0
8520,2019-12-22 00:00:00,12,2019-12-22 01:00:00,0.10531,0.10531,0.10531,0.0,0.05,197.02656231843451,-95.09395016681793,0.0,0.0,292.12051248525245,292.12051248525245,0.0,1.0
8521,2019-12-22 01:00:00,12,2019-12-22 02:00:00,0.10531,0.10531,0.10531,0.0,0.19581072358912083,190.01583046826934,-102.1046820169831,0.0,0.0,292.12051248525245,292.12051248525245,0.0,1.0
8522,2019-12-22 02:00:00,12,2019-12-22 03:00:00,0.10531,0.10531,0.10531,0.0,0.3523712360151616,188.89676250150728,-103.22374998374517,0.0,0.0,292.12051248525245,292.12051248525245,0.0,1.0
8523,2019-12-22 03:00:00,12,2019-12-22 04:00:00,0.10531,0.10531,0.10531,0.0,0.5106476526569041,186.99901693670313,-105.12149554854932,0.0,0.0,292.12051248525245,292.12051248525245,0.0,1.0
8524,2019-12-22 04:00:00,12,2019-12-22 05:00:00,0.10531,0.10531,0.10531,0.0,0.6718339458313465,208.4073063857439,-83.71320609950854,0.0,0.0,292.12051248525245,292.12051248525245,0.0,1.0
8525,2019-12-22 05:00:00,12,2019-12-22 06:00:00,0.10531,0.10531,0.10531,0.0,0.8001941951839262,209.14713201446565,-82.9733804707868,0.0,0.0,292.12051248525245,292.12051248525245,0.0,1.0
8526,2019-12-22 06:00:00,12,2019-12-22 07:00:00,0.10531,0.10531,0.10531,0.0,0.9274200452391328,265.2157624157987,-26.90475006945377,0.0,0.0,292.12051248525245,292.12051248525245,0.0,1.0
8527,2019-12-22 07:00:00,12,2019-12-22 08:00:00,0.10531,0.10531,0.10531,0.0,0.9686739953456286,294.5634426980101,-0.0,2.4429302127576307,0.0,292.12051248525245,292.12051248525245,0.0,0.0
8528,2019-12-22 08:00:00,12,2019-12-22 09:00:00,0.10531,0.10531,0.10531,0.0,0.9642483971341111,309.280426276043,-0.0,17.15991379079054,0.0,292.12051248525245,292.12051248525245,0.0,0.0
8529,2019-12-22 09:00:00,12,2019-12-22 10:00:00,0.10531,0.10531,0.10531,0.0,0.9331615967884761,321.04691123068375,-0.0,28.9263987454313,0.0,292.12051248525245,292.12051248525245,0.0,0.0
8530,2019-12-22 10:00:00,12,2019-12-22 11:00:00,0.10531,0.10531,0.10531,0.0,0.8807587005105209,332.1313795194025,-0.0,40.01086703415007,0.0,292.12051248525245,292.12051248525245,0.0,0.0
8531,2019-12-22 11:00:00,12,2019-12-22 12:00:00,0.10531,0.10531,0.10531,0.0,0.8082752457385098,337.0750455652752,-0.0,44.95453308002277,0.0,292.12051248525245,292.12051248525245,0.0,0.0
8532,2019-12-22 12:00:00,12,2019-12-22 13:00:00,0.10531,0.10531,0.10531,0.0,0.7268358742167295,326.6121119098797,-0.0,34.491599424627225,0.0,292.12051248525245,292.12051248525245,0.0,0.0
8533,2019-12-22 13:00:00,12,2019-12-22 14:00:00,0.10531,0.10531,0.10531,0.0,0.6643510926503757,336.15213414538476,-0.0,44.031621660132316,0.0,292.12051248525245,292.12051248525245,0.0,0.0
8534,2019-12-22 14:00:00,12,2019-12-22 15:00:00,0.10531,0.10531,0.10531,0.0,0.5845836621066578,335.9963333235507,-0.0,43.87582083829824,0.0,292.12051248525245,292.12051248525245,0.0,0.0
8535,2019-12-22 15:00:00,12,2019-12-22 16:00:00,0.10531,0.10531,0.10531,0.0,0.5050984794285813,339.6002164833445,-0.0,47.47970399809208,0.0,292.12051248525245,292.12051248525245,0.0,0.0
8536,2019-12-22 16:00:00,12,2019-12-22 17:00:00,0.13592,0.13592,0.13592,0.0,0.4190845229102986,342.3815893588458,-0.0,50.26107687359337,0.0,292.12051248525245,292.12051248525245,0.0,0.0
8537,2019-12-22 17:00:00,12,2019-12-22 18:00:00,0.13592,0.13592,0.13592,0.0,0.3280318474146584,343.58321244176966,-0.0,153.47357977289144,0.0,190.10963266887822,190.10963266887822,0.0,0.0
8538,2019-12-22 18:00:00,12,2019-12-22 19:00:00,0.13592,0.13592,0.13592,0.0,0.05,273.907296719072,-0.0,0.0,0.0,273.907296719072,273.907296719072,0.0,0.0
8539,2019-12-22 19:00:00,12,2019-12-22 20:00:00,0.13592,0.13592,0.13592,0.0,0.05,271.7558868005225,-0.0,0.0,0.0,271.7558868005225,271.7558868005225,0.0,1.0
8540,2019-12-22 20:00:00,12,2019-12-22 21:00:00,0.13592,0.13592,0.13592,0.0,0.05,237.27919389629523,-0.0,0.0,0.0,237.27919389629523,237.27919389629523,0.0,0.0
8541,2019-12-22 21:00:00,12,2019-12-22 22:00:00,0.10531,0.10531,0.10531,0.0,0.05,228.9183928682264,-0.0,0.0,0.0,228.9183928682264,228.9183928682264,0.0,0.0
8542,2019-12-22 22:00:00,12,2019-12-22 23:00:00,0.10531,0.10531,0.10531,0.0,0.05,213.12864238361766,-0.0,0.0,0.0,213.12864238361766,213.12864238361766,0.0,0.0
8543,2019-12-22 23:00:00,12,2019-12-23 00:00:00,0.10531,0.10531,0.10531,0.0,0.05,212.1630514083073,-0.0,0.0,0.0,212.1630514083073,212.1630514083073,0.0,0.0
8544,2019-12-23 00:00:00,12,2019-12-23 01:00:00,0.10531,0.10531,0.10531,0.0,0.05,209.33084228826934,-82.56557465297972,0.0,0.0,291.8964169412491,291.8964169412491,0.0,1.0
8545,2019-12-23 01:00:00,12,2019-12-23 02:00:00,0.10531,0.10531,0.10531,0.0,0.17660054780123557,209.09355606159951,-83.02695642365293,0.0,0.0,292.12051248525245,292.12051248525245,0.0,1.0
8546,2019-12-23 02:00:00,12,2019-12-23 03:00:00,0.10531,0.10531,0.10531,0.0,0.30390854765083675,207.9322811995044,-84.18823128574806,0.0,0.0,292.12051248525245,292.12051248525245,0.0,1.0
8547,2019-12-23 03:00:00,12,2019-12-23 04:00:00,0.10531,0.10531,0.10531,0.0,0.43299716895565044,208.12509792077694,-83.99541456447551,0.0,0.0,292.12051248525245,292.12051248525245,0.0,1.0
8548,2019-12-23 04:00:00,12,2019-12-23 05:00:00,0.10531,0.10531,0.10531,0.0,0.5617901379545128,210.03543621023962,-82.08507627501282,0.0,0.0,292.12051248525245,292.12051248525245,0.0,1.0
8549,2019-12-23 05:00:00,12,2019-12-23 06:00:00,0.10531,0.10531,0.10531,0.0,0.6876539215761991,210.39982063666392,-81.72069184858853,0.0,0.0,292.12051248525245,292.12051248525245,0.0,1.0
8550,2019-12-23 06:00:00,12,2019-12-23 07:00:00,0.10531,0.10531,0.10531,0.0,0.8129589824107015,226.3181375605092,-0.0,0.0,0.0,226.3181375605092,226.3181375605092,0.0,0.0
8551,2019-12-23 07:00:00,12,2019-12-23 08:00:00,0.10531,0.10531,0.10531,0.0,0.8129589824107015,254.48289843677534,-37.637614048477104,0.0,0.0,292.12051248525245,292.12051248525245,0.0,1.0
8552,2019-12-23 08:00:00,12,2019-12-23 09:00:00,0.10531,0.10531,0.10531,0.0,0.8706699906183665,256.41875050222137,-35.701761983031076,0.0,0.0,292.12051248525245,292.12051248525245,0.0,1.0
8553,2019-12-23 09:00:00,12,2019-12-23 10:00:00,0.10531,0.10531,0.10531,0.0,0.9254126923256808,286.0656592609318,-0.0,0.0,0.0,286.0656592609318,286.0656592609318,0.0,0.0
8554,2019-12-23 10:00:00,12,2019-12-23 11:00:00,0.10531,0.10531,0.10531,0.0,0.9254126923256808,291.95928743250295,-0.0,0.0,0.0,291.95928743250295,291.95928743250295,0.0,0.0
8555,2019-12-23 11:00:00,12,2019-12-23 12:00:00,0.10531,0.10531,0.10531,0.0,0.9254126923256808,294.5835607314617,-0.0,2.4630482462092687,0.0,292.12051248525245,292.12051248525245,0.0,0.0
8556,2019-12-23 12:00:00,12,2019-12-23 13:00:00,0.10531,0.10531,0.10531,0.0,0.9209506484013887,286.69163786884997,-5.4288746164024815,0.0,0.0,292.12051248525245,292.12051248525245,0.0,1.0
8557,2019-12-23 13:00:00,12,2019-12-23 14:00:00,0.10531,0.10531,0.10531,0.0,0.9292749228132059,283.01080301060233,-9.109709474650117,0.0,0.0,292.12051248525245,292.12051248525245,0.0,1.0
8558,2019-12-23 14:00:00,12,2019-12-23 15:00:00,0.10531,0.10531,0.10531,0.0,0.9432431440076694,284.33730199932984,-7.783210485922609,0.0,0.0,292.12051248525245,292.12051248525245,0.0,1.0
8559,2019-12-23 15:00:00,12,2019-12-23 16:00:00,0.10531,0.10531,0.10531,0.0,0.9551774000860841,262.8883821066117,-29.23213037864076,0.0,0.0,292.12051248525245,292.12051248525245,0.0,1.0
8560,2019-12-23 16:00:00,12,2019-12-23 17:00:00,0.13592,0.13592,0.13592,0.0,0.9999999999999998,264.4426089376822,-0.0,264.4426089376822,0.0,0.0,0.0,0.0,0.0
8561,2019-12-23 17:00:00,12,2019-12-23 18:00:00,0.13592,0.13592,0.13592,0.0,0.5209373026491263,251.81427072443546,-0.0,21.294656703898262,0.0,230.5196140205372,230.5196140205372,0.0,0.0
8562,2019-12-23 18:00:00,12,2019-12-23 19:00:00,0.13592,0.13592,0.13592,0.0,0.4823600260116295,238.6627343584195,-0.0,238.6627343584195,0.0,0.0,0.0,0.0,0.0
8563,2019-12-23 19:00:00,12,2019-12-23 20:00:00,0.13592,0.13592,0.13592,0.0,0.05,236.49409237983286,-0.0,0.0,0.0,236.49409237983286,236.49409237983286,0.0,0.0
8564,2019-12-23 20:00:00,12,2019-12-23 21:00:00,0.13592,0.13592,0.13592,0.0,0.05,207.37585847415525,-0.0,0.0,0.0,207.37585847415525,207.37585847415525,0.0,0.0
8565,2019-12-23 21:00:00,12,2019-12-23 22:00:00,0.10531,0.10531,0.10531,0.0,0.05,205.46397992240097,-0.0,0.0,0.0,205.46397992240097,205.46397992240097,0.0,0.0
8566,2019-12-23 22:00:00,12,2019-12-23 23:00:00,0.10531,0.10531,0.10531,0.0,0.05,204.53443386223785,-0.0,0.0,0.0,204.53443386223785,204.53443386223785,0.0,0.0
8567,2019-12-23 23:00:00,12,2019-12-24 00:00:00,0.10531,0.10531,0.10531,0.0,0.05,203.40953070667885,-0.0,0.0,0.0,203.40953070667885,203.40953070667885,0.0,0.0
8568,2019-12-24 00:00:00,12,2019-12-24 01:00:00,0.10531,0.10531,0.10531,0.0,0.05,197.97701503338448,-0.0,0.0,0.0,197.97701503338448,197.97701503338448,0.0,0.0
8569,2019-12-24 01:00:00,12,2019-12-24 02:00:00,0.10531,0.10531,0.10531,0.0,0.05,196.23162814189337,-0.0,0.0,0.0,196.23162814189337,196.23162814189337,0.0,0.0
8570,2019-12-24 02:00:00,12,2019-12-24 03:00:00,0.10531,0.10531,0.10531,0.0,0.05,197.13663887686994,-0.0,0.0,0.0,197.13663887686994,197.13663887686994,0.0,0.0
8571,2019-12-24 03:00:00,12,2019-12-24 04:00:00,0.10531,0.10531,0.10531,0.0,0.05,195.8890011668076,-94.83346279240581,0.0,0.0,290.7224639592134,290.7224639592134,0.0,1.0
8572,2019-12-24 04:00:00,12,2019-12-24 05:00:00,0.10531,0.10531,0.10531,0.0,0.19541130961502226,200.24006943907398,-0.0,0.0,0.0,200.24006943907398,200.24006943907398,0.0,0.0
8573,2019-12-24 05:00:00,12,2019-12-24 06:00:00,0.10531,0.10531,0.10531,0.0,0.19541130961502226,200.74697258616487,-0.0,0.0,0.0,200.74697258616487,200.74697258616487,0.0,0.0
8574,2019-12-24 06:00:00,12,2019-12-24 07:00:00,0.10531,0.10531,0.10531,0.0,0.19541130961502226,217.89179150782718,-72.83067245138622,0.0,0.0,290.7224639592134,290.7224639592134,0.0,1.0
8575,2019-12-24 07:00:00,12,2019-12-24 08:00:00,0.10531,0.10531,0.10531,0.0,0.30708500737381444,216.6984554142812,-0.0,0.0,0.0,216.6984554142812,216.6984554142812,0.0,0.0
8576,2019-12-24 08:00:00,12,2019-12-24 09:00:00,0.10531,0.10531,0.10531,0.0,0.30708500737381444,235.17707620801204,-55.54538775120137,0.0,0.0,290.7224639592134,290.7224639592134,0.0,1.0
8577,2019-12-24 09:00:00,12,2019-12-24 10:00:00,0.10531,0.10531,0.10531,0.0,0.39225460192565653,232.96724232187754,-57.75522163733587,0.0,0.0,290.7224639592134,290.7224639592134,0.0,1.0
8578,2019-12-24 10:00:00,12,2019-12-24 11:00:00,0.10531,0.10531,0.10531,0.0,0.48081260843623824,234.55210674713882,-56.170357212074585,0.0,0.0,290.7224639592134,290.7224639592134,0.0,1.0
8579,2019-12-24 11:00:00,12,2019-12-24 12:00:00,0.10531,0.10531,0.10531,0.0,0.5669404894947526,234.3702465881902,-56.352217371023194,0.0,0.0,290.7224639592134,290.7224639592134,0.0,1.0
8580,2019-12-24 12:00:00,12,2019-12-24 13:00:00,0.10531,0.10531,0.10531,0.0,0.6533472227969882,234.14088392398972,-56.58158003522371,0.0,0.0,290.7224639592134,290.7224639592134,0.0,1.0
8581,2019-12-24 13:00:00,12,2019-12-24 14:00:00,0.10531,0.10531,0.10531,0.0,0.7401056455176646,233.31121747966185,-57.41124647955158,0.0,0.0,290.7224639592134,290.7224639592134,0.0,1.0
8582,2019-12-24 14:00:00,12,2019-12-24 15:00:00,0.10531,0.10531,0.10531,0.0,0.828136223452977,234.50634530780704,-56.21611865140639,0.0,0.0,290.7224639592134,290.7224639592134,0.0,1.0
8583,2019-12-24 15:00:00,12,2019-12-24 16:00:00,0.10531,0.10531,0.10531,0.0,0.9143342720518001,234.85351094951787,-55.86895300969555,0.0,0.0,290.7224639592134,290.7224639592134,0.0,1.0
8584,2019-12-24 16:00:00,12,2019-12-24 17:00:00,0.13592,0.13592,0.13592,0.0,1.0,228.6106639525394,-0.0,228.6106639525394,0.0,0.0,0.0,0.0,0.0
8585,2019-12-24 17:00:00,12,2019-12-24 18:00:00,0.13592,0.13592,0.13592,0.0,0.5858502464627909,219.5075306467036,-0.0,219.5075306467036,0.0,0.0,0.0,0.0,0.0
8586,2019-12-24 18:00:00,12,2019-12-24 19:00:00,0.13592,0.13592,0.13592,0.0,0.18819167645064677,213.06483914832472,-0.0,0.0,0.0,213.06483914832472,213.06483914832472,0.0,0.0
8587,2019-12-24 19:00:00,12,2019-12-24 20:00:00,0.13592,0.13592,0.13592,0.0,0.18819167645064677,211.53530373375378,-0.0,76.28180540075702,0.0,135.25349833299674,135.25349833299674,0.0,0.0
8588,2019-12-24 20:00:00,12,2019-12-24 21:00:00,0.13592,0.13592,0.13592,0.0,0.05,203.21401336657706,-0.0,0.0,0.0,203.21401336657706,203.21401336657706,0.0,0.0
8589,2019-12-24 21:00:00,12,2019-12-24 22:00:00,0.10531,0.10531,0.10531,0.0,0.05,202.68659693982298,-0.0,0.0,0.0,202.68659693982298,202.68659693982298,0.0,0.0
8590,2019-12-24 22:00:00,12,2019-12-24 23:00:00,0.10531,0.10531,0.10531,0.0,0.05,201.59723386586185,-0.0,0.0,0.0,201.59723386586185,201.59723386586185,0.0,0.0
8591,2019-12-24 23:00:00,12,2019-12-25 00:00:00,0.10531,0.10531,0.10531,0.0,0.05,201.40688181983373,-0.0,0.0,0.0,201.40688181983373,201.40688181983373,0.0,0.0
8592,2019-12-25 00:00:00,12,2019-12-25 01:00:00,0.10531,0.10531,0.10531,0.0,0.05,198.9208339141579,-0.0,0.0,0.0,198.9208339141579,198.9208339141579,0.0,0.0
8593,2019-12-25 01:00:00,12,2019-12-25 02:00:00,0.10531,0.10531,0.10531,0.0,0.05,199.07529693652438,-0.0,0.0,0.0,199.07529693652438,199.07529693652438,0.0,0.0
8594,2019-12-25 02:00:00,12,2019-12-25 03:00:00,0.10531,0.10531,0.10531,0.0,0.05,198.64521731660452,-0.0,0.0,0.0,198.64521731660452,198.64521731660452,0.0,0.0
8595,2019-12-25 03:00:00,12,2019-12-25 04:00:00,0.10531,0.10531,0.10531,0.0,0.05,196.93033733497236,-0.0,0.0,0.0,196.93033733497236,196.93033733497236,0.0,0.0
8596,2019-12-25 04:00:00,12,2019-12-25 05:00:00,0.10531,0.10531,0.10531,0.0,0.05,199.13773607607396,-90.9169207151498,0.0,0.0,290.05465679122375,290.05465679122375,0.0,1.0
8597,2019-12-25 05:00:00,12,2019-12-25 06:00:00,0.10531,0.10531,0.10531,0.0,0.18940594509656303,199.50251244037304,-0.0,0.0,0.0,199.50251244037304,199.50251244037304,0.0,0.0
8598,2019-12-25 06:00:00,12,2019-12-25 07:00:00,0.10531,0.10531,0.10531,0.0,0.18940594509656303,216.47217792800222,-73.58247886322154,0.0,0.0,290.05465679122375,290.05465679122375,0.0,1.0
8599,2019-12-25 07:00:00,12,2019-12-25 08:00:00,0.10531,0.10531,0.10531,0.0,0.30223241268683615,215.7999330077401,-0.0,0.0,0.0,215.7999330077401,215.7999330077401,0.0,0.0
8600,2019-12-25 08:00:00,12,2019-12-25 09:00:00,0.10531,0.10531,0.10531,0.0,0.30223241268683615,234.39519206570435,-55.65946472551941,0.0,0.0,290.05465679122375,290.05465679122375,0.0,1.0
8601,2019-12-25 09:00:00,12,2019-12-25 10:00:00,0.10531,0.10531,0.10531,0.0,0.3875769252659659,231.73692571995315,-58.317731071270615,0.0,0.0,290.05465679122375,290.05465679122375,0.0,1.0
8602,2019-12-25 10:00:00,12,2019-12-25 11:00:00,0.10531,0.10531,0.10531,0.0,0.47699744624191415,233.24348116500474,-56.811175626219026,0.0,0.0,290.05465679122375,290.05465679122375,0.0,1.0
8603,2019-12-25 11:00:00,12,2019-12-25 12:00:00,0.10531,0.10531,0.10531,0.0,0.56410791553545,234.09513517130773,-55.95952161991603,0.0,0.0,290.05465679122375,290.05465679122375,0.0,1.0
8604,2019-12-25 12:00:00,12,2019-12-25 13:00:00,0.10531,0.10531,0.10531,0.0,0.6499125153526545,233.73249048415093,-50.124599224986724,0.0,0.0,283.85708970913765,283.85708970913765,0.0,1.0
8605,2019-12-25 13:00:00,12,2019-12-25 14:00:00,0.10531,0.10531,0.10531,0.0,0.7267702341643009,232.10379677070992,-60.01671571454253,0.0,0.0,292.12051248525245,292.12051248525245,0.0,1.0
8606,2019-12-25 14:00:00,12,2019-12-25 15:00:00,0.10531,0.10531,0.10531,0.0,0.8187958649265994,233.2181442774617,-58.902368207790744,0.0,0.0,292.12051248525245,292.12051248525245,0.0,1.0
8607,2019-12-25 15:00:00,12,2019-12-25 16:00:00,0.10531,0.10531,0.10531,0.0,0.9091128295118787,232.84627086256452,-59.274241622687924,0.0,0.0,292.12051248525245,292.12051248525245,0.0,1.0
8608,2019-12-25 16:00:00,12,2019-12-25 17:00:00,0.13592,0.13592,0.13592,0.0,1.0,226.70574334036917,-0.0,226.70574334036917,0.0,0.0,0.0,0.0,0.0
8609,2019-12-25 17:00:00,12,2019-12-25 18:00:00,0.13592,0.13592,0.13592,0.0,0.5893011896007805,218.1533617701112,-0.0,218.1533617701112,0.0,0.0,0.0,0.0,0.0
8610,2019-12-25 18:00:00,12,2019-12-25 19:00:00,0.13592,0.13592,0.13592,0.0,0.19409582407521678,211.26452714751903,-0.0,79.54089488951966,0.0,131.72363225799938,131.72363225799938,0.0,0.0
8611,2019-12-25 19:00:00,12,2019-12-25 20:00:00,0.13592,0.13592,0.13592,0.0,0.05,209.4345772724916,-0.0,0.0,0.0,209.4345772724916,209.4345772724916,0.0,0.0
8612,2019-12-25 20:00:00,12,2019-12-25 21:00:00,0.13592,0.13592,0.13592,0.0,0.05,200.7551205459677,-0.0,0.0,0.0,200.7551205459677,200.7551205459677,0.0,0.0
8613,2019-12-25 21:00:00,12,2019-12-25 22:00:00,0.10531,0.10531,0.10531,0.0,0.05,200.56192211622204,-0.0,0.0,0.0,200.56192211622204,200.56192211622204,0.0,0.0
8614,2019-12-25 22:00:00,12,2019-12-25 23:00:00,0.10531,0.10531,0.10531,0.0,0.05,198.76009231422333,-0.0,0.0,0.0,198.76009231422333,198.76009231422333,0.0,0.0
8615,2019-12-25 23:00:00,12,2019-12-26 00:00:00,0.10531,0.10531,0.10531,0.0,0.05,198.91066919403448,-0.0,0.0,0.0,198.91066919403448,198.91066919403448,0.0,0.0
8616,2019-12-26 00:00:00,12,2019-12-26 01:00:00,0.10531,0.10531,0.10531,0.0,0.05,197.93176734694052,-94.18874513831193,0.0,0.0,292.12051248525245,292.12051248525245,0.0,1.0
8617,2019-12-26 01:00:00,12,2019-12-26 02:00:00,0.10531,0.10531,0.10531,0.0,0.19442274254541164,198.32098828639923,-93.79952419885322,0.0,0.0,292.12051248525245,292.12051248525245,0.0,1.0
8618,2019-12-26 02:00:00,12,2019-12-26 03:00:00,0.10531,0.10531,0.10531,0.0,0.33824867965031996,198.01757385717468,-94.10293862807777,0.0,0.0,292.12051248525245,292.12051248525245,0.0,1.0
8619,2019-12-26 03:00:00,12,2019-12-26 04:00:00,0.10531,0.10531,0.10531,0.0,0.48253985221337253,197.756572750481,-94.36393973477144,0.0,0.0,292.12051248525245,292.12051248525245,0.0,1.0
8620,2019-12-26 04:00:00,12,2019-12-26 05:00:00,0.10531,0.10531,0.10531,0.0,0.6272312264733554,220.672040101537,-71.44847238371545,0.0,0.0,292.12051248525245,292.12051248525245,0.0,1.0
8621,2019-12-26 05:00:00,12,2019-12-26 06:00:00,0.10531,0.10531,0.10531,0.0,0.7367855507950525,221.06529053392154,-71.0552219513309,0.0,0.0,292.12051248525245,292.12051248525245,0.0,1.0
8622,2019-12-26 06:00:00,12,2019-12-26 07:00:00,0.10531,0.10531,0.10531,0.0,0.8457368911204265,278.03118007894074,-14.089332406311712,0.0,0.0,292.12051248525245,292.12051248525245,0.0,1.0
8623,2019-12-26 07:00:00,12,2019-12-26 08:00:00,0.10531,0.10531,0.10531,0.0,0.8673405341434378,306.0642180273286,-0.0,13.943705542076145,0.0,292.12051248525245,292.12051248525245,0.0,0.0
8624,2019-12-26 08:00:00,12,2019-12-26 09:00:00,0.10531,0.10531,0.10531,0.0,0.8420801980164884,315.48291246156055,-0.0,23.362399976308097,0.0,292.12051248525245,292.12051248525245,0.0,0.0
8625,2019-12-26 09:00:00,12,2019-12-26 10:00:00,0.10531,0.10531,0.10531,0.0,0.7997570096536113,323.80602680391075,-0.0,31.685514318658306,0.0,292.12051248525245,292.12051248525245,0.0,0.0
8626,2019-12-26 10:00:00,12,2019-12-26 11:00:00,0.10531,0.10531,0.10531,0.0,0.7423557155980709,326.59024722690407,-0.0,34.46973474165162,0.0,292.12051248525245,292.12051248525245,0.0,0.0
8627,2019-12-26 11:00:00,12,2019-12-26 12:00:00,0.10531,0.10531,0.10531,0.0,0.6799105439646441,327.96712401145174,-0.0,35.8466115261993,0.0,292.12051248525245,292.12051248525245,0.0,0.0
8628,2019-12-26 12:00:00,12,2019-12-26 13:00:00,0.10531,0.10531,0.10531,0.0,0.6149710303302252,318.0923351286518,-0.0,25.971822643399378,0.0,292.12051248525245,292.12051248525245,0.0,0.0
8629,2019-12-26 13:00:00,12,2019-12-26 14:00:00,0.10531,0.10531,0.10531,0.0,0.5679206269907335,327.2352556461473,-0.0,35.114743160894875,0.0,292.12051248525245,292.12051248525245,0.0,0.0
8630,2019-12-26 14:00:00,12,2019-12-26 15:00:00,0.10531,0.10531,0.10531,0.0,0.5043069618441848,328.1480651417267,-0.0,36.027552656474256,0.0,292.12051248525245,292.12051248525245,0.0,0.0
8631,2019-12-26 15:00:00,12,2019-12-26 16:00:00,0.10531,0.10531,0.10531,0.0,0.43903965630709374,329.0906887394066,-0.0,36.970176254154126,0.0,292.12051248525245,292.12051248525245,0.0,0.0
8632,2019-12-26 16:00:00,12,2019-12-26 17:00:00,0.13592,0.13592,0.13592,0.0,0.37206469932493047,332.0744666926011,-0.0,134.5854524187275,0.0,197.4890142738736,197.4890142738736,0.0,0.0
8633,2019-12-26 17:00:00,12,2019-12-26 18:00:00,0.13592,0.13592,0.13592,0.0,0.128250473928685,335.31477409388657,-0.0,43.19426160863412,0.0,292.12051248525245,292.12051248525245,0.0,0.0
8634,2019-12-26 18:00:00,12,2019-12-26 19:00:00,0.13592,0.13592,0.13592,0.0,0.05,268.4555099837546,-0.0,0.0,0.0,268.4555099837546,268.4555099837546,0.0,1.0
8635,2019-12-26 19:00:00,12,2019-12-26 20:00:00,0.13592,0.13592,0.13592,0.0,0.05,266.9206758329091,-0.0,0.0,0.0,266.9206758329091,266.9206758329091,0.0,1.0
8636,2019-12-26 20:00:00,12,2019-12-26 21:00:00,0.13592,0.13592,0.13592,0.0,0.05,233.98403223643544,-0.0,0.0,0.0,233.98403223643544,233.98403223643544,0.0,0.0
8637,2019-12-26 21:00:00,12,2019-12-26 22:00:00,0.10531,0.10531,0.10531,0.0,0.05,224.9402030537748,-0.0,0.0,0.0,224.9402030537748,224.9402030537748,0.0,0.0
8638,2019-12-26 22:00:00,12,2019-12-26 23:00:00,0.10531,0.10531,0.10531,0.0,0.05,208.42798935704604,-0.0,0.0,0.0,208.42798935704604,208.42798935704604,0.0,0.0
8639,2019-12-26 23:00:00,12,2019-12-27 00:00:00,0.10531,0.10531,0.10531,0.0,0.05,207.7562247192165,-0.0,0.0,0.0,207.7562247192165,207.7562247192165,0.0,0.0
8640,2019-12-27 00:00:00,12,2019-12-27 01:00:00,0.10531,0.10531,0.10531,0.0,0.05,205.07372541272022,-87.04678707253223,0.0,0.0,292.12051248525245,292.12051248525245,0.0,1.0
8641,2019-12-27 01:00:00,12,2019-12-27 02:00:00,0.10531,0.10531,0.10531,0.0,0.18347174017788273,205.47057622774162,-86.64993625751083,0.0,0.0,292.12051248525245,292.12051248525245,0.0,1.0
8642,2019-12-27 02:00:00,12,2019-12-27 03:00:00,0.10531,0.10531,0.10531,0.0,0.3163349757727327,206.25685327806997,-85.86365920718248,0.0,0.0,292.12051248525245,292.12051248525245,0.0,1.0
8643,2019-12-27 03:00:00,12,2019-12-27 04:00:00,0.10531,0.10531,0.10531,0.0,0.4479925865570792,206.2417117993579,-85.87880068589456,0.0,0.0,292.12051248525245,292.12051248525245,0.0,1.0
8644,2019-12-27 04:00:00,12,2019-12-27 05:00:00,0.10531,0.10531,0.10531,0.0,0.5796734142754508,228.94382352758825,-63.1766889576642,0.0,0.0,292.12051248525245,292.12051248525245,0.0,1.0
8645,2019-12-27 05:00:00,12,2019-12-27 06:00:00,0.10531,0.10531,0.10531,0.0,0.6765443373438692,228.94739589342305,-63.1731165918294,0.0,0.0,292.12051248525245,292.12051248525245,0.0,1.0
8646,2019-12-27 06:00:00,12,2019-12-27 07:00:00,0.10531,0.10531,0.10531,0.0,0.7734097827846743,286.5470836302314,-5.5734288550210636,0.0,0.0,292.12051248525245,292.12051248525245,0.0,1.0
8647,2019-12-27 07:00:00,12,2019-12-27 08:00:00,0.10531,0.10531,0.10531,0.0,0.7819557070290398,314.94971637112195,-0.0,22.829203885869504,0.0,292.12051248525245,292.12051248525245,0.0,0.0
8648,2019-12-27 08:00:00,12,2019-12-27 09:00:00,0.10531,0.10531,0.10531,0.0,0.7405984536126097,322.5390407101974,-0.0,30.418528224944964,0.0,292.12051248525245,292.12051248525245,0.0,0.0
8649,2019-12-27 09:00:00,12,2019-12-27 10:00:00,0.10531,0.10531,0.10531,0.0,0.6854924242195934,326.81225130971876,-0.0,34.69173882446631,0.0,292.12051248525245,292.12051248525245,0.0,0.0
8650,2019-12-27 10:00:00,12,2019-12-27 11:00:00,0.10531,0.10531,0.10531,0.0,0.6226450712767196,327.3179597762145,-0.0,35.19744729096203,0.0,292.12051248525245,292.12051248525245,0.0,0.0
8651,2019-12-27 11:00:00,12,2019-12-27 12:00:00,0.10531,0.10531,0.10531,0.0,0.5588815798075856,332.12485582705324,-0.0,40.00434334180079,0.0,292.12051248525245,292.12051248525245,0.0,0.0
8652,2019-12-27 12:00:00,12,2019-12-27 13:00:00,0.10531,0.10531,0.10531,0.0,0.486409943318816,321.7487199550702,-0.0,29.628207469817767,0.0,292.12051248525245,292.12051248525245,0.0,0.0
8653,2019-12-27 13:00:00,12,2019-12-27 14:00:00,0.10531,0.10531,0.10531,0.0,0.4327356544242186,326.12847221922186,-0.0,34.007959733969415,0.0,292.12051248525245,292.12051248525245,0.0,0.0
8654,2019-12-27 14:00:00,12,2019-12-27 15:00:00,0.10531,0.10531,0.10531,0.0,0.37112703171775224,323.6641198681697,-0.0,31.54360738291723,0.0,292.12051248525245,292.12051248525245,0.0,0.0
8655,2019-12-27 15:00:00,12,2019-12-27 16:00:00,0.10531,0.10531,0.10531,0.0,0.31398281544435147,322.0721742922846,-0.0,29.951661807032167,0.0,292.12051248525245,292.12051248525245,0.0,0.0
8656,2019-12-27 16:00:00,12,2019-12-27 17:00:00,0.13592,0.13592,0.13592,0.0,0.25972255854755405,327.3916991831666,-0.0,35.271186697914175,0.0,292.12051248525245,292.12051248525245,0.0,0.0
8657,2019-12-27 17:00:00,12,2019-12-27 18:00:00,0.13592,0.13592,0.13592,0.0,0.19582548119626025,329.5901639092151,-0.0,80.49566562033567,0.0,249.09449828887944,249.09449828887944,0.0,0.0
8658,2019-12-27 18:00:00,12,2019-12-27 19:00:00,0.13592,0.13592,0.13592,0.0,0.05,260.83381526797814,-0.0,0.0,0.0,260.83381526797814,260.83381526797814,0.0,1.0
8659,2019-12-27 19:00:00,12,2019-12-27 20:00:00,0.13592,0.13592,0.13592,0.0,0.05,259.0823305526991,-0.0,0.0,0.0,259.0823305526991,259.0823305526991,0.0,0.0
8660,2019-12-27 20:00:00,12,2019-12-27 21:00:00,0.13592,0.13592,0.13592,0.0,0.05,225.48680441394146,-0.0,0.0,0.0,225.48680441394146,225.48680441394146,0.0,0.0
8661,2019-12-27 21:00:00,12,2019-12-27 22:00:00,0.10531,0.10531,0.10531,0.0,0.05,218.61890988818826,-0.0,0.0,0.0,218.61890988818826,218.61890988818826,0.0,0.0
8662,2019-12-27 22:00:00,12,2019-12-27 23:00:00,0.10531,0.10531,0.10531,0.0,0.05,202.38878725470764,-0.0,0.0,0.0,202.38878725470764,202.38878725470764,0.0,0.0
8663,2019-12-27 23:00:00,12,2019-12-28 00:00:00,0.10531,0.10531,0.10531,0.0,0.05,202.77261390069728,-0.0,0.0,0.0,202.77261390069728,202.77261390069728,0.0,0.0
8664,2019-12-28 00:00:00,12,2019-12-28 01:00:00,0.10531,0.10531,0.10531,0.0,0.05,200.04503312591876,-92.07547935933368,0.0,0.0,292.12051248525245,292.12051248525245,0.0,1.0
8665,2019-12-28 01:00:00,12,2019-12-28 02:00:00,0.10531,0.10531,0.10531,0.0,0.19118240168431166,200.83720501087325,-91.2833074743792,0.0,0.0,292.12051248525245,292.12051248525245,0.0,1.0
8666,2019-12-28 02:00:00,12,2019-12-28 03:00:00,0.10531,0.10531,0.10531,0.0,0.3311501398116931,201.22636478355258,-90.89414770169986,0.0,0.0,292.12051248525245,292.12051248525245,0.0,1.0
8667,2019-12-28 03:00:00,12,2019-12-28 04:00:00,0.10531,0.10531,0.10531,0.0,0.47052116628763296,203.41969252239323,-88.70081996285921,0.0,0.0,292.12051248525245,292.12051248525245,0.0,1.0
8668,2019-12-28 04:00:00,12,2019-12-28 05:00:00,0.10531,0.10531,0.10531,0.0,0.6065290902306837,227.0642397541981,-65.05627273105435,0.0,0.0,292.12051248525245,292.12051248525245,0.0,1.0
8669,2019-12-28 05:00:00,12,2019-12-28 06:00:00,0.10531,0.10531,0.10531,0.0,0.7062820417516338,228.17568019808195,-63.9448322871705,0.0,0.0,292.12051248525245,292.12051248525245,0.0,1.0
8670,2019-12-28 06:00:00,12,2019-12-28 07:00:00,0.10531,0.10531,0.10531,0.0,0.8043307845919618,283.89051149276827,-8.230000992484179,0.0,0.0,292.12051248525245,292.12051248525245,0.0,1.0
8671,2019-12-28 07:00:00,12,2019-12-28 08:00:00,0.10531,0.10531,0.10531,0.0,0.8169501194471043,310.990165335502,-0.0,18.869652850249565,0.0,292.12051248525245,292.12051248525245,0.0,0.0
8672,2019-12-28 08:00:00,12,2019-12-28 09:00:00,0.10531,0.10531,0.10531,0.0,0.782765965732884,324.0229241991273,-0.0,31.90241171387487,0.0,292.12051248525245,292.12051248525245,0.0,0.0
8673,2019-12-28 09:00:00,12,2019-12-28 10:00:00,0.10531,0.10531,0.10531,0.0,0.7249717416135455,331.07017222774584,-0.0,38.949659742493395,0.0,292.12051248525245,292.12051248525245,0.0,0.0
8674,2019-12-28 10:00:00,12,2019-12-28 11:00:00,0.10531,0.10531,0.10531,0.0,0.6544107638191734,330.36414479075967,-0.0,38.24363230550722,0.0,292.12051248525245,292.12051248525245,0.0,0.0
8675,2019-12-28 11:00:00,12,2019-12-28 12:00:00,0.10531,0.10531,0.10531,0.0,0.5851288212367328,330.0206743320498,-0.0,37.900161846797346,0.0,292.12051248525245,292.12051248525245,0.0,0.0
8676,2019-12-28 12:00:00,12,2019-12-28 13:00:00,0.10531,0.10531,0.10531,0.0,0.5164691077461578,324.0955948036538,-0.0,31.97508231840135,0.0,292.12051248525245,292.12051248525245,0.0,0.0
8677,2019-12-28 13:00:00,12,2019-12-28 14:00:00,0.10531,0.10531,0.10531,0.0,0.458543233980938,330.0104253172031,-0.0,37.88991283195065,0.0,292.12051248525245,292.12051248525245,0.0,0.0
8678,2019-12-28 14:00:00,12,2019-12-28 15:00:00,0.10531,0.10531,0.10531,0.0,0.3899020875462448,327.99340971275404,-0.0,35.872897227501596,0.0,292.12051248525245,292.12051248525245,0.0,0.0
8679,2019-12-28 15:00:00,12,2019-12-28 16:00:00,0.10531,0.10531,0.10531,0.0,0.3249149548877274,327.21054188492667,-0.0,35.09002939967422,0.0,292.12051248525245,292.12051248525245,0.0,0.0
8680,2019-12-28 16:00:00,12,2019-12-28 17:00:00,0.13592,0.13592,0.13592,0.0,0.2613460610477379,330.14010467069323,-0.0,75.38838476144748,0.0,254.75171990924576,254.75171990924576,0.0,0.0
8681,2019-12-28 17:00:00,12,2019-12-28 18:00:00,0.13592,0.13592,0.13592,0.0,0.1247729002480142,333.3951534221563,-0.0,41.274640936903836,0.0,292.12051248525245,292.12051248525245,0.0,0.0
8682,2019-12-28 18:00:00,12,2019-12-28 19:00:00,0.13592,0.13592,0.13592,0.0,0.05,265.05383675954954,-0.0,0.0,0.0,265.05383675954954,265.05383675954954,0.0,0.0
8683,2019-12-28 19:00:00,12,2019-12-28 20:00:00,0.13592,0.13592,0.13592,0.0,0.05,263.5525279448444,-0.0,0.0,0.0,263.5525279448444,263.5525279448444,0.0,0.0
8684,2019-12-28 20:00:00,12,2019-12-28 21:00:00,0.13592,0.13592,0.13592,0.0,0.05,230.24468914126658,-0.0,0.0,0.0,230.24468914126658,230.24468914126658,0.0,0.0
8685,2019-12-28 21:00:00,12,2019-12-28 22:00:00,0.10531,0.10531,0.10531,0.0,0.05,220.5418113512355,-0.0,0.0,0.0,220.5418113512355,220.5418113512355,0.0,0.0
8686,2019-12-28 22:00:00,12,2019-12-28 23:00:00,0.10531,0.10531,0.10531,0.0,0.05,203.50435333487223,-0.0,0.0,0.0,203.50435333487223,203.50435333487223,0.0,0.0
8687,2019-12-28 23:00:00,12,2019-12-29 00:00:00,0.10531,0.10531,0.10531,0.0,0.05,203.97171034128246,-0.0,0.0,0.0,203.97171034128246,203.97171034128246,0.0,0.0
8688,2019-12-29 00:00:00,12,2019-12-29 01:00:00,0.10531,0.10531,0.10531,0.0,0.05,200.92715619452645,-91.193356290726,0.0,0.0,292.12051248525245,292.12051248525245,0.0,1.0
8689,2019-12-29 01:00:00,12,2019-12-29 02:00:00,0.10531,0.10531,0.10531,0.0,0.1898298129791132,200.84961645868145,-91.270896026571,0.0,0.0,292.12051248525245,292.12051248525245,0.0,1.0
8690,2019-12-29 02:00:00,12,2019-12-29 03:00:00,0.10531,0.10531,0.10531,0.0,0.32977852021985543,200.21433582207243,-91.90617666318002,0.0,0.0,292.12051248525245,292.12051248525245,0.0,1.0
8691,2019-12-29 03:00:00,12,2019-12-29 04:00:00,0.10531,0.10531,0.10531,0.0,0.47070132443673146,199.59935560424168,-92.52115688101077,0.0,0.0,292.12051248525245,292.12051248525245,0.0,1.0
8692,2019-12-29 04:00:00,12,2019-12-29 05:00:00,0.10531,0.10531,0.10531,0.0,0.612567098320948,222.19493261705827,-69.92557986819418,0.0,0.0,292.12051248525245,292.12051248525245,0.0,1.0
8693,2019-12-29 05:00:00,12,2019-12-29 06:00:00,0.10531,0.10531,0.10531,0.0,0.7197863207855124,222.55931548055608,-69.56119700469637,0.0,0.0,292.12051248525245,292.12051248525245,0.0,1.0
8694,2019-12-29 06:00:00,12,2019-12-29 07:00:00,0.10531,0.10531,0.10531,0.0,0.8264468228593802,279.6269516702067,-12.493560815045726,0.0,0.0,292.12051248525245,292.12051248525245,0.0,1.0
8695,2019-12-29 07:00:00,12,2019-12-29 08:00:00,0.10531,0.10531,0.10531,0.0,0.8456036161091169,308.1234117064748,-0.0,16.00289922122238,0.0,292.12051248525245,292.12051248525245,0.0,0.0
8696,2019-12-29 08:00:00,12,2019-12-29 09:00:00,0.10531,0.10531,0.10531,0.0,0.8166128566503807,316.701638132727,-0.0,24.58112564747455,0.0,292.12051248525245,292.12051248525245,0.0,0.0
8697,2019-12-29 09:00:00,12,2019-12-29 10:00:00,0.10531,0.10531,0.10531,0.0,0.772081831926695,326.86422071919014,-0.0,34.743708233937696,0.0,292.12051248525245,292.12051248525245,0.0,0.0
8698,2019-12-29 10:00:00,12,2019-12-29 11:00:00,0.10531,0.10531,0.10531,0.0,0.7091403315028948,330.2059804133659,-0.0,38.085467928113474,0.0,292.12051248525245,292.12051248525245,0.0,0.0
8699,2019-12-29 11:00:00,12,2019-12-29 12:00:00,0.10531,0.10531,0.10531,0.0,0.6401449185896457,331.47471033388456,-0.0,39.35419784863211,0.0,292.12051248525245,292.12051248525245,0.0,0.0
8700,2019-12-29 12:00:00,12,2019-12-29 13:00:00,0.10531,0.10531,0.10531,0.0,0.5688510819073411,321.76056483398423,-0.0,29.640052348731786,0.0,292.12051248525245,292.12051248525245,0.0,0.0
8701,2019-12-29 13:00:00,12,2019-12-29 14:00:00,0.10531,0.10531,0.10531,0.0,0.5151553348987691,330.56923383650997,-0.0,38.44872135125752,0.0,292.12051248525245,292.12051248525245,0.0,0.0
8702,2019-12-29 14:00:00,12,2019-12-29 15:00:00,0.10531,0.10531,0.10531,0.0,0.44550185418996935,331.1742009690029,-0.0,39.05368848375048,0.0,292.12051248525245,292.12051248525245,0.0,0.0
8703,2019-12-29 15:00:00,12,2019-12-29 16:00:00,0.10531,0.10531,0.10531,0.0,0.374752418531001,331.00675719694925,-0.0,38.886244711696804,0.0,292.12051248525245,292.12051248525245,0.0,0.0
8704,2019-12-29 16:00:00,12,2019-12-29 17:00:00,0.13592,0.13592,0.13592,0.0,0.3043063230387967,332.55679112456954,-0.0,40.436278639317095,0.0,292.12051248525245,292.12051248525245,0.0,0.0
8705,2019-12-29 17:00:00,12,2019-12-29 18:00:00,0.13592,0.13592,0.13592,0.0,0.2310521950690193,334.13505583787344,-0.0,99.94081167809867,0.0,234.19424415977477,234.19424415977477,0.0,0.0
8706,2019-12-29 18:00:00,12,2019-12-29 19:00:00,0.13592,0.13592,0.13592,0.0,0.05,264.7600240520545,-0.0,0.0,0.0,264.7600240520545,264.7600240520545,0.0,0.0
8707,2019-12-29 19:00:00,12,2019-12-29 20:00:00,0.13592,0.13592,0.13592,0.0,0.05,262.14427484053283,-0.0,0.0,0.0,262.14427484053283,262.14427484053283,0.0,1.0
8708,2019-12-29 20:00:00,12,2019-12-29 21:00:00,0.13592,0.13592,0.13592,0.0,0.05,228.0125570081051,-0.0,0.0,0.0,228.0125570081051,228.0125570081051,0.0,0.0
8709,2019-12-29 21:00:00,12,2019-12-29 22:00:00,0.10531,0.10531,0.10531,0.0,0.05,217.08747103728055,-0.0,0.0,0.0,217.08747103728055,217.08747103728055,0.0,0.0
8710,2019-12-29 22:00:00,12,2019-12-29 23:00:00,0.10531,0.10531,0.10531,0.0,0.05,200.1854881009444,-0.0,0.0,0.0,200.1854881009444,200.1854881009444,0.0,0.0
8711,2019-12-29 23:00:00,12,2019-12-30 00:00:00,0.10531,0.10531,0.10531,0.0,0.05,200.48667828771286,-0.0,0.0,0.0,200.48667828771286,200.48667828771286,0.0,0.0
8712,2019-12-30 00:00:00,12,2019-12-30 01:00:00,0.10531,0.10531,0.10531,0.0,0.05,198.00685078118744,-93.41064846045634,0.0,0.0,291.4174992416438,291.4174992416438,0.0,1.0
8713,2019-12-30 01:00:00,12,2019-12-30 02:00:00,0.10531,0.10531,0.10531,0.0,0.19322966097269975,197.62641933006904,-93.79107991157474,0.0,0.0,291.4174992416438,291.4174992416438,0.0,1.0
8714,2019-12-30 02:00:00,12,2019-12-30 03:00:00,0.10531,0.10531,0.10531,0.0,0.33704265017044766,197.7965879601371,-0.0,0.0,0.0,197.7965879601371,197.7965879601371,0.0,0.0
8715,2019-12-30 03:00:00,12,2019-12-30 04:00:00,0.10531,0.10531,0.10531,0.0,0.33704265017044766,197.62093900350436,-0.0,0.0,0.0,197.62093900350436,197.62093900350436,0.0,0.0
8716,2019-12-30 04:00:00,12,2019-12-30 05:00:00,0.10531,0.10531,0.10531,0.0,0.33704265017044766,199.8507306122781,-91.56676862936567,0.0,0.0,291.4174992416438,291.4174992416438,0.0,1.0
8717,2019-12-30 05:00:00,12,2019-12-30 06:00:00,0.10531,0.10531,0.10531,0.0,0.477445028735475,200.2460153882833,-91.17148385336048,0.0,0.0,291.4174992416438,291.4174992416438,0.0,1.0
8718,2019-12-30 06:00:00,12,2019-12-30 07:00:00,0.10531,0.10531,0.10531,0.0,0.6172413039772945,218.90116804305737,-72.51633119858641,0.0,0.0,291.4174992416438,291.4174992416438,0.0,1.0
8719,2019-12-30 07:00:00,12,2019-12-30 08:00:00,0.10531,0.10531,0.10531,0.0,0.728433011815127,248.15739523159948,-0.0,0.0,0.0,248.15739523159948,248.15739523159948,0.0,0.0
8720,2019-12-30 08:00:00,12,2019-12-30 09:00:00,0.10531,0.10531,0.10531,0.0,0.728433011815127,249.4870405667873,-41.930458674856474,0.0,0.0,291.4174992416438,291.4174992416438,0.0,1.0
8721,2019-12-30 09:00:00,12,2019-12-30 10:00:00,0.10531,0.10531,0.10531,0.0,0.7927263817832402,277.35564795679926,-14.061851284844517,0.0,0.0,291.4174992416438,291.4174992416438,0.0,1.0
8722,2019-12-30 10:00:00,12,2019-12-30 11:00:00,0.10531,0.10531,0.10531,0.0,0.8142878870866684,280.06204946827785,-11.355449773365928,0.0,0.0,291.4174992416438,291.4174992416438,0.0,1.0
8723,2019-12-30 11:00:00,12,2019-12-30 12:00:00,0.10531,0.10531,0.10531,0.0,0.8316995767391628,280.79425396834574,-10.623245273298034,0.0,0.0,291.4174992416438,291.4174992416438,0.0,1.0
8724,2019-12-30 12:00:00,12,2019-12-30 13:00:00,0.10531,0.10531,0.10531,0.0,0.8479885528248865,272.7113272826637,-18.706171958980136,0.0,0.0,291.41749924164384,291.41749924164384,0.0,1.0
8725,2019-12-30 13:00:00,12,2019-12-30 14:00:00,0.10531,0.10531,0.10531,0.0,0.876671349828656,271.0065294085006,-20.410969833143227,0.0,0.0,291.41749924164384,291.41749924164384,0.0,1.0
8726,2019-12-30 14:00:00,12,2019-12-30 15:00:00,0.10531,0.10531,0.10531,0.0,0.9079681702394756,271.29367068210104,-20.123828559542815,0.0,0.0,291.41749924164384,291.41749924164384,0.0,1.0
8727,2019-12-30 15:00:00,12,2019-12-30 16:00:00,0.10531,0.10531,0.10531,0.0,0.9388247073641081,251.52056926171426,-39.89692997992959,0.0,0.0,291.41749924164384,291.41749924164384,0.0,1.0
8728,2019-12-30 16:00:00,12,2019-12-30 17:00:00,0.13592,0.13592,0.13592,0.0,1.0,253.86435568411343,-0.0,253.86435568411343,0.0,0.0,0.0,0.0,0.0
8729,2019-12-30 17:00:00,12,2019-12-30 18:00:00,0.13592,0.13592,0.13592,0.0,0.5401008049200844,245.80014860177678,-0.0,245.80014860177678,0.0,0.0,0.0,0.0,0.0
8730,2019-12-30 18:00:00,12,2019-12-30 19:00:00,0.13592,0.13592,0.13592,0.0,0.0948106806415033,235.87672408724762,-0.0,24.735495714109828,0.0,211.1412283731378,211.1412283731378,0.0,0.0
8731,2019-12-30 19:00:00,12,2019-12-30 20:00:00,0.13592,0.13592,0.13592,0.0,0.05,233.81663952894522,-0.0,0.0,0.0,233.81663952894522,233.81663952894522,0.0,0.0
8732,2019-12-30 20:00:00,12,2019-12-30 21:00:00,0.13592,0.13592,0.13592,0.0,0.05,205.86142378758976,-0.0,0.0,0.0,205.86142378758976,205.86142378758976,0.0,0.0
8733,2019-12-30 21:00:00,12,2019-12-30 22:00:00,0.10531,0.10531,0.10531,0.0,0.05,206.7647373533142,-0.0,0.0,0.0,206.7647373533142,206.7647373533142,0.0,0.0
8734,2019-12-30 22:00:00,12,2019-12-30 23:00:00,0.10531,0.10531,0.10531,0.0,0.05,204.3869312062896,-0.0,0.0,0.0,204.3869312062896,204.3869312062896,0.0,0.0
8735,2019-12-30 23:00:00,12,2019-12-31 00:00:00,0.10531,0.10531,0.10531,0.0,0.05,205.02906976398504,-0.0,0.0,0.0,205.02906976398504,205.02906976398504,0.0,0.0
8736,2019-12-31 00:00:00,12,2019-12-31 01:00:00,0.10531,0.10531,0.10531,0.0,0.05,199.56147945025901,-0.0,0.0,0.0,199.56147945025901,199.56147945025901,0.0,0.0
8737,2019-12-31 01:00:00,12,2019-12-31 02:00:00,0.10531,0.10531,0.10531,0.0,0.05,199.8842824585976,-0.0,0.0,0.0,199.8842824585976,199.8842824585976,0.0,0.0
8738,2019-12-31 02:00:00,12,2019-12-31 03:00:00,0.10531,0.10531,0.10531,0.0,0.05,199.8749893160663,-0.0,0.0,0.0,199.8749893160663,199.8749893160663,0.0,0.0
8739,2019-12-31 03:00:00,12,2019-12-31 04:00:00,0.10531,0.10531,0.10531,0.0,0.05,198.95033891147656,-93.0126892288174,0.0,0.0,291.96302814029394,291.96302814029394,0.0,1.0
8740,2019-12-31 04:00:00,12,2019-12-31 05:00:00,0.10531,0.10531,0.10531,0.0,0.19261945681752002,200.2435173099468,-0.0,0.0,0.0,200.2435173099468,200.2435173099468,0.0,0.0
8741,2019-12-31 05:00:00,12,2019-12-31 06:00:00,0.10531,0.10531,0.10531,0.0,0.19261945681752002,199.23047775059968,-92.73255038969428,0.0,0.0,291.96302814029394,291.96302814029394,0.0,1.0
8742,2019-12-31 06:00:00,12,2019-12-31 07:00:00,0.10531,0.10531,0.10531,0.0,0.3348093674150513,217.20733558369614,-0.0,0.0,0.0,217.20733558369614,217.20733558369614,0.0,0.0
8743,2019-12-31 07:00:00,12,2019-12-31 08:00:00,0.10531,0.10531,0.10531,0.0,0.3348093674150513,217.43370833861394,-0.0,0.0,0.0,217.43370833861394,217.43370833861394,0.0,0.0
8744,2019-12-31 08:00:00,12,2019-12-31 09:00:00,0.10531,0.10531,0.10531,0.0,0.3348093674150513,235.970281691843,-55.992746448450944,0.0,0.0,291.96302814029394,291.96302814029394,0.0,1.0
8745,2019-12-31 09:00:00,12,2019-12-31 10:00:00,0.10531,0.10531,0.10531,0.0,0.42066491196934275,235.18426764700317,-56.77876049329079,0.0,0.0,291.96302814029394,291.96302814029394,0.0,1.0
8746,2019-12-31 10:00:00,12,2019-12-31 11:00:00,0.10531,0.10531,0.10531,0.0,0.5077256780590553,238.65040421395653,-53.31262392633742,0.0,0.0,291.96302814029394,291.96302814029394,0.0,1.0
8747,2019-12-31 11:00:00,12,2019-12-31 12:00:00,0.10531,0.10531,0.10531,0.0,0.5894717014127727,239.62105987843137,-52.34196826186259,0.0,0.0,291.96302814029394,291.96302814029394,0.0,1.0
8748,2019-12-31 12:00:00,12,2019-12-31 13:00:00,0.10531,0.10531,0.10531,0.0,0.669729386080962,238.81866787693482,-53.14436026335914,0.0,0.0,291.96302814029394,291.96302814029394,0.0,1.0
8749,2019-12-31 13:00:00,12,2019-12-31 14:00:00,0.10531,0.10531,0.10531,0.0,0.751217405151446,237.6726090231264,-54.290419117167566,0.0,0.0,291.96302814029394,291.96302814029394,0.0,1.0
8750,2019-12-31 14:00:00,12,2019-12-31 15:00:00,0.10531,0.10531,0.10531,0.0,0.8344627144644363,238.09816502153663,-53.864863118757334,0.0,0.0,291.96302814029394,291.96302814029394,0.0,1.0
8751,2019-12-31 15:00:00,12,2019-12-31 16:00:00,0.10531,0.10531,0.10531,0.0,0.9170555045798642,237.86879199672714,-54.09423614356683,0.0,0.0,291.963028140294,291.963028140294,0.0,1.0
8752,2019-12-31 16:00:00,12,2019-12-31 17:00:00,0.13592,0.13592,0.13592,0.0,1.0,231.60675365175203,-0.0,231.60675365175203,0.0,0.0,0.0,0.0,0.0
8753,2019-12-31 17:00:00,12,2019-12-31 18:00:00,0.13592,0.13592,0.13592,0.0,0.5804225477323333,221.20982474531377,-0.0,221.20982474531377,0.0,0.0,0.0,0.0,0.0
8754,2019-12-31 18:00:00,12,2019-12-31 19:00:00,0.13592,0.13592,0.13592,0.0,0.17968011159951852,211.9321386357303,-0.0,0.0,0.0,211.9321386357303,211.9321386357303,0.0,0.0
8755,2019-12-31 19:00:00,12,2019-12-31 20:00:00,0.13592,0.13592,0.13592,0.0,0.17968011159951852,208.58432878752717,-0.0,0.0,0.0,208.58432878752717,208.58432878752717,0.0,0.0
8756,2019-12-31 20:00:00,12,2019-12-31 21:00:00,0.13592,0.13592,0.13592,0.0,0.17968011159951852,200.76353135969194,-0.0,71.58342160293422,0.0,129.1801097567577,129.1801097567577,0.0,0.0
8757,2019-12-31 21:00:00,12,2019-12-31 22:00:00,0.10531,0.10531,0.10531,0.0,0.05,199.0153972139376,-0.0,0.0,0.0,199.0153972139376,199.0153972139376,0.0,0.0
8758,2019-12-31 22:00:00,12,2019-12-31 23:00:00,0.10531,0.10531,0.10531,0.0,0.05,197.8394453347655,-0.0,0.0,0.0,197.8394453347655,197.8394453347655,0.0,0.0
8759,2019-12-31 23:00:00,12,2020-01-01 00:00:00,0.10531,0.10531,0.10531,0.0,0.05,196.7223381387072,-0.0,0.0,0.0,196.7223381387072,196.7223381387072,0.0,0.0
