,Datetime (hs),month (hs),Datetime (he),load_price,charge_price,discharge_price,export_price,soc_hs,load,charge_mpc,discharge_to_load,discharge_to_grid,net_load,net_load_after_export,is_exporting,is_charging
0,2019-01-01 00:00:00,1,2019-01-01 01:00:00,0.10531,0.10531,0.10531,0.12,0.5,185.87018024223593,-12.742463162389777,0.0,0.0,198.61264340462571,198.61264340462571,0.0,1.0
1,2019-01-01 01:00:00,1,2019-01-01 02:00:00,0.10531,0.10531,0.10531,0.12,0.5146538326367482,185.58066712294274,-13.031976281682967,0.0,0.0,198.61264340462571,198.61264340462571,0.0,1.0
2,2019-01-01 02:00:00,1,2019-01-01 03:00:00,0.10531,0.10531,0.10531,0.12,0.5296406053606837,185.87204652347992,-12.740596881145786,0.0,0.0,198.61264340462571,198.61264340462571,0.0,1.0
3,2019-01-01 03:00:00,1,2019-01-01 04:00:00,0.10531,0.10531,0.10531,0.12,0.5442922917740013,185.5828372116262,-13.029806192999496,0.0,0.0,198.61264340462571,198.61264340462571,0.0,1.0
4,2019-01-01 04:00:00,1,2019-01-01 05:00:00,0.10531,0.10531,0.10531,0.12,0.5592765688959507,195.35000519717397,-3.2626382074517384,0.0,0.0,198.61264340462571,198.61264340462571,0.0,1.0
5,2019-01-01 05:00:00,1,2019-01-01 06:00:00,0.10531,0.10531,0.10531,0.12,0.5630286028345202,214.00900387864684,-0.0,15.396360474021122,0.0,198.61264340462571,198.61264340462571,0.0,0.0
6,2019-01-01 06:00:00,1,2019-01-01 07:00:00,0.10531,0.10531,0.10531,0.12,0.5421096347991654,252.19451001269445,-0.0,53.58186660806874,0.0,198.61264340462571,198.61264340462571,0.0,0.0
7,2019-01-01 07:00:00,1,2019-01-01 08:00:00,0.10531,0.10531,0.10531,0.12,0.4693081856034199,244.35940092720463,-0.0,45.74675752257892,0.0,198.61264340462571,198.61264340462571,0.0,0.0
8,2019-01-01 08:00:00,1,2019-01-01 09:00:00,0.10531,0.10531,0.10531,0.12,0.4071522650564377,231.39970305477777,-0.0,32.78705965015206,0.0,198.61264340462571,198.61264340462571,0.0,0.0
9,2019-01-01 09:00:00,1,2019-01-01 10:00:00,0.10531,0.10531,0.10531,0.12,0.36260462966220935,202.6866544460468,-0.0,4.074011041421073,0.0,198.61264340462571,198.61264340462571,0.0,0.0
10,2019-01-01 10:00:00,1,2019-01-01 11:00:00,0.10531,0.10531,0.10531,0.12,0.357069288573322,170.11038027002377,-28.50226313460194,0.0,0.0,198.61264340462571,198.61264340462571,0.0,1.0
11,2019-01-01 11:00:00,1,2019-01-01 12:00:00,0.10531,0.10531,0.10531,0.12,0.3898468911781143,175.78799013229545,-22.82465327233026,0.0,0.0,198.61264340462571,198.61264340462571,0.0,1.0
12,2019-01-01 12:00:00,1,2019-01-01 13:00:00,0.10531,0.10531,0.10531,0.12,0.4160952424412941,175.0145551543746,-0.0,0.0,0.0,175.0145551543746,175.0145551543746,0.0,0.0
13,2019-01-01 13:00:00,1,2019-01-01 14:00:00,0.10531,0.10531,0.10531,0.12,0.4160952424412941,180.07747940543254,-107.74326744235294,0.0,0.0,287.8207468477855,287.8207468477855,0.0,1.0
14,2019-01-01 14:00:00,1,2019-01-01 15:00:00,0.10531,0.10531,0.10531,0.12,0.54,224.11646145269637,-0.0,0.0,0.0,224.11646145269637,224.11646145269637,0.0,0.0
15,2019-01-01 15:00:00,1,2019-01-01 16:00:00,0.10531,0.10531,0.10531,0.12,0.54,206.76566579614973,-400.0,0.0,0.0,606.7656657961497,606.7656657961497,0.0,1.0
16,2019-01-01 16:00:00,1,2019-01-01 17:00:00,0.13592,0.13592,0.13592,0.12,1.0,208.15177696995917,-0.0,208.15177696995917,0.0,0.0,0.0,1.0,0.0
17,2019-01-01 17:00:00,1,2019-01-01 18:00:00,0.13592,0.13592,0.13592,0.12,0.7171850856386425,269.68413621345815,-0.0,269.68413621345815,0.0,0.0,0.0,0.0,0.0
18,2019-01-01 18:00:00,1,2019-01-01 19:00:00,0.13592,0.13592,0.13592,0.12,0.3507664223051396,269.68413619097987,-0.0,258.16408681658277,0.0,11.520049374397104,11.520049374397104,0.0,0.0
19,2019-01-01 19:00:00,1,2019-01-01 20:00:00,0.13592,0.13592,0.13592,0.12,0.0,251.6027821788947,-0.0,0.0,0.0,251.6027821788947,251.6027821788947,0.0,0.0
20,2019-01-01 20:00:00,1,2019-01-01 21:00:00,0.13592,0.13592,0.13592,0.12,0.0,252.18115415469802,-0.0,0.0,0.0,252.18115415469802,252.18115415469802,0.0,0.0
21,2019-01-01 21:00:00,1,2019-01-01 22:00:00,0.10531,0.10531,0.10531,0.12,0.0,232.9468417999636,-0.0,0.0,0.0,232.9468417999636,232.9468417999636,0.0,0.0
22,2019-01-01 22:00:00,1,2019-01-01 23:00:00,0.10531,0.10531,0.10531,0.12,0.0,214.28851902555405,-0.0,0.0,0.0,214.28851902555405,214.28851902555405,0.0,0.0
23,2019-01-01 23:00:00,1,2019-01-02 00:00:00,0.10531,0.10531,0.10531,0.12,0.0,195.05300722393085,-0.0,0.0,0.0,195.05300722393085,195.05300722393085,0.0,1.0
24,2019-01-02 00:00:00,1,2019-01-02 01:00:00,0.10531,0.10531,0.10531,0.12,0.0,224.50190419400383,-0.0,0.0,0.0,224.50190419400383,224.50190419400383,0.0,0.0
25,2019-01-02 01:00:00,1,2019-01-02 02:00:00,0.10531,0.10531,0.10531,0.12,0.0,224.21273415097,-0.0,0.0,0.0,224.21273415097,224.21273415097,0.0,0.0
26,2019-01-02 02:00:00,1,2019-01-02 03:00:00,0.10531,0.10531,0.10531,0.12,0.0,224.50451293048926,-0.0,0.0,0.0,224.50451293048926,224.50451293048926,0.0,0.0
27,2019-01-02 03:00:00,1,2019-01-02 04:00:00,0.10531,0.10531,0.10531,0.12,0.0,224.21549008235831,-0.0,0.0,0.0,224.21549008235831,224.21549008235831,0.0,0.0
28,2019-01-02 04:00:00,1,2019-01-02 05:00:00,0.10531,0.10531,0.10531,0.12,0.0,233.98110171750125,-129.06884672701932,0.0,0.0,363.04994844452057,363.04994844452057,0.0,1.0
29,2019-01-02 05:00:00,1,2019-01-02 06:00:00,0.10531,0.10531,0.10531,0.12,0.14842917373607223,271.9543058979538,-0.0,0.0,0.0,271.9543058979538,271.9543058979538,0.0,0.0
30,2019-01-02 06:00:00,1,2019-01-02 07:00:00,0.10531,0.10531,0.10531,0.12,0.14842917373607223,332.31242426496374,-400.0,0.0,0.0,732.3124242649637,732.3124242649637,0.0,1.0
31,2019-01-02 07:00:00,1,2019-01-02 08:00:00,0.10531,0.10531,0.10531,0.12,0.6084291737360722,401.7791157485217,-340.496370664285,0.0,0.0,742.2754864128067,742.2754864128067,0.0,1.0
32,2019-01-02 08:00:00,1,2019-01-02 09:00:00,0.10531,0.10531,0.10531,0.12,1.0,813.1211873965428,-0.0,70.84570098373621,0.0,742.2754864128067,742.2754864128067,0.0,0.0
33,2019-01-02 09:00:00,1,2019-01-02 10:00:00,0.10531,0.10531,0.10531,0.12,0.9037422540981845,784.5989633555619,-0.0,42.32347694275518,0.0,742.2754864128067,742.2754864128067,0.0,0.0
34,2019-01-02 10:00:00,1,2019-01-02 11:00:00,0.10531,0.10531,0.10531,0.12,0.8462375299911803,816.1229907551772,-0.0,73.84750434237048,0.0,742.2754864128067,742.2754864128067,0.0,0.0
35,2019-01-02 11:00:00,1,2019-01-02 12:00:00,0.10531,0.10531,0.10531,0.12,0.7459012469173072,869.346749178517,-0.0,127.07126276571034,0.0,742.2754864128067,742.2754864128067,0.0,0.0
36,2019-01-02 12:00:00,1,2019-01-02 13:00:00,0.10531,0.10531,0.10531,0.12,0.5732500746812877,838.0340970962432,-0.0,95.75861068343647,0.0,742.2754864128067,742.2754864128067,0.0,0.0
37,2019-01-02 13:00:00,1,2019-01-02 14:00:00,0.10531,0.10531,0.10531,0.12,0.4431432666874882,878.178078913956,-0.0,135.90259250114934,0.0,742.2754864128067,742.2754864128067,0.0,0.0
38,2019-01-02 14:00:00,1,2019-01-02 15:00:00,0.10531,0.10531,0.10531,0.12,0.2584930051370137,821.7549769619857,-0.0,79.47949054917899,0.0,742.2754864128067,742.2754864128067,0.0,0.0
39,2019-01-02 15:00:00,1,2019-01-02 16:00:00,0.10531,0.10531,0.10531,0.12,0.15050456689084654,795.2593021154916,-0.0,52.983815702684865,0.0,742.2754864128067,742.2754864128067,0.0,0.0
40,2019-01-02 16:00:00,1,2019-01-02 17:00:00,0.13592,0.13592,0.13592,0.12,0.07851568686002469,800.0630319417849,-0.0,57.78754552897817,0.0,742.2754864128067,742.2754864128067,0.0,0.0
41,2019-01-02 17:00:00,1,2019-01-02 18:00:00,0.13592,0.13592,0.13592,0.12,0.0,736.8436251394241,-0.0,0.0,0.0,736.8436251394241,736.8436251394241,0.0,0.0
42,2019-01-02 18:00:00,1,2019-01-02 19:00:00,0.13592,0.13592,0.13592,0.12,0.0,582.3549567557372,-0.0,0.0,0.0,582.3549567557372,582.3549567557372,0.0,1.0
43,2019-01-02 19:00:00,1,2019-01-02 20:00:00,0.13592,0.13592,0.13592,0.12,0.0,563.4193861936964,-0.0,0.0,0.0,563.4193861936964,563.4193861936964,0.0,1.0
44,2019-01-02 20:00:00,1,2019-01-02 21:00:00,0.13592,0.13592,0.13592,0.12,0.0,447.5666637862088,-0.0,0.0,0.0,447.5666637862088,447.5666637862088,0.0,0.0
45,2019-01-02 21:00:00,1,2019-01-02 22:00:00,0.10531,0.10531,0.10531,0.12,0.0,428.6353682206575,-0.0,0.0,0.0,428.6353682206575,428.6353682206575,0.0,0.0
46,2019-01-02 22:00:00,1,2019-01-02 23:00:00,0.10531,0.10531,0.10531,0.12,0.0,270.791288796162,-0.0,0.0,0.0,270.791288796162,270.791288796162,0.0,0.0
47,2019-01-02 23:00:00,1,2019-01-03 00:00:00,0.10531,0.10531,0.10531,0.12,0.0,232.5279783769422,-0.0,0.0,0.0,232.5279783769422,232.5279783769422,0.0,0.0
48,2019-01-03 00:00:00,1,2019-01-03 01:00:00,0.10531,0.10531,0.10531,0.12,0.0,223.05438355491867,-0.0,0.0,0.0,223.05438355491867,223.05438355491867,0.0,0.0
49,2019-01-03 01:00:00,1,2019-01-03 02:00:00,0.10531,0.10531,0.10531,0.12,0.0,223.05438352856478,-0.0,0.0,0.0,223.05438352856478,223.05438352856478,0.0,0.0
50,2019-01-03 02:00:00,1,2019-01-03 03:00:00,0.10531,0.10531,0.10531,0.12,0.0,223.05438354871774,-0.0,0.0,0.0,223.05438354871774,223.05438354871774,0.0,0.0
51,2019-01-03 03:00:00,1,2019-01-03 04:00:00,0.10531,0.10531,0.10531,0.12,0.0,223.05438360297572,-0.0,0.0,0.0,223.05438360297572,223.05438360297572,0.0,0.0
52,2019-01-03 04:00:00,1,2019-01-03 05:00:00,0.10531,0.10531,0.10531,0.12,0.0,232.52797889084272,-68.99726649317338,0.0,0.0,301.5252453840161,301.5252453840161,0.0,1.0
53,2019-01-03 05:00:00,1,2019-01-03 06:00:00,0.10531,0.10531,0.10531,0.12,0.0793468564671494,270.7923818121625,-400.0,0.0,0.0,670.7923818121625,670.7923818121625,0.0,1.0
54,2019-01-03 06:00:00,1,2019-01-03 07:00:00,0.10531,0.10531,0.10531,0.12,0.5393468564671494,331.8190474841673,-400.0,0.0,0.0,731.8190474841673,731.8190474841673,0.0,1.0
55,2019-01-03 07:00:00,1,2019-01-03 08:00:00,0.10531,0.10531,0.10531,0.12,0.9993468564671494,401.4750410017393,0.0,0.0,0.0,401.4750410017393,401.4750410017393,0.0,0.0
56,2019-01-03 08:00:00,1,2019-01-03 09:00:00,0.10531,0.10531,0.10531,0.12,0.9993468564671494,813.0166283928341,-0.5679508981310164,0.0,0.0,813.5845792909652,813.5845792909652,0.0,1.0
57,2019-01-03 09:00:00,1,2019-01-03 10:00:00,0.10531,0.10531,0.10531,0.12,1.0,831.5457941381641,-0.0,17.961214847198885,0.0,813.5845792909652,813.5845792909652,0.0,0.0
58,2019-01-03 10:00:00,1,2019-01-03 11:00:00,0.10531,0.10531,0.10531,0.12,0.9755961754793493,799.8521036713796,-13.732475619585585,0.0,0.0,813.5845792909652,813.5845792909652,0.0,1.0
59,2019-01-03 11:00:00,1,2019-01-03 12:00:00,0.10531,0.10531,0.10531,0.12,0.9913885224418729,860.1848563200688,-0.0,46.60027702910361,0.0,813.5845792909652,813.5845792909652,0.0,0.0
60,2019-01-03 12:00:00,1,2019-01-03 13:00:00,0.10531,0.10531,0.10531,0.12,0.9280729286523299,917.1746546716604,-0.0,103.5900753806952,0.0,813.5845792909652,813.5845792909652,0.0,0.0
61,2019-01-03 13:00:00,1,2019-01-03 14:00:00,0.10531,0.10531,0.10531,0.12,0.7873255436242116,986.8302585309538,-0.0,173.24567923998856,0.0,813.5845792909652,813.5845792909652,0.0,0.0
62,2019-01-03 14:00:00,1,2019-01-03 15:00:00,0.10531,0.10531,0.10531,0.12,0.5519373924829227,987.0586894078261,-0.0,173.47411011686094,0.0,813.5845792909652,813.5845792909652,0.0,0.0
63,2019-01-03 15:00:00,1,2019-01-03 16:00:00,0.10531,0.10531,0.10531,0.12,0.3162388733024051,931.0189643667236,-0.0,117.4343850757584,0.0,813.5845792909652,813.5845792909652,0.0,0.0
64,2019-01-03 16:00:00,1,2019-01-03 17:00:00,0.13592,0.13592,0.13592,0.12,0.1566812848842551,915.9101778900543,-0.0,102.32559859908918,0.0,813.5845792909652,813.5845792909652,0.0,0.0
65,2019-01-03 17:00:00,1,2019-01-03 18:00:00,0.13592,0.13592,0.13592,0.12,0.017651938961579693,826.5764063666878,-0.0,12.991827075722654,0.0,813.5845792909652,813.5845792909652,0.0,0.0
66,2019-01-03 18:00:00,1,2019-01-03 19:00:00,0.13592,0.13592,0.13592,0.12,0.0,626.8130596909527,-0.0,0.0,0.0,626.8130596909527,626.8130596909527,0.0,1.0
67,2019-01-03 19:00:00,1,2019-01-03 20:00:00,0.13592,0.13592,0.13592,0.12,0.0,571.3511777305662,-0.0,0.0,0.0,571.3511777305662,571.3511777305662,0.0,1.0
68,2019-01-03 20:00:00,1,2019-01-03 21:00:00,0.13592,0.13592,0.13592,0.12,0.0,447.5373156210835,-0.0,0.0,0.0,447.5373156210835,447.5373156210835,0.0,0.0
69,2019-01-03 21:00:00,1,2019-01-03 22:00:00,0.10531,0.10531,0.10531,0.12,0.0,428.60481139641485,-0.0,0.0,0.0,428.60481139641485,428.60481139641485,0.0,0.0
70,2019-01-03 22:00:00,1,2019-01-03 23:00:00,0.10531,0.10531,0.10531,0.12,0.0,270.791289265881,-0.0,0.0,0.0,270.791289265881,270.791289265881,0.0,0.0
71,2019-01-03 23:00:00,1,2019-01-04 00:00:00,0.10531,0.10531,0.10531,0.12,0.0,232.52797886061325,-0.0,0.0,0.0,232.52797886061325,232.52797886061325,0.0,0.0
72,2019-01-04 00:00:00,1,2019-01-04 01:00:00,0.10531,0.10531,0.10531,0.12,0.0,223.0543839758055,-0.0,0.0,0.0,223.0543839758055,223.0543839758055,0.0,0.0
73,2019-01-04 01:00:00,1,2019-01-04 02:00:00,0.10531,0.10531,0.10531,0.12,0.0,223.05438397503042,-0.0,0.0,0.0,223.05438397503042,223.05438397503042,0.0,0.0
74,2019-01-04 02:00:00,1,2019-01-04 03:00:00,0.10531,0.10531,0.10531,0.12,0.0,223.0543840145612,-0.0,0.0,0.0,223.0543840145612,223.0543840145612,0.0,0.0
75,2019-01-04 03:00:00,1,2019-01-04 04:00:00,0.10531,0.10531,0.10531,0.12,0.0,223.05438407967077,-0.0,0.0,0.0,223.05438407967077,223.05438407967077,0.0,0.0
76,2019-01-04 04:00:00,1,2019-01-04 05:00:00,0.10531,0.10531,0.10531,0.12,0.0,232.52797931870558,-0.0,0.0,0.0,232.52797931870558,232.52797931870558,0.0,0.0
77,2019-01-04 05:00:00,1,2019-01-04 06:00:00,0.10531,0.10531,0.10531,0.12,0.0,270.79238253379356,-0.0,0.0,0.0,270.79238253379356,270.79238253379356,0.0,0.0
78,2019-01-04 06:00:00,1,2019-01-04 07:00:00,0.10531,0.10531,0.10531,0.12,0.0,333.4479835610121,-0.0,0.0,0.0,333.4479835610121,333.4479835610121,0.0,0.0
79,2019-01-04 07:00:00,1,2019-01-04 08:00:00,0.10531,0.10531,0.10531,0.12,0.0,408.1232905542632,-400.0,0.0,0.0,808.1232905542631,808.1232905542631,0.0,1.0
80,2019-01-04 08:00:00,1,2019-01-04 09:00:00,0.10531,0.10531,0.10531,0.12,0.46,813.0583802823307,-0.5261990086344213,0.0,0.0,813.5845792909652,813.5845792909652,0.0,1.0
81,2019-01-04 09:00:00,1,2019-01-04 10:00:00,0.10531,0.10531,0.10531,0.12,0.46060512885992955,784.6067104173638,-28.977868873601324,0.0,0.0,813.5845792909652,813.5845792909652,0.0,1.0
82,2019-01-04 10:00:00,1,2019-01-04 11:00:00,0.10531,0.10531,0.10531,0.12,0.49392967806457105,746.673092309377,-66.91148698158815,0.0,0.0,813.5845792909652,813.5845792909652,0.0,1.0
83,2019-01-04 11:00:00,1,2019-01-04 12:00:00,0.10531,0.10531,0.10531,0.12,0.5708778880933975,746.6468454679397,-66.9377338230255,0.0,0.0,813.5845792909652,813.5845792909652,0.0,1.0
84,2019-01-04 12:00:00,1,2019-01-04 13:00:00,0.10531,0.10531,0.10531,0.12,0.6478562819898768,708.019164962889,-105.56541432807614,0.0,0.0,813.5845792909652,813.5845792909652,0.0,1.0
85,2019-01-04 13:00:00,1,2019-01-04 14:00:00,0.10531,0.10531,0.10531,0.12,0.7692565084671643,746.9269072112103,-66.65767207975489,0.0,0.0,813.5845792909652,813.5845792909652,0.0,1.0
86,2019-01-04 14:00:00,1,2019-01-04 15:00:00,0.10531,0.10531,0.10531,0.12,0.8459128313588825,746.6158338285695,-66.96874546239565,0.0,0.0,813.5845792909652,813.5845792909652,0.0,1.0
87,2019-01-04 15:00:00,1,2019-01-04 16:00:00,0.10531,0.10531,0.10531,0.12,0.9229268886406374,746.6235867913136,-66.96099249965152,0.0,0.0,813.5845792909652,813.5845792909652,0.0,1.0
88,2019-01-04 16:00:00,1,2019-01-04 17:00:00,0.13592,0.13592,0.13592,0.12,0.9999320300152367,791.175271636311,-0.0,400.0,0.0,391.175271636311,391.175271636311,0.0,0.0
89,2019-01-04 17:00:00,1,2019-01-04 18:00:00,0.13592,0.13592,0.13592,0.12,0.45645376914567154,736.8467424444103,-0.0,0.0,0.0,736.8467424444103,736.8467424444103,0.0,1.0
90,2019-01-04 18:00:00,1,2019-01-04 19:00:00,0.13592,0.13592,0.13592,0.12,0.45645376914567154,582.3602400769586,-0.0,0.0,0.0,582.3602400769586,582.3602400769586,0.0,0.0
91,2019-01-04 19:00:00,1,2019-01-04 20:00:00,0.13592,0.13592,0.13592,0.12,0.45645376914567154,563.4250115385722,-0.0,0.0,0.0,563.4250115385722,563.4250115385722,0.0,0.0
92,2019-01-04 20:00:00,1,2019-01-04 21:00:00,0.13592,0.13592,0.13592,0.12,0.45645376914567154,447.56310713581814,-0.0,335.94997409121424,0.0,111.6131330446039,111.6131330446039,0.0,0.0
93,2019-01-04 21:00:00,1,2019-01-04 22:00:00,0.10531,0.10531,0.10531,0.12,0.0,428.62490991355804,-0.0,0.0,0.0,428.62490991355804,428.62490991355804,0.0,0.0
94,2019-01-04 22:00:00,1,2019-01-04 23:00:00,0.10531,0.10531,0.10531,0.12,0.0,270.79128972164796,-0.0,0.0,0.0,270.79128972164796,270.79128972164796,0.0,0.0
95,2019-01-04 23:00:00,1,2019-01-05 00:00:00,0.10531,0.10531,0.10531,0.12,0.0,232.5279792156154,-0.0,0.0,0.0,232.5279792156154,232.5279792156154,0.0,0.0
96,2019-01-05 00:00:00,1,2019-01-05 01:00:00,0.10531,0.10531,0.10531,0.12,0.0,223.05438442382132,0.0,0.0,0.0,223.05438442382132,223.05438442382132,0.0,0.0
97,2019-01-05 01:00:00,1,2019-01-05 02:00:00,0.10531,0.10531,0.10531,0.12,0.0,223.05438449668205,-0.0,0.0,0.0,223.05438449668205,223.05438449668205,0.0,0.0
98,2019-01-05 02:00:00,1,2019-01-05 03:00:00,0.10531,0.10531,0.10531,0.12,0.0,223.05438445792637,-0.0,0.0,0.0,223.05438445792637,223.05438445792637,0.0,0.0
99,2019-01-05 03:00:00,1,2019-01-05 04:00:00,0.10531,0.10531,0.10531,0.12,0.0,223.0543844711033,-0.0,0.0,0.0,223.0543844711033,223.0543844711033,0.0,0.0
100,2019-01-05 04:00:00,1,2019-01-05 05:00:00,0.10531,0.10531,0.10531,0.12,0.0,232.527979791525,-0.0,0.0,0.0,232.527979791525,232.527979791525,0.0,0.0
101,2019-01-05 05:00:00,1,2019-01-05 06:00:00,0.10531,0.10531,0.10531,0.12,0.0,270.79238297948405,-0.0,0.0,0.0,270.79238297948405,270.79238297948405,0.0,0.0
102,2019-01-05 06:00:00,1,2019-01-05 07:00:00,0.10531,0.10531,0.10531,0.12,0.0,331.89916990167546,-174.5168442538334,0.0,0.0,506.41601415550883,506.41601415550883,0.0,1.0
103,2019-01-05 07:00:00,1,2019-01-05 08:00:00,0.10531,0.10531,0.10531,0.12,0.20069437089190842,408.1430083974726,-400.0,0.0,0.0,808.1430083974726,808.1430083974726,0.0,1.0
104,2019-01-05 08:00:00,1,2019-01-05 09:00:00,0.10531,0.10531,0.10531,0.12,0.6606943708919084,813.0607336133636,-0.0,0.0,0.0,813.0607336133636,813.0607336133636,0.0,0.0
105,2019-01-05 09:00:00,1,2019-01-05 10:00:00,0.10531,0.10531,0.10531,0.12,0.6606943708919084,784.584685362398,0.0,0.0,0.0,784.584685362398,784.584685362398,0.0,0.0
106,2019-01-05 10:00:00,1,2019-01-05 11:00:00,0.10531,0.10531,0.10531,0.12,0.6606943708919084,746.652869580233,-66.40786403313064,0.0,0.0,813.0607336133636,813.0607336133636,0.0,1.0
107,2019-01-05 11:00:00,1,2019-01-05 12:00:00,0.10531,0.10531,0.10531,0.12,0.7370634145300086,747.152036902053,-65.90869671131054,0.0,0.0,813.0607336133636,813.0607336133636,0.0,1.0
108,2019-01-05 12:00:00,1,2019-01-05 13:00:00,0.10531,0.10531,0.10531,0.12,0.8128584157480157,710.2103699725377,-0.0,0.0,0.0,710.2103699725377,710.2103699725377,0.0,0.0
109,2019-01-05 13:00:00,1,2019-01-05 14:00:00,0.10531,0.10531,0.10531,0.12,0.8128584157480157,750.070097431145,-62.9683938705806,0.0,0.0,813.0384913017256,813.0384913017256,0.0,1.0
110,2019-01-05 14:00:00,1,2019-01-05 15:00:00,0.10531,0.10531,0.10531,0.12,0.8852720686991833,753.1792848611597,-59.85920644056591,0.0,0.0,813.0384913017256,813.0384913017256,0.0,1.0
111,2019-01-05 15:00:00,1,2019-01-05 16:00:00,0.10531,0.10531,0.10531,0.12,0.954110156105834,747.2350578091213,-39.90421208188343,0.0,0.0,787.1392698910047,787.1392698910047,0.0,1.0
112,2019-01-05 16:00:00,1,2019-01-05 17:00:00,0.13592,0.13592,0.13592,0.12,1.0,791.1524550040359,-0.0,400.0,0.0,391.1524550040359,391.1524550040359,0.0,0.0
113,2019-01-05 17:00:00,1,2019-01-05 18:00:00,0.13592,0.13592,0.13592,0.12,0.4565217391304348,736.817701037583,-0.0,0.0,0.0,736.817701037583,736.817701037583,0.0,1.0
114,2019-01-05 18:00:00,1,2019-01-05 19:00:00,0.13592,0.13592,0.13592,0.12,0.4565217391304348,582.3384955318339,-0.0,0.0,0.0,582.3384955318339,582.3384955318339,0.0,0.0
115,2019-01-05 19:00:00,1,2019-01-05 20:00:00,0.13592,0.13592,0.13592,0.12,0.4565217391304348,563.4081517170016,-0.0,336.00000000000006,0.0,227.40815171700154,227.40815171700154,0.0,0.0
116,2019-01-05 20:00:00,1,2019-01-05 21:00:00,0.13592,0.13592,0.13592,0.12,0.0,447.55250586981316,-0.0,0.0,0.0,447.55250586981316,447.55250586981316,0.0,0.0
117,2019-01-05 21:00:00,1,2019-01-05 22:00:00,0.10531,0.10531,0.10531,0.12,0.0,428.61875621617435,-0.0,0.0,0.0,428.61875621617435,428.61875621617435,0.0,0.0
118,2019-01-05 22:00:00,1,2019-01-05 23:00:00,0.10531,0.10531,0.10531,0.12,0.0,270.7912903223612,-0.0,0.0,0.0,270.7912903223612,270.7912903223612,0.0,0.0
119,2019-01-05 23:00:00,1,2019-01-06 00:00:00,0.10531,0.10531,0.10531,0.12,0.0,232.5279797822237,-0.0,0.0,0.0,232.5279797822237,232.5279797822237,0.0,0.0
120,2019-01-06 00:00:00,1,2019-01-06 01:00:00,0.10531,0.10531,0.10531,0.12,0.0,223.05438495709973,0.0,0.0,0.0,223.05438495709973,223.05438495709973,0.0,0.0
121,2019-01-06 01:00:00,1,2019-01-06 02:00:00,0.10531,0.10531,0.10531,0.12,0.0,223.05438494624812,-0.0,0.0,0.0,223.05438494624812,223.05438494624812,0.0,0.0
122,2019-01-06 02:00:00,1,2019-01-06 03:00:00,0.10531,0.10531,0.10531,0.12,0.0,223.05438490981774,-0.0,0.0,0.0,223.05438490981774,223.05438490981774,0.0,0.0
123,2019-01-06 03:00:00,1,2019-01-06 04:00:00,0.10531,0.10531,0.10531,0.12,0.0,223.05438491369333,-0.0,0.0,0.0,223.05438491369333,223.05438491369333,0.0,0.0
124,2019-01-06 04:00:00,1,2019-01-06 05:00:00,0.10531,0.10531,0.10531,0.12,0.0,232.52798024341644,-0.0,0.0,0.0,232.52798024341644,232.52798024341644,0.0,0.0
125,2019-01-06 05:00:00,1,2019-01-06 06:00:00,0.10531,0.10531,0.10531,0.12,0.0,270.7923835933742,-0.0,0.0,0.0,270.7923835933742,270.7923835933742,0.0,0.0
126,2019-01-06 06:00:00,1,2019-01-06 07:00:00,0.10531,0.10531,0.10531,0.12,0.0,331.86779165668867,-231.91375238279315,0.0,0.0,563.7815440394818,563.7815440394818,0.0,1.0
127,2019-01-06 07:00:00,1,2019-01-06 08:00:00,0.10531,0.10531,0.10531,0.12,0.26670081524021216,408.14101566492366,-400.0,0.0,0.0,808.1410156649237,808.1410156649237,0.0,1.0
128,2019-01-06 08:00:00,1,2019-01-06 09:00:00,0.10531,0.10531,0.10531,0.12,0.7267008152402121,813.0384913017256,-0.0,0.0,0.0,813.0384913017256,813.0384913017256,0.0,1.0
129,2019-01-06 09:00:00,1,2019-01-06 10:00:00,0.10531,0.10531,0.10531,0.12,0.7267008152402121,784.561657744122,0.0,0.0,0.0,784.561657744122,784.561657744122,0.0,0.0
130,2019-01-06 10:00:00,1,2019-01-06 11:00:00,0.10531,0.10531,0.10531,0.12,0.7267008152402121,746.6644832728721,-66.3740080288535,0.0,0.0,813.0384913017256,813.0384913017256,0.0,1.0
131,2019-01-06 11:00:00,1,2019-01-06 12:00:00,0.10531,0.10531,0.10531,0.12,0.8030309244733936,746.6654470099522,-66.37304429177334,0.0,0.0,813.0384913017256,813.0384913017256,0.0,1.0
132,2019-01-06 12:00:00,1,2019-01-06 13:00:00,0.10531,0.10531,0.10531,0.12,0.8793599254089329,708.1340786138412,-104.90441268788439,0.0,0.0,813.0384913017256,813.0384913017256,0.0,1.0
133,2019-01-06 13:00:00,1,2019-01-06 14:00:00,0.10531,0.10531,0.10531,0.12,1.0,747.4490087012505,-0.0,0.0,0.0,747.4490087012505,747.4490087012505,0.0,0.0
134,2019-01-06 14:00:00,1,2019-01-06 15:00:00,0.10531,0.10531,0.10531,0.12,1.0,747.2890870507457,-0.0,0.0,0.0,747.2890870507457,747.2890870507457,0.0,0.0
135,2019-01-06 15:00:00,1,2019-01-06 16:00:00,0.10531,0.10531,0.10531,0.12,1.0,746.6470401998023,-0.0,0.0,0.0,746.6470401998023,746.6470401998023,0.0,0.0
136,2019-01-06 16:00:00,1,2019-01-06 17:00:00,0.13592,0.13592,0.13592,0.12,1.0,784.5435170716515,-0.0,0.0,0.0,784.5435170716515,784.5435170716515,0.0,0.0
137,2019-01-06 17:00:00,1,2019-01-06 18:00:00,0.13592,0.13592,0.13592,0.12,1.0,736.8400971907257,-0.0,400.0,0.0,336.8400971907257,336.8400971907257,0.0,0.0
138,2019-01-06 18:00:00,1,2019-01-06 19:00:00,0.13592,0.13592,0.13592,0.12,0.4565217391304348,582.356925509363,-0.0,336.00000000000006,0.0,246.35692550936295,246.35692550936295,0.0,0.0
139,2019-01-06 19:00:00,1,2019-01-06 20:00:00,0.13592,0.13592,0.13592,0.12,0.0,563.4232998987503,-0.0,0.0,0.0,563.4232998987503,563.4232998987503,0.0,0.0
140,2019-01-06 20:00:00,1,2019-01-06 21:00:00,0.13592,0.13592,0.13592,0.12,0.0,447.56758051185636,-0.0,0.0,0.0,447.56758051185636,447.56758051185636,0.0,0.0
141,2019-01-06 21:00:00,1,2019-01-06 22:00:00,0.10531,0.10531,0.10531,0.12,0.0,428.6307313622482,-0.0,0.0,0.0,428.6307313622482,428.6307313622482,0.0,0.0
142,2019-01-06 22:00:00,1,2019-01-06 23:00:00,0.10531,0.10531,0.10531,0.12,0.0,270.79129069364075,-0.0,0.0,0.0,270.79129069364075,270.79129069364075,0.0,0.0
143,2019-01-06 23:00:00,1,2019-01-07 00:00:00,0.10531,0.10531,0.10531,0.12,0.0,232.52798024341644,-0.0,0.0,0.0,232.52798024341644,232.52798024341644,0.0,0.0
144,2019-01-07 00:00:00,1,2019-01-07 01:00:00,0.10531,0.10531,0.10531,0.12,0.0,184.42214544065314,-0.0,0.0,0.0,184.42214544065314,184.42214544065314,0.0,1.0
145,2019-01-07 01:00:00,1,2019-01-07 02:00:00,0.10531,0.10531,0.10531,0.12,0.0,184.42214541662463,-0.0,0.0,0.0,184.42214541662463,184.42214541662463,0.0,0.0
146,2019-01-07 02:00:00,1,2019-01-07 03:00:00,0.10531,0.10531,0.10531,0.12,0.0,184.4221454429785,-0.0,0.0,0.0,184.4221454429785,184.4221454429785,0.0,0.0
147,2019-01-07 03:00:00,1,2019-01-07 04:00:00,0.10531,0.10531,0.10531,0.12,0.0,184.42214544685402,-0.0,0.0,0.0,184.42214544685402,184.42214544685402,0.0,0.0
148,2019-01-07 04:00:00,1,2019-01-07 05:00:00,0.10531,0.10531,0.10531,0.12,0.0,193.89574066961148,-0.0,0.0,0.0,193.89574066961148,193.89574066961148,0.0,0.0
149,2019-01-07 05:00:00,1,2019-01-07 06:00:00,0.10531,0.10531,0.10531,0.12,0.0,212.84402484035604,-0.0,0.0,0.0,212.84402484035604,212.84402484035604,0.0,0.0
150,2019-01-07 06:00:00,1,2019-01-07 07:00:00,0.10531,0.10531,0.10531,0.12,0.0,331.8269464760429,-0.0,0.0,0.0,331.8269464760429,331.8269464760429,0.0,0.0
151,2019-01-07 07:00:00,1,2019-01-07 08:00:00,0.10531,0.10531,0.10531,0.12,0.0,330.8432216510476,-0.0,0.0,0.0,330.8432216510476,330.8432216510476,0.0,0.0
152,2019-01-07 08:00:00,1,2019-01-07 09:00:00,0.10531,0.10531,0.10531,0.12,0.0,512.330266378237,-112.6782710876995,0.0,0.0,625.0085374659365,625.0085374659365,0.0,1.0
153,2019-01-07 09:00:00,1,2019-01-07 10:00:00,0.10531,0.10531,0.10531,0.12,0.12958001175085443,475.62723015546436,-0.0,0.0,0.0,475.62723015546436,475.62723015546436,0.0,1.0
154,2019-01-07 10:00:00,1,2019-01-07 11:00:00,0.10531,0.10531,0.10531,0.12,0.12958001175085443,437.711445975602,-0.0,0.0,0.0,437.711445975602,437.711445975602,0.0,1.0
155,2019-01-07 11:00:00,1,2019-01-07 12:00:00,0.10531,0.10531,0.10531,0.12,0.12958001175085443,437.7439900957448,-0.0,0.0,0.0,437.7439900957448,437.7439900957448,0.0,0.0
156,2019-01-07 12:00:00,1,2019-01-07 13:00:00,0.10531,0.10531,0.10531,0.12,0.12958001175085443,437.70442726894464,0.0,0.0,0.0,437.70442726894464,437.70442726894464,0.0,0.0
157,2019-01-07 13:00:00,1,2019-01-07 14:00:00,0.10531,0.10531,0.10531,0.12,0.12958001175085443,437.63544651444374,0.0,0.0,0.0,437.63544651444374,437.63544651444374,0.0,0.0
158,2019-01-07 14:00:00,1,2019-01-07 15:00:00,0.10531,0.10531,0.10531,0.12,0.12958001175085443,244.5060988324497,-380.50243863348663,0.0,0.0,625.0085374659363,625.0085374659363,0.0,1.0
159,2019-01-07 15:00:00,1,2019-01-07 16:00:00,0.10531,0.10531,0.10531,0.12,0.5671578161793641,248.62402979581825,-376.3845076701182,0.0,0.0,625.0085374659365,625.0085374659365,0.0,1.0
160,2019-01-07 16:00:00,1,2019-01-07 17:00:00,0.13592,0.13592,0.13592,0.12,1.0,282.4882420014381,-0.0,282.4882420014381,0.0,0.0,0.0,0.0,0.0
161,2019-01-07 17:00:00,1,2019-01-07 18:00:00,0.13592,0.13592,0.13592,0.12,0.616184453802394,292.77240776442034,-0.0,292.77240776442034,0.0,0.0,0.0,0.0,0.0
162,2019-01-07 18:00:00,1,2019-01-07 19:00:00,0.13592,0.13592,0.13592,0.12,0.21839585629638805,269.6852317175743,-0.0,160.73935023414163,0.0,108.94588148343269,108.94588148343269,0.0,0.0
163,2019-01-07 19:00:00,1,2019-01-07 20:00:00,0.13592,0.13592,0.13592,0.12,0.0,250.7380418495193,-0.0,0.0,0.0,250.7380418495193,250.7380418495193,0.0,0.0
164,2019-01-07 20:00:00,1,2019-01-07 21:00:00,0.13592,0.13592,0.13592,0.12,0.0,250.73804112711315,-0.0,0.0,0.0,250.73804112711315,250.73804112711315,0.0,0.0
165,2019-01-07 21:00:00,1,2019-01-07 22:00:00,0.10531,0.10531,0.10531,0.12,0.0,231.79157997928152,-0.0,0.0,0.0,231.79157997928152,231.79157997928152,0.0,0.0
166,2019-01-07 22:00:00,1,2019-01-07 23:00:00,0.10531,0.10531,0.10531,0.12,0.0,212.84293123139338,-0.0,0.0,0.0,212.84293123139338,212.84293123139338,0.0,0.0
167,2019-01-07 23:00:00,1,2019-01-08 00:00:00,0.10531,0.10531,0.10531,0.12,0.0,193.89574068511374,-0.0,0.0,0.0,193.89574068511374,193.89574068511374,0.0,0.0
168,2019-01-08 00:00:00,1,2019-01-08 01:00:00,0.10531,0.10531,0.10531,0.12,0.0,184.42178135338156,-0.0,0.0,0.0,184.42178135338156,184.42178135338156,0.0,0.0
169,2019-01-08 01:00:00,1,2019-01-08 02:00:00,0.10531,0.10531,0.10531,0.12,0.0,184.42178132935302,-0.0,0.0,0.0,184.42178132935302,184.42178132935302,0.0,0.0
170,2019-01-08 02:00:00,1,2019-01-08 03:00:00,0.10531,0.10531,0.10531,0.12,0.0,184.42178124099004,-0.0,0.0,0.0,184.42178124099004,184.42178124099004,0.0,0.0
171,2019-01-08 03:00:00,1,2019-01-08 04:00:00,0.10531,0.10531,0.10531,0.12,0.0,185.00072061023738,-0.0,0.0,0.0,185.00072061023738,185.00072061023738,0.0,0.0
172,2019-01-08 04:00:00,1,2019-01-08 05:00:00,0.10531,0.10531,0.10531,0.12,0.0,195.05367443344122,-0.0,0.0,0.0,195.05367443344122,195.05367443344122,0.0,0.0
173,2019-01-08 05:00:00,1,2019-01-08 06:00:00,0.10531,0.10531,0.10531,0.12,0.0,214.29305737706446,-0.0,0.0,0.0,214.29305737706446,214.29305737706446,0.0,0.0
174,2019-01-08 06:00:00,1,2019-01-08 07:00:00,0.10531,0.10531,0.10531,0.12,0.0,251.89710204683473,-0.0,0.0,0.0,251.89710204683473,251.89710204683473,0.0,0.0
175,2019-01-08 07:00:00,1,2019-01-08 08:00:00,0.10531,0.10531,0.10531,0.12,0.0,251.2667668978064,-0.0,0.0,0.0,251.2667668978064,251.2667668978064,0.0,0.0
176,2019-01-08 08:00:00,1,2019-01-08 09:00:00,0.10531,0.10531,0.10531,0.12,0.0,231.10618209904956,-273.8169877209071,0.0,0.0,504.9231698199567,504.9231698199567,0.0,1.0
177,2019-01-08 09:00:00,1,2019-01-08 10:00:00,0.10531,0.10531,0.10531,0.12,0.31488953587904317,202.39602729043946,-0.0,0.0,0.0,202.39602729043946,202.39602729043946,0.0,0.0
178,2019-01-08 10:00:00,1,2019-01-08 11:00:00,0.10531,0.10531,0.10531,0.12,0.31488953587904317,167.47040646920684,-0.0,0.0,0.0,167.47040646920684,167.47040646920684,0.0,0.0
179,2019-01-08 11:00:00,1,2019-01-08 12:00:00,0.10531,0.10531,0.10531,0.12,0.31488953587904317,180.1816231535012,-0.0,0.0,0.0,180.1816231535012,180.1816231535012,0.0,0.0
180,2019-01-08 12:00:00,1,2019-01-08 13:00:00,0.10531,0.10531,0.10531,0.12,0.31488953587904317,198.3836669621469,-0.0,0.0,0.0,198.3836669621469,198.3836669621469,0.0,0.0
181,2019-01-08 13:00:00,1,2019-01-08 14:00:00,0.10531,0.10531,0.10531,0.12,0.31488953587904317,209.51923038274558,-195.74822967039725,0.0,0.0,405.2674600531428,405.2674600531428,0.0,1.0
182,2019-01-08 14:00:00,1,2019-01-08 15:00:00,0.10531,0.10531,0.10531,0.12,0.54,240.8148583960404,-0.0,0.0,0.0,240.8148583960404,240.8148583960404,0.0,0.0
183,2019-01-08 15:00:00,1,2019-01-08 16:00:00,0.10531,0.10531,0.10531,0.12,0.54,204.57887958677054,-400.0,0.0,0.0,604.5788795867705,604.5788795867705,0.0,1.0
184,2019-01-08 16:00:00,1,2019-01-08 17:00:00,0.13592,0.13592,0.13592,0.12,1.0,201.52946470551387,-0.0,201.52946470551387,0.0,0.0,0.0,1.0,0.0
185,2019-01-08 17:00:00,1,2019-01-08 18:00:00,0.13592,0.13592,0.13592,0.12,0.7261827925196823,269.68413888217526,-0.0,269.68413888217526,0.0,0.0,0.0,0.0,0.0
186,2019-01-08 18:00:00,1,2019-01-08 19:00:00,0.13592,0.13592,0.13592,0.12,0.35976412556020504,269.68413894185903,-0.0,264.7863964123109,0.0,4.897742529548111,4.897742529548111,0.0,0.0
187,2019-01-08 19:00:00,1,2019-01-08 20:00:00,0.13592,0.13592,0.13592,0.12,0.0,250.7369483777518,-0.0,0.0,0.0,250.7369483777518,250.7369483777518,0.0,0.0
188,2019-01-08 20:00:00,1,2019-01-08 21:00:00,0.13592,0.13592,0.13592,0.12,0.0,250.7369483227187,-0.0,0.0,0.0,250.7369483227187,250.7369483227187,0.0,0.0
189,2019-01-08 21:00:00,1,2019-01-08 22:00:00,0.10531,0.10531,0.10531,0.12,0.0,231.79085114046575,-0.0,0.0,0.0,231.79085114046575,231.79085114046575,0.0,0.0
190,2019-01-08 22:00:00,1,2019-01-08 23:00:00,0.10531,0.10531,0.10531,0.12,0.0,212.8425672014802,-0.0,0.0,0.0,212.8425672014802,212.8425672014802,0.0,0.0
191,2019-01-08 23:00:00,1,2019-01-09 00:00:00,0.10531,0.10531,0.10531,0.12,0.0,194.76195743204917,-0.0,0.0,0.0,194.76195743204917,194.76195743204917,0.0,1.0
192,2019-01-09 00:00:00,1,2019-01-09 01:00:00,0.10531,0.10531,0.10531,0.12,0.0,224.2103947161789,-0.0,0.0,0.0,224.2103947161789,224.2103947161789,0.0,0.0
193,2019-01-09 01:00:00,1,2019-01-09 02:00:00,0.10531,0.10531,0.10531,0.12,0.0,224.21026182522778,-0.0,0.0,0.0,224.21026182522778,224.21026182522778,0.0,0.0
194,2019-01-09 02:00:00,1,2019-01-09 03:00:00,0.10531,0.10531,0.10531,0.12,0.0,224.21039805381932,-0.0,0.0,0.0,224.21039805381932,224.21039805381932,0.0,0.0
195,2019-01-09 03:00:00,1,2019-01-09 04:00:00,0.10531,0.10531,0.10531,0.12,0.0,224.21215322248722,-0.0,0.0,0.0,224.21215322248722,224.21215322248722,0.0,0.0
196,2019-01-09 04:00:00,1,2019-01-09 05:00:00,0.10531,0.10531,0.10531,0.12,0.0,233.97634662942005,-0.0,0.0,0.0,233.97634662942005,233.97634662942005,0.0,0.0
197,2019-01-09 05:00:00,1,2019-01-09 06:00:00,0.10531,0.10531,0.10531,0.12,0.0,271.9518819602464,-0.0,0.0,0.0,271.9518819602464,271.9518819602464,0.0,0.0
198,2019-01-09 06:00:00,1,2019-01-09 07:00:00,0.10531,0.10531,0.10531,0.12,0.0,332.1038147043544,-339.0721116966396,0.0,0.0,671.1759264009941,671.1759264009941,0.0,1.0
199,2019-01-09 07:00:00,1,2019-01-09 08:00:00,0.10531,0.10531,0.10531,0.12,0.38993292845113553,401.63971813098266,-399.99999999999994,0.0,0.0,801.6397181309826,801.6397181309826,0.0,1.0
200,2019-01-09 08:00:00,1,2019-01-09 09:00:00,0.10531,0.10531,0.10531,0.12,0.8499329284511354,813.0904493871029,-0.0,0.0,0.0,813.0904493871029,813.0904493871029,0.0,1.0
201,2019-01-09 09:00:00,1,2019-01-09 10:00:00,0.10531,0.10531,0.10531,0.12,0.8499329284511354,784.5861401349025,-0.0,0.0,0.0,784.5861401349025,784.5861401349025,0.0,0.0
202,2019-01-09 10:00:00,1,2019-01-09 11:00:00,0.10531,0.10531,0.10531,0.12,0.8499329284511354,746.7563845008808,-0.0,0.0,0.0,746.7563845008808,746.7563845008808,0.0,0.0
203,2019-01-09 11:00:00,1,2019-01-09 12:00:00,0.10531,0.10531,0.10531,0.12,0.8499329284511354,747.8925979108903,-65.19785147621258,0.0,0.0,813.0904493871029,813.0904493871029,0.0,1.0
204,2019-01-09 12:00:00,1,2019-01-09 13:00:00,0.10531,0.10531,0.10531,0.12,0.92491045764878,709.9929721411879,-0.0,-2.8323193973106247e-14,0.0,709.9929721411879,709.9929721411879,0.0,1.0
205,2019-01-09 13:00:00,1,2019-01-09 14:00:00,0.10531,0.10531,0.10531,0.12,0.9249104576487801,747.7951951686507,-65.29525421845221,-2.842170943040401e-14,0.0,813.090449387103,813.090449387103,0.0,1.0
206,2019-01-09 14:00:00,1,2019-01-09 15:00:00,0.10531,0.10531,0.10531,0.12,1.0000000000000002,747.4514730084395,-0.0,1.0459189070388675e-13,0.0,747.4514730084394,747.4514730084394,0.0,0.0
207,2019-01-09 15:00:00,1,2019-01-09 16:00:00,0.10531,0.10531,0.10531,0.12,1.0,746.6304148036766,-0.0,0.0,0.0,746.6304148036766,746.6304148036766,0.0,0.0
208,2019-01-09 16:00:00,1,2019-01-09 17:00:00,0.13592,0.13592,0.13592,0.12,1.0,784.5667713642334,-0.0,400.0,0.0,384.56677136423343,384.56677136423343,0.0,0.0
209,2019-01-09 17:00:00,1,2019-01-09 18:00:00,0.13592,0.13592,0.13592,0.12,0.4565217391304348,736.8512258147671,-0.0,0.0,0.0,736.8512258147671,736.8512258147671,0.0,1.0
210,2019-01-09 18:00:00,1,2019-01-09 19:00:00,0.13592,0.13592,0.13592,0.12,0.4565217391304348,582.3616113696972,-0.0,336.00000000000006,0.0,246.3616113696972,246.3616113696972,0.0,0.0
211,2019-01-09 19:00:00,1,2019-01-09 20:00:00,0.13592,0.13592,0.13592,0.12,0.0,563.4313299282796,-0.0,0.0,0.0,563.4313299282796,563.4313299282796,0.0,0.0
212,2019-01-09 20:00:00,1,2019-01-09 21:00:00,0.13592,0.13592,0.13592,0.12,0.0,447.57859882788995,-0.0,0.0,0.0,447.57859882788995,447.57859882788995,0.0,0.0
213,2019-01-09 21:00:00,1,2019-01-09 22:00:00,0.10531,0.10531,0.10531,0.12,0.0,428.644133168221,0.0,0.0,0.0,428.644133168221,428.644133168221,0.0,0.0
214,2019-01-09 22:00:00,1,2019-01-09 23:00:00,0.10531,0.10531,0.10531,0.12,0.0,270.791291818331,-0.0,0.0,0.0,270.791291818331,270.791291818331,0.0,0.0
215,2019-01-09 23:00:00,1,2019-01-10 00:00:00,0.10531,0.10531,0.10531,0.12,0.0,232.52798129757136,-0.0,0.0,0.0,232.52798129757136,232.52798129757136,0.0,0.0
216,2019-01-10 00:00:00,1,2019-01-10 01:00:00,0.10531,0.10531,0.10531,0.12,0.0,223.05438642749073,0.0,0.0,0.0,223.05438642749073,223.05438642749073,0.0,0.0
217,2019-01-10 01:00:00,1,2019-01-10 02:00:00,0.10531,0.10531,0.10531,0.12,0.0,223.0543864980261,-0.0,0.0,0.0,223.0543864980261,223.0543864980261,0.0,0.0
218,2019-01-10 02:00:00,1,2019-01-10 03:00:00,0.10531,0.10531,0.10531,0.12,0.0,223.0543864809736,-0.0,0.0,0.0,223.0543864809736,223.0543864809736,0.0,0.0
219,2019-01-10 03:00:00,1,2019-01-10 04:00:00,0.10531,0.10531,0.10531,0.12,0.0,223.05438648407406,-0.0,0.0,0.0,223.05438648407406,223.05438648407406,0.0,0.0
220,2019-01-10 04:00:00,1,2019-01-10 05:00:00,0.10531,0.10531,0.10531,0.12,0.0,232.52798180527094,-0.0,0.0,0.0,232.52798180527094,232.52798180527094,0.0,0.0
221,2019-01-10 05:00:00,1,2019-01-10 06:00:00,0.10531,0.10531,0.10531,0.12,0.0,270.7923861931062,-0.0,0.0,0.0,270.7923861931062,270.7923861931062,0.0,0.0
222,2019-01-10 06:00:00,1,2019-01-10 07:00:00,0.10531,0.10531,0.10531,0.12,0.0,331.9284866638366,-399.99999999999994,0.0,0.0,731.9284866638366,731.9284866638366,0.0,1.0
223,2019-01-10 07:00:00,1,2019-01-10 08:00:00,0.10531,0.10531,0.10531,0.12,0.4599999999999999,401.54938866806873,-300.94096260375625,0.0,0.0,702.4903512718249,702.4903512718249,0.0,1.0
224,2019-01-10 08:00:00,1,2019-01-10 09:00:00,0.10531,0.10531,0.10531,0.12,0.8060821069943196,813.0516459300794,-0.0,0.0,0.0,813.0516459300794,813.0516459300794,0.0,1.0
225,2019-01-10 09:00:00,1,2019-01-10 10:00:00,0.10531,0.10531,0.10531,0.12,0.8060821069943196,784.563015332847,-0.0,0.0,0.0,784.563015332847,784.563015332847,0.0,0.0
226,2019-01-10 10:00:00,1,2019-01-10 11:00:00,0.10531,0.10531,0.10531,0.12,0.8060821069943196,746.6498952543052,0.0,0.0,0.0,746.6498952543052,746.6498952543052,0.0,0.0
227,2019-01-10 11:00:00,1,2019-01-10 12:00:00,0.10531,0.10531,0.10531,0.12,0.8060821069943196,746.838160062691,0.0,0.0,0.0,746.838160062691,746.838160062691,0.0,0.0
228,2019-01-10 12:00:00,1,2019-01-10 13:00:00,0.10531,0.10531,0.10531,0.12,0.8060821069943196,709.135780712648,-103.94589505956779,0.0,0.0,813.0816757722158,813.0816757722158,0.0,1.0
229,2019-01-10 13:00:00,1,2019-01-10 14:00:00,0.10531,0.10531,0.10531,0.12,0.9256198863128227,748.1518984541725,-0.0,0.0,0.0,748.1518984541725,748.1518984541725,0.0,0.0
230,2019-01-10 14:00:00,1,2019-01-10 15:00:00,0.10531,0.10531,0.10531,0.12,0.9256198863128227,748.3432563599627,-64.67835972798034,0.0,0.0,813.021616087943,813.021616087943,0.0,1.0
231,2019-01-10 15:00:00,1,2019-01-10 16:00:00,0.10531,0.10531,0.10531,0.12,1.0,747.0426000864812,-0.0,0.0,0.0,747.0426000864812,747.0426000864812,0.0,0.0
232,2019-01-10 16:00:00,1,2019-01-10 17:00:00,0.13592,0.13592,0.13592,0.12,1.0,784.541732007616,-0.0,400.0,0.0,384.541732007616,384.541732007616,0.0,0.0
233,2019-01-10 17:00:00,1,2019-01-10 18:00:00,0.13592,0.13592,0.13592,0.12,0.4565217391304348,736.8404376959322,-0.0,0.0,0.0,736.8404376959322,736.8404376959322,0.0,1.0
234,2019-01-10 18:00:00,1,2019-01-10 19:00:00,0.13592,0.13592,0.13592,0.12,0.4565217391304348,582.3617650057965,-0.0,0.0,0.0,582.3617650057965,582.3617650057965,0.0,0.0
235,2019-01-10 19:00:00,1,2019-01-10 20:00:00,0.13592,0.13592,0.13592,0.12,0.4565217391304348,563.4333162204074,-0.0,0.0,0.0,563.4333162204074,563.4333162204074,0.0,0.0
236,2019-01-10 20:00:00,1,2019-01-10 21:00:00,0.13592,0.13592,0.13592,0.12,0.4565217391304348,447.5800549103371,-0.0,336.00000000000006,0.0,111.58005491033703,111.58005491033703,0.0,0.0
237,2019-01-10 21:00:00,1,2019-01-10 22:00:00,0.10531,0.10531,0.10531,0.12,0.0,428.6485885910713,-0.0,0.0,0.0,428.6485885910713,428.6485885910713,0.0,0.0
238,2019-01-10 22:00:00,1,2019-01-10 23:00:00,0.10531,0.10531,0.10531,0.12,0.0,270.79129219813683,-0.0,0.0,0.0,270.79129219813683,270.79129219813683,0.0,0.0
239,2019-01-10 23:00:00,1,2019-01-11 00:00:00,0.10531,0.10531,0.10531,0.12,0.0,232.52798167350159,-0.0,0.0,0.0,232.52798167350159,232.52798167350159,0.0,0.0
240,2019-01-11 00:00:00,1,2019-01-11 01:00:00,0.10531,0.10531,0.10531,0.12,0.0,223.05438676544043,0.0,0.0,0.0,223.05438676544043,223.05438676544043,0.0,0.0
241,2019-01-11 01:00:00,1,2019-01-11 02:00:00,0.10531,0.10531,0.10531,0.12,0.0,223.0543868196984,-0.0,0.0,0.0,223.0543868196984,223.0543868196984,0.0,0.0
242,2019-01-11 02:00:00,1,2019-01-11 03:00:00,0.10531,0.10531,0.10531,0.12,0.0,223.05438676466528,-300.17201398890677,0.0,0.0,523.2264007535721,523.2264007535721,0.0,1.0
243,2019-01-11 03:00:00,1,2019-01-11 04:00:00,0.10531,0.10531,0.10531,0.12,0.3451978160872428,223.05438673986168,-0.0,0.0,0.0,223.05438673986168,223.05438673986168,0.0,0.0
244,2019-01-11 04:00:00,1,2019-01-11 05:00:00,0.10531,0.10531,0.10531,0.12,0.3451978160872428,232.5279820548576,-0.0,0.0,0.0,232.5279820548576,232.5279820548576,0.0,0.0
245,2019-01-11 05:00:00,1,2019-01-11 06:00:00,0.10531,0.10531,0.10531,0.12,0.3451978160872428,270.79238715037184,-0.0,0.0,0.0,270.79238715037184,270.79238715037184,0.0,0.0
246,2019-01-11 06:00:00,1,2019-01-11 07:00:00,0.10531,0.10531,0.10531,0.12,0.3451978160872428,331.9250816621532,-399.99999999999994,0.0,0.0,731.9250816621532,731.9250816621532,0.0,1.0
247,2019-01-11 07:00:00,1,2019-01-11 08:00:00,0.10531,0.10531,0.10531,0.12,0.8051978160872427,401.5546200326308,0.0,0.0,0.0,401.5546200326308,401.5546200326308,0.0,0.0
248,2019-01-11 08:00:00,1,2019-01-11 09:00:00,0.10531,0.10531,0.10531,0.12,0.8051978160872427,813.0816757722159,-0.0,0.0,0.0,813.0816757722159,813.0816757722159,0.0,1.0
249,2019-01-11 09:00:00,1,2019-01-11 10:00:00,0.10531,0.10531,0.10531,0.12,0.8051978160872427,784.6053285598229,-0.0,0.0,0.0,784.6053285598229,784.6053285598229,0.0,0.0
250,2019-01-11 10:00:00,1,2019-01-11 11:00:00,0.10531,0.10531,0.10531,0.12,0.8051978160872427,746.6589306840615,0.0,0.0,0.0,746.6589306840615,746.6589306840615,0.0,0.0
251,2019-01-11 11:00:00,1,2019-01-11 12:00:00,0.10531,0.10531,0.10531,0.12,0.8051978160872427,747.1209179597915,0.0,0.0,0.0,747.1209179597915,747.1209179597915,0.0,0.0
252,2019-01-11 12:00:00,1,2019-01-11 13:00:00,0.10531,0.10531,0.10531,0.12,0.8051978160872427,708.0871250125394,0.0,0.0,0.0,708.0871250125394,708.0871250125394,0.0,0.0
253,2019-01-11 13:00:00,1,2019-01-11 14:00:00,0.10531,0.10531,0.10531,0.12,0.8051978160872427,748.437477282937,-65.14710200802813,0.0,0.0,813.5845792909652,813.5845792909652,0.0,1.0
254,2019-01-11 14:00:00,1,2019-01-11 15:00:00,0.10531,0.10531,0.10531,0.12,0.880116983396475,748.6830231294948,-37.88866499283466,0.0,0.0,786.5716881223295,786.5716881223295,0.0,1.0
255,2019-01-11 15:00:00,1,2019-01-11 16:00:00,0.10531,0.10531,0.10531,0.12,0.923688948138235,747.2271428894304,-66.35743640153476,0.0,0.0,813.5845792909652,813.5845792909652,0.0,1.0
256,2019-01-11 16:00:00,1,2019-01-11 17:00:00,0.13592,0.13592,0.13592,0.12,1.0,784.5430453140846,-0.0,400.0,0.0,384.54304531408457,384.54304531408457,0.0,0.0
257,2019-01-11 17:00:00,1,2019-01-11 18:00:00,0.13592,0.13592,0.13592,0.12,0.4565217391304348,736.8393220783857,-0.0,0.0,0.0,736.8393220783857,736.8393220783857,0.0,1.0
258,2019-01-11 18:00:00,1,2019-01-11 19:00:00,0.13592,0.13592,0.13592,0.12,0.4565217391304348,582.3543278996373,-0.0,0.0,0.0,582.3543278996373,582.3543278996373,0.0,0.0
259,2019-01-11 19:00:00,1,2019-01-11 20:00:00,0.13592,0.13592,0.13592,0.12,0.4565217391304348,563.4171476585808,-0.0,0.0,0.0,563.4171476585808,563.4171476585808,0.0,0.0
260,2019-01-11 20:00:00,1,2019-01-11 21:00:00,0.13592,0.13592,0.13592,0.12,0.4565217391304348,447.5591254354483,-0.0,336.00000000000006,0.0,111.55912543544827,111.55912543544827,0.0,0.0
261,2019-01-11 21:00:00,1,2019-01-11 22:00:00,0.10531,0.10531,0.10531,0.12,0.0,432.7438349395626,0.0,0.0,0.0,432.7438349395626,432.7438349395626,0.0,0.0
262,2019-01-11 22:00:00,1,2019-01-11 23:00:00,0.10531,0.10531,0.10531,0.12,0.0,270.79129256244033,-0.0,0.0,0.0,270.79129256244033,270.79129256244033,0.0,0.0
263,2019-01-11 23:00:00,1,2019-01-12 00:00:00,0.10531,0.10531,0.10531,0.12,0.0,232.52798204555626,-0.0,0.0,0.0,232.52798204555626,232.52798204555626,0.0,0.0
264,2019-01-12 00:00:00,1,2019-01-12 01:00:00,0.10531,0.10531,0.10531,0.12,0.0,223.054387150672,0.0,0.0,0.0,223.054387150672,223.054387150672,0.0,0.0
265,2019-01-12 01:00:00,1,2019-01-12 02:00:00,0.10531,0.10531,0.10531,0.12,0.0,223.05438722430785,-0.0,0.0,0.0,223.05438722430785,223.05438722430785,0.0,0.0
266,2019-01-12 02:00:00,1,2019-01-12 03:00:00,0.10531,0.10531,0.10531,0.12,0.0,223.05438719872905,-192.1405810365698,0.0,0.0,415.19496823529886,415.19496823529886,0.0,1.0
267,2019-01-12 03:00:00,1,2019-01-12 04:00:00,0.10531,0.10531,0.10531,0.12,0.2209616681920553,223.0543872064802,-0.0,0.0,0.0,223.0543872064802,223.0543872064802,0.0,0.0
268,2019-01-12 04:00:00,1,2019-01-12 05:00:00,0.10531,0.10531,0.10531,0.12,0.2209616681920553,232.52798251992593,-0.0,0.0,0.0,232.52798251992593,232.52798251992593,0.0,0.0
269,2019-01-12 05:00:00,1,2019-01-12 06:00:00,0.10531,0.10531,0.10531,0.12,0.2209616681920553,270.7923873208969,-0.0,0.0,0.0,270.7923873208969,270.7923873208969,0.0,0.0
270,2019-01-12 06:00:00,1,2019-01-12 07:00:00,0.10531,0.10531,0.10531,0.12,0.2209616681920553,331.8234174383095,-399.99999999999994,0.0,0.0,731.8234174383094,731.8234174383094,0.0,1.0
271,2019-01-12 07:00:00,1,2019-01-12 08:00:00,0.10531,0.10531,0.10531,0.12,0.6809616681920552,401.46776046703565,0.0,0.0,0.0,401.46776046703565,401.46776046703565,0.0,0.0
272,2019-01-12 08:00:00,1,2019-01-12 09:00:00,0.10531,0.10531,0.10531,0.12,0.6809616681920552,813.012368258378,-0.0,0.0,0.0,813.012368258378,813.012368258378,0.0,1.0
273,2019-01-12 09:00:00,1,2019-01-12 10:00:00,0.10531,0.10531,0.10531,0.12,0.6809616681920552,784.5430896195945,0.0,0.0,0.0,784.5430896195945,784.5430896195945,0.0,0.0
274,2019-01-12 10:00:00,1,2019-01-12 11:00:00,0.10531,0.10531,0.10531,0.12,0.6809616681920552,747.4856416680814,-65.52672659029668,0.0,0.0,813.012368258378,813.012368258378,0.0,1.0
275,2019-01-12 11:00:00,1,2019-01-12 12:00:00,0.10531,0.10531,0.10531,0.12,0.7563174037708964,749.7621097489967,-63.2502585093813,0.0,0.0,813.012368258378,813.012368258378,0.0,1.0
276,2019-01-12 12:00:00,1,2019-01-12 13:00:00,0.10531,0.10531,0.10531,0.12,0.8290552010566848,711.9720364317822,-101.2367035697612,0.0,0.0,813.2087400015433,813.2087400015433,0.0,1.0
277,2019-01-12 13:00:00,1,2019-01-12 14:00:00,0.10531,0.10531,0.10531,0.12,0.9454774101619102,749.4704488394964,0.0,0.0,0.0,749.4704488394964,749.4704488394964,0.0,0.0
278,2019-01-12 14:00:00,1,2019-01-12 15:00:00,0.10531,0.10531,0.10531,0.12,0.9454774101619102,765.4050488299173,-0.0,0.0,0.0,765.4050488299173,765.4050488299173,0.0,0.0
279,2019-01-12 15:00:00,1,2019-01-12 16:00:00,0.10531,0.10531,0.10531,0.12,0.9454774101619102,765.7977923162479,-47.41094768529541,0.0,0.0,813.2087400015432,813.2087400015432,0.0,1.0
280,2019-01-12 16:00:00,1,2019-01-12 17:00:00,0.13592,0.13592,0.13592,0.12,1.0,784.5522499543035,-0.0,400.0,0.0,384.55224995430353,384.55224995430353,0.0,0.0
281,2019-01-12 17:00:00,1,2019-01-12 18:00:00,0.13592,0.13592,0.13592,0.12,0.4565217391304348,736.8396585204453,-0.0,336.00000000000006,0.0,400.8396585204452,400.8396585204452,0.0,0.0
282,2019-01-12 18:00:00,1,2019-01-12 19:00:00,0.13592,0.13592,0.13592,0.12,0.0,582.3507067225655,-0.0,0.0,0.0,582.3507067225655,582.3507067225655,0.0,0.0
283,2019-01-12 19:00:00,1,2019-01-12 20:00:00,0.13592,0.13592,0.13592,0.12,0.0,563.4124649676871,-0.0,0.0,0.0,563.4124649676871,563.4124649676871,0.0,0.0
284,2019-01-12 20:00:00,1,2019-01-12 21:00:00,0.13592,0.13592,0.13592,0.12,0.0,447.5504211575993,-0.0,0.0,0.0,447.5504211575993,447.5504211575993,0.0,0.0
285,2019-01-12 21:00:00,1,2019-01-12 22:00:00,0.10531,0.10531,0.10531,0.12,0.0,436.56957682074966,-0.0,0.0,0.0,436.56957682074966,436.56957682074966,0.0,0.0
286,2019-01-12 22:00:00,1,2019-01-12 23:00:00,0.10531,0.10531,0.10531,0.12,0.0,270.7912927422668,-0.0,0.0,0.0,270.7912927422668,270.7912927422668,0.0,0.0
287,2019-01-12 23:00:00,1,2019-01-13 00:00:00,0.10531,0.10531,0.10531,0.12,0.0,232.52798236025248,-0.0,0.0,0.0,232.52798236025248,232.52798236025248,0.0,0.0
288,2019-01-13 00:00:00,1,2019-01-13 01:00:00,0.10531,0.10531,0.10531,0.12,0.0,223.05438737080436,0.0,0.0,0.0,223.05438737080436,223.05438737080436,0.0,0.0
289,2019-01-13 01:00:00,1,2019-01-13 02:00:00,0.10531,0.10531,0.10531,0.12,0.0,223.0543873855315,-0.0,0.0,0.0,223.0543873855315,223.0543873855315,0.0,0.0
290,2019-01-13 02:00:00,1,2019-01-13 03:00:00,0.10531,0.10531,0.10531,0.12,0.0,223.0543874467655,-0.0,0.0,0.0,223.0543874467655,223.0543874467655,0.0,0.0
291,2019-01-13 03:00:00,1,2019-01-13 04:00:00,0.10531,0.10531,0.10531,0.12,0.0,223.05438744444015,-0.0,0.0,0.0,223.05438744444015,223.05438744444015,0.0,0.0
292,2019-01-13 04:00:00,1,2019-01-13 05:00:00,0.10531,0.10531,0.10531,0.12,0.0,232.52798270517815,-0.0,0.0,0.0,232.52798270517815,232.52798270517815,0.0,0.0
293,2019-01-13 05:00:00,1,2019-01-13 06:00:00,0.10531,0.10531,0.10531,0.12,0.0,270.7923883308703,-340.90526772926415,0.0,0.0,611.6976560601345,611.6976560601345,0.0,1.0
294,2019-01-13 06:00:00,1,2019-01-13 07:00:00,0.10531,0.10531,0.10531,0.12,0.3920410578886538,331.8193691634077,-400.0,0.0,0.0,731.8193691634077,731.8193691634077,0.0,1.0
295,2019-01-13 07:00:00,1,2019-01-13 08:00:00,0.10531,0.10531,0.10531,0.12,0.8520410578886538,401.4517740763511,0.0,0.0,0.0,401.4517740763511,401.4517740763511,0.0,0.0
296,2019-01-13 08:00:00,1,2019-01-13 09:00:00,0.10531,0.10531,0.10531,0.12,0.8520410578886538,813.0695209555175,-0.0,0.0,0.0,813.0695209555175,813.0695209555175,0.0,1.0
297,2019-01-13 09:00:00,1,2019-01-13 10:00:00,0.10531,0.10531,0.10531,0.12,0.8520410578886538,784.625560055505,0.0,0.0,0.0,784.625560055505,784.625560055505,0.0,0.0
298,2019-01-13 10:00:00,1,2019-01-13 11:00:00,0.10531,0.10531,0.10531,0.12,0.8520410578886538,750.8264153248696,-62.24310563064796,0.0,0.0,813.0695209555175,813.0695209555175,0.0,1.0
299,2019-01-13 11:00:00,1,2019-01-13 12:00:00,0.10531,0.10531,0.10531,0.12,0.9236206293638989,746.6497888768998,-0.0,0.0,0.0,746.6497888768998,746.6497888768998,0.0,0.0
300,2019-01-13 12:00:00,1,2019-01-13 13:00:00,0.10531,0.10531,0.10531,0.12,0.9236206293638989,712.1579426050308,-42.57965888810784,7.673861546209082e-13,0.0,754.7376014931378,754.7376014931378,0.0,1.0
301,2019-01-13 13:00:00,1,2019-01-13 14:00:00,0.10531,0.10531,0.10531,0.12,0.9725872370852219,747.1141681610708,-7.623433332066668,-2.2737367544323206e-13,0.0,754.7376014931378,754.7376014931378,0.0,1.0
302,2019-01-13 14:00:00,1,2019-01-13 15:00:00,0.10531,0.10531,0.10531,0.12,0.981354185417099,746.6526769241253,-8.084924569013083,5.115907697472721e-13,0.0,754.7376014931378,754.7376014931378,0.0,1.0
303,2019-01-13 15:00:00,1,2019-01-13 16:00:00,0.10531,0.10531,0.10531,0.12,0.9906518486714633,746.6087742509319,-8.128827242207905,1.9042545318370685e-12,0.0,754.7376014931378,754.7376014931378,0.0,1.0
304,2019-01-13 16:00:00,1,2019-01-13 17:00:00,0.13592,0.13592,0.13592,0.12,1.0,784.5335331164251,-0.0,400.0,0.0,384.53353311642513,384.53353311642513,0.0,0.0
305,2019-01-13 17:00:00,1,2019-01-13 18:00:00,0.13592,0.13592,0.13592,0.12,0.4565217391304349,736.8368344449193,-0.0,0.0,0.0,736.8368344449193,736.8368344449193,0.0,1.0
306,2019-01-13 18:00:00,1,2019-01-13 19:00:00,0.13592,0.13592,0.13592,0.12,0.4565217391304348,582.3536737011888,-0.0,336.00000000000006,0.0,246.3536737011887,246.3536737011887,0.0,0.0
307,2019-01-13 19:00:00,1,2019-01-13 20:00:00,0.13592,0.13592,0.13592,0.12,0.0,563.4210911442855,-0.0,0.0,0.0,563.4210911442855,563.4210911442855,0.0,1.0
308,2019-01-13 20:00:00,1,2019-01-13 21:00:00,0.13592,0.13592,0.13592,0.12,0.0,447.55585219460005,-0.0,0.0,0.0,447.55585219460005,447.55585219460005,0.0,0.0
309,2019-01-13 21:00:00,1,2019-01-13 22:00:00,0.10531,0.10531,0.10531,0.12,0.0,428.61338713170164,-3.357952437429585e-14,0.0,0.0,428.6133871317017,428.6133871317017,0.0,0.0
310,2019-01-13 22:00:00,1,2019-01-13 23:00:00,0.10531,0.10531,0.10531,0.12,3.8616453030440226e-17,270.79129340886476,-0.0,5.684341886080802e-14,0.0,270.7912934088647,270.7912934088647,0.0,0.0
311,2019-01-13 23:00:00,1,2019-01-14 00:00:00,0.10531,0.10531,0.10531,0.12,0.0,232.5279828819041,-0.0,-1.6849337112995106e-14,0.0,232.52798288190414,232.52798288190414,0.0,0.0
312,2019-01-14 00:00:00,1,2019-01-14 01:00:00,0.10531,0.10531,0.10531,0.12,0.0,184.4221480830164,-0.0,0.0,0.0,184.4221480830164,184.4221480830164,0.0,1.0
313,2019-01-14 01:00:00,1,2019-01-14 02:00:00,0.10531,0.10531,0.10531,0.12,0.0,184.4221480496865,-0.0,0.0,0.0,184.4221480496865,184.4221480496865,0.0,0.0
314,2019-01-14 02:00:00,1,2019-01-14 03:00:00,0.10531,0.10531,0.10531,0.12,0.0,184.42214804813628,-0.0,0.0,0.0,184.42214804813628,184.42214804813628,0.0,0.0
315,2019-01-14 03:00:00,1,2019-01-14 04:00:00,0.10531,0.10531,0.10531,0.12,0.0,184.4221480775906,-0.0,0.0,0.0,184.4221480775906,184.4221480775906,0.0,0.0
316,2019-01-14 04:00:00,1,2019-01-14 05:00:00,0.10531,0.10531,0.10531,0.12,0.0,193.89574326469275,-314.3034439694909,0.0,0.0,508.1991872341837,508.1991872341837,0.0,1.0
317,2019-01-14 05:00:00,1,2019-01-14 06:00:00,0.10531,0.10531,0.10531,0.12,0.36144896056491455,212.84402861516068,-295.355158619023,0.0,0.0,508.1991872341837,508.1991872341837,0.0,1.0
318,2019-01-14 06:00:00,1,2019-01-14 07:00:00,0.10531,0.10531,0.10531,0.12,0.7011073929767909,333.40239316878643,-0.0,0.0,0.0,333.40239316878643,333.40239316878643,0.0,0.0
319,2019-01-14 07:00:00,1,2019-01-14 08:00:00,0.10531,0.10531,0.10531,0.12,0.7011073929767909,324.22001413083433,-0.0,0.0,0.0,324.22001413083433,324.22001413083433,0.0,0.0
320,2019-01-14 08:00:00,1,2019-01-14 09:00:00,0.10531,0.10531,0.10531,0.12,0.7011073929767909,504.0744209604828,-4.124766273700871,0.0,0.0,508.1991872341837,508.1991872341837,0.0,1.0
321,2019-01-14 09:00:00,1,2019-01-14 10:00:00,0.10531,0.10531,0.10531,0.12,0.7058508741915469,475.6133112431114,-0.0,0.0,0.0,475.6133112431114,475.6133112431114,0.0,1.0
322,2019-01-14 10:00:00,1,2019-01-14 11:00:00,0.10531,0.10531,0.10531,0.12,0.7058508741915469,437.6642171538363,-0.0,0.0,0.0,437.6642171538363,437.6642171538363,0.0,0.0
323,2019-01-14 11:00:00,1,2019-01-14 12:00:00,0.10531,0.10531,0.10531,0.12,0.7058508741915469,437.6251429131007,-0.0,0.0,0.0,437.6251429131007,437.6251429131007,0.0,0.0
324,2019-01-14 12:00:00,1,2019-01-14 13:00:00,0.10531,0.10531,0.10531,0.12,0.7058508741915469,437.6073448084149,-0.0,0.0,0.0,437.6073448084149,437.6073448084149,0.0,0.0
325,2019-01-14 13:00:00,1,2019-01-14 14:00:00,0.10531,0.10531,0.10531,0.12,0.7058508741915469,437.59329755192897,-0.0,0.0,0.0,437.59329755192897,437.59329755192897,0.0,0.0
326,2019-01-14 14:00:00,1,2019-01-14 15:00:00,0.10531,0.10531,0.10531,0.12,0.7058508741915469,244.47542561788038,-255.78184852908964,0.0,0.0,500.25727414697,500.25727414697,0.0,1.0
327,2019-01-14 15:00:00,1,2019-01-14 16:00:00,0.10531,0.10531,0.10531,0.12,1.0,252.41733870509398,-0.0,0.0,0.0,252.41733870509398,252.41733870509398,0.0,0.0
328,2019-01-14 16:00:00,1,2019-01-14 17:00:00,0.13592,0.13592,0.13592,0.12,1.0,290.4004529530412,-0.0,290.4004529530412,0.0,0.0,0.0,0.0,0.0
329,2019-01-14 17:00:00,1,2019-01-14 18:00:00,0.13592,0.13592,0.13592,0.12,0.605434167183368,292.69991651136,-0.0,175.914311793315,0.0,116.78560471804502,116.78560471804502,0.0,0.0
330,2019-01-14 18:00:00,1,2019-01-14 19:00:00,0.13592,0.13592,0.13592,0.12,0.36642015659462474,269.68523525364384,-0.0,269.68523525364384,0.0,0.0,0.0,0.0,0.0
331,2019-01-14 19:00:00,1,2019-01-14 20:00:00,0.13592,0.13592,0.13592,0.12,0.0,250.7380454375215,-0.0,0.0,0.0,250.7380454375215,250.7380454375215,0.0,0.0
332,2019-01-14 20:00:00,1,2019-01-14 21:00:00,0.13592,0.13592,0.13592,0.12,0.0,250.73804466860855,-0.0,0.0,0.0,250.73804466860855,250.73804466860855,0.0,0.0
333,2019-01-14 21:00:00,1,2019-01-14 22:00:00,0.10531,0.10531,0.10531,0.12,0.0,231.7915845454774,-0.0,0.0,0.0,231.7915845454774,231.7915845454774,0.0,0.0
334,2019-01-14 22:00:00,1,2019-01-14 23:00:00,0.10531,0.10531,0.10531,0.12,0.0,212.84293377764251,-0.0,0.0,0.0,212.84293377764251,212.84293377764251,0.0,0.0
335,2019-01-14 23:00:00,1,2019-01-15 00:00:00,0.10531,0.10531,0.10531,0.12,0.0,193.89574327166878,-0.0,0.0,0.0,193.89574327166878,193.89574327166878,0.0,0.0
336,2019-01-15 00:00:00,1,2019-01-15 01:00:00,0.10531,0.10531,0.10531,0.12,0.0,184.42178331364457,-0.0,0.0,0.0,184.42178331364457,184.42178331364457,0.0,0.0
337,2019-01-15 01:00:00,1,2019-01-15 02:00:00,0.10531,0.10531,0.10531,0.12,0.0,184.4217832911663,-0.0,0.0,0.0,184.4217832911663,184.4217832911663,0.0,0.0
338,2019-01-15 02:00:00,1,2019-01-15 03:00:00,0.10531,0.10531,0.10531,0.12,0.0,184.42178321210466,-231.14209434161648,0.0,0.0,415.5638775537211,415.5638775537211,0.0,1.0
339,2019-01-15 03:00:00,1,2019-01-15 04:00:00,0.10531,0.10531,0.10531,0.12,0.26581340849285895,184.4217830911869,-0.0,0.0,0.0,184.4217830911869,184.4217830911869,0.0,0.0
340,2019-01-15 04:00:00,1,2019-01-15 05:00:00,0.10531,0.10531,0.10531,0.12,0.26581340849285895,193.89537838292944,-221.6684991707917,0.0,0.0,415.5638775537211,415.5638775537211,0.0,1.0
341,2019-01-15 05:00:00,1,2019-01-15 06:00:00,0.10531,0.10531,0.10531,0.12,0.5207321825392695,212.84366454881717,-202.72021300490397,0.0,0.0,415.5638775537211,415.5638775537211,0.0,1.0
342,2019-01-15 06:00:00,1,2019-01-15 07:00:00,0.10531,0.10531,0.10531,0.12,0.753860427494909,250.7369502093459,-0.0,0.0,0.0,250.7369502093459,250.7369502093459,0.0,0.0
343,2019-01-15 07:00:00,1,2019-01-15 08:00:00,0.10531,0.10531,0.10531,0.12,0.753860427494909,243.19488182134327,-0.0,0.0,0.0,243.19488182134327,243.19488182134327,0.0,0.0
344,2019-01-15 08:00:00,1,2019-01-15 09:00:00,0.10531,0.10531,0.10531,0.12,0.753860427494909,229.95025239140756,-0.0,0.0,0.0,229.95025239140756,229.95025239140756,0.0,0.0
345,2019-01-15 09:00:00,1,2019-01-15 10:00:00,0.10531,0.10531,0.10531,0.12,0.753860427494909,201.52946667972896,-214.0344108739922,0.0,0.0,415.5638775537211,415.5638775537211,0.0,1.0
346,2019-01-15 10:00:00,1,2019-01-15 11:00:00,0.10531,0.10531,0.10531,0.12,1.0,163.63508564065256,-0.0,0.0,0.0,163.63508564065256,163.63508564065256,0.0,0.0
347,2019-01-15 11:00:00,1,2019-01-15 12:00:00,0.10531,0.10531,0.10531,0.12,1.0,163.63581572042565,-0.0,0.0,0.0,163.63581572042565,163.63581572042565,0.0,0.0
348,2019-01-15 12:00:00,1,2019-01-15 13:00:00,0.10531,0.10531,0.10531,0.12,1.0,163.6358159235055,-0.0,1.497560695252354e-13,2.163155479383682e-13,163.63581592350536,163.63581592350513,0.0,0.0
349,2019-01-15 13:00:00,1,2019-01-15 14:00:00,0.10531,0.10531,0.10531,0.12,1.0,163.63691073466978,-0.0,5.415035967727376e-14,7.821674364717421e-14,163.63691073466973,163.63691073466964,0.0,0.0
350,2019-01-15 14:00:00,1,2019-01-15 15:00:00,0.10531,0.10531,0.10531,0.12,1.0,163.63581586382173,-0.0,0.0,-3.268496584496461e-13,163.63581586382173,163.63581586382207,0.0,0.0
351,2019-01-15 15:00:00,1,2019-01-15 16:00:00,0.10531,0.10531,0.10531,0.12,1.0,163.63508544377365,-0.0,0.0,0.0,163.63508544377365,163.63508544377365,0.0,0.0
352,2019-01-15 16:00:00,1,2019-01-15 17:00:00,0.13592,0.13592,0.13592,0.12,1.0,201.5294666091936,-0.0,201.5294666091936,0.0,0.0,0.0,0.0,0.0
353,2019-01-15 17:00:00,1,2019-01-15 18:00:00,0.13592,0.13592,0.13592,0.12,0.726182789933161,269.68414082771113,-0.0,269.684140827711,0.0,4.263256414560601e-13,4.263256414560601e-13,0.0,0.0
354,2019-01-15 18:00:00,1,2019-01-15 19:00:00,0.13592,0.13592,0.13592,0.12,0.35976412033029254,269.68414090909806,-0.0,264.7863925630953,0.0,4.897748346002686,4.897748346002686,0.0,0.0
355,2019-01-15 19:00:00,1,2019-01-15 20:00:00,0.13592,0.13592,0.13592,0.12,0.0,250.73695037211982,-0.0,8.526512829121202e-14,0.0,250.73695037211974,250.73695037211974,0.0,0.0
356,2019-01-15 20:00:00,1,2019-01-15 21:00:00,0.13592,0.13592,0.13592,0.12,0.0,250.73695034964155,-0.0,8.760987360529187e-14,0.0,250.73695034964146,250.73695034964146,0.0,0.0
357,2019-01-15 21:00:00,1,2019-01-15 22:00:00,0.10531,0.10531,0.10531,0.12,0.0,231.7908546463059,-0.0,5.684341886080802e-14,-8.43769498715119e-15,231.79085464630583,231.79085464630583,0.0,0.0
358,2019-01-15 22:00:00,1,2019-01-15 23:00:00,0.10531,0.10531,0.10531,0.12,0.0,212.84256917724554,-0.0,0.0,0.0,212.84256917724554,212.84256917724554,0.0,0.0
359,2019-01-15 23:00:00,1,2019-01-16 00:00:00,0.10531,0.10531,0.10531,0.12,0.0,193.8953786472433,-0.0,0.0,0.0,193.8953786472433,193.8953786472433,0.0,0.0
360,2019-01-16 00:00:00,1,2019-01-16 01:00:00,0.10531,0.10531,0.10531,0.12,0.0,184.42178357873354,-0.0,0.0,0.0,184.42178357873354,184.42178357873354,0.0,0.0
361,2019-01-16 01:00:00,1,2019-01-16 02:00:00,0.10531,0.10531,0.10531,0.12,0.0,184.42178349114567,-0.0,0.0,0.0,184.42178349114567,184.42178349114567,0.0,0.0
362,2019-01-16 02:00:00,1,2019-01-16 03:00:00,0.10531,0.10531,0.10531,0.12,0.0,184.4217833477496,-0.0,0.0,0.0,184.4217833477496,184.4217833477496,0.0,0.0
363,2019-01-16 03:00:00,1,2019-01-16 04:00:00,0.10531,0.10531,0.10531,0.12,0.0,184.42178331752015,-0.0,0.0,0.0,184.42178331752015,184.42178331752015,0.0,0.0
364,2019-01-16 04:00:00,1,2019-01-16 05:00:00,0.10531,0.10531,0.10531,0.12,0.0,193.89537870847727,-0.0,0.0,0.0,193.89537870847727,193.89537870847727,0.0,0.0
365,2019-01-16 05:00:00,1,2019-01-16 06:00:00,0.10531,0.10531,0.10531,0.12,0.0,212.8436651037987,-0.0,0.0,0.0,212.8436651037987,212.8436651037987,0.0,0.0
366,2019-01-16 06:00:00,1,2019-01-16 07:00:00,0.10531,0.10531,0.10531,0.12,0.0,250.7369503581678,-0.0,0.0,0.0,250.736950358168,250.736950358168,0.0,0.0
367,2019-01-16 07:00:00,1,2019-01-16 08:00:00,0.10531,0.10531,0.10531,0.12,0.0,243.19488205697786,-0.0,0.0,0.0,243.19488205697786,243.19488205697786,0.0,0.0
368,2019-01-16 08:00:00,1,2019-01-16 09:00:00,0.10531,0.10531,0.10531,0.12,0.0,229.95025273400793,-0.0,0.0,0.0,229.95025273400793,229.95025273400793,0.0,0.0
369,2019-01-16 09:00:00,1,2019-01-16 10:00:00,0.10531,0.10531,0.10531,0.12,0.0,201.52946702000398,-264.5930035070156,0.0,0.0,466.1224705270196,466.1224705270196,0.0,1.0
370,2019-01-16 10:00:00,1,2019-01-16 11:00:00,0.10531,0.10531,0.10531,0.12,0.30428195403306824,163.63508590729174,-0.0,0.0,0.0,163.63508590729174,163.63508590729174,0.0,0.0
371,2019-01-16 11:00:00,1,2019-01-16 12:00:00,0.10531,0.10531,0.10531,0.12,0.30428195403306824,163.63581594210822,-302.4866545849113,0.0,0.0,466.1224705270196,466.1224705270196,0.0,1.0
372,2019-01-16 12:00:00,1,2019-01-16 13:00:00,0.10531,0.10531,0.10531,0.12,0.6521416068057161,163.63581627850766,-0.0,0.0,0.0,163.63581627850766,163.63581627850766,0.0,0.0
373,2019-01-16 13:00:00,1,2019-01-16 14:00:00,0.10531,0.10531,0.10531,0.12,0.6521416068057161,163.63691122764226,-0.0,0.0,0.0,163.63691122764226,163.63691122764226,0.0,0.0
374,2019-01-16 14:00:00,1,2019-01-16 15:00:00,0.10531,0.10531,0.10531,0.12,0.6521416068057161,163.6358162978855,-0.0,0.0,0.0,163.6358162978855,163.6358162978855,0.0,0.0
375,2019-01-16 15:00:00,1,2019-01-16 16:00:00,0.10531,0.10531,0.10531,0.12,0.6521416068057161,163.63508572436484,-302.4855592993773,0.0,0.0,466.12064502374216,466.12064502374216,0.0,1.0
376,2019-01-16 16:00:00,1,2019-01-16 17:00:00,0.13592,0.13592,0.13592,0.12,1.0,201.5294669719469,-0.0,201.5294669719469,0.0,0.0,0.0,1.0,0.0
377,2019-01-16 17:00:00,1,2019-01-16 18:00:00,0.13592,0.13592,0.13592,0.12,0.7261827894402896,263.0618264317026,-0.0,263.0618264317026,0.0,0.0,0.0,0.0,0.0
378,2019-01-16 18:00:00,1,2019-01-16 19:00:00,0.13592,0.13592,0.13592,0.12,0.3687618296146067,269.68414116953636,-0.0,269.68414116953636,0.0,0.0,0.0,0.0,0.0
379,2019-01-16 19:00:00,1,2019-01-16 20:00:00,0.13592,0.13592,0.13592,0.12,0.002343159547301923,250.73695058372593,-0.0,1.7245654268142154,0.0,249.0123851569117,249.0123851569117,0.0,0.0
380,2019-01-16 20:00:00,1,2019-01-16 21:00:00,0.13592,0.13592,0.13592,0.12,0.0,250.73695051319055,-0.0,0.0,0.0,250.73695051319055,250.73695051319055,0.0,0.0
381,2019-01-16 21:00:00,1,2019-01-16 22:00:00,0.10531,0.10531,0.10531,0.12,0.0,231.79085499123158,-0.0,0.0,0.0,231.79085499123158,231.79085499123158,0.0,0.0
382,2019-01-16 22:00:00,1,2019-01-16 23:00:00,0.10531,0.10531,0.10531,0.12,0.0,212.8425694136553,-0.0,0.0,0.0,212.8425694136553,212.8425694136553,0.0,0.0
383,2019-01-16 23:00:00,1,2019-01-17 00:00:00,0.10531,0.10531,0.10531,0.12,0.0,193.89537884799776,-0.0,0.0,0.0,193.89537884799776,193.89537884799776,0.0,0.0
384,2019-01-17 00:00:00,1,2019-01-17 01:00:00,0.10531,0.10531,0.10531,0.12,0.0,223.05438871097624,-0.0,0.0,0.0,223.05438871097624,223.05438871097624,0.0,0.0
385,2019-01-17 01:00:00,1,2019-01-17 02:00:00,0.10531,0.10531,0.10531,0.12,0.0,223.0543886908233,-0.0,0.0,0.0,223.0543886908233,223.0543886908233,0.0,0.0
386,2019-01-17 02:00:00,1,2019-01-17 03:00:00,0.10531,0.10531,0.10531,0.12,0.0,223.05438872957902,-0.0,0.0,0.0,223.05438872957902,223.05438872957902,0.0,0.0
387,2019-01-17 03:00:00,1,2019-01-17 04:00:00,0.10531,0.10531,0.10531,0.12,0.0,223.0543887195025,-0.0,0.0,0.0,223.0543887195025,223.0543887195025,0.0,0.0
388,2019-01-17 04:00:00,1,2019-01-17 05:00:00,0.10531,0.10531,0.10531,0.12,0.0,232.52798396783868,-40.86181731260519,0.0,0.0,273.38980128044386,273.38980128044386,0.0,1.0
389,2019-01-17 05:00:00,1,2019-01-17 06:00:00,0.10531,0.10531,0.10531,0.12,0.04699108990949597,270.7923903461665,-400.0,0.0,0.0,670.7923903461665,670.7923903461665,0.0,1.0
390,2019-01-17 06:00:00,1,2019-01-17 07:00:00,0.10531,0.10531,0.10531,0.12,0.5069910899094959,337.6298349176206,-400.0,0.0,0.0,737.6298349176207,737.6298349176207,0.0,1.0
391,2019-01-17 07:00:00,1,2019-01-17 08:00:00,0.10531,0.10531,0.10531,0.12,0.966991089909496,405.62837567494483,0.0,0.0,0.0,405.62837567494483,405.62837567494483,0.0,0.0
392,2019-01-17 08:00:00,1,2019-01-17 09:00:00,0.10531,0.10531,0.10531,0.12,0.966991089909496,813.0841884511624,-28.703400078699133,0.0,0.0,841.7875885298615,841.7875885298615,0.0,1.0
393,2019-01-17 09:00:00,1,2019-01-17 10:00:00,0.10531,0.10531,0.10531,0.12,1.0,852.897704112614,-0.0,11.110115582752428,0.0,841.7875885298615,841.7875885298615,0.0,0.0
394,2019-01-17 10:00:00,1,2019-01-17 11:00:00,0.10531,0.10531,0.10531,0.12,0.9849047342625645,906.2932486323167,-0.0,64.50566010245518,0.0,841.7875885298615,841.7875885298615,0.0,0.0
395,2019-01-17 11:00:00,1,2019-01-17 12:00:00,0.10531,0.10531,0.10531,0.12,0.8972611743407506,1001.0476545543546,-0.0,159.2600660244931,0.0,841.7875885298615,841.7875885298615,0.0,0.0
396,2019-01-17 12:00:00,1,2019-01-17 13:00:00,0.10531,0.10531,0.10531,0.12,0.6808752150683418,965.282066938931,-0.0,123.49447840906953,0.0,841.7875885298615,841.7875885298615,0.0,0.0
397,2019-01-17 13:00:00,1,2019-01-17 14:00:00,0.10531,0.10531,0.10531,0.12,0.5130838041864538,979.7266771971891,-0.0,137.9390886673276,0.0,841.7875885298615,841.7875885298615,0.0,0.0
398,2019-01-17 14:00:00,1,2019-01-17 15:00:00,0.10531,0.10531,0.10531,0.12,0.32566656414932393,955.9631476408061,-0.0,114.17555911094462,0.0,841.7875885298615,841.7875885298615,0.0,0.0
399,2019-01-17 15:00:00,1,2019-01-17 16:00:00,0.10531,0.10531,0.10531,0.12,0.1705367284007579,904.1216472985777,-0.0,62.334058768716204,0.0,841.7875885298615,841.7875885298615,0.0,0.0
400,2019-01-17 16:00:00,1,2019-01-17 17:00:00,0.13592,0.13592,0.13592,0.12,0.0858437137693501,904.9685618641032,-0.0,63.18097333424168,0.0,841.7875885298615,841.7875885298615,0.0,0.0
401,2019-01-17 17:00:00,1,2019-01-17 18:00:00,0.13592,0.13592,0.13592,0.12,0.0,815.743787476055,-0.0,0.0,0.0,815.743787476055,815.743787476055,0.0,1.0
402,2019-01-17 18:00:00,1,2019-01-17 19:00:00,0.13592,0.13592,0.13592,0.12,0.0,653.7701046612966,-0.0,0.0,0.0,653.7701046612966,653.7701046612966,0.0,1.0
403,2019-01-17 19:00:00,1,2019-01-17 20:00:00,0.13592,0.13592,0.13592,0.12,0.0,600.788745246139,-0.0,0.0,0.0,600.788745246139,600.788745246139,0.0,1.0
404,2019-01-17 20:00:00,1,2019-01-17 21:00:00,0.13592,0.13592,0.13592,0.12,0.0,496.2266140367566,-0.0,0.0,0.0,496.2266140367566,496.2266140367566,0.0,1.0
405,2019-01-17 21:00:00,1,2019-01-17 22:00:00,0.10531,0.10531,0.10531,0.12,0.0,499.0361902156504,-63.43358174557006,0.0,0.0,562.4697719612204,562.4697719612204,0.0,1.0
406,2019-01-17 22:00:00,1,2019-01-17 23:00:00,0.10531,0.10531,0.10531,0.12,0.07294861900740557,270.7912946056406,-0.0,0.0,0.0,270.7912946056406,270.7912946056406,0.0,0.0
407,2019-01-17 23:00:00,1,2019-01-18 00:00:00,0.10531,0.10531,0.10531,0.12,0.07294861900740557,232.5279841577416,-0.0,0.0,0.0,232.5279841577416,232.5279841577416,0.0,0.0
408,2019-01-18 00:00:00,1,2019-01-18 01:00:00,0.10531,0.10531,0.10531,0.12,0.07294861900740557,223.05438905435167,-0.0,0.0,0.0,223.05438905435167,223.05438905435167,0.0,0.0
409,2019-01-18 01:00:00,1,2019-01-18 02:00:00,0.10531,0.10531,0.10531,0.12,0.07294861900740557,223.05438901094536,-0.0,0.0,0.0,223.05438901094536,223.05438901094536,0.0,0.0
410,2019-01-18 02:00:00,1,2019-01-18 03:00:00,0.10531,0.10531,0.10531,0.12,0.07294861900740557,223.05438903497387,-0.0,0.0,0.0,223.05438903497387,223.05438903497387,0.0,0.0
411,2019-01-18 03:00:00,1,2019-01-18 04:00:00,0.10531,0.10531,0.10531,0.12,0.07294861900740557,223.05438901947159,-0.0,0.0,0.0,223.05438901947159,223.05438901947159,0.0,0.0
412,2019-01-18 04:00:00,1,2019-01-18 05:00:00,0.10531,0.10531,0.10531,0.12,0.07294861900740557,232.5279842484299,-0.0,0.0,0.0,232.5279842484299,232.5279842484299,0.0,0.0
413,2019-01-18 05:00:00,1,2019-01-18 06:00:00,0.10531,0.10531,0.10531,0.12,0.07294861900740557,270.79239061978166,-0.0,0.0,0.0,270.79239061978166,270.79239061978166,0.0,0.0
414,2019-01-18 06:00:00,1,2019-01-18 07:00:00,0.10531,0.10531,0.10531,0.12,0.07294861900740557,393.31242444411737,-400.0,0.0,0.0,793.3124244441174,793.3124244441174,0.0,1.0
415,2019-01-18 07:00:00,1,2019-01-18 08:00:00,0.10531,0.10531,0.10531,0.12,0.5329486190074055,449.51509681759825,-392.2724917122632,0.0,0.0,841.7875885298615,841.7875885298615,0.0,1.0
416,2019-01-18 08:00:00,1,2019-01-18 09:00:00,0.10531,0.10531,0.10531,0.12,0.9840619844765084,882.8608151595026,-0.0,41.07322662964111,0.0,841.7875885298615,841.7875885298615,0.0,0.0
417,2019-01-18 09:00:00,1,2019-01-18 10:00:00,0.10531,0.10531,0.10531,0.12,0.9282559700340611,854.4045454896709,-0.0,12.616956959809386,0.0,841.7875885298615,841.7875885298615,0.0,0.0
418,2019-01-18 10:00:00,1,2019-01-18 11:00:00,0.10531,0.10531,0.10531,0.12,0.9111133654691028,833.148892336062,0.0,0.0,0.0,833.148892336062,833.148892336062,0.0,0.0
419,2019-01-18 11:00:00,1,2019-01-18 12:00:00,0.10531,0.10531,0.10531,0.12,0.9111133654691028,829.5225456034042,-12.26504292645734,0.0,0.0,841.7875885298615,841.7875885298615,0.0,1.0
420,2019-01-18 12:00:00,1,2019-01-18 13:00:00,0.10531,0.10531,0.10531,0.12,0.9252181648345288,726.2027168600807,-0.0,0.0,0.0,726.2027168600807,726.2027168600807,0.0,0.0
421,2019-01-18 13:00:00,1,2019-01-18 14:00:00,0.10531,0.10531,0.10531,0.12,0.9252181648345288,746.6794835148335,-65.02768275258364,0.0,0.0,811.707166267417,811.707166267417,0.0,1.0
422,2019-01-18 14:00:00,1,2019-01-18 15:00:00,0.10531,0.10531,0.10531,0.12,1.0,803.233018675172,-0.0,0.0,0.0,803.233018675172,803.233018675172,0.0,0.0
423,2019-01-18 15:00:00,1,2019-01-18 16:00:00,0.10531,0.10531,0.10531,0.12,1.0,834.6614433183006,-0.0,0.0,0.0,834.6614433183006,834.6614433183006,0.0,1.0
424,2019-01-18 16:00:00,1,2019-01-18 17:00:00,0.13592,0.13592,0.13592,0.12,1.0,819.1944391974995,-0.0,336.00000000000006,0.0,483.19443919749943,483.19443919749943,0.0,0.0
425,2019-01-18 17:00:00,1,2019-01-18 18:00:00,0.13592,0.13592,0.13592,0.12,0.5434782608695652,730.2295428443612,-0.0,400.0,0.0,330.22954284436116,330.22954284436116,0.0,0.0
426,2019-01-18 18:00:00,1,2019-01-18 19:00:00,0.13592,0.13592,0.13592,0.12,0.0,582.3571524541837,-0.0,0.0,0.0,582.3571524541837,582.3571524541837,0.0,1.0
427,2019-01-18 19:00:00,1,2019-01-18 20:00:00,0.13592,0.13592,0.13592,0.12,0.0,571.3778395679802,-0.0,0.0,0.0,571.3778395679802,571.3778395679802,0.0,0.0
428,2019-01-18 20:00:00,1,2019-01-18 21:00:00,0.13592,0.13592,0.13592,0.12,0.0,471.42656418346075,-0.0,0.0,0.0,471.42656418346075,471.42656418346075,0.0,1.0
429,2019-01-18 21:00:00,1,2019-01-18 22:00:00,0.10531,0.10531,0.10531,0.12,0.0,477.04578997398806,-0.0,0.0,0.0,477.04578997398806,477.04578997398806,0.0,1.0
430,2019-01-18 22:00:00,1,2019-01-18 23:00:00,0.10531,0.10531,0.10531,0.12,0.0,270.7912949993984,-0.0,0.0,0.0,270.7912949993984,270.7912949993984,0.0,0.0
431,2019-01-18 23:00:00,1,2019-01-19 00:00:00,0.10531,0.10531,0.10531,0.12,0.0,232.52798443290703,-0.0,0.0,0.0,232.52798443290703,232.52798443290703,0.0,0.0
432,2019-01-19 00:00:00,1,2019-01-19 01:00:00,0.10531,0.10531,0.10531,0.12,0.0,223.0543893752489,-36.834559324605245,0.0,0.0,259.88894869985415,259.88894869985415,0.0,1.0
433,2019-01-19 01:00:00,1,2019-01-19 02:00:00,0.10531,0.10531,0.10531,0.12,0.04235974322329603,223.05438936284705,-0.0,0.0,0.0,223.05438936284705,223.05438936284705,0.0,0.0
434,2019-01-19 02:00:00,1,2019-01-19 03:00:00,0.10531,0.10531,0.10531,0.12,0.04235974322329603,223.05438938144977,-0.0,0.0,0.0,223.05438938144977,223.05438938144977,0.0,0.0
435,2019-01-19 03:00:00,1,2019-01-19 04:00:00,0.10531,0.10531,0.10531,0.12,0.04235974322329603,223.05438928068497,-0.0,0.0,0.0,223.05438928068497,223.05438928068497,0.0,0.0
436,2019-01-19 04:00:00,1,2019-01-19 05:00:00,0.10531,0.10531,0.10531,0.12,0.04235974322329603,232.52798454762387,-0.0,0.0,0.0,232.52798454762387,232.52798454762387,0.0,0.0
437,2019-01-19 05:00:00,1,2019-01-19 06:00:00,0.10531,0.10531,0.10531,0.12,0.04235974322329603,270.7923907189962,-0.0,0.0,0.0,270.7923907189962,270.7923907189962,0.0,0.0
438,2019-01-19 06:00:00,1,2019-01-19 07:00:00,0.10531,0.10531,0.10531,0.12,0.04235974322329603,376.9219821715961,-399.99999999999994,0.0,0.0,776.921982171596,776.921982171596,0.0,1.0
439,2019-01-19 07:00:00,1,2019-01-19 08:00:00,0.10531,0.10531,0.10531,0.12,0.502359743223296,433.26244423845833,-400.0,0.0,0.0,833.2624442384583,833.2624442384583,0.0,1.0
440,2019-01-19 08:00:00,1,2019-01-19 09:00:00,0.10531,0.10531,0.10531,0.12,0.962359743223296,821.0072348624564,-32.73065806669911,0.0,0.0,853.7378929291555,853.7378929291555,0.0,1.0
441,2019-01-19 09:00:00,1,2019-01-19 10:00:00,0.10531,0.10531,0.10531,0.12,1.0,848.081225151047,-0.0,0.0,0.0,848.081225151047,848.081225151047,0.0,0.0
442,2019-01-19 10:00:00,1,2019-01-19 11:00:00,0.10531,0.10531,0.10531,0.12,1.0,904.0120631850126,-0.0,50.27417025585714,0.0,853.7378929291555,853.7378929291555,0.0,0.0
443,2019-01-19 11:00:00,1,2019-01-19 12:00:00,0.10531,0.10531,0.10531,0.12,0.9316927034567157,882.4636356250685,-0.0,28.725742695913056,0.0,853.7378929291555,853.7378929291555,0.0,0.0
444,2019-01-19 12:00:00,1,2019-01-19 13:00:00,0.10531,0.10531,0.10531,0.12,0.8926631617503122,931.8750653572918,-0.0,78.13717242813634,0.0,853.7378929291554,853.7378929291554,0.0,0.0
445,2019-01-19 13:00:00,1,2019-01-19 14:00:00,0.10531,0.10531,0.10531,0.12,0.78649852529904,1035.57386811035,-0.0,181.83597518119467,0.0,853.7378929291554,853.7378929291554,0.0,0.0
446,2019-01-19 14:00:00,1,2019-01-19 15:00:00,0.10531,0.10531,0.10531,0.12,0.5394387764115474,992.404843508105,-0.0,138.66695057894964,0.0,853.7378929291554,853.7378929291554,0.0,0.0
447,2019-01-19 15:00:00,1,2019-01-19 16:00:00,0.10531,0.10531,0.10531,0.12,0.3510325935597136,959.053145124352,-0.0,105.31525219519659,0.0,853.7378929291554,853.7378929291554,0.0,0.0
448,2019-01-19 16:00:00,1,2019-01-19 17:00:00,0.13592,0.13592,0.13592,0.12,0.20794121829450085,972.7784077356739,-0.0,119.0405148065185,0.0,853.7378929291554,853.7378929291554,0.0,0.0
449,2019-01-19 17:00:00,1,2019-01-19 18:00:00,0.13592,0.13592,0.13592,0.12,0.04620138839433993,887.7421147873896,-0.0,34.00422185823419,0.0,853.7378929291554,853.7378929291554,0.0,0.0
450,2019-01-19 18:00:00,1,2019-01-19 19:00:00,0.13592,0.13592,0.13592,0.12,0.0,701.8177580473923,-0.0,0.0,0.0,701.8177580473923,701.8177580473923,0.0,1.0
451,2019-01-19 19:00:00,1,2019-01-19 20:00:00,0.13592,0.13592,0.13592,0.12,0.0,628.7495431821558,-0.0,0.0,0.0,628.7495431821558,628.7495431821558,0.0,1.0
452,2019-01-19 20:00:00,1,2019-01-19 21:00:00,0.13592,0.13592,0.13592,0.12,0.0,534.3628230971433,-0.0,0.0,0.0,534.3628230971433,534.3628230971433,0.0,0.0
453,2019-01-19 21:00:00,1,2019-01-19 22:00:00,0.10531,0.10531,0.10531,0.12,0.0,600.1964468533301,-0.0,0.0,0.0,600.1964468533301,600.1964468533301,0.0,0.0
454,2019-01-19 22:00:00,1,2019-01-19 23:00:00,0.10531,0.10531,0.10531,0.12,0.0,270.7912950226518,-0.0,0.0,0.0,270.7912950226518,270.7912950226518,0.0,0.0
455,2019-01-19 23:00:00,1,2019-01-20 00:00:00,0.10531,0.10531,0.10531,0.12,0.0,232.52798455770036,-0.0,0.0,0.0,232.52798455770036,232.52798455770036,0.0,0.0
456,2019-01-20 00:00:00,1,2019-01-20 01:00:00,0.10531,0.10531,0.10531,0.12,0.0,223.05438954422368,-0.0,0.0,0.0,223.05438954422368,223.05438954422368,0.0,0.0
457,2019-01-20 01:00:00,1,2019-01-20 02:00:00,0.10531,0.10531,0.10531,0.12,0.0,223.05438957755356,-0.0,0.0,0.0,223.05438957755356,223.05438957755356,0.0,0.0
458,2019-01-20 02:00:00,1,2019-01-20 03:00:00,0.10531,0.10531,0.10531,0.12,0.0,223.05438956437666,-0.0,0.0,0.0,223.05438956437666,223.05438956437666,0.0,0.0
459,2019-01-20 03:00:00,1,2019-01-20 04:00:00,0.10531,0.10531,0.10531,0.12,0.0,223.05438955972596,-0.0,0.0,0.0,223.05438955972596,223.05438955972596,0.0,0.0
460,2019-01-20 04:00:00,1,2019-01-20 05:00:00,0.10531,0.10531,0.10531,0.12,0.0,232.52798489720024,-95.71741719593642,0.0,0.0,328.24540209313665,328.24540209313665,0.0,1.0
461,2019-01-20 05:00:00,1,2019-01-20 06:00:00,0.10531,0.10531,0.10531,0.12,0.11007502977532688,270.79239106237173,-0.0,0.0,0.0,270.79239106237173,270.79239106237173,0.0,0.0
462,2019-01-20 06:00:00,1,2019-01-20 07:00:00,0.10531,0.10531,0.10531,0.12,0.11007502977532688,439.05656255703707,-400.0,0.0,0.0,839.0565625570371,839.0565625570371,0.0,1.0
463,2019-01-20 07:00:00,1,2019-01-20 08:00:00,0.10531,0.10531,0.10531,0.12,0.5700750297753269,486.2896601238374,-367.44823280531807,0.0,0.0,853.7378929291555,853.7378929291555,0.0,1.0
464,2019-01-20 08:00:00,1,2019-01-20 09:00:00,0.10531,0.10531,0.10531,0.12,0.9926404975014427,900.4740317740744,-0.0,46.73613884491897,0.0,853.7378929291555,853.7378929291555,0.0,0.0
465,2019-01-20 09:00:00,1,2019-01-20 10:00:00,0.10531,0.10531,0.10531,0.12,0.929140308853455,883.0583068538763,-0.0,29.32041392472081,0.0,853.7378929291555,853.7378929291555,0.0,0.0
466,2019-01-20 10:00:00,1,2019-01-20 11:00:00,0.10531,0.10531,0.10531,0.12,0.8893027899339974,867.1631490662568,-0.0,13.425256137101314,0.0,853.7378929291555,853.7378929291555,0.0,0.0
467,2019-01-20 11:00:00,1,2019-01-20 12:00:00,0.10531,0.10531,0.10531,0.12,0.8710619527911967,847.6768812466777,-6.061011682477783,0.0,0.0,853.7378929291555,853.7378929291555,0.0,1.0
468,2019-01-20 12:00:00,1,2019-01-20 13:00:00,0.10531,0.10531,0.10531,0.12,0.8780321162260463,797.9113316571743,-24.566840853259208,-2.842170943040401e-14,0.0,822.4781725104335,822.4781725104335,0.0,1.0
469,2019-01-20 13:00:00,1,2019-01-20 14:00:00,0.10531,0.10531,0.10531,0.12,0.9062839832072944,803.5054248324813,-18.97274767795227,0.0,0.0,822.4781725104335,822.4781725104335,0.0,1.0
470,2019-01-20 14:00:00,1,2019-01-20 15:00:00,0.10531,0.10531,0.10531,0.12,0.9281026430369396,770.579412517224,-51.898759993209204,0.0,0.0,822.4781725104335,822.4781725104335,0.0,1.0
471,2019-01-20 15:00:00,1,2019-01-20 16:00:00,0.10531,0.10531,0.10531,0.12,0.9877862170291304,811.857491666199,-10.620680844234442,-2.842170943040401e-14,0.0,822.4781725104335,822.4781725104335,0.0,1.0
472,2019-01-20 16:00:00,1,2019-01-20 17:00:00,0.13592,0.13592,0.13592,0.12,1.0,882.7574726350355,-0.0,336.00000000000006,0.0,546.7574726350354,546.7574726350354,0.0,0.0
473,2019-01-20 17:00:00,1,2019-01-20 18:00:00,0.13592,0.13592,0.13592,0.12,0.5434782608695652,813.2258113237908,-0.0,400.0,0.0,413.2258113237908,413.2258113237908,0.0,0.0
474,2019-01-20 18:00:00,1,2019-01-20 19:00:00,0.13592,0.13592,0.13592,0.12,0.0,653.1498311269305,-0.0,0.0,0.0,653.1498311269305,653.1498311269305,0.0,1.0
475,2019-01-20 19:00:00,1,2019-01-20 20:00:00,0.13592,0.13592,0.13592,0.12,0.0,635.0870049660052,-0.0,0.0,0.0,635.0870049660052,635.0870049660052,0.0,1.0
476,2019-01-20 20:00:00,1,2019-01-20 21:00:00,0.13592,0.13592,0.13592,0.12,0.0,501.08041958357006,-0.0,0.0,0.0,501.08041958357006,501.08041958357006,0.0,0.0
477,2019-01-20 21:00:00,1,2019-01-20 22:00:00,0.10531,0.10531,0.10531,0.12,0.0,476.3846673051202,-0.0,0.0,0.0,476.3846673051202,476.3846673051202,0.0,0.0
478,2019-01-20 22:00:00,1,2019-01-20 23:00:00,0.10531,0.10531,0.10531,0.12,0.0,270.79129529859233,-0.0,0.0,0.0,270.79129529859233,270.79129529859233,0.0,0.0
479,2019-01-20 23:00:00,1,2019-01-21 00:00:00,0.10531,0.10531,0.10531,0.12,0.0,232.52798481271284,-0.0,0.0,0.0,232.52798481271284,232.52798481271284,0.0,0.0
480,2019-01-21 00:00:00,1,2019-01-21 01:00:00,0.10531,0.10531,0.10531,0.12,0.0,184.42214995724177,-0.0,0.0,0.0,184.42214995724177,184.42214995724177,0.0,1.0
481,2019-01-21 01:00:00,1,2019-01-21 02:00:00,0.10531,0.10531,0.10531,0.12,0.0,184.4221499533662,-0.0,0.0,0.0,184.4221499533662,184.4221499533662,0.0,0.0
482,2019-01-21 02:00:00,1,2019-01-21 03:00:00,0.10531,0.10531,0.10531,0.12,0.0,184.4221499913468,-0.0,0.0,0.0,184.4221499913468,184.4221499913468,0.0,0.0
483,2019-01-21 03:00:00,1,2019-01-21 04:00:00,0.10531,0.10531,0.10531,0.12,0.0,184.42214997739472,-0.0,0.0,0.0,184.42214997739472,184.42214997739472,0.0,0.0
484,2019-01-21 04:00:00,1,2019-01-21 05:00:00,0.10531,0.10531,0.10531,0.12,0.0,193.8957452420083,-0.0,0.0,0.0,193.8957452420083,193.8957452420083,0.0,1.0
485,2019-01-21 05:00:00,1,2019-01-21 06:00:00,0.10531,0.10531,0.10531,0.12,0.0,212.84403160942566,-0.0,0.0,0.0,212.84403160942566,212.84403160942566,0.0,0.0
486,2019-01-21 06:00:00,1,2019-01-21 07:00:00,0.10531,0.10531,0.10531,0.12,0.0,331.769797327375,-239.89012487978545,0.0,0.0,571.6599222071604,571.6599222071604,0.0,1.0
487,2019-01-21 07:00:00,1,2019-01-21 08:00:00,0.10531,0.10531,0.10531,0.12,0.27587364361175326,324.181497572141,-247.47842463501945,0.0,0.0,571.6599222071604,571.6599222071604,0.0,1.0
488,2019-01-21 08:00:00,1,2019-01-21 09:00:00,0.10531,0.10531,0.10531,0.12,0.5604738319420257,503.97442239593,-0.0,0.0,0.0,503.97442239593,503.97442239593,0.0,1.0
489,2019-01-21 09:00:00,1,2019-01-21 10:00:00,0.10531,0.10531,0.10531,0.12,0.5604738319420257,475.50846387920814,-96.15145832795231,0.0,0.0,571.6599222071604,571.6599222071604,0.0,1.0
490,2019-01-21 10:00:00,1,2019-01-21 11:00:00,0.10531,0.10531,0.10531,0.12,0.6710480090191707,494.89905865652327,0.0,0.0,0.0,494.89905865652327,494.89905865652327,0.0,0.0
491,2019-01-21 11:00:00,1,2019-01-21 12:00:00,0.10531,0.10531,0.10531,0.12,0.6710480090191706,508.93387931213204,-0.0,0.0,0.0,508.93387931213204,508.93387931213204,0.0,0.0
492,2019-01-21 12:00:00,1,2019-01-21 13:00:00,0.10531,0.10531,0.10531,0.12,0.6710480090191706,525.2833785784337,-0.0,0.0,0.0,525.2833785784337,525.2833785784337,0.0,1.0
493,2019-01-21 13:00:00,1,2019-01-21 14:00:00,0.10531,0.10531,0.10531,0.12,0.6710480090191706,533.086676851128,-0.0,0.0,0.0,533.086676851128,533.086676851128,0.0,0.0
494,2019-01-21 14:00:00,1,2019-01-21 15:00:00,0.10531,0.10531,0.10531,0.12,0.6710480090191706,343.03623537672615,-0.0,0.0,0.0,343.03623537672615,343.03623537672615,0.0,0.0
495,2019-01-21 15:00:00,1,2019-01-21 16:00:00,0.10531,0.10531,0.10531,0.12,0.6710480090191706,324.18795801464563,-286.0452095485473,0.0,0.0,610.2331675631929,610.2331675631929,0.0,1.0
496,2019-01-21 16:00:00,1,2019-01-21 17:00:00,0.13592,0.13592,0.13592,0.12,1.0,350.85079692314645,-0.0,350.85079692314645,0.0,0.0,0.0,0.0,0.0
497,2019-01-21 17:00:00,1,2019-01-21 18:00:00,0.13592,0.13592,0.13592,0.12,0.5233005476587684,304.0429736603149,-0.0,115.46396514674147,0.0,188.5790085135734,188.5790085135734,0.0,0.0
498,2019-01-21 18:00:00,1,2019-01-21 19:00:00,0.13592,0.13592,0.13592,0.12,0.36642016023113055,269.6852379301121,-0.0,269.6852379301121,0.0,0.0,0.0,0.0,0.0
499,2019-01-21 19:00:00,1,2019-01-21 20:00:00,0.13592,0.13592,0.13592,0.12,0.0,250.73804812794182,-0.0,0.0,0.0,250.73804812794182,250.73804812794182,0.0,0.0
500,2019-01-21 20:00:00,1,2019-01-21 21:00:00,0.13592,0.13592,0.13592,0.12,0.0,250.73804736445464,-0.0,0.0,0.0,250.73804736445464,250.73804736445464,0.0,0.0
501,2019-01-21 21:00:00,1,2019-01-21 22:00:00,0.10531,0.10531,0.10531,0.12,0.0,231.79158801566228,-0.0,0.0,0.0,231.79158801566228,231.79158801566228,0.0,0.0
502,2019-01-21 22:00:00,1,2019-01-21 23:00:00,0.10531,0.10531,0.10531,0.12,0.0,212.84293571542722,-0.0,0.0,0.0,212.84293571542722,212.84293571542722,0.0,0.0
503,2019-01-21 23:00:00,1,2019-01-22 00:00:00,0.10531,0.10531,0.10531,0.12,0.0,193.89574517844895,-0.0,0.0,0.0,193.89574517844895,193.89574517844895,0.0,0.0
504,2019-01-22 00:00:00,1,2019-01-22 01:00:00,0.10531,0.10531,0.10531,0.12,0.0,184.42178480651395,-0.0,0.0,0.0,184.42178480651395,184.42178480651395,0.0,0.0
505,2019-01-22 01:00:00,1,2019-01-22 02:00:00,0.10531,0.10531,0.10531,0.12,0.0,184.4217847941121,-0.0,0.0,0.0,184.4217847941121,184.4217847941121,0.0,0.0
506,2019-01-22 02:00:00,1,2019-01-22 03:00:00,0.10531,0.10531,0.10531,0.12,0.0,184.42178472667723,-0.0,0.0,0.0,184.42178472667723,184.42178472667723,0.0,0.0
507,2019-01-22 03:00:00,1,2019-01-22 04:00:00,0.10531,0.10531,0.10531,0.12,0.0,184.42178457553,-0.0,0.0,0.0,184.42178457553,184.42178457553,0.0,0.0
508,2019-01-22 04:00:00,1,2019-01-22 05:00:00,0.10531,0.10531,0.10531,0.12,0.0,193.89537984556935,-0.0,0.0,0.0,193.89537984556935,193.89537984556935,0.0,0.0
509,2019-01-22 05:00:00,1,2019-01-22 06:00:00,0.10531,0.10531,0.10531,0.12,0.0,212.84366701910514,-0.0,0.0,0.0,212.84366701910514,212.84366701910514,0.0,0.0
510,2019-01-22 06:00:00,1,2019-01-22 07:00:00,0.10531,0.10531,0.10531,0.12,0.0,250.73695169136369,-0.0,0.0,0.0,250.73695169136369,250.73695169136369,0.0,0.0
511,2019-01-22 07:00:00,1,2019-01-22 08:00:00,0.10531,0.10531,0.10531,0.12,0.0,243.19488330026059,-0.0,0.0,0.0,243.19488330026059,243.19488330026059,0.0,0.0
512,2019-01-22 08:00:00,1,2019-01-22 09:00:00,0.10531,0.10531,0.10531,0.12,0.0,229.95025386334888,-0.0,0.0,0.0,229.95025386334888,229.95025386334888,0.0,0.0
513,2019-01-22 09:00:00,1,2019-01-22 10:00:00,0.10531,0.10531,0.10531,0.12,0.0,201.52946810903896,-264.59300450174516,0.0,0.0,466.12247261078414,466.12247261078414,0.0,1.0
514,2019-01-22 10:00:00,1,2019-01-22 11:00:00,0.10531,0.10531,0.10531,0.12,0.30428195517700696,163.6350870777137,-0.0,0.0,0.0,163.6350870777137,163.6350870777137,0.0,0.0
515,2019-01-22 11:00:00,1,2019-01-22 12:00:00,0.10531,0.10531,0.10531,0.12,0.30428195517700696,163.6358179442274,-0.0,0.0,0.0,163.6358179442274,163.6358179442274,0.0,0.0
516,2019-01-22 12:00:00,1,2019-01-22 13:00:00,0.10531,0.10531,0.10531,0.12,0.30428195517700696,163.63581813645567,-0.0,0.0,0.0,163.63581813645567,163.63581813645567,0.0,0.0
517,2019-01-22 13:00:00,1,2019-01-22 14:00:00,0.10531,0.10531,0.10531,0.12,0.304281955177007,163.63691419555332,-0.0,0.0,0.0,163.63691419555332,163.63691419555332,0.0,0.0
518,2019-01-22 14:00:00,1,2019-01-22 15:00:00,0.10531,0.10531,0.10531,0.12,0.304281955177007,163.6358181124271,-204.97221288955913,0.0,0.0,368.6080310019862,368.6080310019862,0.0,1.0
519,2019-01-22 15:00:00,1,2019-01-22 16:00:00,0.10531,0.10531,0.10531,0.12,0.54,163.63508695059502,-400.0,0.0,0.0,563.635086950595,563.635086950595,0.0,1.0
520,2019-01-22 16:00:00,1,2019-01-22 17:00:00,0.13592,0.13592,0.13592,0.12,1.0,201.52946805865656,-0.0,201.52946805865648,0.0,0.0,0.0,1.0,0.0
521,2019-01-22 17:00:00,1,2019-01-22 18:00:00,0.13592,0.13592,0.13592,0.12,0.7261827879637819,263.061827543216,-0.0,263.0618275432158,0.0,1.7053025658242404e-13,1.7053025658242404e-13,0.0,0.0
522,2019-01-22 18:00:00,1,2019-01-22 19:00:00,0.13592,0.13592,0.13592,0.12,0.36876182662789087,269.68414233763303,-0.0,269.68414233763303,0.0,0.0,0.0,0.0,0.0
523,2019-01-22 19:00:00,1,2019-01-22 20:00:00,0.13592,0.13592,0.13592,0.12,0.002343154973498201,250.73695181305655,-0.0,1.724562060494676,0.0,249.0123897525619,249.0123897525619,0.0,0.0
524,2019-01-22 20:00:00,1,2019-01-22 21:00:00,0.13592,0.13592,0.13592,0.12,0.0,250.736951809181,-0.0,0.0,0.0,250.736951809181,250.736951809181,0.0,0.0
525,2019-01-22 21:00:00,1,2019-01-22 22:00:00,0.10531,0.10531,0.10531,0.12,0.0,231.7908572297605,-0.0,0.0,0.0,231.7908572297605,231.7908572297605,0.0,0.0
526,2019-01-22 22:00:00,1,2019-01-22 23:00:00,0.10531,0.10531,0.10531,0.12,0.0,212.84257062903384,-0.0,0.0,0.0,212.84257062903384,212.84257062903384,0.0,0.0
527,2019-01-22 23:00:00,1,2019-01-23 00:00:00,0.10531,0.10531,0.10531,0.12,0.0,193.8953801160841,-0.0,0.0,0.0,193.8953801160841,193.8953801160841,0.0,1.0
528,2019-01-23 00:00:00,1,2019-01-23 01:00:00,0.10531,0.10531,0.10531,0.12,0.0,223.05439021702256,-0.0,0.0,0.0,223.05439021702256,223.05439021702256,0.0,0.0
529,2019-01-23 01:00:00,1,2019-01-23 02:00:00,0.10531,0.10531,0.10531,0.12,0.0,223.05439018989355,-0.0,0.0,0.0,223.05439018989355,223.05439018989355,0.0,0.0
530,2019-01-23 02:00:00,1,2019-01-23 03:00:00,0.10531,0.10531,0.10531,0.12,0.0,223.05439021624744,-0.0,0.0,0.0,223.05439021624744,223.05439021624744,0.0,0.0
531,2019-01-23 03:00:00,1,2019-01-23 04:00:00,0.10531,0.10531,0.10531,0.12,0.0,223.0543902301995,-0.0,0.0,0.0,223.0543902301995,223.0543902301995,0.0,0.0
532,2019-01-23 04:00:00,1,2019-01-23 05:00:00,0.10531,0.10531,0.10531,0.12,0.0,232.5279855413199,-0.0,0.0,0.0,232.5279855413199,232.5279855413199,0.0,0.0
533,2019-01-23 05:00:00,1,2019-01-23 06:00:00,0.10531,0.10531,0.10531,0.12,0.0,270.79239263817817,-0.0,0.0,0.0,270.79239263817817,270.79239263817817,0.0,0.0
534,2019-01-23 06:00:00,1,2019-01-23 07:00:00,0.10531,0.10531,0.10531,0.12,0.0,331.9019546494729,-0.0,0.0,0.0,331.9019546494729,331.9019546494729,0.0,0.0
535,2019-01-23 07:00:00,1,2019-01-23 08:00:00,0.10531,0.10531,0.10531,0.12,0.0,401.52252015893765,-400.0,0.0,0.0,801.5225201589376,801.5225201589376,0.0,1.0
536,2019-01-23 08:00:00,1,2019-01-23 09:00:00,0.10531,0.10531,0.10531,0.12,0.46,813.12148322651,-22.891685832845383,0.0,0.0,836.0131690593554,836.0131690593554,0.0,1.0
537,2019-01-23 09:00:00,1,2019-01-23 10:00:00,0.10531,0.10531,0.10531,0.12,0.4863254387077722,784.6736330142777,0.0,0.0,0.0,784.6736330142777,784.6736330142777,0.0,0.0
538,2019-01-23 10:00:00,1,2019-01-23 11:00:00,0.10531,0.10531,0.10531,0.12,0.4863254387077722,746.7603303142525,-89.25283874510285,0.0,0.0,836.0131690593554,836.0131690593554,0.0,1.0
539,2019-01-23 11:00:00,1,2019-01-23 12:00:00,0.10531,0.10531,0.10531,0.12,0.5889662032646406,746.7443320069669,-89.26883705238845,0.0,0.0,836.0131690593554,836.0131690593554,0.0,1.0
540,2019-01-23 12:00:00,1,2019-01-23 13:00:00,0.10531,0.10531,0.10531,0.12,0.6916253658748873,708.1096625875366,-115.06484262299762,0.0,0.0,823.1745052105342,823.1745052105342,0.0,1.0
541,2019-01-23 13:00:00,1,2019-01-23 14:00:00,0.10531,0.10531,0.10531,0.12,0.8239499348913345,746.6442480884228,-76.53025712211138,0.0,0.0,823.1745052105342,823.1745052105342,0.0,1.0
542,2019-01-23 14:00:00,1,2019-01-23 15:00:00,0.10531,0.10531,0.10531,0.12,0.9119597305817626,746.6256541340003,-0.0,0.0,0.0,746.6256541340003,746.6256541340003,0.0,0.0
543,2019-01-23 15:00:00,1,2019-01-23 16:00:00,0.10531,0.10531,0.10531,0.12,0.9119597305817626,746.6177491946756,-76.55675601585858,0.0,0.0,823.1745052105342,823.1745052105342,0.0,1.0
544,2019-01-23 16:00:00,1,2019-01-23 17:00:00,0.13592,0.13592,0.13592,0.12,1.0,784.5297281986057,-0.0,336.00000000000006,0.0,448.5297281986056,448.5297281986056,0.0,0.0
545,2019-01-23 17:00:00,1,2019-01-23 18:00:00,0.13592,0.13592,0.13592,0.12,0.5434782608695652,730.2543757920253,-0.0,400.0,0.0,330.25437579202526,330.25437579202526,0.0,0.0
546,2019-01-23 18:00:00,1,2019-01-23 19:00:00,0.13592,0.13592,0.13592,0.12,0.0,582.4040604733628,-0.0,0.0,0.0,582.4040604733628,582.4040604733628,0.0,0.0
547,2019-01-23 19:00:00,1,2019-01-23 20:00:00,0.13592,0.13592,0.13592,0.12,0.0,563.4718824871545,-0.0,0.0,0.0,563.4718824871545,563.4718824871545,0.0,0.0
548,2019-01-23 20:00:00,1,2019-01-23 21:00:00,0.13592,0.13592,0.13592,0.12,0.0,447.615609137215,-0.0,0.0,0.0,447.615609137215,447.615609137215,0.0,0.0
549,2019-01-23 21:00:00,1,2019-01-23 22:00:00,0.10531,0.10531,0.10531,0.12,0.0,428.6765013468121,0.0,0.0,0.0,428.6765013468121,428.6765013468121,0.0,0.0
550,2019-01-23 22:00:00,1,2019-01-23 23:00:00,0.10531,0.10531,0.10531,0.12,0.0,270.7912959365111,-0.0,0.0,0.0,270.7912959365111,270.7912959365111,0.0,0.0
551,2019-01-23 23:00:00,1,2019-01-24 00:00:00,0.10531,0.10531,0.10531,0.12,0.0,232.52798544443067,-0.0,0.0,0.0,232.52798544443067,232.52798544443067,0.0,0.0
552,2019-01-24 00:00:00,1,2019-01-24 01:00:00,0.10531,0.10531,0.10531,0.12,0.0,223.05439034026568,0.0,0.0,0.0,223.05439034026568,223.05439034026568,0.0,0.0
553,2019-01-24 01:00:00,1,2019-01-24 02:00:00,0.10531,0.10531,0.10531,0.12,0.0,223.05439038444715,-0.0,0.0,0.0,223.05439038444715,223.05439038444715,0.0,0.0
554,2019-01-24 02:00:00,1,2019-01-24 03:00:00,0.10531,0.10531,0.10531,0.12,0.0,223.054390410801,-0.0,0.0,0.0,223.054390410801,223.054390410801,0.0,0.0
555,2019-01-24 03:00:00,1,2019-01-24 04:00:00,0.10531,0.10531,0.10531,0.12,0.0,223.05439037979647,-302.6079756008968,0.0,0.0,525.6623659806933,525.6623659806933,0.0,1.0
556,2019-01-24 04:00:00,1,2019-01-24 05:00:00,0.10531,0.10531,0.10531,0.12,0.3479991719410313,232.52798570099336,-0.0,0.0,0.0,232.52798570099336,232.52798570099336,0.0,0.0
557,2019-01-24 05:00:00,1,2019-01-24 06:00:00,0.10531,0.10531,0.10531,0.12,0.3479991719410313,271.3718638936774,-0.0,0.0,0.0,271.3718638936774,271.3718638936774,0.0,0.0
558,2019-01-24 06:00:00,1,2019-01-24 07:00:00,0.10531,0.10531,0.10531,0.12,0.3479991719410313,332.0248275636063,-400.0,0.0,0.0,732.0248275636063,732.0248275636063,0.0,1.0
559,2019-01-24 07:00:00,1,2019-01-24 08:00:00,0.10531,0.10531,0.10531,0.12,0.8079991719410313,401.61680635270244,0.0,0.0,0.0,401.61680635270244,401.61680635270244,0.0,0.0
560,2019-01-24 08:00:00,1,2019-01-24 09:00:00,0.10531,0.10531,0.10531,0.12,0.8079991719410313,813.061354502843,-0.0,0.0,0.0,813.061354502843,813.061354502843,0.0,1.0
561,2019-01-24 09:00:00,1,2019-01-24 10:00:00,0.10531,0.10531,0.10531,0.12,0.8079991719410313,784.5648270220447,0.0,0.0,0.0,784.5648270220447,784.5648270220447,0.0,0.0
562,2019-01-24 10:00:00,1,2019-01-24 11:00:00,0.10531,0.10531,0.10531,0.12,0.8079991719410313,746.656877661604,0.0,0.0,0.0,746.656877661604,746.656877661604,0.0,0.0
563,2019-01-24 11:00:00,1,2019-01-24 12:00:00,0.10531,0.10531,0.10531,0.12,0.8079991719410313,747.1121518650596,-0.0,0.0,0.0,747.1121518650596,747.1121518650596,0.0,0.0
564,2019-01-24 12:00:00,1,2019-01-24 13:00:00,0.10531,0.10531,0.10531,0.12,0.8079991719410313,710.4590022505203,-0.0,0.0,0.0,710.4590022505203,710.4590022505203,0.0,0.0
565,2019-01-24 13:00:00,1,2019-01-24 14:00:00,0.10531,0.10531,0.10531,0.12,0.8079991719410313,749.7409189553117,-60.482979575887065,-5.684341886080802e-14,0.0,810.2238985311988,810.2238985311988,0.0,1.0
566,2019-01-24 14:00:00,1,2019-01-24 15:00:00,0.10531,0.10531,0.10531,0.12,0.8775545984533015,748.7064649647581,-0.0,0.0,0.0,748.7064649647581,748.7064649647581,0.0,0.0
567,2019-01-24 15:00:00,1,2019-01-24 16:00:00,0.10531,0.10531,0.10531,0.12,0.8775545984533015,747.263630714635,-106.47426221452042,0.0,0.0,853.7378929291555,853.7378929291555,0.0,1.0
568,2019-01-24 16:00:00,1,2019-01-24 17:00:00,0.13592,0.13592,0.13592,0.12,1.0,784.5167321120467,-0.0,336.00000000000006,0.0,448.51673211204667,448.51673211204667,0.0,0.0
569,2019-01-24 17:00:00,1,2019-01-24 18:00:00,0.13592,0.13592,0.13592,0.12,0.5434782608695652,730.2025154818392,-0.0,0.0,0.0,730.2025154818392,730.2025154818392,0.0,1.0
570,2019-01-24 18:00:00,1,2019-01-24 19:00:00,0.13592,0.13592,0.13592,0.12,0.5434782608695652,582.3570313294614,-0.0,0.0,0.0,582.3570313294614,582.3570313294614,0.0,0.0
571,2019-01-24 19:00:00,1,2019-01-24 20:00:00,0.13592,0.13592,0.13592,0.12,0.5434782608695652,563.4276318591349,-0.0,0.0,0.0,563.4276318591349,563.4276318591349,0.0,0.0
572,2019-01-24 20:00:00,1,2019-01-24 21:00:00,0.13592,0.13592,0.13592,0.12,0.5434782608695652,447.56449553687054,-0.0,400.0,0.0,47.56449553687054,47.56449553687054,0.0,0.0
573,2019-01-24 21:00:00,1,2019-01-24 22:00:00,0.10531,0.10531,0.10531,0.12,0.0,428.61832043164316,-0.0,0.0,0.0,428.61832043164316,428.61832043164316,0.0,0.0
574,2019-01-24 22:00:00,1,2019-01-24 23:00:00,0.10531,0.10531,0.10531,0.12,0.0,270.79129610083527,-0.0,0.0,0.0,270.79129610083527,270.79129610083527,0.0,0.0
575,2019-01-24 23:00:00,1,2019-01-25 00:00:00,0.10531,0.10531,0.10531,0.12,0.0,232.52798564751046,-0.0,0.0,0.0,232.52798564751046,232.52798564751046,0.0,0.0
576,2019-01-25 00:00:00,1,2019-01-25 01:00:00,0.10531,0.10531,0.10531,0.12,0.0,223.05439062395737,-0.0,0.0,0.0,223.05439062395737,223.05439062395737,0.0,0.0
577,2019-01-25 01:00:00,1,2019-01-25 02:00:00,0.10531,0.10531,0.10531,0.12,0.0,223.05439056737404,-0.0,0.0,0.0,223.05439056737404,223.05439056737404,0.0,0.0
578,2019-01-25 02:00:00,1,2019-01-25 03:00:00,0.10531,0.10531,0.10531,0.12,0.0,223.05439057977586,-0.0,0.0,0.0,223.05439057977586,223.05439057977586,0.0,0.0
579,2019-01-25 03:00:00,1,2019-01-25 04:00:00,0.10531,0.10531,0.10531,0.12,0.0,223.05439064953612,-0.0,0.0,0.0,223.05439064953612,223.05439064953612,0.0,0.0
580,2019-01-25 04:00:00,1,2019-01-25 05:00:00,0.10531,0.10531,0.10531,0.12,0.0,232.52798592732663,-0.0,0.0,0.0,232.52798592732663,232.52798592732663,0.0,0.0
581,2019-01-25 05:00:00,1,2019-01-25 06:00:00,0.10531,0.10531,0.10531,0.12,0.0,270.7923930939452,-0.0,0.0,0.0,270.7923930939452,270.7923930939452,0.0,0.0
582,2019-01-25 06:00:00,1,2019-01-25 07:00:00,0.10531,0.10531,0.10531,0.12,0.0,331.8141355951968,-400.00000000000006,0.0,0.0,731.8141355951968,731.8141355951968,0.0,1.0
583,2019-01-25 07:00:00,1,2019-01-25 08:00:00,0.10531,0.10531,0.10531,0.12,0.4600000000000001,401.4771673654731,0.0,0.0,0.0,401.4771673654731,401.4771673654731,0.0,0.0
584,2019-01-25 08:00:00,1,2019-01-25 09:00:00,0.10531,0.10531,0.10531,0.12,0.4600000000000001,813.0741928537254,-36.23398641035137,0.0,0.0,849.3081792640768,849.3081792640768,0.0,1.0
585,2019-01-25 09:00:00,1,2019-01-25 10:00:00,0.10531,0.10531,0.10531,0.12,0.5016690843719042,784.6157346188204,0.0,0.0,0.0,784.6157346188204,784.6157346188204,0.0,0.0
586,2019-01-25 10:00:00,1,2019-01-25 11:00:00,0.10531,0.10531,0.10531,0.12,0.5016690843719042,746.6511723428022,-102.65700692127463,0.0,0.0,849.3081792640768,849.3081792640768,0.0,1.0
587,2019-01-25 11:00:00,1,2019-01-25 12:00:00,0.10531,0.10531,0.10531,0.12,0.61972464233137,746.6646948037782,-102.64348446029862,0.0,0.0,849.3081792640768,849.3081792640768,0.0,1.0
588,2019-01-25 12:00:00,1,2019-01-25 13:00:00,0.10531,0.10531,0.10531,0.12,0.7377646494607135,708.0358972821006,-145.70199564705493,0.0,0.0,853.7378929291555,853.7378929291555,0.0,1.0
589,2019-01-25 13:00:00,1,2019-01-25 14:00:00,0.10531,0.10531,0.10531,0.12,0.9053219444548267,762.5497216466736,-0.0,0.0,0.0,762.5497216466736,762.5497216466736,0.0,0.0
590,2019-01-25 14:00:00,1,2019-01-25 15:00:00,0.10531,0.10531,0.10531,0.12,0.9053219444548267,746.633940241006,-82.32874395232454,0.0,0.0,828.9626841933306,828.9626841933306,0.0,1.0
591,2019-01-25 15:00:00,1,2019-01-25 16:00:00,0.10531,0.10531,0.10531,0.12,1.0,746.6123552523005,0.0,0.0,0.0,746.6123552523005,746.6123552523005,0.0,0.0
592,2019-01-25 16:00:00,1,2019-01-25 17:00:00,0.13592,0.13592,0.13592,0.12,1.0,784.5316974064481,-0.0,400.0,0.0,384.5316974064481,384.5316974064481,0.0,0.0
593,2019-01-25 17:00:00,1,2019-01-25 18:00:00,0.13592,0.13592,0.13592,0.12,0.4565217391304348,730.2288672295158,-0.0,0.0,0.0,730.2288672295158,730.2288672295158,0.0,1.0
594,2019-01-25 18:00:00,1,2019-01-25 19:00:00,0.13592,0.13592,0.13592,0.12,0.4565217391304348,582.3687040671763,-0.0,0.0,0.0,582.3687040671763,582.3687040671763,0.0,0.0
595,2019-01-25 19:00:00,1,2019-01-25 20:00:00,0.13592,0.13592,0.13592,0.12,0.4565217391304348,563.431481638996,-0.0,0.0,0.0,563.431481638996,563.431481638996,0.0,0.0
596,2019-01-25 20:00:00,1,2019-01-25 21:00:00,0.13592,0.13592,0.13592,0.12,0.4565217391304348,447.5649983338732,-0.0,336.00000000000006,0.0,111.56499833387312,111.56499833387312,0.0,0.0
597,2019-01-25 21:00:00,1,2019-01-25 22:00:00,0.10531,0.10531,0.10531,0.12,0.0,428.626846607698,-0.0,0.0,0.0,428.626846607698,428.626846607698,0.0,0.0
598,2019-01-25 22:00:00,1,2019-01-25 23:00:00,0.10531,0.10531,0.10531,0.12,0.0,270.79129636747444,-0.0,0.0,0.0,270.79129636747444,270.79129636747444,0.0,0.0
599,2019-01-25 23:00:00,1,2019-01-26 00:00:00,0.10531,0.10531,0.10531,0.12,0.0,232.52798585911657,-0.0,0.0,0.0,232.52798585911657,232.52798585911657,0.0,0.0
600,2019-01-26 00:00:00,1,2019-01-26 01:00:00,0.10531,0.10531,0.10531,0.12,0.0,223.0543907433249,0.0,0.0,0.0,223.0543907433249,223.0543907433249,0.0,0.0
601,2019-01-26 01:00:00,1,2019-01-26 02:00:00,0.10531,0.10531,0.10531,0.12,0.0,223.05439083401322,-0.0,0.0,0.0,223.05439083401322,223.05439083401322,0.0,0.0
602,2019-01-26 02:00:00,1,2019-01-26 03:00:00,0.10531,0.10531,0.10531,0.12,0.0,223.05439082161138,-0.0,0.0,0.0,223.05439082161138,223.05439082161138,0.0,0.0
603,2019-01-26 03:00:00,1,2019-01-26 04:00:00,0.10531,0.10531,0.10531,0.12,0.0,223.0543908185109,-0.0,0.0,0.0,223.0543908185109,223.0543908185109,0.0,0.0
604,2019-01-26 04:00:00,1,2019-01-26 05:00:00,0.10531,0.10531,0.10531,0.12,0.0,232.52798612575575,-0.0,0.0,0.0,232.52798612575575,232.52798612575575,0.0,0.0
605,2019-01-26 05:00:00,1,2019-01-26 06:00:00,0.10531,0.10531,0.10531,0.12,0.0,270.7923930668162,-0.0,1.4081835243125984e-14,0.0,270.7923930668162,270.7923930668162,0.0,0.0
606,2019-01-26 06:00:00,1,2019-01-26 07:00:00,0.10531,0.10531,0.10531,0.12,0.0,339.80017861124526,-107.84191237860712,0.0,0.0,447.64209098985236,447.64209098985236,0.0,1.0
607,2019-01-26 07:00:00,1,2019-01-26 08:00:00,0.10531,0.10531,0.10531,0.12,0.12401819923539818,401.50218820384464,-400.0,0.0,0.0,801.5021882038446,801.5021882038446,0.0,1.0
608,2019-01-26 08:00:00,1,2019-01-26 09:00:00,0.10531,0.10531,0.10531,0.12,0.5840181992353982,813.1187391450628,-40.619153784092646,0.0,0.0,853.7378929291555,853.7378929291555,0.0,1.0
609,2019-01-26 09:00:00,1,2019-01-26 10:00:00,0.10531,0.10531,0.10531,0.12,0.6307302260871047,784.6770379113208,0.0,0.0,0.0,784.6770379113208,784.6770379113208,0.0,0.0
610,2019-01-26 10:00:00,1,2019-01-26 11:00:00,0.10531,0.10531,0.10531,0.12,0.6307302260871047,746.7505438045625,-106.98734912459292,0.0,0.0,853.7378929291555,853.7378929291555,0.0,1.0
611,2019-01-26 11:00:00,1,2019-01-26 12:00:00,0.10531,0.10531,0.10531,0.12,0.7537656775803866,746.7373723818157,-107.00052054733976,0.0,0.0,853.7378929291555,853.7378929291555,0.0,1.0
612,2019-01-26 12:00:00,1,2019-01-26 13:00:00,0.10531,0.10531,0.10531,0.12,0.8768162762098274,708.0890166276059,-0.0,-2.8323193973106247e-14,0.0,708.0890166276059,708.0890166276059,0.0,1.0
613,2019-01-26 13:00:00,1,2019-01-26 14:00:00,0.10531,0.10531,0.10531,0.12,0.8768162762098275,746.6480530969308,0.0,0.0,0.0,746.6480530969308,746.6480530969308,0.0,0.0
614,2019-01-26 14:00:00,1,2019-01-26 15:00:00,0.10531,0.10531,0.10531,0.12,0.8768162762098275,746.6216113724836,-107.11628155667177,0.0,0.0,853.7378929291554,853.7378929291554,0.0,1.0
615,2019-01-26 15:00:00,1,2019-01-26 16:00:00,0.10531,0.10531,0.10531,0.12,1.0,746.6207754137033,-0.0,0.0,0.0,746.6207754137033,746.6207754137033,0.0,0.0
616,2019-01-26 16:00:00,1,2019-01-26 17:00:00,0.13592,0.13592,0.13592,0.12,1.0,784.5283097944448,-0.0,0.0,0.0,784.5283097944448,784.5283097944448,0.0,1.0
617,2019-01-26 17:00:00,1,2019-01-26 18:00:00,0.13592,0.13592,0.13592,0.12,1.0,723.6073981021804,-0.0,0.0,0.0,723.6073981021804,723.6073981021804,0.0,1.0
618,2019-01-26 18:00:00,1,2019-01-26 19:00:00,0.13592,0.13592,0.13592,0.12,1.0,582.3715283287297,-0.0,0.0,0.0,582.3715283287297,582.3715283287297,0.0,0.0
619,2019-01-26 19:00:00,1,2019-01-26 20:00:00,0.13592,0.13592,0.13592,0.12,1.0,563.4400302623493,-0.0,336.00000000000006,0.0,227.44003026234924,227.44003026234924,0.0,0.0
620,2019-01-26 20:00:00,1,2019-01-26 21:00:00,0.13592,0.13592,0.13592,0.12,0.5434782608695652,447.5803576457939,-0.0,400.0,0.0,47.580357645793924,47.580357645793924,0.0,0.0
621,2019-01-26 21:00:00,1,2019-01-26 22:00:00,0.10531,0.10531,0.10531,0.12,0.0,428.64146210095197,0.0,0.0,0.0,428.64146210095197,428.64146210095197,0.0,0.0
622,2019-01-26 22:00:00,1,2019-01-26 23:00:00,0.10531,0.10531,0.10531,0.12,0.0,270.7912965224972,-0.0,0.0,0.0,270.7912965224972,270.7912965224972,0.0,0.0
623,2019-01-26 23:00:00,1,2019-01-27 00:00:00,0.10531,0.10531,0.10531,0.12,0.0,232.5279860893254,-0.0,0.0,0.0,232.5279860893254,232.5279860893254,0.0,0.0
624,2019-01-27 00:00:00,1,2019-01-27 01:00:00,0.10531,0.10531,0.10531,0.12,0.0,223.05439093632822,0.0,0.0,0.0,223.05439093632822,223.05439093632822,0.0,0.0
625,2019-01-27 01:00:00,1,2019-01-27 02:00:00,0.10531,0.10531,0.10531,0.12,0.0,223.05439097508395,-0.0,0.0,0.0,223.05439097508395,223.05439097508395,0.0,0.0
626,2019-01-27 02:00:00,1,2019-01-27 03:00:00,0.10531,0.10531,0.10531,0.12,0.0,223.05439097585906,-0.0,0.0,0.0,223.05439097585906,223.05439097585906,0.0,0.0
627,2019-01-27 03:00:00,1,2019-01-27 04:00:00,0.10531,0.10531,0.10531,0.12,0.0,223.0543909518305,-282.6213796714139,0.0,0.0,505.6757706232444,505.6757706232444,0.0,1.0
628,2019-01-27 04:00:00,1,2019-01-27 05:00:00,0.10531,0.10531,0.10531,0.12,0.325014586622126,232.52798626605139,-0.0,0.0,0.0,232.52798626605139,232.52798626605139,0.0,0.0
629,2019-01-27 05:00:00,1,2019-01-27 06:00:00,0.10531,0.10531,0.10531,0.12,0.325014586622126,270.79239326292,-0.0,0.0,0.0,270.79239326292,270.79239326292,0.0,0.0
630,2019-01-27 06:00:00,1,2019-01-27 07:00:00,0.10531,0.10531,0.10531,0.12,0.325014586622126,331.9243005473313,-0.0,0.0,0.0,331.9243005473313,331.9243005473313,0.0,0.0
631,2019-01-27 07:00:00,1,2019-01-27 08:00:00,0.10531,0.10531,0.10531,0.12,0.325014586622126,401.5579734752886,-400.0,0.0,0.0,801.5579734752886,801.5579734752886,0.0,1.0
632,2019-01-27 08:00:00,1,2019-01-27 09:00:00,0.10531,0.10531,0.10531,0.12,0.785014586622126,813.0284495772607,-0.0,0.0,0.0,813.0284495772607,813.0284495772607,0.0,0.0
633,2019-01-27 09:00:00,1,2019-01-27 10:00:00,0.10531,0.10531,0.10531,0.12,0.785014586622126,784.5466054276842,0.0,0.0,0.0,784.5466054276842,784.5466054276842,0.0,0.0
634,2019-01-27 10:00:00,1,2019-01-27 11:00:00,0.10531,0.10531,0.10531,0.12,0.785014586622126,747.2686808498185,-75.0605242236984,0.0,0.0,822.3292050735168,822.3292050735168,0.0,1.0
635,2019-01-27 11:00:00,1,2019-01-27 12:00:00,0.10531,0.10531,0.10531,0.12,0.8713341894793791,749.1939680696905,-73.13523700382632,0.0,0.0,822.3292050735168,822.3292050735168,0.0,1.0
636,2019-01-27 12:00:00,1,2019-01-27 13:00:00,0.10531,0.10531,0.10531,0.12,0.9554397120337793,730.132109250263,-38.74807649236584,5.88329385209363e-14,0.0,768.8801857426288,768.8801857426288,0.0,1.0
637,2019-01-27 13:00:00,1,2019-01-27 14:00:00,0.10531,0.10531,0.10531,0.12,1.0,821.8864742273241,-0.0,1.0621197739914843e-13,0.0,821.8864742273241,821.8864742273241,0.0,1.0
638,2019-01-27 14:00:00,1,2019-01-27 15:00:00,0.10531,0.10531,0.10531,0.12,1.0000000000000002,822.3292050735168,-0.0,-1.1368683772161603e-13,0.0,822.329205073517,822.329205073517,0.0,1.0
639,2019-01-27 15:00:00,1,2019-01-27 16:00:00,0.10531,0.10531,0.10531,0.12,1.0,783.5811285811511,-0.0,-2.842170943040401e-14,0.0,783.5811285811511,783.5811285811511,0.0,1.0
640,2019-01-27 16:00:00,1,2019-01-27 17:00:00,0.13592,0.13592,0.13592,0.12,1.0,784.5065909094654,-0.0,400.0,0.0,384.50659090946544,384.50659090946544,0.0,0.0
641,2019-01-27 17:00:00,1,2019-01-27 18:00:00,0.13592,0.13592,0.13592,0.12,0.4565217391304348,723.5533230947314,-0.0,336.00000000000006,0.0,387.5533230947313,387.5533230947313,0.0,0.0
642,2019-01-27 18:00:00,1,2019-01-27 19:00:00,0.13592,0.13592,0.13592,0.12,0.0,590.2883776021572,-0.0,0.0,0.0,590.2883776021572,590.2883776021572,0.0,1.0
643,2019-01-27 19:00:00,1,2019-01-27 20:00:00,0.13592,0.13592,0.13592,0.12,0.0,563.4087794654638,-0.0,0.0,0.0,563.4087794654638,563.4087794654638,0.0,1.0
644,2019-01-27 20:00:00,1,2019-01-27 21:00:00,0.13592,0.13592,0.13592,0.12,0.0,447.5437656266796,-0.0,0.0,0.0,447.5437656266796,447.5437656266796,0.0,0.0
645,2019-01-27 21:00:00,1,2019-01-27 22:00:00,0.10531,0.10531,0.10531,0.12,0.0,428.6082275225328,0.0,0.0,0.0,428.6082275225328,428.6082275225328,0.0,0.0
646,2019-01-27 22:00:00,1,2019-01-27 23:00:00,0.10531,0.10531,0.10531,0.12,0.0,270.79129688447546,-0.0,0.0,0.0,270.79129688447546,270.79129688447546,0.0,0.0
647,2019-01-27 23:00:00,1,2019-01-28 00:00:00,0.10531,0.10531,0.10531,0.12,0.0,232.52798632496004,-0.0,0.0,0.0,232.52798632496004,232.52798632496004,0.0,0.0
648,2019-01-28 00:00:00,1,2019-01-28 01:00:00,0.10531,0.10531,0.10531,0.12,0.0,184.42215131136572,-0.0,0.0,0.0,184.42215131136572,184.42215131136572,0.0,1.0
649,2019-01-28 01:00:00,1,2019-01-28 02:00:00,0.10531,0.10531,0.10531,0.12,0.0,184.42215130438973,-0.0,0.0,0.0,184.42215130438973,184.42215130438973,0.0,0.0
650,2019-01-28 02:00:00,1,2019-01-28 03:00:00,0.10531,0.10531,0.10531,0.12,0.0,184.42215130826526,-0.0,0.0,0.0,184.42215130826526,184.42215130826526,0.0,0.0
651,2019-01-28 03:00:00,1,2019-01-28 04:00:00,0.10531,0.10531,0.10531,0.12,0.0,184.42215121757695,-0.0,0.0,0.0,184.42215121757695,184.42215121757695,0.0,0.0
652,2019-01-28 04:00:00,1,2019-01-28 05:00:00,0.10531,0.10531,0.10531,0.12,0.0,193.8957464969177,-320.44438225333926,0.0,0.0,514.340128750257,514.340128750257,0.0,1.0
653,2019-01-28 05:00:00,1,2019-01-28 06:00:00,0.10531,0.10531,0.10531,0.12,0.36851103959134013,212.84403383477763,-0.0,0.0,0.0,212.84403383477763,212.84403383477763,0.0,0.0
654,2019-01-28 06:00:00,1,2019-01-28 07:00:00,0.10531,0.10531,0.10531,0.12,0.36851103959134013,331.9159529854208,-0.0,0.0,0.0,331.9159529854208,331.9159529854208,0.0,0.0
655,2019-01-28 07:00:00,1,2019-01-28 08:00:00,0.10531,0.10531,0.10531,0.12,0.36851103959134013,324.24385382353114,-0.0,0.0,0.0,324.24385382353114,324.24385382353114,0.0,0.0
656,2019-01-28 08:00:00,1,2019-01-28 09:00:00,0.10531,0.10531,0.10531,0.12,0.36851103959134013,504.02209112273243,-10.318037627524518,0.0,0.0,514.340128750257,514.340128750257,0.0,1.0
657,2019-01-28 09:00:00,1,2019-01-28 10:00:00,0.10531,0.10531,0.10531,0.12,0.38037678286299337,475.5283419462098,-0.0,0.0,0.0,475.5283419462098,475.5283419462098,0.0,1.0
658,2019-01-28 10:00:00,1,2019-01-28 11:00:00,0.10531,0.10531,0.10531,0.12,0.38037678286299337,437.61351735811854,-0.0,0.0,0.0,437.61351735811854,437.61351735811854,0.0,0.0
659,2019-01-28 11:00:00,1,2019-01-28 12:00:00,0.10531,0.10531,0.10531,0.12,0.38037678286299337,437.623131867711,-0.0,0.0,0.0,437.623131867711,437.623131867711,0.0,0.0
660,2019-01-28 12:00:00,1,2019-01-28 13:00:00,0.10531,0.10531,0.10531,0.12,0.38037678286299337,442.28435919267906,-1.7053025658242404e-13,0.0,0.0,442.28435919267923,442.28435919267923,0.0,0.0
661,2019-01-28 13:00:00,1,2019-01-28 14:00:00,0.10531,0.10531,0.10531,0.12,0.3803767828629936,439.27185054000466,-0.0,0.0,0.0,439.27185054000466,439.27185054000466,0.0,0.0
662,2019-01-28 14:00:00,1,2019-01-28 15:00:00,0.10531,0.10531,0.10531,0.12,0.3803767828629936,245.39344897201107,-268.9466797782457,0.0,0.0,514.3401287502568,514.3401287502568,0.0,1.0
663,2019-01-28 15:00:00,1,2019-01-28 16:00:00,0.10531,0.10531,0.10531,0.12,0.6896654646079763,244.4840110180623,-269.8561177321945,0.0,0.0,514.3401287502568,514.3401287502568,0.0,1.0
664,2019-01-28 16:00:00,1,2019-01-28 17:00:00,0.13592,0.13592,0.13592,0.12,1.0,282.3907136659445,-0.0,282.3907136659445,0.0,0.0,0.0,0.0,0.0
665,2019-01-28 17:00:00,1,2019-01-28 18:00:00,0.13592,0.13592,0.13592,0.12,0.6163169651277929,279.4371647954304,-0.0,183.92404592280388,0.0,95.51311887262653,95.51311887262653,0.0,0.0
666,2019-01-28 18:00:00,1,2019-01-28 19:00:00,0.13592,0.13592,0.13592,0.12,0.3664201636022441,269.6852404112517,-0.0,269.6852404112517,0.0,0.0,0.0,0.0,0.0
667,2019-01-28 19:00:00,1,2019-01-28 20:00:00,0.13592,0.13592,0.13592,0.12,0.0,250.73804965956685,-0.0,0.0,0.0,250.73804965956685,250.73804965956685,0.0,0.0
668,2019-01-28 20:00:00,1,2019-01-28 21:00:00,0.13592,0.13592,0.13592,0.12,0.0,250.7380494340087,-0.0,0.0,0.0,250.7380494340087,250.7380494340087,0.0,0.0
669,2019-01-28 21:00:00,1,2019-01-28 22:00:00,0.10531,0.10531,0.10531,0.12,0.0,231.79159007669014,-0.0,0.0,0.0,231.79159007669014,231.79159007669014,0.0,0.0
670,2019-01-28 22:00:00,1,2019-01-28 23:00:00,0.10531,0.10531,0.10531,0.12,0.0,212.84293704939822,-0.0,0.0,0.0,212.84293704939822,212.84293704939822,0.0,0.0
671,2019-01-28 23:00:00,1,2019-01-29 00:00:00,0.10531,0.10531,0.10531,0.12,0.0,193.8957465023435,-0.0,0.0,0.0,193.8957465023435,193.8957465023435,0.0,0.0
672,2019-01-29 00:00:00,1,2019-01-29 01:00:00,0.10531,0.10531,0.10531,0.12,0.0,184.42178570487093,-221.6682252368229,0.0,0.0,406.09001094169383,406.09001094169383,0.0,1.0
673,2019-01-29 01:00:00,1,2019-01-29 02:00:00,0.10531,0.10531,0.10531,0.12,0.2549184590223464,184.4217857854828,0.0,0.0,0.0,184.4217857854828,184.4217857854828,0.0,0.0
674,2019-01-29 02:00:00,1,2019-01-29 03:00:00,0.10531,0.10531,0.10531,0.12,0.2549184590223464,184.4217858203629,-221.66822512133092,0.0,0.0,406.09001094169383,406.09001094169383,0.0,1.0
675,2019-01-29 03:00:00,1,2019-01-29 04:00:00,0.10531,0.10531,0.10531,0.12,0.5098369179118769,184.42178580641087,-221.66822513528297,0.0,0.0,406.09001094169383,406.09001094169383,0.0,1.0
676,2019-01-29 04:00:00,1,2019-01-29 05:00:00,0.10531,0.10531,0.10531,0.12,0.7647553768174524,194.18463516973384,-0.0,0.0,0.0,194.18463516973384,194.18463516973384,0.0,0.0
677,2019-01-29 05:00:00,1,2019-01-29 06:00:00,0.10531,0.10531,0.10531,0.12,0.7647553768174524,214.29055901369642,-0.0,0.0,0.0,214.29055901369642,214.29055901369642,0.0,0.0
678,2019-01-29 06:00:00,1,2019-01-29 07:00:00,0.10531,0.10531,0.10531,0.12,0.7647553768174524,251.8958242095778,-0.0,0.0,0.0,251.8958242095778,251.8958242095778,0.0,0.0
679,2019-01-29 07:00:00,1,2019-01-29 08:00:00,0.10531,0.10531,0.10531,0.12,0.7647553768174524,244.64166888954233,-0.0,0.0,0.0,244.64166888954233,244.64166888954233,0.0,0.0
680,2019-01-29 08:00:00,1,2019-01-29 09:00:00,0.10531,0.10531,0.10531,0.12,0.7647553768174524,230.81670806719964,-0.0,0.0,0.0,230.81670806719964,230.81670806719964,0.0,0.0
681,2019-01-29 09:00:00,1,2019-01-29 10:00:00,0.10531,0.10531,0.10531,0.12,0.7647553768174524,201.52946904382634,-204.5605418978675,0.0,0.0,406.09001094169383,406.09001094169383,0.0,1.0
682,2019-01-29 10:00:00,1,2019-01-29 11:00:00,0.10531,0.10531,0.10531,0.12,1.0,165.16921693921026,-0.0,0.0,0.0,165.16921693921026,165.16921693921026,0.0,0.0
683,2019-01-29 11:00:00,1,2019-01-29 12:00:00,0.10531,0.10531,0.10531,0.12,1.0,177.17313118673695,-0.0,0.0,0.0,177.17313118673695,177.17313118673695,0.0,0.0
684,2019-01-29 12:00:00,1,2019-01-29 13:00:00,0.10531,0.10531,0.10531,0.12,1.0,175.4058012849937,-0.0,-3.1916755278161634e-14,-7.267513542572512e-14,175.40580128499371,175.4058012849938,0.0,0.0
685,2019-01-29 13:00:00,1,2019-01-29 14:00:00,0.10531,0.10531,0.10531,0.12,1.0000000000000002,181.30707592556377,-0.0,0.0,0.0,181.30707592556377,181.30707592556377,0.0,0.0
686,2019-01-29 14:00:00,1,2019-01-29 15:00:00,0.10531,0.10531,0.10531,0.12,1.0000000000000002,177.94199046738515,-0.0,0.0,0.0,177.94199046738515,177.94199046738515,0.0,1.0
687,2019-01-29 15:00:00,1,2019-01-29 16:00:00,0.10531,0.10531,0.10531,0.12,1.0,178.86738027604395,-0.0,0.0,2.6147972675971688e-14,178.86738027604395,178.86738027604392,0.0,0.0
688,2019-01-29 16:00:00,1,2019-01-29 17:00:00,0.13592,0.13592,0.13592,0.12,1.0,204.61313381743565,-0.0,204.61313381743565,0.0,0.0,0.0,1.0,0.0
689,2019-01-29 17:00:00,1,2019-01-29 18:00:00,0.13592,0.13592,0.13592,0.12,0.7219930247045712,256.43951369288766,-0.0,256.43951369288766,0.0,0.0,0.0,0.0,0.0
690,2019-01-29 18:00:00,1,2019-01-29 19:00:00,0.13592,0.13592,0.13592,0.12,0.37356977240445205,269.6841430763165,-0.0,269.68414307631656,0.0,-5.684341886080802e-14,-5.684341886080802e-14,0.0,0.0
691,2019-01-29 19:00:00,1,2019-01-29 20:00:00,0.13592,0.13592,0.13592,0.12,0.007151099746413223,250.7369525811944,-0.0,5.263209413360133,0.0,245.47374316783427,245.47374316783427,0.0,0.0
692,2019-01-29 20:00:00,1,2019-01-29 21:00:00,0.13592,0.13592,0.13592,0.12,0.0,250.73695269436107,-0.0,0.0,0.0,250.73695269436107,250.73695269436107,0.0,0.0
693,2019-01-29 21:00:00,1,2019-01-29 22:00:00,0.10531,0.10531,0.10531,0.12,0.0,231.79085933884537,-0.0,0.0,0.0,231.79085933884537,231.79085933884537,0.0,0.0
694,2019-01-29 22:00:00,1,2019-01-29 23:00:00,0.10531,0.10531,0.10531,0.12,0.0,212.8425714708075,-0.0,0.0,0.0,212.8425714708075,212.8425714708075,0.0,0.0
695,2019-01-29 23:00:00,1,2019-01-30 00:00:00,0.10531,0.10531,0.10531,0.12,0.0,193.89538092297767,-0.0,0.0,0.0,193.89538092297767,193.89538092297767,0.0,1.0
696,2019-01-30 00:00:00,1,2019-01-30 01:00:00,0.10531,0.10531,0.10531,0.12,0.0,223.9205305012981,0.0,0.0,0.0,223.9205305012981,223.9205305012981,0.0,0.0
697,2019-01-30 01:00:00,1,2019-01-30 02:00:00,0.10531,0.10531,0.10531,0.12,0.0,224.2097743002941,-0.0,0.0,0.0,224.2097743002941,224.2097743002941,0.0,0.0
698,2019-01-30 02:00:00,1,2019-01-30 03:00:00,0.10531,0.10531,0.10531,0.12,0.0,224.49965082630885,-0.0,0.0,0.0,224.49965082630885,224.49965082630885,0.0,0.0
699,2019-01-30 03:00:00,1,2019-01-30 04:00:00,0.10531,0.10531,0.10531,0.12,0.0,224.2122034901732,-0.0,0.0,0.0,224.2122034901732,224.2122034901732,0.0,0.0
700,2019-01-30 04:00:00,1,2019-01-30 05:00:00,0.10531,0.10531,0.10531,0.12,0.0,233.97568547819986,-0.0,0.0,0.0,233.97568547819986,233.97568547819986,0.0,0.0
701,2019-01-30 05:00:00,1,2019-01-30 06:00:00,0.10531,0.10531,0.10531,0.12,0.0,271.9510822434663,-214.7713222507147,0.0,0.0,486.722404494181,486.722404494181,0.0,1.0
702,2019-01-30 06:00:00,1,2019-01-30 07:00:00,0.10531,0.10531,0.10531,0.12,0.2469870205883219,332.0234774353524,-399.99999999999994,0.0,0.0,732.0234774353523,732.0234774353523,0.0,1.0
703,2019-01-30 07:00:00,1,2019-01-30 08:00:00,0.10531,0.10531,0.10531,0.12,0.7069870205883219,401.58647033282836,-0.0,0.0,0.0,401.58647033282836,401.58647033282836,0.0,0.0
704,2019-01-30 08:00:00,1,2019-01-30 09:00:00,0.10531,0.10531,0.10531,0.12,0.7069870205883219,813.094969130454,-40.64292379870142,0.0,0.0,853.7378929291555,853.7378929291555,0.0,1.0
705,2019-01-30 09:00:00,1,2019-01-30 10:00:00,0.10531,0.10531,0.10531,0.12,0.7537263829568285,784.5839991850756,0.0,0.0,0.0,784.5839991850756,784.5839991850756,0.0,0.0
706,2019-01-30 10:00:00,1,2019-01-30 11:00:00,0.10531,0.10531,0.10531,0.12,0.7537263829568285,746.6632274062184,-107.07466552293704,0.0,0.0,853.7378929291555,853.7378929291555,0.0,1.0
707,2019-01-30 11:00:00,1,2019-01-30 12:00:00,0.10531,0.10531,0.10531,0.12,0.876862248308206,746.6615871102042,-107.07630581895125,0.0,0.0,853.7378929291555,853.7378929291555,0.0,1.0
708,2019-01-30 12:00:00,1,2019-01-30 13:00:00,0.10531,0.10531,0.10531,0.12,1.0,708.0578327959098,-0.0,0.0,0.0,708.0578327959098,708.0578327959098,0.0,1.0
709,2019-01-30 13:00:00,1,2019-01-30 14:00:00,0.10531,0.10531,0.10531,0.12,1.0,786.6767107912798,-0.0,0.0,0.0,786.6767107912798,786.6767107912798,0.0,1.0
710,2019-01-30 14:00:00,1,2019-01-30 15:00:00,0.10531,0.10531,0.10531,0.12,1.0,879.04503921912,-0.0,25.30714628996452,0.0,853.7378929291555,853.7378929291555,0.0,0.0
711,2019-01-30 15:00:00,1,2019-01-30 16:00:00,0.10531,0.10531,0.10531,0.12,0.9656152903668961,853.6608517557318,-0.07704117342370864,0.0,0.0,853.7378929291555,853.7378929291555,0.0,1.0
712,2019-01-30 16:00:00,1,2019-01-30 17:00:00,0.13592,0.13592,0.13592,0.12,0.9657038877163333,877.4166676422191,-0.0,310.75806135922136,0.0,566.6586062829977,566.6586062829977,0.0,0.0
713,2019-01-30 17:00:00,1,2019-01-30 18:00:00,0.13592,0.13592,0.13592,0.12,0.5434782608695652,756.6108914646154,-0.0,400.0,0.0,356.6108914646154,356.6108914646154,0.0,0.0
714,2019-01-30 18:00:00,1,2019-01-30 19:00:00,0.13592,0.13592,0.13592,0.12,0.0,582.3695674270078,-0.0,0.0,0.0,582.3695674270078,582.3695674270078,0.0,1.0
715,2019-01-30 19:00:00,1,2019-01-30 20:00:00,0.13592,0.13592,0.13592,0.12,0.0,563.4323048394016,-0.0,0.0,0.0,563.4323048394016,563.4323048394016,0.0,1.0
716,2019-01-30 20:00:00,1,2019-01-30 21:00:00,0.13592,0.13592,0.13592,0.12,0.0,455.5270523919928,-0.0,0.0,0.0,455.5270523919928,455.5270523919928,0.0,0.0
717,2019-01-30 21:00:00,1,2019-01-30 22:00:00,0.10531,0.10531,0.10531,0.12,0.0,428.62576771737304,-0.0,0.0,0.0,428.62576771737304,428.62576771737304,0.0,0.0
718,2019-01-30 22:00:00,1,2019-01-30 23:00:00,0.10531,0.10531,0.10531,0.12,0.0,270.79129728288393,-0.0,0.0,0.0,270.79129728288393,270.79129728288393,0.0,0.0
719,2019-01-30 23:00:00,1,2019-01-31 00:00:00,0.10531,0.10531,0.10531,0.12,0.0,232.5279867442966,-0.0,0.0,0.0,232.5279867442966,232.5279867442966,0.0,0.0
720,2019-01-31 00:00:00,1,2019-01-31 01:00:00,0.10531,0.10531,0.10531,0.12,0.0,223.0543915068121,0.0,0.0,0.0,223.0543915068121,223.0543915068121,0.0,0.0
721,2019-01-31 01:00:00,1,2019-01-31 02:00:00,0.10531,0.10531,0.10531,0.12,0.0,223.0543914975107,-0.0,0.0,0.0,223.0543914975107,223.0543914975107,0.0,0.0
722,2019-01-31 02:00:00,1,2019-01-31 03:00:00,0.10531,0.10531,0.10531,0.12,0.0,223.05439150371163,-0.0,0.0,0.0,223.05439150371163,223.05439150371163,0.0,0.0
723,2019-01-31 03:00:00,1,2019-01-31 04:00:00,0.10531,0.10531,0.10531,0.12,0.0,223.05439140992283,-336.69947148305204,0.0,0.0,559.7538628929749,559.7538628929749,0.0,1.0
724,2019-01-31 04:00:00,1,2019-01-31 05:00:00,0.10531,0.10531,0.10531,0.12,0.38720439220550984,232.52798670399073,-0.0,0.0,0.0,232.52798670399073,232.52798670399073,0.0,0.0
725,2019-01-31 05:00:00,1,2019-01-31 06:00:00,0.10531,0.10531,0.10531,0.12,0.38720439220550984,270.79239415817653,-0.0,0.0,0.0,270.79239415817653,270.79239415817653,0.0,0.0
726,2019-01-31 06:00:00,1,2019-01-31 07:00:00,0.10531,0.10531,0.10531,0.12,0.38720439220550984,333.4810675495296,-0.0,0.0,0.0,333.4810675495296,333.4810675495296,0.0,0.0
727,2019-01-31 07:00:00,1,2019-01-31 08:00:00,0.10531,0.10531,0.10531,0.12,0.38720439220550984,394.87677894937315,-400.0,0.0,0.0,794.8767789493731,794.8767789493731,0.0,1.0
728,2019-01-31 08:00:00,1,2019-01-31 09:00:00,0.10531,0.10531,0.10531,0.12,0.8472043922055099,813.0679081992998,-0.0,0.0,0.0,813.0679081992998,813.0679081992998,0.0,0.0
729,2019-01-31 09:00:00,1,2019-01-31 10:00:00,0.10531,0.10531,0.10531,0.12,0.8472043922055099,784.6438945762083,-0.0,0.0,0.0,784.6438945762083,784.6438945762083,0.0,0.0
730,2019-01-31 10:00:00,1,2019-01-31 11:00:00,0.10531,0.10531,0.10531,0.12,0.8472043922055099,746.7489855667553,0.0,0.0,0.0,746.7489855667553,746.7489855667553,0.0,0.0
731,2019-01-31 11:00:00,1,2019-01-31 12:00:00,0.10531,0.10531,0.10531,0.12,0.8472043922055099,746.7183206009481,-0.0,0.0,0.0,746.7183206009481,746.7183206009481,0.0,0.0
732,2019-01-31 12:00:00,1,2019-01-31 13:00:00,0.10531,0.10531,0.10531,0.12,0.8472043922055099,708.0457201942393,-63.80713566935367,-1.4210854715202004e-14,0.0,771.8528558635929,771.8528558635929,0.0,1.0
733,2019-01-31 13:00:00,1,2019-01-31 14:00:00,0.10531,0.10531,0.10531,0.12,0.9205825982252666,746.6466666445147,-0.0,0.0,0.0,746.6466666445147,746.6466666445147,0.0,1.0
734,2019-01-31 14:00:00,1,2019-01-31 15:00:00,0.10531,0.10531,0.10531,0.12,0.9205825982252667,746.6234038458327,-69.05861023889861,0.0,0.0,815.6820140847313,815.6820140847313,0.0,1.0
735,2019-01-31 15:00:00,1,2019-01-31 16:00:00,0.10531,0.10531,0.10531,0.12,1.0,746.6191521376398,-0.0,0.0,0.0,746.6191521376398,746.6191521376398,0.0,0.0
736,2019-01-31 16:00:00,1,2019-01-31 17:00:00,0.13592,0.13592,0.13592,0.12,1.0,784.5254085431541,-0.0,400.0,0.0,384.5254085431541,384.5254085431541,0.0,0.0
737,2019-01-31 17:00:00,1,2019-01-31 18:00:00,0.13592,0.13592,0.13592,0.12,0.4565217391304348,723.6136213916145,-0.0,336.00000000000006,0.0,387.61362139161446,387.61362139161446,0.0,0.0
738,2019-01-31 18:00:00,1,2019-01-31 19:00:00,0.13592,0.13592,0.13592,0.12,0.0,582.3957642573218,-0.0,0.0,0.0,582.3957642573218,582.3957642573218,0.0,1.0
739,2019-01-31 19:00:00,1,2019-01-31 20:00:00,0.13592,0.13592,0.13592,0.12,0.0,563.4596367891277,-0.0,0.0,0.0,563.4596367891277,563.4596367891277,0.0,1.0
740,2019-01-31 20:00:00,1,2019-01-31 21:00:00,0.13592,0.13592,0.13592,0.12,0.0,447.59377163113123,-0.0,0.0,0.0,447.59377163113123,447.59377163113123,0.0,1.0
741,2019-01-31 21:00:00,1,2019-01-31 22:00:00,0.10531,0.10531,0.10531,0.12,0.0,428.6525941424706,-0.0,0.0,0.0,428.6525941424706,428.6525941424706,0.0,0.0
742,2019-01-31 22:00:00,1,2019-01-31 23:00:00,0.10531,0.10531,0.10531,0.12,0.0,270.7912971906454,-0.0,0.0,0.0,270.7912971906454,270.7912971906454,0.0,0.0
743,2019-01-31 23:00:00,1,2019-02-01 00:00:00,0.10531,0.10531,0.10531,0.12,0.0,232.52798666756036,-0.0,0.0,0.0,232.52798666756036,232.52798666756036,0.0,0.0
744,2019-02-01 00:00:00,2,2019-02-01 01:00:00,0.10531,0.10531,0.10531,0.12,0.0,223.0543915029365,-0.0,0.0,0.0,223.0543915029365,223.0543915029365,0.0,0.0
745,2019-02-01 01:00:00,2,2019-02-01 02:00:00,0.10531,0.10531,0.10531,0.12,0.0,223.05439150913742,-0.0,0.0,0.0,223.05439150913742,223.05439150913742,0.0,0.0
746,2019-02-01 02:00:00,2,2019-02-01 03:00:00,0.10531,0.10531,0.10531,0.12,0.0,223.0543914525541,-0.0,0.0,0.0,223.0543914525541,223.0543914525541,0.0,0.0
747,2019-02-01 03:00:00,2,2019-02-01 04:00:00,0.10531,0.10531,0.10531,0.12,0.0,223.0543914742573,-0.0,0.0,0.0,223.0543914742573,223.0543914742573,0.0,0.0
748,2019-02-01 04:00:00,2,2019-02-01 05:00:00,0.10531,0.10531,0.10531,0.12,0.0,232.52798680087994,-127.28682686484888,0.0,0.0,359.8148136657288,359.8148136657288,0.0,1.0
749,2019-02-01 05:00:00,2,2019-02-01 06:00:00,0.10531,0.10531,0.10531,0.12,0.14637985089457622,270.7923946728522,-0.0,0.0,0.0,270.7923946728522,270.7923946728522,0.0,0.0
750,2019-02-01 06:00:00,2,2019-02-01 07:00:00,0.10531,0.10531,0.10531,0.12,0.14637985089457622,331.8570302056472,-400.0,0.0,0.0,731.8570302056472,731.8570302056472,0.0,1.0
751,2019-02-01 07:00:00,2,2019-02-01 08:00:00,0.10531,0.10531,0.10531,0.12,0.6063798508945762,394.8608162639967,-342.27839052645544,0.0,0.0,737.1392067904521,737.1392067904521,0.0,1.0
752,2019-02-01 08:00:00,2,2019-02-01 09:00:00,0.10531,0.10531,0.10531,0.12,1.0,815.6820140847313,-0.0,78.54280729427924,0.0,737.1392067904521,737.1392067904521,0.0,0.0
753,2019-02-01 09:00:00,2,2019-02-01 10:00:00,0.10531,0.10531,0.10531,0.12,0.8932842292197293,784.5384893186567,-0.0,47.39928252820457,0.0,737.1392067904521,737.1392067904521,0.0,0.0
754,2019-02-01 10:00:00,2,2019-02-01 11:00:00,0.10531,0.10531,0.10531,0.12,0.8288830301324946,747.166012085349,-0.0,10.026805294896917,0.0,737.1392067904521,737.1392067904521,0.0,0.0
755,2019-02-01 11:00:00,2,2019-02-01 12:00:00,0.10531,0.10531,0.10531,0.12,0.8152596533731244,749.3379134873783,-0.0,12.198706696926138,0.0,737.1392067904521,737.1392067904521,0.0,0.0
756,2019-02-01 12:00:00,2,2019-02-01 13:00:00,0.10531,0.10531,0.10531,0.12,0.7986853236218662,770.7741553973049,-0.0,33.63494860685271,0.0,737.1392067904521,737.1392067904521,0.0,0.0
757,2019-02-01 13:00:00,2,2019-02-01 14:00:00,0.10531,0.10531,0.10531,0.12,0.7529856651886423,851.8829267671915,-0.0,114.74371997673938,0.0,737.1392067904521,737.1392067904521,0.0,0.0
758,2019-02-01 14:00:00,2,2019-02-01 15:00:00,0.10531,0.10531,0.10531,0.12,0.5970838717419857,865.3225867444511,-0.0,128.18337995399892,0.0,737.1392067904521,737.1392067904521,0.0,0.0
759,2019-02-01 15:00:00,2,2019-02-01 16:00:00,0.10531,0.10531,0.10531,0.12,0.42292167071753056,874.9958201899037,-0.0,137.8566133994516,0.0,737.1392067904521,737.1392067904521,0.0,0.0
760,2019-02-01 16:00:00,2,2019-02-01 17:00:00,0.13592,0.13592,0.13592,0.12,0.23561648946827574,885.34073034409,-0.0,148.20152355363788,0.0,737.1392067904521,737.1392067904521,0.0,0.0
761,2019-02-01 17:00:00,2,2019-02-01 18:00:00,0.13592,0.13592,0.13592,0.12,0.03425572377039828,762.3514194854653,-0.0,25.212212695013136,0.0,737.1392067904521,737.1392067904521,0.0,0.0
762,2019-02-01 18:00:00,2,2019-02-01 19:00:00,0.13592,0.13592,0.13592,0.12,0.0,582.2940626047784,-0.0,0.0,0.0,582.2940626047784,582.2940626047784,0.0,1.0
763,2019-02-01 19:00:00,2,2019-02-01 20:00:00,0.13592,0.13592,0.13592,0.12,0.0,563.373993526823,-0.0,0.0,0.0,563.373993526823,563.373993526823,0.0,0.0
764,2019-02-01 20:00:00,2,2019-02-01 21:00:00,0.13592,0.13592,0.13592,0.12,0.0,447.51757027140735,-0.0,0.0,0.0,447.51757027140735,447.51757027140735,0.0,1.0
765,2019-02-01 21:00:00,2,2019-02-01 22:00:00,0.10531,0.10531,0.10531,0.12,0.0,436.5440905117599,-0.0,0.0,0.0,436.5440905117599,436.5440905117599,0.0,1.0
766,2019-02-01 22:00:00,2,2019-02-01 23:00:00,0.10531,0.10531,0.10531,0.12,0.0,270.7912971627413,-0.0,0.0,0.0,270.7912971627413,270.7912971627413,0.0,0.0
767,2019-02-01 23:00:00,2,2019-02-02 00:00:00,0.10531,0.10531,0.10531,0.12,0.0,232.52798676755006,-0.0,0.0,0.0,232.52798676755006,232.52798676755006,0.0,0.0
768,2019-02-02 00:00:00,2,2019-02-02 01:00:00,0.10531,0.10531,0.10531,0.12,0.0,223.05439151766365,-0.0,0.0,0.0,223.05439151766365,223.05439151766365,0.0,0.0
769,2019-02-02 01:00:00,2,2019-02-02 02:00:00,0.10531,0.10531,0.10531,0.12,0.0,223.05439152308944,-0.0,0.0,0.0,223.05439152308944,223.05439152308944,0.0,0.0
770,2019-02-02 02:00:00,2,2019-02-02 03:00:00,0.10531,0.10531,0.10531,0.12,0.0,223.05439158974923,-0.0,0.0,0.0,223.05439158974923,223.05439158974923,0.0,0.0
771,2019-02-02 03:00:00,2,2019-02-02 04:00:00,0.10531,0.10531,0.10531,0.12,0.0,223.05439157734742,-0.0,0.0,0.0,223.05439157734742,223.05439157734742,0.0,0.0
772,2019-02-02 04:00:00,2,2019-02-02 05:00:00,0.10531,0.10531,0.10531,0.12,0.0,232.52798686056371,-127.27423744256741,0.0,0.0,359.80222430313114,359.80222430313114,0.0,1.0
773,2019-02-02 05:00:00,2,2019-02-02 06:00:00,0.10531,0.10531,0.10531,0.12,0.14636537305895253,270.7923948046215,-0.0,0.0,0.0,270.7923948046215,270.7923948046215,0.0,0.0
774,2019-02-02 06:00:00,2,2019-02-02 07:00:00,0.10531,0.10531,0.10531,0.12,0.14636537305895253,331.8426912280727,-400.0,0.0,0.0,731.8426912280727,731.8426912280727,0.0,1.0
775,2019-02-02 07:00:00,2,2019-02-02 08:00:00,0.10531,0.10531,0.10531,0.12,0.6063653730589526,394.84822684171525,-342.2909799487369,0.0,0.0,737.1392067904521,737.1392067904521,0.0,1.0
776,2019-02-02 08:00:00,2,2019-02-02 09:00:00,0.10531,0.10531,0.10531,0.12,1.0,813.0338619107633,-0.0,75.8946551203112,0.0,737.1392067904521,737.1392067904521,0.0,0.0
777,2019-02-02 09:00:00,2,2019-02-02 10:00:00,0.10531,0.10531,0.10531,0.12,0.8968822620647946,784.5510335990804,-0.0,47.411826808628234,0.0,737.1392067904521,737.1392067904521,0.0,0.0
778,2019-02-02 10:00:00,2,2019-02-02 11:00:00,0.10531,0.10531,0.10531,0.12,0.8324640191182888,746.6918737343955,-0.0,9.552666943943336,0.0,737.1392067904521,737.1392067904521,0.0,0.0
779,2019-02-02 11:00:00,2,2019-02-02 12:00:00,0.10531,0.10531,0.10531,0.12,0.8194848520748876,747.6391917188604,-0.0,10.499984928408253,0.0,737.1392067904521,737.1392067904521,0.0,0.0
780,2019-02-02 12:00:00,2,2019-02-02 13:00:00,0.10531,0.10531,0.10531,0.12,0.8052185682047677,709.9121575725547,-27.227049217897388,0.0,0.0,737.1392067904521,737.1392067904521,0.0,1.0
781,2019-02-02 13:00:00,2,2019-02-02 14:00:00,0.10531,0.10531,0.10531,0.12,0.8365296748053497,748.6287197657427,-0.0,11.489512975290609,0.0,737.1392067904521,737.1392067904521,0.0,0.0
782,2019-02-02 14:00:00,2,2019-02-02 15:00:00,0.10531,0.10531,0.10531,0.12,0.8209189234802267,748.2626103654236,-0.0,11.123403574971462,0.0,737.1392067904521,737.1392067904521,0.0,0.0
783,2019-02-02 15:00:00,2,2019-02-02 16:00:00,0.10531,0.10531,0.10531,0.12,0.8058056034055372,747.1090624944029,-0.0,9.96985570395077,0.0,737.1392067904521,737.1392067904521,0.0,0.0
784,2019-02-02 16:00:00,2,2019-02-02 17:00:00,0.13592,0.13592,0.13592,0.12,0.7922596038077779,784.5071683460601,-0.0,183.1030684025246,0.0,601.4040999435355,601.4040999435355,0.0,0.0
785,2019-02-02 17:00:00,2,2019-02-02 18:00:00,0.13592,0.13592,0.13592,0.12,0.5434782608695652,723.5458497302948,-0.0,0.0,0.0,723.5458497302948,723.5458497302948,0.0,1.0
786,2019-02-02 18:00:00,2,2019-02-02 19:00:00,0.13592,0.13592,0.13592,0.12,0.5434782608695652,582.3158398364559,-0.0,400.0,0.0,182.3158398364559,182.3158398364559,0.0,0.0
787,2019-02-02 19:00:00,2,2019-02-02 20:00:00,0.13592,0.13592,0.13592,0.12,0.0,563.3925947060823,-0.0,0.0,0.0,563.3925947060823,563.3925947060823,0.0,1.0
788,2019-02-02 20:00:00,2,2019-02-02 21:00:00,0.13592,0.13592,0.13592,0.12,0.0,447.5381710522749,-0.0,0.0,0.0,447.5381710522749,447.5381710522749,0.0,1.0
789,2019-02-02 21:00:00,2,2019-02-02 22:00:00,0.10531,0.10531,0.10531,0.12,0.0,428.60597067690185,-0.0,0.0,0.0,428.60597067690185,428.60597067690185,0.0,0.0
790,2019-02-02 22:00:00,2,2019-02-02 23:00:00,0.10531,0.10531,0.10531,0.12,0.0,270.7912973712469,-0.0,0.0,0.0,270.7912973712469,270.7912973712469,0.0,0.0
791,2019-02-02 23:00:00,2,2019-02-03 00:00:00,0.10531,0.10531,0.10531,0.12,0.0,232.5279868597886,-0.0,0.0,0.0,232.5279868597886,232.5279868597886,0.0,0.0
792,2019-02-03 00:00:00,2,2019-02-03 01:00:00,0.10531,0.10531,0.10531,0.12,0.0,223.0543916928394,-0.0,0.0,0.0,223.0543916928394,223.0543916928394,0.0,0.0
793,2019-02-03 01:00:00,2,2019-02-03 02:00:00,0.10531,0.10531,0.10531,0.12,0.0,223.05439173934627,-0.0,0.0,0.0,223.05439173934627,223.05439173934627,0.0,0.0
794,2019-02-03 02:00:00,2,2019-02-03 03:00:00,0.10531,0.10531,0.10531,0.12,0.0,223.05439171919326,-0.0,0.0,0.0,223.05439171919326,223.05439171919326,0.0,0.0
795,2019-02-03 03:00:00,2,2019-02-03 04:00:00,0.10531,0.10531,0.10531,0.12,0.0,223.05439175174806,-0.0,0.0,0.0,223.05439175174806,223.05439175174806,0.0,0.0
796,2019-02-03 04:00:00,2,2019-02-03 05:00:00,0.10531,0.10531,0.10531,0.12,0.0,232.52798701791187,-127.26786877199712,0.0,0.0,359.79585578990896,359.79585578990896,0.0,1.0
797,2019-02-03 05:00:00,2,2019-02-03 06:00:00,0.10531,0.10531,0.10531,0.12,0.14635804908779668,270.7923944341171,-0.0,0.0,0.0,270.7923944341171,270.7923944341171,0.0,0.0
798,2019-02-03 06:00:00,2,2019-02-03 07:00:00,0.10531,0.10531,0.10531,0.12,0.14635804908779668,331.90139578848255,-400.0,0.0,0.0,731.9013957884825,731.9013957884825,0.0,1.0
799,2019-02-03 07:00:00,2,2019-02-03 08:00:00,0.10531,0.10531,0.10531,0.12,0.6063580490877967,394.8418581711449,-342.29734861930723,0.0,0.0,737.1392067904521,737.1392067904521,0.0,1.0
800,2019-02-03 08:00:00,2,2019-02-03 09:00:00,0.10531,0.10531,0.10531,0.12,1.0,813.0342615672363,-0.0,75.89505477678415,0.0,737.1392067904521,737.1392067904521,0.0,0.0
801,2019-02-03 09:00:00,2,2019-02-03 10:00:00,0.10531,0.10531,0.10531,0.12,0.8968817190532825,784.5441145991983,-0.0,47.4049078087462,0.0,737.1392067904521,737.1392067904521,0.0,0.0
802,2019-02-03 10:00:00,2,2019-02-03 11:00:00,0.10531,0.10531,0.10531,0.12,0.8324728769218338,746.7413759535741,-0.0,9.602169163121971,0.0,737.1392067904521,737.1392067904521,0.0,0.0
803,2019-02-03 11:00:00,2,2019-02-03 12:00:00,0.10531,0.10531,0.10531,0.12,0.8194264514284615,747.8445734881993,-0.0,10.705366697747195,0.0,737.1392067904521,737.1392067904521,0.0,0.0
804,2019-02-03 12:00:00,2,2019-02-03 13:00:00,0.10531,0.10531,0.10531,0.12,0.804881116241305,708.6523522558676,-28.486854534584495,0.0,0.0,737.1392067904521,737.1392067904521,0.0,1.0
805,2019-02-03 13:00:00,2,2019-02-03 14:00:00,0.10531,0.10531,0.10531,0.12,0.8376409989560771,749.2471295674394,-0.0,12.107922776987266,0.0,737.1392067904521,737.1392067904521,0.0,0.0
806,2019-02-03 14:00:00,2,2019-02-03 15:00:00,0.10531,0.10531,0.10531,0.12,0.821190016922127,774.453408522228,-0.0,37.314201731775825,0.0,737.1392067904521,737.1392067904521,0.0,0.0
807,2019-02-03 15:00:00,2,2019-02-03 16:00:00,0.10531,0.10531,0.10531,0.12,0.770491373264823,824.3683443266538,-0.0,87.22913753620162,0.0,737.1392067904521,737.1392067904521,0.0,0.0
808,2019-02-03 16:00:00,2,2019-02-03 17:00:00,0.13592,0.13592,0.13592,0.12,0.6519735233515056,851.1318759389995,-0.0,400.0,0.0,451.13187593899954,451.13187593899954,0.0,0.0
809,2019-02-03 17:00:00,2,2019-02-03 18:00:00,0.13592,0.13592,0.13592,0.12,0.10849526248194039,723.5282121982025,-0.0,1.3073986337985844e-14,0.0,723.5282121982025,723.5282121982025,0.0,1.0
810,2019-02-03 18:00:00,2,2019-02-03 19:00:00,0.13592,0.13592,0.13592,0.12,0.10849526248194037,582.2900978359966,-0.0,0.0,0.0,582.2900978359966,582.2900978359966,0.0,1.0
811,2019-02-03 19:00:00,2,2019-02-03 20:00:00,0.13592,0.13592,0.13592,0.12,0.10849526248194037,563.3704825112626,-0.0,0.0,0.0,563.3704825112626,563.3704825112626,0.0,1.0
812,2019-02-03 20:00:00,2,2019-02-03 21:00:00,0.13592,0.13592,0.13592,0.12,0.10849526248194037,447.5167245051111,-0.0,79.85251318670811,0.0,367.664211318403,367.664211318403,0.0,0.0
813,2019-02-03 21:00:00,2,2019-02-03 22:00:00,0.10531,0.10531,0.10531,0.12,0.0,428.586019834457,-0.0,0.0,0.0,428.586019834457,428.586019834457,0.0,0.0
814,2019-02-03 22:00:00,2,2019-02-03 23:00:00,0.10531,0.10531,0.10531,0.12,0.0,270.79129766113954,-0.0,0.0,0.0,270.79129766113954,270.79129766113954,0.0,0.0
815,2019-02-03 23:00:00,2,2019-02-04 00:00:00,0.10531,0.10531,0.10531,0.12,0.0,232.5279870861219,-0.0,0.0,0.0,232.5279870861219,232.5279870861219,0.0,0.0
816,2019-02-04 00:00:00,2,2019-02-04 01:00:00,0.10531,0.10531,0.10531,0.12,0.0,184.4221519671121,-0.0,0.0,0.0,184.4221519671121,184.4221519671121,0.0,1.0
817,2019-02-04 01:00:00,2,2019-02-04 02:00:00,0.10531,0.10531,0.10531,0.12,0.0,184.42215198648992,-0.0,0.0,0.0,184.42215198648992,184.42215198648992,0.0,1.0
818,2019-02-04 02:00:00,2,2019-02-04 03:00:00,0.10531,0.10531,0.10531,0.12,0.0,184.42215191517943,-0.0,0.0,0.0,184.42215191517943,184.42215191517943,0.0,1.0
819,2019-02-04 03:00:00,2,2019-02-04 04:00:00,0.10531,0.10531,0.10531,0.12,0.0,184.42215186402194,-0.0,0.0,0.0,184.42215186402194,184.42215186402194,0.0,1.0
820,2019-02-04 04:00:00,2,2019-02-04 05:00:00,0.10531,0.10531,0.10531,0.12,0.0,193.89574717591745,-359.3861840153056,0.0,0.0,553.2819311912231,553.2819311912231,0.0,1.0
821,2019-02-04 05:00:00,2,2019-02-04 06:00:00,0.10531,0.10531,0.10531,0.12,0.4132941116176015,212.8440349276882,-0.0,0.0,0.0,212.8440349276882,212.8440349276882,0.0,0.0
822,2019-02-04 06:00:00,2,2019-02-04 07:00:00,0.10531,0.10531,0.10531,0.12,0.4132941116176015,331.83140467690146,-0.0,0.0,0.0,331.83140467690146,331.83140467690146,0.0,0.0
823,2019-02-04 07:00:00,2,2019-02-04 08:00:00,0.10531,0.10531,0.10531,0.12,0.4132941116176015,317.58499652892584,-235.69693466229722,0.0,0.0,553.2819311912231,553.2819311912231,0.0,1.0
824,2019-02-04 08:00:00,2,2019-02-04 09:00:00,0.10531,0.10531,0.10531,0.12,0.6843455864792434,503.9922354238836,-0.0,0.0,0.0,503.9922354238836,503.9922354238836,0.0,1.0
825,2019-02-04 09:00:00,2,2019-02-04 10:00:00,0.10531,0.10531,0.10531,0.12,0.6843455864792434,483.468838606578,-0.0,0.0,0.0,483.468838606578,483.468838606578,0.0,1.0
826,2019-02-04 10:00:00,2,2019-02-04 11:00:00,0.10531,0.10531,0.10531,0.12,0.6843455864792434,437.6003607764775,-115.68157041474558,0.0,0.0,553.2819311912231,553.2819311912231,0.0,1.0
827,2019-02-04 11:00:00,2,2019-02-04 12:00:00,0.10531,0.10531,0.10531,0.12,0.8173793924562008,437.597897418803,0.0,0.0,0.0,437.597897418803,437.597897418803,0.0,0.0
828,2019-02-04 12:00:00,2,2019-02-04 13:00:00,0.10531,0.10531,0.10531,0.12,0.8173793924562008,474.90924689267683,-62.75295074965541,-2.842170943040401e-14,0.0,537.6621976423322,537.6621976423322,0.0,1.0
829,2019-02-04 13:00:00,2,2019-02-04 14:00:00,0.10531,0.10531,0.10531,0.12,0.8895452858183046,553.2819311912231,-0.0,-7.993605777301127e-14,0.0,553.2819311912231,553.2819311912231,0.0,1.0
830,2019-02-04 14:00:00,2,2019-02-04 15:00:00,0.10531,0.10531,0.10531,0.12,0.8895452858183048,405.2432468795665,0.0,0.0,0.0,405.2432468795665,405.2432468795665,0.0,0.0
831,2019-02-04 15:00:00,2,2019-02-04 16:00:00,0.10531,0.10531,0.10531,0.12,0.8895452858183048,457.23435364192306,-96.04757754930006,5.86474831725732e-15,0.0,553.2819311912231,553.2819311912231,0.0,1.0
832,2019-02-04 16:00:00,2,2019-02-04 17:00:00,0.13592,0.13592,0.13592,0.12,1.0,481.4089684580805,-0.0,400.0,0.0,81.4089684580805,81.4089684580805,0.0,0.0
833,2019-02-04 17:00:00,2,2019-02-04 18:00:00,0.13592,0.13592,0.13592,0.12,0.4565217391304348,398.830482706107,-0.0,336.00000000000006,0.0,62.83048270610692,62.83048270610692,0.0,0.0
834,2019-02-04 18:00:00,2,2019-02-04 19:00:00,0.13592,0.13592,0.13592,0.12,0.0,269.68524121737016,-0.0,0.0,0.0,269.68524121737016,269.68524121737016,0.0,0.0
835,2019-02-04 19:00:00,2,2019-02-04 20:00:00,0.13592,0.13592,0.13592,0.12,0.0,250.73805024632807,-0.0,0.0,0.0,250.73805024632807,250.73805024632807,0.0,0.0
836,2019-02-04 20:00:00,2,2019-02-04 21:00:00,0.13592,0.13592,0.13592,0.12,0.0,250.73805055172298,-0.0,0.0,0.0,250.73805055172298,250.73805055172298,0.0,0.0
837,2019-02-04 21:00:00,2,2019-02-04 22:00:00,0.10531,0.10531,0.10531,0.12,0.0,231.79159117502655,-0.0,-3.374218322047143e-14,0.0,231.79159117502658,231.79159117502658,0.0,0.0
838,2019-02-04 22:00:00,2,2019-02-04 23:00:00,0.10531,0.10531,0.10531,0.12,3.861645303044023e-17,212.84293771444595,3.3579524374295855e-14,0.0,0.0,212.84293771444592,212.84293771444592,0.0,0.0
839,2019-02-04 23:00:00,2,2019-02-05 00:00:00,0.10531,0.10531,0.10531,0.12,0.0,193.89574722397452,-0.0,0.0,0.0,193.89574722397452,193.89574722397452,0.0,1.0
840,2019-02-05 00:00:00,2,2019-02-05 01:00:00,0.10531,0.10531,0.10531,0.12,0.0,184.42178609010256,-0.0,0.0,0.0,184.42178609010256,184.42178609010256,0.0,0.0
841,2019-02-05 01:00:00,2,2019-02-05 02:00:00,0.10531,0.10531,0.10531,0.12,0.0,184.42178617924063,-0.0,0.0,0.0,184.42178617924063,184.42178617924063,0.0,0.0
842,2019-02-05 02:00:00,2,2019-02-05 03:00:00,0.10531,0.10531,0.10531,0.12,0.0,184.4217862265226,-0.0,0.0,0.0,184.4217862265226,184.4217862265226,0.0,0.0
843,2019-02-05 03:00:00,2,2019-02-05 04:00:00,0.10531,0.10531,0.10531,0.12,0.0,184.42178622962305,-0.0,0.0,0.0,184.42178622962305,184.42178622962305,0.0,0.0
844,2019-02-05 04:00:00,2,2019-02-05 05:00:00,0.10531,0.10531,0.10531,0.12,0.0,193.8953814702081,-0.0,0.0,0.0,193.8953814702081,193.8953814702081,0.0,0.0
845,2019-02-05 05:00:00,2,2019-02-05 06:00:00,0.10531,0.10531,0.10531,0.12,0.0,212.84366908478367,-0.0,0.0,0.0,212.84366908478367,212.84366908478367,0.0,0.0
846,2019-02-05 06:00:00,2,2019-02-05 07:00:00,0.10531,0.10531,0.10531,0.12,0.0,250.7369531896588,-0.0,0.0,0.0,250.7369531896588,250.7369531896588,0.0,0.0
847,2019-02-05 07:00:00,2,2019-02-05 08:00:00,0.10531,0.10531,0.10531,0.12,0.0,236.5725702692277,-0.0,0.0,0.0,236.5725702692277,236.5725702692277,0.0,0.0
848,2019-02-05 08:00:00,2,2019-02-05 09:00:00,0.10531,0.10531,0.10531,0.12,0.0,229.95025552596817,-0.0,0.0,0.0,229.95025552596817,229.95025552596817,0.0,0.0
849,2019-02-05 09:00:00,2,2019-02-05 10:00:00,0.10531,0.10531,0.10531,0.12,0.0,201.5294695980328,-264.59276146065093,0.0,0.0,466.1222310586837,466.1222310586837,0.0,1.0
850,2019-02-05 10:00:00,2,2019-02-05 11:00:00,0.10531,0.10531,0.10531,0.12,0.3042816756797486,163.63508833572357,-0.0,0.0,0.0,163.63508833572357,163.63508833572357,0.0,0.0
851,2019-02-05 11:00:00,2,2019-02-05 12:00:00,0.10531,0.10531,0.10531,0.12,0.3042816756797486,163.6358201362495,-0.0,0.0,0.0,163.6358201362495,163.6358201362495,0.0,0.0
852,2019-02-05 12:00:00,2,2019-02-05 13:00:00,0.10531,0.10531,0.10531,0.12,0.3042816756797486,163.6358197796971,-0.0,0.0,0.0,163.6358197796971,163.6358197796971,0.0,0.0
853,2019-02-05 13:00:00,2,2019-02-05 14:00:00,0.10531,0.10531,0.10531,0.12,0.3042816756797486,163.63691766341287,-0.0,0.0,0.0,163.63691766341287,163.63691766341287,0.0,0.0
854,2019-02-05 14:00:00,2,2019-02-05 15:00:00,0.10531,0.10531,0.10531,0.12,0.3042816756797486,163.63581976496994,-204.97245593065338,0.0,0.0,368.6082756956233,368.6082756956233,0.0,1.0
855,2019-02-05 15:00:00,2,2019-02-05 16:00:00,0.10531,0.10531,0.10531,0.12,0.54,163.6350885233011,-400.0,0.0,0.0,563.6350885233011,563.6350885233011,0.0,1.0
856,2019-02-05 16:00:00,2,2019-02-05 17:00:00,0.13592,0.13592,0.13592,0.12,1.0,201.52946965384098,-0.0,201.52946965384098,0.0,0.0,0.0,1.0,0.0
857,2019-02-05 17:00:00,2,2019-02-05 18:00:00,0.13592,0.13592,0.13592,0.12,0.7261827857964117,249.81719956119304,-0.0,249.81719956119304,0.0,0.0,0.0,0.0,0.0
858,2019-02-05 18:00:00,2,2019-02-05 19:00:00,0.13592,0.13592,0.13592,0.12,0.386757242914356,269.68414354060974,-0.0,269.68414354060974,0.0,0.0,0.0,0.0,0.0
859,2019-02-05 19:00:00,2,2019-02-05 20:00:00,0.13592,0.13592,0.13592,0.12,0.020338569625484054,250.7369529610002,-0.0,14.969187244356265,0.0,235.76776571664394,235.76776571664394,0.0,0.0
860,2019-02-05 20:00:00,2,2019-02-05 21:00:00,0.13592,0.13592,0.13592,0.12,0.0,250.73695307339173,-0.0,0.0,0.0,250.73695307339173,250.73695307339173,0.0,0.0
861,2019-02-05 21:00:00,2,2019-02-05 22:00:00,0.10531,0.10531,0.10531,0.12,0.0,231.7908602674318,-0.0,0.0,0.0,231.7908602674318,231.7908602674318,0.0,0.0
862,2019-02-05 22:00:00,2,2019-02-05 23:00:00,0.10531,0.10531,0.10531,0.12,0.0,212.84257187386675,-0.0,0.0,0.0,212.84257187386675,212.84257187386675,0.0,0.0
863,2019-02-05 23:00:00,2,2019-02-06 00:00:00,0.10531,0.10531,0.10531,0.12,0.0,193.89538126247754,-0.0,0.0,0.0,193.89538126247754,193.89538126247754,0.0,1.0
864,2019-02-06 00:00:00,2,2019-02-06 01:00:00,0.10531,0.10531,0.10531,0.12,0.0,223.05439182538387,-0.0,0.0,0.0,223.05439182538387,223.05439182538387,0.0,0.0
865,2019-02-06 01:00:00,2,2019-02-06 02:00:00,0.10531,0.10531,0.10531,0.12,0.0,223.0543918478622,-0.0,0.0,0.0,223.0543918478622,223.0543918478622,0.0,0.0
866,2019-02-06 02:00:00,2,2019-02-06 03:00:00,0.10531,0.10531,0.10531,0.12,0.0,223.05439183080966,-0.0,0.0,0.0,223.05439183080966,223.05439183080966,0.0,0.0
867,2019-02-06 03:00:00,2,2019-02-06 04:00:00,0.10531,0.10531,0.10531,0.12,0.0,223.05439183546034,-0.0,0.0,0.0,223.05439183546034,223.05439183546034,0.0,0.0
868,2019-02-06 04:00:00,2,2019-02-06 05:00:00,0.10531,0.10531,0.10531,0.12,0.0,232.52798712720292,-0.0,0.0,0.0,232.52798712720292,232.52798712720292,0.0,0.0
869,2019-02-06 05:00:00,2,2019-02-06 06:00:00,0.10531,0.10531,0.10531,0.12,0.0,270.7923947472631,-400.0,0.0,0.0,670.7923947472631,670.7923947472631,0.0,1.0
870,2019-02-06 06:00:00,2,2019-02-06 07:00:00,0.10531,0.10531,0.10531,0.12,0.46,331.80998422472186,-399.99999999999994,0.0,0.0,731.8099842247218,731.8099842247218,0.0,1.0
871,2019-02-06 07:00:00,2,2019-02-06 08:00:00,0.10531,0.10531,0.10531,0.12,0.92,402.80590352165194,-0.0,0.0,0.0,402.80590352165194,402.80590352165194,0.0,0.0
872,2019-02-06 08:00:00,2,2019-02-06 09:00:00,0.10531,0.10531,0.10531,0.12,0.92,813.0659281011073,-0.0,13.754013387016471,0.0,799.3119147140908,799.3119147140908,0.0,0.0
873,2019-02-06 09:00:00,2,2019-02-06 10:00:00,0.10531,0.10531,0.10531,0.12,0.9013124818111189,784.6083571700768,-13.901713645119521,0.0,0.0,798.5100708151964,798.5100708151964,0.0,1.0
874,2019-02-06 10:00:00,2,2019-02-06 11:00:00,0.10531,0.10531,0.10531,0.12,0.9172994525030063,746.6518898254243,-52.6600248886665,0.0,0.0,799.3119147140908,799.3119147140908,0.0,1.0
875,2019-02-06 11:00:00,2,2019-02-06 12:00:00,0.10531,0.10531,0.10531,0.12,0.9778584811249728,780.058420040154,-19.253494673936757,0.0,0.0,799.3119147140908,799.3119147140908,0.0,1.0
876,2019-02-06 12:00:00,2,2019-02-06 13:00:00,0.10531,0.10531,0.10531,0.12,1.0,834.349777068873,-0.0,35.03786235478217,0.0,799.3119147140908,799.3119147140908,0.0,0.0
877,2019-02-06 13:00:00,2,2019-02-06 14:00:00,0.10531,0.10531,0.10531,0.12,0.9523942087570895,914.76936852207,-0.0,115.45745380797916,0.0,799.3119147140908,799.3119147140908,0.0,0.0
878,2019-02-06 14:00:00,2,2019-02-06 15:00:00,0.10531,0.10531,0.10531,0.12,0.7955226682571177,952.1078637578877,-0.0,152.79594904379692,0.0,799.3119147140908,799.3119147140908,0.0,0.0
879,2019-02-06 15:00:00,2,2019-02-06 16:00:00,0.10531,0.10531,0.10531,0.12,0.5879194766215241,994.2054157665356,-0.0,194.8935010524448,0.0,799.3119147140908,799.3119147140908,0.0,0.0
880,2019-02-06 16:00:00,2,2019-02-06 17:00:00,0.13592,0.13592,0.13592,0.12,0.32311852410461556,999.0130499655114,-0.0,199.70113525142065,0.0,799.3119147140908,799.3119147140908,0.0,0.0
881,2019-02-06 17:00:00,2,2019-02-06 18:00:00,0.13592,0.13592,0.13592,0.12,0.05178545990431584,837.4260132036673,-0.0,38.11409848957646,0.0,799.3119147140908,799.3119147140908,0.0,0.0
882,2019-02-06 18:00:00,2,2019-02-06 19:00:00,0.13592,0.13592,0.13592,0.12,0.0,611.6636785969538,-0.0,0.0,0.0,611.6636785969538,611.6636785969538,0.0,1.0
883,2019-02-06 19:00:00,2,2019-02-06 20:00:00,0.13592,0.13592,0.13592,0.12,0.0,563.375781377393,-0.0,0.0,0.0,563.375781377393,563.375781377393,0.0,1.0
884,2019-02-06 20:00:00,2,2019-02-06 21:00:00,0.13592,0.13592,0.13592,0.12,0.0,447.5189035742641,-0.0,0.0,0.0,447.5189035742641,447.5189035742641,0.0,0.0
885,2019-02-06 21:00:00,2,2019-02-06 22:00:00,0.10531,0.10531,0.10531,0.12,0.0,428.58394592268,-0.0,0.0,0.0,428.58394592268,428.58394592268,0.0,0.0
886,2019-02-06 22:00:00,2,2019-02-06 23:00:00,0.10531,0.10531,0.10531,0.12,0.0,270.7912976634649,-0.0,0.0,0.0,270.7912976634649,270.7912976634649,0.0,0.0
887,2019-02-06 23:00:00,2,2019-02-07 00:00:00,0.10531,0.10531,0.10531,0.12,0.0,232.52798717370976,-0.0,0.0,0.0,232.52798717370976,232.52798717370976,0.0,0.0
888,2019-02-07 00:00:00,2,2019-02-07 01:00:00,0.10531,0.10531,0.10531,0.12,0.0,223.05439181298206,0.0,0.0,0.0,223.05439181298206,223.05439181298206,0.0,0.0
889,2019-02-07 01:00:00,2,2019-02-07 02:00:00,0.10531,0.10531,0.10531,0.12,0.0,223.05439181220694,-0.0,0.0,0.0,223.05439181220694,223.05439181220694,0.0,0.0
890,2019-02-07 02:00:00,2,2019-02-07 03:00:00,0.10531,0.10531,0.10531,0.12,0.0,223.05439183235993,-0.0,0.0,0.0,223.05439183235993,223.05439183235993,0.0,0.0
891,2019-02-07 03:00:00,2,2019-02-07 04:00:00,0.10531,0.10531,0.10531,0.12,0.0,223.0543917532983,-33.17573855041288,0.0,0.0,256.2301303037112,256.2301303037112,0.0,1.0
892,2019-02-07 04:00:00,2,2019-02-07 05:00:00,0.10531,0.10531,0.10531,0.12,0.038152099332974816,232.52798704349064,-0.0,0.0,0.0,232.52798704349064,232.52798704349064,0.0,0.0
893,2019-02-07 05:00:00,2,2019-02-07 06:00:00,0.10531,0.10531,0.10531,0.12,0.038152099332974816,270.79239515652324,-400.0,0.0,0.0,670.7923951565233,670.7923951565233,0.0,1.0
894,2019-02-07 06:00:00,2,2019-02-07 07:00:00,0.10531,0.10531,0.10531,0.12,0.49815209933297483,339.73377619093776,-400.0,0.0,0.0,739.7337761909378,739.7337761909378,0.0,1.0
895,2019-02-07 07:00:00,2,2019-02-07 08:00:00,0.10531,0.10531,0.10531,0.12,0.9581520993329748,402.78636404532546,0.0,0.0,0.0,402.78636404532546,402.78636404532546,0.0,0.0
896,2019-02-07 08:00:00,2,2019-02-07 09:00:00,0.10531,0.10531,0.10531,0.12,0.9581520993329748,813.0575174100461,-0.0,13.745602695955313,0.0,799.3119147140908,799.3119147140908,0.0,0.0
897,2019-02-07 09:00:00,2,2019-02-07 10:00:00,0.10531,0.10531,0.10531,0.12,0.9394760087134704,784.6034998181196,0.0,0.0,0.0,784.6034998181196,784.6034998181196,0.0,0.0
898,2019-02-07 10:00:00,2,2019-02-07 11:00:00,0.10531,0.10531,0.10531,0.12,0.9394760087134704,746.6823570736302,-52.629557640460575,0.0,0.0,799.3119147140908,799.3119147140908,0.0,1.0
899,2019-02-07 11:00:00,2,2019-02-07 12:00:00,0.10531,0.10531,0.10531,0.12,1.0,756.645650505254,0.0,0.0,0.0,756.645650505254,756.645650505254,0.0,0.0
900,2019-02-07 12:00:00,2,2019-02-07 13:00:00,0.10531,0.10531,0.10531,0.12,1.0,810.6345628493762,-0.0,11.322648135285363,0.0,799.3119147140908,799.3119147140908,0.0,0.0
901,2019-02-07 13:00:00,2,2019-02-07 14:00:00,0.10531,0.10531,0.10531,0.12,0.9846159672074927,925.4765967116226,-0.0,126.16468199753183,0.0,799.3119147140908,799.3119147140908,0.0,0.0
902,2019-02-07 14:00:00,2,2019-02-07 15:00:00,0.10531,0.10531,0.10531,0.12,0.8131965623195418,942.8609048241427,-0.0,143.54899011005193,0.0,799.3119147140908,799.3119147140908,0.0,0.0
903,2019-02-07 15:00:00,2,2019-02-07 16:00:00,0.10531,0.10531,0.10531,0.12,0.6181571735830582,959.2357381143584,-0.0,159.92382340026757,0.0,799.3119147140908,799.3119147140908,0.0,0.0
904,2019-02-07 16:00:00,2,2019-02-07 17:00:00,0.13592,0.13592,0.13592,0.12,0.40086937005008605,968.4948848458978,-0.0,259.1785175396456,0.0,709.3163673062522,709.3163673062522,0.0,0.0
905,2019-02-07 17:00:00,2,2019-02-07 18:00:00,0.13592,0.13592,0.13592,0.12,0.048724645132089336,835.1732535313085,-0.0,35.86133881721776,0.0,799.3119147140908,799.3119147140908,0.0,0.0
906,2019-02-07 18:00:00,2,2019-02-07 19:00:00,0.13592,0.13592,0.13592,0.12,0.0,635.1469976455578,-0.0,0.0,0.0,635.1469976455578,635.1469976455578,0.0,1.0
907,2019-02-07 19:00:00,2,2019-02-07 20:00:00,0.13592,0.13592,0.13592,0.12,0.0,595.2572688581536,-0.0,0.0,0.0,595.2572688581536,595.2572688581536,0.0,1.0
908,2019-02-07 20:00:00,2,2019-02-07 21:00:00,0.13592,0.13592,0.13592,0.12,0.0,500.6008301085391,-0.0,0.0,0.0,500.6008301085391,500.6008301085391,0.0,0.0
909,2019-02-07 21:00:00,2,2019-02-07 22:00:00,0.10531,0.10531,0.10531,0.12,0.0,487.3215017798267,-0.0,0.0,0.0,487.3215017798267,487.3215017798267,0.0,0.0
910,2019-02-07 22:00:00,2,2019-02-07 23:00:00,0.10531,0.10531,0.10531,0.12,0.0,270.7912974030266,-0.0,0.0,0.0,270.7912974030266,270.7912974030266,0.0,0.0
911,2019-02-07 23:00:00,2,2019-02-08 00:00:00,0.10531,0.10531,0.10531,0.12,0.0,232.52798699155798,-0.0,0.0,0.0,232.52798699155798,232.52798699155798,0.0,0.0
912,2019-02-08 00:00:00,2,2019-02-08 01:00:00,0.10531,0.10531,0.10531,0.12,0.0,223.0543917269444,-0.0,0.0,0.0,223.0543917269444,223.0543917269444,0.0,0.0
913,2019-02-08 01:00:00,2,2019-02-08 02:00:00,0.10531,0.10531,0.10531,0.12,0.0,223.054391703691,-0.0,0.0,0.0,223.054391703691,223.054391703691,0.0,0.0
914,2019-02-08 02:00:00,2,2019-02-08 03:00:00,0.10531,0.10531,0.10531,0.12,0.0,223.05439175019782,-0.0,0.0,0.0,223.05439175019782,223.05439175019782,0.0,0.0
915,2019-02-08 03:00:00,2,2019-02-08 04:00:00,0.10531,0.10531,0.10531,0.12,0.0,223.05439179360422,-0.0,0.0,0.0,223.05439179360422,223.05439179360422,0.0,0.0
916,2019-02-08 04:00:00,2,2019-02-08 05:00:00,0.10531,0.10531,0.10531,0.12,0.0,232.52798704736617,-73.01670627795814,0.0,0.0,305.5446933253243,305.5446933253243,0.0,1.0
917,2019-02-08 05:00:00,2,2019-02-08 06:00:00,0.10531,0.10531,0.10531,0.12,0.08396921221965187,270.79239516892505,-0.0,0.0,0.0,270.79239516892505,270.79239516892505,0.0,0.0
918,2019-02-08 06:00:00,2,2019-02-08 07:00:00,0.10531,0.10531,0.10531,0.12,0.08396921221965187,331.8171353750896,-400.0,0.0,0.0,731.8171353750896,731.8171353750896,0.0,1.0
919,2019-02-08 07:00:00,2,2019-02-08 08:00:00,0.10531,0.10531,0.10531,0.12,0.5439692122196519,402.7634036007446,-396.5485111133462,0.0,0.0,799.3119147140908,799.3119147140908,0.0,1.0
920,2019-02-08 08:00:00,2,2019-02-08 09:00:00,0.10531,0.10531,0.10531,0.12,1.0,813.022111843036,-0.0,13.710197128945197,0.0,799.3119147140908,799.3119147140908,0.0,0.0
921,2019-02-08 09:00:00,2,2019-02-08 10:00:00,0.10531,0.10531,0.10531,0.12,0.981372014770455,831.6379235473001,-0.0,32.32600883320936,0.0,799.3119147140908,799.3119147140908,0.0,0.0
922,2019-02-08 10:00:00,2,2019-02-08 11:00:00,0.10531,0.10531,0.10531,0.12,0.9374508071166379,846.4010819501661,-0.0,47.089167236075355,0.0,799.3119147140908,799.3119147140908,0.0,0.0
923,2019-02-08 11:00:00,2,2019-02-08 12:00:00,0.10531,0.10531,0.10531,0.12,0.873470960328492,863.6303325440598,-0.0,64.31841782996901,0.0,799.3119147140908,799.3119147140908,0.0,0.0
924,2019-02-08 12:00:00,2,2019-02-08 13:00:00,0.10531,0.10531,0.10531,0.12,0.7860818056682081,838.4505955692744,-0.0,39.138680855183566,0.0,799.3119147140908,799.3119147140908,0.0,0.0
925,2019-02-08 13:00:00,2,2019-02-08 14:00:00,0.10531,0.10531,0.10531,0.12,0.7329042501584478,862.6893254927068,-0.0,63.37741077861597,0.0,799.3119147140908,799.3119147140908,0.0,0.0
926,2019-02-08 14:00:00,2,2019-02-08 15:00:00,0.10531,0.10531,0.10531,0.12,0.6467936376875022,829.7090391835376,-0.0,30.397124469446794,0.0,799.3119147140908,799.3119147140908,0.0,0.0
927,2019-02-08 15:00:00,2,2019-02-08 16:00:00,0.10531,0.10531,0.10531,0.12,0.6054931968322755,783.9718797938002,-15.340034920290577,0.0,0.0,799.3119147140908,799.3119147140908,0.0,1.0
928,2019-02-08 16:00:00,2,2019-02-08 17:00:00,0.13592,0.13592,0.13592,0.12,0.6231342369906098,784.5259262184679,-0.0,400.0,0.0,384.52592621846793,384.52592621846793,0.0,0.0
929,2019-02-08 17:00:00,2,2019-02-08 18:00:00,0.13592,0.13592,0.13592,0.12,0.07965597612104461,716.9552458752485,-0.0,0.0,0.0,716.9552458752485,716.9552458752485,0.0,1.0
930,2019-02-08 18:00:00,2,2019-02-08 19:00:00,0.13592,0.13592,0.13592,0.12,0.07965597612104461,582.341109124408,-0.0,0.0,0.0,582.341109124408,582.341109124408,0.0,1.0
931,2019-02-08 19:00:00,2,2019-02-08 20:00:00,0.13592,0.13592,0.13592,0.12,0.07965597612104461,563.4053948702037,-0.0,0.0,0.0,563.4053948702037,563.4053948702037,0.0,1.0
932,2019-02-08 20:00:00,2,2019-02-08 21:00:00,0.13592,0.13592,0.13592,0.12,0.07965597612104461,447.5405774894609,-0.0,58.62679842508883,0.0,388.913779064372,388.913779064372,0.0,0.0
933,2019-02-08 21:00:00,2,2019-02-08 22:00:00,0.10531,0.10531,0.10531,0.12,0.0,428.6003961864731,-0.0,0.0,0.0,428.6003961864731,428.6003961864731,0.0,1.0
934,2019-02-08 22:00:00,2,2019-02-08 23:00:00,0.10531,0.10531,0.10531,0.12,0.0,270.7912975727765,-0.0,0.0,0.0,270.7912975727765,270.7912975727765,0.0,0.0
935,2019-02-08 23:00:00,2,2019-02-09 00:00:00,0.10531,0.10531,0.10531,0.12,0.0,232.52798705744266,-0.0,0.0,0.0,232.52798705744266,232.52798705744266,0.0,0.0
936,2019-02-09 00:00:00,2,2019-02-09 01:00:00,0.10531,0.10531,0.10531,0.12,0.0,223.05439181995806,0.0,0.0,0.0,223.05439181995806,223.05439181995806,0.0,0.0
937,2019-02-09 01:00:00,2,2019-02-09 02:00:00,0.10531,0.10531,0.10531,0.12,0.0,223.0543918455368,-0.0,0.0,0.0,223.0543918455368,223.0543918455368,0.0,0.0
938,2019-02-09 02:00:00,2,2019-02-09 03:00:00,0.10531,0.10531,0.10531,0.12,0.0,223.05439183933592,-0.0,0.0,0.0,223.05439183933592,223.05439183933592,0.0,0.0
939,2019-02-09 03:00:00,2,2019-02-09 04:00:00,0.10531,0.10531,0.10531,0.12,0.0,223.05439186258934,-0.0,0.0,0.0,223.05439186258934,223.05439186258934,0.0,0.0
940,2019-02-09 04:00:00,2,2019-02-09 05:00:00,0.10531,0.10531,0.10531,0.12,0.0,232.52798712720292,-0.0,0.0,0.0,232.52798712720292,232.52798712720292,0.0,0.0
941,2019-02-09 05:00:00,2,2019-02-09 06:00:00,0.10531,0.10531,0.10531,0.12,0.0,270.7923946162689,-68.84545119125045,0.0,0.0,339.63784580751934,339.63784580751934,0.0,1.0
942,2019-02-09 06:00:00,2,2019-02-09 07:00:00,0.10531,0.10531,0.10531,0.12,0.07917226886993803,331.8681201181756,-400.0,0.0,0.0,731.8681201181756,731.8681201181756,0.0,1.0
943,2019-02-09 07:00:00,2,2019-02-09 08:00:00,0.10531,0.10531,0.10531,0.12,0.5391722688699381,394.8209954110839,-400.0,0.0,0.0,794.8209954110839,794.8209954110839,0.0,1.0
944,2019-02-09 08:00:00,2,2019-02-09 09:00:00,0.10531,0.10531,0.10531,0.12,0.999172268869938,812.9960993929387,-0.0,13.684184678847942,0.0,799.3119147140908,799.3119147140908,0.0,0.0
945,2019-02-09 09:00:00,2,2019-02-09 10:00:00,0.10531,0.10531,0.10531,0.12,0.9805796266432425,804.4228024051251,-0.0,5.11088769103435,0.0,799.3119147140908,799.3119147140908,0.0,0.0
946,2019-02-09 10:00:00,2,2019-02-09 11:00:00,0.10531,0.10531,0.10531,0.12,0.973635485758685,794.3946627493509,-0.0,0.0,0.0,794.3946627493509,794.3946627493509,0.0,0.0
947,2019-02-09 11:00:00,2,2019-02-09 12:00:00,0.10531,0.10531,0.10531,0.12,0.973635485758685,801.0294004405814,-0.0,1.7174857264906223,0.0,799.3119147140908,799.3119147140908,0.0,0.0
948,2019-02-09 12:00:00,2,2019-02-09 13:00:00,0.10531,0.10531,0.10531,0.12,0.9713019453694314,774.3570846005529,-24.954830113537923,0.0,0.0,799.3119147140908,799.3119147140908,0.0,1.0
949,2019-02-09 13:00:00,2,2019-02-09 14:00:00,0.10531,0.10531,0.10531,0.12,1.0,832.7793101348473,-0.0,33.467395420756475,0.0,799.3119147140908,799.3119147140908,0.0,0.0
950,2019-02-09 14:00:00,2,2019-02-09 15:00:00,0.10531,0.10531,0.10531,0.12,0.9545279953522331,863.3047736493388,-0.0,63.99285893524802,0.0,799.3119147140908,799.3119147140908,0.0,0.0
951,2019-02-09 15:00:00,2,2019-02-09 16:00:00,0.10531,0.10531,0.10531,0.12,0.8675811761467329,898.9917796372476,-0.0,99.67986492315686,0.0,799.3119147140908,799.3119147140908,0.0,0.0
952,2019-02-09 16:00:00,2,2019-02-09 17:00:00,0.13592,0.13592,0.13592,0.12,0.7321465770663568,929.7972897074283,-0.0,400.0,0.0,529.7972897074283,529.7972897074283,0.0,0.0
953,2019-02-09 17:00:00,2,2019-02-09 18:00:00,0.13592,0.13592,0.13592,0.12,0.1886683161967916,815.1348761106457,-0.0,138.85988072083862,0.0,676.274995389807,676.274995389807,0.0,0.0
954,2019-02-09 18:00:00,2,2019-02-09 19:00:00,0.13592,0.13592,0.13592,0.12,0.0,630.0977823191986,-0.0,0.0,0.0,630.0977823191986,630.0977823191986,0.0,0.0
955,2019-02-09 19:00:00,2,2019-02-09 20:00:00,0.13592,0.13592,0.13592,0.12,0.0,563.3903970388466,-0.0,0.0,0.0,563.3903970388466,563.3903970388466,0.0,1.0
956,2019-02-09 20:00:00,2,2019-02-09 21:00:00,0.13592,0.13592,0.13592,0.12,0.0,447.5304968349011,-0.0,0.0,0.0,447.5304968349011,447.5304968349011,0.0,1.0
957,2019-02-09 21:00:00,2,2019-02-09 22:00:00,0.10531,0.10531,0.10531,0.12,0.0,468.3983445853489,-0.0,0.0,0.0,468.3983445853489,468.3983445853489,0.0,0.0
958,2019-02-09 22:00:00,2,2019-02-09 23:00:00,0.10531,0.10531,0.10531,0.12,0.0,270.79129778360755,-0.0,0.0,0.0,270.79129778360755,270.79129778360755,0.0,0.0
959,2019-02-09 23:00:00,2,2019-02-10 00:00:00,0.10531,0.10531,0.10531,0.12,0.0,232.52798721091517,-0.0,0.0,0.0,232.52798721091517,232.52798721091517,0.0,0.0
960,2019-02-10 00:00:00,2,2019-02-10 01:00:00,0.10531,0.10531,0.10531,0.12,0.0,223.05439186879025,0.0,0.0,0.0,223.05439186879025,223.05439186879025,0.0,0.0
961,2019-02-10 01:00:00,2,2019-02-10 02:00:00,0.10531,0.10531,0.10531,0.12,0.0,223.05439187964186,-0.0,0.0,0.0,223.05439187964186,223.05439187964186,0.0,0.0
962,2019-02-10 02:00:00,2,2019-02-10 03:00:00,0.10531,0.10531,0.10531,0.12,0.0,223.0543917703508,-0.0,0.0,0.0,223.0543917703508,223.0543917703508,0.0,0.0
963,2019-02-10 03:00:00,2,2019-02-10 04:00:00,0.10531,0.10531,0.10531,0.12,0.0,223.0543917556236,-0.0,0.0,0.0,223.0543917556236,223.0543917556236,0.0,0.0
964,2019-02-10 04:00:00,2,2019-02-10 05:00:00,0.10531,0.10531,0.10531,0.12,0.0,232.52798709232277,-0.0,0.0,0.0,232.52798709232277,232.52798709232277,0.0,0.0
965,2019-02-10 05:00:00,2,2019-02-10 06:00:00,0.10531,0.10531,0.10531,0.12,0.0,270.79239481159755,-0.0,0.0,0.0,270.79239481159755,270.79239481159755,0.0,0.0
966,2019-02-10 06:00:00,2,2019-02-10 07:00:00,0.10531,0.10531,0.10531,0.12,0.0,331.9330862222153,-399.99999999999994,0.0,0.0,731.9330862222153,731.9330862222153,0.0,1.0
967,2019-02-10 07:00:00,2,2019-02-10 08:00:00,0.10531,0.10531,0.10531,0.12,0.4599999999999999,394.82032676761287,-328.66483367702494,0.0,0.0,723.4851604446378,723.4851604446378,0.0,1.0
968,2019-02-10 08:00:00,2,2019-02-10 09:00:00,0.10531,0.10531,0.10531,0.12,0.8379645587285787,813.059754838299,-0.0,13.74784012420821,0.0,799.3119147140908,799.3119147140908,0.0,0.0
969,2019-02-10 09:00:00,2,2019-02-10 10:00:00,0.10531,0.10531,0.10531,0.12,0.8192854281250348,784.595156910768,-14.716757803322821,0.0,0.0,799.3119147140908,799.3119147140908,0.0,1.0
970,2019-02-10 10:00:00,2,2019-02-10 11:00:00,0.10531,0.10531,0.10531,0.12,0.8362096995988559,746.6249723507984,0.0,0.0,0.0,746.6249723507984,746.6249723507984,0.0,0.0
971,2019-02-10 11:00:00,2,2019-02-10 12:00:00,0.10531,0.10531,0.10531,0.12,0.8362096995988559,746.81571811737,-52.49619659672078,0.0,0.0,799.3119147140908,799.3119147140908,0.0,1.0
972,2019-02-10 12:00:00,2,2019-02-10 13:00:00,0.10531,0.10531,0.10531,0.12,0.8965803256850848,709.3817631359037,-56.381424836935665,0.0,0.0,765.7631879728394,765.7631879728394,0.0,1.0
973,2019-02-10 13:00:00,2,2019-02-10 14:00:00,0.10531,0.10531,0.10531,0.12,0.9614189642475608,765.7631879728394,-33.54872674125136,0.0,0.0,799.3119147140908,799.3119147140908,0.0,1.0
974,2019-02-10 14:00:00,2,2019-02-10 15:00:00,0.10531,0.10531,0.10531,0.12,1.0,883.0432524911377,-0.0,83.73133777704686,0.0,799.3119147140908,799.3119147140908,0.0,0.0
975,2019-02-10 15:00:00,2,2019-02-10 16:00:00,0.10531,0.10531,0.10531,0.12,0.8862345954116211,1010.4094233962581,-0.0,211.09750868216736,0.0,799.3119147140908,799.3119147140908,0.0,0.0
976,2019-02-10 16:00:00,2,2019-02-10 17:00:00,0.13592,0.13592,0.13592,0.12,0.5994173281804155,1052.6599546881703,-0.0,364.09870790281406,0.0,688.5612467853562,688.5612467853562,0.0,0.0
977,2019-02-10 17:00:00,2,2019-02-10 18:00:00,0.13592,0.13592,0.13592,0.12,0.10471799679072252,876.3843603520626,-0.0,77.07244563797178,0.0,799.3119147140908,799.3119147140908,0.0,0.0
978,2019-02-10 18:00:00,2,2019-02-10 19:00:00,0.13592,0.13592,0.13592,0.12,0.0,619.6426758316168,-0.0,0.0,0.0,619.6426758316168,619.6426758316168,0.0,1.0
979,2019-02-10 19:00:00,2,2019-02-10 20:00:00,0.13592,0.13592,0.13592,0.12,0.0,563.3625733762467,-0.0,0.0,0.0,563.3625733762467,563.3625733762467,0.0,0.0
980,2019-02-10 20:00:00,2,2019-02-10 21:00:00,0.13592,0.13592,0.13592,0.12,0.0,447.51075077289534,-0.0,0.0,0.0,447.51075077289534,447.51075077289534,0.0,0.0
981,2019-02-10 21:00:00,2,2019-02-10 22:00:00,0.10531,0.10531,0.10531,0.12,0.0,460.4227665485803,-0.0,0.0,0.0,460.4227665485803,460.4227665485803,0.0,0.0
982,2019-02-10 22:00:00,2,2019-02-10 23:00:00,0.10531,0.10531,0.10531,0.12,0.0,270.7912973634958,-0.0,0.0,0.0,270.7912973634958,270.7912973634958,0.0,0.0
983,2019-02-10 23:00:00,2,2019-02-11 00:00:00,0.10531,0.10531,0.10531,0.12,0.0,232.52798696675433,-0.0,0.0,0.0,232.52798696675433,232.52798696675433,0.0,0.0
984,2019-02-11 00:00:00,2,2019-02-11 01:00:00,0.10531,0.10531,0.10531,0.12,0.0,184.42215174542952,-0.0,0.0,0.0,184.42215174542952,184.42215174542952,0.0,1.0
985,2019-02-11 01:00:00,2,2019-02-11 02:00:00,0.10531,0.10531,0.10531,0.12,0.0,184.42215177178338,-0.0,0.0,0.0,184.42215177178338,184.42215177178338,0.0,0.0
986,2019-02-11 02:00:00,2,2019-02-11 03:00:00,0.10531,0.10531,0.10531,0.12,0.0,184.4221518500699,-0.0,0.0,0.0,184.4221518500699,184.4221518500699,0.0,0.0
987,2019-02-11 03:00:00,2,2019-02-11 04:00:00,0.10531,0.10531,0.10531,0.12,0.0,184.4221517849603,-0.0,0.0,0.0,184.4221517849603,184.4221517849603,0.0,0.0
988,2019-02-11 04:00:00,2,2019-02-11 05:00:00,0.10531,0.10531,0.10531,0.12,0.0,193.89574708600426,-0.0,0.0,0.0,193.89574708600426,193.89574708600426,0.0,1.0
989,2019-02-11 05:00:00,2,2019-02-11 06:00:00,0.10531,0.10531,0.10531,0.12,0.0,212.844035450115,-0.0,0.0,0.0,212.844035450115,212.844035450115,0.0,0.0
990,2019-02-11 06:00:00,2,2019-02-11 07:00:00,0.10531,0.10531,0.10531,0.12,0.0,331.81562622834554,-342.6284547232493,0.0,0.0,674.4440809515949,674.4440809515949,0.0,1.0
991,2019-02-11 07:00:00,2,2019-02-11 08:00:00,0.10531,0.10531,0.10531,0.12,0.39402272293173674,310.93556381465595,-0.0,0.0,0.0,310.93556381465595,310.93556381465595,0.0,0.0
992,2019-02-11 08:00:00,2,2019-02-11 09:00:00,0.10531,0.10531,0.10531,0.12,0.39402272293173674,504.0256118636469,-0.0,0.0,0.0,504.0256118636469,504.0256118636469,0.0,1.0
993,2019-02-11 09:00:00,2,2019-02-11 10:00:00,0.10531,0.10531,0.10531,0.12,0.39402272293173674,475.5777133207382,0.0,0.0,0.0,475.5777133207382,475.5777133207382,0.0,0.0
994,2019-02-11 10:00:00,2,2019-02-11 11:00:00,0.10531,0.10531,0.10531,0.12,0.39402272293173674,445.57696463927414,-228.86711631232072,0.0,0.0,674.4440809515949,674.4440809515949,0.0,1.0
995,2019-02-11 11:00:00,2,2019-02-11 12:00:00,0.10531,0.10531,0.10531,0.12,0.6572199066909056,437.5915157433718,-236.85256520822304,0.0,0.0,674.4440809515949,674.4440809515949,0.0,1.0
996,2019-02-11 12:00:00,2,2019-02-11 13:00:00,0.10531,0.10531,0.10531,0.12,0.929600356680362,505.48504496612054,-61.21708114751134,4.121147867408581e-13,0.0,566.7021261136314,566.7021261136314,0.0,1.0
997,2019-02-11 13:00:00,2,2019-02-11 14:00:00,0.10531,0.10531,0.10531,0.12,0.9999999999999994,613.2269998040836,-0.0,0.0,0.0,613.2269998040836,613.2269998040836,0.0,1.0
998,2019-02-11 14:00:00,2,2019-02-11 15:00:00,0.10531,0.10531,0.10531,0.12,0.9999999999999996,495.5638460096056,-0.0,0.0,0.0,495.5638460096057,495.5638460096057,0.0,1.0
999,2019-02-11 15:00:00,2,2019-02-11 16:00:00,0.10531,0.10531,0.10531,0.12,0.9999999999999999,528.3311198182765,-0.0,-5.684341886080802e-14,0.0,528.3311198182765,528.3311198182765,0.0,1.0
1000,2019-02-11 16:00:00,2,2019-02-11 17:00:00,0.13592,0.13592,0.13592,0.12,1.0,558.482457537948,-0.0,215.57670873783144,0.0,342.90574880011656,342.90574880011656,0.0,0.0
1001,2019-02-11 17:00:00,2,2019-02-11 18:00:00,0.13592,0.13592,0.13592,0.12,0.7070968631279464,450.67500129531675,-0.0,0.0,0.0,450.67500129531675,450.67500129531675,0.0,0.0
1002,2019-02-11 18:00:00,2,2019-02-11 19:00:00,0.13592,0.13592,0.13592,0.12,0.7070968631279464,269.68524106079707,-0.0,269.68524106079707,0.0,0.0,0.0,0.0,0.0
1003,2019-02-11 19:00:00,2,2019-02-11 20:00:00,0.13592,0.13592,0.13592,0.12,0.34067669864316774,250.7380502013715,-0.0,250.7380502013715,0.0,0.0,0.0,0.0,0.0
1004,2019-02-11 20:00:00,2,2019-02-11 21:00:00,0.13592,0.13592,0.13592,0.12,0.0,250.73805070364529,-0.0,7.950613842922938e-15,0.0,250.73805070364529,250.73805070364529,0.0,0.0
1005,2019-02-11 21:00:00,2,2019-02-11 22:00:00,0.10531,0.10531,0.10531,0.12,0.0,231.7915912835425,-0.0,-1.6871091607025795e-14,0.0,231.79159128354252,231.79159128354252,0.0,0.0
1006,2019-02-11 22:00:00,2,2019-02-11 23:00:00,0.10531,0.10531,0.10531,0.12,0.0,212.84293787179408,-0.0,0.0,0.0,212.84293787179408,212.84293787179408,0.0,0.0
1007,2019-02-11 23:00:00,2,2019-02-12 00:00:00,0.10531,0.10531,0.10531,0.12,0.0,193.89574726660578,-0.0,0.0,0.0,193.89574726660578,193.89574726660578,0.0,1.0
1008,2019-02-12 00:00:00,2,2019-02-12 01:00:00,0.10531,0.10531,0.10531,0.12,0.0,184.4217859994142,-0.0,0.0,0.0,184.4217859994142,184.4217859994142,0.0,0.0
1009,2019-02-12 01:00:00,2,2019-02-12 02:00:00,0.10531,0.10531,0.10531,0.12,0.0,184.42178592887885,-0.0,0.0,0.0,184.42178592887885,184.42178592887885,0.0,0.0
1010,2019-02-12 02:00:00,2,2019-02-12 03:00:00,0.10531,0.10531,0.10531,0.12,0.0,184.42178597848616,-0.0,0.0,0.0,184.42178597848616,184.42178597848616,0.0,0.0
1011,2019-02-12 03:00:00,2,2019-02-12 04:00:00,0.10531,0.10531,0.10531,0.12,0.0,184.42178609242785,-0.0,0.0,0.0,184.42178609242785,184.42178609242785,0.0,0.0
1012,2019-02-12 04:00:00,2,2019-02-12 05:00:00,0.10531,0.10531,0.10531,0.12,0.0,193.8953814477298,-0.0,0.0,0.0,193.8953814477298,193.8953814477298,0.0,0.0
1013,2019-02-12 05:00:00,2,2019-02-12 06:00:00,0.10531,0.10531,0.10531,0.12,0.0,212.8436694258338,-0.0,0.0,0.0,212.8436694258338,212.8436694258338,0.0,0.0
1014,2019-02-12 06:00:00,2,2019-02-12 07:00:00,0.10531,0.10531,0.10531,0.12,0.0,250.7369530113826,-0.0,0.0,0.0,250.7369530113826,250.7369530113826,0.0,0.0
1015,2019-02-12 07:00:00,2,2019-02-12 08:00:00,0.10531,0.10531,0.10531,0.12,0.0,229.9502554616337,-0.0,0.0,0.0,229.9502554616337,229.9502554616337,0.0,0.0
1016,2019-02-12 08:00:00,2,2019-02-12 09:00:00,0.10531,0.10531,0.10531,0.12,0.0,229.9502555391451,-0.0,0.0,0.0,229.9502555391451,229.9502555391451,0.0,0.0
1017,2019-02-12 09:00:00,2,2019-02-12 10:00:00,0.10531,0.10531,0.10531,0.12,0.0,201.52946969104644,-309.7983156974676,0.0,0.0,511.32778538851403,511.32778538851403,0.0,1.0
1018,2019-02-12 10:00:00,2,2019-02-12 11:00:00,0.10531,0.10531,0.10531,0.12,0.35626806305208775,163.63508851865043,-0.0,0.0,0.0,163.63508851865043,163.63508851865043,0.0,0.0
1019,2019-02-12 11:00:00,2,2019-02-12 12:00:00,0.10531,0.10531,0.10531,0.12,0.35626806305208775,171.37989319678286,-0.0,0.0,0.0,171.37989319678286,171.37989319678286,0.0,0.0
1020,2019-02-12 12:00:00,2,2019-02-12 13:00:00,0.10531,0.10531,0.10531,0.12,0.35626806305208775,184.28784208708151,-159.76690169383667,0.0,0.0,344.0547437809182,344.0547437809182,0.0,1.0
1021,2019-02-12 13:00:00,2,2019-02-12 14:00:00,0.10531,0.10531,0.10531,0.12,0.5399999999999999,232.49811484866783,-0.0,0.0,0.0,232.49811484866783,232.49811484866783,0.0,0.0
1022,2019-02-12 14:00:00,2,2019-02-12 15:00:00,0.10531,0.10531,0.10531,0.12,0.5399999999999999,271.46713438519345,-0.0,0.0,0.0,271.46713438519345,271.46713438519345,0.0,0.0
1023,2019-02-12 15:00:00,2,2019-02-12 16:00:00,0.10531,0.10531,0.10531,0.12,0.5399999999999999,278.60082699611,-400.00000000000006,0.0,0.0,678.6008269961101,678.6008269961101,0.0,1.0
1024,2019-02-12 16:00:00,2,2019-02-12 17:00:00,0.13592,0.13592,0.13592,0.12,1.0,273.8378246618201,-0.0,273.8378246618201,0.0,0.0,0.0,0.0,0.0
1025,2019-02-12 17:00:00,2,2019-02-12 18:00:00,0.13592,0.13592,0.13592,0.12,0.6279377382312227,249.81719961235058,-0.0,249.81719961235058,0.0,0.0,0.0,0.0,0.0
1026,2019-02-12 18:00:00,2,2019-02-12 19:00:00,0.13592,0.13592,0.13592,0.12,0.28851219527965943,269.68414371190994,-0.0,212.34497572582936,0.0,57.33916798608058,57.33916798608058,0.0,0.0
1027,2019-02-12 19:00:00,2,2019-02-12 20:00:00,0.13592,0.13592,0.13592,0.12,0.0,250.73695306951615,-0.0,0.0,0.0,250.73695306951615,250.73695306951615,0.0,0.0
1028,2019-02-12 20:00:00,2,2019-02-12 21:00:00,0.13592,0.13592,0.13592,0.12,0.0,250.73695294704817,-0.0,0.0,0.0,250.73695294704817,250.73695294704817,0.0,0.0
1029,2019-02-12 21:00:00,2,2019-02-12 22:00:00,0.10531,0.10531,0.10531,0.12,0.0,231.79085972872764,-0.0,0.0,0.0,231.79085972872764,231.79085972872764,0.0,0.0
1030,2019-02-12 22:00:00,2,2019-02-12 23:00:00,0.10531,0.10531,0.10531,0.12,0.0,212.8425719002206,-0.0,0.0,0.0,212.8425719002206,212.8425719002206,0.0,0.0
1031,2019-02-12 23:00:00,2,2019-02-13 00:00:00,0.10531,0.10531,0.10531,0.12,0.0,193.89538130588394,-0.0,0.0,0.0,193.89538130588394,193.89538130588394,0.0,0.0
1032,2019-02-13 00:00:00,2,2019-02-13 01:00:00,0.10531,0.10531,0.10531,0.12,0.0,223.05439150603695,0.0,0.0,0.0,223.05439150603695,223.05439150603695,0.0,0.0
1033,2019-02-13 01:00:00,2,2019-02-13 02:00:00,0.10531,0.10531,0.10531,0.12,0.0,223.05439156262028,-0.0,0.0,0.0,223.05439156262028,223.05439156262028,0.0,0.0
1034,2019-02-13 02:00:00,2,2019-02-13 03:00:00,0.10531,0.10531,0.10531,0.12,0.0,223.05439152929037,-0.0,0.0,0.0,223.05439152929037,223.05439152929037,0.0,0.0
1035,2019-02-13 03:00:00,2,2019-02-13 04:00:00,0.10531,0.10531,0.10531,0.12,0.0,223.0543915068121,-0.0,0.0,0.0,223.0543915068121,223.0543915068121,0.0,0.0
1036,2019-02-13 04:00:00,2,2019-02-13 05:00:00,0.10531,0.10531,0.10531,0.12,0.0,232.5279868380854,-0.0,0.0,0.0,232.5279868380854,232.5279868380854,0.0,0.0
1037,2019-02-13 05:00:00,2,2019-02-13 06:00:00,0.10531,0.10531,0.10531,0.12,0.0,270.7923947743921,-0.0,0.0,0.0,270.7923947743921,270.7923947743921,0.0,0.0
1038,2019-02-13 06:00:00,2,2019-02-13 07:00:00,0.10531,0.10531,0.10531,0.12,0.0,331.84055230981915,-386.93476053657815,0.0,0.0,718.7753128463974,718.7753128463974,0.0,1.0
1039,2019-02-13 07:00:00,2,2019-02-13 08:00:00,0.10531,0.10531,0.10531,0.12,0.44497497461706487,388.2284559044258,-400.0,0.0,0.0,788.2284559044258,788.2284559044258,0.0,1.0
1040,2019-02-13 08:00:00,2,2019-02-13 09:00:00,0.10531,0.10531,0.10531,0.12,0.9049749746170649,813.0501114681158,-82.63045685472616,0.0,0.0,895.680568322842,895.680568322842,0.0,1.0
1041,2019-02-13 09:00:00,2,2019-02-13 10:00:00,0.10531,0.10531,0.10531,0.12,1.0,784.5934513579153,0.0,0.0,0.0,784.5934513579153,784.5934513579153,0.0,0.0
1042,2019-02-13 10:00:00,2,2019-02-13 11:00:00,0.10531,0.10531,0.10531,0.12,1.0,746.642385578108,0.0,0.0,0.0,746.642385578108,746.642385578108,0.0,0.0
1043,2019-02-13 11:00:00,2,2019-02-13 12:00:00,0.10531,0.10531,0.10531,0.12,1.0,831.6322945152074,-0.0,0.0,0.0,831.6322945152074,831.6322945152074,0.0,0.0
1044,2019-02-13 12:00:00,2,2019-02-13 13:00:00,0.10531,0.10531,0.10531,0.12,1.0,907.1200652775368,-0.0,11.439496954694846,0.0,895.680568322842,895.680568322842,0.0,0.0
1045,2019-02-13 13:00:00,2,2019-02-13 14:00:00,0.10531,0.10531,0.10531,0.12,0.9844572052245993,1027.0331318820492,-0.0,131.35256355920728,0.0,895.680568322842,895.680568322842,0.0,0.0
1046,2019-02-13 14:00:00,2,2019-02-13 15:00:00,0.10531,0.10531,0.10531,0.12,0.8059890482148069,1038.9684775860676,-0.0,143.28790926322563,0.0,895.680568322842,895.680568322842,0.0,0.0
1047,2019-02-13 15:00:00,2,2019-02-13 16:00:00,0.10531,0.10531,0.10531,0.12,0.6113043888897721,1047.1718731032552,-0.0,151.4913047804132,0.0,895.680568322842,895.680568322842,0.0,0.0
1048,2019-02-13 16:00:00,2,2019-02-13 17:00:00,0.13592,0.13592,0.13592,0.12,0.40547381174247166,1086.1785342398384,-0.0,190.49796591699646,0.0,895.680568322842,895.680568322842,0.0,0.0
1049,2019-02-13 17:00:00,2,2019-02-13 18:00:00,0.13592,0.13592,0.13592,0.12,0.1466450537030743,1003.6113278483047,-0.0,107.93075952546269,0.0,895.680568322842,895.680568322842,0.0,0.0
1050,2019-02-13 18:00:00,2,2019-02-13 19:00:00,0.13592,0.13592,0.13592,0.12,0.0,865.1262969804312,-0.0,0.0,0.0,865.1262969804312,865.1262969804312,0.0,0.0
1051,2019-02-13 19:00:00,2,2019-02-13 20:00:00,0.13592,0.13592,0.13592,0.12,0.0,775.6966283743315,-0.0,0.0,0.0,775.6966283743315,775.6966283743315,0.0,0.0
1052,2019-02-13 20:00:00,2,2019-02-13 21:00:00,0.13592,0.13592,0.13592,0.12,0.0,566.0093342339588,-0.0,0.0,0.0,566.0093342339588,566.0093342339588,0.0,0.0
1053,2019-02-13 21:00:00,2,2019-02-13 22:00:00,0.10531,0.10531,0.10531,0.12,0.0,473.6561951874958,-0.0,0.0,0.0,473.6561951874958,473.6561951874958,0.0,0.0
1054,2019-02-13 22:00:00,2,2019-02-13 23:00:00,0.10531,0.10531,0.10531,0.12,0.0,270.7912971836694,-0.0,0.0,0.0,270.7912971836694,270.7912971836694,0.0,0.0
1055,2019-02-13 23:00:00,2,2019-02-14 00:00:00,0.10531,0.10531,0.10531,0.12,0.0,232.52798677607632,-0.0,0.0,0.0,232.52798677607632,232.52798677607632,0.0,0.0
1056,2019-02-14 00:00:00,2,2019-02-14 01:00:00,0.10531,0.10531,0.10531,0.12,0.0,223.0543914471283,0.0,0.0,0.0,223.0543914471283,223.0543914471283,0.0,0.0
1057,2019-02-14 01:00:00,2,2019-02-14 02:00:00,0.10531,0.10531,0.10531,0.12,0.0,223.05439141534862,-0.0,0.0,0.0,223.05439141534862,223.05439141534862,0.0,0.0
1058,2019-02-14 02:00:00,2,2019-02-14 03:00:00,0.10531,0.10531,0.10531,0.12,0.0,223.05439145565455,-0.0,0.0,0.0,223.05439145565455,223.05439145565455,0.0,0.0
1059,2019-02-14 03:00:00,2,2019-02-14 04:00:00,0.10531,0.10531,0.10531,0.12,0.0,223.0543915153383,-0.0,0.0,0.0,223.0543915153383,223.0543915153383,0.0,0.0
1060,2019-02-14 04:00:00,2,2019-02-14 05:00:00,0.10531,0.10531,0.10531,0.12,0.0,232.52798675979892,-0.0,0.0,0.0,232.52798675979892,232.52798675979892,0.0,0.0
1061,2019-02-14 05:00:00,2,2019-02-14 06:00:00,0.10531,0.10531,0.10531,0.12,0.0,270.7923947333111,-0.0,0.0,0.0,270.7923947333111,270.7923947333111,0.0,0.0
1062,2019-02-14 06:00:00,2,2019-02-14 07:00:00,0.10531,0.10531,0.10531,0.12,0.0,331.77126126017555,-350.45342846945135,0.0,0.0,682.2246897296269,682.2246897296269,0.0,1.0
1063,2019-02-14 07:00:00,2,2019-02-14 08:00:00,0.10531,0.10531,0.10531,0.12,0.40302144273986906,388.15695736375307,-399.99999999999994,0.0,0.0,788.156957363753,788.156957363753,0.0,1.0
1064,2019-02-14 08:00:00,2,2019-02-14 09:00:00,0.10531,0.10531,0.10531,0.12,0.863021442739869,832.7385783649903,-119.11178892185308,0.0,0.0,951.8503672868434,951.8503672868434,0.0,1.0
1065,2019-02-14 09:00:00,2,2019-02-14 10:00:00,0.10531,0.10531,0.10531,0.12,1.0,926.3465513127485,-0.0,0.0,0.0,926.3465513127485,926.3465513127485,0.0,0.0
1066,2019-02-14 10:00:00,2,2019-02-14 11:00:00,0.10531,0.10531,0.10531,0.12,1.0,1016.3375208979521,-0.0,64.4871536111088,0.0,951.8503672868433,951.8503672868433,0.0,0.0
1067,2019-02-14 11:00:00,2,2019-02-14 12:00:00,0.10531,0.10531,0.10531,0.12,0.9123815847675152,1045.3407811772167,-0.0,93.49041389037336,0.0,951.8503672868434,951.8503672868434,0.0,0.0
1068,2019-02-14 12:00:00,2,2019-02-14 13:00:00,0.10531,0.10531,0.10531,0.12,0.7853565658947255,1019.9394146166454,-0.0,68.08904732980201,0.0,951.8503672868434,951.8503672868434,0.0,0.0
1069,2019-02-14 13:00:00,2,2019-02-14 14:00:00,0.10531,0.10531,0.10531,0.12,0.6928442733270598,1066.5729660758057,-0.0,114.72259878896227,0.0,951.8503672868434,951.8503672868434,0.0,0.0
1070,2019-02-14 14:00:00,2,2019-02-14 15:00:00,0.10531,0.10531,0.10531,0.12,0.5369711771464045,1065.2768144511074,-0.0,113.426447164264,0.0,951.8503672868434,951.8503672868434,0.0,0.0
1071,2019-02-14 15:00:00,2,2019-02-14 16:00:00,0.10531,0.10531,0.10531,0.12,0.38285915654278485,1056.6664565165536,-0.0,104.8160892297102,0.0,951.8503672868434,951.8503672868434,0.0,0.0
1072,2019-02-14 16:00:00,2,2019-02-14 17:00:00,0.13592,0.13592,0.13592,0.12,0.24044599182850476,1083.3278736871287,-0.0,131.47750640028528,0.0,951.8503672868434,951.8503672868434,0.0,0.0
1073,2019-02-14 17:00:00,2,2019-02-14 18:00:00,0.13592,0.13592,0.13592,0.12,0.06180807552376932,997.3411108723376,-0.0,45.490743585494215,0.0,951.8503672868434,951.8503672868434,0.0,0.0
1074,2019-02-14 18:00:00,2,2019-02-14 19:00:00,0.13592,0.13592,0.13592,0.12,0.0,843.6685020304433,-0.0,0.0,0.0,843.6685020304433,843.6685020304433,0.0,1.0
1075,2019-02-14 19:00:00,2,2019-02-14 20:00:00,0.13592,0.13592,0.13592,0.12,0.0,797.0766126405821,-0.0,0.0,0.0,797.0766126405821,797.0766126405821,0.0,1.0
1076,2019-02-14 20:00:00,2,2019-02-14 21:00:00,0.13592,0.13592,0.13592,0.12,0.0,549.2658136432943,-0.0,0.0,0.0,549.2658136432943,549.2658136432943,0.0,1.0
1077,2019-02-14 21:00:00,2,2019-02-14 22:00:00,0.10531,0.10531,0.10531,0.12,0.0,428.53955435415156,-0.0,0.0,0.0,428.53955435415156,428.53955435415156,0.0,0.0
1078,2019-02-14 22:00:00,2,2019-02-14 23:00:00,0.10531,0.10531,0.10531,0.12,0.0,270.7912972914102,-0.0,0.0,0.0,270.7912972914102,270.7912972914102,0.0,0.0
1079,2019-02-14 23:00:00,2,2019-02-15 00:00:00,0.10531,0.10531,0.10531,0.12,0.0,232.5279867853777,-0.0,0.0,0.0,232.5279867853777,232.5279867853777,0.0,0.0
1080,2019-02-15 00:00:00,2,2019-02-15 01:00:00,0.10531,0.10531,0.10531,0.12,0.0,223.05439140682236,0.0,0.0,0.0,223.05439140682236,223.05439140682236,0.0,0.0
1081,2019-02-15 01:00:00,2,2019-02-15 02:00:00,0.10531,0.10531,0.10531,0.12,0.0,223.05439147038172,-0.0,0.0,0.0,223.05439147038172,223.05439147038172,0.0,0.0
1082,2019-02-15 02:00:00,2,2019-02-15 03:00:00,0.10531,0.10531,0.10531,0.12,0.0,223.0543914796831,-0.0,0.0,0.0,223.0543914796831,223.0543914796831,0.0,0.0
1083,2019-02-15 03:00:00,2,2019-02-15 04:00:00,0.10531,0.10531,0.10531,0.12,0.0,223.0543914796831,-69.56521739130429,0.0,0.0,292.61960887098735,292.61960887098735,0.0,1.0
1084,2019-02-15 04:00:00,2,2019-02-15 05:00:00,0.10531,0.10531,0.10531,0.12,0.07999999999999993,232.52798678150214,-0.0,0.0,0.0,232.52798678150214,232.52798678150214,0.0,0.0
1085,2019-02-15 05:00:00,2,2019-02-15 06:00:00,0.10531,0.10531,0.10531,0.12,0.07999999999999993,270.79239410779417,-0.0,0.0,0.0,270.79239410779417,270.79239410779417,0.0,0.0
1086,2019-02-15 06:00:00,2,2019-02-15 07:00:00,0.10531,0.10531,0.10531,0.12,0.07999999999999993,332.1138790722211,-400.0,0.0,0.0,732.1138790722212,732.1138790722212,0.0,1.0
1087,2019-02-15 07:00:00,2,2019-02-15 08:00:00,0.10531,0.10531,0.10531,0.12,0.5399999999999999,388.1153031099274,-400.00000000000006,0.0,0.0,788.1153031099275,788.1153031099275,0.0,1.0
1088,2019-02-15 08:00:00,2,2019-02-15 09:00:00,0.10531,0.10531,0.10531,0.12,1.0,831.4044568407461,0.0,0.0,0.0,831.4044568407461,831.4044568407461,0.0,0.0
1089,2019-02-15 09:00:00,2,2019-02-15 10:00:00,0.10531,0.10531,0.10531,0.12,1.0,897.0481438872641,0.0,0.0,0.0,897.0481438872641,897.0481438872641,0.0,0.0
1090,2019-02-15 10:00:00,2,2019-02-15 11:00:00,0.10531,0.10531,0.10531,0.12,1.0,981.403700254617,-0.0,17.68302358904405,0.0,963.7206766655729,963.7206766655729,0.0,0.0
1091,2019-02-15 11:00:00,2,2019-02-15 12:00:00,0.10531,0.10531,0.10531,0.12,0.9759741527322771,1035.1766734224393,-0.0,71.45599675686634,0.0,963.7206766655729,963.7206766655729,0.0,0.0
1092,2019-02-15 12:00:00,2,2019-02-15 13:00:00,0.10531,0.10531,0.10531,0.12,0.8788872006169696,1014.0283235632666,-0.0,50.30764689769351,0.0,963.720676665573,963.720676665573,0.0,0.0
1093,2019-02-15 13:00:00,2,2019-02-15 14:00:00,0.10531,0.10531,0.10531,0.12,0.8105344195059729,1068.7802155484464,-0.0,105.05953888287343,0.0,963.720676665573,963.720676665573,0.0,0.0
1094,2019-02-15 14:00:00,2,2019-02-15 15:00:00,0.10531,0.10531,0.10531,0.12,0.6677904808064166,1082.3008758573592,-0.0,118.58019919178616,0.0,963.720676665573,963.720676665573,0.0,0.0
1095,2019-02-15 15:00:00,2,2019-02-15 16:00:00,0.10531,0.10531,0.10531,0.12,0.5066760797306202,1096.7318190749725,-0.0,133.01114240939944,0.0,963.720676665573,963.720676665573,0.0,0.0
1096,2019-02-15 16:00:00,2,2019-02-15 17:00:00,0.13592,0.13592,0.13592,0.12,0.32595441884828413,1133.8751740639227,-0.0,170.1544973983497,0.0,963.720676665573,963.720676665573,0.0,0.0
1097,2019-02-15 17:00:00,2,2019-02-15 18:00:00,0.13592,0.13592,0.13592,0.12,0.09476624303530895,1033.4686315395604,-0.0,69.7479548739874,0.0,963.720676665573,963.720676665573,0.0,0.0
1098,2019-02-15 18:00:00,2,2019-02-15 19:00:00,0.13592,0.13592,0.13592,0.12,0.0,887.8916925221027,-0.0,0.0,0.0,887.8916925221027,887.8916925221027,0.0,1.0
1099,2019-02-15 19:00:00,2,2019-02-15 20:00:00,0.13592,0.13592,0.13592,0.12,0.0,857.8391831178606,-0.0,0.0,0.0,857.8391831178606,857.8391831178606,0.0,1.0
1100,2019-02-15 20:00:00,2,2019-02-15 21:00:00,0.13592,0.13592,0.13592,0.12,0.0,733.2047512036521,-0.0,0.0,0.0,733.2047512036521,733.2047512036521,0.0,1.0
1101,2019-02-15 21:00:00,2,2019-02-15 22:00:00,0.10531,0.10531,0.10531,0.12,0.0,683.7480908452147,-0.0,0.0,0.0,683.7480908452147,683.7480908452147,0.0,1.0
1102,2019-02-15 22:00:00,2,2019-02-15 23:00:00,0.10531,0.10531,0.10531,0.12,0.0,270.79129726660653,-0.0,0.0,0.0,270.79129726660653,270.79129726660653,0.0,0.0
1103,2019-02-15 23:00:00,2,2019-02-16 00:00:00,0.10531,0.10531,0.10531,0.12,0.0,232.52798675359801,-0.0,0.0,0.0,232.52798675359801,232.52798675359801,0.0,0.0
1104,2019-02-16 00:00:00,2,2019-02-16 01:00:00,0.10531,0.10531,0.10531,0.12,0.0,223.0543913789183,0.0,0.0,0.0,223.0543913789183,223.0543913789183,0.0,0.0
1105,2019-02-16 01:00:00,2,2019-02-16 02:00:00,0.10531,0.10531,0.10531,0.12,0.0,223.05439135954043,-0.0,0.0,0.0,223.05439135954043,223.05439135954043,0.0,0.0
1106,2019-02-16 02:00:00,2,2019-02-16 03:00:00,0.10531,0.10531,0.10531,0.12,0.0,223.054391363416,-0.0,0.0,0.0,223.054391363416,223.054391363416,0.0,0.0
1107,2019-02-16 03:00:00,2,2019-02-16 04:00:00,0.10531,0.10531,0.10531,0.12,0.0,223.05439137116713,-69.5652173913044,0.0,0.0,292.61960876247156,292.61960876247156,0.0,1.0
1108,2019-02-16 04:00:00,2,2019-02-16 05:00:00,0.10531,0.10531,0.10531,0.12,0.08000000000000007,232.52798657222138,-0.0,0.0,0.0,232.52798657222138,232.52798657222138,0.0,0.0
1109,2019-02-16 05:00:00,2,2019-02-16 06:00:00,0.10531,0.10531,0.10531,0.12,0.08000000000000007,270.7923939419198,-0.0,0.0,0.0,270.7923939419198,270.7923939419198,0.0,0.0
1110,2019-02-16 06:00:00,2,2019-02-16 07:00:00,0.10531,0.10531,0.10531,0.12,0.08000000000000007,332.6756978925132,-400.0,0.0,0.0,732.6756978925132,732.6756978925132,0.0,1.0
1111,2019-02-16 07:00:00,2,2019-02-16 08:00:00,0.10531,0.10531,0.10531,0.12,0.54,396.0712290959287,-399.99999999999994,0.0,0.0,796.0712290959286,796.0712290959286,0.0,1.0
1112,2019-02-16 08:00:00,2,2019-02-16 09:00:00,0.10531,0.10531,0.10531,0.12,1.0,830.8013231665227,0.0,0.0,0.0,830.8013231665227,830.8013231665227,0.0,0.0
1113,2019-02-16 09:00:00,2,2019-02-16 10:00:00,0.10531,0.10531,0.10531,0.12,1.0,885.489297524069,0.0,0.0,0.0,885.489297524069,885.489297524069,0.0,0.0
1114,2019-02-16 10:00:00,2,2019-02-16 11:00:00,0.10531,0.10531,0.10531,0.12,1.0,940.9358924875603,0.0,0.0,0.0,940.9358924875603,940.9358924875603,0.0,0.0
1115,2019-02-16 11:00:00,2,2019-02-16 12:00:00,0.10531,0.10531,0.10531,0.12,1.0,1028.529280268449,-0.0,64.8086036028759,0.0,963.720676665573,963.720676665573,0.0,0.0
1116,2019-02-16 12:00:00,2,2019-02-16 13:00:00,0.10531,0.10531,0.10531,0.12,0.9119448320613099,1004.4243228564147,-0.0,40.70364619084171,0.0,963.720676665573,963.720676665573,0.0,0.0
1117,2019-02-16 13:00:00,2,2019-02-16 14:00:00,0.10531,0.10531,0.10531,0.12,0.8566409649541882,1050.9903910167752,-0.0,87.2697143512022,0.0,963.720676665573,963.720676665573,0.0,0.0
1118,2019-02-16 14:00:00,2,2019-02-16 15:00:00,0.10531,0.10531,0.10531,0.12,0.7380679834987504,1050.905604137502,-0.0,87.18492747192897,0.0,963.720676665573,963.720676665573,0.0,0.0
1119,2019-02-16 15:00:00,2,2019-02-16 16:00:00,0.10531,0.10531,0.10531,0.12,0.6196102016075425,1047.9025316848954,-0.0,84.18185501932237,0.0,963.720676665573,963.720676665573,0.0,0.0
1120,2019-02-16 16:00:00,2,2019-02-16 17:00:00,0.13592,0.13592,0.13592,0.12,0.5052326812008545,1080.428303742496,-0.0,363.15429937942724,0.0,717.2740043630687,717.2740043630687,0.0,0.0
1121,2019-02-16 17:00:00,2,2019-02-16 18:00:00,0.13592,0.13592,0.13592,0.12,0.011816513565763201,972.4176306499747,-0.0,8.696953984401716,0.0,963.720676665573,963.720676665573,0.0,0.0
1122,2019-02-16 18:00:00,2,2019-02-16 19:00:00,0.13592,0.13592,0.13592,0.12,0.0,732.0102394363174,-0.0,0.0,0.0,732.0102394363174,732.0102394363174,0.0,1.0
1123,2019-02-16 19:00:00,2,2019-02-16 20:00:00,0.13592,0.13592,0.13592,0.12,0.0,647.7423934352208,-0.0,0.0,0.0,647.7423934352208,647.7423934352208,0.0,1.0
1124,2019-02-16 20:00:00,2,2019-02-16 21:00:00,0.13592,0.13592,0.13592,0.12,0.0,492.911285983852,-0.0,0.0,0.0,492.911285983852,492.911285983852,0.0,1.0
1125,2019-02-16 21:00:00,2,2019-02-16 22:00:00,0.10531,0.10531,0.10531,0.12,0.0,428.53267277521786,-0.0,0.0,0.0,428.53267277521786,428.53267277521786,0.0,0.0
1126,2019-02-16 22:00:00,2,2019-02-16 23:00:00,0.10531,0.10531,0.10531,0.12,0.0,270.79129718521955,-0.0,0.0,0.0,270.79129718521955,270.79129718521955,0.0,0.0
1127,2019-02-16 23:00:00,2,2019-02-17 00:00:00,0.10531,0.10531,0.10531,0.12,0.0,232.52798673266994,-0.0,0.0,0.0,232.52798673266994,232.52798673266994,0.0,0.0
1128,2019-02-17 00:00:00,2,2019-02-17 01:00:00,0.10531,0.10531,0.10531,0.12,0.0,223.0543912130439,0.0,0.0,0.0,223.0543912130439,223.0543912130439,0.0,0.0
1129,2019-02-17 01:00:00,2,2019-02-17 02:00:00,0.10531,0.10531,0.10531,0.12,0.0,223.05439119366605,-0.0,0.0,0.0,223.05439119366605,223.05439119366605,0.0,0.0
1130,2019-02-17 02:00:00,2,2019-02-17 03:00:00,0.10531,0.10531,0.10531,0.12,0.0,223.05439124172312,-0.0,0.0,0.0,223.05439124172312,223.05439124172312,0.0,0.0
1131,2019-02-17 03:00:00,2,2019-02-17 04:00:00,0.10531,0.10531,0.10531,0.12,0.0,223.05439115258505,-0.0,0.0,0.0,223.05439115258505,223.05439115258505,0.0,0.0
1132,2019-02-17 04:00:00,2,2019-02-17 05:00:00,0.10531,0.10531,0.10531,0.12,0.0,232.52798642184925,-0.0,0.0,0.0,232.52798642184925,232.52798642184925,0.0,0.0
1133,2019-02-17 05:00:00,2,2019-02-17 06:00:00,0.10531,0.10531,0.10531,0.12,0.0,270.79239418685574,-0.0,0.0,0.0,270.79239418685574,270.79239418685574,0.0,0.0
1134,2019-02-17 06:00:00,2,2019-02-17 07:00:00,0.10531,0.10531,0.10531,0.12,0.0,332.74770830212157,-318.8418989268811,0.0,0.0,651.5896072290027,651.5896072290027,0.0,1.0
1135,2019-02-17 07:00:00,2,2019-02-17 08:00:00,0.10531,0.10531,0.10531,0.12,0.3666681837659132,388.15824679051286,-400.0,0.0,0.0,788.1582467905129,788.1582467905129,0.0,1.0
1136,2019-02-17 08:00:00,2,2019-02-17 09:00:00,0.10531,0.10531,0.10531,0.12,0.8266681837659132,812.9973582011497,-150.7233184644233,0.0,0.0,963.720676665573,963.720676665573,0.0,1.0
1137,2019-02-17 09:00:00,2,2019-02-17 10:00:00,0.10531,0.10531,0.10531,0.12,1.0,823.4363896288935,0.0,0.0,0.0,823.4363896288935,823.4363896288935,0.0,0.0
1138,2019-02-17 10:00:00,2,2019-02-17 11:00:00,0.10531,0.10531,0.10531,0.12,1.0,909.6594775144774,-0.0,0.0,0.0,909.6594775144774,909.6594775144774,0.0,0.0
1139,2019-02-17 11:00:00,2,2019-02-17 12:00:00,0.10531,0.10531,0.10531,0.12,1.0,1018.7294935285922,-0.0,55.008816863019206,0.0,963.720676665573,963.720676665573,0.0,0.0
1140,2019-02-17 12:00:00,2,2019-02-17 13:00:00,0.10531,0.10531,0.10531,0.12,0.9252597596969848,1003.5262749964511,-0.0,39.80559833087807,0.0,963.720676665573,963.720676665573,0.0,0.0
1141,2019-02-17 13:00:00,2,2019-02-17 14:00:00,0.10531,0.10531,0.10531,0.12,0.8711760663126396,1058.828220252071,-0.0,95.10754358649808,0.0,963.720676665573,963.720676665573,0.0,0.0
1142,2019-02-17 14:00:00,2,2019-02-17 15:00:00,0.10531,0.10531,0.10531,0.12,0.7419538603527238,1067.474414174378,-0.0,103.75373750880487,0.0,963.720676665573,963.720676665573,0.0,0.0
1143,2019-02-17 15:00:00,2,2019-02-17 16:00:00,0.10531,0.10531,0.10531,0.12,0.6009841083027172,1070.9426911330584,-0.0,107.22201446748534,0.0,963.720676665573,963.720676665573,0.0,0.0
1144,2019-02-17 16:00:00,2,2019-02-17 17:00:00,0.13592,0.13592,0.13592,0.12,0.45530202342841647,1103.9986039945427,-0.0,292.5610362321788,0.0,811.4375677623639,811.4375677623639,0.0,0.0
1145,2019-02-17 17:00:00,2,2019-02-17 18:00:00,0.13592,0.13592,0.13592,0.12,0.05780061550426049,1006.2619296767087,-0.0,42.54125301113572,0.0,963.720676665573,963.720676665573,0.0,0.0
1146,2019-02-17 18:00:00,2,2019-02-17 19:00:00,0.13592,0.13592,0.13592,0.12,0.0,857.2595208921263,-0.0,0.0,0.0,857.2595208921263,857.2595208921263,0.0,0.0
1147,2019-02-17 19:00:00,2,2019-02-17 20:00:00,0.13592,0.13592,0.13592,0.12,0.0,826.5578973988524,-0.0,0.0,0.0,826.5578973988524,826.5578973988524,0.0,0.0
1148,2019-02-17 20:00:00,2,2019-02-17 21:00:00,0.13592,0.13592,0.13592,0.12,0.0,683.1918350266134,-0.0,0.0,0.0,683.1918350266134,683.1918350266134,0.0,0.0
1149,2019-02-17 21:00:00,2,2019-02-17 22:00:00,0.10531,0.10531,0.10531,0.12,0.0,590.4967178804499,-0.0,0.0,0.0,590.4967178804499,590.4967178804499,0.0,0.0
1150,2019-02-17 22:00:00,2,2019-02-17 23:00:00,0.10531,0.10531,0.10531,0.12,0.0,270.7912967945622,-0.0,0.0,0.0,270.7912967945622,270.7912967945622,0.0,0.0
1151,2019-02-17 23:00:00,2,2019-02-18 00:00:00,0.10531,0.10531,0.10531,0.12,0.0,232.52798634123744,-0.0,0.0,0.0,232.52798634123744,232.52798634123744,0.0,0.0
1152,2019-02-18 00:00:00,2,2019-02-18 01:00:00,0.10531,0.10531,0.10531,0.12,0.0,184.42215106720488,-0.0,0.0,0.0,184.42215106720488,184.42215106720488,0.0,1.0
1153,2019-02-18 01:00:00,2,2019-02-18 02:00:00,0.10531,0.10531,0.10531,0.12,0.0,184.42215112301307,-0.0,0.0,0.0,184.42215112301307,184.42215112301307,0.0,0.0
1154,2019-02-18 02:00:00,2,2019-02-18 03:00:00,0.10531,0.10531,0.10531,0.12,0.0,184.42215115169228,-0.0,0.0,0.0,184.42215115169228,184.42215115169228,0.0,0.0
1155,2019-02-18 03:00:00,2,2019-02-18 04:00:00,0.10531,0.10531,0.10531,0.12,0.0,184.4221511199126,-0.0,0.0,0.0,184.4221511199126,184.4221511199126,0.0,0.0
1156,2019-02-18 04:00:00,2,2019-02-18 05:00:00,0.10531,0.10531,0.10531,0.12,0.0,193.89574644343483,-0.0,0.0,0.0,193.89574644343483,193.89574644343483,0.0,1.0
1157,2019-02-18 05:00:00,2,2019-02-18 06:00:00,0.10531,0.10531,0.10531,0.12,-4.354079284003014e-17,212.84403443704113,-0.0,0.0,0.0,212.84403443704113,212.84403443704113,0.0,0.0
1158,2019-02-18 06:00:00,2,2019-02-18 07:00:00,0.10531,0.10531,0.10531,0.12,-4.354079284003014e-17,332.3376675943516,-0.0,0.0,0.0,332.3376675943516,332.3376675943516,0.0,1.0
1159,2019-02-18 07:00:00,2,2019-02-18 08:00:00,0.10531,0.10531,0.10531,0.12,-4.354079284003014e-17,310.83148909668023,-0.0,0.0,0.0,310.83148909668023,310.83148909668023,0.0,1.0
1160,2019-02-18 08:00:00,2,2019-02-18 09:00:00,0.10531,0.10531,0.10531,0.12,-4.354079284003014e-17,503.9023814762887,-0.0,-5.684341886080802e-14,0.0,503.9023814762888,503.9023814762888,0.0,0.0
1161,2019-02-18 09:00:00,2,2019-02-18 10:00:00,0.10531,0.10531,0.10531,0.12,0.0,600.2090029860201,-252.3623235349829,-5.2114676910515496e-14,0.0,852.571326521003,852.571326521003,0.0,1.0
1162,2019-02-18 10:00:00,2,2019-02-18 11:00:00,0.10531,0.10531,0.10531,0.12,0.2902166720652304,668.5837740599642,-0.0,0.0,0.0,668.5837740599642,668.5837740599642,0.0,0.0
1163,2019-02-18 11:00:00,2,2019-02-18 12:00:00,0.10531,0.10531,0.10531,0.12,0.2902166720652304,717.7612613571581,-0.0,-5.684341886080802e-14,0.0,717.7612613571582,717.7612613571582,0.0,0.0
1164,2019-02-18 12:00:00,2,2019-02-18 13:00:00,0.10531,0.10531,0.10531,0.12,0.29021667206523055,729.8467883514971,-0.0,0.0,0.0,729.8467883514971,729.8467883514971,0.0,1.0
1165,2019-02-18 13:00:00,2,2019-02-18 14:00:00,0.10531,0.10531,0.10531,0.12,0.29021667206523055,734.8850801939068,-0.0,0.0,0.0,734.8850801939068,734.8850801939068,0.0,0.0
1166,2019-02-18 14:00:00,2,2019-02-18 15:00:00,0.10531,0.10531,0.10531,0.12,0.29021667206523055,542.8534091668613,-309.71791735414166,0.0,0.0,852.5713265210029,852.5713265210029,0.0,1.0
1167,2019-02-18 15:00:00,2,2019-02-18 16:00:00,0.10531,0.10531,0.10531,0.12,0.6463922770224937,545.0863500188235,-307.48497650217945,0.0,0.0,852.5713265210029,852.5713265210029,0.0,1.0
1168,2019-02-18 16:00:00,2,2019-02-18 17:00:00,0.13592,0.13592,0.13592,0.12,1.0,577.1077208538693,-0.0,400.0,0.0,177.1077208538693,177.1077208538693,0.0,0.0
1169,2019-02-18 17:00:00,2,2019-02-18 18:00:00,0.13592,0.13592,0.13592,0.12,0.4565217391304348,445.3606725466444,-0.0,85.26195072333944,0.0,360.09872182330497,360.09872182330497,0.0,0.0
1170,2019-02-18 18:00:00,2,2019-02-18 19:00:00,0.13592,0.13592,0.13592,0.12,0.34067669738676715,269.6852401787175,-0.0,0.0,0.0,269.6852401787175,269.6852401787175,0.0,1.0
1171,2019-02-18 19:00:00,2,2019-02-18 20:00:00,0.13592,0.13592,0.13592,0.12,0.34067669738676715,250.73804927666063,-0.0,250.73804927666063,0.0,0.0,0.0,0.0,0.0
1172,2019-02-18 20:00:00,2,2019-02-18 21:00:00,0.13592,0.13592,0.13592,0.12,0.0,250.73804988357477,-0.0,0.0,0.0,250.73804988357477,250.73804988357477,0.0,0.0
1173,2019-02-18 21:00:00,2,2019-02-18 22:00:00,0.10531,0.10531,0.10531,0.12,0.0,231.79159008134081,-0.0,0.0,0.0,231.79159008134081,231.79159008134081,0.0,0.0
1174,2019-02-18 22:00:00,2,2019-02-18 23:00:00,0.10531,0.10531,0.10531,0.12,0.0,212.84293720054544,-0.0,0.0,0.0,212.84293720054544,212.84293720054544,0.0,0.0
1175,2019-02-18 23:00:00,2,2019-02-19 00:00:00,0.10531,0.10531,0.10531,0.12,0.0,193.8957466534907,-0.0,0.0,0.0,193.8957466534907,193.8957466534907,0.0,0.0
1176,2019-02-19 00:00:00,2,2019-02-19 01:00:00,0.10531,0.10531,0.10531,0.12,0.0,184.42178537699775,-0.0,0.0,0.0,184.42178537699775,184.42178537699775,0.0,0.0
1177,2019-02-19 01:00:00,2,2019-02-19 02:00:00,0.10531,0.10531,0.10531,0.12,0.0,184.42178532816558,-0.0,0.0,0.0,184.42178532816558,184.42178532816558,0.0,0.0
1178,2019-02-19 02:00:00,2,2019-02-19 03:00:00,0.10531,0.10531,0.10531,0.12,0.0,184.42178540567699,-0.0,0.0,0.0,184.42178540567699,184.42178540567699,0.0,0.0
1179,2019-02-19 03:00:00,2,2019-02-19 04:00:00,0.10531,0.10531,0.10531,0.12,0.0,184.42178550411646,-0.0,0.0,0.0,184.42178550411646,184.42178550411646,0.0,0.0
1180,2019-02-19 04:00:00,2,2019-02-19 05:00:00,0.10531,0.10531,0.10531,0.12,0.0,193.89538084314094,-0.0,0.0,0.0,193.89538084314094,193.89538084314094,0.0,0.0
1181,2019-02-19 05:00:00,2,2019-02-19 06:00:00,0.10531,0.10531,0.10531,0.12,0.0,212.84366829959328,-0.0,0.0,0.0,212.84366829959328,212.84366829959328,0.0,0.0
1182,2019-02-19 06:00:00,2,2019-02-19 07:00:00,0.10531,0.10531,0.10531,0.12,0.0,244.11463770926602,-0.0,0.0,0.0,244.11463770926602,244.11463770926602,0.0,0.0
1183,2019-02-19 07:00:00,2,2019-02-19 08:00:00,0.10531,0.10531,0.10531,0.12,0.0,229.95025485239418,-0.0,0.0,0.0,229.95025485239418,229.95025485239418,0.0,0.0
1184,2019-02-19 08:00:00,2,2019-02-19 09:00:00,0.10531,0.10531,0.10531,0.12,0.0,229.9502549159535,-0.0,0.0,0.0,229.9502549159535,229.9502549159535,0.0,0.0
1185,2019-02-19 09:00:00,2,2019-02-19 10:00:00,0.10531,0.10531,0.10531,0.12,0.0,201.52946908955806,-304.4854279754303,0.0,0.0,506.01489706498836,506.01489706498836,0.0,1.0
1186,2019-02-19 10:00:00,2,2019-02-19 11:00:00,0.10531,0.10531,0.10531,0.12,0.35015824217174485,163.63508791096115,-0.0,0.0,0.0,163.63508791096115,163.63508791096115,0.0,0.0
1187,2019-02-19 11:00:00,2,2019-02-19 12:00:00,0.10531,0.10531,0.10531,0.12,0.35015824217174485,163.635818853436,-342.3790782115523,0.0,0.0,506.0148970649883,506.0148970649883,0.0,1.0
1188,2019-02-19 12:00:00,2,2019-02-19 13:00:00,0.10531,0.10531,0.10531,0.12,0.74389418211503,188.5956183238091,-0.0,0.0,0.0,188.5956183238091,188.5956183238091,0.0,0.0
1189,2019-02-19 13:00:00,2,2019-02-19 14:00:00,0.10531,0.10531,0.10531,0.12,0.74389418211503,283.3141858606667,-222.70071120432175,0.0,0.0,506.0148970649885,506.0148970649885,0.0,1.0
1190,2019-02-19 14:00:00,2,2019-02-19 15:00:00,0.10531,0.10531,0.10531,0.12,1.0,254.3687299012866,-0.0,0.0,0.0,254.3687299012866,254.3687299012866,0.0,0.0
1191,2019-02-19 15:00:00,2,2019-02-19 16:00:00,0.10531,0.10531,0.10531,0.12,1.0,244.81950444364765,-0.0,0.0,0.0,244.81950444364765,244.81950444364765,0.0,0.0
1192,2019-02-19 16:00:00,2,2019-02-19 17:00:00,0.13592,0.13592,0.13592,0.12,1.0,218.57074430026725,-0.0,218.57074430026725,0.0,0.0,0.0,0.0,0.0
1193,2019-02-19 17:00:00,2,2019-02-19 18:00:00,0.13592,0.13592,0.13592,0.12,0.7030288800268109,243.1948843055833,-0.0,0.0,0.0,243.1948843055833,243.1948843055833,0.0,0.0
1194,2019-02-19 18:00:00,2,2019-02-19 19:00:00,0.13592,0.13592,0.13592,0.12,0.7030288800268109,269.6841431073211,-0.0,266.6923033782016,0.0,2.9918397291195333,2.9918397291195333,0.0,0.0
1195,2019-02-19 19:00:00,2,2019-02-19 20:00:00,0.13592,0.13592,0.13592,0.12,0.34067520695860226,250.73695247035315,-0.0,0.0,0.0,250.73695247035315,250.73695247035315,0.0,0.0
1196,2019-02-19 20:00:00,2,2019-02-19 21:00:00,0.13592,0.13592,0.13592,0.12,0.34067520695860226,250.73695232153128,-0.0,250.73695232153128,0.0,0.0,0.0,0.0,0.0
1197,2019-02-19 21:00:00,2,2019-02-19 22:00:00,0.10531,0.10531,0.10531,0.12,0.0,231.79085867612298,-0.0,0.0,0.0,231.79085867612298,231.79085867612298,0.0,0.0
1198,2019-02-19 22:00:00,2,2019-02-19 23:00:00,0.10531,0.10531,0.10531,0.12,0.0,212.8425713049332,-0.0,0.0,0.0,212.8425713049332,212.8425713049332,0.0,0.0
1199,2019-02-19 23:00:00,2,2019-02-20 00:00:00,0.10531,0.10531,0.10531,0.12,0.0,193.895380673391,-0.0,0.0,0.0,193.895380673391,193.895380673391,0.0,0.0
1200,2019-02-20 00:00:00,2,2019-02-20 01:00:00,0.10531,0.10531,0.10531,0.12,0.0,184.42178514136316,-0.0,0.0,0.0,184.42178514136316,184.42178514136316,0.0,0.0
1201,2019-02-20 01:00:00,2,2019-02-20 02:00:00,0.10531,0.10531,0.10531,0.12,0.0,184.4217851165595,-0.0,0.0,0.0,184.4217851165595,184.4217851165595,0.0,0.0
1202,2019-02-20 02:00:00,2,2019-02-20 03:00:00,0.10531,0.10531,0.10531,0.12,0.0,184.42178521422383,-201.8019209844785,0.0,0.0,386.2237061987023,386.2237061987023,0.0,1.0
1203,2019-02-20 03:00:00,2,2019-02-20 04:00:00,0.10531,0.10531,0.10531,0.12,0.2320722091321503,184.42178532584026,-0.0,0.0,0.0,184.42178532584026,184.42178532584026,0.0,0.0
1204,2019-02-20 04:00:00,2,2019-02-20 05:00:00,0.10531,0.10531,0.10531,0.12,0.2320722091321503,193.89538067571635,-0.0,0.0,0.0,193.89538067571635,193.89538067571635,0.0,0.0
1205,2019-02-20 05:00:00,2,2019-02-20 06:00:00,0.10531,0.10531,0.10531,0.12,0.2320722091321503,212.84366801745188,-0.0,0.0,0.0,212.84366801745188,212.84366801745188,0.0,0.0
1206,2019-02-20 06:00:00,2,2019-02-20 07:00:00,0.10531,0.10531,0.10531,0.12,0.2320722091321503,244.11463756199439,-0.0,0.0,0.0,244.11463756199439,244.11463756199439,0.0,0.0
1207,2019-02-20 07:00:00,2,2019-02-20 08:00:00,0.10531,0.10531,0.10531,0.12,0.2320722091321503,229.95025470899813,-0.0,0.0,0.0,229.95025470899813,229.95025470899813,0.0,0.0
1208,2019-02-20 08:00:00,2,2019-02-20 09:00:00,0.10531,0.10531,0.10531,0.12,0.2320722091321503,229.95025477488278,-0.0,0.0,0.0,229.95025477488278,229.95025477488278,0.0,0.0
1209,2019-02-20 09:00:00,2,2019-02-20 10:00:00,0.10531,0.10531,0.10531,0.12,0.2320722091321503,201.5294689438366,-0.0,0.0,0.0,201.5294689438366,201.5294689438366,0.0,0.0
1210,2019-02-20 10:00:00,2,2019-02-20 11:00:00,0.10531,0.10531,0.10531,0.12,0.2320722091321503,163.635087780742,-0.0,0.0,0.0,163.635087780742,163.635087780742,0.0,0.0
1211,2019-02-20 11:00:00,2,2019-02-20 12:00:00,0.10531,0.10531,0.10531,0.12,0.2320722091321503,163.6358186643082,-0.0,0.0,0.0,163.6358186643082,163.6358186643082,0.0,0.0
1212,2019-02-20 12:00:00,2,2019-02-20 13:00:00,0.10531,0.10531,0.10531,0.12,0.2320722091321503,163.6358187084897,-0.0,0.0,0.0,163.6358187084897,163.6358187084897,0.0,0.0
1213,2019-02-20 13:00:00,2,2019-02-20 14:00:00,0.10531,0.10531,0.10531,0.12,0.2320722091321503,163.63691581244092,-0.0,0.0,0.0,163.63691581244092,163.63691581244092,0.0,0.0
1214,2019-02-20 14:00:00,2,2019-02-20 15:00:00,0.10531,0.10531,0.10531,0.12,0.2320722091321503,163.63581871779107,-267.7632964068258,0.0,0.0,431.39911512461686,431.39911512461686,0.0,1.0
1215,2019-02-20 15:00:00,2,2019-02-20 16:00:00,0.10531,0.10531,0.10531,0.12,0.54,163.63508765904913,-399.99999999999983,0.0,0.0,563.6350876590491,563.6350876590491,0.0,1.0
1216,2019-02-20 16:00:00,2,2019-02-20 17:00:00,0.13592,0.13592,0.13592,0.12,1.0,201.52946887175105,-0.0,201.5294688717512,0.0,0.0,0.0,1.0,0.0
1217,2019-02-20 17:00:00,2,2019-02-20 18:00:00,0.13592,0.13592,0.13592,0.12,0.7261827868590336,243.19488416373744,-0.0,243.19488416373736,0.0,8.526512829121202e-14,8.526512829121202e-14,0.0,0.0
1218,2019-02-20 18:00:00,2,2019-02-20 19:00:00,0.13592,0.13592,0.13592,0.12,0.3957549551148253,269.68414296547525,-0.0,269.68414296547525,0.0,0.0,0.0,0.0,0.0
1219,2019-02-20 19:00:00,2,2019-02-20 20:00:00,0.13592,0.13592,0.13592,0.12,0.029336282607386154,250.73695232308148,-0.0,21.59150399903621,0.0,229.14544832404528,229.14544832404528,0.0,0.0
1220,2019-02-20 20:00:00,2,2019-02-20 21:00:00,0.13592,0.13592,0.13592,0.12,0.0,250.7369521897619,-0.0,0.0,0.0,250.7369521897619,250.7369521897619,0.0,0.0
1221,2019-02-20 21:00:00,2,2019-02-20 22:00:00,0.10531,0.10531,0.10531,0.12,0.0,231.79085844591413,-0.0,0.0,0.0,231.79085844591413,231.79085844591413,0.0,0.0
1222,2019-02-20 22:00:00,2,2019-02-20 23:00:00,0.10531,0.10531,0.10531,0.12,0.0,212.84257117936468,-0.0,0.0,0.0,212.84257117936468,212.84257117936468,0.0,0.0
1223,2019-02-20 23:00:00,2,2019-02-21 00:00:00,0.10531,0.10531,0.10531,0.12,0.0,193.89538054239674,-0.0,0.0,0.0,193.89538054239674,193.89538054239674,0.0,1.0
1224,2019-02-21 00:00:00,2,2019-02-21 01:00:00,0.10531,0.10531,0.10531,0.12,0.0,223.05439048676217,-0.0,0.0,0.0,223.05439048676217,223.05439048676217,0.0,0.0
1225,2019-02-21 01:00:00,2,2019-02-21 02:00:00,0.10531,0.10531,0.10531,0.12,0.0,223.05439047513548,-0.0,0.0,0.0,223.05439047513548,223.05439047513548,0.0,0.0
1226,2019-02-21 02:00:00,2,2019-02-21 03:00:00,0.10531,0.10531,0.10531,0.12,0.0,223.0543905270681,-0.0,0.0,0.0,223.0543905270681,223.0543905270681,0.0,0.0
1227,2019-02-21 03:00:00,2,2019-02-21 04:00:00,0.10531,0.10531,0.10531,0.12,0.0,223.05439051776673,-0.0,0.0,0.0,223.05439051776673,223.05439051776673,0.0,0.0
1228,2019-02-21 04:00:00,2,2019-02-21 05:00:00,0.10531,0.10531,0.10531,0.12,0.0,232.52798576765315,-0.0,0.0,0.0,232.52798576765315,232.52798576765315,0.0,0.0
1229,2019-02-21 05:00:00,2,2019-02-21 06:00:00,0.10531,0.10531,0.10531,0.12,0.0,270.79239309627053,-400.0,0.0,0.0,670.7923930962705,670.7923930962705,0.0,1.0
1230,2019-02-21 06:00:00,2,2019-02-21 07:00:00,0.10531,0.10531,0.10531,0.12,0.46,403.3771397175959,0.0,0.0,0.0,403.3771397175959,403.3771397175959,0.0,0.0
1231,2019-02-21 07:00:00,2,2019-02-21 08:00:00,0.10531,0.10531,0.10531,0.12,0.46,451.32477389708083,0.0,0.0,0.0,451.32477389708083,451.32477389708083,0.0,0.0
1232,2019-02-21 08:00:00,2,2019-02-21 09:00:00,0.10531,0.10531,0.10531,0.12,0.46,865.150374312195,0.0,0.0,0.0,865.150374312195,865.150374312195,0.0,0.0
1233,2019-02-21 09:00:00,2,2019-02-21 10:00:00,0.10531,0.10531,0.10531,0.12,0.46,800.5243168906946,0.0,0.0,0.0,800.5243168906946,800.5243168906946,0.0,0.0
1234,2019-02-21 10:00:00,2,2019-02-21 11:00:00,0.10531,0.10531,0.10531,0.12,0.46,770.563450337997,0.0,0.0,0.0,770.563450337997,770.563450337997,0.0,0.0
1235,2019-02-21 11:00:00,2,2019-02-21 12:00:00,0.10531,0.10531,0.10531,0.12,0.46,801.3645357821522,0.0,0.0,0.0,801.3645357821522,801.3645357821522,0.0,0.0
1236,2019-02-21 12:00:00,2,2019-02-21 13:00:00,0.10531,0.10531,0.10531,0.12,0.46,775.1364211429355,-147.94612364022402,0.0,0.0,923.0825447831595,923.0825447831595,0.0,1.0
1237,2019-02-21 13:00:00,2,2019-02-21 14:00:00,0.10531,0.10531,0.10531,0.12,0.6301380421862577,817.0332311643834,-106.04931361877613,0.0,0.0,923.0825447831596,923.0825447831596,0.0,1.0
1238,2019-02-21 14:00:00,2,2019-02-21 15:00:00,0.10531,0.10531,0.10531,0.12,0.7520947528478501,815.5969108504748,-107.48563393268493,2.7830616686617444e-14,0.0,923.0825447831596,923.0825447831596,0.0,1.0
1239,2019-02-21 15:00:00,2,2019-02-21 16:00:00,0.10531,0.10531,0.10531,0.12,0.8757032318704379,814.9983985835403,-108.08414619961928,0.0,0.0,923.0825447831596,923.0825447831596,0.0,1.0
1240,2019-02-21 16:00:00,2,2019-02-21 17:00:00,0.13592,0.13592,0.13592,0.12,1.0,846.9408019680562,-0.0,400.0,0.0,446.94080196805623,446.94080196805623,0.0,0.0
1241,2019-02-21 17:00:00,2,2019-02-21 18:00:00,0.13592,0.13592,0.13592,0.12,0.4565217391304348,762.1918956730161,-0.0,336.00000000000006,0.0,426.19189567301606,426.19189567301606,0.0,0.0
1242,2019-02-21 18:00:00,2,2019-02-21 19:00:00,0.13592,0.13592,0.13592,0.12,0.0,606.2174704153647,-0.0,0.0,0.0,606.2174704153647,606.2174704153647,0.0,1.0
1243,2019-02-21 19:00:00,2,2019-02-21 20:00:00,0.13592,0.13592,0.13592,0.12,0.0,563.4012059756902,-0.0,0.0,0.0,563.4012059756902,563.4012059756902,0.0,1.0
1244,2019-02-21 20:00:00,2,2019-02-21 21:00:00,0.13592,0.13592,0.13592,0.12,0.0,495.30577432490884,-0.0,0.0,0.0,495.30577432490884,495.30577432490884,0.0,0.0
1245,2019-02-21 21:00:00,2,2019-02-21 22:00:00,0.10531,0.10531,0.10531,0.12,0.0,428.6052596354761,-0.0,0.0,0.0,428.6052596354761,428.6052596354761,0.0,1.0
1246,2019-02-21 22:00:00,2,2019-02-21 23:00:00,0.10531,0.10531,0.10531,0.12,0.0,270.79129629771415,-0.0,0.0,0.0,270.79129629771415,270.79129629771415,0.0,0.0
1247,2019-02-21 23:00:00,2,2019-02-22 00:00:00,0.10531,0.10531,0.10531,0.12,0.0,232.5279857947821,-0.0,0.0,0.0,232.5279857947821,232.5279857947821,0.0,0.0
1248,2019-02-22 00:00:00,2,2019-02-22 01:00:00,0.10531,0.10531,0.10531,0.12,0.0,223.0543903588684,0.0,0.0,0.0,223.0543903588684,223.0543903588684,0.0,0.0
1249,2019-02-22 01:00:00,2,2019-02-22 02:00:00,0.10531,0.10531,0.10531,0.12,0.0,223.05439035654305,-0.0,0.0,0.0,223.05439035654305,223.05439035654305,0.0,0.0
1250,2019-02-22 02:00:00,2,2019-02-22 03:00:00,0.10531,0.10531,0.10531,0.12,0.0,223.0543903100362,-0.0,0.0,0.0,223.0543903100362,223.0543903100362,0.0,0.0
1251,2019-02-22 03:00:00,2,2019-02-22 04:00:00,0.10531,0.10531,0.10531,0.12,0.0,223.05439033639013,-0.0,0.0,0.0,223.05439033639013,223.05439033639013,0.0,0.0
1252,2019-02-22 04:00:00,2,2019-02-22 05:00:00,0.10531,0.10531,0.10531,0.12,0.0,232.52798566301277,-0.0,0.0,0.0,232.52798566301277,232.52798566301277,0.0,0.0
1253,2019-02-22 05:00:00,2,2019-02-22 06:00:00,0.10531,0.10531,0.10531,0.12,0.0,270.7923928505594,-0.0,0.0,0.0,270.7923928505594,270.7923928505594,0.0,0.0
1254,2019-02-22 06:00:00,2,2019-02-22 07:00:00,0.10531,0.10531,0.10531,0.12,0.0,325.1987489160012,-0.0,0.0,0.0,325.1987489160012,325.1987489160012,0.0,0.0
1255,2019-02-22 07:00:00,2,2019-02-22 08:00:00,0.10531,0.10531,0.10531,0.12,0.0,388.1648975002242,-400.0,0.0,0.0,788.1648975002242,788.1648975002242,0.0,1.0
1256,2019-02-22 08:00:00,2,2019-02-22 09:00:00,0.10531,0.10531,0.10531,0.12,0.46,812.9745224468148,-66.87655291450594,0.0,0.0,879.8510753613207,879.8510753613207,0.0,1.0
1257,2019-02-22 09:00:00,2,2019-02-22 10:00:00,0.10531,0.10531,0.10531,0.12,0.5369080358516818,784.5214384563158,-0.0,0.0,0.0,784.5214384563158,784.5214384563158,0.0,0.0
1258,2019-02-22 10:00:00,2,2019-02-22 11:00:00,0.10531,0.10531,0.10531,0.12,0.5369080358516819,746.789562836261,0.0,0.0,0.0,746.789562836261,746.789562836261,0.0,0.0
1259,2019-02-22 11:00:00,2,2019-02-22 12:00:00,0.10531,0.10531,0.10531,0.12,0.5369080358516819,763.001035740557,-116.85003962076371,0.0,0.0,879.8510753613207,879.8510753613207,0.0,1.0
1260,2019-02-22 12:00:00,2,2019-02-22 13:00:00,0.10531,0.10531,0.10531,0.12,0.6712855814155603,765.3348370007805,-114.51623836054023,0.0,0.0,879.8510753613207,879.8510753613207,0.0,1.0
1261,2019-02-22 13:00:00,2,2019-02-22 14:00:00,0.10531,0.10531,0.10531,0.12,0.8029792555301815,814.4600709337357,-65.39100442758507,0.0,0.0,879.8510753613207,879.8510753613207,0.0,1.0
1262,2019-02-22 14:00:00,2,2019-02-22 15:00:00,0.10531,0.10531,0.10531,0.12,0.8781789106219046,822.9657233215489,-56.88535203977176,0.0,0.0,879.8510753613207,879.8510753613207,0.0,1.0
1263,2019-02-22 15:00:00,2,2019-02-22 16:00:00,0.10531,0.10531,0.10531,0.12,0.9435970654676419,830.8050453331832,-49.04603002813752,0.0,0.0,879.8510753613207,879.8510753613207,0.0,1.0
1264,2019-02-22 16:00:00,2,2019-02-22 17:00:00,0.13592,0.13592,0.13592,0.12,1.0,860.3065870263737,-0.0,400.0,0.0,460.3065870263737,460.3065870263737,0.0,0.0
1265,2019-02-22 17:00:00,2,2019-02-22 18:00:00,0.13592,0.13592,0.13592,0.12,0.4565217391304348,740.0591554179288,-0.0,336.00000000000006,0.0,404.0591554179287,404.0591554179287,0.0,0.0
1266,2019-02-22 18:00:00,2,2019-02-22 19:00:00,0.13592,0.13592,0.13592,0.12,0.0,582.2830876369893,-0.0,0.0,0.0,582.2830876369893,582.2830876369893,0.0,1.0
1267,2019-02-22 19:00:00,2,2019-02-22 20:00:00,0.13592,0.13592,0.13592,0.12,0.0,563.3580000252437,-0.0,0.0,0.0,563.3580000252437,563.3580000252437,0.0,1.0
1268,2019-02-22 20:00:00,2,2019-02-22 21:00:00,0.13592,0.13592,0.13592,0.12,0.0,447.5022878035026,-0.0,0.0,0.0,447.5022878035026,447.5022878035026,0.0,0.0
1269,2019-02-22 21:00:00,2,2019-02-22 22:00:00,0.10531,0.10531,0.10531,0.12,0.0,428.5701382484717,-0.0,0.0,0.0,428.5701382484717,428.5701382484717,0.0,1.0
1270,2019-02-22 22:00:00,2,2019-02-22 23:00:00,0.10531,0.10531,0.10531,0.12,0.0,270.79129599464466,-0.0,0.0,0.0,270.79129599464466,270.79129599464466,0.0,0.0
1271,2019-02-22 23:00:00,2,2019-02-23 00:00:00,0.10531,0.10531,0.10531,0.12,0.0,232.52798561573084,-0.0,0.0,0.0,232.52798561573084,232.52798561573084,0.0,0.0
1272,2019-02-23 00:00:00,2,2019-02-23 01:00:00,0.10531,0.10531,0.10531,0.12,0.0,223.05439007440157,0.0,0.0,0.0,223.05439007440157,223.05439007440157,0.0,0.0
1273,2019-02-23 01:00:00,2,2019-02-23 02:00:00,0.10531,0.10531,0.10531,0.12,0.0,223.05439007672692,-0.0,0.0,0.0,223.05439007672692,223.05439007672692,0.0,0.0
1274,2019-02-23 02:00:00,2,2019-02-23 03:00:00,0.10531,0.10531,0.10531,0.12,0.0,223.05439013718583,-0.0,0.0,0.0,223.05439013718583,223.05439013718583,0.0,0.0
1275,2019-02-23 03:00:00,2,2019-02-23 04:00:00,0.10531,0.10531,0.10531,0.12,0.0,223.0543901255591,-0.0,0.0,0.0,223.0543901255591,223.0543901255591,0.0,0.0
1276,2019-02-23 04:00:00,2,2019-02-23 05:00:00,0.10531,0.10531,0.10531,0.12,0.0,232.52798539172292,-0.0,0.0,0.0,232.52798539172292,232.52798539172292,0.0,0.0
1277,2019-02-23 05:00:00,2,2019-02-23 06:00:00,0.10531,0.10531,0.10531,0.12,0.0,270.79239267150814,-0.0,0.0,0.0,270.79239267150814,270.79239267150814,0.0,0.0
1278,2019-02-23 06:00:00,2,2019-02-23 07:00:00,0.10531,0.10531,0.10531,0.12,0.0,325.3650454139589,-0.0,0.0,0.0,325.3650454139589,325.3650454139589,0.0,0.0
1279,2019-02-23 07:00:00,2,2019-02-23 08:00:00,0.10531,0.10531,0.10531,0.12,0.0,396.3962747931689,-266.16911469701677,0.0,0.0,662.5653894901857,662.5653894901857,0.0,1.0
1280,2019-02-23 08:00:00,2,2019-02-23 09:00:00,0.10531,0.10531,0.10531,0.12,0.3060944819015693,812.9999575843359,0.0,0.0,0.0,812.9999575843359,812.9999575843359,0.0,0.0
1281,2019-02-23 09:00:00,2,2019-02-23 10:00:00,0.10531,0.10531,0.10531,0.12,0.3060944819015693,784.5390529659753,0.0,0.0,0.0,784.5390529659753,784.5390529659753,0.0,0.0
1282,2019-02-23 10:00:00,2,2019-02-23 11:00:00,0.10531,0.10531,0.10531,0.12,0.3060944819015693,782.1379340534412,0.0,0.0,0.0,782.1379340534412,782.1379340534412,0.0,0.0
1283,2019-02-23 11:00:00,2,2019-02-23 12:00:00,0.10531,0.10531,0.10531,0.12,0.3060944819015693,826.5203408907976,-137.20033577477545,0.0,0.0,963.720676665573,963.720676665573,0.0,1.0
1284,2019-02-23 12:00:00,2,2019-02-23 13:00:00,0.10531,0.10531,0.10531,0.12,0.46387486804256106,815.320582857167,-148.40009380840604,0.0,0.0,963.720676665573,963.720676665573,0.0,1.0
1285,2019-02-23 13:00:00,2,2019-02-23 14:00:00,0.10531,0.10531,0.10531,0.12,0.6345349759222281,853.1803311232078,0.0,0.0,0.0,853.1803311232078,853.1803311232078,0.0,0.0
1286,2019-02-23 14:00:00,2,2019-02-23 15:00:00,0.10531,0.10531,0.10531,0.12,0.6345349759222281,826.0266065352364,-137.69407013033663,0.0,0.0,963.720676665573,963.720676665573,0.0,1.0
1287,2019-02-23 15:00:00,2,2019-02-23 16:00:00,0.10531,0.10531,0.10531,0.12,0.7928831565721152,783.6190736848037,-180.10160298076937,0.0,0.0,963.720676665573,963.720676665573,0.0,1.0
1288,2019-02-23 16:00:00,2,2019-02-23 17:00:00,0.13592,0.13592,0.13592,0.12,1.0,784.9591269773725,-0.0,0.0,0.0,784.9591269773725,784.9591269773725,0.0,1.0
1289,2019-02-23 17:00:00,2,2019-02-23 18:00:00,0.13592,0.13592,0.13592,0.12,1.0,703.6574089313774,-0.0,336.00000000000006,0.0,367.65740893137735,367.65740893137735,0.0,0.0
1290,2019-02-23 18:00:00,2,2019-02-23 19:00:00,0.13592,0.13592,0.13592,0.12,0.5434782608695652,582.3007933977066,-0.0,400.0,0.0,182.30079339770657,182.30079339770657,0.0,0.0
1291,2019-02-23 19:00:00,2,2019-02-23 20:00:00,0.13592,0.13592,0.13592,0.12,0.0,563.3778775597422,-0.0,0.0,0.0,563.3778775597422,563.3778775597422,0.0,0.0
1292,2019-02-23 20:00:00,2,2019-02-23 21:00:00,0.13592,0.13592,0.13592,0.12,0.0,447.51925086481765,-0.0,0.0,0.0,447.51925086481765,447.51925086481765,0.0,1.0
1293,2019-02-23 21:00:00,2,2019-02-23 22:00:00,0.10531,0.10531,0.10531,0.12,0.0,428.5815748740939,-0.0,0.0,0.0,428.5815748740939,428.5815748740939,0.0,1.0
1294,2019-02-23 22:00:00,2,2019-02-23 23:00:00,0.10531,0.10531,0.10531,0.12,0.0,270.7912958124929,-0.0,0.0,0.0,270.7912958124929,270.7912958124929,0.0,0.0
1295,2019-02-23 23:00:00,2,2019-02-24 00:00:00,0.10531,0.10531,0.10531,0.12,0.0,232.52798532041243,-0.0,0.0,0.0,232.52798532041243,232.52798532041243,0.0,0.0
1296,2019-02-24 00:00:00,2,2019-02-24 01:00:00,0.10531,0.10531,0.10531,0.12,0.0,223.0543898294656,0.0,0.0,0.0,223.0543898294656,223.0543898294656,0.0,0.0
1297,2019-02-24 01:00:00,2,2019-02-24 02:00:00,0.10531,0.10531,0.10531,0.12,0.0,223.0543898945752,-0.0,0.0,0.0,223.0543898945752,223.0543898945752,0.0,0.0
1298,2019-02-24 02:00:00,2,2019-02-24 03:00:00,0.10531,0.10531,0.10531,0.12,0.0,223.0543899007761,-0.0,0.0,0.0,223.0543899007761,223.0543899007761,0.0,0.0
1299,2019-02-24 03:00:00,2,2019-02-24 04:00:00,0.10531,0.10531,0.10531,0.12,0.0,223.05438988139824,-0.0,0.0,0.0,223.05438988139824,223.05438988139824,0.0,0.0
1300,2019-02-24 04:00:00,2,2019-02-24 05:00:00,0.10531,0.10531,0.10531,0.12,0.0,232.52798520957114,-0.0,0.0,0.0,232.52798520957114,232.52798520957114,0.0,0.0
1301,2019-02-24 05:00:00,2,2019-02-24 06:00:00,0.10531,0.10531,0.10531,0.12,0.0,270.79239246842826,-0.0,0.0,0.0,270.79239246842826,270.79239246842826,0.0,0.0
1302,2019-02-24 06:00:00,2,2019-02-24 07:00:00,0.10531,0.10531,0.10531,0.12,0.0,325.47053003387134,-0.0,0.0,0.0,325.47053003387134,325.47053003387134,0.0,0.0
1303,2019-02-24 07:00:00,2,2019-02-24 08:00:00,0.10531,0.10531,0.10531,0.12,0.0,388.15510874657946,-400.0,0.0,0.0,788.1551087465795,788.1551087465795,0.0,1.0
1304,2019-02-24 08:00:00,2,2019-02-24 09:00:00,0.10531,0.10531,0.10531,0.12,0.46,812.9690486932877,-62.1124587036328,0.0,0.0,875.0815073969205,875.0815073969205,0.0,1.0
1305,2019-02-24 09:00:00,2,2019-02-24 10:00:00,0.10531,0.10531,0.10531,0.12,0.5314293275091777,784.5214109630261,0.0,0.0,0.0,784.5214109630261,784.5214109630261,0.0,0.0
1306,2019-02-24 10:00:00,2,2019-02-24 11:00:00,0.10531,0.10531,0.10531,0.12,0.5314293275091777,746.6223339987615,0.0,0.0,0.0,746.6223339987615,746.6223339987615,0.0,0.0
1307,2019-02-24 11:00:00,2,2019-02-24 12:00:00,0.10531,0.10531,0.10531,0.12,0.5314293275091777,746.6140779514475,-128.46742944547304,0.0,0.0,875.0815073969205,875.0815073969205,0.0,1.0
1308,2019-02-24 12:00:00,2,2019-02-24 13:00:00,0.10531,0.10531,0.10531,0.12,0.6791668713714717,744.2341362340003,-144.86807974043714,0.0,0.0,889.1022159744374,889.1022159744374,0.0,1.0
1309,2019-02-24 13:00:00,2,2019-02-24 14:00:00,0.10531,0.10531,0.10531,0.12,0.8457651630729743,818.7963452224534,-70.30587075198406,5.684341886080802e-14,0.0,889.1022159744374,889.1022159744374,0.0,1.0
1310,2019-02-24 14:00:00,2,2019-02-24 15:00:00,0.10531,0.10531,0.10531,0.12,0.9266169144377556,825.2908372246598,-63.81137874977759,-5.6646387946212495e-14,0.0,889.1022159744374,889.1022159744374,0.0,1.0
1311,2019-02-24 15:00:00,2,2019-02-24 16:00:00,0.10531,0.10531,0.10531,0.12,1.0,833.0193816643701,0.0,0.0,0.0,833.0193816643701,833.0193816643701,0.0,0.0
1312,2019-02-24 16:00:00,2,2019-02-24 17:00:00,0.13592,0.13592,0.13592,0.12,1.0,850.8437234747821,-0.0,400.0,0.0,450.8437234747821,450.8437234747821,0.0,0.0
1313,2019-02-24 17:00:00,2,2019-02-24 18:00:00,0.13592,0.13592,0.13592,0.12,0.4565217391304348,703.6556201297428,-0.0,336.00000000000006,0.0,367.6556201297428,367.6556201297428,0.0,0.0
1314,2019-02-24 18:00:00,2,2019-02-24 19:00:00,0.13592,0.13592,0.13592,0.12,0.0,582.3128966065473,-0.0,0.0,0.0,582.3128966065473,582.3128966065473,0.0,1.0
1315,2019-02-24 19:00:00,2,2019-02-24 20:00:00,0.13592,0.13592,0.13592,0.12,0.0,563.3921193566376,-0.0,0.0,0.0,563.3921193566376,563.3921193566376,0.0,0.0
1316,2019-02-24 20:00:00,2,2019-02-24 21:00:00,0.13592,0.13592,0.13592,0.12,0.0,455.4949468212126,-0.0,0.0,0.0,455.4949468212126,455.4949468212126,0.0,0.0
1317,2019-02-24 21:00:00,2,2019-02-24 22:00:00,0.10531,0.10531,0.10531,0.12,0.0,428.599495825805,-0.0,0.0,0.0,428.599495825805,428.599495825805,0.0,0.0
1318,2019-02-24 22:00:00,2,2019-02-24 23:00:00,0.10531,0.10531,0.10531,0.12,0.0,270.7912955962361,-0.0,0.0,0.0,270.7912955962361,270.7912955962361,0.0,0.0
1319,2019-02-24 23:00:00,2,2019-02-25 00:00:00,0.10531,0.10531,0.10531,0.12,0.0,232.52798509407918,-0.0,0.0,0.0,232.52798509407918,232.52798509407918,0.0,0.0
1320,2019-02-25 00:00:00,2,2019-02-25 01:00:00,0.10531,0.10531,0.10531,0.12,0.0,184.42214976733888,-0.0,0.0,0.0,184.42214976733888,184.42214976733888,0.0,1.0
1321,2019-02-25 01:00:00,2,2019-02-25 02:00:00,0.10531,0.10531,0.10531,0.12,0.0,184.42214984795072,-0.0,0.0,0.0,184.42214984795072,184.42214984795072,0.0,0.0
1322,2019-02-25 02:00:00,2,2019-02-25 03:00:00,0.10531,0.10531,0.10531,0.12,0.0,184.42214981074522,-0.0,0.0,0.0,184.42214981074522,184.42214981074522,0.0,0.0
1323,2019-02-25 03:00:00,2,2019-02-25 04:00:00,0.10531,0.10531,0.10531,0.12,0.0,184.4221498138457,-0.0,0.0,0.0,184.4221498138457,184.4221498138457,0.0,0.0
1324,2019-02-25 04:00:00,2,2019-02-25 05:00:00,0.10531,0.10531,0.10531,0.12,0.0,193.8957451575209,-339.5418442188262,0.0,0.0,533.4375893763471,533.4375893763471,0.0,1.0
1325,2019-02-25 05:00:00,2,2019-02-25 06:00:00,0.10531,0.10531,0.10531,0.12,0.3904731208516502,212.84403231167883,-320.5935570646683,0.0,0.0,533.4375893763471,533.4375893763471,0.0,1.0
1326,2019-02-25 06:00:00,2,2019-02-25 07:00:00,0.10531,0.10531,0.10531,0.12,0.7591557114760187,325.26937828891425,-208.16821108743287,0.0,0.0,533.4375893763471,533.4375893763471,0.0,1.0
1327,2019-02-25 07:00:00,2,2019-02-25 08:00:00,0.10531,0.10531,0.10531,0.12,0.9985491542265666,310.927982644279,-0.0,0.0,0.0,310.927982644279,310.927982644279,0.0,0.0
1328,2019-02-25 08:00:00,2,2019-02-25 09:00:00,0.10531,0.10531,0.10531,0.12,0.9985491542265666,503.959175309649,-0.0,0.0,0.0,503.959175309649,503.959175309649,0.0,0.0
1329,2019-02-25 09:00:00,2,2019-02-25 10:00:00,0.10531,0.10531,0.10531,0.12,0.9985491542265666,475.4936975797958,-0.0,0.0,0.0,475.4936975797958,475.4936975797958,0.0,1.0
1330,2019-02-25 10:00:00,2,2019-02-25 11:00:00,0.10531,0.10531,0.10531,0.12,0.9985491542265666,437.70842357943604,-0.0,0.0,0.0,437.70842357943604,437.70842357943604,0.0,1.0
1331,2019-02-25 11:00:00,2,2019-02-25 12:00:00,0.10531,0.10531,0.10531,0.12,0.9985491542265666,464.8692568438593,-0.0,0.0,0.0,464.8692568438593,464.8692568438593,0.0,0.0
1332,2019-02-25 12:00:00,2,2019-02-25 13:00:00,0.10531,0.10531,0.10531,0.12,0.9985491542265666,515.681091479418,-1.2616050203735096,-2.8990143619012088e-12,0.0,516.9426964997942,516.9426964997942,0.0,1.0
1333,2019-02-25 13:00:00,2,2019-02-25 14:00:00,0.10531,0.10531,0.10531,0.12,1.0,532.1759843559703,-0.0,4.547473508864641e-13,0.0,532.17598435597,532.17598435597,0.0,1.0
1334,2019-02-25 14:00:00,2,2019-02-25 15:00:00,0.10531,0.10531,0.10531,0.12,0.9999999999999994,337.9844766699344,-0.0,0.0,0.0,337.9844766699344,337.9844766699344,0.0,0.0
1335,2019-02-25 15:00:00,2,2019-02-25 16:00:00,0.10531,0.10531,0.10531,0.12,1.0,335.8444327704611,-0.0,0.0,0.0,335.8444327704611,335.8444327704611,0.0,0.0
1336,2019-02-25 16:00:00,2,2019-02-25 17:00:00,0.13592,0.13592,0.13592,0.12,1.0,353.7754904831519,-0.0,353.7754904831519,0.0,1.0231815394945443e-12,1.0231815394945443e-12,0.0,0.0
1337,2019-02-25 17:00:00,2,2019-02-25 18:00:00,0.13592,0.13592,0.13592,0.12,0.5193267792348482,267.9171793531021,-0.0,112.53927116042303,0.0,155.37790819267838,155.37790819267838,0.0,0.0
1338,2019-02-25 18:00:00,2,2019-02-25 19:00:00,0.13592,0.13592,0.13592,0.12,0.36642016081035955,269.68523835642475,-0.0,269.6852383564247,0.0,0.0,0.0,0.0,0.0
1339,2019-02-25 19:00:00,2,2019-02-25 20:00:00,0.13592,0.13592,0.13592,0.12,0.0,250.73804734507678,-0.0,-4.3410740631494445e-13,0.0,250.73804734507672,250.73804734507672,0.0,0.0
1340,2019-02-25 20:00:00,2,2019-02-25 21:00:00,0.13592,0.13592,0.13592,0.12,0.0,250.73804806283223,-0.0,0.0,0.0,250.7380480628322,250.7380480628322,0.0,0.0
1341,2019-02-25 21:00:00,2,2019-02-25 22:00:00,0.10531,0.10531,0.10531,0.12,0.0,231.79158772654483,-0.0,3.729053318750398e-14,-2.842170943040401e-14,231.7915877265448,231.79158772654483,0.0,0.0
1342,2019-02-25 22:00:00,2,2019-02-25 23:00:00,0.10531,0.10531,0.10531,0.12,0.0,212.8429358813016,-0.0,0.0,0.0,212.8429358813016,212.8429358813016,0.0,0.0
1343,2019-02-25 23:00:00,2,2019-02-26 00:00:00,0.10531,0.10531,0.10531,0.12,-1.3073986337985843e-16,193.89574526603684,-0.0,-5.0699806492034986e-14,-5.389208421185178e-14,193.89574526603667,193.89574526603673,0.0,1.0
1344,2019-02-26 00:00:00,2,2019-02-26 01:00:00,0.10531,0.10531,0.10531,0.12,0.0,184.42178422595364,-0.0,0.0,0.0,184.42178422595364,184.42178422595364,0.0,0.0
1345,2019-02-26 01:00:00,2,2019-02-26 02:00:00,0.10531,0.10531,0.10531,0.12,0.0,184.42178423990566,-0.0,0.0,0.0,184.42178423990566,184.42178423990566,0.0,0.0
1346,2019-02-26 02:00:00,2,2019-02-26 03:00:00,0.10531,0.10531,0.10531,0.12,0.0,184.42178436934972,-0.0,0.0,0.0,184.42178436934972,184.42178436934972,0.0,0.0
1347,2019-02-26 03:00:00,2,2019-02-26 04:00:00,0.10531,0.10531,0.10531,0.12,0.0,184.42178445383715,-0.0,0.0,0.0,184.42178445383715,184.42178445383715,0.0,0.0
1348,2019-02-26 04:00:00,2,2019-02-26 05:00:00,0.10531,0.10531,0.10531,0.12,0.0,193.89537977425888,-0.0,0.0,0.0,193.89537977425888,193.89537977425888,0.0,0.0
1349,2019-02-26 05:00:00,2,2019-02-26 06:00:00,0.10531,0.10531,0.10531,0.12,0.0,212.84366605563855,-0.0,0.0,0.0,212.84366605563855,212.84366605563855,0.0,0.0
1350,2019-02-26 06:00:00,2,2019-02-26 07:00:00,0.10531,0.10531,0.10531,0.12,0.0,244.11463667836458,-0.0,0.0,0.0,244.11463667836458,244.11463667836458,0.0,0.0
1351,2019-02-26 07:00:00,2,2019-02-26 08:00:00,0.10531,0.10531,0.10531,0.12,0.0,229.95025377111034,-0.0,0.0,0.0,229.95025377111034,229.95025377111034,0.0,0.0
1352,2019-02-26 08:00:00,2,2019-02-26 09:00:00,0.10531,0.10531,0.10531,0.12,0.0,230.40124868162,-0.0,0.0,0.0,230.40124868162,230.40124868162,0.0,0.0
1353,2019-02-26 09:00:00,2,2019-02-26 10:00:00,0.10531,0.10531,0.10531,0.12,0.0,211.88289384192313,-0.0,0.0,0.0,211.88289384192313,211.88289384192313,0.0,0.0
1354,2019-02-26 10:00:00,2,2019-02-26 11:00:00,0.10531,0.10531,0.10531,0.12,0.0,173.72793781808167,-0.0,0.0,0.0,173.72793781808167,173.72793781808167,0.0,0.0
1355,2019-02-26 11:00:00,2,2019-02-26 12:00:00,0.10531,0.10531,0.10531,0.12,0.0,173.94298419649942,-343.594278323854,0.0,0.0,517.5372625203534,517.5372625203534,0.0,1.0
1356,2019-02-26 12:00:00,2,2019-02-26 13:00:00,0.10531,0.10531,0.10531,0.12,0.39513342007243213,248.68596488520072,-0.0,0.0,0.0,248.68596488520072,248.68596488520072,0.0,0.0
1357,2019-02-26 13:00:00,2,2019-02-26 14:00:00,0.10531,0.10531,0.10531,0.12,0.39513342007243213,256.2261660408946,-125.97093906745035,0.0,0.0,382.19710510834494,382.19710510834494,0.0,1.0
1358,2019-02-26 14:00:00,2,2019-02-26 15:00:00,0.10531,0.10531,0.10531,0.12,0.54,304.83004856694674,-0.0,0.0,0.0,304.83004856694674,304.83004856694674,0.0,0.0
1359,2019-02-26 15:00:00,2,2019-02-26 16:00:00,0.10531,0.10531,0.10531,0.12,0.54,252.8774199323619,-400.0,0.0,0.0,652.8774199323619,652.8774199323619,0.0,1.0
1360,2019-02-26 16:00:00,2,2019-02-26 17:00:00,0.13592,0.13592,0.13592,0.12,1.0,201.52946792378677,-0.0,201.52946792378677,0.0,0.0,0.0,1.0,0.0
1361,2019-02-26 17:00:00,2,2019-02-26 18:00:00,0.13592,0.13592,0.13592,0.12,0.7261827881470289,236.57256844150908,-0.0,236.57256844150908,0.0,0.0,0.0,0.0,0.0
1362,2019-02-26 18:00:00,2,2019-02-26 19:00:00,0.13592,0.13592,0.13592,0.12,0.4047526679819351,269.6841418950429,-0.0,269.6841418950429,0.0,0.0,0.0,0.0,0.0
1363,2019-02-26 19:00:00,2,2019-02-26 20:00:00,0.13592,0.13592,0.13592,0.12,0.038333996928887684,250.7369511952908,-0.0,28.213821739661338,0.0,222.52312945562946,222.52312945562946,0.0,0.0
1364,2019-02-26 20:00:00,2,2019-02-26 21:00:00,0.13592,0.13592,0.13592,0.12,0.0,250.73695116041065,-0.0,0.0,0.0,250.73695116041065,250.73695116041065,0.0,0.0
1365,2019-02-26 21:00:00,2,2019-02-26 22:00:00,0.10531,0.10531,0.10531,0.12,0.0,231.79085686080626,-0.0,0.0,0.0,231.79085686080626,231.79085686080626,0.0,0.0
1366,2019-02-26 22:00:00,2,2019-02-26 23:00:00,0.10531,0.10531,0.10531,0.12,0.0,212.8425701693913,-0.0,0.0,0.0,212.8425701693913,212.8425701693913,0.0,0.0
1367,2019-02-26 23:00:00,2,2019-02-27 00:00:00,0.10531,0.10531,0.10531,0.12,0.0,193.89537948436632,-0.0,0.0,0.0,193.89537948436632,193.89537948436632,0.0,1.0
1368,2019-02-27 00:00:00,2,2019-02-27 01:00:00,0.10531,0.10531,0.10531,0.12,0.0,223.05438923882883,-0.0,0.0,0.0,223.05438923882883,223.05438923882883,0.0,0.0
1369,2019-02-27 01:00:00,2,2019-02-27 02:00:00,0.10531,0.10531,0.10531,0.12,0.0,223.054389287661,-0.0,0.0,0.0,223.054389287661,223.054389287661,0.0,0.0
1370,2019-02-27 02:00:00,2,2019-02-27 03:00:00,0.10531,0.10531,0.10531,0.12,0.0,223.05438923960398,-0.0,0.0,0.0,223.05438923960398,223.05438923960398,0.0,0.0
1371,2019-02-27 03:00:00,2,2019-02-27 04:00:00,0.10531,0.10531,0.10531,0.12,0.0,223.05438920239845,-0.0,0.0,0.0,223.05438920239845,223.05438920239845,0.0,0.0
1372,2019-02-27 04:00:00,2,2019-02-27 05:00:00,0.10531,0.10531,0.10531,0.12,0.0,232.52798451584417,-0.0,0.0,0.0,232.52798451584417,232.52798451584417,0.0,0.0
1373,2019-02-27 05:00:00,2,2019-02-27 06:00:00,0.10531,0.10531,0.10531,0.12,0.0,270.7923906887668,-0.0,0.0,0.0,270.7923906887668,270.7923906887668,0.0,0.0
1374,2019-02-27 06:00:00,2,2019-02-27 07:00:00,0.10531,0.10531,0.10531,0.12,0.0,318.61132469982505,-313.03056927152903,0.0,0.0,631.6418939713541,631.6418939713541,0.0,1.0
1375,2019-02-27 07:00:00,2,2019-02-27 08:00:00,0.10531,0.10531,0.10531,0.12,0.3599851546622584,388.182314602328,-400.0,0.0,0.0,788.182314602328,788.182314602328,0.0,1.0
1376,2019-02-27 08:00:00,2,2019-02-27 09:00:00,0.10531,0.10531,0.10531,0.12,0.8199851546622584,812.9830123467647,-0.0,0.0,0.0,812.9830123467647,812.9830123467647,0.0,0.0
1377,2019-02-27 09:00:00,2,2019-02-27 10:00:00,0.10531,0.10531,0.10531,0.12,0.8199851546622584,784.5302548032315,0.0,0.0,0.0,784.5302548032315,784.5302548032315,0.0,0.0
1378,2019-02-27 10:00:00,2,2019-02-27 11:00:00,0.10531,0.10531,0.10531,0.12,0.8199851546622584,765.2724066004453,0.0,0.0,0.0,765.2724066004453,765.2724066004453,0.0,0.0
1379,2019-02-27 11:00:00,2,2019-02-27 12:00:00,0.10531,0.10531,0.10531,0.12,0.8199851546622584,863.9261589148304,-99.79451775074267,0.0,0.0,963.720676665573,963.720676665573,0.0,1.0
1380,2019-02-27 12:00:00,2,2019-02-27 13:00:00,0.10531,0.10531,0.10531,0.12,0.9347488500756124,906.9805462965403,-56.74013036903273,0.0,0.0,963.720676665573,963.720676665573,0.0,1.0
1381,2019-02-27 13:00:00,2,2019-02-27 14:00:00,0.10531,0.10531,0.10531,0.12,1.0,1008.6949302094674,-0.0,44.974253543894406,0.0,963.720676665573,963.720676665573,0.0,0.0
1382,2019-02-27 14:00:00,2,2019-02-27 15:00:00,0.10531,0.10531,0.10531,0.12,0.9388936772501435,1020.3329455117228,-0.0,56.61226884614973,0.0,963.720676665573,963.720676665573,0.0,0.0
1383,2019-02-27 15:00:00,2,2019-02-27 16:00:00,0.10531,0.10531,0.10531,0.12,0.8619748337091793,1022.551656508194,-0.0,58.83097984262099,0.0,963.720676665573,963.720676665573,0.0,0.0
1384,2019-02-27 16:00:00,2,2019-02-27 17:00:00,0.13592,0.13592,0.13592,0.12,0.782041437183879,1048.8055288873325,-0.0,400.0,0.0,648.8055288873325,648.8055288873325,0.0,0.0
1385,2019-02-27 17:00:00,2,2019-02-27 18:00:00,0.13592,0.13592,0.13592,0.12,0.2385631763143138,874.5477607302596,-0.0,0.0,0.0,874.5477607302596,874.5477607302596,0.0,1.0
1386,2019-02-27 18:00:00,2,2019-02-27 19:00:00,0.13592,0.13592,0.13592,0.12,0.2385631763143138,649.2293905751219,-0.0,0.0,0.0,649.2293905751219,649.2293905751219,0.0,1.0
1387,2019-02-27 19:00:00,2,2019-02-27 20:00:00,0.13592,0.13592,0.13592,0.12,0.2385631763143138,563.3474379784514,-0.0,0.0,0.0,563.3474379784514,563.3474379784514,0.0,1.0
1388,2019-02-27 20:00:00,2,2019-02-27 21:00:00,0.13592,0.13592,0.13592,0.12,0.2385631763143138,447.4944493061657,-0.0,175.58249776733498,0.0,271.9119515388307,271.9119515388307,0.0,0.0
1389,2019-02-27 21:00:00,2,2019-02-27 22:00:00,0.10531,0.10531,0.10531,0.12,0.0,428.56250439825436,-0.0,0.0,0.0,428.56250439825436,428.56250439825436,0.0,0.0
1390,2019-02-27 22:00:00,2,2019-02-27 23:00:00,0.10531,0.10531,0.10531,0.12,0.0,270.79129507380935,-0.0,0.0,0.0,270.79129507380935,270.79129507380935,0.0,0.0
1391,2019-02-27 23:00:00,2,2019-02-28 00:00:00,0.10531,0.10531,0.10531,0.12,0.0,232.52798456777683,-0.0,0.0,0.0,232.52798456777683,232.52798456777683,0.0,0.0
1392,2019-02-28 00:00:00,2,2019-02-28 01:00:00,0.10531,0.10531,0.10531,0.12,0.0,223.05438905512685,-0.0,0.0,0.0,223.05438905512685,223.05438905512685,0.0,0.0
1393,2019-02-28 01:00:00,2,2019-02-28 02:00:00,0.10531,0.10531,0.10531,0.12,0.0,223.05438904970106,-0.0,0.0,0.0,223.05438904970106,223.05438904970106,0.0,0.0
1394,2019-02-28 02:00:00,2,2019-02-28 03:00:00,0.10531,0.10531,0.10531,0.12,0.0,223.05438902102182,-0.0,0.0,0.0,223.05438902102182,223.05438902102182,0.0,0.0
1395,2019-02-28 03:00:00,2,2019-02-28 04:00:00,0.10531,0.10531,0.10531,0.12,0.0,223.0543890466006,-0.0,0.0,0.0,223.0543890466006,223.0543890466006,0.0,0.0
1396,2019-02-28 04:00:00,2,2019-02-28 05:00:00,0.10531,0.10531,0.10531,0.12,0.0,232.52798430578832,-0.0,0.0,0.0,232.52798430578832,232.52798430578832,0.0,0.0
1397,2019-02-28 05:00:00,2,2019-02-28 06:00:00,0.10531,0.10531,0.10531,0.12,0.0,270.7923902609039,-0.0,0.0,0.0,270.7923902609039,270.7923902609039,0.0,0.0
1398,2019-02-28 06:00:00,2,2019-02-28 07:00:00,0.10531,0.10531,0.10531,0.12,0.0,318.5777439919729,-0.0,0.0,0.0,318.5777439919729,318.5777439919729,0.0,0.0
1399,2019-02-28 07:00:00,2,2019-02-28 08:00:00,0.10531,0.10531,0.10531,0.12,0.0,388.14289627613476,-400.0,0.0,0.0,788.1428962761347,788.1428962761347,0.0,1.0
1400,2019-02-28 08:00:00,2,2019-02-28 09:00:00,0.10531,0.10531,0.10531,0.12,0.46,812.9972192232292,0.0,0.0,0.0,812.9972192232292,812.9972192232292,0.0,0.0
1401,2019-02-28 09:00:00,2,2019-02-28 10:00:00,0.10531,0.10531,0.10531,0.12,0.46,784.5616826485312,0.0,0.0,0.0,784.5616826485312,784.5616826485312,0.0,0.0
1402,2019-02-28 10:00:00,2,2019-02-28 11:00:00,0.10531,0.10531,0.10531,0.12,0.46,746.6218248853557,0.0,0.0,0.0,746.6218248853557,746.6218248853557,0.0,0.0
1403,2019-02-28 11:00:00,2,2019-02-28 12:00:00,0.10531,0.10531,0.10531,0.12,0.46,746.6225581399955,0.0,0.0,0.0,746.6225581399955,746.6225581399955,0.0,0.0
1404,2019-02-28 12:00:00,2,2019-02-28 13:00:00,0.10531,0.10531,0.10531,0.12,0.46,743.0088340192208,-178.6158499382086,0.0,0.0,921.6246839574294,921.6246839574294,0.0,1.0
1405,2019-02-28 13:00:00,2,2019-02-28 14:00:00,0.10531,0.10531,0.10531,0.12,0.6654082274289399,804.386203914585,0.0,0.0,0.0,804.386203914585,804.386203914585,0.0,0.0
1406,2019-02-28 14:00:00,2,2019-02-28 15:00:00,0.10531,0.10531,0.10531,0.12,0.6654082274289399,797.6501756733912,-123.97450828403817,0.0,0.0,921.6246839574294,921.6246839574294,0.0,1.0
1407,2019-02-28 15:00:00,2,2019-02-28 16:00:00,0.10531,0.10531,0.10531,0.12,0.8079789119555837,754.6498247883717,-166.9748591690577,0.0,0.0,921.6246839574294,921.6246839574294,0.0,1.0
1408,2019-02-28 16:00:00,2,2019-02-28 17:00:00,0.13592,0.13592,0.13592,0.12,1.0,784.5638775927919,-0.0,336.00000000000006,0.0,448.5638775927918,448.5638775927918,0.0,0.0
1409,2019-02-28 17:00:00,2,2019-02-28 18:00:00,0.13592,0.13592,0.13592,0.12,0.5434782608695652,703.6567387717837,-0.0,400.0,0.0,303.6567387717837,303.6567387717837,0.0,0.0
1410,2019-02-28 18:00:00,2,2019-02-28 19:00:00,0.13592,0.13592,0.13592,0.12,0.0,582.3110809890724,-0.0,0.0,0.0,582.3110809890724,582.3110809890724,0.0,1.0
1411,2019-02-28 19:00:00,2,2019-02-28 20:00:00,0.13592,0.13592,0.13592,0.12,0.0,563.3975056323613,-0.0,0.0,0.0,563.3975056323613,563.3975056323613,0.0,0.0
1412,2019-02-28 20:00:00,2,2019-02-28 21:00:00,0.13592,0.13592,0.13592,0.12,0.0,447.5436964136599,-0.0,0.0,0.0,447.5436964136599,447.5436964136599,0.0,1.0
1413,2019-02-28 21:00:00,2,2019-02-28 22:00:00,0.10531,0.10531,0.10531,0.12,0.0,428.6094199763441,-0.0,0.0,0.0,428.6094199763441,428.6094199763441,0.0,1.0
1414,2019-02-28 22:00:00,2,2019-02-28 23:00:00,0.10531,0.10531,0.10531,0.12,0.0,270.7912947335344,-0.0,0.0,0.0,270.7912947335344,270.7912947335344,0.0,0.0
1415,2019-02-28 23:00:00,2,2019-03-01 00:00:00,0.10531,0.10531,0.10531,0.12,0.0,232.52798423370277,-0.0,0.0,0.0,232.52798423370277,232.52798423370277,0.0,0.0
1416,2019-03-01 00:00:00,3,2019-03-01 01:00:00,0.10531,0.10531,0.10531,0.12,0.0,223.0543887342297,0.0,0.0,0.0,223.0543887342297,223.0543887342297,0.0,0.0
1417,2019-03-01 01:00:00,3,2019-03-01 02:00:00,0.10531,0.10531,0.10531,0.12,0.0,223.05438875593288,-0.0,0.0,0.0,223.05438875593288,223.05438875593288,0.0,0.0
1418,2019-03-01 02:00:00,3,2019-03-01 03:00:00,0.10531,0.10531,0.10531,0.12,0.0,223.05438874895682,-0.0,0.0,0.0,223.05438874895682,223.05438874895682,0.0,0.0
1419,2019-03-01 03:00:00,3,2019-03-01 04:00:00,0.10531,0.10531,0.10531,0.12,0.0,223.05438878771255,-0.0,0.0,0.0,223.05438878771255,223.05438878771255,0.0,0.0
1420,2019-03-01 04:00:00,3,2019-03-01 05:00:00,0.10531,0.10531,0.10531,0.12,0.0,232.52798405620166,-0.0,0.0,0.0,232.52798405620166,232.52798405620166,0.0,0.0
1421,2019-03-01 05:00:00,3,2019-03-01 06:00:00,0.10531,0.10531,0.10531,0.12,0.0,270.79238970514723,-0.0,0.0,0.0,270.79238970514723,270.79238970514723,0.0,0.0
1422,2019-03-01 06:00:00,3,2019-03-01 07:00:00,0.10531,0.10531,0.10531,0.12,0.0,318.7357487346699,-0.0,0.0,0.0,318.7357487346699,318.7357487346699,0.0,0.0
1423,2019-03-01 07:00:00,3,2019-03-01 08:00:00,0.10531,0.10531,0.10531,0.12,0.0,388.1776643840557,-334.40862293765224,0.0,0.0,722.5862873217079,722.5862873217079,0.0,1.0
1424,2019-03-01 08:00:00,3,2019-03-01 09:00:00,0.10531,0.10531,0.10531,0.12,0.38456991637830007,813.0475535845273,-0.0,0.0,0.0,813.0475535845273,813.0475535845273,0.0,0.0
1425,2019-03-01 09:00:00,3,2019-03-01 10:00:00,0.06431,0.06431,0.06431,0.12,0.38456991637830007,784.6009418570197,-115.0306144481357,0.0,0.0,899.6315563051554,899.6315563051554,0.0,1.0
1426,2019-03-01 10:00:00,3,2019-03-01 11:00:00,0.06431,0.06431,0.06431,0.12,0.5168551229936561,746.651919006912,-152.97963729824346,0.0,0.0,899.6315563051554,899.6315563051554,0.0,1.0
1427,2019-03-01 11:00:00,3,2019-03-01 12:00:00,0.06431,0.06431,0.06431,0.12,0.6927817058866361,747.0134197164606,-152.61813658869482,0.0,0.0,899.6315563051554,899.6315563051554,0.0,1.0
1428,2019-03-01 12:00:00,3,2019-03-01 13:00:00,0.06431,0.06431,0.06431,0.12,0.8682925629636351,785.1033501865772,-114.52820611857817,0.0,0.0,899.6315563051554,899.6315563051554,0.0,1.0
1429,2019-03-01 13:00:00,3,2019-03-01 14:00:00,0.06431,0.06431,0.06431,0.12,1.0,1001.3437179316994,-0.0,101.712161626544,0.0,899.6315563051554,899.6315563051554,0.0,0.0
1430,2019-03-01 14:00:00,3,2019-03-01 15:00:00,0.10531,0.10531,0.10531,0.12,0.8618041282248043,1060.1786470100983,-0.0,160.54709070494283,0.0,899.6315563051555,899.6315563051555,0.0,0.0
1431,2019-03-01 15:00:00,3,2019-03-01 16:00:00,0.10531,0.10531,0.10531,0.12,0.6436694941148278,1079.0522213890551,-0.0,179.42066508389968,0.0,899.6315563051555,899.6315563051555,0.0,0.0
1432,2019-03-01 16:00:00,3,2019-03-01 17:00:00,0.13592,0.13592,0.13592,0.12,0.3998914165551814,1102.741973342045,-0.0,203.1104170368895,0.0,899.6315563051555,899.6315563051555,0.0,0.0
1433,2019-03-01 17:00:00,3,2019-03-01 18:00:00,0.13592,0.13592,0.13592,0.12,0.12392617601592919,990.8412218528794,-0.0,91.20966554772389,0.0,899.6315563051555,899.6315563051555,0.0,0.0
1434,2019-03-01 18:00:00,3,2019-03-01 19:00:00,0.13592,0.13592,0.13592,0.12,0.0,692.7469792678693,-0.0,0.0,0.0,692.7469792678693,692.7469792678693,0.0,1.0
1435,2019-03-01 19:00:00,3,2019-03-01 20:00:00,0.13592,0.13592,0.13592,0.12,0.0,636.7995721412756,-0.0,0.0,0.0,636.7995721412756,636.7995721412756,0.0,1.0
1436,2019-03-01 20:00:00,3,2019-03-01 21:00:00,0.13592,0.13592,0.13592,0.12,0.0,490.4838880998595,-0.0,0.0,0.0,490.4838880998595,490.4838880998595,0.0,1.0
1437,2019-03-01 21:00:00,3,2019-03-01 22:00:00,0.10531,0.10531,0.10531,0.12,0.0,428.5593411972245,-0.0,0.0,0.0,428.5593411972245,428.5593411972245,0.0,0.0
1438,2019-03-01 22:00:00,3,2019-03-01 23:00:00,0.10531,0.10531,0.10531,0.12,0.0,270.79129446301965,-0.0,0.0,0.0,270.79129446301965,270.79129446301965,0.0,0.0
1439,2019-03-01 23:00:00,3,2019-03-02 00:00:00,0.10531,0.10531,0.10531,0.12,0.0,232.52798394070973,-0.0,0.0,0.0,232.52798394070973,232.52798394070973,0.0,0.0
1440,2019-03-02 00:00:00,3,2019-03-02 01:00:00,0.10531,0.10531,0.10531,0.12,0.0,223.05438841720812,-0.0,0.0,0.0,223.05438841720812,223.05438841720812,0.0,0.0
1441,2019-03-02 01:00:00,3,2019-03-02 02:00:00,0.10531,0.10531,0.10531,0.12,0.0,223.054388416433,-0.0,0.0,0.0,223.054388416433,223.054388416433,0.0,0.0
1442,2019-03-02 02:00:00,3,2019-03-02 03:00:00,0.10531,0.10531,0.10531,0.12,0.0,223.05438839783025,-0.0,0.0,0.0,223.05438839783025,223.05438839783025,0.0,0.0
1443,2019-03-02 03:00:00,3,2019-03-02 04:00:00,0.10531,0.10531,0.10531,0.12,0.0,223.0543884381362,-0.0,0.0,0.0,223.0543884381362,223.0543884381362,0.0,0.0
1444,2019-03-02 04:00:00,3,2019-03-02 05:00:00,0.10531,0.10531,0.10531,0.12,0.0,232.5279837849118,-0.0,0.0,0.0,232.5279837849118,232.5279837849118,0.0,0.0
1445,2019-03-02 05:00:00,3,2019-03-02 06:00:00,0.10531,0.10531,0.10531,0.12,0.0,270.7923896028322,-0.0,0.0,0.0,270.7923896028322,270.7923896028322,0.0,0.0
1446,2019-03-02 06:00:00,3,2019-03-02 07:00:00,0.10531,0.10531,0.10531,0.12,0.0,318.9286507099605,-400.0,0.0,0.0,718.9286507099605,718.9286507099605,0.0,1.0
1447,2019-03-02 07:00:00,3,2019-03-02 08:00:00,0.10531,0.10531,0.10531,0.12,0.46,388.09568893199986,-387.0524856297708,0.0,0.0,775.1481745617707,775.1481745617707,0.0,1.0
1448,2019-03-02 08:00:00,3,2019-03-02 09:00:00,0.10531,0.10531,0.10531,0.12,0.9051103584742364,889.0980888650034,-82.51273176153359,0.0,0.0,971.610820626537,971.610820626537,0.0,1.0
1449,2019-03-02 09:00:00,3,2019-03-02 10:00:00,0.06431,0.06431,0.06431,0.12,1.0,990.270742990488,-0.0,18.65992236395095,0.0,971.610820626537,971.610820626537,0.0,0.0
1450,2019-03-02 10:00:00,3,2019-03-02 11:00:00,0.06431,0.06431,0.06431,0.12,0.974646844614197,1034.0095969406889,-0.0,62.39877631415183,0.0,971.610820626537,971.610820626537,0.0,0.0
1451,2019-03-02 11:00:00,3,2019-03-02 12:00:00,0.06431,0.06431,0.06431,0.12,0.8898658985351864,1049.0072586874255,-0.0,77.39643806088847,0.0,971.610820626537,971.610820626537,0.0,0.0
1452,2019-03-02 12:00:00,3,2019-03-02 13:00:00,0.06431,0.06431,0.06431,0.12,0.7847076946481099,1015.6948054205901,-0.0,44.08398479405315,0.0,971.6108206265369,971.6108206265369,0.0,0.0
1453,2019-03-02 13:00:00,3,2019-03-02 14:00:00,0.06431,0.06431,0.06431,0.12,0.724810976177929,1061.4252401935069,-0.0,89.81441956696989,0.0,971.6108206265369,971.6108206265369,0.0,0.0
1454,2019-03-02 14:00:00,3,2019-03-02 15:00:00,0.10531,0.10531,0.10531,0.12,0.6027805148097635,1080.5985019792993,-0.0,108.98768135276231,0.0,971.6108206265369,971.6108206265369,0.0,0.0
1455,2019-03-02 15:00:00,3,2019-03-02 16:00:00,0.10531,0.10531,0.10531,0.12,0.4546994260152493,1089.6015388192448,-0.0,117.99071819270779,0.0,971.6108206265369,971.6108206265369,0.0,0.0
1456,2019-03-02 16:00:00,3,2019-03-02 17:00:00,0.13592,0.13592,0.13592,0.12,0.29438595020993974,1124.3071740642768,-0.0,152.6963534377398,0.0,971.6108206265369,971.6108206265369,0.0,0.0
1457,2019-03-02 17:00:00,3,2019-03-02 18:00:00,0.13592,0.13592,0.13592,0.12,0.08691807869127173,1035.582526543313,-0.0,63.971705916775996,0.0,971.6108206265369,971.6108206265369,0.0,0.0
1458,2019-03-02 18:00:00,3,2019-03-02 19:00:00,0.13592,0.13592,0.13592,0.12,0.0,893.3979422650267,-0.0,0.0,0.0,893.3979422650267,893.3979422650267,0.0,0.0
1459,2019-03-02 19:00:00,3,2019-03-02 20:00:00,0.13592,0.13592,0.13592,0.12,0.0,809.681075069187,-0.0,0.0,0.0,809.681075069187,809.681075069187,0.0,0.0
1460,2019-03-02 20:00:00,3,2019-03-02 21:00:00,0.13592,0.13592,0.13592,0.12,0.0,584.1129825779008,-0.0,0.0,0.0,584.1129825779008,584.1129825779008,0.0,0.0
1461,2019-03-02 21:00:00,3,2019-03-02 22:00:00,0.10531,0.10531,0.10531,0.12,0.0,529.5866232389214,-0.0,0.0,0.0,529.5866232389214,529.5866232389214,0.0,0.0
1462,2019-03-02 22:00:00,3,2019-03-02 23:00:00,0.10531,0.10531,0.10531,0.12,0.0,270.7912940413577,-0.0,0.0,0.0,270.7912940413577,270.7912940413577,0.0,0.0
1463,2019-03-02 23:00:00,3,2019-03-03 00:00:00,0.10531,0.10531,0.10531,0.12,0.0,232.52798353610027,-0.0,0.0,0.0,232.52798353610027,232.52798353610027,0.0,0.0
1464,2019-03-03 00:00:00,3,2019-03-03 01:00:00,0.10531,0.10531,0.10531,0.12,0.0,223.05438796841716,-0.0,0.0,0.0,223.05438796841716,223.05438796841716,0.0,0.0
1465,2019-03-03 01:00:00,3,2019-03-03 02:00:00,0.10531,0.10531,0.10531,0.12,0.0,223.05438803972763,-0.0,0.0,0.0,223.05438803972763,223.05438803972763,0.0,0.0
1466,2019-03-03 02:00:00,3,2019-03-03 03:00:00,0.10531,0.10531,0.10531,0.12,0.0,223.05438803972763,-0.0,0.0,0.0,223.05438803972763,223.05438803972763,0.0,0.0
1467,2019-03-03 03:00:00,3,2019-03-03 04:00:00,0.10531,0.10531,0.10531,0.12,0.0,223.05438802345023,-0.0,0.0,0.0,223.05438802345023,223.05438802345023,0.0,0.0
1468,2019-03-03 04:00:00,3,2019-03-03 05:00:00,0.10531,0.10531,0.10531,0.12,0.0,232.52798334852272,-69.56521739130429,0.0,0.0,302.093200739827,302.093200739827,0.0,1.0
1469,2019-03-03 05:00:00,3,2019-03-03 06:00:00,0.10531,0.10531,0.10531,0.12,0.07999999999999993,270.79238949664165,-0.0,0.0,0.0,270.79238949664165,270.79238949664165,0.0,0.0
1470,2019-03-03 06:00:00,3,2019-03-03 07:00:00,0.10531,0.10531,0.10531,0.12,0.07999999999999993,319.3650571484616,-400.0,0.0,0.0,719.3650571484616,719.3650571484616,0.0,1.0
1471,2019-03-03 07:00:00,3,2019-03-03 08:00:00,0.10531,0.10531,0.10531,0.12,0.5399999999999999,399.878718632437,-400.00000000000006,0.0,0.0,799.8787186324371,799.8787186324371,0.0,1.0
1472,2019-03-03 08:00:00,3,2019-03-03 09:00:00,0.10531,0.10531,0.10531,0.12,1.0,934.3256918326398,-0.0,0.0,0.0,934.3256918326398,934.3256918326398,0.0,0.0
1473,2019-03-03 09:00:00,3,2019-03-03 10:00:00,0.06431,0.06431,0.06431,0.12,1.0,1002.2729847360183,-0.0,30.662164109481296,0.0,971.610820626537,971.610820626537,0.0,0.0
1474,2019-03-03 10:00:00,3,2019-03-03 11:00:00,0.06431,0.06431,0.06431,0.12,0.9583394509382047,1030.1432915815979,-0.0,58.53247095506083,0.0,971.610820626537,971.610820626537,0.0,0.0
1475,2019-03-03 11:00:00,3,2019-03-03 12:00:00,0.06431,0.06431,0.06431,0.12,0.8788116371405679,1042.6575453952955,-0.0,71.04672476875851,0.0,971.610820626537,971.610820626537,0.0,0.0
1476,2019-03-03 12:00:00,3,2019-03-03 13:00:00,0.06431,0.06431,0.06431,0.12,0.7822807610960589,1016.2042726813403,-0.0,44.593452054803265,0.0,971.610820626537,971.610820626537,0.0,0.0
1477,2019-03-03 13:00:00,3,2019-03-03 14:00:00,0.06431,0.06431,0.06431,0.12,0.7216918316737718,1057.0766669634138,-0.0,85.46584633687678,0.0,971.610820626537,971.610820626537,0.0,0.0
1478,2019-03-03 14:00:00,3,2019-03-03 15:00:00,0.10531,0.10531,0.10531,0.12,0.6055697578464937,1052.9974666064395,-0.0,81.38664597990248,0.0,971.610820626537,971.610820626537,0.0,0.0
1479,2019-03-03 15:00:00,3,2019-03-03 16:00:00,0.10531,0.10531,0.10531,0.12,0.4949900758085827,1046.039108402051,-0.0,74.42828777551392,0.0,971.610820626537,971.610820626537,0.0,0.0
1480,2019-03-03 16:00:00,3,2019-03-03 17:00:00,0.13592,0.13592,0.13592,0.12,0.39386468480924314,1077.9354507056562,-0.0,270.39770649493965,0.0,807.5377442107165,807.5377442107165,0.0,0.0
1481,2019-03-03 17:00:00,3,2019-03-03 18:00:00,0.13592,0.13592,0.13592,0.12,0.026476496636770812,991.0975221512003,-0.0,19.486701524663317,0.0,971.610820626537,971.610820626537,0.0,0.0
1482,2019-03-03 18:00:00,3,2019-03-03 19:00:00,0.13592,0.13592,0.13592,0.12,0.0,834.7296227933917,-0.0,0.0,0.0,834.7296227933917,834.7296227933917,0.0,1.0
1483,2019-03-03 19:00:00,3,2019-03-03 20:00:00,0.13592,0.13592,0.13592,0.12,0.0,766.5272243809217,-0.0,0.0,0.0,766.5272243809217,766.5272243809217,0.0,1.0
1484,2019-03-03 20:00:00,3,2019-03-03 21:00:00,0.13592,0.13592,0.13592,0.12,0.0,584.2509074720724,-0.0,0.0,0.0,584.2509074720724,584.2509074720724,0.0,0.0
1485,2019-03-03 21:00:00,3,2019-03-03 22:00:00,0.10531,0.10531,0.10531,0.12,0.0,513.659075099803,-0.0,0.0,0.0,513.659075099803,513.659075099803,0.0,0.0
1486,2019-03-03 22:00:00,3,2019-03-03 23:00:00,0.10531,0.10531,0.10531,0.12,0.0,270.7912940382572,-0.0,0.0,0.0,270.7912940382572,270.7912940382572,0.0,0.0
1487,2019-03-03 23:00:00,3,2019-03-04 00:00:00,0.10531,0.10531,0.10531,0.12,0.0,232.5279835446265,-0.0,0.0,0.0,232.5279835446265,232.5279835446265,0.0,0.0
1488,2019-03-04 00:00:00,3,2019-03-04 01:00:00,0.10531,0.10531,0.10531,0.12,0.0,184.42214810471958,-0.0,-1.8242786071717954e-14,-1.3247799086040659e-14,184.4221481047196,184.4221481047196,0.0,1.0
1489,2019-03-04 01:00:00,3,2019-03-04 02:00:00,0.10531,0.10531,0.10531,0.12,0.0,184.42214799310318,-0.0,0.0,0.0,184.42214799310318,184.42214799310318,0.0,0.0
1490,2019-03-04 02:00:00,3,2019-03-04 03:00:00,0.10531,0.10531,0.10531,0.12,0.0,184.42214796364885,-0.0,0.0,0.0,184.42214796364885,184.42214796364885,0.0,0.0
1491,2019-03-04 03:00:00,3,2019-03-04 04:00:00,0.10531,0.10531,0.10531,0.12,0.0,184.42214799465341,-0.0,0.0,0.0,184.42214799465341,184.42214799465341,0.0,0.0
1492,2019-03-04 04:00:00,3,2019-03-04 05:00:00,0.10531,0.10531,0.10531,0.12,0.0,193.895743239114,-0.0,0.0,0.0,193.895743239114,193.895743239114,0.0,1.0
1493,2019-03-04 05:00:00,3,2019-03-04 06:00:00,0.10531,0.10531,0.10531,0.12,0.0,212.8440288120396,-0.0,0.0,0.0,212.8440288120396,212.8440288120396,0.0,0.0
1494,2019-03-04 06:00:00,3,2019-03-04 07:00:00,0.10531,0.10531,0.10531,0.12,0.0,319.08233145811835,-0.0,0.0,-6.383278525432256e-31,319.08233145811835,319.08233145811835,0.0,0.0
1495,2019-03-04 07:00:00,3,2019-03-04 08:00:00,0.10531,0.10531,0.10531,0.12,-3.861645303044022e-17,310.86046800529937,-0.0,-2.2087964737615044e-14,-6.333744692788955e-15,310.86046800529937,310.86046800529937,0.0,0.0
1496,2019-03-04 08:00:00,3,2019-03-04 09:00:00,0.10531,0.10531,0.10531,0.12,0.0,511.93156823834386,-0.0,-3.628760164016655e-30,0.0,511.93156823834386,511.93156823834386,0.0,1.0
1497,2019-03-04 09:00:00,3,2019-03-04 10:00:00,0.06431,0.06431,0.06431,0.12,0.0,531.1079665542724,-400.0,0.0,0.0,931.1079665542724,931.1079665542724,0.0,1.0
1498,2019-03-04 10:00:00,3,2019-03-04 11:00:00,0.06431,0.06431,0.06431,0.12,0.46,580.1730482101748,-0.0,0.0,0.0,580.1730482101748,580.1730482101748,0.0,0.0
1499,2019-03-04 11:00:00,3,2019-03-04 12:00:00,0.06431,0.06431,0.06431,0.12,0.46,640.5858030073754,-264.57514016234074,0.0,0.0,905.1609431697161,905.1609431697161,0.0,1.0
1500,2019-03-04 12:00:00,3,2019-03-04 13:00:00,0.06431,0.06431,0.06431,0.12,0.7642614111866919,726.1178893253087,-0.0,0.0,0.0,726.1178893253087,726.1178893253087,0.0,0.0
1501,2019-03-04 13:00:00,3,2019-03-04 14:00:00,0.06431,0.06431,0.06431,0.12,0.7642614111866919,743.4725353911091,-204.99007722896354,0.0,0.0,948.4626126200726,948.4626126200726,0.0,1.0
1502,2019-03-04 14:00:00,3,2019-03-04 15:00:00,0.10531,0.10531,0.10531,0.12,1.0,549.4695923391384,-0.0,0.0,0.0,549.4695923391384,549.4695923391384,0.0,1.0
1503,2019-03-04 15:00:00,3,2019-03-04 16:00:00,0.10531,0.10531,0.10531,0.12,1.0,546.2126347244999,-0.0,0.0,0.0,546.2126347244999,546.2126347244999,0.0,0.0
1504,2019-03-04 16:00:00,3,2019-03-04 17:00:00,0.13592,0.13592,0.13592,0.12,1.0,515.2023282711433,-0.0,0.0,0.0,515.2023282711433,515.2023282711433,0.0,0.0
1505,2019-03-04 17:00:00,3,2019-03-04 18:00:00,0.13592,0.13592,0.13592,0.12,1.0,414.03481171988994,-0.0,0.0,0.0,414.03481171988994,414.03481171988994,0.0,0.0
1506,2019-03-04 18:00:00,3,2019-03-04 19:00:00,0.13592,0.13592,0.13592,0.12,1.0,269.68523565050214,-0.0,269.68523565050214,0.0,0.0,0.0,0.0,0.0
1507,2019-03-04 19:00:00,3,2019-03-04 20:00:00,0.13592,0.13592,0.13592,0.12,0.6335798428661655,250.7380450910456,-0.0,215.57671964135855,0.0,35.16132544968704,35.16132544968704,0.0,0.0
1508,2019-03-04 20:00:00,3,2019-03-04 21:00:00,0.13592,0.13592,0.13592,0.12,0.34067669117953714,250.73804470813934,-0.0,250.73804470813934,0.0,0.0,0.0,0.0,0.0
1509,2019-03-04 21:00:00,3,2019-03-04 22:00:00,0.10531,0.10531,0.10531,0.12,0.0,231.79158459353448,-0.0,0.0,0.0,231.79158459353448,231.79158459353448,0.0,0.0
1510,2019-03-04 22:00:00,3,2019-03-04 23:00:00,0.10531,0.10531,0.10531,0.12,0.0,212.84293371098272,-0.0,0.0,0.0,212.84293371098272,212.84293371098272,0.0,0.0
1511,2019-03-04 23:00:00,3,2019-03-05 00:00:00,0.10531,0.10531,0.10531,0.12,0.0,193.89574320810945,-0.0,0.0,0.0,193.89574320810945,193.89574320810945,0.0,0.0
1512,2019-03-05 00:00:00,3,2019-03-05 01:00:00,0.10531,0.10531,0.10531,0.12,0.0,184.42178276098838,-0.0,0.0,0.0,184.42178276098838,184.42178276098838,0.0,0.0
1513,2019-03-05 01:00:00,3,2019-03-05 02:00:00,0.10531,0.10531,0.10531,0.12,0.0,184.42178279741873,-0.0,0.0,0.0,184.42178279741873,184.42178279741873,0.0,0.0
1514,2019-03-05 02:00:00,3,2019-03-05 03:00:00,0.10531,0.10531,0.10531,0.12,0.0,184.4217827780409,-0.0,0.0,0.0,184.4217827780409,184.4217827780409,0.0,0.0
1515,2019-03-05 03:00:00,3,2019-03-05 04:00:00,0.10531,0.10531,0.10531,0.12,0.0,184.42178269820417,-0.0,0.0,0.0,184.42178269820417,184.42178269820417,0.0,0.0
1516,2019-03-05 04:00:00,3,2019-03-05 05:00:00,0.10531,0.10531,0.10531,0.12,0.0,193.8953778457755,-0.0,0.0,0.0,193.8953778457755,193.8953778457755,0.0,0.0
1517,2019-03-05 05:00:00,3,2019-03-05 06:00:00,0.10531,0.10531,0.10531,0.12,0.0,212.84366327297974,-0.0,0.0,0.0,212.84366327297974,212.84366327297974,0.0,0.0
1518,2019-03-05 06:00:00,3,2019-03-05 07:00:00,0.10531,0.10531,0.10531,0.12,0.0,237.49232027868663,-0.0,0.0,0.0,237.49232027868663,237.49232027868663,0.0,0.0
1519,2019-03-05 07:00:00,3,2019-03-05 08:00:00,0.10531,0.10531,0.10531,0.12,0.0,229.95025196742026,-0.0,0.0,0.0,229.95025196742026,229.95025196742026,0.0,0.0
1520,2019-03-05 08:00:00,3,2019-03-05 09:00:00,0.10531,0.10531,0.10531,0.12,0.0,229.9502518240242,-0.0,0.0,0.0,229.9502518240242,229.9502518240242,0.0,1.0
1521,2019-03-05 09:00:00,3,2019-03-05 10:00:00,0.06431,0.06431,0.06431,0.12,0.0,201.52946596972467,-362.1074436045996,0.0,0.0,563.6369095743242,563.6369095743242,0.0,1.0
1522,2019-03-05 10:00:00,3,2019-03-05 11:00:00,0.06431,0.06431,0.06431,0.12,0.4164235601452896,163.63508497095415,-180.0475658471961,0.0,0.0,343.68265081815025,343.68265081815025,0.0,1.0
1523,2019-03-05 11:00:00,3,2019-03-05 12:00:00,0.06431,0.06431,0.06431,0.12,0.623478260869565,163.63581502747383,0.0,163.63581502747383,236.36418497252612,0.0,-236.36418497252612,1.0,0.0
1524,2019-03-05 12:00:00,3,2019-03-05 13:00:00,0.06431,0.06431,0.06431,0.12,0.08,163.6358151359898,-399.99999999999994,2.1393724114931076e-14,3.09022212370123e-14,563.6358151359897,563.6358151359897,0.0,1.0
1525,2019-03-05 13:00:00,3,2019-03-05 14:00:00,0.06431,0.06431,0.06431,0.12,0.54,163.6369095743243,-400.0,0.0,0.0,563.6369095743244,563.6369095743244,0.0,1.0
1526,2019-03-05 14:00:00,3,2019-03-05 15:00:00,0.10531,0.10531,0.10531,0.12,0.9999999999999999,163.63581511738707,-0.0,0.0,0.0,163.63581511738707,163.63581511738707,0.0,0.0
1527,2019-03-05 15:00:00,3,2019-03-05 16:00:00,0.10531,0.10531,0.10531,0.12,0.9999999999999999,163.63508496165278,-0.0,0.0,0.0,163.63508496165278,163.63508496165278,0.0,0.0
1528,2019-03-05 16:00:00,3,2019-03-05 17:00:00,0.13592,0.13592,0.13592,0.12,1.0,201.529465999179,-0.0,201.529465999179,0.0,0.0,0.0,1.0,0.0
1529,2019-03-05 17:00:00,3,2019-03-05 18:00:00,0.13592,0.13592,0.13592,0.12,0.7261827907619849,229.9502519054112,-0.0,229.95025190541116,0.0,0.0,0.0,0.0,0.0
1530,2019-03-05 18:00:00,3,2019-03-05 19:00:00,0.13592,0.13592,0.13592,0.12,0.41375038328180674,269.6841402626531,-0.0,269.68414026265305,0.0,0.0,0.0,0.0,0.0
1531,2019-03-05 19:00:00,3,2019-03-05 20:00:00,0.13592,0.13592,0.13592,0.12,0.047331714446680294,250.73694978535866,-0.0,34.836141832756695,0.0,215.90080795260195,215.90080795260195,0.0,0.0
1532,2019-03-05 20:00:00,3,2019-03-05 21:00:00,0.13592,0.13592,0.13592,0.12,0.0,250.73694981868852,-0.0,0.0,0.0,250.73694981868852,250.73694981868852,0.0,0.0
1533,2019-03-05 21:00:00,3,2019-03-05 22:00:00,0.10531,0.10531,0.10531,0.12,0.0,231.79085372314523,-0.0,0.0,0.0,231.79085372314523,231.79085372314523,0.0,0.0
1534,2019-03-05 22:00:00,3,2019-03-05 23:00:00,0.10531,0.10531,0.10531,0.12,0.0,212.84256861451283,-0.0,0.0,0.0,212.84256861451283,212.84256861451283,0.0,0.0
1535,2019-03-05 23:00:00,3,2019-03-06 00:00:00,0.10531,0.10531,0.10531,0.12,0.0,193.89537812559166,-0.0,1.9718474148620136e-14,0.0,193.89537812559163,193.89537812559163,0.0,1.0
1536,2019-03-06 00:00:00,3,2019-03-06 01:00:00,0.10531,0.10531,0.10531,0.12,0.0,223.05438712431814,0.0,0.0,0.0,223.05438712431814,223.05438712431814,0.0,0.0
1537,2019-03-06 01:00:00,3,2019-03-06 02:00:00,0.10531,0.10531,0.10531,0.12,0.0,223.05438714834665,-0.0,0.0,0.0,223.05438714834665,223.05438714834665,0.0,0.0
1538,2019-03-06 02:00:00,3,2019-03-06 03:00:00,0.10531,0.10531,0.10531,0.12,0.0,223.05438718012633,-0.0,0.0,0.0,223.05438718012633,223.05438718012633,0.0,0.0
1539,2019-03-06 03:00:00,3,2019-03-06 04:00:00,0.10531,0.10531,0.10531,0.12,0.0,223.05438712819367,-0.0,0.0,0.0,223.05438712819367,223.05438712819367,0.0,0.0
1540,2019-03-06 04:00:00,3,2019-03-06 05:00:00,0.10531,0.10531,0.10531,0.12,0.0,232.52798242536204,-0.0,0.0,0.0,232.52798242536204,232.52798242536204,0.0,0.0
1541,2019-03-06 05:00:00,3,2019-03-06 06:00:00,0.10531,0.10531,0.10531,0.12,0.0,270.7923876642724,-0.0,0.0,0.0,270.7923876642724,270.7923876642724,0.0,0.0
1542,2019-03-06 06:00:00,3,2019-03-06 07:00:00,0.10531,0.10531,0.10531,0.12,0.0,312.12859369987774,-278.06977834133124,0.0,0.0,590.198372041209,590.198372041209,0.0,1.0
1543,2019-03-06 07:00:00,3,2019-03-06 08:00:00,0.10531,0.10531,0.10531,0.12,0.31978024509253095,396.0874714168179,-399.99999999999994,0.0,0.0,796.0874714168178,796.0874714168178,0.0,1.0
1544,2019-03-06 08:00:00,3,2019-03-06 09:00:00,0.10531,0.10531,0.10531,0.12,0.7797802450925309,824.9000237858675,-146.71079684066956,0.0,0.0,971.610820626537,971.610820626537,0.0,1.0
1545,2019-03-06 09:00:00,3,2019-03-06 10:00:00,0.06431,0.06431,0.06431,0.12,0.9484976614593009,926.8261784172335,-44.78464220930357,0.0,0.0,971.610820626537,971.610820626537,0.0,1.0
1546,2019-03-06 10:00:00,3,2019-03-06 11:00:00,0.06431,0.06431,0.06431,0.12,1.0,987.7046111903013,-0.0,16.093790563764287,0.0,971.610820626537,971.610820626537,0.0,0.0
1547,2019-03-06 11:00:00,3,2019-03-06 12:00:00,0.06431,0.06431,0.06431,0.12,0.9781334367340159,1007.1376316465651,-0.0,35.52681102002805,0.0,971.610820626537,971.610820626537,0.0,0.0
1548,2019-03-06 12:00:00,3,2019-03-06 13:00:00,0.06431,0.06431,0.06431,0.12,0.9298633130654995,982.1724514595851,-0.0,10.56163083304807,0.0,971.610820626537,971.610820626537,0.0,0.0
1549,2019-03-06 13:00:00,3,2019-03-06 14:00:00,0.06431,0.06431,0.06431,0.12,0.9155132711727711,1044.7398720023464,-0.0,73.12905137580935,0.0,971.610820626537,971.610820626537,0.0,0.0
1550,2019-03-06 14:00:00,3,2019-03-06 15:00:00,0.10531,0.10531,0.10531,0.12,0.8161531470208563,1056.043568475754,-0.0,84.43274784921698,0.0,971.610820626537,971.610820626537,0.0,0.0
1551,2019-03-06 15:00:00,3,2019-03-06 16:00:00,0.10531,0.10531,0.10531,0.12,0.7014347396170288,1056.4766538046981,-0.0,84.8658331781611,0.0,971.610820626537,971.610820626537,0.0,0.0
1552,2019-03-06 16:00:00,3,2019-03-06 17:00:00,0.13592,0.13592,0.13592,0.12,0.5861279010597447,1076.4098317605474,-0.0,104.79901113401036,0.0,971.610820626537,971.610820626537,0.0,0.0
1553,2019-03-06 17:00:00,3,2019-03-06 18:00:00,0.13592,0.13592,0.13592,0.12,0.4437379402798393,964.3473831659286,-0.0,326.59112404596175,0.0,637.7562591199669,637.7562591199669,0.0,0.0
1554,2019-03-06 18:00:00,3,2019-03-06 19:00:00,0.13592,0.13592,0.13592,0.12,0.0,807.9958640574255,-0.0,0.0,0.0,807.9958640574255,807.9958640574255,0.0,1.0
1555,2019-03-06 19:00:00,3,2019-03-06 20:00:00,0.13592,0.13592,0.13592,0.12,0.0,764.2096902374807,-0.0,0.0,0.0,764.2096902374807,764.2096902374807,0.0,1.0
1556,2019-03-06 20:00:00,3,2019-03-06 21:00:00,0.13592,0.13592,0.13592,0.12,0.0,602.1991658983225,-0.0,0.0,0.0,602.1991658983225,602.1991658983225,0.0,1.0
1557,2019-03-06 21:00:00,3,2019-03-06 22:00:00,0.10531,0.10531,0.10531,0.12,0.0,515.8335198202554,-0.0,0.0,0.0,515.8335198202554,515.8335198202554,0.0,1.0
1558,2019-03-06 22:00:00,3,2019-03-06 23:00:00,0.10531,0.10531,0.10531,0.12,0.0,270.79129302595845,-0.0,0.0,0.0,270.79129302595845,270.79129302595845,0.0,0.0
1559,2019-03-06 23:00:00,3,2019-03-07 00:00:00,0.10531,0.10531,0.10531,0.12,0.0,232.52798254627982,-0.0,0.0,0.0,232.52798254627982,232.52798254627982,0.0,0.0
1560,2019-03-07 00:00:00,3,2019-03-07 01:00:00,0.10531,0.10531,0.10531,0.12,0.0,223.0543869003102,-69.56521739130434,0.0,0.0,292.61960429161456,292.61960429161456,0.0,1.0
1561,2019-03-07 01:00:00,3,2019-03-07 02:00:00,0.10531,0.10531,0.10531,0.12,0.08,223.05438680264587,-0.0,0.0,0.0,223.05438680264587,223.05438680264587,0.0,0.0
1562,2019-03-07 02:00:00,3,2019-03-07 03:00:00,0.10531,0.10531,0.10531,0.12,0.08,223.05438678016756,-0.0,0.0,0.0,223.05438678016756,223.05438678016756,0.0,0.0
1563,2019-03-07 03:00:00,3,2019-03-07 04:00:00,0.10531,0.10531,0.10531,0.12,0.08,223.05438681349747,-0.0,0.0,0.0,223.05438681349747,223.05438681349747,0.0,0.0
1564,2019-03-07 04:00:00,3,2019-03-07 05:00:00,0.10531,0.10531,0.10531,0.12,0.08,232.52798205718298,-0.0,0.0,0.0,232.52798205718298,232.52798205718298,0.0,0.0
1565,2019-03-07 05:00:00,3,2019-03-07 06:00:00,0.10531,0.10531,0.10531,0.12,0.08,270.79238692868927,-0.0,0.0,0.0,270.79238692868927,270.79238692868927,0.0,0.0
1566,2019-03-07 06:00:00,3,2019-03-07 07:00:00,0.10531,0.10531,0.10531,0.12,0.08,312.5629108088116,-400.0,0.0,0.0,712.5629108088116,712.5629108088116,0.0,1.0
1567,2019-03-07 07:00:00,3,2019-03-07 08:00:00,0.10531,0.10531,0.10531,0.12,0.54,388.0623882836478,-400.0,0.0,0.0,788.0623882836478,788.0623882836478,0.0,1.0
1568,2019-03-07 08:00:00,3,2019-03-07 09:00:00,0.10531,0.10531,0.10531,0.12,1.0,920.726554056017,0.0,0.0,0.0,920.726554056017,920.726554056017,0.0,0.0
1569,2019-03-07 09:00:00,3,2019-03-07 10:00:00,0.06431,0.06431,0.06431,0.12,1.0,1021.3361935186003,-0.0,49.72537289206332,0.0,971.610820626537,971.610820626537,0.0,0.0
1570,2019-03-07 10:00:00,3,2019-03-07 11:00:00,0.06431,0.06431,0.06431,0.12,0.932438352048827,1036.9505247069164,-0.0,65.33970408037942,0.0,971.610820626537,971.610820626537,0.0,0.0
1571,2019-03-07 11:00:00,3,2019-03-07 12:00:00,0.06431,0.06431,0.06431,0.12,0.8436615802004854,1048.4254656348517,-0.0,76.81464500831464,0.0,971.610820626537,971.610820626537,0.0,0.0
1572,2019-03-07 12:00:00,3,2019-03-07 13:00:00,0.06431,0.06431,0.06431,0.12,0.7392938560044058,1009.5180421125871,-0.0,37.90722148605005,0.0,971.610820626537,971.610820626537,0.0,0.0
1573,2019-03-07 13:00:00,3,2019-03-07 14:00:00,0.06431,0.06431,0.06431,0.12,0.6877894789853162,1051.0067948140406,-0.0,79.39597418750361,0.0,971.610820626537,971.610820626537,0.0,0.0
1574,2019-03-07 14:00:00,3,2019-03-07 15:00:00,0.10531,0.10531,0.10531,0.12,0.5799145140566427,1062.222597960984,-0.0,90.61177733444708,0.0,971.610820626537,971.610820626537,0.0,0.0
1575,2019-03-07 15:00:00,3,2019-03-07 16:00:00,0.10531,0.10531,0.10531,0.12,0.4568006861565788,1060.93401761776,-0.0,89.32319699122297,0.0,971.610820626537,971.610820626537,0.0,0.0
1576,2019-03-07 16:00:00,3,2019-03-07 17:00:00,0.13592,0.13592,0.13592,0.12,0.3354376467663302,1086.4645442892638,-0.0,114.8537236627268,0.0,971.610820626537,971.610820626537,0.0,0.0
1577,2019-03-07 17:00:00,3,2019-03-07 18:00:00,0.13592,0.13592,0.13592,0.12,0.1793863917897992,939.4151486987747,-0.0,132.02838435729223,0.0,807.3867643414825,807.3867643414825,0.0,0.0
1578,2019-03-07 18:00:00,3,2019-03-07 19:00:00,0.13592,0.13592,0.13592,0.12,0.0,659.1770490775026,-0.0,0.0,0.0,659.1770490775026,659.1770490775026,0.0,1.0
1579,2019-03-07 19:00:00,3,2019-03-07 20:00:00,0.13592,0.13592,0.13592,0.12,0.0,635.0952170271563,-0.0,0.0,0.0,635.0952170271563,635.0952170271563,0.0,1.0
1580,2019-03-07 20:00:00,3,2019-03-07 21:00:00,0.13592,0.13592,0.13592,0.12,0.0,468.44500839559555,-0.0,0.0,0.0,468.44500839559555,468.44500839559555,0.0,1.0
1581,2019-03-07 21:00:00,3,2019-03-07 22:00:00,0.10531,0.10531,0.10531,0.12,0.0,428.52659839756404,-0.0,0.0,0.0,428.52659839756404,428.52659839756404,0.0,0.0
1582,2019-03-07 22:00:00,3,2019-03-07 23:00:00,0.10531,0.10531,0.10531,0.12,0.0,270.7912925655408,-0.0,0.0,0.0,270.7912925655408,270.7912925655408,0.0,0.0
1583,2019-03-07 23:00:00,3,2019-03-08 00:00:00,0.10531,0.10531,0.10531,0.12,0.0,232.52798204090558,-0.0,0.0,0.0,232.52798204090558,232.52798204090558,0.0,0.0
1584,2019-03-08 00:00:00,3,2019-03-08 01:00:00,0.10531,0.10531,0.10531,0.12,0.0,223.0543864298161,0.0,0.0,0.0,223.0543864298161,223.0543864298161,0.0,0.0
1585,2019-03-08 01:00:00,3,2019-03-08 02:00:00,0.10531,0.10531,0.10531,0.12,0.0,223.0543863856346,-0.0,0.0,0.0,223.0543863856346,223.0543863856346,0.0,0.0
1586,2019-03-08 02:00:00,3,2019-03-08 03:00:00,0.10531,0.10531,0.10531,0.12,0.0,223.05438640191198,-0.0,0.0,0.0,223.05438640191198,223.05438640191198,0.0,0.0
1587,2019-03-08 03:00:00,3,2019-03-08 04:00:00,0.10531,0.10531,0.10531,0.12,0.0,223.05438646237084,-0.0,0.0,0.0,223.05438646237084,223.05438646237084,0.0,0.0
1588,2019-03-08 04:00:00,3,2019-03-08 05:00:00,0.10531,0.10531,0.10531,0.12,0.0,232.52798174946275,-0.0,0.0,0.0,232.52798174946275,232.52798174946275,0.0,0.0
1589,2019-03-08 05:00:00,3,2019-03-08 06:00:00,0.10531,0.10531,0.10531,0.12,0.0,270.7923863915354,-0.0,0.0,0.0,270.7923863915354,270.7923863915354,0.0,0.0
1590,2019-03-08 06:00:00,3,2019-03-08 07:00:00,0.10531,0.10531,0.10531,0.12,0.0,312.872820737752,-0.0,0.0,0.0,312.872820737752,312.872820737752,0.0,0.0
1591,2019-03-08 07:00:00,3,2019-03-08 08:00:00,0.10531,0.10531,0.10531,0.12,0.0,388.12225689304535,-295.1329810114388,0.0,0.0,683.2552379044841,683.2552379044841,0.0,1.0
1592,2019-03-08 08:00:00,3,2019-03-08 09:00:00,0.10531,0.10531,0.10531,0.12,0.33940292816315465,820.9186570794227,-150.69216354711432,0.0,0.0,971.610820626537,971.610820626537,0.0,1.0
1593,2019-03-08 09:00:00,3,2019-03-08 10:00:00,0.06431,0.06431,0.06431,0.12,0.5126989162423361,784.5062175913625,-187.10460303517448,0.0,0.0,971.610820626537,971.610820626537,0.0,1.0
1594,2019-03-08 10:00:00,3,2019-03-08 11:00:00,0.06431,0.06431,0.06431,0.12,0.7278692097327868,792.4314397550972,-179.17938087143978,0.0,0.0,971.610820626537,971.610820626537,0.0,1.0
1595,2019-03-08 11:00:00,3,2019-03-08 12:00:00,0.06431,0.06431,0.06431,0.12,0.9339254977349425,914.1547317004001,-57.456088926136886,0.0,0.0,971.610820626537,971.610820626537,0.0,1.0
1596,2019-03-08 12:00:00,3,2019-03-08 13:00:00,0.06431,0.06431,0.06431,0.12,1.0,980.3561766881814,-0.0,8.74535606164443,0.0,971.610820626537,971.610820626537,0.0,0.0
1597,2019-03-08 13:00:00,3,2019-03-08 14:00:00,0.06431,0.06431,0.06431,0.12,0.9881177227423309,1040.6286685260452,-0.0,69.01784789950818,0.0,971.610820626537,971.610820626537,0.0,0.0
1598,2019-03-08 14:00:00,3,2019-03-08 15:00:00,0.10531,0.10531,0.10531,0.12,0.8943434728788688,1042.3059550446842,-0.0,70.69513441814718,0.0,971.610820626537,971.610820626537,0.0,0.0
1599,2019-03-08 15:00:00,3,2019-03-08 16:00:00,0.10531,0.10531,0.10531,0.12,0.7982903011150819,1035.7053192796654,-0.0,64.09449865312843,0.0,971.610820626537,971.610820626537,0.0,0.0
1600,2019-03-08 16:00:00,3,2019-03-08 17:00:00,0.13592,0.13592,0.13592,0.12,0.7112053844668096,1020.6093042537987,-0.0,123.44716296757187,0.0,897.1621412862268,897.1621412862268,0.0,0.0
1601,2019-03-08 17:00:00,3,2019-03-08 18:00:00,0.13592,0.13592,0.13592,0.12,0.5434782608695652,789.4039566097448,-0.0,400.0,0.0,389.4039566097448,389.4039566097448,0.0,0.0
1602,2019-03-08 18:00:00,3,2019-03-08 19:00:00,0.13592,0.13592,0.13592,0.12,0.0,582.2542215089913,-0.0,0.0,0.0,582.2542215089913,582.2542215089913,0.0,1.0
1603,2019-03-08 19:00:00,3,2019-03-08 20:00:00,0.13592,0.13592,0.13592,0.12,0.0,563.3354020146164,-0.0,0.0,0.0,563.3354020146164,563.3354020146164,0.0,1.0
1604,2019-03-08 20:00:00,3,2019-03-08 21:00:00,0.13592,0.13592,0.13592,0.12,0.0,447.48554263290293,-0.0,0.0,0.0,447.48554263290293,447.48554263290293,0.0,1.0
1605,2019-03-08 21:00:00,3,2019-03-08 22:00:00,0.10531,0.10531,0.10531,0.12,0.0,428.55462164423955,-0.0,0.0,0.0,428.55462164423955,428.55462164423955,0.0,1.0
1606,2019-03-08 22:00:00,3,2019-03-08 23:00:00,0.10531,0.10531,0.10531,0.12,0.0,270.7912923299062,-0.0,0.0,0.0,270.7912923299062,270.7912923299062,0.0,0.0
1607,2019-03-08 23:00:00,3,2019-03-09 00:00:00,0.10531,0.10531,0.10531,0.12,0.0,232.52798183084968,-0.0,0.0,0.0,232.52798183084968,232.52798183084968,0.0,0.0
1608,2019-03-09 00:00:00,3,2019-03-09 01:00:00,0.10531,0.10531,0.10531,0.12,0.0,223.0543861856552,-0.0,0.0,0.0,223.0543861856552,223.0543861856552,0.0,0.0
1609,2019-03-09 01:00:00,3,2019-03-09 02:00:00,0.10531,0.10531,0.10531,0.12,0.0,223.05438608023974,-0.0,0.0,0.0,223.05438608023974,223.05438608023974,0.0,0.0
1610,2019-03-09 02:00:00,3,2019-03-09 03:00:00,0.10531,0.10531,0.10531,0.12,0.0,223.05438603683336,-0.0,0.0,0.0,223.05438603683336,223.05438603683336,0.0,0.0
1611,2019-03-09 03:00:00,3,2019-03-09 04:00:00,0.10531,0.10531,0.10531,0.12,0.0,223.0543860515605,-0.0,0.0,0.0,223.0543860515605,223.0543860515605,0.0,0.0
1612,2019-03-09 04:00:00,3,2019-03-09 05:00:00,0.10531,0.10531,0.10531,0.12,0.0,232.52798135027908,-0.0,0.0,0.0,232.52798135027908,232.52798135027908,0.0,0.0
1613,2019-03-09 05:00:00,3,2019-03-09 06:00:00,0.10531,0.10531,0.10531,0.12,0.0,270.7923856613781,-0.0,0.0,0.0,270.7923856613781,270.7923856613781,0.0,0.0
1614,2019-03-09 06:00:00,3,2019-03-09 07:00:00,0.10531,0.10531,0.10531,0.12,0.0,312.8572826179085,-130.62566776424893,0.0,0.0,443.4829503821574,443.4829503821574,0.0,1.0
1615,2019-03-09 07:00:00,3,2019-03-09 08:00:00,0.10531,0.10531,0.10531,0.12,0.1502195179288863,388.1345085090668,-400.0,0.0,0.0,788.1345085090668,788.1345085090668,0.0,1.0
1616,2019-03-09 08:00:00,3,2019-03-09 09:00:00,0.10531,0.10531,0.10531,0.12,0.6102195179288863,813.0031054148573,0.0,0.0,0.0,813.0031054148573,813.0031054148573,0.0,0.0
1617,2019-03-09 09:00:00,3,2019-03-09 10:00:00,0.06431,0.06431,0.06431,0.12,0.6102195179288863,842.5575834259101,-129.05323720062688,0.0,0.0,971.610820626537,971.610820626537,0.0,1.0
1618,2019-03-09 10:00:00,3,2019-03-09 11:00:00,0.06431,0.06431,0.06431,0.12,0.7586307407096072,856.7629300481018,-114.84789057843523,0.0,0.0,971.610820626537,971.610820626537,0.0,1.0
1619,2019-03-09 11:00:00,3,2019-03-09 12:00:00,0.06431,0.06431,0.06431,0.12,0.8907058148748078,923.0752591549622,-48.53556147157485,0.0,0.0,971.610820626537,971.610820626537,0.0,1.0
1620,2019-03-09 12:00:00,3,2019-03-09 13:00:00,0.06431,0.06431,0.06431,0.12,0.946521710567119,925.1079602501187,-46.50286037641831,0.0,0.0,971.610820626537,971.610820626537,0.0,1.0
1621,2019-03-09 13:00:00,3,2019-03-09 14:00:00,0.06431,0.06431,0.06431,0.12,1.0,999.2019822942283,-0.0,27.591161667691267,0.0,971.610820626537,971.610820626537,0.0,0.0
1622,2019-03-09 14:00:00,3,2019-03-09 15:00:00,0.10531,0.10531,0.10531,0.12,0.9625120086036805,1026.599768496499,-0.0,54.98894786996209,0.0,971.610820626537,971.610820626537,0.0,0.0
1623,2019-03-09 15:00:00,3,2019-03-09 16:00:00,0.10531,0.10531,0.10531,0.12,0.887798764215145,931.5595105320024,-40.05131009453464,0.0,0.0,971.610820626537,971.610820626537,0.0,1.0
1624,2019-03-09 16:00:00,3,2019-03-09 17:00:00,0.13592,0.13592,0.13592,0.12,0.9338577708238599,873.4716935250606,-0.0,0.0,0.0,873.4716935250606,873.4716935250606,0.0,1.0
1625,2019-03-09 17:00:00,3,2019-03-09 18:00:00,0.13592,0.13592,0.13592,0.12,0.9338577708238599,742.947499905867,-0.0,0.0,0.0,742.947499905867,742.947499905867,0.0,0.0
1626,2019-03-09 18:00:00,3,2019-03-09 19:00:00,0.13592,0.13592,0.13592,0.12,0.9338577708238599,582.2657669420009,-0.0,287.3193193263609,0.0,294.94644761564,294.94644761564,0.0,0.0
1627,2019-03-09 19:00:00,3,2019-03-09 20:00:00,0.13592,0.13592,0.13592,0.12,0.5434782608695652,563.344866137387,-0.0,0.0,0.0,563.344866137387,563.344866137387,0.0,1.0
1628,2019-03-09 20:00:00,3,2019-03-09 21:00:00,0.13592,0.13592,0.13592,0.12,0.5434782608695652,447.48755694229726,-0.0,400.0,0.0,47.48755694229726,47.48755694229726,0.0,0.0
1629,2019-03-09 21:00:00,3,2019-03-09 22:00:00,0.10531,0.10531,0.10531,0.12,0.0,428.5535007729711,-0.0,0.0,0.0,428.5535007729711,428.5535007729711,0.0,0.0
1630,2019-03-09 22:00:00,3,2019-03-09 23:00:00,0.10531,0.10531,0.10531,0.12,0.0,270.7912917632979,-0.0,0.0,0.0,270.7912917632979,270.7912917632979,0.0,0.0
1631,2019-03-09 23:00:00,3,2019-03-10 00:00:00,0.10531,0.10531,0.10531,0.12,0.0,232.52798132082475,-0.0,0.0,0.0,232.52798132082475,232.52798132082475,0.0,0.0
1632,2019-03-10 00:00:00,3,2019-03-10 01:00:00,0.10531,0.10531,0.10531,0.12,0.0,223.05438559036773,-0.0,0.0,0.0,223.05438559036773,223.05438559036773,0.0,0.0
1633,2019-03-10 01:00:00,3,2019-03-10 02:00:00,0.10531,0.10531,0.10531,0.12,0.0,223.05438559889402,-0.0,0.0,0.0,223.05438559889402,223.05438559889402,0.0,0.0
1634,2019-03-10 02:00:00,3,2019-03-10 03:00:00,0.10531,0.10531,0.10531,0.12,0.0,223.05438565160173,-0.0,0.0,0.0,223.05438565160173,223.05438565160173,0.0,0.0
1635,2019-03-10 03:00:00,3,2019-03-10 04:00:00,0.10531,0.10531,0.10531,0.12,0.0,223.05438564307548,-0.0,0.0,0.0,223.05438564307548,223.05438564307548,0.0,0.0
1636,2019-03-10 04:00:00,3,2019-03-10 05:00:00,0.10531,0.10531,0.10531,0.12,0.0,232.52798090613885,-0.0,0.0,0.0,232.52798090613885,232.52798090613885,0.0,0.0
1637,2019-03-10 05:00:00,3,2019-03-10 06:00:00,0.10531,0.10531,0.10531,0.12,0.0,270.79238537071035,-59.55952919763889,0.0,0.0,330.35191456834923,330.35191456834923,0.0,1.0
1638,2019-03-10 06:00:00,3,2019-03-10 07:00:00,0.10531,0.10531,0.10531,0.12,0.06849345857728473,312.7555271197535,-0.0,0.0,0.0,312.7555271197535,312.7555271197535,0.0,0.0
1639,2019-03-10 07:00:00,3,2019-03-10 08:00:00,0.10531,0.10531,0.10531,0.12,0.06849345857728473,388.12931836506135,-400.00000000000006,0.0,0.0,788.1293183650614,788.1293183650614,0.0,1.0
1640,2019-03-10 08:00:00,3,2019-03-10 09:00:00,0.10531,0.10531,0.10531,0.12,0.5284934585772848,830.2710963172458,-141.33972430929123,0.0,0.0,971.610820626537,971.610820626537,0.0,1.0
1641,2019-03-10 09:00:00,3,2019-03-10 10:00:00,0.06431,0.06431,0.06431,0.12,0.6910341415329697,880.2898235890035,-91.32099703753352,0.0,0.0,971.610820626537,971.610820626537,0.0,1.0
1642,2019-03-10 10:00:00,3,2019-03-10 11:00:00,0.06431,0.06431,0.06431,0.12,0.7960532881261332,885.4982644136045,-86.11255621293253,0.0,0.0,971.610820626537,971.610820626537,0.0,1.0
1643,2019-03-10 11:00:00,3,2019-03-10 12:00:00,0.06431,0.06431,0.06431,0.12,0.8950827277710056,948.9461855400488,-22.66463508648826,0.0,0.0,971.610820626537,971.610820626537,0.0,1.0
1644,2019-03-10 12:00:00,3,2019-03-10 13:00:00,0.06431,0.06431,0.06431,0.12,0.921147058120467,952.2564235355289,-19.35439709100808,0.0,0.0,971.610820626537,971.610820626537,0.0,1.0
1645,2019-03-10 13:00:00,3,2019-03-10 14:00:00,0.06431,0.06431,0.06431,0.12,0.9434046147751264,950.2957074223696,-21.31511320416746,0.0,0.0,971.610820626537,971.610820626537,0.0,1.0
1646,2019-03-10 14:00:00,3,2019-03-10 15:00:00,0.10531,0.10531,0.10531,0.12,0.9679169949599191,943.7125553742926,-0.0,0.0,0.0,943.7125553742926,943.7125553742926,0.0,1.0
1647,2019-03-10 15:00:00,3,2019-03-10 16:00:00,0.10531,0.10531,0.10531,0.12,0.9679169949599191,917.1718328617924,-27.89826525224429,0.0,0.0,945.0700981140367,945.0700981140367,0.0,1.0
1648,2019-03-10 16:00:00,3,2019-03-10 17:00:00,0.13592,0.13592,0.13592,0.12,1.0,907.2143771205953,-0.0,400.0,0.0,507.21437712059526,507.21437712059526,0.0,0.0
1649,2019-03-10 17:00:00,3,2019-03-10 18:00:00,0.13592,0.13592,0.13592,0.12,0.4565217391304348,783.496552594865,-0.0,336.00000000000006,0.0,447.4965525948649,447.4965525948649,0.0,0.0
1650,2019-03-10 18:00:00,3,2019-03-10 19:00:00,0.13592,0.13592,0.13592,0.12,0.0,620.3091390003074,-0.0,0.0,0.0,620.3091390003074,620.3091390003074,0.0,0.0
1651,2019-03-10 19:00:00,3,2019-03-10 20:00:00,0.13592,0.13592,0.13592,0.12,0.0,563.3930789732124,-0.0,0.0,0.0,563.3930789732124,563.3930789732124,0.0,0.0
1652,2019-03-10 20:00:00,3,2019-03-10 21:00:00,0.13592,0.13592,0.13592,0.12,0.0,447.5297589598076,-0.0,0.0,0.0,447.5297589598076,447.5297589598076,0.0,0.0
1653,2019-03-10 21:00:00,3,2019-03-10 22:00:00,0.10531,0.10531,0.10531,0.12,0.0,428.59814297380086,0.0,0.0,0.0,428.59814297380086,428.59814297380086,0.0,0.0
1654,2019-03-10 22:00:00,3,2019-03-10 23:00:00,0.10531,0.10531,0.10531,0.12,0.0,270.7912913695401,-0.0,0.0,0.0,270.7912913695401,270.7912913695401,0.0,0.0
1655,2019-03-10 23:00:00,3,2019-03-11 00:00:00,0.10531,0.10531,0.10531,0.12,0.0,232.52798094644476,-0.0,0.0,0.0,232.52798094644476,232.52798094644476,0.0,0.0
1656,2019-03-11 00:00:00,3,2019-03-11 01:00:00,0.10531,0.10531,0.10531,0.12,0.0,184.42214538562007,-0.0,0.0,0.0,184.42214538562007,184.42214538562007,0.0,1.0
1657,2019-03-11 01:00:00,3,2019-03-11 02:00:00,0.10531,0.10531,0.10531,0.12,0.0,184.42214541197393,-0.0,0.0,0.0,184.42214541197393,184.42214541197393,0.0,1.0
1658,2019-03-11 02:00:00,3,2019-03-11 03:00:00,0.10531,0.10531,0.10531,0.12,0.0,184.42214544607896,-0.0,0.0,0.0,184.42214544607896,184.42214544607896,0.0,1.0
1659,2019-03-11 03:00:00,3,2019-03-11 04:00:00,0.10531,0.10531,0.10531,0.12,0.0,184.42214543135177,-0.0,0.0,0.0,184.42214543135177,184.42214543135177,0.0,1.0
1660,2019-03-11 04:00:00,3,2019-03-11 05:00:00,0.10531,0.10531,0.10531,0.12,0.0,193.89574070216622,-0.0,0.0,0.0,193.89574070216622,193.89574070216622,0.0,1.0
1661,2019-03-11 05:00:00,3,2019-03-11 06:00:00,0.10531,0.10531,0.10531,0.12,0.0,212.8440243528094,-0.0,0.0,0.0,212.8440243528094,212.8440243528094,0.0,0.0
1662,2019-03-11 06:00:00,3,2019-03-11 07:00:00,0.10531,0.10531,0.10531,0.12,0.0,312.0734784461818,-0.0,0.0,0.0,312.0734784461818,312.0734784461818,0.0,0.0
1663,2019-03-11 07:00:00,3,2019-03-11 08:00:00,0.10531,0.10531,0.10531,0.12,0.0,318.84980378111413,-0.0,0.0,0.0,318.84980378111413,318.84980378111413,0.0,0.0
1664,2019-03-11 08:00:00,3,2019-03-11 09:00:00,0.10531,0.10531,0.10531,0.12,0.0,584.2574052742916,-0.0,0.0,0.0,584.2574052742916,584.2574052742916,0.0,1.0
1665,2019-03-11 09:00:00,3,2019-03-11 10:00:00,0.06431,0.06431,0.06431,0.12,0.0,595.5628187877397,-234.97613137618652,0.0,0.0,830.5389501639263,830.5389501639263,0.0,1.0
1666,2019-03-11 10:00:00,3,2019-03-11 11:00:00,0.06431,0.06431,0.06431,0.12,0.2702225510826145,570.8910492229011,-259.64790094102517,0.0,0.0,830.5389501639263,830.5389501639263,0.0,1.0
1667,2019-03-11 11:00:00,3,2019-03-11 12:00:00,0.06431,0.06431,0.06431,0.12,0.5688176371647935,669.43700155607,-161.10194860785623,0.0,0.0,830.5389501639262,830.5389501639262,0.0,1.0
1668,2019-03-11 12:00:00,3,2019-03-11 13:00:00,0.06431,0.06431,0.06431,0.12,0.7540848780638282,721.7319303850567,-108.80701977886987,1.0422935382103099e-13,0.0,830.5389501639263,830.5389501639263,0.0,1.0
1669,2019-03-11 13:00:00,3,2019-03-11 14:00:00,0.06431,0.06431,0.06431,0.12,0.8792129508095284,725.5067334765598,-105.0322166873665,-5.2114676910515496e-14,0.0,830.5389501639263,830.5389501639263,0.0,1.0
1670,2019-03-11 14:00:00,3,2019-03-11 15:00:00,0.10531,0.10531,0.10531,0.12,1.0,529.5622246860095,-0.0,0.0,0.0,529.5622246860095,529.5622246860095,0.0,1.0
1671,2019-03-11 15:00:00,3,2019-03-11 16:00:00,0.10531,0.10531,0.10531,0.12,1.0,528.5355327061045,-0.0,0.0,0.0,528.5355327061044,528.5355327061044,0.0,1.0
1672,2019-03-11 16:00:00,3,2019-03-11 17:00:00,0.13592,0.13592,0.13592,0.12,1.0,558.7894192537725,-0.0,400.0,0.0,158.7894192537725,158.7894192537725,0.0,0.0
1673,2019-03-11 17:00:00,3,2019-03-11 18:00:00,0.13592,0.13592,0.13592,0.12,0.4565217391304348,464.81245214340225,-0.0,336.00000000000006,0.0,128.8124521434022,128.8124521434022,0.0,0.0
1674,2019-03-11 18:00:00,3,2019-03-11 19:00:00,0.13592,0.13592,0.13592,0.12,0.0,269.6852317206747,-0.0,0.0,0.0,269.6852317206747,269.6852317206747,0.0,0.0
1675,2019-03-11 19:00:00,3,2019-03-11 20:00:00,0.13592,0.13592,0.13592,0.12,0.0,250.7380414270822,-0.0,0.0,0.0,250.7380414270822,250.7380414270822,0.0,0.0
1676,2019-03-11 20:00:00,3,2019-03-11 21:00:00,0.13592,0.13592,0.13592,0.12,0.0,250.7380414363836,-0.0,0.0,0.0,250.7380414363836,250.7380414363836,0.0,0.0
1677,2019-03-11 21:00:00,3,2019-03-11 22:00:00,0.10531,0.10531,0.10531,0.12,0.0,231.79157973744594,-0.0,0.0,0.0,231.79157973744594,231.79157973744594,0.0,0.0
1678,2019-03-11 22:00:00,3,2019-03-11 23:00:00,0.10531,0.10531,0.10531,0.12,0.0,212.84293136626317,-0.0,0.0,0.0,212.84293136626317,212.84293136626317,0.0,0.0
1679,2019-03-11 23:00:00,3,2019-03-12 00:00:00,0.10531,0.10531,0.10531,0.12,0.0,193.8957407052667,-0.0,0.0,0.0,193.8957407052667,193.8957407052667,0.0,1.0
1680,2019-03-12 00:00:00,3,2019-03-12 01:00:00,0.10531,0.10531,0.10531,0.12,0.0,184.4217805418373,-0.0,-3.648546141868914e-14,-2.649566884831101e-14,184.42178054183734,184.42178054183736,0.0,1.0
1681,2019-03-12 01:00:00,3,2019-03-12 02:00:00,0.10531,0.10531,0.10531,0.12,0.0,184.42178043797205,-0.0,0.0,0.0,184.42178043797205,184.42178043797205,0.0,0.0
1682,2019-03-12 02:00:00,3,2019-03-12 03:00:00,0.10531,0.10531,0.10531,0.12,0.0,184.4217804790531,-0.0,0.0,0.0,184.4217804790531,184.4217804790531,0.0,0.0
1683,2019-03-12 03:00:00,3,2019-03-12 04:00:00,0.10531,0.10531,0.10531,0.12,0.0,193.89537589713922,-0.0,-2.096011113961186e-14,-1.1857682774827065e-14,193.89537589713925,193.89537589713925,0.0,1.0
1684,2019-03-12 04:00:00,3,2019-03-12 05:00:00,0.10531,0.10531,0.10531,0.12,0.0,212.84365987720577,-0.0,0.0,0.0,212.84365987720577,212.84365987720577,0.0,0.0
1685,2019-03-12 05:00:00,3,2019-03-12 06:00:00,0.10531,0.10531,0.10531,0.12,0.0,250.7369474979975,-0.0,0.0,0.0,250.7369474979975,250.7369474979975,0.0,0.0
1686,2019-03-12 06:00:00,3,2019-03-12 07:00:00,0.10531,0.10531,0.10531,0.12,0.0,249.81719396487077,-0.0,0.0,0.0,249.81719396487077,249.81719396487077,0.0,0.0
1687,2019-03-12 07:00:00,3,2019-03-12 08:00:00,0.10531,0.10531,0.10531,0.12,0.0,234.68326051632172,-0.0,0.0,0.0,234.68326051632172,234.68326051632172,0.0,0.0
1688,2019-03-12 08:00:00,3,2019-03-12 09:00:00,0.10531,0.10531,0.10531,0.12,0.0,336.3248474549928,-0.0,0.0,0.0,336.3248474549928,336.3248474549928,0.0,0.0
1689,2019-03-12 09:00:00,3,2019-03-12 10:00:00,0.06431,0.06431,0.06431,0.12,0.0,405.37039626755677,-183.93919375571392,-2.842170943040401e-14,0.0,589.3095900232706,589.3095900232706,0.0,1.0
1690,2019-03-12 10:00:00,3,2019-03-12 11:00:00,0.06431,0.06431,0.06431,0.12,0.21153007281907105,389.96466377352846,-199.34492624974223,0.0,0.0,589.3095900232706,589.3095900232706,0.0,1.0
1691,2019-03-12 11:00:00,3,2019-03-12 12:00:00,0.06431,0.06431,0.06431,0.12,0.4407767380062746,425.63656175694206,-163.6730282663286,0.0,0.0,589.3095900232706,589.3095900232706,0.0,1.0
1692,2019-03-12 12:00:00,3,2019-03-12 13:00:00,0.06431,0.06431,0.06431,0.12,0.6290007205125525,410.5612123990519,-322.6080691195195,-5.2295945351943376e-14,0.0,733.1692815185714,733.1692815185714,0.0,1.0
1693,2019-03-12 13:00:00,3,2019-03-12 14:00:00,0.06431,0.06431,0.06431,0.12,1.0,445.44989852797,-0.0,0.0,0.0,445.44989852797,445.44989852797,0.0,1.0
1694,2019-03-12 14:00:00,3,2019-03-12 15:00:00,0.10531,0.10531,0.10531,0.12,1.0,423.00471025598716,-0.0,-1.1368683772161603e-13,0.0,423.0047102559873,423.0047102559873,0.0,1.0
1695,2019-03-12 15:00:00,3,2019-03-12 16:00:00,0.10531,0.10531,0.10531,0.12,1.0000000000000002,488.77431328044105,-0.0,0.0,0.0,488.77431328044105,488.77431328044105,0.0,1.0
1696,2019-03-12 16:00:00,3,2019-03-12 17:00:00,0.13592,0.13592,0.13592,0.12,1.0,492.51430256640896,-0.0,335.99999999999994,0.0,156.51430256640901,156.51430256640901,0.0,0.0
1697,2019-03-12 17:00:00,3,2019-03-12 18:00:00,0.13592,0.13592,0.13592,0.12,0.5434782608695652,512.3078413459009,-0.0,399.99999999999994,0.0,112.30784134590095,112.30784134590095,0.0,0.0
1698,2019-03-12 18:00:00,3,2019-03-12 19:00:00,0.13592,0.13592,0.13592,0.12,0.0,300.1338566171079,-0.0,4.263256414560601e-14,0.0,300.1338566171078,300.1338566171078,0.0,0.0
1699,2019-03-12 19:00:00,3,2019-03-12 20:00:00,0.13592,0.13592,0.13592,0.12,0.0,250.7369474677681,-0.0,0.0,0.0,250.7369474677681,250.7369474677681,0.0,0.0
1700,2019-03-12 20:00:00,3,2019-03-12 21:00:00,0.13592,0.13592,0.13592,0.12,0.0,231.79085018009965,-0.0,0.0,0.0,231.79085018009965,231.79085018009965,0.0,0.0
1701,2019-03-12 21:00:00,3,2019-03-12 22:00:00,0.10531,0.10531,0.10531,0.12,0.0,212.84256645039486,-0.0,0.0,0.0,212.84256645039486,212.84256645039486,0.0,0.0
1702,2019-03-12 22:00:00,3,2019-03-12 23:00:00,0.10531,0.10531,0.10531,0.12,0.0,193.89537582117802,-0.0,0.0,0.0,193.89537582117802,193.89537582117802,0.0,0.0
1703,2019-03-12 23:00:00,3,2019-03-13 00:00:00,0.10531,0.10531,0.10531,0.12,0.0,184.42178040696749,-0.0,0.0,0.0,184.42178040696749,184.42178040696749,0.0,0.0
1704,2019-03-13 00:00:00,3,2019-03-13 01:00:00,0.10531,0.10531,0.10531,0.12,0.0,223.0543843439846,0.0,0.0,0.0,223.0543843439846,223.0543843439846,0.0,0.0
1705,2019-03-13 01:00:00,3,2019-03-13 02:00:00,0.10531,0.10531,0.10531,0.12,0.0,223.05438436878825,-0.0,0.0,0.0,223.05438436878825,223.05438436878825,0.0,0.0
1706,2019-03-13 02:00:00,3,2019-03-13 03:00:00,0.10531,0.10531,0.10531,0.12,0.0,223.05438442924716,-0.0,0.0,0.0,223.05438442924716,223.05438442924716,0.0,0.0
1707,2019-03-13 03:00:00,3,2019-03-13 04:00:00,0.10531,0.10531,0.10531,0.12,0.0,232.5279796558801,-0.0,0.0,0.0,232.5279796558801,232.5279796558801,0.0,0.0
1708,2019-03-13 04:00:00,3,2019-03-13 05:00:00,0.10531,0.10531,0.10531,0.12,0.0,270.7923828655423,-0.0,0.0,0.0,270.7923828655423,270.7923828655423,0.0,0.0
1709,2019-03-13 05:00:00,3,2019-03-13 06:00:00,0.10531,0.10531,0.10531,0.12,0.0,331.70912394822983,-354.8275730209679,0.0,0.0,686.5366969691977,686.5366969691977,0.0,1.0
1710,2019-03-13 06:00:00,3,2019-03-13 07:00:00,0.10531,0.10531,0.10531,0.12,0.40805170897411314,409.36204960887665,-400.0,0.0,0.0,809.3620496088766,809.3620496088766,0.0,1.0
1711,2019-03-13 07:00:00,3,2019-03-13 08:00:00,0.10531,0.10531,0.10531,0.12,0.8680517089741131,856.8731762562006,-114.7376443703364,0.0,0.0,971.610820626537,971.610820626537,0.0,1.0
1712,2019-03-13 08:00:00,3,2019-03-13 09:00:00,0.10531,0.10531,0.10531,0.12,1.0,1003.6743332754054,-0.0,32.06351264886837,0.0,971.610820626537,971.610820626537,0.0,0.0
1713,2019-03-13 09:00:00,3,2019-03-13 10:00:00,0.06431,0.06431,0.06431,0.12,0.9564354447705593,1026.3116583690023,-0.0,54.700837742465296,0.0,971.610820626537,971.610820626537,0.0,0.0
1714,2019-03-13 10:00:00,3,2019-03-13 11:00:00,0.06431,0.06431,0.06431,0.12,0.8821136543596011,1031.491169524869,-0.0,59.880348898332045,0.0,971.610820626537,971.610820626537,0.0,0.0
1715,2019-03-13 11:00:00,3,2019-03-13 12:00:00,0.06431,0.06431,0.06431,0.12,0.8007544846607803,1002.7991109925312,-0.0,31.188290365994135,0.0,971.610820626537,971.610820626537,0.0,0.0
1716,2019-03-13 12:00:00,3,2019-03-13 13:00:00,0.06431,0.06431,0.06431,0.12,0.7583790901417666,1051.3968838934004,-0.0,79.78606326686338,0.0,971.610820626537,971.610820626537,0.0,0.0
1717,2019-03-13 13:00:00,3,2019-03-13 14:00:00,0.06431,0.06431,0.06431,0.12,0.6499741128770066,1063.4512585822506,-0.0,91.84043795571358,0.0,971.610820626537,971.610820626537,0.0,0.0
1718,2019-03-13 14:00:00,3,2019-03-13 15:00:00,0.10531,0.10531,0.10531,0.12,0.5251909091328305,1076.7477156869772,-0.0,105.13689506044022,0.0,971.610820626537,971.610820626537,0.0,0.0
1719,2019-03-13 15:00:00,3,2019-03-13 16:00:00,0.10531,0.10531,0.10531,0.12,0.38234186693114547,1120.7657405932123,-0.0,149.15491996667527,0.0,971.610820626537,971.610820626537,0.0,0.0
1720,2019-03-13 16:00:00,3,2019-03-13 17:00:00,0.13592,0.13592,0.13592,0.12,0.1796857256720758,1018.6289300742133,-0.0,132.2486940946478,0.0,886.3802359795654,886.3802359795654,0.0,0.0
1721,2019-03-13 17:00:00,3,2019-03-13 18:00:00,0.13592,0.13592,0.13592,0.12,0.0,839.5003121809414,-0.0,0.0,0.0,839.5003121809414,839.5003121809414,0.0,1.0
1722,2019-03-13 18:00:00,3,2019-03-13 19:00:00,0.13592,0.13592,0.13592,0.12,0.0,836.7849262793441,-0.0,0.0,0.0,836.7849262793441,836.7849262793441,0.0,1.0
1723,2019-03-13 19:00:00,3,2019-03-13 20:00:00,0.13592,0.13592,0.13592,0.12,0.0,708.5100138027466,-0.0,0.0,0.0,708.5100138027466,708.5100138027466,0.0,0.0
1724,2019-03-13 20:00:00,3,2019-03-13 21:00:00,0.13592,0.13592,0.13592,0.12,0.0,674.4852300981127,-0.0,0.0,0.0,674.4852300981127,674.4852300981127,0.0,0.0
1725,2019-03-13 21:00:00,3,2019-03-13 22:00:00,0.10531,0.10531,0.10531,0.12,0.0,270.7912902099697,-0.0,0.0,0.0,270.7912902099697,270.7912902099697,0.0,0.0
1726,2019-03-13 22:00:00,3,2019-03-13 23:00:00,0.10531,0.10531,0.10531,0.12,0.0,232.52797976827162,-0.0,0.0,0.0,232.52797976827162,232.52797976827162,0.0,0.0
1727,2019-03-13 23:00:00,3,2019-03-14 00:00:00,0.10531,0.10531,0.10531,0.12,0.0,223.05438445715126,-0.0,0.0,0.0,223.05438445715126,223.05438445715126,0.0,0.0
1728,2019-03-14 00:00:00,3,2019-03-14 01:00:00,0.10531,0.10531,0.10531,0.12,0.0,223.05438394945165,-0.0,0.0,0.0,223.05438394945165,223.05438394945165,0.0,0.0
1729,2019-03-14 01:00:00,3,2019-03-14 02:00:00,0.10531,0.10531,0.10531,0.12,0.0,223.05438394480095,-0.0,0.0,0.0,223.05438394480095,223.05438394480095,0.0,0.0
1730,2019-03-14 02:00:00,3,2019-03-14 03:00:00,0.10531,0.10531,0.10531,0.12,0.0,223.0543839820064,-0.0,0.0,0.0,223.0543839820064,223.0543839820064,0.0,0.0
1731,2019-03-14 03:00:00,3,2019-03-14 04:00:00,0.10531,0.10531,0.10531,0.12,0.0,232.52797923886885,-0.0,0.0,0.0,232.52797923886885,232.52797923886885,0.0,0.0
1732,2019-03-14 04:00:00,3,2019-03-14 05:00:00,0.10531,0.10531,0.10531,0.12,0.0,270.7923823702445,-0.0,0.0,0.0,270.7923823702445,270.7923823702445,0.0,0.0
1733,2019-03-14 05:00:00,3,2019-03-14 06:00:00,0.10531,0.10531,0.10531,0.12,0.0,332.4223447182732,-400.00000000000006,0.0,0.0,732.4223447182733,732.4223447182733,0.0,1.0
1734,2019-03-14 06:00:00,3,2019-03-14 07:00:00,0.10531,0.10531,0.10531,0.12,0.4600000000000001,401.3880727768034,-287.5285375563585,0.0,0.0,688.916610333162,688.916610333162,0.0,1.0
1735,2019-03-14 07:00:00,3,2019-03-14 08:00:00,0.10531,0.10531,0.10531,0.12,0.7906578181898124,812.9696211303979,-158.64119949613917,0.0,0.0,971.610820626537,971.610820626537,0.0,1.0
1736,2019-03-14 08:00:00,3,2019-03-14 09:00:00,0.10531,0.10531,0.10531,0.12,0.9730951976103723,847.6386422198378,-0.0,0.0,0.0,847.6386422198378,847.6386422198378,0.0,0.0
1737,2019-03-14 09:00:00,3,2019-03-14 10:00:00,0.06431,0.06431,0.06431,0.12,0.9730951976103723,948.2153402877304,-23.39548033880658,0.0,0.0,971.610820626537,971.610820626537,0.0,1.0
1738,2019-03-14 10:00:00,3,2019-03-14 11:00:00,0.06431,0.06431,0.06431,0.12,1.0,1027.7826153911997,-0.0,56.17179476466265,0.0,971.610820626537,971.610820626537,0.0,0.0
1739,2019-03-14 11:00:00,3,2019-03-14 12:00:00,0.06431,0.06431,0.06431,0.12,0.9236796266784475,1000.4761645326402,-0.0,28.865343906103135,0.0,971.610820626537,971.610820626537,0.0,0.0
1740,2019-03-14 12:00:00,3,2019-03-14 13:00:00,0.06431,0.06431,0.06431,0.12,0.8844604094147205,1048.1616945640749,-0.0,76.55087393753786,0.0,971.610820626537,971.610820626537,0.0,0.0
1741,2019-03-14 13:00:00,3,2019-03-14 14:00:00,0.06431,0.06431,0.06431,0.12,0.7804510698256745,1063.0989746364774,-0.0,91.48815400994033,0.0,971.610820626537,971.610820626537,0.0,0.0
1742,2019-03-14 14:00:00,3,2019-03-14 15:00:00,0.10531,0.10531,0.10531,0.12,0.6561465127469512,1075.1219115818235,-0.0,103.51109095528648,0.0,971.610820626537,971.610820626537,0.0,0.0
1743,2019-03-14 15:00:00,3,2019-03-14 16:00:00,0.10531,0.10531,0.10531,0.12,0.515506443514225,1092.2645471903343,-0.0,120.65372656379725,0.0,971.610820626537,971.610820626537,0.0,0.0
1744,2019-03-14 16:00:00,3,2019-03-14 17:00:00,0.13592,0.13592,0.13592,0.12,0.3515747498134136,969.4642546786903,-0.0,0.0,0.0,969.4642546786903,969.4642546786903,0.0,0.0
1745,2019-03-14 17:00:00,3,2019-03-14 18:00:00,0.13592,0.13592,0.13592,0.12,0.3515747498134136,776.676293068283,-0.0,0.0,0.0,776.676293068283,776.676293068283,0.0,0.0
1746,2019-03-14 18:00:00,3,2019-03-14 19:00:00,0.13592,0.13592,0.13592,0.12,0.3515747498134136,699.3550592669945,-0.0,258.7590158626724,0.0,440.59604340432213,440.59604340432213,0.0,0.0
1747,2019-03-14 19:00:00,3,2019-03-14 20:00:00,0.13592,0.13592,0.13592,0.12,0.0,553.418489711529,-0.0,0.0,0.0,553.418489711529,553.418489711529,0.0,0.0
1748,2019-03-14 20:00:00,3,2019-03-14 21:00:00,0.13592,0.13592,0.13592,0.12,0.0,506.07628089481807,-0.0,0.0,0.0,506.07628089481807,506.07628089481807,0.0,0.0
1749,2019-03-14 21:00:00,3,2019-03-14 22:00:00,0.10531,0.10531,0.10531,0.12,0.0,270.79128966506465,-0.0,0.0,0.0,270.79128966506465,270.79128966506465,0.0,0.0
1750,2019-03-14 22:00:00,3,2019-03-14 23:00:00,0.10531,0.10531,0.10531,0.12,0.0,232.52797917841,-0.0,0.0,0.0,232.52797917841,232.52797917841,0.0,0.0
1751,2019-03-14 23:00:00,3,2019-03-15 00:00:00,0.10531,0.10531,0.10531,0.12,0.0,223.05438391767197,-0.0,0.0,0.0,223.05438391767197,223.05438391767197,0.0,0.0
1752,2019-03-15 00:00:00,3,2019-03-15 01:00:00,0.10531,0.10531,0.10531,0.12,0.0,223.0543835215888,-0.0,0.0,0.0,223.0543835215888,223.0543835215888,0.0,0.0
1753,2019-03-15 01:00:00,3,2019-03-15 02:00:00,0.10531,0.10531,0.10531,0.12,0.0,223.05438345880452,-0.0,0.0,0.0,223.05438345880452,223.05438345880452,0.0,0.0
1754,2019-03-15 02:00:00,3,2019-03-15 03:00:00,0.10531,0.10531,0.10531,0.12,0.0,223.0543834394267,-0.0,0.0,0.0,223.0543834394267,223.0543834394267,0.0,0.0
1755,2019-03-15 03:00:00,3,2019-03-15 04:00:00,0.10531,0.10531,0.10531,0.12,0.0,232.527978749772,-0.0,0.0,0.0,232.527978749772,232.527978749772,0.0,0.0
1756,2019-03-15 04:00:00,3,2019-03-15 05:00:00,0.10531,0.10531,0.10531,0.12,0.0,270.792381890449,-8.116392677281,0.0,0.0,278.90877456773,278.90877456773,0.0,1.0
1757,2019-03-15 05:00:00,3,2019-03-15 06:00:00,0.10531,0.10531,0.10531,0.12,0.009333851578873151,332.85455054951484,-0.0,0.0,0.0,332.85455054951484,332.85455054951484,0.0,0.0
1758,2019-03-15 06:00:00,3,2019-03-15 07:00:00,0.10531,0.10531,0.10531,0.12,0.009333851578873151,401.38900327234927,-400.0,0.0,0.0,801.3890032723493,801.3890032723493,0.0,1.0
1759,2019-03-15 07:00:00,3,2019-03-15 08:00:00,0.10531,0.10531,0.10531,0.12,0.46933385157887314,812.9817933018963,-158.62902732464067,0.0,0.0,971.610820626537,971.610820626537,0.0,1.0
1760,2019-03-15 08:00:00,3,2019-03-15 09:00:00,0.10531,0.10531,0.10531,0.12,0.6517572330022099,799.0142817731205,-172.59653885341652,0.0,0.0,971.610820626537,971.610820626537,0.0,1.0
1761,2019-03-15 09:00:00,3,2019-03-15 10:00:00,0.06431,0.06431,0.06431,0.12,0.850243252683639,860.5906956749196,-111.02012495161739,0.0,0.0,971.610820626537,971.610820626537,0.0,1.0
1762,2019-03-15 10:00:00,3,2019-03-15 11:00:00,0.06431,0.06431,0.06431,0.12,0.9779163963779989,952.4076870421883,-19.203133584348734,0.0,0.0,971.610820626537,971.610820626537,0.0,1.0
1763,2019-03-15 11:00:00,3,2019-03-15 12:00:00,0.06431,0.06431,0.06431,0.12,1.0,981.0066794712585,-0.0,9.395858844721488,0.0,971.610820626537,971.610820626537,0.0,0.0
1764,2019-03-15 12:00:00,3,2019-03-15 13:00:00,0.06431,0.06431,0.06431,0.12,0.987233887439237,1030.4397407641302,-0.0,58.82892013759317,0.0,971.610820626537,971.610820626537,0.0,0.0
1765,2019-03-15 13:00:00,3,2019-03-15 14:00:00,0.06431,0.06431,0.06431,0.12,0.9073032894262029,1035.1465503030972,-0.0,63.53572967656021,0.0,971.610820626537,971.610820626537,0.0,0.0
1766,2019-03-15 14:00:00,3,2019-03-15 15:00:00,0.10531,0.10531,0.10531,0.12,0.8209775697569635,1029.3087384161245,-0.0,57.69791778958745,0.0,971.610820626537,971.610820626537,0.0,0.0
1767,2019-03-15 15:00:00,3,2019-03-15 16:00:00,0.10531,0.10531,0.10531,0.12,0.7425836597167631,1065.4495565729426,-0.0,93.83873594640556,0.0,971.610820626537,971.610820626537,0.0,0.0
1768,2019-03-15 16:00:00,3,2019-03-15 17:00:00,0.13592,0.13592,0.13592,0.12,0.6150853771808861,979.0075966932552,-0.0,400.0,0.0,579.0075966932552,579.0075966932552,0.0,0.0
1769,2019-03-15 17:00:00,3,2019-03-15 18:00:00,0.13592,0.13592,0.13592,0.12,0.07160711631132088,775.5475442321435,-0.0,0.0,0.0,775.5475442321435,775.5475442321435,0.0,1.0
1770,2019-03-15 18:00:00,3,2019-03-15 19:00:00,0.13592,0.13592,0.13592,0.12,0.07160711631132088,732.1403820622393,-0.0,0.0,0.0,732.1403820622393,732.1403820622393,0.0,1.0
1771,2019-03-15 19:00:00,3,2019-03-15 20:00:00,0.13592,0.13592,0.13592,0.12,0.07160711631132088,579.2821032505143,-0.0,52.70283760513217,0.0,526.5792656453821,526.5792656453821,0.0,0.0
1772,2019-03-15 20:00:00,3,2019-03-15 21:00:00,0.13592,0.13592,0.13592,0.12,0.0,527.4244711992492,-0.0,0.0,0.0,527.4244711992492,527.4244711992492,0.0,0.0
1773,2019-03-15 21:00:00,3,2019-03-15 22:00:00,0.10531,0.10531,0.10531,0.12,0.0,270.79128914031253,-0.0,0.0,0.0,270.79128914031253,270.79128914031253,0.0,0.0
1774,2019-03-15 22:00:00,3,2019-03-15 23:00:00,0.10531,0.10531,0.10531,0.12,0.0,232.5279787055905,-0.0,0.0,0.0,232.5279787055905,232.5279787055905,0.0,0.0
1775,2019-03-15 23:00:00,3,2019-03-16 00:00:00,0.10531,0.10531,0.10531,0.12,0.0,223.05438348128285,-0.0,0.0,0.0,223.05438348128285,223.05438348128285,0.0,0.0
1776,2019-03-16 00:00:00,3,2019-03-16 01:00:00,0.10531,0.10531,0.10531,0.12,0.0,223.05438299451131,0.0,0.0,0.0,223.05438299451131,223.05438299451131,0.0,0.0
1777,2019-03-16 01:00:00,3,2019-03-16 02:00:00,0.10531,0.10531,0.10531,0.12,0.0,223.0543829658321,-0.0,0.0,0.0,223.0543829658321,223.0543829658321,0.0,0.0
1778,2019-03-16 02:00:00,3,2019-03-16 03:00:00,0.10531,0.10531,0.10531,0.12,0.0,223.05438298443485,-0.0,0.0,0.0,223.05438298443485,223.05438298443485,0.0,0.0
1779,2019-03-16 03:00:00,3,2019-03-16 04:00:00,0.10531,0.10531,0.10531,0.12,0.0,232.52797832113401,-0.0,0.0,0.0,232.52797832113401,232.52797832113401,0.0,0.0
1780,2019-03-16 04:00:00,3,2019-03-16 05:00:00,0.10531,0.10531,0.10531,0.12,0.0,270.79238110603376,-0.0,0.0,0.0,270.79238110603376,270.79238110603376,0.0,0.0
1781,2019-03-16 05:00:00,3,2019-03-16 06:00:00,0.10531,0.10531,0.10531,0.12,0.0,415.09921848688117,-0.0,0.0,0.0,415.09921848688117,415.09921848688117,0.0,1.0
1782,2019-03-16 06:00:00,3,2019-03-16 07:00:00,0.10531,0.10531,0.10531,0.12,0.0,470.4042270809577,-250.89507829577886,0.0,0.0,721.2993053767366,721.2993053767366,0.0,1.0
1783,2019-03-16 07:00:00,3,2019-03-16 08:00:00,0.10531,0.10531,0.10531,0.12,0.2885293400401457,881.0922231312859,-90.51859749525113,0.0,0.0,971.610820626537,971.610820626537,0.0,1.0
1784,2019-03-16 08:00:00,3,2019-03-16 09:00:00,0.10531,0.10531,0.10531,0.12,0.3926257271596845,853.6836515292797,-0.0,0.0,0.0,853.6836515292797,853.6836515292797,0.0,0.0
1785,2019-03-16 09:00:00,3,2019-03-16 10:00:00,0.06431,0.06431,0.06431,0.12,0.3926257271596845,833.5204688975645,-138.09035172897256,0.0,0.0,971.610820626537,971.610820626537,0.0,1.0
1786,2019-03-16 10:00:00,3,2019-03-16 11:00:00,0.06431,0.06431,0.06431,0.12,0.551429631648003,872.6544004174162,-98.95642020912078,0.0,0.0,971.610820626537,971.610820626537,0.0,1.0
1787,2019-03-16 11:00:00,3,2019-03-16 12:00:00,0.06431,0.06431,0.06431,0.12,0.6652295148884919,847.6030160399125,-124.0078045866245,0.0,0.0,971.610820626537,971.610820626537,0.0,1.0
1788,2019-03-16 12:00:00,3,2019-03-16 13:00:00,0.06431,0.06431,0.06431,0.12,0.80783849016311,885.7232417162814,-85.88757891025557,0.0,0.0,971.610820626537,971.610820626537,0.0,1.0
1789,2019-03-16 13:00:00,3,2019-03-16 14:00:00,0.06431,0.06431,0.06431,0.12,0.906609205909904,890.4014344612361,-81.20938616530088,0.0,0.0,971.610820626537,971.610820626537,0.0,1.0
1790,2019-03-16 14:00:00,3,2019-03-16 15:00:00,0.10531,0.10531,0.10531,0.12,1.0,893.9952935586255,-0.0,0.0,0.0,893.9952935586255,893.9952935586255,0.0,0.0
1791,2019-03-16 15:00:00,3,2019-03-16 16:00:00,0.10531,0.10531,0.10531,0.12,1.0,955.5439288435683,-0.0,0.0,0.0,955.5439288435683,955.5439288435683,0.0,1.0
1792,2019-03-16 16:00:00,3,2019-03-16 17:00:00,0.13592,0.13592,0.13592,0.12,1.0,829.910166898414,-0.0,336.00000000000006,0.0,493.91016689841393,493.91016689841393,0.0,0.0
1793,2019-03-16 17:00:00,3,2019-03-16 18:00:00,0.13592,0.13592,0.13592,0.12,0.5434782608695652,599.1951992510789,-0.0,0.0,0.0,599.1951992510789,599.1951992510789,0.0,1.0
1794,2019-03-16 18:00:00,3,2019-03-16 19:00:00,0.13592,0.13592,0.13592,0.12,0.5434782608695652,556.7101099736426,-0.0,400.0,0.0,156.7101099736426,156.7101099736426,0.0,0.0
1795,2019-03-16 19:00:00,3,2019-03-16 20:00:00,0.13592,0.13592,0.13592,0.12,0.0,447.485679089378,-0.0,0.0,0.0,447.485679089378,447.485679089378,0.0,0.0
1796,2019-03-16 20:00:00,3,2019-03-16 21:00:00,0.13592,0.13592,0.13592,0.12,0.0,428.5611052533482,-0.0,0.0,0.0,428.5611052533482,428.5611052533482,0.0,0.0
1797,2019-03-16 21:00:00,3,2019-03-16 22:00:00,0.10531,0.10531,0.10531,0.12,0.0,270.7912887550809,-0.0,0.0,0.0,270.7912887550809,270.7912887550809,0.0,0.0
1798,2019-03-16 22:00:00,3,2019-03-16 23:00:00,0.10531,0.10531,0.10531,0.12,0.0,232.52797826687603,-0.0,0.0,0.0,232.52797826687603,232.52797826687603,0.0,0.0
1799,2019-03-16 23:00:00,3,2019-03-17 00:00:00,0.10531,0.10531,0.10531,0.12,0.0,223.05438300381272,-0.0,0.0,0.0,223.05438300381272,223.05438300381272,0.0,0.0
1800,2019-03-17 00:00:00,3,2019-03-17 01:00:00,0.10531,0.10531,0.10531,0.12,0.0,223.05438257982541,0.0,0.0,0.0,223.05438257982541,223.05438257982541,0.0,0.0
1801,2019-03-17 01:00:00,3,2019-03-17 02:00:00,0.10531,0.10531,0.10531,0.12,0.0,223.0543825356439,-0.0,0.0,0.0,223.0543825356439,223.0543825356439,0.0,0.0
1802,2019-03-17 02:00:00,3,2019-03-17 03:00:00,0.10531,0.10531,0.10531,0.12,0.0,223.05438250851492,-0.0,0.0,0.0,223.05438250851492,223.05438250851492,0.0,0.0
1803,2019-03-17 03:00:00,3,2019-03-17 04:00:00,0.10531,0.10531,0.10531,0.12,0.0,232.52797781033394,-0.0,0.0,0.0,232.52797781033394,232.52797781033394,0.0,0.0
1804,2019-03-17 04:00:00,3,2019-03-17 05:00:00,0.10531,0.10531,0.10531,0.12,0.0,270.79238040378056,-0.0,0.0,0.0,270.79238040378056,270.79238040378056,0.0,0.0
1805,2019-03-17 05:00:00,3,2019-03-17 06:00:00,0.10531,0.10531,0.10531,0.12,0.0,332.71067988381066,-0.0,0.0,0.0,332.71067988381066,332.71067988381066,0.0,0.0
1806,2019-03-17 06:00:00,3,2019-03-17 07:00:00,0.10531,0.10531,0.10531,0.12,0.0,401.43028061851965,-346.0334105005477,0.0,0.0,747.4636911190673,747.4636911190673,0.0,1.0
1807,2019-03-17 07:00:00,3,2019-03-17 08:00:00,0.10531,0.10531,0.10531,0.12,0.3979384220756299,812.995747289703,-0.0,0.0,0.0,812.995747289703,812.995747289703,0.0,0.0
1808,2019-03-17 08:00:00,3,2019-03-17 09:00:00,0.10531,0.10531,0.10531,0.12,0.3979384220756299,804.2044458462565,-167.40637478028054,0.0,0.0,971.610820626537,971.610820626537,0.0,1.0
1809,2019-03-17 09:00:00,3,2019-03-17 10:00:00,0.06431,0.06431,0.06431,0.12,0.5904557530729525,831.811119955635,-139.79970067090198,0.0,0.0,971.610820626537,971.610820626537,0.0,1.0
1810,2019-03-17 10:00:00,3,2019-03-17 11:00:00,0.06431,0.06431,0.06431,0.12,0.7512254088444899,868.006773397337,-103.60404722919998,0.0,0.0,971.610820626537,971.610820626537,0.0,1.0
1811,2019-03-17 11:00:00,3,2019-03-17 12:00:00,0.06431,0.06431,0.06431,0.12,0.8703700631580698,863.0878466562709,-108.5229739702661,0.0,0.0,971.610820626537,971.610820626537,0.0,1.0
1812,2019-03-17 12:00:00,3,2019-03-17 13:00:00,0.06431,0.06431,0.06431,0.12,0.9951714832238758,967.412110386429,-4.198710240107971,0.0,0.0,971.610820626537,971.610820626537,0.0,1.0
1813,2019-03-17 13:00:00,3,2019-03-17 14:00:00,0.06431,0.06431,0.06431,0.12,1.0,1007.109379652154,-0.0,35.49855902561694,0.0,971.610820626537,971.610820626537,0.0,0.0
1814,2019-03-17 14:00:00,3,2019-03-17 15:00:00,0.10531,0.10531,0.10531,0.12,0.9517682621934551,1013.9468306932432,-0.0,42.336010066706194,0.0,971.610820626537,971.610820626537,0.0,0.0
1815,2019-03-17 15:00:00,3,2019-03-17 16:00:00,0.10531,0.10531,0.10531,0.12,0.8942465093854305,1037.6934393196268,-0.0,66.08261869308978,0.0,971.610820626537,971.610820626537,0.0,0.0
1816,2019-03-17 16:00:00,3,2019-03-17 17:00:00,0.13592,0.13592,0.13592,0.12,0.8044603426828628,859.7661419979552,-0.0,400.0,0.0,459.7661419979552,459.7661419979552,0.0,0.0
1817,2019-03-17 17:00:00,3,2019-03-17 18:00:00,0.13592,0.13592,0.13592,0.12,0.2609820818132977,642.078076635869,-0.0,-1.0459189070388675e-13,0.0,642.0780766358691,642.0780766358691,0.0,1.0
1818,2019-03-17 18:00:00,3,2019-03-17 19:00:00,0.13592,0.13592,0.13592,0.12,0.2609820818132978,590.7449059321358,-0.0,0.0,0.0,590.7449059321358,590.7449059321358,0.0,1.0
1819,2019-03-17 19:00:00,3,2019-03-17 20:00:00,0.13592,0.13592,0.13592,0.12,0.2609820818132978,447.46785164198076,-0.0,0.0,0.0,447.46785164198076,447.46785164198076,0.0,0.0
1820,2019-03-17 20:00:00,3,2019-03-17 21:00:00,0.13592,0.13592,0.13592,0.12,0.2609820818132978,428.5398891824241,-0.0,192.0828122145872,0.0,236.45707696783688,236.45707696783688,0.0,0.0
1821,2019-03-17 21:00:00,3,2019-03-17 22:00:00,0.10531,0.10531,0.10531,0.12,0.0,270.79128841170547,-0.0,0.0,0.0,270.79128841170547,270.79128841170547,0.0,0.0
1822,2019-03-17 22:00:00,3,2019-03-17 23:00:00,0.10531,0.10531,0.10531,0.12,0.0,232.5279779576056,-0.0,0.0,0.0,232.5279779576056,232.5279779576056,0.0,0.0
1823,2019-03-17 23:00:00,3,2019-03-18 00:00:00,0.10531,0.10531,0.10531,0.12,0.0,223.05438267051375,-0.0,0.0,0.0,223.05438267051375,223.05438267051375,0.0,0.0
1824,2019-03-18 00:00:00,3,2019-03-18 01:00:00,0.10531,0.10531,0.10531,0.12,0.0,184.42214225726036,-0.0,0.0,0.0,184.42214225726036,184.42214225726036,0.0,1.0
1825,2019-03-18 01:00:00,3,2019-03-18 02:00:00,0.10531,0.10531,0.10531,0.12,0.0,184.4221422355572,-0.0,0.0,0.0,184.4221422355572,184.4221422355572,0.0,0.0
1826,2019-03-18 02:00:00,3,2019-03-18 03:00:00,0.10531,0.10531,0.10531,0.12,0.0,184.42214225726036,-0.0,0.0,0.0,184.42214225726036,184.42214225726036,0.0,0.0
1827,2019-03-18 03:00:00,3,2019-03-18 04:00:00,0.10531,0.10531,0.10531,0.12,0.0,193.8957375707061,-0.0,0.0,0.0,193.8957375707061,193.8957375707061,0.0,1.0
1828,2019-03-18 04:00:00,3,2019-03-18 05:00:00,0.10531,0.10531,0.10531,0.12,0.0,212.8440195370268,-0.0,0.0,0.0,212.8440195370268,212.8440195370268,0.0,0.0
1829,2019-03-18 05:00:00,3,2019-03-18 06:00:00,0.10531,0.10531,0.10531,0.12,0.0,332.30158608849877,-0.0,0.0,0.0,332.30158608849877,332.30158608849877,0.0,0.0
1830,2019-03-18 06:00:00,3,2019-03-18 07:00:00,0.10531,0.10531,0.10531,0.12,0.0,324.13025871261675,-0.0,0.0,0.0,324.13025871261675,324.13025871261675,0.0,0.0
1831,2019-03-18 07:00:00,3,2019-03-18 08:00:00,0.10531,0.10531,0.10531,0.12,0.0,519.8978046536664,-0.0,0.0,0.0,519.8978046536664,519.8978046536664,0.0,1.0
1832,2019-03-18 08:00:00,3,2019-03-18 09:00:00,0.10531,0.10531,0.10531,0.12,0.0,535.877418305072,-0.0,0.0,0.0,535.877418305072,535.877418305072,0.0,0.0
1833,2019-03-18 09:00:00,3,2019-03-18 10:00:00,0.06431,0.06431,0.06431,0.12,0.0,516.1428164333544,0.0,0.0,0.0,516.1428164333544,516.1428164333544,0.0,0.0
1834,2019-03-18 10:00:00,3,2019-03-18 11:00:00,0.06431,0.06431,0.06431,0.12,0.0,542.1413597783832,-216.92055248864222,0.0,0.0,759.0619122670254,759.0619122670254,0.0,1.0
1835,2019-03-18 11:00:00,3,2019-03-18 12:00:00,0.06431,0.06431,0.06431,0.12,0.24945863536193855,590.7462977181108,-168.31561454891448,0.0,0.0,759.0619122670253,759.0619122670253,0.0,1.0
1836,2019-03-18 12:00:00,3,2019-03-18 13:00:00,0.06431,0.06431,0.06431,0.12,0.4430215920931903,591.429391849795,-167.63252041723035,0.0,0.0,759.0619122670254,759.0619122670254,0.0,1.0
1837,2019-03-18 13:00:00,3,2019-03-18 14:00:00,0.06431,0.06431,0.06431,0.12,0.6357989905730053,442.36538233050817,-316.69652993651715,0.0,0.0,759.0619122670254,759.0619122670254,0.0,1.0
1838,2019-03-18 14:00:00,3,2019-03-18 15:00:00,0.10531,0.10531,0.10531,0.12,1.0,516.618469367701,-0.0,0.0,0.0,516.618469367701,516.618469367701,0.0,1.0
1839,2019-03-18 15:00:00,3,2019-03-18 16:00:00,0.10531,0.10531,0.10531,0.12,1.0,539.3769028573397,-0.0,0.0,0.0,539.3769028573397,539.3769028573397,0.0,0.0
1840,2019-03-18 16:00:00,3,2019-03-18 17:00:00,0.13592,0.13592,0.13592,0.12,1.0,428.0742973751929,-0.0,400.0,0.0,28.074297375192884,28.074297375192884,0.0,0.0
1841,2019-03-18 17:00:00,3,2019-03-18 18:00:00,0.13592,0.13592,0.13592,0.12,0.4565217391304348,229.9513388313419,-0.0,229.9513388313419,0.0,0.0,0.0,0.0,0.0
1842,2019-03-18 18:00:00,3,2019-03-18 19:00:00,0.13592,0.13592,0.13592,0.12,0.1440878548487203,244.1157224082945,-0.0,106.04866116865816,0.0,138.06706123963633,138.06706123963633,0.0,0.0
1843,2019-03-18 19:00:00,3,2019-03-18 20:00:00,0.13592,0.13592,0.13592,0.12,0.0,250.7380370058326,-0.0,0.0,0.0,250.7380370058326,250.7380370058326,0.0,0.0
1844,2019-03-18 20:00:00,3,2019-03-18 21:00:00,0.13592,0.13592,0.13592,0.12,0.0,231.79157422406087,-0.0,0.0,0.0,231.79157422406087,231.79157422406087,0.0,0.0
1845,2019-03-18 21:00:00,3,2019-03-18 22:00:00,0.10531,0.10531,0.10531,0.12,0.0,212.8429280859812,-0.0,0.0,0.0,212.8429280859812,212.8429280859812,0.0,0.0
1846,2019-03-18 22:00:00,3,2019-03-18 23:00:00,0.10531,0.10531,0.10531,0.12,0.0,193.8957375024961,-0.0,0.0,0.0,193.8957375024961,193.8957375024961,0.0,1.0
1847,2019-03-18 23:00:00,3,2019-03-19 00:00:00,0.10531,0.10531,0.10531,0.12,0.0,184.42214224330834,-0.0,0.0,0.0,184.42214224330834,184.42214224330834,0.0,1.0
1848,2019-03-19 00:00:00,3,2019-03-19 01:00:00,0.10531,0.10531,0.10531,0.12,0.0,184.42177802039183,-0.0,0.0,0.0,184.42177802039183,184.42177802039183,0.0,0.0
1849,2019-03-19 01:00:00,3,2019-03-19 02:00:00,0.10531,0.10531,0.10531,0.12,0.0,184.42177787001975,-0.0,0.0,0.0,184.42177787001975,184.42177787001975,0.0,0.0
1850,2019-03-19 02:00:00,3,2019-03-19 03:00:00,0.10531,0.10531,0.10531,0.12,0.0,184.42177783591472,-0.0,0.0,0.0,184.42177783591472,184.42177783591472,0.0,0.0
1851,2019-03-19 03:00:00,3,2019-03-19 04:00:00,0.10531,0.10531,0.10531,0.12,0.0,193.8953732516755,-0.0,0.0,0.0,193.8953732516755,193.8953732516755,0.0,0.0
1852,2019-03-19 04:00:00,3,2019-03-19 05:00:00,0.10531,0.10531,0.10531,0.12,0.0,212.8436554466548,-0.0,0.0,0.0,212.8436554466548,212.8436554466548,0.0,0.0
1853,2019-03-19 05:00:00,3,2019-03-19 06:00:00,0.10531,0.10531,0.10531,0.12,0.0,250.73694489594016,-0.0,0.0,0.0,250.73694489594016,250.73694489594016,0.0,0.0
1854,2019-03-19 06:00:00,3,2019-03-19 07:00:00,0.10531,0.10531,0.10531,0.12,0.0,243.1948766001761,-0.0,0.0,0.0,243.1948766001761,243.1948766001761,0.0,0.0
1855,2019-03-19 07:00:00,3,2019-03-19 08:00:00,0.10531,0.10531,0.10531,0.12,0.0,229.95024733378943,-0.0,0.0,0.0,229.95024733378943,229.95024733378943,0.0,0.0
1856,2019-03-19 08:00:00,3,2019-03-19 09:00:00,0.10531,0.10531,0.10531,0.12,0.0,202.28111971870578,-0.0,0.0,0.0,202.28111971870578,202.28111971870578,0.0,0.0
1857,2019-03-19 09:00:00,3,2019-03-19 10:00:00,0.06431,0.06431,0.06431,0.12,0.0,173.78806421718218,-400.0,0.0,0.0,573.7880642171822,573.7880642171822,0.0,1.0
1858,2019-03-19 10:00:00,3,2019-03-19 11:00:00,0.06431,0.06431,0.06431,0.12,0.46,163.63580769722176,-0.0,163.63580769722176,174.92419230277824,0.0,-174.92419230277824,1.0,0.0
1859,2019-03-19 11:00:00,3,2019-03-19 12:00:00,0.06431,0.06431,0.06431,0.12,0.0,237.2525043615717,-336.5355598556107,0.0,0.0,573.7880642171824,573.7880642171824,0.0,1.0
1860,2019-03-19 12:00:00,3,2019-03-19 13:00:00,0.06431,0.06431,0.06431,0.12,0.3870158938339523,279.97568624541105,-400.0,0.0,0.0,679.975686245411,679.975686245411,0.0,1.0
1861,2019-03-19 13:00:00,3,2019-03-19 14:00:00,0.06431,0.06431,0.06431,0.12,0.8470158938339523,305.5709416213976,-133.0296575356937,0.0,0.0,438.6005991570913,438.6005991570913,0.0,1.0
1862,2019-03-19 14:00:00,3,2019-03-19 15:00:00,0.10531,0.10531,0.10531,0.12,1.0,334.82830605562134,-0.0,0.0,0.0,334.82830605562134,334.82830605562134,0.0,0.0
1863,2019-03-19 15:00:00,3,2019-03-19 16:00:00,0.10531,0.10531,0.10531,0.12,1.0,298.73097813002033,-0.0,0.0,0.0,298.73097813002033,298.73097813002033,0.0,0.0
1864,2019-03-19 16:00:00,3,2019-03-19 17:00:00,0.13592,0.13592,0.13592,0.12,1.0,312.8251980224852,-0.0,312.8251980224852,0.0,0.0,0.0,0.0,0.0
1865,2019-03-19 17:00:00,3,2019-03-19 18:00:00,0.13592,0.13592,0.13592,0.12,0.5749657635564059,229.95024742835335,-0.0,229.95024742835335,0.0,0.0,0.0,0.0,0.0
1866,2019-03-19 18:00:00,3,2019-03-19 19:00:00,0.13592,0.13592,0.13592,0.12,0.26253336215918677,244.1146303123542,-0.0,193.2245545491615,0.0,50.8900757631927,50.8900757631927,0.0,0.0
1867,2019-03-19 19:00:00,3,2019-03-19 20:00:00,0.13592,0.13592,0.13592,0.12,0.0,250.73694488121302,-0.0,0.0,0.0,250.73694488121302,250.73694488121302,0.0,0.0
1868,2019-03-19 20:00:00,3,2019-03-19 21:00:00,0.13592,0.13592,0.13592,0.12,0.0,231.7908456534345,-0.0,0.0,0.0,231.7908456534345,231.7908456534345,0.0,0.0
1869,2019-03-19 21:00:00,3,2019-03-19 22:00:00,0.10531,0.10531,0.10531,0.12,0.0,212.84256388786835,-0.0,0.0,0.0,212.84256388786835,212.84256388786835,0.0,0.0
1870,2019-03-19 22:00:00,3,2019-03-19 23:00:00,0.10531,0.10531,0.10531,0.12,0.0,193.89537324469947,-0.0,0.0,0.0,193.89537324469947,193.89537324469947,0.0,0.0
1871,2019-03-19 23:00:00,3,2019-03-20 00:00:00,0.10531,0.10531,0.10531,0.12,0.0,184.42177780956087,-0.0,0.0,0.0,184.42177780956087,184.42177780956087,0.0,1.0
1872,2019-03-20 00:00:00,3,2019-03-20 01:00:00,0.10531,0.10531,0.10531,0.12,0.0,223.0543810357985,-0.0,0.0,0.0,223.0543810357985,223.0543810357985,0.0,0.0
1873,2019-03-20 01:00:00,3,2019-03-20 02:00:00,0.10531,0.10531,0.10531,0.12,0.0,223.05438103269805,-0.0,0.0,0.0,223.05438103269805,223.05438103269805,0.0,0.0
1874,2019-03-20 02:00:00,3,2019-03-20 03:00:00,0.10531,0.10531,0.10531,0.12,0.0,223.05438106447772,-0.0,0.0,0.0,223.05438106447772,223.05438106447772,0.0,0.0
1875,2019-03-20 03:00:00,3,2019-03-20 04:00:00,0.10531,0.10531,0.10531,0.12,0.0,232.52797640660273,-0.0,0.0,0.0,232.52797640660273,232.52797640660273,0.0,0.0
1876,2019-03-20 04:00:00,3,2019-03-20 05:00:00,0.10531,0.10531,0.10531,0.12,0.0,270.7923774746252,-0.0,0.0,0.0,270.7923774746252,270.7923774746252,0.0,0.0
1877,2019-03-20 05:00:00,3,2019-03-20 06:00:00,0.10531,0.10531,0.10531,0.12,0.0,331.8284521921329,-118.51633794240486,0.0,0.0,450.34479013453773,450.34479013453773,0.0,1.0
1878,2019-03-20 06:00:00,3,2019-03-20 07:00:00,0.10531,0.10531,0.10531,0.12,0.1362937886337656,394.82753715295917,-400.0,0.0,0.0,794.8275371529592,794.8275371529592,0.0,1.0
1879,2019-03-20 07:00:00,3,2019-03-20 08:00:00,0.10531,0.10531,0.10531,0.12,0.5962937886337656,813.0285542951474,-158.58226633138963,0.0,0.0,971.610820626537,971.610820626537,0.0,1.0
1880,2019-03-20 08:00:00,3,2019-03-20 09:00:00,0.10531,0.10531,0.10531,0.12,0.7786633949148637,832.5989195534481,0.0,0.0,0.0,832.5989195534481,832.5989195534481,0.0,0.0
1881,2019-03-20 09:00:00,3,2019-03-20 10:00:00,0.06431,0.06431,0.06431,0.12,0.7786633949148637,896.5819690161113,-75.0288516104257,0.0,0.0,971.610820626537,971.610820626537,0.0,1.0
1882,2019-03-20 10:00:00,3,2019-03-20 11:00:00,0.06431,0.06431,0.06431,0.12,0.8649465742668532,919.9469926709224,-51.66382795561458,0.0,0.0,971.610820626537,971.610820626537,0.0,1.0
1883,2019-03-20 11:00:00,3,2019-03-20 12:00:00,0.06431,0.06431,0.06431,0.12,0.9243599764158099,905.8368870750675,-65.77393355146955,0.0,0.0,971.610820626537,971.610820626537,0.0,1.0
1884,2019-03-20 12:00:00,3,2019-03-20 13:00:00,0.06431,0.06431,0.06431,0.12,1.0,999.9615118994856,-0.0,28.350691272948552,0.0,971.610820626537,971.610820626537,0.0,0.0
1885,2019-03-20 13:00:00,3,2019-03-20 14:00:00,0.06431,0.06431,0.06431,0.12,0.96148003903132,1002.4524095875196,-0.0,30.841588960982563,0.0,971.610820626537,971.610820626537,0.0,0.0
1886,2019-03-20 14:00:00,3,2019-03-20 15:00:00,0.10531,0.10531,0.10531,0.12,0.9195757062038978,952.7405570669083,-18.87026355962871,0.0,0.0,971.610820626537,971.610820626537,0.0,1.0
1887,2019-03-20 15:00:00,3,2019-03-20 16:00:00,0.10531,0.10531,0.10531,0.12,0.9412765092974709,921.5521070873199,-50.05871353921714,0.0,0.0,971.610820626537,971.610820626537,0.0,1.0
1888,2019-03-20 16:00:00,3,2019-03-20 17:00:00,0.13592,0.13592,0.13592,0.12,0.9988440298675707,781.3320817198284,-0.0,400.0,0.0,381.33208171982835,381.33208171982835,0.0,0.0
1889,2019-03-20 17:00:00,3,2019-03-20 18:00:00,0.13592,0.13592,0.13592,0.12,0.4553657689980055,560.6592707243071,-0.0,335.14920598253207,0.0,225.51006474177507,225.51006474177507,0.0,0.0
1890,2019-03-20 18:00:00,3,2019-03-20 19:00:00,0.13592,0.13592,0.13592,0.12,0.0,556.6947519724393,-0.0,0.0,0.0,556.6947519724393,556.6947519724393,0.0,1.0
1891,2019-03-20 19:00:00,3,2019-03-20 20:00:00,0.13592,0.13592,0.13592,0.12,0.0,447.48080211851305,-0.0,0.0,0.0,447.48080211851305,447.48080211851305,0.0,1.0
1892,2019-03-20 20:00:00,3,2019-03-20 21:00:00,0.13592,0.13592,0.13592,0.12,0.0,436.51831959645205,-0.0,0.0,0.0,436.51831959645205,436.51831959645205,0.0,1.0
1893,2019-03-20 21:00:00,3,2019-03-20 22:00:00,0.10531,0.10531,0.10531,0.12,0.0,270.7912868576021,-0.0,0.0,0.0,270.7912868576021,270.7912868576021,0.0,0.0
1894,2019-03-20 22:00:00,3,2019-03-20 23:00:00,0.10531,0.10531,0.10531,0.12,0.0,232.5279763290913,-0.0,0.0,0.0,232.5279763290913,232.5279763290913,0.0,0.0
1895,2019-03-20 23:00:00,3,2019-03-21 00:00:00,0.10531,0.10531,0.10531,0.12,0.0,223.0543810838556,-0.0,0.0,0.0,223.0543810838556,223.0543810838556,0.0,0.0
1896,2019-03-21 00:00:00,3,2019-03-21 01:00:00,0.10531,0.10531,0.10531,0.12,0.0,223.0543805947587,-0.0,0.0,0.0,223.0543805947587,223.0543805947587,0.0,0.0
1897,2019-03-21 01:00:00,3,2019-03-21 02:00:00,0.10531,0.10531,0.10531,0.12,0.0,223.05438055135235,-0.0,0.0,0.0,223.05438055135235,223.05438055135235,0.0,0.0
1898,2019-03-21 02:00:00,3,2019-03-21 03:00:00,0.10531,0.10531,0.10531,0.12,0.0,223.05438055212744,-0.0,0.0,0.0,223.05438055212744,223.05438055212744,0.0,0.0
1899,2019-03-21 03:00:00,3,2019-03-21 04:00:00,0.10531,0.10531,0.10531,0.12,0.0,232.5279758702239,-0.0,0.0,0.0,232.5279758702239,232.5279758702239,0.0,0.0
1900,2019-03-21 04:00:00,3,2019-03-21 05:00:00,0.10531,0.10531,0.10531,0.12,0.0,270.7923771405511,-0.0,0.0,0.0,270.7923771405511,270.7923771405511,0.0,0.0
1901,2019-03-21 05:00:00,3,2019-03-21 06:00:00,0.10531,0.10531,0.10531,0.12,0.0,332.0261963193973,-0.0,0.0,0.0,332.0261963193973,332.0261963193973,0.0,0.0
1902,2019-03-21 06:00:00,3,2019-03-21 07:00:00,0.10531,0.10531,0.10531,0.12,0.0,394.78337866892855,-400.0,0.0,0.0,794.7833786689285,794.7833786689285,0.0,1.0
1903,2019-03-21 07:00:00,3,2019-03-21 08:00:00,0.10531,0.10531,0.10531,0.12,0.46,824.6020941435561,-147.00872648298093,0.0,0.0,971.610820626537,971.610820626537,0.0,1.0
1904,2019-03-21 08:00:00,3,2019-03-21 09:00:00,0.10531,0.10531,0.10531,0.12,0.6290600354554281,809.125993301643,-0.0,0.0,0.0,809.125993301643,809.125993301643,0.0,0.0
1905,2019-03-21 09:00:00,3,2019-03-21 10:00:00,0.06431,0.06431,0.06431,0.12,0.6290600354554281,835.6675059729938,-135.9433146535432,0.0,0.0,971.610820626537,971.610820626537,0.0,1.0
1906,2019-03-21 10:00:00,3,2019-03-21 11:00:00,0.06431,0.06431,0.06431,0.12,0.7853948473070028,921.1152301492618,-50.49559047727519,0.0,0.0,971.610820626537,971.610820626537,0.0,1.0
1907,2019-03-21 11:00:00,3,2019-03-21 12:00:00,0.06431,0.06431,0.06431,0.12,0.8434647763558693,908.7713645605332,-62.83945606600378,0.0,0.0,971.610820626537,971.610820626537,0.0,1.0
1908,2019-03-21 12:00:00,3,2019-03-21 13:00:00,0.06431,0.06431,0.06431,0.12,0.9157301508317736,978.6103263464776,-0.0,6.999505719940544,0.0,971.610820626537,971.610820626537,0.0,0.0
1909,2019-03-21 13:00:00,3,2019-03-21 14:00:00,0.06431,0.06431,0.06431,0.12,0.9062199528427238,968.204004422602,-3.4068162039350227,0.0,0.0,971.610820626537,971.610820626537,0.0,1.0
1910,2019-03-21 14:00:00,3,2019-03-21 15:00:00,0.10531,0.10531,0.10531,0.12,0.9101377914772492,908.249114098254,-0.8186884356066655,0.0,0.0,909.0678025338607,909.0678025338607,0.0,1.0
1911,2019-03-21 15:00:00,3,2019-03-21 16:00:00,0.10531,0.10531,0.10531,0.12,0.9110792831781969,894.2884581727951,-77.3223624537419,0.0,0.0,971.610820626537,971.610820626537,0.0,1.0
1912,2019-03-21 16:00:00,3,2019-03-21 17:00:00,0.13592,0.13592,0.13592,0.12,1.0,738.5369585246835,-0.0,400.0,0.0,338.53695852468354,338.53695852468354,0.0,0.0
1913,2019-03-21 17:00:00,3,2019-03-21 18:00:00,0.13592,0.13592,0.13592,0.12,0.4565217391304348,542.515991522594,-0.0,336.00000000000006,0.0,206.515991522594,206.515991522594,0.0,0.0
1914,2019-03-21 18:00:00,3,2019-03-21 19:00:00,0.13592,0.13592,0.13592,0.12,0.0,556.7280779367862,-0.0,0.0,0.0,556.7280779367862,556.7280779367862,0.0,1.0
1915,2019-03-21 19:00:00,3,2019-03-21 20:00:00,0.13592,0.13592,0.13592,0.12,0.0,447.50780622761835,-0.0,0.0,0.0,447.50780622761835,447.50780622761835,0.0,1.0
1916,2019-03-21 20:00:00,3,2019-03-21 21:00:00,0.13592,0.13592,0.13592,0.12,0.0,428.58123792433474,-0.0,0.0,0.0,428.58123792433474,428.58123792433474,0.0,1.0
1917,2019-03-21 21:00:00,3,2019-03-21 22:00:00,0.10531,0.10531,0.10531,0.12,0.0,270.7912863475772,-0.0,0.0,0.0,270.7912863475772,270.7912863475772,0.0,0.0
1918,2019-03-21 22:00:00,3,2019-03-21 23:00:00,0.10531,0.10531,0.10531,0.12,0.0,232.52797585394646,-0.0,0.0,0.0,232.52797585394646,232.52797585394646,0.0,0.0
1919,2019-03-21 23:00:00,3,2019-03-22 00:00:00,0.10531,0.10531,0.10531,0.12,0.0,223.05438052887402,-0.0,0.0,0.0,223.05438052887402,223.05438052887402,0.0,0.0
1920,2019-03-22 00:00:00,3,2019-03-22 01:00:00,0.10531,0.10531,0.10531,0.12,0.0,223.05437999869613,0.0,0.0,0.0,223.05437999869613,223.05437999869613,0.0,0.0
1921,2019-03-22 01:00:00,3,2019-03-22 02:00:00,0.10531,0.10531,0.10531,0.12,0.0,223.0543800343514,-0.0,0.0,0.0,223.0543800343514,223.0543800343514,0.0,0.0
1922,2019-03-22 02:00:00,3,2019-03-22 03:00:00,0.10531,0.10531,0.10531,0.12,0.0,223.05438005682967,-0.0,0.0,0.0,223.05438005682967,223.05438005682967,0.0,0.0
1923,2019-03-22 03:00:00,3,2019-03-22 04:00:00,0.10531,0.10531,0.10531,0.12,0.0,232.52797528191243,-0.0,0.0,0.0,232.52797528191243,232.52797528191243,0.0,0.0
1924,2019-03-22 04:00:00,3,2019-03-22 05:00:00,0.10531,0.10531,0.10531,0.12,0.0,270.79237614995554,-0.0,0.0,0.0,270.79237614995554,270.79237614995554,0.0,0.0
1925,2019-03-22 05:00:00,3,2019-03-22 06:00:00,0.10531,0.10531,0.10531,0.12,0.0,332.1529822231545,-0.0,0.0,0.0,332.1529822231545,332.1529822231545,0.0,0.0
1926,2019-03-22 06:00:00,3,2019-03-22 07:00:00,0.10531,0.10531,0.10531,0.12,0.0,394.8211410580843,-0.0,0.0,0.0,394.8211410580843,394.8211410580843,0.0,1.0
1927,2019-03-22 07:00:00,3,2019-03-22 08:00:00,0.10531,0.10531,0.10531,0.12,0.0,813.0396543601175,-0.0,0.0,0.0,813.0396543601175,813.0396543601175,0.0,1.0
1928,2019-03-22 08:00:00,3,2019-03-22 09:00:00,0.10531,0.10531,0.10531,0.12,0.0,784.612487511712,-0.0,0.0,0.0,784.612487511712,784.612487511712,0.0,1.0
1929,2019-03-22 09:00:00,3,2019-03-22 10:00:00,0.06431,0.06431,0.06431,0.12,0.0,746.6568027476216,-0.0,0.0,0.0,746.6568027476216,746.6568027476216,0.0,1.0
1930,2019-03-22 10:00:00,3,2019-03-22 11:00:00,0.06431,0.06431,0.06431,0.12,0.0,746.6203604107507,-224.99046021578636,0.0,0.0,971.610820626537,971.610820626537,0.0,1.0
1931,2019-03-22 11:00:00,3,2019-03-22 12:00:00,0.06431,0.06431,0.06431,0.12,0.25873902924815434,708.0008745430658,-263.6099460834712,0.0,0.0,971.610820626537,971.610820626537,0.0,1.0
1932,2019-03-22 12:00:00,3,2019-03-22 13:00:00,0.06431,0.06431,0.06431,0.12,0.5618904672441463,746.6320360210376,-224.9787846054994,0.0,0.0,971.610820626537,971.610820626537,0.0,1.0
1933,2019-03-22 13:00:00,3,2019-03-22 14:00:00,0.06431,0.06431,0.06431,0.12,0.8206160695404706,746.6076762245951,-155.98602648654725,0.0,0.0,902.5937027111424,902.5937027111424,0.0,1.0
1934,2019-03-22 14:00:00,3,2019-03-22 15:00:00,0.10531,0.10531,0.10531,0.12,1.0,746.6831636664456,-0.0,0.0,0.0,746.6831636664456,746.6831636664456,0.0,1.0
1935,2019-03-22 15:00:00,3,2019-03-22 16:00:00,0.10531,0.10531,0.10531,0.12,1.0,784.948756403089,-0.0,0.0,0.0,784.948756403089,784.948756403089,0.0,1.0
1936,2019-03-22 16:00:00,3,2019-03-22 17:00:00,0.13592,0.13592,0.13592,0.12,1.0,697.0295028079576,-0.0,400.0,0.0,297.02950280795756,297.02950280795756,0.0,0.0
1937,2019-03-22 17:00:00,3,2019-03-22 18:00:00,0.13592,0.13592,0.13592,0.12,0.4565217391304348,542.5353546798884,-0.0,336.00000000000006,0.0,206.53535467988837,206.53535467988837,0.0,0.0
1938,2019-03-22 18:00:00,3,2019-03-22 19:00:00,0.13592,0.13592,0.13592,0.12,0.0,556.7577720236139,-0.0,0.0,0.0,556.7577720236139,556.7577720236139,0.0,1.0
1939,2019-03-22 19:00:00,3,2019-03-22 20:00:00,0.13592,0.13592,0.13592,0.12,0.0,447.5362643441908,-0.0,0.0,0.0,447.5362643441908,447.5362643441908,0.0,0.0
1940,2019-03-22 20:00:00,3,2019-03-22 21:00:00,0.13592,0.13592,0.13592,0.12,0.0,428.6049752244867,-0.0,0.0,0.0,428.6049752244867,428.6049752244867,0.0,1.0
1941,2019-03-22 21:00:00,3,2019-03-22 22:00:00,0.10531,0.10531,0.10531,0.12,0.0,270.7912857825192,-0.0,0.0,0.0,270.7912857825192,270.7912857825192,0.0,0.0
1942,2019-03-22 22:00:00,3,2019-03-22 23:00:00,0.10531,0.10531,0.10531,0.12,0.0,232.5279753307446,-0.0,0.0,0.0,232.5279753307446,232.5279753307446,0.0,0.0
1943,2019-03-22 23:00:00,3,2019-03-23 00:00:00,0.10531,0.10531,0.10531,0.12,0.0,223.05438000644727,-0.0,0.0,0.0,223.05438000644727,223.05438000644727,0.0,0.0
1944,2019-03-23 00:00:00,3,2019-03-23 01:00:00,0.10531,0.10531,0.10531,0.12,0.0,223.05437946386758,0.0,0.0,0.0,223.05437946386758,223.05437946386758,0.0,0.0
1945,2019-03-23 01:00:00,3,2019-03-23 02:00:00,0.10531,0.10531,0.10531,0.12,0.0,223.05437949719746,-0.0,0.0,0.0,223.05437949719746,223.05437949719746,0.0,0.0
1946,2019-03-23 02:00:00,3,2019-03-23 03:00:00,0.10531,0.10531,0.10531,0.12,0.0,223.05437955223053,-0.0,0.0,0.0,223.05437955223053,223.05437955223053,0.0,0.0
1947,2019-03-23 03:00:00,3,2019-03-23 04:00:00,0.10531,0.10531,0.10531,0.12,0.0,232.5279748276957,-0.0,0.0,0.0,232.5279748276957,232.5279748276957,0.0,0.0
1948,2019-03-23 04:00:00,3,2019-03-23 05:00:00,0.10531,0.10531,0.10531,0.12,0.0,270.79237532368415,-0.0,0.0,0.0,270.79237532368415,270.79237532368415,0.0,0.0
1949,2019-03-23 05:00:00,3,2019-03-23 06:00:00,0.10531,0.10531,0.10531,0.12,0.0,332.1381221357365,-0.0,0.0,0.0,332.1381221357365,332.1381221357365,0.0,0.0
1950,2019-03-23 06:00:00,3,2019-03-23 07:00:00,0.10531,0.10531,0.10531,0.12,0.0,394.8913898508524,-0.0,0.0,0.0,394.8913898508524,394.8913898508524,0.0,1.0
1951,2019-03-23 07:00:00,3,2019-03-23 08:00:00,0.10531,0.10531,0.10531,0.12,0.0,813.09178146683,-0.0,0.0,0.0,813.09178146683,813.09178146683,0.0,1.0
1952,2019-03-23 08:00:00,3,2019-03-23 09:00:00,0.10531,0.10531,0.10531,0.12,0.0,784.6229505028247,-0.0,0.0,0.0,784.6229505028247,784.6229505028247,0.0,1.0
1953,2019-03-23 09:00:00,3,2019-03-23 10:00:00,0.06431,0.06431,0.06431,0.12,0.0,746.695414098093,-212.29865756146222,0.0,0.0,958.9940716595553,958.9940716595553,0.0,1.0
1954,2019-03-23 10:00:00,3,2019-03-23 11:00:00,0.06431,0.06431,0.06431,0.12,0.24414345619568156,746.6769302485984,-212.31714141095688,0.0,0.0,958.9940716595553,958.9940716595553,0.0,1.0
1955,2019-03-23 11:00:00,3,2019-03-23 12:00:00,0.06431,0.06431,0.06431,0.12,0.488308168818282,737.282447324229,-221.7116243353263,0.0,0.0,958.9940716595553,958.9940716595553,0.0,1.0
1956,2019-03-23 12:00:00,3,2019-03-23 13:00:00,0.06431,0.06431,0.06431,0.12,0.7432765368039073,844.318972312995,-102.05835037957848,0.0,0.0,946.3773226925734,946.3773226925734,0.0,1.0
1957,2019-03-23 13:00:00,3,2019-03-23 14:00:00,0.06431,0.06431,0.06431,0.12,0.8606436397404225,850.4313769225566,-121.17944370398038,0.0,0.0,971.610820626537,971.610820626537,0.0,1.0
1958,2019-03-23 14:00:00,3,2019-03-23 15:00:00,0.10531,0.10531,0.10531,0.12,1.0,837.8627829279721,-0.0,0.0,0.0,837.8627829279721,837.8627829279721,0.0,1.0
1959,2019-03-23 15:00:00,3,2019-03-23 16:00:00,0.10531,0.10531,0.10531,0.12,1.0,875.5144613808606,-0.0,0.0,0.0,875.5144613808606,875.5144613808606,0.0,1.0
1960,2019-03-23 16:00:00,3,2019-03-23 17:00:00,0.13592,0.13592,0.13592,0.12,1.0,774.4280791559734,-0.0,400.0,0.0,374.42807915597336,374.42807915597336,0.0,0.0
1961,2019-03-23 17:00:00,3,2019-03-23 18:00:00,0.13592,0.13592,0.13592,0.12,0.4565217391304348,595.1217093658632,-0.0,0.0,0.0,595.1217093658632,595.1217093658632,0.0,1.0
1962,2019-03-23 18:00:00,3,2019-03-23 19:00:00,0.13592,0.13592,0.13592,0.12,0.4565217391304348,556.7701845416523,-0.0,0.0,0.0,556.7701845416523,556.7701845416523,0.0,0.0
1963,2019-03-23 19:00:00,3,2019-03-23 20:00:00,0.13592,0.13592,0.13592,0.12,0.4565217391304348,447.5357807273814,-0.0,0.0,0.0,447.5357807273814,447.5357807273814,0.0,0.0
1964,2019-03-23 20:00:00,3,2019-03-23 21:00:00,0.13592,0.13592,0.13592,0.12,0.4565217391304348,436.563952199055,-0.0,336.00000000000006,0.0,100.56395219905494,100.56395219905494,0.0,0.0
1965,2019-03-23 21:00:00,3,2019-03-23 22:00:00,0.10531,0.10531,0.10531,0.12,0.0,270.7912853709337,-0.0,0.0,0.0,270.7912853709337,270.7912853709337,0.0,0.0
1966,2019-03-23 22:00:00,3,2019-03-23 23:00:00,0.10531,0.10531,0.10531,0.12,0.0,232.5279748835039,-0.0,0.0,0.0,232.5279748835039,232.5279748835039,0.0,0.0
1967,2019-03-23 23:00:00,3,2019-03-24 00:00:00,0.10531,0.10531,0.10531,0.12,0.0,223.05437961113918,-0.0,0.0,0.0,223.05437961113918,223.05437961113918,0.0,0.0
1968,2019-03-24 00:00:00,3,2019-03-24 01:00:00,0.10531,0.10531,0.10531,0.12,0.0,223.05437903755492,0.0,0.0,0.0,223.05437903755492,223.05437903755492,0.0,0.0
1969,2019-03-24 01:00:00,3,2019-03-24 02:00:00,0.10531,0.10531,0.10531,0.12,0.0,223.05437896701952,-0.0,0.0,0.0,223.05437896701952,223.05437896701952,0.0,0.0
1970,2019-03-24 02:00:00,3,2019-03-24 03:00:00,0.10531,0.10531,0.10531,0.12,0.0,223.05437894454124,-0.0,0.0,0.0,223.05437894454124,223.05437894454124,0.0,0.0
1971,2019-03-24 03:00:00,3,2019-03-24 04:00:00,0.10531,0.10531,0.10531,0.12,0.0,232.52797424170956,-0.0,0.0,0.0,232.52797424170956,232.52797424170956,0.0,0.0
1972,2019-03-24 04:00:00,3,2019-03-24 05:00:00,0.10531,0.10531,0.10531,0.12,0.0,270.7923741912427,-0.0,0.0,0.0,270.7923741912427,270.7923741912427,0.0,0.0
1973,2019-03-24 05:00:00,3,2019-03-24 06:00:00,0.10531,0.10531,0.10531,0.12,0.0,331.97977973715166,-0.0,0.0,0.0,331.97977973715166,331.97977973715166,0.0,0.0
1974,2019-03-24 06:00:00,3,2019-03-24 07:00:00,0.10531,0.10531,0.10531,0.12,0.0,402.78521807199377,-0.0,0.0,0.0,402.78521807199377,402.78521807199377,0.0,0.0
1975,2019-03-24 07:00:00,3,2019-03-24 08:00:00,0.10531,0.10531,0.10531,0.12,0.0,813.0541830018601,-0.0,0.0,0.0,813.0541830018601,813.0541830018601,0.0,0.0
1976,2019-03-24 08:00:00,3,2019-03-24 09:00:00,0.10531,0.10531,0.10531,0.12,0.0,784.574319570567,-168.65110023517045,0.0,0.0,953.2254198057375,953.2254198057375,0.0,1.0
1977,2019-03-24 09:00:00,3,2019-03-24 10:00:00,0.06431,0.06431,0.06431,0.12,0.19394876527044602,790.1058231673753,-181.5049974591617,0.0,0.0,971.610820626537,971.610820626537,0.0,1.0
1978,2019-03-24 10:00:00,3,2019-03-24 11:00:00,0.06431,0.06431,0.06431,0.12,0.402679512348482,826.6188906147922,-144.99193001174478,0.0,0.0,971.610820626537,971.610820626537,0.0,1.0
1979,2019-03-24 11:00:00,3,2019-03-24 12:00:00,0.06431,0.06431,0.06431,0.12,0.5694202318619885,815.8878413771326,-155.72297924940437,0.0,0.0,971.610820626537,971.610820626537,0.0,1.0
1980,2019-03-24 12:00:00,3,2019-03-24 13:00:00,0.06431,0.06431,0.06431,0.12,0.7485016579988035,870.1719117694512,-101.43890885708583,0.0,0.0,971.610820626537,971.610820626537,0.0,1.0
1981,2019-03-24 13:00:00,3,2019-03-24 14:00:00,0.06431,0.06431,0.06431,0.12,0.8651564031844523,854.3555190477998,-117.2553015787372,0.0,0.0,971.610820626537,971.610820626537,0.0,1.0
1982,2019-03-24 14:00:00,3,2019-03-24 15:00:00,0.10531,0.10531,0.10531,0.12,1.0,812.6373225661445,-0.0,0.0,0.0,812.6373225661445,812.6373225661445,0.0,1.0
1983,2019-03-24 15:00:00,3,2019-03-24 16:00:00,0.10531,0.10531,0.10531,0.12,1.0000000000000002,784.5542480506407,-0.0,1.0459189070388675e-13,0.0,784.5542480506406,784.5542480506406,0.0,1.0
1984,2019-03-24 16:00:00,3,2019-03-24 17:00:00,0.13592,0.13592,0.13592,0.12,1.0,697.1017620229238,-0.0,400.0,0.0,297.1017620229238,297.1017620229238,0.0,0.0
1985,2019-03-24 17:00:00,3,2019-03-24 18:00:00,0.13592,0.13592,0.13592,0.12,0.4565217391304348,542.6127624524496,-0.0,0.0,0.0,542.6127624524496,542.6127624524496,0.0,0.0
1986,2019-03-24 18:00:00,3,2019-03-24 19:00:00,0.13592,0.13592,0.13592,0.12,0.4565217391304348,556.799752238409,-0.0,336.00000000000006,0.0,220.79975223840898,220.79975223840898,0.0,0.0
1987,2019-03-24 19:00:00,3,2019-03-24 20:00:00,0.13592,0.13592,0.13592,0.12,0.0,447.5577022705379,-0.0,0.0,0.0,447.5577022705379,447.5577022705379,0.0,0.0
1988,2019-03-24 20:00:00,3,2019-03-24 21:00:00,0.13592,0.13592,0.13592,0.12,0.0,436.59946616574234,-0.0,0.0,0.0,436.59946616574234,436.59946616574234,0.0,0.0
1989,2019-03-24 21:00:00,3,2019-03-24 22:00:00,0.10531,0.10531,0.10531,0.12,0.0,270.7912846663552,-0.0,0.0,0.0,270.7912846663552,270.7912846663552,0.0,0.0
1990,2019-03-24 22:00:00,3,2019-03-24 23:00:00,0.10531,0.10531,0.10531,0.12,0.0,232.52797419365254,-0.0,0.0,0.0,232.52797419365254,232.52797419365254,0.0,0.0
1991,2019-03-24 23:00:00,3,2019-03-25 00:00:00,0.10531,0.10531,0.10531,0.12,0.0,223.05437894996706,-0.0,0.0,0.0,223.05437894996706,223.05437894996706,0.0,0.0
1992,2019-03-25 00:00:00,3,2019-03-25 01:00:00,0.10531,0.10531,0.10531,0.12,0.0,184.42213856384268,-0.0,0.0,0.0,184.42213856384268,184.42213856384268,0.0,1.0
1993,2019-03-25 01:00:00,3,2019-03-25 02:00:00,0.10531,0.10531,0.10531,0.12,0.0,184.42213851113496,-0.0,0.0,0.0,184.42213851113496,184.42213851113496,0.0,0.0
1994,2019-03-25 02:00:00,3,2019-03-25 03:00:00,0.10531,0.10531,0.10531,0.12,0.0,184.42213850183356,-0.0,0.0,0.0,184.42213850183356,184.42213850183356,0.0,0.0
1995,2019-03-25 03:00:00,3,2019-03-25 04:00:00,0.10531,0.10531,0.10531,0.12,0.0,193.8957338067531,-0.0,0.0,0.0,193.8957338067531,193.8957338067531,0.0,1.0
1996,2019-03-25 04:00:00,3,2019-03-25 05:00:00,0.10531,0.10531,0.10531,0.12,0.0,212.84401409340194,-0.0,0.0,0.0,212.84401409340194,212.84401409340194,0.0,0.0
1997,2019-03-25 05:00:00,3,2019-03-25 06:00:00,0.10531,0.10531,0.10531,0.12,0.0,331.8163135365591,-0.0,0.0,0.0,331.8163135365591,331.8163135365591,0.0,0.0
1998,2019-03-25 06:00:00,3,2019-03-25 07:00:00,0.10531,0.10531,0.10531,0.12,0.0,317.59369186893656,-0.0,0.0,0.0,317.59369186893656,317.59369186893656,0.0,0.0
1999,2019-03-25 07:00:00,3,2019-03-25 08:00:00,0.10531,0.10531,0.10531,0.12,0.0,504.0309650730121,-0.0,0.0,0.0,504.0309650730121,504.0309650730121,0.0,0.0
2000,2019-03-25 08:00:00,3,2019-03-25 09:00:00,0.10531,0.10531,0.10531,0.12,0.0,475.55792687839914,-0.0,0.0,0.0,475.55792687839914,475.55792687839914,0.0,1.0
2001,2019-03-25 09:00:00,3,2019-03-25 10:00:00,0.06431,0.06431,0.06431,0.12,0.0,437.5973413947294,-287.96982696551186,0.0,0.0,725.5671683602413,725.5671683602413,0.0,1.0
2002,2019-03-25 10:00:00,3,2019-03-25 11:00:00,0.06431,0.06431,0.06431,0.12,0.33116530101033864,467.7629052384935,0.0,0.0,0.0,467.7629052384935,467.7629052384935,0.0,0.0
2003,2019-03-25 11:00:00,3,2019-03-25 12:00:00,0.06431,0.06431,0.06431,0.12,0.33116530101033864,503.4721906939,-222.09497766634126,0.0,0.0,725.5671683602413,725.5671683602413,0.0,1.0
2004,2019-03-25 12:00:00,3,2019-03-25 13:00:00,0.06431,0.06431,0.06431,0.12,0.5865745253266311,530.1694132546073,-97.69887755281701,0.0,0.0,627.8682908074243,627.8682908074243,0.0,1.0
2005,2019-03-25 13:00:00,3,2019-03-25 14:00:00,0.06431,0.06431,0.06431,0.12,0.6989282345123707,366.06675560079015,-261.80153520663407,0.0,0.0,627.8682908074243,627.8682908074243,0.0,1.0
2006,2019-03-25 14:00:00,3,2019-03-25 15:00:00,0.10531,0.10531,0.10531,0.12,1.0,381.95447870448135,-0.0,0.0,0.0,381.95447870448135,381.95447870448135,0.0,1.0
2007,2019-03-25 15:00:00,3,2019-03-25 16:00:00,0.10531,0.10531,0.10531,0.12,1.0,384.4011703909025,-0.0,0.0,0.0,384.4011703909025,384.4011703909025,0.0,0.0
2008,2019-03-25 16:00:00,3,2019-03-25 17:00:00,0.13592,0.13592,0.13592,0.12,1.0,330.8783489637977,-0.0,330.8783489637977,0.0,0.0,0.0,0.0,0.0
2009,2019-03-25 17:00:00,3,2019-03-25 18:00:00,0.13592,0.13592,0.13592,0.12,0.5504370258644053,229.95133369543726,-0.0,229.95133369543726,0.0,0.0,0.0,0.0,0.0
2010,2019-03-25 18:00:00,3,2019-03-25 19:00:00,0.13592,0.13592,0.13592,0.12,0.2380031485608221,237.49340255315892,-0.0,175.17031734076508,0.0,62.323085212393835,62.323085212393835,0.0,0.0
2011,2019-03-25 19:00:00,3,2019-03-25 20:00:00,0.13592,0.13592,0.13592,0.12,0.0,250.73803182187092,-0.0,0.0,0.0,250.73803182187092,250.73803182187092,0.0,0.0
2012,2019-03-25 20:00:00,3,2019-03-25 21:00:00,0.13592,0.13592,0.13592,0.12,0.0,231.79156758210993,-0.0,0.0,0.0,231.79156758210993,231.79156758210993,0.0,0.0
2013,2019-03-25 21:00:00,3,2019-03-25 22:00:00,0.10531,0.10531,0.10531,0.12,0.0,212.8429243553581,-0.0,0.0,0.0,212.8429243553581,212.8429243553581,0.0,0.0
2014,2019-03-25 22:00:00,3,2019-03-25 23:00:00,0.10531,0.10531,0.10531,0.12,0.0,193.89573381682953,-0.0,0.0,0.0,193.89573381682953,193.89573381682953,0.0,1.0
2015,2019-03-25 23:00:00,3,2019-03-26 00:00:00,0.10531,0.10531,0.10531,0.12,0.0,184.42213858244546,-0.0,0.0,0.0,184.42213858244546,184.42213858244546,0.0,0.0
2016,2019-03-26 00:00:00,3,2019-03-26 01:00:00,0.10531,0.10531,0.10531,0.12,0.0,184.42177498582097,-0.0,0.0,0.0,184.42177498582097,184.42177498582097,0.0,0.0
2017,2019-03-26 01:00:00,3,2019-03-26 02:00:00,0.10531,0.10531,0.10531,0.12,0.0,184.42177485095112,-0.0,0.0,0.0,184.42177485095112,184.42177485095112,0.0,0.0
2018,2019-03-26 02:00:00,3,2019-03-26 03:00:00,0.10531,0.10531,0.10531,0.12,0.0,184.42177479049226,-0.0,0.0,0.0,184.42177479049226,184.42177479049226,0.0,0.0
2019,2019-03-26 03:00:00,3,2019-03-26 04:00:00,0.10531,0.10531,0.10531,0.12,0.0,193.8953701946263,-0.0,0.0,0.0,193.8953701946263,193.8953701946263,0.0,0.0
2020,2019-03-26 04:00:00,3,2019-03-26 05:00:00,0.10531,0.10531,0.10531,0.12,0.0,212.84365020455954,-0.0,0.0,0.0,212.84365020455954,212.84365020455954,0.0,0.0
2021,2019-03-26 05:00:00,3,2019-03-26 06:00:00,0.10531,0.10531,0.10531,0.12,0.0,250.7369418605942,-0.0,0.0,0.0,250.7369418605942,250.7369418605942,0.0,0.0
2022,2019-03-26 06:00:00,3,2019-03-26 07:00:00,0.10531,0.10531,0.10531,0.12,0.0,229.9502441596981,-0.0,0.0,0.0,229.9502441596981,229.9502441596981,0.0,0.0
2023,2019-03-26 07:00:00,3,2019-03-26 08:00:00,0.10531,0.10531,0.10531,0.12,0.0,229.95024431782133,-0.0,0.0,0.0,229.95024431782133,229.95024431782133,0.0,0.0
2024,2019-03-26 08:00:00,3,2019-03-26 09:00:00,0.10531,0.10531,0.10531,0.12,0.0,201.52945856041094,-0.0,0.0,0.0,201.52945856041094,201.52945856041094,0.0,0.0
2025,2019-03-26 09:00:00,3,2019-03-26 10:00:00,0.06431,0.06431,0.06431,0.12,0.0,163.63507745932546,-400.0,0.0,0.0,563.6350774593254,563.6350774593254,0.0,1.0
2026,2019-03-26 10:00:00,3,2019-03-26 11:00:00,0.06431,0.06431,0.06431,0.12,0.46,166.6925289252497,-0.0,166.6925289252497,171.86747107475034,0.0,-171.86747107475034,1.0,0.0
2027,2019-03-26 11:00:00,3,2019-03-26 12:00:00,0.06431,0.06431,0.06431,0.12,0.0,333.2855848116139,-326.8728319903183,0.0,0.0,660.1584168019322,660.1584168019322,0.0,1.0
2028,2019-03-26 12:00:00,3,2019-03-26 13:00:00,0.06431,0.06431,0.06431,0.12,0.375903756788866,369.54619208187694,-400.0,0.0,0.0,769.5461920818769,769.5461920818769,0.0,1.0
2029,2019-03-26 13:00:00,3,2019-03-26 14:00:00,0.06431,0.06431,0.06431,0.12,0.835903756788866,408.07825612100135,-142.69238540098607,0.0,0.0,550.7706415219874,550.7706415219874,0.0,1.0
2030,2019-03-26 14:00:00,3,2019-03-26 15:00:00,0.10531,0.10531,0.10531,0.12,1.0,346.78225454571003,-0.0,-5.684341886080802e-14,-8.99022324715139e-15,346.7822545457101,346.7822545457101,0.0,0.0
2031,2019-03-26 15:00:00,3,2019-03-26 16:00:00,0.10531,0.10531,0.10531,0.12,1.0,235.86177002251497,-0.0,5.684341886080802e-14,1.0729704881334085e-14,235.861770022515,235.861770022515,0.0,0.0
2032,2019-03-26 16:00:00,3,2019-03-26 17:00:00,0.13592,0.13592,0.13592,0.12,1.0,331.3068317036678,-0.0,331.30683170366785,0.0,0.0,0.0,0.0,0.0
2033,2019-03-26 17:00:00,3,2019-03-26 18:00:00,0.13592,0.13592,0.13592,0.12,0.5498548482287122,229.95024440463405,-0.0,229.95024440463405,0.0,0.0,0.0,0.0,0.0
2034,2019-03-26 18:00:00,3,2019-03-26 19:00:00,0.13592,0.13592,0.13592,0.12,0.23742245093980727,237.49231252057177,-0.0,174.74292389169818,0.0,62.74938862887359,62.74938862887359,0.0,0.0
2035,2019-03-26 19:00:00,3,2019-03-26 20:00:00,0.13592,0.13592,0.13592,0.12,0.0,250.73694181176205,-0.0,3.637237528627911e-14,0.0,250.73694181176202,250.73694181176202,0.0,0.0
2036,2019-03-26 20:00:00,3,2019-03-26 21:00:00,0.13592,0.13592,0.13592,0.12,0.0,231.79084042529135,-0.0,0.0,0.0,231.79084042529135,231.79084042529135,0.0,0.0
2037,2019-03-26 21:00:00,3,2019-03-26 22:00:00,0.10531,0.10531,0.10531,0.12,0.0,212.8425608199676,-0.0,0.0,0.0,212.8425608199676,212.8425608199676,0.0,0.0
2038,2019-03-26 22:00:00,3,2019-03-26 23:00:00,0.10531,0.10531,0.10531,0.12,0.0,193.8953701271914,-0.0,0.0,0.0,193.8953701271914,193.8953701271914,0.0,1.0
2039,2019-03-26 23:00:00,3,2019-03-27 00:00:00,0.10531,0.10531,0.10531,0.12,0.0,184.42177477343975,-0.0,0.0,0.0,184.42177477343975,184.42177477343975,0.0,1.0
2040,2019-03-27 00:00:00,3,2019-03-27 01:00:00,0.10531,0.10531,0.10531,0.12,0.0,223.05437722068794,0.0,0.0,0.0,223.05437722068794,223.05437722068794,0.0,0.0
2041,2019-03-27 01:00:00,3,2019-03-27 02:00:00,0.10531,0.10531,0.10531,0.12,0.0,223.05437726564455,-0.0,0.0,0.0,223.05437726564455,223.05437726564455,0.0,0.0
2042,2019-03-27 02:00:00,3,2019-03-27 03:00:00,0.10531,0.10531,0.10531,0.12,0.0,223.05437728657262,-0.0,0.0,0.0,223.05437728657262,223.05437728657262,0.0,0.0
2043,2019-03-27 03:00:00,3,2019-03-27 04:00:00,0.10531,0.10531,0.10531,0.12,0.0,232.5279725511862,-0.0,0.0,0.0,232.5279725511862,232.5279725511862,0.0,0.0
2044,2019-03-27 04:00:00,3,2019-03-27 05:00:00,0.10531,0.10531,0.10531,0.12,0.0,270.7923713597517,-0.0,0.0,0.0,270.7923713597517,270.7923713597517,0.0,0.0
2045,2019-03-27 05:00:00,3,2019-03-27 06:00:00,0.10531,0.10531,0.10531,0.12,0.0,331.7548572637058,-0.0,0.0,0.0,331.7548572637058,331.7548572637058,0.0,0.0
2046,2019-03-27 06:00:00,3,2019-03-27 07:00:00,0.10531,0.10531,0.10531,0.12,0.0,388.1924207976655,-400.0,0.0,0.0,788.1924207976655,788.1924207976655,0.0,1.0
2047,2019-03-27 07:00:00,3,2019-03-27 08:00:00,0.10531,0.10531,0.10531,0.12,0.46,813.0495652453575,-0.0,0.0,0.0,813.0495652453575,813.0495652453575,0.0,0.0
2048,2019-03-27 08:00:00,3,2019-03-27 09:00:00,0.10531,0.10531,0.10531,0.12,0.46,784.5836218363804,-172.04078129979226,0.0,0.0,956.6244031361726,956.6244031361726,0.0,1.0
2049,2019-03-27 09:00:00,3,2019-03-27 10:00:00,0.06431,0.06431,0.06431,0.12,0.6578468984947611,807.7926934523804,-163.81812717415664,0.0,0.0,971.610820626537,971.610820626537,0.0,1.0
2050,2019-03-27 10:00:00,3,2019-03-27 11:00:00,0.06431,0.06431,0.06431,0.12,0.8462377447450413,868.0508994064211,-103.55992122011594,0.0,0.0,971.610820626537,971.610820626537,0.0,1.0
2051,2019-03-27 11:00:00,3,2019-03-27 12:00:00,0.06431,0.06431,0.06431,0.12,0.9653316541481746,941.4644329292976,-30.146387697239447,0.0,0.0,971.610820626537,971.610820626537,0.0,1.0
2052,2019-03-27 12:00:00,3,2019-03-27 13:00:00,0.06431,0.06431,0.06431,0.12,1.0,1035.7572598629715,-0.0,64.1464392364345,0.0,971.610820626537,971.610820626537,0.0,0.0
2053,2019-03-27 13:00:00,3,2019-03-27 14:00:00,0.06431,0.06431,0.06431,0.12,0.9128445119070183,1048.5578426699578,-0.0,76.94702204342082,0.0,971.610820626537,971.610820626537,0.0,0.0
2054,2019-03-27 14:00:00,3,2019-03-27 15:00:00,0.10531,0.10531,0.10531,0.12,0.8082969276088922,1052.4860974797416,-0.0,80.87527685320458,0.0,971.610820626537,971.610820626537,0.0,0.0
2055,2019-03-27 15:00:00,3,2019-03-27 16:00:00,0.10531,0.10531,0.10531,0.12,0.6984120405800816,1094.8552182514077,-0.0,123.24439762487066,0.0,971.610820626537,971.610820626537,0.0,0.0
2056,2019-03-27 16:00:00,3,2019-03-27 17:00:00,0.13592,0.13592,0.13592,0.12,0.530960413372377,999.071501497743,-0.0,27.460680871206023,0.0,971.610820626537,971.610820626537,0.0,0.0
2057,2019-03-27 17:00:00,3,2019-03-27 18:00:00,0.13592,0.13592,0.13592,0.12,0.49364970566693395,762.3266649552983,-0.0,363.3261833708634,0.0,399.00048158443485,399.00048158443485,0.0,0.0
2058,2019-03-27 18:00:00,3,2019-03-27 19:00:00,0.13592,0.13592,0.13592,0.12,0.0,625.075326007832,-0.0,0.0,0.0,625.075326007832,625.075326007832,0.0,1.0
2059,2019-03-27 19:00:00,3,2019-03-27 20:00:00,0.13592,0.13592,0.13592,0.12,0.0,447.4672823495076,-0.0,0.0,0.0,447.4672823495076,447.4672823495076,0.0,1.0
2060,2019-03-27 20:00:00,3,2019-03-27 21:00:00,0.13592,0.13592,0.13592,0.12,0.0,428.5463367425359,-0.0,0.0,0.0,428.5463367425359,428.5463367425359,0.0,1.0
2061,2019-03-27 21:00:00,3,2019-03-27 22:00:00,0.10531,0.10531,0.10531,0.12,0.0,270.7912832137917,-0.0,0.0,0.0,270.7912832137917,270.7912832137917,0.0,0.0
2062,2019-03-27 22:00:00,3,2019-03-27 23:00:00,0.10531,0.10531,0.10531,0.12,0.0,232.52797265505146,-0.0,0.0,0.0,232.52797265505146,232.52797265505146,0.0,0.0
2063,2019-03-27 23:00:00,3,2019-03-28 00:00:00,0.10531,0.10531,0.10531,0.12,0.0,223.05437738268674,-0.0,0.0,0.0,223.05437738268674,223.05437738268674,0.0,0.0
2064,2019-03-28 00:00:00,3,2019-03-28 01:00:00,0.10531,0.10531,0.10531,0.12,0.0,223.05437676337078,-0.0,0.0,0.0,223.05437676337078,223.05437676337078,0.0,0.0
2065,2019-03-28 01:00:00,3,2019-03-28 02:00:00,0.10531,0.10531,0.10531,0.12,0.0,223.05437671841418,-0.0,0.0,0.0,223.05437671841418,223.05437671841418,0.0,0.0
2066,2019-03-28 02:00:00,3,2019-03-28 03:00:00,0.10531,0.10531,0.10531,0.12,0.0,223.05437670058654,-0.0,0.0,0.0,223.05437670058654,223.05437670058654,0.0,0.0
2067,2019-03-28 03:00:00,3,2019-03-28 04:00:00,0.10531,0.10531,0.10531,0.12,0.0,232.52797199620468,-0.0,0.0,0.0,232.52797199620468,232.52797199620468,0.0,0.0
2068,2019-03-28 04:00:00,3,2019-03-28 05:00:00,0.10531,0.10531,0.10531,0.12,0.0,270.79237041333766,-300.17904715043767,0.0,0.0,570.9714175637753,570.9714175637753,0.0,1.0
2069,2019-03-28 05:00:00,3,2019-03-28 06:00:00,0.10531,0.10531,0.10531,0.12,0.3452059042230033,331.87449241317853,-0.0,0.0,0.0,331.87449241317853,331.87449241317853,0.0,0.0
2070,2019-03-28 06:00:00,3,2019-03-28 07:00:00,0.10531,0.10531,0.10531,0.12,0.3452059042230033,388.14189164017023,-400.0,0.0,0.0,788.1418916401702,788.1418916401702,0.0,1.0
2071,2019-03-28 07:00:00,3,2019-03-28 08:00:00,0.10531,0.10531,0.10531,0.12,0.8052059042230033,812.9783774912496,0.0,0.0,0.0,812.9783774912496,812.9783774912496,0.0,0.0
2072,2019-03-28 08:00:00,3,2019-03-28 09:00:00,0.10531,0.10531,0.10531,0.12,0.8052059042230033,842.1737412374274,0.0,0.0,0.0,842.1737412374274,842.1737412374274,0.0,0.0
2073,2019-03-28 09:00:00,3,2019-03-28 10:00:00,0.06431,0.06431,0.06431,0.12,0.8052059042230033,869.9047893620011,-101.70603126453591,0.0,0.0,971.610820626537,971.610820626537,0.0,1.0
2074,2019-03-28 10:00:00,3,2019-03-28 11:00:00,0.06431,0.06431,0.06431,0.12,0.9221678401772196,920.9731141026697,-50.63770652386734,0.0,0.0,971.610820626537,971.610820626537,0.0,1.0
2075,2019-03-28 11:00:00,3,2019-03-28 12:00:00,0.06431,0.06431,0.06431,0.12,0.9804012026796671,954.5683881740737,-17.042432452463345,0.0,0.0,971.610820626537,971.610820626537,0.0,1.0
2076,2019-03-28 12:00:00,3,2019-03-28 13:00:00,0.06431,0.06431,0.06431,0.12,1.0,1033.3354695698713,-0.0,61.72464894333382,0.0,971.6108206265375,971.6108206265375,0.0,0.0
2077,2019-03-28 13:00:00,3,2019-03-28 14:00:00,0.06431,0.06431,0.06431,0.12,0.9161349878487312,1044.4794731343088,-0.0,72.86865250777159,0.0,971.6108206265372,971.6108206265372,0.0,0.0
2078,2019-03-28 14:00:00,3,2019-03-28 15:00:00,0.10531,0.10531,0.10531,0.12,0.8171286665066502,1043.3116988717811,-0.0,71.70087824524414,0.0,971.6108206265369,971.6108206265369,0.0,0.0
2079,2019-03-28 15:00:00,3,2019-03-28 16:00:00,0.10531,0.10531,0.10531,0.12,0.7197089949777858,1079.8753175806162,-0.0,108.26449695407915,0.0,971.610820626537,971.610820626537,0.0,0.0
2080,2019-03-28 16:00:00,3,2019-03-28 17:00:00,0.13592,0.13592,0.13592,0.12,0.5726104936814828,981.640582802822,-0.0,400.0000000000003,0.0,581.6405828028217,581.6405828028217,0.0,0.0
2081,2019-03-28 17:00:00,3,2019-03-28 18:00:00,0.13592,0.13592,0.13592,0.12,0.029132232811917107,802.3044603792068,-0.0,0.0,0.0,802.3044603792068,802.3044603792068,0.0,1.0
2082,2019-03-28 18:00:00,3,2019-03-28 19:00:00,0.13592,0.13592,0.13592,0.12,0.029132232811917128,706.4835893380367,-0.0,-5.684341886080802e-14,0.0,706.4835893380368,706.4835893380368,0.0,1.0
2083,2019-03-28 19:00:00,3,2019-03-28 20:00:00,0.13592,0.13592,0.13592,0.12,0.029132232811917676,507.89828073492555,-0.0,1.7830189346042745e-13,0.0,507.8982807349254,507.8982807349254,0.0,1.0
2084,2019-03-28 20:00:00,3,2019-03-28 21:00:00,0.13592,0.13592,0.13592,0.12,0.029132232811917746,428.5151794670168,-0.0,21.441323349571327,0.0,407.0738561174455,407.0738561174455,0.0,0.0
2085,2019-03-28 21:00:00,3,2019-03-28 22:00:00,0.10531,0.10531,0.10531,0.12,0.0,270.7912826154038,-0.0,0.0,0.0,270.7912826154038,270.7912826154038,0.0,0.0
2086,2019-03-28 22:00:00,3,2019-03-28 23:00:00,0.10531,0.10531,0.10531,0.12,0.0,232.5279720551133,-0.0,0.0,0.0,232.5279720551133,232.5279720551133,0.0,0.0
2087,2019-03-28 23:00:00,3,2019-03-29 00:00:00,0.10531,0.10531,0.10531,0.12,0.0,223.05437678042327,-0.0,0.0,0.0,223.05437678042327,223.05437678042327,0.0,0.0
2088,2019-03-29 00:00:00,3,2019-03-29 01:00:00,0.10531,0.10531,0.10531,0.12,0.0,223.05437616420772,-0.0,0.0,0.0,223.05437616420772,223.05437616420772,0.0,0.0
2089,2019-03-29 01:00:00,3,2019-03-29 02:00:00,0.10531,0.10531,0.10531,0.12,0.0,223.05437612545205,-0.0,0.0,0.0,223.05437612545205,223.05437612545205,0.0,0.0
2090,2019-03-29 02:00:00,3,2019-03-29 03:00:00,0.10531,0.10531,0.10531,0.12,0.0,223.0543760998733,-0.0,0.0,0.0,223.0543760998733,223.0543760998733,0.0,0.0
2091,2019-03-29 03:00:00,3,2019-03-29 04:00:00,0.10531,0.10531,0.10531,0.12,0.0,232.52797138851537,-0.0,0.0,0.0,232.52797138851537,232.52797138851537,0.0,0.0
2092,2019-03-29 04:00:00,3,2019-03-29 05:00:00,0.10531,0.10531,0.10531,0.12,0.0,270.7923694514213,-181.48544352410792,0.0,0.0,452.2778129755292,452.2778129755292,0.0,1.0
2093,2019-03-29 05:00:00,3,2019-03-29 06:00:00,0.10531,0.10531,0.10531,0.12,0.20870826005272414,332.36194878959486,-0.0,0.0,0.0,332.36194878959486,332.36194878959486,0.0,0.0
2094,2019-03-29 06:00:00,3,2019-03-29 07:00:00,0.10531,0.10531,0.10531,0.12,0.20870826005272414,388.12282144957254,-399.99999999999994,0.0,0.0,788.1228214495725,788.1228214495725,0.0,1.0
2095,2019-03-29 07:00:00,3,2019-03-29 08:00:00,0.10531,0.10531,0.10531,0.12,0.6687082600527241,812.9639014177311,-158.64691920880637,0.0,0.0,971.6108206265375,971.6108206265375,0.0,1.0
2096,2019-03-29 08:00:00,3,2019-03-29 09:00:00,0.10531,0.10531,0.10531,0.12,0.8511522171428514,835.2576372505941,0.0,0.0,0.0,835.2576372505941,835.2576372505941,0.0,0.0
2097,2019-03-29 09:00:00,3,2019-03-29 10:00:00,0.06431,0.06431,0.06431,0.12,0.8511522171428514,888.6200217004758,-82.99079892606164,0.0,0.0,971.6108206265375,971.6108206265375,0.0,1.0
2098,2019-03-29 10:00:00,3,2019-03-29 11:00:00,0.06431,0.06431,0.06431,0.12,0.9465916359078222,944.5766311473725,-27.03418947916498,0.0,0.0,971.6108206265375,971.6108206265375,0.0,1.0
2099,2019-03-29 11:00:00,3,2019-03-29 12:00:00,0.06431,0.06431,0.06431,0.12,0.977680953808862,952.2029543733739,-19.407866253163547,0.0,0.0,971.6108206265375,971.6108206265375,0.0,1.0
2100,2019-03-29 12:00:00,3,2019-03-29 13:00:00,0.06431,0.06431,0.06431,0.12,1.0,1039.3635312001331,-0.0,67.75271057359566,0.0,971.6108206265375,971.6108206265375,0.0,0.0
2101,2019-03-29 13:00:00,3,2019-03-29 14:00:00,0.06431,0.06431,0.06431,0.12,0.9079446867206581,1055.489331194793,-0.0,83.87851056825559,0.0,971.6108206265375,971.6108206265375,0.0,0.0
2102,2019-03-29 14:00:00,3,2019-03-29 15:00:00,0.10531,0.10531,0.10531,0.12,0.7939793191007456,1060.7306878740822,-0.0,89.11986724754468,0.0,971.6108206265375,971.6108206265375,0.0,0.0
2103,2019-03-29 15:00:00,3,2019-03-29 16:00:00,0.10531,0.10531,0.10531,0.12,0.6728925429491903,1097.1688546400883,-0.0,125.55803401355081,0.0,971.6108206265375,971.6108206265375,0.0,0.0
2104,2019-03-29 16:00:00,3,2019-03-29 17:00:00,0.13592,0.13592,0.13592,0.12,0.5022973880394745,978.5800360970786,-0.0,6.969215470541144,0.0,971.6108206265375,971.6108206265375,0.0,0.0
2105,2019-03-29 17:00:00,3,2019-03-29 18:00:00,0.13592,0.13592,0.13592,0.12,0.49282834528058717,770.8639266534246,-0.0,362.7216621265122,0.0,408.14226452691247,408.14226452691247,0.0,0.0
2106,2019-03-29 18:00:00,3,2019-03-29 19:00:00,0.13592,0.13592,0.13592,0.12,0.0,677.5917204240077,-0.0,0.0,0.0,677.5917204240077,677.5917204240077,0.0,1.0
2107,2019-03-29 19:00:00,3,2019-03-29 20:00:00,0.13592,0.13592,0.13592,0.12,0.0,493.1866743011652,-0.0,0.0,0.0,493.1866743011652,493.1866743011652,0.0,0.0
2108,2019-03-29 20:00:00,3,2019-03-29 21:00:00,0.13592,0.13592,0.13592,0.12,0.0,468.3435006625955,-0.0,0.0,0.0,468.3435006625955,468.3435006625955,0.0,0.0
2109,2019-03-29 21:00:00,3,2019-03-29 22:00:00,0.10531,0.10531,0.10531,0.12,0.0,270.7912818588927,-0.0,0.0,0.0,270.7912818588927,270.7912818588927,0.0,0.0
2110,2019-03-29 22:00:00,3,2019-03-29 23:00:00,0.10531,0.10531,0.10531,0.12,0.0,232.5279714078932,-0.0,0.0,0.0,232.5279714078932,232.5279714078932,0.0,0.0
2111,2019-03-29 23:00:00,3,2019-03-30 00:00:00,0.10531,0.10531,0.10531,0.12,0.0,223.05437608359586,-0.0,0.0,0.0,223.05437608359586,223.05437608359586,0.0,0.0
2112,2019-03-30 00:00:00,3,2019-03-30 01:00:00,0.10531,0.10531,0.10531,0.12,0.0,223.05437546040432,-0.0,0.0,0.0,223.05437546040432,223.05437546040432,0.0,0.0
2113,2019-03-30 01:00:00,3,2019-03-30 02:00:00,0.10531,0.10531,0.10531,0.12,0.0,223.05437547978218,-0.0,0.0,0.0,223.05437547978218,223.05437547978218,0.0,0.0
2114,2019-03-30 02:00:00,3,2019-03-30 03:00:00,0.10531,0.10531,0.10531,0.12,0.0,223.05437551621253,-0.0,0.0,0.0,223.05437551621253,223.05437551621253,0.0,0.0
2115,2019-03-30 03:00:00,3,2019-03-30 04:00:00,0.10531,0.10531,0.10531,0.12,0.0,232.52797079477816,-0.0,0.0,0.0,232.52797079477816,232.52797079477816,0.0,0.0
2116,2019-03-30 04:00:00,3,2019-03-30 05:00:00,0.10531,0.10531,0.10531,0.12,0.0,270.7923685654662,-8.530776077088953,0.0,0.0,279.3231446425551,279.3231446425551,0.0,1.0
2117,2019-03-30 05:00:00,3,2019-03-30 06:00:00,0.10531,0.10531,0.10531,0.12,0.009810392488652297,332.5134209003302,-400.0,0.0,0.0,732.5134209003302,732.5134209003302,0.0,1.0
2118,2019-03-30 06:00:00,3,2019-03-30 07:00:00,0.10531,0.10531,0.10531,0.12,0.4698103924886523,388.1197388735642,-400.0,0.0,0.0,788.1197388735642,788.1197388735642,0.0,1.0
2119,2019-03-30 07:00:00,3,2019-03-30 08:00:00,0.10531,0.10531,0.10531,0.12,0.9298103924886523,875.6688329314452,0.0,0.0,0.0,875.6688329314452,875.6688329314452,0.0,0.0
2120,2019-03-30 08:00:00,3,2019-03-30 09:00:00,0.10531,0.10531,0.10531,0.12,0.9298103924886523,931.4194065570509,-40.19141406948654,0.0,0.0,971.6108206265375,971.6108206265375,0.0,1.0
2121,2019-03-30 09:00:00,3,2019-03-30 10:00:00,0.06431,0.06431,0.06431,0.12,0.9760305186685617,950.7677933818086,-20.843027244728887,0.0,0.0,971.6108206265375,971.6108206265375,0.0,1.0
2122,2019-03-30 10:00:00,3,2019-03-30 11:00:00,0.06431,0.06431,0.06431,0.12,1.0,995.3359279092635,-0.0,23.72510728272607,0.0,971.6108206265375,971.6108206265375,0.0,0.0
2123,2019-03-30 11:00:00,3,2019-03-30 12:00:00,0.06431,0.06431,0.06431,0.12,0.9677647998876004,985.6460562566027,-0.0,14.035235630065245,0.0,971.6108206265375,971.6108206265375,0.0,0.0
2124,2019-03-30 12:00:00,3,2019-03-30 13:00:00,0.06431,0.06431,0.06431,0.12,0.9486951862597944,1033.2663443628205,-0.0,61.655523736283044,0.0,971.6108206265375,971.6108206265375,0.0,0.0
2125,2019-03-30 13:00:00,3,2019-03-30 14:00:00,0.06431,0.06431,0.06431,0.12,0.8649240942268012,1034.7907317062156,-0.0,63.17991107967822,0.0,971.6108206265375,971.6108206265375,0.0,0.0
2126,2019-03-30 14:00:00,3,2019-03-30 15:00:00,0.10531,0.10531,0.10531,0.12,0.7790818237381079,1031.0692901647058,-0.0,59.45846953816829,0.0,971.6108206265375,971.6108206265375,0.0,0.0
2127,2019-03-30 15:00:00,3,2019-03-30 16:00:00,0.10531,0.10531,0.10531,0.12,0.6982958596916836,1026.0490923290347,-0.0,54.43827170249722,0.0,971.6108206265375,971.6108206265375,0.0,0.0
2128,2019-03-30 16:00:00,3,2019-03-30 17:00:00,0.13592,0.13592,0.13592,0.12,0.6243308166176385,865.9041441856556,-0.0,399.99999999999994,0.0,465.90414418565564,465.90414418565564,0.0,0.0
2129,2019-03-30 17:00:00,3,2019-03-30 18:00:00,0.13592,0.13592,0.13592,0.12,0.0808525557480734,643.5693272907534,-0.0,0.0,0.0,643.5693272907534,643.5693272907534,0.0,1.0
2130,2019-03-30 18:00:00,3,2019-03-30 19:00:00,0.13592,0.13592,0.13592,0.12,0.0808525557480734,568.2733275420135,-0.0,0.0,0.0,568.2733275420135,568.2733275420135,0.0,1.0
2131,2019-03-30 19:00:00,3,2019-03-30 20:00:00,0.13592,0.13592,0.13592,0.12,0.0808525557480734,447.4541482957767,-0.0,0.0,0.0,447.4541482957767,447.4541482957767,0.0,1.0
2132,2019-03-30 20:00:00,3,2019-03-30 21:00:00,0.13592,0.13592,0.13592,0.12,0.0808525557480734,436.49562657003884,-0.0,59.50748103058202,0.0,376.9881455394568,376.9881455394568,0.0,0.0
2133,2019-03-30 21:00:00,3,2019-03-30 22:00:00,0.10531,0.10531,0.10531,0.12,0.0,270.79128115586434,-0.0,0.0,0.0,270.79128115586434,270.79128115586434,0.0,0.0
2134,2019-03-30 22:00:00,3,2019-03-30 23:00:00,0.10531,0.10531,0.10531,0.12,0.0,232.5279707087405,-0.0,0.0,0.0,232.5279707087405,232.5279707087405,0.0,0.0
2135,2019-03-30 23:00:00,3,2019-03-31 00:00:00,0.10531,0.10531,0.10531,0.12,0.0,223.05437541312233,-0.0,0.0,0.0,223.05437541312233,223.05437541312233,0.0,0.0
2136,2019-03-31 00:00:00,3,2019-03-31 01:00:00,0.10531,0.10531,0.10531,0.12,0.0,223.0543747728783,0.0,0.0,0.0,223.0543747728783,223.0543747728783,0.0,0.0
2137,2019-03-31 01:00:00,3,2019-03-31 02:00:00,0.10531,0.10531,0.10531,0.12,0.0,223.05437478683032,-0.0,0.0,0.0,223.05437478683032,223.05437478683032,0.0,0.0
2138,2019-03-31 02:00:00,3,2019-03-31 03:00:00,0.10531,0.10531,0.10531,0.12,0.0,223.0543748178349,-0.0,0.0,0.0,223.0543748178349,223.0543748178349,0.0,0.0
2139,2019-03-31 03:00:00,3,2019-03-31 04:00:00,0.10531,0.10531,0.10531,0.12,0.0,232.52797014523267,-0.0,0.0,0.0,232.52797014523267,232.52797014523267,0.0,0.0
2140,2019-03-31 04:00:00,3,2019-03-31 05:00:00,0.10531,0.10531,0.10531,0.12,0.0,270.79236791282017,-0.0,0.0,0.0,270.79236791282017,270.79236791282017,0.0,0.0
2141,2019-03-31 05:00:00,3,2019-03-31 06:00:00,0.10531,0.10531,0.10531,0.12,0.0,332.6917878988723,-220.80860794848314,0.0,0.0,553.5003958473554,553.5003958473554,0.0,1.0
2142,2019-03-31 06:00:00,3,2019-03-31 07:00:00,0.10531,0.10531,0.10531,0.12,0.25392989914075564,388.13514622936924,-399.99999999999994,0.0,0.0,788.1351462293692,788.1351462293692,0.0,1.0
2143,2019-03-31 07:00:00,3,2019-03-31 08:00:00,0.10531,0.10531,0.10531,0.12,0.7139298991407556,839.5142663547754,-132.0965542717621,0.0,0.0,971.6108206265375,971.6108206265375,0.0,1.0
2144,2019-03-31 08:00:00,3,2019-03-31 09:00:00,0.10531,0.10531,0.10531,0.12,0.865840936553282,892.2701466794515,-79.34067394708597,0.0,0.0,971.6108206265375,971.6108206265375,0.0,1.0
2145,2019-03-31 09:00:00,3,2019-03-31 10:00:00,0.06431,0.06431,0.06431,0.12,0.957082711592431,934.2914394025644,-37.319381223973096,0.0,0.0,971.6108206265375,971.6108206265375,0.0,1.0
2146,2019-03-31 10:00:00,3,2019-03-31 11:00:00,0.06431,0.06431,0.06431,0.12,1.0,997.8436395460778,-0.0,26.232818919540364,0.0,971.6108206265375,971.6108206265375,0.0,0.0
2147,2019-03-31 11:00:00,3,2019-03-31 12:00:00,0.06431,0.06431,0.06431,0.12,0.964357582989755,975.2787408540875,-0.0,3.6679202275499847,0.0,971.6108206265375,971.6108206265375,0.0,0.0
2148,2019-03-31 12:00:00,3,2019-03-31 13:00:00,0.06431,0.06431,0.06431,0.12,0.9593739957240621,1027.8454768718998,-0.0,56.23465624536245,0.0,971.6108206265374,971.6108206265374,0.0,0.0
2149,2019-03-31 13:00:00,3,2019-03-31 14:00:00,0.06431,0.06431,0.06431,0.12,0.8829682127819936,1040.5102738014075,-0.0,68.89945317487025,0.0,971.6108206265372,971.6108206265372,0.0,0.0
2150,2019-03-31 14:00:00,3,2019-03-31 15:00:00,0.10531,0.10531,0.10531,0.12,0.7893548253161373,1029.6724268916041,-0.0,58.06160626506572,0.0,971.6108206265384,971.6108206265384,0.0,0.0
2151,2019-03-31 15:00:00,3,2019-03-31 16:00:00,0.10531,0.10531,0.10531,0.12,0.7104667733255589,1060.4585445811465,-0.0,88.84772395460894,0.0,971.6108206265376,971.6108206265376,0.0,0.0
2152,2019-03-31 16:00:00,3,2019-03-31 17:00:00,0.13592,0.13592,0.13592,0.12,0.5897497570828837,971.5524806930614,-0.0,400.00000000000045,0.0,571.5524806930609,571.5524806930609,0.0,0.0
2153,2019-03-31 17:00:00,3,2019-03-31 18:00:00,0.13592,0.13592,0.13592,0.12,0.046271496213317886,764.2518123376486,-0.0,34.05582121300202,0.0,730.1959911246466,730.1959911246466,0.0,0.0
2154,2019-03-31 18:00:00,3,2019-03-31 19:00:00,0.13592,0.13592,0.13592,0.12,-6.696561772834822e-17,661.4749010190211,-0.0,-1.7053025658242404e-13,0.0,661.4749010190212,661.4749010190212,0.0,1.0
2155,2019-03-31 19:00:00,3,2019-03-31 20:00:00,0.13592,0.13592,0.13592,0.12,0.0,484.47006963534415,-0.0,0.0,0.0,484.47006963534415,484.47006963534415,0.0,0.0
2156,2019-03-31 20:00:00,3,2019-03-31 21:00:00,0.13592,0.13592,0.13592,0.12,7.887951161809842e-16,428.5092688275216,-0.0,0.0,0.0,428.5092688275216,428.5092688275216,0.0,0.0
2157,2019-03-31 21:00:00,3,2019-03-31 22:00:00,0.10531,0.10531,0.10531,0.12,0.0,270.7912805427493,-0.0,0.0,-1.9771839150673693e-14,270.7912805427493,270.7912805427493,0.0,0.0
2158,2019-03-31 22:00:00,3,2019-03-31 23:00:00,0.10531,0.10531,0.10531,0.12,-5.1633781586553057e-17,232.5279700506688,-0.0,0.0,0.0,232.5279700506688,232.5279700506688,0.0,0.0
2159,2019-03-31 23:00:00,3,2019-04-01 00:00:00,0.10531,0.10531,0.10531,0.12,-5.1633781586553057e-17,223.05437476590225,-0.0,0.0,0.0,223.05437476590225,223.05437476590225,0.0,0.0
2160,2019-04-01 00:00:00,4,2019-04-01 01:00:00,0.10531,0.10531,0.10531,0.12,0.0,184.42213430691723,-0.45864812428160917,0.0,0.0,184.88078243119884,184.88078243119884,0.0,1.0
2161,2019-04-01 01:00:00,4,2019-04-01 02:00:00,0.10531,0.10531,0.10531,0.12,0.0005274453429238505,184.4221343441227,-0.0,0.0,0.0,184.4221343441227,184.4221343441227,0.0,1.0
2162,2019-04-01 02:00:00,4,2019-04-01 03:00:00,0.10531,0.10531,0.10531,0.12,0.0005274453429238505,184.42213437590235,-0.0,0.0,0.0,184.42213437590235,184.42213437590235,0.0,1.0
2163,2019-04-01 03:00:00,4,2019-04-01 04:00:00,0.10531,0.10531,0.10531,0.12,0.0005274453429238505,193.8957296110616,-400.0,0.0,0.0,593.8957296110616,593.8957296110616,0.0,1.0
2164,2019-04-01 04:00:00,4,2019-04-01 05:00:00,0.10531,0.10531,0.10531,0.12,0.4605274453429239,212.84400719333814,-400.0,0.0,0.0,612.8440071933381,612.8440071933381,0.0,1.0
2165,2019-04-01 05:00:00,4,2019-04-01 06:00:00,0.10531,0.10531,0.10531,0.12,0.9205274453429239,570.5844903260141,-69.10656926702268,0.0,0.0,639.6910595930368,639.6910595930368,0.0,1.0
2166,2019-04-01 06:00:00,4,2019-04-01 07:00:00,0.10531,0.10531,0.10531,0.12,1.0,574.286023451713,-0.0,0.0,0.0,574.286023451713,574.286023451713,0.0,0.0
2167,2019-04-01 07:00:00,4,2019-04-01 08:00:00,0.10531,0.10531,0.10531,0.12,1.0,781.5618096800357,-0.0,141.87075008699895,0.0,639.6910595930367,639.6910595930367,0.0,0.0
2168,2019-04-01 08:00:00,4,2019-04-01 09:00:00,0.10531,0.10531,0.10531,0.12,0.8072408286861428,767.4109055413625,-0.0,127.71984594832568,0.0,639.6910595930368,639.6910595930368,0.0,0.0
2169,2019-04-01 09:00:00,4,2019-04-01 10:00:00,0.06431,0.06431,0.06431,0.12,0.6337084292998305,739.8291367931131,-0.0,100.13807720007628,0.0,639.6910595930368,639.6910595930368,0.0,0.0
2170,2019-04-01 10:00:00,4,2019-04-01 11:00:00,0.06431,0.06431,0.06431,0.12,0.49765125919103126,754.2306715037599,-0.0,114.53961191072312,0.0,639.6910595930368,639.6910595930368,0.0,0.0
2171,2019-04-01 11:00:00,4,2019-04-01 12:00:00,0.06431,0.06431,0.06431,0.12,0.3420267864862444,761.6110870158581,-0.0,121.92002742282125,0.0,639.6910595930368,639.6910595930368,0.0,0.0
2172,2019-04-01 12:00:00,4,2019-04-01 13:00:00,0.06431,0.06431,0.06431,0.12,0.176374575313933,769.5027470240915,-0.0,129.81168743105468,0.0,639.6910595930368,639.6910595930368,0.0,0.0
2173,2019-04-01 13:00:00,4,2019-04-01 14:00:00,0.06431,0.06431,0.06431,0.12,0.0,578.0795202741745,-61.611539318862356,0.0,0.0,639.6910595930368,639.6910595930368,0.0,1.0
2174,2019-04-01 14:00:00,4,2019-04-01 15:00:00,0.10531,0.10531,0.10531,0.12,0.0708532702166917,581.4094742618922,-58.28158533114458,0.0,0.0,639.6910595930368,639.6910595930368,0.0,1.0
2175,2019-04-01 15:00:00,4,2019-04-01 16:00:00,0.10531,0.10531,0.10531,0.12,0.13787709334750797,618.1269971299615,-21.564062463075288,0.0,0.0,639.6910595930368,639.6910595930368,0.0,1.0
2176,2019-04-01 16:00:00,4,2019-04-01 17:00:00,0.13592,0.13592,0.13592,0.12,0.16267576518004453,590.8145523187904,-0.0,0.0,0.0,590.8145523187904,590.8145523187904,0.0,0.0
2177,2019-04-01 17:00:00,4,2019-04-01 18:00:00,0.13592,0.13592,0.13592,0.12,0.16267576518004453,483.78006402625806,-0.0,0.0,0.0,483.78006402625806,483.78006402625806,0.0,0.0
2178,2019-04-01 18:00:00,4,2019-04-01 19:00:00,0.13592,0.13592,0.13592,0.12,0.16267576518004453,291.95837511134556,-0.0,119.72936317251279,0.0,172.22901193883277,172.22901193883277,0.0,0.0
2179,2019-04-01 19:00:00,4,2019-04-01 20:00:00,0.13592,0.13592,0.13592,0.12,0.0,250.73802615578836,-0.0,0.0,0.0,250.73802615578836,250.73802615578836,0.0,0.0
2180,2019-04-01 20:00:00,4,2019-04-01 21:00:00,0.13592,0.13592,0.13592,0.12,0.0,231.79155978833978,-0.0,0.0,0.0,231.79155978833978,231.79155978833978,0.0,0.0
2181,2019-04-01 21:00:00,4,2019-04-01 22:00:00,0.10531,0.10531,0.10531,0.12,0.0,212.84292021702498,-0.0,0.0,0.0,212.84292021702498,212.84292021702498,0.0,0.0
2182,2019-04-01 22:00:00,4,2019-04-01 23:00:00,0.10531,0.10531,0.10531,0.12,0.0,193.89572965911867,-0.0,0.0,0.0,193.89572965911867,193.89572965911867,0.0,1.0
2183,2019-04-01 23:00:00,4,2019-04-02 00:00:00,0.10531,0.10531,0.10531,0.12,0.0,184.4221344014811,-0.0,0.0,0.0,184.4221344014811,184.4221344014811,0.0,1.0
2184,2019-04-02 00:00:00,4,2019-04-02 01:00:00,0.10531,0.10531,0.10531,0.12,0.0,184.42177146602876,-0.0,0.0,0.0,184.42177146602876,184.42177146602876,0.0,1.0
2185,2019-04-02 01:00:00,4,2019-04-02 02:00:00,0.10531,0.10531,0.10531,0.12,0.0,184.4217716187262,-0.0,0.0,0.0,184.4217716187262,184.4217716187262,0.0,1.0
2186,2019-04-02 02:00:00,4,2019-04-02 03:00:00,0.10531,0.10531,0.10531,0.12,0.0,184.42177170243852,-0.0,0.0,0.0,184.42177170243852,184.42177170243852,0.0,1.0
2187,2019-04-02 03:00:00,4,2019-04-02 04:00:00,0.10531,0.10531,0.10531,0.12,0.0,193.89536699805663,-0.0,0.0,0.0,193.89536699805663,193.89536699805663,0.0,1.0
2188,2019-04-02 04:00:00,4,2019-04-02 05:00:00,0.10531,0.10531,0.10531,0.12,0.0,212.8436436788757,-0.0,0.0,0.0,212.8436436788757,212.8436436788757,0.0,0.0
2189,2019-04-02 05:00:00,4,2019-04-02 06:00:00,0.10531,0.10531,0.10531,0.12,0.0,244.11462395099448,-0.0,0.0,0.0,244.11462395099448,244.11462395099448,0.0,0.0
2190,2019-04-02 06:00:00,4,2019-04-02 07:00:00,0.10531,0.10531,0.10531,0.12,0.0,229.95024106544344,-0.0,0.0,0.0,229.95024106544344,229.95024106544344,0.0,0.0
2191,2019-04-02 07:00:00,4,2019-04-02 08:00:00,0.10531,0.10531,0.10531,0.12,0.0,471.88254517451713,-0.0,0.0,0.0,471.88254517451713,471.88254517451713,0.0,0.0
2192,2019-04-02 08:00:00,4,2019-04-02 09:00:00,0.10531,0.10531,0.10531,0.12,0.0,424.7446933653486,-0.0,0.0,0.0,424.7446933653486,424.7446933653486,0.0,1.0
2193,2019-04-02 09:00:00,4,2019-04-02 10:00:00,0.06431,0.06431,0.06431,0.12,0.0,431.1567196350354,-189.0604341018032,0.0,0.0,620.2171537368386,620.2171537368386,0.0,1.0
2194,2019-04-02 10:00:00,4,2019-04-02 11:00:00,0.06431,0.06431,0.06431,0.12,0.2174194992170737,399.20452133006887,-221.01263240676974,0.0,0.0,620.2171537368386,620.2171537368386,0.0,1.0
2195,2019-04-02 11:00:00,4,2019-04-02 12:00:00,0.06431,0.06431,0.06431,0.12,0.4715840264848589,452.0843117890808,-168.1328419477578,0.0,0.0,620.2171537368386,620.2171537368386,0.0,1.0
2196,2019-04-02 12:00:00,4,2019-04-02 13:00:00,0.06431,0.06431,0.06431,0.12,0.6649367947247804,446.9929016677224,-0.0,0.0,0.0,446.9929016677224,446.9929016677224,0.0,1.0
2197,2019-04-02 13:00:00,4,2019-04-02 14:00:00,0.06431,0.06431,0.06431,0.12,0.6649367947247804,502.08209687098145,-291.35930893497357,0.0,0.0,793.441405805955,793.441405805955,0.0,1.0
2198,2019-04-02 14:00:00,4,2019-04-02 15:00:00,0.10531,0.10531,0.10531,0.12,1.0,467.80023655581033,-0.0,0.0,0.0,467.80023655581033,467.80023655581033,0.0,0.0
2199,2019-04-02 15:00:00,4,2019-04-02 16:00:00,0.10531,0.10531,0.10531,0.12,1.0,533.3018672720605,-0.0,0.0,0.0,533.3018672720605,533.3018672720605,0.0,1.0
2200,2019-04-02 16:00:00,4,2019-04-02 17:00:00,0.13592,0.13592,0.13592,0.12,1.0,511.7698827053409,-0.0,400.0,0.0,111.76988270534088,111.76988270534088,0.0,0.0
2201,2019-04-02 17:00:00,4,2019-04-02 18:00:00,0.13592,0.13592,0.13592,0.12,0.4565217391304348,537.8134039669773,-0.0,5.2295945351943376e-14,0.0,537.8134039669773,537.8134039669773,0.0,1.0
2202,2019-04-02 18:00:00,4,2019-04-02 19:00:00,0.13592,0.13592,0.13592,0.12,0.45652173913043476,310.2762853479129,-0.0,310.2762853479129,0.0,0.0,0.0,0.0,0.0
2203,2019-04-02 19:00:00,4,2019-04-02 20:00:00,0.13592,0.13592,0.13592,0.12,0.03495069925555312,250.73693867952676,-0.0,25.723714652087097,0.0,225.01322402743966,225.01322402743966,0.0,0.0
2204,2019-04-02 20:00:00,4,2019-04-02 21:00:00,0.13592,0.13592,0.13592,0.12,0.0,231.79083436235047,-0.0,0.0,0.0,231.79083436235047,231.79083436235047,0.0,0.0
2205,2019-04-02 21:00:00,4,2019-04-02 22:00:00,0.10531,0.10531,0.10531,0.12,0.0,212.84255749317873,-0.0,0.0,0.0,212.84255749317873,212.84255749317873,0.0,0.0
2206,2019-04-02 22:00:00,4,2019-04-02 23:00:00,0.10531,0.10531,0.10531,0.12,0.0,193.8953670298363,-69.56521739130429,0.0,0.0,263.4605844211406,263.4605844211406,0.0,1.0
2207,2019-04-02 23:00:00,4,2019-04-03 00:00:00,0.10531,0.10531,0.10531,0.12,0.07999999999999993,184.42177175669647,-0.0,0.0,0.0,184.42177175669647,184.42177175669647,0.0,1.0
2208,2019-04-03 00:00:00,4,2019-04-03 01:00:00,0.10531,0.10531,0.10531,0.12,0.07999999999999993,223.05437291570541,-0.0,0.0,0.0,223.05437291570541,223.05437291570541,0.0,0.0
2209,2019-04-03 01:00:00,4,2019-04-03 02:00:00,0.10531,0.10531,0.10531,0.12,0.07999999999999993,223.05437292655702,-0.0,0.0,0.0,223.05437292655702,223.05437292655702,0.0,0.0
2210,2019-04-03 02:00:00,4,2019-04-03 03:00:00,0.10531,0.10531,0.10531,0.12,0.07999999999999993,223.05437295213576,-0.0,0.0,0.0,223.05437295213576,223.05437295213576,0.0,0.0
2211,2019-04-03 03:00:00,4,2019-04-03 04:00:00,0.10531,0.10531,0.10531,0.12,0.07999999999999993,232.52796823535206,-0.0,0.0,0.0,232.52796823535206,232.52796823535206,0.0,0.0
2212,2019-04-03 04:00:00,4,2019-04-03 05:00:00,0.10531,0.10531,0.10531,0.12,0.07999999999999993,270.7923649263064,-400.0,0.0,0.0,670.7923649263064,670.7923649263064,0.0,1.0
2213,2019-04-03 05:00:00,4,2019-04-03 06:00:00,0.10531,0.10531,0.10531,0.12,0.5399999999999999,325.3880872307711,-400.00000000000006,0.0,0.0,725.3880872307711,725.3880872307711,0.0,1.0
2214,2019-04-03 06:00:00,4,2019-04-03 07:00:00,0.10531,0.10531,0.10531,0.12,1.0,435.82461215736856,0.0,0.0,0.0,435.82461215736856,435.82461215736856,0.0,0.0
2215,2019-04-03 07:00:00,4,2019-04-03 08:00:00,0.10531,0.10531,0.10531,0.12,1.0,917.717239758525,-0.0,0.0,0.0,917.717239758525,917.717239758525,0.0,0.0
2216,2019-04-03 08:00:00,4,2019-04-03 09:00:00,0.10531,0.10531,0.10531,0.12,1.0,971.853376176904,-0.0,9.850530166229888,0.0,962.0028460106741,962.0028460106741,0.0,0.0
2217,2019-04-03 09:00:00,4,2019-04-03 10:00:00,0.06431,0.06431,0.06431,0.12,0.9866161274915355,1022.0505506800176,-0.0,60.04770466934349,0.0,962.0028460106741,962.0028460106741,0.0,0.0
2218,2019-04-03 10:00:00,4,2019-04-03 11:00:00,0.06431,0.06431,0.06431,0.12,0.9050295722342753,1044.476171149137,-0.0,82.47332513846277,0.0,962.0028460106741,962.0028460106741,0.0,0.0
2219,2019-04-03 11:00:00,4,2019-04-03 12:00:00,0.06431,0.06431,0.06431,0.12,0.7929734239483204,1017.3398926385769,-0.0,55.33704662790274,0.0,962.0028460106741,962.0028460106741,0.0,0.0
2220,2019-04-03 12:00:00,4,2019-04-03 13:00:00,0.06431,0.06431,0.06431,0.12,0.7177872192908439,1063.2735066745608,-0.0,101.2706606638867,0.0,962.0028460106741,962.0028460106741,0.0,0.0
2221,2019-04-03 13:00:00,4,2019-04-03 14:00:00,0.06431,0.06431,0.06431,0.12,0.5801912129540413,1071.3694815063134,-0.0,109.36663549563923,0.0,962.0028460106741,962.0028460106741,0.0,0.0
2222,2019-04-03 14:00:00,4,2019-04-03 15:00:00,0.10531,0.10531,0.10531,0.12,0.4315952408132271,1081.6647694815947,-0.0,119.66192347092056,0.0,962.0028460106741,962.0028460106741,0.0,0.0
2223,2019-04-03 15:00:00,4,2019-04-03 16:00:00,0.10531,0.10531,0.10531,0.12,0.26901110566251984,1113.0035960205203,-0.0,151.00075000984612,0.0,962.0028460106741,962.0028460106741,0.0,0.0
2224,2019-04-03 16:00:00,4,2019-04-03 17:00:00,0.13592,0.13592,0.13592,0.12,0.06384704314914202,1008.9942697684427,-0.0,46.99142375776853,0.0,962.0028460106741,962.0028460106741,0.0,0.0
2225,2019-04-03 17:00:00,4,2019-04-03 18:00:00,0.13592,0.13592,0.13592,0.12,0.0,840.5569458237012,-0.0,0.0,0.0,840.5569458237012,840.5569458237012,0.0,1.0
2226,2019-04-03 18:00:00,4,2019-04-03 19:00:00,0.13592,0.13592,0.13592,0.12,0.0,802.0244418283825,-0.0,0.0,0.0,802.0244418283825,802.0244418283825,0.0,1.0
2227,2019-04-03 19:00:00,4,2019-04-03 20:00:00,0.13592,0.13592,0.13592,0.12,0.0,629.6478187915085,-0.0,0.0,0.0,629.6478187915085,629.6478187915085,0.0,0.0
2228,2019-04-03 20:00:00,4,2019-04-03 21:00:00,0.13592,0.13592,0.13592,0.12,0.0,560.422837270889,-0.0,0.0,0.0,560.422837270889,560.422837270889,0.0,0.0
2229,2019-04-03 21:00:00,4,2019-04-03 22:00:00,0.10531,0.10531,0.10531,0.12,0.0,270.79127871890626,-0.0,0.0,0.0,270.79127871890626,270.79127871890626,0.0,0.0
2230,2019-04-03 22:00:00,4,2019-04-03 23:00:00,0.10531,0.10531,0.10531,0.12,0.0,232.52796820434753,-0.0,0.0,0.0,232.52796820434753,232.52796820434753,0.0,0.0
2231,2019-04-03 23:00:00,4,2019-04-04 00:00:00,0.10531,0.10531,0.10531,0.12,0.0,223.05437295988688,-0.0,0.0,0.0,223.05437295988688,223.05437295988688,0.0,0.0
2232,2019-04-04 00:00:00,4,2019-04-04 01:00:00,0.10531,0.10531,0.10531,0.12,0.0,223.05437230414054,-0.0,0.0,0.0,223.05437230414054,223.05437230414054,0.0,0.0
2233,2019-04-04 01:00:00,4,2019-04-04 02:00:00,0.10531,0.10531,0.10531,0.12,0.0,223.05437227701157,-0.0,0.0,0.0,223.05437227701157,223.05437227701157,0.0,0.0
2234,2019-04-04 02:00:00,4,2019-04-04 03:00:00,0.10531,0.10531,0.10531,0.12,0.0,223.05437227468622,-144.3138787168589,0.0,0.0,367.3682509915451,367.3682509915451,0.0,1.0
2235,2019-04-04 03:00:00,4,2019-04-04 04:00:00,0.10531,0.10531,0.10531,0.12,0.16596096052438775,232.52796757262968,-0.0,0.0,0.0,232.52796757262968,232.52796757262968,0.0,0.0
2236,2019-04-04 04:00:00,4,2019-04-04 05:00:00,0.10531,0.10531,0.10531,0.12,0.16596096052438775,270.7923637721618,-0.0,0.0,0.0,270.7923637721618,270.7923637721618,0.0,0.0
2237,2019-04-04 05:00:00,4,2019-04-04 06:00:00,0.10531,0.10531,0.10531,0.12,0.16596096052438775,326.4483228611082,-0.0,0.0,0.0,326.4483228611082,326.4483228611082,0.0,0.0
2238,2019-04-04 06:00:00,4,2019-04-04 07:00:00,0.10531,0.10531,0.10531,0.12,0.16596096052438775,404.02198175324526,-400.0,0.0,0.0,804.0219817532452,804.0219817532452,0.0,1.0
2239,2019-04-04 07:00:00,4,2019-04-04 08:00:00,0.10531,0.10531,0.10531,0.12,0.6259609605243878,862.3678587032525,-99.63498730742162,0.0,0.0,962.0028460106741,962.0028460106741,0.0,1.0
2240,2019-04-04 08:00:00,4,2019-04-04 09:00:00,0.10531,0.10531,0.10531,0.12,0.7405411959279227,872.1191680221576,-89.88367798851652,0.0,0.0,962.0028460106741,962.0028460106741,0.0,1.0
2241,2019-04-04 09:00:00,4,2019-04-04 10:00:00,0.06431,0.06431,0.06431,0.12,0.8439074256147167,865.2093920263678,-96.79345398430632,0.0,0.0,962.0028460106741,962.0028460106741,0.0,1.0
2242,2019-04-04 10:00:00,4,2019-04-04 11:00:00,0.06431,0.06431,0.06431,0.12,0.955219897696669,925.3624912269672,-36.640354783706925,0.0,0.0,962.0028460106741,962.0028460106741,0.0,1.0
2243,2019-04-04 11:00:00,4,2019-04-04 12:00:00,0.06431,0.06431,0.06431,0.12,0.997356305697932,959.7039814001803,-2.2988646104938653,0.0,0.0,962.0028460106741,962.0028460106741,0.0,1.0
2244,2019-04-04 12:00:00,4,2019-04-04 13:00:00,0.06431,0.06431,0.06431,0.12,1.0,1025.2675456447334,-0.0,63.2646996340593,0.0,962.0028460106741,962.0028460106741,0.0,0.0
2245,2019-04-04 13:00:00,4,2019-04-04 14:00:00,0.06431,0.06431,0.06431,0.12,0.914042527671115,1025.227468350041,-0.0,63.22462233936676,0.0,962.0028460106741,962.0028460106741,0.0,0.0
2246,2019-04-04 14:00:00,4,2019-04-04 15:00:00,0.10531,0.10531,0.10531,0.12,0.8281395081882797,1023.2560818795498,-0.0,61.25323586887566,0.0,962.0028460106741,962.0028460106741,0.0,0.0
2247,2019-04-04 15:00:00,4,2019-04-04 16:00:00,0.10531,0.10531,0.10531,0.12,0.7449150029316552,1046.358597131862,-0.0,84.35575112118795,0.0,962.0028460106741,962.0028460106741,0.0,0.0
2248,2019-04-04 16:00:00,4,2019-04-04 17:00:00,0.13592,0.13592,0.13592,0.12,0.6303012106474326,882.0626470337066,-0.0,400.0,0.0,482.06264703370664,482.06264703370664,0.0,0.0
2249,2019-04-04 17:00:00,4,2019-04-04 18:00:00,0.13592,0.13592,0.13592,0.12,0.08682294977786739,643.2633650804145,-0.0,0.0,0.0,643.2633650804145,643.2633650804145,0.0,1.0
2250,2019-04-04 18:00:00,4,2019-04-04 19:00:00,0.13592,0.13592,0.13592,0.12,0.08682294977786739,603.4348859515051,-0.0,0.0,0.0,603.4348859515051,603.4348859515051,0.0,1.0
2251,2019-04-04 19:00:00,4,2019-04-04 20:00:00,0.13592,0.13592,0.13592,0.12,0.08682294977786739,447.4634863423975,-0.0,63.90169103651041,0.0,383.56179530588713,383.56179530588713,0.0,0.0
2252,2019-04-04 20:00:00,4,2019-04-04 21:00:00,0.13592,0.13592,0.13592,0.12,0.0,428.53417314147174,-0.0,0.0,0.0,428.53417314147174,428.53417314147174,0.0,1.0
2253,2019-04-04 21:00:00,4,2019-04-04 22:00:00,0.10531,0.10531,0.10531,0.12,0.0,270.7912779778974,-0.0,0.0,0.0,270.7912779778974,270.7912779778974,0.0,0.0
2254,2019-04-04 22:00:00,4,2019-04-04 23:00:00,0.10531,0.10531,0.10531,0.12,0.0,232.52796755247672,-0.0,0.0,0.0,232.52796755247672,232.52796755247672,0.0,0.0
2255,2019-04-04 23:00:00,4,2019-04-05 00:00:00,0.10531,0.10531,0.10531,0.12,0.0,223.05437231189174,-0.0,0.0,0.0,223.05437231189174,223.05437231189174,0.0,0.0
2256,2019-04-05 00:00:00,4,2019-04-05 01:00:00,0.10531,0.10531,0.10531,0.12,0.0,223.05437159103576,0.0,0.0,0.0,223.05437159103576,223.05437159103576,0.0,0.0
2257,2019-04-05 01:00:00,4,2019-04-05 02:00:00,0.10531,0.10531,0.10531,0.12,0.0,223.0543715639068,-0.0,0.0,0.0,223.0543715639068,223.0543715639068,0.0,0.0
2258,2019-04-05 02:00:00,4,2019-04-05 03:00:00,0.10531,0.10531,0.10531,0.12,0.0,223.0543715592561,-0.0,0.0,0.0,223.0543715592561,223.0543715592561,0.0,0.0
2259,2019-04-05 03:00:00,4,2019-04-05 04:00:00,0.10531,0.10531,0.10531,0.12,0.0,232.5279668548742,-0.0,0.0,0.0,232.5279668548742,232.5279668548742,0.0,0.0
2260,2019-04-05 04:00:00,4,2019-04-05 05:00:00,0.10531,0.10531,0.10531,0.12,0.0,270.79236237773193,-0.0,0.0,0.0,270.79236237773193,270.79236237773193,0.0,0.0
2261,2019-04-05 05:00:00,4,2019-04-05 06:00:00,0.10531,0.10531,0.10531,0.12,0.0,326.28748832409497,-0.0,0.0,0.0,326.28748832409497,326.28748832409497,0.0,0.0
2262,2019-04-05 06:00:00,4,2019-04-05 07:00:00,0.10531,0.10531,0.10531,0.12,0.0,388.1349427929776,-376.13628085033037,0.0,0.0,764.271223643308,764.271223643308,0.0,1.0
2263,2019-04-05 07:00:00,4,2019-04-05 08:00:00,0.10531,0.10531,0.10531,0.12,0.43255672297787995,813.0067606659356,0.0,0.0,0.0,813.0067606659356,813.0067606659356,0.0,0.0
2264,2019-04-05 08:00:00,4,2019-04-05 09:00:00,0.10531,0.10531,0.10531,0.12,0.43255672297787995,784.5520996829737,-177.45074632770047,0.0,0.0,962.0028460106741,962.0028460106741,0.0,1.0
2265,2019-04-05 09:00:00,4,2019-04-05 10:00:00,0.06431,0.06431,0.06431,0.12,0.6366250812547355,803.2797498265385,-158.72309618413567,0.0,0.0,962.0028460106741,962.0028460106741,0.0,1.0
2266,2019-04-05 10:00:00,4,2019-04-05 11:00:00,0.06431,0.06431,0.06431,0.12,0.8191566418664915,869.4064643401679,-92.59638167050628,0.0,0.0,962.0028460106741,962.0028460106741,0.0,1.0
2267,2019-04-05 11:00:00,4,2019-04-05 12:00:00,0.06431,0.06431,0.06431,0.12,0.9256424807875737,897.3441336520426,-64.65871235863153,0.0,0.0,962.0028460106741,962.0028460106741,0.0,1.0
2268,2019-04-05 12:00:00,4,2019-04-05 13:00:00,0.06431,0.06431,0.06431,0.12,1.0,992.2166972611398,-0.0,30.21385125046561,0.0,962.0028460106741,962.0028460106741,0.0,0.0
2269,2019-04-05 13:00:00,4,2019-04-05 14:00:00,0.06431,0.06431,0.06431,0.12,0.958948571670563,1017.7364297043611,-0.0,55.73358369368691,0.0,962.0028460106741,962.0028460106741,0.0,0.0
2270,2019-04-05 14:00:00,4,2019-04-05 15:00:00,0.10531,0.10531,0.10531,0.12,0.8832235938258797,1019.6596898727415,-0.0,57.656843862067376,0.0,962.0028460106741,962.0028460106741,0.0,0.0
2271,2019-04-05 15:00:00,4,2019-04-05 16:00:00,0.10531,0.10531,0.10531,0.12,0.8048854907524184,1010.8637253053764,-0.0,48.86087929470227,0.0,962.0028460106741,962.0028460106741,0.0,0.0
2272,2019-04-05 16:00:00,4,2019-04-05 17:00:00,0.13592,0.13592,0.13592,0.12,0.7384984264933121,854.2991126303139,-0.0,400.0,0.0,454.29911263031386,454.29911263031386,0.0,0.0
2273,2019-04-05 17:00:00,4,2019-04-05 18:00:00,0.13592,0.13592,0.13592,0.12,0.1950201656237469,598.0081317496303,-0.0,0.0,0.0,598.0081317496303,598.0081317496303,0.0,1.0
2274,2019-04-05 18:00:00,4,2019-04-05 19:00:00,0.13592,0.13592,0.13592,0.12,0.1950201656237469,543.4792703623915,-0.0,0.0,0.0,543.4792703623915,543.4792703623915,0.0,1.0
2275,2019-04-05 19:00:00,4,2019-04-05 20:00:00,0.13592,0.13592,0.13592,0.12,0.1950201656237469,447.49763861380643,-0.0,0.0,0.0,447.49763861380643,447.49763861380643,0.0,1.0
2276,2019-04-05 20:00:00,4,2019-04-05 21:00:00,0.13592,0.13592,0.13592,0.12,0.1950201656237469,428.5704292037478,-0.0,143.53484189907775,0.0,285.03558730467006,285.03558730467006,0.0,0.0
2277,2019-04-05 21:00:00,4,2019-04-05 22:00:00,0.10531,0.10531,0.10531,0.12,0.0,270.7912773469547,-0.0,0.0,0.0,270.7912773469547,270.7912773469547,0.0,0.0
2278,2019-04-05 22:00:00,4,2019-04-05 23:00:00,0.10531,0.10531,0.10531,0.12,0.0,232.527966846348,-0.0,0.0,0.0,232.527966846348,232.527966846348,0.0,0.0
2279,2019-04-05 23:00:00,4,2019-04-06 00:00:00,0.10531,0.10531,0.10531,0.12,0.0,223.0543715499547,-0.0,0.0,0.0,223.0543715499547,223.0543715499547,0.0,0.0
2280,2019-04-06 00:00:00,4,2019-04-06 01:00:00,0.10531,0.10531,0.10531,0.12,0.0,223.05437087483054,-0.0,0.0,0.0,223.05437087483054,223.05437087483054,0.0,0.0
2281,2019-04-06 01:00:00,4,2019-04-06 02:00:00,0.10531,0.10531,0.10531,0.12,0.0,223.0543708957586,-0.0,0.0,0.0,223.0543708957586,223.0543708957586,0.0,0.0
2282,2019-04-06 02:00:00,4,2019-04-06 03:00:00,0.10531,0.10531,0.10531,0.12,0.0,223.05437092598808,-0.0,0.0,0.0,223.05437092598808,223.05437092598808,0.0,0.0
2283,2019-04-06 03:00:00,4,2019-04-06 04:00:00,0.10531,0.10531,0.10531,0.12,0.0,232.52796624408447,-0.0,0.0,0.0,232.52796624408447,232.52796624408447,0.0,0.0
2284,2019-04-06 04:00:00,4,2019-04-06 05:00:00,0.10531,0.10531,0.10531,0.12,0.0,270.79236172198557,-0.0,0.0,0.0,270.79236172198557,270.79236172198557,0.0,0.0
2285,2019-04-06 05:00:00,4,2019-04-06 06:00:00,0.10531,0.10531,0.10531,0.12,0.0,325.96901473149137,-165.10285369717457,0.0,0.0,491.07186842866594,491.07186842866594,0.0,1.0
2286,2019-04-06 06:00:00,4,2019-04-06 07:00:00,0.10531,0.10531,0.10531,0.12,0.18986828175175077,388.1589758750397,-400.0,0.0,0.0,788.1589758750397,788.1589758750397,0.0,1.0
2287,2019-04-06 07:00:00,4,2019-04-06 08:00:00,0.10531,0.10531,0.10531,0.12,0.6498682817517508,813.0156048936981,0.0,0.0,0.0,813.0156048936981,813.0156048936981,0.0,0.0
2288,2019-04-06 08:00:00,4,2019-04-06 09:00:00,0.10531,0.10531,0.10531,0.12,0.6498682817517508,784.5407440241983,0.0,0.0,0.0,784.5407440241983,784.5407440241983,0.0,0.0
2289,2019-04-06 09:00:00,4,2019-04-06 10:00:00,0.06431,0.06431,0.06431,0.12,0.6498682817517508,798.5389780446338,-163.4638679660403,0.0,0.0,962.0028460106741,962.0028460106741,0.0,1.0
2290,2019-04-06 10:00:00,4,2019-04-06 11:00:00,0.06431,0.06431,0.06431,0.12,0.8378517299126972,882.8707199445963,-79.13212606607783,0.0,0.0,962.0028460106741,962.0028460106741,0.0,1.0
2291,2019-04-06 11:00:00,4,2019-04-06 12:00:00,0.06431,0.06431,0.06431,0.12,0.9288536748886866,900.1364763486625,-61.86636966201161,0.0,0.0,962.0028460106741,962.0028460106741,0.0,1.0
2292,2019-04-06 12:00:00,4,2019-04-06 13:00:00,0.06431,0.06431,0.06431,0.12,1.0,986.0635414263627,-0.0,24.060695415688542,0.0,962.0028460106741,962.0028460106741,0.0,0.0
2293,2019-04-06 13:00:00,4,2019-04-06 14:00:00,0.06431,0.06431,0.06431,0.12,0.9673088377504232,991.2046377518083,-0.0,29.201791741134116,0.0,962.0028460106741,962.0028460106741,0.0,0.0
2294,2019-04-06 14:00:00,4,2019-04-06 15:00:00,0.10531,0.10531,0.10531,0.12,0.9276324902760561,970.0269689462036,-0.0,8.024122935529476,0.0,962.0028460106741,962.0028460106741,0.0,0.0
2295,2019-04-06 15:00:00,4,2019-04-06 16:00:00,0.10531,0.10531,0.10531,0.12,0.9167301493310432,986.2090356673242,-0.0,24.206189656650054,0.0,962.0028460106741,962.0028460106741,0.0,0.0
2296,2019-04-06 16:00:00,4,2019-04-06 17:00:00,0.13592,0.13592,0.13592,0.12,0.8838413046888557,829.4404552445898,-0.0,400.0,0.0,429.44045524458977,429.44045524458977,0.0,0.0
2297,2019-04-06 17:00:00,4,2019-04-06 18:00:00,0.13592,0.13592,0.13592,0.12,0.34036304381929056,599.9762824506037,-0.0,250.50720025099787,0.0,349.4690821996058,349.4690821996058,0.0,0.0
2298,2019-04-06 18:00:00,4,2019-04-06 19:00:00,0.13592,0.13592,0.13592,0.12,0.0,543.4469545621216,-0.0,0.0,0.0,543.4469545621216,543.4469545621216,0.0,1.0
2299,2019-04-06 19:00:00,4,2019-04-06 20:00:00,0.13592,0.13592,0.13592,0.12,0.0,447.468296273662,-0.0,0.0,0.0,447.468296273662,447.468296273662,0.0,1.0
2300,2019-04-06 20:00:00,4,2019-04-06 21:00:00,0.13592,0.13592,0.13592,0.12,0.0,428.5431023310178,-0.0,0.0,0.0,428.5431023310178,428.5431023310178,0.0,1.0
2301,2019-04-06 21:00:00,4,2019-04-06 22:00:00,0.10531,0.10531,0.10531,0.12,0.0,270.7912767446912,-0.0,0.0,0.0,270.7912767446912,270.7912767446912,0.0,0.0
2302,2019-04-06 22:00:00,4,2019-04-06 23:00:00,0.10531,0.10531,0.10531,0.12,0.0,232.52796624253423,-0.0,0.0,0.0,232.52796624253423,232.52796624253423,0.0,0.0
2303,2019-04-06 23:00:00,4,2019-04-07 00:00:00,0.10531,0.10531,0.10531,0.12,0.0,223.05437091901203,-0.0,0.0,0.0,223.05437091901203,223.05437091901203,0.0,0.0
2304,2019-04-07 00:00:00,4,2019-04-07 01:00:00,0.10531,0.10531,0.10531,0.12,0.0,223.0543702144335,0.0,0.0,0.0,223.0543702144335,223.0543702144335,0.0,0.0
2305,2019-04-07 01:00:00,4,2019-04-07 02:00:00,0.10531,0.10531,0.10531,0.12,0.0,223.0543702198593,-0.0,0.0,0.0,223.0543702198593,223.0543702198593,0.0,0.0
2306,2019-04-07 02:00:00,4,2019-04-07 03:00:00,0.10531,0.10531,0.10531,0.12,0.0,223.0543702369118,-0.0,0.0,0.0,223.0543702369118,223.0543702369118,0.0,0.0
2307,2019-04-07 03:00:00,4,2019-04-07 04:00:00,0.10531,0.10531,0.10531,0.12,0.0,232.52796554648194,-0.0,0.0,0.0,232.52796554648194,232.52796554648194,0.0,0.0
2308,2019-04-07 04:00:00,4,2019-04-07 05:00:00,0.10531,0.10531,0.10531,0.12,0.0,270.79236086160915,-0.0,0.0,0.0,270.79236086160915,270.79236086160915,0.0,0.0
2309,2019-04-07 05:00:00,4,2019-04-07 06:00:00,0.10531,0.10531,0.10531,0.12,0.0,325.94771713951405,-0.0,0.0,0.0,325.94771713951405,325.94771713951405,0.0,0.0
2310,2019-04-07 06:00:00,4,2019-04-07 07:00:00,0.10531,0.10531,0.10531,0.12,0.0,396.1059512000651,-213.67168545604363,0.0,0.0,609.7776366561087,609.7776366561087,0.0,1.0
2311,2019-04-07 07:00:00,4,2019-04-07 08:00:00,0.10531,0.10531,0.10531,0.12,0.24572243827445017,818.2807267586361,-143.72211925203806,0.0,0.0,962.0028460106741,962.0028460106741,0.0,1.0
2312,2019-04-07 08:00:00,4,2019-04-07 09:00:00,0.10531,0.10531,0.10531,0.12,0.411002875414294,800.3959799197089,-161.60686609096524,0.0,0.0,962.0028460106741,962.0028460106741,0.0,1.0
2313,2019-04-07 09:00:00,4,2019-04-07 10:00:00,0.06431,0.06431,0.06431,0.12,0.5968507714189041,802.4057278617809,-159.5971181488933,0.0,0.0,962.0028460106741,962.0028460106741,0.0,1.0
2314,2019-04-07 10:00:00,4,2019-04-07 11:00:00,0.06431,0.06431,0.06431,0.12,0.7803874572901313,848.0968562140221,-113.90598979665208,0.0,0.0,962.0028460106741,962.0028460106741,0.0,1.0
2315,2019-04-07 11:00:00,4,2019-04-07 12:00:00,0.06431,0.06431,0.06431,0.12,0.9113793455562812,884.9414073639622,-77.06143864671196,0.0,0.0,962.0028460106741,962.0028460106741,0.0,1.0
2316,2019-04-07 12:00:00,4,2019-04-07 13:00:00,0.06431,0.06431,0.06431,0.12,1.0,1018.2421791080839,-0.0,56.23933309740971,0.0,962.0028460106741,962.0028460106741,0.0,0.0
2317,2019-04-07 13:00:00,4,2019-04-07 14:00:00,0.06431,0.06431,0.06431,0.12,0.923587862639389,1042.3597694503171,-0.0,80.35692343964297,0.0,962.0028460106741,962.0028460106741,0.0,0.0
2318,2019-04-07 14:00:00,4,2019-04-07 15:00:00,0.10531,0.10531,0.10531,0.12,0.8144072601398742,1045.628761201847,-0.0,83.62591519117291,0.0,962.0028460106741,962.0028460106741,0.0,0.0
2319,2019-04-07 15:00:00,4,2019-04-07 16:00:00,0.10531,0.10531,0.10531,0.12,0.7007850927605631,1070.9747822200604,-0.0,108.97193620938629,0.0,962.0028460106741,962.0028460106741,0.0,0.0
2320,2019-04-07 16:00:00,4,2019-04-07 17:00:00,0.13592,0.13592,0.13592,0.12,0.5527253968238969,875.9436319583469,-0.0,400.0,0.0,475.94363195834694,475.94363195834694,0.0,0.0
2321,2019-04-07 17:00:00,4,2019-04-07 18:00:00,0.13592,0.13592,0.13592,0.12,0.009247135954331753,600.4199266778277,-0.0,0.0,0.0,600.4199266778277,600.4199266778277,0.0,1.0
2322,2019-04-07 18:00:00,4,2019-04-07 19:00:00,0.13592,0.13592,0.13592,0.12,0.009247135954331753,543.4452419642588,-0.0,0.0,0.0,543.4452419642588,543.4452419642588,0.0,1.0
2323,2019-04-07 19:00:00,4,2019-04-07 20:00:00,0.13592,0.13592,0.13592,0.12,0.009247135954331753,447.47042538982527,-0.0,0.0,0.0,447.47042538982527,447.47042538982527,0.0,0.0
2324,2019-04-07 20:00:00,4,2019-04-07 21:00:00,0.13592,0.13592,0.13592,0.12,0.009247135954331753,428.5466585581963,-0.0,6.805892062388171,0.0,421.74076649580815,421.74076649580815,0.0,0.0
2325,2019-04-07 21:00:00,4,2019-04-07 22:00:00,0.10531,0.10531,0.10531,0.12,0.0,270.7912759866298,-0.0,0.0,0.0,270.7912759866298,270.7912759866298,0.0,0.0
2326,2019-04-07 22:00:00,4,2019-04-07 23:00:00,0.10531,0.10531,0.10531,0.12,0.0,232.52796547439638,-0.0,0.0,0.0,232.52796547439638,232.52796547439638,0.0,0.0
2327,2019-04-07 23:00:00,4,2019-04-08 00:00:00,0.10531,0.10531,0.10531,0.12,0.0,223.05437019428055,-0.0,0.0,0.0,223.05437019428055,223.05437019428055,0.0,0.0
2328,2019-04-08 00:00:00,4,2019-04-08 01:00:00,0.10531,0.10531,0.10531,0.12,0.0,184.4221296686357,-0.0,0.0,0.0,184.4221296686357,184.4221296686357,0.0,1.0
2329,2019-04-08 01:00:00,4,2019-04-08 02:00:00,0.10531,0.10531,0.10531,0.12,0.0,184.4221296949896,-0.0,0.0,0.0,184.4221296949896,184.4221296949896,0.0,0.0
2330,2019-04-08 02:00:00,4,2019-04-08 03:00:00,0.10531,0.10531,0.10531,0.12,0.0,184.42212972676924,-0.0,0.0,0.0,184.42212972676924,184.42212972676924,0.0,0.0
2331,2019-04-08 03:00:00,4,2019-04-08 04:00:00,0.10531,0.10531,0.10531,0.12,0.0,193.89572502238735,-0.0,0.0,0.0,193.89572502238735,193.89572502238735,0.0,0.0
2332,2019-04-08 04:00:00,4,2019-04-08 05:00:00,0.10531,0.10531,0.10531,0.12,0.0,212.84400008864418,-0.0,0.0,0.0,212.84400008864418,212.84400008864418,0.0,0.0
2333,2019-04-08 05:00:00,4,2019-04-08 06:00:00,0.10531,0.10531,0.10531,0.12,0.0,325.62523464624405,-0.0,0.0,0.0,325.62523464624405,325.62523464624405,0.0,0.0
2334,2019-04-08 06:00:00,4,2019-04-08 07:00:00,0.10531,0.10531,0.10531,0.12,0.0,310.89487193060967,-0.0,0.0,0.0,310.89487193060967,310.89487193060967,0.0,0.0
2335,2019-04-08 07:00:00,4,2019-04-08 08:00:00,0.10531,0.10531,0.10531,0.12,0.0,535.8524409784937,-0.0,0.0,0.0,535.8524409784937,535.8524409784937,0.0,0.0
2336,2019-04-08 08:00:00,4,2019-04-08 09:00:00,0.10531,0.10531,0.10531,0.12,0.0,475.56552867068126,-0.0,0.0,0.0,475.56552867068126,475.56552867068126,0.0,1.0
2337,2019-04-08 09:00:00,4,2019-04-08 10:00:00,0.06431,0.06431,0.06431,0.12,0.0,437.6315121487291,-286.07071511718414,0.0,0.0,723.7022272659133,723.7022272659133,0.0,1.0
2338,2019-04-08 10:00:00,4,2019-04-08 11:00:00,0.06431,0.06431,0.06431,0.12,0.3289813223847618,510.82531042076096,0.0,0.0,0.0,510.82531042076096,510.82531042076096,0.0,0.0
2339,2019-04-08 11:00:00,4,2019-04-08 12:00:00,0.06431,0.06431,0.06431,0.12,0.3289813223847618,538.1934012944716,-185.50882597144164,0.0,0.0,723.7022272659133,723.7022272659133,0.0,1.0
2340,2019-04-08 12:00:00,4,2019-04-08 13:00:00,0.06431,0.06431,0.06431,0.12,0.5423164722519198,536.418731465698,-93.64174790010759,0.0,0.0,630.0604793658056,630.0604793658056,0.0,1.0
2341,2019-04-08 13:00:00,4,2019-04-08 14:00:00,0.06431,0.06431,0.06431,0.12,0.6500044823370434,325.7165509632348,-304.3439284025709,0.0,0.0,630.0604793658056,630.0604793658056,0.0,1.0
2342,2019-04-08 14:00:00,4,2019-04-08 15:00:00,0.10531,0.10531,0.10531,0.12,1.0,281.5294437245349,-0.0,0.0,0.0,281.5294437245349,281.5294437245349,0.0,0.0
2343,2019-04-08 15:00:00,4,2019-04-08 16:00:00,0.10531,0.10531,0.10531,0.12,1.0,314.19677852297855,-0.0,0.0,0.0,314.19677852297855,314.19677852297855,0.0,0.0
2344,2019-04-08 16:00:00,4,2019-04-08 17:00:00,0.13592,0.13592,0.13592,0.12,1.0,300.62466383800023,-0.0,300.62466383800023,0.0,0.0,0.0,0.0,0.0
2345,2019-04-08 17:00:00,4,2019-04-08 18:00:00,0.13592,0.13592,0.13592,0.12,0.5915425763070649,229.95132208113074,-0.0,204.50426121821582,0.0,25.447060862914924,25.447060862914924,0.0,0.0
2346,2019-04-08 18:00:00,4,2019-04-08 19:00:00,0.13592,0.13592,0.13592,0.12,0.3136835257388369,230.87107494378398,-0.0,230.87107494378398,0.0,0.0,0.0,0.0,0.0
2347,2019-04-08 19:00:00,4,2019-04-08 20:00:00,0.13592,0.13592,0.13592,0.12,0.0,250.73801946267992,-0.0,0.0,0.0,250.73801946267992,250.73801946267992,0.0,0.0
2348,2019-04-08 20:00:00,4,2019-04-08 21:00:00,0.13592,0.13592,0.13592,0.12,0.0,231.79155122100596,-0.0,0.0,0.0,231.79155122100596,231.79155122100596,0.0,0.0
2349,2019-04-08 21:00:00,4,2019-04-08 22:00:00,0.10531,0.10531,0.10531,0.12,0.0,212.84291549193074,-0.0,0.0,0.0,212.84291549193074,212.84291549193074,0.0,0.0
2350,2019-04-08 22:00:00,4,2019-04-08 23:00:00,0.10531,0.10531,0.10531,0.12,0.0,193.89572494720133,-0.0,0.0,0.0,193.89572494720133,193.89572494720133,0.0,0.0
2351,2019-04-08 23:00:00,4,2019-04-09 00:00:00,0.10531,0.10531,0.10531,0.12,0.0,184.4221296926642,-0.0,0.0,0.0,184.4221296926642,184.4221296926642,0.0,0.0
2352,2019-04-09 00:00:00,4,2019-04-09 01:00:00,0.10531,0.10531,0.10531,0.12,0.0,184.42176782686906,-0.0,0.0,0.0,184.42176782686906,184.42176782686906,0.0,0.0
2353,2019-04-09 01:00:00,4,2019-04-09 02:00:00,0.10531,0.10531,0.10531,0.12,0.0,184.42176791910762,-0.0,0.0,0.0,184.42176791910762,184.42176791910762,0.0,0.0
2354,2019-04-09 02:00:00,4,2019-04-09 03:00:00,0.10531,0.10531,0.10531,0.12,0.0,184.4217679291841,-0.0,0.0,0.0,184.4217679291841,184.4217679291841,0.0,0.0
2355,2019-04-09 03:00:00,4,2019-04-09 04:00:00,0.10531,0.10531,0.10531,0.12,0.0,193.89536313566413,-0.0,0.0,0.0,193.89536313566413,193.89536313566413,0.0,0.0
2356,2019-04-09 04:00:00,4,2019-04-09 05:00:00,0.10531,0.10531,0.10531,0.12,0.0,212.8436370051451,-0.0,0.0,0.0,212.8436370051451,212.8436370051451,0.0,0.0
2357,2019-04-09 05:00:00,4,2019-04-09 06:00:00,0.10531,0.10531,0.10531,0.12,0.0,237.4923054980399,-0.0,0.0,0.0,237.4923054980399,237.4923054980399,0.0,0.0
2358,2019-04-09 06:00:00,4,2019-04-09 07:00:00,0.10531,0.10531,0.10531,0.12,0.0,229.9502371852233,-0.0,0.0,0.0,229.9502371852233,229.9502371852233,0.0,0.0
2359,2019-04-09 07:00:00,4,2019-04-09 08:00:00,0.10531,0.10531,0.10531,0.12,0.0,229.9502370395019,-0.0,0.0,0.0,229.9502370395019,229.9502370395019,0.0,0.0
2360,2019-04-09 08:00:00,4,2019-04-09 09:00:00,0.10531,0.10531,0.10531,0.12,0.0,201.52945105575827,-0.0,0.0,0.0,201.52945105575827,201.52945105575827,0.0,0.0
2361,2019-04-09 09:00:00,4,2019-04-09 10:00:00,0.06431,0.06431,0.06431,0.12,0.0,163.63507006008822,-378.412046871901,0.0,0.0,542.0471169319892,542.0471169319892,0.0,1.0
2362,2019-04-09 10:00:00,4,2019-04-09 11:00:00,0.06431,0.06431,0.06431,0.12,0.43517385390268615,163.63579271427025,-378.41132421771897,0.0,0.0,542.0471169319892,542.0471169319892,0.0,1.0
2363,2019-04-09 11:00:00,4,2019-04-09 12:00:00,0.06431,0.06431,0.06431,0.12,0.870346876753063,176.5503998832674,-0.0,176.55039988326746,223.44960011673265,-5.684341886080802e-14,-223.4496001167327,1.0,0.0
2364,2019-04-09 12:00:00,4,2019-04-09 13:00:00,0.06431,0.06431,0.06431,0.12,0.3268686158834977,243.46560181139833,-185.3316383621759,0.0,0.0,428.7972401735742,428.7972401735742,0.0,1.0
2365,2019-04-09 13:00:00,4,2019-04-09 14:00:00,0.06431,0.06431,0.06431,0.12,0.54,255.2969936904041,-400.0,0.0,0.0,655.2969936904041,655.2969936904041,0.0,1.0
2366,2019-04-09 14:00:00,4,2019-04-09 15:00:00,0.10531,0.10531,0.10531,0.12,1.0,189.37096372803535,-0.0,0.0,0.0,189.37096372803535,189.37096372803535,0.0,0.0
2367,2019-04-09 15:00:00,4,2019-04-09 16:00:00,0.10531,0.10531,0.10531,0.12,1.0,411.14830253189353,-0.0,0.0,0.0,411.14830253189353,411.14830253189353,0.0,0.0
2368,2019-04-09 16:00:00,4,2019-04-09 17:00:00,0.13592,0.13592,0.13592,0.12,1.0,382.11445013745083,-0.0,382.11445013745083,0.0,0.0,0.0,0.0,0.0
2369,2019-04-09 17:00:00,4,2019-04-09 18:00:00,0.13592,0.13592,0.13592,0.12,0.48082275796542007,295.40356961399243,-0.0,295.40356961399243,0.0,0.0,0.0,0.0,0.0
2370,2019-04-09 18:00:00,4,2019-04-09 19:00:00,0.13592,0.13592,0.13592,0.12,0.0794592122942347,230.869990833842,-0.0,58.48198024855673,0.0,172.38801058528526,172.38801058528526,0.0,0.0
2371,2019-04-09 19:00:00,4,2019-04-09 20:00:00,0.13592,0.13592,0.13592,0.12,0.0,250.7369348450384,-0.0,0.0,0.0,250.7369348450384,250.7369348450384,0.0,0.0
2372,2019-04-09 20:00:00,4,2019-04-09 21:00:00,0.13592,0.13592,0.13592,0.12,0.0,231.79082757700348,-0.0,0.0,0.0,231.79082757700348,231.79082757700348,0.0,0.0
2373,2019-04-09 21:00:00,4,2019-04-09 22:00:00,0.10531,0.10531,0.10531,0.12,0.0,212.8425537796081,-0.0,0.0,0.0,212.8425537796081,212.8425537796081,0.0,0.0
2374,2019-04-09 22:00:00,4,2019-04-09 23:00:00,0.10531,0.10531,0.10531,0.12,0.0,193.89536315271664,-0.0,0.0,0.0,193.89536315271664,193.89536315271664,0.0,0.0
2375,2019-04-09 23:00:00,4,2019-04-10 00:00:00,0.10531,0.10531,0.10531,0.12,0.0,184.42176772222868,-0.0,0.0,0.0,184.42176772222868,184.42176772222868,0.0,1.0
2376,2019-04-10 00:00:00,4,2019-04-10 01:00:00,0.10531,0.10531,0.10531,0.12,0.0,223.05436810844904,-0.0,0.0,0.0,223.05436810844904,223.05436810844904,0.0,0.0
2377,2019-04-10 01:00:00,4,2019-04-10 02:00:00,0.10531,0.10531,0.10531,0.12,0.0,223.05436814100383,-0.0,0.0,0.0,223.05436814100383,223.05436814100383,0.0,0.0
2378,2019-04-10 02:00:00,4,2019-04-10 03:00:00,0.10531,0.10531,0.10531,0.12,0.0,223.054368175884,-0.0,0.0,0.0,223.054368175884,223.054368175884,0.0,0.0
2379,2019-04-10 03:00:00,4,2019-04-10 04:00:00,0.10531,0.10531,0.10531,0.12,0.0,232.52796347537765,-0.0,0.0,0.0,232.52796347537765,232.52796347537765,0.0,0.0
2380,2019-04-10 04:00:00,4,2019-04-10 05:00:00,0.10531,0.10531,0.10531,0.12,0.0,270.79235676590736,-162.80377215555617,0.0,0.0,433.59612892146356,433.59612892146356,0.0,1.0
2381,2019-04-10 05:00:00,4,2019-04-10 06:00:00,0.10531,0.10531,0.10531,0.12,0.1872243379788896,318.54930237524985,-0.0,0.0,0.0,318.54930237524985,318.54930237524985,0.0,0.0
2382,2019-04-10 06:00:00,4,2019-04-10 07:00:00,0.10531,0.10531,0.10531,0.12,0.1872243379788896,388.17987050235814,-400.00000000000006,0.0,0.0,788.1798705023582,788.1798705023582,0.0,1.0
2383,2019-04-10 07:00:00,4,2019-04-10 08:00:00,0.10531,0.10531,0.10531,0.12,0.6472243379788897,813.0078387330897,-148.99500727758448,0.0,0.0,962.0028460106741,962.0028460106741,0.0,1.0
2384,2019-04-10 08:00:00,4,2019-04-10 09:00:00,0.10531,0.10531,0.10531,0.12,0.8185685963481119,805.4777682663322,0.0,0.0,0.0,805.4777682663322,805.4777682663322,0.0,0.0
2385,2019-04-10 09:00:00,4,2019-04-10 10:00:00,0.06431,0.06431,0.06431,0.12,0.8185685963481119,869.9294432389789,-92.07340277169521,0.0,0.0,962.0028460106741,962.0028460106741,0.0,1.0
2386,2019-04-10 10:00:00,4,2019-04-10 11:00:00,0.06431,0.06431,0.06431,0.12,0.9244530095355614,933.8241294546309,-28.17871655604324,0.0,0.0,962.0028460106741,962.0028460106741,0.0,1.0
2387,2019-04-10 11:00:00,4,2019-04-10 12:00:00,0.06431,0.06431,0.06431,0.12,0.9568585335750112,924.4885273802491,-37.51431863042501,0.0,0.0,962.0028460106741,962.0028460106741,0.0,1.0
2388,2019-04-10 12:00:00,4,2019-04-10 13:00:00,0.06431,0.06431,0.06431,0.12,1.0,1000.7013375515745,-0.0,38.69849154090036,0.0,962.0028460106741,962.0028460106741,0.0,0.0
2389,2019-04-10 13:00:00,4,2019-04-10 14:00:00,0.06431,0.06431,0.06431,0.12,0.9474205277976897,1022.0748416099161,-0.0,60.07199559924197,0.0,962.0028460106741,962.0028460106741,0.0,0.0
2390,2019-04-10 14:00:00,4,2019-04-10 15:00:00,0.10531,0.10531,0.10531,0.12,0.8658009685595891,1014.1485265045919,-0.0,52.14568049391778,0.0,962.0028460106741,962.0028460106741,0.0,0.0
2391,2019-04-10 15:00:00,4,2019-04-10 16:00:00,0.10531,0.10531,0.10531,0.12,0.794950859192853,999.2321001815516,-0.0,37.229254170877425,0.0,962.0028460106741,962.0028460106741,0.0,0.0
2392,2019-04-10 16:00:00,4,2019-04-10 17:00:00,0.13592,0.13592,0.13592,0.12,0.7443676334172044,830.0405004852693,-0.0,147.85457819506246,0.0,682.1859222902068,682.1859222902068,0.0,0.0
2393,2019-04-10 17:00:00,4,2019-04-10 18:00:00,0.13592,0.13592,0.13592,0.12,0.5434782608695652,626.5968179326687,-0.0,0.0,0.0,626.5968179326687,626.5968179326687,0.0,1.0
2394,2019-04-10 18:00:00,4,2019-04-10 19:00:00,0.13592,0.13592,0.13592,0.12,0.5434782608695652,569.5979265448564,-0.0,400.0,0.0,169.59792654485636,169.59792654485636,0.0,0.0
2395,2019-04-10 19:00:00,4,2019-04-10 20:00:00,0.13592,0.13592,0.13592,0.12,0.0,447.4834412146594,-0.0,0.0,0.0,447.4834412146594,447.4834412146594,0.0,1.0
2396,2019-04-10 20:00:00,4,2019-04-10 21:00:00,0.13592,0.13592,0.13592,0.12,0.0,428.5605441739819,-0.0,0.0,0.0,428.5605441739819,428.5605441739819,0.0,1.0
2397,2019-04-10 21:00:00,4,2019-04-10 22:00:00,0.10531,0.10531,0.10531,0.12,0.0,270.7912739449799,-0.0,0.0,0.0,270.7912739449799,270.7912739449799,0.0,0.0
2398,2019-04-10 22:00:00,4,2019-04-10 23:00:00,0.10531,0.10531,0.10531,0.12,0.0,232.52796340949294,-0.0,0.0,0.0,232.52796340949294,232.52796340949294,0.0,0.0
2399,2019-04-10 23:00:00,4,2019-04-11 00:00:00,0.10531,0.10531,0.10531,0.12,0.0,223.0543681503052,-0.0,0.0,0.0,223.0543681503052,223.0543681503052,0.0,0.0
2400,2019-04-11 00:00:00,4,2019-04-11 01:00:00,0.10531,0.10531,0.10531,0.12,0.0,223.05436745502809,0.0,0.0,0.0,223.05436745502809,223.05436745502809,0.0,0.0
2401,2019-04-11 01:00:00,4,2019-04-11 02:00:00,0.10531,0.10531,0.10531,0.12,0.0,223.05436748758282,-0.0,0.0,0.0,223.05436748758282,223.05436748758282,0.0,0.0
2402,2019-04-11 02:00:00,4,2019-04-11 03:00:00,0.10531,0.10531,0.10531,0.12,0.0,223.0543674573534,-0.0,0.0,0.0,223.0543674573534,223.0543674573534,0.0,0.0
2403,2019-04-11 03:00:00,4,2019-04-11 04:00:00,0.10531,0.10531,0.10531,0.12,0.0,232.5279627250674,-0.0,0.0,0.0,232.5279627250674,232.5279627250674,0.0,0.0
2404,2019-04-11 04:00:00,4,2019-04-11 05:00:00,0.10531,0.10531,0.10531,0.12,0.0,270.79235600862114,-0.0,0.0,0.0,270.79235600862114,270.79235600862114,0.0,0.0
2405,2019-04-11 05:00:00,4,2019-04-11 06:00:00,0.10531,0.10531,0.10531,0.12,0.0,318.67568682427,-245.08794897590752,0.0,0.0,563.7636358001776,563.7636358001776,0.0,1.0
2406,2019-04-11 06:00:00,4,2019-04-11 07:00:00,0.10531,0.10531,0.10531,0.12,0.28185114132229366,396.0761685254708,-400.00000000000006,0.0,0.0,796.0761685254708,796.0761685254708,0.0,1.0
2407,2019-04-11 07:00:00,4,2019-04-11 08:00:00,0.10531,0.10531,0.10531,0.12,0.7418511413222937,829.0394508486556,0.0,0.0,0.0,829.0394508486556,829.0394508486556,0.0,0.0
2408,2019-04-11 08:00:00,4,2019-04-11 09:00:00,0.10531,0.10531,0.10531,0.12,0.7418511413222937,838.0816381796153,-123.92120783105884,0.0,0.0,962.0028460106741,962.0028460106741,0.0,1.0
2409,2019-04-11 09:00:00,4,2019-04-11 10:00:00,0.06431,0.06431,0.06431,0.12,0.8843605303280114,861.4467854263362,-100.55606058433796,0.0,0.0,962.0028460106741,962.0028460106741,0.0,1.0
2410,2019-04-11 10:00:00,4,2019-04-11 11:00:00,0.06431,0.06431,0.06431,0.12,1.0,962.4877261924809,-0.0,0.4848801818067159,0.0,962.0028460106741,962.0028460106741,0.0,0.0
2411,2019-04-11 11:00:00,4,2019-04-11 12:00:00,0.06431,0.06431,0.06431,0.12,0.999341195405154,991.8031796048399,-0.0,29.80033359416575,0.0,962.0028460106741,962.0028460106741,0.0,0.0
2412,2019-04-11 12:00:00,4,2019-04-11 13:00:00,0.06431,0.06431,0.06431,0.12,0.9588516117174288,1027.743113044986,-0.0,65.74026703431196,0.0,962.0028460106741,962.0028460106741,0.0,0.0
2413,2019-04-11 13:00:00,4,2019-04-11 14:00:00,0.06431,0.06431,0.06431,0.12,0.8695305967251571,1033.69524681291,-0.0,71.69240080223585,0.0,962.0028460106741,962.0028460106741,0.0,0.0
2414,2019-04-11 14:00:00,4,2019-04-11 15:00:00,0.10531,0.10531,0.10531,0.12,0.7721224434612498,1046.3625144877026,-0.0,84.35966847702844,0.0,962.0028460106741,962.0028460106741,0.0,0.0
2415,2019-04-11 15:00:00,4,2019-04-11 16:00:00,0.10531,0.10531,0.10531,0.12,0.6575033286826785,1095.1807205008056,-0.0,133.17787449013144,0.0,962.0028460106741,962.0028460106741,0.0,0.0
2416,2019-04-11 16:00:00,4,2019-04-11 17:00:00,0.13592,0.13592,0.13592,0.12,0.47655512964717384,1007.7983624992372,-0.0,350.74457542031996,0.0,657.0537870789173,657.0537870789173,0.0,0.0
2417,2019-04-11 17:00:00,4,2019-04-11 18:00:00,0.13592,0.13592,0.13592,0.12,0.0,825.0601439918717,-0.0,0.0,0.0,825.0601439918717,825.0601439918717,0.0,0.0
2418,2019-04-11 18:00:00,4,2019-04-11 19:00:00,0.13592,0.13592,0.13592,0.12,0.0,697.781187171612,-0.0,0.0,0.0,697.781187171612,697.781187171612,0.0,0.0
2419,2019-04-11 19:00:00,4,2019-04-11 20:00:00,0.13592,0.13592,0.13592,0.12,0.0,604.5887994755275,-0.0,0.0,0.0,604.5887994755275,604.5887994755275,0.0,0.0
2420,2019-04-11 20:00:00,4,2019-04-11 21:00:00,0.13592,0.13592,0.13592,0.12,0.0,634.3039485807534,-0.0,0.0,0.0,634.3039485807534,634.3039485807534,0.0,0.0
2421,2019-04-11 21:00:00,4,2019-04-11 22:00:00,0.10531,0.10531,0.10531,0.12,0.0,270.7912732279995,-0.0,0.0,0.0,270.7912732279995,270.7912732279995,0.0,0.0
2422,2019-04-11 22:00:00,4,2019-04-11 23:00:00,0.10531,0.10531,0.10531,0.12,0.0,232.527962735919,-0.0,0.0,0.0,232.527962735919,232.527962735919,0.0,0.0
2423,2019-04-11 23:00:00,4,2019-04-12 00:00:00,0.10531,0.10531,0.10531,0.12,0.0,223.0543674403009,-0.0,0.0,0.0,223.0543674403009,223.0543674403009,0.0,0.0
2424,2019-04-12 00:00:00,4,2019-04-12 01:00:00,0.10531,0.10531,0.10531,0.12,0.0,223.05436671014363,-0.0,0.0,0.0,223.05436671014363,223.05436671014363,0.0,0.0
2425,2019-04-12 01:00:00,4,2019-04-12 02:00:00,0.10531,0.10531,0.10531,0.12,0.0,223.0543667217703,-0.0,0.0,0.0,223.0543667217703,223.0543667217703,0.0,0.0
2426,2019-04-12 02:00:00,4,2019-04-12 03:00:00,0.10531,0.10531,0.10531,0.12,0.0,223.05436673804775,-0.0,0.0,0.0,223.05436673804775,223.05436673804775,0.0,0.0
2427,2019-04-12 03:00:00,4,2019-04-12 04:00:00,0.10531,0.10531,0.10531,0.12,0.0,232.52796204374232,-0.0,0.0,0.0,232.52796204374232,232.52796204374232,0.0,0.0
2428,2019-04-12 04:00:00,4,2019-04-12 05:00:00,0.10531,0.10531,0.10531,0.12,0.0,270.7923550125998,-399.99999999999994,0.0,0.0,670.7923550125997,670.7923550125997,0.0,1.0
2429,2019-04-12 05:00:00,4,2019-04-12 06:00:00,0.10531,0.10531,0.10531,0.12,0.4599999999999999,416.42815707335376,-400.0,0.0,0.0,816.4281570733538,816.4281570733538,0.0,1.0
2430,2019-04-12 06:00:00,4,2019-04-12 07:00:00,0.10531,0.10531,0.10531,0.12,0.92,522.8429469815286,-69.56521739130434,0.0,0.0,592.408164372833,592.408164372833,0.0,1.0
2431,2019-04-12 07:00:00,4,2019-04-12 08:00:00,0.10531,0.10531,0.10531,0.12,1.0,1023.6329314245799,-0.0,56.567682015481466,0.0,967.0652494090984,967.0652494090984,0.0,0.0
2432,2019-04-12 08:00:00,4,2019-04-12 09:00:00,0.10531,0.10531,0.10531,0.12,0.9231417363920089,1069.208376478082,-0.0,102.14312706898363,0.0,967.0652494090984,967.0652494090984,0.0,0.0
2433,2019-04-12 09:00:00,4,2019-04-12 10:00:00,0.06431,0.06431,0.06431,0.12,0.7843603137439333,1041.273011944106,-0.0,74.20776253500753,0.0,967.0652494090984,967.0652494090984,0.0,0.0
2434,2019-04-12 10:00:00,4,2019-04-12 11:00:00,0.06431,0.06431,0.06431,0.12,0.6835345494300645,1048.1174846179076,-0.0,81.05223520880921,0.0,967.0652494090984,967.0652494090984,0.0,0.0
2435,2019-04-12 11:00:00,4,2019-04-12 12:00:00,0.06431,0.06431,0.06431,0.12,0.5734092298528776,1019.4225598926804,-0.0,52.357310483581955,0.0,967.0652494090984,967.0652494090984,0.0,0.0
2436,2019-04-12 12:00:00,4,2019-04-12 13:00:00,0.06431,0.06431,0.06431,0.12,0.502271579739315,1049.5497329097502,-0.0,82.48448350065183,0.0,967.0652494090984,967.0652494090984,0.0,0.0
2437,2019-04-12 13:00:00,4,2019-04-12 14:00:00,0.06431,0.06431,0.06431,0.12,0.3902002706351685,1040.7325570717412,-0.0,73.66730766264283,0.0,967.0652494090984,967.0652494090984,0.0,0.0
2438,2019-04-12 14:00:00,4,2019-04-12 15:00:00,0.10531,0.10531,0.10531,0.12,0.2901088200065778,1045.2432690206754,-0.0,78.17801961157699,0.0,967.0652494090984,967.0652494090984,0.0,0.0
2439,2019-04-12 15:00:00,4,2019-04-12 16:00:00,0.10531,0.10531,0.10531,0.12,0.18388868466476127,1075.5367007116952,-0.0,108.47145130259679,0.0,967.0652494090984,967.0652494090984,0.0,0.0
2440,2019-04-12 16:00:00,4,2019-04-12 17:00:00,0.13592,0.13592,0.13592,0.12,0.036508995394928766,993.935870019766,-0.0,26.870620610667572,0.0,967.0652494090984,967.0652494090984,0.0,0.0
2441,2019-04-12 17:00:00,4,2019-04-12 18:00:00,0.13592,0.13592,0.13592,0.12,0.0,841.2371728912682,-0.0,0.0,0.0,841.2371728912682,841.2371728912682,0.0,1.0
2442,2019-04-12 18:00:00,4,2019-04-12 19:00:00,0.13592,0.13592,0.13592,0.12,0.0,838.9357606454721,-0.0,0.0,0.0,838.9357606454721,838.9357606454721,0.0,1.0
2443,2019-04-12 19:00:00,4,2019-04-12 20:00:00,0.13592,0.13592,0.13592,0.12,0.0,738.5885467241625,-0.0,0.0,0.0,738.5885467241625,738.5885467241625,0.0,0.0
2444,2019-04-12 20:00:00,4,2019-04-12 21:00:00,0.13592,0.13592,0.13592,0.12,0.0,683.1927409704268,-0.0,0.0,0.0,683.1927409704268,683.1927409704268,0.0,0.0
2445,2019-04-12 21:00:00,4,2019-04-12 22:00:00,0.10531,0.10531,0.10531,0.12,0.0,270.7912727001469,-0.0,0.0,0.0,270.7912727001469,270.7912727001469,0.0,0.0
2446,2019-04-12 22:00:00,4,2019-04-12 23:00:00,0.10531,0.10531,0.10531,0.12,0.0,232.52796212280393,-0.0,0.0,0.0,232.52796212280393,232.52796212280393,0.0,0.0
2447,2019-04-12 23:00:00,4,2019-04-13 00:00:00,0.10531,0.10531,0.10531,0.12,0.0,223.05436680935816,-0.0,0.0,0.0,223.05436680935816,223.05436680935816,0.0,0.0
2448,2019-04-13 00:00:00,4,2019-04-13 01:00:00,0.10531,0.10531,0.10531,0.12,0.0,223.05436606912443,-0.0,0.0,0.0,223.05436606912443,223.05436606912443,0.0,0.0
2449,2019-04-13 01:00:00,4,2019-04-13 02:00:00,0.10531,0.10531,0.10531,0.12,0.0,223.05436607144978,-0.0,0.0,0.0,223.05436607144978,223.05436607144978,0.0,0.0
2450,2019-04-13 02:00:00,4,2019-04-13 03:00:00,0.10531,0.10531,0.10531,0.12,0.0,223.05436608152624,-0.0,0.0,0.0,223.05436608152624,223.05436608152624,0.0,0.0
2451,2019-04-13 03:00:00,4,2019-04-13 04:00:00,0.10531,0.10531,0.10531,0.12,0.0,232.52796135156558,-400.0,0.0,0.0,632.5279613515656,632.5279613515656,0.0,1.0
2452,2019-04-13 04:00:00,4,2019-04-13 05:00:00,0.10531,0.10531,0.10531,0.12,0.46,270.79235351585487,-400.0,0.0,0.0,670.7923535158549,670.7923535158549,0.0,1.0
2453,2019-04-13 05:00:00,4,2019-04-13 06:00:00,0.10531,0.10531,0.10531,0.12,0.92,486.21153633516957,-0.0,0.0,0.0,486.21153633516957,486.21153633516957,0.0,0.0
2454,2019-04-13 06:00:00,4,2019-04-13 07:00:00,0.10531,0.10531,0.10531,0.12,0.92,573.4853725384627,-69.56521739130434,0.0,0.0,643.050589929767,643.050589929767,0.0,1.0
2455,2019-04-13 07:00:00,4,2019-04-13 08:00:00,0.10531,0.10531,0.10531,0.12,1.0,1064.0828028236851,-0.0,94.11107302422897,0.0,969.9717297994562,969.9717297994562,0.0,0.0
2456,2019-04-13 08:00:00,4,2019-04-13 09:00:00,0.10531,0.10531,0.10531,0.12,0.8721316942605584,1064.5671394426547,-0.0,94.59540964319854,0.0,969.9717297994562,969.9717297994562,0.0,0.0
2457,2019-04-13 09:00:00,4,2019-04-13 10:00:00,0.06431,0.06431,0.06431,0.12,0.7436053224627344,1037.8334945011588,-0.0,67.86176470170267,0.0,969.9717297994562,969.9717297994562,0.0,0.0
2458,2019-04-13 10:00:00,4,2019-04-13 11:00:00,0.06431,0.06431,0.06431,0.12,0.6514018378136819,1046.3032850201664,-0.0,76.33155522071024,0.0,969.9717297994562,969.9717297994562,0.0,0.0
2459,2019-04-13 11:00:00,4,2019-04-13 12:00:00,0.06431,0.06431,0.06431,0.12,0.54769048561163,1012.7667358481607,-0.0,42.795006048704515,0.0,969.9717297994562,969.9717297994562,0.0,0.0
2460,2019-04-13 12:00:00,4,2019-04-13 13:00:00,0.06431,0.06431,0.06431,0.12,0.48954509695849907,1049.428065026426,-0.0,79.45633522696994,0.0,969.9717297994562,969.9717297994562,0.0,0.0
2461,2019-04-13 13:00:00,4,2019-04-13 14:00:00,0.06431,0.06431,0.06431,0.12,0.3815881197479421,1049.7051250760476,-0.0,79.73339527659141,0.0,969.9717297994562,969.9717297994562,0.0,0.0
2462,2019-04-13 14:00:00,4,2019-04-13 15:00:00,0.10531,0.10531,0.10531,0.12,0.27325470225257326,1047.2965529241337,-0.0,77.32482312467755,0.0,969.9717297994562,969.9717297994562,0.0,0.0
2463,2019-04-13 15:00:00,4,2019-04-13 16:00:00,0.10531,0.10531,0.10531,0.12,0.16819380126795713,1079.4900153953613,-0.0,109.51828559590513,0.0,969.9717297994562,969.9717297994562,0.0,0.0
2464,2019-04-13 16:00:00,4,2019-04-13 17:00:00,0.13592,0.13592,0.13592,0.12,0.01939178279525986,984.2440819367674,-0.0,14.272352137311259,0.0,969.9717297994562,969.9717297994562,0.0,0.0
2465,2019-04-13 17:00:00,4,2019-04-13 18:00:00,0.13592,0.13592,0.13592,0.12,0.0,790.2254327900223,-0.0,0.0,0.0,790.2254327900223,790.2254327900223,0.0,0.0
2466,2019-04-13 18:00:00,4,2019-04-13 19:00:00,0.13592,0.13592,0.13592,0.12,0.0,742.0271196861839,-0.0,0.0,0.0,742.0271196861839,742.0271196861839,0.0,1.0
2467,2019-04-13 19:00:00,4,2019-04-13 20:00:00,0.13592,0.13592,0.13592,0.12,0.0,622.4563699797777,-0.0,0.0,0.0,622.4563699797777,622.4563699797777,0.0,0.0
2468,2019-04-13 20:00:00,4,2019-04-13 21:00:00,0.13592,0.13592,0.13592,0.12,0.0,580.7695812881253,-0.0,0.0,0.0,580.7695812881253,580.7695812881253,0.0,1.0
2469,2019-04-13 21:00:00,4,2019-04-13 22:00:00,0.10531,0.10531,0.10531,0.12,0.0,270.7912716769966,-0.0,0.0,0.0,270.7912716769966,270.7912716769966,0.0,0.0
2470,2019-04-13 22:00:00,4,2019-04-13 23:00:00,0.10531,0.10531,0.10531,0.12,0.0,232.5279612508008,-0.0,0.0,0.0,232.5279612508008,232.5279612508008,0.0,0.0
2471,2019-04-13 23:00:00,4,2019-04-14 00:00:00,0.10531,0.10531,0.10531,0.12,0.0,223.0543659962637,-0.0,0.0,0.0,223.0543659962637,223.0543659962637,0.0,0.0
2472,2019-04-14 00:00:00,4,2019-04-14 01:00:00,0.10531,0.10531,0.10531,0.12,0.0,223.05436521572403,-0.0,0.0,0.0,223.05436521572403,223.05436521572403,0.0,0.0
2473,2019-04-14 01:00:00,4,2019-04-14 02:00:00,0.10531,0.10531,0.10531,0.12,0.0,223.05436520099684,-0.0,0.0,0.0,223.05436520099684,223.05436520099684,0.0,0.0
2474,2019-04-14 02:00:00,4,2019-04-14 03:00:00,0.10531,0.10531,0.10531,0.12,0.0,223.05436519634617,-137.35139201237118,0.0,0.0,360.4057572087173,360.4057572087173,0.0,1.0
2475,2019-04-14 03:00:00,4,2019-04-14 04:00:00,0.10531,0.10531,0.10531,0.12,0.15795410081422687,232.52796048498828,-0.0,0.0,0.0,232.52796048498828,232.52796048498828,0.0,0.0
2476,2019-04-14 04:00:00,4,2019-04-14 05:00:00,0.10531,0.10531,0.10531,0.12,0.15795410081422687,270.7923524725515,-0.0,0.0,0.0,270.7923524725515,270.7923524725515,0.0,0.0
2477,2019-04-14 05:00:00,4,2019-04-14 06:00:00,0.10531,0.10531,0.10531,0.12,0.15795410081422687,324.6621357134809,-0.0,0.0,0.0,324.6621357134809,324.6621357134809,0.0,0.0
2478,2019-04-14 06:00:00,4,2019-04-14 07:00:00,0.10531,0.10531,0.10531,0.12,0.15795410081422687,396.0260481064579,-400.0,0.0,0.0,796.0260481064579,796.0260481064579,0.0,1.0
2479,2019-04-14 07:00:00,4,2019-04-14 08:00:00,0.10531,0.10531,0.10531,0.12,0.6179541008142269,862.6175723007672,-107.354157498689,0.0,0.0,969.9717297994562,969.9717297994562,0.0,1.0
2480,2019-04-14 08:00:00,4,2019-04-14 09:00:00,0.10531,0.10531,0.10531,0.12,0.7414113819377193,876.6811910301494,0.0,0.0,0.0,876.6811910301494,876.6811910301494,0.0,0.0
2481,2019-04-14 09:00:00,4,2019-04-14 10:00:00,0.06431,0.06431,0.06431,0.12,0.7414113819377193,891.3455560674714,-78.62617373198475,0.0,0.0,969.9717297994562,969.9717297994562,0.0,1.0
2482,2019-04-14 10:00:00,4,2019-04-14 11:00:00,0.06431,0.06431,0.06431,0.12,0.8318314817295017,928.0620994217925,-41.90963037766369,0.0,0.0,969.9717297994562,969.9717297994562,0.0,1.0
2483,2019-04-14 11:00:00,4,2019-04-14 12:00:00,0.06431,0.06431,0.06431,0.12,0.8800275566638149,866.7622665027241,-103.20946329673211,0.0,0.0,969.9717297994562,969.9717297994562,0.0,1.0
2484,2019-04-14 12:00:00,4,2019-04-14 13:00:00,0.06431,0.06431,0.06431,0.12,0.9987184394550569,968.8573293255926,-1.1144004738636113,0.0,0.0,969.9717297994562,969.9717297994562,0.0,1.0
2485,2019-04-14 13:00:00,4,2019-04-14 14:00:00,0.06431,0.06431,0.06431,0.12,1.0,1024.5014730860978,-0.0,54.52974328664163,0.0,969.9717297994562,969.9717297994562,0.0,0.0
2486,2019-04-14 14:00:00,4,2019-04-14 15:00:00,0.10531,0.10531,0.10531,0.12,0.9259106748822805,1030.00213062259,-0.0,60.03040082313373,0.0,969.9717297994562,969.9717297994562,0.0,0.0
2487,2019-04-14 15:00:00,4,2019-04-14 16:00:00,0.10531,0.10531,0.10531,0.12,0.8443476302856314,1072.9212977816844,-0.0,102.94956798222825,0.0,969.9717297994562,969.9717297994562,0.0,0.0
2488,2019-04-14 16:00:00,4,2019-04-14 17:00:00,0.13592,0.13592,0.13592,0.12,0.7044704998749952,975.3336159565722,-0.0,400.0,0.0,575.3336159565722,575.3336159565722,0.0,0.0
2489,2019-04-14 17:00:00,4,2019-04-14 18:00:00,0.13592,0.13592,0.13592,0.12,0.16099223900543008,706.6661625479118,-0.0,5.2295945351943376e-14,0.0,706.6661625479118,706.6661625479118,0.0,1.0
2490,2019-04-14 18:00:00,4,2019-04-14 19:00:00,0.13592,0.13592,0.13592,0.12,0.16099223900543003,628.4718238160086,-0.0,0.0,0.0,628.4718238160086,628.4718238160086,0.0,1.0
2491,2019-04-14 19:00:00,4,2019-04-14 20:00:00,0.13592,0.13592,0.13592,0.12,0.16099223900543003,518.3982422510087,-0.0,118.4902879079965,0.0,399.9079543430122,399.9079543430122,0.0,0.0
2492,2019-04-14 20:00:00,4,2019-04-14 21:00:00,0.13592,0.13592,0.13592,0.12,0.0,498.8497685637607,-0.0,0.0,0.0,498.8497685637607,498.8497685637607,0.0,0.0
2493,2019-04-14 21:00:00,4,2019-04-14 22:00:00,0.10531,0.10531,0.10531,0.12,0.0,270.7912709359877,-0.0,0.0,0.0,270.7912709359877,270.7912709359877,0.0,0.0
2494,2019-04-14 22:00:00,4,2019-04-14 23:00:00,0.10531,0.10531,0.10531,0.12,0.0,232.52796042375428,-0.0,0.0,0.0,232.52796042375428,232.52796042375428,0.0,0.0
2495,2019-04-14 23:00:00,4,2019-04-15 00:00:00,0.10531,0.10531,0.10531,0.12,0.0,223.05436517929365,-0.0,0.0,0.0,223.05436517929365,223.05436517929365,0.0,0.0
2496,2019-04-15 00:00:00,4,2019-04-15 01:00:00,0.10531,0.10531,0.10531,0.12,0.0,184.4221246179936,-0.0,-3.648556506827951e-14,-6.1507583977799585e-15,184.42212461799363,184.42212461799363,0.0,1.0
2497,2019-04-15 01:00:00,4,2019-04-15 02:00:00,0.10531,0.10531,0.10531,0.12,0.0,184.42212465287372,-0.0,1.0662333241373388e-14,1.6196845660839758e-14,184.42212465287372,184.4221246528737,0.0,1.0
2498,2019-04-15 02:00:00,4,2019-04-15 03:00:00,0.10531,0.10531,0.10531,0.12,0.0,184.42212465907463,-0.0,0.0,0.0,184.42212465907463,184.42212465907463,0.0,1.0
2499,2019-04-15 03:00:00,4,2019-04-15 04:00:00,0.10531,0.10531,0.10531,0.12,0.0,193.89571992213797,-0.0,1.9718529234554676e-14,1.2327492624835788e-14,193.89571992213794,193.89571992213794,0.0,1.0
2500,2019-04-15 04:00:00,4,2019-04-15 05:00:00,0.10531,0.10531,0.10531,0.12,0.0,212.84399201660815,-0.0,-1.9560276239324634e-13,-1.7199560961620836e-13,212.84399201660835,212.84399201660852,0.0,0.0
2501,2019-04-15 05:00:00,4,2019-04-15 06:00:00,0.10531,0.10531,0.10531,0.12,7.51754214434186e-16,331.50532860371464,-0.0,0.0,0.0,331.50532860371425,331.50532860371425,0.0,0.0
2502,2019-04-15 06:00:00,4,2019-04-15 07:00:00,0.10531,0.10531,0.10531,0.12,5.684341886080802e-16,334.71062298474914,-0.0,0.0,0.0,334.7106229847492,334.7106229847492,0.0,0.0
2503,2019-04-15 07:00:00,4,2019-04-15 08:00:00,0.10531,0.10531,0.10531,0.12,0.0,552.2603045433844,-0.0,-3.979039320256561e-13,0.0,552.2603045433842,552.2603045433842,0.0,1.0
2504,2019-04-15 08:00:00,4,2019-04-15 09:00:00,0.10531,0.10531,0.10531,0.12,5.406303424261631e-16,564.4594990256725,-0.0,2.2737367544323206e-13,0.0,564.4594990256726,564.4594990256726,0.0,1.0
2505,2019-04-15 09:00:00,4,2019-04-15 10:00:00,0.06431,0.06431,0.06431,0.12,0.0,578.9274619407905,-223.20745017978396,2.842170943040401e-14,0.0,802.1349121205744,802.1349121205744,0.0,1.0
2506,2019-04-15 10:00:00,4,2019-04-15 11:00:00,0.06431,0.06431,0.06431,0.12,0.25668856770675086,651.4931429204212,-150.64176920015322,-5.684341886080802e-14,0.0,802.1349121205744,802.1349121205744,0.0,1.0
2507,2019-04-15 11:00:00,4,2019-04-15 12:00:00,0.06431,0.06431,0.06431,0.12,0.42992660228692786,706.31073188003,-95.82418024054438,-1.2789769243681803e-13,0.0,802.1349121205744,802.1349121205744,0.0,1.0
2508,2019-04-15 12:00:00,4,2019-04-15 13:00:00,0.06431,0.06431,0.06431,0.12,0.5401244095635542,711.9403864256647,-0.0,0.0,0.0,711.9403864256647,711.9403864256647,0.0,0.0
2509,2019-04-15 13:00:00,4,2019-04-15 14:00:00,0.06431,0.06431,0.06431,0.12,0.5401244095635542,492.4376200446613,-399.8918177708224,0.0,0.0,892.3294378154837,892.3294378154837,0.0,1.0
2510,2019-04-15 14:00:00,4,2019-04-15 15:00:00,0.10531,0.10531,0.10531,0.12,1.0,433.68029219019814,-0.0,0.0,0.0,433.68029219019814,433.68029219019814,0.0,1.0
2511,2019-04-15 15:00:00,4,2019-04-15 16:00:00,0.10531,0.10531,0.10531,0.12,1.0,460.9471788887616,-0.0,0.0,0.0,460.9471788887616,460.9471788887616,0.0,0.0
2512,2019-04-15 16:00:00,4,2019-04-15 17:00:00,0.13592,0.13592,0.13592,0.12,1.0,469.7241602069536,-0.0,400.0,0.0,69.72416020695363,69.72416020695363,0.0,0.0
2513,2019-04-15 17:00:00,4,2019-04-15 18:00:00,0.13592,0.13592,0.13592,0.12,0.4565217391304348,229.95131480513663,-0.0,229.95131480513663,0.0,0.0,0.0,0.0,0.0
2514,2019-04-15 18:00:00,4,2019-04-15 19:00:00,0.13592,0.13592,0.13592,0.12,0.14408788749302093,230.87106839562182,-0.0,0.0,0.0,230.87106839562182,230.87106839562182,0.0,0.0
2515,2019-04-15 19:00:00,4,2019-04-15 20:00:00,0.13592,0.13592,0.13592,0.12,0.14408788749302093,250.7380121463799,-0.0,106.04868519486341,0.0,144.68932695151648,144.68932695151648,0.0,0.0
2516,2019-04-15 20:00:00,4,2019-04-15 21:00:00,0.13592,0.13592,0.13592,0.12,0.0,231.79154268855225,-0.0,0.0,0.0,231.79154268855225,231.79154268855225,0.0,0.0
2517,2019-04-15 21:00:00,4,2019-04-15 22:00:00,0.10531,0.10531,0.10531,0.12,0.0,212.84291044283884,-0.0,0.0,0.0,212.84291044283884,212.84291044283884,0.0,0.0
2518,2019-04-15 22:00:00,4,2019-04-15 23:00:00,0.10531,0.10531,0.10531,0.12,0.0,193.895719901985,-0.0,0.0,0.0,193.895719901985,193.895719901985,0.0,1.0
2519,2019-04-15 23:00:00,4,2019-04-16 00:00:00,0.10531,0.10531,0.10531,0.12,0.0,184.42212464357237,-0.0,0.0,0.0,184.42212464357237,184.42212464357237,0.0,0.0
2520,2019-04-16 00:00:00,4,2019-04-16 01:00:00,0.10531,0.10531,0.10531,0.12,0.0,184.42176381487957,-0.0,0.0,0.0,184.42176381487957,184.42176381487957,0.0,0.0
2521,2019-04-16 01:00:00,4,2019-04-16 02:00:00,0.10531,0.10531,0.10531,0.12,0.0,184.42176374046866,-0.0,0.0,0.0,184.42176374046866,184.42176374046866,0.0,0.0
2522,2019-04-16 02:00:00,4,2019-04-16 03:00:00,0.10531,0.10531,0.10531,0.12,0.0,184.42176354591504,-0.0,0.0,0.0,184.42176354591504,184.42176354591504,0.0,0.0
2523,2019-04-16 03:00:00,4,2019-04-16 04:00:00,0.10531,0.10531,0.10531,0.12,0.0,193.89535883610736,-0.0,0.0,0.0,193.89535883610736,193.89535883610736,0.0,0.0
2524,2019-04-16 04:00:00,4,2019-04-16 05:00:00,0.10531,0.10531,0.10531,0.12,0.0,212.84363047171013,-0.0,0.0,0.0,212.84363047171013,212.84363047171013,0.0,0.0
2525,2019-04-16 05:00:00,4,2019-04-16 06:00:00,0.10531,0.10531,0.10531,0.12,0.0,230.8699864466974,-0.0,0.0,0.0,230.8699864466974,230.8699864466974,0.0,0.0
2526,2019-04-16 06:00:00,4,2019-04-16 07:00:00,0.10531,0.10531,0.10531,0.12,0.0,229.95023283838464,-0.0,0.0,0.0,229.95023283838464,229.95023283838464,0.0,0.0
2527,2019-04-16 07:00:00,4,2019-04-16 08:00:00,0.10531,0.10531,0.10531,0.12,0.0,229.95023303138794,-0.0,0.0,0.0,229.95023303138794,229.95023303138794,0.0,0.0
2528,2019-04-16 08:00:00,4,2019-04-16 09:00:00,0.10531,0.10531,0.10531,0.12,0.0,201.52944730265682,-0.0,0.0,0.0,201.52944730265682,201.52944730265682,0.0,0.0
2529,2019-04-16 09:00:00,4,2019-04-16 10:00:00,0.06431,0.06431,0.06431,0.12,0.0,163.63506618219344,-142.15500945179576,0.0,0.0,305.7900756339892,305.7900756339892,0.0,1.0
2530,2019-04-16 10:00:00,4,2019-04-16 11:00:00,0.06431,0.06431,0.06431,0.12,0.16347826086956513,163.63578630717888,-400.0,0.0,1.0750016878780472e-14,563.6357863071789,563.6357863071789,0.0,1.0
2531,2019-04-16 11:00:00,4,2019-04-16 12:00:00,0.06431,0.06431,0.06431,0.12,0.623478260869565,163.6357863870156,-0.0,163.63578638701557,236.36421361298437,2.842170943040401e-14,-236.36421361298434,1.0,0.0
2532,2019-04-16 12:00:00,4,2019-04-16 13:00:00,0.06431,0.06431,0.06431,0.12,0.08,163.6368671624176,-400.0,0.0,0.0,563.6368671624176,563.6368671624176,0.0,1.0
2533,2019-04-16 13:00:00,4,2019-04-16 14:00:00,0.06431,0.06431,0.06431,0.12,0.54,163.63578622966747,-400.0,0.0,0.0,563.6357862296675,563.6357862296675,0.0,1.0
2534,2019-04-16 14:00:00,4,2019-04-16 15:00:00,0.10531,0.10531,0.10531,0.12,1.0,163.63506616126537,-0.0,0.0,0.0,163.63506616126537,163.63506616126537,0.0,0.0
2535,2019-04-16 15:00:00,4,2019-04-16 16:00:00,0.10531,0.10531,0.10531,0.12,1.0,201.52944730963287,-0.0,0.0,0.0,201.52944730963287,201.52944730963287,0.0,1.0
2536,2019-04-16 16:00:00,4,2019-04-16 17:00:00,0.13592,0.13592,0.13592,0.12,1.0,229.9502330949473,-0.0,229.9502330949473,0.0,0.0,0.0,0.0,0.0
2537,2019-04-16 17:00:00,4,2019-04-16 18:00:00,0.13592,0.13592,0.13592,0.12,0.6875676180775173,229.95023292597244,-0.0,229.95023292597244,0.0,0.0,0.0,0.0,0.0
2538,2019-04-16 18:00:00,4,2019-04-16 19:00:00,0.13592,0.13592,0.13592,0.12,0.37513523638462,224.2476716910361,-0.0,224.2476716910361,0.0,0.0,0.0,0.0,0.0
2539,2019-04-16 19:00:00,4,2019-04-16 20:00:00,0.13592,0.13592,0.13592,0.12,0.07045089984788618,250.73693069895418,-0.0,51.85186228804423,0.0,198.88506841090995,198.88506841090995,0.0,0.0
2540,2019-04-16 20:00:00,4,2019-04-16 21:00:00,0.13592,0.13592,0.13592,0.12,0.0,231.79082095443042,-0.0,0.0,0.0,231.79082095443042,231.79082095443042,0.0,0.0
2541,2019-04-16 21:00:00,4,2019-04-16 22:00:00,0.10531,0.10531,0.10531,0.12,0.0,212.84254944439616,-0.0,0.0,0.0,212.84254944439616,212.84254944439616,0.0,0.0
2542,2019-04-16 22:00:00,4,2019-04-16 23:00:00,0.10531,0.10531,0.10531,0.12,0.0,193.8953589717523,-0.0,0.0,0.0,193.8953589717523,193.8953589717523,0.0,1.0
2543,2019-04-16 23:00:00,4,2019-04-17 00:00:00,0.10531,0.10531,0.10531,0.12,0.0,184.42176385286018,-0.0,0.0,0.0,184.42176385286018,184.42176385286018,0.0,1.0
2544,2019-04-17 00:00:00,4,2019-04-17 01:00:00,0.10531,0.10531,0.10531,0.12,0.0,223.05436303765399,0.0,0.0,0.0,223.05436303765399,223.05436303765399,0.0,0.0
2545,2019-04-17 01:00:00,4,2019-04-17 02:00:00,0.10531,0.10531,0.10531,0.12,0.0,223.05436303532866,-0.0,0.0,0.0,223.05436303532866,223.05436303532866,0.0,0.0
2546,2019-04-17 02:00:00,4,2019-04-17 03:00:00,0.10531,0.10531,0.10531,0.12,0.0,223.0543630322282,-0.0,0.0,0.0,223.0543630322282,223.0543630322282,0.0,0.0
2547,2019-04-17 03:00:00,4,2019-04-17 04:00:00,0.10531,0.10531,0.10531,0.12,0.0,232.52795833094677,-0.0,0.0,0.0,232.52795833094677,232.52795833094677,0.0,0.0
2548,2019-04-17 04:00:00,4,2019-04-17 05:00:00,0.10531,0.10531,0.10531,0.12,0.0,270.7923492535036,-0.0,0.0,0.0,270.7923492535036,270.7923492535036,0.0,0.0
2549,2019-04-17 05:00:00,4,2019-04-17 06:00:00,0.10531,0.10531,0.10531,0.12,0.0,312.2028269276173,-0.0,0.0,0.0,312.2028269276173,312.2028269276173,0.0,0.0
2550,2019-04-17 06:00:00,4,2019-04-17 07:00:00,0.10531,0.10531,0.10531,0.12,0.0,388.17388681690494,-400.00000000000006,0.0,0.0,788.173886816905,788.173886816905,0.0,1.0
2551,2019-04-17 07:00:00,4,2019-04-17 08:00:00,0.10531,0.10531,0.10531,0.12,0.4600000000000001,828.927673294551,-141.04405650490514,0.0,0.0,969.9717297994562,969.9717297994562,0.0,1.0
2552,2019-04-17 08:00:00,4,2019-04-17 09:00:00,0.10531,0.10531,0.10531,0.12,0.622200664980641,814.1458881607966,-86.77305943513802,0.0,0.0,900.9189475959347,900.9189475959347,0.0,1.0
2553,2019-04-17 09:00:00,4,2019-04-17 10:00:00,0.06431,0.06431,0.06431,0.12,0.7219896833310497,831.7840470334688,-138.18768276598735,0.0,0.0,969.9717297994562,969.9717297994562,0.0,1.0
2554,2019-04-17 10:00:00,4,2019-04-17 11:00:00,0.06431,0.06431,0.06431,0.12,0.8809055185119352,895.8965073951637,-74.0752224042925,0.0,0.0,969.9717297994562,969.9717297994562,0.0,1.0
2555,2019-04-17 11:00:00,4,2019-04-17 12:00:00,0.06431,0.06431,0.06431,0.12,0.9660920242768717,940.486533518475,-29.4851962809812,0.0,0.0,969.9717297994562,969.9717297994562,0.0,1.0
2556,2019-04-17 12:00:00,4,2019-04-17 13:00:00,0.06431,0.06431,0.06431,0.12,1.0,998.7508758308778,-0.0,28.779146031421647,0.0,969.9717297994562,969.9717297994562,0.0,0.0
2557,2019-04-17 13:00:00,4,2019-04-17 14:00:00,0.06431,0.06431,0.06431,0.12,0.9608978994138293,1004.3530141457844,-0.0,34.38128434632824,0.0,969.9717297994562,969.9717297994562,0.0,0.0
2558,2019-04-17 14:00:00,4,2019-04-17 15:00:00,0.10531,0.10531,0.10531,0.12,0.9141841978563181,1010.7666865031365,-0.0,40.79495670368033,0.0,969.9717297994562,969.9717297994562,0.0,0.0
2559,2019-04-17 15:00:00,4,2019-04-17 16:00:00,0.10531,0.10531,0.10531,0.12,0.8587562675524046,1050.695591013062,-0.0,80.72386121360591,0.0,969.9717297994562,969.9717297994562,0.0,0.0
2560,2019-04-17 16:00:00,4,2019-04-17 17:00:00,0.13592,0.13592,0.13592,0.12,0.7490771082947879,956.2571869012406,-0.0,0.0,0.0,956.2571869012406,956.2571869012406,0.0,1.0
2561,2019-04-17 17:00:00,4,2019-04-17 18:00:00,0.13592,0.13592,0.13592,0.12,0.7490771082947879,760.6835772296288,-0.0,400.0,0.0,360.6835772296288,360.6835772296288,0.0,0.0
2562,2019-04-17 18:00:00,4,2019-04-17 19:00:00,0.13592,0.13592,0.13592,0.12,0.20559884742522264,683.2420203156828,-0.0,0.0,0.0,683.2420203156828,683.2420203156828,0.0,1.0
2563,2019-04-17 19:00:00,4,2019-04-17 20:00:00,0.13592,0.13592,0.13592,0.12,0.20559884742522264,506.94183662540314,-0.0,0.0,0.0,506.94183662540314,506.94183662540314,0.0,1.0
2564,2019-04-17 20:00:00,4,2019-04-17 21:00:00,0.13592,0.13592,0.13592,0.12,0.20559884742522264,474.0015464937079,-0.0,151.32075170496387,0.0,322.68079478874404,322.68079478874404,0.0,0.0
2565,2019-04-17 21:00:00,4,2019-04-17 22:00:00,0.10531,0.10531,0.10531,0.12,0.0,270.7912686897077,-0.0,0.0,0.0,270.7912686897077,270.7912686897077,0.0,0.0
2566,2019-04-17 22:00:00,4,2019-04-17 23:00:00,0.10531,0.10531,0.10531,0.12,0.0,232.52795819685204,-0.0,0.0,0.0,232.52795819685204,232.52795819685204,0.0,0.0
2567,2019-04-17 23:00:00,4,2019-04-18 00:00:00,0.10531,0.10531,0.10531,0.12,0.0,223.05436292526247,-0.0,0.0,0.0,223.05436292526247,223.05436292526247,0.0,0.0
2568,2019-04-18 00:00:00,4,2019-04-18 01:00:00,0.10531,0.10531,0.10531,0.12,0.0,223.05436216565087,0.0,0.0,0.0,223.05436216565087,223.05436216565087,0.0,0.0
2569,2019-04-18 01:00:00,4,2019-04-18 02:00:00,0.10531,0.10531,0.10531,0.12,0.0,223.05436218192827,-0.0,0.0,0.0,223.05436218192827,223.05436218192827,0.0,0.0
2570,2019-04-18 02:00:00,4,2019-04-18 03:00:00,0.10531,0.10531,0.10531,0.12,0.0,223.05436219898078,-242.05518870779844,0.0,0.0,465.1095509067792,465.1095509067792,0.0,1.0
2571,2019-04-18 03:00:00,4,2019-04-18 04:00:00,0.10531,0.10531,0.10531,0.12,0.2783634670139682,232.52795749924957,-0.0,0.0,0.0,232.52795749924957,232.52795749924957,0.0,0.0
2572,2019-04-18 04:00:00,4,2019-04-18 05:00:00,0.10531,0.10531,0.10531,0.12,0.2783634670139682,270.7923479125566,-0.0,0.0,0.0,270.7923479125566,270.7923479125566,0.0,0.0
2573,2019-04-18 05:00:00,4,2019-04-18 06:00:00,0.10531,0.10531,0.10531,0.12,0.2783634670139682,312.5931212780631,-0.0,0.0,0.0,312.5931212780631,312.5931212780631,0.0,0.0
2574,2019-04-18 06:00:00,4,2019-04-18 07:00:00,0.10531,0.10531,0.10531,0.12,0.2783634670139682,388.0820098522863,-400.0,0.0,0.0,788.0820098522863,788.0820098522863,0.0,1.0
2575,2019-04-18 07:00:00,4,2019-04-18 08:00:00,0.10531,0.10531,0.10531,0.12,0.7383634670139682,821.8532763784517,0.0,0.0,0.0,821.8532763784517,821.8532763784517,0.0,0.0
2576,2019-04-18 08:00:00,4,2019-04-18 09:00:00,0.10531,0.10531,0.10531,0.12,0.7383634670139682,837.8947329674995,0.0,0.0,0.0,837.8947329674995,837.8947329674995,0.0,0.0
2577,2019-04-18 09:00:00,4,2019-04-18 10:00:00,0.06431,0.06431,0.06431,0.12,0.7383634670139682,849.2543062230719,-120.71742357638425,0.0,0.0,969.9717297994562,969.9717297994562,0.0,1.0
2578,2019-04-18 10:00:00,4,2019-04-18 11:00:00,0.06431,0.06431,0.06431,0.12,0.87718850412681,891.89524045346,-78.07648934599615,0.0,0.0,969.9717297994562,969.9717297994562,0.0,1.0
2579,2019-04-18 11:00:00,4,2019-04-18 12:00:00,0.06431,0.06431,0.06431,0.12,0.9669764668747056,941.2556140383307,-28.71611576112548,0.0,0.0,969.9717297994562,969.9717297994562,0.0,1.0
2580,2019-04-18 12:00:00,4,2019-04-18 13:00:00,0.06431,0.06431,0.06431,0.12,1.0,1019.8722938928701,-0.0,49.90056409341389,0.0,969.9717297994562,969.9717297994562,0.0,0.0
2581,2019-04-18 13:00:00,4,2019-04-18 14:00:00,0.06431,0.06431,0.06431,0.12,0.9322003205252528,1019.3185001940865,-0.0,49.34677039463031,0.0,969.9717297994562,969.9717297994562,0.0,0.0
2582,2019-04-18 14:00:00,4,2019-04-18 15:00:00,0.10531,0.10531,0.10531,0.12,0.8651530781412443,1015.7204768980872,-0.0,45.74874709863104,0.0,969.9717297994562,969.9717297994562,0.0,0.0
2583,2019-04-18 15:00:00,4,2019-04-18 16:00:00,0.10531,0.10531,0.10531,0.12,0.8029944543659303,1051.157615405121,-0.0,81.18588560566491,0.0,969.9717297994562,969.9717297994562,0.0,0.0
2584,2019-04-18 16:00:00,4,2019-04-18 17:00:00,0.13592,0.13592,0.13592,0.12,0.6926875445756248,960.1942138144393,-0.0,0.0,0.0,960.1942138144393,960.1942138144393,0.0,0.0
2585,2019-04-18 17:00:00,4,2019-04-18 18:00:00,0.13592,0.13592,0.13592,0.12,0.6926875445756248,768.2628030668263,-0.0,400.0,0.0,368.26280306682634,368.26280306682634,0.0,0.0
2586,2019-04-18 18:00:00,4,2019-04-18 19:00:00,0.13592,0.13592,0.13592,0.12,0.14920928370605963,677.4692994128989,-0.0,0.0,0.0,677.4692994128989,677.4692994128989,0.0,1.0
2587,2019-04-18 19:00:00,4,2019-04-18 20:00:00,0.13592,0.13592,0.13592,0.12,0.14920928370605963,503.31153650883647,-0.0,0.0,0.0,503.31153650883647,503.31153650883647,0.0,1.0
2588,2019-04-18 20:00:00,4,2019-04-18 21:00:00,0.13592,0.13592,0.13592,0.12,0.14920928370605963,428.50090351317755,-0.0,109.8180328076599,0.0,318.68287070551764,318.68287070551764,0.0,0.0
2589,2019-04-18 21:00:00,4,2019-04-18 22:00:00,0.10531,0.10531,0.10531,0.12,0.0,270.79126798047844,-0.0,0.0,0.0,270.79126798047844,270.79126798047844,0.0,0.0
2590,2019-04-18 22:00:00,4,2019-04-18 23:00:00,0.10531,0.10531,0.10531,0.12,0.0,232.52795751165138,-0.0,0.0,0.0,232.52795751165138,232.52795751165138,0.0,0.0
2591,2019-04-18 23:00:00,4,2019-04-19 00:00:00,0.10531,0.10531,0.10531,0.12,0.0,223.05436222688488,-0.0,0.0,0.0,223.05436222688488,223.05436222688488,0.0,0.0
2592,2019-04-19 00:00:00,4,2019-04-19 01:00:00,0.10531,0.10531,0.10531,0.12,0.0,223.05436145099586,-0.0,0.0,0.0,223.05436145099586,223.05436145099586,0.0,0.0
2593,2019-04-19 01:00:00,4,2019-04-19 02:00:00,0.10531,0.10531,0.10531,0.12,0.0,223.05436145952214,-0.0,0.0,0.0,223.05436145952214,223.05436145952214,0.0,0.0
2594,2019-04-19 02:00:00,4,2019-04-19 03:00:00,0.10531,0.10531,0.10531,0.12,0.0,223.0543614695986,-60.57875125042036,0.0,0.0,283.63311272001897,283.63311272001897,0.0,1.0
2595,2019-04-19 03:00:00,4,2019-04-19 04:00:00,0.10531,0.10531,0.10531,0.12,0.06966556393798343,232.52795676444163,-0.0,0.0,0.0,232.52795676444163,232.52795676444163,0.0,0.0
2596,2019-04-19 04:00:00,4,2019-04-19 05:00:00,0.10531,0.10531,0.10531,0.12,0.06966556393798343,270.79234665764716,-0.0,0.0,0.0,270.79234665764716,270.79234665764716,0.0,0.0
2597,2019-04-19 05:00:00,4,2019-04-19 06:00:00,0.10531,0.10531,0.10531,0.12,0.06966556393798343,312.964340985657,-399.99999999999994,0.0,0.0,712.9643409856569,712.9643409856569,0.0,1.0
2598,2019-04-19 06:00:00,4,2019-04-19 07:00:00,0.10531,0.10531,0.10531,0.12,0.5296655639379834,388.0758743623281,-399.99999999999994,0.0,0.0,788.075874362328,788.075874362328,0.0,1.0
2599,2019-04-19 07:00:00,4,2019-04-19 08:00:00,0.10531,0.10531,0.10531,0.12,0.9896655639379833,884.6328510497378,0.0,0.0,0.0,884.6328510497378,884.6328510497378,0.0,0.0
2600,2019-04-19 08:00:00,4,2019-04-19 09:00:00,0.10531,0.10531,0.10531,0.12,0.9896655639379833,905.9598455927788,0.0,0.0,0.0,905.9598455927788,905.9598455927788,0.0,0.0
2601,2019-04-19 09:00:00,4,2019-04-19 10:00:00,0.06431,0.06431,0.06431,0.12,0.9896655639379833,960.9852636585721,-8.98646614088409,0.0,0.0,969.9717297994562,969.9717297994562,0.0,1.0
2602,2019-04-19 10:00:00,4,2019-04-19 11:00:00,0.06431,0.06431,0.06431,0.12,1.0,1017.8777149683833,-0.0,47.905985168927145,0.0,969.9717297994562,969.9717297994562,0.0,0.0
2603,2019-04-19 11:00:00,4,2019-04-19 12:00:00,0.06431,0.06431,0.06431,0.12,0.9349103462378707,982.718475843047,-0.0,12.74674604359086,0.0,969.9717297994562,969.9717297994562,0.0,0.0
2604,2019-04-19 12:00:00,4,2019-04-19 13:00:00,0.06431,0.06431,0.06431,0.12,0.9175913978090787,1019.4394882095154,-0.0,49.46775841005922,0.0,969.9717297994562,969.9717297994562,0.0,0.0
2605,2019-04-19 13:00:00,4,2019-04-19 14:00:00,0.06431,0.06431,0.06431,0.12,0.8503797695345418,1022.5849046154511,-0.0,52.61317481599497,0.0,969.9717297994562,969.9717297994562,0.0,0.0
2606,2019-04-19 14:00:00,4,2019-04-19 15:00:00,0.10531,0.10531,0.10531,0.12,0.7788944776649833,1031.6252160312763,-0.0,61.653486231820125,0.0,969.9717297994562,969.9717297994562,0.0,0.0
2607,2019-04-19 15:00:00,4,2019-04-19 16:00:00,0.10531,0.10531,0.10531,0.12,0.6951261539804452,1070.4282688947565,-0.0,100.45653909530029,0.0,969.9717297994562,969.9717297994562,0.0,0.0
2608,2019-04-19 16:00:00,4,2019-04-19 17:00:00,0.13592,0.13592,0.13592,0.12,0.558636291079222,965.4806716348417,-0.0,0.0,0.0,965.4806716348417,965.4806716348417,0.0,1.0
2609,2019-04-19 17:00:00,4,2019-04-19 18:00:00,0.13592,0.13592,0.13592,0.12,0.558636291079222,719.6563369086773,-0.0,11.156310234307398,0.0,708.5000266743699,708.5000266743699,0.0,0.0
2610,2019-04-19 18:00:00,4,2019-04-19 19:00:00,0.13592,0.13592,0.13592,0.12,0.5434782608695652,651.3490782150311,-0.0,400.0,0.0,251.3490782150311,251.3490782150311,0.0,0.0
2611,2019-04-19 19:00:00,4,2019-04-19 20:00:00,0.13592,0.13592,0.13592,0.12,0.0,528.252685060892,-0.0,0.0,0.0,528.252685060892,528.252685060892,0.0,0.0
2612,2019-04-19 20:00:00,4,2019-04-19 21:00:00,0.13592,0.13592,0.13592,0.12,0.0,496.65885591001893,-0.0,0.0,0.0,496.65885591001893,496.65885591001893,0.0,0.0
2613,2019-04-19 21:00:00,4,2019-04-19 22:00:00,0.10531,0.10531,0.10531,0.12,0.0,270.79126714413053,-0.0,0.0,0.0,270.79126714413053,270.79126714413053,0.0,0.0
2614,2019-04-19 22:00:00,4,2019-04-19 23:00:00,0.10531,0.10531,0.10531,0.12,0.0,232.52795672103522,-0.0,0.0,0.0,232.52795672103522,232.52795672103522,0.0,0.0
2615,2019-04-19 23:00:00,4,2019-04-20 00:00:00,0.10531,0.10531,0.10531,0.12,0.0,223.05436144867053,-0.0,0.0,0.0,223.05436144867053,223.05436144867053,0.0,0.0
2616,2019-04-20 00:00:00,4,2019-04-20 01:00:00,0.10531,0.10531,0.10531,0.12,0.0,223.05436064720274,-0.0,0.0,0.0,223.05436064720274,223.05436064720274,0.0,0.0
2617,2019-04-20 01:00:00,4,2019-04-20 02:00:00,0.10531,0.10531,0.10531,0.12,0.0,223.05436064255207,-0.0,0.0,0.0,223.05436064255207,223.05436064255207,0.0,0.0
2618,2019-04-20 02:00:00,4,2019-04-20 03:00:00,0.10531,0.10531,0.10531,0.12,0.0,223.05436064177695,-0.0,0.0,0.0,223.05436064177695,223.05436064177695,0.0,0.0
2619,2019-04-20 03:00:00,4,2019-04-20 04:00:00,0.10531,0.10531,0.10531,0.12,0.0,232.52795592886883,-0.0,0.0,0.0,232.52795592886883,232.52795592886883,0.0,0.0
2620,2019-04-20 04:00:00,4,2019-04-20 05:00:00,0.10531,0.10531,0.10531,0.12,0.0,270.79234491751646,-400.0,0.0,0.0,670.7923449175164,670.7923449175164,0.0,1.0
2621,2019-04-20 05:00:00,4,2019-04-20 06:00:00,0.10531,0.10531,0.10531,0.12,0.46,316.4329278426218,-400.0,0.0,0.0,716.4329278426218,716.4329278426218,0.0,1.0
2622,2019-04-20 06:00:00,4,2019-04-20 07:00:00,0.10531,0.10531,0.10531,0.12,0.92,433.14288428743475,-0.0,0.0,0.0,433.14288428743475,433.14288428743475,0.0,0.0
2623,2019-04-20 07:00:00,4,2019-04-20 08:00:00,0.10531,0.10531,0.10531,0.12,0.92,919.493176967494,-50.47855283196213,0.0,0.0,969.9717297994562,969.9717297994562,0.0,1.0
2624,2019-04-20 08:00:00,4,2019-04-20 09:00:00,0.10531,0.10531,0.10531,0.12,0.9780503357567565,946.0216671596579,-19.086664559342164,0.0,0.0,965.108331719,965.108331719,0.0,1.0
2625,2019-04-20 09:00:00,4,2019-04-20 10:00:00,0.06431,0.06431,0.06431,0.12,1.0,984.8122683688244,-0.0,14.840538569368277,0.0,969.9717297994562,969.9717297994562,0.0,0.0
2626,2019-04-20 10:00:00,4,2019-04-20 11:00:00,0.06431,0.06431,0.06431,0.12,0.9798362247698801,1025.3333898024384,-0.0,55.36166000298226,0.0,969.9717297994562,969.9717297994562,0.0,0.0
2627,2019-04-20 11:00:00,4,2019-04-20 12:00:00,0.06431,0.06431,0.06431,0.12,0.9046165780266976,997.1845443464878,-0.0,27.2128145470316,0.0,969.9717297994562,969.9717297994562,0.0,0.0
2628,2019-04-20 12:00:00,4,2019-04-20 13:00:00,0.06431,0.06431,0.06431,0.12,0.8676426452182308,1050.9357916765593,-0.0,80.96406187710318,0.0,969.9717297994562,969.9717297994562,0.0,0.0
2629,2019-04-20 13:00:00,4,2019-04-20 14:00:00,0.06431,0.06431,0.06431,0.12,0.7576371263634711,1045.3781142354394,-0.0,75.40638443598323,0.0,969.9717297994562,969.9717297994562,0.0,0.0
2630,2019-04-20 14:00:00,4,2019-04-20 15:00:00,0.10531,0.10531,0.10531,0.12,0.6551827996841461,1038.2614202767425,-0.0,68.28969047728629,0.0,969.9717297994562,969.9717297994562,0.0,0.0
2631,2019-04-20 15:00:00,4,2019-04-20 16:00:00,0.10531,0.10531,0.10531,0.12,0.5623978941443549,1076.023901260222,-0.0,106.05217146076575,0.0,969.9717297994562,969.9717297994562,0.0,0.0
2632,2019-04-20 16:00:00,4,2019-04-20 17:00:00,0.13592,0.13592,0.13592,0.12,0.4183052698770102,983.6372608752437,-0.0,307.87267862947954,0.0,675.7645822457641,675.7645822457641,0.0,0.0
2633,2019-04-20 17:00:00,4,2019-04-20 18:00:00,0.13592,0.13592,0.13592,0.12,0.0,821.1887137967709,-0.0,0.0,0.0,821.1887137967709,821.1887137967709,0.0,1.0
2634,2019-04-20 18:00:00,4,2019-04-20 19:00:00,0.13592,0.13592,0.13592,0.12,0.0,728.339877609498,-0.0,0.0,0.0,728.339877609498,728.339877609498,0.0,1.0
2635,2019-04-20 19:00:00,4,2019-04-20 20:00:00,0.13592,0.13592,0.13592,0.12,0.0,566.0459634717168,-0.0,0.0,0.0,566.0459634717168,566.0459634717168,0.0,0.0
2636,2019-04-20 20:00:00,4,2019-04-20 21:00:00,0.13592,0.13592,0.13592,0.12,0.0,510.9568576654431,-0.0,0.0,0.0,510.9568576654431,510.9568576654431,0.0,0.0
2637,2019-04-20 21:00:00,4,2019-04-20 22:00:00,0.10531,0.10531,0.10531,0.12,0.0,270.7912665426422,-0.0,0.0,0.0,270.7912665426422,270.7912665426422,0.0,0.0
2638,2019-04-20 22:00:00,4,2019-04-20 23:00:00,0.10531,0.10531,0.10531,0.12,0.0,232.52795600638024,-0.0,0.0,0.0,232.52795600638024,232.52795600638024,0.0,0.0
2639,2019-04-20 23:00:00,4,2019-04-21 00:00:00,0.10531,0.10531,0.10531,0.12,0.0,223.05436072316394,-0.0,0.0,0.0,223.05436072316394,223.05436072316394,0.0,0.0
2640,2019-04-21 00:00:00,4,2019-04-21 01:00:00,0.10531,0.10531,0.10531,0.12,0.0,223.05435993409796,0.0,0.0,0.0,223.05435993409796,223.05435993409796,0.0,0.0
2641,2019-04-21 01:00:00,4,2019-04-21 02:00:00,0.10531,0.10531,0.10531,0.12,0.0,223.0543599418491,-0.0,0.0,0.0,223.0543599418491,223.0543599418491,0.0,0.0
2642,2019-04-21 02:00:00,4,2019-04-21 03:00:00,0.10531,0.10531,0.10531,0.12,0.0,223.05435994882515,-0.0,0.0,0.0,223.05435994882515,223.05435994882515,0.0,0.0
2643,2019-04-21 03:00:00,4,2019-04-21 04:00:00,0.10531,0.10531,0.10531,0.12,0.0,232.52795523204145,-0.0,0.0,0.0,232.52795523204145,232.52795523204145,0.0,0.0
2644,2019-04-21 04:00:00,4,2019-04-21 05:00:00,0.10531,0.10531,0.10531,0.12,0.0,270.79234403156124,-0.0,0.0,0.0,270.79234403156124,270.79234403156124,0.0,0.0
2645,2019-04-21 05:00:00,4,2019-04-21 06:00:00,0.10531,0.10531,0.10531,0.12,0.0,318.17262508145427,-0.0,0.0,0.0,318.17262508145427,318.17262508145427,0.0,0.0
2646,2019-04-21 06:00:00,4,2019-04-21 07:00:00,0.10531,0.10531,0.10531,0.12,0.0,427.91381633662036,-266.95568524095535,0.0,0.0,694.8695015775756,694.8695015775756,0.0,1.0
2647,2019-04-21 07:00:00,4,2019-04-21 08:00:00,0.10531,0.10531,0.10531,0.12,0.3069990380270987,852.790025073968,-117.1817047254882,0.0,0.0,969.9717297994562,969.9717297994562,0.0,1.0
2648,2019-04-21 08:00:00,4,2019-04-21 09:00:00,0.10531,0.10531,0.10531,0.12,0.4417579984614101,855.0490190416026,-114.92271075785357,0.0,0.0,969.9717297994562,969.9717297994562,0.0,1.0
2649,2019-04-21 09:00:00,4,2019-04-21 10:00:00,0.06431,0.06431,0.06431,0.12,0.5739191158329418,883.997172436076,-85.9745573633802,0.0,0.0,969.9717297994562,969.9717297994562,0.0,1.0
2650,2019-04-21 10:00:00,4,2019-04-21 11:00:00,0.06431,0.06431,0.06431,0.12,0.6727898568008289,924.4215740190649,-45.550155780391265,0.0,0.0,969.9717297994562,969.9717297994562,0.0,1.0
2651,2019-04-21 11:00:00,4,2019-04-21 12:00:00,0.06431,0.06431,0.06431,0.12,0.7251725359482789,931.6295614885768,-38.3421683108794,0.0,0.0,969.9717297994562,969.9717297994562,0.0,1.0
2652,2019-04-21 12:00:00,4,2019-04-21 13:00:00,0.06431,0.06431,0.06431,0.12,0.7692660295057903,969.1445112929616,-0.8272185064945461,0.0,0.0,969.9717297994562,969.9717297994562,0.0,1.0
2653,2019-04-21 13:00:00,4,2019-04-21 14:00:00,0.06431,0.06431,0.06431,0.12,0.770217330788259,933.4655133399505,-36.50621645950571,0.0,0.0,969.9717297994562,969.9717297994562,0.0,1.0
2654,2019-04-21 14:00:00,4,2019-04-21 15:00:00,0.10531,0.10531,0.10531,0.12,0.8121994797166906,885.6909309620029,-84.28079883745329,0.0,0.0,969.9717297994562,969.9717297994562,0.0,1.0
2655,2019-04-21 15:00:00,4,2019-04-21 16:00:00,0.10531,0.10531,0.10531,0.12,0.9091223983797618,890.9477283905535,-79.02400140890268,0.0,0.0,969.9717297994562,969.9717297994562,0.0,1.0
2656,2019-04-21 16:00:00,4,2019-04-21 17:00:00,0.13592,0.13592,0.13592,0.12,1.0,781.7393966357386,-0.0,400.0,0.0,381.73939663573856,381.73939663573856,0.0,0.0
2657,2019-04-21 17:00:00,4,2019-04-21 18:00:00,0.13592,0.13592,0.13592,0.12,0.4565217391304348,580.1089323928956,-0.0,0.0,0.0,580.1089323928956,580.1089323928956,0.0,0.0
2658,2019-04-21 18:00:00,4,2019-04-21 19:00:00,0.13592,0.13592,0.13592,0.12,0.4565217391304348,536.8723933532006,-0.0,0.0,0.0,536.8723933532006,536.8723933532006,0.0,0.0
2659,2019-04-21 19:00:00,4,2019-04-21 20:00:00,0.13592,0.13592,0.13592,0.12,0.4565217391304348,447.5027807705109,-0.0,0.0,0.0,447.5027807705109,447.5027807705109,0.0,0.0
2660,2019-04-21 20:00:00,4,2019-04-21 21:00:00,0.13592,0.13592,0.13592,0.12,0.4565217391304348,428.57142903323114,-0.0,336.00000000000006,0.0,92.57142903323108,92.57142903323108,0.0,0.0
2661,2019-04-21 21:00:00,4,2019-04-21 22:00:00,0.10531,0.10531,0.10531,0.12,0.0,270.7912656427349,-0.0,0.0,0.0,270.7912656427349,270.7912656427349,0.0,0.0
2662,2019-04-21 22:00:00,4,2019-04-21 23:00:00,0.10531,0.10531,0.10531,0.12,0.0,232.5279551925106,-0.0,0.0,0.0,232.5279551925106,232.5279551925106,0.0,0.0
2663,2019-04-21 23:00:00,4,2019-04-22 00:00:00,0.10531,0.10531,0.10531,0.12,0.0,223.05435992092103,-0.0,0.0,0.0,223.05435992092103,223.05435992092103,0.0,0.0
2664,2019-04-22 00:00:00,4,2019-04-22 01:00:00,0.10531,0.10531,0.10531,0.12,0.0,184.4221192898607,-0.0,1.824278173161475e-14,3.3592646453976055e-14,184.42211928986066,184.42211928986063,0.0,1.0
2665,2019-04-22 01:00:00,4,2019-04-22 02:00:00,0.10531,0.10531,0.10531,0.12,0.0,184.42211929296116,-0.0,0.0,0.0,184.42211929296116,184.42211929296116,0.0,0.0
2666,2019-04-22 02:00:00,4,2019-04-22 03:00:00,0.10531,0.10531,0.10531,0.12,0.0,184.42211927048285,-0.0,0.0,0.0,184.42211927048285,184.42211927048285,0.0,0.0
2667,2019-04-22 03:00:00,4,2019-04-22 04:00:00,0.10531,0.10531,0.10531,0.12,0.0,193.89571454052225,-0.0,0.0,0.0,193.89571454052225,193.89571454052225,0.0,1.0
2668,2019-04-22 04:00:00,4,2019-04-22 05:00:00,0.10531,0.10531,0.10531,0.12,0.0,212.84398264780657,-0.0,0.0,0.0,212.84398264780657,212.84398264780657,0.0,0.0
2669,2019-04-22 05:00:00,4,2019-04-22 06:00:00,0.10531,0.10531,0.10531,0.12,0.0,354.4523346847379,-0.0,3.4420366181201654e-13,4.423069522858599e-14,354.4523346847376,354.45233468473754,0.0,0.0
2670,2019-04-22 06:00:00,4,2019-04-22 07:00:00,0.10531,0.10531,0.10531,0.12,-6.750155989720952e-16,366.27733810839123,-0.0,0.0,0.0,366.27733810839123,366.27733810839123,0.0,0.0
2671,2019-04-22 07:00:00,4,2019-04-22 08:00:00,0.10531,0.10531,0.10531,0.12,0.0,608.4118307516611,-0.0,9.094947017729282e-13,0.0,608.4118307516602,608.4118307516602,0.0,0.0
2672,2019-04-22 08:00:00,4,2019-04-22 09:00:00,0.10531,0.10531,0.10531,0.12,0.0,651.6895778330432,-0.0,6.536993168992922e-14,0.0,651.6895778330431,651.6895778330431,0.0,0.0
2673,2019-04-22 09:00:00,4,2019-04-22 10:00:00,0.06431,0.06431,0.06431,0.12,0.0,558.8280146392232,-233.01532677819614,0.0,0.0,791.8433414174193,791.8433414174193,0.0,1.0
2674,2019-04-22 10:00:00,4,2019-04-22 11:00:00,0.06431,0.06431,0.06431,0.12,0.2679676257949255,613.3820877149257,-178.4612537024936,-2.842170943040401e-14,0.0,791.8433414174193,791.8433414174193,0.0,1.0
2675,2019-04-22 11:00:00,4,2019-04-22 12:00:00,0.06431,0.06431,0.06431,0.12,0.47319806755279314,691.4253204936941,-100.41802092372512,-5.684341886080802e-14,0.0,791.8433414174193,791.8433414174193,0.0,1.0
2676,2019-04-22 12:00:00,4,2019-04-22 13:00:00,0.06431,0.06431,0.06431,0.12,0.5886787916150772,702.5840469341139,-0.0,0.0,0.0,702.5840469341139,702.5840469341139,0.0,0.0
2677,2019-04-22 13:00:00,4,2019-04-22 14:00:00,0.06431,0.06431,0.06431,0.12,0.5886787916150772,523.4320199138347,-357.6706159868894,0.0,0.0,881.1026359007241,881.1026359007241,0.0,1.0
2678,2019-04-22 14:00:00,4,2019-04-22 15:00:00,0.10531,0.10531,0.10531,0.12,1.0,504.3749987545961,-0.0,0.0,0.0,504.3749987545961,504.3749987545961,0.0,1.0
2679,2019-04-22 15:00:00,4,2019-04-22 16:00:00,0.10531,0.10531,0.10531,0.12,1.0,524.3636696422597,-0.0,0.0,0.0,524.3636696422597,524.3636696422597,0.0,0.0
2680,2019-04-22 16:00:00,4,2019-04-22 17:00:00,0.13592,0.13592,0.13592,0.12,1.0,426.3217658594766,-0.0,400.0,0.0,26.321765859476614,26.321765859476614,0.0,0.0
2681,2019-04-22 17:00:00,4,2019-04-22 18:00:00,0.13592,0.13592,0.13592,0.12,0.4565217391304348,271.28308904491325,-0.0,271.28308904491325,0.0,0.0,0.0,0.0,0.0
2682,2019-04-22 18:00:00,4,2019-04-22 19:00:00,0.13592,0.13592,0.13592,0.12,0.08793058553680275,224.24874558885253,-0.0,0.0,0.0,224.24874558885253,224.24874558885253,0.0,0.0
2683,2019-04-22 19:00:00,4,2019-04-22 20:00:00,0.13592,0.13592,0.13592,0.12,0.08793058553680275,250.73800491766778,-0.0,64.71691095508683,0.0,186.02109396258095,186.02109396258095,0.0,0.0
2684,2019-04-22 20:00:00,4,2019-04-22 21:00:00,0.13592,0.13592,0.13592,0.12,0.0,231.79153244542218,-0.0,0.0,0.0,231.79153244542218,231.79153244542218,0.0,0.0
2685,2019-04-22 21:00:00,4,2019-04-22 22:00:00,0.10531,0.10531,0.10531,0.12,0.0,212.84290508292628,-0.0,0.0,0.0,212.84290508292628,212.84290508292628,0.0,0.0
2686,2019-04-22 22:00:00,4,2019-04-22 23:00:00,0.10531,0.10531,0.10531,0.12,0.0,193.89571453044573,-0.0,0.0,0.0,193.89571453044573,193.89571453044573,0.0,0.0
2687,2019-04-22 23:00:00,4,2019-04-23 00:00:00,0.10531,0.10531,0.10531,0.12,0.0,184.42211925963124,-0.0,0.0,0.0,184.42211925963124,184.42211925963124,0.0,1.0
2688,2019-04-23 00:00:00,4,2019-04-23 01:00:00,0.10531,0.10531,0.10531,0.12,0.0,184.42175942075892,-0.0,0.0,0.0,184.42175942075892,184.42175942075892,0.0,0.0
2689,2019-04-23 01:00:00,4,2019-04-23 02:00:00,0.10531,0.10531,0.10531,0.12,0.0,184.42175952462418,-0.0,0.0,0.0,184.42175952462418,184.42175952462418,0.0,0.0
2690,2019-04-23 02:00:00,4,2019-04-23 03:00:00,0.10531,0.10531,0.10531,0.12,0.0,184.42175953470067,-0.0,0.0,0.0,184.42175953470067,184.42175953470067,0.0,0.0
2691,2019-04-23 03:00:00,4,2019-04-23 04:00:00,0.10531,0.10531,0.10531,0.12,0.0,193.89535464584168,-0.0,0.0,0.0,193.89535464584168,193.89535464584168,0.0,0.0
2692,2019-04-23 04:00:00,4,2019-04-23 05:00:00,0.10531,0.10531,0.10531,0.12,0.0,212.84362239657364,-0.0,0.0,0.0,212.84362239657364,212.84362239657364,0.0,0.0
2693,2019-04-23 05:00:00,4,2019-04-23 06:00:00,0.10531,0.10531,0.10531,0.12,0.0,224.24766760928634,-0.0,0.0,0.0,224.24766760928634,224.24766760928634,0.0,0.0
2694,2019-04-23 06:00:00,4,2019-04-23 07:00:00,0.10531,0.10531,0.10531,0.12,0.0,229.9502286574203,-0.0,0.0,0.0,229.9502286574203,229.9502286574203,0.0,0.0
2695,2019-04-23 07:00:00,4,2019-04-23 08:00:00,0.10531,0.10531,0.10531,0.12,0.0,252.69027968246118,-0.0,0.0,0.0,252.69027968246118,252.69027968246118,0.0,0.0
2696,2019-04-23 08:00:00,4,2019-04-23 09:00:00,0.10531,0.10531,0.10531,0.12,0.0,285.0087782998483,-0.0,0.0,0.0,285.0087782998483,285.0087782998483,0.0,0.0
2697,2019-04-23 09:00:00,4,2019-04-23 10:00:00,0.06431,0.06431,0.06431,0.12,0.0,235.2461887268953,-142.1550094517958,0.0,0.0,377.40119817869106,377.40119817869106,0.0,1.0
2698,2019-04-23 10:00:00,4,2019-04-23 11:00:00,0.06431,0.06431,0.06431,0.12,0.16347826086956516,230.23264666630484,-400.0,0.0,0.0,630.2326466663048,630.2326466663048,0.0,1.0
2699,2019-04-23 11:00:00,4,2019-04-23 12:00:00,0.06431,0.06431,0.06431,0.12,0.6234782608695651,163.6357801992814,-1.3963946245814641e-14,163.6357801992814,236.3642198007186,0.0,-236.3642198007186,1.0,0.0
2700,2019-04-23 12:00:00,4,2019-04-23 13:00:00,0.06431,0.06431,0.06431,0.12,0.08,163.63685689448388,-400.0,0.0,0.0,563.6368568944839,563.6368568944839,0.0,1.0
2701,2019-04-23 13:00:00,4,2019-04-23 14:00:00,0.06431,0.06431,0.06431,0.12,0.54,163.6357799024128,-400.0,0.0,0.0,563.6357799024128,563.6357799024128,0.0,1.0
2702,2019-04-23 14:00:00,4,2019-04-23 15:00:00,0.10531,0.10531,0.10531,0.12,1.0,189.82744949108462,-0.0,-3.1553322245103485e-14,-2.4295336785640385e-14,189.82744949108465,189.82744949108468,0.0,0.0
2703,2019-04-23 15:00:00,4,2019-04-23 16:00:00,0.10531,0.10531,0.10531,0.12,1.0,373.1853175328049,-0.0,0.0,0.0,373.1853175328049,373.1853175328049,0.0,1.0
2704,2019-04-23 16:00:00,4,2019-04-23 17:00:00,0.13592,0.13592,0.13592,0.12,1.0,343.0446748655938,-0.0,343.0446748655938,0.0,0.0,0.0,0.0,0.0
2705,2019-04-23 17:00:00,4,2019-04-23 18:00:00,0.13592,0.13592,0.13592,0.12,0.5339066917587041,315.22063463710015,-0.0,315.22063463710015,0.0,0.0,0.0,0.0,0.0
2706,2019-04-23 18:00:00,4,2019-04-23 19:00:00,0.13592,0.13592,0.13592,0.12,0.10561778600177461,224.24766746046444,-0.0,0.0,0.0,224.24766746046444,224.24766746046444,0.0,0.0
2707,2019-04-23 19:00:00,4,2019-04-23 20:00:00,0.13592,0.13592,0.13592,0.12,0.10561778600177461,250.73692614903564,-0.0,77.73469049730612,0.0,173.0022356517295,173.0022356517295,0.0,0.0
2708,2019-04-23 20:00:00,4,2019-04-23 21:00:00,0.13592,0.13592,0.13592,0.12,0.0,231.7908133652903,-0.0,0.0,0.0,231.7908133652903,231.7908133652903,0.0,0.0
2709,2019-04-23 21:00:00,4,2019-04-23 22:00:00,0.10531,0.10531,0.10531,0.12,0.0,212.84254511460992,-0.0,0.0,0.0,212.84254511460992,212.84254511460992,0.0,0.0
2710,2019-04-23 22:00:00,4,2019-04-23 23:00:00,0.10531,0.10531,0.10531,0.12,0.0,193.89535441485774,-0.0,1.0480055983152956e-14,1.5823404599582786e-14,193.89535441485774,193.8953544148577,0.0,1.0
2711,2019-04-23 23:00:00,4,2019-04-24 00:00:00,0.10531,0.10531,0.10531,0.12,-3.7472666296100226e-17,184.42175928278866,-0.0,-1.271582607975234e-14,-1.4864056314177425e-14,184.42175928278866,184.42175928278868,0.0,0.0
2712,2019-04-24 00:00:00,4,2019-04-24 01:00:00,0.10531,0.10531,0.10531,0.12,0.0,223.05435748241274,-0.0,0.0,0.0,223.05435748241274,223.05435748241274,0.0,0.0
2713,2019-04-24 01:00:00,4,2019-04-24 02:00:00,0.10531,0.10531,0.10531,0.12,0.0,223.05435749326438,-0.0,0.0,0.0,223.05435749326438,223.05435749326438,0.0,0.0
2714,2019-04-24 02:00:00,4,2019-04-24 03:00:00,0.10531,0.10531,0.10531,0.12,0.0,223.05435750256572,-0.0,0.0,0.0,223.05435750256572,223.05435750256572,0.0,0.0
2715,2019-04-24 03:00:00,4,2019-04-24 04:00:00,0.10531,0.10531,0.10531,0.12,0.0,232.52795279508337,-0.0,0.0,0.0,232.52795279508337,232.52795279508337,0.0,0.0
2716,2019-04-24 04:00:00,4,2019-04-24 05:00:00,0.10531,0.10531,0.10531,0.12,0.0,270.7923405365728,-9.885430725641264,0.0,0.0,280.67777126221404,280.67777126221404,0.0,1.0
2717,2019-04-24 05:00:00,4,2019-04-24 06:00:00,0.10531,0.10531,0.10531,0.12,0.011368245334487454,305.2707930628783,-400.0,0.0,0.0,705.2707930628783,705.2707930628783,0.0,1.0
2718,2019-04-24 06:00:00,4,2019-04-24 07:00:00,0.10531,0.10531,0.10531,0.12,0.47136824533448746,388.1298328073751,-400.0,0.0,0.0,788.1298328073751,788.1298328073751,0.0,1.0
2719,2019-04-24 07:00:00,4,2019-04-24 08:00:00,0.10531,0.10531,0.10531,0.12,0.9313682453344875,835.132720771943,0.0,0.0,0.0,835.132720771943,835.132720771943,0.0,0.0
2720,2019-04-24 08:00:00,4,2019-04-24 09:00:00,0.10531,0.10531,0.10531,0.12,0.9313682453344875,896.9747403770878,0.0,0.0,0.0,896.9747403770878,896.9747403770878,0.0,0.0
2721,2019-04-24 09:00:00,4,2019-04-24 10:00:00,0.06431,0.06431,0.06431,0.12,0.9313682453344875,910.2919431337931,-59.67978666566307,0.0,0.0,969.9717297994562,969.9717297994562,0.0,1.0
2722,2019-04-24 10:00:00,4,2019-04-24 11:00:00,0.06431,0.06431,0.06431,0.12,1.0,989.5887371683126,-0.0,19.617007368856434,0.0,969.9717297994562,969.9717297994562,0.0,0.0
2723,2019-04-24 11:00:00,4,2019-04-24 12:00:00,0.06431,0.06431,0.06431,0.12,0.9733464573792712,986.0636484308352,-0.0,16.09191863137903,0.0,969.9717297994562,969.9717297994562,0.0,0.0
2724,2019-04-24 12:00:00,4,2019-04-24 13:00:00,0.06431,0.06431,0.06431,0.12,0.9514824374996802,1032.8327579072438,-0.0,62.86102810778766,0.0,969.9717297994562,969.9717297994562,0.0,0.0
2725,2019-04-24 13:00:00,4,2019-04-24 14:00:00,0.06431,0.06431,0.06431,0.12,0.8660734319184469,1032.0216114139926,-0.0,62.04988161453639,0.0,969.9717297994562,969.9717297994562,0.0,0.0
2726,2019-04-24 14:00:00,4,2019-04-24 15:00:00,0.10531,0.10531,0.10531,0.12,0.7817665275508703,1020.5971094024679,-0.0,50.625379603011766,0.0,969.9717297994562,969.9717297994562,0.0,0.0
2727,2019-04-24 15:00:00,4,2019-04-24 16:00:00,0.10531,0.10531,0.10531,0.12,0.7129820443946043,1023.4592316340312,-0.0,53.48750183457503,0.0,969.9717297994562,969.9717297994562,0.0,0.0
2728,2019-04-24 16:00:00,4,2019-04-24 17:00:00,0.13592,0.13592,0.13592,0.12,0.6403088082063231,889.2913355473929,-0.0,400.0,0.0,489.2913355473929,489.2913355473929,0.0,0.0
2729,2019-04-24 17:00:00,4,2019-04-24 18:00:00,0.13592,0.13592,0.13592,0.12,0.09683054733675789,663.0892060956835,-0.0,0.0,0.0,663.0892060956835,663.0892060956835,0.0,1.0
2730,2019-04-24 18:00:00,4,2019-04-24 19:00:00,0.13592,0.13592,0.13592,0.12,0.09683054733675789,612.074915338011,-0.0,0.0,0.0,612.074915338011,612.074915338011,0.0,1.0
2731,2019-04-24 19:00:00,4,2019-04-24 20:00:00,0.13592,0.13592,0.13592,0.12,0.09683054733675789,455.41991090413114,-0.0,71.2672828398538,0.0,384.15262806427734,384.15262806427734,0.0,0.0
2732,2019-04-24 20:00:00,4,2019-04-24 21:00:00,0.13592,0.13592,0.13592,0.12,0.0,428.53986782493587,-0.0,0.0,0.0,428.53986782493587,428.53986782493587,0.0,1.0
2733,2019-04-24 21:00:00,4,2019-04-24 22:00:00,0.10531,0.10531,0.10531,0.12,0.0,270.79126347164095,-0.0,0.0,0.0,270.79126347164095,270.79126347164095,0.0,0.0
2734,2019-04-24 22:00:00,4,2019-04-24 23:00:00,0.10531,0.10531,0.10531,0.12,0.0,232.5279528927477,-0.0,0.0,0.0,232.5279528927477,232.5279528927477,0.0,0.0
2735,2019-04-24 23:00:00,4,2019-04-25 00:00:00,0.10531,0.10531,0.10531,0.12,0.0,223.05435758860332,-0.0,0.0,0.0,223.05435758860332,223.05435758860332,0.0,0.0
2736,2019-04-25 00:00:00,4,2019-04-25 01:00:00,0.10531,0.10531,0.10531,0.12,0.0,223.05435676000658,-0.0,0.0,0.0,223.05435676000658,223.05435676000658,0.0,0.0
2737,2019-04-25 01:00:00,4,2019-04-25 02:00:00,0.10531,0.10531,0.10531,0.12,0.0,223.0543567530306,-0.0,0.0,0.0,223.0543567530306,223.0543567530306,0.0,0.0
2738,2019-04-25 02:00:00,4,2019-04-25 03:00:00,0.10531,0.10531,0.10531,0.12,0.0,223.05435674837986,-0.0,0.0,0.0,223.05435674837986,223.05435674837986,0.0,0.0
2739,2019-04-25 03:00:00,4,2019-04-25 04:00:00,0.10531,0.10531,0.10531,0.12,0.0,232.52795203004595,-0.0,0.0,0.0,232.52795203004595,232.52795203004595,0.0,0.0
2740,2019-04-25 04:00:00,4,2019-04-25 05:00:00,0.10531,0.10531,0.10531,0.12,0.0,270.79233889023084,-0.0,0.0,0.0,270.79233889023084,270.79233889023084,0.0,0.0
2741,2019-04-25 05:00:00,4,2019-04-25 06:00:00,0.10531,0.10531,0.10531,0.12,0.0,305.6231328044498,-369.0246154324303,0.0,0.0,674.6477482368801,674.6477482368801,0.0,1.0
2742,2019-04-25 06:00:00,4,2019-04-25 07:00:00,0.10531,0.10531,0.10531,0.12,0.4243783077472949,388.1305535764801,-400.0,0.0,0.0,788.1305535764801,788.1305535764801,0.0,1.0
2743,2019-04-25 07:00:00,4,2019-04-25 08:00:00,0.10531,0.10531,0.10531,0.12,0.8843783077472949,875.3683990279243,-94.60333077153189,0.0,0.0,969.9717297994562,969.9717297994562,0.0,1.0
2744,2019-04-25 08:00:00,4,2019-04-25 09:00:00,0.10531,0.10531,0.10531,0.12,0.9931721381345565,924.4880907508438,-0.0,0.0,0.0,924.4880907508438,924.4880907508438,0.0,0.0
2745,2019-04-25 09:00:00,4,2019-04-25 10:00:00,0.06431,0.06431,0.06431,0.12,0.9931721381345565,964.034458612114,-5.937271187342162,0.0,0.0,969.9717297994562,969.9717297994562,0.0,1.0
2746,2019-04-25 10:00:00,4,2019-04-25 11:00:00,0.06431,0.06431,0.06431,0.12,1.0,1028.275334471583,-0.0,58.30360467212677,0.0,969.9717297994562,969.9717297994562,0.0,0.0
2747,2019-04-25 11:00:00,4,2019-04-25 12:00:00,0.06431,0.06431,0.06431,0.12,0.9207831458259147,979.8099800279061,-0.0,9.838250228449965,0.0,969.9717297994562,969.9717297994562,0.0,0.0
2748,2019-04-25 12:00:00,4,2019-04-25 13:00:00,0.06431,0.06431,0.06431,0.12,0.9074159580155208,1031.6301398570006,-0.0,61.658410057544415,0.0,969.9717297994562,969.9717297994562,0.0,0.0
2749,2019-04-25 13:00:00,4,2019-04-25 14:00:00,0.06431,0.06431,0.06431,0.12,0.8236409443503788,1043.764647129753,-0.0,73.79291733029686,0.0,969.9717297994562,969.9717297994562,0.0,0.0
2750,2019-04-25 14:00:00,4,2019-04-25 15:00:00,0.10531,0.10531,0.10531,0.12,0.7233788284124756,1042.105631843768,-0.0,72.13390204431175,0.0,969.9717297994562,969.9717297994562,0.0,0.0
2751,2019-04-25 15:00:00,4,2019-04-25 16:00:00,0.10531,0.10531,0.10531,0.12,0.6253708093305304,1078.47709658702,-0.0,108.50536678756384,0.0,969.9717297994562,969.9717297994562,0.0,0.0
2752,2019-04-25 16:00:00,4,2019-04-25 17:00:00,0.13592,0.13592,0.13592,0.12,0.47794503923873166,966.3297091210452,-0.0,351.7675488797065,0.0,614.5621602413387,614.5621602413387,0.0,0.0
2753,2019-04-25 17:00:00,4,2019-04-25 18:00:00,0.13592,0.13592,0.13592,0.12,0.0,698.9472479216423,-0.0,0.0,0.0,698.9472479216423,698.9472479216423,0.0,0.0
2754,2019-04-25 18:00:00,4,2019-04-25 19:00:00,0.13592,0.13592,0.13592,0.12,0.0,623.2200489843954,-0.0,0.0,0.0,623.2200489843954,623.2200489843954,0.0,0.0
2755,2019-04-25 19:00:00,4,2019-04-25 20:00:00,0.13592,0.13592,0.13592,0.12,0.0,538.4390502335023,-0.0,0.0,0.0,538.4390502335023,538.4390502335023,0.0,0.0
2756,2019-04-25 20:00:00,4,2019-04-25 21:00:00,0.13592,0.13592,0.13592,0.12,0.0,486.79874125695255,-0.0,0.0,0.0,486.79874125695255,486.79874125695255,0.0,0.0
2757,2019-04-25 21:00:00,4,2019-04-25 22:00:00,0.10531,0.10531,0.10531,0.12,0.0,270.7912625825854,-0.0,0.0,0.0,270.7912625825854,270.7912625825854,0.0,0.0
2758,2019-04-25 22:00:00,4,2019-04-25 23:00:00,0.10531,0.10531,0.10531,0.12,0.0,232.52795204399803,-0.0,0.0,0.0,232.52795204399803,232.52795204399803,0.0,0.0
2759,2019-04-25 23:00:00,4,2019-04-26 00:00:00,0.10531,0.10531,0.10531,0.12,0.0,223.05435675690615,-0.0,0.0,0.0,223.05435675690615,223.05435675690615,0.0,0.0
2760,2019-04-26 00:00:00,4,2019-04-26 01:00:00,0.10531,0.10531,0.10531,0.12,0.0,223.05435593528546,-0.0,0.0,0.0,223.05435593528546,223.05435593528546,0.0,0.0
2761,2019-04-26 01:00:00,4,2019-04-26 02:00:00,0.10531,0.10531,0.10531,0.12,0.0,223.05435593683566,-0.0,0.0,0.0,223.05435593683566,223.05435593683566,0.0,0.0
2762,2019-04-26 02:00:00,4,2019-04-26 03:00:00,0.10531,0.10531,0.10531,0.12,0.0,223.05435593838587,-0.0,0.0,0.0,223.05435593838587,223.05435593838587,0.0,0.0
2763,2019-04-26 03:00:00,4,2019-04-26 04:00:00,0.10531,0.10531,0.10531,0.12,0.0,232.52795122392752,-61.435190356477136,0.0,0.0,293.9631415804047,293.9631415804047,0.0,1.0
2764,2019-04-26 04:00:00,4,2019-04-26 05:00:00,0.10531,0.10531,0.10531,0.12,0.07065046890994871,270.7923375012267,-400.0,0.0,0.0,670.7923375012267,670.7923375012267,0.0,1.0
2765,2019-04-26 05:00:00,4,2019-04-26 06:00:00,0.10531,0.10531,0.10531,0.12,0.5306504689099487,305.74240832510606,-399.99999999999994,0.0,0.0,705.742408325106,705.742408325106,0.0,1.0
2766,2019-04-26 06:00:00,4,2019-04-26 07:00:00,0.10531,0.10531,0.10531,0.12,0.9906504689099487,447.4446410976019,0.0,0.0,0.0,447.4446410976019,447.4446410976019,0.0,0.0
2767,2019-04-26 07:00:00,4,2019-04-26 08:00:00,0.10531,0.10531,0.10531,0.12,0.9906504689099487,963.0530678247918,-8.130027034827265,0.0,0.0,971.1830948596191,971.1830948596191,0.0,1.0
2768,2019-04-26 08:00:00,4,2019-04-26 09:00:00,0.10531,0.10531,0.10531,0.12,1.0,1016.3487350906913,-0.0,45.165640231072246,0.0,971.1830948596191,971.1830948596191,0.0,0.0
2769,2019-04-26 09:00:00,4,2019-04-26 10:00:00,0.06431,0.06431,0.06431,0.12,0.938633640990391,1035.1348960239445,-0.0,63.951801164325445,0.0,971.1830948596191,971.1830948596191,0.0,0.0
2770,2019-04-26 10:00:00,4,2019-04-26 11:00:00,0.06431,0.06431,0.06431,0.12,0.8517426067997315,1049.0516074332368,-0.0,77.86851257361769,0.0,971.1830948596191,971.1830948596191,0.0,0.0
2771,2019-04-26 11:00:00,4,2019-04-26 12:00:00,0.06431,0.06431,0.06431,0.12,0.745942997324708,1024.9260586943992,-0.0,53.74296383478014,0.0,971.1830948596191,971.1830948596191,0.0,0.0
2772,2019-04-26 12:00:00,4,2019-04-26 13:00:00,0.06431,0.06431,0.06431,0.12,0.6729226660274525,1076.1758038405326,-0.0,104.99270898091349,0.0,971.1830948596191,971.1830948596191,0.0,0.0
2773,2019-04-26 13:00:00,4,2019-04-26 14:00:00,0.06431,0.06431,0.06431,0.12,0.5302695288251245,1092.0732833267869,-0.0,120.89018846716777,0.0,971.1830948596191,971.1830948596191,0.0,0.0
2774,2019-04-26 14:00:00,4,2019-04-26 15:00:00,0.10531,0.10531,0.10531,0.12,0.3660165553642987,1090.6711464810712,-0.0,119.48805162145214,0.0,971.1830948596191,971.1830948596191,0.0,0.0
2775,2019-04-26 15:00:00,4,2019-04-26 16:00:00,0.10531,0.10531,0.10531,0.12,0.20366865913949958,1098.4544763425893,-0.0,127.27138148297018,0.0,971.1830948596191,971.1830948596191,0.0,0.0
2776,2019-04-26 16:00:00,4,2019-04-26 17:00:00,0.13592,0.13592,0.13592,0.12,0.030745586472420504,993.8118465033206,-0.0,22.62875164370149,0.0,971.1830948596191,971.1830948596191,0.0,0.0
2777,2019-04-26 17:00:00,4,2019-04-26 18:00:00,0.13592,0.13592,0.13592,0.12,0.0,823.1628249088527,-0.0,0.0,0.0,823.1628249088527,823.1628249088527,0.0,0.0
2778,2019-04-26 18:00:00,4,2019-04-26 19:00:00,0.13592,0.13592,0.13592,0.12,0.0,799.8135611486963,-0.0,0.0,0.0,799.8135611486963,799.8135611486963,0.0,0.0
2779,2019-04-26 19:00:00,4,2019-04-26 20:00:00,0.13592,0.13592,0.13592,0.12,0.0,678.0871112863149,-0.0,0.0,0.0,678.0871112863149,678.0871112863149,0.0,0.0
2780,2019-04-26 20:00:00,4,2019-04-26 21:00:00,0.13592,0.13592,0.13592,0.12,0.0,604.3680341952121,-0.0,0.0,0.0,604.3680341952121,604.3680341952121,0.0,0.0
2781,2019-04-26 21:00:00,4,2019-04-26 22:00:00,0.10531,0.10531,0.10531,0.12,0.0,270.79126183227504,-0.0,0.0,0.0,270.79126183227504,270.79126183227504,0.0,0.0
2782,2019-04-26 22:00:00,4,2019-04-26 23:00:00,0.10531,0.10531,0.10531,0.12,0.0,232.5279512634583,-180.77802112683307,0.0,0.0,413.30597239029134,413.30597239029134,0.0,1.0
2783,2019-04-26 23:00:00,4,2019-04-27 00:00:00,0.10531,0.10531,0.10531,0.12,0.20789472429585804,223.05435596163932,-0.0,0.0,0.0,223.05435596163932,223.05435596163932,0.0,0.0
2784,2019-04-27 00:00:00,4,2019-04-27 01:00:00,0.10531,0.10531,0.10531,0.12,0.20789472429585804,223.0543551245163,-0.0,0.0,0.0,223.0543551245163,223.0543551245163,0.0,0.0
2785,2019-04-27 01:00:00,4,2019-04-27 02:00:00,0.10531,0.10531,0.10531,0.12,0.20789472429585804,223.05435511754027,-0.0,0.0,0.0,223.05435511754027,223.05435511754027,0.0,0.0
2786,2019-04-27 02:00:00,4,2019-04-27 03:00:00,0.10531,0.10531,0.10531,0.12,0.20789472429585804,223.05435511366468,-0.0,0.0,0.0,223.05435511366468,223.05435511366468,0.0,0.0
2787,2019-04-27 03:00:00,4,2019-04-27 04:00:00,0.10531,0.10531,0.10531,0.12,0.20789472429585804,232.52795039455566,-0.0,0.0,0.0,232.52795039455566,232.52795039455566,0.0,0.0
2788,2019-04-27 04:00:00,4,2019-04-27 05:00:00,0.10531,0.10531,0.10531,0.12,0.20789472429585804,270.79233629127395,-0.0,0.0,0.0,270.79233629127395,270.79233629127395,0.0,0.0
2789,2019-04-27 05:00:00,4,2019-04-27 06:00:00,0.10531,0.10531,0.10531,0.12,0.20789472429585804,306.394176387045,-242.57172637011254,0.0,0.0,548.9659027571576,548.9659027571576,0.0,1.0
2790,2019-04-27 06:00:00,4,2019-04-27 07:00:00,0.10531,0.10531,0.10531,0.12,0.48685220962148745,439.03119795488027,-400.0,0.0,0.0,839.0311979548803,839.0311979548803,0.0,1.0
2791,2019-04-27 07:00:00,4,2019-04-27 08:00:00,0.10531,0.10531,0.10531,0.12,0.9468522096214875,928.225406291524,-42.957688568095136,0.0,0.0,971.1830948596191,971.1830948596191,0.0,1.0
2792,2019-04-27 08:00:00,4,2019-04-27 09:00:00,0.10531,0.10531,0.10531,0.12,0.996253551474797,967.9253135333556,-3.257781326263512,0.0,0.0,971.1830948596191,971.1830948596191,0.0,1.0
2793,2019-04-27 09:00:00,4,2019-04-27 10:00:00,0.06431,0.06431,0.06431,0.12,1.0,1017.5057758628609,-0.0,46.32268100324177,0.0,971.1830948596191,971.1830948596191,0.0,0.0
2794,2019-04-27 10:00:00,4,2019-04-27 11:00:00,0.06431,0.06431,0.06431,0.12,0.9370615747238563,1041.7010837046396,-0.0,70.51798884502045,0.0,971.1830948596191,971.1830948596191,0.0,0.0
2795,2019-04-27 11:00:00,4,2019-04-27 12:00:00,0.06431,0.06431,0.06431,0.12,0.8412490898800784,1007.3529420931083,-0.0,36.16984723348912,0.0,971.1830948596191,971.1830948596191,0.0,0.0
2796,2019-04-27 12:00:00,4,2019-04-27 13:00:00,0.06431,0.06431,0.06431,0.12,0.7921052757041421,1031.3796688259438,-0.0,60.19657396632465,0.0,971.1830948596191,971.1830948596191,0.0,0.0
2797,2019-04-27 13:00:00,4,2019-04-27 14:00:00,0.06431,0.06431,0.06431,0.12,0.7103164523803315,974.1116001541512,-0.0,2.9285052945321013,0.0,971.1830948596191,971.1830948596191,0.0,0.0
2798,2019-04-27 14:00:00,4,2019-04-27 15:00:00,0.10531,0.10531,0.10531,0.12,0.7063375049692824,1012.1348492156677,-0.0,40.95175435604858,0.0,971.1830948596191,971.1830948596191,0.0,0.0
2799,2019-04-27 15:00:00,4,2019-04-27 16:00:00,0.10531,0.10531,0.10531,0.12,0.6506965343768252,1013.515416393579,-0.0,42.332321533959885,0.0,971.1830948596191,971.1830948596191,0.0,0.0
2800,2019-04-27 16:00:00,4,2019-04-27 17:00:00,0.13592,0.13592,0.13592,0.12,0.5931797931622058,875.4801303387342,-0.0,400.00000000000006,0.0,475.4801303387341,475.4801303387341,0.0,0.0
2801,2019-04-27 17:00:00,4,2019-04-27 18:00:00,0.13592,0.13592,0.13592,0.12,0.04970153229264054,677.5790208805207,-0.0,0.0,0.0,677.5790208805207,677.5790208805207,0.0,1.0
2802,2019-04-27 18:00:00,4,2019-04-27 19:00:00,0.13592,0.13592,0.13592,0.12,0.04970153229264054,588.2877131825579,-0.0,0.0,0.0,588.2877131825579,588.2877131825579,0.0,1.0
2803,2019-04-27 19:00:00,4,2019-04-27 20:00:00,0.13592,0.13592,0.13592,0.12,0.04970153229264054,447.4783692607951,-0.0,0.0,0.0,447.4783692607951,447.4783692607951,0.0,1.0
2804,2019-04-27 20:00:00,4,2019-04-27 21:00:00,0.13592,0.13592,0.13592,0.12,0.04970153229264054,428.54696133163384,-0.0,36.580327767383444,0.0,391.9666335642504,391.9666335642504,0.0,0.0
2805,2019-04-27 21:00:00,4,2019-04-27 22:00:00,0.10531,0.10531,0.10531,0.12,0.0,270.79126093701854,-0.0,0.0,0.0,270.79126093701854,270.79126093701854,0.0,0.0
2806,2019-04-27 22:00:00,4,2019-04-27 23:00:00,0.10531,0.10531,0.10531,0.12,0.0,232.52795040075654,-0.0,0.0,0.0,232.52795040075654,232.52795040075654,0.0,0.0
2807,2019-04-27 23:00:00,4,2019-04-28 00:00:00,0.10531,0.10531,0.10531,0.12,0.0,223.0543551097891,-0.0,0.0,0.0,223.0543551097891,223.0543551097891,0.0,0.0
2808,2019-04-28 00:00:00,4,2019-04-28 01:00:00,0.10531,0.10531,0.10531,0.12,0.0,223.0543542765417,-0.0,0.0,0.0,223.0543542765417,223.0543542765417,0.0,0.0
2809,2019-04-28 01:00:00,4,2019-04-28 02:00:00,0.10531,0.10531,0.10531,0.12,0.0,223.05435427576657,-0.0,0.0,0.0,223.05435427576657,223.05435427576657,0.0,0.0
2810,2019-04-28 02:00:00,4,2019-04-28 03:00:00,0.10531,0.10531,0.10531,0.12,0.0,223.05435427576657,-0.0,0.0,0.0,223.05435427576657,223.05435427576657,0.0,0.0
2811,2019-04-28 03:00:00,4,2019-04-28 04:00:00,0.10531,0.10531,0.10531,0.12,0.0,232.52794955975799,-0.0,0.0,0.0,232.52794955975799,232.52794955975799,0.0,0.0
2812,2019-04-28 04:00:00,4,2019-04-28 05:00:00,0.10531,0.10531,0.10531,0.12,0.0,270.79233550918406,-0.0,0.0,0.0,270.79233550918406,270.79233550918406,0.0,0.0
2813,2019-04-28 05:00:00,4,2019-04-28 06:00:00,0.10531,0.10531,0.10531,0.12,0.0,306.1699940248962,-106.72995078759016,0.0,0.0,412.89994481248635,412.89994481248635,0.0,1.0
2814,2019-04-28 06:00:00,4,2019-04-28 07:00:00,0.10531,0.10531,0.10531,0.12,0.12273944340572868,388.099204206036,-400.0,0.0,0.0,788.099204206036,788.099204206036,0.0,1.0
2815,2019-04-28 07:00:00,4,2019-04-28 08:00:00,0.10531,0.10531,0.10531,0.12,0.5827394434057287,813.3402252262629,0.0,0.0,0.0,813.3402252262629,813.3402252262629,0.0,0.0
2816,2019-04-28 08:00:00,4,2019-04-28 09:00:00,0.10531,0.10531,0.10531,0.12,0.5827394434057287,812.844245125477,0.0,0.0,0.0,812.844245125477,812.844245125477,0.0,0.0
2817,2019-04-28 09:00:00,4,2019-04-28 10:00:00,0.06431,0.06431,0.06431,0.12,0.5827394434057287,834.0658939629666,-137.11720089665255,0.0,0.0,971.1830948596191,971.1830948596191,0.0,1.0
2818,2019-04-28 10:00:00,4,2019-04-28 11:00:00,0.06431,0.06431,0.06431,0.12,0.7404242244368792,879.9296310942002,-91.25346376541893,0.0,0.0,971.1830948596191,971.1830948596191,0.0,1.0
2819,2019-04-28 11:00:00,4,2019-04-28 12:00:00,0.06431,0.06431,0.06431,0.12,0.8453657077671108,880.6864220360566,-90.49667282356256,0.0,0.0,971.1830948596191,971.1830948596191,0.0,1.0
2820,2019-04-28 12:00:00,4,2019-04-28 13:00:00,0.06431,0.06431,0.06431,0.12,0.9494368815142079,945.3282793713419,-25.854815488277268,0.0,0.0,971.1830948596191,971.1830948596191,0.0,1.0
2821,2019-04-28 13:00:00,4,2019-04-28 14:00:00,0.06431,0.06431,0.06431,0.12,0.9791699193257267,953.0699812298163,-18.113113629802797,0.0,0.0,971.1830948596191,971.1830948596191,0.0,1.0
2822,2019-04-28 14:00:00,4,2019-04-28 15:00:00,0.10531,0.10531,0.10531,0.12,1.0,980.6398487693309,-0.0,9.456753909711779,0.0,971.1830948596191,971.1830948596191,0.0,0.0
2823,2019-04-28 15:00:00,4,2019-04-28 16:00:00,0.10531,0.10531,0.10531,0.12,0.9871511495791958,994.305640131841,-0.0,23.122545272221828,0.0,971.1830948596191,971.1830948596191,0.0,0.0
2824,2019-04-28 16:00:00,4,2019-04-28 17:00:00,0.13592,0.13592,0.13592,0.12,0.9557346478506336,845.5562826704464,-0.0,303.42070081806634,0.0,542.13558185238,542.13558185238,0.0,0.0
2825,2019-04-28 17:00:00,4,2019-04-28 18:00:00,0.13592,0.13592,0.13592,0.12,0.5434782608695652,612.26685730917,-0.0,0.0,0.0,612.26685730917,612.26685730917,0.0,1.0
2826,2019-04-28 18:00:00,4,2019-04-28 19:00:00,0.13592,0.13592,0.13592,0.12,0.5434782608695652,538.1580404267296,-0.0,400.0,0.0,138.1580404267296,138.1580404267296,0.0,0.0
2827,2019-04-28 19:00:00,4,2019-04-28 20:00:00,0.13592,0.13592,0.13592,0.12,0.0,455.42648970962733,-0.0,0.0,0.0,455.42648970962733,455.42648970962733,0.0,0.0
2828,2019-04-28 20:00:00,4,2019-04-28 21:00:00,0.13592,0.13592,0.13592,0.12,0.0,428.5488483332224,-0.0,0.0,0.0,428.5488483332224,428.5488483332224,0.0,0.0
2829,2019-04-28 21:00:00,4,2019-04-28 22:00:00,0.10531,0.10531,0.10531,0.12,0.0,270.7912600363362,-0.0,0.0,0.0,270.7912600363362,270.7912600363362,0.0,0.0
2830,2019-04-28 22:00:00,4,2019-04-28 23:00:00,0.10531,0.10531,0.10531,0.12,0.0,232.52794956983448,-0.0,0.0,0.0,232.52794956983448,232.52794956983448,0.0,0.0
2831,2019-04-28 23:00:00,4,2019-04-29 00:00:00,0.10531,0.10531,0.10531,0.12,0.0,223.0543542835177,-0.0,0.0,0.0,223.0543542835177,223.0543542835177,0.0,0.0
2832,2019-04-29 00:00:00,4,2019-04-29 01:00:00,0.10531,0.10531,0.10531,0.12,0.0,184.42211360595056,-0.0,0.0,0.0,184.42211360595056,184.42211360595056,0.0,1.0
2833,2019-04-29 01:00:00,4,2019-04-29 02:00:00,0.10531,0.10531,0.10531,0.12,0.0,184.4221136075008,-0.0,0.0,0.0,184.4221136075008,184.4221136075008,0.0,0.0
2834,2019-04-29 02:00:00,4,2019-04-29 03:00:00,0.10531,0.10531,0.10531,0.12,0.0,184.422113609051,-0.0,0.0,0.0,184.422113609051,184.422113609051,0.0,0.0
2835,2019-04-29 03:00:00,4,2019-04-29 04:00:00,0.10531,0.10531,0.10531,0.12,0.0,193.89570889459264,-0.0,0.0,0.0,193.89570889459264,193.89570889459264,0.0,1.0
2836,2019-04-29 04:00:00,4,2019-04-29 05:00:00,0.10531,0.10531,0.10531,0.12,0.0,212.84397391459837,-0.0,0.0,0.0,212.84397391459837,212.84397391459837,0.0,0.0
2837,2019-04-29 05:00:00,4,2019-04-29 06:00:00,0.10531,0.10531,0.10531,0.12,0.0,305.74498860251,-0.0,0.0,0.0,305.74498860251,305.74498860251,0.0,0.0
2838,2019-04-29 06:00:00,4,2019-04-29 07:00:00,0.10531,0.10531,0.10531,0.12,0.0,310.83490297264257,-0.0,0.0,0.0,310.83490297264257,310.83490297264257,0.0,0.0
2839,2019-04-29 07:00:00,4,2019-04-29 08:00:00,0.10531,0.10531,0.10531,0.12,0.0,528.3523516240127,-0.0,0.0,0.0,528.3523516240127,528.3523516240127,0.0,1.0
2840,2019-04-29 08:00:00,4,2019-04-29 09:00:00,0.10531,0.10531,0.10531,0.12,0.0,636.4281489314054,-0.0,0.0,0.0,636.4281489314054,636.4281489314054,0.0,0.0
2841,2019-04-29 09:00:00,4,2019-04-29 10:00:00,0.06431,0.06431,0.06431,0.12,0.0,688.6732397696273,0.0,0.0,0.0,688.6732397696273,688.6732397696273,0.0,0.0
2842,2019-04-29 10:00:00,4,2019-04-29 11:00:00,0.06431,0.06431,0.06431,0.12,0.0,700.4990726209514,-176.48682472040656,0.0,0.0,876.9858973413579,876.9858973413579,0.0,1.0
2843,2019-04-29 11:00:00,4,2019-04-29 12:00:00,0.06431,0.06431,0.06431,0.12,0.20295984842846757,702.1693235811821,-174.8165737601759,0.0,0.0,876.9858973413579,876.9858973413579,0.0,1.0
2844,2019-04-29 12:00:00,4,2019-04-29 13:00:00,0.06431,0.06431,0.06431,0.12,0.4039989082526699,712.4568738595875,-164.52902348177054,0.0,0.0,876.985897341358,876.985897341358,0.0,1.0
2845,2019-04-29 13:00:00,4,2019-04-29 14:00:00,0.06431,0.06431,0.06431,0.12,0.5932072852567061,523.2531019124068,-353.73279542895125,0.0,0.0,876.985897341358,876.985897341358,0.0,1.0
2846,2019-04-29 14:00:00,4,2019-04-29 15:00:00,0.10531,0.10531,0.10531,0.12,1.0,513.1513774628196,-0.0,0.0,0.0,513.1513774628196,513.1513774628196,0.0,0.0
2847,2019-04-29 15:00:00,4,2019-04-29 16:00:00,0.10531,0.10531,0.10531,0.12,1.0,548.8841523206787,-0.0,0.0,0.0,548.8841523206787,548.8841523206787,0.0,1.0
2848,2019-04-29 16:00:00,4,2019-04-29 17:00:00,0.13592,0.13592,0.13592,0.12,1.0,501.22316443820495,-0.0,400.0,0.0,101.22316443820495,101.22316443820495,0.0,0.0
2849,2019-04-29 17:00:00,4,2019-04-29 18:00:00,0.13592,0.13592,0.13592,0.12,0.4565217391304348,343.2726296101564,-0.0,336.00000000000006,0.0,7.2726296101563435,7.2726296101563435,0.0,0.0
2850,2019-04-29 18:00:00,4,2019-04-29 19:00:00,0.13592,0.13592,0.13592,0.12,0.0,244.65286540270895,-0.0,0.0,0.0,244.65286540270895,244.65286540270895,0.0,0.0
2851,2019-04-29 19:00:00,4,2019-04-29 20:00:00,0.13592,0.13592,0.13592,0.12,0.0,250.73799652008387,-0.0,0.0,0.0,250.73799652008387,250.73799652008387,0.0,0.0
2852,2019-04-29 20:00:00,4,2019-04-29 21:00:00,0.13592,0.13592,0.13592,0.12,0.0,231.79152265030794,-0.0,0.0,0.0,231.79152265030794,231.79152265030794,0.0,0.0
2853,2019-04-29 21:00:00,4,2019-04-29 22:00:00,0.10531,0.10531,0.10531,0.12,0.0,212.8428994641257,-0.0,0.0,0.0,212.8428994641257,212.8428994641257,0.0,0.0
2854,2019-04-29 22:00:00,4,2019-04-29 23:00:00,0.10531,0.10531,0.10531,0.12,0.0,193.89570889381756,-0.0,0.0,0.0,193.89570889381756,193.89570889381756,0.0,0.0
2855,2019-04-29 23:00:00,4,2019-04-30 00:00:00,0.10531,0.10531,0.10531,0.12,0.0,184.4221136075008,-0.0,0.0,0.0,184.4221136075008,184.4221136075008,0.0,0.0
2856,2019-04-30 00:00:00,4,2019-04-30 01:00:00,0.10531,0.10531,0.10531,0.12,0.0,184.42175489176847,-0.0,0.0,0.0,184.42175489176847,184.42175489176847,0.0,0.0
2857,2019-04-30 01:00:00,4,2019-04-30 02:00:00,0.10531,0.10531,0.10531,0.12,0.0,184.42175481890777,-0.0,0.0,0.0,184.42175481890777,184.42175481890777,0.0,0.0
2858,2019-04-30 02:00:00,4,2019-04-30 03:00:00,0.10531,0.10531,0.10531,0.12,0.0,184.42175459645009,-0.0,0.0,0.0,184.42175459645009,184.42175459645009,0.0,0.0
2859,2019-04-30 03:00:00,4,2019-04-30 04:00:00,0.10531,0.10531,0.10531,0.12,0.0,193.89534991532162,-0.0,0.0,0.0,193.89534991532162,193.89534991532162,0.0,0.0
2860,2019-04-30 04:00:00,4,2019-04-30 05:00:00,0.10531,0.10531,0.10531,0.12,0.0,212.8436148593661,-0.0,0.0,0.0,212.8436148593661,212.8436148593661,0.0,0.0
2861,2019-04-30 05:00:00,4,2019-04-30 06:00:00,0.10531,0.10531,0.10531,0.12,0.0,224.24766278652774,-0.0,0.0,0.0,224.24766278652774,224.24766278652774,0.0,0.0
2862,2019-04-30 06:00:00,4,2019-04-30 07:00:00,0.10531,0.10531,0.10531,0.12,0.0,232.10108603512955,-0.0,0.0,0.0,232.10108603512955,232.10108603512955,0.0,0.0
2863,2019-04-30 07:00:00,4,2019-04-30 08:00:00,0.10531,0.10531,0.10531,0.12,0.0,276.6597473407519,-0.0,0.0,0.0,276.6597473407519,276.6597473407519,0.0,0.0
2864,2019-04-30 08:00:00,4,2019-04-30 09:00:00,0.10531,0.10531,0.10531,0.12,0.0,293.78272902737035,-0.0,0.0,0.0,293.78272902737035,293.78272902737035,0.0,0.0
2865,2019-04-30 09:00:00,4,2019-04-30 10:00:00,0.06431,0.06431,0.06431,0.12,0.0,352.1118985092988,-400.0,0.0,0.0,752.1118985092987,752.1118985092987,0.0,1.0
2866,2019-04-30 10:00:00,4,2019-04-30 11:00:00,0.06431,0.06431,0.06431,0.12,0.46,297.14429715126016,-142.15500945179588,3.1560283373315486e-14,1.0924507586343882e-14,439.299306603056,439.299306603056,0.0,1.0
2867,2019-04-30 11:00:00,4,2019-04-30 12:00:00,0.06431,0.06431,0.06431,0.12,0.6234782608695653,163.63577295351678,4.189183613681913e-14,163.63577295351675,236.3642270464832,0.0,-236.3642270464832,1.0,0.0
2868,2019-04-30 12:00:00,4,2019-04-30 13:00:00,0.06431,0.06431,0.06431,0.12,0.07999999999999993,163.63684728462187,-400.0,0.0,0.0,563.6368472846218,563.6368472846218,0.0,1.0
2869,2019-04-30 13:00:00,4,2019-04-30 14:00:00,0.06431,0.06431,0.06431,0.12,0.54,163.6357729116606,-400.0,0.0,0.0,563.6357729116606,563.6357729116606,0.0,1.0
2870,2019-04-30 14:00:00,4,2019-04-30 15:00:00,0.10531,0.10531,0.10531,0.12,1.0,228.28099786643656,-0.0,0.0,0.0,228.28099786643656,228.28099786643656,0.0,0.0
2871,2019-04-30 15:00:00,4,2019-04-30 16:00:00,0.10531,0.10531,0.10531,0.12,1.0,423.7591202936841,0.0,0.0,0.0,423.7591202936841,423.7591202936841,0.0,0.0
2872,2019-04-30 16:00:00,4,2019-04-30 17:00:00,0.13592,0.13592,0.13592,0.12,1.0,366.6910778588491,-0.0,366.69107785884904,0.0,0.0,0.0,0.0,0.0
2873,2019-04-30 17:00:00,4,2019-04-30 18:00:00,0.13592,0.13592,0.13592,0.12,0.501778426822216,287.89483645217246,-0.0,287.89483645217246,0.0,0.0,0.0,0.0,0.0
2874,2019-04-30 18:00:00,4,2019-04-30 19:00:00,0.13592,0.13592,0.13592,0.12,0.11061696425132954,217.62534829673046,-0.0,81.41408568897855,0.0,136.2112626077519,136.2112626077519,0.0,0.0
2875,2019-04-30 19:00:00,4,2019-04-30 20:00:00,0.13592,0.13592,0.13592,0.12,0.0,250.73692195256905,-0.0,0.0,0.0,250.73692195256905,250.73692195256905,0.0,0.0
2876,2019-04-30 20:00:00,4,2019-04-30 21:00:00,0.13592,0.13592,0.13592,0.12,0.0,231.79080495375442,-0.0,0.0,0.0,231.79080495375442,231.79080495375442,0.0,0.0
2877,2019-04-30 21:00:00,4,2019-04-30 22:00:00,0.10531,0.10531,0.10531,0.12,0.0,212.8425407615703,-0.0,0.0,0.0,212.8425407615703,212.8425407615703,0.0,0.0
2878,2019-04-30 22:00:00,4,2019-04-30 23:00:00,0.10531,0.10531,0.10531,0.12,0.0,193.89535029512743,-0.0,0.0,0.0,193.89535029512743,193.89535029512743,0.0,0.0
2879,2019-04-30 23:00:00,4,2019-05-01 00:00:00,0.10531,0.10531,0.10531,0.12,0.0,184.421755018112,-0.0,0.0,0.0,184.421755018112,184.421755018112,0.0,0.0
2880,2019-05-01 00:00:00,5,2019-05-01 01:00:00,0.10531,0.10531,0.10531,0.12,0.0,223.05435180857907,-0.0,0.0,0.0,223.05435180857907,223.05435180857907,0.0,0.0
2881,2019-05-01 01:00:00,5,2019-05-01 02:00:00,0.10531,0.10531,0.10531,0.12,0.0,223.0543518054786,-0.0,0.0,0.0,223.0543518054786,223.0543518054786,0.0,0.0
2882,2019-05-01 02:00:00,5,2019-05-01 03:00:00,0.10531,0.10531,0.10531,0.12,0.0,223.05435180237814,-0.0,0.0,0.0,223.05435180237814,223.05435180237814,0.0,0.0
2883,2019-05-01 03:00:00,5,2019-05-01 04:00:00,0.10531,0.10531,0.10531,0.12,0.0,232.52794708481932,-126.2867398270606,0.0,0.0,358.8146869118799,358.8146869118799,0.0,1.0
2884,2019-05-01 04:00:00,5,2019-05-01 05:00:00,0.10531,0.10531,0.10531,0.12,0.1452297508011197,270.7923306980522,-0.0,0.0,0.0,270.7923306980522,270.7923306980522,0.0,0.0
2885,2019-05-01 05:00:00,5,2019-05-01 06:00:00,0.10531,0.10531,0.10531,0.12,0.1452297508011197,507.2663110978114,-400.0,0.0,0.0,907.2663110978115,907.2663110978115,0.0,1.0
2886,2019-05-01 06:00:00,5,2019-05-01 07:00:00,0.10531,0.10531,0.10531,0.12,0.6052297508011197,672.6568993184287,-343.27847756424376,0.0,0.0,1015.9353768826725,1015.9353768826725,0.0,1.0
2887,2019-05-01 07:00:00,5,2019-05-01 08:00:00,0.10531,0.10531,0.10531,0.12,1.0,1121.3792204643876,-0.0,105.44384358171517,0.0,1015.9353768826725,1015.9353768826725,0.0,0.0
2888,2019-05-01 08:00:00,5,2019-05-01 09:00:00,0.10531,0.10531,0.10531,0.12,0.8567339081770174,1115.9655134988373,-0.0,100.03013661616478,0.0,1015.9353768826725,1015.9353768826725,0.0,0.0
2889,2019-05-01 09:00:00,5,2019-05-01 10:00:00,0.06431,0.06431,0.06431,0.12,0.7208233964702717,1088.0913935347335,-0.0,72.156016652061,0.0,1015.9353768826725,1015.9353768826725,0.0,0.0
2890,2019-05-01 10:00:00,5,2019-05-01 11:00:00,0.06431,0.06431,0.06431,0.12,0.6227853303669281,1090.8031328510258,-0.0,74.86775596835332,0.0,1015.9353768826725,1015.9353768826725,0.0,0.0
2891,2019-05-01 11:00:00,5,2019-05-01 12:00:00,0.06431,0.06431,0.06431,0.12,0.5210628358447081,1049.5366892389495,-0.0,33.60131235627705,0.0,1015.9353768826725,1015.9353768826725,0.0,0.0
2892,2019-05-01 12:00:00,5,2019-05-01 13:00:00,0.06431,0.06431,0.06431,0.12,0.47540887883889693,1086.0060961176712,-0.0,70.07071923499866,0.0,1015.9353768826725,1015.9353768826725,0.0,0.0
2893,2019-05-01 13:00:00,5,2019-05-01 14:00:00,0.06431,0.06431,0.06431,0.12,0.3802040972696053,1090.4579982612315,-0.0,74.522621378559,0.0,1015.9353768826725,1015.9353768826725,0.0,0.0
2894,2019-05-01 14:00:00,5,2019-05-01 15:00:00,0.10531,0.10531,0.10531,0.12,0.2789505356139545,1093.7740948232806,-0.0,77.83871794060803,0.0,1015.9353768826726,1015.9353768826726,0.0,0.0
2895,2019-05-01 15:00:00,5,2019-05-01 16:00:00,0.10531,0.10531,0.10531,0.12,0.17319140797725893,1128.1785258023494,-0.0,112.24314891967691,0.0,1015.9353768826725,1015.9353768826725,0.0,0.0
2896,2019-05-01 16:00:00,5,2019-05-01 17:00:00,0.13592,0.13592,0.13592,0.12,0.02068712955378477,1031.1611042342581,-0.0,15.22572735158559,0.0,1015.9353768826725,1015.9353768826725,0.0,0.0
2897,2019-05-01 17:00:00,5,2019-05-01 18:00:00,0.13592,0.13592,0.13592,0.12,0.0,865.0017136147253,-0.0,0.0,0.0,865.0017136147253,865.0017136147253,0.0,0.0
2898,2019-05-01 18:00:00,5,2019-05-01 19:00:00,0.13592,0.13592,0.13592,0.12,0.0,839.5951021452519,-0.0,0.0,0.0,839.5951021452519,839.5951021452519,0.0,0.0
2899,2019-05-01 19:00:00,5,2019-05-01 20:00:00,0.13592,0.13592,0.13592,0.12,0.0,740.879057455837,-0.0,0.0,0.0,740.879057455837,740.879057455837,0.0,0.0
2900,2019-05-01 20:00:00,5,2019-05-01 21:00:00,0.13592,0.13592,0.13592,0.12,0.0,716.1810179209378,-0.0,0.0,0.0,716.1810179209378,716.1810179209378,0.0,0.0
2901,2019-05-01 21:00:00,5,2019-05-01 22:00:00,0.10531,0.10531,0.10531,0.12,0.0,270.7912575474455,-0.0,0.0,0.0,270.7912575474455,270.7912575474455,0.0,0.0
2902,2019-05-01 22:00:00,5,2019-05-01 23:00:00,0.10531,0.10531,0.10531,0.12,0.0,232.52794705071432,-0.0,0.0,0.0,232.52794705071432,232.52794705071432,0.0,0.0
2903,2019-05-01 23:00:00,5,2019-05-02 00:00:00,0.10531,0.10531,0.10531,0.12,0.0,223.05435177369893,-0.0,0.0,0.0,223.05435177369893,223.05435177369893,0.0,0.0
2904,2019-05-02 00:00:00,5,2019-05-02 01:00:00,0.10531,0.10531,0.10531,0.12,0.0,223.0543509342506,-0.0,0.0,0.0,223.0543509342506,223.0543509342506,0.0,0.0
2905,2019-05-02 01:00:00,5,2019-05-02 02:00:00,0.10531,0.10531,0.10531,0.12,0.0,223.05435094045149,-0.0,0.0,0.0,223.05435094045149,223.05435094045149,0.0,0.0
2906,2019-05-02 02:00:00,5,2019-05-02 03:00:00,0.10531,0.10531,0.10531,0.12,0.0,223.05435094432707,-0.0,0.0,0.0,223.05435094432707,223.05435094432707,0.0,0.0
2907,2019-05-02 03:00:00,5,2019-05-02 04:00:00,0.10531,0.10531,0.10531,0.12,0.0,232.52794623219407,-69.56521739130429,0.0,0.0,302.09316362349836,302.09316362349836,0.0,1.0
2908,2019-05-02 04:00:00,5,2019-05-02 05:00:00,0.10531,0.10531,0.10531,0.12,0.07999999999999993,270.79232983302506,-400.0,0.0,0.0,670.7923298330251,670.7923298330251,0.0,1.0
2909,2019-05-02 05:00:00,5,2019-05-02 06:00:00,0.10531,0.10531,0.10531,0.12,0.5399999999999999,357.4708077581849,-400.00000000000006,0.0,0.0,757.470807758185,757.470807758185,0.0,1.0
2910,2019-05-02 06:00:00,5,2019-05-02 07:00:00,0.10531,0.10531,0.10531,0.12,1.0,606.5346959885677,0.0,0.0,0.0,606.5346959885677,606.5346959885677,0.0,0.0
2911,2019-05-02 07:00:00,5,2019-05-02 08:00:00,0.10531,0.10531,0.10531,0.12,1.0,1105.7418807953575,-0.0,89.80650391268489,0.0,1015.9353768826726,1015.9353768826726,0.0,0.0
2912,2019-05-02 08:00:00,5,2019-05-02 09:00:00,0.10531,0.10531,0.10531,0.12,0.8779802935968956,1100.4803519941104,-0.0,84.5449751114378,0.0,1015.9353768826726,1015.9353768826726,0.0,0.0
2913,2019-05-02 09:00:00,5,2019-05-02 10:00:00,0.06431,0.06431,0.06431,0.12,0.7631094034998332,1077.174375531053,-0.0,61.238998648380516,0.0,1015.9353768826726,1015.9353768826726,0.0,0.0
2914,2019-05-02 10:00:00,5,2019-05-02 11:00:00,0.06431,0.06431,0.06431,0.12,0.6799042422927946,1085.7755276859705,-0.0,69.84015080329789,0.0,1015.9353768826726,1015.9353768826726,0.0,0.0
2915,2019-05-02 11:00:00,5,2019-05-02 12:00:00,0.06431,0.06431,0.06431,0.12,0.5850127330491833,1050.8202972963288,-0.0,34.88492041365623,0.0,1015.9353768826726,1015.9353768826726,0.0,0.0
2916,2019-05-02 12:00:00,5,2019-05-02 13:00:00,0.06431,0.06431,0.06431,0.12,0.5376147433567156,1080.7460831989079,-0.0,64.81070631623527,0.0,1015.9353768826726,1015.9353768826726,0.0,0.0
2917,2019-05-02 13:00:00,5,2019-05-02 14:00:00,0.06431,0.06431,0.06431,0.12,0.44955671847052636,1069.6142459926143,-0.0,53.67886910994173,0.0,1015.9353768826726,1015.9353768826726,0.0,0.0
2918,2019-05-02 14:00:00,5,2019-05-02 15:00:00,0.10531,0.10531,0.10531,0.12,0.3766234723972359,1072.368137133917,-0.0,56.432760251244304,0.0,1015.9353768826726,1015.9353768826726,0.0,0.0
2919,2019-05-02 15:00:00,5,2019-05-02 16:00:00,0.10531,0.10531,0.10531,0.12,0.2999485264036975,1102.189043709221,-0.0,86.25366682654851,0.0,1015.9353768826726,1015.9353768826726,0.0,0.0
2920,2019-05-02 16:00:00,5,2019-05-02 17:00:00,0.13592,0.13592,0.13592,0.12,0.18275604430240874,988.5071886057193,-0.0,-2.6147972675971688e-14,0.0,988.5071886057193,988.5071886057193,0.0,1.0
2921,2019-05-02 17:00:00,5,2019-05-02 18:00:00,0.13592,0.13592,0.13592,0.12,0.1827560443024088,817.0674724405701,-0.0,0.0,0.0,817.0674724405701,817.0674724405701,0.0,0.0
2922,2019-05-02 18:00:00,5,2019-05-02 19:00:00,0.13592,0.13592,0.13592,0.12,0.1827560443024088,792.5947081559262,-0.0,134.50844860657287,0.0,658.0862595493534,658.0862595493534,0.0,0.0
2923,2019-05-02 19:00:00,5,2019-05-02 20:00:00,0.13592,0.13592,0.13592,0.12,0.0,703.2796751651008,-0.0,0.0,0.0,703.2796751651008,703.2796751651008,0.0,0.0
2924,2019-05-02 20:00:00,5,2019-05-02 21:00:00,0.13592,0.13592,0.13592,0.12,0.0,660.7890789243828,-0.0,0.0,0.0,660.7890789243828,660.7890789243828,0.0,0.0
2925,2019-05-02 21:00:00,5,2019-05-02 22:00:00,0.10531,0.10531,0.10531,0.12,0.0,270.79125686457013,-0.0,0.0,0.0,270.79125686457013,270.79125686457013,0.0,0.0
2926,2019-05-02 22:00:00,5,2019-05-02 23:00:00,0.10531,0.10531,0.10531,0.12,0.0,232.5279463290833,-0.0,0.0,0.0,232.5279463290833,232.5279463290833,0.0,0.0
2927,2019-05-02 23:00:00,5,2019-05-03 00:00:00,0.10531,0.10531,0.10531,0.12,0.0,223.05435102571403,-0.0,0.0,0.0,223.05435102571403,223.05435102571403,0.0,0.0
2928,2019-05-03 00:00:00,5,2019-05-03 01:00:00,0.10531,0.10531,0.10531,0.12,0.0,223.05435016378738,0.0,0.0,0.0,223.05435016378738,223.05435016378738,0.0,0.0
2929,2019-05-03 01:00:00,5,2019-05-03 02:00:00,0.10531,0.10531,0.10531,0.12,0.0,223.05435015681138,-0.0,0.0,0.0,223.05435015681138,223.05435015681138,0.0,0.0
2930,2019-05-03 02:00:00,5,2019-05-03 03:00:00,0.10531,0.10531,0.10531,0.12,0.0,223.05435015216068,-283.7536894885645,0.0,0.0,506.80803964072516,506.80803964072516,0.0,1.0
2931,2019-05-03 03:00:00,5,2019-05-03 04:00:00,0.10531,0.10531,0.10531,0.12,0.32631674291184914,232.52794543305166,-0.0,0.0,0.0,232.52794543305166,232.52794543305166,0.0,0.0
2932,2019-05-03 04:00:00,5,2019-05-03 05:00:00,0.10531,0.10531,0.10531,0.12,0.32631674291184914,270.79232842309284,-0.0,0.0,0.0,270.79232842309284,270.79232842309284,0.0,0.0
2933,2019-05-03 05:00:00,5,2019-05-03 06:00:00,0.10531,0.10531,0.10531,0.12,0.32631674291184914,300.1747199904517,-0.0,0.0,0.0,300.1747199904517,300.1747199904517,0.0,0.0
2934,2019-05-03 06:00:00,5,2019-05-03 07:00:00,0.10531,0.10531,0.10531,0.12,0.32631674291184914,396.01337700655023,-399.99999999999994,0.0,0.0,796.0133770065502,796.0133770065502,0.0,1.0
2935,2019-05-03 07:00:00,5,2019-05-03 08:00:00,0.10531,0.10531,0.10531,0.12,0.786316742911849,909.9284186104037,-0.0,0.0,0.0,909.9284186104037,909.9284186104037,0.0,0.0
2936,2019-05-03 08:00:00,5,2019-05-03 09:00:00,0.10531,0.10531,0.10531,0.12,0.786316742911849,959.067412126401,-56.86796475627159,0.0,0.0,1015.9353768826726,1015.9353768826726,0.0,1.0
2937,2019-05-03 09:00:00,5,2019-05-03 10:00:00,0.06431,0.06431,0.06431,0.12,0.8517149023815613,952.7705124516044,-63.16486443106817,0.0,0.0,1015.9353768826726,1015.9353768826726,0.0,1.0
2938,2019-05-03 10:00:00,5,2019-05-03 11:00:00,0.06431,0.06431,0.06431,0.12,0.9243544964772897,1008.624577679332,-7.3107992033405935,0.0,0.0,1015.9353768826726,1015.9353768826726,0.0,1.0
2939,2019-05-03 11:00:00,5,2019-05-03 12:00:00,0.06431,0.06431,0.06431,0.12,0.9327619155611315,971.8591972744674,-44.076179608205166,0.0,0.0,1015.9353768826726,1015.9353768826726,0.0,1.0
2940,2019-05-03 12:00:00,5,2019-05-03 13:00:00,0.06431,0.06431,0.06431,0.12,0.9834495221105674,1010.7888338633231,-5.146543019349451,0.0,0.0,1015.9353768826726,1015.9353768826726,0.0,1.0
2941,2019-05-03 13:00:00,5,2019-05-03 14:00:00,0.06431,0.06431,0.06431,0.12,0.9893680465828193,1006.6901999981676,-9.245176884504986,0.0,0.0,1015.9353768826726,1015.9353768826726,0.0,1.0
2942,2019-05-03 14:00:00,5,2019-05-03 15:00:00,0.10531,0.10531,0.10531,0.12,1.0,1004.9457643323271,-3.4754807727396204e-14,0.0,0.0,1004.9457643323271,1004.9457643323271,0.0,0.0
2943,2019-05-03 15:00:00,5,2019-05-03 16:00:00,0.10531,0.10531,0.10531,0.12,1.0,1036.7044232951525,-0.0,20.769046412479952,0.0,1015.9353768826726,1015.9353768826726,0.0,0.0
2944,2019-05-03 16:00:00,5,2019-05-03 17:00:00,0.13592,0.13592,0.13592,0.12,0.9717811869395654,857.451746772776,-0.0,0.0,0.0,857.451746772776,857.451746772776,0.0,1.0
2945,2019-05-03 17:00:00,5,2019-05-03 18:00:00,0.13592,0.13592,0.13592,0.12,0.9717811869395654,627.2109661481212,-0.0,315.23095358752016,0.0,311.98001256060104,311.98001256060104,0.0,0.0
2946,2019-05-03 18:00:00,5,2019-05-03 19:00:00,0.13592,0.13592,0.13592,0.12,0.5434782608695652,556.2950079527717,-0.0,0.0,0.0,556.2950079527717,556.2950079527717,0.0,0.0
2947,2019-05-03 19:00:00,5,2019-05-03 20:00:00,0.13592,0.13592,0.13592,0.12,0.5434782608695652,447.43348420980755,-0.0,400.0,0.0,47.433484209807546,47.433484209807546,0.0,0.0
2948,2019-05-03 20:00:00,5,2019-05-03 21:00:00,0.13592,0.13592,0.13592,0.12,0.0,436.47272216309176,-0.0,0.0,0.0,436.47272216309176,436.47272216309176,0.0,1.0
2949,2019-05-03 21:00:00,5,2019-05-03 22:00:00,0.10531,0.10531,0.10531,0.12,0.0,270.791255890252,-0.0,0.0,0.0,270.791255890252,270.791255890252,0.0,0.0
2950,2019-05-03 22:00:00,5,2019-05-03 23:00:00,0.10531,0.10531,0.10531,0.12,0.0,232.52794538034388,-0.0,0.0,0.0,232.52794538034388,232.52794538034388,0.0,0.0
2951,2019-05-03 23:00:00,5,2019-05-04 00:00:00,0.10531,0.10531,0.10531,0.12,0.0,223.05435009867784,-0.0,0.0,0.0,223.05435009867784,223.05435009867784,0.0,0.0
2952,2019-05-04 00:00:00,5,2019-05-04 01:00:00,0.10531,0.10531,0.10531,0.12,0.0,223.05434924915298,0.0,0.0,0.0,223.05434924915298,223.05434924915298,0.0,0.0
2953,2019-05-04 01:00:00,5,2019-05-04 02:00:00,0.10531,0.10531,0.10531,0.12,0.0,223.05434925302856,-0.0,0.0,0.0,223.05434925302856,223.05434925302856,0.0,0.0
2954,2019-05-04 02:00:00,5,2019-05-04 03:00:00,0.10531,0.10531,0.10531,0.12,0.0,223.05434925612903,-0.0,0.0,0.0,223.05434925612903,223.05434925612903,0.0,0.0
2955,2019-05-04 03:00:00,5,2019-05-04 04:00:00,0.10531,0.10531,0.10531,0.12,0.0,232.52794454322088,-0.0,0.0,0.0,232.52794454322088,232.52794454322088,0.0,0.0
2956,2019-05-04 04:00:00,5,2019-05-04 05:00:00,0.10531,0.10531,0.10531,0.12,0.0,270.7923269348742,-0.0,0.0,0.0,270.7923269348742,270.7923269348742,0.0,0.0
2957,2019-05-04 05:00:00,5,2019-05-04 06:00:00,0.10531,0.10531,0.10531,0.12,0.0,300.0022905681627,-392.7583095146331,0.0,0.0,692.7606000827958,692.7606000827958,0.0,1.0
2958,2019-05-04 06:00:00,5,2019-05-04 07:00:00,0.10531,0.10531,0.10531,0.12,0.451672055941828,388.07284901685375,-400.0,0.0,0.0,788.0728490168538,788.0728490168538,0.0,1.0
2959,2019-05-04 07:00:00,5,2019-05-04 08:00:00,0.10531,0.10531,0.10531,0.12,0.911672055941828,884.7092540026324,0.0,0.0,0.0,884.7092540026324,884.7092540026324,0.0,0.0
2960,2019-05-04 08:00:00,5,2019-05-04 09:00:00,0.10531,0.10531,0.10531,0.12,0.911672055941828,979.5161617756952,-0.0,0.0,0.0,979.5161617756952,979.5161617756952,0.0,0.0
2961,2019-05-04 09:00:00,5,2019-05-04 10:00:00,0.06431,0.06431,0.06431,0.12,0.911672055941828,990.9340401367343,-25.00133674593826,0.0,0.0,1015.9353768826726,1015.9353768826726,0.0,1.0
2962,2019-05-04 10:00:00,5,2019-05-04 11:00:00,0.06431,0.06431,0.06431,0.12,0.940423593199657,1002.8579561043427,-13.077420778329838,0.0,0.0,1015.9353768826726,1015.9353768826726,0.0,1.0
2963,2019-05-04 11:00:00,5,2019-05-04 12:00:00,0.06431,0.06431,0.06431,0.12,0.9554626270947363,977.2072265302693,-38.728150352403304,0.0,0.0,1015.9353768826726,1015.9353768826726,0.0,1.0
2964,2019-05-04 12:00:00,5,2019-05-04 13:00:00,0.06431,0.06431,0.06431,0.12,1.0,1028.0098423999336,-0.0,12.074465517261046,0.0,1015.9353768826726,1015.9353768826726,0.0,0.0
2965,2019-05-04 13:00:00,5,2019-05-04 14:00:00,0.06431,0.06431,0.06431,0.12,0.9835944761993736,1031.671753109627,-0.0,15.736376226954349,0.0,1015.9353768826726,1015.9353768826726,0.0,0.0
2966,2019-05-04 14:00:00,5,2019-05-04 15:00:00,0.10531,0.10531,0.10531,0.12,0.9622135302388378,1033.2268314983114,-0.0,17.291454615638827,0.0,1015.9353768826726,1015.9353768826726,0.0,0.0
2967,2019-05-04 15:00:00,5,2019-05-04 16:00:00,0.10531,0.10531,0.10531,0.12,0.9387197060328067,1063.8411245373259,-0.0,47.90574765465328,0.0,1015.9353768826726,1015.9353768826726,0.0,0.0
2968,2019-05-04 16:00:00,5,2019-05-04 17:00:00,0.13592,0.13592,0.13592,0.12,0.8736303749802887,960.7976112366662,-0.0,400.0,0.0,560.7976112366662,560.7976112366662,0.0,0.0
2969,2019-05-04 17:00:00,5,2019-05-04 18:00:00,0.13592,0.13592,0.13592,0.12,0.3301521141107236,795.8439424171711,-0.0,242.99195598549255,0.0,552.8519864316786,552.8519864316786,0.0,0.0
2970,2019-05-04 18:00:00,5,2019-05-04 19:00:00,0.13592,0.13592,0.13592,0.12,0.0,700.353507247013,-0.0,0.0,0.0,700.353507247013,700.353507247013,0.0,1.0
2971,2019-05-04 19:00:00,5,2019-05-04 20:00:00,0.13592,0.13592,0.13592,0.12,0.0,503.6657351145873,-0.0,0.0,0.0,503.6657351145873,503.6657351145873,0.0,0.0
2972,2019-05-04 20:00:00,5,2019-05-04 21:00:00,0.13592,0.13592,0.13592,0.12,0.0,428.4991700035171,-0.0,0.0,0.0,428.4991700035171,428.4991700035171,0.0,0.0
2973,2019-05-04 21:00:00,5,2019-05-04 22:00:00,0.10531,0.10531,0.10531,0.12,0.0,270.7912550663059,-0.0,0.0,0.0,270.7912550663059,270.7912550663059,0.0,0.0
2974,2019-05-04 22:00:00,5,2019-05-04 23:00:00,0.10531,0.10531,0.10531,0.12,0.0,232.52794454322088,-0.0,0.0,0.0,232.52794454322088,232.52794454322088,0.0,0.0
2975,2019-05-04 23:00:00,5,2019-05-05 00:00:00,0.10531,0.10531,0.10531,0.12,0.0,223.05434926000459,-0.0,0.0,0.0,223.05434926000459,223.05434926000459,0.0,0.0
2976,2019-05-05 00:00:00,5,2019-05-05 01:00:00,0.10531,0.10531,0.10531,0.12,0.0,223.05434840660422,0.0,0.0,0.0,223.05434840660422,223.05434840660422,0.0,0.0
2977,2019-05-05 01:00:00,5,2019-05-05 02:00:00,0.10531,0.10531,0.10531,0.12,0.0,223.0543484104798,-0.0,0.0,0.0,223.0543484104798,223.0543484104798,0.0,0.0
2978,2019-05-05 02:00:00,5,2019-05-05 03:00:00,0.10531,0.10531,0.10531,0.12,0.0,223.05434841280513,-0.0,0.0,0.0,223.05434841280513,223.05434841280513,0.0,0.0
2979,2019-05-05 03:00:00,5,2019-05-05 04:00:00,0.10531,0.10531,0.10531,0.12,0.0,232.52794369989698,-0.0,0.0,0.0,232.52794369989698,232.52794369989698,0.0,0.0
2980,2019-05-05 04:00:00,5,2019-05-05 05:00:00,0.10531,0.10531,0.10531,0.12,0.0,270.7923256009032,-0.0,0.0,0.0,270.7923256009032,270.7923256009032,0.0,0.0
2981,2019-05-05 05:00:00,5,2019-05-05 06:00:00,0.10531,0.10531,0.10531,0.12,0.0,300.0319169743709,-286.0045654485397,0.0,0.0,586.0364824229107,586.0364824229107,0.0,1.0
2982,2019-05-05 06:00:00,5,2019-05-05 07:00:00,0.10531,0.10531,0.10531,0.12,0.3289052502658207,388.0942703712659,-400.0,0.0,0.0,788.0942703712659,788.0942703712659,0.0,1.0
2983,2019-05-05 07:00:00,5,2019-05-05 08:00:00,0.10531,0.10531,0.10531,0.12,0.7889052502658207,915.0292919352474,-100.90608494742514,0.0,0.0,1015.9353768826726,1015.9353768826726,0.0,1.0
2984,2019-05-05 08:00:00,5,2019-05-05 09:00:00,0.10531,0.10531,0.10531,0.12,0.9049472479553596,990.9799777032465,-24.95539917942608,0.0,0.0,1015.9353768826726,1015.9353768826726,0.0,1.0
2985,2019-05-05 09:00:00,5,2019-05-05 10:00:00,0.06431,0.06431,0.06431,0.12,0.9336459570116996,1009.8255832136427,-6.109793669029841,0.0,0.0,1015.9353768826726,1015.9353768826726,0.0,1.0
2986,2019-05-05 10:00:00,5,2019-05-05 11:00:00,0.06431,0.06431,0.06431,0.12,0.9406722197310838,1009.4601689393357,-6.475207943336841,0.0,0.0,1015.9353768826726,1015.9353768826726,0.0,1.0
2987,2019-05-05 11:00:00,5,2019-05-05 12:00:00,0.06431,0.06431,0.06431,0.12,0.9481187088659213,971.8346258075986,-44.10075107507396,0.0,0.0,1015.9353768826726,1015.9353768826726,0.0,1.0
2988,2019-05-05 12:00:00,5,2019-05-05 13:00:00,0.06431,0.06431,0.06431,0.12,0.9988345726022564,1015.2438498641628,-0.6915270185097597,0.0,0.0,1015.9353768826726,1015.9353768826726,0.0,1.0
2989,2019-05-05 13:00:00,5,2019-05-05 14:00:00,0.06431,0.06431,0.06431,0.12,0.9996298286735426,1015.6134887727096,-0.3218881099629698,0.0,0.0,1015.9353768826726,1015.9353768826726,0.0,1.0
2990,2019-05-05 14:00:00,5,2019-05-05 15:00:00,0.10531,0.10531,0.10531,0.12,1.0,1012.0960620360361,6.178632484870436e-14,0.0,0.0,1012.0960620360361,1012.0960620360361,0.0,1.0
2991,2019-05-05 15:00:00,5,2019-05-05 16:00:00,0.10531,0.10531,0.10531,0.12,1.0,1048.357691211026,-0.0,32.42231432835331,0.0,1015.9353768826726,1015.9353768826726,0.0,0.0
2992,2019-05-05 16:00:00,5,2019-05-05 17:00:00,0.13592,0.13592,0.13592,0.12,0.9559479424886504,933.4148099004225,-0.0,400.0,0.0,533.4148099004225,533.4148099004225,0.0,0.0
2993,2019-05-05 17:00:00,5,2019-05-05 18:00:00,0.13592,0.13592,0.13592,0.12,0.41246968161908526,696.5318605048886,-0.0,303.57768567164675,0.0,392.9541748332419,392.9541748332419,0.0,0.0
2994,2019-05-05 18:00:00,5,2019-05-05 19:00:00,0.13592,0.13592,0.13592,0.12,0.0,629.7795892519385,-0.0,0.0,0.0,629.7795892519385,629.7795892519385,0.0,1.0
2995,2019-05-05 19:00:00,5,2019-05-05 20:00:00,0.13592,0.13592,0.13592,0.12,0.0,473.6479921292927,-0.0,0.0,0.0,473.6479921292927,473.6479921292927,0.0,0.0
2996,2019-05-05 20:00:00,5,2019-05-05 21:00:00,0.13592,0.13592,0.13592,0.12,0.0,428.51132948562605,-0.0,0.0,0.0,428.51132948562605,428.51132948562605,0.0,0.0
2997,2019-05-05 21:00:00,5,2019-05-05 22:00:00,0.10531,0.10531,0.10531,0.12,0.0,270.7912543547514,-0.0,0.0,0.0,270.7912543547514,270.7912543547514,0.0,0.0
2998,2019-05-05 22:00:00,5,2019-05-05 23:00:00,0.10531,0.10531,0.10531,0.12,0.0,232.52794383399169,-0.0,0.0,0.0,232.52794383399169,232.52794383399169,0.0,0.0
2999,2019-05-05 23:00:00,5,2019-05-06 00:00:00,0.10531,0.10531,0.10531,0.12,0.0,223.0543485127948,-0.0,0.0,0.0,223.0543485127948,223.0543485127948,0.0,0.0
3000,2019-05-06 00:00:00,5,2019-05-06 01:00:00,0.10531,0.10531,0.10531,0.12,0.0,184.42210778484525,-0.0,0.0,-1.7364728310298398e-14,184.42210778484525,184.42210778484528,0.0,1.0
3001,2019-05-06 01:00:00,5,2019-05-06 02:00:00,0.10531,0.10531,0.10531,0.12,0.0,184.42210776779274,-0.0,2.842170943040401e-14,2.818462417815662e-14,184.4221077677927,184.42210776779268,0.0,0.0
3002,2019-05-06 02:00:00,5,2019-05-06 03:00:00,0.10531,0.10531,0.10531,0.12,-7.105427357601002e-17,184.42210775616604,-0.0,0.0,0.0,184.42210775616604,184.42210775616604,0.0,0.0
3003,2019-05-06 03:00:00,5,2019-05-06 04:00:00,0.10531,0.10531,0.10531,0.12,-7.105427357601002e-17,193.89570303240632,-0.0,0.0,0.0,193.89570303240632,193.89570303240632,0.0,0.0
3004,2019-05-06 04:00:00,5,2019-05-06 05:00:00,0.10531,0.10531,0.10531,0.12,0.0,212.84396484576584,-0.0,0.0,0.0,212.84396484576584,212.84396484576584,0.0,0.0
3005,2019-05-06 05:00:00,5,2019-05-06 06:00:00,0.10531,0.10531,0.10531,0.12,0.0,299.4297266478567,-0.0,0.0,0.0,299.4297266478567,299.4297266478567,0.0,0.0
3006,2019-05-06 06:00:00,5,2019-05-06 07:00:00,0.10531,0.10531,0.10531,0.12,0.0,310.8400034475976,-0.0,-4.063917958373364e-14,-1.1656765768209738e-14,310.8400034475975,310.8400034475975,0.0,0.0
3007,2019-05-06 07:00:00,5,2019-05-06 08:00:00,0.10531,0.10531,0.10531,0.12,0.0,552.0860278820744,-0.0,1.1368683772161603e-13,0.0,552.0860278820743,552.0860278820743,0.0,0.0
3008,2019-05-06 08:00:00,5,2019-05-06 09:00:00,0.10531,0.10531,0.10531,0.12,0.0,605.9299402125782,-0.0,-9.291040054382175e-14,0.0,605.9299402125783,605.9299402125783,0.0,0.0
3009,2019-05-06 09:00:00,5,2019-05-06 10:00:00,0.06431,0.06431,0.06431,0.12,0.0,629.1020750527576,0.0,0.0,0.0,629.1020750527576,629.1020750527576,0.0,0.0
3010,2019-05-06 10:00:00,5,2019-05-06 11:00:00,0.06431,0.06431,0.06431,0.12,1.5837996967676272e-17,678.7775714508655,-192.57080119322598,0.0,0.0,871.3483726440915,871.3483726440915,0.0,1.0
3011,2019-05-06 11:00:00,5,2019-05-06 12:00:00,0.06431,0.06431,0.06431,0.12,0.22145642137220986,704.5344658111654,-166.8139068329262,-2.842170943040401e-14,0.0,871.3483726440917,871.3483726440917,0.0,1.0
3012,2019-05-06 12:00:00,5,2019-05-06 13:00:00,0.06431,0.06431,0.06431,0.12,0.413292414230075,711.8452315664139,-159.50314107767787,0.0,0.0,871.3483726440918,871.3483726440918,0.0,1.0
3013,2019-05-06 13:00:00,5,2019-05-06 14:00:00,0.06431,0.06431,0.06431,0.12,0.5967210264694047,520.6710043566176,-350.6773682874741,0.0,0.0,871.3483726440917,871.3483726440917,0.0,1.0
3014,2019-05-06 14:00:00,5,2019-05-06 15:00:00,0.10531,0.10531,0.10531,0.12,1.0,518.2442260552624,-0.0,0.0,0.0,518.2442260552624,518.2442260552624,0.0,1.0
3015,2019-05-06 15:00:00,5,2019-05-06 16:00:00,0.10531,0.10531,0.10531,0.12,1.0,450.66622170275133,-0.0,0.0,0.0,450.66622170275133,450.66622170275133,0.0,1.0
3016,2019-05-06 16:00:00,5,2019-05-06 17:00:00,0.13592,0.13592,0.13592,0.12,1.0,373.6997021486287,-0.0,255.31072044979828,0.0,118.38898169883043,118.38898169883043,0.0,0.0
3017,2019-05-06 17:00:00,5,2019-05-06 18:00:00,0.13592,0.13592,0.13592,0.12,0.6531104341714697,229.95129120679425,-0.0,229.95129120679425,0.0,0.0,0.0,0.0,0.0
3018,2019-05-06 18:00:00,5,2019-05-06 19:00:00,0.13592,0.13592,0.13592,0.12,0.34067661459702103,217.62641500149002,-0.0,0.0,0.0,217.62641500149002,217.62641500149002,0.0,0.0
3019,2019-05-06 19:00:00,5,2019-05-06 20:00:00,0.13592,0.13592,0.13592,0.12,0.34067661459702103,250.73798834340747,-0.0,250.73798834340747,0.0,0.0,0.0,0.0,0.0
3020,2019-05-06 20:00:00,5,2019-05-06 21:00:00,0.13592,0.13592,0.13592,0.12,0.0,231.7915120824052,-0.0,0.0,0.0,231.7915120824052,231.7915120824052,0.0,0.0
3021,2019-05-06 21:00:00,5,2019-05-06 22:00:00,0.10531,0.10531,0.10531,0.12,0.0,212.84289359108774,-0.0,0.0,0.0,212.84289359108774,212.84289359108774,0.0,0.0
3022,2019-05-06 22:00:00,5,2019-05-06 23:00:00,0.10531,0.10531,0.10531,0.12,0.0,193.895703016904,-0.0,0.0,0.0,193.895703016904,193.895703016904,0.0,1.0
3023,2019-05-06 23:00:00,5,2019-05-07 00:00:00,0.10531,0.10531,0.10531,0.12,0.0,184.42210772903704,-0.0,0.0,0.0,184.42210772903704,184.42210772903704,0.0,1.0
3024,2019-05-07 00:00:00,5,2019-05-07 01:00:00,0.10531,0.10531,0.10531,0.12,0.0,184.4217502124059,-0.0,0.0,0.0,184.4217502124059,184.4217502124059,0.0,0.0
3025,2019-05-07 01:00:00,5,2019-05-07 02:00:00,0.10531,0.10531,0.10531,0.12,0.0,184.42175005505777,-0.0,0.0,0.0,184.42175005505777,184.42175005505777,0.0,0.0
3026,2019-05-07 02:00:00,5,2019-05-07 03:00:00,0.10531,0.10531,0.10531,0.12,0.0,184.42174984035123,-0.0,0.0,0.0,184.42174984035123,184.42174984035123,0.0,0.0
3027,2019-05-07 03:00:00,5,2019-05-07 04:00:00,0.10531,0.10531,0.10531,0.12,0.0,193.89534526463828,-0.0,0.0,0.0,193.89534526463828,193.89534526463828,0.0,0.0
3028,2019-05-07 04:00:00,5,2019-05-07 05:00:00,0.10531,0.10531,0.10531,0.12,0.0,212.84360658967609,-0.0,0.0,0.0,212.84360658967609,212.84360658967609,0.0,0.0
3029,2019-05-07 05:00:00,5,2019-05-07 06:00:00,0.10531,0.10531,0.10531,0.12,0.0,217.62534336390567,-0.0,0.0,0.0,217.62534336390567,217.62534336390567,0.0,0.0
3030,2019-05-07 06:00:00,5,2019-05-07 07:00:00,0.10531,0.10531,0.10531,0.12,0.0,230.25088268631,-0.0,0.0,0.0,230.25088268631,230.25088268631,0.0,0.0
3031,2019-05-07 07:00:00,5,2019-05-07 08:00:00,0.10531,0.10531,0.10531,0.12,0.0,285.7064086848936,-0.0,0.0,0.0,285.7064086848936,285.7064086848936,0.0,0.0
3032,2019-05-07 08:00:00,5,2019-05-07 09:00:00,0.10531,0.10531,0.10531,0.12,0.0,355.7918973193628,-0.0,0.0,0.0,355.7918973193628,355.7918973193628,0.0,0.0
3033,2019-05-07 09:00:00,5,2019-05-07 10:00:00,0.06431,0.06431,0.06431,0.12,0.0,309.21564246576196,-142.1550094517958,0.0,0.0,451.3706519175578,451.3706519175578,0.0,1.0
3034,2019-05-07 10:00:00,5,2019-05-07 11:00:00,0.06431,0.06431,0.06431,0.12,0.16347826086956516,266.9126908136489,-400.0,0.0,0.0,666.9126908136489,666.9126908136489,0.0,1.0
3035,2019-05-07 11:00:00,5,2019-05-07 12:00:00,0.06431,0.06431,0.06431,0.12,0.6234782608695651,163.63576581781828,4.80981558461971e-14,163.63576581781822,236.36423418218172,0.0,-236.36423418218172,1.0,0.0
3036,2019-05-07 12:00:00,5,2019-05-07 13:00:00,0.06431,0.06431,0.06431,0.12,0.08,163.63683672679556,-400.0,0.0,0.0,563.6368367267955,563.6368367267955,0.0,1.0
3037,2019-05-07 13:00:00,5,2019-05-07 14:00:00,0.06431,0.06431,0.06431,0.12,0.54,163.6357659681904,-400.0,0.0,0.0,563.6357659681904,563.6357659681904,0.0,1.0
3038,2019-05-07 14:00:00,5,2019-05-07 15:00:00,0.10531,0.10531,0.10531,0.12,1.0,231.323731466715,-0.0,0.0,0.0,231.323731466715,231.323731466715,0.0,0.0
3039,2019-05-07 15:00:00,5,2019-05-07 16:00:00,0.10531,0.10531,0.10531,0.12,1.0,323.08806202725293,-0.0,0.0,0.0,323.08806202725293,323.08806202725293,0.0,0.0
3040,2019-05-07 16:00:00,5,2019-05-07 17:00:00,0.13592,0.13592,0.13592,0.12,1.0,351.8837097570775,-0.0,351.8837097570775,0.0,0.0,0.0,0.0,0.0
3041,2019-05-07 17:00:00,5,2019-05-07 18:00:00,0.13592,0.13592,0.13592,0.12,0.5218971334822317,307.3927747616363,-0.0,307.3927747616363,0.0,0.0,0.0,0.0,0.0
3042,2019-05-07 18:00:00,5,2019-05-07 19:00:00,0.13592,0.13592,0.13592,0.12,0.10424390690392152,235.07154138441976,-0.0,76.72351548128624,0.0,158.34802590313353,158.34802590313353,0.0,0.0
3043,2019-05-07 19:00:00,5,2019-05-07 20:00:00,0.13592,0.13592,0.13592,0.12,0.0,250.73691726623048,-0.0,0.0,0.0,250.73691726623048,250.73691726623048,0.0,0.0
3044,2019-05-07 20:00:00,5,2019-05-07 21:00:00,0.13592,0.13592,0.13592,0.12,0.0,231.79079660190223,-0.0,0.0,0.0,231.79079660190223,231.79079660190223,0.0,0.0
3045,2019-05-07 21:00:00,5,2019-05-07 22:00:00,0.10531,0.10531,0.10531,0.12,0.0,212.84253611243724,-0.0,0.0,0.0,212.84253611243724,212.84253611243724,0.0,0.0
3046,2019-05-07 22:00:00,5,2019-05-07 23:00:00,0.10531,0.10531,0.10531,0.12,0.0,193.89534550414845,-0.0,0.0,0.0,193.89534550414845,193.89534550414845,0.0,0.0
3047,2019-05-07 23:00:00,5,2019-05-08 00:00:00,0.10531,0.10531,0.10531,0.12,0.0,184.42175000079982,-0.0,0.0,0.0,184.42175000079982,184.42175000079982,0.0,0.0
3048,2019-05-08 00:00:00,5,2019-05-08 01:00:00,0.10531,0.10531,0.10531,0.12,0.0,223.05434580454687,0.0,0.0,0.0,223.05434580454687,223.05434580454687,0.0,0.0
3049,2019-05-08 01:00:00,5,2019-05-08 02:00:00,0.10531,0.10531,0.10531,0.12,0.0,223.05434582935052,-0.0,0.0,0.0,223.05434582935052,223.05434582935052,0.0,0.0
3050,2019-05-08 02:00:00,5,2019-05-08 03:00:00,0.10531,0.10531,0.10531,0.12,0.0,223.0543458502786,-0.0,0.0,0.0,223.0543458502786,223.0543458502786,0.0,0.0
3051,2019-05-08 03:00:00,5,2019-05-08 04:00:00,0.10531,0.10531,0.10531,0.12,0.0,232.5279411513225,-0.0,0.0,0.0,232.5279411513225,232.5279411513225,0.0,0.0
3052,2019-05-08 04:00:00,5,2019-05-08 05:00:00,0.10531,0.10531,0.10531,0.12,0.0,270.79232133467633,-0.0,0.0,0.0,270.79232133467633,270.79232133467633,0.0,0.0
3053,2019-05-08 05:00:00,5,2019-05-08 06:00:00,0.10531,0.10531,0.10531,0.12,0.0,298.6209442628216,-388.57001788355564,0.0,0.0,687.1909621463772,687.1909621463772,0.0,1.0
3054,2019-05-08 06:00:00,5,2019-05-08 07:00:00,0.10531,0.10531,0.10531,0.12,0.44685552056608896,388.163666001601,-400.0,0.0,0.0,788.163666001601,788.163666001601,0.0,1.0
3055,2019-05-08 07:00:00,5,2019-05-08 08:00:00,0.10531,0.10531,0.10531,0.12,0.906855520566089,833.9471552117798,0.0,0.0,0.0,833.9471552117798,833.9471552117798,0.0,0.0
3056,2019-05-08 08:00:00,5,2019-05-08 09:00:00,0.10531,0.10531,0.10531,0.12,0.906855520566089,909.5263499288405,-0.0,0.0,0.0,909.5263499288405,909.5263499288405,0.0,0.0
3057,2019-05-08 09:00:00,5,2019-05-08 10:00:00,0.06431,0.06431,0.06431,0.12,0.906855520566089,959.8171753974077,-56.118201485264876,0.0,0.0,1015.9353768826726,1015.9353768826726,0.0,1.0
3058,2019-05-08 10:00:00,5,2019-05-08 11:00:00,0.06431,0.06431,0.06431,0.12,0.9713914522741436,1018.7863208174181,-0.0,2.8509439347454872,0.0,1015.9353768826726,1015.9353768826726,0.0,0.0
3059,2019-05-08 11:00:00,5,2019-05-08 12:00:00,0.06431,0.06431,0.06431,0.12,0.9675178871454133,987.6900613569451,-28.245315525727506,0.0,0.0,1015.9353768826726,1015.9353768826726,0.0,1.0
3060,2019-05-08 12:00:00,5,2019-05-08 13:00:00,0.06431,0.06431,0.06431,0.12,1.0,1025.1770476410552,-0.0,9.241670758382611,0.0,1015.9353768826726,1015.9353768826726,0.0,0.0
3061,2019-05-08 13:00:00,5,2019-05-08 14:00:00,0.06431,0.06431,0.06431,0.12,0.9874433821217627,1024.5676590535263,-0.0,8.632282170853728,0.0,1015.9353768826726,1015.9353768826726,0.0,0.0
3062,2019-05-08 14:00:00,5,2019-05-08 15:00:00,0.10531,0.10531,0.10531,0.12,0.9757147378678854,1024.6684950146955,-0.0,8.733118132022923,0.0,1015.9353768826726,1015.9353768826726,0.0,0.0
3063,2019-05-08 15:00:00,5,2019-05-08 16:00:00,0.10531,0.10531,0.10531,0.12,0.9638490882319847,1050.7302981171947,-0.0,34.79492123452212,0.0,1015.9353768826726,1015.9353768826726,0.0,0.0
3064,2019-05-08 16:00:00,5,2019-05-08 17:00:00,0.13592,0.13592,0.13592,0.12,0.9165733800329058,851.3805152441647,-0.0,0.0,0.0,851.3805152441647,851.3805152441647,0.0,0.0
3065,2019-05-08 17:00:00,5,2019-05-08 18:00:00,0.13592,0.13592,0.13592,0.12,0.9165733800329059,625.6560623592661,-0.0,400.0,0.0,225.65606235926612,225.65606235926612,0.0,0.0
3066,2019-05-08 18:00:00,5,2019-05-08 19:00:00,0.13592,0.13592,0.13592,0.12,0.37309511916334076,541.7387176404351,-0.0,0.0,0.0,541.7387176404351,541.7387176404351,0.0,1.0
3067,2019-05-08 19:00:00,5,2019-05-08 20:00:00,0.13592,0.13592,0.13592,0.12,0.37309511916334076,447.46507544523973,-0.0,274.5980077042188,0.0,172.86706774102095,172.86706774102095,0.0,0.0
3068,2019-05-08 20:00:00,5,2019-05-08 21:00:00,0.13592,0.13592,0.13592,0.12,0.0,428.54987120761683,-0.0,0.0,0.0,428.54987120761683,428.54987120761683,0.0,1.0
3069,2019-05-08 21:00:00,5,2019-05-08 22:00:00,0.10531,0.10531,0.10531,0.12,0.0,270.7912516480536,-0.0,0.0,0.0,270.7912516480536,270.7912516480536,0.0,0.0
3070,2019-05-08 22:00:00,5,2019-05-08 23:00:00,0.10531,0.10531,0.10531,0.12,0.0,232.52794112341843,-0.0,0.0,0.0,232.52794112341843,232.52794112341843,0.0,0.0
3071,2019-05-08 23:00:00,5,2019-05-09 00:00:00,0.10531,0.10531,0.10531,0.12,0.0,223.0543458549293,-0.0,0.0,0.0,223.0543458549293,223.0543458549293,0.0,0.0
3072,2019-05-09 00:00:00,5,2019-05-09 01:00:00,0.10531,0.10531,0.10531,0.12,0.0,223.05434500617957,-0.0,0.0,0.0,223.05434500617957,223.05434500617957,0.0,0.0
3073,2019-05-09 01:00:00,5,2019-05-09 02:00:00,0.10531,0.10531,0.10531,0.12,0.0,223.05434502090674,-0.0,0.0,0.0,223.05434502090674,223.05434502090674,0.0,0.0
3074,2019-05-09 02:00:00,5,2019-05-09 03:00:00,0.10531,0.10531,0.10531,0.12,0.0,223.05434503408367,-0.0,0.0,0.0,223.05434503408367,223.05434503408367,0.0,0.0
3075,2019-05-09 03:00:00,5,2019-05-09 04:00:00,0.10531,0.10531,0.10531,0.12,0.0,232.52794032970178,-0.0,0.0,0.0,232.52794032970178,232.52794032970178,0.0,0.0
3076,2019-05-09 04:00:00,5,2019-05-09 05:00:00,0.10531,0.10531,0.10531,0.12,0.0,270.79232034253056,-160.72301552514907,0.0,0.0,431.5153358676796,431.5153358676796,0.0,1.0
3077,2019-05-09 05:00:00,5,2019-05-09 06:00:00,0.10531,0.10531,0.10531,0.12,0.18483146785392143,300.5811871573243,-0.0,0.0,0.0,300.5811871573243,300.5811871573243,0.0,0.0
3078,2019-05-09 06:00:00,5,2019-05-09 07:00:00,0.10531,0.10531,0.10531,0.12,0.18483146785392143,388.12743957580443,-399.99999999999994,0.0,0.0,788.1274395758044,788.1274395758044,0.0,1.0
3079,2019-05-09 07:00:00,5,2019-05-09 08:00:00,0.10531,0.10531,0.10531,0.12,0.6448314678539213,813.0876889817572,-202.8476879009154,0.0,0.0,1015.9353768826726,1015.9353768826726,0.0,1.0
3080,2019-05-09 08:00:00,5,2019-05-09 09:00:00,0.10531,0.10531,0.10531,0.12,0.8781063089399741,893.9680218585023,0.0,0.0,0.0,893.9680218585023,893.9680218585023,0.0,0.0
3081,2019-05-09 09:00:00,5,2019-05-09 10:00:00,0.06431,0.06431,0.06431,0.12,0.8781063089399741,941.761848795118,-74.17352808755459,0.0,0.0,1015.9353768826726,1015.9353768826726,0.0,1.0
3082,2019-05-09 10:00:00,5,2019-05-09 11:00:00,0.06431,0.06431,0.06431,0.12,0.9634058662406619,1008.000785816981,-7.93459106569162,0.0,0.0,1015.9353768826726,1015.9353768826726,0.0,1.0
3083,2019-05-09 11:00:00,5,2019-05-09 12:00:00,0.06431,0.06431,0.06431,0.12,0.9725306459662073,992.0489820706789,-23.886394811993682,0.0,0.0,1015.9353768826726,1015.9353768826726,0.0,1.0
3084,2019-05-09 12:00:00,5,2019-05-09 13:00:00,0.06431,0.06431,0.06431,0.12,1.0,1037.2450247570562,-0.0,21.309647874383586,0.0,1015.9353768826726,1015.9353768826726,0.0,0.0
3085,2019-05-09 13:00:00,5,2019-05-09 14:00:00,0.06431,0.06431,0.06431,0.12,0.9710466740837179,1036.6113412090363,-0.0,20.67596432636367,0.0,1015.9353768826726,1015.9353768826726,0.0,0.0
3086,2019-05-09 14:00:00,5,2019-05-09 15:00:00,0.10531,0.10531,0.10531,0.12,0.9429543312489846,1033.9189724771795,-0.0,17.983595594506937,0.0,1015.9353768826726,1015.9353768826726,0.0,0.0
3087,2019-05-09 15:00:00,5,2019-05-09 16:00:00,0.10531,0.10531,0.10531,0.12,0.9185200981042742,1056.5205636500204,-0.0,40.585186767347864,0.0,1015.9353768826726,1015.9353768826726,0.0,0.0
3088,2019-05-09 16:00:00,5,2019-05-09 17:00:00,0.13592,0.13592,0.13592,0.12,0.8633771813008124,882.1222795837191,-0.0,400.0,0.0,482.1222795837191,482.1222795837191,0.0,0.0
3089,2019-05-09 17:00:00,5,2019-05-09 18:00:00,0.13592,0.13592,0.13592,0.12,0.31989892043124724,645.1621250055913,-0.0,235.445605437398,0.0,409.7165195681933,409.7165195681933,0.0,0.0
3090,2019-05-09 18:00:00,5,2019-05-09 19:00:00,0.13592,0.13592,0.13592,0.12,0.0,541.8871210597771,-0.0,0.0,0.0,541.8871210597771,541.8871210597771,0.0,1.0
3091,2019-05-09 19:00:00,5,2019-05-09 20:00:00,0.13592,0.13592,0.13592,0.12,0.0,447.44619245627325,-0.0,0.0,0.0,447.44619245627325,447.44619245627325,0.0,0.0
3092,2019-05-09 20:00:00,5,2019-05-09 21:00:00,0.13592,0.13592,0.13592,0.12,0.0,428.5342585032143,-0.0,0.0,0.0,428.5342585032143,428.5342585032143,0.0,0.0
3093,2019-05-09 21:00:00,5,2019-05-09 22:00:00,0.10531,0.10531,0.10531,0.12,0.0,270.7912507365197,-0.0,0.0,0.0,270.7912507365197,270.7912507365197,0.0,0.0
3094,2019-05-09 22:00:00,5,2019-05-09 23:00:00,0.10531,0.10531,0.10531,0.12,0.0,232.52794025994152,-0.0,0.0,0.0,232.52794025994152,232.52794025994152,0.0,0.0
3095,2019-05-09 23:00:00,5,2019-05-10 00:00:00,0.10531,0.10531,0.10531,0.12,0.0,223.05434497595013,-0.0,0.0,0.0,223.05434497595013,223.05434497595013,0.0,0.0
3096,2019-05-10 00:00:00,5,2019-05-10 01:00:00,0.10531,0.10531,0.10531,0.12,0.0,223.05434411402348,0.0,0.0,0.0,223.05434411402348,223.05434411402348,0.0,0.0
3097,2019-05-10 01:00:00,5,2019-05-10 02:00:00,0.10531,0.10531,0.10531,0.12,0.0,223.0543441202244,-0.0,0.0,0.0,223.0543441202244,223.0543441202244,0.0,0.0
3098,2019-05-10 02:00:00,5,2019-05-10 03:00:00,0.10531,0.10531,0.10531,0.12,0.0,223.05434412797555,-0.0,0.0,0.0,223.05434412797555,223.05434412797555,0.0,0.0
3099,2019-05-10 03:00:00,5,2019-05-10 04:00:00,0.10531,0.10531,0.10531,0.12,0.0,232.52793941971805,-0.0,0.0,0.0,232.52793941971805,232.52793941971805,0.0,0.0
3100,2019-05-10 04:00:00,5,2019-05-10 05:00:00,0.10531,0.10531,0.10531,0.12,0.0,270.79231878532676,-0.0,0.0,0.0,270.79231878532676,270.79231878532676,0.0,0.0
3101,2019-05-10 05:00:00,5,2019-05-10 06:00:00,0.10531,0.10531,0.10531,0.12,0.0,292.68087584950104,-358.0431929369768,0.0,0.0,650.7240687864778,650.7240687864778,0.0,1.0
3102,2019-05-10 06:00:00,5,2019-05-10 07:00:00,0.10531,0.10531,0.10531,0.12,0.41174967187752337,396.0616050873155,-399.99999999999994,0.0,0.0,796.0616050873155,796.0616050873155,0.0,1.0
3103,2019-05-10 07:00:00,5,2019-05-10 08:00:00,0.10531,0.10531,0.10531,0.12,0.8717496718775233,836.5856594656461,0.0,0.0,0.0,836.5856594656461,836.5856594656461,0.0,0.0
3104,2019-05-10 08:00:00,5,2019-05-10 09:00:00,0.10531,0.10531,0.10531,0.12,0.8717496718775233,906.4883160494829,-0.0,0.0,0.0,906.4883160494829,906.4883160494829,0.0,0.0
3105,2019-05-10 09:00:00,5,2019-05-10 10:00:00,0.06431,0.06431,0.06431,0.12,0.8717496718775233,939.6056504238384,-76.32972645883422,0.0,0.0,1015.9353768826726,1015.9353768826726,0.0,1.0
3106,2019-05-10 10:00:00,5,2019-05-10 11:00:00,0.06431,0.06431,0.06431,0.12,0.9595288573051826,1007.0347329135557,-8.900643969116913,0.0,0.0,1015.9353768826726,1015.9353768826726,0.0,1.0
3107,2019-05-10 11:00:00,5,2019-05-10 12:00:00,0.06431,0.06431,0.06431,0.12,0.969764597869667,989.6437228562961,-26.291654026376477,0.0,0.0,1015.9353768826726,1015.9353768826726,0.0,1.0
3108,2019-05-10 12:00:00,5,2019-05-10 13:00:00,0.06431,0.06431,0.06431,0.12,1.0,1046.3623316460871,-0.0,30.42695476341453,0.0,1015.9353768826726,1015.9353768826726,0.0,0.0
3109,2019-05-10 13:00:00,5,2019-05-10 14:00:00,0.06431,0.06431,0.06431,0.12,0.9586590288540563,1057.4224577181208,-0.0,41.48708083544818,0.0,1015.9353768826726,1015.9353768826726,0.0,0.0
3110,2019-05-10 14:00:00,5,2019-05-10 15:00:00,0.10531,0.10531,0.10531,0.12,0.9022907125015451,1055.9899714043047,-0.0,40.05459452163211,0.0,1015.9353768826726,1015.9353768826726,0.0,0.0
3111,2019-05-10 15:00:00,5,2019-05-10 16:00:00,0.10531,0.10531,0.10531,0.12,0.8478687090754146,1088.4483511072185,-0.0,72.51297422454593,0.0,1015.9353768826726,1015.9353768826726,0.0,0.0
3112,2019-05-10 16:00:00,5,2019-05-10 17:00:00,0.13592,0.13592,0.13592,0.12,0.749345646270325,982.9264561460474,-0.0,400.0,0.0,582.9264561460474,582.9264561460474,0.0,0.0
3113,2019-05-10 17:00:00,5,2019-05-10 18:00:00,0.13592,0.13592,0.13592,0.12,0.20586738540075986,788.3359822369031,-0.0,0.0,0.0,788.3359822369031,788.3359822369031,0.0,1.0
3114,2019-05-10 18:00:00,5,2019-05-10 19:00:00,0.13592,0.13592,0.13592,0.12,0.20586738540075986,756.820363063487,-0.0,0.0,0.0,756.820363063487,756.820363063487,0.0,1.0
3115,2019-05-10 19:00:00,5,2019-05-10 20:00:00,0.13592,0.13592,0.13592,0.12,0.20586738540075986,571.9661230274114,-0.0,0.0,0.0,571.9661230274114,571.9661230274114,0.0,0.0
3116,2019-05-10 20:00:00,5,2019-05-10 21:00:00,0.13592,0.13592,0.13592,0.12,0.20586738540075986,465.8101458073863,-0.0,151.51839565495925,0.0,314.291750152427,314.291750152427,0.0,0.0
3117,2019-05-10 21:00:00,5,2019-05-10 22:00:00,0.10531,0.10531,0.10531,0.12,0.0,270.79124988699493,-0.0,0.0,0.0,270.79124988699493,270.79124988699493,0.0,0.0
3118,2019-05-10 22:00:00,5,2019-05-10 23:00:00,0.10531,0.10531,0.10531,0.12,0.0,232.5279394359955,-0.0,0.0,0.0,232.5279394359955,232.5279394359955,0.0,0.0
3119,2019-05-10 23:00:00,5,2019-05-11 00:00:00,0.10531,0.10531,0.10531,0.12,0.0,223.05434416518102,-0.0,0.0,0.0,223.05434416518102,223.05434416518102,0.0,0.0
3120,2019-05-11 00:00:00,5,2019-05-11 01:00:00,0.10531,0.10531,0.10531,0.12,0.0,223.05434331178057,-69.56521739130434,0.0,0.0,292.6195607030849,292.6195607030849,0.0,1.0
3121,2019-05-11 01:00:00,5,2019-05-11 02:00:00,0.10531,0.10531,0.10531,0.12,0.08,223.05434332728288,-0.0,0.0,0.0,223.05434332728288,223.05434332728288,0.0,0.0
3122,2019-05-11 02:00:00,5,2019-05-11 03:00:00,0.10531,0.10531,0.10531,0.12,0.08,223.05434334201007,-0.0,0.0,0.0,223.05434334201007,223.05434334201007,0.0,0.0
3123,2019-05-11 03:00:00,5,2019-05-11 04:00:00,0.10531,0.10531,0.10531,0.12,0.08,232.52793863995348,-0.0,0.0,0.0,232.52793863995348,232.52793863995348,0.0,0.0
3124,2019-05-11 04:00:00,5,2019-05-11 05:00:00,0.10531,0.10531,0.10531,0.12,0.08,270.79231701729196,-0.0,0.0,0.0,270.79231701729196,270.79231701729196,0.0,0.0
3125,2019-05-11 05:00:00,5,2019-05-11 06:00:00,0.10531,0.10531,0.10531,0.12,0.08,333.98395786040624,-400.0,0.0,0.0,733.9839578604062,733.9839578604062,0.0,1.0
3126,2019-05-11 06:00:00,5,2019-05-11 07:00:00,0.10531,0.10531,0.10531,0.12,0.54,524.3014363076552,-400.0,0.0,0.0,924.3014363076552,924.3014363076552,0.0,1.0
3127,2019-05-11 07:00:00,5,2019-05-11 08:00:00,0.10531,0.10531,0.10531,0.12,1.0,1080.0144863651572,-0.0,64.07910948248457,0.0,1015.9353768826726,1015.9353768826726,0.0,0.0
3128,2019-05-11 08:00:00,5,2019-05-11 09:00:00,0.10531,0.10531,0.10531,0.12,0.912935992550972,1083.9241710661222,-0.0,67.98879418344961,0.0,1015.9353768826726,1015.9353768826726,0.0,0.0
3129,2019-05-11 09:00:00,5,2019-05-11 10:00:00,0.06431,0.06431,0.06431,0.12,0.8205599134973721,1070.4052307426828,-0.0,54.469853860010176,0.0,1015.9353768826726,1015.9353768826726,0.0,0.0
3130,2019-05-11 10:00:00,5,2019-05-11 11:00:00,0.06431,0.06431,0.06431,0.12,0.7465519598832279,1087.6242596074133,-0.0,71.68888272474067,0.0,1015.9353768826726,1015.9353768826726,0.0,0.0
3131,2019-05-11 11:00:00,5,2019-05-11 12:00:00,0.06431,0.06431,0.06431,0.12,0.6491485866159172,1056.6241651400383,-0.0,40.68878825736567,0.0,1015.9353768826726,1015.9353768826726,0.0,0.0
3132,2019-05-11 12:00:00,5,2019-05-11 13:00:00,0.06431,0.06431,0.06431,0.12,0.5938649069184095,1090.4912426944486,-0.0,74.55586581177602,0.0,1015.9353768826726,1015.9353768826726,0.0,0.0
3133,2019-05-11 13:00:00,5,2019-05-11 14:00:00,0.06431,0.06431,0.06431,0.12,0.49256617619588783,1086.8968377928625,-0.0,70.96146091018988,0.0,1015.9353768826726,1015.9353768826726,0.0,0.0
3134,2019-05-11 14:00:00,5,2019-05-11 15:00:00,0.10531,0.10531,0.10531,0.12,0.3961511477853037,1077.7421658024007,-0.0,61.80678891972809,0.0,1015.9353768826726,1015.9353768826726,0.0,0.0
3135,2019-05-11 15:00:00,5,2019-05-11 16:00:00,0.10531,0.10531,0.10531,0.12,0.3121745324052384,1113.1598538882681,-0.0,97.22447700559553,0.0,1015.9353768826726,1015.9353768826726,0.0,0.0
3136,2019-05-11 16:00:00,5,2019-05-11 17:00:00,0.13592,0.13592,0.13592,0.12,0.18007605821285316,1030.712989532247,-0.0,132.53597884465995,0.0,898.1770106875872,898.1770106875872,0.0,0.0
3137,2019-05-11 17:00:00,5,2019-05-11 18:00:00,0.13592,0.13592,0.13592,0.12,0.0,865.7675460198244,-0.0,0.0,0.0,865.7675460198244,865.7675460198244,0.0,0.0
3138,2019-05-11 18:00:00,5,2019-05-11 19:00:00,0.13592,0.13592,0.13592,0.12,0.0,822.0780374786113,-0.0,0.0,0.0,822.0780374786113,822.0780374786113,0.0,0.0
3139,2019-05-11 19:00:00,5,2019-05-11 20:00:00,0.13592,0.13592,0.13592,0.12,0.0,702.5290409420221,-0.0,0.0,0.0,702.5290409420221,702.5290409420221,0.0,0.0
3140,2019-05-11 20:00:00,5,2019-05-11 21:00:00,0.13592,0.13592,0.13592,0.12,0.0,664.7390660689224,-0.0,0.0,0.0,664.7390660689224,664.7390660689224,0.0,0.0
3141,2019-05-11 21:00:00,5,2019-05-11 22:00:00,0.10531,0.10531,0.10531,0.12,0.0,270.7912490397954,-0.0,0.0,0.0,270.7912490397954,270.7912490397954,0.0,0.0
3142,2019-05-11 22:00:00,5,2019-05-11 23:00:00,0.10531,0.10531,0.10531,0.12,0.0,232.52793859112134,-0.0,0.0,0.0,232.52793859112134,232.52793859112134,0.0,0.0
3143,2019-05-11 23:00:00,5,2019-05-12 00:00:00,0.10531,0.10531,0.10531,0.12,0.0,223.0543433218571,-0.0,0.0,0.0,223.0543433218571,223.0543433218571,0.0,0.0
3144,2019-05-12 00:00:00,5,2019-05-12 01:00:00,0.10531,0.10531,0.10531,0.12,0.0,223.05434247078202,-69.56521739130434,0.0,0.0,292.61955986208636,292.61955986208636,0.0,1.0
3145,2019-05-12 01:00:00,5,2019-05-12 02:00:00,0.10531,0.10531,0.10531,0.12,0.08,223.05434248860965,-0.0,0.0,0.0,223.05434248860965,223.05434248860965,0.0,0.0
3146,2019-05-12 02:00:00,5,2019-05-12 03:00:00,0.10531,0.10531,0.10531,0.12,0.08,223.05434250566216,-0.0,0.0,0.0,223.05434250566216,223.05434250566216,0.0,0.0
3147,2019-05-12 03:00:00,5,2019-05-12 04:00:00,0.10531,0.10531,0.10531,0.12,0.08,232.52793780670606,-0.0,0.0,0.0,232.52793780670606,232.52793780670606,0.0,0.0
3148,2019-05-12 04:00:00,5,2019-05-12 05:00:00,0.10531,0.10531,0.10531,0.12,0.08,270.7923157135504,-400.0,0.0,0.0,670.7923157135504,670.7923157135504,0.0,1.0
3149,2019-05-12 05:00:00,5,2019-05-12 06:00:00,0.10531,0.10531,0.10531,0.12,0.54,353.3485791192693,-400.0,0.0,0.0,753.3485791192693,753.3485791192693,0.0,1.0
3150,2019-05-12 06:00:00,5,2019-05-12 07:00:00,0.10531,0.10531,0.10531,0.12,1.0,598.7556328003664,0.0,0.0,0.0,598.7556328003664,598.7556328003664,0.0,0.0
3151,2019-05-12 07:00:00,5,2019-05-12 08:00:00,0.10531,0.10531,0.10531,0.12,1.0,1100.9455284798169,-0.0,85.01015159714427,0.0,1015.9353768826726,1015.9353768826726,0.0,0.0
3152,2019-05-12 08:00:00,5,2019-05-12 09:00:00,0.10531,0.10531,0.10531,0.12,0.8844970766343149,1092.5102276299933,-0.0,76.57485074732074,0.0,1015.9353768826726,1015.9353768826726,0.0,0.0
3153,2019-05-12 09:00:00,5,2019-05-12 10:00:00,0.06431,0.06431,0.06431,0.12,0.7804551598580639,1066.022916177111,-0.0,50.08753929443844,0.0,1015.9353768826726,1015.9353768826726,0.0,0.0
3154,2019-05-12 10:00:00,5,2019-05-12 11:00:00,0.06431,0.06431,0.06431,0.12,0.7124014379906204,1087.7995111527166,-0.0,71.86413427004402,0.0,1015.9353768826726,1015.9353768826726,0.0,0.0
3155,2019-05-12 11:00:00,5,2019-05-12 12:00:00,0.06431,0.06431,0.06431,0.12,0.6147599512106693,1062.9909556561327,-0.0,47.05557877346007,0.0,1015.9353768826726,1015.9353768826726,0.0,0.0
3156,2019-05-12 12:00:00,5,2019-05-12 13:00:00,0.06431,0.06431,0.06431,0.12,0.5508257409206421,1104.9431341555585,-0.0,89.0077572728859,0.0,1015.9353768826726,1015.9353768826726,0.0,0.0
3157,2019-05-12 13:00:00,5,2019-05-12 14:00:00,0.06431,0.06431,0.06431,0.12,0.429891288104221,1099.1756701790423,-0.0,83.24029329636971,0.0,1015.9353768826726,1015.9353768826726,0.0,0.0
3158,2019-05-12 14:00:00,5,2019-05-12 15:00:00,0.10531,0.10531,0.10531,0.12,0.3167930635167622,1090.5593837703977,-0.0,74.62400688772516,0.0,1015.9353768826726,1015.9353768826726,0.0,0.0
3159,2019-05-12 15:00:00,5,2019-05-12 16:00:00,0.10531,0.10531,0.10531,0.12,0.21540174981061389,1110.8621676459463,-0.0,94.92679076327374,0.0,1015.9353768826726,1015.9353768826726,0.0,0.0
3160,2019-05-12 16:00:00,5,2019-05-12 17:00:00,0.13592,0.13592,0.13592,0.12,0.08642513192573106,1002.2518494807937,-0.0,1.3073986337985844e-14,0.0,1002.2518494807937,1002.2518494807937,0.0,1.0
3161,2019-05-12 17:00:00,5,2019-05-12 18:00:00,0.13592,0.13592,0.13592,0.12,0.08642513192573105,838.5189618313108,-0.0,63.60889709733806,0.0,774.9100647339727,774.9100647339727,0.0,0.0
3162,2019-05-12 18:00:00,5,2019-05-12 19:00:00,0.13592,0.13592,0.13592,0.12,0.0,814.2173305320662,-0.0,0.0,0.0,814.2173305320662,814.2173305320662,0.0,0.0
3163,2019-05-12 19:00:00,5,2019-05-12 20:00:00,0.13592,0.13592,0.13592,0.12,0.0,709.0540373451933,-0.0,0.0,0.0,709.0540373451933,709.0540373451933,0.0,0.0
3164,2019-05-12 20:00:00,5,2019-05-12 21:00:00,0.13592,0.13592,0.13592,0.12,0.0,627.5924578827937,-0.0,0.0,0.0,627.5924578827937,627.5924578827937,0.0,0.0
3165,2019-05-12 21:00:00,5,2019-05-12 22:00:00,0.10531,0.10531,0.10531,0.12,0.0,270.7912481243859,-0.0,0.0,0.0,270.7912481243859,270.7912481243859,0.0,0.0
3166,2019-05-12 22:00:00,5,2019-05-12 23:00:00,0.10531,0.10531,0.10531,0.12,0.0,232.52793768113762,-0.0,0.0,0.0,232.52793768113762,232.52793768113762,0.0,0.0
3167,2019-05-12 23:00:00,5,2019-05-13 00:00:00,0.10531,0.10531,0.10531,0.12,0.0,223.05434241729918,-0.0,0.0,0.0,223.05434241729918,223.05434241729918,0.0,0.0
3168,2019-05-13 00:00:00,5,2019-05-13 01:00:00,0.10531,0.10531,0.10531,0.12,0.0,184.42210172500486,-0.0,1.0662333682535397e-14,1.619684654167839e-14,184.42210172500486,184.42210172500484,0.0,1.0
3169,2019-05-13 01:00:00,5,2019-05-13 02:00:00,0.10531,0.10531,0.10531,0.12,0.0,184.4221017459329,-0.0,0.0,0.0,184.4221017459329,184.4221017459329,0.0,1.0
3170,2019-05-13 02:00:00,5,2019-05-13 03:00:00,0.10531,0.10531,0.10531,0.12,0.0,184.42210176686098,-0.0,0.0,0.0,184.42210176686098,184.42210176686098,0.0,1.0
3171,2019-05-13 03:00:00,5,2019-05-13 04:00:00,0.10531,0.10531,0.10531,0.12,0.0,193.89569707023026,-0.0,0.0,0.0,193.89569707023026,193.89569707023026,0.0,1.0
3172,2019-05-13 04:00:00,5,2019-05-13 05:00:00,0.10531,0.10531,0.10531,0.12,0.0,212.8439546235639,-0.0,0.0,0.0,212.8439546235639,212.8439546235639,0.0,0.0
3173,2019-05-13 05:00:00,5,2019-05-13 06:00:00,0.10531,0.10531,0.10531,0.12,0.0,367.4483125673595,-0.0,0.0,0.0,367.4483125673595,367.4483125673595,0.0,1.0
3174,2019-05-13 06:00:00,5,2019-05-13 07:00:00,0.10531,0.10531,0.10531,0.12,0.0,432.45824051318124,-0.0,0.0,0.0,432.45824051318124,432.45824051318124,0.0,0.0
3175,2019-05-13 07:00:00,5,2019-05-13 08:00:00,0.10531,0.10531,0.10531,0.12,0.0,661.8272608771234,-0.0,0.0,0.0,661.8272608771234,661.8272608771234,0.0,1.0
3176,2019-05-13 08:00:00,5,2019-05-13 09:00:00,0.10531,0.10531,0.10531,0.12,0.0,752.5940708318052,-0.0,0.0,0.0,752.5940708318052,752.5940708318052,0.0,0.0
3177,2019-05-13 09:00:00,5,2019-05-13 10:00:00,0.06431,0.06431,0.06431,0.12,0.0,759.3040412353328,-250.70556212007875,0.0,0.0,1010.0096033554115,1010.0096033554115,0.0,1.0
3178,2019-05-13 10:00:00,5,2019-05-13 11:00:00,0.06431,0.06431,0.06431,0.12,0.28831139643809056,788.1616474343001,-0.0,2.091837814077735e-13,0.0,788.1616474342999,788.1616474342999,0.0,0.0
3179,2019-05-13 11:00:00,5,2019-05-13 12:00:00,0.06431,0.06431,0.06431,0.12,0.2883113964380903,786.245922628616,-0.0,0.0,0.0,786.245922628616,786.245922628616,0.0,0.0
3180,2019-05-13 12:00:00,5,2019-05-13 13:00:00,0.06431,0.06431,0.06431,0.12,0.2883113964380903,791.1499480841857,-218.85965527122588,0.0,0.0,1010.0096033554115,1010.0096033554115,0.0,1.0
3181,2019-05-13 13:00:00,5,2019-05-13 14:00:00,0.06431,0.06431,0.06431,0.12,0.54,594.5495383585393,-400.0,0.0,0.0,994.5495383585393,994.5495383585393,0.0,1.0
3182,2019-05-13 14:00:00,5,2019-05-13 15:00:00,0.10531,0.10531,0.10531,0.12,1.0,591.2266781674122,-0.0,0.0,0.0,591.2266781674122,591.2266781674122,0.0,0.0
3183,2019-05-13 15:00:00,5,2019-05-13 16:00:00,0.10531,0.10531,0.10531,0.12,1.0,636.6974288939474,-0.0,0.0,0.0,636.6974288939474,636.6974288939474,0.0,0.0
3184,2019-05-13 16:00:00,5,2019-05-13 17:00:00,0.13592,0.13592,0.13592,0.12,1.0,612.3393567939397,-0.0,255.31073692561912,0.0,357.02861986832056,357.02861986832056,0.0,0.0
3185,2019-05-13 17:00:00,5,2019-05-13 18:00:00,0.13592,0.13592,0.13592,0.12,0.6531104117858436,229.951282547997,-0.0,229.951282547997,0.0,0.0,0.0,0.0,0.0
3186,2019-05-13 18:00:00,5,2019-05-13 19:00:00,0.13592,0.13592,0.13592,0.12,0.34067660397606503,211.00409175135556,-0.0,0.0,0.0,211.00409175135556,211.00409175135556,0.0,0.0
3187,2019-05-13 19:00:00,5,2019-05-13 20:00:00,0.13592,0.13592,0.13592,0.12,0.34067660397606503,250.7379805263839,-0.0,250.7379805263839,0.0,0.0,0.0,1.0,0.0
3188,2019-05-13 20:00:00,5,2019-05-13 21:00:00,0.13592,0.13592,0.13592,0.12,0.0,231.79150088976064,-0.0,0.0,0.0,231.79150088976064,231.79150088976064,0.0,0.0
3189,2019-05-13 21:00:00,5,2019-05-13 22:00:00,0.10531,0.10531,0.10531,0.12,0.0,212.84288758162978,-0.0,0.0,0.0,212.84288758162978,212.84288758162978,0.0,0.0
3190,2019-05-13 22:00:00,5,2019-05-13 23:00:00,0.10531,0.10531,0.10531,0.12,0.0,193.89569704310128,-0.0,0.0,0.0,193.89569704310128,193.89569704310128,0.0,1.0
3191,2019-05-13 23:00:00,5,2019-05-14 00:00:00,0.10531,0.10531,0.10531,0.12,0.0,184.42210178546375,-0.0,0.0,0.0,184.42210178546375,184.42210178546375,0.0,0.0
3192,2019-05-14 00:00:00,5,2019-05-14 01:00:00,0.10531,0.10531,0.10531,0.12,0.0,184.42174542762785,-0.0,0.0,0.0,184.42174542762785,184.42174542762785,0.0,0.0
3193,2019-05-14 01:00:00,5,2019-05-14 02:00:00,0.10531,0.10531,0.10531,0.12,0.0,184.42174545785733,-0.0,0.0,0.0,184.42174545785733,184.42174545785733,0.0,0.0
3194,2019-05-14 02:00:00,5,2019-05-14 03:00:00,0.10531,0.10531,0.10531,0.12,0.0,184.421745278806,-0.0,0.0,0.0,184.421745278806,184.421745278806,0.0,0.0
3195,2019-05-14 03:00:00,5,2019-05-14 04:00:00,0.10531,0.10531,0.10531,0.12,0.0,193.8953403395646,-0.0,0.0,0.0,193.8953403395646,193.8953403395646,0.0,0.0
3196,2019-05-14 04:00:00,5,2019-05-14 05:00:00,0.10531,0.10531,0.10531,0.12,0.0,212.8435981393844,-0.0,0.0,0.0,212.8435981393844,212.8435981393844,0.0,0.0
3197,2019-05-14 05:00:00,5,2019-05-14 06:00:00,0.10531,0.10531,0.10531,0.12,0.0,211.00302391027907,-0.0,0.0,0.0,211.00302391027907,211.00302391027907,0.0,0.0
3198,2019-05-14 06:00:00,5,2019-05-14 07:00:00,0.10531,0.10531,0.10531,0.12,0.0,229.9502143627699,-0.0,0.0,0.0,229.9502143627699,229.9502143627699,0.0,0.0
3199,2019-05-14 07:00:00,5,2019-05-14 08:00:00,0.10531,0.10531,0.10531,0.12,0.0,229.95021463561,-0.0,0.0,0.0,229.95021463561,229.95021463561,0.0,0.0
3200,2019-05-14 08:00:00,5,2019-05-14 09:00:00,0.10531,0.10531,0.10531,0.12,0.0,201.5294289092042,-0.0,0.0,0.0,201.5294289092042,201.5294289092042,0.0,0.0
3201,2019-05-14 09:00:00,5,2019-05-14 10:00:00,0.06431,0.06431,0.06431,0.12,0.0,163.63504778874082,-142.1550094517956,0.0,0.0,305.7900572405364,305.7900572405364,0.0,1.0
3202,2019-05-14 10:00:00,5,2019-05-14 11:00:00,0.06431,0.06431,0.06431,0.12,0.1634782608695649,163.6357586821198,-400.0,-4.2787433468319653e-14,-6.180445723556709e-14,563.6357586821199,563.63575868212,0.0,1.0
3203,2019-05-14 11:00:00,5,2019-05-14 12:00:00,0.06431,0.06431,0.06431,0.12,0.623478260869565,163.63575870304788,-0.0,163.63575870304786,236.36424129695206,2.842170943040401e-14,-236.36424129695203,1.0,0.0
3204,2019-05-14 12:00:00,5,2019-05-14 13:00:00,0.06431,0.06431,0.06431,0.12,0.08,163.6368260317741,-400.0,0.0,0.0,563.636826031774,563.636826031774,0.0,1.0
3205,2019-05-14 13:00:00,5,2019-05-14 14:00:00,0.06431,0.06431,0.06431,0.12,0.54,163.6357586642922,-400.0,0.0,0.0,563.6357586642922,563.6357586642922,0.0,1.0
3206,2019-05-14 14:00:00,5,2019-05-14 15:00:00,0.10531,0.10531,0.10531,0.12,1.0,163.63504777323857,-0.0,0.0,0.0,163.63504777323857,163.63504777323857,0.0,0.0
3207,2019-05-14 15:00:00,5,2019-05-14 16:00:00,0.10531,0.10531,0.10531,0.12,1.0,201.52942866969403,-0.0,0.0,0.0,201.52942866969403,201.52942866969403,0.0,0.0
3208,2019-05-14 16:00:00,5,2019-05-14 17:00:00,0.13592,0.13592,0.13592,0.12,1.0,229.9502143720713,-0.0,229.9502143720713,0.0,0.0,0.0,0.0,0.0
3209,2019-05-14 17:00:00,5,2019-05-14 18:00:00,0.13592,0.13592,0.13592,0.12,0.6875676435162075,229.95021461468193,-0.0,229.95021461468193,0.0,0.0,0.0,0.0,0.0
3210,2019-05-14 18:00:00,5,2019-05-14 19:00:00,0.13592,0.13592,0.13592,0.12,0.3751352867027809,211.00302420792278,-0.0,211.00302420792278,0.0,0.0,0.0,0.0,0.0
3211,2019-05-14 19:00:00,5,2019-05-14 20:00:00,0.13592,0.13592,0.13592,0.12,0.08844639511592935,250.73691245742387,-0.0,65.096546805324,0.0,185.6403656520999,185.6403656520999,0.0,0.0
3212,2019-05-14 20:00:00,5,2019-05-14 21:00:00,0.13592,0.13592,0.13592,0.12,0.0,231.7907882981071,-0.0,0.0,0.0,231.7907882981071,231.7907882981071,0.0,0.0
3213,2019-05-14 21:00:00,5,2019-05-14 22:00:00,0.10531,0.10531,0.10531,0.12,0.0,212.8425313036306,-0.0,0.0,0.0,212.8425313036306,212.8425313036306,0.0,0.0
3214,2019-05-14 22:00:00,5,2019-05-14 23:00:00,0.10531,0.10531,0.10531,0.12,0.0,193.89534076665237,-0.0,0.0,0.0,193.89534076665237,193.89534076665237,0.0,0.0
3215,2019-05-14 23:00:00,5,2019-05-15 00:00:00,0.10531,0.10531,0.10531,0.12,0.0,184.42174523152406,-0.0,0.0,0.0,184.42174523152406,184.42174523152406,0.0,0.0
3216,2019-05-15 00:00:00,5,2019-05-15 01:00:00,0.10531,0.10531,0.10531,0.12,0.0,223.05433979586402,-163.56276598573888,0.0,0.0,386.6171057816029,386.6171057816029,0.0,1.0
3217,2019-05-15 01:00:00,5,2019-05-15 02:00:00,0.10531,0.10531,0.10531,0.12,0.18809718088359972,223.05433982454323,-0.0,0.0,0.0,223.05433982454323,223.05433982454323,0.0,0.0
3218,2019-05-15 02:00:00,5,2019-05-15 03:00:00,0.10531,0.10531,0.10531,0.12,0.18809718088359972,223.0543398524473,-0.0,0.0,0.0,223.0543398524473,223.0543398524473,0.0,0.0
3219,2019-05-15 03:00:00,5,2019-05-15 04:00:00,0.10531,0.10531,0.10531,0.12,0.18809718088359972,232.5279351627926,-0.0,0.0,0.0,232.5279351627926,232.5279351627926,0.0,0.0
3220,2019-05-15 04:00:00,5,2019-05-15 05:00:00,0.10531,0.10531,0.10531,0.12,0.18809718088359972,270.7923118441819,-0.0,0.0,0.0,270.7923118441819,270.7923118441819,0.0,0.0
3221,2019-05-15 05:00:00,5,2019-05-15 06:00:00,0.10531,0.10531,0.10531,0.12,0.18809718088359972,620.2490476704598,-397.4129816811328,0.0,0.0,1017.6620293515927,1017.6620293515927,0.0,1.0
3222,2019-05-15 06:00:00,5,2019-05-15 07:00:00,0.10531,0.10531,0.10531,0.12,0.6451221098169024,709.07255962716,-308.58946972443266,0.0,0.0,1017.6620293515927,1017.6620293515927,0.0,1.0
3223,2019-05-15 07:00:00,5,2019-05-15 08:00:00,0.10531,0.10531,0.10531,0.12,1.0,1138.8421939089715,-0.0,121.18016455737882,0.0,1017.6620293515927,1017.6620293515927,0.0,0.0
3224,2019-05-15 08:00:00,5,2019-05-15 09:00:00,0.10531,0.10531,0.10531,0.12,0.83535303728617,1119.3954183978808,-0.0,101.73338904628815,0.0,1017.6620293515927,1017.6620293515927,0.0,0.0
3225,2019-05-15 09:00:00,5,2019-05-15 10:00:00,0.06431,0.06431,0.06431,0.12,0.6971283239080611,1088.9086898978562,-0.0,71.24666054626357,0.0,1017.6620293515927,1017.6620293515927,0.0,0.0
3226,2019-05-15 10:00:00,5,2019-05-15 11:00:00,0.06431,0.06431,0.06431,0.12,0.6003257959919424,1095.4530462865557,-0.0,77.7910169349631,0.0,1017.6620293515927,1017.6620293515927,0.0,0.0
3227,2019-05-15 11:00:00,5,2019-05-15 12:00:00,0.06431,0.06431,0.06431,0.12,0.49463147950422043,1058.0569218523347,-0.0,40.394892500742,0.0,1017.6620293515927,1017.6620293515927,0.0,0.0
3228,2019-05-15 12:00:00,5,2019-05-15 13:00:00,0.06431,0.06431,0.06431,0.12,0.4397471146934305,1096.4189594679508,-0.0,78.75693011635812,0.0,1017.6620293515927,1017.6620293515927,0.0,0.0
3229,2019-05-15 13:00:00,5,2019-05-15 14:00:00,0.06431,0.06431,0.06431,0.12,0.33274041616577,1084.0692588063553,-0.0,66.40722945476261,0.0,1017.6620293515927,1017.6620293515927,0.0,0.0
3230,2019-05-15 14:00:00,5,2019-05-15 15:00:00,0.10531,0.10531,0.10531,0.12,0.24251320223266873,1073.8992962675645,-0.0,56.23726691597187,0.0,1017.6620293515927,1017.6620293515927,0.0,0.0
3231,2019-05-15 15:00:00,5,2019-05-15 16:00:00,0.10531,0.10531,0.10531,0.12,0.16610387218379385,1119.4505176012935,-0.0,101.78848824970089,0.0,1017.6620293515927,1017.6620293515927,0.0,0.0
3232,2019-05-15 16:00:00,5,2019-05-15 17:00:00,0.13592,0.13592,0.13592,0.12,0.027804295757570038,1038.1259910291642,-0.0,20.463961677571547,0.0,1017.6620293515927,1017.6620293515927,0.0,0.0
3233,2019-05-15 17:00:00,5,2019-05-15 18:00:00,0.13592,0.13592,0.13592,0.12,0.0,883.0716332087128,0.0,0.0,0.0,883.0716332087128,883.0716332087128,0.0,0.0
3234,2019-05-15 18:00:00,5,2019-05-15 19:00:00,0.13592,0.13592,0.13592,0.12,0.0,857.0866542327426,-0.0,0.0,0.0,857.0866542327426,857.0866542327426,0.0,0.0
3235,2019-05-15 19:00:00,5,2019-05-15 20:00:00,0.13592,0.13592,0.13592,0.12,0.0,776.463570889793,0.0,0.0,0.0,776.463570889793,776.463570889793,0.0,0.0
3236,2019-05-15 20:00:00,5,2019-05-15 21:00:00,0.13592,0.13592,0.13592,0.12,0.0,767.3006279543283,-0.0,0.0,0.0,767.3006279543283,767.3006279543283,0.0,0.0
3237,2019-05-15 21:00:00,5,2019-05-15 22:00:00,0.10531,0.10531,0.10531,0.12,0.0,270.79124577036504,-0.0,0.0,0.0,270.79124577036504,270.79124577036504,0.0,0.0
3238,2019-05-15 22:00:00,5,2019-05-15 23:00:00,0.10531,0.10531,0.10531,0.12,0.0,232.52793522092614,-0.0,0.0,0.0,232.52793522092614,232.52793522092614,0.0,0.0
3239,2019-05-15 23:00:00,5,2019-05-16 00:00:00,0.10531,0.10531,0.10531,0.12,0.0,223.05433992453288,-0.0,0.0,0.0,223.05433992453288,223.05433992453288,0.0,0.0
3240,2019-05-16 00:00:00,5,2019-05-16 01:00:00,0.10531,0.10531,0.10531,0.12,0.0,223.05433905950576,-0.0,0.0,0.0,223.05433905950576,223.05433905950576,0.0,0.0
3241,2019-05-16 01:00:00,5,2019-05-16 02:00:00,0.10531,0.10531,0.10531,0.12,0.0,223.0543390657067,-0.0,0.0,0.0,223.0543390657067,223.0543390657067,0.0,0.0
3242,2019-05-16 02:00:00,5,2019-05-16 03:00:00,0.10531,0.10531,0.10531,0.12,0.0,223.05433907733342,-0.0,0.0,0.0,223.05433907733342,223.05433907733342,0.0,0.0
3243,2019-05-16 03:00:00,5,2019-05-16 04:00:00,0.10531,0.10531,0.10531,0.12,0.0,232.5279343776022,-156.6947555820801,0.0,0.0,389.22268995968227,389.22268995968227,0.0,1.0
3244,2019-05-16 04:00:00,5,2019-05-16 05:00:00,0.10531,0.10531,0.10531,0.12,0.1801989689193921,270.79231086753833,-0.0,0.0,0.0,270.79231086753833,270.79231086753833,0.0,0.0
3245,2019-05-16 05:00:00,5,2019-05-16 06:00:00,0.10531,0.10531,0.10531,0.12,0.1801989689193921,614.9789506323776,-400.0,0.0,0.0,1014.9789506323776,1014.9789506323776,0.0,1.0
3246,2019-05-16 06:00:00,5,2019-05-16 07:00:00,0.10531,0.10531,0.10531,0.12,0.6401989689193921,709.2130153821247,-312.87046180922425,0.0,0.0,1022.083477191349,1022.083477191349,0.0,1.0
3247,2019-05-16 07:00:00,5,2019-05-16 08:00:00,0.10531,0.10531,0.10531,0.12,1.0,1142.632167842678,-0.0,120.54869065132901,0.0,1022.083477191349,1022.083477191349,0.0,0.0
3248,2019-05-16 08:00:00,5,2019-05-16 09:00:00,0.10531,0.10531,0.10531,0.12,0.8362110181367812,1119.216442221055,-0.0,97.13296502970616,0.0,1022.083477191349,1022.083477191349,0.0,0.0
3249,2019-05-16 09:00:00,5,2019-05-16 10:00:00,0.06431,0.06431,0.06431,0.12,0.7042368808681587,1085.7896352625946,-0.0,63.70615807124568,0.0,1022.083477191349,1022.083477191349,0.0,0.0
3250,2019-05-16 10:00:00,5,2019-05-16 11:00:00,0.06431,0.06431,0.06431,0.12,0.6176796008800531,1088.8867955348433,-0.0,66.80331834349431,0.0,1022.083477191349,1022.083477191349,0.0,0.0
3251,2019-05-16 11:00:00,5,2019-05-16 12:00:00,0.06431,0.06431,0.06431,0.12,0.5269142226959573,1053.474291581198,-0.0,31.390814389849083,0.0,1022.083477191349,1022.083477191349,0.0,0.0
3252,2019-05-16 12:00:00,5,2019-05-16 13:00:00,0.06431,0.06431,0.06431,0.12,0.4842636596662709,1102.5170978040703,-0.0,80.43362061272128,0.0,1022.083477191349,1022.083477191349,0.0,0.0
3253,2019-05-16 13:00:00,5,2019-05-16 14:00:00,0.06431,0.06431,0.06431,0.12,0.37497884905116047,1098.4253117135818,-0.0,76.34183452223277,0.0,1022.083477191349,1022.083477191349,0.0,0.0
3254,2019-05-16 14:00:00,5,2019-05-16 15:00:00,0.10531,0.10531,0.10531,0.12,0.2712535304068224,1094.9516579061128,-0.0,72.86818071476381,0.0,1022.083477191349,1022.083477191349,0.0,0.0
3255,2019-05-16 15:00:00,5,2019-05-16 16:00:00,0.10531,0.10531,0.10531,0.12,0.17224785008784976,1133.297913575084,-0.0,111.21443638373506,0.0,1022.083477191349,1022.083477191349,0.0,0.0
3256,2019-05-16 16:00:00,5,2019-05-16 17:00:00,0.13592,0.13592,0.13592,0.12,0.021141278914296565,1037.6434584722713,-0.0,15.559981280922274,0.0,1022.083477191349,1022.083477191349,0.0,0.0
3257,2019-05-16 17:00:00,5,2019-05-16 18:00:00,0.13592,0.13592,0.13592,0.12,0.0,871.3948516549007,-0.0,0.0,0.0,871.3948516549007,871.3948516549007,0.0,0.0
3258,2019-05-16 18:00:00,5,2019-05-16 19:00:00,0.13592,0.13592,0.13592,0.12,0.0,845.9675677739598,-0.0,0.0,0.0,845.9675677739598,845.9675677739598,0.0,0.0
3259,2019-05-16 19:00:00,5,2019-05-16 20:00:00,0.13592,0.13592,0.13592,0.12,0.0,763.8529324188211,-0.0,0.0,0.0,763.8529324188211,763.8529324188211,0.0,0.0
3260,2019-05-16 20:00:00,5,2019-05-16 21:00:00,0.13592,0.13592,0.13592,0.12,0.0,739.93833748109,-0.0,0.0,0.0,739.93833748109,739.93833748109,0.0,0.0
3261,2019-05-16 21:00:00,5,2019-05-16 22:00:00,0.10531,0.10531,0.10531,0.12,0.0,270.7912448774338,-0.0,0.0,0.0,270.7912448774338,270.7912448774338,0.0,0.0
3262,2019-05-16 22:00:00,5,2019-05-16 23:00:00,0.10531,0.10531,0.10531,0.12,0.0,232.52793436209993,-0.0,0.0,0.0,232.52793436209993,232.52793436209993,0.0,0.0
3263,2019-05-16 23:00:00,5,2019-05-17 00:00:00,0.10531,0.10531,0.10531,0.12,0.0,223.05433904865419,-0.0,0.0,0.0,223.05433904865419,223.05433904865419,0.0,0.0
3264,2019-05-17 00:00:00,5,2019-05-17 01:00:00,0.10531,0.10531,0.10531,0.12,0.0,223.05433816502438,-135.0416733360434,0.0,0.0,358.0960115010678,358.0960115010678,0.0,1.0
3265,2019-05-17 01:00:00,5,2019-05-17 02:00:00,0.10531,0.10531,0.10531,0.12,0.15529792433644993,223.05433816424926,-0.0,0.0,0.0,223.05433816424926,223.05433816424926,0.0,0.0
3266,2019-05-17 02:00:00,5,2019-05-17 03:00:00,0.10531,0.10531,0.10531,0.12,0.15529792433644993,223.0543381720004,-0.0,0.0,0.0,223.0543381720004,223.0543381720004,0.0,0.0
3267,2019-05-17 03:00:00,5,2019-05-17 04:00:00,0.10531,0.10531,0.10531,0.12,0.15529792433644993,232.5279334699439,-0.0,0.0,0.0,232.5279334699439,232.5279334699439,0.0,0.0
3268,2019-05-17 04:00:00,5,2019-05-17 05:00:00,0.10531,0.10531,0.10531,0.12,0.15529792433644993,270.7923088398404,-0.0,0.0,0.0,270.7923088398404,270.7923088398404,0.0,0.0
3269,2019-05-17 05:00:00,5,2019-05-17 06:00:00,0.10531,0.10531,0.10531,0.12,0.15529792433644993,592.3748642260786,-400.0,0.0,0.0,992.3748642260786,992.3748642260786,0.0,1.0
3270,2019-05-17 06:00:00,5,2019-05-17 07:00:00,0.10531,0.10531,0.10531,0.12,0.6152979243364499,687.559933136088,-334.5235440552609,0.0,0.0,1022.083477191349,1022.083477191349,0.0,1.0
3271,2019-05-17 07:00:00,5,2019-05-17 08:00:00,0.10531,0.10531,0.10531,0.12,1.0,1115.2363374930371,-0.0,93.15286030168818,0.0,1022.083477191349,1022.083477191349,0.0,0.0
3272,2019-05-17 08:00:00,5,2019-05-17 09:00:00,0.10531,0.10531,0.10531,0.12,0.8734336137205324,1090.6131921611468,-0.0,68.52971496979785,0.0,1022.083477191349,1022.083477191349,0.0,0.0
3273,2019-05-17 09:00:00,5,2019-05-17 10:00:00,0.06431,0.06431,0.06431,0.12,0.7803225879463506,1053.7808907250985,-0.0,31.697413533749568,0.0,1022.083477191349,1022.083477191349,0.0,0.0
3274,2019-05-17 10:00:00,5,2019-05-17 11:00:00,0.06431,0.06431,0.06431,0.12,0.7372554499928864,1058.2506232242833,-0.0,36.1671460329344,0.0,1022.083477191349,1022.083477191349,0.0,0.0
3275,2019-05-17 11:00:00,5,2019-05-17 12:00:00,0.06431,0.06431,0.06431,0.12,0.6881153059263996,1027.0313254016169,-0.0,4.947848210267921,0.0,1022.083477191349,1022.083477191349,0.0,0.0
3276,2019-05-17 12:00:00,5,2019-05-17 13:00:00,0.06431,0.06431,0.06431,0.12,0.681392686075492,1071.4400352095079,-0.0,49.35655801815892,0.0,1022.083477191349,1022.083477191349,0.0,0.0
3277,2019-05-17 13:00:00,5,2019-05-17 14:00:00,0.06431,0.06431,0.06431,0.12,0.61433214528995,1082.0761605974349,-0.0,59.992683406085916,0.0,1022.083477191349,1022.083477191349,0.0,0.0
3278,2019-05-17 14:00:00,5,2019-05-17 15:00:00,0.10531,0.10531,0.10531,0.12,0.532820347183855,1089.5094861308817,-0.0,67.42600893953272,0.0,1022.083477191349,1022.083477191349,0.0,0.0
3279,2019-05-17 15:00:00,5,2019-05-17 16:00:00,0.10531,0.10531,0.10531,0.12,0.4412089219942725,1124.3552620990145,-0.0,102.2717849076655,0.0,1022.083477191349,1022.083477191349,0.0,0.0
3280,2019-05-17 16:00:00,5,2019-05-17 17:00:00,0.13592,0.13592,0.13592,0.12,0.30225269250016173,1030.8584405606093,-0.0,222.45798168011905,0.0,808.4004588804903,808.4004588804903,0.0,0.0
3281,2019-05-17 17:00:00,5,2019-05-17 18:00:00,0.13592,0.13592,0.13592,0.12,0.0,872.4886650073511,-0.0,0.0,0.0,872.4886650073511,872.4886650073511,0.0,0.0
3282,2019-05-17 18:00:00,5,2019-05-17 19:00:00,0.13592,0.13592,0.13592,0.12,0.0,846.6172171953995,-0.0,0.0,0.0,846.6172171953995,846.6172171953995,0.0,0.0
3283,2019-05-17 19:00:00,5,2019-05-17 20:00:00,0.13592,0.13592,0.13592,0.12,0.0,772.2149788058933,-0.0,0.0,0.0,772.2149788058933,772.2149788058933,0.0,0.0
3284,2019-05-17 20:00:00,5,2019-05-17 21:00:00,0.13592,0.13592,0.13592,0.12,0.0,753.7092842431889,-0.0,0.0,0.0,753.7092842431889,753.7092842431889,0.0,0.0
3285,2019-05-17 21:00:00,5,2019-05-17 22:00:00,0.10531,0.10531,0.10531,0.12,0.0,270.7912440558131,-0.0,0.0,0.0,270.7912440558131,270.7912440558131,0.0,0.0
3286,2019-05-17 22:00:00,5,2019-05-17 23:00:00,0.10531,0.10531,0.10531,0.12,0.0,232.52793349707284,-0.0,0.0,0.0,232.52793349707284,232.52793349707284,0.0,0.0
3287,2019-05-17 23:00:00,5,2019-05-18 00:00:00,0.10531,0.10531,0.10531,0.12,0.0,223.05433821773212,-0.0,0.0,0.0,223.05433821773212,223.05433821773212,0.0,0.0
3288,2019-05-18 00:00:00,5,2019-05-18 01:00:00,0.10531,0.10531,0.10531,0.12,0.0,223.05433736200638,-0.0,0.0,0.0,223.05433736200638,223.05433736200638,0.0,0.0
3289,2019-05-18 01:00:00,5,2019-05-18 02:00:00,0.10531,0.10531,0.10531,0.12,0.0,223.05433738293448,-0.0,0.0,0.0,223.05433738293448,223.05433738293448,0.0,0.0
3290,2019-05-18 02:00:00,5,2019-05-18 03:00:00,0.10531,0.10531,0.10531,0.12,0.0,223.05433737208287,-0.0,0.0,0.0,223.05433737208287,223.05433737208287,0.0,0.0
3291,2019-05-18 03:00:00,5,2019-05-18 04:00:00,0.10531,0.10531,0.10531,0.12,0.0,232.52793262119417,-104.83167654972166,0.0,0.0,337.35960917091586,337.35960917091586,0.0,1.0
3292,2019-05-18 04:00:00,5,2019-05-18 05:00:00,0.10531,0.10531,0.10531,0.12,0.12055642803217992,270.7923079949663,-0.0,0.0,0.0,270.7923079949663,270.7923079949663,0.0,0.0
3293,2019-05-18 05:00:00,5,2019-05-18 06:00:00,0.10531,0.10531,0.10531,0.12,0.12055642803217992,495.43829983463087,-400.0,0.0,0.0,895.4382998346309,895.4382998346309,0.0,1.0
3294,2019-05-18 06:00:00,5,2019-05-18 07:00:00,0.10531,0.10531,0.10531,0.12,0.5805564280321799,657.3499363497663,-364.7335408415827,0.0,0.0,1022.083477191349,1022.083477191349,0.0,1.0
3295,2019-05-18 07:00:00,5,2019-05-18 08:00:00,0.10531,0.10531,0.10531,0.12,1.0,1107.7044382690742,-0.0,85.62096107772527,0.0,1022.083477191349,1022.083477191349,0.0,0.0
3296,2019-05-18 08:00:00,5,2019-05-18 09:00:00,0.10531,0.10531,0.10531,0.12,0.8836671724487428,1085.5852094768716,-0.0,63.50173228552262,0.0,1022.083477191349,1022.083477191349,0.0,0.0
3297,2019-05-18 09:00:00,5,2019-05-18 10:00:00,0.06431,0.06431,0.06431,0.12,0.7973876448868914,1051.110987568685,-0.0,29.027510377336057,0.0,1022.083477191349,1022.083477191349,0.0,0.0
3298,2019-05-18 10:00:00,5,2019-05-18 11:00:00,0.06431,0.06431,0.06431,0.12,0.7579480927437717,1054.9687514672505,-0.0,32.885274275901565,0.0,1022.083477191349,1022.083477191349,0.0,0.0
3299,2019-05-18 11:00:00,5,2019-05-18 12:00:00,0.06431,0.06431,0.06431,0.12,0.7132670135645577,1016.3908350683337,-5.6926421230152755,0.0,0.0,1022.083477191349,1022.083477191349,0.0,1.0
3300,2019-05-18 12:00:00,5,2019-05-18 13:00:00,0.06431,0.06431,0.06431,0.12,0.7198135520060253,1056.0065001576804,-0.0,33.92302296633147,0.0,1022.083477191349,1022.083477191349,0.0,0.0
3301,2019-05-18 13:00:00,5,2019-05-18 14:00:00,0.06431,0.06431,0.06431,0.12,0.6737224881930749,1059.6277309371337,-0.0,37.54425374578477,0.0,1022.083477191349,1022.083477191349,0.0,0.0
3302,2019-05-18 14:00:00,5,2019-05-18 15:00:00,0.10531,0.10531,0.10531,0.12,0.622711273864563,1061.1160860106856,-0.0,39.0326088193367,0.0,1022.083477191349,1022.083477191349,0.0,0.0
3303,2019-05-18 15:00:00,5,2019-05-18 16:00:00,0.10531,0.10531,0.10531,0.12,0.5696778379687251,1093.6484302124538,-0.0,71.56495302110488,0.0,1022.083477191349,1022.083477191349,0.0,0.0
3304,2019-05-18 16:00:00,5,2019-05-18 17:00:00,0.13592,0.13592,0.13592,0.12,0.4724428474509196,997.3948646330598,-0.0,347.71793572387685,0.0,649.676928909183,649.676928909183,0.0,0.0
3305,2019-05-18 17:00:00,5,2019-05-18 18:00:00,0.13592,0.13592,0.13592,0.12,0.0,839.6683309912642,-0.0,0.0,0.0,839.6683309912642,839.6683309912642,0.0,1.0
3306,2019-05-18 18:00:00,5,2019-05-18 19:00:00,0.13592,0.13592,0.13592,0.12,0.0,816.5856538953392,-0.0,0.0,0.0,816.5856538953392,816.5856538953392,0.0,0.0
3307,2019-05-18 19:00:00,5,2019-05-18 20:00:00,0.13592,0.13592,0.13592,0.12,0.0,675.0222378243017,-0.0,0.0,0.0,675.0222378243017,675.0222378243017,0.0,0.0
3308,2019-05-18 20:00:00,5,2019-05-18 21:00:00,0.13592,0.13592,0.13592,0.12,0.0,587.7902728005328,-0.0,0.0,0.0,587.7902728005328,587.7902728005328,0.0,0.0
3309,2019-05-18 21:00:00,5,2019-05-18 22:00:00,0.10531,0.10531,0.10531,0.12,0.0,270.7912429993329,-83.59163724821727,0.0,0.0,354.38288024755013,354.38288024755013,0.0,1.0
3310,2019-05-18 22:00:00,5,2019-05-18 23:00:00,0.10531,0.10531,0.10531,0.12,0.09613038283544986,232.52793256461084,-0.0,0.0,0.0,232.52793256461084,232.52793256461084,0.0,0.0
3311,2019-05-18 23:00:00,5,2019-05-19 00:00:00,0.10531,0.10531,0.10531,0.12,0.09613038283544986,223.05433731239907,-0.0,0.0,0.0,223.05433731239907,223.05433731239907,0.0,0.0
3312,2019-05-19 00:00:00,5,2019-05-19 01:00:00,0.10531,0.10531,0.10531,0.12,0.09613038283544986,223.0543364450467,-0.0,0.0,0.0,223.0543364450467,223.0543364450467,0.0,0.0
3313,2019-05-19 01:00:00,5,2019-05-19 02:00:00,0.10531,0.10531,0.10531,0.12,0.09613038283544986,223.054336420243,-0.0,0.0,0.0,223.054336420243,223.054336420243,0.0,0.0
3314,2019-05-19 02:00:00,5,2019-05-19 03:00:00,0.10531,0.10531,0.10531,0.12,0.09613038283544986,223.05433640241537,-0.0,0.0,0.0,223.05433640241537,223.05433640241537,0.0,0.0
3315,2019-05-19 03:00:00,5,2019-05-19 04:00:00,0.10531,0.10531,0.10531,0.12,0.09613038283544986,232.52793168330635,-0.0,0.0,0.0,232.52793168330635,232.52793168330635,0.0,0.0
3316,2019-05-19 04:00:00,5,2019-05-19 05:00:00,0.10531,0.10531,0.10531,0.12,0.09613038283544986,270.7923064284612,-385.973580143087,0.0,0.0,656.7658865715482,656.7658865715482,0.0,1.0
3317,2019-05-19 05:00:00,5,2019-05-19 06:00:00,0.10531,0.10531,0.10531,0.12,0.54,293.2139498610711,-400.0,0.0,0.0,693.2139498610711,693.2139498610711,0.0,1.0
3318,2019-05-19 06:00:00,5,2019-05-19 07:00:00,0.10531,0.10531,0.10531,0.12,1.0,485.0661068217818,-0.0,0.0,0.0,485.0661068217818,485.0661068217818,0.0,0.0
3319,2019-05-19 07:00:00,5,2019-05-19 08:00:00,0.10531,0.10531,0.10531,0.12,1.0,1000.1865889050624,-0.0,0.0,0.0,1000.1865889050624,1000.1865889050624,0.0,0.0
3320,2019-05-19 08:00:00,5,2019-05-19 09:00:00,0.10531,0.10531,0.10531,0.12,1.0,1060.623658535899,-0.0,38.54018134455009,0.0,1022.083477191349,1022.083477191349,0.0,0.0
3321,2019-05-19 09:00:00,5,2019-05-19 10:00:00,0.06431,0.06431,0.06431,0.12,0.9476356231731657,1039.1126482347993,-0.0,17.029171043450333,0.0,1022.083477191349,1022.083477191349,0.0,0.0
3322,2019-05-19 10:00:00,5,2019-05-19 11:00:00,0.06431,0.06431,0.06431,0.12,0.9244981625163038,1037.2660865702396,-0.0,15.182609378890675,0.0,1022.083477191349,1022.083477191349,0.0,0.0
3323,2019-05-19 11:00:00,5,2019-05-19 12:00:00,0.06431,0.06431,0.06431,0.12,0.9038696171645502,997.6620780543828,-24.4213991369661,0.0,0.0,1022.083477191349,1022.083477191349,0.0,1.0
3324,2019-05-19 12:00:00,5,2019-05-19 13:00:00,0.06431,0.06431,0.06431,0.12,0.9319542261720613,1044.8110128155572,-0.0,22.727535624209178,0.0,1022.083477191348,1022.083477191348,0.0,0.0
3325,2019-05-19 13:00:00,5,2019-05-19 14:00:00,0.06431,0.06431,0.06431,0.12,0.9010744223348205,1049.8113369016107,-0.0,27.727859710261807,0.0,1022.083477191349,1022.083477191349,0.0,0.0
3326,2019-05-19 14:00:00,5,2019-05-19 15:00:00,0.10531,0.10531,0.10531,0.12,0.8634006999023995,1048.7362811967848,-0.0,26.652804005436586,0.0,1022.0834771913483,1022.0834771913483,0.0,0.0
3327,2019-05-19 15:00:00,5,2019-05-19 16:00:00,0.10531,0.10531,0.10531,0.12,0.8271876509819694,1081.3136645770621,-0.0,59.23018738571314,0.0,1022.083477191349,1022.083477191349,0.0,0.0
3328,2019-05-19 16:00:00,5,2019-05-19 17:00:00,0.13592,0.13592,0.13592,0.12,0.7467118529035548,983.6097744918263,-0.0,399.9999999999998,0.0,583.6097744918263,583.6097744918263,0.0,0.0
3329,2019-05-19 17:00:00,5,2019-05-19 18:00:00,0.13592,0.13592,0.13592,0.12,0.2032335920339899,804.7681161779974,-0.0,0.0,0.0,804.7681161779974,804.7681161779974,0.0,1.0
3330,2019-05-19 18:00:00,5,2019-05-19 19:00:00,0.13592,0.13592,0.13592,0.12,0.2032335920339899,695.0700747255779,-0.0,0.0,0.0,695.0700747255779,695.0700747255779,0.0,1.0
3331,2019-05-19 19:00:00,5,2019-05-19 20:00:00,0.13592,0.13592,0.13592,0.12,0.20323359203398944,566.5218168295874,-0.0,0.0,0.0,566.5218168295874,566.5218168295874,0.0,0.0
3332,2019-05-19 20:00:00,5,2019-05-19 21:00:00,0.13592,0.13592,0.13592,0.12,0.20323359203398986,527.1668229902753,-0.0,149.5799237370165,0.0,377.58689925325876,377.58689925325876,0.0,0.0
3333,2019-05-19 21:00:00,5,2019-05-19 22:00:00,0.10531,0.10531,0.10531,0.12,0.0,270.7912421637601,-0.0,0.0,0.0,270.7912421637601,270.7912421637601,0.0,0.0
3334,2019-05-19 22:00:00,5,2019-05-19 23:00:00,0.10531,0.10531,0.10531,0.12,0.0,232.52793171896158,-0.0,0.0,0.0,232.52793171896158,232.52793171896158,0.0,0.0
3335,2019-05-19 23:00:00,5,2019-05-20 00:00:00,0.10531,0.10531,0.10531,0.12,0.0,223.05433646054894,-0.0,0.0,0.0,223.05433646054894,223.05433646054894,0.0,0.0
3336,2019-05-20 00:00:00,5,2019-05-20 01:00:00,0.10531,0.10531,0.10531,0.12,0.0,184.42209577988132,-0.0,0.0,0.0,184.42209577988132,184.42209577988132,0.0,1.0
3337,2019-05-20 01:00:00,5,2019-05-20 02:00:00,0.10531,0.10531,0.10531,0.12,0.0,184.42209577213018,-0.0,0.0,0.0,184.42209577213018,184.42209577213018,0.0,1.0
3338,2019-05-20 02:00:00,5,2019-05-20 03:00:00,0.10531,0.10531,0.10531,0.12,0.0,184.4220957287238,-0.0,0.0,0.0,184.4220957287238,184.4220957287238,0.0,1.0
3339,2019-05-20 03:00:00,5,2019-05-20 04:00:00,0.10531,0.10531,0.10531,0.12,0.0,193.89569099178712,-0.0,0.0,0.0,193.89569099178712,193.89569099178712,0.0,0.0
3340,2019-05-20 04:00:00,5,2019-05-20 05:00:00,0.10531,0.10531,0.10531,0.12,0.0,212.84394491913795,-0.0,0.0,0.0,212.84394491913795,212.84394491913795,0.0,0.0
3341,2019-05-20 05:00:00,5,2019-05-20 06:00:00,0.10531,0.10531,0.10531,0.12,0.0,292.8519322939538,-0.0,0.0,0.0,292.8519322939538,292.8519322939538,0.0,0.0
3342,2019-05-20 06:00:00,5,2019-05-20 07:00:00,0.10531,0.10531,0.10531,0.12,0.0,339.5664674492727,-0.0,0.0,0.0,339.5664674492727,339.5664674492727,0.0,1.0
3343,2019-05-20 07:00:00,5,2019-05-20 08:00:00,0.10531,0.10531,0.10531,0.12,0.0,605.0917775075933,-0.0,0.0,0.0,605.0917775075933,605.0917775075933,0.0,0.0
3344,2019-05-20 08:00:00,5,2019-05-20 09:00:00,0.10531,0.10531,0.10531,0.12,0.0,676.7780577281419,-0.0,0.0,0.0,676.7780577281419,676.7780577281419,0.0,0.0
3345,2019-05-20 09:00:00,5,2019-05-20 10:00:00,0.06431,0.06431,0.06431,0.12,0.0,714.3447150197081,6.178632484870436e-14,0.0,0.0,714.344715019708,714.344715019708,0.0,0.0
3346,2019-05-20 10:00:00,5,2019-05-20 11:00:00,0.06431,0.06431,0.06431,0.12,-7.105427357601002e-17,724.4934310945839,-235.17925383595355,0.0,0.0,959.6726849305375,959.6726849305375,0.0,1.0
3347,2019-05-20 11:00:00,5,2019-05-20 12:00:00,0.06431,0.06431,0.06431,0.12,0.27045614191134654,727.7204283630222,0.0,0.0,0.0,727.7204283630222,727.7204283630222,0.0,0.0
3348,2019-05-20 12:00:00,5,2019-05-20 13:00:00,0.06431,0.06431,0.06431,0.12,0.27045614191134654,725.2867213751866,-296.7967558161623,0.0,0.0,1022.083477191349,1022.083477191349,0.0,1.0
3349,2019-05-20 13:00:00,5,2019-05-20 14:00:00,0.06431,0.06431,0.06431,0.12,0.6117724110999332,526.782963498925,-337.58920773918845,0.0,0.0,864.3721712381134,864.3721712381134,0.0,1.0
3350,2019-05-20 14:00:00,5,2019-05-20 15:00:00,0.10531,0.10531,0.10531,0.12,1.0,526.2496629983013,-0.0,0.0,0.0,526.2496629983013,526.2496629983013,0.0,0.0
3351,2019-05-20 15:00:00,5,2019-05-20 16:00:00,0.10531,0.10531,0.10531,0.12,1.0,562.5994918542192,-0.0,0.0,0.0,562.5994918542192,562.5994918542192,0.0,0.0
3352,2019-05-20 16:00:00,5,2019-05-20 17:00:00,0.13592,0.13592,0.13592,0.12,1.0,478.60613355398004,-0.0,400.0,0.0,78.60613355398004,78.60613355398004,0.0,0.0
3353,2019-05-20 17:00:00,5,2019-05-20 18:00:00,0.13592,0.13592,0.13592,0.12,0.4565217391304348,229.9512740853035,-0.0,229.9512740853035,0.0,0.0,0.0,0.0,0.0
3354,2019-05-20 18:00:00,5,2019-05-20 19:00:00,0.13592,0.13592,0.13592,0.12,0.14408794281888115,211.0040839978913,-0.0,0.0,0.0,211.0040839978913,211.0040839978913,0.0,0.0
3355,2019-05-20 19:00:00,5,2019-05-20 20:00:00,0.13592,0.13592,0.13592,0.12,0.14408794281888115,244.11565715455654,-0.0,106.04872591469655,0.0,138.06693123986,138.06693123986,0.0,0.0
3356,2019-05-20 20:00:00,5,2019-05-20 21:00:00,0.13592,0.13592,0.13592,0.12,0.0,231.7914905660187,-0.0,0.0,0.0,231.7914905660187,231.7914905660187,0.0,0.0
3357,2019-05-20 21:00:00,5,2019-05-20 22:00:00,0.10531,0.10531,0.10531,0.12,0.0,212.8428816062768,-0.0,0.0,0.0,212.8428816062768,212.8428816062768,0.0,0.0
3358,2019-05-20 22:00:00,5,2019-05-20 23:00:00,0.10531,0.10531,0.10531,0.12,0.0,193.8956910336433,-0.0,0.0,0.0,193.8956910336433,193.8956910336433,0.0,1.0
3359,2019-05-20 23:00:00,5,2019-05-21 00:00:00,0.10531,0.10531,0.10531,0.12,0.0,184.42209575817813,-0.0,0.0,0.0,184.42209575817813,184.42209575817813,0.0,0.0
3360,2019-05-21 00:00:00,5,2019-05-21 01:00:00,0.10531,0.10531,0.10531,0.12,0.0,184.42174033667985,-0.0,0.0,0.0,184.42174033667985,184.42174033667985,0.0,0.0
3361,2019-05-21 01:00:00,5,2019-05-21 02:00:00,0.10531,0.10531,0.10531,0.12,0.0,184.42174059401765,-0.0,0.0,0.0,184.42174059401765,184.42174059401765,0.0,0.0
3362,2019-05-21 02:00:00,5,2019-05-21 03:00:00,0.10531,0.10531,0.10531,0.12,0.0,184.4217407141603,-0.0,0.0,0.0,184.4217407141603,184.4217407141603,0.0,0.0
3363,2019-05-21 03:00:00,5,2019-05-21 04:00:00,0.10531,0.10531,0.10531,0.12,0.0,193.8953360028024,-0.0,0.0,0.0,193.8953360028024,193.8953360028024,0.0,0.0
3364,2019-05-21 04:00:00,5,2019-05-21 05:00:00,0.10531,0.10531,0.10531,0.12,0.0,212.84358927130643,-0.0,0.0,0.0,212.84358927130643,212.84358927130643,0.0,0.0
3365,2019-05-21 05:00:00,5,2019-05-21 06:00:00,0.10531,0.10531,0.10531,0.12,0.0,211.00301945802488,-0.0,0.0,0.0,211.00301945802488,211.00301945802488,0.0,0.0
3366,2019-05-21 06:00:00,5,2019-05-21 07:00:00,0.10531,0.10531,0.10531,0.12,0.0,229.95020990198947,-0.0,0.0,0.0,229.95020990198947,229.95020990198947,0.0,0.0
3367,2019-05-21 07:00:00,5,2019-05-21 08:00:00,0.10531,0.10531,0.10531,0.12,0.0,229.95020966557973,-0.0,0.0,0.0,229.95020966557973,229.95020966557973,0.0,0.0
3368,2019-05-21 08:00:00,5,2019-05-21 09:00:00,0.10531,0.10531,0.10531,0.12,0.0,201.52942380352903,-0.0,0.0,0.0,201.52942380352903,201.52942380352903,0.0,0.0
3369,2019-05-21 09:00:00,5,2019-05-21 10:00:00,0.06431,0.06431,0.06431,0.12,0.0,163.63504289622196,-142.15500945179565,0.0,0.0,305.79005234801764,305.79005234801764,0.0,1.0
3370,2019-05-21 10:00:00,5,2019-05-21 11:00:00,0.06431,0.06431,0.06431,0.12,0.163478260869565,163.63575162083228,-400.0,0.0,0.0,563.6357516208323,563.6357516208323,0.0,1.0
3371,2019-05-21 11:00:00,5,2019-05-21 12:00:00,0.06431,0.06431,0.06431,0.12,0.623478260869565,163.63575170764503,-4.809815297489435e-14,163.63575170764503,236.36424829235497,0.0,-236.36424829235497,1.0,0.0
3372,2019-05-21 12:00:00,5,2019-05-21 13:00:00,0.06431,0.06431,0.06431,0.12,0.08,163.63681485618204,-400.0,0.0,0.0,563.636814856182,563.636814856182,0.0,1.0
3373,2019-05-21 13:00:00,5,2019-05-21 14:00:00,0.06431,0.06431,0.06431,0.12,0.54,163.6357514720104,-400.0,0.0,0.0,563.6357514720104,563.6357514720104,0.0,1.0
3374,2019-05-21 14:00:00,5,2019-05-21 15:00:00,0.10531,0.10531,0.10531,0.12,1.0,163.63504295823105,-0.0,0.0,0.0,163.63504295823105,163.63504295823105,0.0,0.0
3375,2019-05-21 15:00:00,5,2019-05-21 16:00:00,0.10531,0.10531,0.10531,0.12,1.0,201.52942411279946,-0.0,0.0,0.0,201.52942411279946,201.52942411279946,0.0,1.0
3376,2019-05-21 16:00:00,5,2019-05-21 17:00:00,0.13592,0.13592,0.13592,0.12,1.0,229.95020983377947,-0.0,229.95020983377947,0.0,0.0,0.0,0.0,0.0
3377,2019-05-21 17:00:00,5,2019-05-21 18:00:00,0.13592,0.13592,0.13592,0.12,0.687567649682365,229.95020956248962,-0.0,229.95020956248962,0.0,0.0,0.0,0.0,0.0
3378,2019-05-21 18:00:00,5,2019-05-21 19:00:00,0.13592,0.13592,0.13592,0.12,0.3751352997333302,211.00301915263,-0.0,31.98498764721573,0.0,179.01803150541429,179.01803150541429,0.0,0.0
3379,2019-05-21 19:00:00,5,2019-05-21 20:00:00,0.13592,0.13592,0.13592,0.12,0.3316774360822219,244.11459295651534,-0.0,244.11459295651534,0.0,0.0,0.0,0.0,0.0
3380,2019-05-21 20:00:00,5,2019-05-21 21:00:00,0.13592,0.13592,0.13592,0.12,0.0,231.7907800888759,-0.0,0.0,0.0,231.7907800888759,231.7907800888759,0.0,0.0
3381,2019-05-21 21:00:00,5,2019-05-21 22:00:00,0.10531,0.10531,0.10531,0.12,0.0,212.84252644366654,-0.0,0.0,0.0,212.84252644366654,212.84252644366654,0.0,0.0
3382,2019-05-21 22:00:00,5,2019-05-21 23:00:00,0.10531,0.10531,0.10531,0.12,0.0,193.89533598962547,-21.569150543140182,0.0,0.0,215.46448653276565,215.46448653276565,0.0,1.0
3383,2019-05-21 23:00:00,5,2019-05-22 00:00:00,0.10531,0.10531,0.10531,0.12,0.024804523124611212,184.4217407296626,-0.0,0.0,0.0,184.4217407296626,184.4217407296626,0.0,1.0
3384,2019-05-22 00:00:00,5,2019-05-22 01:00:00,0.10531,0.10531,0.10531,0.12,0.024804523124611212,223.0543338995726,-0.0,0.0,0.0,223.0543338995726,223.0543338995726,0.0,0.0
3385,2019-05-22 01:00:00,5,2019-05-22 02:00:00,0.10531,0.10531,0.10531,0.12,0.024804523124611212,223.05433390267308,-0.0,0.0,0.0,223.05433390267308,223.05433390267308,0.0,0.0
3386,2019-05-22 02:00:00,5,2019-05-22 03:00:00,0.10531,0.10531,0.10531,0.12,0.024804523124611212,223.0543339181754,-0.0,0.0,0.0,223.0543339181754,223.0543339181754,0.0,0.0
3387,2019-05-22 03:00:00,5,2019-05-22 04:00:00,0.10531,0.10531,0.10531,0.12,0.024804523124611212,232.52792922774552,-0.0,0.0,0.0,232.52792922774552,232.52792922774552,0.0,0.0
3388,2019-05-22 04:00:00,5,2019-05-22 05:00:00,0.10531,0.10531,0.10531,0.12,0.024804523124611212,270.79230192504946,-46.28331820692543,0.0,0.0,317.0756201319749,317.0756201319749,0.0,1.0
3389,2019-05-22 05:00:00,5,2019-05-22 06:00:00,0.10531,0.10531,0.10531,0.12,0.07803033906257546,292.78229237097406,-400.00000000000006,0.0,0.0,692.7822923709741,692.7822923709741,0.0,1.0
3390,2019-05-22 06:00:00,5,2019-05-22 07:00:00,0.10531,0.10531,0.10531,0.12,0.5380303390625756,425.69242459558313,-400.0,0.0,0.0,825.6924245955831,825.6924245955831,0.0,1.0
3391,2019-05-22 07:00:00,5,2019-05-22 08:00:00,0.10531,0.10531,0.10531,0.12,0.9980303390625755,936.5405846955998,0.0,0.0,0.0,936.5405846955998,936.5405846955998,0.0,0.0
3392,2019-05-22 08:00:00,5,2019-05-22 09:00:00,0.10531,0.10531,0.10531,0.12,0.9980303390625755,1021.9247004061606,-0.0,0.0,0.0,1021.9247004061606,1021.9247004061606,0.0,0.0
3393,2019-05-22 09:00:00,5,2019-05-22 10:00:00,0.06431,0.06431,0.06431,0.12,0.9980303390625755,1027.3918669767118,-0.0,5.308389785362806,0.0,1022.083477191349,1022.083477191349,0.0,0.0
3394,2019-05-22 10:00:00,5,2019-05-22 11:00:00,0.06431,0.06431,0.06431,0.12,0.9908178529411588,1035.0312164257,-0.0,12.947739234351047,0.0,1022.083477191349,1022.083477191349,0.0,0.0
3395,2019-05-22 11:00:00,5,2019-05-22 12:00:00,0.06431,0.06431,0.06431,0.12,0.9732258159379644,998.8015780069702,-23.281899184378744,0.0,0.0,1022.083477191349,1022.083477191349,0.0,1.0
3396,2019-05-22 12:00:00,5,2019-05-22 13:00:00,0.06431,0.06431,0.06431,0.12,1.0,1041.480432227321,-0.0,19.39695503597204,0.0,1022.083477191349,1022.083477191349,0.0,0.0
3397,2019-05-22 13:00:00,5,2019-05-22 14:00:00,0.06431,0.06431,0.06431,0.12,0.9736454415272118,1044.4936444175435,-0.0,22.410167226194517,0.0,1022.083477191349,1022.083477191349,0.0,0.0
3398,2019-05-22 14:00:00,5,2019-05-22 15:00:00,0.10531,0.10531,0.10531,0.12,0.943196844752491,1041.0466008280039,-0.0,18.963123636654927,0.0,1022.083477191349,1022.083477191349,0.0,0.0
3399,2019-05-22 15:00:00,5,2019-05-22 16:00:00,0.10531,0.10531,0.10531,0.12,0.9174317311157316,1073.44514976103,-0.0,51.361672569681105,0.0,1022.083477191349,1022.083477191349,0.0,0.0
3400,2019-05-22 16:00:00,5,2019-05-22 17:00:00,0.13592,0.13592,0.13592,0.12,0.8476468499069257,983.3640577923394,-0.0,223.86808153149738,0.0,759.495976260842,759.495976260842,0.0,0.0
3401,2019-05-22 17:00:00,5,2019-05-22 18:00:00,0.13592,0.13592,0.13592,0.12,0.5434782608695652,821.3785849589339,-0.0,400.0,0.0,421.37858495893386,421.37858495893386,0.0,0.0
3402,2019-05-22 18:00:00,5,2019-05-22 19:00:00,0.13592,0.13592,0.13592,0.12,0.0,718.774121742065,-0.0,0.0,0.0,718.774121742065,718.774121742065,0.0,1.0
3403,2019-05-22 19:00:00,5,2019-05-22 20:00:00,0.13592,0.13592,0.13592,0.12,0.0,540.460004095523,-0.0,0.0,0.0,540.460004095523,540.460004095523,0.0,0.0
3404,2019-05-22 20:00:00,5,2019-05-22 21:00:00,0.13592,0.13592,0.13592,0.12,0.0,465.80098781739696,-0.0,0.0,0.0,465.80098781739696,465.80098781739696,0.0,0.0
3405,2019-05-22 21:00:00,5,2019-05-22 22:00:00,0.10531,0.10531,0.10531,0.12,0.0,270.79123968339564,-0.0,0.0,0.0,270.79123968339564,270.79123968339564,0.0,0.0
3406,2019-05-22 22:00:00,5,2019-05-22 23:00:00,0.10531,0.10531,0.10531,0.12,0.0,232.5279291618609,-0.0,0.0,0.0,232.5279291618609,232.5279291618609,0.0,0.0
3407,2019-05-22 23:00:00,5,2019-05-23 00:00:00,0.10531,0.10531,0.10531,0.12,0.0,223.05433384996536,-0.0,0.0,0.0,223.05433384996536,223.05433384996536,0.0,0.0
3408,2019-05-23 00:00:00,5,2019-05-23 01:00:00,0.10531,0.10531,0.10531,0.12,0.0,223.05433298028757,-0.0,0.0,0.0,223.05433298028757,223.05433298028757,0.0,0.0
3409,2019-05-23 01:00:00,5,2019-05-23 02:00:00,0.10531,0.10531,0.10531,0.12,0.0,223.0543329926894,-0.0,0.0,0.0,223.0543329926894,223.0543329926894,0.0,0.0
3410,2019-05-23 02:00:00,5,2019-05-23 03:00:00,0.10531,0.10531,0.10531,0.12,0.0,223.0543330159428,-0.0,0.0,0.0,223.0543330159428,223.0543330159428,0.0,0.0
3411,2019-05-23 03:00:00,5,2019-05-23 04:00:00,0.10531,0.10531,0.10531,0.12,0.0,232.52792833326413,-69.5652173913044,0.0,0.0,302.09314572456856,302.09314572456856,0.0,1.0
3412,2019-05-23 04:00:00,5,2019-05-23 05:00:00,0.10531,0.10531,0.10531,0.12,0.08000000000000007,264.1699862245243,-0.0,0.0,0.0,264.1699862245243,264.1699862245243,0.0,0.0
3413,2019-05-23 05:00:00,5,2019-05-23 06:00:00,0.10531,0.10531,0.10531,0.12,0.08000000000000007,292.95675955682856,-399.99999999999994,0.0,0.0,692.9567595568285,692.9567595568285,0.0,1.0
3414,2019-05-23 06:00:00,5,2019-05-23 07:00:00,0.10531,0.10531,0.10531,0.12,0.54,407.3649938273318,-400.0,0.0,0.0,807.3649938273318,807.3649938273318,0.0,1.0
3415,2019-05-23 07:00:00,5,2019-05-23 08:00:00,0.10531,0.10531,0.10531,0.12,1.0,955.93857442218,0.0,0.0,0.0,955.93857442218,955.93857442218,0.0,0.0
3416,2019-05-23 08:00:00,5,2019-05-23 09:00:00,0.10531,0.10531,0.10531,0.12,1.0,1053.2860493751332,-0.0,31.20257218378424,0.0,1022.083477191349,1022.083477191349,0.0,0.0
3417,2019-05-23 09:00:00,5,2019-05-23 10:00:00,0.06431,0.06431,0.06431,0.12,0.9576052008372496,1031.7066611310306,-0.0,9.623183939681667,0.0,1022.083477191349,1022.083477191349,0.0,0.0
3418,2019-05-23 10:00:00,5,2019-05-23 11:00:00,0.06431,0.06431,0.06431,0.12,0.9445302226583344,1038.6671364659962,-0.0,16.58365927464729,0.0,1022.083477191349,1022.083477191349,0.0,0.0
3419,2019-05-23 11:00:00,5,2019-05-23 12:00:00,0.06431,0.06431,0.06431,0.12,0.9219980769047375,1000.3753017990371,-21.708175392311887,0.0,0.0,1022.083477191349,1022.083477191349,0.0,1.0
3420,2019-05-23 12:00:00,5,2019-05-23 13:00:00,0.06431,0.06431,0.06431,0.12,0.9469624786058961,1042.9378581250942,-0.0,20.854380933745233,0.0,1022.083477191349,1022.083477191349,0.0,0.0
3421,2019-05-23 13:00:00,5,2019-05-23 14:00:00,0.06431,0.06431,0.06431,0.12,0.9186277219024379,1041.991693109364,-0.0,19.908215918015003,0.0,1022.083477191349,1022.083477191349,0.0,0.0
3422,2019-05-23 14:00:00,5,2019-05-23 15:00:00,0.10531,0.10531,0.10531,0.12,0.8915785154920914,1037.3074539877446,-0.0,15.223976796395618,0.0,1022.083477191349,1022.083477191349,0.0,0.0
3423,2019-05-23 15:00:00,5,2019-05-23 16:00:00,0.10531,0.10531,0.10531,0.12,0.8708937644100321,1073.3666321579226,-0.0,51.28315496657365,0.0,1022.083477191349,1022.083477191349,0.0,0.0
3424,2019-05-23 16:00:00,5,2019-05-23 17:00:00,0.13592,0.13592,0.13592,0.12,0.8012155647271875,985.1967638620495,-0.0,400.0,0.0,585.1967638620495,585.1967638620495,0.0,0.0
3425,2019-05-23 17:00:00,5,2019-05-23 18:00:00,0.13592,0.13592,0.13592,0.12,0.25773730385762234,810.9186162710574,-0.0,0.0,0.0,810.9186162710574,810.9186162710574,0.0,1.0
3426,2019-05-23 18:00:00,5,2019-05-23 19:00:00,0.13592,0.13592,0.13592,0.12,0.25773730385762234,697.2773622043782,-0.0,0.0,0.0,697.2773622043782,697.2773622043782,0.0,1.0
3427,2019-05-23 19:00:00,5,2019-05-23 20:00:00,0.13592,0.13592,0.13592,0.12,0.25773730385762234,539.692268291301,-0.0,189.69465563921005,0.0,349.997612652091,349.997612652091,0.0,0.0
3428,2019-05-23 20:00:00,5,2019-05-23 21:00:00,0.13592,0.13592,0.13592,0.12,0.0,514.6033014975607,-0.0,0.0,0.0,514.6033014975607,514.6033014975607,0.0,0.0
3429,2019-05-23 21:00:00,5,2019-05-23 22:00:00,0.10531,0.10531,0.10531,0.12,0.0,270.7912388346459,-0.0,0.0,0.0,270.7912388346459,270.7912388346459,0.0,0.0
3430,2019-05-23 22:00:00,5,2019-05-23 23:00:00,0.10531,0.10531,0.10531,0.12,0.0,232.52792831931205,-0.0,0.0,0.0,232.52792831931205,232.52792831931205,0.0,0.0
3431,2019-05-23 23:00:00,5,2019-05-24 00:00:00,0.10531,0.10531,0.10531,0.12,0.0,223.05433307252613,-0.0,0.0,0.0,223.05433307252613,223.05433307252613,0.0,0.0
3432,2019-05-24 00:00:00,5,2019-05-24 01:00:00,0.10531,0.10531,0.10531,0.12,0.0,223.05433218812118,-0.0,0.0,0.0,223.05433218812118,223.05433218812118,0.0,0.0
3433,2019-05-24 01:00:00,5,2019-05-24 02:00:00,0.10531,0.10531,0.10531,0.12,0.0,223.054332166418,-0.0,0.0,0.0,223.054332166418,223.054332166418,0.0,0.0
3434,2019-05-24 02:00:00,5,2019-05-24 03:00:00,0.10531,0.10531,0.10531,0.12,0.0,223.05433216564285,-0.0,0.0,0.0,223.05433216564285,223.05433216564285,0.0,0.0
3435,2019-05-24 03:00:00,5,2019-05-24 04:00:00,0.10531,0.10531,0.10531,0.12,0.0,232.5279274659117,-102.27721033449892,0.0,0.0,334.8051378004106,334.8051378004106,0.0,1.0
3436,2019-05-24 04:00:00,5,2019-05-24 05:00:00,0.10531,0.10531,0.10531,0.12,0.11761879188467375,264.16998531841614,-0.0,0.0,0.0,264.16998531841614,264.16998531841614,0.0,0.0
3437,2019-05-24 05:00:00,5,2019-05-24 06:00:00,0.10531,0.10531,0.10531,0.12,0.11761879188467375,546.6014385727913,-400.0,0.0,0.0,946.6014385727913,946.6014385727913,0.0,1.0
3438,2019-05-24 06:00:00,5,2019-05-24 07:00:00,0.10531,0.10531,0.10531,0.12,0.5776187918846738,654.7954701345435,-367.28800705680544,0.0,0.0,1022.083477191349,1022.083477191349,0.0,1.0
3439,2019-05-24 07:00:00,5,2019-05-24 08:00:00,0.10531,0.10531,0.10531,0.12,1.0,1087.1656377560514,-0.0,65.08216056470246,0.0,1022.083477191349,1022.083477191349,0.0,0.0
3440,2019-05-24 08:00:00,5,2019-05-24 09:00:00,0.10531,0.10531,0.10531,0.12,0.9115731514066543,1071.787010516515,-0.0,49.70353332516606,0.0,1022.083477191349,1022.083477191349,0.0,0.0
3441,2019-05-24 09:00:00,5,2019-05-24 10:00:00,0.06431,0.06431,0.06431,0.12,0.84404117678007,1048.3268725122302,-0.0,26.24339532088129,0.0,1022.083477191349,1022.083477191349,0.0,0.0
3442,2019-05-24 10:00:00,5,2019-05-24 11:00:00,0.06431,0.06431,0.06431,0.12,0.8083843896593074,1063.0871462047357,-0.0,41.0036690133868,0.0,1022.083477191349,1022.083477191349,0.0,0.0
3443,2019-05-24 11:00:00,5,2019-05-24 12:00:00,0.06431,0.06431,0.06431,0.12,0.7526728828476404,1032.2546554741955,-0.0,10.17117828284654,0.0,1022.083477191349,1022.083477191349,0.0,0.0
3444,2019-05-24 12:00:00,5,2019-05-24 13:00:00,0.06431,0.06431,0.06431,0.12,0.7388533471372511,1081.0157385467812,-0.0,58.932261355432274,0.0,1022.083477191349,1022.083477191349,0.0,0.0
3445,2019-05-24 13:00:00,5,2019-05-24 14:00:00,0.06431,0.06431,0.06431,0.12,0.6587823398608487,1083.5902012478057,-0.0,61.50672405645673,0.0,1022.083477191349,1022.083477191349,0.0,0.0
3446,2019-05-24 14:00:00,5,2019-05-24 15:00:00,0.10531,0.10531,0.10531,0.12,0.5752134213058802,1078.646870301697,-0.0,56.56339311034799,0.0,1022.083477191349,1022.083477191349,0.0,0.0
3447,2019-05-24 15:00:00,5,2019-05-24 16:00:00,0.10531,0.10531,0.10531,0.12,0.4983609850146465,1108.9422030680482,-0.0,86.85872587669928,0.0,1022.083477191349,1022.083477191349,0.0,0.0
3448,2019-05-24 16:00:00,5,2019-05-24 17:00:00,0.13592,0.13592,0.13592,0.12,0.38034641181260936,1008.6170944585468,-0.0,279.9349590940805,0.0,728.6821353644664,728.6821353644664,0.0,0.0
3449,2019-05-24 17:00:00,5,2019-05-24 18:00:00,0.13592,0.13592,0.13592,0.12,0.0,843.1110843486754,-0.0,0.0,0.0,843.1110843486754,843.1110843486754,0.0,0.0
3450,2019-05-24 18:00:00,5,2019-05-24 19:00:00,0.13592,0.13592,0.13592,0.12,0.0,810.4634322280742,-0.0,0.0,0.0,810.4634322280742,810.4634322280742,0.0,0.0
3451,2019-05-24 19:00:00,5,2019-05-24 20:00:00,0.13592,0.13592,0.13592,0.12,0.0,651.4424453306776,-0.0,0.0,0.0,651.4424453306776,651.4424453306776,0.0,0.0
3452,2019-05-24 20:00:00,5,2019-05-24 21:00:00,0.13592,0.13592,0.13592,0.12,0.0,546.3675208724213,-0.0,0.0,0.0,546.3675208724213,546.3675208724213,0.0,0.0
3453,2019-05-24 21:00:00,5,2019-05-24 22:00:00,0.10531,0.10531,0.10531,0.12,0.0,270.79123777971597,-0.0,0.0,0.0,270.79123777971597,270.79123777971597,0.0,0.0
3454,2019-05-24 22:00:00,5,2019-05-24 23:00:00,0.10531,0.10531,0.10531,0.12,0.0,232.5279273403432,-0.0,0.0,0.0,232.5279273403432,232.5279273403432,0.0,0.0
3455,2019-05-24 23:00:00,5,2019-05-25 00:00:00,0.10531,0.10531,0.10531,0.12,0.0,223.05433209278218,-0.0,0.0,0.0,223.05433209278218,223.05433209278218,0.0,0.0
3456,2019-05-25 00:00:00,5,2019-05-25 01:00:00,0.10531,0.10531,0.10531,0.12,0.0,223.0543312789126,-131.99905297602882,0.0,0.0,355.0533842549414,355.0533842549414,0.0,1.0
3457,2019-05-25 01:00:00,5,2019-05-25 02:00:00,0.10531,0.10531,0.10531,0.12,0.15179891092243317,223.05433133162032,-0.0,0.0,0.0,223.05433133162032,223.05433133162032,0.0,0.0
3458,2019-05-25 02:00:00,5,2019-05-25 03:00:00,0.10531,0.10531,0.10531,0.12,0.15179891092243317,223.0543313641751,-0.0,0.0,0.0,223.0543313641751,223.0543313641751,0.0,0.0
3459,2019-05-25 03:00:00,5,2019-05-25 04:00:00,0.10531,0.10531,0.10531,0.12,0.15179891092243317,232.5279266032099,-0.0,0.0,0.0,232.5279266032099,232.5279266032099,0.0,0.0
3460,2019-05-25 04:00:00,5,2019-05-25 05:00:00,0.10531,0.10531,0.10531,0.12,0.15179891092243317,264.1699831612742,-0.0,0.0,0.0,264.1699831612742,264.1699831612742,0.0,0.0
3461,2019-05-25 05:00:00,5,2019-05-25 06:00:00,0.10531,0.10531,0.10531,0.12,0.15179891092243317,476.3612074383825,-400.0,0.0,0.0,876.3612074383825,876.3612074383825,0.0,1.0
3462,2019-05-25 06:00:00,5,2019-05-25 07:00:00,0.10531,0.10531,0.10531,0.12,0.6117989109224332,684.5173127760735,-337.56616441527547,0.0,0.0,1022.083477191349,1022.083477191349,0.0,1.0
3463,2019-05-25 07:00:00,5,2019-05-25 08:00:00,0.10531,0.10531,0.10531,0.12,1.0,1142.1130839144182,-0.0,120.02960672306926,0.0,1022.083477191349,1022.083477191349,0.0,0.0
3464,2019-05-25 08:00:00,5,2019-05-25 09:00:00,0.10531,0.10531,0.10531,0.12,0.8369162952132211,1130.6955750734242,-0.0,108.6120978820752,0.0,1022.083477191349,1022.083477191349,0.0,0.0
3465,2019-05-25 09:00:00,5,2019-05-25 10:00:00,0.06431,0.06431,0.06431,0.12,0.6893455100473581,1098.8300087055813,-0.0,76.7465315142324,0.0,1022.083477191349,1022.083477191349,0.0,0.0
3466,2019-05-25 10:00:00,5,2019-05-25 11:00:00,0.06431,0.06431,0.06431,0.12,0.5850703313595423,1094.445182336942,-0.0,72.36170514559308,0.0,1022.083477191349,1022.083477191349,0.0,0.0
3467,2019-05-25 11:00:00,5,2019-05-25 12:00:00,0.06431,0.06431,0.06431,0.12,0.48675279719433434,1057.0670583415865,-0.0,34.98358115023757,0.0,1022.083477191349,1022.083477191349,0.0,0.0
3468,2019-05-25 12:00:00,5,2019-05-25 13:00:00,0.06431,0.06431,0.06431,0.12,0.4392207575880333,1087.7951344333803,-0.0,65.71165724203138,0.0,1022.083477191349,1022.083477191349,0.0,0.0
3469,2019-05-25 13:00:00,5,2019-05-25 14:00:00,0.06431,0.06431,0.06431,0.12,0.3499386145961429,1087.8720900502299,-0.0,65.78861285888092,0.0,1022.083477191349,1022.083477191349,0.0,0.0
3470,2019-05-25 14:00:00,5,2019-05-25 15:00:00,0.10531,0.10531,0.10531,0.12,0.2605519123422286,1085.815976337728,-0.0,63.73249914637904,0.0,1022.083477191349,1022.083477191349,0.0,0.0
3471,2019-05-25 15:00:00,5,2019-05-25 16:00:00,0.10531,0.10531,0.10531,0.12,0.17395884284986576,1119.8700046576973,-0.0,97.78652746634839,0.0,1022.083477191349,1022.083477191349,0.0,0.0
3472,2019-05-25 16:00:00,5,2019-05-25 17:00:00,0.13592,0.13592,0.13592,0.12,0.04109671314015328,1036.1218026844826,-0.0,14.038325493133698,0.0,1022.083477191349,1022.083477191349,0.0,0.0
3473,2019-05-25 17:00:00,5,2019-05-25 18:00:00,0.13592,0.13592,0.13592,0.12,0.02202290132883032,884.0342015798935,-0.0,16.208855378019116,0.0,867.8253462018745,867.8253462018745,0.0,0.0
3474,2019-05-25 18:00:00,5,2019-05-25 19:00:00,0.13592,0.13592,0.13592,0.12,0.0,841.0852896267957,-0.0,0.0,0.0,841.0852896267957,841.0852896267957,0.0,0.0
3475,2019-05-25 19:00:00,5,2019-05-25 20:00:00,0.13592,0.13592,0.13592,0.12,0.0,719.7795360705725,-0.0,0.0,0.0,719.7795360705725,719.7795360705725,0.0,0.0
3476,2019-05-25 20:00:00,5,2019-05-25 21:00:00,0.13592,0.13592,0.13592,0.12,0.0,650.5581318850329,-0.0,0.0,0.0,650.5581318850329,650.5581318850329,0.0,0.0
3477,2019-05-25 21:00:00,5,2019-05-25 22:00:00,0.10531,0.10531,0.10531,0.12,0.0,270.7912369627459,-0.0,0.0,0.0,270.7912369627459,270.7912369627459,0.0,0.0
3478,2019-05-25 22:00:00,5,2019-05-25 23:00:00,0.10531,0.10531,0.10531,0.12,0.0,232.52792646756498,-0.0,0.0,0.0,232.52792646756498,232.52792646756498,0.0,0.0
3479,2019-05-25 23:00:00,5,2019-05-26 00:00:00,0.10531,0.10531,0.10531,0.12,0.0,223.05433122000392,-0.0,0.0,0.0,223.05433122000392,223.05433122000392,0.0,0.0
3480,2019-05-26 00:00:00,5,2019-05-26 01:00:00,0.10531,0.10531,0.10531,0.12,0.0,223.0543304084597,0.0,0.0,0.0,223.0543304084597,223.0543304084597,0.0,0.0
3481,2019-05-26 01:00:00,5,2019-05-26 02:00:00,0.10531,0.10531,0.10531,0.12,0.0,223.0543304634928,-0.0,0.0,0.0,223.0543304634928,223.0543304634928,0.0,0.0
3482,2019-05-26 02:00:00,5,2019-05-26 03:00:00,0.10531,0.10531,0.10531,0.12,0.0,223.05433048519595,-0.0,0.0,0.0,223.05433048519595,223.05433048519595,0.0,0.0
3483,2019-05-26 03:00:00,5,2019-05-26 04:00:00,0.10531,0.10531,0.10531,0.12,0.0,232.5279257428335,-0.0,0.0,0.0,232.5279257428335,232.5279257428335,0.0,0.0
3484,2019-05-26 04:00:00,5,2019-05-26 05:00:00,0.10531,0.10531,0.10531,0.12,0.0,264.1699827101579,-0.0,0.0,0.0,264.1699827101579,264.1699827101579,0.0,0.0
3485,2019-05-26 05:00:00,5,2019-05-26 06:00:00,0.10531,0.10531,0.10531,0.12,0.0,385.82026732072086,-0.0,0.0,0.0,385.82026732072086,385.82026732072086,0.0,1.0
3486,2019-05-26 06:00:00,5,2019-05-26 07:00:00,0.10531,0.10531,0.10531,0.12,0.0,526.6508353102578,-250.11545613181096,0.0,0.0,776.7662914420688,776.7662914420688,0.0,1.0
3487,2019-05-26 07:00:00,5,2019-05-26 08:00:00,0.10531,0.10531,0.10531,0.12,0.2876327745515826,967.6982424465317,-0.0,0.0,0.0,967.6982424465317,967.6982424465317,0.0,1.0
3488,2019-05-26 08:00:00,5,2019-05-26 09:00:00,0.10531,0.10531,0.10531,0.12,0.2876327745515826,950.3429597525646,-0.0,0.0,0.0,950.3429597525646,950.3429597525646,0.0,0.0
3489,2019-05-26 09:00:00,5,2019-05-26 10:00:00,0.06431,0.06431,0.06431,0.12,0.2876327745515826,957.9263120519521,-64.15716513939685,0.0,0.0,1022.083477191349,1022.083477191349,0.0,1.0
3490,2019-05-26 10:00:00,5,2019-05-26 11:00:00,0.06431,0.06431,0.06431,0.12,0.361413514461889,983.5331497400921,-38.55032745125686,0.0,0.0,1022.083477191349,1022.083477191349,0.0,1.0
3491,2019-05-26 11:00:00,5,2019-05-26 12:00:00,0.06431,0.06431,0.06431,0.12,0.40574639103083443,918.2258423099704,-103.85763488137854,0.0,0.0,1022.083477191349,1022.083477191349,0.0,1.0
3492,2019-05-26 12:00:00,5,2019-05-26 13:00:00,0.06431,0.06431,0.06431,0.12,0.5251826711444197,964.415152055441,-57.668325135907935,0.0,0.0,1022.083477191349,1022.083477191349,0.0,1.0
3493,2019-05-26 13:00:00,5,2019-05-26 14:00:00,0.06431,0.06431,0.06431,0.12,0.5915012450507139,938.1238684555951,-83.95960873575382,0.0,0.0,1022.083477191349,1022.083477191349,0.0,1.0
3494,2019-05-26 14:00:00,5,2019-05-26 15:00:00,0.10531,0.10531,0.10531,0.12,0.6880547950968308,877.7442459024022,-144.33923128894673,0.0,0.0,1022.083477191349,1022.083477191349,0.0,1.0
3495,2019-05-26 15:00:00,5,2019-05-26 16:00:00,0.10531,0.10531,0.10531,0.12,0.8540449110791195,895.1660085644963,-126.91746862685261,0.0,0.0,1022.083477191349,1022.083477191349,0.0,1.0
3496,2019-05-26 16:00:00,5,2019-05-26 17:00:00,0.13592,0.13592,0.13592,0.12,1.0,784.7411371016318,-0.0,400.0,0.0,384.7411371016318,384.7411371016318,0.0,0.0
3497,2019-05-26 17:00:00,5,2019-05-26 18:00:00,0.13592,0.13592,0.13592,0.12,0.4565217391304348,614.04846695971,-0.0,336.00000000000006,0.0,278.04846695970997,278.04846695970997,0.0,0.0
3498,2019-05-26 18:00:00,5,2019-05-26 19:00:00,0.13592,0.13592,0.13592,0.12,0.0,593.9219821889109,-0.0,0.0,0.0,593.9219821889109,593.9219821889109,0.0,0.0
3499,2019-05-26 19:00:00,5,2019-05-26 20:00:00,0.13592,0.13592,0.13592,0.12,0.0,494.0449894200627,-0.0,0.0,0.0,494.0449894200627,494.0449894200627,0.0,0.0
3500,2019-05-26 20:00:00,5,2019-05-26 21:00:00,0.13592,0.13592,0.13592,0.12,0.0,476.3056185559948,-0.0,0.0,0.0,476.3056185559948,476.3056185559948,0.0,0.0
3501,2019-05-26 21:00:00,5,2019-05-26 22:00:00,0.10531,0.10531,0.10531,0.12,0.0,270.79123630079863,-0.0,0.0,0.0,270.79123630079863,270.79123630079863,0.0,0.0
3502,2019-05-26 22:00:00,5,2019-05-26 23:00:00,0.10531,0.10531,0.10531,0.12,0.0,232.52792578934032,-0.0,0.0,0.0,232.52792578934032,232.52792578934032,0.0,0.0
3503,2019-05-26 23:00:00,5,2019-05-27 00:00:00,0.10531,0.10531,0.10531,0.12,0.0,223.05433048984665,-0.0,0.0,0.0,223.05433048984665,223.05433048984665,0.0,0.0
3504,2019-05-27 00:00:00,5,2019-05-27 01:00:00,0.10531,0.10531,0.10531,0.12,0.0,184.4220898029781,-0.0,0.0,0.0,184.4220898029781,184.4220898029781,0.0,1.0
3505,2019-05-27 01:00:00,5,2019-05-27 02:00:00,0.10531,0.10531,0.10531,0.12,0.0,184.4220898316573,-0.0,0.0,0.0,184.4220898316573,184.4220898316573,0.0,0.0
3506,2019-05-27 02:00:00,5,2019-05-27 03:00:00,0.10531,0.10531,0.10531,0.12,0.0,184.42208985026008,-0.0,0.0,0.0,184.42208985026008,184.42208985026008,0.0,0.0
3507,2019-05-27 03:00:00,5,2019-05-27 04:00:00,0.10531,0.10531,0.10531,0.12,0.0,193.89568506604144,-0.0,0.0,0.0,193.89568506604144,193.89568506604144,0.0,0.0
3508,2019-05-27 04:00:00,5,2019-05-27 05:00:00,0.10531,0.10531,0.10531,0.12,0.0,206.22162064662828,-0.0,0.0,0.0,206.22162064662828,206.22162064662828,0.0,0.0
3509,2019-05-27 05:00:00,5,2019-05-27 06:00:00,0.10531,0.10531,0.10531,0.12,0.0,292.82346148489137,-0.0,0.0,0.0,292.82346148489137,292.82346148489137,0.0,1.0
3510,2019-05-27 06:00:00,5,2019-05-27 07:00:00,0.10531,0.10531,0.10531,0.12,0.0,318.7740995879657,-0.0,0.0,0.0,318.7740995879657,318.7740995879657,0.0,0.0
3511,2019-05-27 07:00:00,5,2019-05-27 08:00:00,0.10531,0.10531,0.10531,0.12,0.0,590.9193426451629,-0.0,0.0,0.0,590.9193426451629,590.9193426451629,0.0,0.0
3512,2019-05-27 08:00:00,5,2019-05-27 09:00:00,0.10531,0.10531,0.10531,0.12,0.0,629.0305096205312,-0.0,0.0,0.0,629.0305096205312,629.0305096205312,0.0,0.0
3513,2019-05-27 09:00:00,5,2019-05-27 10:00:00,0.06431,0.06431,0.06431,0.12,0.0,692.293764136635,0.0,0.0,0.0,692.293764136635,692.293764136635,0.0,0.0
3514,2019-05-27 10:00:00,5,2019-05-27 11:00:00,0.06431,0.06431,0.06431,0.12,0.0,727.6304234767243,-178.56486695305875,0.0,0.0,906.1952904297831,906.1952904297831,0.0,1.0
3515,2019-05-27 11:00:00,5,2019-05-27 12:00:00,0.06431,0.06431,0.06431,0.12,0.20534959699601757,734.2512437732747,-171.94404665650836,0.0,0.0,906.1952904297831,906.1952904297831,0.0,1.0
3516,2019-05-27 12:00:00,5,2019-05-27 13:00:00,0.06431,0.06431,0.06431,0.12,0.4030852506510022,740.4953922607355,-165.6998981690478,0.0,0.0,906.1952904297832,906.1952904297832,0.0,1.0
3517,2019-05-27 13:00:00,5,2019-05-27 14:00:00,0.06431,0.06431,0.06431,0.12,0.5936401335454071,552.8388848170938,-353.3564056126894,0.0,0.0,906.1952904297832,906.1952904297832,0.0,1.0
3518,2019-05-27 14:00:00,5,2019-05-27 15:00:00,0.10531,0.10531,0.10531,0.12,1.0,546.6219977052392,-0.0,0.0,0.0,546.6219977052392,546.6219977052392,0.0,0.0
3519,2019-05-27 15:00:00,5,2019-05-27 16:00:00,0.10531,0.10531,0.10531,0.12,1.0,573.368020246668,-0.0,0.0,0.0,573.368020246668,573.368020246668,0.0,1.0
3520,2019-05-27 16:00:00,5,2019-05-27 17:00:00,0.13592,0.13592,0.13592,0.12,1.0,532.9424473821038,-0.0,400.0,0.0,132.94244738210375,132.94244738210375,0.0,0.0
3521,2019-05-27 17:00:00,5,2019-05-27 18:00:00,0.13592,0.13592,0.13592,0.12,0.4565217391304348,350.18452757943516,-0.0,336.00000000000006,0.0,14.184527579435098,14.184527579435098,0.0,0.0
3522,2019-05-27 18:00:00,5,2019-05-27 19:00:00,0.13592,0.13592,0.13592,0.12,0.0,211.0040751228373,-0.0,0.0,0.0,211.0040751228373,211.0040751228373,0.0,0.0
3523,2019-05-27 19:00:00,5,2019-05-27 20:00:00,0.13592,0.13592,0.13592,0.12,0.0,244.11564916623283,-0.0,0.0,0.0,244.11564916623283,244.11564916623283,0.0,0.0
3524,2019-05-27 20:00:00,5,2019-05-27 21:00:00,0.13592,0.13592,0.13592,0.12,0.0,231.7914794036036,-0.0,0.0,0.0,231.7914794036036,231.7914794036036,0.0,0.0
3525,2019-05-27 21:00:00,5,2019-05-27 22:00:00,0.10531,0.10531,0.10531,0.12,0.0,212.84287563402427,-0.0,0.0,0.0,212.84287563402427,212.84287563402427,0.0,0.0
3526,2019-05-27 22:00:00,5,2019-05-27 23:00:00,0.10531,0.10531,0.10531,0.12,0.0,193.89568507379258,-0.0,0.0,0.0,193.89568507379258,193.89568507379258,0.0,1.0
3527,2019-05-27 23:00:00,5,2019-05-28 00:00:00,0.10531,0.10531,0.10531,0.12,0.0,184.42208981770528,-0.0,0.0,0.0,184.42208981770528,184.42208981770528,0.0,0.0
3528,2019-05-28 00:00:00,5,2019-05-28 01:00:00,0.10531,0.10531,0.10531,0.12,0.0,184.4217359154302,-0.0,0.0,0.0,184.4217359154302,184.4217359154302,0.0,0.0
3529,2019-05-28 01:00:00,5,2019-05-28 02:00:00,0.10531,0.10531,0.10531,0.12,0.0,184.42173593945876,-0.0,0.0,0.0,184.42173593945876,184.42173593945876,0.0,0.0
3530,2019-05-28 02:00:00,5,2019-05-28 03:00:00,0.10531,0.10531,0.10531,0.12,0.0,184.42173571700107,-0.0,0.0,0.0,184.42173571700107,184.42173571700107,0.0,0.0
3531,2019-05-28 03:00:00,5,2019-05-28 04:00:00,0.10531,0.10531,0.10531,0.12,0.0,193.89533077853477,-0.0,0.0,0.0,193.89533077853477,193.89533077853477,0.0,0.0
3532,2019-05-28 04:00:00,5,2019-05-28 05:00:00,0.10531,0.10531,0.10531,0.12,0.0,206.22126681023792,-0.0,0.0,0.0,206.22126681023792,206.22126681023792,0.0,0.0
3533,2019-05-28 05:00:00,5,2019-05-28 06:00:00,0.10531,0.10531,0.10531,0.12,0.0,211.0030143104935,-0.0,0.0,0.0,211.0030143104935,211.0030143104935,0.0,0.0
3534,2019-05-28 06:00:00,5,2019-05-28 07:00:00,0.10531,0.10531,0.10531,0.12,0.0,229.95020487072523,-0.0,0.0,0.0,229.95020487072523,229.95020487072523,0.0,0.0
3535,2019-05-28 07:00:00,5,2019-05-28 08:00:00,0.10531,0.10531,0.10531,0.12,0.0,288.5136391559996,-0.0,0.0,0.0,288.5136391559996,288.5136391559996,0.0,0.0
3536,2019-05-28 08:00:00,5,2019-05-28 09:00:00,0.10531,0.10531,0.10531,0.12,0.0,275.4755638536114,-0.0,0.0,0.0,275.4755638536114,275.4755638536114,0.0,1.0
3537,2019-05-28 09:00:00,5,2019-05-28 10:00:00,0.06431,0.06431,0.06431,0.12,0.0,208.7445994785032,-400.0,0.0,0.0,608.7445994785032,608.7445994785032,0.0,1.0
3538,2019-05-28 10:00:00,5,2019-05-28 11:00:00,0.06431,0.06431,0.06431,0.12,0.46,260.1429473699411,-142.1550094517958,0.0,0.0,402.2979568217369,402.2979568217369,0.0,1.0
3539,2019-05-28 11:00:00,5,2019-05-28 12:00:00,0.06431,0.06431,0.06431,0.12,0.6234782608695651,163.63574433398662,0.0,163.63574433398662,236.36425566601338,0.0,-236.36425566601338,1.0,0.0
3540,2019-05-28 12:00:00,5,2019-05-28 13:00:00,0.06431,0.06431,0.06431,0.12,0.08,163.6368042890544,-400.0,0.0,0.0,563.6368042890545,563.6368042890545,0.0,1.0
3541,2019-05-28 13:00:00,5,2019-05-28 14:00:00,0.06431,0.06431,0.06431,0.12,0.54,163.63574462697966,-400.0,0.0,0.0,563.6357446269797,563.6357446269797,0.0,1.0
3542,2019-05-28 14:00:00,5,2019-05-28 15:00:00,0.10531,0.10531,0.10531,0.12,1.0,178.67924498066276,-0.0,0.0,0.0,178.67924498066276,178.67924498066276,0.0,0.0
3543,2019-05-28 15:00:00,5,2019-05-28 16:00:00,0.10531,0.10531,0.10531,0.12,1.0,346.5964674346056,-0.0,0.0,0.0,346.5964674346056,346.5964674346056,0.0,1.0
3544,2019-05-28 16:00:00,5,2019-05-28 17:00:00,0.13592,0.13592,0.13592,0.12,1.0,360.9084298275385,-0.0,360.9084298275385,0.0,0.0,0.0,0.0,0.0
3545,2019-05-28 17:00:00,5,2019-05-28 18:00:00,0.13592,0.13592,0.13592,0.12,0.5096352855604097,276.46761444121427,-0.0,276.46761444121427,0.0,0.0,0.0,0.0,0.0
3546,2019-05-28 18:00:00,5,2019-05-28 19:00:00,0.13592,0.13592,0.13592,0.12,0.13399993985223815,211.0030146817731,-0.0,0.0,0.0,211.0030146817731,211.0030146817731,0.0,0.0
3547,2019-05-28 19:00:00,5,2019-05-28 20:00:00,0.13592,0.13592,0.13592,0.12,0.13399993985223815,244.11458792447596,-0.0,98.62395573124729,0.0,145.49063219322866,145.49063219322866,0.0,0.0
3548,2019-05-28 20:00:00,5,2019-05-28 21:00:00,0.13592,0.13592,0.13592,0.12,0.0,231.79077172229657,-0.0,0.0,0.0,231.79077172229657,231.79077172229657,0.0,0.0
3549,2019-05-28 21:00:00,5,2019-05-28 22:00:00,0.10531,0.10531,0.10531,0.12,0.0,212.8425216092812,-0.0,0.0,0.0,212.8425216092812,212.8425216092812,0.0,0.0
3550,2019-05-28 22:00:00,5,2019-05-28 23:00:00,0.10531,0.10531,0.10531,0.12,0.0,193.89533074830533,-0.0,0.0,0.0,193.89533074830533,193.89533074830533,0.0,0.0
3551,2019-05-28 23:00:00,5,2019-05-29 00:00:00,0.10531,0.10531,0.10531,0.12,0.0,184.4217355852317,-0.0,0.0,0.0,184.4217355852317,184.4217355852317,0.0,0.0
3552,2019-05-29 00:00:00,5,2019-05-29 01:00:00,0.10531,0.10531,0.10531,0.12,0.0,184.42173520542588,-0.0,0.0,0.0,184.42173520542588,184.42173520542588,0.0,0.0
3553,2019-05-29 01:00:00,5,2019-05-29 02:00:00,0.10531,0.10531,0.10531,0.12,0.0,184.42173524495666,-0.0,0.0,0.0,184.42173524495666,184.42173524495666,0.0,0.0
3554,2019-05-29 02:00:00,5,2019-05-29 03:00:00,0.10531,0.10531,0.10531,0.12,0.0,184.42173514186655,-0.0,0.0,0.0,184.42173514186655,184.42173514186655,0.0,0.0
3555,2019-05-29 03:00:00,5,2019-05-29 04:00:00,0.10531,0.10531,0.10531,0.12,0.0,193.8953301103866,-0.0,0.0,0.0,193.8953301103866,193.8953301103866,0.0,0.0
3556,2019-05-29 04:00:00,5,2019-05-29 05:00:00,0.10531,0.10531,0.10531,0.12,0.0,206.22126548866873,-0.0,0.0,0.0,206.22126548866873,206.22126548866873,0.0,0.0
3557,2019-05-29 05:00:00,5,2019-05-29 06:00:00,0.10531,0.10531,0.10531,0.12,0.0,211.003013660173,-0.0,0.0,0.0,211.003013660173,211.003013660173,0.0,0.0
3558,2019-05-29 06:00:00,5,2019-05-29 07:00:00,0.10531,0.10531,0.10531,0.12,0.0,229.95020412119007,-0.0,0.0,0.0,229.95020412119007,229.95020412119007,0.0,0.0
3559,2019-05-29 07:00:00,5,2019-05-29 08:00:00,0.10531,0.10531,0.10531,0.12,0.0,229.95020442193427,-0.0,0.0,0.0,229.95020442193427,229.95020442193427,0.0,0.0
3560,2019-05-29 08:00:00,5,2019-05-29 09:00:00,0.10531,0.10531,0.10531,0.12,0.0,201.52941870870544,-0.0,0.0,0.0,201.52941870870544,201.52941870870544,0.0,0.0
3561,2019-05-29 09:00:00,5,2019-05-29 10:00:00,0.06431,0.06431,0.06431,0.12,0.0,163.63503754173522,-400.0,0.0,0.0,563.6350375417352,563.6350375417352,0.0,1.0
3562,2019-05-29 10:00:00,5,2019-05-29 11:00:00,0.06431,0.06431,0.06431,0.12,0.46,163.63574346973462,-400.0,0.0,0.0,563.6357434697346,563.6357434697346,0.0,1.0
3563,2019-05-29 11:00:00,5,2019-05-29 12:00:00,0.06431,0.06431,0.06431,0.12,0.92,163.63574330231,-2.017026760147099e-14,163.63574330231003,236.36425669769005,0.0,-236.36425669769005,1.0,0.0
3564,2019-05-29 12:00:00,5,2019-05-29 13:00:00,0.06431,0.06431,0.06431,0.12,0.3765217391304346,163.6368027605298,-400.0,0.0,0.0,563.6368027605298,563.6368027605298,0.0,1.0
3565,2019-05-29 13:00:00,5,2019-05-29 14:00:00,0.06431,0.06431,0.06431,0.12,0.8365217391304346,163.6357435697243,-142.15500945179605,0.0,0.0,305.79075302152035,305.79075302152035,0.0,1.0
3566,2019-05-29 14:00:00,5,2019-05-29 15:00:00,0.10531,0.10531,0.10531,0.12,1.0,222.9898045877123,-0.0,0.0,0.0,222.9898045877123,222.9898045877123,0.0,0.0
3567,2019-05-29 15:00:00,5,2019-05-29 16:00:00,0.10531,0.10531,0.10531,0.12,1.0,336.9453624427616,-0.0,0.0,0.0,336.9453624427616,336.9453624427616,0.0,1.0
3568,2019-05-29 16:00:00,5,2019-05-29 17:00:00,0.13592,0.13592,0.13592,0.12,1.0,359.6082902457513,-0.0,359.6082902457513,0.0,0.0,0.0,0.0,0.0
3569,2019-05-29 17:00:00,5,2019-05-29 18:00:00,0.13592,0.13592,0.13592,0.12,0.5114017795574032,314.73131306304896,-0.0,314.73131306304896,0.0,0.0,0.0,0.0,0.0
3570,2019-05-29 18:00:00,5,2019-05-29 19:00:00,0.13592,0.13592,0.13592,0.12,0.08377771289565189,219.42422110865536,-0.0,61.66039669119979,0.0,157.76382441745557,157.76382441745557,0.0,0.0
3571,2019-05-29 19:00:00,5,2019-05-29 20:00:00,0.13592,0.13592,0.13592,0.12,0.0,244.11458731446135,-0.0,0.0,0.0,244.11458731446135,244.11458731446135,0.0,0.0
3572,2019-05-29 20:00:00,5,2019-05-29 21:00:00,0.13592,0.13592,0.13592,0.12,0.0,231.7907705355972,-0.0,0.0,0.0,231.7907705355972,231.7907705355972,0.0,0.0
3573,2019-05-29 21:00:00,5,2019-05-29 22:00:00,0.10531,0.10531,0.10531,0.12,0.0,212.84252095430998,-0.0,0.0,0.0,212.84252095430998,212.84252095430998,0.0,0.0
3574,2019-05-29 22:00:00,5,2019-05-29 23:00:00,0.10531,0.10531,0.10531,0.12,0.0,193.89533013053958,-0.0,0.0,0.0,193.89533013053958,193.89533013053958,0.0,1.0
3575,2019-05-29 23:00:00,5,2019-05-30 00:00:00,0.10531,0.10531,0.10531,0.12,0.0,184.4217348829785,-0.0,0.0,0.0,184.4217348829785,184.4217348829785,0.0,1.0
3576,2019-05-30 00:00:00,5,2019-05-30 01:00:00,0.10531,0.10531,0.10531,0.12,0.0,223.05432707624507,-0.0,0.0,0.0,223.05432707624507,223.05432707624507,0.0,0.0
3577,2019-05-30 01:00:00,5,2019-05-30 02:00:00,0.10531,0.10531,0.10531,0.12,0.0,223.05432709949847,-0.0,0.0,0.0,223.05432709949847,223.05432709949847,0.0,0.0
3578,2019-05-30 02:00:00,5,2019-05-30 03:00:00,0.10531,0.10531,0.10531,0.12,0.0,223.05432714212972,-0.0,0.0,0.0,223.05432714212972,223.05432714212972,0.0,0.0
3579,2019-05-30 03:00:00,5,2019-05-30 04:00:00,0.10531,0.10531,0.10531,0.12,0.0,232.52792248270447,-0.0,0.0,0.0,232.52792248270447,232.52792248270447,0.0,0.0
3580,2019-05-30 04:00:00,5,2019-05-30 05:00:00,0.10531,0.10531,0.10531,0.12,0.0,264.16997701462105,-298.8104040606367,0.0,0.0,562.9803810752578,562.9803810752578,0.0,1.0
3581,2019-05-30 05:00:00,5,2019-05-30 06:00:00,0.10531,0.10531,0.10531,0.12,0.3436319646697322,292.065692201259,-0.0,0.0,0.0,292.065692201259,292.065692201259,0.0,0.0
3582,2019-05-30 06:00:00,5,2019-05-30 07:00:00,0.10531,0.10531,0.10531,0.12,0.3436319646697322,388.1226049238327,-400.0,0.0,0.0,788.1226049238327,788.1226049238327,0.0,1.0
3583,2019-05-30 07:00:00,5,2019-05-30 08:00:00,0.10531,0.10531,0.10531,0.12,0.8036319646697322,895.6423625955576,0.0,0.0,0.0,895.6423625955576,895.6423625955576,0.0,0.0
3584,2019-05-30 08:00:00,5,2019-05-30 09:00:00,0.10531,0.10531,0.10531,0.12,0.8036319646697322,937.22458458352,-84.85889260782892,0.0,0.0,1022.083477191349,1022.083477191349,0.0,1.0
3585,2019-05-30 09:00:00,5,2019-05-30 10:00:00,0.06431,0.06431,0.06431,0.12,0.9012196911687355,968.8616798460795,-53.221797345269465,0.0,0.0,1022.083477191349,1022.083477191349,0.0,1.0
3586,2019-05-30 10:00:00,5,2019-05-30 11:00:00,0.06431,0.06431,0.06431,0.12,0.9624247581157954,1023.2496168173662,-0.0,1.1661396260172978,0.0,1022.083477191349,1022.083477191349,0.0,0.0
3587,2019-05-30 11:00:00,5,2019-05-30 12:00:00,0.06431,0.06431,0.06431,0.12,0.960840329276098,988.0315896053472,-34.051887586001726,0.0,0.0,1022.083477191349,1022.083477191349,0.0,1.0
3588,2019-05-30 12:00:00,5,2019-05-30 13:00:00,0.06431,0.06431,0.06431,0.12,1.0,1025.842857125198,-0.0,3.7593799338490044,0.0,1022.083477191349,1022.083477191349,0.0,0.0
3589,2019-05-30 13:00:00,5,2019-05-30 14:00:00,0.06431,0.06431,0.06431,0.12,0.9948921468290095,1023.2920647436339,-0.0,1.2085875522849392,0.0,1022.083477191349,1022.083477191349,0.0,0.0
3590,2019-05-30 14:00:00,5,2019-05-30 15:00:00,0.10531,0.10531,0.10531,0.12,0.9932500441764484,1021.6312018961804,-0.4522752951685334,0.0,0.0,1022.083477191349,1022.083477191349,0.0,1.0
3591,2019-05-30 15:00:00,5,2019-05-30 16:00:00,0.10531,0.10531,0.10531,0.12,0.9937701607658922,1043.8399656440572,-0.0,21.756488452708254,0.0,1022.083477191349,1022.083477191349,0.0,0.0
3592,2019-05-30 16:00:00,5,2019-05-30 17:00:00,0.13592,0.13592,0.13592,0.12,0.9642097144986255,917.1380616379222,-0.0,0.0,0.0,917.1380616379222,917.1380616379222,0.0,1.0
3593,2019-05-30 17:00:00,5,2019-05-30 18:00:00,0.13592,0.13592,0.13592,0.12,0.9642097144986255,691.621309944488,-0.0,400.0,0.0,291.62130994448796,291.62130994448796,0.0,0.0
3594,2019-05-30 18:00:00,5,2019-05-30 19:00:00,0.13592,0.13592,0.13592,0.12,0.42073145362906034,588.5836466942211,-0.0,0.0,0.0,588.5836466942211,588.5836466942211,0.0,1.0
3595,2019-05-30 19:00:00,5,2019-05-30 20:00:00,0.13592,0.13592,0.13592,0.12,0.42073145362906034,440.8501238304947,-0.0,0.0,0.0,440.8501238304947,440.8501238304947,0.0,1.0
3596,2019-05-30 20:00:00,5,2019-05-30 21:00:00,0.13592,0.13592,0.13592,0.12,0.42073145362906034,428.5546214558869,-0.0,309.6583498709884,0.0,118.8962715848985,118.8962715848985,0.0,0.0
3597,2019-05-30 21:00:00,5,2019-05-30 22:00:00,0.10531,0.10531,0.10531,0.12,0.0,270.7912330065646,-0.0,0.0,0.0,270.7912330065646,270.7912330065646,0.0,0.0
3598,2019-05-30 22:00:00,5,2019-05-30 23:00:00,0.10531,0.10531,0.10531,0.12,0.0,232.52792246720222,-0.0,0.0,0.0,232.52792246720222,232.52792246720222,0.0,0.0
3599,2019-05-30 23:00:00,5,2019-05-31 00:00:00,0.10531,0.10531,0.10531,0.12,0.0,223.05432720181352,-0.0,0.0,0.0,223.05432720181352,223.05432720181352,0.0,0.0
3600,2019-05-31 00:00:00,5,2019-05-31 01:00:00,0.10531,0.10531,0.10531,0.12,0.0,223.0543264026711,0.0,0.0,0.0,223.0543264026711,223.0543264026711,0.0,0.0
3601,2019-05-31 01:00:00,5,2019-05-31 02:00:00,0.10531,0.10531,0.10531,0.12,0.0,223.05432635848962,-0.0,0.0,0.0,223.05432635848962,223.05432635848962,0.0,0.0
3602,2019-05-31 02:00:00,5,2019-05-31 03:00:00,0.10531,0.10531,0.10531,0.12,0.0,223.05432633213573,-0.0,0.0,0.0,223.05432633213573,223.05432633213573,0.0,0.0
3603,2019-05-31 03:00:00,5,2019-05-31 04:00:00,0.10531,0.10531,0.10531,0.12,0.0,232.52792162387826,-0.0,0.0,0.0,232.52792162387826,232.52792162387826,0.0,0.0
3604,2019-05-31 04:00:00,5,2019-05-31 05:00:00,0.10531,0.10531,0.10531,0.12,0.0,264.1699757380085,-0.0,0.0,0.0,264.1699757380085,264.1699757380085,0.0,0.0
3605,2019-05-31 05:00:00,5,2019-05-31 06:00:00,0.10531,0.10531,0.10531,0.12,0.0,292.3940728453893,-271.9936595024354,0.0,0.0,564.3877323478247,564.3877323478247,0.0,1.0
3606,2019-05-31 06:00:00,5,2019-05-31 07:00:00,0.10531,0.10531,0.10531,0.12,0.3127927084278007,396.044382456636,-399.99999999999994,0.0,0.0,796.044382456636,796.044382456636,0.0,1.0
3607,2019-05-31 07:00:00,5,2019-05-31 08:00:00,0.10531,0.10531,0.10531,0.12,0.7727927084278007,883.5059399001158,-138.57753729123317,0.0,0.0,1022.083477191349,1022.083477191349,0.0,1.0
3608,2019-05-31 08:00:00,5,2019-05-31 09:00:00,0.10531,0.10531,0.10531,0.12,0.9321568763127188,968.0718052606312,-54.01167193071774,0.0,0.0,1022.083477191349,1022.083477191349,0.0,1.0
3609,2019-05-31 09:00:00,5,2019-05-31 10:00:00,0.06431,0.06431,0.06431,0.12,0.9942702990330442,1019.6298979208091,-2.4535792705398762,0.0,0.0,1022.083477191349,1022.083477191349,0.0,1.0
3610,2019-05-31 10:00:00,5,2019-05-31 11:00:00,0.06431,0.06431,0.06431,0.12,0.9970919151941651,1034.5136505269895,-0.0,12.430173335640575,0.0,1022.083477191349,1022.083477191349,0.0,0.0
3611,2019-05-31 11:00:00,5,2019-05-31 12:00:00,0.06431,0.06431,0.06431,0.12,0.9802030927272621,1004.868775215055,-17.214701976293895,0.0,0.0,1022.083477191349,1022.083477191349,0.0,1.0
3612,2019-05-31 12:00:00,5,2019-05-31 13:00:00,0.06431,0.06431,0.06431,0.12,1.0,1049.07790352076,-0.0,26.994426329411,0.0,1022.083477191349,1022.083477191349,0.0,0.0
3613,2019-05-31 13:00:00,5,2019-05-31 14:00:00,0.06431,0.06431,0.06431,0.12,0.9633227903133001,1043.7025738003583,-0.0,21.619096609009375,0.0,1022.083477191349,1022.083477191349,0.0,0.0
3614,2019-05-31 14:00:00,5,2019-05-31 15:00:00,0.10531,0.10531,0.10531,0.12,0.9339490177467114,1044.2322530006672,-0.0,22.148775809318295,0.0,1022.083477191349,1022.083477191349,0.0,0.0
3615,2019-05-31 15:00:00,5,2019-05-31 16:00:00,0.10531,0.10531,0.10531,0.12,0.9038555723536159,1089.4958711313836,-0.0,67.41239394003469,0.0,1022.083477191349,1022.083477191349,0.0,0.0
3616,2019-05-31 16:00:00,5,2019-05-31 17:00:00,0.13592,0.13592,0.13592,0.12,0.8122626458046557,996.417812134927,-0.0,0.0,0.0,996.417812134927,996.417812134927,0.0,1.0
3617,2019-05-31 17:00:00,5,2019-05-31 18:00:00,0.13592,0.13592,0.13592,0.12,0.8122626458046557,834.5676031397952,-0.0,400.0,0.0,434.5676031397952,434.5676031397952,0.0,0.0
3618,2019-05-31 18:00:00,5,2019-05-31 19:00:00,0.13592,0.13592,0.13592,0.12,0.2687843849350905,788.416265657968,-0.0,0.0,0.0,788.416265657968,788.416265657968,0.0,1.0
3619,2019-05-31 19:00:00,5,2019-05-31 20:00:00,0.13592,0.13592,0.13592,0.12,0.2687843849350905,595.9995309528622,-0.0,0.0,0.0,595.9995309528622,595.9995309528622,0.0,0.0
3620,2019-05-31 20:00:00,5,2019-05-31 21:00:00,0.13592,0.13592,0.13592,0.12,0.2687843849350905,513.3326448693286,-0.0,197.82530731222664,0.0,315.507337557102,315.507337557102,0.0,0.0
3621,2019-05-31 21:00:00,5,2019-05-31 22:00:00,0.10531,0.10531,0.10531,0.12,0.0,270.79123214541306,-0.0,0.0,0.0,270.79123214541306,270.79123214541306,0.0,0.0
3622,2019-05-31 22:00:00,5,2019-05-31 23:00:00,0.10531,0.10531,0.10531,0.12,0.0,232.52792165333258,-0.0,0.0,0.0,232.52792165333258,232.52792165333258,0.0,0.0
3623,2019-05-31 23:00:00,5,2019-06-01 00:00:00,0.10531,0.10531,0.10531,0.12,0.0,223.05432637786745,-292.5290284004959,0.0,0.0,515.5833547783634,515.5833547783634,0.0,1.0
3624,2019-06-01 00:00:00,6,2019-06-01 01:00:00,0.10547,0.10547,0.10547,0.12,0.3364083826605703,223.05432549578782,-0.0,0.0,0.0,223.05432549578782,223.05432549578782,0.0,0.0
3625,2019-06-01 01:00:00,6,2019-06-01 02:00:00,0.10547,0.10547,0.10547,0.12,0.3364083826605703,223.05432549113715,-0.0,0.0,0.0,223.05432549113715,223.05432549113715,0.0,0.0
3626,2019-06-01 02:00:00,6,2019-06-01 03:00:00,0.10547,0.10547,0.10547,0.12,0.3364083826605703,223.0543255167159,-0.0,0.0,0.0,223.0543255167159,223.0543255167159,0.0,0.0
3627,2019-06-01 03:00:00,6,2019-06-01 04:00:00,0.10547,0.10547,0.10547,0.12,0.3364083826605703,232.52792084798926,-177.03618899080843,0.0,0.0,409.56410983879766,409.56410983879766,0.0,1.0
3628,2019-06-01 04:00:00,6,2019-06-01 05:00:00,0.10547,0.10547,0.10547,0.12,0.54,264.1699738048744,-0.0,0.0,0.0,264.1699738048744,264.1699738048744,0.0,0.0
3629,2019-06-01 05:00:00,6,2019-06-01 06:00:00,0.10547,0.10547,0.10547,0.12,0.54,292.7550768030485,-0.0,0.0,0.0,292.7550768030485,292.7550768030485,0.0,0.0
3630,2019-06-01 06:00:00,6,2019-06-01 07:00:00,0.10547,0.10547,0.10547,0.12,0.54,450.64579447143416,-400.0,0.0,0.0,850.6457944714341,850.6457944714341,0.0,1.0
3631,2019-06-01 07:00:00,6,2019-06-01 08:00:00,0.10547,0.10547,0.10547,0.12,1.0,1049.5793205959192,-0.0,43.10752836026637,0.0,1006.4717922356529,1006.4717922356529,0.0,0.0
3632,2019-06-01 08:00:00,6,2019-06-01 09:00:00,0.10547,0.10547,0.10547,0.12,0.9414299886409424,1087.1204840079583,-0.0,80.64869177230554,0.0,1006.4717922356529,1006.4717922356529,0.0,0.0
3633,2019-06-01 09:00:00,6,2019-06-01 10:00:00,0.10547,0.10547,0.10547,0.12,0.831852961776397,1066.981818329352,-0.0,60.51002609369931,0.0,1006.4717922356529,1006.4717922356529,0.0,0.0
3634,2019-06-01 10:00:00,6,2019-06-01 11:00:00,0.10547,0.10547,0.10547,0.12,0.7496382524099576,1087.9512169238592,-0.0,81.4794246882064,0.0,1006.4717922356529,1006.4717922356529,0.0,0.0
3635,2019-06-01 11:00:00,6,2019-06-01 12:00:00,0.10547,0.10547,0.10547,0.12,0.6389325123444596,1066.3811157378357,-0.0,59.90932350218287,0.0,1006.4717922356529,1006.4717922356529,0.0,0.0
3636,2019-06-01 12:00:00,6,2019-06-01 13:00:00,0.10547,0.10547,0.10547,0.12,0.5575339749773633,1096.9829229632674,-0.0,90.51113072761454,0.0,1006.4717922356529,1006.4717922356529,0.0,0.0
3637,2019-06-01 13:00:00,6,2019-06-01 14:00:00,0.10547,0.10547,0.10547,0.12,0.4345568951844088,1087.6836309207915,-0.0,81.21183868513873,0.0,1006.4717922356529,1006.4717922356529,0.0,0.0
3638,2019-06-01 14:00:00,6,2019-06-01 15:00:00,0.12561,0.12561,0.12561,0.12,0.3242147230578617,1093.214446697036,-0.0,86.74265446138321,0.0,1006.4717922356529,1006.4717922356529,0.0,0.0
3639,2019-06-01 15:00:00,6,2019-06-01 16:00:00,0.12561,0.12561,0.12561,0.12,0.20635785558315634,1142.698614744446,-0.0,136.2268225087933,0.0,1006.4717922356529,1006.4717922356529,0.0,0.0
3640,2019-06-01 16:00:00,6,2019-06-01 17:00:00,0.15111,0.15111,0.15111,0.12,0.021267064130991612,1022.1243514360626,-0.0,15.652559200409826,0.0,1006.4717922356529,1006.4717922356529,0.0,0.0
3641,2019-06-01 17:00:00,6,2019-06-01 18:00:00,0.15111,0.15111,0.15111,0.12,0.0,850.2550240334293,-0.0,0.0,0.0,850.2550240334293,850.2550240334293,0.0,0.0
3642,2019-06-01 18:00:00,6,2019-06-01 19:00:00,0.15111,0.15111,0.15111,0.12,0.0,824.0328976993446,-0.0,0.0,0.0,824.0328976993446,824.0328976993446,0.0,0.0
3643,2019-06-01 19:00:00,6,2019-06-01 20:00:00,0.15111,0.15111,0.15111,0.12,0.0,676.1889920028448,-0.0,0.0,0.0,676.1889920028448,676.1889920028448,0.0,0.0
3644,2019-06-01 20:00:00,6,2019-06-01 21:00:00,0.15111,0.15111,0.15111,0.12,0.0,551.581552895806,-0.0,0.0,0.0,551.581552895806,551.581552895806,0.0,0.0
3645,2019-06-01 21:00:00,6,2019-06-01 22:00:00,0.12561,0.12561,0.12561,0.12,0.0,270.7912311772958,-0.0,0.0,0.0,270.7912311772958,270.7912311772958,0.0,0.0
3646,2019-06-01 22:00:00,6,2019-06-01 23:00:00,0.12561,0.12561,0.12561,0.12,0.0,232.5279207596263,-0.0,0.0,0.0,232.5279207596263,232.5279207596263,0.0,0.0
3647,2019-06-01 23:00:00,6,2019-06-02 00:00:00,0.10547,0.10547,0.10547,0.12,0.0,223.05432547873534,-0.0,0.0,0.0,223.05432547873534,223.05432547873534,0.0,0.0
3648,2019-06-02 00:00:00,6,2019-06-02 01:00:00,0.10547,0.10547,0.10547,0.12,0.0,223.05432459045483,-0.0,0.0,0.0,223.05432459045483,223.05432459045483,0.0,0.0
3649,2019-06-02 01:00:00,6,2019-06-02 02:00:00,0.10547,0.10547,0.10547,0.12,0.0,223.0543245788281,-0.0,0.0,0.0,223.0543245788281,223.0543245788281,0.0,0.0
3650,2019-06-02 02:00:00,6,2019-06-02 03:00:00,0.10547,0.10547,0.10547,0.12,0.0,223.05432460130643,-0.0,0.0,0.0,223.05432460130643,223.05432460130643,0.0,0.0
3651,2019-06-02 03:00:00,6,2019-06-02 04:00:00,0.10547,0.10547,0.10547,0.12,0.0,232.52791993180466,-400.0,0.0,0.0,632.5279199318047,632.5279199318047,0.0,1.0
3652,2019-06-02 04:00:00,6,2019-06-02 05:00:00,0.10547,0.10547,0.10547,0.12,0.46,264.16997279412595,-400.0,0.0,0.0,664.1699727941259,664.1699727941259,0.0,1.0
3653,2019-06-02 05:00:00,6,2019-06-02 06:00:00,0.10547,0.10547,0.10547,0.12,0.92,510.26610718431044,-69.56521739130434,0.0,0.0,579.8313245756148,579.8313245756148,0.0,1.0
3654,2019-06-02 06:00:00,6,2019-06-02 07:00:00,0.10547,0.10547,0.10547,0.12,1.0,695.2730801212983,0.0,0.0,0.0,695.2730801212983,695.2730801212983,0.0,0.0
3655,2019-06-02 07:00:00,6,2019-06-02 08:00:00,0.10547,0.10547,0.10547,0.12,1.0,1165.067204821647,-0.0,143.56021753733768,0.0,1021.5069872843094,1021.5069872843094,0.0,0.0
3656,2019-06-02 08:00:00,6,2019-06-02 09:00:00,0.10547,0.10547,0.10547,0.12,0.8049453566068782,1143.6260266392171,-0.0,122.11903935490778,0.0,1021.5069872843094,1021.5069872843094,0.0,0.0
3657,2019-06-02 09:00:00,6,2019-06-02 10:00:00,0.10547,0.10547,0.10547,0.12,0.6390227487877099,1093.1361347626482,-0.0,71.6291474783389,0.0,1021.5069872843094,1021.5069872843094,0.0,0.0
3658,2019-06-02 10:00:00,6,2019-06-02 11:00:00,0.10547,0.10547,0.10547,0.12,0.541700537539967,1083.0094460107216,-0.0,61.50245872641227,0.0,1021.5069872843094,1021.5069872843094,0.0,0.0
3659,2019-06-02 11:00:00,6,2019-06-02 12:00:00,0.10547,0.10547,0.10547,0.12,0.45813741427038507,1055.5487944909366,-0.0,34.04180720662737,0.0,1021.5069872843093,1021.5069872843093,0.0,0.0
3660,2019-06-02 12:00:00,6,2019-06-02 13:00:00,0.10547,0.10547,0.10547,0.12,0.4118849588265979,1090.5208806467533,-0.0,69.01389336244392,0.0,1021.5069872843094,1021.5069872843094,0.0,0.0
3661,2019-06-02 13:00:00,6,2019-06-02 14:00:00,0.10547,0.10547,0.10547,0.12,0.3181160819754513,1081.4236688488622,-0.0,59.916681564552874,0.0,1021.5069872843094,1021.5069872843094,0.0,0.0
3662,2019-06-02 14:00:00,6,2019-06-02 15:00:00,0.12561,0.12561,0.12561,0.12,0.2367075472410046,1081.4346433066266,-0.0,59.92765602231728,0.0,1021.5069872843094,1021.5069872843094,0.0,0.0
3663,2019-06-02 15:00:00,6,2019-06-02 16:00:00,0.12561,0.12561,0.12561,0.12,0.15528410155850828,1121.5347009549125,-0.0,100.02771367060313,0.0,1021.5069872843094,1021.5069872843094,0.0,0.0
3664,2019-06-02 16:00:00,6,2019-06-02 17:00:00,0.15111,0.15111,0.15111,0.12,0.019376881897362724,1035.7683723607684,-0.0,14.261385076458964,0.0,1021.5069872843094,1021.5069872843094,0.0,0.0
3665,2019-06-02 17:00:00,6,2019-06-02 18:00:00,0.15111,0.15111,0.15111,0.12,0.0,888.427894538331,-0.0,0.0,0.0,888.427894538331,888.427894538331,0.0,0.0
3666,2019-06-02 18:00:00,6,2019-06-02 19:00:00,0.15111,0.15111,0.15111,0.12,0.0,879.9538381490248,-0.0,0.0,0.0,879.9538381490248,879.9538381490248,0.0,0.0
3667,2019-06-02 19:00:00,6,2019-06-02 20:00:00,0.15111,0.15111,0.15111,0.12,0.0,771.5327745692892,-0.0,0.0,0.0,771.5327745692892,771.5327745692892,0.0,0.0
3668,2019-06-02 20:00:00,6,2019-06-02 21:00:00,0.15111,0.15111,0.15111,0.12,0.0,736.1645158783252,-0.0,0.0,0.0,736.1645158783252,736.1645158783252,0.0,0.0
3669,2019-06-02 21:00:00,6,2019-06-02 22:00:00,0.12561,0.12561,0.12561,0.12,0.0,270.79123049674587,-0.0,0.0,0.0,270.79123049674587,270.79123049674587,0.0,0.0
3670,2019-06-02 22:00:00,6,2019-06-02 23:00:00,0.12561,0.12561,0.12561,0.12,0.0,232.5279199705604,-0.0,0.0,0.0,232.5279199705604,232.5279199705604,0.0,0.0
3671,2019-06-02 23:00:00,6,2019-06-03 00:00:00,0.10547,0.10547,0.10547,0.12,0.0,223.0543246741671,-0.0,0.0,0.0,223.0543246741671,223.0543246741671,0.0,0.0
3672,2019-06-03 00:00:00,6,2019-06-03 01:00:00,0.10547,0.10547,0.10547,0.12,0.0,184.4220840276045,-0.0,0.0,0.0,184.4220840276045,184.4220840276045,0.0,1.0
3673,2019-06-03 01:00:00,6,2019-06-03 02:00:00,0.10547,0.10547,0.10547,0.12,-4.308365516773436e-33,184.42208407876203,-0.0,0.0,0.0,184.42208407876203,184.42208407876203,0.0,1.0
3674,2019-06-03 02:00:00,6,2019-06-03 03:00:00,0.10547,0.10547,0.10547,0.12,4.416021047014488e-17,184.4220840493077,-0.0,0.0,0.0,184.4220840493077,184.4220840493077,0.0,1.0
3675,2019-06-03 03:00:00,6,2019-06-03 04:00:00,0.10547,0.10547,0.10547,0.12,1.651775581041073e-17,193.89567930772034,-0.0,0.0,0.0,193.89567930772034,193.89567930772034,0.0,1.0
3676,2019-06-03 04:00:00,6,2019-06-03 05:00:00,0.10547,0.10547,0.10547,0.12,3.317116983496166e-17,206.2216120382134,-0.0,0.0,0.0,206.2216120382134,206.2216120382134,0.0,1.0
3677,2019-06-03 05:00:00,6,2019-06-03 06:00:00,0.10547,0.10547,0.10547,0.12,3.317116983496166e-17,323.9893345183476,-400.0,0.0,0.0,723.9893345183476,723.9893345183476,0.0,1.0
3678,2019-06-03 06:00:00,6,2019-06-03 07:00:00,0.10547,0.10547,0.10547,0.12,0.46,448.5552537088744,-1.8535897454611308e-13,0.0,0.0,448.55525370887455,448.55525370887455,0.0,0.0
3679,2019-06-03 07:00:00,6,2019-06-03 08:00:00,0.10547,0.10547,0.10547,0.12,0.4600000000000002,789.8161382797435,0.0,0.0,0.0,789.8161382797435,789.8161382797435,0.0,0.0
3680,2019-06-03 08:00:00,6,2019-06-03 09:00:00,0.10547,0.10547,0.10547,0.12,0.4600000000000002,807.7539730643125,-0.0,0.0,0.0,807.7539730643125,807.7539730643125,0.0,0.0
3681,2019-06-03 09:00:00,6,2019-06-03 10:00:00,0.10547,0.10547,0.10547,0.12,0.4600000000000002,795.5516582858738,-89.48346751749989,0.0,0.0,885.0351258033737,885.0351258033737,0.0,1.0
3682,2019-06-03 10:00:00,6,2019-06-03 11:00:00,0.10547,0.10547,0.10547,0.12,0.5629059876451251,791.1236972168068,-93.9114285865669,0.0,0.0,885.0351258033737,885.0351258033737,0.0,1.0
3683,2019-06-03 11:00:00,6,2019-06-03 12:00:00,0.10547,0.10547,0.10547,0.12,0.670904130519677,795.0224242334721,0.0,0.0,0.0,795.0224242334721,795.0224242334721,0.0,0.0
3684,2019-06-03 12:00:00,6,2019-06-03 13:00:00,0.10547,0.10547,0.10547,0.12,0.670904130519677,799.3822280809677,-42.82644886120295,-5.684341886080802e-14,0.0,842.2086769421708,842.2086769421708,0.0,1.0
3685,2019-06-03 13:00:00,6,2019-06-03 14:00:00,0.10547,0.10547,0.10547,0.12,0.7201545467100604,598.8648045161364,-243.3438724260343,-5.684341886080802e-14,0.0,842.2086769421707,842.2086769421707,0.0,1.0
3686,2019-06-03 14:00:00,6,2019-06-03 15:00:00,0.12561,0.12561,0.12561,0.12,1.0,596.3161210923486,-0.0,-6.608745260391459e-14,0.0,596.3161210923488,596.3161210923488,0.0,1.0
3687,2019-06-03 15:00:00,6,2019-06-03 16:00:00,0.12561,0.12561,0.12561,0.12,1.0,630.9781344623707,0.0,0.0,0.0,630.9781344623707,630.9781344623707,0.0,0.0
3688,2019-06-03 16:00:00,6,2019-06-03 17:00:00,0.15111,0.15111,0.15111,0.12,1.0,584.0954992872715,-0.0,0.0,0.0,584.0954992872715,584.0954992872715,0.0,0.0
3689,2019-06-03 17:00:00,6,2019-06-03 18:00:00,0.15111,0.15111,0.15111,0.12,1.0,465.56108027096855,-0.0,232.976499350348,0.0,232.58458092062054,232.58458092062054,0.0,0.0
3690,2019-06-03 18:00:00,6,2019-06-03 19:00:00,0.15111,0.15111,0.15111,0.12,0.6834558432739837,265.5301744064557,-0.0,265.5301744064556,0.0,0.0,0.0,0.0,0.0
3691,2019-06-03 19:00:00,6,2019-06-03 20:00:00,0.15111,0.15111,0.15111,0.12,0.32268114978695167,237.49332624319644,-0.0,237.49332624319644,0.0,0.0,0.0,0.0,0.0
3692,2019-06-03 20:00:00,6,2019-06-03 21:00:00,0.15111,0.15111,0.15111,0.12,0.0,231.79146897367107,-0.0,-1.7737659406898078e-14,0.0,231.7914689736711,231.7914689736711,0.0,0.0
3693,2019-06-03 21:00:00,6,2019-06-03 22:00:00,0.12561,0.12561,0.12561,0.12,0.0,212.84286987027735,-0.0,0.0,0.0,212.84286987027735,212.84286987027735,0.0,0.0
3694,2019-06-03 22:00:00,6,2019-06-03 23:00:00,0.12561,0.12561,0.12561,0.12,0.0,193.89567933639955,-0.0,0.0,0.0,193.89567933639955,193.89567933639955,0.0,0.0
3695,2019-06-03 23:00:00,6,2019-06-04 00:00:00,0.10547,0.10547,0.10547,0.12,0.0,184.42208405860907,-0.0,0.0,0.0,184.42208405860907,184.42208405860907,0.0,1.0
3696,2019-06-04 00:00:00,6,2019-06-04 01:00:00,0.10547,0.10547,0.10547,0.12,0.0,184.4217312546704,-0.0,0.0,0.0,184.4217312546704,184.4217312546704,0.0,1.0
3697,2019-06-04 01:00:00,6,2019-06-04 02:00:00,0.10547,0.10547,0.10547,0.12,0.0,184.42173137481305,-0.0,0.0,0.0,184.42173137481305,184.42173137481305,0.0,0.0
3698,2019-06-04 02:00:00,6,2019-06-04 03:00:00,0.10547,0.10547,0.10547,0.12,0.0,184.42173123451744,-0.0,0.0,0.0,184.42173123451744,184.42173123451744,0.0,0.0
3699,2019-06-04 03:00:00,6,2019-06-04 04:00:00,0.10547,0.10547,0.10547,0.12,0.0,193.8953262092384,-0.0,0.0,0.0,193.8953262092384,193.8953262092384,0.0,1.0
3700,2019-06-04 04:00:00,6,2019-06-04 05:00:00,0.10547,0.10547,0.10547,0.12,0.0,206.22125855062427,-279.59840921354817,0.0,0.0,485.81966776417244,485.81966776417244,0.0,1.0
3701,2019-06-04 05:00:00,6,2019-06-04 06:00:00,0.10547,0.10547,0.10547,0.12,0.32153817059558043,211.00300975902476,-274.8166580051477,0.0,0.0,485.81966776417244,485.81966776417244,0.0,1.0
3702,2019-06-04 06:00:00,6,2019-06-04 07:00:00,0.10547,0.10547,0.10547,0.12,0.6375773273015004,229.9502001425305,-0.0,0.0,0.0,229.9502001425305,229.9502001425305,0.0,0.0
3703,2019-06-04 07:00:00,6,2019-06-04 08:00:00,0.10547,0.10547,0.10547,0.12,0.6375773273015004,377.4194717283966,-0.0,0.0,0.0,377.4194717283966,377.4194717283966,0.0,0.0
3704,2019-06-04 08:00:00,6,2019-06-04 09:00:00,0.10547,0.10547,0.10547,0.12,0.6375773273015004,459.7822752372726,-0.0,0.0,0.0,459.7822752372726,459.7822752372726,0.0,1.0
3705,2019-06-04 09:00:00,6,2019-06-04 10:00:00,0.10547,0.10547,0.10547,0.12,0.6375773273015004,393.47731566756823,-0.0,0.0,0.0,393.47731566756823,393.47731566756823,0.0,1.0
3706,2019-06-04 10:00:00,6,2019-06-04 11:00:00,0.10547,0.10547,0.10547,0.12,0.6375773273015004,420.8252840816428,-0.0,0.0,0.0,420.8252840816428,420.8252840816428,0.0,0.0
3707,2019-06-04 11:00:00,6,2019-06-04 12:00:00,0.10547,0.10547,0.10547,0.12,0.6375773273015004,163.6357374641522,-0.0,0.0,0.0,163.6357374641522,163.6357374641522,0.0,0.0
3708,2019-06-04 12:00:00,6,2019-06-04 13:00:00,0.10547,0.10547,0.10547,0.12,0.6375773273015004,163.63679387229882,-0.0,0.0,0.0,163.63679387229882,163.63679387229882,0.0,0.0
3709,2019-06-04 13:00:00,6,2019-06-04 14:00:00,0.10547,0.10547,0.10547,0.12,0.6375773273015004,170.6695175915642,-315.15015017260833,0.0,0.0,485.81966776417255,485.81966776417255,0.0,1.0
3710,2019-06-04 14:00:00,6,2019-06-04 15:00:00,0.12561,0.12561,0.12561,0.12,1.0,383.79583063403186,-0.0,0.0,0.0,383.79583063403186,383.79583063403186,0.0,1.0
3711,2019-06-04 15:00:00,6,2019-06-04 16:00:00,0.12561,0.12561,0.12561,0.12,1.0,485.3930747417856,0.0,0.0,0.0,485.3930747417856,485.3930747417856,0.0,0.0
3712,2019-06-04 16:00:00,6,2019-06-04 17:00:00,0.15111,0.15111,0.15111,0.12,1.0,470.01627033138357,-0.0,400.0,0.0,70.01627033138357,70.01627033138357,0.0,0.0
3713,2019-06-04 17:00:00,6,2019-06-04 18:00:00,0.15111,0.15111,0.15111,0.12,0.4565217391304348,456.19117593521435,-0.0,124.99698999138865,0.0,331.1941859438257,331.1941859438257,0.0,0.0
3714,2019-06-04 18:00:00,6,2019-06-04 19:00:00,0.15111,0.15111,0.15111,0.12,0.28668887229430895,211.00301000861143,-0.0,211.00301000861143,0.0,0.0,0.0,0.0,0.0
3715,2019-06-04 19:00:00,6,2019-06-04 20:00:00,0.15111,0.15111,0.15111,0.12,0.0,237.4922685685137,-0.0,0.0,0.0,237.4922685685137,237.4922685685137,0.0,0.0
3716,2019-06-04 20:00:00,6,2019-06-04 21:00:00,0.15111,0.15111,0.15111,0.12,0.0,231.79076373319774,-0.0,0.0,0.0,231.79076373319774,231.79076373319774,0.0,0.0
3717,2019-06-04 21:00:00,6,2019-06-04 22:00:00,0.12561,0.12561,0.12561,0.12,0.0,212.84251686945979,-0.0,0.0,0.0,212.84251686945979,212.84251686945979,0.0,0.0
3718,2019-06-04 22:00:00,6,2019-06-04 23:00:00,0.12561,0.12561,0.12561,0.12,0.0,193.8953260867704,-0.0,0.0,0.0,193.8953260867704,193.8953260867704,0.0,0.0
3719,2019-06-04 23:00:00,6,2019-06-05 00:00:00,0.10547,0.10547,0.10547,0.12,0.0,184.4217311050734,-0.0,0.0,0.0,184.4217311050734,184.4217311050734,0.0,0.0
3720,2019-06-05 00:00:00,6,2019-06-05 01:00:00,0.10547,0.10547,0.10547,0.12,0.0,223.054322257362,-0.0,0.0,0.0,223.054322257362,223.054322257362,0.0,0.0
3721,2019-06-05 01:00:00,6,2019-06-05 02:00:00,0.10547,0.10547,0.10547,0.12,0.0,223.05432221705607,-0.0,0.0,0.0,223.05432221705607,223.05432221705607,0.0,0.0
3722,2019-06-05 02:00:00,6,2019-06-05 03:00:00,0.10547,0.10547,0.10547,0.12,0.0,223.05432222403212,-0.0,0.0,0.0,223.05432222403212,223.05432222403212,0.0,0.0
3723,2019-06-05 03:00:00,6,2019-06-05 04:00:00,0.10547,0.10547,0.10547,0.12,0.0,232.52791754910456,-99.92504352111251,0.0,0.0,332.45296107021704,332.45296107021704,0.0,1.0
3724,2019-06-05 04:00:00,6,2019-06-05 05:00:00,0.10547,0.10547,0.10547,0.12,0.1149138000492794,264.1699691526409,-0.0,0.0,0.0,264.1699691526409,264.1699691526409,0.0,0.0
3725,2019-06-05 05:00:00,6,2019-06-05 06:00:00,0.10547,0.10547,0.10547,0.12,0.1149138000492794,421.92592002608484,-400.0,0.0,0.0,821.9259200260849,821.9259200260849,0.0,1.0
3726,2019-06-05 06:00:00,6,2019-06-05 07:00:00,0.10547,0.10547,0.10547,0.12,0.5749138000492794,651.9710515043981,-369.6401738701918,0.0,0.0,1021.6112253745899,1021.6112253745899,0.0,1.0
3727,2019-06-05 07:00:00,6,2019-06-05 08:00:00,0.10547,0.10547,0.10547,0.12,1.0,1131.0230889293941,-0.0,109.41186355480423,0.0,1021.6112253745899,1021.6112253745899,0.0,0.0
3728,2019-06-05 08:00:00,6,2019-06-05 09:00:00,0.10547,0.10547,0.10547,0.12,0.8513425766918421,1130.9067100279478,-0.0,109.29548465335793,0.0,1021.6112253745899,1021.6112253745899,0.0,0.0
3729,2019-06-05 09:00:00,6,2019-06-05 10:00:00,0.10547,0.10547,0.10547,0.12,0.7028432768910841,1101.7199917393266,-0.0,80.10876636473665,0.0,1021.6112253745899,1021.6112253745899,0.0,0.0
3730,2019-06-05 10:00:00,6,2019-06-05 11:00:00,0.10547,0.10547,0.10547,0.12,0.5939998443303005,1088.4326448271918,-0.0,66.82141945260184,0.0,1021.6112253745899,1021.6112253745899,0.0,0.0
3731,2019-06-05 11:00:00,6,2019-06-05 12:00:00,0.10547,0.10547,0.10547,0.12,0.5032098722479611,1050.5931061908702,-0.0,28.981880816280295,0.0,1021.6112253745899,1021.6112253745899,0.0,0.0
3732,2019-06-05 12:00:00,6,2019-06-05 13:00:00,0.10547,0.10547,0.10547,0.12,0.463832316791059,1089.287291432812,-0.0,67.6760660582221,0.0,1021.6112253745899,1021.6112253745899,0.0,0.0
3733,2019-06-05 13:00:00,6,2019-06-05 14:00:00,0.10547,0.10547,0.10547,0.12,0.3718811400815181,1087.6937159198646,-0.0,66.08249054527471,0.0,1021.6112253745899,1021.6112253745899,0.0,0.0
3734,2019-06-05 14:00:00,6,2019-06-05 15:00:00,0.12561,0.12561,0.12561,0.12,0.2820951474928297,1089.4314759638335,-0.0,67.82025058924353,0.0,1021.6112253745899,1021.6112253745899,0.0,0.0
3735,2019-06-05 15:00:00,6,2019-06-05 16:00:00,0.12561,0.12561,0.12561,0.12,0.1899480678878794,1136.135522915135,-0.0,114.52429754054504,0.0,1021.6112253745899,1021.6112253745899,0.0,0.0
3736,2019-06-05 16:00:00,6,2019-06-05 17:00:00,0.15111,0.15111,0.15111,0.12,0.034344402751269286,1046.8887057995241,-0.0,25.277480424934197,0.0,1021.6112253745899,1021.6112253745899,0.0,0.0
3737,2019-06-05 17:00:00,6,2019-06-05 18:00:00,0.15111,0.15111,0.15111,0.12,0.0,856.9117919263816,-0.0,0.0,0.0,856.9117919263816,856.9117919263816,0.0,0.0
3738,2019-06-05 18:00:00,6,2019-06-05 19:00:00,0.15111,0.15111,0.15111,0.12,0.0,812.1327750617708,-0.0,0.0,0.0,812.1327750617708,812.1327750617708,0.0,0.0
3739,2019-06-05 19:00:00,6,2019-06-05 20:00:00,0.15111,0.15111,0.15111,0.12,0.0,631.0635459532203,-0.0,0.0,0.0,631.0635459532203,631.0635459532203,0.0,0.0
3740,2019-06-05 20:00:00,6,2019-06-05 21:00:00,0.15111,0.15111,0.15111,0.12,0.0,546.9567046514395,-0.0,0.0,0.0,546.9567046514395,546.9567046514395,0.0,0.0
3741,2019-06-05 21:00:00,6,2019-06-05 22:00:00,0.12561,0.12561,0.12561,0.12,0.0,270.791227986927,-0.0,0.0,0.0,270.791227986927,270.791227986927,0.0,0.0
3742,2019-06-05 22:00:00,6,2019-06-05 23:00:00,0.12561,0.12561,0.12561,0.12,0.0,232.52791749252125,-0.0,0.0,0.0,232.52791749252125,232.52791749252125,0.0,0.0
3743,2019-06-05 23:00:00,6,2019-06-06 00:00:00,0.10547,0.10547,0.10547,0.12,0.0,223.0543221728746,-0.0,0.0,0.0,223.0543221728746,223.0543221728746,0.0,0.0
3744,2019-06-06 00:00:00,6,2019-06-06 01:00:00,0.10547,0.10547,0.10547,0.12,0.0,223.05432137450728,-0.0,0.0,0.0,223.05432137450728,223.05432137450728,0.0,0.0
3745,2019-06-06 01:00:00,6,2019-06-06 02:00:00,0.10547,0.10547,0.10547,0.12,0.0,223.05432142256433,-0.0,0.0,0.0,223.05432142256433,223.05432142256433,0.0,0.0
3746,2019-06-06 02:00:00,6,2019-06-06 03:00:00,0.10547,0.10547,0.10547,0.12,0.0,223.05432145744447,-0.0,0.0,0.0,223.05432145744447,223.05432145744447,0.0,0.0
3747,2019-06-06 03:00:00,6,2019-06-06 04:00:00,0.10547,0.10547,0.10547,0.12,0.0,232.5279167034553,-69.56521739130434,0.0,0.0,302.09313409475965,302.09313409475965,0.0,1.0
3748,2019-06-06 04:00:00,6,2019-06-06 05:00:00,0.10547,0.10547,0.10547,0.12,0.08,264.1699682496332,-0.0,0.0,0.0,264.1699682496332,264.1699682496332,0.0,0.0
3749,2019-06-06 05:00:00,6,2019-06-06 06:00:00,0.10547,0.10547,0.10547,0.12,0.08,345.314481307692,-400.0,0.0,0.0,745.314481307692,745.314481307692,0.0,1.0
3750,2019-06-06 06:00:00,6,2019-06-06 07:00:00,0.10547,0.10547,0.10547,0.12,0.54,601.2992908368069,-400.0,0.0,0.0,1001.2992908368069,1001.2992908368069,0.0,1.0
3751,2019-06-06 07:00:00,6,2019-06-06 08:00:00,0.10547,0.10547,0.10547,0.12,1.0,1103.167501225298,-0.0,81.55627585070818,0.0,1021.6112253745899,1021.6112253745899,0.0,0.0
3752,2019-06-06 08:00:00,6,2019-06-06 09:00:00,0.10547,0.10547,0.10547,0.12,0.8891898425941466,1096.4964451309318,-0.0,74.88521975634183,0.0,1021.6112253745899,1021.6112253745899,0.0,0.0
3753,2019-06-06 09:00:00,6,2019-06-06 10:00:00,0.10547,0.10547,0.10547,0.12,0.787443620099117,1084.6805334320063,-0.0,63.06930805741638,0.0,1021.6112253745899,1021.6112253745899,0.0,0.0
3754,2019-06-06 10:00:00,6,2019-06-06 11:00:00,0.10547,0.10547,0.10547,0.12,0.7017516254558882,1100.4184393148207,-0.0,78.80721394023078,0.0,1021.6112253745899,1021.6112253745899,0.0,0.0
3755,2019-06-06 11:00:00,6,2019-06-06 12:00:00,0.10547,0.10547,0.10547,0.12,0.5946766065153573,1061.017264578268,-0.0,39.406039203678006,0.0,1021.6112253745899,1021.6112253745899,0.0,0.0
3756,2019-06-06 12:00:00,6,2019-06-06 13:00:00,0.10547,0.10547,0.10547,0.12,0.5411357923799252,1087.9442726862687,-0.0,66.3330473116788,0.0,1021.6112253745899,1021.6112253745899,0.0,0.0
3757,2019-06-06 13:00:00,6,2019-06-06 14:00:00,0.10547,0.10547,0.10547,0.12,0.45100936940210073,1088.6306313852772,-0.0,67.01940601068725,0.0,1021.6112253745899,1021.6112253745899,0.0,0.0
3758,2019-06-06 14:00:00,6,2019-06-06 15:00:00,0.12561,0.12561,0.12561,0.12,0.35995039384410177,1103.134971470341,-0.0,81.52374609575111,0.0,1021.6112253745899,1021.6112253745899,0.0,0.0
3759,2019-06-06 15:00:00,6,2019-06-06 16:00:00,0.12561,0.12561,0.12561,0.12,0.24918443447487473,1133.7208287354408,-0.0,112.10960336085088,0.0,1021.6112253745899,1021.6112253745899,0.0,0.0
3760,2019-06-06 16:00:00,6,2019-06-06 17:00:00,0.15111,0.15111,0.15111,0.12,0.09686160382154473,1021.3169260320633,-0.0,1.3073986337985844e-14,0.0,1021.3169260320633,1021.3169260320633,0.0,1.0
3761,2019-06-06 17:00:00,6,2019-06-06 18:00:00,0.15111,0.15111,0.15111,0.12,0.09686160382154471,843.9034947502195,-0.0,0.0,0.0,843.9034947502195,843.9034947502195,0.0,0.0
3762,2019-06-06 18:00:00,6,2019-06-06 19:00:00,0.15111,0.15111,0.15111,0.12,0.09686160382154471,812.6793419319421,-0.0,0.0,0.0,812.6793419319421,812.6793419319421,0.0,0.0
3763,2019-06-06 19:00:00,6,2019-06-06 20:00:00,0.15111,0.15111,0.15111,0.12,0.09686160382154471,676.0175543976868,-0.0,71.29014041265691,0.0,604.7274139850299,604.7274139850299,0.0,0.0
3764,2019-06-06 20:00:00,6,2019-06-06 21:00:00,0.15111,0.15111,0.15111,0.12,0.0,604.7219282129837,-0.0,0.0,0.0,604.7219282129837,604.7219282129837,0.0,0.0
3765,2019-06-06 21:00:00,6,2019-06-06 22:00:00,0.12561,0.12561,0.12561,0.12,0.0,270.79122715755517,-0.0,0.0,0.0,270.79122715755517,270.79122715755517,0.0,0.0
3766,2019-06-06 22:00:00,6,2019-06-06 23:00:00,0.12561,0.12561,0.12561,0.12,0.0,232.52791666159914,-0.0,0.0,0.0,232.52791666159914,232.52791666159914,0.0,0.0
3767,2019-06-06 23:00:00,6,2019-06-07 00:00:00,0.10547,0.10547,0.10547,0.12,0.0,223.05432139388515,-0.0,0.0,0.0,223.05432139388515,223.05432139388515,0.0,0.0
3768,2019-06-07 00:00:00,6,2019-06-07 01:00:00,0.10547,0.10547,0.10547,0.12,0.0,223.0543206156708,-69.56521739130422,0.0,0.0,292.619538006975,292.619538006975,0.0,1.0
3769,2019-06-07 01:00:00,6,2019-06-07 02:00:00,0.10547,0.10547,0.10547,0.12,0.07999999999999986,223.05432059164224,-0.0,0.0,0.0,223.05432059164224,223.05432059164224,0.0,0.0
3770,2019-06-07 02:00:00,6,2019-06-07 03:00:00,0.10547,0.10547,0.10547,0.12,0.07999999999999986,223.05432056296303,-0.0,0.0,0.0,223.05432056296303,223.05432056296303,0.0,0.0
3771,2019-06-07 03:00:00,6,2019-06-07 04:00:00,0.10547,0.10547,0.10547,0.12,0.07999999999999986,232.52791586633234,-0.0,0.0,0.0,232.52791586633234,232.52791586633234,0.0,0.0
3772,2019-06-07 04:00:00,6,2019-06-07 05:00:00,0.10547,0.10547,0.10547,0.12,0.07999999999999986,264.1699665870139,-400.00000000000006,0.0,0.0,664.169966587014,664.169966587014,0.0,1.0
3773,2019-06-07 05:00:00,6,2019-06-07 06:00:00,0.10547,0.10547,0.10547,0.12,0.5399999999999999,343.0862033641667,-400.00000000000006,0.0,0.0,743.0862033641667,743.0862033641667,0.0,1.0
3774,2019-06-07 06:00:00,6,2019-06-07 07:00:00,0.10547,0.10547,0.10547,0.12,1.0,505.95994983650166,0.0,0.0,0.0,505.95994983650166,505.95994983650166,0.0,0.0
3775,2019-06-07 07:00:00,6,2019-06-07 08:00:00,0.10547,0.10547,0.10547,0.12,1.0,1032.8718395913982,-0.0,11.260614216808221,0.0,1021.6112253745899,1021.6112253745899,0.0,0.0
3776,2019-06-07 08:00:00,6,2019-06-07 09:00:00,0.10547,0.10547,0.10547,0.12,0.9847002524228149,1070.6160237944698,-0.0,49.004798419879876,0.0,1021.6112253745899,1021.6112253745899,0.0,0.0
3777,2019-06-07 09:00:00,6,2019-06-07 10:00:00,0.10547,0.10547,0.10547,0.12,0.9181176458740652,1041.7633584938853,-0.0,20.1521331192954,0.0,1021.6112253745899,1021.6112253745899,0.0,0.0
3778,2019-06-07 10:00:00,6,2019-06-07 11:00:00,0.10547,0.10547,0.10547,0.12,0.8907370302228486,1047.0644778105511,-0.0,25.45325243596119,0.0,1021.6112253745899,1021.6112253745899,0.0,0.0
3779,2019-06-07 11:00:00,6,2019-06-07 12:00:00,0.10547,0.10547,0.10547,0.12,0.8561538068044231,1010.9527171930059,-10.658508181584011,0.0,0.0,1021.6112253745899,1021.6112253745899,0.0,1.0
3780,2019-06-07 12:00:00,6,2019-06-07 13:00:00,0.10547,0.10547,0.10547,0.12,0.8684110912132448,1050.6563713043777,-0.0,29.045145929787736,0.0,1021.6112253745899,1021.6112253745899,0.0,0.0
3781,2019-06-07 13:00:00,6,2019-06-07 14:00:00,0.10547,0.10547,0.10547,0.12,0.8289475777216854,1048.1922591805376,-0.0,26.58103380594764,0.0,1021.6112253745899,1021.6112253745899,0.0,0.0
3782,2019-06-07 14:00:00,6,2019-06-07 15:00:00,0.12561,0.12561,0.12561,0.12,0.7928320426592567,1048.6441700648343,-0.0,27.032944690244335,0.0,1021.6112253745899,1021.6112253745899,0.0,0.0
3783,2019-06-07 15:00:00,6,2019-06-07 16:00:00,0.12561,0.12561,0.12561,0.12,0.7561024982431639,1087.3716508199986,-0.0,65.76042544540871,0.0,1021.6112253745899,1021.6112253745899,0.0,0.0
3784,2019-06-07 16:00:00,6,2019-06-07 17:00:00,0.15111,0.15111,0.15111,0.12,0.6667540941053802,993.7708252051723,-0.0,0.0,0.0,993.7708252051723,993.7708252051723,0.0,1.0
3785,2019-06-07 17:00:00,6,2019-06-07 18:00:00,0.15111,0.15111,0.15111,0.12,0.6667540941053802,830.4046903276662,-0.0,400.0,0.0,430.40469032766623,430.40469032766623,0.0,0.0
3786,2019-06-07 18:00:00,6,2019-06-07 19:00:00,0.15111,0.15111,0.15111,0.12,0.12327583323581508,757.2826364996387,-0.0,5.2295945351943376e-14,0.0,757.2826364996387,757.2826364996387,0.0,1.0
3787,2019-06-07 19:00:00,6,2019-06-07 20:00:00,0.15111,0.15111,0.15111,0.12,0.123275833235815,567.8015825954807,-0.0,0.0,0.0,567.8015825954807,567.8015825954807,0.0,0.0
3788,2019-06-07 20:00:00,6,2019-06-07 21:00:00,0.15111,0.15111,0.15111,0.12,0.123275833235815,493.5721898132651,-0.0,90.73101326155985,0.0,402.84117655170525,402.84117655170525,0.0,0.0
3789,2019-06-07 21:00:00,6,2019-06-07 22:00:00,0.12561,0.12561,0.12561,0.12,0.0,270.7912263421354,-0.0,0.0,0.0,270.7912263421354,270.7912263421354,0.0,0.0
3790,2019-06-07 22:00:00,6,2019-06-07 23:00:00,0.12561,0.12561,0.12561,0.12,0.0,232.52791583920333,-0.0,0.0,0.0,232.52791583920333,232.52791583920333,0.0,0.0
3791,2019-06-07 23:00:00,6,2019-06-08 00:00:00,0.10547,0.10547,0.10547,0.12,0.0,223.05432056838885,-0.0,0.0,0.0,223.05432056838885,223.05432056838885,0.0,0.0
3792,2019-06-08 00:00:00,6,2019-06-08 01:00:00,0.10547,0.10547,0.10547,0.12,0.0,223.054319814203,-0.0,0.0,0.0,223.054319814203,223.054319814203,0.0,0.0
3793,2019-06-08 01:00:00,6,2019-06-08 02:00:00,0.10547,0.10547,0.10547,0.12,0.0,223.05431979870076,-0.0,0.0,0.0,223.05431979870076,223.05431979870076,0.0,0.0
3794,2019-06-08 02:00:00,6,2019-06-08 03:00:00,0.10547,0.10547,0.10547,0.12,0.0,223.0543197630455,-0.0,0.0,0.0,223.0543197630455,223.0543197630455,0.0,0.0
3795,2019-06-08 03:00:00,6,2019-06-08 04:00:00,0.10547,0.10547,0.10547,0.12,0.0,232.52791506331428,-0.0,0.0,0.0,232.52791506331428,232.52791506331428,0.0,0.0
3796,2019-06-08 04:00:00,6,2019-06-08 05:00:00,0.10547,0.10547,0.10547,0.12,0.0,264.1699653003248,-399.99999999999994,0.0,0.0,664.1699653003247,664.1699653003247,0.0,1.0
3797,2019-06-08 05:00:00,6,2019-06-08 06:00:00,0.10547,0.10547,0.10547,0.12,0.4599999999999999,303.1583468640286,-399.99999999999994,0.0,0.0,703.1583468640285,703.1583468640285,0.0,1.0
3798,2019-06-08 06:00:00,6,2019-06-08 07:00:00,0.10547,0.10547,0.10547,0.12,0.9199999999999998,461.5211666080212,-69.56521739130447,0.0,0.0,531.0863839993257,531.0863839993257,0.0,1.0
3799,2019-06-08 07:00:00,6,2019-06-08 08:00:00,0.10547,0.10547,0.10547,0.12,1.0,1011.971816666493,-0.0,0.0,0.0,1011.971816666493,1011.971816666493,0.0,0.0
3800,2019-06-08 08:00:00,6,2019-06-08 09:00:00,0.10547,0.10547,0.10547,0.12,1.0,1067.3284950237328,-0.0,45.71726964914285,0.0,1021.6112253745899,1021.6112253745899,0.0,0.0
3801,2019-06-08 09:00:00,6,2019-06-08 10:00:00,0.10547,0.10547,0.10547,0.12,0.9378841444984473,1041.0919091570602,-0.0,19.480683782470237,0.0,1021.6112253745899,1021.6112253745899,0.0,0.0
3802,2019-06-08 10:00:00,6,2019-06-08 11:00:00,0.10547,0.10547,0.10547,0.12,0.9114158241418301,1051.893663516413,-0.0,30.282438141823036,0.0,1021.6112253745899,1021.6112253745899,0.0,0.0
3803,2019-06-08 11:00:00,6,2019-06-08 12:00:00,0.10547,0.10547,0.10547,0.12,0.8702712071013096,1021.8041100474107,-0.0,0.19288467282081,0.0,1021.6112253745899,1021.6112253745899,0.0,0.0
3804,2019-06-08 12:00:00,6,2019-06-08 13:00:00,0.10547,0.10547,0.10547,0.12,0.8700091355349769,1071.8217098307528,-0.0,50.21048445616307,0.0,1021.6112253745897,1021.6112253745897,0.0,0.0
3805,2019-06-08 13:00:00,6,2019-06-08 14:00:00,0.10547,0.10547,0.10547,0.12,0.8017883686108424,1077.1583320532307,-0.0,55.547106678640475,0.0,1021.6112253745902,1021.6112253745902,0.0,0.0
3806,2019-06-08 14:00:00,6,2019-06-08 15:00:00,0.12561,0.12561,0.12561,0.12,0.726316756275733,1074.2846969542927,-0.0,52.673471579702706,0.0,1021.61122537459,1021.61122537459,0.0,0.0
3807,2019-06-08 15:00:00,6,2019-06-08 16:00:00,0.12561,0.12561,0.12561,0.12,0.6547495394554848,1110.2923200673117,-0.0,88.6810946927215,0.0,1021.6112253745903,1021.6112253745903,0.0,0.0
3808,2019-06-08 16:00:00,6,2019-06-08 17:00:00,0.15111,0.15111,0.15111,0.12,0.534258921666461,1009.1726835768877,-0.0,3.549430209596435e-13,0.0,1009.1726835768874,1009.1726835768874,0.0,0.0
3809,2019-06-08 17:00:00,6,2019-06-08 18:00:00,0.15111,0.15111,0.15111,0.12,0.5342589216664608,835.581987486973,-0.0,0.0,0.0,835.581987486973,835.581987486973,0.0,0.0
3810,2019-06-08 18:00:00,6,2019-06-08 19:00:00,0.15111,0.15111,0.15111,0.12,0.5342589216664616,806.0084281794907,-0.0,0.0,0.0,806.0084281794907,806.0084281794907,0.0,0.0
3811,2019-06-08 19:00:00,6,2019-06-08 20:00:00,0.15111,0.15111,0.15111,0.12,0.534258921666463,664.7999369470865,-0.0,0.0,0.0,664.7999369470865,664.7999369470865,0.0,0.0
3812,2019-06-08 20:00:00,6,2019-06-08 21:00:00,0.15111,0.15111,0.15111,0.12,0.5342589216664593,583.0855617514288,-0.0,393.2145663465147,0.0,189.87099540491414,189.87099540491414,0.0,0.0
3813,2019-06-08 21:00:00,6,2019-06-08 22:00:00,0.12561,0.12561,0.12561,0.12,0.0,270.791225584074,5.533457722043385e-13,0.0,0.0,270.79122558407346,270.79122558407346,0.0,0.0
3814,2019-06-08 22:00:00,6,2019-06-08 23:00:00,0.12561,0.12561,0.12561,0.12,0.0,232.527915143151,-0.0,0.0,0.0,232.527915143151,232.527915143151,0.0,0.0
3815,2019-06-08 23:00:00,6,2019-06-09 00:00:00,0.10547,0.10547,0.10547,0.12,0.0,223.05431982893018,-0.0,0.0,0.0,223.05431982893018,223.05431982893018,0.0,0.0
3816,2019-06-09 00:00:00,6,2019-06-09 01:00:00,0.10547,0.10547,0.10547,0.12,0.0,223.05431899878323,-69.56521739130434,0.0,0.0,292.61953639008755,292.61953639008755,0.0,1.0
3817,2019-06-09 01:00:00,6,2019-06-09 02:00:00,0.10547,0.10547,0.10547,0.12,0.08,223.05431901506063,-0.0,0.0,0.0,223.05431901506063,223.05431901506063,0.0,0.0
3818,2019-06-09 02:00:00,6,2019-06-09 03:00:00,0.10547,0.10547,0.10547,0.12,0.08,223.0543190716439,-0.0,0.0,0.0,223.0543190716439,223.0543190716439,0.0,0.0
3819,2019-06-09 03:00:00,6,2019-06-09 04:00:00,0.10547,0.10547,0.10547,0.12,0.08,232.5279143649367,-0.0,0.0,0.0,232.5279143649367,232.5279143649367,0.0,0.0
3820,2019-06-09 04:00:00,6,2019-06-09 05:00:00,0.10547,0.10547,0.10547,0.12,0.08,264.169964464752,-400.0,0.0,0.0,664.169964464752,664.169964464752,0.0,1.0
3821,2019-06-09 05:00:00,6,2019-06-09 06:00:00,0.10547,0.10547,0.10547,0.12,0.54,323.1416936711071,-400.0,0.0,0.0,723.1416936711071,723.1416936711071,0.0,1.0
3822,2019-06-09 06:00:00,6,2019-06-09 07:00:00,0.10547,0.10547,0.10547,0.12,1.0,508.76771051496286,0.0,0.0,0.0,508.76771051496286,508.76771051496286,0.0,0.0
3823,2019-06-09 07:00:00,6,2019-06-09 08:00:00,0.10547,0.10547,0.10547,0.12,1.0,1064.9583139139947,-0.0,43.34708853940447,0.0,1021.6112253745903,1021.6112253745903,0.0,0.0
3824,2019-06-09 08:00:00,6,2019-06-09 09:00:00,0.10547,0.10547,0.10547,0.12,0.9411044992671136,1074.3448161208053,-0.0,52.733590746214986,0.0,1021.6112253745903,1021.6112253745903,0.0,0.0
3825,2019-06-09 09:00:00,6,2019-06-09 10:00:00,0.10547,0.10547,0.10547,0.12,0.8694555987967127,1046.5984310192175,-0.0,24.987205644627238,0.0,1021.6112253745903,1021.6112253745903,0.0,0.0
3826,2019-06-09 10:00:00,6,2019-06-09 11:00:00,0.10547,0.10547,0.10547,0.12,0.8355055911273823,1050.5760560493852,-0.0,28.96483067479494,0.0,1021.6112253745903,1021.6112253745903,0.0,0.0
3827,2019-06-09 11:00:00,6,2019-06-09 12:00:00,0.10547,0.10547,0.10547,0.12,0.7961512016235848,1009.31619488274,-12.295030491850298,0.0,0.0,1021.6112253745903,1021.6112253745903,0.0,1.0
3828,2019-06-09 12:00:00,6,2019-06-09 13:00:00,0.10547,0.10547,0.10547,0.12,0.8102904866892127,1052.9020293522703,-0.0,31.29080397768007,0.0,1021.6112253745903,1021.6112253745903,0.0,0.0
3829,2019-06-09 13:00:00,6,2019-06-09 14:00:00,0.10547,0.10547,0.10547,0.12,0.7677758073717126,1056.8771494623816,-0.0,35.26592408779129,0.0,1021.6112253745903,1021.6112253745903,0.0,0.0
3830,2019-06-09 14:00:00,6,2019-06-09 15:00:00,0.12561,0.12561,0.12561,0.12,0.7198601496437352,1055.8008921527498,-0.0,34.18966677815956,0.0,1021.6112253745903,1021.6112253745903,0.0,0.0
3831,2019-06-09 15:00:00,6,2019-06-09 16:00:00,0.12561,0.12561,0.12561,0.12,0.673406798042975,1092.9384752871222,-0.0,71.3272499125319,0.0,1021.6112253745903,1021.6112253745903,0.0,0.0
3832,2019-06-09 16:00:00,6,2019-06-09 17:00:00,0.15111,0.15111,0.15111,0.12,0.5764947737052958,993.9099382125177,-0.0,400.0,0.0,593.9099382125177,593.9099382125177,0.0,0.0
3833,2019-06-09 17:00:00,6,2019-06-09 18:00:00,0.15111,0.15111,0.15111,0.12,0.03301651283573058,824.516698133281,-0.0,0.0,0.0,824.516698133281,824.516698133281,0.0,1.0
3834,2019-06-09 18:00:00,6,2019-06-09 19:00:00,0.15111,0.15111,0.15111,0.12,0.03301651283573058,753.8364870404017,-0.0,0.0,0.0,753.8364870404017,753.8364870404017,0.0,1.0
3835,2019-06-09 19:00:00,6,2019-06-09 20:00:00,0.15111,0.15111,0.15111,0.12,0.03301651283573058,566.2269607239061,-0.0,24.30015344709771,0.0,541.9268072768084,541.9268072768084,0.0,0.0
3836,2019-06-09 20:00:00,6,2019-06-09 21:00:00,0.15111,0.15111,0.15111,0.12,0.0,510.37172495018643,-0.0,0.0,0.0,510.37172495018643,510.37172495018643,0.0,0.0
3837,2019-06-09 21:00:00,6,2019-06-09 22:00:00,0.12561,0.12561,0.12561,0.12,0.0,270.79122481361077,-0.0,0.0,0.0,270.79122481361077,270.79122481361077,0.0,0.0
3838,2019-06-09 22:00:00,6,2019-06-09 23:00:00,0.12561,0.12561,0.12561,0.12,0.0,232.5279143587358,-0.0,0.0,0.0,232.5279143587358,232.5279143587358,0.0,0.0
3839,2019-06-09 23:00:00,6,2019-06-10 00:00:00,0.10547,0.10547,0.10547,0.12,0.0,223.0543190375389,-0.0,0.0,0.0,223.0543190375389,223.0543190375389,0.0,0.0
3840,2019-06-10 00:00:00,6,2019-06-10 01:00:00,0.10547,0.10547,0.10547,0.12,0.0,184.42207841577994,-0.0,0.0,0.0,184.42207841577994,184.42207841577994,0.0,1.0
3841,2019-06-10 01:00:00,6,2019-06-10 02:00:00,0.10547,0.10547,0.10547,0.12,0.0,184.42207846848768,-0.0,0.0,0.0,184.42207846848768,184.42207846848768,0.0,0.0
3842,2019-06-10 02:00:00,6,2019-06-10 03:00:00,0.10547,0.10547,0.10547,0.12,0.0,184.42207849871713,-0.0,0.0,0.0,184.42207849871713,184.42207849871713,0.0,0.0
3843,2019-06-10 03:00:00,6,2019-06-10 04:00:00,0.10547,0.10547,0.10547,0.12,0.0,193.89567374395284,-400.0,0.0,0.0,593.8956737439528,593.8956737439528,0.0,1.0
3844,2019-06-10 04:00:00,6,2019-06-10 05:00:00,0.10547,0.10547,0.10547,0.12,0.46,206.22160312130325,-0.0,0.0,0.0,206.22160312130325,206.22160312130325,0.0,0.0
3845,2019-06-10 05:00:00,6,2019-06-10 06:00:00,0.10547,0.10547,0.10547,0.12,0.46,300.9648718232868,-400.0,0.0,0.0,700.9648718232868,700.9648718232868,0.0,1.0
3846,2019-06-10 06:00:00,6,2019-06-10 07:00:00,0.10547,0.10547,0.10547,0.12,0.92,340.227472189988,-0.0,0.0,0.0,340.227472189988,340.227472189988,0.0,0.0
3847,2019-06-10 07:00:00,6,2019-06-10 08:00:00,0.10547,0.10547,0.10547,0.12,0.92,624.249916462512,-0.0,0.0,0.0,624.249916462512,624.249916462512,0.0,0.0
3848,2019-06-10 08:00:00,6,2019-06-10 09:00:00,0.10547,0.10547,0.10547,0.12,0.92,692.2706309959043,0.0,0.0,0.0,692.2706309959043,692.2706309959043,0.0,0.0
3849,2019-06-10 09:00:00,6,2019-06-10 10:00:00,0.10547,0.10547,0.10547,0.12,0.92,714.4885295377125,0.0,0.0,0.0,714.4885295377125,714.4885295377125,0.0,0.0
3850,2019-06-10 10:00:00,6,2019-06-10 11:00:00,0.10547,0.10547,0.10547,0.12,0.92,721.374513273125,-0.0,0.0,0.0,721.374513273125,721.374513273125,0.0,0.0
3851,2019-06-10 11:00:00,6,2019-06-10 12:00:00,0.10547,0.10547,0.10547,0.12,0.92,725.742784328336,0.0,0.0,0.0,725.742784328336,725.742784328336,0.0,0.0
3852,2019-06-10 12:00:00,6,2019-06-10 13:00:00,0.10547,0.10547,0.10547,0.12,0.92,730.0877505651662,-0.0,2.601238309506483e-14,0.0,730.0877505651662,730.0877505651662,0.0,1.0
3853,2019-06-10 13:00:00,6,2019-06-10 14:00:00,0.10547,0.10547,0.10547,0.12,0.92,538.620742410174,-69.56521739130422,2.763358577202192e-14,0.0,608.1859598014784,608.1859598014784,0.0,1.0
3854,2019-06-10 14:00:00,6,2019-06-10 15:00:00,0.12561,0.12561,0.12561,0.12,1.0,539.6091603242158,-0.0,-5.684341886080802e-14,0.0,539.6091603242161,539.6091603242161,0.0,1.0
3855,2019-06-10 15:00:00,6,2019-06-10 16:00:00,0.12561,0.12561,0.12561,0.12,1.0,575.9742563775197,-0.0,0.0,0.0,575.9742563775197,575.9742563775197,0.0,0.0
3856,2019-06-10 16:00:00,6,2019-06-10 17:00:00,0.15111,0.15111,0.15111,0.12,1.0,539.7521058008039,-0.0,126.43808586356693,0.0,413.31401993723694,413.31401993723694,0.0,0.0
3857,2019-06-10 17:00:00,6,2019-06-10 18:00:00,0.15111,0.15111,0.15111,0.12,0.8282091224679797,372.0685957304132,-0.0,372.0685957304132,0.0,0.0,0.0,0.0,0.0
3858,2019-06-10 18:00:00,6,2019-06-10 19:00:00,0.15111,0.15111,0.15111,0.12,0.32268113913861396,211.00405909890785,-0.0,0.0,0.0,211.00405909890785,211.00405909890785,0.0,0.0
3859,2019-06-10 19:00:00,6,2019-06-10 20:00:00,0.15111,0.15111,0.15111,0.12,0.32268113913861396,237.49331840601988,-0.0,237.49331840601988,0.0,0.0,0.0,0.0,0.0
3860,2019-06-10 20:00:00,6,2019-06-10 21:00:00,0.15111,0.15111,0.15111,0.12,0.0,231.79145911267216,-0.0,0.0,0.0,231.79145911267216,231.79145911267216,0.0,0.0
3861,2019-06-10 21:00:00,6,2019-06-10 22:00:00,0.12561,0.12561,0.12561,0.12,0.0,212.8428642297736,-0.0,0.0,0.0,212.8428642297736,212.8428642297736,0.0,0.0
3862,2019-06-10 22:00:00,6,2019-06-10 23:00:00,0.12561,0.12561,0.12561,0.12,0.0,193.8956737354266,-0.0,0.0,0.0,193.8956737354266,193.8956737354266,0.0,0.0
3863,2019-06-10 23:00:00,6,2019-06-11 00:00:00,0.10547,0.10547,0.10547,0.12,0.0,184.42207845918634,-0.0,0.0,0.0,184.42207845918634,184.42207845918634,0.0,0.0
3864,2019-06-11 00:00:00,6,2019-06-11 01:00:00,0.10547,0.10547,0.10547,0.12,0.0,184.42172683807144,-0.0,0.0,0.0,184.42172683807144,184.42172683807144,0.0,0.0
3865,2019-06-11 01:00:00,6,2019-06-11 02:00:00,0.10547,0.10547,0.10547,0.12,0.0,184.42172654197793,-0.0,0.0,0.0,184.42172654197793,184.42172654197793,0.0,1.0
3866,2019-06-11 02:00:00,6,2019-06-11 03:00:00,0.10547,0.10547,0.10547,0.12,0.0,184.42172646059097,-0.0,0.0,0.0,184.42172646059097,184.42172646059097,0.0,0.0
3867,2019-06-11 03:00:00,6,2019-06-11 04:00:00,0.10547,0.10547,0.10547,0.12,0.0,193.8953220585035,-0.0,0.0,0.0,193.8953220585035,193.8953220585035,0.0,1.0
3868,2019-06-11 04:00:00,6,2019-06-11 05:00:00,0.10547,0.10547,0.10547,0.12,0.0,206.2212507382514,-0.0,0.0,0.0,206.2212507382514,206.2212507382514,0.0,1.0
3869,2019-06-11 05:00:00,6,2019-06-11 06:00:00,0.10547,0.10547,0.10547,0.12,0.0,211.0030055261278,-0.0,0.0,0.0,211.0030055261278,211.0030055261278,0.0,0.0
3870,2019-06-11 06:00:00,6,2019-06-11 07:00:00,0.10547,0.10547,0.10547,0.12,0.0,291.2093273309182,-0.0,0.0,0.0,291.2093273309182,291.2093273309182,0.0,0.0
3871,2019-06-11 07:00:00,6,2019-06-11 08:00:00,0.10547,0.10547,0.10547,0.12,0.0,409.27249330269024,-0.0,0.0,0.0,409.27249330269024,409.27249330269024,0.0,0.0
3872,2019-06-11 08:00:00,6,2019-06-11 09:00:00,0.10547,0.10547,0.10547,0.12,0.0,464.41775211614043,-0.0,0.0,0.0,464.41775211614043,464.41775211614043,0.0,0.0
3873,2019-06-11 09:00:00,6,2019-06-11 10:00:00,0.10547,0.10547,0.10547,0.12,0.0,404.07064728503656,-0.0,0.0,0.0,404.07064728503656,404.07064728503656,0.0,0.0
3874,2019-06-11 10:00:00,6,2019-06-11 11:00:00,0.10547,0.10547,0.10547,0.12,0.0,439.0794195851476,-0.0,0.0,0.0,439.0794195851476,439.0794195851476,0.0,0.0
3875,2019-06-11 11:00:00,6,2019-06-11 12:00:00,0.10547,0.10547,0.10547,0.12,0.0,217.40308425774742,-240.4172905368364,0.0,0.0,457.8203747945838,457.8203747945838,0.0,1.0
3876,2019-06-11 12:00:00,6,2019-06-11 13:00:00,0.10547,0.10547,0.10547,0.12,0.27647988411736185,163.6367833354006,-229.147926854468,0.0,0.0,392.78471018986863,392.78471018986863,0.0,1.0
3877,2019-06-11 13:00:00,6,2019-06-11 14:00:00,0.10547,0.10547,0.10547,0.12,0.54,172.35710503895356,-400.0,0.0,0.0,572.3571050389536,572.3571050389536,0.0,1.0
3878,2019-06-11 14:00:00,6,2019-06-11 15:00:00,0.12561,0.12561,0.12561,0.12,1.0,413.6778216050232,-0.0,0.0,0.0,413.6778216050232,413.6778216050232,0.0,1.0
3879,2019-06-11 15:00:00,6,2019-06-11 16:00:00,0.12561,0.12561,0.12561,0.12,1.0,482.5709076144111,-0.0,0.0,0.0,482.5709076144111,482.5709076144111,0.0,1.0
3880,2019-06-11 16:00:00,6,2019-06-11 17:00:00,0.15111,0.15111,0.15111,0.12,1.0,473.60130639649987,-0.0,400.0,0.0,73.60130639649987,73.60130639649987,0.0,0.0
3881,2019-06-11 17:00:00,6,2019-06-11 18:00:00,0.15111,0.15111,0.15111,0.12,0.4565217391304348,499.55802967378935,-0.0,336.00000000000006,0.0,163.5580296737893,163.5580296737893,0.0,0.0
3882,2019-06-11 18:00:00,6,2019-06-11 19:00:00,0.15111,0.15111,0.15111,0.12,0.0,330.95382456268305,-0.0,0.0,0.0,330.95382456268305,330.95382456268305,0.0,0.0
3883,2019-06-11 19:00:00,6,2019-06-11 20:00:00,0.15111,0.15111,0.15111,0.12,0.0,237.49226448288843,-0.0,0.0,0.0,237.49226448288843,237.49226448288843,0.0,0.0
3884,2019-06-11 20:00:00,6,2019-06-11 21:00:00,0.15111,0.15111,0.15111,0.12,0.0,231.79075593942756,-0.0,0.0,0.0,231.79075593942756,231.79075593942756,0.0,0.0
3885,2019-06-11 21:00:00,6,2019-06-11 22:00:00,0.12561,0.12561,0.12561,0.12,0.0,212.8425126970217,-0.0,0.0,0.0,212.8425126970217,212.8425126970217,0.0,0.0
3886,2019-06-11 22:00:00,6,2019-06-11 23:00:00,0.12561,0.12561,0.12561,0.12,0.0,193.89532230576486,-0.0,0.0,0.0,193.89532230576486,193.89532230576486,0.0,0.0
3887,2019-06-11 23:00:00,6,2019-06-12 00:00:00,0.10547,0.10547,0.10547,0.12,0.0,184.42172685279863,-0.0,0.0,0.0,184.42172685279863,184.42172685279863,0.0,0.0
3888,2019-06-12 00:00:00,6,2019-06-12 01:00:00,0.10547,0.10547,0.10547,0.12,0.0,223.05431677575658,-0.0,0.0,0.0,223.05431677575658,223.05431677575658,0.0,0.0
3889,2019-06-12 01:00:00,6,2019-06-12 02:00:00,0.10547,0.10547,0.10547,0.12,0.0,223.05431670289587,-0.0,0.0,0.0,223.05431670289587,223.05431670289587,0.0,0.0
3890,2019-06-12 02:00:00,6,2019-06-12 03:00:00,0.10547,0.10547,0.10547,0.12,0.0,223.05431669824515,-69.5652173913044,0.0,0.0,292.6195340895496,292.6195340895496,0.0,1.0
3891,2019-06-12 03:00:00,6,2019-06-12 04:00:00,0.10547,0.10547,0.10547,0.12,0.08000000000000007,232.52791202254252,-0.0,0.0,0.0,232.52791202254252,232.52791202254252,0.0,0.0
3892,2019-06-12 04:00:00,6,2019-06-12 05:00:00,0.10547,0.10547,0.10547,0.12,0.08000000000000007,264.1699601830229,-400.0,0.0,0.0,664.1699601830229,664.1699601830229,0.0,1.0
3893,2019-06-12 05:00:00,6,2019-06-12 06:00:00,0.10547,0.10547,0.10547,0.12,0.54,320.8980175669529,-399.99999999999994,0.0,0.0,720.8980175669528,720.8980175669528,0.0,1.0
3894,2019-06-12 06:00:00,6,2019-06-12 07:00:00,0.10547,0.10547,0.10547,0.12,1.0,515.2404202914329,0.0,0.0,0.0,515.2404202914329,515.2404202914329,0.0,0.0
3895,2019-06-12 07:00:00,6,2019-06-12 08:00:00,0.10547,0.10547,0.10547,0.12,1.0,1048.4026281055062,-0.0,26.791402730915934,0.0,1021.6112253745903,1021.6112253745903,0.0,0.0
3896,2019-06-12 08:00:00,6,2019-06-12 09:00:00,0.10547,0.10547,0.10547,0.12,0.9635986375938643,1070.6447916349262,-0.0,49.033566260335874,0.0,1021.6112253745903,1021.6112253745903,0.0,0.0
3897,2019-06-12 09:00:00,6,2019-06-12 10:00:00,0.10547,0.10547,0.10547,0.12,0.8969769443053645,1042.1143146230581,-0.0,20.50308924846786,0.0,1021.6112253745903,1021.6112253745903,0.0,0.0
3898,2019-06-12 10:00:00,6,2019-06-12 11:00:00,0.10547,0.10547,0.10547,0.12,0.8691194860873375,1050.6624538168517,-0.0,29.05122844226139,0.0,1021.6112253745903,1021.6112253745903,0.0,0.0
3899,2019-06-12 11:00:00,6,2019-06-12 12:00:00,0.10547,0.10547,0.10547,0.12,0.8296477083125258,1015.478985259153,-6.132240115437298,0.0,0.0,1021.6112253745903,1021.6112253745903,0.0,1.0
3900,2019-06-12 12:00:00,6,2019-06-12 13:00:00,0.10547,0.10547,0.10547,0.12,0.8366997844452787,1049.5787591421729,-0.0,27.96753376758261,0.0,1021.6112253745903,1021.6112253745903,0.0,0.0
3901,2019-06-12 13:00:00,6,2019-06-12 14:00:00,0.10547,0.10547,0.10547,0.12,0.7987004179132371,1039.826710666911,-0.0,18.215485292320636,0.0,1021.6112253745903,1021.6112253745903,0.0,0.0
3902,2019-06-12 14:00:00,6,2019-06-12 15:00:00,0.12561,0.12561,0.12561,0.12,0.7739511172443233,1031.452133781715,-0.0,9.840908407124743,0.0,1021.6112253745903,1021.6112253745903,0.0,0.0
3903,2019-06-12 15:00:00,6,2019-06-12 16:00:00,0.12561,0.12561,0.12561,0.12,0.7605803177781212,1046.1643514904424,-0.0,24.553126115852137,0.0,1021.6112253745903,1021.6112253745903,0.0,0.0
3904,2019-06-12 16:00:00,6,2019-06-12 17:00:00,0.15111,0.15111,0.15111,0.12,0.7272200920772351,875.2670096664418,-0.0,400.0,0.0,475.2670096664418,475.2670096664418,0.0,0.0
3905,2019-06-12 17:00:00,6,2019-06-12 18:00:00,0.15111,0.15111,0.15111,0.12,0.18374183120767001,660.7943853021419,-0.0,7.844391802791507e-14,0.0,660.7943853021418,660.7943853021418,0.0,1.0
3906,2019-06-12 18:00:00,6,2019-06-12 19:00:00,0.15111,0.15111,0.15111,0.12,0.1837418312076699,606.5587577436429,-0.0,0.0,0.0,606.5587577436429,606.5587577436429,0.0,0.0
3907,2019-06-12 19:00:00,6,2019-06-12 20:00:00,0.15111,0.15111,0.15111,0.12,0.1837418312076699,487.43966048771085,-0.0,0.0,0.0,487.43966048771085,487.43966048771085,0.0,1.0
3908,2019-06-12 20:00:00,6,2019-06-12 21:00:00,0.15111,0.15111,0.15111,0.12,0.1837418312076699,476.2884910813969,-0.0,135.23398776884505,0.0,341.05450331255184,341.05450331255184,0.0,0.0
3909,2019-06-12 21:00:00,6,2019-06-12 22:00:00,0.12561,0.12561,0.12561,0.12,0.0,270.79122253632625,-0.0,0.0,0.0,270.79122253632625,270.79122253632625,0.0,0.0
3910,2019-06-12 22:00:00,6,2019-06-12 23:00:00,0.12561,0.12561,0.12561,0.12,0.0,232.52791202486785,-0.0,0.0,0.0,232.52791202486785,232.52791202486785,0.0,0.0
3911,2019-06-12 23:00:00,6,2019-06-13 00:00:00,0.10547,0.10547,0.10547,0.12,0.0,223.05431677420634,-0.0,0.0,0.0,223.05431677420634,223.05431677420634,0.0,0.0
3912,2019-06-13 00:00:00,6,2019-06-13 01:00:00,0.10547,0.10547,0.10547,0.12,0.0,223.05431608202966,0.0,0.0,0.0,223.05431608202966,223.05431608202966,0.0,0.0
3913,2019-06-13 01:00:00,6,2019-06-13 02:00:00,0.10547,0.10547,0.10547,0.12,0.0,223.05431602157074,-0.0,0.0,0.0,223.05431602157074,223.05431602157074,0.0,0.0
3914,2019-06-13 02:00:00,6,2019-06-13 03:00:00,0.10547,0.10547,0.10547,0.12,0.0,223.0543160285468,-0.0,0.0,0.0,223.0543160285468,223.0543160285468,0.0,0.0
3915,2019-06-13 03:00:00,6,2019-06-13 04:00:00,0.10547,0.10547,0.10547,0.12,0.0,232.52791137067177,-0.0,0.0,0.0,232.52791137067177,232.52791137067177,0.0,0.0
3916,2019-06-13 04:00:00,6,2019-06-13 05:00:00,0.10547,0.10547,0.10547,0.12,0.0,264.16995905755755,-0.0,0.0,0.0,264.16995905755755,264.16995905755755,0.0,0.0
3917,2019-06-13 05:00:00,6,2019-06-13 06:00:00,0.10547,0.10547,0.10547,0.12,0.0,292.56773297878584,-319.89791653887283,0.0,0.0,612.4656495176587,612.4656495176587,0.0,1.0
3918,2019-06-13 06:00:00,6,2019-06-13 07:00:00,0.10547,0.10547,0.10547,0.12,0.36788260401970374,388.11710825251316,-400.0,0.0,0.0,788.1171082525132,788.1171082525132,0.0,1.0
3919,2019-06-13 07:00:00,6,2019-06-13 08:00:00,0.10547,0.10547,0.10547,0.12,0.8278826040197038,856.8626449620518,0.0,0.0,0.0,856.8626449620518,856.8626449620518,0.0,0.0
3920,2019-06-13 08:00:00,6,2019-06-13 09:00:00,0.10547,0.10547,0.10547,0.12,0.8278826040197038,872.8674360597147,-148.74378931487558,0.0,0.0,1021.6112253745903,1021.6112253745903,0.0,1.0
3921,2019-06-13 09:00:00,6,2019-06-13 10:00:00,0.10547,0.10547,0.10547,0.12,0.9989379617318107,927.1801179520181,-0.0,0.0,0.0,927.1801179520181,927.1801179520181,0.0,0.0
3922,2019-06-13 10:00:00,6,2019-06-13 11:00:00,0.10547,0.10547,0.10547,0.12,0.9989379617318107,1020.6877138370344,-0.9235115375558962,0.0,0.0,1021.6112253745903,1021.6112253745903,0.0,1.0
3923,2019-06-13 11:00:00,6,2019-06-13 12:00:00,0.10547,0.10547,0.10547,0.12,1.0,989.452691813708,-0.0,0.0,0.0,989.452691813708,989.452691813708,0.0,1.0
3924,2019-06-13 12:00:00,6,2019-06-13 13:00:00,0.10547,0.10547,0.10547,0.12,1.0,1028.9462082553403,-0.0,7.334982880749976,0.0,1021.6112253745903,1021.6112253745903,0.0,0.0
3925,2019-06-13 13:00:00,6,2019-06-13 14:00:00,0.10547,0.10547,0.10547,0.12,0.990033990651155,1033.0556895370933,-0.0,11.444464162502982,0.0,1021.6112253745903,1021.6112253745903,0.0,0.0
3926,2019-06-13 14:00:00,6,2019-06-13 15:00:00,0.12561,0.12561,0.12561,0.12,0.974484446952102,1034.4230394109413,-0.0,12.811814036351052,0.0,1021.6112253745903,1021.6112253745903,0.0,0.0
3927,2019-06-13 15:00:00,6,2019-06-13 16:00:00,0.12561,0.12561,0.12561,0.12,0.9570770909244511,1071.4987142144128,-0.0,49.88748883982248,0.0,1021.6112253745903,1021.6112253745903,0.0,0.0
3928,2019-06-13 16:00:00,6,2019-06-13 17:00:00,0.15111,0.15111,0.15111,0.12,0.8892951767399098,978.441932450792,-0.0,400.0,0.0,578.441932450792,578.441932450792,0.0,0.0
3929,2019-06-13 17:00:00,6,2019-06-13 18:00:00,0.15111,0.15111,0.15111,0.12,0.3458169158703446,784.074889817662,-0.0,254.52125008057362,0.0,529.5536397370884,529.5536397370884,0.0,0.0
3930,2019-06-13 18:00:00,6,2019-06-13 19:00:00,0.15111,0.15111,0.15111,0.12,0.0,701.526805144747,-0.0,0.0,0.0,701.526805144747,701.526805144747,0.0,1.0
3931,2019-06-13 19:00:00,6,2019-06-13 20:00:00,0.15111,0.15111,0.15111,0.12,0.0,515.5197875295573,-0.0,0.0,0.0,515.5197875295573,515.5197875295573,0.0,0.0
3932,2019-06-13 20:00:00,6,2019-06-13 21:00:00,0.15111,0.15111,0.15111,0.12,0.0,476.28508555961207,-0.0,0.0,0.0,476.28508555961207,476.28508555961207,0.0,0.0
3933,2019-06-13 21:00:00,6,2019-06-13 22:00:00,0.12561,0.12561,0.12561,0.12,0.0,270.7912217286575,-0.0,0.0,0.0,270.7912217286575,270.7912217286575,0.0,0.0
3934,2019-06-13 22:00:00,6,2019-06-13 23:00:00,0.12561,0.12561,0.12561,0.12,0.0,232.52791124200283,-0.0,0.0,0.0,232.52791124200283,232.52791124200283,0.0,0.0
3935,2019-06-13 23:00:00,6,2019-06-14 00:00:00,0.10547,0.10547,0.10547,0.12,0.0,223.05431590375346,-0.0,0.0,0.0,223.05431590375346,223.05431590375346,0.0,0.0
3936,2019-06-14 00:00:00,6,2019-06-14 01:00:00,0.10547,0.10547,0.10547,0.12,0.0,223.05431516119435,-0.0,0.0,0.0,223.05431516119435,223.05431516119435,0.0,0.0
3937,2019-06-14 01:00:00,6,2019-06-14 02:00:00,0.10547,0.10547,0.10547,0.12,0.0,223.05431519995003,-0.0,0.0,0.0,223.05431519995003,223.05431519995003,0.0,0.0
3938,2019-06-14 02:00:00,6,2019-06-14 03:00:00,0.10547,0.10547,0.10547,0.12,0.0,223.05431518212242,-0.0,0.0,0.0,223.05431518212242,223.05431518212242,0.0,0.0
3939,2019-06-14 03:00:00,6,2019-06-14 04:00:00,0.10547,0.10547,0.10547,0.12,0.0,232.52791044751112,-0.0,0.0,0.0,232.52791044751112,232.52791044751112,0.0,0.0
3940,2019-06-14 04:00:00,6,2019-06-14 05:00:00,0.10547,0.10547,0.10547,0.12,0.0,264.16995789023605,-399.99999999999994,0.0,0.0,664.169957890236,664.169957890236,0.0,1.0
3941,2019-06-14 05:00:00,6,2019-06-14 06:00:00,0.10547,0.10547,0.10547,0.12,0.4599999999999999,300.7616831270835,-399.99999999999994,0.0,0.0,700.7616831270834,700.7616831270834,0.0,1.0
3942,2019-06-14 06:00:00,6,2019-06-14 07:00:00,0.10547,0.10547,0.10547,0.12,0.9199999999999998,457.12635519434536,-62.27360079100356,0.0,0.0,519.3999559853489,519.3999559853489,0.0,1.0
3943,2019-06-14 07:00:00,6,2019-06-14 08:00:00,0.10547,0.10547,0.10547,0.12,0.991614640909654,1014.3196087742893,-7.291616600300927,0.0,0.0,1021.6112253745903,1021.6112253745903,0.0,1.0
3944,2019-06-14 08:00:00,6,2019-06-14 09:00:00,0.10547,0.10547,0.10547,0.12,1.0,1059.9756016634578,-0.0,38.36437628886756,0.0,1021.6112253745903,1021.6112253745903,0.0,0.0
3945,2019-06-14 09:00:00,6,2019-06-14 10:00:00,0.10547,0.10547,0.10547,0.12,0.9478744887379517,1029.1967348620628,-0.0,7.585509487472564,0.0,1021.6112253745903,1021.6112253745903,0.0,0.0
3946,2019-06-14 10:00:00,6,2019-06-14 11:00:00,0.10547,0.10547,0.10547,0.12,0.9375680899777987,1036.7730632188989,-0.0,15.161837844308593,0.0,1021.6112253745903,1021.6112253745903,0.0,0.0
3947,2019-06-14 11:00:00,6,2019-06-14 12:00:00,0.10547,0.10547,0.10547,0.12,0.9169677668197707,1001.9655081864476,-19.645717188142726,0.0,0.0,1021.6112253745903,1021.6112253745903,0.0,1.0
3948,2019-06-14 12:00:00,6,2019-06-14 13:00:00,0.10547,0.10547,0.10547,0.12,0.9395603415861348,1042.5773227664129,-0.0,20.966097391822586,0.0,1021.6112253745903,1021.6112253745903,0.0,0.0
3949,2019-06-14 13:00:00,6,2019-06-14 14:00:00,0.10547,0.10547,0.10547,0.12,0.9110737962168106,1042.7111826253952,-0.0,21.09995725080489,0.0,1021.6112253745903,1021.6112253745903,0.0,0.0
3950,2019-06-14 14:00:00,6,2019-06-14 15:00:00,0.12561,0.12561,0.12561,0.12,0.8824053760390865,1038.7364949203188,-0.0,17.125269545728543,0.0,1021.6112253745903,1021.6112253745903,0.0,0.0
3951,2019-06-14 15:00:00,6,2019-06-14 16:00:00,0.12561,0.12561,0.12561,0.12,0.8591373467649989,1075.711599169368,-0.0,54.100373794777624,0.0,1021.6112253745903,1021.6112253745903,0.0,0.0
3952,2019-06-14 16:00:00,6,2019-06-14 17:00:00,0.15111,0.15111,0.15111,0.12,0.7856314041090511,972.5084057103619,-0.0,400.0,0.0,572.5084057103619,572.5084057103619,0.0,0.0
3953,2019-06-14 17:00:00,6,2019-06-14 18:00:00,0.15111,0.15111,0.15111,0.12,0.2421531432394859,724.1376478560727,-0.0,2.6147972675971688e-14,0.0,724.1376478560727,724.1376478560727,0.0,1.0
3954,2019-06-14 18:00:00,6,2019-06-14 19:00:00,0.15111,0.15111,0.15111,0.12,0.24215314323948586,623.6622116868339,-0.0,0.0,0.0,623.6622116868339,623.6622116868339,0.0,1.0
3955,2019-06-14 19:00:00,6,2019-06-14 20:00:00,0.15111,0.15111,0.15111,0.12,0.24215314323948586,460.3294348889685,-0.0,0.0,0.0,460.3294348889685,460.3294348889685,0.0,0.0
3956,2019-06-14 20:00:00,6,2019-06-14 21:00:00,0.15111,0.15111,0.15111,0.12,0.24215314323948586,460.3562501857558,-0.0,178.2247134242616,0.0,282.1315367614942,282.1315367614942,0.0,0.0
3957,2019-06-14 21:00:00,6,2019-06-14 22:00:00,0.12561,0.12561,0.12561,0.12,0.0,270.79122112251844,-0.0,0.0,0.0,270.79122112251844,270.79122112251844,0.0,0.0
3958,2019-06-14 22:00:00,6,2019-06-14 23:00:00,0.12561,0.12561,0.12561,0.12,0.0,232.52791058315603,-0.0,0.0,0.0,232.52791058315603,232.52791058315603,0.0,0.0
3959,2019-06-14 23:00:00,6,2019-06-15 00:00:00,0.10547,0.10547,0.10547,0.12,0.0,223.054315288313,-0.0,0.0,0.0,223.054315288313,223.054315288313,0.0,0.0
3960,2019-06-15 00:00:00,6,2019-06-15 01:00:00,0.10547,0.10547,0.10547,0.12,0.0,223.05431458916027,-0.0,0.0,0.0,223.05431458916027,223.05431458916027,0.0,0.0
3961,2019-06-15 01:00:00,6,2019-06-15 02:00:00,0.10547,0.10547,0.10547,0.12,0.0,223.054314546529,-0.0,0.0,0.0,223.054314546529,223.054314546529,0.0,0.0
3962,2019-06-15 02:00:00,6,2019-06-15 03:00:00,0.10547,0.10547,0.10547,0.12,0.0,223.05431450854846,-0.0,0.0,0.0,223.05431450854846,223.05431450854846,0.0,0.0
3963,2019-06-15 03:00:00,6,2019-06-15 04:00:00,0.10547,0.10547,0.10547,0.12,0.0,232.52790982121905,-0.0,0.0,0.0,232.52790982121905,232.52790982121905,0.0,0.0
3964,2019-06-15 04:00:00,6,2019-06-15 05:00:00,0.10547,0.10547,0.10547,0.12,0.0,264.16995620436336,-0.0,0.0,0.0,264.16995620436336,264.16995620436336,0.0,0.0
3965,2019-06-15 05:00:00,6,2019-06-15 06:00:00,0.10547,0.10547,0.10547,0.12,0.0,293.09446690521065,-0.0,0.0,0.0,293.09446690521065,293.09446690521065,0.0,0.0
3966,2019-06-15 06:00:00,6,2019-06-15 07:00:00,0.10547,0.10547,0.10547,0.12,8.881784197001253e-18,388.12518773275855,-67.00194804143278,0.0,0.0,455.12713577419134,455.12713577419134,0.0,1.0
3967,2019-06-15 07:00:00,6,2019-06-15 08:00:00,0.10547,0.10547,0.10547,0.12,0.07705224024764772,813.0067777416947,-208.60444763289559,0.0,0.0,1021.6112253745903,1021.6112253745903,0.0,1.0
3968,2019-06-15 08:00:00,6,2019-06-15 09:00:00,0.10547,0.10547,0.10547,0.12,0.31694735502547766,784.5659752370058,-237.0452501375845,0.0,0.0,1021.6112253745903,1021.6112253745903,0.0,1.0
3969,2019-06-15 09:00:00,6,2019-06-15 10:00:00,0.10547,0.10547,0.10547,0.12,0.5895493926836999,746.6438266062931,-274.96739876829713,0.0,0.0,1021.6112253745903,1021.6112253745903,0.0,1.0
3970,2019-06-15 10:00:00,6,2019-06-15 11:00:00,0.10547,0.10547,0.10547,0.12,0.9057619012672415,854.7333991687558,0.0,0.0,0.0,854.7333991687558,854.7333991687558,0.0,0.0
3971,2019-06-15 11:00:00,6,2019-06-15 12:00:00,0.10547,0.10547,0.10547,0.12,0.9057619012672415,939.665052563496,-81.94617281109424,0.0,0.0,1021.6112253745903,1021.6112253745903,0.0,1.0
3972,2019-06-15 12:00:00,6,2019-06-15 13:00:00,0.10547,0.10547,0.10547,0.12,1.0,1027.5884631510035,-0.0,5.977237776413176,0.0,1021.6112253745903,1021.6112253745903,0.0,0.0
3973,2019-06-15 13:00:00,6,2019-06-15 14:00:00,0.10547,0.10547,0.10547,0.12,0.9918787530211778,1032.2247745469397,-0.0,10.613549172349394,0.0,1021.6112253745903,1021.6112253745903,0.0,0.0
3974,2019-06-15 14:00:00,6,2019-06-15 15:00:00,0.12561,0.12561,0.12561,0.12,0.9774581699065726,1033.0772185191697,-0.0,11.465993144579443,0.0,1021.6112253745903,1021.6112253745903,0.0,0.0
3975,2019-06-15 15:00:00,6,2019-06-15 16:00:00,0.12561,0.12561,0.12561,0.12,0.9618793748731767,1068.7310862567133,-0.0,47.11986088212302,0.0,1021.6112253745903,1021.6112253745903,0.0,0.0
3976,2019-06-15 16:00:00,6,2019-06-15 17:00:00,0.15111,0.15111,0.15111,0.12,0.8978578247615965,922.4928299974233,-0.0,400.0,0.0,522.4928299974233,522.4928299974233,0.0,0.0
3977,2019-06-15 17:00:00,6,2019-06-15 18:00:00,0.15111,0.15111,0.15111,0.12,0.35437956389203135,677.4516628628759,-0.0,260.8233590245351,0.0,416.6283038383408,416.6283038383408,0.0,0.0
3978,2019-06-15 18:00:00,6,2019-06-15 19:00:00,0.15111,0.15111,0.15111,0.12,0.0,581.0015058645139,-0.0,0.0,0.0,581.0015058645139,581.0015058645139,0.0,1.0
3979,2019-06-15 19:00:00,6,2019-06-15 20:00:00,0.15111,0.15111,0.15111,0.12,0.0,434.21879713180306,-0.0,0.0,0.0,434.21879713180306,434.21879713180306,0.0,0.0
3980,2019-06-15 20:00:00,6,2019-06-15 21:00:00,0.15111,0.15111,0.15111,0.12,0.0,428.52973091803585,-0.0,0.0,0.0,428.52973091803585,428.52973091803585,0.0,0.0
3981,2019-06-15 21:00:00,6,2019-06-15 22:00:00,0.12561,0.12561,0.12561,0.12,0.0,270.79122037143304,-0.0,0.0,0.0,270.79122037143304,270.79122037143304,0.0,0.0
3982,2019-06-15 22:00:00,6,2019-06-15 23:00:00,0.12561,0.12561,0.12561,0.12,0.0,232.52790991578297,-0.0,0.0,0.0,232.52790991578297,232.52790991578297,0.0,0.0
3983,2019-06-15 23:00:00,6,2019-06-16 00:00:00,0.10547,0.10547,0.10547,0.12,0.0,223.05431456048106,-0.0,0.0,0.0,223.05431456048106,223.05431456048106,0.0,0.0
3984,2019-06-16 00:00:00,6,2019-06-16 01:00:00,0.10547,0.10547,0.10547,0.12,0.0,223.0543138256731,0.0,0.0,0.0,223.0543138256731,223.0543138256731,0.0,0.0
3985,2019-06-16 01:00:00,6,2019-06-16 02:00:00,0.10547,0.10547,0.10547,0.12,0.0,223.0543138900076,-0.0,0.0,0.0,223.0543138900076,223.0543138900076,0.0,0.0
3986,2019-06-16 02:00:00,6,2019-06-16 03:00:00,0.10547,0.10547,0.10547,0.12,0.0,223.05431383342426,-0.0,0.0,0.0,223.05431383342426,223.05431383342426,0.0,0.0
3987,2019-06-16 03:00:00,6,2019-06-16 04:00:00,0.10547,0.10547,0.10547,0.12,0.0,232.5279091034636,-0.0,0.0,0.0,232.5279091034636,232.5279091034636,0.0,0.0
3988,2019-06-16 04:00:00,6,2019-06-16 05:00:00,0.10547,0.10547,0.10547,0.12,0.0,264.1699551602849,-0.0,0.0,0.0,264.1699551602849,264.1699551602849,0.0,0.0
3989,2019-06-16 05:00:00,6,2019-06-16 06:00:00,0.10547,0.10547,0.10547,0.12,0.0,294.58744353332327,-0.0,0.0,0.0,294.58744353332327,294.58744353332327,0.0,0.0
3990,2019-06-16 06:00:00,6,2019-06-16 07:00:00,0.10547,0.10547,0.10547,0.12,0.0,388.1348186546125,-0.0,0.0,0.0,388.1348186546125,388.1348186546125,0.0,1.0
3991,2019-06-16 07:00:00,6,2019-06-16 08:00:00,0.10547,0.10547,0.10547,0.12,0.0,813.0069630869282,-0.0,0.0,0.0,813.0069630869282,813.0069630869282,0.0,1.0
3992,2019-06-16 08:00:00,6,2019-06-16 09:00:00,0.10547,0.10547,0.10547,0.12,0.0,784.5462093444862,-0.0,0.0,0.0,784.5462093444862,784.5462093444862,0.0,1.0
3993,2019-06-16 09:00:00,6,2019-06-16 10:00:00,0.10547,0.10547,0.10547,0.12,0.0,746.6523040486123,-244.67774386727055,0.0,0.0,991.3300479158829,991.3300479158829,0.0,1.0
3994,2019-06-16 10:00:00,6,2019-06-16 11:00:00,0.10547,0.10547,0.10547,0.12,0.2813794054473611,746.6466465031801,-244.68340141270278,0.0,0.0,991.3300479158829,991.3300479158829,0.0,1.0
3995,2019-06-16 11:00:00,6,2019-06-16 12:00:00,0.10547,0.10547,0.10547,0.12,0.5627653170719694,737.5097320820482,-253.82031583383466,0.0,0.0,991.3300479158829,991.3300479158829,0.0,1.0
3996,2019-06-16 12:00:00,6,2019-06-16 13:00:00,0.10547,0.10547,0.10547,0.12,0.8546586802808792,832.0120977324805,-79.65897509170127,-4.256175616067324e-15,0.0,911.6710728241817,911.6710728241817,0.0,1.0
3997,2019-06-16 13:00:00,6,2019-06-16 14:00:00,0.10547,0.10547,0.10547,0.12,0.9462665016363357,864.9462916383866,-46.724781185795166,1.1112888387287967e-13,0.0,911.6710728241817,911.6710728241817,0.0,1.0
3998,2019-06-16 14:00:00,6,2019-06-16 15:00:00,0.12561,0.12561,0.12561,0.12,1.0,865.1267178440202,-0.0,5.6646387946212495e-14,0.0,865.12671784402,865.12671784402,0.0,1.0
3999,2019-06-16 15:00:00,6,2019-06-16 16:00:00,0.12561,0.12561,0.12561,0.12,1.0,887.4718342869103,-0.0,0.0,0.0,887.4718342869103,887.4718342869103,0.0,1.0
4000,2019-06-16 16:00:00,6,2019-06-16 17:00:00,0.15111,0.15111,0.15111,0.12,1.0,797.042010626391,-0.0,336.00000000000006,0.0,461.0420106263909,461.0420106263909,0.0,0.0
4001,2019-06-16 17:00:00,6,2019-06-16 18:00:00,0.15111,0.15111,0.15111,0.12,0.5434782608695652,642.2243595017309,-0.0,0.0,0.0,642.2243595017309,642.2243595017309,0.0,1.0
4002,2019-06-16 18:00:00,6,2019-06-16 19:00:00,0.15111,0.15111,0.15111,0.12,0.5434782608695652,606.0845548660079,-0.0,400.0,0.0,206.08455486600792,206.08455486600792,0.0,0.0
4003,2019-06-16 19:00:00,6,2019-06-16 20:00:00,0.15111,0.15111,0.15111,0.12,0.0,460.3312152837178,-0.0,0.0,0.0,460.3312152837178,460.3312152837178,0.0,0.0
4004,2019-06-16 20:00:00,6,2019-06-16 21:00:00,0.15111,0.15111,0.15111,0.12,0.0,428.57175346490095,-0.0,0.0,0.0,428.57175346490095,428.57175346490095,0.0,0.0
4005,2019-06-16 21:00:00,6,2019-06-16 22:00:00,0.12561,0.12561,0.12561,0.12,0.0,270.79121952965943,-0.0,0.0,0.0,270.79121952965943,270.79121952965943,0.0,0.0
4006,2019-06-16 22:00:00,6,2019-06-16 23:00:00,0.12561,0.12561,0.12561,0.12,0.0,232.5279090251771,-0.0,0.0,0.0,232.5279090251771,232.5279090251771,0.0,0.0
4007,2019-06-16 23:00:00,6,2019-06-17 00:00:00,0.10547,0.10547,0.10547,0.12,0.0,223.05431376676447,-0.0,0.0,0.0,223.05431376676447,223.05431376676447,0.0,0.0
4008,2019-06-17 00:00:00,6,2019-06-17 01:00:00,0.10547,0.10547,0.10547,0.12,0.0,184.42207327134906,-0.0,0.0,0.0,184.42207327134906,184.42207327134906,0.0,1.0
4009,2019-06-17 01:00:00,6,2019-06-17 02:00:00,0.10547,0.10547,0.10547,0.12,0.0,184.42207323646895,-0.0,0.0,0.0,184.42207323646895,184.42207323646895,0.0,0.0
4010,2019-06-17 02:00:00,6,2019-06-17 03:00:00,0.10547,0.10547,0.10547,0.12,0.0,184.4220732403445,-0.0,0.0,0.0,184.4220732403445,184.4220732403445,0.0,0.0
4011,2019-06-17 03:00:00,6,2019-06-17 04:00:00,0.10547,0.10547,0.10547,0.12,0.0,193.89566858867036,-0.0,0.0,0.0,193.89566858867036,193.89566858867036,0.0,1.0
4012,2019-06-17 04:00:00,6,2019-06-17 05:00:00,0.10547,0.10547,0.10547,0.12,0.0,206.2215945438929,-400.0,0.0,0.0,606.2215945438929,606.2215945438929,0.0,1.0
4013,2019-06-17 05:00:00,6,2019-06-17 06:00:00,0.10547,0.10547,0.10547,0.12,0.46,292.28334966010664,-278.81746979765256,0.0,0.0,571.1008194577591,571.1008194577591,0.0,1.0
4014,2019-06-17 06:00:00,6,2019-06-17 07:00:00,0.10547,0.10547,0.10547,0.12,0.7806400902673005,318.8247573748359,-0.0,0.0,0.0,318.8247573748359,318.8247573748359,0.0,0.0
4015,2019-06-17 07:00:00,6,2019-06-17 08:00:00,0.10547,0.10547,0.10547,0.12,0.7806400902673005,533.8828153551549,-190.74774759365175,0.0,0.0,724.6305629488066,724.6305629488066,0.0,1.0
4016,2019-06-17 08:00:00,6,2019-06-17 09:00:00,0.10547,0.10547,0.10547,0.12,1.0,581.1989875382151,0.0,0.0,0.0,581.1989875382151,581.1989875382151,0.0,0.0
4017,2019-06-17 09:00:00,6,2019-06-17 10:00:00,0.10547,0.10547,0.10547,0.12,1.0,650.3300715219013,-0.0,0.0,0.0,650.3300715219013,650.3300715219013,0.0,0.0
4018,2019-06-17 10:00:00,6,2019-06-17 11:00:00,0.10547,0.10547,0.10547,0.12,1.0,712.7145708891098,-0.0,0.0,0.0,712.7145708891098,712.7145708891098,0.0,0.0
4019,2019-06-17 11:00:00,6,2019-06-17 12:00:00,0.10547,0.10547,0.10547,0.12,1.0,721.8480646582339,-0.0,0.0,0.0,721.8480646582339,721.8480646582339,0.0,1.0
4020,2019-06-17 12:00:00,6,2019-06-17 13:00:00,0.10547,0.10547,0.10547,0.12,1.0,724.6305629488066,-0.0,0.0,0.0,724.6305629488066,724.6305629488066,0.0,1.0
4021,2019-06-17 13:00:00,6,2019-06-17 14:00:00,0.10547,0.10547,0.10547,0.12,1.0,530.6726882568329,-0.0,0.0,0.0,530.6726882568329,530.6726882568329,0.0,1.0
4022,2019-06-17 14:00:00,6,2019-06-17 15:00:00,0.12561,0.12561,0.12561,0.12,1.0,525.3791872214471,-0.0,0.0,0.0,525.3791872214471,525.3791872214471,0.0,1.0
4023,2019-06-17 15:00:00,6,2019-06-17 16:00:00,0.12561,0.12561,0.12561,0.12,1.0,556.3301741994924,-0.0,0.0,0.0,556.3301741994924,556.3301741994924,0.0,0.0
4024,2019-06-17 16:00:00,6,2019-06-17 17:00:00,0.15111,0.15111,0.15111,0.12,1.0,533.9502610190748,-0.0,392.3993624235721,0.0,141.5508985955027,141.5508985955027,0.0,0.0
4025,2019-06-17 17:00:00,6,2019-06-17 18:00:00,0.15111,0.15111,0.15111,0.12,0.46684869235927706,343.6006375764279,-0.0,343.6006375764279,0.0,0.0,0.0,0.0,0.0
4026,2019-06-17 18:00:00,6,2019-06-17 19:00:00,0.15111,0.15111,0.15111,0.12,0.0,211.0040521841168,-0.0,0.0,0.0,211.0040521841168,211.0040521841168,0.0,0.0
4027,2019-06-17 19:00:00,6,2019-06-17 20:00:00,0.15111,0.15111,0.15111,0.12,0.0,237.4933105765945,-0.0,0.0,0.0,237.4933105765945,237.4933105765945,0.0,0.0
4028,2019-06-17 20:00:00,6,2019-06-17 21:00:00,0.15111,0.15111,0.15111,0.12,0.0,231.79145008027,-0.0,0.0,0.0,231.79145008027,231.79145008027,0.0,0.0
4029,2019-06-17 21:00:00,6,2019-06-17 22:00:00,0.12561,0.12561,0.12561,0.12,0.0,212.84285913029933,-0.0,0.0,0.0,212.84285913029933,212.84285913029933,0.0,0.0
4030,2019-06-17 22:00:00,6,2019-06-17 23:00:00,0.12561,0.12561,0.12561,0.12,0.0,193.89566844914987,-0.0,0.0,0.0,193.89566844914987,193.89566844914987,0.0,1.0
4031,2019-06-17 23:00:00,6,2019-06-18 00:00:00,0.10547,0.10547,0.10547,0.12,0.0,184.42207314423038,-0.0,-3.648554956229409e-14,-2.6495612585741363e-14,184.4220731442304,184.42207314423044,0.0,1.0
4032,2019-06-18 00:00:00,6,2019-06-18 01:00:00,0.10547,0.10547,0.10547,0.12,0.0,184.42172236411406,-0.0,0.0,0.0,184.42172236411406,184.42172236411406,0.0,0.0
4033,2019-06-18 01:00:00,6,2019-06-18 02:00:00,0.10547,0.10547,0.10547,0.12,0.0,184.42172268656145,-0.0,0.0,0.0,184.42172268656145,184.42172268656145,0.0,0.0
4034,2019-06-18 02:00:00,6,2019-06-18 03:00:00,0.10547,0.10547,0.10547,0.12,0.0,184.42172287103855,-0.0,0.0,0.0,184.42172287103855,184.42172287103855,0.0,0.0
4035,2019-06-18 03:00:00,6,2019-06-18 04:00:00,0.10547,0.10547,0.10547,0.12,0.0,193.89531799225605,-283.87718316137955,0.0,0.0,477.77250115363563,477.77250115363563,0.0,1.0
4036,2019-06-18 04:00:00,6,2019-06-18 05:00:00,0.10547,0.10547,0.10547,0.12,0.32645876063558654,206.22124331576074,-271.55125783787486,0.0,0.0,477.77250115363563,477.77250115363563,0.0,1.0
4037,2019-06-18 05:00:00,6,2019-06-18 06:00:00,0.10547,0.10547,0.10547,0.12,0.6387427071491426,211.0030014784831,-0.0,0.0,0.0,211.0030014784831,211.0030014784831,0.0,0.0
4038,2019-06-18 06:00:00,6,2019-06-18 07:00:00,0.10547,0.10547,0.10547,0.12,0.6387427071491427,279.9564210284075,-0.0,0.0,0.0,279.9564210284075,279.9564210284075,0.0,0.0
4039,2019-06-18 07:00:00,6,2019-06-18 08:00:00,0.10547,0.10547,0.10547,0.12,0.6387427071491427,423.99047690071893,-0.0,0.0,0.0,423.99047690071893,423.99047690071893,0.0,0.0
4040,2019-06-18 08:00:00,6,2019-06-18 09:00:00,0.10547,0.10547,0.10547,0.12,0.6387427071491427,466.58187204751164,-0.0,0.0,0.0,466.58187204751164,466.58187204751164,0.0,0.0
4041,2019-06-18 09:00:00,6,2019-06-18 10:00:00,0.10547,0.10547,0.10547,0.12,0.6387427071491427,411.057994087743,-0.0,0.0,0.0,411.057994087743,411.057994087743,0.0,0.0
4042,2019-06-18 10:00:00,6,2019-06-18 11:00:00,0.10547,0.10547,0.10547,0.12,0.6387427071491427,438.32448791595556,-0.0,0.0,0.0,438.32448791595556,438.32448791595556,0.0,0.0
4043,2019-06-18 11:00:00,6,2019-06-18 12:00:00,0.10547,0.10547,0.10547,0.12,0.6387427071491427,216.51881987913737,-0.0,0.0,0.0,216.51881987913737,216.51881987913737,0.0,0.0
4044,2019-06-18 12:00:00,6,2019-06-18 13:00:00,0.10547,0.10547,0.10547,0.12,0.6387427071491427,163.6367747750428,-0.0,0.0,0.0,163.6367747750428,163.6367747750428,0.0,0.0
4045,2019-06-18 13:00:00,6,2019-06-18 14:00:00,0.10547,0.10547,0.10547,0.12,0.6387427071491427,163.63572476158575,-314.1367763920498,0.0,0.0,477.7725011536355,477.7725011536355,0.0,1.0
4046,2019-06-18 14:00:00,6,2019-06-18 15:00:00,0.12561,0.12561,0.12561,0.12,1.0,310.7196234694847,-0.0,0.0,0.0,310.7196234694847,310.7196234694847,0.0,0.0
4047,2019-06-18 15:00:00,6,2019-06-18 16:00:00,0.12561,0.12561,0.12561,0.12,1.0,427.895600249444,-0.0,0.0,0.0,427.895600249444,427.895600249444,0.0,1.0
4048,2019-06-18 16:00:00,6,2019-06-18 17:00:00,0.15111,0.15111,0.15111,0.12,1.0,486.2040129704611,-0.0,400.0,0.0,86.20401297046112,86.20401297046112,0.0,0.0
4049,2019-06-18 17:00:00,6,2019-06-18 18:00:00,0.15111,0.15111,0.15111,0.12,0.4565217391304348,448.8388492211736,-0.0,336.00000000000006,0.0,112.83884922117352,112.83884922117352,0.0,0.0
4050,2019-06-18 18:00:00,6,2019-06-18 19:00:00,0.15111,0.15111,0.15111,0.12,0.0,389.8313731062542,-0.0,0.0,0.0,389.8313731062542,389.8313731062542,0.0,1.0
4051,2019-06-18 19:00:00,6,2019-06-18 20:00:00,0.15111,0.15111,0.15111,0.12,0.0,267.47519509350786,-0.0,0.0,0.0,267.47519509350786,267.47519509350786,0.0,0.0
4052,2019-06-18 20:00:00,6,2019-06-18 21:00:00,0.15111,0.15111,0.15111,0.12,0.0,231.79074875644713,-0.0,0.0,0.0,231.79074875644713,231.79074875644713,0.0,0.0
4053,2019-06-18 21:00:00,6,2019-06-18 22:00:00,0.12561,0.12561,0.12561,0.12,0.0,212.84250827577208,-0.0,0.0,0.0,212.84250827577208,212.84250827577208,0.0,0.0
4054,2019-06-18 22:00:00,6,2019-06-18 23:00:00,0.12561,0.12561,0.12561,0.12,0.0,193.89531752718773,-0.0,0.0,0.0,193.89531752718773,193.89531752718773,0.0,0.0
4055,2019-06-18 23:00:00,6,2019-06-19 00:00:00,0.10547,0.10547,0.10547,0.12,0.0,184.42172259587312,-0.0,0.0,0.0,184.42172259587312,184.42172259587312,0.0,0.0
4056,2019-06-19 00:00:00,6,2019-06-19 01:00:00,0.10547,0.10547,0.10547,0.12,0.0,223.05431164140217,-0.0,0.0,0.0,223.05431164140217,223.05431164140217,0.0,0.0
4057,2019-06-19 01:00:00,6,2019-06-19 02:00:00,0.10547,0.10547,0.10547,0.12,0.0,223.05431166465561,-0.0,0.0,0.0,223.05431166465561,223.05431166465561,0.0,0.0
4058,2019-06-19 02:00:00,6,2019-06-19 03:00:00,0.10547,0.10547,0.10547,0.12,0.0,223.05431173984167,-69.56521739130429,0.0,0.0,292.61952913114595,292.61952913114595,0.0,1.0
4059,2019-06-19 03:00:00,6,2019-06-19 04:00:00,0.10547,0.10547,0.10547,0.12,0.07999999999999993,232.527906948647,-0.0,0.0,0.0,232.527906948647,232.527906948647,0.0,0.0
4060,2019-06-19 04:00:00,6,2019-06-19 05:00:00,0.10547,0.10547,0.10547,0.12,0.07999999999999993,264.1699517451331,-400.00000000000006,0.0,0.0,664.1699517451332,664.1699517451332,0.0,1.0
4061,2019-06-19 05:00:00,6,2019-06-19 06:00:00,0.10547,0.10547,0.10547,0.12,0.54,291.9481656220057,-400.0,0.0,0.0,691.9481656220057,691.9481656220057,0.0,1.0
4062,2019-06-19 06:00:00,6,2019-06-19 07:00:00,0.10547,0.10547,0.10547,0.12,1.0,479.3293101449409,0.0,0.0,0.0,479.3293101449409,479.3293101449409,0.0,0.0
4063,2019-06-19 07:00:00,6,2019-06-19 08:00:00,0.10547,0.10547,0.10547,0.12,1.0,1056.9552057177016,-0.0,35.3439803431113,0.0,1021.6112253745903,1021.6112253745903,0.0,0.0
4064,2019-06-19 08:00:00,6,2019-06-19 09:00:00,0.10547,0.10547,0.10547,0.12,0.9519782875772944,1073.130920109203,-0.0,51.51969473461281,0.0,1021.6112253745903,1021.6112253745903,0.0,0.0
4065,2019-06-19 09:00:00,6,2019-06-19 10:00:00,0.10547,0.10547,0.10547,0.12,0.8819787023400487,1046.635177168954,-0.0,25.02395179436371,0.0,1021.6112253745903,1021.6112253745903,0.0,0.0
4066,2019-06-19 10:00:00,6,2019-06-19 11:00:00,0.10547,0.10547,0.10547,0.12,0.847978767836837,1059.5993959977852,-0.0,37.98817062319495,0.0,1021.6112253745903,1021.6112253745903,0.0,0.0
4067,2019-06-19 11:00:00,6,2019-06-19 12:00:00,0.10547,0.10547,0.10547,0.12,0.7963644055770613,1031.7473731587368,-0.0,10.136147784146488,0.0,1021.6112253745903,1021.6112253745903,0.0,0.0
4068,2019-06-19 12:00:00,6,2019-06-19 13:00:00,0.10547,0.10547,0.10547,0.12,0.7825924656529493,1067.0517113254666,-0.0,45.44048595087634,0.0,1021.6112253745903,1021.6112253745903,0.0,0.0
4069,2019-06-19 13:00:00,6,2019-06-19 14:00:00,0.10547,0.10547,0.10547,0.12,0.7208526749588239,1056.372576627286,-0.0,34.761351252695704,0.0,1021.6112253745903,1021.6112253745903,0.0,0.0
4070,2019-06-19 14:00:00,6,2019-06-19 15:00:00,0.12561,0.12561,0.12561,0.12,0.673622578148096,1043.6667526637875,-0.0,22.055527289197244,0.0,1021.6112253745903,1021.6112253745903,0.0,0.0
4071,2019-06-19 15:00:00,6,2019-06-19 16:00:00,0.12561,0.12561,0.12561,0.12,0.6436558291138605,1080.3129302257744,-0.0,58.701704851184104,0.0,1021.6112253745903,1021.6112253745903,0.0,0.0
4072,2019-06-19 16:00:00,6,2019-06-19 17:00:00,0.15111,0.15111,0.15111,0.12,0.5638980779573604,985.2612473228228,-0.0,400.0,0.0,585.2612473228228,585.2612473228228,0.0,0.0
4073,2019-06-19 17:00:00,6,2019-06-19 18:00:00,0.15111,0.15111,0.15111,0.12,0.020419817087795236,823.583796075822,-0.0,0.0,0.0,823.583796075822,823.583796075822,0.0,1.0
4074,2019-06-19 18:00:00,6,2019-06-19 19:00:00,0.15111,0.15111,0.15111,0.12,0.020419817087795236,718.7850725418031,-0.0,0.0,0.0,718.7850725418031,718.7850725418031,0.0,1.0
4075,2019-06-19 19:00:00,6,2019-06-19 20:00:00,0.15111,0.15111,0.15111,0.12,0.020419817087795236,534.4142122621023,-0.0,0.0,0.0,534.4142122621023,534.4142122621023,0.0,1.0
4076,2019-06-19 20:00:00,6,2019-06-19 21:00:00,0.15111,0.15111,0.15111,0.12,0.020419817087795236,498.8398740659786,-0.0,15.028985376617296,0.0,483.8108886893613,483.8108886893613,0.0,0.0
4077,2019-06-19 21:00:00,6,2019-06-19 22:00:00,0.12561,0.12561,0.12561,0.12,0.0,270.7912175693964,-0.0,0.0,0.0,270.7912175693964,270.7912175693964,0.0,0.0
4078,2019-06-19 22:00:00,6,2019-06-19 23:00:00,0.12561,0.12561,0.12561,0.12,0.0,232.52790703778513,-0.0,0.0,0.0,232.52790703778513,232.52790703778513,0.0,0.0
4079,2019-06-19 23:00:00,6,2019-06-20 00:00:00,0.10547,0.10547,0.10547,0.12,0.0,223.05431175534395,-0.0,0.0,0.0,223.05431175534395,223.05431175534395,0.0,0.0
4080,2019-06-20 00:00:00,6,2019-06-20 01:00:00,0.10547,0.10547,0.10547,0.12,0.0,223.0543109965074,0.0,0.0,0.0,223.0543109965074,223.0543109965074,0.0,0.0
4081,2019-06-20 01:00:00,6,2019-06-20 02:00:00,0.10547,0.10547,0.10547,0.12,0.0,223.05431102518662,-0.0,0.0,0.0,223.05431102518662,223.05431102518662,0.0,0.0
4082,2019-06-20 02:00:00,6,2019-06-20 03:00:00,0.10547,0.10547,0.10547,0.12,0.0,223.05431101045943,-0.0,0.0,0.0,223.05431101045943,223.05431101045943,0.0,0.0
4083,2019-06-20 03:00:00,6,2019-06-20 04:00:00,0.10547,0.10547,0.10547,0.12,0.0,232.52790623554225,-0.0,0.0,0.0,232.52790623554225,232.52790623554225,0.0,0.0
4084,2019-06-20 04:00:00,6,2019-06-20 05:00:00,0.10547,0.10547,0.10547,0.12,0.0,264.16995055533323,-0.0,0.0,0.0,264.16995055533323,264.16995055533323,0.0,0.0
4085,2019-06-20 05:00:00,6,2019-06-20 06:00:00,0.10547,0.10547,0.10547,0.12,0.0,292.295606026026,-0.0,0.0,0.0,292.295606026026,292.295606026026,0.0,0.0
4086,2019-06-20 06:00:00,6,2019-06-20 07:00:00,0.10547,0.10547,0.10547,0.12,0.0,388.1311730723048,-332.14016435616156,0.0,0.0,720.2713374284664,720.2713374284664,0.0,1.0
4087,2019-06-20 07:00:00,6,2019-06-20 08:00:00,0.10547,0.10547,0.10547,0.12,0.3819611890095858,852.8110915765906,-168.8001337979997,0.0,0.0,1021.6112253745903,1021.6112253745903,0.0,1.0
4088,2019-06-20 08:00:00,6,2019-06-20 09:00:00,0.10547,0.10547,0.10547,0.12,0.5760813428772855,841.1020923751804,-180.50913299940987,0.0,0.0,1021.6112253745903,1021.6112253745903,0.0,1.0
4089,2019-06-20 09:00:00,6,2019-06-20 10:00:00,0.10547,0.10547,0.10547,0.12,0.7836668458266068,833.495439136857,-188.11578623773323,0.0,0.0,1021.6112253745903,1021.6112253745903,0.0,1.0
4090,2019-06-20 10:00:00,6,2019-06-20 11:00:00,0.10547,0.10547,0.10547,0.12,1.0,903.2518168164388,0.0,0.0,0.0,903.2518168164388,903.2518168164388,0.0,0.0
4091,2019-06-20 11:00:00,6,2019-06-20 12:00:00,0.10547,0.10547,0.10547,0.12,1.0,898.447412238002,0.0,0.0,0.0,898.447412238002,898.447412238002,0.0,0.0
4092,2019-06-20 12:00:00,6,2019-06-20 13:00:00,0.10547,0.10547,0.10547,0.12,1.0,970.5829363123717,-0.0,0.0,0.0,970.5829363123717,970.5829363123717,0.0,1.0
4093,2019-06-20 13:00:00,6,2019-06-20 14:00:00,0.10547,0.10547,0.10547,0.12,1.0,1023.9123691050546,-0.0,2.3011437304643323,0.0,1021.6112253745903,1021.6112253745903,0.0,0.0
4094,2019-06-20 14:00:00,6,2019-06-20 15:00:00,0.12561,0.12561,0.12561,0.12,0.9968734460183909,1026.171319751574,-0.0,4.56009437698367,0.0,1021.6112253745903,1021.6112253745903,0.0,0.0
4095,2019-06-20 15:00:00,6,2019-06-20 16:00:00,0.12561,0.12561,0.12561,0.12,0.9906776656148805,1031.0794604340579,-0.0,9.468235059467588,0.0,1021.6112253745903,1021.6112253745903,0.0,0.0
4096,2019-06-20 16:00:00,6,2019-06-20 17:00:00,0.15111,0.15111,0.15111,0.12,0.9778132158058211,894.5846026270528,-0.0,400.0,0.0,494.58460262705285,494.58460262705285,0.0,0.0
4097,2019-06-20 17:00:00,6,2019-06-20 18:00:00,0.15111,0.15111,0.15111,0.12,0.434334954936256,675.9046914275734,-0.0,319.6705268330844,0.0,356.234164594489,356.234164594489,0.0,0.0
4098,2019-06-20 18:00:00,6,2019-06-20 19:00:00,0.15111,0.15111,0.15111,0.12,0.0,588.8216839497412,-0.0,0.0,0.0,588.8216839497412,588.8216839497412,0.0,1.0
4099,2019-06-20 19:00:00,6,2019-06-20 20:00:00,0.15111,0.15111,0.15111,0.12,0.0,482.0016189006422,-0.0,0.0,0.0,482.0016189006422,482.0016189006422,0.0,1.0
4100,2019-06-20 20:00:00,6,2019-06-20 21:00:00,0.15111,0.15111,0.15111,0.12,0.0,476.31361585323964,-0.0,0.0,0.0,476.31361585323964,476.31361585323964,0.0,1.0
4101,2019-06-20 21:00:00,6,2019-06-20 22:00:00,0.12561,0.12561,0.12561,0.12,0.0,270.79121668034077,-0.0,0.0,0.0,270.79121668034077,270.79121668034077,0.0,0.0
4102,2019-06-20 22:00:00,6,2019-06-20 23:00:00,0.12561,0.12561,0.12561,0.12,0.0,232.52790617043266,-0.0,0.0,0.0,232.52790617043266,232.52790617043266,0.0,0.0
4103,2019-06-20 23:00:00,6,2019-06-21 00:00:00,0.10547,0.10547,0.10547,0.12,0.0,223.0543109220965,-0.0,0.0,0.0,223.0543109220965,223.0543109220965,0.0,0.0
4104,2019-06-21 00:00:00,6,2019-06-21 01:00:00,0.10547,0.10547,0.10547,0.12,0.0,223.0543102097668,-0.0,0.0,0.0,223.0543102097668,223.0543102097668,0.0,0.0
4105,2019-06-21 01:00:00,6,2019-06-21 02:00:00,0.10547,0.10547,0.10547,0.12,0.0,223.05431014853278,-0.0,0.0,0.0,223.05431014853278,223.05431014853278,0.0,0.0
4106,2019-06-21 02:00:00,6,2019-06-21 03:00:00,0.10547,0.10547,0.10547,0.12,0.0,223.05431017256137,-0.0,0.0,0.0,223.05431017256137,223.05431017256137,0.0,0.0
4107,2019-06-21 03:00:00,6,2019-06-21 04:00:00,0.10547,0.10547,0.10547,0.12,0.0,232.5279054705048,-0.0,0.0,0.0,232.5279054705048,232.5279054705048,0.0,0.0
4108,2019-06-21 04:00:00,6,2019-06-21 05:00:00,0.10547,0.10547,0.10547,0.12,0.0,264.169949763942,-0.0,0.0,0.0,264.169949763942,264.169949763942,0.0,0.0
4109,2019-06-21 05:00:00,6,2019-06-21 06:00:00,0.10547,0.10547,0.10547,0.12,0.0,292.4600307991148,-221.11945000948086,0.0,0.0,513.5794808085957,513.5794808085957,0.0,1.0
4110,2019-06-21 06:00:00,6,2019-06-21 07:00:00,0.10547,0.10547,0.10547,0.12,0.254287367510903,388.1264251075203,-400.0,0.0,0.0,788.1264251075203,788.1264251075203,0.0,1.0
4111,2019-06-21 07:00:00,6,2019-06-21 08:00:00,0.10547,0.10547,0.10547,0.12,0.7142873675109029,812.9808794193665,-208.6303459552238,0.0,0.0,1021.6112253745903,1021.6112253745903,0.0,1.0
4112,2019-06-21 08:00:00,6,2019-06-21 09:00:00,0.10547,0.10547,0.10547,0.12,0.9542122653594103,857.3989482856655,0.0,0.0,0.0,857.3989482856655,857.3989482856655,0.0,0.0
4113,2019-06-21 09:00:00,6,2019-06-21 10:00:00,0.10547,0.10547,0.10547,0.12,0.9542122653594103,884.4930514000018,0.0,0.0,0.0,884.4930514000018,884.4930514000018,0.0,0.0
4114,2019-06-21 10:00:00,6,2019-06-21 11:00:00,0.10547,0.10547,0.10547,0.12,0.9542122653594103,962.1142845519358,-0.0,0.0,0.0,962.1142845519358,962.1142845519358,0.0,0.0
4115,2019-06-21 11:00:00,6,2019-06-21 12:00:00,0.10547,0.10547,0.10547,0.12,0.9542122653594103,981.7958039479905,-39.815421426599755,0.0,0.0,1021.6112253745903,1021.6112253745903,0.0,1.0
4116,2019-06-21 12:00:00,6,2019-06-21 13:00:00,0.10547,0.10547,0.10547,0.12,1.0,1026.0031425777322,-0.0,4.391917203141929,0.0,1021.6112253745903,1021.6112253745903,0.0,0.0
4117,2019-06-21 13:00:00,6,2019-06-21 14:00:00,0.10547,0.10547,0.10547,0.12,0.9940327211913832,1026.702952238886,-0.0,5.0917268642956515,0.0,1021.6112253745903,1021.6112253745903,0.0,0.0
4118,2019-06-21 14:00:00,6,2019-06-21 15:00:00,0.12561,0.12561,0.12561,0.12,0.9871146140388076,1025.3558619973544,-0.0,3.7446366227641192,0.0,1021.6112253745903,1021.6112253745903,0.0,0.0
4119,2019-06-21 15:00:00,6,2019-06-21 16:00:00,0.12561,0.12561,0.12561,0.12,0.9820267925404867,1035.1163693602591,-0.0,13.505143985668838,0.0,1021.6112253745903,1021.6112253745903,0.0,0.0
4120,2019-06-21 16:00:00,6,2019-06-21 17:00:00,0.15111,0.15111,0.15111,0.12,0.9636774121251759,895.6169553156299,-0.0,309.2665753241295,0.0,586.3503799915004,586.3503799915004,0.0,0.0
4121,2019-06-21 17:00:00,6,2019-06-21 18:00:00,0.15111,0.15111,0.15111,0.12,0.5434782608695652,674.9777834304671,-0.0,400.0,0.0,274.97778343046707,274.97778343046707,0.0,0.0
4122,2019-06-21 18:00:00,6,2019-06-21 19:00:00,0.15111,0.15111,0.15111,0.12,0.0,606.6946949931133,-0.0,0.0,0.0,606.6946949931133,606.6946949931133,0.0,1.0
4123,2019-06-21 19:00:00,6,2019-06-21 20:00:00,0.15111,0.15111,0.15111,0.12,0.0,460.30937224409604,-0.0,0.0,0.0,460.30937224409604,460.30937224409604,0.0,0.0
4124,2019-06-21 20:00:00,6,2019-06-21 21:00:00,0.15111,0.15111,0.15111,0.12,0.0,428.54804811106806,-0.0,0.0,0.0,428.54804811106806,428.54804811106806,0.0,0.0
4125,2019-06-21 21:00:00,6,2019-06-21 22:00:00,0.12561,0.12561,0.12561,0.12,0.0,270.79121592072914,-0.0,0.0,0.0,270.79121592072914,270.79121592072914,0.0,0.0
4126,2019-06-21 22:00:00,6,2019-06-21 23:00:00,0.12561,0.12561,0.12561,0.12,0.0,232.52790542554823,-0.0,0.0,0.0,232.52790542554823,232.52790542554823,0.0,0.0
4127,2019-06-21 23:00:00,6,2019-06-22 00:00:00,0.10547,0.10547,0.10547,0.12,0.0,223.05431021286728,-0.0,0.0,0.0,223.05431021286728,223.05431021286728,0.0,0.0
4128,2019-06-22 00:00:00,6,2019-06-22 01:00:00,0.10547,0.10547,0.10547,0.12,0.0,223.05430956487203,-0.0,0.0,0.0,223.05430956487203,223.05430956487203,0.0,0.0
4129,2019-06-22 01:00:00,6,2019-06-22 02:00:00,0.10547,0.10547,0.10547,0.12,0.0,223.05430955867115,-0.0,0.0,0.0,223.05430955867115,223.05430955867115,0.0,0.0
4130,2019-06-22 02:00:00,6,2019-06-22 03:00:00,0.10547,0.10547,0.10547,0.12,0.0,223.05430962688115,-0.0,0.0,0.0,223.05430962688115,223.05430962688115,0.0,0.0
4131,2019-06-22 03:00:00,6,2019-06-22 04:00:00,0.10547,0.10547,0.10547,0.12,0.0,232.52790490777213,-0.0,0.0,0.0,232.52790490777213,232.52790490777213,0.0,0.0
4132,2019-06-22 04:00:00,6,2019-06-22 05:00:00,0.10547,0.10547,0.10547,0.12,0.0,264.16994897177557,-399.99999999999994,0.0,0.0,664.1699489717755,664.1699489717755,0.0,1.0
4133,2019-06-22 05:00:00,6,2019-06-22 06:00:00,0.10547,0.10547,0.10547,0.12,0.4599999999999999,292.53389372859516,-399.99999999999994,0.0,0.0,692.5338937285951,692.5338937285951,0.0,1.0
4134,2019-06-22 06:00:00,6,2019-06-22 07:00:00,0.10547,0.10547,0.10547,0.12,0.9199999999999998,416.53271789780484,-69.56521739130447,0.0,0.0,486.09793528910933,486.09793528910933,0.0,1.0
4135,2019-06-22 07:00:00,6,2019-06-22 08:00:00,0.10547,0.10547,0.10547,0.12,1.0,957.5710529245252,0.0,0.0,0.0,957.5710529245252,957.5710529245252,0.0,0.0
4136,2019-06-22 08:00:00,6,2019-06-22 09:00:00,0.10547,0.10547,0.10547,0.12,1.0,1035.4485951258162,-0.0,13.837369751225879,0.0,1021.6112253745903,1021.6112253745903,0.0,0.0
4137,2019-06-22 09:00:00,6,2019-06-22 10:00:00,0.10547,0.10547,0.10547,0.12,0.9811992258814866,1027.2912245537295,-0.0,5.679999179139259,0.0,1021.6112253745903,1021.6112253745903,0.0,0.0
4138,2019-06-22 10:00:00,6,2019-06-22 11:00:00,0.10547,0.10547,0.10547,0.12,0.9734818356924386,1037.3680426949984,-0.0,15.756817320408118,0.0,1021.6112253745903,1021.6112253745903,0.0,0.0
4139,2019-06-22 11:00:00,6,2019-06-22 12:00:00,0.10547,0.10547,0.10547,0.12,0.9520731165071016,1014.5568426041094,-7.054382770480856,0.0,0.0,1021.6112253745903,1021.6112253745903,0.0,1.0
4140,2019-06-22 12:00:00,6,2019-06-22 13:00:00,0.10547,0.10547,0.10547,0.12,0.9601856566931545,1066.7788932183782,-0.0,45.16766784378797,0.0,1021.6112253745903,1021.6112253745903,0.0,0.0
4141,2019-06-22 13:00:00,6,2019-06-22 14:00:00,0.10547,0.10547,0.10547,0.12,0.8988165427749644,1065.7668620937172,-0.0,44.15563671912696,0.0,1021.6112253745903,1021.6112253745903,0.0,0.0
4142,2019-06-22 14:00:00,6,2019-06-22 15:00:00,0.12561,0.12561,0.12561,0.12,0.8388224711457157,1058.291346498892,-0.0,36.68012112430165,0.0,1021.6112253745903,1021.6112253745903,0.0,0.0
4143,2019-06-22 15:00:00,6,2019-06-22 16:00:00,0.12561,0.12561,0.12561,0.12,0.7889853500529145,1092.517569260724,-0.0,70.90634388613375,0.0,1021.6112253745903,1021.6112253745903,0.0,0.0
4144,2019-06-22 16:00:00,6,2019-06-22 17:00:00,0.15111,0.15111,0.15111,0.12,0.6926452089032762,995.11952648992,-0.0,0.0,0.0,995.11952648992,995.11952648992,0.0,1.0
4145,2019-06-22 17:00:00,6,2019-06-22 18:00:00,0.15111,0.15111,0.15111,0.12,0.6926452089032762,827.1312880540834,-0.0,400.0,0.0,427.13128805408337,427.13128805408337,0.0,0.0
4146,2019-06-22 18:00:00,6,2019-06-22 19:00:00,0.15111,0.15111,0.15111,0.12,0.149166948033711,760.2326105782214,-0.0,-2.091837814077735e-13,0.0,760.2326105782216,760.2326105782216,0.0,1.0
4147,2019-06-22 19:00:00,6,2019-06-22 20:00:00,0.15111,0.15111,0.15111,0.12,0.1491669480337113,548.2595070416572,-0.0,0.0,0.0,548.2595070416572,548.2595070416572,0.0,0.0
4148,2019-06-22 20:00:00,6,2019-06-22 21:00:00,0.15111,0.15111,0.15111,0.12,0.1491669480337113,465.85615796853403,-0.0,109.78687375281152,0.0,356.0692842157225,356.0692842157225,0.0,0.0
4149,2019-06-22 21:00:00,6,2019-06-22 22:00:00,0.12561,0.12561,0.12561,0.12,0.0,270.7912154153549,-0.0,0.0,0.0,270.7912154153549,270.7912154153549,0.0,0.0
4150,2019-06-22 22:00:00,6,2019-06-22 23:00:00,0.12561,0.12561,0.12561,0.12,0.0,232.5279048837436,-0.0,0.0,0.0,232.5279048837436,232.5279048837436,0.0,0.0
4151,2019-06-22 23:00:00,6,2019-06-23 00:00:00,0.10547,0.10547,0.10547,0.12,0.0,223.05430960595308,-0.0,0.0,0.0,223.05430960595308,223.05430960595308,0.0,0.0
4152,2019-06-23 00:00:00,6,2019-06-23 01:00:00,0.10547,0.10547,0.10547,0.12,0.0,223.05430898973754,-0.0,0.0,0.0,223.05430898973754,223.05430898973754,0.0,0.0
4153,2019-06-23 01:00:00,6,2019-06-23 02:00:00,0.10547,0.10547,0.10547,0.12,0.0,223.05430889982435,-0.0,0.0,0.0,223.05430889982435,223.05430889982435,0.0,0.0
4154,2019-06-23 02:00:00,6,2019-06-23 03:00:00,0.10547,0.10547,0.10547,0.12,0.0,223.0543089075755,-69.56521739130429,0.0,0.0,292.6195262988798,292.6195262988798,0.0,1.0
4155,2019-06-23 03:00:00,6,2019-06-23 04:00:00,0.10547,0.10547,0.10547,0.12,0.07999999999999993,232.52790419699272,-0.0,0.0,0.0,232.52790419699272,232.52790419699272,0.0,0.0
4156,2019-06-23 04:00:00,6,2019-06-23 05:00:00,0.10547,0.10547,0.10547,0.12,0.07999999999999993,264.1699472293196,-400.0,0.0,0.0,664.1699472293196,664.1699472293196,0.0,1.0
4157,2019-06-23 05:00:00,6,2019-06-23 06:00:00,0.10547,0.10547,0.10547,0.12,0.5399999999999999,300.91056071459656,-400.00000000000006,0.0,0.0,700.9105607145966,700.9105607145966,0.0,1.0
4158,2019-06-23 06:00:00,6,2019-06-23 07:00:00,0.10547,0.10547,0.10547,0.12,1.0,520.9471309141028,0.0,0.0,0.0,520.9471309141028,520.9471309141028,0.0,0.0
4159,2019-06-23 07:00:00,6,2019-06-23 08:00:00,0.10547,0.10547,0.10547,0.12,1.0,1088.5937542955514,-0.0,66.98252892096116,0.0,1021.6112253745903,1021.6112253745903,0.0,0.0
4160,2019-06-23 08:00:00,6,2019-06-23 09:00:00,0.10547,0.10547,0.10547,0.12,0.9089911291834767,1082.7005966724423,-0.0,61.08937129785204,0.0,1021.6112253745903,1021.6112253745903,0.0,0.0
4161,2019-06-23 09:00:00,6,2019-06-23 10:00:00,0.10547,0.10547,0.10547,0.12,0.8259892660070473,1062.5223619180676,-0.0,40.91113654347737,0.0,1021.6112253745903,1021.6112253745903,0.0,0.0
4162,2019-06-23 10:00:00,6,2019-06-23 11:00:00,0.10547,0.10547,0.10547,0.12,0.7704034826599313,1076.7545589659833,-0.0,55.143333591393,0.0,1021.6112253745903,1021.6112253745903,0.0,0.0
4163,2019-06-23 11:00:00,6,2019-06-23 12:00:00,0.10547,0.10547,0.10547,0.12,0.6954804750629299,1032.3615190310197,-0.0,10.750293656429449,0.0,1021.6112253745903,1021.6112253745903,0.0,0.0
4164,2019-06-23 12:00:00,6,2019-06-23 13:00:00,0.10547,0.10547,0.10547,0.12,0.6808740978123464,1074.1065052004747,-0.0,52.49527982588438,0.0,1021.6112253745903,1021.6112253745903,0.0,0.0
4165,2019-06-23 13:00:00,6,2019-06-23 14:00:00,0.10547,0.10547,0.10547,0.12,0.6095489893532644,1080.9315326773778,-0.0,59.32030730278757,0.0,1021.6112253745903,1021.6112253745903,0.0,0.0
4166,2019-06-23 14:00:00,6,2019-06-23 15:00:00,0.12561,0.12561,0.12561,0.12,0.5289507457353465,1069.8463731860993,-0.0,48.23514781150902,0.0,1021.6112253745903,1021.6112253745903,0.0,0.0
4167,2019-06-23 15:00:00,6,2019-06-23 16:00:00,0.12561,0.12561,0.12561,0.12,0.4634138601218832,1101.9215895840307,-0.0,80.31036420944042,0.0,1021.6112253745903,1021.6112253745903,0.0,0.0
4168,2019-06-23 16:00:00,6,2019-06-23 17:00:00,0.15111,0.15111,0.15111,0.12,0.35429651744601304,1004.5273617532689,-0.0,260.7622368402656,0.0,743.7651249130033,743.7651249130033,0.0,0.0
4169,2019-06-23 17:00:00,6,2019-06-23 18:00:00,0.15111,0.15111,0.15111,0.12,0.0,841.0989328481904,-0.0,0.0,0.0,841.0989328481904,841.0989328481904,0.0,0.0
4170,2019-06-23 18:00:00,6,2019-06-23 19:00:00,0.15111,0.15111,0.15111,0.12,0.0,720.2258994996379,-0.0,0.0,0.0,720.2258994996379,720.2258994996379,0.0,0.0
4171,2019-06-23 19:00:00,6,2019-06-23 20:00:00,0.15111,0.15111,0.15111,0.12,0.0,538.5029167028438,-0.0,0.0,0.0,538.5029167028438,538.5029167028438,0.0,0.0
4172,2019-06-23 20:00:00,6,2019-06-23 21:00:00,0.15111,0.15111,0.15111,0.12,0.0,530.2731537969565,-0.0,0.0,0.0,530.2731537969565,530.2731537969565,0.0,0.0
4173,2019-06-23 21:00:00,6,2019-06-23 22:00:00,0.12561,0.12561,0.12561,0.12,0.0,270.79121463946586,-0.0,0.0,0.0,270.79121463946586,270.79121463946586,0.0,0.0
4174,2019-06-23 22:00:00,6,2019-06-23 23:00:00,0.12561,0.12561,0.12561,0.12,0.0,232.52790412955778,-0.0,0.0,0.0,232.52790412955778,232.52790412955778,0.0,0.0
4175,2019-06-23 23:00:00,6,2019-06-24 00:00:00,0.10547,0.10547,0.10547,0.12,0.0,223.05430889052298,-0.0,0.0,0.0,223.05430889052298,223.05430889052298,0.0,0.0
4176,2019-06-24 00:00:00,6,2019-06-24 01:00:00,0.10547,0.10547,0.10547,0.12,0.0,184.4220684354135,-0.0,-3.198700296921125e-14,0.0,184.42206843541354,184.42206843541354,0.0,1.0
4177,2019-06-24 01:00:00,6,2019-06-24 02:00:00,0.10547,0.10547,0.10547,0.12,4.4160209095961475e-17,184.42206840828447,-0.0,0.0,0.0,184.42206840828447,184.42206840828447,0.0,1.0
4178,2019-06-24 02:00:00,6,2019-06-24 03:00:00,0.10547,0.10547,0.10547,0.12,4.4160209095961475e-17,184.42206846564295,-0.0,0.0,0.0,184.42206846564295,184.42206846564295,0.0,1.0
4179,2019-06-24 03:00:00,6,2019-06-24 04:00:00,0.10547,0.10547,0.10547,0.12,4.4160209095961475e-17,193.89566375661036,-0.0,0.0,0.0,193.89566375661036,193.89566375661036,0.0,1.0
4180,2019-06-24 04:00:00,6,2019-06-24 05:00:00,0.10547,0.10547,0.10547,0.12,4.416020909596148e-17,206.2215870485416,-74.15009465348128,-2.432079843564335e-13,0.0,280.37168170202307,280.37168170202307,0.0,1.0
4181,2019-06-24 05:00:00,6,2019-06-24 06:00:00,0.10547,0.10547,0.10547,0.12,0.0852726088515041,292.8025948763899,-399.99999999999994,2.5476266827299307e-14,0.0,692.8025948763899,692.8025948763899,0.0,1.0
4182,2019-06-24 06:00:00,6,2019-06-24 07:00:00,0.10547,0.10547,0.10547,0.12,0.545272608851504,342.68322466944227,-395.41512273782513,0.0,0.0,738.0983474072666,738.0983474072666,0.0,1.0
4183,2019-06-24 07:00:00,6,2019-06-24 08:00:00,0.10547,0.10547,0.10547,0.12,1.0000000000000018,576.3452999040518,-0.0,3.013980079849945e-14,0.0,576.3452999040517,576.3452999040517,0.0,1.0
4184,2019-06-24 08:00:00,6,2019-06-24 09:00:00,0.10547,0.10547,0.10547,0.12,1.0000000000000018,616.471049317666,-0.0,-2.6703618062308565e-14,0.0,616.471049317666,616.471049317666,0.0,1.0
4185,2019-06-24 09:00:00,6,2019-06-24 10:00:00,0.10547,0.10547,0.10547,0.12,1.0000000000000018,679.1256231042737,-0.0,1.7396643931861492e-13,0.0,679.1256231042735,679.1256231042735,0.0,0.0
4186,2019-06-24 10:00:00,6,2019-06-24 11:00:00,0.10547,0.10547,0.10547,0.12,1.0000000000000018,725.1462217038192,-0.0,-2.6703618062308565e-14,0.0,725.146221703819,725.146221703819,0.0,1.0
4187,2019-06-24 11:00:00,6,2019-06-24 12:00:00,0.10547,0.10547,0.10547,0.12,1.0000000000000022,732.4711388226503,-0.0,3.1155513370416875e-13,0.0,732.4711388226501,732.4711388226501,0.0,1.0
4188,2019-06-24 12:00:00,6,2019-06-24 13:00:00,0.10547,0.10547,0.10547,0.12,1.0,738.0983474072666,-0.0,0.0,0.0,738.0983474072666,738.0983474072666,0.0,1.0
4189,2019-06-24 13:00:00,6,2019-06-24 14:00:00,0.10547,0.10547,0.10547,0.12,1.0,547.9899054339799,-0.0,0.0,0.0,547.9899054339799,547.9899054339799,0.0,1.0
4190,2019-06-24 14:00:00,6,2019-06-24 15:00:00,0.12561,0.12561,0.12561,0.12,1.0,541.917557947547,-0.0,0.0,0.0,541.917557947547,541.917557947547,0.0,1.0
4191,2019-06-24 15:00:00,6,2019-06-24 16:00:00,0.12561,0.12561,0.12561,0.12,1.0,572.9771761025141,-0.0,0.0,0.0,572.9771761025141,572.9771761025141,0.0,0.0
4192,2019-06-24 16:00:00,6,2019-06-24 17:00:00,0.15111,0.15111,0.15111,0.12,1.0,541.0553316930983,-0.0,400.0,0.0,141.0553316930983,141.0553316930983,0.0,0.0
4193,2019-06-24 17:00:00,6,2019-06-24 18:00:00,0.15111,0.15111,0.15111,0.12,0.4565217391304348,229.95123586831315,-0.0,229.95123586831315,0.0,0.0,0.0,0.0,0.0
4194,2019-06-24 18:00:00,6,2019-06-24 19:00:00,0.15111,0.15111,0.15111,0.12,0.14408799474413983,211.00404559022294,-0.0,0.0,0.0,211.00404559022294,211.00404559022294,0.0,0.0
4195,2019-06-24 19:00:00,6,2019-06-24 20:00:00,0.15111,0.15111,0.15111,0.12,0.14408799474413983,237.49330400750426,-0.0,106.04876413168691,0.0,131.44453987581736,131.44453987581736,0.0,0.0
4196,2019-06-24 20:00:00,6,2019-06-24 21:00:00,0.15111,0.15111,0.15111,0.12,0.0,231.7914412749762,-0.0,0.0,0.0,231.7914412749762,231.7914412749762,0.0,0.0
4197,2019-06-24 21:00:00,6,2019-06-24 22:00:00,0.12561,0.12561,0.12561,0.12,0.0,212.84285426335916,-0.0,0.0,0.0,212.84285426335916,212.84285426335916,0.0,0.0
4198,2019-06-24 22:00:00,6,2019-06-24 23:00:00,0.12561,0.12561,0.12561,0.12,0.0,193.89566366127136,-0.0,0.0,0.0,193.89566366127136,193.89566366127136,0.0,1.0
4199,2019-06-24 23:00:00,6,2019-06-25 00:00:00,0.10547,0.10547,0.10547,0.12,0.0,184.42206834937585,-0.0,0.0,0.0,184.42206834937585,184.42206834937585,0.0,0.0
4200,2019-06-25 00:00:00,6,2019-06-25 01:00:00,0.10547,0.10547,0.10547,0.12,0.0,184.4217188730011,-0.0,0.0,0.0,184.4217188730011,184.4217188730011,0.0,0.0
4201,2019-06-25 01:00:00,6,2019-06-25 02:00:00,0.10547,0.10547,0.10547,0.12,0.0,184.42171903887547,-0.0,0.0,0.0,184.42171903887547,184.42171903887547,0.0,0.0
4202,2019-06-25 02:00:00,6,2019-06-25 03:00:00,0.10547,0.10547,0.10547,0.12,0.0,184.42171895438807,-0.0,0.0,0.0,184.42171895438807,184.42171895438807,0.0,0.0
4203,2019-06-25 03:00:00,6,2019-06-25 04:00:00,0.10547,0.10547,0.10547,0.12,0.0,193.89531390508049,-0.0,0.0,0.0,193.89531390508049,193.89531390508049,0.0,0.0
4204,2019-06-25 04:00:00,6,2019-06-25 05:00:00,0.10547,0.10547,0.10547,0.12,0.0,206.22123694199928,-261.46507606993487,0.0,0.0,467.68631301193415,467.68631301193415,0.0,1.0
4205,2019-06-25 05:00:00,6,2019-06-25 06:00:00,0.10547,0.10547,0.10547,0.12,0.3006848374804251,211.00299734092516,-0.0,0.0,0.0,211.00299734092516,211.00299734092516,0.0,0.0
4206,2019-06-25 06:00:00,6,2019-06-25 07:00:00,0.10547,0.10547,0.10547,0.12,0.3006848374804251,229.9501878166694,-0.0,0.0,0.0,229.9501878166694,229.9501878166694,0.0,0.0
4207,2019-06-25 07:00:00,6,2019-06-25 08:00:00,0.10547,0.10547,0.10547,0.12,0.3006848374804251,229.95018816779597,-0.0,0.0,0.0,229.95018816779597,229.95018816779597,0.0,0.0
4208,2019-06-25 08:00:00,6,2019-06-25 09:00:00,0.10547,0.10547,0.10547,0.12,0.3006848374804251,201.52940247394497,-0.0,0.0,0.0,201.52940247394497,201.52940247394497,0.0,0.0
4209,2019-06-25 09:00:00,6,2019-06-25 10:00:00,0.10547,0.10547,0.10547,0.12,0.3006848374804251,163.63502119458326,-0.0,0.0,0.0,163.63502119458326,163.63502119458326,0.0,0.0
4210,2019-06-25 10:00:00,6,2019-06-25 11:00:00,0.10547,0.10547,0.10547,0.12,0.3006848374804251,163.63571899241308,-0.0,0.0,0.0,163.63571899241308,163.63571899241308,0.0,0.0
4211,2019-06-25 11:00:00,6,2019-06-25 12:00:00,0.10547,0.10547,0.10547,0.12,0.3006848374804251,163.63571899861398,-304.05059401332016,0.0,0.0,467.68631301193415,467.68631301193415,0.0,1.0
4212,2019-06-25 12:00:00,6,2019-06-25 13:00:00,0.10547,0.10547,0.10547,0.12,0.6503430205957433,163.63676570388495,-0.0,0.0,0.0,163.63676570388495,163.63676570388495,0.0,0.0
4213,2019-06-25 13:00:00,6,2019-06-25 14:00:00,0.10547,0.10547,0.10547,0.12,0.6503430205957433,163.63571930400886,-304.0495473080493,0.0,0.0,467.6852666120582,467.6852666120582,0.0,1.0
4214,2019-06-25 14:00:00,6,2019-06-25 15:00:00,0.12561,0.12561,0.12561,0.12,1.0,343.91671566482694,-0.0,0.0,0.0,343.91671566482694,343.91671566482694,0.0,0.0
4215,2019-06-25 15:00:00,6,2019-06-25 16:00:00,0.12561,0.12561,0.12561,0.12,1.0,349.5263789326504,-0.0,0.0,0.0,349.5263789326504,349.5263789326504,0.0,1.0
4216,2019-06-25 16:00:00,6,2019-06-25 17:00:00,0.15111,0.15111,0.15111,0.12,1.0,229.95018843521026,-0.0,229.95018843521026,0.0,0.0,0.0,0.0,0.0
4217,2019-06-25 17:00:00,6,2019-06-25 18:00:00,0.15111,0.15111,0.15111,0.12,0.6875676787565078,229.9501882569341,-0.0,229.9501882569341,0.0,0.0,0.0,0.0,0.0
4218,2019-06-25 18:00:00,6,2019-06-25 19:00:00,0.15111,0.15111,0.15111,0.12,0.37513535775523865,211.00299731844683,-0.0,38.60736701947126,0.0,172.39563029897556,172.39563029897556,0.0,0.0
4219,2019-06-25 19:00:00,6,2019-06-25 20:00:00,0.15111,0.15111,0.15111,0.12,0.3226796960440005,237.49225628838437,-0.0,237.49225628838437,0.0,0.0,0.0,0.0,0.0
4220,2019-06-25 20:00:00,6,2019-06-25 21:00:00,0.15111,0.15111,0.15111,0.12,0.0,231.79074239663763,-0.0,0.0,0.0,231.79074239663763,231.79074239663763,0.0,0.0
4221,2019-06-25 21:00:00,6,2019-06-25 22:00:00,0.12561,0.12561,0.12561,0.12,0.0,212.84250459708156,-0.0,0.0,0.0,212.84250459708156,212.84250459708156,0.0,0.0
4222,2019-06-25 22:00:00,6,2019-06-25 23:00:00,0.12561,0.12561,0.12561,0.12,0.0,193.89531433914428,-0.0,0.0,0.0,193.89531433914428,193.89531433914428,0.0,1.0
4223,2019-06-25 23:00:00,6,2019-06-26 00:00:00,0.10547,0.10547,0.10547,0.12,0.0,184.42171908925786,-0.0,0.0,0.0,184.42171908925786,184.42171908925786,0.0,1.0
4224,2019-06-26 00:00:00,6,2019-06-26 01:00:00,0.10547,0.10547,0.10547,0.12,0.0,223.0543070845076,-0.0,0.0,0.0,223.0543070845076,223.0543070845076,0.0,0.0
4225,2019-06-26 01:00:00,6,2019-06-26 02:00:00,0.10547,0.10547,0.10547,0.12,0.0,223.05430704730207,-0.0,0.0,0.0,223.05430704730207,223.05430704730207,0.0,0.0
4226,2019-06-26 02:00:00,6,2019-06-26 03:00:00,0.10547,0.10547,0.10547,0.12,0.0,223.05430704575193,-0.0,0.0,0.0,223.05430704575193,223.05430704575193,0.0,0.0
4227,2019-06-26 03:00:00,6,2019-06-26 04:00:00,0.10547,0.10547,0.10547,0.12,0.0,232.52790221270112,-0.0,0.0,0.0,232.52790221270112,232.52790221270112,0.0,0.0
4228,2019-06-26 04:00:00,6,2019-06-26 05:00:00,0.10547,0.10547,0.10547,0.12,0.0,264.16994438000097,-0.0,0.0,0.0,264.16994438000097,264.16994438000097,0.0,0.0
4229,2019-06-26 05:00:00,6,2019-06-26 06:00:00,0.10547,0.10547,0.10547,0.12,0.0,306.722697481812,-400.0,0.0,0.0,706.722697481812,706.722697481812,0.0,1.0
4230,2019-06-26 06:00:00,6,2019-06-26 07:00:00,0.10547,0.10547,0.10547,0.12,0.46,445.7864377875984,-0.0,0.0,0.0,445.7864377875984,445.7864377875984,0.0,0.0
4231,2019-06-26 07:00:00,6,2019-06-26 08:00:00,0.10547,0.10547,0.10547,0.12,0.46,902.6439532422352,-0.0,0.0,0.0,902.6439532422352,902.6439532422352,0.0,0.0
4232,2019-06-26 08:00:00,6,2019-06-26 09:00:00,0.10547,0.10547,0.10547,0.12,0.46,885.1841092502223,-136.427116124368,0.0,0.0,1021.6112253745903,1021.6112253745903,0.0,1.0
4233,2019-06-26 09:00:00,6,2019-06-26 10:00:00,0.10547,0.10547,0.10547,0.12,0.6168911835430232,885.968107503491,-135.64311787109932,0.0,0.0,1021.6112253745903,1021.6112253745903,0.0,1.0
4234,2019-06-26 10:00:00,6,2019-06-26 11:00:00,0.10547,0.10547,0.10547,0.12,0.7728807690947874,943.9833086012312,-77.62791677335906,0.0,0.0,1021.6112253745903,1021.6112253745903,0.0,1.0
4235,2019-06-26 11:00:00,6,2019-06-26 12:00:00,0.10547,0.10547,0.10547,0.12,0.8621528733841504,928.5908786761194,-14.202205577560255,0.0,0.0,942.7930842536796,942.7930842536796,0.0,1.0
4236,2019-06-26 12:00:00,6,2019-06-26 13:00:00,0.10547,0.10547,0.10547,0.12,0.8784854097983447,968.6899244132219,-52.92130096136839,0.0,0.0,1021.6112253745903,1021.6112253745903,0.0,1.0
4237,2019-06-26 13:00:00,6,2019-06-26 14:00:00,0.10547,0.10547,0.10547,0.12,0.9393449059039183,968.867665291041,-52.743560083549255,0.0,0.0,1021.6112253745903,1021.6112253745903,0.0,1.0
4238,2019-06-26 14:00:00,6,2019-06-26 15:00:00,0.12561,0.12561,0.12561,0.12,1.0,995.2347328843358,-3.089316242435218e-14,0.0,0.0,995.2347328843359,995.2347328843359,0.0,0.0
4239,2019-06-26 15:00:00,6,2019-06-26 16:00:00,0.12561,0.12561,0.12561,0.12,1.0,1058.610573612263,-0.0,36.99934823767262,0.0,1021.6112253745903,1021.6112253745903,0.0,0.0
4240,2019-06-26 16:00:00,6,2019-06-26 17:00:00,0.15111,0.15111,0.15111,0.12,0.9497291464162056,973.4546301230696,-0.0,400.0,0.0,573.4546301230696,573.4546301230696,0.0,0.0
4241,2019-06-26 17:00:00,6,2019-06-26 18:00:00,0.15111,0.15111,0.15111,0.12,0.40625088554664046,787.1500938960627,-0.0,299.0006517623274,0.0,488.1494421337353,488.1494421337353,0.0,0.0
4242,2019-06-26 18:00:00,6,2019-06-26 19:00:00,0.15111,0.15111,0.15111,0.12,0.0,720.2073435009921,-0.0,0.0,0.0,720.2073435009921,720.2073435009921,0.0,1.0
4243,2019-06-26 19:00:00,6,2019-06-26 20:00:00,0.15111,0.15111,0.15111,0.12,0.0,588.6115735446327,-0.0,0.0,0.0,588.6115735446327,588.6115735446327,0.0,0.0
4244,2019-06-26 20:00:00,6,2019-06-26 21:00:00,0.15111,0.15111,0.15111,0.12,0.0,569.3017215177736,-0.0,0.0,0.0,569.3017215177736,569.3017215177736,0.0,0.0
4245,2019-06-26 21:00:00,6,2019-06-26 22:00:00,0.12561,0.12561,0.12561,0.12,0.0,270.7912128342256,-0.0,0.0,0.0,270.7912128342256,270.7912128342256,0.0,0.0
4246,2019-06-26 22:00:00,6,2019-06-26 23:00:00,0.12561,0.12561,0.12561,0.12,0.0,232.52790232509264,-0.0,0.0,0.0,232.52790232509264,232.52790232509264,0.0,0.0
4247,2019-06-26 23:00:00,6,2019-06-27 00:00:00,0.10547,0.10547,0.10547,0.12,0.0,223.05430703490035,-0.0,0.0,0.0,223.05430703490035,223.05430703490035,0.0,0.0
4248,2019-06-27 00:00:00,6,2019-06-27 01:00:00,0.10547,0.10547,0.10547,0.12,0.0,223.0543064752681,-0.0,0.0,0.0,223.0543064752681,223.0543064752681,0.0,0.0
4249,2019-06-27 01:00:00,6,2019-06-27 02:00:00,0.10547,0.10547,0.10547,0.12,0.0,223.0543063876802,-0.0,0.0,0.0,223.0543063876802,223.0543063876802,0.0,0.0
4250,2019-06-27 02:00:00,6,2019-06-27 03:00:00,0.10547,0.10547,0.10547,0.12,0.0,223.05430640628293,-0.0,0.0,0.0,223.05430640628293,223.05430640628293,0.0,0.0
4251,2019-06-27 03:00:00,6,2019-06-27 04:00:00,0.10547,0.10547,0.10547,0.12,0.0,232.52790169182458,-0.0,0.0,0.0,232.52790169182458,232.52790169182458,0.0,0.0
4252,2019-06-27 04:00:00,6,2019-06-27 05:00:00,0.10547,0.10547,0.10547,0.12,0.0,264.16994328166453,-400.0,0.0,0.0,664.1699432816645,664.1699432816645,0.0,1.0
4253,2019-06-27 05:00:00,6,2019-06-27 06:00:00,0.10547,0.10547,0.10547,0.12,0.46,429.57110367748743,-69.56521739130434,0.0,0.0,499.13632106879174,499.13632106879174,0.0,1.0
4254,2019-06-27 06:00:00,6,2019-06-27 07:00:00,0.10547,0.10547,0.10547,0.12,0.54,571.8574973506979,-400.0,0.0,0.0,971.8574973506979,971.8574973506979,0.0,1.0
4255,2019-06-27 07:00:00,6,2019-06-27 08:00:00,0.10547,0.10547,0.10547,0.12,1.0,1074.999849994901,-0.0,53.38862462031079,0.0,1021.6112253745903,1021.6112253745903,0.0,0.0
4256,2019-06-27 08:00:00,6,2019-06-27 09:00:00,0.10547,0.10547,0.10547,0.12,0.9274611078528386,1071.0908455726417,-0.0,49.47962019805141,0.0,1021.6112253745903,1021.6112253745903,0.0,0.0
4257,2019-06-27 09:00:00,6,2019-06-27 10:00:00,0.10547,0.10547,0.10547,0.12,0.8602333630185296,1039.0520146562021,-0.0,17.440789281611842,0.0,1021.6112253745903,1021.6112253745903,0.0,0.0
4258,2019-06-27 10:00:00,6,2019-06-27 11:00:00,0.10547,0.10547,0.10547,0.12,0.8365366384511222,1045.5735396699604,-0.0,23.962314295370106,0.0,1021.6112253745903,1021.6112253745903,0.0,0.0
4259,2019-06-27 11:00:00,6,2019-06-27 12:00:00,0.10547,0.10547,0.10547,0.12,0.8039791462019781,1015.0738056579918,-6.537419716598492,0.0,0.0,1021.6112253745903,1021.6112253745903,0.0,1.0
4260,2019-06-27 12:00:00,6,2019-06-27 13:00:00,0.10547,0.10547,0.10547,0.12,0.8114971788760664,1058.4052435244178,-0.0,36.79401814982748,0.0,1021.6112253745903,1021.6112253745903,0.0,0.0
4261,2019-06-27 13:00:00,6,2019-06-27 14:00:00,0.10547,0.10547,0.10547,0.12,0.7615053063898878,1065.3237815781465,-0.0,43.71255620355623,0.0,1021.6112253745903,1021.6112253745903,0.0,0.0
4262,2019-06-27 14:00:00,6,2019-06-27 15:00:00,0.12561,0.12561,0.12561,0.12,0.702113246330708,1065.2703090364948,-0.0,43.65908366190456,0.0,1021.6112253745903,1021.6112253745903,0.0,0.0
4263,2019-06-27 15:00:00,6,2019-06-27 16:00:00,0.12561,0.12561,0.12561,0.12,0.6427938391813812,1100.7379007916275,-0.0,79.12667541703718,0.0,1021.6112253745903,1021.6112253745903,0.0,0.0
4264,2019-06-27 16:00:00,6,2019-06-27 17:00:00,0.15111,0.15111,0.15111,0.12,0.5352847693212763,1006.035549836452,-0.0,393.96959022045945,0.0,612.0659596159926,612.0659596159926,0.0,0.0
4265,2019-06-27 17:00:00,6,2019-06-27 18:00:00,0.15111,0.15111,0.15111,0.12,0.0,840.1555578471564,-0.0,0.0,0.0,840.1555578471564,840.1555578471564,0.0,1.0
4266,2019-06-27 18:00:00,6,2019-06-27 19:00:00,0.15111,0.15111,0.15111,0.12,0.0,798.0874645302239,-0.0,0.0,0.0,798.0874645302239,798.0874645302239,0.0,1.0
4267,2019-06-27 19:00:00,6,2019-06-27 20:00:00,0.15111,0.15111,0.15111,0.12,0.0,588.6116701470769,-0.0,0.0,0.0,588.6116701470769,588.6116701470769,0.0,0.0
4268,2019-06-27 20:00:00,6,2019-06-27 21:00:00,0.15111,0.15111,0.15111,0.12,0.0,513.0608321330126,-0.0,0.0,0.0,513.0608321330126,513.0608321330126,0.0,0.0
4269,2019-06-27 21:00:00,6,2019-06-27 22:00:00,0.12561,0.12561,0.12561,0.12,0.0,270.7912121063937,-0.0,0.0,0.0,270.7912121063937,270.7912121063937,0.0,0.0
4270,2019-06-27 22:00:00,6,2019-06-27 23:00:00,0.12561,0.12561,0.12561,0.12,0.0,232.52790160346163,-0.0,0.0,0.0,232.52790160346163,232.52790160346163,0.0,0.0
4271,2019-06-27 23:00:00,6,2019-06-28 00:00:00,0.10547,0.10547,0.10547,0.12,0.0,223.05430638613,-0.0,0.0,0.0,223.05430638613,223.05430638613,0.0,0.0
4272,2019-06-28 00:00:00,6,2019-06-28 01:00:00,0.10547,0.10547,0.10547,0.12,0.0,223.0543057683642,-69.56521739130422,0.0,0.0,292.6195231596684,292.6195231596684,0.0,1.0
4273,2019-06-28 01:00:00,6,2019-06-28 02:00:00,0.10547,0.10547,0.10547,0.12,0.07999999999999986,223.0543057660389,-0.0,0.0,0.0,223.0543057660389,223.0543057660389,0.0,0.0
4274,2019-06-28 02:00:00,6,2019-06-28 03:00:00,0.10547,0.10547,0.10547,0.12,0.07999999999999986,223.0543058489761,-0.0,0.0,0.0,223.0543058489761,223.0543058489761,0.0,0.0
4275,2019-06-28 03:00:00,6,2019-06-28 04:00:00,0.10547,0.10547,0.10547,0.12,0.07999999999999986,232.5279010484801,-0.0,0.0,0.0,232.5279010484801,232.5279010484801,0.0,0.0
4276,2019-06-28 04:00:00,6,2019-06-28 05:00:00,0.10547,0.10547,0.10547,0.12,0.07999999999999986,264.1699422523133,-400.00000000000006,0.0,0.0,664.1699422523134,664.1699422523134,0.0,1.0
4277,2019-06-28 05:00:00,6,2019-06-28 06:00:00,0.10547,0.10547,0.10547,0.12,0.5399999999999999,343.0090600031064,-400.00000000000006,0.0,0.0,743.0090600031065,743.0090600031065,0.0,1.0
4278,2019-06-28 06:00:00,6,2019-06-28 07:00:00,0.10547,0.10547,0.10547,0.12,1.0,494.3758014530701,0.0,0.0,0.0,494.3758014530701,494.3758014530701,0.0,0.0
4279,2019-06-28 07:00:00,6,2019-06-28 08:00:00,0.10547,0.10547,0.10547,0.12,1.0,1039.7776470195731,-0.0,18.166421644982847,0.0,1021.6112253745903,1021.6112253745903,0.0,0.0
4280,2019-06-28 08:00:00,6,2019-06-28 09:00:00,0.10547,0.10547,0.10547,0.12,0.9753173618954036,1074.9386233069065,-0.0,53.32739793231622,0.0,1021.6112253745903,1021.6112253745903,0.0,0.0
4281,2019-06-28 09:00:00,6,2019-06-28 10:00:00,0.10547,0.10547,0.10547,0.12,0.9028616581830176,1043.4590188004975,-0.0,21.847793425907184,0.0,1021.6112253745903,1021.6112253745903,0.0,0.0
4282,2019-06-28 10:00:00,6,2019-06-28 11:00:00,0.10547,0.10547,0.10547,0.12,0.8731771562456437,1051.3054406693377,-0.0,29.694215294747437,0.0,1021.6112253745903,1021.6112253745903,0.0,0.0
4283,2019-06-28 11:00:00,6,2019-06-28 12:00:00,0.10547,0.10547,0.10547,0.12,0.8328317550299542,1032.547640672753,-0.0,10.936415298162729,0.0,1021.6112253745903,1021.6112253745903,0.0,0.0
4284,2019-06-28 12:00:00,6,2019-06-28 13:00:00,0.10547,0.10547,0.10547,0.12,0.8179724951139723,1097.3087899192528,-0.0,75.69756454466255,0.0,1021.6112253745903,1021.6112253745903,0.0,0.0
4285,2019-06-28 13:00:00,6,2019-06-28 14:00:00,0.10547,0.10547,0.10547,0.12,0.715122543286985,1103.9725199084196,-0.0,82.36129453382932,0.0,1021.6112253745903,1021.6112253745903,0.0,0.0
4286,2019-06-28 14:00:00,6,2019-06-28 15:00:00,0.12561,0.12561,0.12561,0.12,0.6032186104964561,1098.9678208702894,-0.0,77.35659549569914,0.0,1021.6112253745903,1021.6112253745903,0.0,0.0
4287,2019-06-28 15:00:00,6,2019-06-28 16:00:00,0.12561,0.12561,0.12561,0.12,0.4981145405294736,1127.7516787837715,-0.0,106.14045340918119,0.0,1021.6112253745903,1021.6112253745903,0.0,0.0
4288,2019-06-28 16:00:00,6,2019-06-28 17:00:00,0.15111,0.15111,0.15111,0.12,0.3539019679626514,1034.8361061137311,-0.0,13.224880739140872,0.0,1021.6112253745903,1021.6112253745903,0.0,0.0
4289,2019-06-28 17:00:00,6,2019-06-28 18:00:00,0.15111,0.15111,0.15111,0.12,0.3359333800018621,868.0998089688687,-0.0,247.24696768137056,0.0,620.8528412874982,620.8528412874982,0.0,0.0
4290,2019-06-28 18:00:00,6,2019-06-28 19:00:00,0.15111,0.15111,0.15111,0.12,0.0,834.5411350234953,-0.0,0.0,0.0,834.5411350234953,834.5411350234953,0.0,0.0
4291,2019-06-28 19:00:00,6,2019-06-28 20:00:00,0.15111,0.15111,0.15111,0.12,0.0,722.1916724658928,-0.0,0.0,0.0,722.1916724658928,722.1916724658928,0.0,0.0
4292,2019-06-28 20:00:00,6,2019-06-28 21:00:00,0.15111,0.15111,0.15111,0.12,0.0,664.7938624826199,-0.0,0.0,0.0,664.7938624826199,664.7938624826199,0.0,0.0
4293,2019-06-28 21:00:00,6,2019-06-28 22:00:00,0.12561,0.12561,0.12561,0.12,0.0,270.7912114273939,-0.0,0.0,0.0,270.7912114273939,270.7912114273939,0.0,0.0
4294,2019-06-28 22:00:00,6,2019-06-28 23:00:00,0.12561,0.12561,0.12561,0.12,0.0,232.52790096321752,-0.0,0.0,0.0,232.52790096321752,232.52790096321752,0.0,0.0
4295,2019-06-28 23:00:00,6,2019-06-29 00:00:00,0.10547,0.10547,0.10547,0.12,0.0,223.0543056877524,-0.0,0.0,0.0,223.0543056877524,223.0543056877524,0.0,0.0
4296,2019-06-29 00:00:00,6,2019-06-29 01:00:00,0.10547,0.10547,0.10547,0.12,0.0,223.05430517075143,-0.0,0.0,0.0,223.05430517075143,223.05430517075143,0.0,0.0
4297,2019-06-29 01:00:00,6,2019-06-29 02:00:00,0.10547,0.10547,0.10547,0.12,0.0,223.05430513897173,-0.0,0.0,0.0,223.05430513897173,223.05430513897173,0.0,0.0
4298,2019-06-29 02:00:00,6,2019-06-29 03:00:00,0.10547,0.10547,0.10547,0.12,0.0,223.05430516765097,-0.0,0.0,0.0,223.05430516765097,223.05430516765097,0.0,0.0
4299,2019-06-29 03:00:00,6,2019-06-29 04:00:00,0.10547,0.10547,0.10547,0.12,0.0,232.52790049117317,-103.51389598425969,0.0,0.0,336.0417964754329,336.0417964754329,0.0,1.0
4300,2019-06-29 04:00:00,6,2019-06-29 05:00:00,0.10547,0.10547,0.10547,0.12,0.11904098038189864,264.16994141751564,-0.0,0.0,0.0,264.16994141751564,264.16994141751564,0.0,0.0
4301,2019-06-29 05:00:00,6,2019-06-29 06:00:00,0.10547,0.10547,0.10547,0.12,0.11904098038189864,444.9121185348842,-400.0,0.0,0.0,844.9121185348843,844.9121185348843,0.0,1.0
4302,2019-06-29 06:00:00,6,2019-06-29 07:00:00,0.10547,0.10547,0.10547,0.12,0.5790409803818987,655.5599039675457,-366.0513214070446,0.0,0.0,1021.6112253745903,1021.6112253745903,0.0,1.0
4303,2019-06-29 07:00:00,6,2019-06-29 08:00:00,0.10547,0.10547,0.10547,0.12,1.0,1129.9986279853777,-0.0,108.38740261078738,0.0,1021.6112253745903,1021.6112253745903,0.0,0.0
4304,2019-06-29 08:00:00,6,2019-06-29 09:00:00,0.10547,0.10547,0.10547,0.12,0.8527345073222997,1131.1789751067781,-0.0,109.56774973218785,0.0,1021.6112253745903,1021.6112253745903,0.0,0.0
4305,2019-06-29 09:00:00,6,2019-06-29 10:00:00,0.10547,0.10547,0.10547,0.12,0.7038652821426967,1096.9107099505147,-0.0,75.29948457592445,0.0,1021.6112253745903,1021.6112253745903,0.0,0.0
4306,2019-06-29 10:00:00,6,2019-06-29 11:00:00,0.10547,0.10547,0.10547,0.12,0.6015561998384515,1087.5852909658688,-0.0,65.97406559127853,0.0,1021.6112253745903,1021.6112253745903,0.0,0.0
4307,2019-06-29 11:00:00,6,2019-06-29 12:00:00,0.10547,0.10547,0.10547,0.12,0.5119175237633449,1050.3785139726087,-0.0,28.767288598018467,0.0,1021.6112253745903,1021.6112253745903,0.0,0.0
4308,2019-06-29 12:00:00,6,2019-06-29 13:00:00,0.10547,0.10547,0.10547,0.12,0.472831533820385,1084.4067692209035,-0.0,62.795543846313194,0.0,1021.6112253745903,1021.6112253745903,0.0,0.0
4309,2019-06-29 13:00:00,6,2019-06-29 14:00:00,0.10547,0.10547,0.10547,0.12,0.38751150142050295,1084.5887472355494,-0.0,62.97752186095909,0.0,1021.6112253745903,1021.6112253745903,0.0,0.0
4310,2019-06-29 14:00:00,6,2019-06-29 15:00:00,0.12561,0.12561,0.12561,0.12,0.30194421628333024,1083.6501977525452,-0.0,62.038972377954906,0.0,1021.6112253745903,1021.6112253745903,0.0,0.0
4311,2019-06-29 15:00:00,6,2019-06-29 16:00:00,0.12561,0.12561,0.12561,0.12,0.21765213424806543,1121.7726230703647,-0.0,100.16139769577444,0.0,1021.6112253745903,1021.6112253745903,0.0,0.0
4312,2019-06-29 16:00:00,6,2019-06-29 17:00:00,0.15111,0.15111,0.15111,0.12,0.08156327868315451,1041.136338599979,-0.0,60.03057311080172,0.0,981.1057654891772,981.1057654891772,0.0,0.0
4313,2019-06-29 17:00:00,6,2019-06-29 18:00:00,0.15111,0.15111,0.15111,0.12,0.0,896.0046851963444,-0.0,0.0,0.0,896.0046851963444,896.0046851963444,0.0,0.0
4314,2019-06-29 18:00:00,6,2019-06-29 19:00:00,0.15111,0.15111,0.15111,0.12,0.0,863.730583395007,-0.0,0.0,0.0,863.730583395007,863.730583395007,0.0,0.0
4315,2019-06-29 19:00:00,6,2019-06-29 20:00:00,0.15111,0.15111,0.15111,0.12,0.0,739.2101356655559,-0.0,0.0,0.0,739.2101356655559,739.2101356655559,0.0,0.0
4316,2019-06-29 20:00:00,6,2019-06-29 21:00:00,0.15111,0.15111,0.15111,0.12,0.0,721.1278665152564,-0.0,0.0,0.0,721.1278665152564,721.1278665152564,0.0,0.0
4317,2019-06-29 21:00:00,6,2019-06-29 22:00:00,0.12561,0.12561,0.12561,0.12,0.0,270.79121081195353,-0.0,0.0,0.0,270.79121081195353,270.79121081195353,0.0,0.0
4318,2019-06-29 22:00:00,6,2019-06-29 23:00:00,0.12561,0.12561,0.12561,0.12,0.0,232.52790032529882,-0.0,0.0,0.0,232.52790032529882,232.52790032529882,0.0,0.0
4319,2019-06-29 23:00:00,6,2019-06-30 00:00:00,0.10547,0.10547,0.10547,0.12,0.0,223.0543051071921,-0.0,0.0,0.0,223.0543051071921,223.0543051071921,0.0,0.0
4320,2019-06-30 00:00:00,6,2019-06-30 01:00:00,0.10547,0.10547,0.10547,0.12,0.0,223.0543045522105,-140.18025287831432,0.0,0.0,363.23455743052483,363.23455743052483,0.0,1.0
4321,2019-06-30 01:00:00,6,2019-06-30 02:00:00,0.10547,0.10547,0.10547,0.12,0.16120729081006147,223.05430454213405,-0.0,0.0,0.0,223.05430454213405,223.05430454213405,0.0,0.0
4322,2019-06-30 02:00:00,6,2019-06-30 03:00:00,0.10547,0.10547,0.10547,0.12,0.16120729081006147,223.05430462507124,-0.0,0.0,0.0,223.05430462507124,223.05430462507124,0.0,0.0
4323,2019-06-30 03:00:00,6,2019-06-30 04:00:00,0.10547,0.10547,0.10547,0.12,0.16120729081006147,232.52789984705353,-0.0,0.0,0.0,232.52789984705353,232.52789984705353,0.0,0.0
4324,2019-06-30 04:00:00,6,2019-06-30 05:00:00,0.10547,0.10547,0.10547,0.12,0.16120729081006147,264.1699403323562,-0.0,0.0,0.0,264.1699403323562,264.1699403323562,0.0,0.0
4325,2019-06-30 05:00:00,6,2019-06-30 06:00:00,0.10547,0.10547,0.10547,0.12,0.16120729081006147,552.4554661454147,-400.0,0.0,0.0,952.4554661454147,952.4554661454147,0.0,1.0
4326,2019-06-30 06:00:00,6,2019-06-30 07:00:00,0.10547,0.10547,0.10547,0.12,0.6212072908100614,692.2262608616003,-329.38496451299,0.0,0.0,1021.6112253745903,1021.6112253745903,0.0,1.0
4327,2019-06-30 07:00:00,6,2019-06-30 08:00:00,0.10547,0.10547,0.10547,0.12,1.0,1158.3693965162374,-0.0,136.75817114164715,0.0,1021.6112253745903,1021.6112253745903,0.0,0.0
4328,2019-06-30 08:00:00,6,2019-06-30 09:00:00,0.10547,0.10547,0.10547,0.12,0.8141872674705881,1132.5561435808063,-0.0,110.94491820621602,0.0,1021.6112253745903,1021.6112253745903,0.0,0.0
4329,2019-06-30 09:00:00,6,2019-06-30 10:00:00,0.10547,0.10547,0.10547,0.12,0.6634468894730121,1083.7164068493719,-0.0,62.1051814747816,0.0,1021.6112253745903,1021.6112253745903,0.0,0.0
4330,2019-06-30 10:00:00,6,2019-06-30 11:00:00,0.10547,0.10547,0.10547,0.12,0.5790648494257544,1080.0309809437613,-0.0,58.419755569171,0.0,1021.6112253745903,1021.6112253745903,0.0,0.0
4331,2019-06-30 11:00:00,6,2019-06-30 12:00:00,0.10547,0.10547,0.10547,0.12,0.4996901815328591,1049.162139658361,-0.0,27.55091428377068,0.0,1021.6112253745903,1021.6112253745903,0.0,0.0
4332,2019-06-30 12:00:00,6,2019-06-30 13:00:00,0.10547,0.10547,0.10547,0.12,0.4622568740820837,1081.3748966598494,-0.0,59.76367128525908,0.0,1021.6112253745903,1021.6112253745903,0.0,0.0
4333,2019-06-30 13:00:00,6,2019-06-30 14:00:00,0.10547,0.10547,0.10547,0.12,0.3810562337488513,1081.534854510498,-0.0,59.92362913590773,0.0,1021.6112253745903,1021.6112253745903,0.0,0.0
4334,2019-06-30 14:00:00,6,2019-06-30 15:00:00,0.12561,0.12561,0.12561,0.12,0.2996382593794114,1083.0772034440508,-0.0,61.46597806946056,0.0,1021.6112253745903,1021.6112253745903,0.0,0.0
4335,2019-06-30 15:00:00,6,2019-06-30 16:00:00,0.12561,0.12561,0.12561,0.12,0.21612470221981828,1120.0413839587886,-0.0,98.43015858419835,0.0,1021.6112253745903,1021.6112253745903,0.0,0.0
4336,2019-06-30 16:00:00,6,2019-06-30 17:00:00,0.15111,0.15111,0.15111,0.12,0.0823880737086792,1033.403060849787,-0.0,60.6376222495879,0.0,972.7654386001991,972.7654386001991,0.0,0.0
4337,2019-06-30 17:00:00,6,2019-06-30 18:00:00,0.15111,0.15111,0.15111,0.12,0.0,886.3931387867771,-0.0,0.0,0.0,886.3931387867771,886.3931387867771,0.0,0.0
4338,2019-06-30 18:00:00,6,2019-06-30 19:00:00,0.15111,0.15111,0.15111,0.12,0.0,873.7190075404966,-0.0,0.0,0.0,873.7190075404966,873.7190075404966,0.0,0.0
4339,2019-06-30 19:00:00,6,2019-06-30 20:00:00,0.15111,0.15111,0.15111,0.12,0.0,776.8083450671305,-0.0,0.0,0.0,776.8083450671305,776.8083450671305,0.0,0.0
4340,2019-06-30 20:00:00,6,2019-06-30 21:00:00,0.15111,0.15111,0.15111,0.12,0.0,743.6413495853253,-0.0,0.0,0.0,743.6413495853253,743.6413495853253,0.0,0.0
4341,2019-06-30 21:00:00,6,2019-06-30 22:00:00,0.12561,0.12561,0.12561,0.12,0.0,270.7912103476603,-0.0,0.0,0.0,270.7912103476603,270.7912103476603,0.0,0.0
4342,2019-06-30 22:00:00,6,2019-06-30 23:00:00,0.12561,0.12561,0.12561,0.12,0.0,232.52789989588572,-0.0,0.0,0.0,232.52789989588572,232.52789989588572,0.0,0.0
4343,2019-06-30 23:00:00,6,2019-07-01 00:00:00,0.10547,0.10547,0.10547,0.12,0.0,223.0543045607368,-0.0,0.0,0.0,223.0543045607368,223.0543045607368,0.0,0.0
4344,2019-07-01 00:00:00,7,2019-07-01 01:00:00,0.10547,0.10547,0.10547,0.12,0.0,184.4220641831387,-0.0,0.0,0.0,184.4220641831387,184.4220641831387,0.0,1.0
4345,2019-07-01 01:00:00,7,2019-07-01 02:00:00,0.10547,0.10547,0.10547,0.12,0.0,184.4220641660862,-0.0,0.0,0.0,184.4220641660862,184.4220641660862,0.0,1.0
4346,2019-07-01 02:00:00,7,2019-07-01 03:00:00,0.10547,0.10547,0.10547,0.12,0.0,184.42206415213414,-0.0,0.0,0.0,184.42206415213414,184.42206415213414,0.0,1.0
4347,2019-07-01 03:00:00,7,2019-07-01 04:00:00,0.10547,0.10547,0.10547,0.12,0.0,193.89565948418263,-400.0,0.0,0.0,593.8956594841826,593.8956594841826,0.0,1.0
4348,2019-07-01 04:00:00,7,2019-07-01 05:00:00,0.10547,0.10547,0.10547,0.12,0.46,206.22157962450075,-280.46985946735066,0.0,0.0,486.6914390918514,486.6914390918514,0.0,1.0
4349,2019-07-01 05:00:00,7,2019-07-01 06:00:00,0.10547,0.10547,0.10547,0.12,0.7825403383874533,314.57389766192097,-0.0,0.0,0.0,314.57389766192097,314.57389766192097,0.0,0.0
4350,2019-07-01 06:00:00,7,2019-07-01 07:00:00,0.10547,0.10547,0.10547,0.12,0.7825403383874533,406.2128249978633,-189.09535792395366,0.0,0.0,595.308182921817,595.308182921817,0.0,1.0
4351,2019-07-01 07:00:00,7,2019-07-01 08:00:00,0.10547,0.10547,0.10547,0.12,1.0,668.5168086411084,-0.0,73.20862571929138,0.0,595.308182921817,595.308182921817,0.0,0.0
4352,2019-07-01 08:00:00,7,2019-07-01 09:00:00,0.10547,0.10547,0.10547,0.12,0.9005317585335715,736.4730746682634,-0.0,141.16489174644641,0.0,595.308182921817,595.308182921817,0.0,0.0
4353,2019-07-01 09:00:00,7,2019-07-01 10:00:00,0.10547,0.10547,0.10547,0.12,0.7087316338780737,721.1806668618651,-0.0,125.87248394004814,0.0,595.308182921817,595.308182921817,0.0,0.0
4354,2019-07-01 10:00:00,7,2019-07-01 11:00:00,0.10547,0.10547,0.10547,0.12,0.5377092372203996,727.509698876775,-0.0,132.20151595495804,0.0,595.308182921817,595.308182921817,0.0,0.0
4355,2019-07-01 11:00:00,7,2019-07-01 12:00:00,0.10547,0.10547,0.10547,0.12,0.35808761228159797,727.4550456250627,-0.0,132.1468627032457,0.0,595.308182921817,595.308182921817,0.0,0.0
4356,2019-07-01 12:00:00,7,2019-07-01 13:00:00,0.10547,0.10547,0.10547,0.12,0.17854024447827505,726.7138028578274,-0.0,131.40561993601045,0.0,595.308182921817,595.308182921817,0.0,0.0
4357,2019-07-01 13:00:00,7,2019-07-01 14:00:00,0.10547,0.10547,0.10547,0.12,0.0,532.7315925266106,-62.57659039520638,0.0,0.0,595.308182921817,595.308182921817,0.0,1.0
4358,2019-07-01 14:00:00,7,2019-07-01 15:00:00,0.12561,0.12561,0.12561,0.12,0.07196307895448734,532.9070103974026,-62.40117252441439,0.0,0.0,595.308182921817,595.308182921817,0.0,1.0
4359,2019-07-01 15:00:00,7,2019-07-01 16:00:00,0.12561,0.12561,0.12561,0.12,0.1437244273575639,570.8587117031649,-24.449471218652093,0.0,0.0,595.308182921817,595.308182921817,0.0,1.0
4360,2019-07-01 16:00:00,7,2019-07-01 17:00:00,0.15111,0.15111,0.15111,0.12,0.17184131925901383,537.2173898037477,-0.0,5.2295945351943376e-14,0.0,537.2173898037477,537.2173898037477,0.0,1.0
4361,2019-07-01 17:00:00,7,2019-07-01 18:00:00,0.15111,0.15111,0.15111,0.12,0.17184131925901375,368.10971001875214,-0.0,0.0,0.0,368.10971001875214,368.10971001875214,0.0,1.0
4362,2019-07-01 18:00:00,7,2019-07-01 19:00:00,0.15111,0.15111,0.15111,0.12,0.17184131925901375,240.9626028980405,-0.0,126.47521097463414,0.0,114.48739192340636,114.48739192340636,0.0,0.0
4363,2019-07-01 19:00:00,7,2019-07-01 20:00:00,0.15111,0.15111,0.15111,0.12,0.0,230.87098358498534,-0.0,0.0,0.0,230.87098358498534,230.87098358498534,0.0,0.0
4364,2019-07-01 20:00:00,7,2019-07-01 21:00:00,0.15111,0.15111,0.15111,0.12,0.0,231.79143354166493,-0.0,0.0,0.0,231.79143354166493,231.79143354166493,0.0,0.0
4365,2019-07-01 21:00:00,7,2019-07-01 22:00:00,0.12561,0.12561,0.12561,0.12,0.0,212.84284996612777,-0.0,0.0,0.0,212.84284996612777,212.84284996612777,0.0,0.0
4366,2019-07-01 22:00:00,7,2019-07-01 23:00:00,0.12561,0.12561,0.12561,0.12,0.0,193.89565935706395,-0.0,0.0,0.0,193.89565935706395,193.89565935706395,0.0,0.0
4367,2019-07-01 23:00:00,7,2019-07-02 00:00:00,0.10547,0.10547,0.10547,0.12,0.0,184.42206413663186,-0.0,0.0,0.0,184.42206413663186,184.42206413663186,0.0,1.0
4368,2019-07-02 00:00:00,7,2019-07-02 01:00:00,0.10547,0.10547,0.10547,0.12,0.0,184.421715374137,-0.0,0.0,0.0,184.421715374137,184.421715374137,0.0,1.0
4369,2019-07-02 01:00:00,7,2019-07-02 02:00:00,0.10547,0.10547,0.10547,0.12,0.0,184.42171506099098,-0.0,0.0,0.0,184.42171506099098,184.42171506099098,0.0,0.0
4370,2019-07-02 02:00:00,7,2019-07-02 03:00:00,0.10547,0.10547,0.10547,0.12,0.0,184.42171542064384,-0.0,0.0,0.0,184.42171542064384,184.42171542064384,0.0,0.0
4371,2019-07-02 03:00:00,7,2019-07-02 04:00:00,0.10547,0.10547,0.10547,0.12,0.0,193.89531089841373,-0.0,0.0,0.0,193.89531089841373,193.89531089841373,0.0,1.0
4372,2019-07-02 04:00:00,7,2019-07-02 05:00:00,0.10547,0.10547,0.10547,0.12,0.0,206.22123066745235,-0.0,0.0,0.0,206.22123066745235,206.22123066745235,0.0,1.0
4373,2019-07-02 05:00:00,7,2019-07-02 06:00:00,0.10547,0.10547,0.10547,0.12,0.0,211.00299439626744,-0.0,0.0,0.0,211.00299439626744,211.00299439626744,0.0,0.0
4374,2019-07-02 06:00:00,7,2019-07-02 07:00:00,0.10547,0.10547,0.10547,0.12,0.0,259.4924696090906,-253.3901192830869,0.0,0.0,512.8825888921775,512.8825888921775,0.0,1.0
4375,2019-07-02 07:00:00,7,2019-07-02 08:00:00,0.10547,0.10547,0.10547,0.12,0.2913986371755499,435.7452634662966,-77.13732542588093,0.0,0.0,512.8825888921775,512.8825888921775,0.0,1.0
4376,2019-07-02 08:00:00,7,2019-07-02 09:00:00,0.10547,0.10547,0.10547,0.12,0.380106561415313,423.8059598098478,-89.0766290823297,0.0,0.0,512.8825888921775,512.8825888921775,0.0,1.0
4377,2019-07-02 09:00:00,7,2019-07-02 10:00:00,0.10547,0.10547,0.10547,0.12,0.48254468485999236,431.27473644359486,-81.60785244858266,0.0,0.0,512.8825888921775,512.8825888921775,0.0,1.0
4378,2019-07-02 10:00:00,7,2019-07-02 11:00:00,0.10547,0.10547,0.10547,0.12,0.5763937151758625,394.560350184723,-118.32223870745452,0.0,0.0,512.8825888921775,512.8825888921775,0.0,1.0
4379,2019-07-02 11:00:00,7,2019-07-02 12:00:00,0.10547,0.10547,0.10547,0.12,0.7124642896894351,262.85153644820815,-250.03105244396951,0.0,0.0,512.8825888921776,512.8825888921776,0.0,1.0
4380,2019-07-02 12:00:00,7,2019-07-02 13:00:00,0.10547,0.10547,0.10547,0.12,1.0,163.63675880924688,-0.0,0.0,0.0,163.63675880924688,163.63675880924688,0.0,0.0
4381,2019-07-02 13:00:00,7,2019-07-02 14:00:00,0.10547,0.10547,0.10547,0.12,1.0,163.6357138650347,-0.0,0.0,0.0,163.6357138650347,163.6357138650347,0.0,0.0
4382,2019-07-02 14:00:00,7,2019-07-02 15:00:00,0.12561,0.12561,0.12561,0.12,1.0,367.408750990043,-0.0,0.0,0.0,367.408750990043,367.408750990043,0.0,1.0
4383,2019-07-02 15:00:00,7,2019-07-02 16:00:00,0.12561,0.12561,0.12561,0.12,1.0,466.02207231674123,-0.0,0.0,0.0,466.02207231674123,466.02207231674123,0.0,0.0
4384,2019-07-02 16:00:00,7,2019-07-02 17:00:00,0.15111,0.15111,0.15111,0.12,1.0,464.6933569568681,-0.0,400.0,0.0,64.69335695686812,64.69335695686812,0.0,0.0
4385,2019-07-02 17:00:00,7,2019-07-02 18:00:00,0.15111,0.15111,0.15111,0.12,0.4565217391304348,450.5118735621563,-0.0,91.0048558030086,0.0,359.50701775914774,359.50701775914774,0.0,0.0
4386,2019-07-02 18:00:00,7,2019-07-02 19:00:00,0.15111,0.15111,0.15111,0.12,0.3328738372241732,244.99514419699148,-0.0,244.99514419699148,0.0,0.0,0.0,0.0,0.0
4387,2019-07-02 19:00:00,7,2019-07-02 20:00:00,0.15111,0.15111,0.15111,0.12,0.0,230.86993820903467,-0.0,0.0,0.0,230.86993820903467,230.86993820903467,0.0,0.0
4388,2019-07-02 20:00:00,7,2019-07-02 21:00:00,0.15111,0.15111,0.15111,0.12,0.0,231.79073607945944,-0.0,0.0,0.0,231.79073607945944,231.79073607945944,0.0,0.0
4389,2019-07-02 21:00:00,7,2019-07-02 22:00:00,0.12561,0.12561,0.12561,0.12,0.0,212.8425012292117,-0.0,0.0,0.0,212.8425012292117,212.8425012292117,0.0,0.0
4390,2019-07-02 22:00:00,7,2019-07-02 23:00:00,0.12561,0.12561,0.12561,0.12,0.0,193.8953103279299,-0.0,0.0,0.0,193.8953103279299,193.8953103279299,0.0,1.0
4391,2019-07-02 23:00:00,7,2019-07-03 00:00:00,0.10547,0.10547,0.10547,0.12,0.0,184.42171538731395,-147.39815541055256,0.0,0.0,331.81987079786654,331.81987079786654,0.0,1.0
4392,2019-07-03 00:00:00,7,2019-07-03 01:00:00,0.10547,0.10547,0.10547,0.12,0.16950787872213546,223.0543028485102,-0.0,0.0,0.0,223.0543028485102,223.0543028485102,0.0,0.0
4393,2019-07-03 01:00:00,7,2019-07-03 02:00:00,0.10547,0.10547,0.10547,0.12,0.16950787872213546,223.05430284773507,-0.0,0.0,0.0,223.05430284773507,223.05430284773507,0.0,0.0
4394,2019-07-03 02:00:00,7,2019-07-03 03:00:00,0.10547,0.10547,0.10547,0.12,0.16950787872213546,223.05430293067226,-0.0,0.0,0.0,223.05430293067226,223.05430293067226,0.0,0.0
4395,2019-07-03 03:00:00,7,2019-07-03 04:00:00,0.10547,0.10547,0.10547,0.12,0.16950787872213546,232.5278981356021,-0.0,0.0,0.0,232.5278981356021,232.5278981356021,0.0,0.0
4396,2019-07-03 04:00:00,7,2019-07-03 05:00:00,0.10547,0.10547,0.10547,0.12,0.16950787872213546,264.1699376039553,-0.0,0.0,0.0,264.1699376039553,264.1699376039553,0.0,0.0
4397,2019-07-03 05:00:00,7,2019-07-03 06:00:00,0.10547,0.10547,0.10547,0.12,0.16950787872213546,399.5665268937724,-322.1670619807518,0.0,0.0,721.7335888745242,721.7335888745242,0.0,1.0
4398,2019-07-03 06:00:00,7,2019-07-03 07:00:00,0.10547,0.10547,0.10547,0.12,0.54,488.7204943132629,-400.0,0.0,0.0,888.7204943132629,888.7204943132629,0.0,1.0
4399,2019-07-03 07:00:00,7,2019-07-03 08:00:00,0.10547,0.10547,0.10547,0.12,1.0,932.1776779664373,-0.0,11.77621811391009,0.0,920.4014598525272,920.4014598525272,0.0,0.0
4400,2019-07-03 08:00:00,7,2019-07-03 09:00:00,0.10547,0.10547,0.10547,0.12,0.9839997036495787,939.1429261271903,-0.0,18.74146627466314,0.0,920.4014598525272,920.4014598525272,0.0,0.0
4401,2019-07-03 09:00:00,7,2019-07-03 10:00:00,0.10547,0.10547,0.10547,0.12,0.95853575490683,942.0338549626555,-0.0,21.6323951101283,0.0,920.4014598525272,920.4014598525272,0.0,0.0
4402,2019-07-03 10:00:00,7,2019-07-03 11:00:00,0.10547,0.10547,0.10547,0.12,0.9291439137245904,989.9612894974382,-0.0,69.55982964491103,0.0,920.4014598525272,920.4014598525272,0.0,0.0
4403,2019-07-03 11:00:00,7,2019-07-03 12:00:00,0.10547,0.10547,0.10547,0.12,0.8346332756200917,987.1220329163524,-0.0,66.72057306382521,0.0,920.4014598525272,920.4014598525272,0.0,0.0
4404,2019-07-03 12:00:00,7,2019-07-03 13:00:00,0.10547,0.10547,0.10547,0.12,0.7439803230877206,1032.605882730456,-0.0,112.20442287792869,0.0,920.4014598525273,920.4014598525273,0.0,0.0
4405,2019-07-03 13:00:00,7,2019-07-03 14:00:00,0.10547,0.10547,0.10547,0.12,0.5915286615687958,1035.2504421895342,-0.0,114.84898233700687,0.0,920.4014598525273,920.4014598525273,0.0,0.0
4406,2019-07-03 14:00:00,7,2019-07-03 15:00:00,0.12561,0.12561,0.12561,0.12,0.43548384861090556,1034.936371792607,-0.0,114.53491194007961,0.0,920.4014598525273,920.4014598525273,0.0,0.0
4407,2019-07-03 15:00:00,7,2019-07-03 16:00:00,0.12561,0.12561,0.12561,0.12,0.27986576173579747,1072.1285290682424,-0.0,151.72706921571512,0.0,920.4014598525273,920.4014598525273,0.0,0.0
4408,2019-07-03 16:00:00,7,2019-07-03 17:00:00,0.15111,0.15111,0.15111,0.12,0.07371485247531502,974.6555912743592,-0.0,54.25413142183186,0.0,920.4014598525273,920.4014598525273,0.0,0.0
4409,2019-07-03 17:00:00,7,2019-07-03 18:00:00,0.15111,0.15111,0.15111,0.12,0.0,764.4967701983117,-0.0,0.0,0.0,764.4967701983117,764.4967701983117,0.0,0.0
4410,2019-07-03 18:00:00,7,2019-07-03 19:00:00,0.15111,0.15111,0.15111,0.12,0.0,688.1391850335813,-0.0,0.0,0.0,688.1391850335813,688.1391850335813,0.0,0.0
4411,2019-07-03 19:00:00,7,2019-07-03 20:00:00,0.15111,0.15111,0.15111,0.12,0.0,560.5941226971619,-0.0,0.0,0.0,560.5941226971619,560.5941226971619,0.0,1.0
4412,2019-07-03 20:00:00,7,2019-07-03 21:00:00,0.15111,0.15111,0.15111,0.12,0.0,531.4850721969317,-0.0,0.0,0.0,531.4850721969317,531.4850721969317,0.0,1.0
4413,2019-07-03 21:00:00,7,2019-07-03 22:00:00,0.12561,0.12561,0.12561,0.12,0.0,270.7912087168206,-0.0,0.0,0.0,270.7912087168206,270.7912087168206,0.0,0.0
4414,2019-07-03 22:00:00,7,2019-07-03 23:00:00,0.12561,0.12561,0.12561,0.12,0.0,232.52789817435777,-0.0,0.0,0.0,232.52789817435777,232.52789817435777,0.0,0.0
4415,2019-07-03 23:00:00,7,2019-07-04 00:00:00,0.10547,0.10547,0.10547,0.12,0.0,223.05430293144738,-0.0,0.0,0.0,223.05430293144738,223.05430293144738,0.0,0.0
4416,2019-07-04 00:00:00,7,2019-07-04 01:00:00,0.10547,0.10547,0.10547,0.12,0.0,184.42171452771262,-0.0,0.0,0.0,184.42171452771262,184.42171452771262,0.0,0.0
4417,2019-07-04 01:00:00,7,2019-07-04 02:00:00,0.10547,0.10547,0.10547,0.12,0.0,184.42171421379152,-0.0,0.0,0.0,184.42171421379152,184.42171421379152,0.0,0.0
4418,2019-07-04 02:00:00,7,2019-07-04 03:00:00,0.10547,0.10547,0.10547,0.12,0.0,184.42171458274575,-0.0,0.0,0.0,184.42171458274575,184.42171458274575,0.0,0.0
4419,2019-07-04 03:00:00,7,2019-07-04 04:00:00,0.10547,0.10547,0.10547,0.12,0.0,193.89531004578845,-307.83409529353173,0.0,0.0,501.7294053393202,501.7294053393202,0.0,1.0
4420,2019-07-04 04:00:00,7,2019-07-04 05:00:00,0.10547,0.10547,0.10547,0.12,0.35400920958756155,206.22122917303275,-231.3212854641535,0.0,0.0,437.5425146371863,437.5425146371863,0.0,1.0
4421,2019-07-04 05:00:00,7,2019-07-04 06:00:00,0.10547,0.10547,0.10547,0.12,0.620028687871338,211.0029934886091,-0.0,0.0,0.0,211.0029934886091,211.0029934886091,0.0,0.0
4422,2019-07-04 06:00:00,7,2019-07-04 07:00:00,0.10547,0.10547,0.10547,0.12,0.620028687871338,229.95018402016157,-0.0,0.0,0.0,229.95018402016157,229.95018402016157,0.0,0.0
4423,2019-07-04 07:00:00,7,2019-07-04 08:00:00,0.10547,0.10547,0.10547,0.12,0.620028687871338,229.95018367756126,-0.0,0.0,0.0,229.95018367756126,229.95018367756126,0.0,0.0
4424,2019-07-04 08:00:00,7,2019-07-04 09:00:00,0.10547,0.10547,0.10547,0.12,0.620028687871338,305.51467040780256,-0.0,0.0,0.0,305.51467040780256,305.51467040780256,0.0,0.0
4425,2019-07-04 09:00:00,7,2019-07-04 10:00:00,0.10547,0.10547,0.10547,0.12,0.620028687871338,371.67739268294946,-0.0,0.0,0.0,371.67739268294946,371.67739268294946,0.0,0.0
4426,2019-07-04 10:00:00,7,2019-07-04 11:00:00,0.10547,0.10547,0.10547,0.12,0.620028687871338,391.6086794957766,-0.0,0.0,0.0,391.6086794957766,391.6086794957766,0.0,1.0
4427,2019-07-04 11:00:00,7,2019-07-04 12:00:00,0.10547,0.10547,0.10547,0.12,0.620028687871338,217.53151301229428,-0.0,0.0,0.0,217.53151301229428,217.53151301229428,0.0,0.0
4428,2019-07-04 12:00:00,7,2019-07-04 13:00:00,0.10547,0.10547,0.10547,0.12,0.620028687871338,163.63675691099294,-0.0,0.0,0.0,163.63675691099294,163.63675691099294,0.0,0.0
4429,2019-07-04 13:00:00,7,2019-07-04 14:00:00,0.10547,0.10547,0.10547,0.12,0.620028687871338,171.31956870570107,-330.40983663361914,0.0,0.0,501.72940533932024,501.72940533932024,0.0,1.0
4430,2019-07-04 14:00:00,7,2019-07-04 15:00:00,0.12561,0.12561,0.12561,0.12,1.0,389.47034317220323,-0.0,0.0,0.0,389.47034317220323,389.47034317220323,0.0,1.0
4431,2019-07-04 15:00:00,7,2019-07-04 16:00:00,0.12561,0.12561,0.12561,0.12,1.0,501.7294053393202,-0.0,0.0,0.0,501.7294053393202,501.7294053393202,0.0,0.0
4432,2019-07-04 16:00:00,7,2019-07-04 17:00:00,0.15111,0.15111,0.15111,0.12,1.0,489.9873791047612,-0.0,400.0,0.0,89.9873791047612,89.9873791047612,0.0,0.0
4433,2019-07-04 17:00:00,7,2019-07-04 18:00:00,0.15111,0.15111,0.15111,0.12,0.4565217391304348,496.2897859025128,-0.0,336.00000000000006,0.0,160.28978590251273,160.28978590251273,0.0,0.0
4434,2019-07-04 18:00:00,7,2019-07-04 19:00:00,0.15111,0.15111,0.15111,0.12,0.0,211.00299348395842,-0.0,0.0,0.0,211.00299348395842,211.00299348395842,0.0,0.0
4435,2019-07-04 19:00:00,7,2019-07-04 20:00:00,0.15111,0.15111,0.15111,0.12,0.0,237.4922519826267,-0.0,0.0,0.0,237.4922519826267,237.4922519826267,0.0,0.0
4436,2019-07-04 20:00:00,7,2019-07-04 21:00:00,0.15111,0.15111,0.15111,0.12,0.0,231.7907345741883,-0.0,0.0,0.0,231.7907345741883,231.7907345741883,0.0,0.0
4437,2019-07-04 21:00:00,7,2019-07-04 22:00:00,0.12561,0.12561,0.12561,0.12,0.0,212.8425002618696,-0.0,0.0,0.0,212.8425002618696,212.8425002618696,0.0,0.0
4438,2019-07-04 22:00:00,7,2019-07-04 23:00:00,0.12561,0.12561,0.12561,0.12,0.0,193.89530945515165,-0.0,0.0,0.0,193.89530945515165,193.89530945515165,0.0,1.0
4439,2019-07-04 23:00:00,7,2019-07-05 00:00:00,0.10547,0.10547,0.10547,0.12,0.0,184.42171455096604,-115.95474937466217,0.0,0.0,300.37646392562823,300.37646392562823,0.0,1.0
4440,2019-07-05 00:00:00,7,2019-07-05 01:00:00,0.10547,0.10547,0.10547,0.12,0.1333479617808615,223.05430176257565,-0.0,0.0,0.0,223.05430176257565,223.05430176257565,0.0,0.0
4441,2019-07-05 01:00:00,7,2019-07-05 02:00:00,0.10547,0.10547,0.10547,0.12,0.1333479617808615,223.05430181760872,-0.0,0.0,0.0,223.05430181760872,223.05430181760872,0.0,0.0
4442,2019-07-05 02:00:00,7,2019-07-05 03:00:00,0.10547,0.10547,0.10547,0.12,0.1333479617808615,223.05430180288158,-0.0,0.0,0.0,223.05430180288158,223.05430180288158,0.0,0.0
4443,2019-07-05 03:00:00,7,2019-07-05 04:00:00,0.10547,0.10547,0.10547,0.12,0.1333479617808615,232.52789707834674,-0.0,0.0,0.0,232.52789707834674,232.52789707834674,0.0,0.0
4444,2019-07-05 04:00:00,7,2019-07-05 05:00:00,0.10547,0.10547,0.10547,0.12,0.1333479617808615,264.16993583049475,-0.0,0.0,0.0,264.16993583049475,264.16993583049475,0.0,0.0
4445,2019-07-05 05:00:00,7,2019-07-05 06:00:00,0.10547,0.10547,0.10547,0.12,0.1333479617808615,344.9532503393273,-353.61046801664213,0.0,0.0,698.5637183559695,698.5637183559695,0.0,1.0
4446,2019-07-05 06:00:00,7,2019-07-05 07:00:00,0.10547,0.10547,0.10547,0.12,0.54,479.85797718525464,-400.0,0.0,0.0,879.8579771852546,879.8579771852546,0.0,1.0
4447,2019-07-05 07:00:00,7,2019-07-05 08:00:00,0.10547,0.10547,0.10547,0.12,1.0,954.7380453116215,-0.0,4.864761097622193,0.0,949.8732842139993,949.8732842139993,0.0,0.0
4448,2019-07-05 08:00:00,7,2019-07-05 09:00:00,0.10547,0.10547,0.10547,0.12,0.9933902702477959,1017.0024613941613,-0.0,67.12917718016206,0.0,949.8732842139992,949.8732842139992,0.0,0.0
4449,2019-07-05 09:00:00,7,2019-07-05 10:00:00,0.10547,0.10547,0.10547,0.12,0.9021821490790978,1030.2968832048352,-0.0,80.42359899083596,0.0,949.8732842139993,949.8732842139993,0.0,0.0
4450,2019-07-05 10:00:00,7,2019-07-05 11:00:00,0.10547,0.10547,0.10547,0.12,0.7929109547980709,1036.5646304431652,-0.0,86.69134622916596,0.0,949.8732842139993,949.8732842139993,0.0,0.0
4451,2019-07-05 11:00:00,7,2019-07-05 12:00:00,0.10547,0.10547,0.10547,0.12,0.6751237995954003,1000.1093787795672,-0.0,50.23609456556795,0.0,949.8732842139993,949.8732842139993,0.0,0.0
4452,2019-07-05 12:00:00,7,2019-07-05 13:00:00,0.10547,0.10547,0.10547,0.12,0.6068682363269658,1041.1866322522953,-0.0,91.31334803829606,0.0,949.8732842139993,949.8732842139993,0.0,0.0
4453,2019-07-05 13:00:00,7,2019-07-05 14:00:00,0.10547,0.10547,0.10547,0.12,0.48280118736188965,1042.3673474675309,-0.0,92.49406325353158,0.0,949.8732842139993,949.8732842139993,0.0,0.0
4454,2019-07-05 14:00:00,7,2019-07-05 15:00:00,0.12561,0.12561,0.12561,0.12,0.3571299057674176,1042.2136382517654,-0.0,92.34035403776608,0.0,949.8732842139993,949.8732842139993,0.0,0.0
4455,2019-07-05 15:00:00,7,2019-07-05 16:00:00,0.12561,0.12561,0.12561,0.12,0.231667468216105,1080.2976939593082,-0.0,130.42440974530888,0.0,949.8732842139993,949.8732842139993,0.0,0.0
4456,2019-07-05 16:00:00,7,2019-07-05 17:00:00,0.15111,0.15111,0.15111,0.12,0.054460389757805004,989.9561310757438,-0.0,40.082846861744486,0.0,949.8732842139993,949.8732842139993,0.0,0.0
4457,2019-07-05 17:00:00,7,2019-07-05 18:00:00,0.15111,0.15111,0.15111,0.12,0.0,831.2648227630882,-0.0,0.0,0.0,831.2648227630882,831.2648227630882,0.0,1.0
4458,2019-07-05 18:00:00,7,2019-07-05 19:00:00,0.15111,0.15111,0.15111,0.12,0.0,806.9730336662419,-0.0,0.0,0.0,806.9730336662419,806.9730336662419,0.0,0.0
4459,2019-07-05 19:00:00,7,2019-07-05 20:00:00,0.15111,0.15111,0.15111,0.12,0.0,698.5487259527348,-0.0,0.0,0.0,698.5487259527348,698.5487259527348,0.0,0.0
4460,2019-07-05 20:00:00,7,2019-07-05 21:00:00,0.15111,0.15111,0.15111,0.12,0.0,674.6263064627407,-0.0,0.0,0.0,674.6263064627407,674.6263064627407,0.0,0.0
4461,2019-07-05 21:00:00,7,2019-07-05 22:00:00,0.12561,0.12561,0.12561,0.12,0.0,270.791207528571,-0.0,0.0,0.0,270.791207528571,270.791207528571,0.0,0.0
4462,2019-07-05 22:00:00,7,2019-07-05 23:00:00,0.12561,0.12561,0.12561,0.12,0.0,232.52789700703627,-0.0,0.0,0.0,232.52789700703627,232.52789700703627,0.0,0.0
4463,2019-07-05 23:00:00,7,2019-07-06 00:00:00,0.10547,0.10547,0.10547,0.12,0.0,223.05430178040325,-0.0,0.0,0.0,223.05430178040325,223.05430178040325,0.0,0.0
4464,2019-07-06 00:00:00,7,2019-07-06 01:00:00,0.10547,0.10547,0.10547,0.12,0.0,223.05430111845598,-0.0,0.0,0.0,223.05430111845598,223.05430111845598,0.0,0.0
4465,2019-07-06 01:00:00,7,2019-07-06 02:00:00,0.10547,0.10547,0.10547,0.12,0.0,223.05430112078136,-0.0,0.0,0.0,223.05430112078136,223.05430112078136,0.0,0.0
4466,2019-07-06 02:00:00,7,2019-07-06 03:00:00,0.10547,0.10547,0.10547,0.12,0.0,223.0543011293076,-69.5652173913044,0.0,0.0,292.619518520612,292.619518520612,0.0,1.0
4467,2019-07-06 03:00:00,7,2019-07-06 04:00:00,0.10547,0.10547,0.10547,0.12,0.08000000000000007,232.5278963962465,-399.99999999999994,0.0,0.0,632.5278963962464,632.5278963962464,0.0,1.0
4468,2019-07-06 04:00:00,7,2019-07-06 05:00:00,0.10547,0.10547,0.10547,0.12,0.54,264.1699354940953,-400.0,0.0,0.0,664.1699354940953,664.1699354940953,0.0,1.0
4469,2019-07-06 05:00:00,7,2019-07-06 06:00:00,0.10547,0.10547,0.10547,0.12,1.0,421.9708244812736,0.0,0.0,0.0,421.9708244812736,421.9708244812736,0.0,0.0
4470,2019-07-06 06:00:00,7,2019-07-06 07:00:00,0.10547,0.10547,0.10547,0.12,1.0,543.2518791372537,0.0,0.0,0.0,543.2518791372537,543.2518791372537,0.0,0.0
4471,2019-07-06 07:00:00,7,2019-07-06 08:00:00,0.10547,0.10547,0.10547,0.12,1.0,1025.1190008267904,-0.0,46.639417702079754,0.0,978.4795831247106,978.4795831247106,0.0,0.0
4472,2019-07-06 08:00:00,7,2019-07-06 09:00:00,0.10547,0.10547,0.10547,0.12,0.9366312259482612,1062.502494346108,-0.0,84.02291122139741,0.0,978.4795831247106,978.4795831247106,0.0,0.0
4473,2019-07-06 09:00:00,7,2019-07-06 10:00:00,0.10547,0.10547,0.10547,0.12,0.8224696617887537,1036.2565273380326,-0.0,57.776944213322,0.0,978.4795831247106,978.4795831247106,0.0,0.0
4474,2019-07-06 10:00:00,7,2019-07-06 11:00:00,0.10547,0.10547,0.10547,0.12,0.7439683788902187,1044.1737105475763,-0.0,65.69412742286568,0.0,978.4795831247106,978.4795831247106,0.0,0.0
4475,2019-07-06 11:00:00,7,2019-07-06 12:00:00,0.10547,0.10547,0.10547,0.12,0.6547100535874122,1013.0227911097275,-0.0,34.54320798501681,0.0,978.4795831247106,978.4795831247106,0.0,0.0
4476,2019-07-06 12:00:00,7,2019-07-06 13:00:00,0.10547,0.10547,0.10547,0.12,0.607776347086031,1066.0683627399785,-0.0,87.58877961526787,0.0,978.4795831247106,978.4795831247106,0.0,0.0
4477,2019-07-06 13:00:00,7,2019-07-06 14:00:00,0.10547,0.10547,0.10547,0.12,0.4887698530435475,1073.1220777727187,-0.0,94.6424946480081,0.0,978.4795831247106,978.4795831247106,0.0,0.0
4478,2019-07-06 14:00:00,7,2019-07-06 15:00:00,0.12561,0.12561,0.12561,0.12,0.3601795070544061,1073.8470209900809,-0.0,95.36743786537022,0.0,978.4795831247106,978.4795831247106,0.0,0.0
4479,2019-07-06 15:00:00,7,2019-07-06 16:00:00,0.12561,0.12561,0.12561,0.12,0.23060418386776205,1111.7679408800257,-0.0,133.28835775531502,0.0,978.4795831247106,978.4795831247106,0.0,0.0
4480,2019-07-06 16:00:00,7,2019-07-06 17:00:00,0.15111,0.15111,0.15111,0.12,0.049505871700214525,1014.9159046960685,-0.0,36.436321571357894,0.0,978.4795831247106,978.4795831247106,0.0,0.0
4481,2019-07-06 17:00:00,7,2019-07-06 18:00:00,0.15111,0.15111,0.15111,0.12,0.0,846.5935583631272,-0.0,0.0,0.0,846.5935583631272,846.5935583631272,0.0,1.0
4482,2019-07-06 18:00:00,7,2019-07-06 19:00:00,0.15111,0.15111,0.15111,0.12,0.0,816.9279763874425,-0.0,0.0,0.0,816.9279763874425,816.9279763874425,0.0,1.0
4483,2019-07-06 19:00:00,7,2019-07-06 20:00:00,0.15111,0.15111,0.15111,0.12,0.0,704.8490285867894,-0.0,0.0,0.0,704.8490285867894,704.8490285867894,0.0,1.0
4484,2019-07-06 20:00:00,7,2019-07-06 21:00:00,0.15111,0.15111,0.15111,0.12,0.0,680.6476188864689,-0.0,0.0,0.0,680.6476188864689,680.6476188864689,0.0,1.0
4485,2019-07-06 21:00:00,7,2019-07-06 22:00:00,0.12561,0.12561,0.12561,0.12,0.0,270.7912069720393,-0.0,0.0,0.0,270.7912069720393,270.7912069720393,0.0,0.0
4486,2019-07-06 22:00:00,7,2019-07-06 23:00:00,0.12561,0.12561,0.12561,0.12,0.0,232.52789649701128,-0.0,0.0,0.0,232.52789649701128,232.52789649701128,0.0,0.0
4487,2019-07-06 23:00:00,7,2019-07-07 00:00:00,0.10547,0.10547,0.10547,0.12,0.0,223.0543012812299,-0.0,0.0,0.0,223.0543012812299,223.0543012812299,0.0,0.0
4488,2019-07-07 00:00:00,7,2019-07-07 01:00:00,0.10547,0.10547,0.10547,0.12,0.0,223.05430074175067,0.0,0.0,0.0,223.05430074175067,223.05430074175067,0.0,0.0
4489,2019-07-07 01:00:00,7,2019-07-07 02:00:00,0.10547,0.10547,0.10547,0.12,0.0,223.05430082701315,-0.0,0.0,0.0,223.05430082701315,223.05430082701315,0.0,0.0
4490,2019-07-07 02:00:00,7,2019-07-07 03:00:00,0.10547,0.10547,0.10547,0.12,0.0,223.0543007549276,-69.56521739130434,0.0,0.0,292.61951814623194,292.61951814623194,0.0,1.0
4491,2019-07-07 03:00:00,7,2019-07-07 04:00:00,0.10547,0.10547,0.10547,0.12,0.08,232.52789607069866,-0.0,0.0,0.0,232.52789607069866,232.52789607069866,0.0,0.0
4492,2019-07-07 04:00:00,7,2019-07-07 05:00:00,0.10547,0.10547,0.10547,0.12,0.08,264.1699342089564,-0.0,0.0,0.0,264.1699342089564,264.1699342089564,0.0,0.0
4493,2019-07-07 05:00:00,7,2019-07-07 06:00:00,0.10547,0.10547,0.10547,0.12,0.08,391.08178849872286,-400.0,0.0,0.0,791.0817884987229,791.0817884987229,0.0,1.0
4494,2019-07-07 06:00:00,7,2019-07-07 07:00:00,0.10547,0.10547,0.10547,0.12,0.54,511.6916859769057,-400.0,0.0,0.0,911.6916859769058,911.6916859769058,0.0,1.0
4495,2019-07-07 07:00:00,7,2019-07-07 08:00:00,0.10547,0.10547,0.10547,0.12,1.0,965.7266298908212,-0.0,0.0,0.0,965.7266298908212,965.7266298908212,0.0,0.0
4496,2019-07-07 08:00:00,7,2019-07-07 09:00:00,0.10547,0.10547,0.10547,0.12,1.0,962.4275158493214,-0.0,0.0,0.0,962.4275158493214,962.4275158493214,0.0,0.0
4497,2019-07-07 09:00:00,7,2019-07-07 10:00:00,0.10547,0.10547,0.10547,0.12,1.0,955.7120612313296,-0.0,0.0,0.0,955.7120612313296,955.7120612313296,0.0,0.0
4498,2019-07-07 10:00:00,7,2019-07-07 11:00:00,0.10547,0.10547,0.10547,0.12,1.0,1015.9746815597392,-0.0,37.49509843502858,0.0,978.4795831247106,978.4795831247106,0.0,0.0
4499,2019-07-07 11:00:00,7,2019-07-07 12:00:00,0.10547,0.10547,0.10547,0.12,0.9490555727784938,999.2830253114033,-0.0,20.803442186692678,0.0,978.4795831247106,978.4795831247106,0.0,0.0
4500,2019-07-07 12:00:00,7,2019-07-07 13:00:00,0.10547,0.10547,0.10547,0.12,0.9207900263291832,1048.4384004564088,-0.0,69.95881733169813,0.0,978.4795831247106,978.4795831247106,0.0,0.0
4501,2019-07-07 13:00:00,7,2019-07-07 14:00:00,0.10547,0.10547,0.10547,0.12,0.8257372853893759,1054.7400299381716,-0.0,76.26044681346079,0.0,978.4795831247108,978.4795831247108,0.0,0.0
4502,2019-07-07 14:00:00,7,2019-07-07 15:00:00,0.12561,0.12561,0.12561,0.12,0.7221225478710868,1058.2484209629476,-0.0,79.76883783823702,0.0,978.4795831247106,978.4795831247106,0.0,0.0
4503,2019-07-07 15:00:00,7,2019-07-07 16:00:00,0.12561,0.12561,0.12561,0.12,0.6137409747213082,1100.2185941653959,-0.0,121.73901104068536,0.0,978.4795831247105,978.4795831247105,0.0,0.0
4504,2019-07-07 16:00:00,7,2019-07-07 17:00:00,0.15111,0.15111,0.15111,0.12,0.44833470972037703,1008.3126264127758,-0.0,329.9743463541975,0.0,678.3382800585782,678.3382800585782,0.0,0.0
4505,2019-07-07 17:00:00,7,2019-07-07 18:00:00,0.15111,0.15111,0.15111,0.12,0.0,845.9663632392234,-0.0,0.0,0.0,845.9663632392234,845.9663632392234,0.0,1.0
4506,2019-07-07 18:00:00,7,2019-07-07 19:00:00,0.15111,0.15111,0.15111,0.12,0.0,820.873511105722,-0.0,0.0,0.0,820.873511105722,820.873511105722,0.0,1.0
4507,2019-07-07 19:00:00,7,2019-07-07 20:00:00,0.15111,0.15111,0.15111,0.12,0.0,727.7400339635394,-0.0,0.0,0.0,727.7400339635394,727.7400339635394,0.0,0.0
4508,2019-07-07 20:00:00,7,2019-07-07 21:00:00,0.15111,0.15111,0.15111,0.12,-5.6968536168626635e-16,721.527803928165,-0.0,5.160472937859595e-13,0.0,721.5278039281645,721.5278039281645,0.0,0.0
4509,2019-07-07 21:00:00,7,2019-07-07 22:00:00,0.12561,0.12561,0.12561,0.12,0.0,270.79120646821525,-0.0,0.0,0.0,270.79120646821525,270.79120646821525,0.0,0.0
4510,2019-07-07 22:00:00,7,2019-07-07 23:00:00,0.12561,0.12561,0.12561,0.12,0.0,232.5278959063745,-0.0,0.0,0.0,232.5278959063745,232.5278959063745,0.0,0.0
4511,2019-07-07 23:00:00,7,2019-07-08 00:00:00,0.10547,0.10547,0.10547,0.12,0.0,223.0543006549379,-0.0,0.0,0.0,223.0543006549379,223.0543006549379,0.0,0.0
4512,2019-07-08 00:00:00,7,2019-07-08 01:00:00,0.10547,0.10547,0.10547,0.12,0.0,184.42206029284208,-0.0,0.0,0.0,184.42206029284208,184.42206029284208,0.0,1.0
4513,2019-07-08 01:00:00,7,2019-07-08 02:00:00,0.10547,0.10547,0.10547,0.12,0.0,184.42206027268912,-0.0,0.0,0.0,184.42206027268912,184.42206027268912,0.0,1.0
4514,2019-07-08 02:00:00,7,2019-07-08 03:00:00,0.10547,0.10547,0.10547,0.12,0.0,184.42206036415254,-0.0,0.0,0.0,184.42206036415254,184.42206036415254,0.0,1.0
4515,2019-07-08 03:00:00,7,2019-07-08 04:00:00,0.10547,0.10547,0.10547,0.12,0.0,193.89565565589513,-400.0,0.0,0.0,593.8956556558951,593.8956556558951,0.0,1.0
4516,2019-07-08 04:00:00,7,2019-07-08 05:00:00,0.10547,0.10547,0.10547,0.12,0.46,206.22157437465438,-0.0,0.0,0.0,206.22157437465438,206.22157437465438,0.0,0.0
4517,2019-07-08 05:00:00,7,2019-07-08 06:00:00,0.10547,0.10547,0.10547,0.12,0.46,460.6199505359164,-0.0,0.0,0.0,460.6199505359164,460.6199505359164,0.0,1.0
4518,2019-07-08 06:00:00,7,2019-07-08 07:00:00,0.10547,0.10547,0.10547,0.12,0.46,483.1327713851079,-0.0,0.0,0.0,483.1327713851079,483.1327713851079,0.0,0.0
4519,2019-07-08 07:00:00,7,2019-07-08 08:00:00,0.10547,0.10547,0.10547,0.12,0.46,721.522749563185,0.0,0.0,0.0,721.522749563185,721.522749563185,0.0,0.0
4520,2019-07-08 08:00:00,7,2019-07-08 09:00:00,0.10547,0.10547,0.10547,0.12,0.46,755.3752334445725,-157.21275431672515,0.0,0.0,912.5879877612977,912.5879877612977,0.0,1.0
4521,2019-07-08 09:00:00,7,2019-07-08 10:00:00,0.10547,0.10547,0.10547,0.12,0.640794667464234,732.8371740810005,0.0,0.0,0.0,732.8371740810005,732.8371740810005,0.0,0.0
4522,2019-07-08 10:00:00,7,2019-07-08 11:00:00,0.10547,0.10547,0.10547,0.12,0.640794667464234,742.9948009566205,0.0,0.0,0.0,742.9948009566205,742.9948009566205,0.0,0.0
4523,2019-07-08 11:00:00,7,2019-07-08 12:00:00,0.10547,0.10547,0.10547,0.12,0.640794667464234,762.0385527574723,-0.0,0.0,0.0,762.0385527574723,762.0385527574723,0.0,0.0
4524,2019-07-08 12:00:00,7,2019-07-08 13:00:00,0.10547,0.10547,0.10547,0.12,0.640794667464234,781.4039770676553,-65.59200534682132,1.0422935382103099e-13,0.0,846.9959824144765,846.9959824144765,0.0,1.0
4525,2019-07-08 13:00:00,7,2019-07-08 14:00:00,0.10547,0.10547,0.10547,0.12,0.7162254736130782,600.2355246867186,-246.760457727758,2.0429642957123156e-14,0.0,846.9959824144765,846.9959824144765,0.0,1.0
4526,2019-07-08 14:00:00,7,2019-07-08 15:00:00,0.12561,0.12561,0.12561,0.12,1.0,602.5448245821485,-0.0,1.1368683772161603e-13,0.0,602.5448245821484,602.5448245821484,0.0,0.0
4527,2019-07-08 15:00:00,7,2019-07-08 16:00:00,0.12561,0.12561,0.12561,0.12,0.9999999999999999,640.9961595864575,-0.0,-1.0459189070388675e-13,0.0,640.9961595864576,640.9961595864576,0.0,1.0
4528,2019-07-08 16:00:00,7,2019-07-08 17:00:00,0.15111,0.15111,0.15111,0.12,1.0,609.7035851397584,-0.0,400.0,0.0,209.7035851397584,209.7035851397584,0.0,0.0
4529,2019-07-08 17:00:00,7,2019-07-08 18:00:00,0.15111,0.15111,0.15111,0.12,0.4565217391304348,498.47374484832255,-0.0,336.00000000000006,0.0,162.4737448483225,162.4737448483225,0.0,0.0
4530,2019-07-08 18:00:00,7,2019-07-08 19:00:00,0.15111,0.15111,0.15111,0.12,0.0,448.9722325633898,-0.0,0.0,0.0,448.9722325633898,448.9722325633898,0.0,0.0
4531,2019-07-08 19:00:00,7,2019-07-08 20:00:00,0.15111,0.15111,0.15111,0.12,0.0,237.49329329310495,-0.0,0.0,0.0,237.49329329310495,237.49329329310495,0.0,0.0
4532,2019-07-08 20:00:00,7,2019-07-08 21:00:00,0.15111,0.15111,0.15111,0.12,0.0,231.79142635325871,-0.0,0.0,0.0,231.79142635325871,231.79142635325871,0.0,0.0
4533,2019-07-08 21:00:00,7,2019-07-08 22:00:00,0.12561,0.12561,0.12561,0.12,0.0,212.84284623007886,-0.0,0.0,0.0,212.84284623007886,212.84284623007886,0.0,0.0
4534,2019-07-08 22:00:00,7,2019-07-08 23:00:00,0.12561,0.12561,0.12561,0.12,0.0,193.8956557334065,-0.0,0.0,0.0,193.8956557334065,193.8956557334065,0.0,1.0
4535,2019-07-08 23:00:00,7,2019-07-09 00:00:00,0.10547,0.10547,0.10547,0.12,0.0,184.42206041608517,-0.0,1.0662334477372725e-14,1.619684812867655e-14,184.42206041608517,184.42206041608515,0.0,1.0
4536,2019-07-09 00:00:00,7,2019-07-09 01:00:00,0.10547,0.10547,0.10547,0.12,0.0,184.42171269689362,-0.0,0.0,0.0,184.42171269689362,184.42171269689362,0.0,0.0
4537,2019-07-09 01:00:00,7,2019-07-09 02:00:00,0.10547,0.10547,0.10547,0.12,0.0,184.42171243955585,-0.0,0.0,0.0,184.42171243955585,184.42171243955585,0.0,0.0
4538,2019-07-09 02:00:00,7,2019-07-09 03:00:00,0.10547,0.10547,0.10547,0.12,0.0,184.42171218841892,-0.0,0.0,0.0,184.42171218841892,184.42171218841892,0.0,0.0
4539,2019-07-09 03:00:00,7,2019-07-09 04:00:00,0.10547,0.10547,0.10547,0.12,0.0,193.89530784911568,-0.0,0.0,0.0,193.89530784911568,193.89530784911568,0.0,0.0
4540,2019-07-09 04:00:00,7,2019-07-09 05:00:00,0.10547,0.10547,0.10547,0.12,0.0,212.84354058020207,-0.0,0.0,0.0,212.84354058020207,212.84354058020207,0.0,0.0
4541,2019-07-09 05:00:00,7,2019-07-09 06:00:00,0.10547,0.10547,0.10547,0.12,0.0,211.00299137254817,-0.0,0.0,0.0,211.00299137254817,211.00299137254817,0.0,0.0
4542,2019-07-09 06:00:00,7,2019-07-09 07:00:00,0.10547,0.10547,0.10547,0.12,0.0,229.9501821141565,-0.0,0.0,0.0,229.9501821141565,229.9501821141565,0.0,0.0
4543,2019-07-09 07:00:00,7,2019-07-09 08:00:00,0.10547,0.10547,0.10547,0.12,0.0,229.95018201571702,-0.0,0.0,0.0,229.95018201571702,229.95018201571702,0.0,0.0
4544,2019-07-09 08:00:00,7,2019-07-09 09:00:00,0.10547,0.10547,0.10547,0.12,0.0,201.52939572890395,-266.9578239451087,0.0,0.0,468.48721967401264,468.48721967401264,0.0,1.0
4545,2019-07-09 09:00:00,7,2019-07-09 10:00:00,0.10547,0.10547,0.10547,0.12,0.30700149753687506,163.63501473013343,-0.0,0.0,0.0,163.63501473013343,163.63501473013343,0.0,0.0
4546,2019-07-09 10:00:00,7,2019-07-09 11:00:00,0.10547,0.10547,0.10547,0.12,0.30700149753687506,163.6357096414391,-0.0,0.0,0.0,163.6357096414391,163.6357096414391,0.0,0.0
4547,2019-07-09 11:00:00,7,2019-07-09 12:00:00,0.10547,0.10547,0.10547,0.12,0.30700149753687506,163.63570980731348,-0.0,0.0,0.0,163.63570980731348,163.63570980731348,0.0,0.0
4548,2019-07-09 12:00:00,7,2019-07-09 13:00:00,0.10547,0.10547,0.10547,0.12,0.3070014975368749,163.63675184717394,-202.60739344619566,0.0,0.0,366.24414529336957,366.24414529336957,0.0,1.0
4549,2019-07-09 13:00:00,7,2019-07-09 14:00:00,0.10547,0.10547,0.10547,0.12,0.5399999999999999,170.73029405465576,-400.0,0.0,0.0,570.7302940546558,570.7302940546558,0.0,1.0
4550,2019-07-09 14:00:00,7,2019-07-09 15:00:00,0.12561,0.12561,0.12561,0.12,1.0,418.6109214624683,-0.0,0.0,0.0,418.6109214624683,418.6109214624683,0.0,1.0
4551,2019-07-09 15:00:00,7,2019-07-09 16:00:00,0.12561,0.12561,0.12561,0.12,1.0,442.9219204254354,-0.0,0.0,0.0,442.9219204254354,442.9219204254354,0.0,1.0
4552,2019-07-09 16:00:00,7,2019-07-09 17:00:00,0.15111,0.15111,0.15111,0.12,1.0,507.3003502335969,-0.0,0.0,0.0,507.3003502335969,507.3003502335969,0.0,0.0
4553,2019-07-09 17:00:00,7,2019-07-09 18:00:00,0.15111,0.15111,0.15111,0.12,1.0,462.00830765880573,-0.0,400.0,0.0,62.008307658805734,62.008307658805734,0.0,0.0
4554,2019-07-09 18:00:00,7,2019-07-09 19:00:00,0.15111,0.15111,0.15111,0.12,0.4565217391304348,452.2925876747871,-0.0,336.00000000000006,0.0,116.29258767478706,116.29258767478706,0.0,0.0
4555,2019-07-09 19:00:00,7,2019-07-09 20:00:00,0.15111,0.15111,0.15111,0.12,0.0,282.65371831650856,-0.0,0.0,0.0,282.65371831650856,282.65371831650856,0.0,0.0
4556,2019-07-09 20:00:00,7,2019-07-09 21:00:00,0.15111,0.15111,0.15111,0.12,0.0,231.79073092107652,-0.0,0.0,0.0,231.79073092107652,231.79073092107652,0.0,0.0
4557,2019-07-09 21:00:00,7,2019-07-09 22:00:00,0.12561,0.12561,0.12561,0.12,0.0,212.8424984713565,-0.0,0.0,0.0,212.8424984713565,212.8424984713565,0.0,0.0
4558,2019-07-09 22:00:00,7,2019-07-09 23:00:00,0.12561,0.12561,0.12561,0.12,0.0,193.89530756154844,-0.0,0.0,0.0,193.89530756154844,193.89530756154844,0.0,0.0
4559,2019-07-09 23:00:00,7,2019-07-10 00:00:00,0.10547,0.10547,0.10547,0.12,0.0,184.4217122783321,-0.0,0.0,0.0,184.4217122783321,184.4217122783321,0.0,0.0
4560,2019-07-10 00:00:00,7,2019-07-10 01:00:00,0.10547,0.10547,0.10547,0.12,0.0,223.05429923492923,-69.56521739130434,0.0,0.0,292.6195166262336,292.6195166262336,0.0,1.0
4561,2019-07-10 01:00:00,7,2019-07-10 02:00:00,0.10547,0.10547,0.10547,0.12,0.08,223.05429934267008,-0.0,0.0,0.0,223.05429934267008,223.05429934267008,0.0,0.0
4562,2019-07-10 02:00:00,7,2019-07-10 03:00:00,0.10547,0.10547,0.10547,0.12,0.08,223.05429929693835,-0.0,0.0,0.0,223.05429929693835,223.05429929693835,0.0,0.0
4563,2019-07-10 03:00:00,7,2019-07-10 04:00:00,0.10547,0.10547,0.10547,0.12,0.08,232.5278946390633,-0.0,0.0,0.0,232.5278946390633,232.5278946390633,0.0,0.0
4564,2019-07-10 04:00:00,7,2019-07-10 05:00:00,0.10547,0.10547,0.10547,0.12,0.08,270.79224689118814,-0.0,0.0,0.0,270.79224689118814,270.79224689118814,0.0,0.0
4565,2019-07-10 05:00:00,7,2019-07-10 06:00:00,0.10547,0.10547,0.10547,0.12,0.08,426.1663248958843,-400.0,0.0,0.0,826.1663248958844,826.1663248958844,0.0,1.0
4566,2019-07-10 06:00:00,7,2019-07-10 07:00:00,0.10547,0.10547,0.10547,0.12,0.54,573.4904548284708,-400.0,0.0,0.0,973.4904548284708,973.4904548284708,0.0,1.0
4567,2019-07-10 07:00:00,7,2019-07-10 08:00:00,0.10547,0.10547,0.10547,0.12,1.0,1080.0571338444959,-0.0,95.46882303503679,0.0,984.588310809459,984.588310809459,0.0,0.0
4568,2019-07-10 08:00:00,7,2019-07-10 09:00:00,0.10547,0.10547,0.10547,0.12,0.8702869252241348,1077.1146349611688,-0.0,92.52632415170973,0.0,984.588310809459,984.588310809459,0.0,0.0
4569,2019-07-10 09:00:00,7,2019-07-10 10:00:00,0.10547,0.10547,0.10547,0.12,0.7445718108875726,1057.7686745839371,-0.0,73.18036377447804,0.0,984.588310809459,984.588310809459,0.0,0.0
4570,2019-07-10 10:00:00,7,2019-07-10 11:00:00,0.10547,0.10547,0.10547,0.12,0.6451419688026846,1068.111527237058,-0.0,83.52321642759892,0.0,984.588310809459,984.588310809459,0.0,0.0
4571,2019-07-10 11:00:00,7,2019-07-10 12:00:00,0.10547,0.10547,0.10547,0.12,0.5316593377869253,1024.9358776898875,-0.0,40.347566880428474,0.0,984.588310809459,984.588310809459,0.0,0.0
4572,2019-07-10 12:00:00,7,2019-07-10 13:00:00,0.10547,0.10547,0.10547,0.12,0.4768392740906917,1059.8461334912606,-0.0,75.25782268180154,0.0,984.588310809459,984.588310809459,0.0,0.0
4573,2019-07-10 13:00:00,7,2019-07-10 14:00:00,0.10547,0.10547,0.10547,0.12,0.3745867976208527,1056.3271087797912,-0.0,71.73879797033209,0.0,984.588310809459,984.588310809459,0.0,0.0
4574,2019-07-10 14:00:00,7,2019-07-10 15:00:00,0.12561,0.12561,0.12561,0.12,0.27711560472637975,1056.5516616456043,-0.0,71.96335083614525,0.0,984.588310809459,984.588310809459,0.0,0.0
4575,2019-07-10 15:00:00,7,2019-07-10 16:00:00,0.12561,0.12561,0.12561,0.12,0.1793393128294431,1096.589689099584,-0.0,112.00137829012482,0.0,984.588310809459,984.588310809459,0.0,0.0
4576,2019-07-10 16:00:00,7,2019-07-10 17:00:00,0.15111,0.15111,0.15111,0.12,0.02716352710916472,1004.5806667618043,-0.0,19.992355952345235,0.0,984.588310809459,984.588310809459,0.0,0.0
4577,2019-07-10 17:00:00,7,2019-07-10 18:00:00,0.15111,0.15111,0.15111,0.12,0.0,842.7091176255933,-0.0,0.0,0.0,842.7091176255933,842.7091176255933,0.0,1.0
4578,2019-07-10 18:00:00,7,2019-07-10 19:00:00,0.15111,0.15111,0.15111,0.12,0.0,815.9392206539636,-0.0,0.0,0.0,815.9392206539636,815.9392206539636,0.0,1.0
4579,2019-07-10 19:00:00,7,2019-07-10 20:00:00,0.15111,0.15111,0.15111,0.12,0.0,719.7345306490485,-0.0,0.0,0.0,719.7345306490485,719.7345306490485,0.0,0.0
4580,2019-07-10 20:00:00,7,2019-07-10 21:00:00,0.15111,0.15111,0.15111,0.12,0.0,710.1873571147555,-0.0,0.0,0.0,710.1873571147555,710.1873571147555,0.0,0.0
4581,2019-07-10 21:00:00,7,2019-07-10 22:00:00,0.12561,0.12561,0.12561,0.12,0.0,270.7912049892979,-0.0,0.0,0.0,270.7912049892979,270.7912049892979,0.0,0.0
4582,2019-07-10 22:00:00,7,2019-07-10 23:00:00,0.12561,0.12561,0.12561,0.12,0.0,232.5278944762894,-0.0,0.0,0.0,232.5278944762894,232.5278944762894,0.0,0.0
4583,2019-07-10 23:00:00,7,2019-07-11 00:00:00,0.10547,0.10547,0.10547,0.12,0.0,223.05429920159935,-0.0,0.0,0.0,223.05429920159935,223.05429920159935,0.0,0.0
4584,2019-07-11 00:00:00,7,2019-07-11 01:00:00,0.10547,0.10547,0.10547,0.12,0.0,223.05429872257895,-0.0,0.0,0.0,223.05429872257895,223.05429872257895,0.0,0.0
4585,2019-07-11 01:00:00,7,2019-07-11 02:00:00,0.10547,0.10547,0.10547,0.12,0.0,223.05429875590886,-0.0,0.0,0.0,223.05429875590886,223.05429875590886,0.0,0.0
4586,2019-07-11 02:00:00,7,2019-07-11 03:00:00,0.10547,0.10547,0.10547,0.12,0.0,223.05429884427187,-0.0,0.0,0.0,223.05429884427187,223.05429884427187,0.0,0.0
4587,2019-07-11 03:00:00,7,2019-07-11 04:00:00,0.10547,0.10547,0.10547,0.12,0.0,232.52789411043562,-69.56521739130434,0.0,0.0,302.09311150173994,302.09311150173994,0.0,1.0
4588,2019-07-11 04:00:00,7,2019-07-11 05:00:00,0.10547,0.10547,0.10547,0.12,0.08,270.7922465075067,-0.0,0.0,0.0,270.7922465075067,270.7922465075067,0.0,0.0
4589,2019-07-11 05:00:00,7,2019-07-11 06:00:00,0.10547,0.10547,0.10547,0.12,0.08,431.1330451524385,-400.0,0.0,0.0,831.1330451524385,831.1330451524385,0.0,1.0
4590,2019-07-11 06:00:00,7,2019-07-11 07:00:00,0.10547,0.10547,0.10547,0.12,0.54,547.6885193076955,-400.0,0.0,0.0,947.6885193076955,947.6885193076955,0.0,1.0
4591,2019-07-11 07:00:00,7,2019-07-11 08:00:00,0.10547,0.10547,0.10547,0.12,1.0,1043.0965829943268,-0.0,35.91330577790108,0.0,1007.1832772164257,1007.1832772164257,0.0,0.0
4592,2019-07-11 08:00:00,7,2019-07-11 09:00:00,0.10547,0.10547,0.10547,0.12,0.9512047475843736,1079.8154656656216,-0.0,72.6321884491959,0.0,1007.1832772164257,1007.1832772164257,0.0,0.0
4593,2019-07-11 09:00:00,7,2019-07-11 10:00:00,0.10547,0.10547,0.10547,0.12,0.8525197089305747,1060.178951350816,-0.0,52.99567413439041,0.0,1007.1832772164257,1007.1832772164257,0.0,0.0
4594,2019-07-11 10:00:00,7,2019-07-11 11:00:00,0.10547,0.10547,0.10547,0.12,0.780514716900153,1077.0489670953668,-0.0,69.86568987894118,0.0,1007.1832772164257,1007.1832772164257,0.0,0.0
4595,2019-07-11 11:00:00,7,2019-07-11 12:00:00,0.10547,0.10547,0.10547,0.12,0.6855885078255045,1047.1887278540307,-0.0,40.005450637605065,0.0,1007.1832772164257,1007.1832772164257,0.0,0.0
4596,2019-07-11 12:00:00,7,2019-07-11 13:00:00,0.10547,0.10547,0.10547,0.12,0.6312332759809328,1096.2614781371856,-0.0,89.07820092075985,0.0,1007.1832772164257,1007.1832772164257,0.0,0.0
4597,2019-07-11 13:00:00,7,2019-07-11 14:00:00,0.10547,0.10547,0.10547,0.12,0.5102031116864222,1103.6357995752105,-0.0,96.45252235878479,0.0,1007.1832772164257,1007.1832772164257,0.0,0.0
4598,2019-07-11 14:00:00,7,2019-07-11 15:00:00,0.12561,0.12561,0.12561,0.12,0.37915348891633427,1106.0828112216698,-0.0,98.89953400524405,0.0,1007.1832772164257,1007.1832772164257,0.0,0.0
4599,2019-07-11 15:00:00,7,2019-07-11 16:00:00,0.12561,0.12561,0.12561,0.12,0.244779122061383,1146.0078922575494,-0.0,138.8246150411237,0.0,1007.1832772164257,1007.1832772164257,0.0,0.0
4600,2019-07-11 16:00:00,7,2019-07-11 17:00:00,0.15111,0.15111,0.15111,0.12,0.056158721190291035,1048.51609601248,-0.0,41.332818796054205,0.0,1007.1832772164257,1007.1832772164257,0.0,0.0
4601,2019-07-11 17:00:00,7,2019-07-11 18:00:00,0.15111,0.15111,0.15111,0.12,0.0,866.9058647220968,-0.0,0.0,0.0,866.9058647220968,866.9058647220968,0.0,0.0
4602,2019-07-11 18:00:00,7,2019-07-11 19:00:00,0.15111,0.15111,0.15111,0.12,0.0,829.892947906119,0.0,0.0,0.0,829.892947906119,829.892947906119,0.0,0.0
4603,2019-07-11 19:00:00,7,2019-07-11 20:00:00,0.15111,0.15111,0.15111,0.12,0.0,716.3954741896488,0.0,0.0,0.0,716.3954741896488,716.3954741896488,0.0,0.0
4604,2019-07-11 20:00:00,7,2019-07-11 21:00:00,0.15111,0.15111,0.15111,0.12,0.0,656.9256064468865,-0.0,0.0,0.0,656.9256064468865,656.9256064468865,0.0,0.0
4605,2019-07-11 21:00:00,7,2019-07-11 22:00:00,0.12561,0.12561,0.12561,0.12,0.0,270.791204499426,-0.0,0.0,0.0,270.791204499426,270.791204499426,0.0,0.0
4606,2019-07-11 22:00:00,7,2019-07-11 23:00:00,0.12561,0.12561,0.12561,0.12,0.0,232.52789405462744,-0.0,0.0,0.0,232.52789405462744,232.52789405462744,0.0,0.0
4607,2019-07-11 23:00:00,7,2019-07-12 00:00:00,0.10547,0.10547,0.10547,0.12,0.0,223.054298729555,-0.0,0.0,0.0,223.054298729555,223.054298729555,0.0,0.0
4608,2019-07-12 00:00:00,7,2019-07-12 01:00:00,0.10547,0.10547,0.10547,0.12,0.0,223.0542982381328,-0.0,0.0,0.0,223.0542982381328,223.0542982381328,0.0,0.0
4609,2019-07-12 01:00:00,7,2019-07-12 02:00:00,0.10547,0.10547,0.10547,0.12,0.0,223.05429826603685,-0.0,0.0,0.0,223.05429826603685,223.05429826603685,0.0,0.0
4610,2019-07-12 02:00:00,7,2019-07-12 03:00:00,0.10547,0.10547,0.10547,0.12,0.0,223.05429825673554,-0.0,0.0,0.0,223.05429825673554,223.05429825673554,0.0,0.0
4611,2019-07-12 03:00:00,7,2019-07-12 04:00:00,0.10547,0.10547,0.10547,0.12,0.0,232.52789357095637,-400.0,0.0,0.0,632.5278935709564,632.5278935709564,0.0,1.0
4612,2019-07-12 04:00:00,7,2019-07-12 05:00:00,0.10547,0.10547,0.10547,0.12,0.46,270.7922459362478,-400.0,0.0,0.0,670.7922459362478,670.7922459362478,0.0,1.0
4613,2019-07-12 05:00:00,7,2019-07-12 06:00:00,0.10547,0.10547,0.10547,0.12,0.92,460.43558608744854,-0.0,0.0,0.0,460.43558608744854,460.43558608744854,0.0,0.0
4614,2019-07-12 06:00:00,7,2019-07-12 07:00:00,0.10547,0.10547,0.10547,0.12,0.92,537.4127015848691,-69.56521739130434,0.0,0.0,606.9779189761734,606.9779189761734,0.0,1.0
4615,2019-07-12 07:00:00,7,2019-07-12 08:00:00,0.10547,0.10547,0.10547,0.12,1.0,1003.1435769458303,-0.0,0.0,0.0,1003.1435769458303,1003.1435769458303,0.0,0.0
4616,2019-07-12 08:00:00,7,2019-07-12 09:00:00,0.10547,0.10547,0.10547,0.12,1.0,1061.2989594291464,-0.0,54.115682212720685,0.0,1007.1832772164257,1007.1832772164257,0.0,0.0
4617,2019-07-12 09:00:00,7,2019-07-12 10:00:00,0.10547,0.10547,0.10547,0.12,0.9264732578631513,1046.682349042327,-0.0,39.49907182590118,0.0,1007.1832772164257,1007.1832772164257,0.0,0.0
4618,2019-07-12 10:00:00,7,2019-07-12 11:00:00,0.10547,0.10547,0.10547,0.12,0.8728060407083942,1073.9552697141826,-0.0,66.77199249775686,0.0,1007.1832772164257,1007.1832772164257,0.0,0.0
4619,2019-07-12 11:00:00,7,2019-07-12 12:00:00,0.10547,0.10547,0.10547,0.12,0.7820832248147027,1058.419853460105,-0.0,51.23657624367934,0.0,1007.1832772164257,1007.1832772164257,0.0,0.0
4620,2019-07-12 12:00:00,7,2019-07-12 13:00:00,0.10547,0.10547,0.10547,0.12,0.7124683114401384,1087.3982820900212,-0.0,80.21500487359549,0.0,1007.1832772164257,1007.1832772164257,0.0,0.0
4621,2019-07-12 13:00:00,7,2019-07-12 14:00:00,0.10547,0.10547,0.10547,0.12,0.603480533079275,1086.471753476284,-0.0,79.28847625985827,0.0,1007.1832772164257,1007.1832772164257,0.0,0.0
4622,2019-07-12 14:00:00,7,2019-07-12 15:00:00,0.12561,0.12561,0.12561,0.12,0.49575162511751103,1089.5287365339084,-0.0,82.34545931748266,0.0,1007.1832772164257,1007.1832772164257,0.0,0.0
4623,2019-07-12 15:00:00,7,2019-07-12 16:00:00,0.12561,0.12561,0.12561,0.12,0.3838692075665835,1141.4101851686248,-0.0,134.2269079521991,0.0,1007.1832772164257,1007.1832772164257,0.0,0.0
4624,2019-07-12 16:00:00,7,2019-07-12 17:00:00,0.15111,0.15111,0.15111,0.12,0.20149569132718256,1044.7581313292512,-0.0,37.574854112825506,0.0,1007.1832772164257,1007.1832772164257,0.0,0.0
4625,2019-07-12 17:00:00,7,2019-07-12 18:00:00,0.15111,0.15111,0.15111,0.12,0.15044290041301747,862.4837561737104,-0.0,0.0,0.0,862.4837561737104,862.4837561737104,0.0,0.0
4626,2019-07-12 18:00:00,7,2019-07-12 19:00:00,0.15111,0.15111,0.15111,0.12,0.15044290041301747,823.2135429825311,-0.0,110.72597470398085,0.0,712.4875682785503,712.4875682785503,0.0,0.0
4627,2019-07-12 19:00:00,7,2019-07-12 20:00:00,0.15111,0.15111,0.15111,0.12,0.0,720.9327330762143,-0.0,0.0,0.0,720.9327330762143,720.9327330762143,0.0,0.0
4628,2019-07-12 20:00:00,7,2019-07-12 21:00:00,0.15111,0.15111,0.15111,0.12,0.0,691.9855152868375,-0.0,0.0,0.0,691.9855152868375,691.9855152868375,0.0,0.0
4629,2019-07-12 21:00:00,7,2019-07-12 22:00:00,0.12561,0.12561,0.12561,0.12,0.0,270.79120412039526,-0.0,0.0,0.0,270.79120412039526,270.79120412039526,0.0,0.0
4630,2019-07-12 22:00:00,7,2019-07-12 23:00:00,0.12561,0.12561,0.12561,0.12,0.0,232.52789364924286,-0.0,0.0,0.0,232.52789364924286,232.52789364924286,0.0,0.0
4631,2019-07-12 23:00:00,7,2019-07-13 00:00:00,0.10547,0.10547,0.10547,0.12,0.0,223.05429834199805,-0.0,0.0,0.0,223.05429834199805,223.05429834199805,0.0,0.0
4632,2019-07-13 00:00:00,7,2019-07-13 01:00:00,0.10547,0.10547,0.10547,0.12,0.0,223.05429791336007,-71.93091489875503,0.0,0.0,294.9852128121151,294.9852128121151,0.0,1.0
4633,2019-07-13 01:00:00,7,2019-07-13 02:00:00,0.10547,0.10547,0.10547,0.12,0.08272055213356828,223.0542978249971,-0.0,0.0,0.0,223.0542978249971,223.0542978249971,0.0,0.0
4634,2019-07-13 02:00:00,7,2019-07-13 03:00:00,0.10547,0.10547,0.10547,0.12,0.08272055213356828,223.0542978575519,-0.0,0.0,0.0,223.0542978575519,223.0542978575519,0.0,0.0
4635,2019-07-13 03:00:00,7,2019-07-13 04:00:00,0.10547,0.10547,0.10547,0.12,0.08272055213356828,232.52789312914146,-0.0,0.0,0.0,232.52789312914146,232.52789312914146,0.0,0.0
4636,2019-07-13 04:00:00,7,2019-07-13 05:00:00,0.10547,0.10547,0.10547,0.12,0.08272055213356828,270.79224488364315,-0.0,0.0,0.0,270.79224488364315,270.79224488364315,0.0,0.0
4637,2019-07-13 05:00:00,7,2019-07-13 06:00:00,0.10547,0.10547,0.10547,0.12,0.08272055213356828,449.09385931064475,-400.0,0.0,0.0,849.0938593106448,849.0938593106448,0.0,1.0
4638,2019-07-13 06:00:00,7,2019-07-13 07:00:00,0.10547,0.10547,0.10547,0.12,0.5427205521335683,609.5489747238764,-397.6343024925493,0.0,0.0,1007.1832772164257,1007.1832772164257,0.0,1.0
4639,2019-07-13 07:00:00,7,2019-07-13 08:00:00,0.10547,0.10547,0.10547,0.12,1.0,1092.9468641122205,-0.0,85.76358689579479,0.0,1007.1832772164257,1007.1832772164257,0.0,0.0
4640,2019-07-13 08:00:00,7,2019-07-13 09:00:00,0.10547,0.10547,0.10547,0.12,0.8834733873698439,1079.0748800608706,-0.0,71.89160284444483,0.0,1007.1832772164257,1007.1832772164257,0.0,0.0
4641,2019-07-13 09:00:00,7,2019-07-13 10:00:00,0.10547,0.10547,0.10547,0.12,0.7857945791572831,1054.0866242140557,-0.0,46.903346997630024,0.0,1007.1832772164257,1007.1832772164257,0.0,0.0
4642,2019-07-13 10:00:00,7,2019-07-13 11:00:00,0.10547,0.10547,0.10547,0.12,0.7220672055191989,1066.4579554209006,-0.0,59.27467820447487,0.0,1007.1832772164257,1007.1832772164257,0.0,0.0
4643,2019-07-13 11:00:00,7,2019-07-13 12:00:00,0.10547,0.10547,0.10547,0.12,0.641530957958771,1030.8715415123265,-0.0,23.688264295900808,0.0,1007.1832772164257,1007.1832772164257,0.0,0.0
4644,2019-07-13 12:00:00,7,2019-07-13 13:00:00,0.10547,0.10547,0.10547,0.12,0.609345816252384,1079.2724234863451,-0.0,72.08914626991941,0.0,1007.1832772164257,1007.1832772164257,0.0,0.0
4645,2019-07-13 13:00:00,7,2019-07-13 14:00:00,0.10547,0.10547,0.10547,0.12,0.5113986066465153,1082.13635886432,-0.0,74.95308164789435,0.0,1007.1832772164257,1007.1832772164257,0.0,0.0
4646,2019-07-13 14:00:00,7,2019-07-13 15:00:00,0.12561,0.12561,0.12561,0.12,0.4095601804944849,1076.9114845865963,-0.0,69.7282073701706,0.0,1007.1832772164257,1007.1832772164257,0.0,0.0
4647,2019-07-13 15:00:00,7,2019-07-13 16:00:00,0.12561,0.12561,0.12561,0.12,0.3148207683067531,1108.8798536818417,-0.0,101.696576465416,0.0,1007.1832772164257,1007.1832772164257,0.0,0.0
4648,2019-07-13 16:00:00,7,2019-07-13 17:00:00,0.15111,0.15111,0.15111,0.12,0.17664607202222052,1008.0439419880631,-0.0,130.0115090083543,0.0,878.0324329797088,878.0324329797088,0.0,0.0
4649,2019-07-13 17:00:00,7,2019-07-13 18:00:00,0.15111,0.15111,0.15111,0.12,0.0,839.7280858387463,-0.0,0.0,0.0,839.7280858387463,839.7280858387463,0.0,0.0
4650,2019-07-13 18:00:00,7,2019-07-13 19:00:00,0.15111,0.15111,0.15111,0.12,0.0,809.7250873535612,-0.0,0.0,0.0,809.7250873535612,809.7250873535612,0.0,0.0
4651,2019-07-13 19:00:00,7,2019-07-13 20:00:00,0.15111,0.15111,0.15111,0.12,0.0,672.1288840923131,-0.0,0.0,0.0,672.1288840923131,672.1288840923131,0.0,0.0
4652,2019-07-13 20:00:00,7,2019-07-13 21:00:00,0.15111,0.15111,0.15111,0.12,0.0,607.4705813082426,-0.0,0.0,0.0,607.4705813082426,607.4705813082426,0.0,0.0
4653,2019-07-13 21:00:00,7,2019-07-13 22:00:00,0.12561,0.12561,0.12561,0.12,0.0,270.7912036909822,-0.0,0.0,0.0,270.7912036909822,270.7912036909822,0.0,0.0
4654,2019-07-13 22:00:00,7,2019-07-13 23:00:00,0.12561,0.12561,0.12561,0.12,0.0,232.5278932864896,-0.0,0.0,0.0,232.5278932864896,232.5278932864896,0.0,0.0
4655,2019-07-13 23:00:00,7,2019-07-14 00:00:00,0.10547,0.10547,0.10547,0.12,0.0,223.05429791801075,-0.0,0.0,0.0,223.05429791801075,223.05429791801075,0.0,0.0
4656,2019-07-14 00:00:00,7,2019-07-14 01:00:00,0.10547,0.10547,0.10547,0.12,0.0,223.05429755603257,-0.0,0.0,0.0,223.05429755603257,223.05429755603257,0.0,0.0
4657,2019-07-14 01:00:00,7,2019-07-14 02:00:00,0.10547,0.10547,0.10547,0.12,0.0,223.05429742658853,-0.0,0.0,0.0,223.05429742658853,223.05429742658853,0.0,0.0
4658,2019-07-14 02:00:00,7,2019-07-14 03:00:00,0.10547,0.10547,0.10547,0.12,0.0,223.0542974312392,-0.0,0.0,0.0,223.0542974312392,223.0542974312392,0.0,0.0
4659,2019-07-14 03:00:00,7,2019-07-14 04:00:00,0.10547,0.10547,0.10547,0.12,0.0,232.52789271678085,-69.56521739130434,0.0,0.0,302.09311010808517,302.09311010808517,0.0,1.0
4660,2019-07-14 04:00:00,7,2019-07-14 05:00:00,0.10547,0.10547,0.10547,0.12,0.08,270.79224416588767,-0.0,0.0,0.0,270.79224416588767,270.79224416588767,0.0,0.0
4661,2019-07-14 05:00:00,7,2019-07-14 06:00:00,0.10547,0.10547,0.10547,0.12,0.08,406.2217187189729,-400.0,0.0,0.0,806.2217187189729,806.2217187189729,0.0,1.0
4662,2019-07-14 06:00:00,7,2019-07-14 07:00:00,0.10547,0.10547,0.10547,0.12,0.54,565.319583449765,-400.0,0.0,0.0,965.319583449765,965.319583449765,0.0,1.0
4663,2019-07-14 07:00:00,7,2019-07-14 08:00:00,0.10547,0.10547,0.10547,0.12,1.0,1077.5350061512315,-0.0,68.46930975060451,0.0,1009.0656964006271,1009.0656964006271,0.0,0.0
4664,2019-07-14 08:00:00,7,2019-07-14 09:00:00,0.10547,0.10547,0.10547,0.12,0.9069710465345048,1077.9837269302955,-0.0,68.91803052966844,0.0,1009.0656964006271,1009.0656964006271,0.0,0.0
4665,2019-07-14 09:00:00,7,2019-07-14 10:00:00,0.10547,0.10547,0.10547,0.12,0.8133324180974557,1054.7998477559063,-0.0,45.734151355279266,0.0,1009.0656964006271,1009.0656964006271,0.0,0.0
4666,2019-07-14 10:00:00,7,2019-07-14 11:00:00,0.10547,0.10547,0.10547,0.12,0.7511936254951747,1070.9687531516888,-0.0,61.9030567510618,0.0,1009.0656964006271,1009.0656964006271,0.0,0.0
4667,2019-07-14 11:00:00,7,2019-07-14 12:00:00,0.10547,0.10547,0.10547,0.12,0.6670862114312317,1043.5476607629612,-0.0,34.48196436233417,0.0,1009.0656964006271,1009.0656964006271,0.0,0.0
4668,2019-07-14 12:00:00,7,2019-07-14 13:00:00,0.10547,0.10547,0.10547,0.12,0.620235716373713,1099.6111322939657,-0.0,90.54543589333866,0.0,1009.0656964006271,1009.0656964006271,0.0,0.0
4669,2019-07-14 13:00:00,7,2019-07-14 14:00:00,0.10547,0.10547,0.10547,0.12,0.49721202630124195,1103.5516403444099,-0.0,94.48594394378284,0.0,1009.0656964006271,1009.0656964006271,0.0,0.0
4670,2019-07-14 14:00:00,7,2019-07-14 15:00:00,0.12561,0.12561,0.12561,0.12,0.3688343850732761,1104.5280608146766,-0.0,95.46236441404955,0.0,1009.0656964006271,1009.0656964006271,0.0,0.0
4671,2019-07-14 15:00:00,7,2019-07-14 16:00:00,0.12561,0.12561,0.12561,0.12,0.2391300855976654,1142.8707974278311,-0.0,133.8051010272041,0.0,1009.0656964006271,1009.0656964006271,0.0,0.0
4672,2019-07-14 16:00:00,7,2019-07-14 17:00:00,0.15111,0.15111,0.15111,0.12,0.057329676593312,1051.2603383733046,-0.0,42.19464197267763,0.0,1009.0656964006271,1009.0656964006271,0.0,0.0
4673,2019-07-14 17:00:00,7,2019-07-14 18:00:00,0.15111,0.15111,0.15111,0.12,0.0,869.3685485513226,-0.0,0.0,0.0,869.3685485513226,869.3685485513226,0.0,0.0
4674,2019-07-14 18:00:00,7,2019-07-14 19:00:00,0.15111,0.15111,0.15111,0.12,0.0,827.3256603723667,-0.0,0.0,0.0,827.3256603723667,827.3256603723667,0.0,0.0
4675,2019-07-14 19:00:00,7,2019-07-14 20:00:00,0.15111,0.15111,0.15111,0.12,0.0,723.9191748107633,-0.0,0.0,0.0,723.9191748107633,723.9191748107633,0.0,0.0
4676,2019-07-14 20:00:00,7,2019-07-14 21:00:00,0.15111,0.15111,0.15111,0.12,0.0,689.5939928524214,-0.0,0.0,0.0,689.5939928524214,689.5939928524214,0.0,0.0
4677,2019-07-14 21:00:00,7,2019-07-14 22:00:00,0.12561,0.12561,0.12561,0.12,0.0,270.79120328172206,-0.0,0.0,0.0,270.79120328172206,270.79120328172206,0.0,0.0
4678,2019-07-14 22:00:00,7,2019-07-14 23:00:00,0.12561,0.12561,0.12561,0.12,0.0,232.52789281289498,-0.0,0.0,0.0,232.52789281289498,232.52789281289498,0.0,0.0
4679,2019-07-14 23:00:00,7,2019-07-15 00:00:00,0.10547,0.10547,0.10547,0.12,0.0,223.05429750409994,-0.0,0.0,0.0,223.05429750409994,223.05429750409994,0.0,0.0
4680,2019-07-15 00:00:00,7,2019-07-15 01:00:00,0.10547,0.10547,0.10547,0.12,0.0,184.42205725594584,-0.0,0.0,0.0,184.42205725594584,184.42205725594584,0.0,1.0
4681,2019-07-15 01:00:00,7,2019-07-15 02:00:00,0.10547,0.10547,0.10547,0.12,0.0,184.42205716990821,-0.0,0.0,0.0,184.42205716990821,184.42205716990821,0.0,1.0
4682,2019-07-15 02:00:00,7,2019-07-15 03:00:00,0.10547,0.10547,0.10547,0.12,8.557222881456513e-17,184.42205719936254,-0.0,0.0,0.0,184.42205719936254,184.42205719936254,0.0,1.0
4683,2019-07-15 03:00:00,7,2019-07-15 04:00:00,0.10547,0.10547,0.10547,0.12,1.283583432240279e-16,193.89565247095211,-400.0,0.0,0.0,593.8956524709521,593.8956524709521,0.0,1.0
4684,2019-07-15 04:00:00,7,2019-07-15 05:00:00,0.10547,0.10547,0.10547,0.12,0.46000000000000013,212.84388384016341,-0.0,0.0,0.0,212.84388384016341,212.84388384016341,0.0,0.0
4685,2019-07-15 05:00:00,7,2019-07-15 06:00:00,0.10547,0.10547,0.10547,0.12,0.46000000000000013,440.60454976901616,-400.00000000000045,4.547473508864641e-13,0.0,840.6045497690166,840.6045497690166,0.0,1.0
4686,2019-07-15 06:00:00,7,2019-07-15 07:00:00,0.10547,0.10547,0.10547,0.12,0.9200000000000002,471.29843786905246,-69.56521739130356,0.0,0.0,540.863655260356,540.863655260356,0.0,1.0
4687,2019-07-15 07:00:00,7,2019-07-15 08:00:00,0.10547,0.10547,0.10547,0.12,0.9999999999999991,711.3741279049323,0.0,0.0,0.0,711.3741279049323,711.3741279049323,0.0,0.0
4688,2019-07-15 08:00:00,7,2019-07-15 09:00:00,0.10547,0.10547,0.10547,0.12,0.9999999999999991,748.3345048683764,-0.0,-6.536993168992922e-13,0.0,748.3345048683768,748.3345048683768,0.0,1.0
4689,2019-07-15 09:00:00,7,2019-07-15 10:00:00,0.10547,0.10547,0.10547,0.12,1.0,727.1433914519095,-0.0,-9.094947017729282e-13,0.0,727.1433914519104,727.1433914519104,0.0,1.0
4690,2019-07-15 10:00:00,7,2019-07-15 11:00:00,0.10547,0.10547,0.10547,0.12,1.0000000000000022,737.5683830379068,-0.0,1.5924038517610065e-12,0.0,737.5683830379056,737.5683830379056,0.0,1.0
4691,2019-07-15 11:00:00,7,2019-07-15 12:00:00,0.10547,0.10547,0.10547,0.12,1.000000000000001,752.8644626673183,-0.0,0.0,0.0,752.8644626673183,752.8644626673183,0.0,0.0
4692,2019-07-15 12:00:00,7,2019-07-15 13:00:00,0.10547,0.10547,0.10547,0.12,1.0,770.348824739456,-0.0,-7.06109540181701e-14,0.0,770.3488247394558,770.3488247394558,0.0,1.0
4693,2019-07-15 13:00:00,7,2019-07-15 14:00:00,0.10547,0.10547,0.10547,0.12,1.0,585.2100176493792,-0.0,-2.842170943040401e-14,0.0,585.2100176493792,585.2100176493792,0.0,1.0
4694,2019-07-15 14:00:00,7,2019-07-15 15:00:00,0.12561,0.12561,0.12561,0.12,1.0,579.0095844335015,-0.0,-5.684341886080802e-14,0.0,579.0095844335015,579.0095844335015,0.0,1.0
4695,2019-07-15 15:00:00,7,2019-07-15 16:00:00,0.12561,0.12561,0.12561,0.12,1.0,605.7745687898789,0.0,0.0,0.0,605.7745687898789,605.7745687898789,0.0,0.0
4696,2019-07-15 16:00:00,7,2019-07-15 17:00:00,0.15111,0.15111,0.15111,0.12,1.0,564.3297700679574,-0.0,400.0,0.0,164.32977006795738,164.32977006795738,0.0,0.0
4697,2019-07-15 17:00:00,7,2019-07-15 18:00:00,0.15111,0.15111,0.15111,0.12,0.4565217391304348,229.9512201102478,-0.0,229.9512201102478,0.0,0.0,0.0,0.0,0.0
4698,2019-07-15 18:00:00,7,2019-07-15 19:00:00,0.15111,0.15111,0.15111,0.12,0.1440880161545547,211.00402995540068,-0.0,0.0,0.0,211.00402995540068,211.00402995540068,0.0,0.0
4699,2019-07-15 19:00:00,7,2019-07-15 20:00:00,0.15111,0.15111,0.15111,0.12,0.1440880161545547,237.49328891061106,-0.0,106.04877988975227,0.0,131.4445090208588,131.4445090208588,0.0,0.0
4700,2019-07-15 20:00:00,7,2019-07-15 21:00:00,0.15111,0.15111,0.15111,0.12,0.0,231.7914208026681,-0.0,1.687109664987893e-14,0.0,231.79142080266809,231.79142080266809,0.0,0.0
4701,2019-07-15 21:00:00,7,2019-07-15 22:00:00,0.12561,0.12561,0.12561,0.12,0.0,212.84284311179567,-0.0,0.0,0.0,212.84284311179567,212.84284311179567,0.0,0.0
4702,2019-07-15 22:00:00,7,2019-07-15 23:00:00,0.12561,0.12561,0.12561,0.12,0.0,193.89565266085503,-0.0,0.0,0.0,193.89565266085503,193.89565266085503,0.0,0.0
4703,2019-07-15 23:00:00,7,2019-07-16 00:00:00,0.10547,0.10547,0.10547,0.12,0.0,184.42205732028032,-0.0,0.0,0.0,184.42205732028032,184.42205732028032,0.0,1.0
4704,2019-07-16 00:00:00,7,2019-07-16 01:00:00,0.10547,0.10547,0.10547,0.12,0.0,184.4217103064424,-0.0,0.0,0.0,184.4217103064424,184.4217103064424,0.0,0.0
4705,2019-07-16 01:00:00,7,2019-07-16 02:00:00,0.10547,0.10547,0.10547,0.12,0.0,184.42171005375528,-0.0,0.0,0.0,184.42171005375528,184.42171005375528,0.0,0.0
4706,2019-07-16 02:00:00,7,2019-07-16 03:00:00,0.10547,0.10547,0.10547,0.12,0.0,184.42170979021654,-0.0,0.0,0.0,184.42170979021654,184.42170979021654,0.0,0.0
4707,2019-07-16 03:00:00,7,2019-07-16 04:00:00,0.10547,0.10547,0.10547,0.12,0.0,193.8953054609898,-0.0,0.0,0.0,193.8953054609898,193.8953054609898,0.0,0.0
4708,2019-07-16 04:00:00,7,2019-07-16 05:00:00,0.10547,0.10547,0.10547,0.12,0.0,212.84353639613724,-0.0,0.0,0.0,212.84353639613724,212.84353639613724,0.0,0.0
4709,2019-07-16 05:00:00,7,2019-07-16 06:00:00,0.10547,0.10547,0.10547,0.12,0.0,211.00298898054672,-0.0,0.0,0.0,211.00298898054672,211.00298898054672,0.0,0.0
4710,2019-07-16 06:00:00,7,2019-07-16 07:00:00,0.10547,0.10547,0.10547,0.12,0.0,229.95017974463332,-0.0,0.0,0.0,229.95017974463332,229.95017974463332,0.0,0.0
4711,2019-07-16 07:00:00,7,2019-07-16 08:00:00,0.10547,0.10547,0.10547,0.12,0.0,229.9501795795341,-0.0,0.0,0.0,229.9501795795341,229.9501795795341,0.0,0.0
4712,2019-07-16 08:00:00,7,2019-07-16 09:00:00,0.10547,0.10547,0.10547,0.12,0.0,201.52939332450063,-280.0028106879515,0.0,0.0,481.53220401245215,481.53220401245215,0.0,1.0
4713,2019-07-16 09:00:00,7,2019-07-16 10:00:00,0.10547,0.10547,0.10547,0.12,0.32200323229114425,163.635012379213,-0.0,0.0,0.0,163.635012379213,163.635012379213,0.0,0.0
4714,2019-07-16 10:00:00,7,2019-07-16 11:00:00,0.10547,0.10547,0.10547,0.12,0.3220032322911443,272.6770728885057,-0.0,0.0,0.0,272.6770728885057,272.6770728885057,0.0,0.0
4715,2019-07-16 11:00:00,7,2019-07-16 12:00:00,0.10547,0.10547,0.10547,0.12,0.3220032322911443,218.35973636055598,-0.0,0.0,0.0,218.35973636055598,218.35973636055598,0.0,0.0
4716,2019-07-16 12:00:00,7,2019-07-16 13:00:00,0.10547,0.10547,0.10547,0.12,0.3220032322911443,163.63674652446682,-189.56240670335276,0.0,0.0,353.1991532278196,353.1991532278196,0.0,1.0
4717,2019-07-16 13:00:00,7,2019-07-16 14:00:00,0.10547,0.10547,0.10547,0.12,0.54,209.86525479708473,-400.0,0.0,0.0,609.8652547970847,609.8652547970847,0.0,1.0
4718,2019-07-16 14:00:00,7,2019-07-16 15:00:00,0.12561,0.12561,0.12561,0.12,1.0,445.43612908625437,0.0,0.0,0.0,445.43612908625437,445.43612908625437,0.0,0.0
4719,2019-07-16 15:00:00,7,2019-07-16 16:00:00,0.12561,0.12561,0.12561,0.12,1.0,456.6441238358585,-0.0,0.0,0.0,456.6441238358585,456.6441238358585,0.0,0.0
4720,2019-07-16 16:00:00,7,2019-07-16 17:00:00,0.15111,0.15111,0.15111,0.12,1.0,516.7509235095868,-0.0,0.0,0.0,516.7509235095868,516.7509235095868,0.0,1.0
4721,2019-07-16 17:00:00,7,2019-07-16 18:00:00,0.15111,0.15111,0.15111,0.12,1.0,438.1539187181707,-0.0,0.0,0.0,438.1539187181707,438.1539187181707,0.0,1.0
4722,2019-07-16 18:00:00,7,2019-07-16 19:00:00,0.15111,0.15111,0.15111,0.12,1.0,314.5411843088371,-0.0,314.5411843088371,0.0,0.0,0.0,0.0,0.0
4723,2019-07-16 19:00:00,7,2019-07-16 20:00:00,0.15111,0.15111,0.15111,0.12,0.5726342604499496,237.49224778228452,-0.0,237.49224778228452,0.0,0.0,0.0,0.0,0.0
4724,2019-07-16 20:00:00,7,2019-07-16 21:00:00,0.15111,0.15111,0.15111,0.12,0.24995457596315,231.79072680522174,-0.0,183.9665679088784,0.0,47.824158896343334,47.824158896343334,0.0,0.0
4725,2019-07-16 21:00:00,7,2019-07-16 22:00:00,0.12561,0.12561,0.12561,0.12,0.0,212.8424959902169,-0.0,0.0,0.0,212.8424959902169,212.8424959902169,0.0,0.0
4726,2019-07-16 22:00:00,7,2019-07-16 23:00:00,0.12561,0.12561,0.12561,0.12,0.0,193.8953050370025,-0.0,0.0,0.0,193.8953050370025,193.8953050370025,0.0,0.0
4727,2019-07-16 23:00:00,7,2019-07-17 00:00:00,0.10547,0.10547,0.10547,0.12,0.0,184.4217099956217,-0.0,0.0,0.0,184.4217099956217,184.4217099956217,0.0,0.0
4728,2019-07-17 00:00:00,7,2019-07-17 01:00:00,0.10547,0.10547,0.10547,0.12,0.0,223.0542964600215,-0.0,0.0,0.0,223.0542964600215,223.0542964600215,0.0,0.0
4729,2019-07-17 01:00:00,7,2019-07-17 02:00:00,0.10547,0.10547,0.10547,0.12,0.0,223.0542964080889,-0.0,0.0,0.0,223.0542964080889,223.0542964080889,0.0,0.0
4730,2019-07-17 02:00:00,7,2019-07-17 03:00:00,0.10547,0.10547,0.10547,0.12,0.0,223.05429649335142,-0.0,0.0,0.0,223.05429649335142,223.05429649335142,0.0,0.0
4731,2019-07-17 03:00:00,7,2019-07-17 04:00:00,0.10547,0.10547,0.10547,0.12,0.0,232.52789171378348,-116.12864828539077,0.0,0.0,348.65653999917424,348.65653999917424,0.0,1.0
4732,2019-07-17 04:00:00,7,2019-07-17 05:00:00,0.10547,0.10547,0.10547,0.12,0.1335479455281994,270.7922420056453,-0.0,0.0,0.0,270.7922420056453,270.7922420056453,0.0,0.0
4733,2019-07-17 05:00:00,7,2019-07-17 06:00:00,0.10547,0.10547,0.10547,0.12,0.1335479455281994,554.2397728775961,-400.0,0.0,0.0,954.2397728775961,954.2397728775961,0.0,1.0
4734,2019-07-17 06:00:00,7,2019-07-17 07:00:00,0.10547,0.10547,0.10547,0.12,0.5935479455281993,655.6291272947135,-353.4365691059136,0.0,0.0,1009.0656964006271,1009.0656964006271,0.0,1.0
4735,2019-07-17 07:00:00,7,2019-07-17 08:00:00,0.10547,0.10547,0.10547,0.12,1.0,1097.86477436118,-0.0,88.79907796055295,0.0,1009.0656964006271,1009.0656964006271,0.0,0.0
4736,2019-07-17 08:00:00,7,2019-07-17 09:00:00,0.10547,0.10547,0.10547,0.12,0.8793490788579443,1073.0425116808033,-0.0,63.9768152801762,0.0,1009.0656964006271,1009.0656964006271,0.0,0.0
4737,2019-07-17 09:00:00,7,2019-07-17 10:00:00,0.10547,0.10547,0.10547,0.12,0.7924240580968354,1037.6063835657299,-0.0,28.54068716510278,0.0,1009.0656964006271,1009.0656964006271,0.0,0.0
4738,2019-07-17 10:00:00,7,2019-07-17 11:00:00,0.10547,0.10547,0.10547,0.12,0.7536459505355544,1041.564590465976,-0.0,32.49889406534885,0.0,1009.0656964006271,1009.0656964006271,0.0,0.0
4739,2019-07-17 11:00:00,7,2019-07-17 12:00:00,0.10547,0.10547,0.10547,0.12,0.7094898444685043,1008.3734188354623,-0.6922775651647726,0.0,0.0,1009.0656964006271,1009.0656964006271,0.0,1.0
4740,2019-07-17 12:00:00,7,2019-07-17 13:00:00,0.10547,0.10547,0.10547,0.12,0.7102859636684439,1054.1138373388223,-0.0,45.048140938195274,0.0,1009.0656964006271,1009.0656964006271,0.0,0.0
4741,2019-07-17 13:00:00,7,2019-07-17 14:00:00,0.10547,0.10547,0.10547,0.12,0.6490792504372003,1062.0314126552296,-0.0,52.96571625460251,0.0,1009.0656964006271,1009.0656964006271,0.0,0.0
4742,2019-07-17 14:00:00,7,2019-07-17 15:00:00,0.12561,0.12561,0.12561,0.12,0.5771149620477947,1070.7564335673533,-0.0,61.690737166726194,0.0,1009.0656964006271,1009.0656964006271,0.0,0.0
4743,2019-07-17 15:00:00,7,2019-07-17 16:00:00,0.12561,0.12561,0.12561,0.12,0.4932960256799601,1119.3715082271785,-0.0,110.30581182655146,0.0,1009.0656964006271,1009.0656964006271,0.0,0.0
4744,2019-07-17 16:00:00,7,2019-07-17 17:00:00,0.15111,0.15111,0.15111,0.12,0.34342399874171087,1023.5606644173936,-0.0,14.494968016766506,0.0,1009.0656964006271,1009.0656964006271,0.0,0.0
4745,2019-07-17 17:00:00,7,2019-07-17 18:00:00,0.15111,0.15111,0.15111,0.12,0.3237297487189303,848.8900006174155,-0.0,238.2650950571327,0.0,610.6249055602827,610.6249055602827,0.0,0.0
4746,2019-07-17 18:00:00,7,2019-07-17 19:00:00,0.15111,0.15111,0.15111,0.12,0.0,815.1321685835696,-0.0,0.0,0.0,815.1321685835696,815.1321685835696,0.0,0.0
4747,2019-07-17 19:00:00,7,2019-07-17 20:00:00,0.15111,0.15111,0.15111,0.12,0.0,690.7974267759187,-0.0,0.0,0.0,690.7974267759187,690.7974267759187,0.0,0.0
4748,2019-07-17 20:00:00,7,2019-07-17 21:00:00,0.15111,0.15111,0.15111,0.12,0.0,650.6176117949675,-0.0,0.0,0.0,650.6176117949675,650.6176117949675,0.0,0.0
4749,2019-07-17 21:00:00,7,2019-07-17 22:00:00,0.12561,0.12561,0.12561,0.12,0.0,270.7912022306676,-0.0,0.0,0.0,270.7912022306676,270.7912022306676,0.0,0.0
4750,2019-07-17 22:00:00,7,2019-07-17 23:00:00,0.12561,0.12561,0.12561,0.12,0.0,232.52789175796494,-0.0,0.0,0.0,232.52789175796494,232.52789175796494,0.0,0.0
4751,2019-07-17 23:00:00,7,2019-07-18 00:00:00,0.10547,0.10547,0.10547,0.12,0.0,223.05429645614595,-0.0,0.0,0.0,223.05429645614595,223.05429645614595,0.0,0.0
4752,2019-07-18 00:00:00,7,2019-07-18 01:00:00,0.10547,0.10547,0.10547,0.12,0.0,223.0542961538515,-0.0,0.0,0.0,223.0542961538515,223.0542961538515,0.0,0.0
4753,2019-07-18 01:00:00,7,2019-07-18 02:00:00,0.10547,0.10547,0.10547,0.12,0.0,223.05429609106733,-0.0,0.0,0.0,223.05429609106733,223.05429609106733,0.0,0.0
4754,2019-07-18 02:00:00,7,2019-07-18 03:00:00,0.10547,0.10547,0.10547,0.12,0.0,223.05429614997593,-0.0,0.0,0.0,223.05429614997593,223.05429614997593,0.0,0.0
4755,2019-07-18 03:00:00,7,2019-07-18 04:00:00,0.10547,0.10547,0.10547,0.12,0.0,232.52789132235097,-0.0,0.0,0.0,232.52789132235097,232.52789132235097,0.0,0.0
4756,2019-07-18 04:00:00,7,2019-07-18 05:00:00,0.10547,0.10547,0.10547,0.12,0.0,270.7922413615256,-324.75813283369246,0.0,0.0,595.5503741952181,595.5503741952181,0.0,1.0
4757,2019-07-18 05:00:00,7,2019-07-18 06:00:00,0.10547,0.10547,0.10547,0.12,0.3734718527587464,347.57087534491006,-400.0,0.0,0.0,747.5708753449101,747.5708753449101,0.0,1.0
4758,2019-07-18 06:00:00,7,2019-07-18 07:00:00,0.10547,0.10547,0.10547,0.12,0.8334718527587464,435.8447579649852,0.0,0.0,0.0,435.8447579649852,435.8447579649852,0.0,0.0
4759,2019-07-18 07:00:00,7,2019-07-18 08:00:00,0.10547,0.10547,0.10547,0.12,0.8334718527587464,864.2586118430152,-144.80708455761192,0.0,0.0,1009.0656964006271,1009.0656964006271,0.0,1.0
4760,2019-07-18 08:00:00,7,2019-07-18 09:00:00,0.10547,0.10547,0.10547,0.12,1.0,855.7095489227452,0.0,0.0,0.0,855.7095489227452,855.7095489227452,0.0,0.0
4761,2019-07-18 09:00:00,7,2019-07-18 10:00:00,0.10547,0.10547,0.10547,0.12,1.0,838.0631441559758,0.0,0.0,0.0,838.0631441559758,838.0631441559758,0.0,0.0
4762,2019-07-18 10:00:00,7,2019-07-18 11:00:00,0.10547,0.10547,0.10547,0.12,1.0,886.5554147317811,-0.0,0.0,0.0,886.5554147317811,886.5554147317811,0.0,0.0
4763,2019-07-18 11:00:00,7,2019-07-18 12:00:00,0.10547,0.10547,0.10547,0.12,1.0,928.3345393043072,0.0,0.0,0.0,928.3345393043072,928.3345393043072,0.0,0.0
4764,2019-07-18 12:00:00,7,2019-07-18 13:00:00,0.10547,0.10547,0.10547,0.12,1.0,1027.1181050366927,-0.0,18.052408636065593,0.0,1009.0656964006271,1009.0656964006271,0.0,0.0
4765,2019-07-18 13:00:00,7,2019-07-18 14:00:00,0.10547,0.10547,0.10547,0.12,0.9754722708749108,1034.285459695138,-0.0,25.219763294510813,0.0,1009.0656964006271,1009.0656964006271,0.0,0.0
4766,2019-07-18 14:00:00,7,2019-07-18 15:00:00,0.12561,0.12561,0.12561,0.12,0.9412062881378037,1034.0418891464922,-0.0,24.97619274586509,0.0,1009.0656964006271,1009.0656964006271,0.0,0.0
4767,2019-07-18 15:00:00,7,2019-07-18 16:00:00,0.12561,0.12561,0.12561,0.12,0.9072712436461391,1070.1751107686257,-0.0,61.109414367998625,0.0,1009.0656964006271,1009.0656964006271,0.0,0.0
4768,2019-07-18 16:00:00,7,2019-07-18 17:00:00,0.15111,0.15111,0.15111,0.12,0.8242421480374453,976.1600737318121,-0.0,206.64222095555982,0.0,769.5178527762523,769.5178527762523,0.0,0.0
4769,2019-07-18 17:00:00,7,2019-07-18 18:00:00,0.15111,0.15111,0.15111,0.12,0.5434782608695652,782.4278750464532,-0.0,400.0,0.0,382.4278750464532,382.4278750464532,0.0,0.0
4770,2019-07-18 18:00:00,7,2019-07-18 19:00:00,0.15111,0.15111,0.15111,0.12,0.0,719.4969682949572,-0.0,0.0,0.0,719.4969682949572,719.4969682949572,0.0,1.0
4771,2019-07-18 19:00:00,7,2019-07-18 20:00:00,0.15111,0.15111,0.15111,0.12,0.0,593.5336814251895,-0.0,0.0,0.0,593.5336814251895,593.5336814251895,0.0,0.0
4772,2019-07-18 20:00:00,7,2019-07-18 21:00:00,0.15111,0.15111,0.15111,0.12,0.0,562.8368900035332,-0.0,0.0,0.0,562.8368900035332,562.8368900035332,0.0,0.0
4773,2019-07-18 21:00:00,7,2019-07-18 22:00:00,0.12561,0.12561,0.12561,0.12,0.0,270.79120195007636,-0.0,0.0,0.0,270.79120195007636,270.79120195007636,0.0,0.0
4774,2019-07-18 22:00:00,7,2019-07-18 23:00:00,0.12561,0.12561,0.12561,0.12,0.0,232.52789140916371,-0.0,0.0,0.0,232.52789140916371,232.52789140916371,0.0,0.0
4775,2019-07-18 23:00:00,7,2019-07-19 00:00:00,0.10547,0.10547,0.10547,0.12,0.0,223.05429617400452,-0.0,0.0,0.0,223.05429617400452,223.05429617400452,0.0,0.0
4776,2019-07-19 00:00:00,7,2019-07-19 01:00:00,0.10547,0.10547,0.10547,0.12,0.0,223.05429571358684,0.0,0.0,0.0,223.05429571358684,223.05429571358684,0.0,0.0
4777,2019-07-19 01:00:00,7,2019-07-19 02:00:00,0.10547,0.10547,0.10547,0.12,0.0,223.05429575311769,-0.0,0.0,0.0,223.05429575311769,223.05429575311769,0.0,0.0
4778,2019-07-19 02:00:00,7,2019-07-19 03:00:00,0.10547,0.10547,0.10547,0.12,0.0,223.05429560739623,-0.0,0.0,0.0,223.05429560739623,223.05429560739623,0.0,0.0
4779,2019-07-19 03:00:00,7,2019-07-19 04:00:00,0.10547,0.10547,0.10547,0.12,0.0,232.527890893713,-0.0,0.0,0.0,232.527890893713,232.527890893713,0.0,0.0
4780,2019-07-19 04:00:00,7,2019-07-19 05:00:00,0.10547,0.10547,0.10547,0.12,0.0,270.7922411638716,-0.0,0.0,0.0,270.7922411638716,270.7922411638716,0.0,0.0
4781,2019-07-19 05:00:00,7,2019-07-19 06:00:00,0.10547,0.10547,0.10547,0.12,0.0,364.94168442427167,-328.4240334619105,0.0,0.0,693.3657178861822,693.3657178861822,0.0,1.0
4782,2019-07-19 06:00:00,7,2019-07-19 07:00:00,0.10547,0.10547,0.10547,0.12,0.377687638481197,458.2925762379281,-400.0,0.0,0.0,858.2925762379281,858.2925762379281,0.0,1.0
4783,2019-07-19 07:00:00,7,2019-07-19 08:00:00,0.10547,0.10547,0.10547,0.12,0.8376876384811971,917.7501369794752,-91.31555942115187,0.0,0.0,1009.0656964006271,1009.0656964006271,0.0,1.0
4784,2019-07-19 08:00:00,7,2019-07-19 09:00:00,0.10547,0.10547,0.10547,0.12,0.9427005318155217,959.2400718923851,-49.82562450824196,0.0,0.0,1009.0656964006271,1009.0656964006271,0.0,1.0
4785,2019-07-19 09:00:00,7,2019-07-19 10:00:00,0.10547,0.10547,0.10547,0.12,1.0,1002.1906031514131,-0.0,0.0,0.0,1002.1906031514131,1002.1906031514131,0.0,0.0
4786,2019-07-19 10:00:00,7,2019-07-19 11:00:00,0.10547,0.10547,0.10547,0.12,1.0,1028.316955979172,-0.0,19.251259578544932,0.0,1009.0656964006271,1009.0656964006271,0.0,0.0
4787,2019-07-19 11:00:00,7,2019-07-19 12:00:00,0.10547,0.10547,0.10547,0.12,0.9738433973117595,994.3903213475887,-14.675375053038351,0.0,0.0,1009.0656964006271,1009.0656964006271,0.0,1.0
4788,2019-07-19 12:00:00,7,2019-07-19 13:00:00,0.10547,0.10547,0.10547,0.12,0.9907200786227537,1038.259967186235,-0.0,29.19427078560784,0.0,1009.0656964006271,1009.0656964006271,0.0,0.0
4789,2019-07-19 13:00:00,7,2019-07-19 14:00:00,0.10547,0.10547,0.10547,0.12,0.9510539498379604,1040.868263096987,-0.0,31.802566696359918,0.0,1009.0656964006271,1009.0656964006271,0.0,0.0
4790,2019-07-19 14:00:00,7,2019-07-19 15:00:00,0.12561,0.12561,0.12561,0.12,0.9078439407396454,1041.2485546205087,-0.0,32.18285821988161,0.0,1009.0656964006271,1009.0656964006271,0.0,0.0
4791,2019-07-19 15:00:00,7,2019-07-19 16:00:00,0.12561,0.12561,0.12561,0.12,0.8641172312017628,1079.717323643782,-0.0,70.65162724315496,0.0,1009.0656964006271,1009.0656964006271,0.0,0.0
4792,2019-07-19 16:00:00,7,2019-07-19 17:00:00,0.15111,0.15111,0.15111,0.12,0.7681231724474762,988.7385650316411,-0.0,400.0,0.0,588.7385650316411,588.7385650316411,0.0,0.0
4793,2019-07-19 17:00:00,7,2019-07-19 18:00:00,0.15111,0.15111,0.15111,0.12,0.22464491157791103,828.3397188461627,-0.0,0.0,0.0,828.3397188461627,828.3397188461627,0.0,1.0
4794,2019-07-19 18:00:00,7,2019-07-19 19:00:00,0.15111,0.15111,0.15111,0.12,0.22464491157791103,803.6120611724199,-0.0,0.0,0.0,803.6120611724199,803.6120611724199,0.0,1.0
4795,2019-07-19 19:00:00,7,2019-07-19 20:00:00,0.15111,0.15111,0.15111,0.12,0.22464491157791103,668.4107955772248,-0.0,0.0,0.0,668.4107955772248,668.4107955772248,0.0,1.0
4796,2019-07-19 20:00:00,7,2019-07-19 21:00:00,0.15111,0.15111,0.15111,0.12,0.22464491157791103,605.4306328532568,-0.0,165.3386549213425,0.0,440.09197793191436,440.09197793191436,0.0,0.0
4797,2019-07-19 21:00:00,7,2019-07-19 22:00:00,0.12561,0.12561,0.12561,0.12,0.0,270.79120141912335,-0.0,0.0,0.0,270.79120141912335,270.79120141912335,0.0,0.0
4798,2019-07-19 22:00:00,7,2019-07-19 23:00:00,0.12561,0.12561,0.12561,0.12,0.0,232.52789090688992,-0.0,0.0,0.0,232.52789090688992,232.52789090688992,0.0,0.0
4799,2019-07-19 23:00:00,7,2019-07-20 00:00:00,0.10547,0.10547,0.10547,0.12,0.0,223.05429556941564,-0.0,0.0,0.0,223.05429556941564,223.05429556941564,0.0,0.0
4800,2019-07-20 00:00:00,7,2019-07-20 01:00:00,0.10547,0.10547,0.10547,0.12,0.0,223.05429525626965,-0.0,0.0,0.0,223.05429525626965,223.05429525626965,0.0,0.0
4801,2019-07-20 01:00:00,7,2019-07-20 02:00:00,0.10547,0.10547,0.10547,0.12,0.0,223.0542952477434,-0.0,0.0,0.0,223.0542952477434,223.0542952477434,0.0,0.0
4802,2019-07-20 02:00:00,7,2019-07-20 03:00:00,0.10547,0.10547,0.10547,0.12,0.0,223.0542952981258,-0.0,0.0,0.0,223.0542952981258,223.0542952981258,0.0,0.0
4803,2019-07-20 03:00:00,7,2019-07-20 04:00:00,0.10547,0.10547,0.10547,0.12,0.0,232.52789065962858,-69.56521739130434,0.0,0.0,302.0931080509329,302.0931080509329,0.0,1.0
4804,2019-07-20 04:00:00,7,2019-07-20 05:00:00,0.10547,0.10547,0.10547,0.12,0.08,270.79224112744123,-0.0,0.0,0.0,270.79224112744123,270.79224112744123,0.0,0.0
4805,2019-07-20 05:00:00,7,2019-07-20 06:00:00,0.10547,0.10547,0.10547,0.12,0.08,381.95644101458515,-400.0,0.0,0.0,781.9564410145852,781.9564410145852,0.0,1.0
4806,2019-07-20 06:00:00,7,2019-07-20 07:00:00,0.10547,0.10547,0.10547,0.12,0.54,507.82418740129117,-400.0,0.0,0.0,907.8241874012912,907.8241874012912,0.0,1.0
4807,2019-07-20 07:00:00,7,2019-07-20 08:00:00,0.10547,0.10547,0.10547,0.12,1.0,982.8822977759586,-0.0,0.0,0.0,982.8822977759586,982.8822977759586,0.0,0.0
4808,2019-07-20 08:00:00,7,2019-07-20 09:00:00,0.10547,0.10547,0.10547,0.12,1.0,1027.5991466387645,-0.0,18.533450238137448,0.0,1009.0656964006271,1009.0656964006271,0.0,0.0
4809,2019-07-20 09:00:00,7,2019-07-20 10:00:00,0.10547,0.10547,0.10547,0.12,0.9748186817416611,1033.1263812493162,-0.0,24.060684848689107,0.0,1009.0656964006271,1009.0656964006271,0.0,0.0
4810,2019-07-20 10:00:00,7,2019-07-20 11:00:00,0.10547,0.10547,0.10547,0.12,0.9421275338494205,1041.587018657676,-0.0,32.52132225704895,0.0,1009.0656964006271,1009.0656964006271,0.0,0.0
4811,2019-07-20 11:00:00,7,2019-07-20 12:00:00,0.10547,0.10547,0.10547,0.12,0.8979409546958214,1008.12789524785,-0.9378011527770695,0.0,0.0,1009.0656964006271,1009.0656964006271,0.0,1.0
4812,2019-07-20 12:00:00,7,2019-07-20 13:00:00,0.10547,0.10547,0.10547,0.12,0.899019426021515,1054.2510962737424,-0.0,45.18539987311533,0.0,1009.0656964006271,1009.0656964006271,0.0,0.0
4813,2019-07-20 13:00:00,7,2019-07-20 14:00:00,0.10547,0.10547,0.10547,0.12,0.8376262196721734,1058.6502114328823,-0.0,49.58451503225524,0.0,1009.0656964006271,1009.0656964006271,0.0,0.0
4814,2019-07-20 14:00:00,7,2019-07-20 15:00:00,0.12561,0.12561,0.12561,0.12,0.7702559546826961,1057.8518848660558,-0.0,48.78618846542872,0.0,1009.0656964006271,1009.0656964006271,0.0,0.0
4815,2019-07-20 15:00:00,7,2019-07-20 16:00:00,0.12561,0.12561,0.12561,0.12,0.703970372528581,1095.531443088163,-0.0,86.46574668753601,0.0,1009.0656964006271,1009.0656964006271,0.0,0.0
4816,2019-07-20 16:00:00,7,2019-07-20 17:00:00,0.15111,0.15111,0.15111,0.12,0.5864897384422548,1002.3342335690168,-0.0,0.0,0.0,1002.3342335690168,1002.3342335690168,0.0,1.0
4817,2019-07-20 17:00:00,7,2019-07-20 18:00:00,0.15111,0.15111,0.15111,0.12,0.5864897384422548,837.834608460452,-0.0,0.0,0.0,837.834608460452,837.834608460452,0.0,1.0
4818,2019-07-20 18:00:00,7,2019-07-20 19:00:00,0.15111,0.15111,0.15111,0.12,0.5864897384422548,808.0053663181249,-0.0,400.0,0.0,408.00536631812486,408.00536631812486,0.0,0.0
4819,2019-07-20 19:00:00,7,2019-07-20 20:00:00,0.15111,0.15111,0.15111,0.12,0.043011477572689714,679.9874773924182,-0.0,31.65644749349963,0.0,648.3310298989186,648.3310298989186,0.0,0.0
4820,2019-07-20 20:00:00,7,2019-07-20 21:00:00,0.15111,0.15111,0.15111,0.12,0.0,629.7527867662335,-0.0,0.0,0.0,629.7527867662335,629.7527867662335,0.0,0.0
4821,2019-07-20 21:00:00,7,2019-07-20 22:00:00,0.12561,0.12561,0.12561,0.12,0.0,270.7912010486189,-0.0,0.0,0.0,270.7912010486189,270.7912010486189,0.0,0.0
4822,2019-07-20 22:00:00,7,2019-07-20 23:00:00,0.12561,0.12561,0.12561,0.12,0.0,232.52789058754303,-0.0,0.0,0.0,232.52789058754303,232.52789058754303,0.0,0.0
4823,2019-07-20 23:00:00,7,2019-07-21 00:00:00,0.10547,0.10547,0.10547,0.12,0.0,223.05429536091,-0.0,0.0,0.0,223.05429536091,223.05429536091,0.0,0.0
4824,2019-07-21 00:00:00,7,2019-07-21 01:00:00,0.10547,0.10547,0.10547,0.12,0.0,223.0542950810939,-0.0,0.0,0.0,223.0542950810939,223.0542950810939,0.0,0.0
4825,2019-07-21 01:00:00,7,2019-07-21 02:00:00,0.10547,0.10547,0.10547,0.12,0.0,223.0542951314763,-0.0,0.0,0.0,223.0542951314763,223.0542951314763,0.0,0.0
4826,2019-07-21 02:00:00,7,2019-07-21 03:00:00,0.10547,0.10547,0.10547,0.12,0.0,223.0542951260505,-0.0,0.0,0.0,223.0542951260505,223.0542951260505,0.0,0.0
4827,2019-07-21 03:00:00,7,2019-07-21 04:00:00,0.10547,0.10547,0.10547,0.12,0.0,232.52789045189806,-0.0,0.0,0.0,232.52789045189806,232.52789045189806,0.0,0.0
4828,2019-07-21 04:00:00,7,2019-07-21 05:00:00,0.10547,0.10547,0.10547,0.12,0.0,270.79223997717224,-400.0,0.0,0.0,670.7922399771722,670.7922399771722,0.0,1.0
4829,2019-07-21 05:00:00,7,2019-07-21 06:00:00,0.10547,0.10547,0.10547,0.12,0.46,440.2680968702521,-400.0,0.0,0.0,840.2680968702521,840.2680968702521,0.0,1.0
4830,2019-07-21 06:00:00,7,2019-07-21 07:00:00,0.10547,0.10547,0.10547,0.12,0.92,545.3185499396944,-69.56521739130434,0.0,0.0,614.8837673309988,614.8837673309988,0.0,1.0
4831,2019-07-21 07:00:00,7,2019-07-21 08:00:00,0.10547,0.10547,0.10547,0.12,1.0,999.1002265131568,-0.0,0.0,0.0,999.1002265131568,999.1002265131568,0.0,0.0
4832,2019-07-21 08:00:00,7,2019-07-21 09:00:00,0.10547,0.10547,0.10547,0.12,1.0,1009.7909799127625,-0.0,0.7252835121354337,0.0,1009.0656964006271,1009.0656964006271,0.0,0.0
4833,2019-07-21 09:00:00,7,2019-07-21 10:00:00,0.10547,0.10547,0.10547,0.12,0.9990145604454682,1011.1806745140472,-0.0,2.1149781134200794,0.0,1009.0656964006271,1009.0656964006271,0.0,0.0
4834,2019-07-21 10:00:00,7,2019-07-21 11:00:00,0.10547,0.10547,0.10547,0.12,0.9961409488783214,1025.0236886062428,-0.0,15.95799220561571,0.0,1009.0656964006271,1009.0656964006271,0.0,0.0
4835,2019-07-21 11:00:00,7,2019-07-21 12:00:00,0.10547,0.10547,0.10547,0.12,0.9744588942511261,990.3829347654555,-18.682761635171573,0.0,0.0,1009.0656964006271,1009.0656964006271,0.0,1.0
4836,2019-07-21 12:00:00,7,2019-07-21 13:00:00,0.10547,0.10547,0.10547,0.12,0.9959440701315734,1036.5355534175294,-0.0,27.469857016902324,0.0,1009.0656964006271,1009.0656964006271,0.0,0.0
4837,2019-07-21 13:00:00,7,2019-07-21 14:00:00,0.10547,0.10547,0.10547,0.12,0.9586208948368692,1038.6427991920382,-0.0,29.577102791411107,0.0,1009.0656964006271,1009.0656964006271,0.0,0.0
4838,2019-07-21 14:00:00,7,2019-07-21 15:00:00,0.12561,0.12561,0.12561,0.12,0.918434613870278,1038.78860867957,-0.0,29.722912278942886,0.0,1009.0656964006271,1009.0656964006271,0.0,0.0
4839,2019-07-21 15:00:00,7,2019-07-21 16:00:00,0.12561,0.12561,0.12561,0.12,0.8780502221869316,1077.0446160788074,-0.0,67.97891967818032,0.0,1009.0656964006271,1009.0656964006271,0.0,0.0
4840,2019-07-21 16:00:00,7,2019-07-21 17:00:00,0.15111,0.15111,0.15111,0.12,0.7856875595807084,985.1247671990859,-0.0,400.0,0.0,585.1247671990859,585.1247671990859,0.0,0.0
4841,2019-07-21 17:00:00,7,2019-07-21 18:00:00,0.15111,0.15111,0.15111,0.12,0.24220929871114322,823.2173528300749,-0.0,-7.844391802791507e-14,0.0,823.217352830075,823.217352830075,0.0,1.0
4842,2019-07-21 18:00:00,7,2019-07-21 19:00:00,0.15111,0.15111,0.15111,0.12,0.24220929871114333,774.6677662011027,-0.0,0.0,0.0,774.6677662011027,774.6677662011027,0.0,1.0
4843,2019-07-21 19:00:00,7,2019-07-21 20:00:00,0.15111,0.15111,0.15111,0.12,0.24220929871114333,628.340096806138,-0.0,0.0,0.0,628.340096806138,628.340096806138,0.0,0.0
4844,2019-07-21 20:00:00,7,2019-07-21 21:00:00,0.15111,0.15111,0.15111,0.12,0.24220929871114333,581.1786111504933,-0.0,178.2660438514015,0.0,402.91256729909185,402.91256729909185,0.0,0.0
4845,2019-07-21 21:00:00,7,2019-07-21 22:00:00,0.12561,0.12561,0.12561,0.12,0.0,270.7912009563804,-0.0,0.0,0.0,270.7912009563804,270.7912009563804,0.0,0.0
4846,2019-07-21 22:00:00,7,2019-07-21 23:00:00,0.12561,0.12561,0.12561,0.12,0.0,232.52789047050078,-0.0,0.0,0.0,232.52789047050078,232.52789047050078,0.0,0.0
4847,2019-07-21 23:00:00,7,2019-07-22 00:00:00,0.10547,0.10547,0.10547,0.12,0.0,223.05429512837583,-0.0,0.0,0.0,223.05429512837583,223.05429512837583,0.0,0.0
4848,2019-07-22 00:00:00,7,2019-07-22 01:00:00,0.10547,0.10547,0.10547,0.12,0.0,184.42205501896717,-0.0,-1.0662334581220292e-14,0.0,184.42205501896717,184.42205501896717,0.0,1.0
4849,2019-07-22 01:00:00,7,2019-07-22 02:00:00,0.10547,0.10547,0.10547,0.12,1.6517750983394426e-17,184.42205495153226,-0.0,0.0,0.0,184.42205495153226,184.42205495153226,0.0,1.0
4850,2019-07-22 02:00:00,7,2019-07-22 03:00:00,0.10547,0.10547,0.10547,0.12,4.4160207922682556e-17,184.42205494765668,-0.0,0.0,0.0,184.42205494765668,184.42205494765668,0.0,1.0
4851,2019-07-22 03:00:00,7,2019-07-22 04:00:00,0.10547,0.10547,0.10547,0.12,8.832041583381794e-17,193.89565015026116,-400.0,0.0,0.0,593.8956501502612,593.8956501502612,0.0,1.0
4852,2019-07-22 04:00:00,7,2019-07-22 05:00:00,0.10547,0.10547,0.10547,0.12,0.4600000000000001,212.84387972198334,-0.0,0.0,0.0,212.84387972198334,212.84387972198334,0.0,0.0
4853,2019-07-22 05:00:00,7,2019-07-22 06:00:00,0.10547,0.10547,0.10547,0.12,0.4600000000000001,347.8763383067176,-400.0,0.0,0.0,747.8763383067176,747.8763383067176,0.0,1.0
4854,2019-07-22 06:00:00,7,2019-07-22 07:00:00,0.10547,0.10547,0.10547,0.12,0.9200000000000002,422.6436184817998,-13.453674324635987,0.0,0.0,436.0972928064358,436.0972928064358,0.0,1.0
4855,2019-07-22 07:00:00,7,2019-07-22 08:00:00,0.10547,0.10547,0.10547,0.12,0.9354717254733315,698.4772980381143,-0.0,0.0,0.0,698.4772980381143,698.4772980381143,0.0,0.0
4856,2019-07-22 08:00:00,7,2019-07-22 09:00:00,0.10547,0.10547,0.10547,0.12,0.9354717254733315,752.01154097302,0.0,0.0,0.0,752.01154097302,752.01154097302,0.0,0.0
4857,2019-07-22 09:00:00,7,2019-07-22 10:00:00,0.10547,0.10547,0.10547,0.12,0.9354717254733315,731.1258541391654,-56.1115430666668,-1.4779288903810084e-12,0.0,787.2373972058338,787.2373972058338,0.0,1.0
4858,2019-07-22 10:00:00,7,2019-07-22 11:00:00,0.10547,0.10547,0.10547,0.12,1.0000000000000002,747.5957468914897,0.0,0.0,0.0,747.5957468914897,747.5957468914897,0.0,0.0
4859,2019-07-22 11:00:00,7,2019-07-22 12:00:00,0.10547,0.10547,0.10547,0.12,1.0000000000000002,769.0185361355707,-0.0,-8.349185005985233e-14,0.0,769.0185361355705,769.0185361355705,0.0,0.0
4860,2019-07-22 12:00:00,7,2019-07-22 13:00:00,0.10547,0.10547,0.10547,0.12,1.0,787.2373972058336,-0.0,-5.684341886080802e-14,0.0,787.2373972058339,787.2373972058339,0.0,0.0
4861,2019-07-22 13:00:00,7,2019-07-22 14:00:00,0.10547,0.10547,0.10547,0.12,1.0,601.3992223361805,0.0,0.0,0.0,601.3992223361805,601.3992223361805,0.0,0.0
4862,2019-07-22 14:00:00,7,2019-07-22 15:00:00,0.12561,0.12561,0.12561,0.12,1.0,595.9764115138197,-0.0,5.684341886080802e-14,0.0,595.9764115138196,595.9764115138196,0.0,0.0
4863,2019-07-22 15:00:00,7,2019-07-22 16:00:00,0.12561,0.12561,0.12561,0.12,0.9999999999999999,626.7435677961232,-0.0,-8.496958191931874e-14,0.0,626.7435677961232,626.7435677961232,0.0,1.0
4864,2019-07-22 16:00:00,7,2019-07-22 17:00:00,0.15111,0.15111,0.15111,0.12,1.0,584.7998620658552,-0.0,400.00000000000006,0.0,184.79986206585522,184.79986206585522,0.0,0.0
4865,2019-07-22 17:00:00,7,2019-07-22 18:00:00,0.15111,0.15111,0.15111,0.12,0.45652173913043476,475.42799371847985,-0.0,0.0,0.0,475.42799371847985,475.42799371847985,0.0,0.0
4866,2019-07-22 18:00:00,7,2019-07-22 19:00:00,0.15111,0.15111,0.15111,0.12,0.45652173913043476,426.8528807427852,-0.0,98.50671451694258,0.0,328.34616622584264,328.34616622584264,0.0,0.0
4867,2019-07-22 19:00:00,7,2019-07-22 20:00:00,0.15111,0.15111,0.15111,0.12,0.322681094406328,237.49328548305743,-0.0,237.4932854830574,0.0,2.842170943040401e-14,2.842170943040401e-14,0.0,0.0
4868,2019-07-22 20:00:00,7,2019-07-22 21:00:00,0.15111,0.15111,0.15111,0.12,0.0,231.7914165922495,-0.0,8.868832326360816e-15,0.0,231.7914165922495,231.7914165922495,0.0,0.0
4869,2019-07-22 21:00:00,7,2019-07-22 22:00:00,0.12561,0.12561,0.12561,0.12,0.0,212.84284080040604,-0.0,0.0,0.0,212.84284080040604,212.84284080040604,0.0,0.0
4870,2019-07-22 22:00:00,7,2019-07-22 23:00:00,0.12561,0.12561,0.12561,0.12,0.0,193.89565023474856,-0.0,0.0,0.0,193.89565023474856,193.89565023474856,0.0,0.0
4871,2019-07-22 23:00:00,7,2019-07-23 00:00:00,0.10547,0.10547,0.10547,0.12,0.0,184.42205502284276,-0.0,-1.8242772051699195e-14,-1.3247808035091796e-14,184.42205502284278,184.42205502284278,0.0,1.0
4872,2019-07-23 00:00:00,7,2019-07-23 01:00:00,0.10547,0.10547,0.10547,0.12,0.0,184.4217085500343,-0.0,0.0,0.0,184.4217085500343,184.4217085500343,0.0,0.0
4873,2019-07-23 01:00:00,7,2019-07-23 02:00:00,0.10547,0.10547,0.10547,0.12,0.0,184.42170838415996,-0.0,0.0,0.0,184.42170838415996,184.42170838415996,0.0,0.0
4874,2019-07-23 02:00:00,7,2019-07-23 03:00:00,0.10547,0.10547,0.10547,0.12,0.0,184.42170796094774,-0.0,0.0,0.0,184.42170796094774,184.42170796094774,0.0,1.0
4875,2019-07-23 03:00:00,7,2019-07-23 04:00:00,0.10547,0.10547,0.10547,0.12,0.0,193.895303570487,-0.0,0.0,0.0,193.895303570487,193.895303570487,0.0,1.0
4876,2019-07-23 04:00:00,7,2019-07-23 05:00:00,0.10547,0.10547,0.10547,0.12,0.0,212.8435332336726,-0.0,0.0,0.0,212.8435332336726,212.8435332336726,0.0,0.0
4877,2019-07-23 05:00:00,7,2019-07-23 06:00:00,0.10547,0.10547,0.10547,0.12,0.0,211.00298708616836,-0.0,0.0,0.0,211.00298708616836,211.00298708616836,0.0,0.0
4878,2019-07-23 06:00:00,7,2019-07-23 07:00:00,0.10547,0.10547,0.10547,0.12,0.0,229.95017793861797,-252.09301049900213,0.0,0.0,482.0431884376201,482.0431884376201,0.0,1.0
4879,2019-07-23 07:00:00,7,2019-07-23 08:00:00,0.10547,0.10547,0.10547,0.12,0.28990696207385247,344.6963263967723,-0.0,0.0,0.0,344.6963263967723,344.6963263967723,0.0,0.0
4880,2019-07-23 08:00:00,7,2019-07-23 09:00:00,0.10547,0.10547,0.10547,0.12,0.28990696207385247,436.67952110803617,-0.0,0.0,0.0,436.67952110803617,436.67952110803617,0.0,1.0
4881,2019-07-23 09:00:00,7,2019-07-23 10:00:00,0.10547,0.10547,0.10547,0.12,0.28990696207385247,396.1777025007267,-0.0,0.0,0.0,396.1777025007267,396.1777025007267,0.0,1.0
4882,2019-07-23 10:00:00,7,2019-07-23 11:00:00,0.10547,0.10547,0.10547,0.12,0.28990696207385247,423.22342351451704,-0.0,0.0,0.0,423.22342351451704,423.22342351451704,0.0,0.0
4883,2019-07-23 11:00:00,7,2019-07-23 12:00:00,0.10547,0.10547,0.10547,0.12,0.28990696207385247,216.89936763825847,-0.0,0.0,0.0,216.89936763825847,216.89936763825847,0.0,0.0
4884,2019-07-23 12:00:00,7,2019-07-23 13:00:00,0.10547,0.10547,0.10547,0.12,0.28990696207385247,163.63674240628674,-217.47220689230224,0.0,0.0,381.108949298589,381.108949298589,0.0,1.0
4885,2019-07-23 13:00:00,7,2019-07-23 14:00:00,0.10547,0.10547,0.10547,0.12,0.54,171.47814982308674,-400.0,0.0,0.0,571.4781498230867,571.4781498230867,0.0,1.0
4886,2019-07-23 14:00:00,7,2019-07-23 15:00:00,0.12561,0.12561,0.12561,0.12,1.0,428.1784680879235,-0.0,0.0,0.0,428.1784680879235,428.1784680879235,0.0,1.0
4887,2019-07-23 15:00:00,7,2019-07-23 16:00:00,0.12561,0.12561,0.12561,0.12,1.0,472.44017812556535,-0.0,0.0,0.0,472.44017812556535,472.44017812556535,0.0,1.0
4888,2019-07-23 16:00:00,7,2019-07-23 17:00:00,0.15111,0.15111,0.15111,0.12,1.0,525.3681938640809,-0.0,400.0,0.0,125.36819386408092,125.36819386408092,0.0,0.0
4889,2019-07-23 17:00:00,7,2019-07-23 18:00:00,0.15111,0.15111,0.15111,0.12,0.4565217391304348,482.04318843762013,-0.0,5.2295945351943376e-14,0.0,482.0431884376201,482.0431884376201,0.0,1.0
4890,2019-07-23 18:00:00,7,2019-07-23 19:00:00,0.15111,0.15111,0.15111,0.12,0.45652173913043476,468.763788724794,-0.0,47.75000585800524,0.0,421.01378286678874,421.01378286678874,0.0,0.0
4891,2019-07-23 19:00:00,7,2019-07-23 20:00:00,0.15111,0.15111,0.15111,0.12,0.39164401377988417,288.24999414199476,-0.0,288.24999414199476,0.0,0.0,0.0,0.0,0.0
4892,2019-07-23 20:00:00,7,2019-07-23 21:00:00,0.15111,0.15111,0.15111,0.12,0.0,231.79072362570457,-0.0,0.0,0.0,231.79072362570457,231.79072362570457,0.0,0.0
4893,2019-07-23 21:00:00,7,2019-07-23 22:00:00,0.12561,0.12561,0.12561,0.12,0.0,212.84249417412505,-0.0,0.0,0.0,212.84249417412505,212.84249417412505,0.0,0.0
4894,2019-07-23 22:00:00,7,2019-07-23 23:00:00,0.12561,0.12561,0.12561,0.12,0.0,193.89530321160927,-0.0,0.0,0.0,193.89530321160927,193.89530321160927,0.0,1.0
4895,2019-07-23 23:00:00,7,2019-07-24 00:00:00,0.10547,0.10547,0.10547,0.12,0.0,184.42170819503215,-0.0,0.0,0.0,184.42170819503215,184.42170819503215,0.0,1.0
4896,2019-07-24 00:00:00,7,2019-07-24 01:00:00,0.10547,0.10547,0.10547,0.12,0.0,223.05429428350172,-0.0,0.0,0.0,223.05429428350172,223.05429428350172,0.0,0.0
4897,2019-07-24 01:00:00,7,2019-07-24 02:00:00,0.10547,0.10547,0.10547,0.12,0.0,223.0542942532723,-0.0,0.0,0.0,223.0542942532723,223.0542942532723,0.0,0.0
4898,2019-07-24 02:00:00,7,2019-07-24 03:00:00,0.10547,0.10547,0.10547,0.12,0.0,223.05429433465923,-0.0,0.0,0.0,223.05429433465923,223.05429433465923,0.0,0.0
4899,2019-07-24 03:00:00,7,2019-07-24 04:00:00,0.10547,0.10547,0.10547,0.12,0.0,232.52788954734015,-3.0880307028836467,0.0,0.0,235.6159202502238,235.6159202502238,0.0,1.0
4900,2019-07-24 04:00:00,7,2019-07-24 05:00:00,0.10547,0.10547,0.10547,0.12,0.003551235308316194,270.79223851918294,-0.0,0.0,0.0,270.79223851918294,270.79223851918294,0.0,0.0
4901,2019-07-24 05:00:00,7,2019-07-24 06:00:00,0.10547,0.10547,0.10547,0.12,0.003551235308316194,354.22842096698696,-400.0,0.0,0.0,754.228420966987,754.228420966987,0.0,1.0
4902,2019-07-24 06:00:00,7,2019-07-24 07:00:00,0.10547,0.10547,0.10547,0.12,0.4635512353083162,455.81357837505095,-400.0,0.0,0.0,855.813578375051,855.813578375051,0.0,1.0
4903,2019-07-24 07:00:00,7,2019-07-24 08:00:00,0.10547,0.10547,0.10547,0.12,0.9235512353083162,942.5885097122064,-66.47718668842072,0.0,0.0,1009.0656964006271,1009.0656964006271,0.0,1.0
4904,2019-07-24 08:00:00,7,2019-07-24 09:00:00,0.10547,0.10547,0.10547,0.12,1.0,1028.3210401937795,-0.0,19.255343793152406,0.0,1009.0656964006271,1009.0656964006271,0.0,0.0
4905,2019-07-24 09:00:00,7,2019-07-24 10:00:00,0.10547,0.10547,0.10547,0.12,0.9738378481071299,1039.691667860114,-0.0,30.62597145948689,0.0,1009.0656964006271,1009.0656964006271,0.0,0.0
4906,2019-07-24 10:00:00,7,2019-07-24 11:00:00,0.10547,0.10547,0.10547,0.12,0.9322264738415228,1052.865276714831,-0.0,43.79958031420392,0.0,1009.0656964006271,1009.0656964006271,0.0,0.0
4907,2019-07-24 11:00:00,7,2019-07-24 12:00:00,0.10547,0.10547,0.10547,0.12,0.8727161745015718,1023.5638700714112,-0.0,14.498173670784126,0.0,1009.0656964006271,1009.0656964006271,0.0,0.0
4908,2019-07-24 12:00:00,7,2019-07-24 13:00:00,0.10547,0.10547,0.10547,0.12,0.8530175689706151,1073.9228732400586,-0.0,64.85717683943153,0.0,1009.0656964006271,1009.0656964006271,0.0,0.0
4909,2019-07-24 13:00:00,7,2019-07-24 14:00:00,0.10547,0.10547,0.10547,0.12,0.7648964047866048,1076.889367665132,-0.0,67.82367126450504,0.0,1009.0656964006271,1009.0656964006271,0.0,0.0
4910,2019-07-24 14:00:00,7,2019-07-24 15:00:00,0.12561,0.12561,0.12561,0.12,0.6727446775250491,1071.500979833558,-0.0,62.43528343293087,0.0,1009.0656964006271,1009.0656964006271,0.0,0.0
4911,2019-07-24 15:00:00,7,2019-07-24 16:00:00,0.12561,0.12561,0.12561,0.12,0.5879141293824799,1104.2812391360815,-0.0,95.21554273545439,0.0,1009.0656964006271,1009.0656964006271,0.0,0.0
4912,2019-07-24 16:00:00,7,2019-07-24 17:00:00,0.15111,0.15111,0.15111,0.12,0.45854518544843864,1006.6505958174912,-0.0,337.4892564900509,0.0,669.1613393274404,669.1613393274404,0.0,0.0
4913,2019-07-24 17:00:00,7,2019-07-24 18:00:00,0.15111,0.15111,0.15111,0.12,0.0,840.6631078249436,-0.0,0.0,0.0,840.6631078249436,840.6631078249436,0.0,0.0
4914,2019-07-24 18:00:00,7,2019-07-24 19:00:00,0.15111,0.15111,0.15111,0.12,0.0,794.3404195197096,-0.0,0.0,0.0,794.3404195197096,794.3404195197096,0.0,0.0
4915,2019-07-24 19:00:00,7,2019-07-24 20:00:00,0.15111,0.15111,0.15111,0.12,0.0,630.486763262411,-0.0,0.0,0.0,630.486763262411,630.486763262411,0.0,0.0
4916,2019-07-24 20:00:00,7,2019-07-24 21:00:00,0.15111,0.15111,0.15111,0.12,0.0,568.2588416214483,-0.0,0.0,0.0,568.2588416214483,568.2588416214483,0.0,0.0
4917,2019-07-24 21:00:00,7,2019-07-24 22:00:00,0.12561,0.12561,0.12561,0.12,0.0,270.79119997663645,-0.0,0.0,0.0,270.79119997663645,270.79119997663645,0.0,0.0
4918,2019-07-24 22:00:00,7,2019-07-24 23:00:00,0.12561,0.12561,0.12561,0.12,0.0,232.52788958222033,-0.0,0.0,0.0,232.52788958222033,232.52788958222033,0.0,0.0
4919,2019-07-24 23:00:00,7,2019-07-25 00:00:00,0.10547,0.10547,0.10547,0.12,0.0,223.0542942028899,-0.0,0.0,0.0,223.0542942028899,223.0542942028899,0.0,0.0
4920,2019-07-25 00:00:00,7,2019-07-25 01:00:00,0.10547,0.10547,0.10547,0.12,0.0,223.05429398663307,-0.0,0.0,0.0,223.05429398663307,223.05429398663307,0.0,0.0
4921,2019-07-25 01:00:00,7,2019-07-25 02:00:00,0.10547,0.10547,0.10547,0.12,0.0,223.05429386726556,-0.0,0.0,0.0,223.05429386726556,223.05429386726556,0.0,0.0
4922,2019-07-25 02:00:00,7,2019-07-25 03:00:00,0.10547,0.10547,0.10547,0.12,0.0,223.0542938649402,-0.0,0.0,0.0,223.0542938649402,223.0542938649402,0.0,0.0
4923,2019-07-25 03:00:00,7,2019-07-25 04:00:00,0.10547,0.10547,0.10547,0.12,0.0,232.52788914583118,-0.0,0.0,0.0,232.52788914583118,232.52788914583118,0.0,0.0
4924,2019-07-25 04:00:00,7,2019-07-25 05:00:00,0.10547,0.10547,0.10547,0.12,0.0,270.7922384866282,-400.0,0.0,0.0,670.7922384866282,670.7922384866282,0.0,1.0
4925,2019-07-25 05:00:00,7,2019-07-25 06:00:00,0.10547,0.10547,0.10547,0.12,0.46,404.7073638940145,-69.56521739130434,0.0,0.0,474.2725812853189,474.2725812853189,0.0,1.0
4926,2019-07-25 06:00:00,7,2019-07-25 07:00:00,0.10547,0.10547,0.10547,0.12,0.54,537.5791745615325,-400.0,0.0,0.0,937.5791745615325,937.5791745615325,0.0,1.0
4927,2019-07-25 07:00:00,7,2019-07-25 08:00:00,0.10547,0.10547,0.10547,0.12,1.0,1052.5655021774428,-0.0,43.49980577681572,0.0,1009.0656964006271,1009.0656964006271,0.0,0.0
4928,2019-07-25 08:00:00,7,2019-07-25 09:00:00,0.10547,0.10547,0.10547,0.12,0.9408970030206308,1075.974658484064,-0.0,66.90896208343702,0.0,1009.0656964006271,1009.0656964006271,0.0,0.0
4929,2019-07-25 09:00:00,7,2019-07-25 10:00:00,0.10547,0.10547,0.10547,0.12,0.8499880871463956,1053.603515057691,-0.0,44.53781865706401,0.0,1009.0656964006271,1009.0656964006271,0.0,0.0
4930,2019-07-25 10:00:00,7,2019-07-25 11:00:00,0.10547,0.10547,0.10547,0.12,0.7894747465797326,1071.4016100545696,-0.0,62.3359136539425,0.0,1009.0656964006271,1009.0656964006271,0.0,0.0
4931,2019-07-25 11:00:00,7,2019-07-25 12:00:00,0.10547,0.10547,0.10547,0.12,0.7047792117238325,1044.3979685910701,-0.0,35.332272190443064,0.0,1009.0656964006271,1009.0656964006271,0.0,0.0
4932,2019-07-25 12:00:00,7,2019-07-25 13:00:00,0.10547,0.10547,0.10547,0.12,0.6567734071172522,1096.7119892665617,-0.0,87.64629286593458,0.0,1009.0656964006271,1009.0656964006271,0.0,0.0
4933,2019-07-25 13:00:00,7,2019-07-25 14:00:00,0.10547,0.10547,0.10547,0.12,0.5376887700711455,1102.1088829499295,-0.0,93.04318654930239,0.0,1009.0656964006271,1009.0656964006271,0.0,0.0
4934,2019-07-25 14:00:00,7,2019-07-25 15:00:00,0.12561,0.12561,0.12561,0.12,0.411271397042202,1098.2713409898918,-0.0,89.2056445892647,0.0,1009.0656964006271,1009.0656964006271,0.0,0.0
4935,2019-07-25 15:00:00,7,2019-07-25 16:00:00,0.12561,0.12561,0.12561,0.12,0.2900680755893967,1127.4900908755242,-0.0,118.4243944748971,0.0,1009.0656964006271,1009.0656964006271,0.0,0.0
4936,2019-07-25 16:00:00,7,2019-07-25 17:00:00,0.15111,0.15111,0.15111,0.12,0.12916536570502565,1019.7396419946275,-0.0,95.06570915889888,0.0,924.6739328357287,924.6739328357287,0.0,0.0
4937,2019-07-25 17:00:00,7,2019-07-25 18:00:00,0.15111,0.15111,0.15111,0.12,0.0,844.6757839082811,-0.0,0.0,0.0,844.6757839082811,844.6757839082811,0.0,0.0
4938,2019-07-25 18:00:00,7,2019-07-25 19:00:00,0.15111,0.15111,0.15111,0.12,0.0,775.69347462194,-0.0,0.0,0.0,775.69347462194,775.69347462194,0.0,0.0
4939,2019-07-25 19:00:00,7,2019-07-25 20:00:00,0.15111,0.15111,0.15111,0.12,0.0,594.4051830745785,-0.0,0.0,0.0,594.4051830745785,594.4051830745785,0.0,0.0
4940,2019-07-25 20:00:00,7,2019-07-25 21:00:00,0.15111,0.15111,0.15111,0.12,0.0,547.5662754597179,-0.0,0.0,0.0,547.5662754597179,547.5662754597179,0.0,0.0
4941,2019-07-25 21:00:00,7,2019-07-25 22:00:00,0.12561,0.12561,0.12561,0.12,0.0,270.79119966271526,-0.0,0.0,0.0,270.79119966271526,270.79119966271526,0.0,0.0
4942,2019-07-25 22:00:00,7,2019-07-25 23:00:00,0.12561,0.12561,0.12561,0.12,0.0,232.52788918613706,-0.0,0.0,0.0,232.52788918613706,232.52788918613706,0.0,0.0
4943,2019-07-25 23:00:00,7,2019-07-26 00:00:00,0.10547,0.10547,0.10547,0.12,0.0,223.05429399748468,-0.0,0.0,0.0,223.05429399748468,223.05429399748468,0.0,0.0
4944,2019-07-26 00:00:00,7,2019-07-26 01:00:00,0.10547,0.10547,0.10547,0.12,0.0,223.05429375642427,-0.0,0.0,0.0,223.05429375642427,223.05429375642427,0.0,0.0
4945,2019-07-26 01:00:00,7,2019-07-26 02:00:00,0.10547,0.10547,0.10547,0.12,0.0,223.05429384013655,-0.0,0.0,0.0,223.05429384013655,223.05429384013655,0.0,0.0
4946,2019-07-26 02:00:00,7,2019-07-26 03:00:00,0.10547,0.10547,0.10547,0.12,0.0,223.054293802156,-0.0,0.0,0.0,223.054293802156,223.054293802156,0.0,0.0
4947,2019-07-26 03:00:00,7,2019-07-26 04:00:00,0.10547,0.10547,0.10547,0.12,0.0,232.52788915590764,-69.56521739130434,0.0,0.0,302.09310654721196,302.09310654721196,0.0,1.0
4948,2019-07-26 04:00:00,7,2019-07-26 05:00:00,0.10547,0.10547,0.10547,0.12,0.08,270.7922378897905,-0.0,0.0,0.0,270.7922378897905,270.7922378897905,0.0,0.0
4949,2019-07-26 05:00:00,7,2019-07-26 06:00:00,0.10547,0.10547,0.10547,0.12,0.08,389.4160187059754,-400.0,0.0,0.0,789.4160187059754,789.4160187059754,0.0,1.0
4950,2019-07-26 06:00:00,7,2019-07-26 07:00:00,0.10547,0.10547,0.10547,0.12,0.54,530.7609771975509,-400.0,0.0,0.0,930.7609771975509,930.7609771975509,0.0,1.0
4951,2019-07-26 07:00:00,7,2019-07-26 08:00:00,0.10547,0.10547,0.10547,0.12,1.0,1040.359275174418,-0.0,31.29357877379084,0.0,1009.0656964006271,1009.0656964006271,0.0,0.0
4952,2019-07-26 08:00:00,7,2019-07-26 09:00:00,0.10547,0.10547,0.10547,0.12,0.9574815505790886,1077.9822157217484,-0.0,68.91651932112131,0.0,1009.0656964006271,1009.0656964006271,0.0,0.0
4953,2019-07-26 09:00:00,7,2019-07-26 10:00:00,0.10547,0.10547,0.10547,0.12,0.8638449754145217,1057.39541450607,-0.0,48.32971810544291,0.0,1009.0656964006271,1009.0656964006271,0.0,0.0
4954,2019-07-26 10:00:00,7,2019-07-26 11:00:00,0.10547,0.10547,0.10547,0.12,0.7981795975538656,1077.6947704869465,-0.0,68.6290740863194,0.0,1009.0656964006271,1009.0656964006271,0.0,0.0
4955,2019-07-26 11:00:00,7,2019-07-26 12:00:00,0.10547,0.10547,0.10547,0.12,0.704933572980062,1053.9691232809955,-0.0,44.90342688036844,0.0,1009.0656964006271,1009.0656964006271,0.0,0.0
4956,2019-07-26 12:00:00,7,2019-07-26 13:00:00,0.10547,0.10547,0.10547,0.12,0.6439234821099962,1097.0097200689067,-0.0,87.94402366827967,0.0,1009.0656964006271,1009.0656964006271,0.0,0.0
4957,2019-07-26 13:00:00,7,2019-07-26 14:00:00,0.10547,0.10547,0.10547,0.12,0.5244343195172249,1096.3455702973815,-0.0,87.27987389675445,0.0,1009.0656964006271,1009.0656964006271,0.0,0.0
4958,2019-07-26 14:00:00,7,2019-07-26 15:00:00,0.12561,0.12561,0.12561,0.12,0.4058475343314172,1107.6124472022652,-0.0,98.54675080163815,0.0,1009.0656964006271,1009.0656964006271,0.0,0.0
4959,2019-07-26 15:00:00,7,2019-07-26 16:00:00,0.12561,0.12561,0.12561,0.12,0.2719524924813654,1130.1644723609536,-0.0,121.09877596032652,0.0,1009.0656964006271,1009.0656964006271,0.0,0.0
4960,2019-07-26 16:00:00,7,2019-07-26 17:00:00,0.15111,0.15111,0.15111,0.12,0.10741611210048696,1014.5890018236224,-0.0,79.0582585059584,0.0,935.530743317664,935.530743317664,0.0,0.0
4961,2019-07-26 17:00:00,7,2019-07-26 18:00:00,0.15111,0.15111,0.15111,0.12,0.0,840.3995551580076,-0.0,0.0,0.0,840.3995551580076,840.3995551580076,0.0,0.0
4962,2019-07-26 18:00:00,7,2019-07-26 19:00:00,0.15111,0.15111,0.15111,0.12,0.0,763.0536127784042,-0.0,0.0,0.0,763.0536127784042,763.0536127784042,0.0,0.0
4963,2019-07-26 19:00:00,7,2019-07-26 20:00:00,0.15111,0.15111,0.15111,0.12,0.0,600.2055293549779,-0.0,0.0,0.0,600.2055293549779,600.2055293549779,0.0,0.0
4964,2019-07-26 20:00:00,7,2019-07-26 21:00:00,0.15111,0.15111,0.15111,0.12,0.0,547.4816069054555,-0.0,0.0,0.0,547.4816069054555,547.4816069054555,0.0,0.0
4965,2019-07-26 21:00:00,7,2019-07-26 22:00:00,0.12561,0.12561,0.12561,0.12,0.0,270.7911995076925,-0.0,0.0,0.0,270.7911995076925,270.7911995076925,0.0,0.0
4966,2019-07-26 22:00:00,7,2019-07-26 23:00:00,0.12561,0.12561,0.12561,0.12,0.0,232.52788907839627,-0.0,0.0,0.0,232.52788907839627,232.52788907839627,0.0,0.0
4967,2019-07-26 23:00:00,7,2019-07-27 00:00:00,0.10547,0.10547,0.10547,0.12,0.0,223.05429374479755,-0.0,0.0,0.0,223.05429374479755,223.05429374479755,0.0,0.0
4968,2019-07-27 00:00:00,7,2019-07-27 01:00:00,0.10547,0.10547,0.10547,0.12,0.0,223.05429352466524,-69.56521739130434,0.0,0.0,292.6195109159696,292.6195109159696,0.0,1.0
4969,2019-07-27 01:00:00,7,2019-07-27 02:00:00,0.10547,0.10547,0.10547,0.12,0.08,223.05429344715384,-0.0,0.0,0.0,223.05429344715384,223.05429344715384,0.0,0.0
4970,2019-07-27 02:00:00,7,2019-07-27 03:00:00,0.10547,0.10547,0.10547,0.12,0.08,223.05429340994837,-0.0,0.0,0.0,223.05429340994837,223.05429340994837,0.0,0.0
4971,2019-07-27 03:00:00,7,2019-07-27 04:00:00,0.10547,0.10547,0.10547,0.12,0.08,232.52788869781534,-0.0,0.0,0.0,232.52788869781534,232.52788869781534,0.0,0.0
4972,2019-07-27 04:00:00,7,2019-07-27 05:00:00,0.10547,0.10547,0.10547,0.12,0.08,270.7922377440691,-0.0,0.0,0.0,270.7922377440691,270.7922377440691,0.0,0.0
4973,2019-07-27 05:00:00,7,2019-07-27 06:00:00,0.10547,0.10547,0.10547,0.12,0.08,442.10468199975065,-400.0,0.0,0.0,842.1046819997507,842.1046819997507,0.0,1.0
4974,2019-07-27 06:00:00,7,2019-07-27 07:00:00,0.10547,0.10547,0.10547,0.12,0.54,582.1430525960164,-400.0,0.0,0.0,982.1430525960164,982.1430525960164,0.0,1.0
4975,2019-07-27 07:00:00,7,2019-07-27 08:00:00,0.10547,0.10547,0.10547,0.12,1.0,1086.0457334577197,-0.0,73.47138975176063,0.0,1012.5743437059591,1012.5743437059591,0.0,0.0
4976,2019-07-27 08:00:00,7,2019-07-27 09:00:00,0.10547,0.10547,0.10547,0.12,0.9001747421851078,1090.2459499435038,-0.0,77.67160623754472,0.0,1012.5743437059591,1012.5743437059591,0.0,0.0
4977,2019-07-27 09:00:00,7,2019-07-27 10:00:00,0.10547,0.10547,0.10547,0.12,0.7946426684927914,1075.8170543210003,-0.0,63.24271061504129,0.0,1012.5743437059591,1012.5743437059591,0.0,0.0
4978,2019-07-27 10:00:00,7,2019-07-27 11:00:00,0.10547,0.10547,0.10547,0.12,0.7087150725484423,1093.8858587353807,-0.0,81.31151502942163,0.0,1012.5743437059591,1012.5743437059591,0.0,0.0
4979,2019-07-27 11:00:00,7,2019-07-27 12:00:00,0.10547,0.10547,0.10547,0.12,0.5982374706062936,1059.9365500382203,-0.0,47.36220633226122,0.0,1012.5743437059591,1012.5743437059591,0.0,0.0
4980,2019-07-27 12:00:00,7,2019-07-27 13:00:00,0.10547,0.10547,0.10547,0.12,0.533886646785287,1101.70146323087,-0.0,89.12711952491098,0.0,1012.5743437059591,1012.5743437059591,0.0,0.0
4981,2019-07-27 13:00:00,7,2019-07-27 14:00:00,0.10547,0.10547,0.10547,0.12,0.41279001699600576,1105.0853337981835,-0.0,92.51099009222435,0.0,1012.5743437059591,1012.5743437059591,0.0,0.0
4982,2019-07-27 14:00:00,7,2019-07-27 15:00:00,0.12561,0.12561,0.12561,0.12,0.2870957369793966,1103.4662300875416,-0.0,90.89188638158248,0.0,1012.5743437059591,1012.5743437059591,0.0,0.0
4983,2019-07-27 15:00:00,7,2019-07-27 16:00:00,0.12561,0.12561,0.12561,0.12,0.16360132613485512,1126.0109525029634,-0.0,113.43660879700428,0.0,1012.5743437059591,1012.5743437059591,0.0,0.0
4984,2019-07-27 16:00:00,7,2019-07-27 17:00:00,0.15111,0.15111,0.15111,0.12,0.009475498965012503,1019.5483109442083,-0.0,6.973967238249202,0.0,1012.5743437059591,1012.5743437059591,0.0,0.0
4985,2019-07-27 17:00:00,7,2019-07-27 18:00:00,0.15111,0.15111,0.15111,0.12,0.0,851.9971902898179,-0.0,0.0,0.0,851.9971902898179,851.9971902898179,0.0,0.0
4986,2019-07-27 18:00:00,7,2019-07-27 19:00:00,0.15111,0.15111,0.15111,0.12,0.0,825.0775034968124,-0.0,0.0,0.0,825.0775034968124,825.0775034968124,0.0,0.0
4987,2019-07-27 19:00:00,7,2019-07-27 20:00:00,0.15111,0.15111,0.15111,0.12,0.0,736.1576106777958,-0.0,0.0,0.0,736.1576106777958,736.1576106777958,0.0,0.0
4988,2019-07-27 20:00:00,7,2019-07-27 21:00:00,0.15111,0.15111,0.15111,0.12,0.0,715.0229661049373,-0.0,0.0,0.0,715.0229661049373,715.0229661049373,0.0,0.0
4989,2019-07-27 21:00:00,7,2019-07-27 22:00:00,0.12561,0.12561,0.12561,0.12,0.0,270.79119919377143,-0.0,0.0,0.0,270.79119919377143,270.79119919377143,0.0,0.0
4990,2019-07-27 22:00:00,7,2019-07-27 23:00:00,0.12561,0.12561,0.12561,0.12,0.0,232.52788875749914,-0.0,0.0,0.0,232.52788875749914,232.52788875749914,0.0,0.0
4991,2019-07-27 23:00:00,7,2019-07-28 00:00:00,0.10547,0.10547,0.10547,0.12,0.0,223.05429349366065,-0.0,0.0,0.0,223.05429349366065,223.05429349366065,0.0,0.0
4992,2019-07-28 00:00:00,7,2019-07-28 01:00:00,0.10547,0.10547,0.10547,0.12,0.0,223.05429337119264,-0.0,0.0,0.0,223.05429337119264,223.05429337119264,0.0,0.0
4993,2019-07-28 01:00:00,7,2019-07-28 02:00:00,0.10547,0.10547,0.10547,0.12,7.105427357601002e-17,223.05429336731711,-0.0,0.0,0.0,223.05429336731711,223.05429336731711,0.0,0.0
4994,2019-07-28 02:00:00,7,2019-07-28 03:00:00,0.10547,0.10547,0.10547,0.12,7.105427357601002e-17,223.0542934184746,-0.0,0.0,0.0,223.0542934184746,223.0542934184746,0.0,0.0
4995,2019-07-28 03:00:00,7,2019-07-28 04:00:00,0.10547,0.10547,0.10547,0.12,7.105427357601002e-17,232.52788867378683,-0.0,0.0,0.0,232.52788867378683,232.52788867378683,0.0,0.0
4996,2019-07-28 04:00:00,7,2019-07-28 05:00:00,0.10547,0.10547,0.10547,0.12,7.105427357601002e-17,270.7922371232028,-399.99999999999994,0.0,0.0,670.7922371232028,670.7922371232028,0.0,1.0
4997,2019-07-28 05:00:00,7,2019-07-28 06:00:00,0.10547,0.10547,0.10547,0.12,0.46,450.3538766930663,-400.0,0.0,0.0,850.3538766930662,850.3538766930662,0.0,1.0
4998,2019-07-28 06:00:00,7,2019-07-28 07:00:00,0.10547,0.10547,0.10547,0.12,0.92,550.9928601529875,-69.56521739130434,0.0,0.0,620.5580775442919,620.5580775442919,0.0,1.0
4999,2019-07-28 07:00:00,7,2019-07-28 08:00:00,0.10547,0.10547,0.10547,0.12,1.0,1012.8695102916578,-0.0,0.2951665856986665,0.0,1012.5743437059591,1012.5743437059591,0.0,0.0
5000,2019-07-28 08:00:00,7,2019-07-28 09:00:00,0.10547,0.10547,0.10547,0.12,0.9995989584433442,1033.2408269392088,-0.0,20.666483233249664,0.0,1012.5743437059591,1012.5743437059591,0.0,0.0
5001,2019-07-28 09:00:00,7,2019-07-28 10:00:00,0.10547,0.10547,0.10547,0.12,0.9715194975286029,1031.4814535342657,-0.0,18.907109828306602,0.0,1012.5743437059591,1012.5743437059591,0.0,0.0
5002,2019-07-28 10:00:00,7,2019-07-28 11:00:00,0.10547,0.10547,0.10547,0.12,0.945830489609708,1037.3817984241743,-0.0,24.80745471821524,0.0,1012.5743437059591,1012.5743437059591,0.0,0.0
5003,2019-07-28 11:00:00,7,2019-07-28 12:00:00,0.10547,0.10547,0.10547,0.12,0.9121247087425677,1001.6768189946168,-10.897524711342271,0.0,0.0,1012.5743437059591,1012.5743437059591,0.0,1.0
5004,2019-07-28 12:00:00,7,2019-07-28 13:00:00,0.10547,0.10547,0.10547,0.12,0.9246568621606113,1045.856029113341,-0.0,33.28168540738193,0.0,1012.5743437059591,1012.5743437059591,0.0,0.0
5005,2019-07-28 13:00:00,7,2019-07-28 14:00:00,0.10547,0.10547,0.10547,0.12,0.8794371809005815,1048.5164872047092,-0.0,35.942143498750056,0.0,1012.5743437059591,1012.5743437059591,0.0,0.0
5006,2019-07-28 14:00:00,7,2019-07-28 15:00:00,0.12561,0.12561,0.12561,0.12,0.8306027467990188,1048.2635574658862,-0.0,35.68921375992704,0.0,1012.5743437059591,1012.5743437059591,0.0,0.0
5007,2019-07-28 15:00:00,7,2019-07-28 16:00:00,0.12561,0.12561,0.12561,0.12,0.7821119672339006,1086.2069949336646,-0.0,73.63265122770554,0.0,1012.5743437059591,1012.5743437059591,0.0,0.0
5008,2019-07-28 16:00:00,7,2019-07-28 17:00:00,0.15111,0.15111,0.15111,0.12,0.682067604152779,993.3248925495269,-0.0,400.0,0.0,593.3248925495269,593.3248925495269,0.0,0.0
5009,2019-07-28 17:00:00,7,2019-07-28 18:00:00,0.15111,0.15111,0.15111,0.12,0.13858934328321382,822.0045771913426,-0.0,0.0,0.0,822.0045771913426,822.0045771913426,0.0,0.0
5010,2019-07-28 18:00:00,7,2019-07-28 19:00:00,0.15111,0.15111,0.15111,0.12,0.13858934328321382,736.0015654873474,-0.0,102.00175665644538,0.0,633.9998088309021,633.9998088309021,0.0,0.0
5011,2019-07-28 19:00:00,7,2019-07-28 20:00:00,0.15111,0.15111,0.15111,0.12,0.0,602.688526473004,-0.0,0.0,0.0,602.688526473004,602.688526473004,0.0,0.0
5012,2019-07-28 20:00:00,7,2019-07-28 21:00:00,0.15111,0.15111,0.15111,0.12,0.0,564.8045310748751,-0.0,0.0,0.0,564.8045310748751,564.8045310748751,0.0,0.0
5013,2019-07-28 21:00:00,7,2019-07-28 22:00:00,0.12561,0.12561,0.12561,0.12,0.0,270.7911990775043,-0.0,0.0,0.0,270.7911990775043,270.7911990775043,0.0,0.0
5014,2019-07-28 22:00:00,7,2019-07-28 23:00:00,0.12561,0.12561,0.12561,0.12,0.0,232.5278885334912,-0.0,0.0,0.0,232.5278885334912,232.5278885334912,0.0,0.0
5015,2019-07-28 23:00:00,7,2019-07-29 00:00:00,0.10547,0.10547,0.10547,0.12,0.0,223.0542932998822,-0.0,0.0,0.0,223.0542932998822,223.0542932998822,0.0,0.0
5016,2019-07-29 00:00:00,7,2019-07-29 01:00:00,0.10547,0.10547,0.10547,0.12,0.0,184.4220531509427,-0.0,0.0,0.0,184.4220531509427,184.4220531509427,0.0,1.0
5017,2019-07-29 01:00:00,7,2019-07-29 02:00:00,0.10547,0.10547,0.10547,0.12,-4.308364899697583e-33,184.42205316334451,-0.0,0.0,0.0,184.42205316334451,184.42205316334451,0.0,1.0
5018,2019-07-29 02:00:00,7,2019-07-29 03:00:00,0.10547,0.10547,0.10547,0.12,-2.7642457079376853e-17,184.42205316179428,-0.0,-2.132466923390943e-14,0.0,184.4220531617943,184.4220531617943,0.0,1.0
5019,2019-07-29 03:00:00,7,2019-07-29 04:00:00,0.10547,0.10547,0.10547,0.12,4.955325202439785e-17,193.8956484450106,-0.0,0.0,0.0,193.8956484450106,193.8956484450106,0.0,1.0
5020,2019-07-29 04:00:00,7,2019-07-29 05:00:00,0.10547,0.10547,0.10547,0.12,2.2665876453030315e-17,212.84387769273513,-0.0,0.0,0.0,212.84387769273513,212.84387769273513,0.0,0.0
5021,2019-07-29 05:00:00,7,2019-07-29 06:00:00,0.10547,0.10547,0.10547,0.12,2.2665876453030315e-17,423.5625783052791,-0.0,0.0,0.0,423.5625783052791,423.5625783052791,0.0,1.0
5022,2019-07-29 06:00:00,7,2019-07-29 07:00:00,0.10547,0.10547,0.10547,0.12,2.2665876453030315e-17,468.56582881202354,-400.0,0.0,0.0,868.5658288120235,868.5658288120235,0.0,1.0
5023,2019-07-29 07:00:00,7,2019-07-29 08:00:00,0.10547,0.10547,0.10547,0.12,0.46,736.7943453763817,-45.863713075632354,0.0,0.0,782.6580584520141,782.6580584520141,0.0,1.0
5024,2019-07-29 08:00:00,7,2019-07-29 09:00:00,0.10547,0.10547,0.10547,0.12,0.5127432700369772,764.2222434596182,0.0,0.0,0.0,764.2222434596182,764.2222434596182,0.0,0.0
5025,2019-07-29 09:00:00,7,2019-07-29 10:00:00,0.10547,0.10547,0.10547,0.12,0.5127432700369772,741.8428408459448,-126.72298796607879,0.0,0.0,868.5658288120236,868.5658288120236,0.0,1.0
5026,2019-07-29 10:00:00,7,2019-07-29 11:00:00,0.10547,0.10547,0.10547,0.12,0.6584747061979678,757.8598631485552,-110.70596566346836,0.0,0.0,868.5658288120235,868.5658288120235,0.0,1.0
5027,2019-07-29 11:00:00,7,2019-07-29 12:00:00,0.10547,0.10547,0.10547,0.12,0.7857865667109565,770.8038164976109,-97.76201231441263,0.0,0.0,868.5658288120235,868.5658288120235,0.0,1.0
5028,2019-07-29 12:00:00,7,2019-07-29 13:00:00,0.10547,0.10547,0.10547,0.12,0.8982128808725309,780.0552904403113,-0.0,0.0,0.0,780.0552904403113,780.0552904403113,0.0,0.0
5029,2019-07-29 13:00:00,7,2019-07-29 14:00:00,0.10547,0.10547,0.10547,0.12,0.8982128808725309,591.9785952613374,-88.51053837171222,2.7286732681103346e-14,0.0,680.4891336330495,680.4891336330495,0.0,1.0
5030,2019-07-29 14:00:00,7,2019-07-29 15:00:00,0.12561,0.12561,0.12561,0.12,1.0,592.8074011898495,-0.0,0.0,0.0,592.8074011898495,592.8074011898495,0.0,1.0
5031,2019-07-29 15:00:00,7,2019-07-29 16:00:00,0.12561,0.12561,0.12561,0.12,1.0,630.507820192377,-0.0,0.0,0.0,630.507820192377,630.507820192377,0.0,1.0
5032,2019-07-29 16:00:00,7,2019-07-29 17:00:00,0.15111,0.15111,0.15111,0.12,1.0,595.1286964354722,-0.0,345.6042546498705,0.0,249.5244417856017,249.5244417856017,0.0,0.0
5033,2019-07-29 17:00:00,7,2019-07-29 18:00:00,0.15111,0.15111,0.15111,0.12,0.5304290018344151,390.3957453501295,-0.0,390.3957453501295,0.0,0.0,0.0,0.0,0.0
5034,2019-07-29 18:00:00,7,2019-07-29 19:00:00,0.15111,0.15111,0.15111,0.12,0.0,211.00402397152146,-0.0,0.0,0.0,211.00402397152146,211.00402397152146,0.0,0.0
5035,2019-07-29 19:00:00,7,2019-07-29 20:00:00,0.15111,0.15111,0.15111,0.12,0.0,244.11559787539647,-0.0,0.0,0.0,244.11559787539647,244.11559787539647,0.0,0.0
5036,2019-07-29 20:00:00,7,2019-07-29 21:00:00,0.15111,0.15111,0.15111,0.12,0.0,231.79141403049812,-0.0,0.0,0.0,231.79141403049812,231.79141403049812,0.0,0.0
5037,2019-07-29 21:00:00,7,2019-07-29 22:00:00,0.12561,0.12561,0.12561,0.12,0.0,212.84283913623653,-0.0,0.0,0.0,212.84283913623653,212.84283913623653,0.0,0.0
5038,2019-07-29 22:00:00,7,2019-07-29 23:00:00,0.12561,0.12561,0.12561,0.12,0.0,193.8956486062343,-0.0,0.0,0.0,193.8956486062343,193.8956486062343,0.0,1.0
5039,2019-07-29 23:00:00,7,2019-07-30 00:00:00,0.10547,0.10547,0.10547,0.12,0.0,184.4220532842623,-0.0,0.0,-2.0344848403449354e-14,184.4220532842623,184.42205328426232,0.0,1.0
5040,2019-07-30 00:00:00,7,2019-07-30 01:00:00,0.10547,0.10547,0.10547,0.12,0.0,184.42170690601773,-0.0,0.0,0.0,184.42170690601773,184.42170690601773,0.0,1.0
5041,2019-07-30 01:00:00,7,2019-07-30 02:00:00,0.10547,0.10547,0.10547,0.12,0.0,184.42170681998013,-0.0,0.0,0.0,184.42170681998013,184.42170681998013,0.0,0.0
5042,2019-07-30 02:00:00,7,2019-07-30 03:00:00,0.10547,0.10547,0.10547,0.12,0.0,184.421707213738,-0.0,0.0,0.0,184.421707213738,184.421707213738,0.0,0.0
5043,2019-07-30 03:00:00,7,2019-07-30 04:00:00,0.10547,0.10547,0.10547,0.12,0.0,193.89530258841768,-0.0,0.0,0.0,193.89530258841768,193.89530258841768,0.0,1.0
5044,2019-07-30 04:00:00,7,2019-07-30 05:00:00,0.10547,0.10547,0.10547,0.12,0.0,212.84353079283898,-0.0,0.0,0.0,212.84353079283898,212.84353079283898,0.0,0.0
5045,2019-07-30 05:00:00,7,2019-07-30 06:00:00,0.10547,0.10547,0.10547,0.12,0.0,217.62530079232548,-0.0,0.0,0.0,217.62530079232548,217.62530079232548,0.0,0.0
5046,2019-07-30 06:00:00,7,2019-07-30 07:00:00,0.10547,0.10547,0.10547,0.12,0.0,229.95017636668703,-263.3029095172529,0.0,0.0,493.2530858839399,493.2530858839399,0.0,1.0
5047,2019-07-30 07:00:00,7,2019-07-30 08:00:00,0.10547,0.10547,0.10547,0.12,0.30279834594484084,373.85353347041075,-0.0,0.0,0.0,373.85353347041075,373.85353347041075,0.0,0.0
5048,2019-07-30 08:00:00,7,2019-07-30 09:00:00,0.10547,0.10547,0.10547,0.12,0.30279834594484095,440.761267546715,-0.0,0.0,0.0,440.761267546715,440.761267546715,0.0,0.0
5049,2019-07-30 09:00:00,7,2019-07-30 10:00:00,0.10547,0.10547,0.10547,0.12,0.30279834594484095,445.43331000323695,-0.0,0.0,0.0,445.43331000323695,445.43331000323695,0.0,0.0
5050,2019-07-30 10:00:00,7,2019-07-30 11:00:00,0.10547,0.10547,0.10547,0.12,0.30279834594484095,370.62720942481644,-0.0,0.0,0.0,370.62720942481644,370.62720942481644,0.0,1.0
5051,2019-07-30 11:00:00,7,2019-07-30 12:00:00,0.10547,0.10547,0.10547,0.12,0.30279834594484095,273.82016220904114,-0.0,0.0,0.0,273.82016220904114,273.82016220904114,0.0,0.0
5052,2019-07-30 12:00:00,7,2019-07-30 13:00:00,0.10547,0.10547,0.10547,0.12,0.30279834594484095,199.10845699065058,-206.2623078740513,0.0,0.0,405.37076486470187,405.37076486470187,0.0,1.0
5053,2019-07-30 13:00:00,7,2019-07-30 14:00:00,0.10547,0.10547,0.10547,0.12,0.54,181.1354069031779,-400.0,0.0,0.0,581.1354069031779,581.1354069031779,0.0,1.0
5054,2019-07-30 14:00:00,7,2019-07-30 15:00:00,0.12561,0.12561,0.12561,0.12,1.0,452.7869025906519,-0.0,0.0,0.0,452.7869025906519,452.7869025906519,0.0,0.0
5055,2019-07-30 15:00:00,7,2019-07-30 16:00:00,0.12561,0.12561,0.12561,0.12,1.0,457.47770556039455,-0.0,0.0,0.0,457.47770556039455,457.47770556039455,0.0,0.0
5056,2019-07-30 16:00:00,7,2019-07-30 17:00:00,0.15111,0.15111,0.15111,0.12,1.0,519.5020268305403,-0.0,0.0,0.0,519.5020268305403,519.5020268305403,0.0,0.0
5057,2019-07-30 17:00:00,7,2019-07-30 18:00:00,0.15111,0.15111,0.15111,0.12,1.0,472.9835370001001,-0.0,91.88544082062269,0.0,381.0980961794774,381.0980961794774,0.0,0.0
5058,2019-07-30 18:00:00,7,2019-07-30 19:00:00,0.15111,0.15111,0.15111,0.12,0.8751556510589366,404.05064951642174,-0.0,400.0,0.0,4.050649516421743,4.050649516421743,0.0,0.0
5059,2019-07-30 19:00:00,7,2019-07-30 20:00:00,0.15111,0.15111,0.15111,0.12,0.3316773901893714,244.11455917937735,-0.0,244.11455917937735,0.0,0.0,0.0,0.0,0.0
5060,2019-07-30 20:00:00,7,2019-07-30 21:00:00,0.15111,0.15111,0.15111,0.12,0.0,231.79072194913326,-0.0,0.0,0.0,231.79072194913326,231.79072194913326,0.0,0.0
5061,2019-07-30 21:00:00,7,2019-07-30 22:00:00,0.12561,0.12561,0.12561,0.12,0.0,212.84249283472826,-0.0,0.0,0.0,212.84249283472826,212.84249283472826,0.0,0.0
5062,2019-07-30 22:00:00,7,2019-07-30 23:00:00,0.12561,0.12561,0.12561,0.12,0.0,193.89530262949876,-0.0,0.0,0.0,193.89530262949876,193.89530262949876,0.0,0.0
5063,2019-07-30 23:00:00,7,2019-07-31 00:00:00,0.10547,0.10547,0.10547,0.12,0.0,184.4217073834879,-0.0,0.0,0.0,184.4217073834879,184.4217073834879,0.0,0.0
5064,2019-07-31 00:00:00,7,2019-07-31 01:00:00,0.10547,0.10547,0.10547,0.12,0.0,223.05429290379897,-0.0,0.0,0.0,223.05429290379897,223.05429290379897,0.0,0.0
5065,2019-07-31 01:00:00,7,2019-07-31 02:00:00,0.10547,0.10547,0.10547,0.12,0.0,223.05429289682297,-0.0,0.0,0.0,223.05429289682297,223.05429289682297,0.0,0.0
5066,2019-07-31 02:00:00,7,2019-07-31 03:00:00,0.10547,0.10547,0.10547,0.12,0.0,223.05429275032645,-0.0,0.0,0.0,223.05429275032645,223.05429275032645,0.0,0.0
5067,2019-07-31 03:00:00,7,2019-07-31 04:00:00,0.10547,0.10547,0.10547,0.12,0.0,232.52788803896854,-0.0,0.0,0.0,232.52788803896854,232.52788803896854,0.0,0.0
5068,2019-07-31 04:00:00,7,2019-07-31 05:00:00,0.10547,0.10547,0.10547,0.12,0.0,270.7922365984508,-400.0,0.0,0.0,670.7922365984508,670.7922365984508,0.0,1.0
5069,2019-07-31 05:00:00,7,2019-07-31 06:00:00,0.10547,0.10547,0.10547,0.12,0.46,576.8117226783298,-400.0,0.0,0.0,976.8117226783298,976.8117226783298,0.0,1.0
5070,2019-07-31 06:00:00,7,2019-07-31 07:00:00,0.10547,0.10547,0.10547,0.12,0.92,663.4514544436602,-69.56521739130434,0.0,0.0,733.0166718349645,733.0166718349645,0.0,1.0
5071,2019-07-31 07:00:00,7,2019-07-31 08:00:00,0.10547,0.10547,0.10547,0.12,1.0,1098.9243750003907,-0.0,86.35003129443157,0.0,1012.5743437059591,1012.5743437059591,0.0,0.0
5072,2019-07-31 08:00:00,7,2019-07-31 09:00:00,0.10547,0.10547,0.10547,0.12,0.8826765879151744,1076.3303342662114,-0.0,63.75599056025226,0.0,1012.5743437059591,1012.5743437059591,0.0,0.0
5073,2019-07-31 09:00:00,7,2019-07-31 10:00:00,0.10547,0.10547,0.10547,0.12,0.7960516007409187,1045.7966789915768,-0.0,33.222335285617646,0.0,1012.5743437059591,1012.5743437059591,0.0,0.0
5074,2019-07-31 10:00:00,7,2019-07-31 11:00:00,0.10547,0.10547,0.10547,0.12,0.7509125582332861,1051.3216985669158,-0.0,38.74735486095665,0.0,1012.5743437059591,1012.5743437059591,0.0,0.0
5075,2019-07-31 11:00:00,7,2019-07-31 12:00:00,0.10547,0.10547,0.10547,0.12,0.6982666956504646,1016.8473179464091,-0.0,4.272974240450026,0.0,1012.5743437059591,1012.5743437059591,0.0,0.0
5076,2019-07-31 12:00:00,7,2019-07-31 13:00:00,0.10547,0.10547,0.10547,0.12,0.6924610241281139,1059.837450510441,-0.0,47.26310680448182,0.0,1012.5743437059591,1012.5743437059591,0.0,0.0
5077,2019-07-31 13:00:00,7,2019-07-31 14:00:00,0.10547,0.10547,0.10547,0.12,0.6282448464046333,1065.573116385254,-0.0,52.998772679294916,0.0,1012.5743437059591,1012.5743437059591,0.0,0.0
5078,2019-07-31 14:00:00,7,2019-07-31 15:00:00,0.12561,0.12561,0.12561,0.12,0.5562356443947217,1071.0678855520482,-0.0,58.4935418460891,0.0,1012.5743437059591,1012.5743437059591,0.0,0.0
5079,2019-07-31 15:00:00,7,2019-07-31 16:00:00,0.12561,0.12561,0.12561,0.12,0.47676072340818754,1113.9361035682628,-0.0,101.36175986230364,0.0,1012.5743437059591,1012.5743437059591,0.0,0.0
5080,2019-07-31 16:00:00,7,2019-07-31 17:00:00,0.15111,0.15111,0.15111,0.12,0.33904094098657933,1023.2430303568452,-0.0,10.668686650886116,0.0,1012.5743437059591,1012.5743437059591,0.0,0.0
5081,2019-07-31 17:00:00,7,2019-07-31 18:00:00,0.15111,0.15111,0.15111,0.12,0.32454544281961456,856.9856215631702,-0.0,238.8654459152363,0.0,618.1201756479338,618.1201756479338,0.0,0.0
5082,2019-07-31 18:00:00,7,2019-07-31 19:00:00,0.15111,0.15111,0.15111,0.12,0.0,828.6865270153615,-0.0,0.0,0.0,828.6865270153615,828.6865270153615,0.0,0.0
5083,2019-07-31 19:00:00,7,2019-07-31 20:00:00,0.15111,0.15111,0.15111,0.12,0.0,739.1294188046792,-0.0,0.0,0.0,739.1294188046792,739.1294188046792,0.0,0.0
5084,2019-07-31 20:00:00,7,2019-07-31 21:00:00,0.15111,0.15111,0.15111,0.12,0.0,722.7534276842146,-0.0,0.0,0.0,722.7534276842146,722.7534276842146,0.0,0.0
5085,2019-07-31 21:00:00,7,2019-07-31 22:00:00,0.12561,0.12561,0.12561,0.12,0.0,270.7911984597385,-0.0,0.0,0.0,270.7911984597385,270.7911984597385,0.0,0.0
5086,2019-07-31 22:00:00,7,2019-07-31 23:00:00,0.12561,0.12561,0.12561,0.12,0.0,232.52788801726535,-0.0,0.0,0.0,232.52788801726535,232.52788801726535,0.0,0.0
5087,2019-07-31 23:00:00,7,2019-08-01 00:00:00,0.10547,0.10547,0.10547,0.12,0.0,223.0542927875319,-0.0,0.0,0.0,223.0542927875319,223.0542927875319,0.0,0.0
5088,2019-08-01 00:00:00,8,2019-08-01 01:00:00,0.10547,0.10547,0.10547,0.12,0.0,223.0542927045947,-145.12882138447054,0.0,0.0,368.18311408906527,368.18311408906527,0.0,1.0
5089,2019-08-01 01:00:00,8,2019-08-01 02:00:00,0.10547,0.10547,0.10547,0.12,0.1668981445921411,223.05429272319745,-0.0,0.0,0.0,223.05429272319745,223.05429272319745,0.0,0.0
5090,2019-08-01 02:00:00,8,2019-08-01 03:00:00,0.10547,0.10547,0.10547,0.12,0.1668981445921411,223.0542927480011,-0.0,0.0,0.0,223.0542927480011,223.0542927480011,0.0,0.0
5091,2019-08-01 03:00:00,8,2019-08-01 04:00:00,0.10547,0.10547,0.10547,0.12,0.1668981445921411,232.52788801726535,-0.0,0.0,0.0,232.52788801726535,232.52788801726535,0.0,0.0
5092,2019-08-01 04:00:00,8,2019-08-01 05:00:00,0.10547,0.10547,0.10547,0.12,0.1668981445921411,270.79223604346925,-0.0,0.0,0.0,270.79223604346925,270.79223604346925,0.0,0.0
5093,2019-08-01 05:00:00,8,2019-08-01 06:00:00,0.10547,0.10547,0.10547,0.12,0.1668981445921411,576.7872468186589,-400.0,0.0,0.0,976.7872468186589,976.7872468186589,0.0,1.0
5094,2019-08-01 06:00:00,8,2019-08-01 07:00:00,0.10547,0.10547,0.10547,0.12,0.6268981445921411,680.7889974400985,-324.4363960068338,0.0,0.0,1005.2253934469322,1005.2253934469322,0.0,1.0
5095,2019-08-01 07:00:00,8,2019-08-01 08:00:00,0.10547,0.10547,0.10547,0.12,1.0,1109.4999761240326,-0.0,104.27458267710041,0.0,1005.2253934469322,1005.2253934469322,0.0,0.0
5096,2019-08-01 08:00:00,8,2019-08-01 09:00:00,0.10547,0.10547,0.10547,0.12,0.8583225778843745,1086.324954912424,-0.0,81.09956146549166,0.0,1005.2253934469322,1005.2253934469322,0.0,0.0
5097,2019-08-01 09:00:00,8,2019-08-01 10:00:00,0.10547,0.10547,0.10547,0.12,0.7481329563280008,1056.0538714911108,-0.0,50.82847804417861,0.0,1005.2253934469322,1005.2253934469322,0.0,0.0
5098,2019-08-01 10:00:00,8,2019-08-01 11:00:00,0.10547,0.10547,0.10547,0.12,0.6790725242027582,1067.8881947493094,-0.0,62.66280130237715,0.0,1005.2253934469322,1005.2253934469322,0.0,0.0
5099,2019-08-01 11:00:00,8,2019-08-01 12:00:00,0.10547,0.10547,0.10547,0.12,0.5939328485201807,1039.5740705803973,-0.0,34.34867713346512,0.0,1005.2253934469322,1005.2253934469322,0.0,0.0
5100,2019-08-01 12:00:00,8,2019-08-01 13:00:00,0.10547,0.10547,0.10547,0.12,0.5472634502410161,1085.8736053578552,-0.0,80.648211910923,0.0,1005.2253934469322,1005.2253934469322,0.0,0.0
5101,2019-08-01 13:00:00,8,2019-08-01 14:00:00,0.10547,0.10547,0.10547,0.12,0.4376870753620446,1089.3647981091303,-0.0,84.1394046621981,0.0,1005.2253934469322,1005.2253934469322,0.0,0.0
5102,2019-08-01 14:00:00,8,2019-08-01 15:00:00,0.12561,0.12561,0.12561,0.12,0.3233672320710146,1092.1503087736467,-0.0,86.92491532671443,0.0,1005.2253934469322,1005.2253934469322,0.0,0.0
5103,2019-08-01 15:00:00,8,2019-08-01 16:00:00,0.12561,0.12561,0.12561,0.12,0.20526272755102223,1129.057898176761,-0.0,123.83250472982877,0.0,1005.2253934469322,1005.2253934469322,0.0,0.0
5104,2019-08-01 16:00:00,8,2019-08-01 17:00:00,0.15111,0.15111,0.15111,0.12,0.03701204177679846,1032.466256194656,-0.0,27.240862747723668,0.0,1005.2253934469322,1005.2253934469322,0.0,0.0
5105,2019-08-01 17:00:00,8,2019-08-01 18:00:00,0.15111,0.15111,0.15111,0.12,0.0,865.6650838619626,-0.0,0.0,0.0,865.6650838619626,865.6650838619626,0.0,0.0
5106,2019-08-01 18:00:00,8,2019-08-01 19:00:00,0.15111,0.15111,0.15111,0.12,0.0,834.6492277946822,-0.0,0.0,0.0,834.6492277946822,834.6492277946822,0.0,0.0
5107,2019-08-01 19:00:00,8,2019-08-01 20:00:00,0.15111,0.15111,0.15111,0.12,0.0,744.5124702987921,0.0,0.0,0.0,744.5124702987921,744.5124702987921,0.0,0.0
5108,2019-08-01 20:00:00,8,2019-08-01 21:00:00,0.15111,0.15111,0.15111,0.12,0.0,728.2992321059415,-0.0,0.0,0.0,728.2992321059415,728.2992321059415,0.0,0.0
5109,2019-08-01 21:00:00,8,2019-08-01 22:00:00,0.12561,0.12561,0.12561,0.12,0.0,270.7911984124566,-0.0,0.0,0.0,270.7911984124566,270.7911984124566,0.0,0.0
5110,2019-08-01 22:00:00,8,2019-08-01 23:00:00,0.12561,0.12561,0.12561,0.12,0.0,232.52788783821404,-0.0,0.0,0.0,232.52788783821404,232.52788783821404,0.0,0.0
5111,2019-08-01 23:00:00,8,2019-08-02 00:00:00,0.10547,0.10547,0.10547,0.12,0.0,223.0542925526724,-0.0,0.0,0.0,223.0542925526724,223.0542925526724,0.0,0.0
5112,2019-08-02 00:00:00,8,2019-08-02 01:00:00,0.10547,0.10547,0.10547,0.12,0.0,223.05429242710395,-0.0,0.0,0.0,223.05429242710395,223.05429242710395,0.0,0.0
5113,2019-08-02 01:00:00,8,2019-08-02 02:00:00,0.10547,0.10547,0.10547,0.12,0.0,223.05429242555368,-0.0,0.0,0.0,223.05429242555368,223.05429242555368,0.0,0.0
5114,2019-08-02 02:00:00,8,2019-08-02 03:00:00,0.10547,0.10547,0.10547,0.12,0.0,223.05429254104567,-0.0,0.0,0.0,223.05429254104567,223.05429254104567,0.0,0.0
5115,2019-08-02 03:00:00,8,2019-08-02 04:00:00,0.10547,0.10547,0.10547,0.12,0.0,232.52788782658732,-97.59940081592808,0.0,0.0,330.1272886425154,330.1272886425154,0.0,1.0
5116,2019-08-02 04:00:00,8,2019-08-02 05:00:00,0.10547,0.10547,0.10547,0.12,0.11223931093831731,270.7922364883846,-0.0,0.0,0.0,270.7922364883846,270.7922364883846,0.0,0.0
5117,2019-08-02 05:00:00,8,2019-08-02 06:00:00,0.10547,0.10547,0.10547,0.12,0.11223931093831731,469.97697231216745,-400.0,0.0,0.0,869.9769723121674,869.9769723121674,0.0,1.0
5118,2019-08-02 06:00:00,8,2019-08-02 07:00:00,0.10547,0.10547,0.10547,0.12,0.5722393109383173,646.0982172736987,-371.96581657537627,0.0,0.0,1018.0640338490749,1018.0640338490749,0.0,1.0
5119,2019-08-02 07:00:00,8,2019-08-02 08:00:00,0.10547,0.10547,0.10547,0.12,1.0,1135.26215711529,-0.0,117.19812326621508,0.0,1018.0640338490748,1018.0640338490748,0.0,0.0
5120,2019-08-02 08:00:00,8,2019-08-02 09:00:00,0.10547,0.10547,0.10547,0.12,0.8407634194752512,1136.0945176075863,-0.0,118.03048375851137,0.0,1018.064033849075,1018.064033849075,0.0,0.0
5121,2019-08-02 09:00:00,8,2019-08-02 10:00:00,0.10547,0.10547,0.10547,0.12,0.6803959143685785,1090.2852892522617,-0.0,72.22125540318672,0.0,1018.064033849075,1018.064033849075,0.0,0.0
5122,2019-08-02 10:00:00,8,2019-08-02 11:00:00,0.10547,0.10547,0.10547,0.12,0.5822692086577274,1087.285865322745,-0.0,69.22183147366997,0.0,1018.064033849075,1018.064033849075,0.0,0.0
5123,2019-08-02 11:00:00,8,2019-08-02 12:00:00,0.10547,0.10547,0.10547,0.12,0.48821780719893665,1054.1218318557337,-0.0,36.05779800665874,0.0,1018.064033849075,1018.064033849075,0.0,0.0
5124,2019-08-02 12:00:00,8,2019-08-02 13:00:00,0.10547,0.10547,0.10547,0.12,0.4392262338203247,1083.8540404976,-0.0,65.79000664852498,0.0,1018.064033849075,1018.064033849075,0.0,0.0
5125,2019-08-02 13:00:00,8,2019-08-02 14:00:00,0.10547,0.10547,0.10547,0.12,0.349837637830481,1082.9511318364225,-0.0,64.88709798734754,0.0,1018.064033849075,1018.064033849075,0.0,0.0
5126,2019-08-02 14:00:00,8,2019-08-02 15:00:00,0.12561,0.12561,0.12561,0.12,0.26167581991288924,1082.551349795093,-0.0,64.4873159460181,0.0,1018.064033849075,1018.064033849075,0.0,0.0
5127,2019-08-02 15:00:00,8,2019-08-02 16:00:00,0.12561,0.12561,0.12561,0.12,0.17405718411666904,1120.4212133361555,-0.0,102.35717948708049,0.0,1018.064033849075,1018.064033849075,0.0,0.0
5128,2019-08-02 16:00:00,8,2019-08-02 17:00:00,0.15111,0.15111,0.15111,0.12,0.03498492937878795,1043.812941871863,-0.0,25.74890802278793,0.0,1018.064033849075,1018.064033849075,0.0,0.0
5129,2019-08-02 17:00:00,8,2019-08-02 18:00:00,0.15111,0.15111,0.15111,0.12,0.0,900.1182559557285,-0.0,0.0,0.0,900.1182559557285,900.1182559557285,0.0,0.0
5130,2019-08-02 18:00:00,8,2019-08-02 19:00:00,0.15111,0.15111,0.15111,0.12,0.0,856.6758238342908,-0.0,0.0,0.0,856.6758238342908,856.6758238342908,0.0,0.0
5131,2019-08-02 19:00:00,8,2019-08-02 20:00:00,0.15111,0.15111,0.15111,0.12,0.0,749.7122915135595,-0.0,0.0,0.0,749.7122915135595,749.7122915135595,0.0,0.0
5132,2019-08-02 20:00:00,8,2019-08-02 21:00:00,0.15111,0.15111,0.15111,0.12,0.0,727.4702067481128,-0.0,0.0,0.0,727.4702067481128,727.4702067481128,0.0,0.0
5133,2019-08-02 21:00:00,8,2019-08-02 22:00:00,0.12561,0.12561,0.12561,0.12,0.0,270.79119850236975,-0.0,0.0,0.0,270.79119850236975,270.79119850236975,0.0,0.0
5134,2019-08-02 22:00:00,8,2019-08-02 23:00:00,0.12561,0.12561,0.12561,0.12,0.0,232.52788796998342,-0.0,0.0,0.0,232.52788796998342,232.52788796998342,0.0,0.0
5135,2019-08-02 23:00:00,8,2019-08-03 00:00:00,0.10547,0.10547,0.10547,0.12,0.0,223.05429267281505,-0.0,0.0,0.0,223.05429267281505,223.05429267281505,0.0,0.0
5136,2019-08-03 00:00:00,8,2019-08-03 01:00:00,0.10547,0.10547,0.10547,0.12,0.0,223.05429252321807,-144.82403649694479,0.0,0.0,367.8783290201628,367.8783290201628,0.0,1.0
5137,2019-08-03 01:00:00,8,2019-08-03 02:00:00,0.10547,0.10547,0.10547,0.12,0.16654764197148653,223.0542924867877,-0.0,0.0,0.0,223.0542924867877,223.0542924867877,0.0,0.0
5138,2019-08-03 02:00:00,8,2019-08-03 03:00:00,0.10547,0.10547,0.10547,0.12,0.16654764197148653,223.05429241702748,-0.0,0.0,0.0,223.05429241702748,223.05429241702748,0.0,0.0
5139,2019-08-03 03:00:00,8,2019-08-03 04:00:00,0.10547,0.10547,0.10547,0.12,0.16654764197148653,232.52788763900978,-0.0,0.0,0.0,232.52788763900978,232.52788763900978,0.0,0.0
5140,2019-08-03 04:00:00,8,2019-08-03 05:00:00,0.10547,0.10547,0.10547,0.12,0.16654764197148653,270.79223597835966,-0.0,0.0,0.0,270.79223597835966,270.79223597835966,0.0,0.0
5141,2019-08-03 05:00:00,8,2019-08-03 06:00:00,0.10547,0.10547,0.10547,0.12,0.16654764197148653,543.6236276771508,-400.0,0.0,0.0,943.6236276771508,943.6236276771508,0.0,1.0
5142,2019-08-03 06:00:00,8,2019-08-03 07:00:00,0.10547,0.10547,0.10547,0.12,0.6265476419714865,693.3228529547155,-324.74118089435956,0.0,0.0,1018.064033849075,1018.064033849075,0.0,1.0
5143,2019-08-03 07:00:00,8,2019-08-03 08:00:00,0.10547,0.10547,0.10547,0.12,1.0,1155.028222368954,-0.0,136.96418851987892,0.0,1018.064033849075,1018.064033849075,0.0,0.0
5144,2019-08-03 08:00:00,8,2019-08-03 09:00:00,0.10547,0.10547,0.10547,0.12,0.8139073525545123,1115.9588212042656,-0.0,97.8947873551906,0.0,1018.064033849075,1018.064033849075,0.0,0.0
5145,2019-08-03 09:00:00,8,2019-08-03 10:00:00,0.10547,0.10547,0.10547,0.12,0.6808981306045251,1071.3047122222931,-0.0,53.24067837321809,0.0,1018.064033849075,1018.064033849075,0.0,0.0
5146,2019-08-03 10:00:00,8,2019-08-03 11:00:00,0.10547,0.10547,0.10547,0.12,0.6085602523800441,1074.3524948718205,-0.0,56.28846102274542,0.0,1018.064033849075,1018.064033849075,0.0,0.0
5147,2019-08-03 11:00:00,8,2019-08-03 12:00:00,0.10547,0.10547,0.10547,0.12,0.5320813651208791,1048.96179008807,-0.0,30.897756238995044,0.0,1018.064033849075,1018.064033849075,0.0,0.0
5148,2019-08-03 12:00:00,8,2019-08-03 13:00:00,0.10547,0.10547,0.10547,0.12,0.49010071805702715,1083.6386721578003,-0.0,65.5746383087253,0.0,1018.064033849075,1018.064033849075,0.0,0.0
5149,2019-08-03 13:00:00,8,2019-08-03 14:00:00,0.10547,0.10547,0.10547,0.12,0.40100474209408515,1081.6860691849824,-0.0,63.62203533590741,0.0,1018.064033849075,1018.064033849075,0.0,0.0
5150,2019-08-03 14:00:00,8,2019-08-03 15:00:00,0.12561,0.12561,0.12561,0.12,0.3145617593007327,1081.1579635433818,-0.0,63.09392969430678,0.0,1018.064033849075,1018.064033849075,0.0,0.0
5151,2019-08-03 15:00:00,8,2019-08-03 16:00:00,0.12561,0.12561,0.12561,0.12,0.22883631134651153,1118.519521254347,-0.0,100.45548740527192,0.0,1018.064033849075,1018.064033849075,0.0,0.0
5152,2019-08-03 16:00:00,8,2019-08-03 17:00:00,0.15111,0.15111,0.15111,0.12,0.0923478773719573,1037.8150093138177,-0.0,67.96803774576057,0.0,969.8469715680571,969.8469715680571,0.0,0.0
5153,2019-08-03 17:00:00,8,2019-08-03 18:00:00,0.15111,0.15111,0.15111,0.12,0.0,899.3644474815962,-0.0,0.0,0.0,899.3644474815962,899.3644474815962,0.0,0.0
5154,2019-08-03 18:00:00,8,2019-08-03 19:00:00,0.15111,0.15111,0.15111,0.12,0.0,850.008136842208,-0.0,0.0,0.0,850.008136842208,850.008136842208,0.0,0.0
5155,2019-08-03 19:00:00,8,2019-08-03 20:00:00,0.15111,0.15111,0.15111,0.12,0.0,749.6024227952267,-0.0,0.0,0.0,749.6024227952267,749.6024227952267,0.0,0.0
5156,2019-08-03 20:00:00,8,2019-08-03 21:00:00,0.15111,0.15111,0.15111,0.12,0.0,728.2262107083102,-0.0,0.0,0.0,728.2262107083102,728.2262107083102,0.0,0.0
5157,2019-08-03 21:00:00,8,2019-08-03 22:00:00,0.12561,0.12561,0.12561,0.12,0.0,270.7911981117124,-0.0,0.0,0.0,270.7911981117124,270.7911981117124,0.0,0.0
5158,2019-08-03 22:00:00,8,2019-08-03 23:00:00,0.12561,0.12561,0.12561,0.12,0.0,232.5278876692392,-0.0,0.0,0.0,232.5278876692392,232.5278876692392,0.0,0.0
5159,2019-08-03 23:00:00,8,2019-08-04 00:00:00,0.10547,0.10547,0.10547,0.12,0.0,223.05429242865415,-0.0,0.0,0.0,223.05429242865415,223.05429242865415,0.0,0.0
5160,2019-08-04 00:00:00,8,2019-08-04 01:00:00,0.10547,0.10547,0.10547,0.12,0.0,223.05429239997494,-69.56521739130434,0.0,0.0,292.61950979127926,292.61950979127926,0.0,1.0
5161,2019-08-04 01:00:00,8,2019-08-04 02:00:00,0.10547,0.10547,0.10547,0.12,0.08,223.05429241005143,-0.0,0.0,0.0,223.05429241005143,223.05429241005143,0.0,0.0
5162,2019-08-04 02:00:00,8,2019-08-04 03:00:00,0.10547,0.10547,0.10547,0.12,0.08,223.05429243950576,-0.0,0.0,0.0,223.05429243950576,223.05429243950576,0.0,0.0
5163,2019-08-04 03:00:00,8,2019-08-04 04:00:00,0.10547,0.10547,0.10547,0.12,0.08,232.52788770256913,-0.0,0.0,0.0,232.52788770256913,232.52788770256913,0.0,0.0
5164,2019-08-04 04:00:00,8,2019-08-04 05:00:00,0.10547,0.10547,0.10547,0.12,0.08,270.7922355396452,-0.0,0.0,0.0,270.7922355396452,270.7922355396452,0.0,0.0
5165,2019-08-04 05:00:00,8,2019-08-04 06:00:00,0.10547,0.10547,0.10547,0.12,0.08,391.80344889637934,-400.0,0.0,0.0,791.8034488963793,791.8034488963793,0.0,1.0
5166,2019-08-04 06:00:00,8,2019-08-04 07:00:00,0.10547,0.10547,0.10547,0.12,0.54,531.7444263664682,-400.0,0.0,0.0,931.7444263664682,931.7444263664682,0.0,1.0
5167,2019-08-04 07:00:00,8,2019-08-04 08:00:00,0.10547,0.10547,0.10547,0.12,1.0,1103.7480634745257,-0.0,81.26284699013684,0.0,1022.4852164843888,1022.4852164843888,0.0,0.0
5168,2019-08-04 08:00:00,8,2019-08-04 09:00:00,0.10547,0.10547,0.10547,0.12,0.8895885231112272,1112.1777316182167,-0.0,89.6925151338279,0.0,1022.4852164843888,1022.4852164843888,0.0,0.0
5169,2019-08-04 09:00:00,8,2019-08-04 10:00:00,0.10547,0.10547,0.10547,0.12,0.7677236927663523,1099.6248868372174,-0.0,77.1396703528286,0.0,1022.4852164843888,1022.4852164843888,0.0,0.0
5170,2019-08-04 10:00:00,8,2019-08-04 11:00:00,0.10547,0.10547,0.10547,0.12,0.6629143580478353,1104.9397279950797,-0.0,82.45451151069085,0.0,1022.4852164843888,1022.4852164843888,0.0,0.0
5171,2019-08-04 11:00:00,8,2019-08-04 12:00:00,0.10547,0.10547,0.10547,0.12,0.5508837717561363,1063.7348627324188,-0.0,41.24964624802999,0.0,1022.4852164843888,1022.4852164843888,0.0,0.0
5172,2019-08-04 12:00:00,8,2019-08-04 13:00:00,0.10547,0.10547,0.10547,0.12,0.49483805674522613,1087.4734290948754,-0.0,64.98821261048653,0.0,1022.485216484389,1022.485216484389,0.0,0.0
5173,2019-08-04 13:00:00,8,2019-08-04 14:00:00,0.10547,0.10547,0.10547,0.12,0.40653885482880425,1095.9735937151024,-0.0,73.48837723071352,0.0,1022.485216484389,1022.485216484389,0.0,0.0
5174,2019-08-04 14:00:00,8,2019-08-04 15:00:00,0.12561,0.12561,0.12561,0.12,0.3066905162001173,1106.0718559789789,-0.0,83.58663949458997,0.0,1022.485216484389,1022.485216484389,0.0,0.0
5175,2019-08-04 15:00:00,8,2019-08-04 16:00:00,0.12561,0.12561,0.12561,0.12,0.19312171253898963,1145.2300042813345,-0.0,122.74478779694556,0.0,1022.485216484389,1022.485216484389,0.0,0.0
5176,2019-08-04 16:00:00,8,2019-08-04 17:00:00,0.15111,0.15111,0.15111,0.12,0.026348903032270193,1041.8780091161398,-0.0,19.392792631750865,0.0,1022.485216484389,1022.485216484389,0.0,0.0
5177,2019-08-04 17:00:00,8,2019-08-04 18:00:00,0.15111,0.15111,0.15111,0.12,0.0,868.5246408386042,-0.0,0.0,0.0,868.5246408386042,868.5246408386042,0.0,0.0
5178,2019-08-04 18:00:00,8,2019-08-04 19:00:00,0.15111,0.15111,0.15111,0.12,0.0,831.2375377930152,-0.0,0.0,0.0,831.2375377930152,831.2375377930152,0.0,0.0
5179,2019-08-04 19:00:00,8,2019-08-04 20:00:00,0.15111,0.15111,0.15111,0.12,0.0,736.1399926793486,-0.0,0.0,0.0,736.1399926793486,736.1399926793486,0.0,0.0
5180,2019-08-04 20:00:00,8,2019-08-04 21:00:00,0.15111,0.15111,0.15111,0.12,0.0,717.5555779274451,-0.0,0.0,0.0,717.5555779274451,717.5555779274451,0.0,0.0
5181,2019-08-04 21:00:00,8,2019-08-04 22:00:00,0.12561,0.12561,0.12561,0.12,0.0,270.79119810008575,-0.0,0.0,0.0,270.79119810008575,270.79119810008575,0.0,0.0
5182,2019-08-04 22:00:00,8,2019-08-04 23:00:00,0.12561,0.12561,0.12561,0.12,0.0,232.5278875281685,-0.0,0.0,0.0,232.5278875281685,232.5278875281685,0.0,0.0
5183,2019-08-04 23:00:00,8,2019-08-05 00:00:00,0.10547,0.10547,0.10547,0.12,0.0,223.05429225580377,-0.0,0.0,0.0,223.05429225580377,223.05429225580377,0.0,0.0
5184,2019-08-05 00:00:00,8,2019-08-05 01:00:00,0.10547,0.10547,0.10547,0.12,0.0,184.42205232622152,-0.0,0.0,0.0,184.42205232622152,184.42205232622152,0.0,1.0
5185,2019-08-05 01:00:00,8,2019-08-05 02:00:00,0.10547,0.10547,0.10547,0.12,0.0,184.4220523649772,-0.0,0.0,0.0,184.4220523649772,184.4220523649772,0.0,1.0
5186,2019-08-05 02:00:00,8,2019-08-05 03:00:00,0.10547,0.10547,0.10547,0.12,0.0,184.42205245178997,-0.0,0.0,0.0,184.42205245178997,184.42205245178997,0.0,1.0
5187,2019-08-05 03:00:00,8,2019-08-05 04:00:00,0.10547,0.10547,0.10547,0.12,0.0,193.89564775050852,-400.0,0.0,0.0,593.8956477505085,593.8956477505085,0.0,1.0
5188,2019-08-05 04:00:00,8,2019-08-05 05:00:00,0.10547,0.10547,0.10547,0.12,0.46,212.8438762393966,-0.0,0.0,0.0,212.8438762393966,212.8438762393966,0.0,0.0
5189,2019-08-05 05:00:00,8,2019-08-05 06:00:00,0.10547,0.10547,0.10547,0.12,0.46,455.90618824473273,-0.0,0.0,0.0,455.90618824473273,455.90618824473273,0.0,1.0
5190,2019-08-05 06:00:00,8,2019-08-05 07:00:00,0.10547,0.10547,0.10547,0.12,0.46,519.4238941342637,-0.0,0.0,0.0,519.4238941342637,519.4238941342637,0.0,1.0
5191,2019-08-05 07:00:00,8,2019-08-05 08:00:00,0.10547,0.10547,0.10547,0.12,0.46,788.0922387913531,-72.01963962999474,0.0,0.0,860.1118784213479,860.1118784213479,0.0,1.0
5192,2019-08-05 08:00:00,8,2019-08-05 09:00:00,0.10547,0.10547,0.10547,0.12,0.5428225855744939,770.277032649976,-0.0,0.0,0.0,770.277032649976,770.277032649976,0.0,0.0
5193,2019-08-05 09:00:00,8,2019-08-05 10:00:00,0.10547,0.10547,0.10547,0.12,0.5428225855744939,740.6645718250368,-0.0,0.0,0.0,740.6645718250368,740.6645718250368,0.0,1.0
5194,2019-08-05 10:00:00,8,2019-08-05 11:00:00,0.10547,0.10547,0.10547,0.12,0.5428225855744939,741.7657469813322,-0.0,0.0,0.0,741.7657469813322,741.7657469813322,0.0,0.0
5195,2019-08-05 11:00:00,8,2019-08-05 12:00:00,0.10547,0.10547,0.10547,0.12,0.5428225855744939,746.9894782024779,-0.0,0.0,0.0,746.9894782024779,746.9894782024779,0.0,0.0
5196,2019-08-05 12:00:00,8,2019-08-05 13:00:00,0.10547,0.10547,0.10547,0.12,0.5428225855744939,758.339530155128,-101.77234826622,2.842170943040401e-14,0.0,860.111878421348,860.111878421348,0.0,1.0
5197,2019-08-05 13:00:00,8,2019-08-05 14:00:00,0.10547,0.10547,0.10547,0.12,0.659860786080647,564.3386489262581,-295.77322949509005,0.0,0.0,860.111878421348,860.111878421348,0.0,1.0
5198,2019-08-05 14:00:00,8,2019-08-05 15:00:00,0.12561,0.12561,0.12561,0.12,1.0,554.6605298596695,-0.0,-5.684341886080802e-14,0.0,554.6605298596694,554.6605298596694,0.0,1.0
5199,2019-08-05 15:00:00,8,2019-08-05 16:00:00,0.12561,0.12561,0.12561,0.12,1.0,587.238885178507,-0.0,0.0,0.0,587.238885178507,587.238885178507,0.0,1.0
5200,2019-08-05 16:00:00,8,2019-08-05 17:00:00,0.15111,0.15111,0.15111,0.12,1.0,553.1634093432565,-0.0,400.0,0.0,153.1634093432565,153.1634093432565,0.0,0.0
5201,2019-08-05 17:00:00,8,2019-08-05 18:00:00,0.15111,0.15111,0.15111,0.12,0.4565217391304348,360.4293946697803,-0.0,336.00000000000006,0.0,24.429394669780265,24.429394669780265,0.0,0.0
5202,2019-08-05 18:00:00,8,2019-08-05 19:00:00,0.15111,0.15111,0.15111,0.12,0.0,211.0040227530424,-0.0,0.0,0.0,211.0040227530424,211.0040227530424,0.0,0.0
5203,2019-08-05 19:00:00,8,2019-08-05 20:00:00,0.15111,0.15111,0.15111,0.12,0.0,244.11559620115048,-0.0,0.0,0.0,244.11559620115048,244.11559620115048,0.0,0.0
5204,2019-08-05 20:00:00,8,2019-08-05 21:00:00,0.15111,0.15111,0.15111,0.12,0.0,231.79141301277355,-0.0,0.0,0.0,231.79141301277355,231.79141301277355,0.0,0.0
5205,2019-08-05 21:00:00,8,2019-08-05 22:00:00,0.12561,0.12561,0.12561,0.12,0.0,212.84283826810895,-0.0,0.0,0.0,212.84283826810895,212.84283826810895,0.0,0.0
5206,2019-08-05 22:00:00,8,2019-08-05 23:00:00,0.12561,0.12561,0.12561,0.12,0.0,193.89564761021293,-0.0,0.0,0.0,193.89564761021293,193.89564761021293,0.0,1.0
5207,2019-08-05 23:00:00,8,2019-08-06 00:00:00,0.10547,0.10547,0.10547,0.12,0.0,184.42205231149435,-0.0,0.0,0.0,184.42205231149435,184.42205231149435,0.0,1.0
5208,2019-08-06 00:00:00,8,2019-08-06 01:00:00,0.10547,0.10547,0.10547,0.12,0.0,184.42170628670175,-0.0,0.0,0.0,184.42170628670175,184.42170628670175,0.0,1.0
5209,2019-08-06 01:00:00,8,2019-08-06 02:00:00,0.10547,0.10547,0.10547,0.12,0.0,184.42170667115826,-0.0,0.0,0.0,184.42170667115826,184.42170667115826,0.0,0.0
5210,2019-08-06 02:00:00,8,2019-08-06 03:00:00,0.10547,0.10547,0.10547,0.12,0.0,184.42170674711943,-0.0,0.0,0.0,184.42170674711943,184.42170674711943,0.0,0.0
5211,2019-08-06 03:00:00,8,2019-08-06 04:00:00,0.10547,0.10547,0.10547,0.12,0.0,193.89530173346708,-331.06836303226254,0.0,0.0,524.9636647657296,524.9636647657296,0.0,1.0
5212,2019-08-06 04:00:00,8,2019-08-06 05:00:00,0.10547,0.10547,0.10547,0.12,0.38072861748710196,212.84352995339063,-312.120134812339,0.0,0.0,524.9636647657296,524.9636647657296,0.0,1.0
5213,2019-08-06 05:00:00,8,2019-08-06 06:00:00,0.10547,0.10547,0.10547,0.12,0.7396667725212919,224.24761458297,-0.0,0.0,0.0,224.24761458297,224.24761458297,0.0,0.0
5214,2019-08-06 06:00:00,8,2019-08-06 07:00:00,0.10547,0.10547,0.10547,0.12,0.7396667725212919,317.6427878385237,-0.0,0.0,0.0,317.6427878385237,317.6427878385237,0.0,0.0
5215,2019-08-06 07:00:00,8,2019-08-06 08:00:00,0.10547,0.10547,0.10547,0.12,0.7396667725212919,456.60666166226446,-0.0,0.0,0.0,456.60666166226446,456.60666166226446,0.0,0.0
5216,2019-08-06 08:00:00,8,2019-08-06 09:00:00,0.10547,0.10547,0.10547,0.12,0.7396667725212919,474.08396857413834,-0.0,0.0,0.0,474.08396857413834,474.08396857413834,0.0,1.0
5217,2019-08-06 09:00:00,8,2019-08-06 10:00:00,0.10547,0.10547,0.10547,0.12,0.7396667725212919,405.1760230656439,0.0,0.0,0.0,405.1760230656439,405.1760230656439,0.0,0.0
5218,2019-08-06 10:00:00,8,2019-08-06 11:00:00,0.10547,0.10547,0.10547,0.12,0.7396667725212919,461.04173031022214,-0.0,0.0,0.0,461.04173031022214,461.04173031022214,0.0,0.0
5219,2019-08-06 11:00:00,8,2019-08-06 12:00:00,0.10547,0.10547,0.10547,0.12,0.7396667725212919,408.5971267673728,-0.0,0.0,0.0,408.5971267673728,408.5971267673728,0.0,0.0
5220,2019-08-06 12:00:00,8,2019-08-06 13:00:00,0.10547,0.10547,0.10547,0.12,0.7396667725212919,236.2667446262051,-226.3767195467027,0.0,0.0,462.6434641729078,462.6434641729078,0.0,1.0
5221,2019-08-06 13:00:00,8,2019-08-06 14:00:00,0.10547,0.10547,0.10547,0.12,1.0,298.5869452190269,-0.0,0.0,0.0,298.5869452190269,298.5869452190269,0.0,0.0
5222,2019-08-06 14:00:00,8,2019-08-06 15:00:00,0.12561,0.12561,0.12561,0.12,1.0,398.48598740157007,-0.0,0.0,0.0,398.48598740157007,398.48598740157007,0.0,1.0
5223,2019-08-06 15:00:00,8,2019-08-06 16:00:00,0.12561,0.12561,0.12561,0.12,1.0,502.9900762125113,-0.0,0.0,0.0,502.9900762125113,502.9900762125113,0.0,0.0
5224,2019-08-06 16:00:00,8,2019-08-06 17:00:00,0.15111,0.15111,0.15111,0.12,1.0,438.0582509187769,-0.0,0.0,0.0,438.0582509187769,438.0582509187769,0.0,1.0
5225,2019-08-06 17:00:00,8,2019-08-06 18:00:00,0.15111,0.15111,0.15111,0.12,1.0,360.8384374308186,-0.0,360.8384374308186,0.0,0.0,0.0,0.0,0.0
5226,2019-08-06 18:00:00,8,2019-08-06 19:00:00,0.15111,0.15111,0.15111,0.12,0.5097303839255182,211.00298510420214,-0.0,211.00298510420214,0.0,0.0,0.0,0.0,0.0
5227,2019-08-06 19:00:00,8,2019-08-06 20:00:00,0.15111,0.15111,0.15111,0.12,0.22304154546872185,250.73687373583442,-0.0,164.1585774649793,0.0,86.57829627085513,86.57829627085513,0.0,0.0
5228,2019-08-06 20:00:00,8,2019-08-06 21:00:00,0.15111,0.15111,0.15111,0.12,0.0,231.7907204624648,-0.0,0.0,0.0,231.7907204624648,231.7907204624648,0.0,0.0
5229,2019-08-06 21:00:00,8,2019-08-06 22:00:00,0.12561,0.12561,0.12561,0.12,0.0,212.84249261072034,-0.0,0.0,0.0,212.84249261072034,212.84249261072034,0.0,0.0
5230,2019-08-06 22:00:00,8,2019-08-06 23:00:00,0.12561,0.12561,0.12561,0.12,0.0,193.89530204971354,-0.0,0.0,0.0,193.89530204971354,193.89530204971354,0.0,0.0
5231,2019-08-06 23:00:00,8,2019-08-07 00:00:00,0.10547,0.10547,0.10547,0.12,0.0,184.42170639831815,-0.0,0.0,0.0,184.42170639831815,184.42170639831815,0.0,0.0
5232,2019-08-07 00:00:00,8,2019-08-07 01:00:00,0.10547,0.10547,0.10547,0.12,0.0,223.0542920558244,-0.0,0.0,0.0,223.0542920558244,223.0542920558244,0.0,0.0
5233,2019-08-07 01:00:00,8,2019-08-07 02:00:00,0.10547,0.10547,0.10547,0.12,0.0,223.05429205272392,-0.0,0.0,0.0,223.05429205272392,223.05429205272392,0.0,0.0
5234,2019-08-07 02:00:00,8,2019-08-07 03:00:00,0.10547,0.10547,0.10547,0.12,0.0,223.05429212946024,-0.0,0.0,0.0,223.05429212946024,223.05429212946024,0.0,0.0
5235,2019-08-07 03:00:00,8,2019-08-07 04:00:00,0.10547,0.10547,0.10547,0.12,0.0,232.52788746460914,-69.56521739130434,0.0,0.0,302.09310485591345,302.09310485591345,0.0,1.0
5236,2019-08-07 04:00:00,8,2019-08-07 05:00:00,0.10547,0.10547,0.10547,0.12,0.08,270.7922359589818,-0.0,0.0,0.0,270.7922359589818,270.7922359589818,0.0,0.0
5237,2019-08-07 05:00:00,8,2019-08-07 06:00:00,0.10547,0.10547,0.10547,0.12,0.08,337.4787715213391,-400.0,0.0,0.0,737.4787715213391,737.4787715213391,0.0,1.0
5238,2019-08-07 06:00:00,8,2019-08-07 07:00:00,0.10547,0.10547,0.10547,0.12,0.54,544.6526550380012,-400.0,0.0,0.0,944.6526550380012,944.6526550380012,0.0,1.0
5239,2019-08-07 07:00:00,8,2019-08-07 08:00:00,0.10547,0.10547,0.10547,0.12,1.0,1083.514526537664,-0.0,61.02931005327514,0.0,1022.485216484389,1022.485216484389,0.0,0.0
5240,2019-08-07 08:00:00,8,2019-08-07 09:00:00,0.10547,0.10547,0.10547,0.12,0.9170797417754415,1081.0210607422896,-0.0,58.535844257900635,0.0,1022.485216484389,1022.485216484389,0.0,0.0
5241,2019-08-07 09:00:00,8,2019-08-07 10:00:00,0.10547,0.10547,0.10547,0.12,0.8375473446859025,1054.856211859925,-0.0,32.37099537553604,0.0,1022.485216484389,1022.485216484389,0.0,0.0
5242,2019-08-07 10:00:00,8,2019-08-07 11:00:00,0.10547,0.10547,0.10547,0.12,0.7935650140126199,1065.0510934266529,-0.0,42.56587694226391,0.0,1022.485216484389,1022.485216484389,0.0,0.0
5243,2019-08-07 11:00:00,8,2019-08-07 12:00:00,0.10547,0.10547,0.10547,0.12,0.7357309420801961,1031.9339698522708,-0.0,9.448753367881864,0.0,1022.485216484389,1022.485216484389,0.0,0.0
5244,2019-08-07 12:00:00,8,2019-08-07 13:00:00,0.10547,0.10547,0.10547,0.12,0.7228929619607913,1076.3188078343437,-0.0,53.83359134995476,0.0,1022.485216484389,1022.485216484389,0.0,0.0
5245,2019-08-07 13:00:00,8,2019-08-07 14:00:00,0.10547,0.10547,0.10547,0.12,0.6497494954527007,1081.7331838704529,-0.0,59.24796738606392,0.0,1022.485216484389,1022.485216484389,0.0,0.0
5246,2019-08-07 14:00:00,8,2019-08-07 15:00:00,0.12561,0.12561,0.12561,0.12,0.5692495397651138,1084.1039850945563,-0.0,61.61876861016731,0.0,1022.485216484389,1022.485216484389,0.0,0.0
5247,2019-08-07 15:00:00,8,2019-08-07 16:00:00,0.12561,0.12561,0.12561,0.12,0.4855283867621691,1116.289103472508,-0.0,93.80388698811907,0.0,1022.485216484389,1022.485216484389,0.0,0.0
5248,2019-08-07 16:00:00,8,2019-08-07 17:00:00,0.15111,0.15111,0.15111,0.12,0.3580774533543986,1014.3638323857142,-0.0,263.5450056688374,0.0,750.8188267168769,750.8188267168769,0.0,0.0
5249,2019-08-07 17:00:00,8,2019-08-07 18:00:00,0.15111,0.15111,0.15111,0.12,0.0,849.9411228671177,-0.0,0.0,0.0,849.9411228671177,849.9411228671177,0.0,0.0
5250,2019-08-07 18:00:00,8,2019-08-07 19:00:00,0.15111,0.15111,0.15111,0.12,0.0,818.2087944301254,-0.0,0.0,0.0,818.2087944301254,818.2087944301254,0.0,0.0
5251,2019-08-07 19:00:00,8,2019-08-07 20:00:00,0.15111,0.15111,0.15111,0.12,0.0,729.440950391076,-0.0,0.0,0.0,729.440950391076,729.440950391076,0.0,0.0
5252,2019-08-07 20:00:00,8,2019-08-07 21:00:00,0.15111,0.15111,0.15111,0.12,0.0,671.680952565992,-0.0,0.0,0.0,671.680952565992,671.680952565992,0.0,0.0
5253,2019-08-07 21:00:00,8,2019-08-07 22:00:00,0.12561,0.12561,0.12561,0.12,0.0,270.7911981729464,-0.0,0.0,0.0,270.7911981729464,270.7911981729464,0.0,0.0
5254,2019-08-07 22:00:00,8,2019-08-07 23:00:00,0.12561,0.12561,0.12561,0.12,0.0,232.52788760490475,-0.0,0.0,0.0,232.52788760490475,232.52788760490475,0.0,0.0
5255,2019-08-07 23:00:00,8,2019-08-08 00:00:00,0.10547,0.10547,0.10547,0.12,0.0,223.0542923503677,-0.0,0.0,0.0,223.0542923503677,223.0542923503677,0.0,0.0
5256,2019-08-08 00:00:00,8,2019-08-08 01:00:00,0.10547,0.10547,0.10547,0.12,0.0,223.0542922170481,-0.0,0.0,0.0,223.0542922170481,223.0542922170481,0.0,0.0
5257,2019-08-08 01:00:00,8,2019-08-08 02:00:00,0.10547,0.10547,0.10547,0.12,0.0,223.05429223022503,-0.0,0.0,0.0,223.05429223022503,223.05429223022503,0.0,0.0
5258,2019-08-08 02:00:00,8,2019-08-08 03:00:00,0.10547,0.10547,0.10547,0.12,0.0,223.05429209147965,-69.56521739130434,0.0,0.0,292.619509482784,292.619509482784,0.0,1.0
5259,2019-08-08 03:00:00,8,2019-08-08 04:00:00,0.10547,0.10547,0.10547,0.12,0.08,232.52788736849502,-0.0,0.0,0.0,232.52788736849502,232.52788736849502,0.0,0.0
5260,2019-08-08 04:00:00,8,2019-08-08 05:00:00,0.10547,0.10547,0.10547,0.12,0.08,270.7922355225927,-400.0,0.0,0.0,670.7922355225927,670.7922355225927,0.0,1.0
5261,2019-08-08 05:00:00,8,2019-08-08 06:00:00,0.10547,0.10547,0.10547,0.12,0.54,414.2234942325005,-400.0,0.0,0.0,814.2234942325006,814.2234942325006,0.0,1.0
5262,2019-08-08 06:00:00,8,2019-08-08 07:00:00,0.10547,0.10547,0.10547,0.12,1.0,514.2337826332273,0.0,0.0,0.0,514.2337826332273,514.2337826332273,0.0,0.0
5263,2019-08-08 07:00:00,8,2019-08-08 08:00:00,0.10547,0.10547,0.10547,0.12,1.0,1059.9920426739411,-0.0,37.50682618955216,0.0,1022.485216484389,1022.485216484389,0.0,0.0
5264,2019-08-08 08:00:00,8,2019-08-08 09:00:00,0.10547,0.10547,0.10547,0.12,0.9490396383294128,1075.3099233465289,-0.0,52.82470686213992,0.0,1022.485216484389,1022.485216484389,0.0,0.0
5265,2019-08-08 09:00:00,8,2019-08-08 10:00:00,0.10547,0.10547,0.10547,0.12,0.877266938788462,1055.5887002064185,-0.0,33.10348372202952,0.0,1022.485216484389,1022.485216484389,0.0,0.0
5266,2019-08-08 10:00:00,8,2019-08-08 11:00:00,0.10547,0.10547,0.10547,0.12,0.8322893793835305,1073.137370855033,-0.0,50.652154370643984,0.0,1022.485216484389,1022.485216484389,0.0,0.0
5267,2019-08-08 11:00:00,8,2019-08-08 12:00:00,0.10547,0.10547,0.10547,0.12,0.7634685174668947,1049.3412246921816,-0.0,26.856008207792684,0.0,1022.485216484389,1022.485216484389,0.0,0.0
5268,2019-08-08 12:00:00,8,2019-08-08 13:00:00,0.10547,0.10547,0.10547,0.12,0.7269793758802199,1098.3448600617978,-0.0,75.85964357740886,0.0,1022.485216484389,1022.485216484389,0.0,0.0
5269,2019-08-08 13:00:00,8,2019-08-08 14:00:00,0.10547,0.10547,0.10547,0.12,0.6239092079761318,1092.844828577044,-0.0,70.35961209265497,0.0,1022.485216484389,1022.485216484389,0.0,0.0
5270,2019-08-08 14:00:00,8,2019-08-08 15:00:00,0.12561,0.12561,0.12561,0.12,0.5283119089371984,1094.9379702086828,-0.0,72.45275372429387,0.0,1022.485216484389,1022.485216484389,0.0,0.0
5271,2019-08-08 15:00:00,8,2019-08-08 16:00:00,0.12561,0.12561,0.12561,0.12,0.429870667463973,1132.5011693955132,-0.0,110.01595291112426,0.0,1022.485216484389,1022.485216484389,0.0,0.0
5272,2019-08-08 16:00:00,8,2019-08-08 17:00:00,0.15111,0.15111,0.15111,0.12,0.2803924705738586,1039.779120828875,-0.0,206.3688583423599,0.0,833.4102624865151,833.4102624865151,0.0,0.0
5273,2019-08-08 17:00:00,8,2019-08-08 18:00:00,0.15111,0.15111,0.15111,0.12,0.0,871.8198724043888,-0.0,0.0,0.0,871.8198724043888,871.8198724043888,0.0,0.0
5274,2019-08-08 18:00:00,8,2019-08-08 19:00:00,0.15111,0.15111,0.15111,0.12,0.0,838.5141500017924,-0.0,0.0,0.0,838.5141500017924,838.5141500017924,0.0,0.0
5275,2019-08-08 19:00:00,8,2019-08-08 20:00:00,0.15111,0.15111,0.15111,0.12,0.0,746.2361424517045,-0.0,0.0,0.0,746.2361424517045,746.2361424517045,0.0,0.0
5276,2019-08-08 20:00:00,8,2019-08-08 21:00:00,0.15111,0.15111,0.15111,0.12,0.0,718.1151618913123,-0.0,0.0,0.0,718.1151618913123,718.1151618913123,0.0,0.0
5277,2019-08-08 21:00:00,8,2019-08-08 22:00:00,0.12561,0.12561,0.12561,0.12,0.0,270.7911978357718,-0.0,0.0,0.0,270.7911978357718,270.7911978357718,0.0,0.0
5278,2019-08-08 22:00:00,8,2019-08-08 23:00:00,0.12561,0.12561,0.12561,0.12,0.0,232.52788737547104,-0.0,0.0,0.0,232.52788737547104,232.52788737547104,0.0,0.0
5279,2019-08-08 23:00:00,8,2019-08-09 00:00:00,0.10547,0.10547,0.10547,0.12,0.0,223.05429219612003,-0.0,0.0,0.0,223.05429219612003,223.05429219612003,0.0,0.0
5280,2019-08-09 00:00:00,8,2019-08-09 01:00:00,0.10547,0.10547,0.10547,0.12,0.0,223.0542921720915,-101.36288902352175,0.0,0.0,324.41718119561324,324.41718119561324,0.0,1.0
5281,2019-08-09 01:00:00,8,2019-08-09 02:00:00,0.10547,0.10547,0.10547,0.12,0.11656732237705,223.0542922410766,-0.0,0.0,0.0,223.0542922410766,223.0542922410766,0.0,0.0
5282,2019-08-09 02:00:00,8,2019-08-09 03:00:00,0.10547,0.10547,0.10547,0.12,0.11656732237705,223.05429219146936,-0.0,0.0,0.0,223.05429219146936,223.05429219146936,0.0,0.0
5283,2019-08-09 03:00:00,8,2019-08-09 04:00:00,0.10547,0.10547,0.10547,0.12,0.11656732237705,232.527887511116,-0.0,0.0,0.0,232.527887511116,232.527887511116,0.0,0.0
5284,2019-08-09 04:00:00,8,2019-08-09 05:00:00,0.10547,0.10547,0.10547,0.12,0.11656732237705,270.7922352489775,-0.0,0.0,0.0,270.7922352489775,270.7922352489775,0.0,0.0
5285,2019-08-09 05:00:00,8,2019-08-09 06:00:00,0.10547,0.10547,0.10547,0.12,0.11656732237705,479.5401045361248,-400.0,0.0,0.0,879.5401045361248,879.5401045361248,0.0,1.0
5286,2019-08-09 06:00:00,8,2019-08-09 07:00:00,0.10547,0.10547,0.10547,0.12,0.57656732237705,654.2828881166064,-368.20232836778257,0.0,0.0,1022.485216484389,1022.485216484389,0.0,1.0
5287,2019-08-09 07:00:00,8,2019-08-09 08:00:00,0.10547,0.10547,0.10547,0.12,1.0,1138.9014194156757,-0.0,116.41620293128676,0.0,1022.485216484389,1022.485216484389,0.0,0.0
5288,2019-08-09 08:00:00,8,2019-08-09 09:00:00,0.10547,0.10547,0.10547,0.12,0.8418258112346648,1135.8897825669233,-0.0,113.4045660825343,0.0,1022.485216484389,1022.485216484389,0.0,0.0
5289,2019-08-09 09:00:00,8,2019-08-09 10:00:00,0.10547,0.10547,0.10547,0.12,0.6877435203616562,1089.2200471248782,-0.0,66.73483064048924,0.0,1022.485216484389,1022.485216484389,0.0,0.0
5290,2019-08-09 10:00:00,8,2019-08-09 11:00:00,0.10547,0.10547,0.10547,0.12,0.5970711961218611,1081.5767539506746,-0.0,59.09153746628567,0.0,1022.485216484389,1022.485216484389,0.0,0.0
5291,2019-08-09 11:00:00,8,2019-08-09 12:00:00,0.10547,0.10547,0.10547,0.12,0.5167837810861468,1050.9589716512214,-0.0,28.47375516683246,0.0,1022.485216484389,1022.485216484389,0.0,0.0
5292,2019-08-09 12:00:00,8,2019-08-09 13:00:00,0.10547,0.10547,0.10547,0.12,0.4780966137399071,1087.7267222613482,-0.0,65.24150577695923,0.0,1022.485216484389,1022.485216484389,0.0,0.0
5293,2019-08-09 13:00:00,8,2019-08-09 14:00:00,0.10547,0.10547,0.10547,0.12,0.38945326349947335,1083.7280375340579,-0.0,61.24282104966892,0.0,1022.485216484389,1022.485216484389,0.0,0.0
5294,2019-08-09 14:00:00,8,2019-08-09 15:00:00,0.12561,0.12561,0.12561,0.12,0.3062429088124232,1081.497594359488,-0.0,59.01237787509899,0.0,1022.485216484389,1022.485216484389,0.0,0.0
5295,2019-08-09 15:00:00,8,2019-08-09 16:00:00,0.12561,0.12561,0.12561,0.12,0.2260630475690822,1121.9573513441158,-0.0,99.4721348597268,0.0,1022.485216484389,1022.485216484389,0.0,0.0
5296,2019-08-09 16:00:00,8,2019-08-09 17:00:00,0.15111,0.15111,0.15111,0.12,0.09091069042271428,1055.289985017184,-0.0,66.91026815111772,0.0,988.3797168660664,988.3797168660664,0.0,0.0
5297,2019-08-09 17:00:00,8,2019-08-09 18:00:00,0.15111,0.15111,0.15111,0.12,0.0,887.6002844400264,-0.0,0.0,0.0,887.6002844400264,887.6002844400264,0.0,0.0
5298,2019-08-09 18:00:00,8,2019-08-09 19:00:00,0.15111,0.15111,0.15111,0.12,0.0,850.2746152230291,-0.0,0.0,0.0,850.2746152230291,850.2746152230291,0.0,0.0
5299,2019-08-09 19:00:00,8,2019-08-09 20:00:00,0.15111,0.15111,0.15111,0.12,0.0,754.0416011900435,-0.0,0.0,0.0,754.0416011900435,754.0416011900435,0.0,0.0
5300,2019-08-09 20:00:00,8,2019-08-09 21:00:00,0.15111,0.15111,0.15111,0.12,0.0,703.4827757207785,-0.0,0.0,0.0,703.4827757207785,703.4827757207785,0.0,0.0
5301,2019-08-09 21:00:00,8,2019-08-09 22:00:00,0.12561,0.12561,0.12561,0.12,0.0,270.7911979063072,-0.0,0.0,0.0,270.7911979063072,270.7911979063072,0.0,0.0
5302,2019-08-09 22:00:00,8,2019-08-09 23:00:00,0.12561,0.12561,0.12561,0.12,0.0,232.527887415777,-0.0,0.0,0.0,232.527887415777,232.527887415777,0.0,0.0
5303,2019-08-09 23:00:00,8,2019-08-10 00:00:00,0.10547,0.10547,0.10547,0.12,0.0,223.05429210155611,-0.0,0.0,0.0,223.05429210155611,223.05429210155611,0.0,0.0
5304,2019-08-10 00:00:00,8,2019-08-10 01:00:00,0.10547,0.10547,0.10547,0.12,0.0,223.05429216201497,-69.5652173913044,0.0,0.0,292.6195095533194,292.6195095533194,0.0,1.0
5305,2019-08-10 01:00:00,8,2019-08-10 02:00:00,0.10547,0.10547,0.10547,0.12,0.08000000000000007,223.05429220154582,-0.0,0.0,0.0,223.05429220154582,223.05429220154582,0.0,0.0
5306,2019-08-10 02:00:00,8,2019-08-10 03:00:00,0.10547,0.10547,0.10547,0.12,0.08000000000000007,223.0542922387513,-0.0,0.0,0.0,223.0542922387513,223.0542922387513,0.0,0.0
5307,2019-08-10 03:00:00,8,2019-08-10 04:00:00,0.10547,0.10547,0.10547,0.12,0.08000000000000007,232.52788753979522,-0.0,0.0,0.0,232.52788753979522,232.52788753979522,0.0,0.0
5308,2019-08-10 04:00:00,8,2019-08-10 05:00:00,0.10547,0.10547,0.10547,0.12,0.08000000000000007,270.7922357938825,-0.0,0.0,0.0,270.7922357938825,270.7922357938825,0.0,0.0
5309,2019-08-10 05:00:00,8,2019-08-10 06:00:00,0.10547,0.10547,0.10547,0.12,0.08000000000000007,362.4744829770569,-399.99999999999994,0.0,0.0,762.4744829770568,762.4744829770568,0.0,1.0
5310,2019-08-10 06:00:00,8,2019-08-10 07:00:00,0.10547,0.10547,0.10547,0.12,0.54,499.63247761350226,-400.0,0.0,0.0,899.6324776135023,899.6324776135023,0.0,1.0
5311,2019-08-10 07:00:00,8,2019-08-10 08:00:00,0.10547,0.10547,0.10547,0.12,1.0,1054.47895311677,-0.0,31.993736632381115,0.0,1022.485216484389,1022.485216484389,0.0,0.0
5312,2019-08-10 08:00:00,8,2019-08-10 09:00:00,0.10547,0.10547,0.10547,0.12,0.9565302491407865,1079.9074677623014,-0.0,57.42225127791244,0.0,1022.485216484389,1022.485216484389,0.0,0.0
5313,2019-08-10 09:00:00,8,2019-08-10 10:00:00,0.10547,0.10547,0.10547,0.12,0.878510885991449,1059.0872748090844,-0.0,36.60205832469546,0.0,1022.485216484389,1022.485216484389,0.0,0.0
5314,2019-08-10 10:00:00,8,2019-08-10 11:00:00,0.10547,0.10547,0.10547,0.12,0.8287798284850694,1089.4445829381857,-0.0,66.95936645379675,0.0,1022.485216484389,1022.485216484389,0.0,0.0
5315,2019-08-10 11:00:00,8,2019-08-10 12:00:00,0.10547,0.10547,0.10547,0.12,0.737802428411976,1060.512676829981,-0.0,38.02746034559209,0.0,1022.485216484389,1022.485216484389,0.0,0.0
5316,2019-08-10 12:00:00,8,2019-08-10 13:00:00,0.10547,0.10547,0.10547,0.12,0.6861346833772041,1102.1185177938596,-0.0,79.63330130947065,0.0,1022.485216484389,1022.485216484389,0.0,0.0
5317,2019-08-10 13:00:00,8,2019-08-10 14:00:00,0.10547,0.10547,0.10547,0.12,0.5779372631197711,1088.3714075201367,-0.0,65.88619103574774,0.0,1022.485216484389,1022.485216484389,0.0,0.0
5318,2019-08-10 14:00:00,8,2019-08-10 15:00:00,0.12561,0.12561,0.12561,0.12,0.4884179818212008,1088.0355420600372,-0.0,65.55032557564823,0.0,1022.485216484389,1022.485216484389,0.0,0.0
5319,2019-08-10 15:00:00,8,2019-08-10 16:00:00,0.12561,0.12561,0.12561,0.12,0.3993550394629831,1140.0401697711225,-0.0,117.55495328673351,0.0,1022.485216484389,1022.485216484389,0.0,0.0
5320,2019-08-10 16:00:00,8,2019-08-10 17:00:00,0.15111,0.15111,0.15111,0.12,0.23963363554079087,1051.8481316987688,-0.0,176.3703557580221,0.0,875.4777759407467,875.4777759407467,0.0,0.0
5321,2019-08-10 17:00:00,8,2019-08-10 18:00:00,0.15111,0.15111,0.15111,0.12,0.0,875.7536831297723,-0.0,0.0,0.0,875.7536831297723,875.7536831297723,0.0,0.0
5322,2019-08-10 18:00:00,8,2019-08-10 19:00:00,0.15111,0.15111,0.15111,0.12,0.0,834.326720058278,-0.0,0.0,0.0,834.326720058278,834.326720058278,0.0,0.0
5323,2019-08-10 19:00:00,8,2019-08-10 20:00:00,0.15111,0.15111,0.15111,0.12,0.0,745.5884215694316,-0.0,0.0,0.0,745.5884215694316,745.5884215694316,0.0,0.0
5324,2019-08-10 20:00:00,8,2019-08-10 21:00:00,0.15111,0.15111,0.15111,0.12,0.0,715.1479104070768,-0.0,0.0,0.0,715.1479104070768,715.1479104070768,0.0,0.0
5325,2019-08-10 21:00:00,8,2019-08-10 22:00:00,0.12561,0.12561,0.12561,0.12,0.0,270.7911979652159,-0.0,0.0,0.0,270.7911979652159,270.7911979652159,0.0,0.0
5326,2019-08-10 22:00:00,8,2019-08-10 23:00:00,0.12561,0.12561,0.12561,0.12,0.0,232.52788746228381,-0.0,0.0,0.0,232.52788746228381,232.52788746228381,0.0,0.0
5327,2019-08-10 23:00:00,8,2019-08-11 00:00:00,0.10547,0.10547,0.10547,0.12,0.0,223.05429216589056,-0.0,0.0,0.0,223.05429216589056,223.05429216589056,0.0,0.0
5328,2019-08-11 00:00:00,8,2019-08-11 01:00:00,0.10547,0.10547,0.10547,0.12,0.0,223.05429211550816,-0.0,0.0,0.0,223.05429211550816,223.05429211550816,0.0,0.0
5329,2019-08-11 01:00:00,8,2019-08-11 02:00:00,0.10547,0.10547,0.10547,0.12,0.0,223.054292073652,-0.0,0.0,0.0,223.054292073652,223.054292073652,0.0,0.0
5330,2019-08-11 02:00:00,8,2019-08-11 03:00:00,0.10547,0.10547,0.10547,0.12,0.0,223.0542920744271,-0.0,0.0,0.0,223.0542920744271,223.0542920744271,0.0,0.0
5331,2019-08-11 03:00:00,8,2019-08-11 04:00:00,0.10547,0.10547,0.10547,0.12,0.0,232.52788735221762,-69.56521739130434,0.0,0.0,302.09310474352196,302.09310474352196,0.0,1.0
5332,2019-08-11 04:00:00,8,2019-08-11 05:00:00,0.10547,0.10547,0.10547,0.12,0.08,270.7922358884465,-0.0,0.0,0.0,270.7922358884465,270.7922358884465,0.0,0.0
5333,2019-08-11 05:00:00,8,2019-08-11 06:00:00,0.10547,0.10547,0.10547,0.12,0.08,384.94528304431765,-400.0,0.0,0.0,784.9452830443176,784.9452830443176,0.0,1.0
5334,2019-08-11 06:00:00,8,2019-08-11 07:00:00,0.10547,0.10547,0.10547,0.12,0.54,528.6266244586492,-400.0,0.0,0.0,928.6266244586492,928.6266244586492,0.0,1.0
5335,2019-08-11 07:00:00,8,2019-08-11 08:00:00,0.10547,0.10547,0.10547,0.12,1.0,1042.8722498112925,-0.0,20.38703332690352,0.0,1022.485216484389,1022.485216484389,0.0,0.0
5336,2019-08-11 08:00:00,8,2019-08-11 09:00:00,0.10547,0.10547,0.10547,0.12,0.9723002264580116,1076.4440576274699,-0.0,53.95884114308092,0.0,1022.485216484389,1022.485216484389,0.0,0.0
5337,2019-08-11 09:00:00,8,2019-08-11 10:00:00,0.10547,0.10547,0.10547,0.12,0.8989865836005647,1053.964618032274,-0.0,31.479401547885118,0.0,1022.485216484389,1022.485216484389,0.0,0.0
5338,2019-08-11 10:00:00,8,2019-08-11 11:00:00,0.10547,0.10547,0.10547,0.12,0.8562156575844164,1068.438833719058,-0.0,45.95361723466908,0.0,1022.485216484389,1022.485216484389,0.0,0.0
5339,2019-08-11 11:00:00,8,2019-08-11 12:00:00,0.10547,0.10547,0.10547,0.12,0.7937786776460074,1049.0613226564776,-0.0,26.576106172088657,0.0,1022.485216484389,1022.485216484389,0.0,0.0
5340,2019-08-11 12:00:00,8,2019-08-11 13:00:00,0.10547,0.10547,0.10547,0.12,0.7576698377382782,1100.3900921131703,-0.0,77.90487562878138,0.0,1022.485216484389,1022.485216484389,0.0,0.0
5341,2019-08-11 13:00:00,8,2019-08-11 14:00:00,0.10547,0.10547,0.10547,0.12,0.6518208219383035,1098.3911013799413,-0.0,75.90588489555239,0.0,1022.485216484389,1022.485216484389,0.0,0.0
5342,2019-08-11 14:00:00,8,2019-08-11 15:00:00,0.12561,0.12561,0.12561,0.12,0.548687826156303,1096.326563109591,-0.0,73.84134662520205,0.0,1022.485216484389,1022.485216484389,0.0,0.0
5343,2019-08-11 15:00:00,8,2019-08-11 16:00:00,0.12561,0.12561,0.12561,0.12,0.44835990954597404,1131.1427239215186,-0.0,108.65750743712965,0.0,1022.485216484389,1022.485216484389,0.0,0.0
5344,2019-08-11 16:00:00,8,2019-08-11 17:00:00,0.15111,0.15111,0.15111,0.12,0.3007274266150914,1053.2964525739603,-0.0,221.3353859887073,0.0,831.9610665852531,831.9610665852531,0.0,0.0
5345,2019-08-11 17:00:00,8,2019-08-11 18:00:00,0.15111,0.15111,0.15111,0.12,0.0,887.7468099235118,-0.0,0.0,0.0,887.7468099235118,887.7468099235118,0.0,0.0
5346,2019-08-11 18:00:00,8,2019-08-11 19:00:00,0.15111,0.15111,0.15111,0.12,0.0,838.2421568794217,-0.0,0.0,0.0,838.2421568794217,838.2421568794217,0.0,0.0
5347,2019-08-11 19:00:00,8,2019-08-11 20:00:00,0.15111,0.15111,0.15111,0.12,0.0,743.7968463842466,-0.0,0.0,0.0,743.7968463842466,743.7968463842466,0.0,0.0
5348,2019-08-11 20:00:00,8,2019-08-11 21:00:00,0.15111,0.15111,0.15111,0.12,0.0,717.8615535480294,-0.0,0.0,0.0,717.8615535480294,717.8615535480294,0.0,0.0
5349,2019-08-11 21:00:00,8,2019-08-11 22:00:00,0.12561,0.12561,0.12561,0.12,0.0,270.7911980373014,-0.0,0.0,0.0,270.7911980373014,270.7911980373014,0.0,0.0
5350,2019-08-11 22:00:00,8,2019-08-11 23:00:00,0.12561,0.12561,0.12561,0.12,0.0,232.5278875188671,-0.0,0.0,0.0,232.5278875188671,232.5278875188671,0.0,0.0
5351,2019-08-11 23:00:00,8,2019-08-12 00:00:00,0.10547,0.10547,0.10547,0.12,0.0,223.0542923178129,-0.0,0.0,0.0,223.0542923178129,223.0542923178129,0.0,0.0
5352,2019-08-12 00:00:00,8,2019-08-12 01:00:00,0.10547,0.10547,0.10547,0.12,0.0,184.42205243938815,-0.0,0.0,0.0,184.42205243938815,184.42205243938815,0.0,1.0
5353,2019-08-12 01:00:00,8,2019-08-12 02:00:00,0.10547,0.10547,0.10547,0.12,-4.278611405713067e-17,184.42205249984704,-0.0,0.0,0.0,184.42205249984704,184.42205249984704,0.0,1.0
5354,2019-08-12 02:00:00,8,2019-08-12 03:00:00,0.10547,0.10547,0.10547,0.12,-4.2786114057130666e-17,184.42205238900576,-0.0,0.0,0.0,184.42205238900576,184.42205238900576,0.0,1.0
5355,2019-08-12 03:00:00,8,2019-08-12 04:00:00,0.10547,0.10547,0.10547,0.12,-8.557222811053204e-17,193.89564771020264,-0.0,0.0,0.0,193.89564771020264,193.89564771020264,0.0,1.0
5356,2019-08-12 04:00:00,8,2019-08-12 05:00:00,0.10547,0.10547,0.10547,0.12,-8.557222811053204e-17,212.8438755014882,-0.0,0.0,0.0,212.8438755014882,212.8438755014882,0.0,1.0
5357,2019-08-12 05:00:00,8,2019-08-12 06:00:00,0.10547,0.10547,0.10547,0.12,-8.557222811053204e-17,440.1460377861725,-0.0,0.0,0.0,440.1460377861725,440.1460377861725,0.0,1.0
5358,2019-08-12 06:00:00,8,2019-08-12 07:00:00,0.10547,0.10547,0.10547,0.12,0.0,519.0970346511428,-360.1672793578429,0.0,0.0,879.2643140089858,879.2643140089858,0.0,1.0
5359,2019-08-12 07:00:00,8,2019-08-12 08:00:00,0.10547,0.10547,0.10547,0.12,0.41419237126151937,790.3365978103752,-0.0,0.0,0.0,790.3365978103752,790.3365978103752,0.0,0.0
5360,2019-08-12 08:00:00,8,2019-08-12 09:00:00,0.10547,0.10547,0.10547,0.12,0.41419237126151937,778.1941278313856,-0.0,1.0459189070388675e-13,0.0,778.1941278313855,778.1941278313855,0.0,0.0
5361,2019-08-12 09:00:00,8,2019-08-12 10:00:00,0.10547,0.10547,0.10547,0.12,0.4141923712615192,756.4406553348193,-122.8236586741665,5.684341886080802e-14,0.0,879.2643140089857,879.2643140089857,0.0,1.0
5362,2019-08-12 10:00:00,8,2019-08-12 11:00:00,0.10547,0.10547,0.10547,0.12,0.5554395787368106,765.0106493639179,-0.0,-2.614797267597169e-13,0.0,765.0106493639182,765.0106493639182,0.0,0.0
5363,2019-08-12 11:00:00,8,2019-08-12 12:00:00,0.10547,0.10547,0.10547,0.12,0.5554395787368109,771.1518858065634,-0.0,0.0,0.0,771.1518858065634,771.1518858065634,0.0,0.0
5364,2019-08-12 12:00:00,8,2019-08-12 13:00:00,0.10547,0.10547,0.10547,0.12,0.5554395787368109,781.5986911336526,0.0,0.0,0.0,781.5986911336526,781.5986911336526,0.0,0.0
5365,2019-08-12 13:00:00,8,2019-08-12 14:00:00,0.10547,0.10547,0.10547,0.12,0.5554395787368109,590.3556575250242,-386.5742793592949,2.842170943040401e-14,0.0,976.9299368843191,976.9299368843191,0.0,1.0
5366,2019-08-12 14:00:00,8,2019-08-12 15:00:00,0.12561,0.12561,0.12561,0.12,1.0,592.121837188759,-0.0,-4.831690603168681e-13,0.0,592.1218371887594,592.1218371887594,0.0,1.0
5367,2019-08-12 15:00:00,8,2019-08-12 16:00:00,0.12561,0.12561,0.12561,0.12,1.0,624.5341746971873,0.0,0.0,0.0,624.5341746971873,624.5341746971873,0.0,0.0
5368,2019-08-12 16:00:00,8,2019-08-12 17:00:00,0.15111,0.15111,0.15111,0.12,1.0,578.7303202018121,-0.0,220.77408703777886,0.0,357.9562331640333,357.9562331640333,0.0,0.0
5369,2019-08-12 17:00:00,8,2019-08-12 18:00:00,0.15111,0.15111,0.15111,0.12,0.7000352078291049,459.6798809088521,-0.0,0.0,0.0,459.6798809088521,459.6798809088521,0.0,0.0
5370,2019-08-12 18:00:00,8,2019-08-12 19:00:00,0.15111,0.15111,0.15111,0.12,0.7000352078291049,264.4880014264,-0.0,264.4880014264,0.0,0.0,0.0,0.0,0.0
5371,2019-08-12 19:00:00,8,2019-08-12 20:00:00,0.15111,0.15111,0.15111,0.12,0.3406765102388875,250.7379115358219,-0.0,250.73791153582113,0.0,0.0,0.0,0.0,0.0
5372,2019-08-12 20:00:00,8,2019-08-12 21:00:00,0.15111,0.15111,0.15111,0.12,0.0,231.79141191986295,-0.0,0.0,0.0,231.79141191986295,231.79141191986295,0.0,0.0
5373,2019-08-12 21:00:00,8,2019-08-12 22:00:00,0.12561,0.12561,0.12561,0.12,0.0,212.84283822857816,-0.0,0.0,0.0,212.84283822857816,212.84283822857816,0.0,0.0
5374,2019-08-12 22:00:00,8,2019-08-12 23:00:00,0.12561,0.12561,0.12561,0.12,0.0,193.89564771717866,-0.0,0.0,0.0,193.89564771717866,193.89564771717866,0.0,0.0
5375,2019-08-12 23:00:00,8,2019-08-13 00:00:00,0.10547,0.10547,0.10547,0.12,0.0,184.42205244326374,-0.0,1.8242771663162394e-14,1.3247808283096922e-14,184.4220524432637,184.4220524432637,0.0,1.0
5376,2019-08-13 00:00:00,8,2019-08-13 01:00:00,0.10547,0.10547,0.10547,0.12,0.0,184.42170674789452,-0.0,0.0,0.0,184.42170674789452,184.42170674789452,0.0,1.0
5377,2019-08-13 01:00:00,8,2019-08-13 02:00:00,0.10547,0.10547,0.10547,0.12,0.0,184.42170637971543,-0.0,0.0,0.0,184.42170637971543,184.42170637971543,0.0,1.0
5378,2019-08-13 02:00:00,8,2019-08-13 03:00:00,0.10547,0.10547,0.10547,0.12,0.0,184.42170626189812,-0.0,0.0,0.0,184.42170626189812,184.42170626189812,0.0,1.0
5379,2019-08-13 03:00:00,8,2019-08-13 04:00:00,0.10547,0.10547,0.10547,0.12,0.0,193.89530194274784,-0.0,0.0,0.0,193.89530194274784,193.89530194274784,0.0,1.0
5380,2019-08-13 04:00:00,8,2019-08-13 05:00:00,0.10547,0.10547,0.10547,0.12,0.0,212.84353004020338,-0.0,0.0,0.0,212.84353004020338,212.84353004020338,0.0,0.0
5381,2019-08-13 05:00:00,8,2019-08-13 06:00:00,0.10547,0.10547,0.10547,0.12,0.0,224.24761486123592,-0.0,0.0,0.0,224.24761486123592,224.24761486123592,0.0,0.0
5382,2019-08-13 06:00:00,8,2019-08-13 07:00:00,0.10547,0.10547,0.10547,0.12,0.0,229.95017612717686,-0.0,0.0,0.0,229.95017612717686,229.95017612717686,0.0,0.0
5383,2019-08-13 07:00:00,8,2019-08-13 08:00:00,0.10547,0.10547,0.10547,0.12,0.0,229.95017590239382,-0.0,0.0,0.0,229.95017590239382,229.95017590239382,0.0,0.0
5384,2019-08-13 08:00:00,8,2019-08-13 09:00:00,0.10547,0.10547,0.10547,0.12,0.0,272.57603828657443,-351.2090654280305,0.0,0.0,623.7851037146049,623.7851037146049,0.0,1.0
5385,2019-08-13 09:00:00,8,2019-08-13 10:00:00,0.10547,0.10547,0.10547,0.12,0.4038904252422351,401.6187229062832,0.0,0.0,0.0,401.6187229062832,401.6187229062832,0.0,0.0
5386,2019-08-13 10:00:00,8,2019-08-13 11:00:00,0.10547,0.10547,0.10547,0.12,0.4038904252422351,422.27602882400635,0.0,0.0,0.0,422.27602882400635,422.27602882400635,0.0,0.0
5387,2019-08-13 11:00:00,8,2019-08-13 12:00:00,0.10547,0.10547,0.10547,0.12,0.4038904252422351,329.0180824570642,-294.76702125754076,0.0,0.0,623.7851037146049,623.7851037146049,0.0,1.0
5388,2019-08-13 12:00:00,8,2019-08-13 13:00:00,0.10547,0.10547,0.10547,0.12,0.7428724996884071,377.3031583380262,-0.0,0.0,0.0,377.3031583380262,377.3031583380262,0.0,0.0
5389,2019-08-13 13:00:00,8,2019-08-13 14:00:00,0.10547,0.10547,0.10547,0.12,0.7428724996884071,400.195973008872,-223.58913070573294,0.0,0.0,623.7851037146049,623.7851037146049,0.0,1.0
5390,2019-08-13 14:00:00,8,2019-08-13 15:00:00,0.12561,0.12561,0.12561,0.12,1.0,416.00579973145904,-0.0,-1.1368683772161603e-13,0.0,416.00579973145915,416.00579973145915,0.0,1.0
5391,2019-08-13 15:00:00,8,2019-08-13 16:00:00,0.12561,0.12561,0.12561,0.12,1.0000000000000002,502.0994125672604,-0.0,1.1368683772161603e-13,0.0,502.0994125672606,502.0994125672606,0.0,0.0
5392,2019-08-13 16:00:00,8,2019-08-13 17:00:00,0.15111,0.15111,0.15111,0.12,1.0,488.303095162542,-0.0,336.0000000000001,0.0,152.30309516254187,152.30309516254187,0.0,0.0
5393,2019-08-13 17:00:00,8,2019-08-13 18:00:00,0.15111,0.15111,0.15111,0.12,0.5434782608695652,514.1751610076783,-0.0,400.0,0.0,114.1751610076783,114.1751610076783,0.0,0.0
5394,2019-08-13 18:00:00,8,2019-08-13 19:00:00,0.15111,0.15111,0.15111,0.12,0.0,288.7308461240801,-0.0,0.0,0.0,288.7308461240801,288.7308461240801,0.0,0.0
5395,2019-08-13 19:00:00,8,2019-08-13 20:00:00,0.15111,0.15111,0.15111,0.12,0.0,250.73687333122493,-0.0,0.0,0.0,250.73687333122493,250.73687333122493,0.0,0.0
5396,2019-08-13 20:00:00,8,2019-08-13 21:00:00,0.15111,0.15111,0.15111,0.12,0.0,231.79072073840533,-0.0,0.0,0.0,231.79072073840533,231.79072073840533,0.0,0.0
5397,2019-08-13 21:00:00,8,2019-08-13 22:00:00,0.12561,0.12561,0.12561,0.12,0.0,212.84249211619766,-0.0,0.0,0.0,212.84249211619766,212.84249211619766,0.0,0.0
5398,2019-08-13 22:00:00,8,2019-08-13 23:00:00,0.12561,0.12561,0.12561,0.12,0.0,193.89530154123884,-0.0,0.0,0.0,193.89530154123884,193.89530154123884,0.0,0.0
5399,2019-08-13 23:00:00,8,2019-08-14 00:00:00,0.10547,0.10547,0.10547,0.12,0.0,184.42170666340712,-0.0,0.0,0.0,184.42170666340712,184.42170666340712,0.0,0.0
5400,2019-08-14 00:00:00,8,2019-08-14 01:00:00,0.10547,0.10547,0.10547,0.12,0.0,223.05429243485509,-69.56521739130434,0.0,0.0,292.6195098261594,292.6195098261594,0.0,1.0
5401,2019-08-14 01:00:00,8,2019-08-14 02:00:00,0.10547,0.10547,0.10547,0.12,0.08,223.05429238757316,-0.0,0.0,0.0,223.05429238757316,223.05429238757316,0.0,0.0
5402,2019-08-14 02:00:00,8,2019-08-14 03:00:00,0.10547,0.10547,0.10547,0.12,0.08,223.05429242555368,-0.0,0.0,0.0,223.05429242555368,223.05429242555368,0.0,0.0
5403,2019-08-14 03:00:00,8,2019-08-14 04:00:00,0.10547,0.10547,0.10547,0.12,0.08,232.52788762815814,-0.0,0.0,0.0,232.52788762815814,232.52788762815814,0.0,0.0
5404,2019-08-14 04:00:00,8,2019-08-14 05:00:00,0.10547,0.10547,0.10547,0.12,0.08,270.7922354419808,-0.0,0.0,0.0,270.7922354419808,270.7922354419808,0.0,0.0
5405,2019-08-14 05:00:00,8,2019-08-14 06:00:00,0.10547,0.10547,0.10547,0.12,0.08,438.52845434825934,-400.0,0.0,0.0,838.5284543482594,838.5284543482594,0.0,1.0
5406,2019-08-14 06:00:00,8,2019-08-14 07:00:00,0.10547,0.10547,0.10547,0.12,0.54,573.725177541974,-400.0,0.0,0.0,973.725177541974,973.725177541974,0.0,1.0
5407,2019-08-14 07:00:00,8,2019-08-14 08:00:00,0.10547,0.10547,0.10547,0.12,1.0,1038.8755581188457,-0.0,16.390341634456718,0.0,1022.485216484389,1022.485216484389,0.0,0.0
5408,2019-08-14 08:00:00,8,2019-08-14 09:00:00,0.10547,0.10547,0.10547,0.12,0.9777305140836187,1036.2055027533174,-0.0,13.720286268928476,0.0,1022.485216484389,1022.485216484389,0.0,0.0
5409,2019-08-14 09:00:00,8,2019-08-14 10:00:00,0.10547,0.10547,0.10547,0.12,0.959088820783444,1018.3242384390893,-4.160978045299657,0.0,0.0,1022.485216484389,1022.485216484389,0.0,1.0
5410,2019-08-14 10:00:00,8,2019-08-14 11:00:00,0.10547,0.10547,0.10547,0.12,0.9638739455355386,1036.7956504872227,-0.0,14.310434002833745,0.0,1022.485216484389,1022.485216484389,0.0,0.0
5411,2019-08-14 11:00:00,8,2019-08-14 12:00:00,0.10547,0.10547,0.10547,0.12,0.9444304210751666,1007.135661004762,-15.349555479626929,0.0,0.0,1022.485216484389,1022.485216484389,0.0,1.0
5412,2019-08-14 12:00:00,8,2019-08-14 13:00:00,0.10547,0.10547,0.10547,0.12,0.9620824098767377,1050.83694566528,-0.0,28.35172918089097,0.0,1022.485216484389,1022.485216484389,0.0,0.0
5413,2019-08-14 13:00:00,8,2019-08-14 14:00:00,0.10547,0.10547,0.10547,0.12,0.9235610387070489,1051.0144671161079,-0.0,28.529250631718924,0.0,1022.485216484389,1022.485216484389,0.0,0.0
5414,2019-08-14 14:00:00,8,2019-08-14 15:00:00,0.12561,0.12561,0.12561,0.12,0.8847984699139525,1050.9869161579525,-0.0,28.501699673563508,0.0,1022.485216484389,1022.485216484389,0.0,0.0
5415,2019-08-14 15:00:00,8,2019-08-14 16:00:00,0.12561,0.12561,0.12561,0.12,0.8460733344879151,1089.724502406201,-0.0,67.2392859218121,0.0,1022.485216484389,1022.485216484389,0.0,0.0
5416,2019-08-14 16:00:00,8,2019-08-14 17:00:00,0.15111,0.15111,0.15111,0.12,0.7547156090506704,997.4733353030211,-0.0,400.0,0.0,597.4733353030211,597.4733353030211,0.0,0.0
5417,2019-08-14 17:00:00,8,2019-08-14 18:00:00,0.15111,0.15111,0.15111,0.12,0.2112373481811052,834.0774411601355,-0.0,0.0,0.0,834.0774411601355,834.0774411601355,0.0,1.0
5418,2019-08-14 18:00:00,8,2019-08-14 19:00:00,0.15111,0.15111,0.15111,0.12,0.2112373481811052,747.322159059878,-0.0,0.0,0.0,747.322159059878,747.322159059878,0.0,1.0
5419,2019-08-14 19:00:00,8,2019-08-14 20:00:00,0.15111,0.15111,0.15111,0.12,0.2112373481811052,624.9816038830479,-0.0,155.47068826129345,0.0,469.51091562175446,469.51091562175446,0.0,0.0
5420,2019-08-14 20:00:00,8,2019-08-14 21:00:00,0.15111,0.15111,0.15111,0.12,0.0,606.0381963738977,-0.0,0.0,0.0,606.0381963738977,606.0381963738977,0.0,0.0
5421,2019-08-14 21:00:00,8,2019-08-14 22:00:00,0.12561,0.12561,0.12561,0.12,0.0,270.79119809621017,-0.0,0.0,0.0,270.79119809621017,270.79119809621017,0.0,0.0
5422,2019-08-14 22:00:00,8,2019-08-14 23:00:00,0.12561,0.12561,0.12561,0.12,0.0,232.5278875940532,-0.0,0.0,0.0,232.5278875940532,232.5278875940532,0.0,0.0
5423,2019-08-14 23:00:00,8,2019-08-15 00:00:00,0.10547,0.10547,0.10547,0.12,0.0,223.05429231548757,-0.0,0.0,0.0,223.05429231548757,223.05429231548757,0.0,0.0
5424,2019-08-15 00:00:00,8,2019-08-15 01:00:00,0.10547,0.10547,0.10547,0.12,0.0,223.05429249763932,-0.0,0.0,0.0,223.05429249763932,223.05429249763932,0.0,0.0
5425,2019-08-15 01:00:00,8,2019-08-15 02:00:00,0.10547,0.10547,0.10547,0.12,0.0,223.05429248601263,-0.0,0.0,0.0,223.05429248601263,223.05429248601263,0.0,0.0
5426,2019-08-15 02:00:00,8,2019-08-15 03:00:00,0.10547,0.10547,0.10547,0.12,0.0,223.05429255964842,-0.0,0.0,0.0,223.05429255964842,223.05429255964842,0.0,0.0
5427,2019-08-15 03:00:00,8,2019-08-15 04:00:00,0.10547,0.10547,0.10547,0.12,0.0,232.52788780953483,-400.0,0.0,0.0,632.5278878095348,632.5278878095348,0.0,1.0
5428,2019-08-15 04:00:00,8,2019-08-15 05:00:00,0.10547,0.10547,0.10547,0.12,0.46,270.7922361419087,-400.0,0.0,0.0,670.7922361419087,670.7922361419087,0.0,1.0
5429,2019-08-15 05:00:00,8,2019-08-15 06:00:00,0.10547,0.10547,0.10547,0.12,0.92,413.5860041513238,-0.0,0.0,0.0,413.5860041513238,413.5860041513238,0.0,0.0
5430,2019-08-15 06:00:00,8,2019-08-15 07:00:00,0.10547,0.10547,0.10547,0.12,0.92,489.1905404853141,-0.0,0.0,0.0,489.1905404853141,489.1905404853141,0.0,0.0
5431,2019-08-15 07:00:00,8,2019-08-15 08:00:00,0.10547,0.10547,0.10547,0.12,0.92,934.5529851911228,-34.570097963928525,0.0,0.0,969.1230831550514,969.1230831550514,0.0,1.0
5432,2019-08-15 08:00:00,8,2019-08-15 09:00:00,0.10547,0.10547,0.10547,0.12,0.9597556126585178,924.5809744000528,0.0,0.0,0.0,924.5809744000528,924.5809744000528,0.0,0.0
5433,2019-08-15 09:00:00,8,2019-08-15 10:00:00,0.10547,0.10547,0.10547,0.12,0.9597556126585178,905.9216718770355,0.0,0.0,0.0,905.9216718770355,905.9216718770355,0.0,0.0
5434,2019-08-15 10:00:00,8,2019-08-15 11:00:00,0.10547,0.10547,0.10547,0.12,0.9597556126585178,987.4900970570131,-34.99511942737581,0.0,0.0,1022.485216484389,1022.485216484389,0.0,1.0
5435,2019-08-15 11:00:00,8,2019-08-15 12:00:00,0.10547,0.10547,0.10547,0.12,1.0,1000.8719715419046,0.0,0.0,0.0,1000.8719715419046,1000.8719715419046,0.0,0.0
5436,2019-08-15 12:00:00,8,2019-08-15 13:00:00,0.10547,0.10547,0.10547,0.12,1.0,1048.6543202897412,-0.0,26.16910380535228,0.0,1022.485216484389,1022.485216484389,0.0,0.0
5437,2019-08-15 13:00:00,8,2019-08-15 14:00:00,0.10547,0.10547,0.10547,0.12,0.9644441524383801,1054.2343952978115,-0.0,31.74917881342253,0.0,1022.485216484389,1022.485216484389,0.0,0.0
5438,2019-08-15 14:00:00,8,2019-08-15 15:00:00,0.12561,0.12561,0.12561,0.12,0.9213066812244908,1057.61772558749,-0.0,35.13250910310103,0.0,1022.485216484389,1022.485216484389,0.0,0.0
5439,2019-08-15 15:00:00,8,2019-08-15 16:00:00,0.12561,0.12561,0.12561,0.12,0.873572293856147,1095.6982751138578,-0.0,73.21305862946883,0.0,1022.485216484389,1022.485216484389,0.0,0.0
5440,2019-08-15 16:00:00,8,2019-08-15 17:00:00,0.15111,0.15111,0.15111,0.12,0.7740980294139339,999.3128987898147,-0.0,400.0,0.0,599.3128987898147,599.3128987898147,0.0,0.0
5441,2019-08-15 17:00:00,8,2019-08-15 18:00:00,0.15111,0.15111,0.15111,0.12,0.23061976854436878,827.9466059312506,-0.0,0.0,0.0,827.9466059312506,827.9466059312506,0.0,1.0
5442,2019-08-15 18:00:00,8,2019-08-15 19:00:00,0.15111,0.15111,0.15111,0.12,0.23061976854436878,731.2590620622567,-0.0,0.0,0.0,731.2590620622567,731.2590620622567,0.0,1.0
5443,2019-08-15 19:00:00,8,2019-08-15 20:00:00,0.15111,0.15111,0.15111,0.12,0.23061976854436878,607.3625082218479,-0.0,0.0,0.0,607.3625082218479,607.3625082218479,0.0,0.0
5444,2019-08-15 20:00:00,8,2019-08-15 21:00:00,0.15111,0.15111,0.15111,0.12,0.23061976854436878,590.7233624934105,-0.0,169.73614964865544,0.0,420.98721284475505,420.98721284475505,0.0,0.0
5445,2019-08-15 21:00:00,8,2019-08-15 22:00:00,0.12561,0.12561,0.12561,0.12,0.0,270.79119822022835,-0.0,0.0,0.0,270.79119822022835,270.79119822022835,0.0,0.0
5446,2019-08-15 22:00:00,8,2019-08-15 23:00:00,0.12561,0.12561,0.12561,0.12,0.0,232.5278876862917,-0.0,0.0,0.0,232.5278876862917,232.5278876862917,0.0,0.0
5447,2019-08-15 23:00:00,8,2019-08-16 00:00:00,0.10547,0.10547,0.10547,0.12,0.0,223.05429243485509,-0.0,0.0,0.0,223.05429243485509,223.05429243485509,0.0,0.0
5448,2019-08-16 00:00:00,8,2019-08-16 01:00:00,0.10547,0.10547,0.10547,0.12,0.0,223.05429243175462,0.0,0.0,0.0,223.05429243175462,223.05429243175462,0.0,0.0
5449,2019-08-16 01:00:00,8,2019-08-16 02:00:00,0.10547,0.10547,0.10547,0.12,0.0,223.0542924302044,-0.0,0.0,0.0,223.0542924302044,223.0542924302044,0.0,0.0
5450,2019-08-16 02:00:00,8,2019-08-16 03:00:00,0.10547,0.10547,0.10547,0.12,0.0,223.05429242710395,-69.56521739130434,0.0,0.0,292.6195098184083,292.6195098184083,0.0,1.0
5451,2019-08-16 03:00:00,8,2019-08-16 04:00:00,0.10547,0.10547,0.10547,0.12,0.08,232.52788770954513,-0.0,0.0,0.0,232.52788770954513,232.52788770954513,0.0,0.0
5452,2019-08-16 04:00:00,8,2019-08-16 05:00:00,0.10547,0.10547,0.10547,0.12,0.08,270.79223652559006,-400.0,0.0,0.0,670.79223652559,670.79223652559,0.0,1.0
5453,2019-08-16 05:00:00,8,2019-08-16 06:00:00,0.10547,0.10547,0.10547,0.12,0.54,411.9069915284624,-400.0,0.0,0.0,811.9069915284624,811.9069915284624,0.0,1.0
5454,2019-08-16 06:00:00,8,2019-08-16 07:00:00,0.10547,0.10547,0.10547,0.12,1.0,511.67359004788455,0.0,0.0,0.0,511.67359004788455,511.67359004788455,0.0,0.0
5455,2019-08-16 07:00:00,8,2019-08-16 08:00:00,0.10547,0.10547,0.10547,0.12,1.0,972.8773084854959,0.0,0.0,0.0,972.8773084854959,972.8773084854959,0.0,0.0
5456,2019-08-16 08:00:00,8,2019-08-16 09:00:00,0.10547,0.10547,0.10547,0.12,1.0,984.8227380026633,0.0,0.0,0.0,984.8227380026633,984.8227380026633,0.0,0.0
5457,2019-08-16 09:00:00,8,2019-08-16 10:00:00,0.10547,0.10547,0.10547,0.12,1.0,1023.8558432812738,-0.0,1.3706267968848351,0.0,1022.485216484389,1022.485216484389,0.0,0.0
5458,2019-08-16 10:00:00,8,2019-08-16 11:00:00,0.10547,0.10547,0.10547,0.12,0.9981377353303195,1042.6167417646298,-0.0,20.131525280240794,0.0,1022.485216484389,1022.485216484389,0.0,0.0
5459,2019-08-16 11:00:00,8,2019-08-16 12:00:00,0.10547,0.10547,0.10547,0.12,0.9707851194604271,1012.2848076243147,-10.200408860074276,0.0,0.0,1022.485216484389,1022.485216484389,0.0,1.0
5460,2019-08-16 12:00:00,8,2019-08-16 13:00:00,0.10547,0.10547,0.10547,0.12,0.9825155896495126,1057.2243360654352,-0.0,34.739119581046225,0.0,1022.485216484389,1022.485216484389,0.0,0.0
5461,2019-08-16 13:00:00,8,2019-08-16 14:00:00,0.10547,0.10547,0.10547,0.12,0.9353156989143955,1063.0438992058077,-0.0,40.55868272141879,0.0,1022.485216484389,1022.485216484389,0.0,0.0
5462,2019-08-16 14:00:00,8,2019-08-16 15:00:00,0.12561,0.12561,0.12561,0.12,0.8802087930429024,1065.3174977918484,-0.0,42.832281307459425,0.0,1022.485216484389,1022.485216484389,0.0,0.0
5463,2019-08-16 15:00:00,8,2019-08-16 16:00:00,0.12561,0.12561,0.12561,0.12,0.8220127586577674,1094.5894275361277,-0.0,72.10421105173873,0.0,1022.485216484389,1022.485216484389,0.0,0.0
5464,2019-08-16 16:00:00,8,2019-08-16 17:00:00,0.15111,0.15111,0.15111,0.12,0.7240450805983397,998.5908246177611,-0.0,400.0,0.0,598.5908246177611,598.5908246177611,0.0,0.0
5465,2019-08-16 17:00:00,8,2019-08-16 18:00:00,0.15111,0.15111,0.15111,0.12,0.18056681972877456,836.872120941401,-0.0,-1.0459189070388675e-13,0.0,836.8721209414011,836.8721209414011,0.0,1.0
5466,2019-08-16 18:00:00,8,2019-08-16 19:00:00,0.15111,0.15111,0.15111,0.12,0.1805668197287747,797.2224308403942,-0.0,0.0,0.0,797.2224308403942,797.2224308403942,0.0,1.0
5467,2019-08-16 19:00:00,8,2019-08-16 20:00:00,0.15111,0.15111,0.15111,0.12,0.1805668197287747,676.0008883538135,-0.0,132.8971793203782,0.0,543.1037090334353,543.1037090334353,0.0,0.0
5468,2019-08-16 20:00:00,8,2019-08-16 21:00:00,0.15111,0.15111,0.15111,0.12,0.0,684.0708738764937,-0.0,0.0,0.0,684.0708738764937,684.0708738764937,0.0,0.0
5469,2019-08-16 21:00:00,8,2019-08-16 22:00:00,0.12561,0.12561,0.12561,0.12,0.0,270.791198327194,-0.0,0.0,0.0,270.791198327194,270.791198327194,0.0,0.0
5470,2019-08-16 22:00:00,8,2019-08-16 23:00:00,0.12561,0.12561,0.12561,0.12,0.0,232.5278878575919,-0.0,0.0,0.0,232.5278878575919,232.5278878575919,0.0,0.0
5471,2019-08-16 23:00:00,8,2019-08-17 00:00:00,0.10547,0.10547,0.10547,0.12,0.0,223.05429260615526,-0.0,0.0,0.0,223.05429260615526,223.05429260615526,0.0,0.0
5472,2019-08-17 00:00:00,8,2019-08-17 01:00:00,0.10547,0.10547,0.10547,0.12,0.0,223.0542927371495,-0.0,0.0,0.0,223.0542927371495,223.0542927371495,0.0,0.0
5473,2019-08-17 01:00:00,8,2019-08-17 02:00:00,0.10547,0.10547,0.10547,0.12,0.0,223.0542927371495,-0.0,0.0,0.0,223.0542927371495,223.0542927371495,0.0,0.0
5474,2019-08-17 02:00:00,8,2019-08-17 03:00:00,0.10547,0.10547,0.10547,0.12,0.0,223.054292713121,-0.0,0.0,0.0,223.054292713121,223.054292713121,0.0,0.0
5475,2019-08-17 03:00:00,8,2019-08-17 04:00:00,0.10547,0.10547,0.10547,0.12,0.0,232.52788796610784,-89.11377584871121,0.0,0.0,321.641663814819,321.641663814819,0.0,1.0
5476,2019-08-17 04:00:00,8,2019-08-17 05:00:00,0.10547,0.10547,0.10547,0.12,0.1024808422260179,270.7922359597569,-0.0,0.0,0.0,270.7922359597569,270.7922359597569,0.0,0.0
5477,2019-08-17 05:00:00,8,2019-08-17 06:00:00,0.10547,0.10547,0.10547,0.12,0.1024808422260179,547.1966241788032,-400.0,0.0,0.0,947.1966241788032,947.1966241788032,0.0,1.0
5478,2019-08-17 06:00:00,8,2019-08-17 07:00:00,0.10547,0.10547,0.10547,0.12,0.5624808422260179,642.0337749417959,-380.4514415425931,0.0,0.0,1022.485216484389,1022.485216484389,0.0,1.0
5479,2019-08-17 07:00:00,8,2019-08-17 08:00:00,0.10547,0.10547,0.10547,0.12,1.0,1083.185976757482,-0.0,60.70076027309301,0.0,1022.485216484389,1022.485216484389,0.0,0.0
5480,2019-08-17 08:00:00,8,2019-08-17 09:00:00,0.10547,0.10547,0.10547,0.12,0.9175261409332975,1068.826333375445,-0.0,46.34111689105612,0.0,1022.485216484389,1022.485216484389,0.0,0.0
5481,2019-08-17 09:00:00,8,2019-08-17 10:00:00,0.10547,0.10547,0.10547,0.12,0.8545626668965365,1030.0114513671185,-0.0,7.526234882729568,0.0,1022.485216484389,1022.485216484389,0.0,0.0
5482,2019-08-17 10:00:00,8,2019-08-17 11:00:00,0.10547,0.10547,0.10547,0.12,0.8443368042841322,1037.1205810668732,-0.0,14.635364582484272,0.0,1022.485216484389,1022.485216484389,0.0,0.0
5483,2019-08-17 11:00:00,8,2019-08-17 12:00:00,0.10547,0.10547,0.10547,0.12,0.8244517980579306,1004.4176761617935,-18.067540322595505,0.0,0.0,1022.485216484389,1022.485216484389,0.0,1.0
5484,2019-08-17 12:00:00,8,2019-08-17 13:00:00,0.10547,0.10547,0.10547,0.12,0.8452294694289154,1053.0916292710785,-0.0,30.60641278668959,0.0,1022.485216484389,1022.485216484389,0.0,0.0
5485,2019-08-17 13:00:00,8,2019-08-17 14:00:00,0.10547,0.10547,0.10547,0.12,0.8036446694470001,1063.5897620865396,-0.0,41.104545602150665,0.0,1022.485216484389,1022.485216484389,0.0,0.0
5486,2019-08-17 14:00:00,8,2019-08-17 15:00:00,0.12561,0.12561,0.12561,0.12,0.7477961020527737,1072.9391882551424,-0.0,50.45397177075347,0.0,1022.485216484389,1022.485216484389,0.0,0.0
5487,2019-08-17 15:00:00,8,2019-08-17 16:00:00,0.12561,0.12561,0.12561,0.12,0.6792445099729456,1114.9474652813146,-0.0,92.46224879692568,0.0,1022.485216484389,1022.485216484389,0.0,0.0
5488,2019-08-17 16:00:00,8,2019-08-17 17:00:00,0.15111,0.15111,0.15111,0.12,0.55361645454234,1019.2526152963952,-0.0,0.0,0.0,1019.2526152963952,1019.2526152963952,0.0,0.0
5489,2019-08-17 17:00:00,8,2019-08-17 18:00:00,0.15111,0.15111,0.15111,0.12,0.55361645454234,851.3235633325276,-0.0,400.0,0.0,451.32356333252756,451.32356333252756,0.0,0.0
5490,2019-08-17 18:00:00,8,2019-08-17 19:00:00,0.15111,0.15111,0.15111,0.12,0.010138193672774846,825.6277501969238,-0.0,0.0,0.0,825.6277501969238,825.6277501969238,0.0,1.0
5491,2019-08-17 19:00:00,8,2019-08-17 20:00:00,0.15111,0.15111,0.15111,0.12,0.010138193672774846,734.374178346943,-0.0,7.461710543162288,0.0,726.9124678037808,726.9124678037808,0.0,0.0
5492,2019-08-17 20:00:00,8,2019-08-17 21:00:00,0.15111,0.15111,0.15111,0.12,0.0,708.7997934054201,-0.0,0.0,0.0,708.7997934054201,708.7997934054201,0.0,0.0
5493,2019-08-17 21:00:00,8,2019-08-17 22:00:00,0.12561,0.12561,0.12561,0.12,0.0,270.79119846051367,-0.0,0.0,0.0,270.79119846051367,270.79119846051367,0.0,0.0
5494,2019-08-17 22:00:00,8,2019-08-17 23:00:00,0.12561,0.12561,0.12561,0.12,0.0,232.52788794440463,-0.0,0.0,0.0,232.52788794440463,232.52788794440463,0.0,0.0
5495,2019-08-17 23:00:00,8,2019-08-18 00:00:00,0.10547,0.10547,0.10547,0.12,0.0,223.05429263483447,-0.0,0.0,0.0,223.05429263483447,223.05429263483447,0.0,0.0
5496,2019-08-18 00:00:00,8,2019-08-18 01:00:00,0.10547,0.10547,0.10547,0.12,0.0,223.05429288674648,-0.0,0.0,0.0,223.05429288674648,223.05429288674648,0.0,0.0
5497,2019-08-18 01:00:00,8,2019-08-18 02:00:00,0.10547,0.10547,0.10547,0.12,0.0,223.05429284411522,-0.0,0.0,0.0,223.05429284411522,223.05429284411522,0.0,0.0
5498,2019-08-18 02:00:00,8,2019-08-18 03:00:00,0.10547,0.10547,0.10547,0.12,0.0,223.05429294565516,-0.0,0.0,0.0,223.05429294565516,223.05429294565516,0.0,0.0
5499,2019-08-18 03:00:00,8,2019-08-18 04:00:00,0.10547,0.10547,0.10547,0.12,0.0,232.52788816376187,-69.56521739130434,0.0,0.0,302.09310555506624,302.09310555506624,0.0,1.0
5500,2019-08-18 04:00:00,8,2019-08-18 05:00:00,0.10547,0.10547,0.10547,0.12,0.08,270.79223678137765,-0.0,0.0,0.0,270.79223678137765,270.79223678137765,0.0,0.0
5501,2019-08-18 05:00:00,8,2019-08-18 06:00:00,0.10547,0.10547,0.10547,0.12,0.08,421.4443662124771,-400.0,0.0,0.0,821.4443662124771,821.4443662124771,0.0,1.0
5502,2019-08-18 06:00:00,8,2019-08-18 07:00:00,0.10547,0.10547,0.10547,0.12,0.54,570.9670690858321,-400.0,0.0,0.0,970.9670690858321,970.9670690858321,0.0,1.0
5503,2019-08-18 07:00:00,8,2019-08-18 08:00:00,0.10547,0.10547,0.10547,0.12,1.0,1101.680632308612,-0.0,79.19541582422312,0.0,1022.485216484389,1022.485216484389,0.0,0.0
5504,2019-08-18 08:00:00,8,2019-08-18 09:00:00,0.10547,0.10547,0.10547,0.12,0.892397532847523,1092.2400666365736,-0.0,69.75485015218464,0.0,1022.485216484389,1022.485216484389,0.0,0.0
5505,2019-08-18 09:00:00,8,2019-08-18 10:00:00,0.10547,0.10547,0.10547,0.12,0.7976219212277068,1070.205227942844,-0.0,47.72001145845502,0.0,1022.485216484389,1022.485216484389,0.0,0.0
5506,2019-08-18 10:00:00,8,2019-08-18 11:00:00,0.10547,0.10547,0.10547,0.12,0.7327849491374147,1080.6874086509079,-0.0,58.2021921665189,0.0,1022.485216484389,1022.485216484389,0.0,0.0
5507,2019-08-18 11:00:00,8,2019-08-18 12:00:00,0.10547,0.10547,0.10547,0.12,0.6537058836937749,1041.1422943425762,-0.0,18.657077858187222,0.0,1022.485216484389,1022.485216484389,0.0,0.0
5508,2019-08-18 12:00:00,8,2019-08-18 13:00:00,0.10547,0.10547,0.10547,0.12,0.6283565931255857,1085.2143652894792,-0.0,62.72914880509029,0.0,1022.485216484389,1022.485216484389,0.0,0.0
5509,2019-08-18 13:00:00,8,2019-08-18 14:00:00,0.10547,0.10547,0.10547,0.12,0.5431267713795391,1091.7793178416925,-0.0,69.29410135730359,0.0,1022.485216484389,1022.485216484389,0.0,0.0
5510,2019-08-18 14:00:00,8,2019-08-18 15:00:00,0.12561,0.12561,0.12561,0.12,0.44897717714407226,1096.1850509077237,-0.0,73.69983442333478,0.0,1022.485216484389,1022.485216484389,0.0,0.0
5511,2019-08-18 15:00:00,8,2019-08-18 16:00:00,0.12561,0.12561,0.12561,0.12,0.34884153254715,1134.9375941566555,-0.0,112.4523776722665,0.0,1022.485216484389,1022.485216484389,0.0,0.0
5512,2019-08-18 16:00:00,8,2019-08-18 17:00:00,0.15111,0.15111,0.15111,0.12,0.19605297592722273,1043.091461661832,-0.0,144.29499028243595,0.0,898.796471379396,898.796471379396,0.0,0.0
5513,2019-08-18 17:00:00,8,2019-08-18 18:00:00,0.15111,0.15111,0.15111,0.12,0.0,876.7868744605738,-0.0,0.0,0.0,876.7868744605738,876.7868744605738,0.0,0.0
5514,2019-08-18 18:00:00,8,2019-08-18 19:00:00,0.15111,0.15111,0.15111,0.12,0.0,858.0997944601177,-0.0,0.0,0.0,858.0997944601177,858.0997944601177,0.0,0.0
5515,2019-08-18 19:00:00,8,2019-08-18 20:00:00,0.15111,0.15111,0.15111,0.12,0.0,776.1196830396864,-0.0,0.0,0.0,776.1196830396864,776.1196830396864,0.0,0.0
5516,2019-08-18 20:00:00,8,2019-08-18 21:00:00,0.15111,0.15111,0.15111,0.12,0.0,759.966994171328,-0.0,0.0,0.0,759.966994171328,759.966994171328,0.0,0.0
5517,2019-08-18 21:00:00,8,2019-08-18 22:00:00,0.12561,0.12561,0.12561,0.12,0.0,270.791198592283,-0.0,0.0,0.0,270.791198592283,270.791198592283,0.0,0.0
5518,2019-08-18 22:00:00,8,2019-08-18 23:00:00,0.12561,0.12561,0.12561,0.12,0.0,232.527888191666,-0.0,0.0,0.0,232.527888191666,232.527888191666,0.0,0.0
5519,2019-08-18 23:00:00,8,2019-08-19 00:00:00,0.10547,0.10547,0.10547,0.12,0.0,223.0542927968333,-0.0,0.0,0.0,223.0542927968333,223.0542927968333,0.0,0.0
5520,2019-08-19 00:00:00,8,2019-08-19 01:00:00,0.10547,0.10547,0.10547,0.12,0.0,184.42205314861735,-0.0,0.0,0.0,184.42205314861735,184.42205314861735,0.0,1.0
5521,2019-08-19 01:00:00,8,2019-08-19 02:00:00,0.10547,0.10547,0.10547,0.12,0.0,184.42205300134574,-0.0,0.0,0.0,184.42205300134574,184.42205300134574,0.0,0.0
5522,2019-08-19 02:00:00,8,2019-08-19 03:00:00,0.10547,0.10547,0.10547,0.12,0.0,184.4220530230489,-0.0,0.0,0.0,184.4220530230489,184.4220530230489,0.0,0.0
5523,2019-08-19 03:00:00,8,2019-08-19 04:00:00,0.10547,0.10547,0.10547,0.12,0.0,193.89564829231315,-0.0,0.0,0.0,193.89564829231315,193.89564829231315,0.0,1.0
5524,2019-08-19 04:00:00,8,2019-08-19 05:00:00,0.10547,0.10547,0.10547,0.12,0.0,212.84387715635634,-400.0,0.0,0.0,612.8438771563564,612.8438771563564,0.0,1.0
5525,2019-08-19 05:00:00,8,2019-08-19 06:00:00,0.10547,0.10547,0.10547,0.12,0.46,512.2140236332967,-129.71439521420325,0.0,0.0,641.9284188475,641.9284188475,0.0,1.0
5526,2019-08-19 06:00:00,8,2019-08-19 07:00:00,0.10547,0.10547,0.10547,0.12,0.6091715544963338,557.6662801726434,-0.0,0.0,0.0,557.6662801726434,557.6662801726434,0.0,0.0
5527,2019-08-19 07:00:00,8,2019-08-19 08:00:00,0.10547,0.10547,0.10547,0.12,0.6091715544963338,802.1418055275284,0.0,0.0,0.0,802.1418055275284,802.1418055275284,0.0,0.0
5528,2019-08-19 08:00:00,8,2019-08-19 09:00:00,0.10547,0.10547,0.10547,0.12,0.6091715544963338,784.4020447183896,-17.739760809138755,-3.217915054390142e-14,0.0,802.1418055275285,802.1418055275285,0.0,1.0
5529,2019-08-19 09:00:00,8,2019-08-19 10:00:00,0.10547,0.10547,0.10547,0.12,0.6295722794268435,751.710301118478,-0.0,0.0,0.0,751.7103011184781,751.7103011184781,0.0,1.0
5530,2019-08-19 10:00:00,8,2019-08-19 11:00:00,0.10547,0.10547,0.10547,0.12,0.6295722794268435,753.8163683997517,-48.32543712777667,-8.526512829121202e-14,0.0,802.1418055275285,802.1418055275285,0.0,1.0
5531,2019-08-19 11:00:00,8,2019-08-19 12:00:00,0.10547,0.10547,0.10547,0.12,0.6851465321237867,754.0878610636383,-0.0,7.844391802791507e-14,0.0,754.0878610636382,754.0878610636382,0.0,0.0
5532,2019-08-19 12:00:00,8,2019-08-19 13:00:00,0.10547,0.10547,0.10547,0.12,0.6851465321237866,758.096933651802,0.0,0.0,0.0,758.096933651802,758.096933651802,0.0,0.0
5533,2019-08-19 13:00:00,8,2019-08-19 14:00:00,0.10547,0.10547,0.10547,0.12,0.6851465321237866,572.4010531630694,-273.7856242401856,7.105427357601002e-15,0.0,846.186677403255,846.186677403255,0.0,1.0
5534,2019-08-19 14:00:00,8,2019-08-19 15:00:00,0.12561,0.12561,0.12561,0.12,1.0,575.2652565482987,-0.0,0.0,0.0,575.2652565482987,575.2652565482987,0.0,1.0
5535,2019-08-19 15:00:00,8,2019-08-19 16:00:00,0.12561,0.12561,0.12561,0.12,1.0,606.4548382119941,-0.0,0.0,0.0,606.4548382119941,606.4548382119941,0.0,0.0
5536,2019-08-19 16:00:00,8,2019-08-19 17:00:00,0.15111,0.15111,0.15111,0.12,1.0,565.1071131189547,-0.0,400.0,0.0,165.10711311895466,165.10711311895466,0.0,0.0
5537,2019-08-19 17:00:00,8,2019-08-19 18:00:00,0.15111,0.15111,0.15111,0.12,0.4565217391304348,229.95121425271216,-0.0,229.95121425271216,0.0,0.0,0.0,0.0,0.0
5538,2019-08-19 18:00:00,8,2019-08-19 19:00:00,0.15111,0.15111,0.15111,0.12,0.1440880241131629,217.62633853495453,-0.0,0.0,0.0,217.62633853495453,217.62633853495453,0.0,0.0
5539,2019-08-19 19:00:00,8,2019-08-19 20:00:00,0.15111,0.15111,0.15111,0.12,0.1440880241131629,250.7379123915476,-0.0,106.0487857472879,0.0,144.68912664425972,144.68912664425972,0.0,0.0
5540,2019-08-19 20:00:00,8,2019-08-19 21:00:00,0.15111,0.15111,0.15111,0.12,0.0,231.79141369022312,-0.0,0.0,0.0,231.79141369022312,231.79141369022312,0.0,0.0
5541,2019-08-19 21:00:00,8,2019-08-19 22:00:00,0.12561,0.12561,0.12561,0.12,0.0,212.84283900369203,-0.0,0.0,0.0,212.84283900369203,212.84283900369203,0.0,0.0
5542,2019-08-19 22:00:00,8,2019-08-19 23:00:00,0.12561,0.12561,0.12561,0.12,0.0,193.89564837602546,-0.0,-3.1554436208840465e-30,0.0,193.89564837602546,193.89564837602546,0.0,1.0
5543,2019-08-19 23:00:00,8,2019-08-20 00:00:00,0.10547,0.10547,0.10547,0.12,0.0,184.42205317807168,-0.0,0.0,0.0,184.42205317807168,184.42205317807168,0.0,1.0
5544,2019-08-20 00:00:00,8,2019-08-20 01:00:00,0.10547,0.10547,0.10547,0.12,0.0,184.42170710599714,-0.0,0.0,0.0,184.42170710599714,184.42170710599714,0.0,1.0
5545,2019-08-20 01:00:00,8,2019-08-20 02:00:00,0.10547,0.10547,0.10547,0.12,0.0,184.4217068626114,-0.0,0.0,0.0,184.4217068626114,184.4217068626114,0.0,0.0
5546,2019-08-20 02:00:00,8,2019-08-20 03:00:00,0.10547,0.10547,0.10547,0.12,0.0,184.42170726567062,-0.0,0.0,0.0,184.42170726567062,184.42170726567062,0.0,0.0
5547,2019-08-20 03:00:00,8,2019-08-20 04:00:00,0.10547,0.10547,0.10547,0.12,0.0,193.89530274499072,-0.0,0.0,0.0,193.89530274499072,193.89530274499072,0.0,1.0
5548,2019-08-20 04:00:00,8,2019-08-20 05:00:00,0.10547,0.10547,0.10547,0.12,0.0,212.84353109435827,-0.0,0.0,0.0,212.84353109435827,212.84353109435827,0.0,0.0
5549,2019-08-20 05:00:00,8,2019-08-20 06:00:00,0.10547,0.10547,0.10547,0.12,0.0,230.8699303238011,-343.5030427529056,0.0,0.0,574.3729730767068,574.3729730767068,0.0,1.0
5550,2019-08-20 06:00:00,8,2019-08-20 07:00:00,0.10547,0.10547,0.10547,0.12,0.3950284991658415,229.95017659147007,-0.0,0.0,0.0,229.95017659147007,229.95017659147007,0.0,0.0
5551,2019-08-20 07:00:00,8,2019-08-20 08:00:00,0.10547,0.10547,0.10547,0.12,0.3950284991658415,382.16069904395926,-0.0,0.0,0.0,382.16069904395926,382.16069904395926,0.0,0.0
5552,2019-08-20 08:00:00,8,2019-08-20 09:00:00,0.10547,0.10547,0.10547,0.12,0.3950284991658415,481.52842833259945,-92.84454474410728,0.0,0.0,574.3729730767068,574.3729730767068,0.0,1.0
5553,2019-08-20 09:00:00,8,2019-08-20 10:00:00,0.10547,0.10547,0.10547,0.12,0.5017997256215649,415.09748769864564,-0.0,0.0,0.0,415.09748769864564,415.09748769864564,0.0,0.0
5554,2019-08-20 10:00:00,8,2019-08-20 11:00:00,0.10547,0.10547,0.10547,0.12,0.5017997256215649,456.040685901529,0.0,0.0,0.0,456.040685901529,456.040685901529,0.0,0.0
5555,2019-08-20 11:00:00,8,2019-08-20 12:00:00,0.10547,0.10547,0.10547,0.12,0.5017997256215649,316.8006478249642,-257.57232525174254,0.0,0.0,574.3729730767068,574.3729730767068,0.0,1.0
5556,2019-08-20 12:00:00,8,2019-08-20 13:00:00,0.10547,0.10547,0.10547,0.12,0.7980078996610687,364.7855566307112,-175.645304642549,0.0,0.0,540.4308612732602,540.4308612732602,0.0,1.0
5557,2019-08-20 13:00:00,8,2019-08-20 14:00:00,0.10547,0.10547,0.10547,0.12,1.0,398.7276684341578,-0.0,0.0,0.0,398.7276684341578,398.7276684341578,0.0,0.0
5558,2019-08-20 14:00:00,8,2019-08-20 15:00:00,0.12561,0.12561,0.12561,0.12,1.0,381.3859824818809,-0.0,0.0,0.0,381.3859824818809,381.3859824818809,0.0,1.0
5559,2019-08-20 15:00:00,8,2019-08-20 16:00:00,0.12561,0.12561,0.12561,0.12,1.0,444.87773395951706,-0.0,0.0,0.0,444.87773395951706,444.87773395951706,0.0,1.0
5560,2019-08-20 16:00:00,8,2019-08-20 17:00:00,0.15111,0.15111,0.15111,0.12,1.0,507.96764120997005,-0.0,400.0,0.0,107.96764120997005,107.96764120997005,0.0,0.0
5561,2019-08-20 17:00:00,8,2019-08-20 18:00:00,0.15111,0.15111,0.15111,0.12,0.4565217391304348,465.06173054159655,-0.0,336.00000000000006,0.0,129.0617305415965,129.0617305415965,0.0,0.0
5562,2019-08-20 18:00:00,8,2019-08-20 19:00:00,0.15111,0.15111,0.15111,0.12,0.0,321.138181663677,-0.0,0.0,0.0,321.138181663677,321.138181663677,0.0,0.0
5563,2019-08-20 19:00:00,8,2019-08-20 20:00:00,0.15111,0.15111,0.15111,0.12,0.0,250.73687391411062,-0.0,0.0,0.0,250.73687391411062,250.73687391411062,0.0,0.0
5564,2019-08-20 20:00:00,8,2019-08-20 21:00:00,0.15111,0.15111,0.15111,0.12,0.0,231.79072213671083,-0.0,0.0,0.0,231.79072213671083,231.79072213671083,0.0,0.0
5565,2019-08-20 21:00:00,8,2019-08-20 22:00:00,0.12561,0.12561,0.12561,0.12,0.0,212.84249283782873,-0.0,0.0,0.0,212.84249283782873,212.84249283782873,0.0,0.0
5566,2019-08-20 22:00:00,8,2019-08-20 23:00:00,0.12561,0.12561,0.12561,0.12,0.0,193.8953026488766,-0.0,0.0,0.0,193.8953026488766,193.8953026488766,0.0,0.0
5567,2019-08-20 23:00:00,8,2019-08-21 00:00:00,0.10547,0.10547,0.10547,0.12,0.0,184.42170751913284,-0.0,0.0,0.0,184.42170751913284,184.42170751913284,0.0,0.0
5568,2019-08-21 00:00:00,8,2019-08-21 01:00:00,0.10547,0.10547,0.10547,0.12,0.0,223.05429344792893,-0.0,0.0,0.0,223.05429344792893,223.05429344792893,0.0,0.0
5569,2019-08-21 01:00:00,8,2019-08-21 02:00:00,0.10547,0.10547,0.10547,0.12,0.0,223.05429338204425,-0.0,0.0,0.0,223.05429338204425,223.05429338204425,0.0,0.0
5570,2019-08-21 02:00:00,8,2019-08-21 03:00:00,0.10547,0.10547,0.10547,0.12,0.0,223.05429333243694,-69.56521739130434,0.0,0.0,292.6195107237413,292.6195107237413,0.0,1.0
5571,2019-08-21 03:00:00,8,2019-08-21 04:00:00,0.10547,0.10547,0.10547,0.12,0.08,232.52788852418985,-0.0,0.0,0.0,232.52788852418985,232.52788852418985,0.0,0.0
5572,2019-08-21 04:00:00,8,2019-08-21 05:00:00,0.10547,0.10547,0.10547,0.12,0.08,270.7922373952678,-400.0,0.0,0.0,670.7922373952679,670.7922373952679,0.0,1.0
5573,2019-08-21 05:00:00,8,2019-08-21 06:00:00,0.10547,0.10547,0.10547,0.12,0.54,443.4163904818956,-400.0,0.0,0.0,843.4163904818956,843.4163904818956,0.0,1.0
5574,2019-08-21 06:00:00,8,2019-08-21 07:00:00,0.10547,0.10547,0.10547,0.12,1.0,548.9111252609041,0.0,0.0,0.0,548.9111252609041,548.9111252609041,0.0,0.0
5575,2019-08-21 07:00:00,8,2019-08-21 08:00:00,0.10547,0.10547,0.10547,0.12,1.0,1038.5997203618197,-0.0,16.114503877430707,0.0,1022.485216484389,1022.485216484389,0.0,0.0
5576,2019-08-21 08:00:00,8,2019-08-21 09:00:00,0.10547,0.10547,0.10547,0.12,0.9781052936447953,1068.1786870575781,-0.0,45.69347057318919,0.0,1022.485216484389,1022.485216484389,0.0,0.0
5577,2019-08-21 09:00:00,8,2019-08-21 10:00:00,0.10547,0.10547,0.10547,0.12,0.9160217738442664,1034.9294642799127,-0.0,12.44424779552378,0.0,1022.485216484389,1022.485216484389,0.0,0.0
5578,2019-08-21 10:00:00,8,2019-08-21 11:00:00,0.10547,0.10547,0.10547,0.12,0.8991138284699134,1034.8749812842916,-0.0,12.38976479990265,0.0,1022.485216484389,1022.485216484389,0.0,0.0
5579,2019-08-21 11:00:00,8,2019-08-21 12:00:00,0.10547,0.10547,0.10547,0.12,0.8822799089048283,996.1160968983855,-26.36911958600342,0.0,0.0,1022.485216484389,1022.485216484389,0.0,1.0
5580,2019-08-21 12:00:00,8,2019-08-21 13:00:00,0.10547,0.10547,0.10547,0.12,0.9126043964287323,1044.8318063773256,-0.0,22.346589892936887,0.0,1022.4852164843887,1022.4852164843887,0.0,0.0
5581,2019-08-21 13:00:00,8,2019-08-21 14:00:00,0.10547,0.10547,0.10547,0.12,0.8822421819002854,1061.3033788882626,-0.0,38.818162403873714,0.0,1022.485216484389,1022.485216484389,0.0,0.0
5582,2019-08-21 14:00:00,8,2019-08-21 15:00:00,0.12561,0.12561,0.12561,0.12,0.8295001134167613,1063.568751996706,-0.0,41.083535512316956,0.0,1022.485216484389,1022.485216484389,0.0,0.0
5583,2019-08-21 15:00:00,8,2019-08-21 16:00:00,0.12561,0.12561,0.12561,0.12,0.7736800923402437,1097.849236048333,-0.0,75.36401956394378,0.0,1022.485216484389,1022.485216484389,0.0,0.0
5584,2019-08-21 16:00:00,8,2019-08-21 17:00:00,0.15111,0.15111,0.15111,0.12,0.6712833266283635,1001.5473240964927,-0.0,399.99999999999994,0.0,601.5473240964927,601.5473240964927,0.0,0.0
5585,2019-08-21 17:00:00,8,2019-08-21 18:00:00,0.15111,0.15111,0.15111,0.12,0.12780506575879846,838.0181951697191,-0.0,2.6147972675971688e-14,0.0,838.0181951697191,838.0181951697191,0.0,1.0
5586,2019-08-21 18:00:00,8,2019-08-21 19:00:00,0.15111,0.15111,0.15111,0.12,0.12780506575879882,795.1122176896287,-0.0,-3.552713678800501e-15,0.0,795.1122176896287,795.1122176896287,0.0,1.0
5587,2019-08-21 19:00:00,8,2019-08-21 20:00:00,0.15111,0.15111,0.15111,0.12,0.1278050657587989,648.2409109968946,-0.0,0.0,0.0,648.2409109968946,648.2409109968946,0.0,0.0
5588,2019-08-21 20:00:00,8,2019-08-21 21:00:00,0.15111,0.15111,0.15111,0.12,0.12780506575879888,605.1450010369316,-0.0,94.06452839847609,0.0,511.0804726384555,511.0804726384555,0.0,0.0
5589,2019-08-21 21:00:00,8,2019-08-21 22:00:00,0.12561,0.12561,0.12561,0.12,0.0,270.7911990085192,-0.0,0.0,0.0,270.7911990085192,270.7911990085192,0.0,0.0
5590,2019-08-21 22:00:00,8,2019-08-21 23:00:00,0.12561,0.12561,0.12561,0.12,0.0,232.5278885234147,-0.0,0.0,0.0,232.5278885234147,232.5278885234147,0.0,0.0
5591,2019-08-21 23:00:00,8,2019-08-22 00:00:00,0.10547,0.10547,0.10547,0.12,0.0,223.0542933448388,-0.0,0.0,0.0,223.0542933448388,223.0542933448388,0.0,0.0
5592,2019-08-22 00:00:00,8,2019-08-22 01:00:00,0.10547,0.10547,0.10547,0.12,0.0,223.0542935355168,-0.0,0.0,0.0,223.0542935355168,223.0542935355168,0.0,0.0
5593,2019-08-22 01:00:00,8,2019-08-22 02:00:00,0.10547,0.10547,0.10547,0.12,0.0,223.0542936192291,-0.0,0.0,0.0,223.0542936192291,223.0542936192291,0.0,0.0
5594,2019-08-22 02:00:00,8,2019-08-22 03:00:00,0.10547,0.10547,0.10547,0.12,0.0,223.05429358667436,-0.0,0.0,0.0,223.05429358667436,223.05429358667436,0.0,0.0
5595,2019-08-22 03:00:00,8,2019-08-22 04:00:00,0.10547,0.10547,0.10547,0.12,0.0,232.52788893034952,-0.0,0.0,0.0,232.52788893034952,232.52788893034952,0.0,0.0
5596,2019-08-22 04:00:00,8,2019-08-22 05:00:00,0.10547,0.10547,0.10547,0.12,0.0,270.7922376394287,-400.00000000000006,0.0,0.0,670.7922376394288,670.7922376394288,0.0,1.0
5597,2019-08-22 05:00:00,8,2019-08-22 06:00:00,0.10547,0.10547,0.10547,0.12,0.4600000000000001,343.85768368158267,-400.0,0.0,0.0,743.8576836815827,743.8576836815827,0.0,1.0
5598,2019-08-22 06:00:00,8,2019-08-22 07:00:00,0.10547,0.10547,0.10547,0.12,0.92,498.9606614555788,-17.987206308992736,0.0,0.0,516.9478677645716,516.9478677645716,0.0,1.0
5599,2019-08-22 07:00:00,8,2019-08-22 08:00:00,0.10547,0.10547,0.10547,0.12,0.9406852872553416,970.9072054020774,-51.578011082311605,0.0,0.0,1022.485216484389,1022.485216484389,0.0,1.0
5600,2019-08-22 08:00:00,8,2019-08-22 09:00:00,0.10547,0.10547,0.10547,0.12,1.0,1027.707366451118,-0.0,5.222149966729148,0.0,1022.485216484389,1022.485216484389,0.0,0.0
5601,2019-08-22 09:00:00,8,2019-08-22 10:00:00,0.10547,0.10547,0.10547,0.12,0.9929046875452049,1036.8767895565109,-0.0,14.3915730721219,0.0,1022.485216484389,1022.485216484389,0.0,0.0
5602,2019-08-22 10:00:00,8,2019-08-22 11:00:00,0.10547,0.10547,0.10547,0.12,0.9733509197841697,1049.466753006982,-0.0,26.981536522592933,0.0,1022.485216484389,1022.485216484389,0.0,0.0
5603,2019-08-22 11:00:00,8,2019-08-22 12:00:00,0.10547,0.10547,0.10547,0.12,0.9366912234219511,1018.8639336300816,-3.62128285430731,0.0,0.0,1022.485216484389,1022.485216484389,0.0,1.0
5604,2019-08-22 12:00:00,8,2019-08-22 13:00:00,0.10547,0.10547,0.10547,0.12,0.9408556987044046,1072.0057345723812,-0.0,49.520518087992286,0.0,1022.485216484389,1022.485216484389,0.0,0.0
5605,2019-08-22 13:00:00,8,2019-08-22 14:00:00,0.10547,0.10547,0.10547,0.12,0.8735723860848498,1081.1801139885217,-0.0,58.69489750413277,0.0,1022.485216484389,1022.485216484389,0.0,0.0
5606,2019-08-22 14:00:00,8,2019-08-22 15:00:00,0.12561,0.12561,0.12561,0.12,0.7938238840411911,1080.4108636257104,-0.0,57.925647141321406,0.0,1022.485216484389,1022.485216484389,0.0,0.0
5607,2019-08-22 15:00:00,8,2019-08-22 16:00:00,0.12561,0.12561,0.12561,0.12,0.7151205591209175,1112.0856720623442,-0.0,89.60045557795524,0.0,1022.485216484389,1022.485216484389,0.0,0.0
5608,2019-08-22 16:00:00,8,2019-08-22 17:00:00,0.15111,0.15111,0.15111,0.12,0.5933808096943479,1009.0491670159312,-0.0,400.0,0.0,609.0491670159312,609.0491670159312,0.0,0.0
5609,2019-08-22 17:00:00,8,2019-08-22 18:00:00,0.15111,0.15111,0.15111,0.12,0.049902548824782754,837.2353430153506,-0.0,36.72827593504011,0.0,800.5070670803104,800.5070670803104,0.0,0.0
5610,2019-08-22 18:00:00,8,2019-08-22 19:00:00,0.15111,0.15111,0.15111,0.12,0.0,782.7983604181237,-0.0,0.0,0.0,782.7983604181237,782.7983604181237,0.0,0.0
5611,2019-08-22 19:00:00,8,2019-08-22 20:00:00,0.15111,0.15111,0.15111,0.12,0.0,649.7861360913013,-0.0,0.0,0.0,649.7861360913013,649.7861360913013,0.0,0.0
5612,2019-08-22 20:00:00,8,2019-08-22 21:00:00,0.15111,0.15111,0.15111,0.12,0.0,588.0968102159135,-0.0,0.0,0.0,588.0968102159135,588.0968102159135,0.0,0.0
5613,2019-08-22 21:00:00,8,2019-08-22 22:00:00,0.12561,0.12561,0.12561,0.12,0.0,270.7911993534449,-0.0,0.0,0.0,270.7911993534449,270.7911993534449,0.0,0.0
5614,2019-08-22 22:00:00,8,2019-08-22 23:00:00,0.12561,0.12561,0.12561,0.12,0.0,232.52788890942142,-0.0,0.0,0.0,232.52788890942142,232.52788890942142,0.0,0.0
5615,2019-08-22 23:00:00,8,2019-08-23 00:00:00,0.10547,0.10547,0.10547,0.12,0.0,223.05429355877024,-0.0,0.0,0.0,223.05429355877024,223.05429355877024,0.0,0.0
5616,2019-08-23 00:00:00,8,2019-08-23 01:00:00,0.10547,0.10547,0.10547,0.12,0.0,223.0542937703763,-0.0,0.0,0.0,223.0542937703763,223.0542937703763,0.0,0.0
5617,2019-08-23 01:00:00,8,2019-08-23 02:00:00,0.10547,0.10547,0.10547,0.12,0.0,223.05429368123822,-0.0,0.0,0.0,223.05429368123822,223.05429368123822,0.0,0.0
5618,2019-08-23 02:00:00,8,2019-08-23 03:00:00,0.10547,0.10547,0.10547,0.12,0.0,223.05429364093231,-0.0,0.0,0.0,223.05429364093231,223.05429364093231,0.0,0.0
5619,2019-08-23 03:00:00,8,2019-08-23 04:00:00,0.10547,0.10547,0.10547,0.12,0.0,232.52788892337352,-0.0,0.0,0.0,232.52788892337352,232.52788892337352,0.0,0.0
5620,2019-08-23 04:00:00,8,2019-08-23 05:00:00,0.10547,0.10547,0.10547,0.12,0.0,270.7922380998464,-400.0,0.0,0.0,670.7922380998464,670.7922380998464,0.0,1.0
5621,2019-08-23 05:00:00,8,2019-08-23 06:00:00,0.10547,0.10547,0.10547,0.12,0.46,314.83882415931845,-399.99999999999994,0.0,0.0,714.8388241593184,714.8388241593184,0.0,1.0
5622,2019-08-23 06:00:00,8,2019-08-23 07:00:00,0.10547,0.10547,0.10547,0.12,0.92,461.19773868741146,-69.56521739130434,0.0,0.0,530.7629560787158,530.7629560787158,0.0,1.0
5623,2019-08-23 07:00:00,8,2019-08-23 08:00:00,0.10547,0.10547,0.10547,0.12,1.0,967.8681059581528,0.0,0.0,0.0,967.8681059581528,967.8681059581528,0.0,0.0
5624,2019-08-23 08:00:00,8,2019-08-23 09:00:00,0.10547,0.10547,0.10547,0.12,1.0,1069.1423796694473,-0.0,46.65716318505838,0.0,1022.485216484389,1022.485216484389,0.0,0.0
5625,2019-08-23 09:00:00,8,2019-08-23 10:00:00,0.10547,0.10547,0.10547,0.12,0.9366071152376924,1054.8621264129702,-0.0,32.3769099285812,0.0,1022.485216484389,1022.485216484389,0.0,0.0
5626,2019-08-23 10:00:00,8,2019-08-23 11:00:00,0.10547,0.10547,0.10547,0.12,0.8926167484869028,1060.9070547772685,-0.0,38.421838292879556,0.0,1022.485216484389,1022.485216484389,0.0,0.0
5627,2019-08-23 11:00:00,8,2019-08-23 12:00:00,0.10547,0.10547,0.10547,0.12,0.8404131638498381,1023.8665520920057,-0.0,1.3813356076167338,0.0,1022.485216484389,1022.485216484389,0.0,0.0
5628,2019-08-23 12:00:00,8,2019-08-23 13:00:00,0.10547,0.10547,0.10547,0.12,0.8385363491655763,1079.2819268089506,-0.0,56.79671032456167,0.0,1022.485216484389,1022.485216484389,0.0,0.0
5629,2019-08-23 13:00:00,8,2019-08-23 14:00:00,0.10547,0.10547,0.10547,0.12,0.761366905789813,1092.783413993691,-0.0,70.2981975093021,0.0,1022.485216484389,1022.485216484389,0.0,0.0
5630,2019-08-23 14:00:00,8,2019-08-23 15:00:00,0.12561,0.12561,0.12561,0.12,0.6658530504782613,1099.0892707683342,-0.0,76.60405428394529,0.0,1022.485216484389,1022.485216484389,0.0,0.0
5631,2019-08-23 15:00:00,8,2019-08-23 16:00:00,0.12561,0.12561,0.12561,0.12,0.5617714549837703,1133.0626715166716,-0.0,110.57745503228261,0.0,1022.485216484389,1022.485216484389,0.0,0.0
5632,2019-08-23 16:00:00,8,2019-08-23 17:00:00,0.15111,0.15111,0.15111,0.12,0.41153034760295154,1020.9187308426456,-0.0,302.88633583577234,0.0,718.0323950068732,718.0323950068732,0.0,0.0
5633,2019-08-23 17:00:00,8,2019-08-23 18:00:00,0.15111,0.15111,0.15111,0.12,0.0,844.0002322966949,-0.0,0.0,0.0,844.0002322966949,844.0002322966949,0.0,0.0
5634,2019-08-23 18:00:00,8,2019-08-23 19:00:00,0.15111,0.15111,0.15111,0.12,0.0,788.9616468364217,-0.0,0.0,0.0,788.9616468364217,788.9616468364217,0.0,0.0
5635,2019-08-23 19:00:00,8,2019-08-23 20:00:00,0.15111,0.15111,0.15111,0.12,0.0,702.3812975825399,-0.0,0.0,0.0,702.3812975825399,702.3812975825399,0.0,0.0
5636,2019-08-23 20:00:00,8,2019-08-23 21:00:00,0.15111,0.15111,0.15111,0.12,0.0,705.4427114469478,-0.0,0.0,0.0,705.4427114469478,705.4427114469478,0.0,0.0
5637,2019-08-23 21:00:00,8,2019-08-23 22:00:00,0.12561,0.12561,0.12561,0.12,0.0,270.791199436382,-0.0,0.0,0.0,270.791199436382,270.791199436382,0.0,0.0
5638,2019-08-23 22:00:00,8,2019-08-23 23:00:00,0.12561,0.12561,0.12561,0.12,0.0,232.52788896600475,-0.0,0.0,0.0,232.52788896600475,232.52788896600475,0.0,0.0
5639,2019-08-23 23:00:00,8,2019-08-24 00:00:00,0.10547,0.10547,0.10547,0.12,0.0,223.05429374479755,-0.0,0.0,0.0,223.05429374479755,223.05429374479755,0.0,0.0
5640,2019-08-24 00:00:00,8,2019-08-24 01:00:00,0.10547,0.10547,0.10547,0.12,0.0,223.0542940075612,-0.0,0.0,0.0,223.0542940075612,223.0542940075612,0.0,0.0
5641,2019-08-24 01:00:00,8,2019-08-24 02:00:00,0.10547,0.10547,0.10547,0.12,0.0,223.05429405329286,-0.0,0.0,0.0,223.05429405329286,223.05429405329286,0.0,0.0
5642,2019-08-24 02:00:00,8,2019-08-24 03:00:00,0.10547,0.10547,0.10547,0.12,0.0,223.0542940486422,-0.0,0.0,0.0,223.0542940486422,223.0542940486422,0.0,0.0
5643,2019-08-24 03:00:00,8,2019-08-24 04:00:00,0.10547,0.10547,0.10547,0.12,0.0,232.52788936208796,-0.0,0.0,0.0,232.52788936208796,232.52788936208796,0.0,0.0
5644,2019-08-24 04:00:00,8,2019-08-24 05:00:00,0.10547,0.10547,0.10547,0.12,0.0,270.7922382215393,-400.0,0.0,0.0,670.7922382215393,670.7922382215393,0.0,1.0
5645,2019-08-24 05:00:00,8,2019-08-24 06:00:00,0.10547,0.10547,0.10547,0.12,0.46,423.1238985181972,-69.56521739130434,0.0,0.0,492.68911590950154,492.68911590950154,0.0,1.0
5646,2019-08-24 06:00:00,8,2019-08-24 07:00:00,0.10547,0.10547,0.10547,0.12,0.54,530.3404940818176,-400.0,0.0,0.0,930.3404940818176,930.3404940818176,0.0,1.0
5647,2019-08-24 07:00:00,8,2019-08-24 08:00:00,0.10547,0.10547,0.10547,0.12,1.0,1064.2251716814235,-0.0,41.73995519703453,0.0,1022.485216484389,1022.485216484389,0.0,0.0
5648,2019-08-24 08:00:00,8,2019-08-24 09:00:00,0.10547,0.10547,0.10547,0.12,0.9432881043518553,1082.7653671191333,-0.0,60.28015063474436,0.0,1022.485216484389,1022.485216484389,0.0,0.0
5649,2019-08-24 09:00:00,8,2019-08-24 10:00:00,0.10547,0.10547,0.10547,0.12,0.8613857257720396,1056.3929145926122,-0.0,33.90769810822326,0.0,1022.485216484389,1022.485216484389,0.0,0.0
5650,2019-08-24 10:00:00,8,2019-08-24 11:00:00,0.10547,0.10547,0.10547,0.12,0.815315483777171,1072.2428916271706,-0.0,49.757675142781636,0.0,1022.485216484389,1022.485216484389,0.0,0.0
5651,2019-08-24 11:00:00,8,2019-08-24 12:00:00,0.10547,0.10547,0.10547,0.12,0.7477099468983915,1043.0353437649894,-0.0,20.550127280600464,0.0,1022.485216484389,1022.485216484389,0.0,0.0
5652,2019-08-24 12:00:00,8,2019-08-24 13:00:00,0.10547,0.10547,0.10547,0.12,0.7197885783106192,1090.5039628869695,-0.0,68.01874640258052,0.0,1022.485216484389,1022.485216484389,0.0,0.0
5653,2019-08-24 13:00:00,8,2019-08-24 14:00:00,0.10547,0.10547,0.10547,0.12,0.6273718033071131,1102.4215840461607,-0.0,79.9363675617717,0.0,1022.485216484389,1022.485216484389,0.0,0.0
5654,2019-08-24 14:00:00,8,2019-08-24 15:00:00,0.12561,0.12561,0.12561,0.12,0.518762608250358,1100.1743304883341,-0.0,77.68911400394518,0.0,1022.485216484389,1022.485216484389,0.0,0.0
5655,2019-08-24 15:00:00,8,2019-08-24 16:00:00,0.12561,0.12561,0.12561,0.12,0.4132067468319542,1142.3476843955616,-0.0,119.86246791117264,0.0,1022.485216484389,1022.485216484389,0.0,0.0
5656,2019-08-24 16:00:00,8,2019-08-24 17:00:00,0.15111,0.15111,0.15111,0.12,0.25035013282220875,1050.1646784670338,-0.0,27.679461982644852,0.0,1022.485216484389,1022.485216484389,0.0,0.0
5657,2019-08-24 17:00:00,8,2019-08-24 18:00:00,0.15111,0.15111,0.15111,0.12,0.21274216817187608,872.1697722316056,-0.0,0.0,0.0,872.1697722316056,872.1697722316056,0.0,0.0
5658,2019-08-24 18:00:00,8,2019-08-24 19:00:00,0.15111,0.15111,0.15111,0.12,0.21274216817187608,847.8230351328131,-0.0,156.5782357745008,0.0,691.2447993583123,691.2447993583123,0.0,0.0
5659,2019-08-24 19:00:00,8,2019-08-24 20:00:00,0.15111,0.15111,0.15111,0.12,0.0,749.4337252889808,-0.0,0.0,0.0,749.4337252889808,749.4337252889808,0.0,0.0
5660,2019-08-24 20:00:00,8,2019-08-24 21:00:00,0.15111,0.15111,0.15111,0.12,0.0,725.0511872623867,-0.0,0.0,0.0,725.0511872623867,725.0511872623867,0.0,0.0
5661,2019-08-24 21:00:00,8,2019-08-24 22:00:00,0.12561,0.12561,0.12561,0.12,0.0,270.791199830915,-0.0,0.0,0.0,270.791199830915,270.791199830915,0.0,0.0
5662,2019-08-24 22:00:00,8,2019-08-24 23:00:00,0.12561,0.12561,0.12561,0.12,0.0,232.52788936208796,-0.0,0.0,0.0,232.52788936208796,232.52788936208796,0.0,0.0
5663,2019-08-24 23:00:00,8,2019-08-25 00:00:00,0.10547,0.10547,0.10547,0.12,0.0,223.05429403469017,-0.0,0.0,0.0,223.05429403469017,223.05429403469017,0.0,0.0
5664,2019-08-25 00:00:00,8,2019-08-25 01:00:00,0.10547,0.10547,0.10547,0.12,0.0,223.05429425249716,0.0,0.0,0.0,223.05429425249716,223.05429425249716,0.0,0.0
5665,2019-08-25 01:00:00,8,2019-08-25 02:00:00,0.10547,0.10547,0.10547,0.12,0.0,223.0542941920383,-0.0,0.0,0.0,223.0542941920383,223.0542941920383,0.0,0.0
5666,2019-08-25 02:00:00,8,2019-08-25 03:00:00,0.10547,0.10547,0.10547,0.12,0.0,223.05429412382824,-0.0,0.0,0.0,223.05429412382824,223.05429412382824,0.0,0.0
5667,2019-08-25 03:00:00,8,2019-08-25 04:00:00,0.10547,0.10547,0.10547,0.12,0.0,232.52788941169524,-0.0,0.0,0.0,232.52788941169524,232.52788941169524,0.0,0.0
5668,2019-08-25 04:00:00,8,2019-08-25 05:00:00,0.10547,0.10547,0.10547,0.12,0.0,270.7922388509317,-0.0,0.0,0.0,270.7922388509317,270.7922388509317,0.0,0.0
5669,2019-08-25 05:00:00,8,2019-08-25 06:00:00,0.10547,0.10547,0.10547,0.12,0.0,467.22479885502497,-400.0,0.0,0.0,867.224798855025,867.224798855025,0.0,1.0
5670,2019-08-25 06:00:00,8,2019-08-25 07:00:00,0.10547,0.10547,0.10547,0.12,0.46,535.6617601633658,-373.1099738874874,0.0,0.0,908.7717340508532,908.7717340508532,0.0,1.0
5671,2019-08-25 07:00:00,8,2019-08-25 08:00:00,0.10547,0.10547,0.10547,0.12,0.8890764699706105,957.1517939376324,-0.0,0.0,0.0,957.1517939376324,957.1517939376324,0.0,0.0
5672,2019-08-25 08:00:00,8,2019-08-25 09:00:00,0.10547,0.10547,0.10547,0.12,0.8890764699706105,926.029972980572,-96.45524350381697,0.0,0.0,1022.485216484389,1022.485216484389,0.0,1.0
5673,2019-08-25 09:00:00,8,2019-08-25 10:00:00,0.10547,0.10547,0.10547,0.12,1.0,973.3445856383606,-0.0,0.0,0.0,973.3445856383606,973.3445856383606,0.0,0.0
5674,2019-08-25 10:00:00,8,2019-08-25 11:00:00,0.10547,0.10547,0.10547,0.12,1.0,1040.6080033231372,-0.0,18.122786838748198,0.0,1022.485216484389,1022.485216484389,0.0,0.0
5675,2019-08-25 11:00:00,8,2019-08-25 12:00:00,0.10547,0.10547,0.10547,0.12,0.9753766483169183,1013.3842160588695,-9.101000425519487,0.0,0.0,1022.485216484389,1022.485216484389,0.0,1.0
5676,2019-08-25 12:00:00,8,2019-08-25 13:00:00,0.10547,0.10547,0.10547,0.12,0.9858427988062657,1063.9869673935107,-0.0,41.50175090912171,0.0,1022.485216484389,1022.485216484389,0.0,0.0
5677,2019-08-25 13:00:00,8,2019-08-25 14:00:00,0.10547,0.10547,0.10547,0.12,0.9294545502884373,1075.5739258818155,-0.0,53.088709397426555,0.0,1022.485216484389,1022.485216484389,0.0,0.0
5678,2019-08-25 14:00:00,8,2019-08-25 15:00:00,0.12561,0.12561,0.12561,0.12,0.8573231516506294,1085.6387217818658,-0.0,63.15350529747684,0.0,1022.485216484389,1022.485216484389,0.0,0.0
5679,2019-08-25 15:00:00,8,2019-08-25 16:00:00,0.12561,0.12561,0.12561,0.12,0.7715167585834055,1115.012068954501,-0.0,92.52685247011203,0.0,1022.485216484389,1022.485216484389,0.0,0.0
5680,2019-08-25 16:00:00,8,2019-08-25 17:00:00,0.15111,0.15111,0.15111,0.12,0.6458009264229271,1006.3485994936485,-0.0,400.0,0.0,606.3485994936485,606.3485994936485,0.0,0.0
5681,2019-08-25 17:00:00,8,2019-08-25 18:00:00,0.15111,0.15111,0.15111,0.12,0.1023226655533619,840.1583242673858,-0.0,0.0,0.0,840.1583242673858,840.1583242673858,0.0,1.0
5682,2019-08-25 18:00:00,8,2019-08-25 19:00:00,0.15111,0.15111,0.15111,0.12,0.1023226655533619,739.8164162401641,-0.0,0.0,0.0,739.8164162401641,739.8164162401641,0.0,1.0
5683,2019-08-25 19:00:00,8,2019-08-25 20:00:00,0.15111,0.15111,0.15111,0.12,0.1023226655533619,590.6050839180388,-0.0,75.30948184727437,0.0,515.2956020707644,515.2956020707644,0.0,0.0
5684,2019-08-25 20:00:00,8,2019-08-25 21:00:00,0.15111,0.15111,0.15111,0.12,0.0,594.7693789954187,-0.0,0.0,0.0,594.7693789954187,594.7693789954187,0.0,0.0
5685,2019-08-25 21:00:00,8,2019-08-25 22:00:00,0.12561,0.12561,0.12561,0.12,0.0,270.79119997741157,-0.0,0.0,0.0,270.79119997741157,270.79119997741157,0.0,0.0
5686,2019-08-25 22:00:00,8,2019-08-25 23:00:00,0.12561,0.12561,0.12561,0.12,0.0,232.5278894721541,-0.0,0.0,0.0,232.5278894721541,232.5278894721541,0.0,0.0
5687,2019-08-25 23:00:00,8,2019-08-26 00:00:00,0.10547,0.10547,0.10547,0.12,0.0,223.05429423079397,-0.0,0.0,0.0,223.05429423079397,223.05429423079397,0.0,0.0
5688,2019-08-26 00:00:00,8,2019-08-26 01:00:00,0.10547,0.10547,0.10547,0.12,0.0,184.4220546918691,-0.0,0.0,0.0,184.4220546918691,184.4220546918691,0.0,1.0
5689,2019-08-26 01:00:00,8,2019-08-26 02:00:00,0.10547,0.10547,0.10547,0.12,0.0,184.42205471202206,-0.0,0.0,0.0,184.42205471202206,184.42205471202206,0.0,1.0
5690,2019-08-26 02:00:00,8,2019-08-26 03:00:00,0.10547,0.10547,0.10547,0.12,0.0,184.42205474380177,-0.0,0.0,0.0,184.42205474380177,184.42205474380177,0.0,1.0
5691,2019-08-26 03:00:00,8,2019-08-26 04:00:00,0.10547,0.10547,0.10547,0.12,0.0,193.89565002004204,-0.0,0.0,0.0,193.89565002004204,193.89565002004204,0.0,1.0
5692,2019-08-26 04:00:00,8,2019-08-26 05:00:00,0.10547,0.10547,0.10547,0.12,0.0,212.84387959563975,-0.0,0.0,0.0,212.84387959563975,212.84387959563975,0.0,1.0
5693,2019-08-26 05:00:00,8,2019-08-26 06:00:00,0.10547,0.10547,0.10547,0.12,0.0,403.4427682967503,-0.0,0.0,0.0,403.4427682967503,403.4427682967503,0.0,1.0
5694,2019-08-26 06:00:00,8,2019-08-26 07:00:00,0.10547,0.10547,0.10547,0.12,0.0,412.6544578688234,-400.0,0.0,0.0,812.6544578688233,812.6544578688233,0.0,1.0
5695,2019-08-26 07:00:00,8,2019-08-26 08:00:00,0.10547,0.10547,0.10547,0.12,0.46,627.0821170059053,-0.0,0.0,0.0,627.0821170059053,627.0821170059053,0.0,0.0
5696,2019-08-26 08:00:00,8,2019-08-26 09:00:00,0.10547,0.10547,0.10547,0.12,0.46,636.388931721688,-0.0,0.0,0.0,636.388931721688,636.388931721688,0.0,0.0
5697,2019-08-26 09:00:00,8,2019-08-26 10:00:00,0.10547,0.10547,0.10547,0.12,0.46,646.9841188602694,-188.74857269070336,0.0,0.0,835.7326915509727,835.7326915509727,0.0,1.0
5698,2019-08-26 10:00:00,8,2019-08-26 11:00:00,0.10547,0.10547,0.10547,0.12,0.6770608585943089,718.9952763272071,0.0,0.0,0.0,718.9952763272071,718.9952763272071,0.0,0.0
5699,2019-08-26 11:00:00,8,2019-08-26 12:00:00,0.10547,0.10547,0.10547,0.12,0.6770608585943089,737.0396388427564,-0.0,0.0,0.0,737.0396388427564,737.0396388427564,0.0,0.0
5700,2019-08-26 12:00:00,8,2019-08-26 13:00:00,0.10547,0.10547,0.10547,0.12,0.6770608585943089,743.9462224761818,0.0,0.0,0.0,743.9462224761818,743.9462224761818,0.0,0.0
5701,2019-08-26 13:00:00,8,2019-08-26 14:00:00,0.10547,0.10547,0.10547,0.12,0.6770608585943089,554.9160468503716,-280.816644700601,0.0,0.0,835.7326915509726,835.7326915509726,0.0,1.0
5702,2019-08-26 14:00:00,8,2019-08-26 15:00:00,0.12561,0.12561,0.12561,0.12,1.0,555.7864087002109,-0.0,-8.496958191931874e-14,0.0,555.786408700211,555.786408700211,0.0,1.0
5703,2019-08-26 15:00:00,8,2019-08-26 16:00:00,0.12561,0.12561,0.12561,0.12,1.0000000000000002,593.8353142671245,-0.0,1.1368683772161603e-13,0.0,593.8353142671244,593.8353142671244,0.0,1.0
5704,2019-08-26 16:00:00,8,2019-08-26 17:00:00,0.15111,0.15111,0.15111,0.12,1.0,561.1687300819959,-0.0,341.9185258506798,0.0,219.2502042313161,219.2502042313161,0.0,0.0
5705,2019-08-26 17:00:00,8,2019-08-26 18:00:00,0.15111,0.15111,0.15111,0.12,0.5354367855289677,394.08147414932023,-0.0,394.08147414932023,0.0,0.0,0.0,0.0,0.0
5706,2019-08-26 18:00:00,8,2019-08-26 19:00:00,0.15111,0.15111,0.15111,0.12,0.0,224.2486553500934,-0.0,0.0,0.0,224.2486553500934,224.2486553500934,0.0,0.0
5707,2019-08-26 19:00:00,8,2019-08-26 20:00:00,0.15111,0.15111,0.15111,0.12,0.0,250.73791403633925,-0.0,0.0,0.0,250.73791403633925,250.73791403633925,0.0,0.0
5708,2019-08-26 20:00:00,8,2019-08-26 21:00:00,0.15111,0.15111,0.15111,0.12,0.0,231.79141674882248,-0.0,0.0,0.0,231.79141674882248,231.79141674882248,0.0,0.0
5709,2019-08-26 21:00:00,8,2019-08-26 22:00:00,0.12561,0.12561,0.12561,0.12,0.0,212.84284050276233,-0.0,0.0,0.0,212.84284050276233,212.84284050276233,0.0,0.0
5710,2019-08-26 22:00:00,8,2019-08-26 23:00:00,0.12561,0.12561,0.12561,0.12,0.0,193.89564981386172,-0.0,0.0,0.0,193.89564981386172,193.89564981386172,0.0,1.0
5711,2019-08-26 23:00:00,8,2019-08-27 00:00:00,0.10547,0.10547,0.10547,0.12,0.0,184.42205454924814,-0.0,-1.824277198036626e-14,-1.3247808080623991e-14,184.42205454924817,184.42205454924817,0.0,1.0
5712,2019-08-27 00:00:00,8,2019-08-27 01:00:00,0.10547,0.10547,0.10547,0.12,0.0,184.42170838338484,-0.0,0.0,0.0,184.42170838338484,184.42170838338484,0.0,0.0
5713,2019-08-27 01:00:00,8,2019-08-27 02:00:00,0.10547,0.10547,0.10547,0.12,0.0,184.42170876319062,-0.0,0.0,0.0,184.42170876319062,184.42170876319062,0.0,0.0
5714,2019-08-27 02:00:00,8,2019-08-27 03:00:00,0.10547,0.10547,0.10547,0.12,0.0,184.42170877946805,-0.0,0.0,0.0,184.42170877946805,184.42170877946805,0.0,0.0
5715,2019-08-27 03:00:00,8,2019-08-27 04:00:00,0.10547,0.10547,0.10547,0.12,0.0,193.8953037216342,-0.0,0.0,0.0,193.8953037216342,193.8953037216342,0.0,0.0
5716,2019-08-27 04:00:00,8,2019-08-27 05:00:00,0.10547,0.10547,0.10547,0.12,0.0,212.84353353209144,-0.0,0.0,0.0,212.84353353209144,212.84353353209144,0.0,0.0
5717,2019-08-27 05:00:00,8,2019-08-27 06:00:00,0.10547,0.10547,0.10547,0.12,0.0,230.8699312461866,-289.24190343677463,0.0,0.0,520.1118346829612,520.1118346829612,0.0,1.0
5718,2019-08-27 06:00:00,8,2019-08-27 07:00:00,0.10547,0.10547,0.10547,0.12,0.3326281889522908,229.9501774944777,-290.16165718848345,0.0,0.0,520.1118346829612,520.1118346829612,0.0,1.0
5719,2019-08-27 07:00:00,8,2019-08-27 08:00:00,0.10547,0.10547,0.10547,0.12,0.6663140947190469,229.9501779169148,-290.16165676604635,0.0,0.0,520.1118346829612,520.1118346829612,0.0,1.0
5720,2019-08-27 08:00:00,8,2019-08-27 09:00:00,0.10547,0.10547,0.10547,0.12,1.0000000000000002,212.1807694952268,-0.0,0.0,0.0,212.1807694952268,212.1807694952268,0.0,0.0
5721,2019-08-27 09:00:00,8,2019-08-27 10:00:00,0.10547,0.10547,0.10547,0.12,1.0000000000000002,305.08107936975284,-0.0,0.0,0.0,305.08107936975284,305.08107936975284,0.0,0.0
5722,2019-08-27 10:00:00,8,2019-08-27 11:00:00,0.10547,0.10547,0.10547,0.12,1.0,288.59155586601565,-0.0,0.0,0.0,288.59155586601565,288.59155586601565,0.0,0.0
5723,2019-08-27 11:00:00,8,2019-08-27 12:00:00,0.10547,0.10547,0.10547,0.12,1.0,289.31529779559366,-0.0,0.0,0.0,289.31529779559366,289.31529779559366,0.0,0.0
5724,2019-08-27 12:00:00,8,2019-08-27 13:00:00,0.10547,0.10547,0.10547,0.12,1.0,394.7544486568189,-0.0,0.0,0.0,394.7544486568189,394.7544486568189,0.0,0.0
5725,2019-08-27 13:00:00,8,2019-08-27 14:00:00,0.10547,0.10547,0.10547,0.12,1.0,336.5941893212305,-0.0,0.0,0.0,336.5941893212305,336.5941893212305,0.0,0.0
5726,2019-08-27 14:00:00,8,2019-08-27 15:00:00,0.12561,0.12561,0.12561,0.12,1.0,346.45102525881913,-0.0,0.0,0.0,346.45102525881913,346.45102525881913,0.0,0.0
5727,2019-08-27 15:00:00,8,2019-08-27 16:00:00,0.12561,0.12561,0.12561,0.12,1.0,433.1012883539534,-0.0,0.0,0.0,433.1012883539534,433.1012883539534,0.0,0.0
5728,2019-08-27 16:00:00,8,2019-08-27 17:00:00,0.15111,0.15111,0.15111,0.12,1.0,415.03257773067924,-0.0,400.0,0.0,15.032577730679236,15.032577730679236,0.0,0.0
5729,2019-08-27 17:00:00,8,2019-08-27 18:00:00,0.15111,0.15111,0.15111,0.12,0.4565217391304348,229.95017771693543,-0.0,229.95017771693543,0.0,0.0,0.0,0.0,0.0
5730,2019-08-27 18:00:00,8,2019-08-27 19:00:00,0.15111,0.15111,0.15111,0.12,0.14408943244981606,224.24761649362574,-0.0,106.04982228306463,0.0,118.19779421056111,118.19779421056111,0.0,0.0
5731,2019-08-27 19:00:00,8,2019-08-27 20:00:00,0.15111,0.15111,0.15111,0.12,0.0,250.73687570617392,-0.0,0.0,0.0,250.73687570617392,250.73687570617392,0.0,0.0
5732,2019-08-27 20:00:00,8,2019-08-27 21:00:00,0.15111,0.15111,0.15111,0.12,0.0,231.79072407139506,-0.0,0.0,0.0,231.79072407139506,231.79072407139506,0.0,0.0
5733,2019-08-27 21:00:00,8,2019-08-27 22:00:00,0.12561,0.12561,0.12561,0.12,0.0,212.8424945717585,-0.0,0.0,0.0,212.8424945717585,212.8424945717585,0.0,0.0
5734,2019-08-27 22:00:00,8,2019-08-27 23:00:00,0.12561,0.12561,0.12561,0.12,0.0,193.8953040781866,-0.0,0.0,0.0,193.8953040781866,193.8953040781866,0.0,1.0
5735,2019-08-27 23:00:00,8,2019-08-28 00:00:00,0.10547,0.10547,0.10547,0.12,0.0,184.42170851360396,-106.22418362421689,0.0,0.0,290.64589213782085,290.64589213782085,0.0,1.0
5736,2019-08-28 00:00:00,8,2019-08-28 01:00:00,0.10547,0.10547,0.10547,0.12,0.12215781116784942,223.05429497955396,-0.0,0.0,0.0,223.05429497955396,223.05429497955396,0.0,0.0
5737,2019-08-28 01:00:00,8,2019-08-28 02:00:00,0.10547,0.10547,0.10547,0.12,0.12215781116784942,223.0542949625015,-0.0,0.0,0.0,223.0542949625015,223.0542949625015,0.0,0.0
5738,2019-08-28 02:00:00,8,2019-08-28 03:00:00,0.10547,0.10547,0.10547,0.12,0.12215781116784942,223.0542949500997,-0.0,0.0,0.0,223.0542949500997,223.0542949500997,0.0,0.0
5739,2019-08-28 03:00:00,8,2019-08-28 04:00:00,0.10547,0.10547,0.10547,0.12,0.12215781116784942,232.52789034958306,-0.0,0.0,0.0,232.52789034958306,232.52789034958306,0.0,0.0
5740,2019-08-28 04:00:00,8,2019-08-28 05:00:00,0.10547,0.10547,0.10547,0.12,0.12215781116784942,270.7922406840761,-0.0,0.0,0.0,270.7922406840761,270.7922406840761,0.0,0.0
5741,2019-08-28 05:00:00,8,2019-08-28 06:00:00,0.10547,0.10547,0.10547,0.12,0.12215781116784942,312.0791233836116,-307.5848605067559,0.0,0.0,619.6639838903675,619.6639838903675,0.0,1.0
5742,2019-08-28 06:00:00,8,2019-08-28 07:00:00,0.10547,0.10547,0.10547,0.12,0.4758804007506187,418.028548578198,-400.0,0.0,0.0,818.0285485781981,818.0285485781981,0.0,1.0
5743,2019-08-28 07:00:00,8,2019-08-28 08:00:00,0.10547,0.10547,0.10547,0.12,0.9358804007506187,966.7290432240574,-55.75617326033159,0.0,0.0,1022.485216484389,1022.485216484389,0.0,1.0
5744,2019-08-28 08:00:00,8,2019-08-28 09:00:00,0.10547,0.10547,0.10547,0.12,1.0,1055.4973934954144,-0.0,33.012177011025415,0.0,1022.485216484389,1022.485216484389,0.0,0.0
5745,2019-08-28 09:00:00,8,2019-08-28 10:00:00,0.10547,0.10547,0.10547,0.12,0.9551464986263241,1044.183462425953,-0.0,21.698245941563982,0.0,1022.485216484389,1022.485216484389,0.0,0.0
5746,2019-08-28 10:00:00,8,2019-08-28 11:00:00,0.10547,0.10547,0.10547,0.12,0.9256651862057208,1054.512539840281,-0.0,32.02732335589212,0.0,1022.485216484389,1022.485216484389,0.0,0.0
5747,2019-08-28 11:00:00,8,2019-08-28 12:00:00,0.10547,0.10547,0.10547,0.12,0.8821498012113023,1025.6556191954446,-0.0,3.170402711055658,0.0,1022.485216484389,1022.485216484389,0.0,0.0
5748,2019-08-28 12:00:00,8,2019-08-28 13:00:00,0.10547,0.10547,0.10547,0.12,0.8778421888321505,1075.0155779083566,-0.0,52.53036142396764,0.0,1022.485216484389,1022.485216484389,0.0,0.0
5749,2019-08-28 13:00:00,8,2019-08-28 14:00:00,0.10547,0.10547,0.10547,0.12,0.8064694151582813,1079.7246081796236,-0.0,57.23939169523467,0.0,1022.485216484389,1022.485216484389,0.0,0.0
5750,2019-08-28 14:00:00,8,2019-08-28 15:00:00,0.12561,0.12561,0.12561,0.12,0.7286985025288863,1077.847825739123,-0.0,55.36260925473401,0.0,1022.485216484389,1022.485216484389,0.0,0.0
5751,2019-08-28 15:00:00,8,2019-08-28 16:00:00,0.12561,0.12561,0.12561,0.12,0.653477566041476,1111.5584986579704,-0.0,89.07328217358139,0.0,1022.485216484389,1022.485216484389,0.0,0.0
5752,2019-08-28 16:00:00,8,2019-08-28 17:00:00,0.15111,0.15111,0.15111,0.12,0.5324540848273709,1010.2205451704907,-0.0,391.886206432945,0.0,618.3343387375457,618.3343387375457,0.0,0.0
5753,2019-08-28 17:00:00,8,2019-08-28 18:00:00,0.15111,0.15111,0.15111,0.12,0.0,837.914408171694,-0.0,6.280096300062195e-13,0.0,837.9144081716934,837.9144081716934,0.0,0.0
5754,2019-08-28 18:00:00,8,2019-08-28 19:00:00,0.15111,0.15111,0.15111,0.12,-2.946072101876503e-17,775.4507721465933,-0.0,0.0,0.0,775.4507721465933,775.4507721465933,0.0,0.0
5755,2019-08-28 19:00:00,8,2019-08-28 20:00:00,0.15111,0.15111,0.15111,0.12,9.389049924009114e-16,605.7880385803159,-0.0,0.0,0.0,605.7880385803159,605.7880385803159,0.0,0.0
5756,2019-08-28 20:00:00,8,2019-08-28 21:00:00,0.15111,0.15111,0.15111,0.12,5.6843418860808e-17,547.3846698508657,-0.0,0.0,0.0,547.3846698508657,547.3846698508657,0.0,0.0
5757,2019-08-28 21:00:00,8,2019-08-28 22:00:00,0.12561,0.12561,0.12561,0.12,0.0,270.79120070756875,-7.971986820604315e-14,0.0,0.0,270.7912007075688,270.7912007075688,0.0,0.0
5758,2019-08-28 22:00:00,8,2019-08-28 23:00:00,0.12561,0.12561,0.12561,0.12,0.0,232.52789025889473,-0.0,0.0,0.0,232.52789025889473,232.52789025889473,0.0,0.0
5759,2019-08-28 23:00:00,8,2019-08-29 00:00:00,0.10547,0.10547,0.10547,0.12,0.0,223.0542950252857,-0.0,0.0,0.0,223.0542950252857,223.0542950252857,0.0,0.0
5760,2019-08-29 00:00:00,8,2019-08-29 01:00:00,0.10547,0.10547,0.10547,0.12,0.0,223.05429538726392,-0.0,0.0,0.0,223.05429538726392,223.05429538726392,0.0,0.0
5761,2019-08-29 01:00:00,8,2019-08-29 02:00:00,0.10547,0.10547,0.10547,0.12,0.0,223.05429542369427,-0.0,0.0,0.0,223.05429542369427,223.05429542369427,0.0,0.0
5762,2019-08-29 02:00:00,8,2019-08-29 03:00:00,0.10547,0.10547,0.10547,0.12,0.0,223.05429543144538,-0.0,0.0,0.0,223.05429543144538,223.05429543144538,0.0,0.0
5763,2019-08-29 03:00:00,8,2019-08-29 04:00:00,0.10547,0.10547,0.10547,0.12,0.0,232.527890744116,-69.56521739130434,0.0,0.0,302.0931081354204,302.0931081354204,0.0,1.0
5764,2019-08-29 04:00:00,8,2019-08-29 05:00:00,0.10547,0.10547,0.10547,0.12,0.08,270.7922404461162,-0.0,0.0,0.0,270.7922404461162,270.7922404461162,0.0,0.0
5765,2019-08-29 05:00:00,8,2019-08-29 06:00:00,0.10547,0.10547,0.10547,0.12,0.08,364.0201618270104,-400.0,0.0,0.0,764.0201618270104,764.0201618270104,0.0,1.0
5766,2019-08-29 06:00:00,8,2019-08-29 07:00:00,0.10547,0.10547,0.10547,0.12,0.54,459.71712337796424,-400.0,0.0,0.0,859.7171233779643,859.7171233779643,0.0,1.0
5767,2019-08-29 07:00:00,8,2019-08-29 08:00:00,0.10547,0.10547,0.10547,0.12,1.0,974.1314945450515,0.0,0.0,0.0,974.1314945450515,974.1314945450515,0.0,0.0
5768,2019-08-29 08:00:00,8,2019-08-29 09:00:00,0.10547,0.10547,0.10547,0.12,1.0,1051.6050781665901,-0.0,29.11986168220119,0.0,1022.485216484389,1022.485216484389,0.0,0.0
5769,2019-08-29 09:00:00,8,2019-08-29 10:00:00,0.10547,0.10547,0.10547,0.12,0.9604349705404875,1039.7486467379633,-0.0,17.26343025357437,0.0,1022.485216484389,1022.485216484389,0.0,0.0
5770,2019-08-29 10:00:00,8,2019-08-29 11:00:00,0.10547,0.10547,0.10547,0.12,0.9369792229133485,1046.7245019912523,-0.0,24.239285506863325,0.0,1022.485216484389,1022.485216484389,0.0,0.0
5771,2019-08-29 11:00:00,8,2019-08-29 12:00:00,0.10547,0.10547,0.10547,0.12,0.9040454110833711,1003.2619011118508,-19.223315372538195,0.0,0.0,1022.485216484389,1022.485216484389,0.0,1.0
5772,2019-08-29 12:00:00,8,2019-08-29 13:00:00,0.10547,0.10547,0.10547,0.12,0.9261522237617901,1036.4345438308487,-0.0,13.949327346459768,0.0,1022.485216484389,1022.485216484389,0.0,0.0
5773,2019-08-29 13:00:00,8,2019-08-29 14:00:00,0.10547,0.10547,0.10547,0.12,0.9071993333454046,1032.5665342521006,-0.0,10.081317767711653,0.0,1022.485216484389,1022.485216484389,0.0,0.0
5774,2019-08-29 14:00:00,8,2019-08-29 15:00:00,0.12561,0.12561,0.12561,0.12,0.893501890726231,974.4223677752905,-48.06284870909849,0.0,0.0,1022.485216484389,1022.485216484389,0.0,1.0
5775,2019-08-29 15:00:00,8,2019-08-29 16:00:00,0.12561,0.12561,0.12561,0.12,0.9487741667416942,1000.9705061046717,-21.514710379717258,0.0,0.0,1022.485216484389,1022.485216484389,0.0,1.0
5776,2019-08-29 16:00:00,8,2019-08-29 17:00:00,0.15111,0.15111,0.15111,0.12,0.9735160836783691,966.2689563144296,-0.0,400.0,0.0,566.2689563144296,566.2689563144296,0.0,0.0
5777,2019-08-29 17:00:00,8,2019-08-29 18:00:00,0.15111,0.15111,0.15111,0.12,0.43003782280880387,821.826185729431,-0.0,316.50783758727965,0.0,505.31834814215136,505.31834814215136,0.0,0.0
5778,2019-08-29 18:00:00,8,2019-08-29 19:00:00,0.15111,0.15111,0.15111,0.12,0.0,782.1269531467293,-0.0,0.0,0.0,782.1269531467293,782.1269531467293,0.0,0.0
5779,2019-08-29 19:00:00,8,2019-08-29 20:00:00,0.15111,0.15111,0.15111,0.12,0.0,642.3601841007992,-0.0,0.0,0.0,642.3601841007992,642.3601841007992,0.0,0.0
5780,2019-08-29 20:00:00,8,2019-08-29 21:00:00,0.15111,0.15111,0.15111,0.12,0.0,604.1022889256346,-0.0,0.0,0.0,604.1022889256346,604.1022889256346,0.0,0.0
5781,2019-08-29 21:00:00,8,2019-08-29 22:00:00,0.12561,0.12561,0.12561,0.12,0.0,270.79120127882777,-0.0,0.0,0.0,270.79120127882777,270.79120127882777,0.0,0.0
5782,2019-08-29 22:00:00,8,2019-08-29 23:00:00,0.12561,0.12561,0.12561,0.12,0.0,232.52789076504408,-0.0,0.0,0.0,232.52789076504408,232.52789076504408,0.0,0.0
5783,2019-08-29 23:00:00,8,2019-08-30 00:00:00,0.10547,0.10547,0.10547,0.12,0.0,223.05429548725357,-0.0,0.0,0.0,223.05429548725357,223.05429548725357,0.0,0.0
5784,2019-08-30 00:00:00,8,2019-08-30 01:00:00,0.10547,0.10547,0.10547,0.12,0.0,223.05429578102175,-95.69013736350732,0.0,0.0,318.74443314452907,318.74443314452907,0.0,1.0
5785,2019-08-30 01:00:00,8,2019-08-30 02:00:00,0.10547,0.10547,0.10547,0.12,0.11004365796803342,223.0542957848973,-0.0,0.0,0.0,223.0542957848973,223.0542957848973,0.0,0.0
5786,2019-08-30 02:00:00,8,2019-08-30 03:00:00,0.10547,0.10547,0.10547,0.12,0.11004365796803342,223.05429571048637,-0.0,0.0,0.0,223.05429571048637,223.05429571048637,0.0,0.0
5787,2019-08-30 03:00:00,8,2019-08-30 04:00:00,0.10547,0.10547,0.10547,0.12,0.11004365796803342,232.52789099757825,-0.0,0.0,0.0,232.52789099757825,232.52789099757825,0.0,0.0
5788,2019-08-30 04:00:00,8,2019-08-30 05:00:00,0.10547,0.10547,0.10547,0.12,0.11004365796803342,270.79224086467764,-0.0,0.0,0.0,270.79224086467764,270.79224086467764,0.0,0.0
5789,2019-08-30 05:00:00,8,2019-08-30 06:00:00,0.10547,0.10547,0.10547,0.12,0.11004365796803342,545.2240399953532,-400.0,0.0,0.0,945.2240399953532,945.2240399953532,0.0,1.0
5790,2019-08-30 06:00:00,8,2019-08-30 07:00:00,0.10547,0.10547,0.10547,0.12,0.5700436579680335,648.6101364565919,-373.875080027797,0.0,0.0,1022.485216484389,1022.485216484389,0.0,1.0
5791,2019-08-30 07:00:00,8,2019-08-30 08:00:00,0.10547,0.10547,0.10547,0.12,1.0,1101.6914187470002,-0.0,79.20620226261121,0.0,1022.485216484389,1022.485216484389,0.0,0.0
5792,2019-08-30 08:00:00,8,2019-08-30 09:00:00,0.10547,0.10547,0.10547,0.12,0.8923828773605825,1097.5097266538178,-0.0,75.02451016942882,0.0,1022.485216484389,1022.485216484389,0.0,0.0
5793,2019-08-30 09:00:00,8,2019-08-30 10:00:00,0.10547,0.10547,0.10547,0.12,0.7904474015869021,1091.4653763927122,-0.0,68.98015990832323,0.0,1022.485216484389,1022.485216484389,0.0,0.0
5794,2019-08-30 10:00:00,8,2019-08-30 11:00:00,0.10547,0.10547,0.10547,0.12,0.696724358233202,1095.0458903077486,-0.0,72.5606738233596,0.0,1022.485216484389,1022.485216484389,0.0,0.0
5795,2019-08-30 11:00:00,8,2019-08-30 12:00:00,0.10547,0.10547,0.10547,0.12,0.5981364861905939,1055.590875098483,-0.0,33.105658614093954,0.0,1022.485216484389,1022.485216484389,0.0,0.0
5796,2019-08-30 12:00:00,8,2019-08-30 13:00:00,0.10547,0.10547,0.10547,0.12,0.5531559717692706,1085.3419326111277,-0.0,62.856716126738775,0.0,1022.485216484389,1022.485216484389,0.0,0.0
5797,2019-08-30 13:00:00,8,2019-08-30 14:00:00,0.10547,0.10547,0.10547,0.12,0.46775282485794073,1088.4794878429946,-0.0,65.9942713586056,0.0,1022.485216484389,1022.485216484389,0.0,0.0
5798,2019-08-30 14:00:00,8,2019-08-30 15:00:00,0.12561,0.12561,0.12561,0.12,0.37808669529461786,1095.1337691783388,-0.0,72.6485526939498,0.0,1022.485216484389,1022.485216484389,0.0,0.0
5799,2019-08-30 15:00:00,8,2019-08-30 16:00:00,0.12561,0.12561,0.12561,0.12,0.2793794226126209,1131.4372421945861,-0.0,108.95202571019718,0.0,1022.485216484389,1022.485216484389,0.0,0.0
5800,2019-08-30 16:00:00,8,2019-08-30 17:00:00,0.15111,0.15111,0.15111,0.12,0.13134677898463556,1031.3228389947442,-0.0,96.6712293326918,0.0,934.6516096620524,934.6516096620524,0.0,0.0
5801,2019-08-30 17:00:00,8,2019-08-30 18:00:00,0.15111,0.15111,0.15111,0.12,0.0,857.4782627911144,-0.0,0.0,0.0,857.4782627911144,857.4782627911144,0.0,0.0
5802,2019-08-30 18:00:00,8,2019-08-30 19:00:00,0.15111,0.15111,0.15111,0.12,0.0,840.1275724144119,-0.0,0.0,0.0,840.1275724144119,840.1275724144119,0.0,0.0
5803,2019-08-30 19:00:00,8,2019-08-30 20:00:00,0.15111,0.15111,0.15111,0.12,0.0,735.822178983831,-0.0,0.0,0.0,735.822178983831,735.822178983831,0.0,0.0
5804,2019-08-30 20:00:00,8,2019-08-30 21:00:00,0.15111,0.15111,0.15111,0.12,0.0,688.9047117841444,-0.0,0.0,0.0,688.9047117841444,688.9047117841444,0.0,0.0
5805,2019-08-30 21:00:00,8,2019-08-30 22:00:00,0.12561,0.12561,0.12561,0.12,0.0,270.7912014555537,-0.0,0.0,0.0,270.7912014555537,270.7912014555537,0.0,0.0
5806,2019-08-30 22:00:00,8,2019-08-30 23:00:00,0.12561,0.12561,0.12561,0.12,0.0,232.5278908999139,-0.0,0.0,0.0,232.5278908999139,232.5278908999139,0.0,0.0
5807,2019-08-30 23:00:00,8,2019-08-31 00:00:00,0.10547,0.10547,0.10547,0.12,0.0,223.0542956663049,-0.0,0.0,0.0,223.0542956663049,223.0542956663049,0.0,0.0
5808,2019-08-31 00:00:00,8,2019-08-31 01:00:00,0.10547,0.10547,0.10547,0.12,0.0,223.0542959011644,-69.5652173913044,0.0,0.0,292.6195132924688,292.6195132924688,0.0,1.0
5809,2019-08-31 01:00:00,8,2019-08-31 02:00:00,0.10547,0.10547,0.10547,0.12,0.08000000000000007,223.05429590193953,-0.0,0.0,0.0,223.05429590193953,223.05429590193953,0.0,0.0
5810,2019-08-31 02:00:00,8,2019-08-31 03:00:00,0.10547,0.10547,0.10547,0.12,0.08000000000000007,223.0542959065902,-0.0,0.0,0.0,223.0542959065902,223.0542959065902,0.0,0.0
5811,2019-08-31 03:00:00,8,2019-08-31 04:00:00,0.10547,0.10547,0.10547,0.12,0.08000000000000007,232.5278911843807,-0.0,0.0,0.0,232.5278911843807,232.5278911843807,0.0,0.0
5812,2019-08-31 04:00:00,8,2019-08-31 05:00:00,0.10547,0.10547,0.10547,0.12,0.08000000000000007,270.79224200099463,-400.0,0.0,0.0,670.7922420009946,670.7922420009946,0.0,1.0
5813,2019-08-31 05:00:00,8,2019-08-31 06:00:00,0.10547,0.10547,0.10547,0.12,0.54,366.6072064425628,-399.99999999999994,0.0,0.0,766.6072064425628,766.6072064425628,0.0,1.0
5814,2019-08-31 06:00:00,8,2019-08-31 07:00:00,0.10547,0.10547,0.10547,0.12,1.0,496.1376089799421,0.0,0.0,0.0,496.1376089799421,496.1376089799421,0.0,0.0
5815,2019-08-31 07:00:00,8,2019-08-31 08:00:00,0.10547,0.10547,0.10547,0.12,1.0,1070.2357275505046,-0.0,47.75051106611568,0.0,1022.485216484389,1022.485216484389,0.0,0.0
5816,2019-08-31 08:00:00,8,2019-08-31 09:00:00,0.10547,0.10547,0.10547,0.12,0.9351215882253864,1097.8282462122254,-0.0,75.34302972783644,0.0,1022.485216484389,1022.485216484389,0.0,0.0
5817,2019-08-31 09:00:00,8,2019-08-31 10:00:00,0.10547,0.10547,0.10547,0.12,0.8327533413125652,1090.9326641795024,-0.0,68.4474476951134,0.0,1022.485216484389,1022.485216484389,0.0,0.0
5818,2019-08-31 10:00:00,8,2019-08-31 11:00:00,0.10547,0.10547,0.10547,0.12,0.7397540917268133,1100.8028431585794,-0.0,78.31762667419048,0.0,1022.485216484389,1022.485216484389,0.0,0.0
5819,2019-08-31 11:00:00,8,2019-08-31 12:00:00,0.10547,0.10547,0.10547,0.12,0.6333442728760109,1053.0325527025084,-0.0,30.547336218119426,0.0,1022.485216484389,1022.485216484389,0.0,0.0
5820,2019-08-31 12:00:00,8,2019-08-31 13:00:00,0.10547,0.10547,0.10547,0.12,0.5918397399709574,1085.8350174134978,-0.0,63.349800929108824,0.0,1022.485216484389,1022.485216484389,0.0,0.0
5821,2019-08-31 13:00:00,8,2019-08-31 14:00:00,0.10547,0.10547,0.10547,0.12,0.5057666408824943,1086.8766818010242,-0.0,64.39146531663528,0.0,1022.485216484389,1022.485216484389,0.0,0.0
5822,2019-08-31 14:00:00,8,2019-08-31 15:00:00,0.12561,0.12561,0.12561,0.12,0.4182782369196747,1095.582036407261,-0.0,73.0968199228721,0.0,1022.485216484389,1022.485216484389,0.0,0.0
5823,2019-08-31 15:00:00,8,2019-08-31 16:00:00,0.12561,0.12561,0.12561,0.12,0.3189619055027289,1133.9164269816038,-0.0,111.4312104972148,0.0,1022.485216484389,1022.485216484389,0.0,0.0
5824,2019-08-31 16:00:00,8,2019-08-31 17:00:00,0.15111,0.15111,0.15111,0.12,0.16756080428368705,1030.9424129037002,-0.0,123.32475195279368,0.0,907.6176609509065,907.6176609509065,0.0,0.0
5825,2019-08-31 17:00:00,8,2019-08-31 18:00:00,0.15111,0.15111,0.15111,0.12,0.0,854.4050673893554,-0.0,0.0,0.0,854.4050673893554,854.4050673893554,0.0,0.0
5826,2019-08-31 18:00:00,8,2019-08-31 19:00:00,0.15111,0.15111,0.15111,0.12,0.0,836.5464834811361,-0.0,0.0,0.0,836.5464834811361,836.5464834811361,0.0,0.0
5827,2019-08-31 19:00:00,8,2019-08-31 20:00:00,0.15111,0.15111,0.15111,0.12,0.0,734.4040417062427,-0.0,0.0,0.0,734.4040417062427,734.4040417062427,0.0,0.0
5828,2019-08-31 20:00:00,8,2019-08-31 21:00:00,0.15111,0.15111,0.15111,0.12,0.0,712.4391820152649,-0.0,0.0,0.0,712.4391820152649,712.4391820152649,0.0,0.0
5829,2019-08-31 21:00:00,8,2019-08-31 22:00:00,0.12561,0.12561,0.12561,0.12,0.0,270.79120173614496,-0.0,0.0,0.0,270.79120173614496,270.79120173614496,0.0,0.0
5830,2019-08-31 22:00:00,8,2019-08-31 23:00:00,0.12561,0.12561,0.12561,0.12,0.0,232.5278912510405,-0.0,0.0,0.0,232.5278912510405,232.5278912510405,0.0,0.0
5831,2019-08-31 23:00:00,8,2019-09-01 00:00:00,0.10547,0.10547,0.10547,0.12,0.0,223.05429595464727,-0.0,0.0,0.0,223.05429595464727,223.05429595464727,0.0,0.0
5832,2019-09-01 00:00:00,9,2019-09-01 01:00:00,0.10547,0.10547,0.10547,0.12,0.0,223.05429629414712,-0.0,0.0,0.0,223.05429629414712,223.05429629414712,0.0,0.0
5833,2019-09-01 01:00:00,9,2019-09-01 02:00:00,0.10547,0.10547,0.10547,0.12,0.0,223.05429637398385,-0.0,0.0,0.0,223.05429637398385,223.05429637398385,0.0,0.0
5834,2019-09-01 02:00:00,9,2019-09-01 03:00:00,0.10547,0.10547,0.10547,0.12,0.0,223.0542963933617,-0.0,0.0,0.0,223.0542963933617,223.0542963933617,0.0,0.0
5835,2019-09-01 03:00:00,9,2019-09-01 04:00:00,0.10547,0.10547,0.10547,0.12,0.0,232.52789172230973,-0.0,0.0,0.0,232.52789172230973,232.52789172230973,0.0,0.0
5836,2019-09-01 04:00:00,9,2019-09-01 05:00:00,0.10547,0.10547,0.10547,0.12,0.0,270.7922425559761,-400.0,0.0,0.0,670.7922425559761,670.7922425559761,0.0,1.0
5837,2019-09-01 05:00:00,9,2019-09-01 06:00:00,0.10547,0.10547,0.10547,0.12,0.46,478.8463915495511,-74.80166094979523,0.0,0.0,553.6480524993462,553.6480524993462,0.0,1.0
5838,2019-09-01 06:00:00,9,2019-09-01 07:00:00,0.10547,0.10547,0.10547,0.12,0.5460219100922645,589.702851514276,-394.7635564415091,0.0,0.0,984.466407955785,984.466407955785,0.0,1.0
5839,2019-09-01 07:00:00,9,2019-09-01 08:00:00,0.10547,0.10547,0.10547,0.12,1.0,1080.6045374423602,-0.0,96.13812948657522,0.0,984.4664079557849,984.4664079557849,0.0,0.0
5840,2019-09-01 08:00:00,9,2019-09-01 09:00:00,0.10547,0.10547,0.10547,0.12,0.8693775414584576,1078.1717397569068,-0.0,93.70533180112187,0.0,984.4664079557849,984.4664079557849,0.0,0.0
5841,2019-09-01 09:00:00,9,2019-09-01 10:00:00,0.10547,0.10547,0.10547,0.12,0.7420605145547592,1048.2427792281192,-0.0,63.77637127233419,0.0,984.4664079557849,984.4664079557849,0.0,0.0
5842,2019-09-01 10:00:00,9,2019-09-01 11:00:00,0.10547,0.10547,0.10547,0.12,0.6554078361956095,1056.991306732396,-0.0,72.524898776611,0.0,984.4664079557849,984.4664079557849,0.0,0.0
5843,2019-09-01 11:00:00,9,2019-09-01 12:00:00,0.10547,0.10547,0.10547,0.12,0.5568685715534752,1024.9447800899472,-0.0,40.47837213416227,0.0,984.4664079557849,984.4664079557849,0.0,0.0
5844,2019-09-01 12:00:00,9,2019-09-01 13:00:00,0.10547,0.10547,0.10547,0.12,0.5018707833277116,1068.0945572733538,-0.0,83.62814931756881,0.0,984.4664079557849,984.4664079557849,0.0,0.0
5845,2019-09-01 13:00:00,9,2019-09-01 14:00:00,0.10547,0.10547,0.10547,0.12,0.3882455804505801,1064.513313937391,-0.0,80.04690598160613,0.0,984.4664079557849,984.4664079557849,0.0,0.0
5846,2019-09-01 14:00:00,9,2019-09-01 15:00:00,0.12561,0.12561,0.12561,0.12,0.27948619732339786,1060.0814535338816,-0.0,75.61504557809661,0.0,984.4664079557849,984.4664079557849,0.0,0.0
5847,2019-09-01 15:00:00,9,2019-09-01 16:00:00,0.12561,0.12561,0.12561,0.12,0.1767483636575058,1097.326332072031,-0.0,112.85992411624596,0.0,984.4664079557849,984.4664079557849,0.0,0.0
5848,2019-09-01 16:00:00,9,2019-09-01 17:00:00,0.15111,0.15111,0.15111,0.12,0.023406075456084644,1001.6932794914633,-0.0,17.2268715356783,0.0,984.4664079557849,984.4664079557849,0.0,0.0
5849,2019-09-01 17:00:00,9,2019-09-01 18:00:00,0.15111,0.15111,0.15111,0.12,0.0,835.123604409445,-0.0,0.0,0.0,835.123604409445,835.123604409445,0.0,1.0
5850,2019-09-01 18:00:00,9,2019-09-01 19:00:00,0.15111,0.15111,0.15111,0.12,0.0,805.764934754677,-0.0,0.0,0.0,805.764934754677,805.764934754677,0.0,1.0
5851,2019-09-01 19:00:00,9,2019-09-01 20:00:00,0.15111,0.15111,0.15111,0.12,0.0,672.6297405035672,-0.0,0.0,0.0,672.6297405035672,672.6297405035672,0.0,0.0
5852,2019-09-01 20:00:00,9,2019-09-01 21:00:00,0.15111,0.15111,0.15111,0.12,0.0,626.4870322887174,-0.0,0.0,0.0,626.4870322887174,626.4870322887174,0.0,0.0
5853,2019-09-01 21:00:00,9,2019-09-01 22:00:00,0.12561,0.12561,0.12561,0.12,0.0,270.7912021105249,-0.0,0.0,0.0,270.7912021105249,270.7912021105249,0.0,0.0
5854,2019-09-01 22:00:00,9,2019-09-01 23:00:00,0.12561,0.12561,0.12561,0.12,0.0,232.52789161611915,-0.0,0.0,0.0,232.52789161611915,232.52789161611915,0.0,0.0
5855,2019-09-01 23:00:00,9,2019-09-02 00:00:00,0.10547,0.10547,0.10547,0.12,0.0,223.05429644296902,-0.0,0.0,0.0,223.05429644296902,223.05429644296902,0.0,0.0
5856,2019-09-02 00:00:00,9,2019-09-02 01:00:00,0.10547,0.10547,0.10547,0.12,0.0,184.4220569280727,-0.0,0.0,0.0,184.4220569280727,184.4220569280727,0.0,1.0
5857,2019-09-02 01:00:00,9,2019-09-02 02:00:00,0.10547,0.10547,0.10547,0.12,0.0,184.42205701798588,-0.0,0.0,0.0,184.42205701798588,184.42205701798588,0.0,1.0
5858,2019-09-02 02:00:00,9,2019-09-02 03:00:00,0.10547,0.10547,0.10547,0.12,0.0,184.42205696992886,-0.0,0.0,0.0,184.42205696992886,184.42205696992886,0.0,1.0
5859,2019-09-02 03:00:00,9,2019-09-02 04:00:00,0.10547,0.10547,0.10547,0.12,0.0,193.89565230895332,-400.0,0.0,0.0,593.8956523089533,593.8956523089533,0.0,1.0
5860,2019-09-02 04:00:00,9,2019-09-02 05:00:00,0.10547,0.10547,0.10547,0.12,0.46,212.84388307822647,-400.0,0.0,0.0,612.8438830782264,612.8438830782264,0.0,1.0
5861,2019-09-02 05:00:00,9,2019-09-02 06:00:00,0.10547,0.10547,0.10547,0.12,0.92,412.6873168076736,-0.0,0.0,0.0,412.6873168076736,412.6873168076736,0.0,1.0
5862,2019-09-02 06:00:00,9,2019-09-02 07:00:00,0.10547,0.10547,0.10547,0.12,0.92,432.3398934371195,0.0,0.0,0.0,432.3398934371195,432.3398934371195,0.0,0.0
5863,2019-09-02 07:00:00,9,2019-09-02 08:00:00,0.10547,0.10547,0.10547,0.12,0.92,685.0372189986306,-0.0,0.0,0.0,685.0372189986306,685.0372189986306,0.0,1.0
5864,2019-09-02 08:00:00,9,2019-09-02 09:00:00,0.10547,0.10547,0.10547,0.12,0.92,746.148609401277,-0.0,0.0,0.0,746.148609401277,746.148609401277,0.0,0.0
5865,2019-09-02 09:00:00,9,2019-09-02 10:00:00,0.10547,0.10547,0.10547,0.12,0.92,731.3887324337636,-0.0,0.0,0.0,731.3887324337636,731.3887324337636,0.0,1.0
5866,2019-09-02 10:00:00,9,2019-09-02 11:00:00,0.10547,0.10547,0.10547,0.12,0.92,736.9115698232167,-69.56521739130437,0.0,0.0,806.4767872145211,806.4767872145211,0.0,1.0
5867,2019-09-02 11:00:00,9,2019-09-02 12:00:00,0.10547,0.10547,0.10547,0.12,1.0,739.2910249691203,-0.0,0.0,0.0,739.2910249691203,739.2910249691203,0.0,1.0
5868,2019-09-02 12:00:00,9,2019-09-02 13:00:00,0.10547,0.10547,0.10547,0.12,1.0,742.775840425133,-0.0,0.0,0.0,742.775840425133,742.775840425133,0.0,1.0
5869,2019-09-02 13:00:00,9,2019-09-02 14:00:00,0.10547,0.10547,0.10547,0.12,1.0,553.5080444093539,-0.0,0.0,0.0,553.5080444093539,553.5080444093539,0.0,1.0
5870,2019-09-02 14:00:00,9,2019-09-02 15:00:00,0.12561,0.12561,0.12561,0.12,1.0,553.5462667247383,-0.0,0.0,0.0,553.5462667247383,553.5462667247383,0.0,1.0
5871,2019-09-02 15:00:00,9,2019-09-02 16:00:00,0.12561,0.12561,0.12561,0.12,1.0,592.4401894349578,-0.0,0.0,0.0,592.4401894349578,592.4401894349578,0.0,1.0
5872,2019-09-02 16:00:00,9,2019-09-02 17:00:00,0.15111,0.15111,0.15111,0.12,1.0,559.856061191885,-0.0,400.0,0.0,159.85606119188503,159.85606119188503,0.0,0.0
5873,2019-09-02 17:00:00,9,2019-09-02 18:00:00,0.15111,0.15111,0.15111,0.12,0.4565217391304348,372.94366596074593,-0.0,336.00000000000006,0.0,36.943665960745875,36.943665960745875,0.0,0.0
5874,2019-09-02 18:00:00,9,2019-09-02 19:00:00,0.15111,0.15111,0.15111,0.12,0.0,230.87097310622062,-0.0,0.0,0.0,230.87097310622062,230.87097310622062,0.0,0.0
5875,2019-09-02 19:00:00,9,2019-09-02 20:00:00,0.15111,0.15111,0.15111,0.12,0.0,250.73791716624916,-0.0,0.0,0.0,250.73791716624916,250.73791716624916,0.0,0.0
5876,2019-09-02 20:00:00,9,2019-09-02 21:00:00,0.15111,0.15111,0.15111,0.12,0.0,231.7914210103987,-0.0,0.0,0.0,231.7914210103987,231.7914210103987,0.0,0.0
5877,2019-09-02 21:00:00,9,2019-09-02 22:00:00,0.12561,0.12561,0.12561,0.12,0.0,212.84284269788486,-0.0,0.0,0.0,212.84284269788486,212.84284269788486,0.0,0.0
5878,2019-09-02 22:00:00,9,2019-09-02 23:00:00,0.12561,0.12561,0.12561,0.12,0.0,193.8956521795093,-0.0,0.0,0.0,193.8956521795093,193.8956521795093,0.0,1.0
5879,2019-09-02 23:00:00,9,2019-09-03 00:00:00,0.10547,0.10547,0.10547,0.12,0.0,184.42205678622685,-0.0,0.0,2.0344848201529213e-14,184.42205678622685,184.42205678622682,0.0,1.0
5880,2019-09-03 00:00:00,9,2019-09-03 01:00:00,0.10547,0.10547,0.10547,0.12,0.0,184.42171010878837,-0.0,0.0,0.0,184.42171010878837,184.42171010878837,0.0,1.0
5881,2019-09-03 01:00:00,9,2019-09-03 02:00:00,0.10547,0.10547,0.10547,0.12,4.2786088717974327e-17,184.42171048936927,-0.0,0.0,0.0,184.42171048936927,184.42171048936927,0.0,0.0
5882,2019-09-03 02:00:00,9,2019-09-03 03:00:00,0.10547,0.10547,0.10547,0.12,4.2786088717974327e-17,184.42171069477445,-0.0,0.0,0.0,184.42171069477445,184.42171069477445,0.0,0.0
5883,2019-09-03 03:00:00,9,2019-09-03 04:00:00,0.10547,0.10547,0.10547,0.12,4.2786088717974327e-17,193.89530580746572,-0.0,0.0,0.0,193.89530580746572,193.89530580746572,0.0,1.0
5884,2019-09-03 04:00:00,9,2019-09-03 05:00:00,0.10547,0.10547,0.10547,0.12,1.589868536210442e-17,212.84353681547393,-0.0,0.0,0.0,212.84353681547393,212.84353681547393,0.0,0.0
5885,2019-09-03 05:00:00,9,2019-09-03 06:00:00,0.10547,0.10547,0.10547,0.12,1.589868536210442e-17,237.49224806675133,-0.0,1.4515040656066618e-30,0.0,237.49224806675133,237.49224806675133,0.0,0.0
5886,2019-09-03 06:00:00,9,2019-09-03 07:00:00,0.10547,0.10547,0.10547,0.12,1.5898685362104418e-17,229.95017937800446,-343.9620850109113,0.0,0.0,573.9122643889158,573.9122643889158,0.0,1.0
5887,2019-09-03 07:00:00,9,2019-09-03 08:00:00,0.10547,0.10547,0.10547,0.12,0.3955563977625481,382.2599057467361,-0.0,0.0,0.0,382.2599057467363,382.2599057467363,0.0,0.0
5888,2019-09-03 08:00:00,9,2019-09-03 09:00:00,0.10547,0.10547,0.10547,0.12,0.39555639776254836,497.88973705120395,-0.0,3.410605131648481e-13,0.0,497.8897370512036,497.8897370512036,0.0,0.0
5889,2019-09-03 09:00:00,9,2019-09-03 10:00:00,0.10547,0.10547,0.10547,0.12,0.3955563977625479,427.0211177864239,-146.89114660249197,0.0,0.0,573.9122643889159,573.9122643889159,0.0,1.0
5890,2019-09-03 10:00:00,9,2019-09-03 11:00:00,0.10547,0.10547,0.10547,0.12,0.5644812163554137,463.2234630087969,-0.0,0.0,0.0,463.2234630087969,463.2234630087969,0.0,0.0
5891,2019-09-03 11:00:00,9,2019-09-03 12:00:00,0.10547,0.10547,0.10547,0.12,0.5644812163554137,403.5511709514945,-170.36109343742123,0.0,0.0,573.9122643889157,573.9122643889157,0.0,1.0
5892,2019-09-03 12:00:00,9,2019-09-03 13:00:00,0.10547,0.10547,0.10547,0.12,0.7603964738084481,487.2899577147254,-208.35089234047987,0.0,0.0,695.6408500552054,695.6408500552054,0.0,1.0
5893,2019-09-03 13:00:00,9,2019-09-03 14:00:00,0.10547,0.10547,0.10547,0.12,1.0,452.1836787226259,0.0,0.0,0.0,452.1836787226259,452.1836787226259,0.0,0.0
5894,2019-09-03 14:00:00,9,2019-09-03 15:00:00,0.12561,0.12561,0.12561,0.12,1.0,460.3765997653885,-0.0,0.0,0.0,460.3765997653885,460.3765997653885,0.0,1.0
5895,2019-09-03 15:00:00,9,2019-09-03 16:00:00,0.12561,0.12561,0.12561,0.12,1.0,458.781907970622,-0.0,0.0,0.0,458.781907970622,458.781907970622,0.0,1.0
5896,2019-09-03 16:00:00,9,2019-09-03 17:00:00,0.15111,0.15111,0.15111,0.12,1.0,531.5611801383793,-0.0,400.0,0.0,131.5611801383793,131.5611801383793,0.0,0.0
5897,2019-09-03 17:00:00,9,2019-09-03 18:00:00,0.15111,0.15111,0.15111,0.12,0.4565217391304348,483.24468648937324,-0.0,0.0,0.0,483.24468648937324,483.24468648937324,0.0,0.0
5898,2019-09-03 18:00:00,9,2019-09-03 19:00:00,0.15111,0.15111,0.15111,0.12,0.4565217391304348,230.86993301654672,-0.0,85.26312263508242,0.0,145.6068103814643,145.6068103814643,0.0,0.0
5899,2019-09-03 19:00:00,9,2019-09-03 20:00:00,0.15111,0.15111,0.15111,0.12,0.3406751051153772,250.73687736491763,-0.0,250.73687736491763,0.0,0.0,0.0,0.0,0.0
5900,2019-09-03 20:00:00,9,2019-09-03 21:00:00,0.15111,0.15111,0.15111,0.12,0.0,231.7907276322683,-0.0,0.0,0.0,231.7907276322683,231.7907276322683,0.0,0.0
5901,2019-09-03 21:00:00,9,2019-09-03 22:00:00,0.12561,0.12561,0.12561,0.12,0.0,212.8424962746837,-0.0,0.0,0.0,212.8424962746837,212.8424962746837,0.0,0.0
5902,2019-09-03 22:00:00,9,2019-09-03 23:00:00,0.12561,0.12561,0.12561,0.12,0.0,193.89530601209574,-0.0,0.0,0.0,193.89530601209574,193.89530601209574,0.0,1.0
5903,2019-09-03 23:00:00,9,2019-09-04 00:00:00,0.10547,0.10547,0.10547,0.12,0.0,184.42171071647763,-0.0,0.0,0.0,184.42171071647763,184.42171071647763,0.0,1.0
5904,2019-09-04 00:00:00,9,2019-09-04 01:00:00,0.10547,0.10547,0.10547,0.12,0.0,184.42171064361693,-0.0,0.0,0.0,184.42171064361693,184.42171064361693,0.0,1.0
5905,2019-09-04 01:00:00,9,2019-09-04 02:00:00,0.10547,0.10547,0.10547,0.12,0.0,184.42171057075623,-0.0,0.0,0.0,184.42171057075623,184.42171057075623,0.0,0.0
5906,2019-09-04 02:00:00,9,2019-09-04 03:00:00,0.10547,0.10547,0.10547,0.12,0.0,184.42171092885886,-0.0,0.0,0.0,184.42171092885886,184.42171092885886,0.0,0.0
5907,2019-09-04 03:00:00,9,2019-09-04 04:00:00,0.10547,0.10547,0.10547,0.12,0.0,193.89530628028518,-0.0,0.0,0.0,193.89530628028518,193.89530628028518,0.0,1.0
5908,2019-09-04 04:00:00,9,2019-09-04 05:00:00,0.10547,0.10547,0.10547,0.12,0.0,212.84353724333675,-294.2563666307226,0.0,0.0,507.09990387405935,507.09990387405935,0.0,1.0
5909,2019-09-04 05:00:00,9,2019-09-04 06:00:00,0.10547,0.10547,0.10547,0.12,0.338394821625331,237.49224853724544,-269.6076553368139,0.0,0.0,507.09990387405935,507.09990387405935,0.0,1.0
5910,2019-09-04 06:00:00,9,2019-09-04 07:00:00,0.10547,0.10547,0.10547,0.12,0.6484436252626671,229.95018008258302,-277.14972379147633,0.0,0.0,507.09990387405935,507.09990387405935,0.0,1.0
5911,2019-09-04 07:00:00,9,2019-09-04 08:00:00,0.10547,0.10547,0.10547,0.12,0.9671658076228649,441.722710816831,-0.0,0.0,0.0,441.722710816831,441.722710816831,0.0,0.0
5912,2019-09-04 08:00:00,9,2019-09-04 09:00:00,0.10547,0.10547,0.10547,0.12,0.9671658076228649,505.5362087504388,-0.0,0.0,0.0,505.5362087504388,505.5362087504388,0.0,1.0
5913,2019-09-04 09:00:00,9,2019-09-04 10:00:00,0.10547,0.10547,0.10547,0.12,0.9671658076228649,447.3315996048075,-0.0,0.0,0.0,447.3315996048075,447.3315996048075,0.0,1.0
5914,2019-09-04 10:00:00,9,2019-09-04 11:00:00,0.10547,0.10547,0.10547,0.12,0.9671658076228649,497.0283038638331,-0.0,0.0,0.0,497.0283038638331,497.0283038638331,0.0,1.0
5915,2019-09-04 11:00:00,9,2019-09-04 12:00:00,0.10547,0.10547,0.10547,0.12,0.9671658076228649,455.47705968151956,-0.0,0.0,0.0,455.47705968151956,455.47705968151956,0.0,1.0
5916,2019-09-04 12:00:00,9,2019-09-04 13:00:00,0.10547,0.10547,0.10547,0.12,0.9671658076228649,507.09990387405935,-28.55147163229145,0.0,0.0,535.6513755063509,535.6513755063509,0.0,1.0
5917,2019-09-04 13:00:00,9,2019-09-04 14:00:00,0.10547,0.10547,0.10547,0.12,1.0,466.7759834113018,-0.0,0.0,0.0,466.7759834113018,466.7759834113018,0.0,1.0
5918,2019-09-04 14:00:00,9,2019-09-04 15:00:00,0.12561,0.12561,0.12561,0.12,1.0,506.6148760519287,-0.0,0.0,0.0,506.6148760519287,506.6148760519287,0.0,1.0
5919,2019-09-04 15:00:00,9,2019-09-04 16:00:00,0.12561,0.12561,0.12561,0.12,1.0,495.82441316882085,-0.0,0.0,0.0,495.82441316882085,495.82441316882085,0.0,0.0
5920,2019-09-04 16:00:00,9,2019-09-04 17:00:00,0.15111,0.15111,0.15111,0.12,1.0,559.9197858781691,-0.0,336.00000000000006,0.0,223.91978587816908,223.91978587816908,0.0,0.0
5921,2019-09-04 17:00:00,9,2019-09-04 18:00:00,0.15111,0.15111,0.15111,0.12,0.5434782608695652,482.0915529562577,-0.0,400.0,0.0,82.09155295625771,82.09155295625771,0.0,0.0
5922,2019-09-04 18:00:00,9,2019-09-04 19:00:00,0.15111,0.15111,0.15111,0.12,0.0,359.0742317488525,-0.0,0.0,0.0,359.0742317488525,359.0742317488525,0.0,0.0
5923,2019-09-04 19:00:00,9,2019-09-04 20:00:00,0.15111,0.15111,0.15111,0.12,0.0,250.73687741995073,-0.0,0.0,0.0,250.73687741995073,250.73687741995073,0.0,0.0
5924,2019-09-04 20:00:00,9,2019-09-04 21:00:00,0.15111,0.15111,0.15111,0.12,0.0,231.79072823918244,-0.0,0.0,0.0,231.79072823918244,231.79072823918244,0.0,0.0
5925,2019-09-04 21:00:00,9,2019-09-04 22:00:00,0.12561,0.12561,0.12561,0.12,0.0,212.84249632041545,-0.0,0.0,0.0,212.84249632041545,212.84249632041545,0.0,0.0
5926,2019-09-04 22:00:00,9,2019-09-04 23:00:00,0.12561,0.12561,0.12561,0.12,0.0,193.89530612216194,-0.0,0.0,0.0,193.89530612216194,193.89530612216194,0.0,0.0
5927,2019-09-04 23:00:00,9,2019-09-05 00:00:00,0.10547,0.10547,0.10547,0.12,0.0,184.42171102032228,-0.0,0.0,0.0,184.42171102032228,184.42171102032228,0.0,0.0
5928,2019-09-05 00:00:00,9,2019-09-05 01:00:00,0.10547,0.10547,0.10547,0.12,0.0,223.05429808543533,-69.56521739130434,0.0,0.0,292.6195154767397,292.6195154767397,0.0,1.0
5929,2019-09-05 01:00:00,9,2019-09-05 02:00:00,0.10547,0.10547,0.10547,0.12,0.08,223.05429801955066,-0.0,0.0,0.0,223.05429801955066,223.05429801955066,0.0,0.0
5930,2019-09-05 02:00:00,9,2019-09-05 03:00:00,0.10547,0.10547,0.10547,0.12,0.08,223.0542979893212,-0.0,0.0,0.0,223.0542979893212,223.0542979893212,0.0,0.0
5931,2019-09-05 03:00:00,9,2019-09-05 04:00:00,0.10547,0.10547,0.10547,0.12,0.08,232.52789322603067,-0.0,0.0,0.0,232.52789322603067,232.52789322603067,0.0,0.0
5932,2019-09-05 04:00:00,9,2019-09-05 05:00:00,0.10547,0.10547,0.10547,0.12,0.08,270.79224453174146,-0.0,0.0,0.0,270.79224453174146,270.79224453174146,0.0,0.0
5933,2019-09-05 05:00:00,9,2019-09-05 06:00:00,0.10547,0.10547,0.10547,0.12,0.08,380.25276332442695,-400.0,0.0,0.0,780.252763324427,780.252763324427,0.0,1.0
5934,2019-09-05 06:00:00,9,2019-09-05 07:00:00,0.10547,0.10547,0.10547,0.12,0.54,484.14779506404994,-400.0,0.0,0.0,884.1477950640499,884.1477950640499,0.0,1.0
5935,2019-09-05 07:00:00,9,2019-09-05 08:00:00,0.10547,0.10547,0.10547,0.12,1.0,1034.6725539437068,-0.0,34.03272290051456,0.0,1000.6398310431923,1000.6398310431923,0.0,0.0
5936,2019-09-05 08:00:00,9,2019-09-05 09:00:00,0.10547,0.10547,0.10547,0.12,0.9537598873634313,1078.7081507515911,-0.0,78.06831970839886,0.0,1000.6398310431923,1000.6398310431923,0.0,0.0
5937,2019-09-05 09:00:00,9,2019-09-05 10:00:00,0.10547,0.10547,0.10547,0.12,0.8476888008031068,1058.6894250491716,-0.0,58.049594005979316,0.0,1000.6398310431923,1000.6398310431923,0.0,0.0
5938,2019-09-05 10:00:00,9,2019-09-05 11:00:00,0.10547,0.10547,0.10547,0.12,0.7688170698167227,1072.8539762956605,-0.0,72.2141452524682,0.0,1000.6398310431923,1000.6398310431923,0.0,0.0
5939,2019-09-05 11:00:00,9,2019-09-05 12:00:00,0.10547,0.10547,0.10547,0.12,0.6707000246367388,1046.0255489549656,-0.0,45.38571791177338,0.0,1000.6398310431923,1000.6398310431923,0.0,0.0
5940,2019-09-05 12:00:00,9,2019-09-05 13:00:00,0.10547,0.10547,0.10547,0.12,0.609034647039221,1093.9801817400794,-0.0,93.34035069688707,0.0,1000.6398310431923,1000.6398310431923,0.0,0.0
5941,2019-09-05 13:00:00,9,2019-09-05 14:00:00,0.10547,0.10547,0.10547,0.12,0.4822135183749723,1097.8020282794357,-0.0,97.16219723624346,0.0,1000.6398310431923,1000.6398310431923,0.0,0.0
5942,2019-09-05 14:00:00,9,2019-09-05 15:00:00,0.12561,0.12561,0.12561,0.12,0.35019966343442405,1095.7370118335753,-0.0,95.09718079038294,0.0,1000.6398310431923,1000.6398310431923,0.0,0.0
5943,2019-09-05 15:00:00,9,2019-09-05 16:00:00,0.12561,0.12561,0.12561,0.12,0.22099153736053437,1132.6316253495984,-0.0,131.99179430640606,0.0,1000.6398310431923,1000.6398310431923,0.0,0.0
5944,2019-09-05 16:00:00,9,2019-09-05 17:00:00,0.15111,0.15111,0.15111,0.12,0.04165486031378716,1031.2978082341397,-0.0,30.657977190947353,0.0,1000.6398310431923,1000.6398310431923,0.0,0.0
5945,2019-09-05 17:00:00,9,2019-09-05 18:00:00,0.15111,0.15111,0.15111,0.12,0.0,856.9873612365363,-0.0,0.0,0.0,856.9873612365363,856.9873612365363,0.0,0.0
5946,2019-09-05 18:00:00,9,2019-09-05 19:00:00,0.15111,0.15111,0.15111,0.12,0.0,839.4151238624331,-0.0,0.0,0.0,839.4151238624331,839.4151238624331,0.0,0.0
5947,2019-09-05 19:00:00,9,2019-09-05 20:00:00,0.15111,0.15111,0.15111,0.12,0.0,674.0191129241125,-0.0,0.0,0.0,674.0191129241125,674.0191129241125,0.0,0.0
5948,2019-09-05 20:00:00,9,2019-09-05 21:00:00,0.15111,0.15111,0.15111,0.12,0.0,586.8117758629386,-0.0,0.0,0.0,586.8117758629386,586.8117758629386,0.0,0.0
5949,2019-09-05 21:00:00,9,2019-09-05 22:00:00,0.12561,0.12561,0.12561,0.12,0.0,270.7912038832104,-0.0,0.0,0.0,270.7912038832104,270.7912038832104,0.0,0.0
5950,2019-09-05 22:00:00,9,2019-09-05 23:00:00,0.12561,0.12561,0.12561,0.12,0.0,232.52789337097698,-0.0,0.0,0.0,232.52789337097698,232.52789337097698,0.0,0.0
5951,2019-09-05 23:00:00,9,2019-09-06 00:00:00,0.10547,0.10547,0.10547,0.12,0.0,223.054298055981,-0.0,0.0,0.0,223.054298055981,223.054298055981,0.0,0.0
5952,2019-09-06 00:00:00,9,2019-09-06 01:00:00,0.10547,0.10547,0.10547,0.12,0.0,223.0542984729923,-0.0,0.0,0.0,223.0542984729923,223.0542984729923,0.0,0.0
5953,2019-09-06 01:00:00,9,2019-09-06 02:00:00,0.10547,0.10547,0.10547,0.12,0.0,223.05429846059045,-0.0,0.0,0.0,223.05429846059045,223.05429846059045,0.0,0.0
5954,2019-09-06 02:00:00,9,2019-09-06 03:00:00,0.10547,0.10547,0.10547,0.12,0.0,223.0542983954809,-0.0,0.0,0.0,223.0542983954809,223.0542983954809,0.0,0.0
5955,2019-09-06 03:00:00,9,2019-09-06 04:00:00,0.10547,0.10547,0.10547,0.12,0.0,232.52789368877367,-0.0,0.0,0.0,232.52789368877367,232.52789368877367,0.0,0.0
5956,2019-09-06 04:00:00,9,2019-09-06 05:00:00,0.10547,0.10547,0.10547,0.12,0.0,270.7922451448565,-399.99999999999994,0.0,0.0,670.7922451448565,670.7922451448565,0.0,1.0
5957,2019-09-06 05:00:00,9,2019-09-06 06:00:00,0.10547,0.10547,0.10547,0.12,0.4599999999999999,319.3058611689458,-399.99999999999994,0.0,0.0,719.3058611689457,719.3058611689457,0.0,1.0
5958,2019-09-06 06:00:00,9,2019-09-06 07:00:00,0.10547,0.10547,0.10547,0.12,0.9199999999999998,424.8683155836298,-10.737923995114823,0.0,0.0,435.60623957874463,435.60623957874463,0.0,1.0
5959,2019-09-06 07:00:00,9,2019-09-06 08:00:00,0.10547,0.10547,0.10547,0.12,0.932348612594382,941.8125376470027,-58.82729339618959,0.0,0.0,1000.6398310431923,1000.6398310431923,0.0,1.0
5960,2019-09-06 08:00:00,9,2019-09-06 09:00:00,0.10547,0.10547,0.10547,0.12,1.0,1034.6042418698823,-0.0,33.96441082669003,0.0,1000.6398310431923,1000.6398310431923,0.0,0.0
5961,2019-09-06 09:00:00,9,2019-09-06 10:00:00,0.10547,0.10547,0.10547,0.12,0.9538527026811277,1046.6321565036174,-0.0,45.992325460425036,0.0,1000.6398310431923,1000.6398310431923,0.0,0.0
5962,2019-09-06 10:00:00,9,2019-09-06 11:00:00,0.10547,0.10547,0.10547,0.12,0.8913631300446805,1055.0882929418842,-0.0,54.4484618986919,0.0,1000.6398310431923,1000.6398310431923,0.0,0.0
5963,2019-09-06 11:00:00,9,2019-09-06 12:00:00,0.10547,0.10547,0.10547,0.12,0.8173842415953709,1024.1853600160337,-0.0,23.54552897284134,0.0,1000.6398310431923,1000.6398310431923,0.0,0.0
5964,2019-09-06 12:00:00,9,2019-09-06 13:00:00,0.10547,0.10547,0.10547,0.12,0.7853930337518364,1077.7466257534663,-0.0,77.10679471027402,0.0,1000.6398310431923,1000.6398310431923,0.0,0.0
5965,2019-09-06 13:00:00,9,2019-09-06 14:00:00,0.10547,0.10547,0.10547,0.12,0.6806283670259208,1073.6389651909876,-0.0,72.9991341477953,0.0,1000.6398310431923,1000.6398310431923,0.0,0.0
5966,2019-09-06 14:00:00,9,2019-09-06 15:00:00,0.12561,0.12561,0.12561,0.12,0.581444760846851,1066.396319426265,-0.0,65.75648838307279,0.0,1000.6398310431923,1000.6398310431923,0.0,0.0
5967,2019-09-06 15:00:00,9,2019-09-06 16:00:00,0.12561,0.12561,0.12561,0.12,0.4921017059785456,1095.2346310748187,-0.0,94.59480003162639,0.0,1000.6398310431923,1000.6398310431923,0.0,0.0
5968,2019-09-06 16:00:00,9,2019-09-06 17:00:00,0.15111,0.15111,0.15111,0.12,0.36357616245731406,991.9505379869562,-0.0,267.5920555685832,0.0,724.358482418373,724.358482418373,0.0,0.0
5969,2019-09-06 17:00:00,9,2019-09-06 18:00:00,0.15111,0.15111,0.15111,0.12,0.0,758.3460352232647,-0.0,0.0,0.0,758.3460352232647,758.3460352232647,0.0,0.0
5970,2019-09-06 18:00:00,9,2019-09-06 19:00:00,0.15111,0.15111,0.15111,0.12,0.0,650.4905512753351,-0.0,0.0,0.0,650.4905512753351,650.4905512753351,0.0,0.0
5971,2019-09-06 19:00:00,9,2019-09-06 20:00:00,0.15111,0.15111,0.15111,0.12,0.0,517.0580312444663,-0.0,0.0,0.0,517.0580312444663,517.0580312444663,0.0,0.0
5972,2019-09-06 20:00:00,9,2019-09-06 21:00:00,0.15111,0.15111,0.15111,0.12,0.0,497.8127764635492,-0.0,0.0,0.0,497.8127764635492,497.8127764635492,0.0,0.0
5973,2019-09-06 21:00:00,9,2019-09-06 22:00:00,0.12561,0.12561,0.12561,0.12,0.0,270.7912041948062,-0.0,0.0,0.0,270.7912041948062,270.7912041948062,0.0,0.0
5974,2019-09-06 22:00:00,9,2019-09-06 23:00:00,0.12561,0.12561,0.12561,0.12,0.0,232.5278936895488,-0.0,0.0,0.0,232.5278936895488,232.5278936895488,0.0,0.0
5975,2019-09-06 23:00:00,9,2019-09-07 00:00:00,0.10547,0.10547,0.10547,0.12,0.0,223.05429844818863,-0.0,0.0,0.0,223.05429844818863,223.05429844818863,0.0,0.0
5976,2019-09-07 00:00:00,9,2019-09-07 01:00:00,0.10547,0.10547,0.10547,0.12,0.0,223.05429888535286,-0.0,0.0,0.0,223.05429888535286,223.05429888535286,0.0,0.0
5977,2019-09-07 01:00:00,9,2019-09-07 02:00:00,0.10547,0.10547,0.10547,0.12,0.0,223.05429887450126,-0.0,0.0,0.0,223.05429887450126,223.05429887450126,0.0,0.0
5978,2019-09-07 02:00:00,9,2019-09-07 03:00:00,0.10547,0.10547,0.10547,0.12,0.0,223.05429888380266,-0.0,0.0,0.0,223.05429888380266,223.05429888380266,0.0,0.0
5979,2019-09-07 03:00:00,9,2019-09-07 04:00:00,0.10547,0.10547,0.10547,0.12,0.0,232.52789409958405,-12.422251516562092,0.0,0.0,244.95014561614613,244.95014561614613,0.0,1.0
5980,2019-09-07 04:00:00,9,2019-09-07 05:00:00,0.10547,0.10547,0.10547,0.12,0.014285589244046406,270.79224579595217,-0.0,0.0,0.0,270.79224579595217,270.79224579595217,0.0,0.0
5981,2019-09-07 05:00:00,9,2019-09-07 06:00:00,0.10547,0.10547,0.10547,0.12,0.014285589244046406,391.73955445395245,-400.0,0.0,0.0,791.7395544539525,791.7395544539525,0.0,1.0
5982,2019-09-07 06:00:00,9,2019-09-07 07:00:00,0.10547,0.10547,0.10547,0.12,0.4742855892440464,458.69246974451045,-400.0,0.0,0.0,858.6924697445104,858.6924697445104,0.0,1.0
5983,2019-09-07 07:00:00,9,2019-09-07 08:00:00,0.10547,0.10547,0.10547,0.12,0.9342855892440464,899.4574326009648,0.0,0.0,0.0,899.4574326009648,899.4574326009648,0.0,0.0
5984,2019-09-07 08:00:00,9,2019-09-07 09:00:00,0.10547,0.10547,0.10547,0.12,0.9342855892440464,943.4968651684501,-57.14296587474223,0.0,0.0,1000.6398310431923,1000.6398310431923,0.0,1.0
5985,2019-09-07 09:00:00,9,2019-09-07 10:00:00,0.10547,0.10547,0.10547,0.12,1.0,1015.1636323432808,-0.0,14.523801300088508,0.0,1000.6398310431923,1000.6398310431923,0.0,0.0
5986,2019-09-07 10:00:00,9,2019-09-07 11:00:00,0.10547,0.10547,0.10547,0.12,0.980266574320532,1046.0256734382563,-0.0,45.385842395063946,0.0,1000.6398310431923,1000.6398310431923,0.0,0.0
5987,2019-09-07 11:00:00,9,2019-09-07 12:00:00,0.10547,0.10547,0.10547,0.12,0.9186010275881081,1024.6524929279547,-0.0,24.012661884762338,0.0,1000.6398310431923,1000.6398310431923,0.0,0.0
5988,2019-09-07 12:00:00,9,2019-09-07 13:00:00,0.10547,0.10547,0.10547,0.12,0.8859751282881593,1065.6802079340782,-0.0,65.04037689088591,0.0,1000.6398310431923,1000.6398310431923,0.0,0.0
5989,2019-09-07 13:00:00,9,2019-09-07 14:00:00,0.10547,0.10547,0.10547,0.12,0.79760505099076,1057.8769867123551,-0.0,57.2371556691628,0.0,1000.6398310431923,1000.6398310431923,0.0,0.0
5990,2019-09-07 14:00:00,9,2019-09-07 15:00:00,0.12561,0.12561,0.12561,0.12,0.719837176440267,1054.0457114008475,-0.0,53.40588035765518,0.0,1000.6398310431923,1000.6398310431923,0.0,0.0
5991,2019-09-07 15:00:00,9,2019-09-07 16:00:00,0.12561,0.12561,0.12561,0.12,0.6472748389978007,1084.3100548115779,-0.0,83.67022376838554,0.0,1000.6398310431923,1000.6398310431923,0.0,0.0
5992,2019-09-07 16:00:00,9,2019-09-07 17:00:00,0.15111,0.15111,0.15111,0.12,0.5335924697472768,991.5613171436694,-0.0,392.7240577339958,0.0,598.8372594096736,598.8372594096736,0.0,0.0
5993,2019-09-07 17:00:00,9,2019-09-07 18:00:00,0.15111,0.15111,0.15111,0.12,0.0,835.726332706855,-0.0,0.0,0.0,835.726332706855,835.726332706855,0.0,1.0
5994,2019-09-07 18:00:00,9,2019-09-07 19:00:00,0.15111,0.15111,0.15111,0.12,0.0,842.6266288737415,-0.0,0.0,0.0,842.6266288737415,842.6266288737415,0.0,1.0
5995,2019-09-07 19:00:00,9,2019-09-07 20:00:00,0.15111,0.15111,0.15111,0.12,0.0,731.1369077949664,-0.0,0.0,0.0,731.1369077949664,731.1369077949664,0.0,0.0
5996,2019-09-07 20:00:00,9,2019-09-07 21:00:00,0.15111,0.15111,0.15111,0.12,0.0,709.4982475613549,-0.0,0.0,0.0,709.4982475613549,709.4982475613549,0.0,0.0
5997,2019-09-07 21:00:00,9,2019-09-07 22:00:00,0.12561,0.12561,0.12561,0.12,0.0,270.7912044800481,-0.0,0.0,0.0,270.7912044800481,270.7912044800481,0.0,0.0
5998,2019-09-07 22:00:00,9,2019-09-07 23:00:00,0.12561,0.12561,0.12561,0.12,0.0,232.52789400346992,-0.0,0.0,0.0,232.52789400346992,232.52789400346992,0.0,0.0
5999,2019-09-07 23:00:00,9,2019-09-08 00:00:00,0.10547,0.10547,0.10547,0.12,0.0,223.05429882799444,-0.0,0.0,0.0,223.05429882799444,223.05429882799444,0.0,0.0
6000,2019-09-08 00:00:00,9,2019-09-08 01:00:00,0.10547,0.10547,0.10547,0.12,0.0,223.05429926980935,-0.0,0.0,0.0,223.05429926980935,223.05429926980935,0.0,0.0
6001,2019-09-08 01:00:00,9,2019-09-08 02:00:00,0.10547,0.10547,0.10547,0.12,0.0,223.054299321742,-0.0,0.0,0.0,223.054299321742,223.054299321742,0.0,0.0
6002,2019-09-08 02:00:00,9,2019-09-08 03:00:00,0.10547,0.10547,0.10547,0.12,0.0,223.05429931864154,-69.56521739130434,0.0,0.0,292.61951670994586,292.61951670994586,0.0,1.0
6003,2019-09-08 03:00:00,9,2019-09-08 04:00:00,0.10547,0.10547,0.10547,0.12,0.08,232.52789459565693,-0.0,0.0,0.0,232.52789459565693,232.52789459565693,0.0,0.0
6004,2019-09-08 04:00:00,9,2019-09-08 05:00:00,0.10547,0.10547,0.10547,0.12,0.08,270.7922465834679,-400.0,0.0,0.0,670.7922465834679,670.7922465834679,0.0,1.0
6005,2019-09-08 05:00:00,9,2019-09-08 06:00:00,0.10547,0.10547,0.10547,0.12,0.54,598.2571534208029,-400.0,0.0,0.0,998.2571534208029,998.2571534208029,0.0,1.0
6006,2019-09-08 06:00:00,9,2019-09-08 07:00:00,0.10547,0.10547,0.10547,0.12,1.0,682.3487524520853,0.0,0.0,0.0,682.3487524520853,682.3487524520853,0.0,0.0
6007,2019-09-08 07:00:00,9,2019-09-08 08:00:00,0.10547,0.10547,0.10547,0.12,1.0,1116.8219520049977,-0.0,102.87054381196464,0.0,1013.9514081930331,1013.9514081930331,0.0,0.0
6008,2019-09-08 08:00:00,9,2019-09-08 09:00:00,0.10547,0.10547,0.10547,0.12,0.8602302393859176,1098.499917510664,-0.0,84.54850931763093,0.0,1013.9514081930331,1013.9514081930331,0.0,0.0
6009,2019-09-08 09:00:00,9,2019-09-08 10:00:00,0.10547,0.10547,0.10547,0.12,0.745354547378267,1079.9894564804315,-0.0,66.03804828739834,0.0,1013.9514081930331,1013.9514081930331,0.0,0.0
6010,2019-09-08 10:00:00,9,2019-09-08 11:00:00,0.10547,0.10547,0.10547,0.12,0.6556289382921284,1098.5479271736365,-0.0,84.59651898060332,0.0,1013.9514081930331,1013.9514081930331,0.0,0.0
6011,2019-09-08 11:00:00,9,2019-09-08 12:00:00,0.10547,0.10547,0.10547,0.12,0.5406880157641354,1058.5611998496088,-0.0,44.609791656575624,0.0,1013.9514081930331,1013.9514081930331,0.0,0.0
6012,2019-09-08 12:00:00,9,2019-09-08 13:00:00,0.10547,0.10547,0.10547,0.12,0.4800768857959622,1094.4336027865193,-0.0,80.48219459348607,0.0,1013.9514081930332,1013.9514081930332,0.0,0.0
6013,2019-09-08 13:00:00,9,2019-09-08 14:00:00,0.10547,0.10547,0.10547,0.12,0.37072607792437784,1086.7658581253263,-0.0,72.81444993229309,0.0,1013.9514081930332,1013.9514081930332,0.0,0.0
6014,2019-09-08 14:00:00,9,2019-09-08 15:00:00,0.12561,0.12561,0.12561,0.12,0.27179340138593616,1080.1540142599633,-0.0,66.20260606693012,0.0,1013.9514081930332,1013.9514081930332,0.0,0.0
6015,2019-09-08 15:00:00,9,2019-09-08 16:00:00,0.12561,0.12561,0.12561,0.12,0.18184420836021598,1120.2582834973223,-0.0,106.30687530428906,0.0,1013.9514081930332,1013.9514081930332,0.0,0.0
6016,2019-09-08 16:00:00,9,2019-09-08 17:00:00,0.15111,0.15111,0.15111,0.12,0.03740551908808412,1041.4818702418631,-0.0,27.530462048829918,0.0,1013.9514081930332,1013.9514081930332,0.0,0.0
6017,2019-09-08 17:00:00,9,2019-09-08 18:00:00,0.15111,0.15111,0.15111,0.12,0.0,901.0862808806593,-0.0,0.0,0.0,901.0862808806593,901.0862808806593,0.0,0.0
6018,2019-09-08 18:00:00,9,2019-09-08 19:00:00,0.15111,0.15111,0.15111,0.12,0.0,889.1014143748818,-0.0,0.0,0.0,889.1014143748818,889.1014143748818,0.0,0.0
6019,2019-09-08 19:00:00,9,2019-09-08 20:00:00,0.15111,0.15111,0.15111,0.12,0.0,772.9460257870273,-0.0,0.0,0.0,772.9460257870273,772.9460257870273,0.0,0.0
6020,2019-09-08 20:00:00,9,2019-09-08 21:00:00,0.15111,0.15111,0.15111,0.12,0.0,748.1525382649571,-0.0,0.0,0.0,748.1525382649571,748.1525382649571,0.0,0.0
6021,2019-09-08 21:00:00,9,2019-09-08 22:00:00,0.12561,0.12561,0.12561,0.12,0.0,270.79120504820656,-0.0,0.0,0.0,270.79120504820656,270.79120504820656,0.0,0.0
6022,2019-09-08 22:00:00,9,2019-09-08 23:00:00,0.12561,0.12561,0.12561,0.12,0.0,232.52789453442293,-0.0,0.0,0.0,232.52789453442293,232.52789453442293,0.0,0.0
6023,2019-09-08 23:00:00,9,2019-09-09 00:00:00,0.10547,0.10547,0.10547,0.12,0.0,223.05429926050803,-0.0,0.0,0.0,223.05429926050803,223.05429926050803,0.0,0.0
6024,2019-09-09 00:00:00,9,2019-09-09 01:00:00,0.10547,0.10547,0.10547,0.12,0.0,184.4220599641938,-0.0,0.0,0.0,184.4220599641938,184.4220599641938,0.0,1.0
6025,2019-09-09 01:00:00,9,2019-09-09 02:00:00,0.10547,0.10547,0.10547,0.12,0.0,184.42205992931366,-0.0,0.0,0.0,184.42205992931366,184.42205992931366,0.0,1.0
6026,2019-09-09 02:00:00,9,2019-09-09 03:00:00,0.10547,0.10547,0.10547,0.12,-2.764245654932289e-17,184.4220600138011,-0.0,0.0,0.0,184.4220600138011,184.4220600138011,0.0,1.0
6027,2019-09-09 03:00:00,9,2019-09-09 04:00:00,0.10547,0.10547,0.10547,0.12,-2.764245654932289e-17,193.89565523965894,-0.0,0.0,0.0,193.89565523965894,193.89565523965894,0.0,1.0
6028,2019-09-09 04:00:00,9,2019-09-09 05:00:00,0.10547,0.10547,0.10547,0.12,-2.764245654932289e-17,212.84388813816994,-400.0,0.0,0.0,612.84388813817,612.84388813817,0.0,1.0
6029,2019-09-09 05:00:00,9,2019-09-09 06:00:00,0.10547,0.10547,0.10547,0.12,0.46,507.3830601486949,-400.00000000000017,0.0,0.0,907.383060148695,907.383060148695,0.0,1.0
6030,2019-09-09 06:00:00,9,2019-09-09 07:00:00,0.10547,0.10547,0.10547,0.12,0.9200000000000003,542.7046587592603,-1.2357264969740872e-13,0.0,0.0,542.7046587592604,542.7046587592604,0.0,0.0
6031,2019-09-09 07:00:00,9,2019-09-09 08:00:00,0.10547,0.10547,0.10547,0.12,0.9200000000000004,805.3533827096912,-0.0,-2.091837814077735e-13,0.0,805.3533827096915,805.3533827096915,0.0,0.0
6032,2019-09-09 08:00:00,9,2019-09-09 09:00:00,0.10547,0.10547,0.10547,0.12,0.9200000000000007,787.9088286065235,-0.0,-1.7053025658242404e-13,0.0,787.9088286065237,787.9088286065237,0.0,1.0
6033,2019-09-09 09:00:00,9,2019-09-09 10:00:00,0.10547,0.10547,0.10547,0.12,0.920000000000001,761.1063940272578,-0.0,0.0,0.0,761.1063940272578,761.1063940272578,0.0,1.0
6034,2019-09-09 10:00:00,9,2019-09-09 11:00:00,0.10547,0.10547,0.10547,0.12,0.920000000000001,769.863097517335,-0.0,0.0,0.0,769.863097517335,769.863097517335,0.0,1.0
6035,2019-09-09 11:00:00,9,2019-09-09 12:00:00,0.10547,0.10547,0.10547,0.12,0.920000000000001,778.0643839434266,-0.0,3.1268806146309295e-13,0.0,778.0643839434265,778.0643839434265,0.0,0.0
6036,2019-09-09 12:00:00,9,2019-09-09 13:00:00,0.10547,0.10547,0.10547,0.12,0.92,786.7402313668231,-0.0,0.0,0.0,786.7402313668231,786.7402313668231,0.0,1.0
6037,2019-09-09 13:00:00,9,2019-09-09 14:00:00,0.10547,0.10547,0.10547,0.12,0.92,594.9674982933082,-69.56521739130434,0.0,0.0,664.5327156846125,664.5327156846125,0.0,1.0
6038,2019-09-09 14:00:00,9,2019-09-09 15:00:00,0.12561,0.12561,0.12561,0.12,1.0,593.0854956646127,-0.0,0.0,0.0,593.0854956646127,593.0854956646127,0.0,0.0
6039,2019-09-09 15:00:00,9,2019-09-09 16:00:00,0.12561,0.12561,0.12561,0.12,1.0,623.6865827883123,-0.0,0.0,0.0,623.6865827883123,623.6865827883123,0.0,1.0
6040,2019-09-09 16:00:00,9,2019-09-09 17:00:00,0.15111,0.15111,0.15111,0.12,1.0,582.6785812444546,-0.0,400.0,0.0,182.67858124445456,182.67858124445456,0.0,0.0
6041,2019-09-09 17:00:00,9,2019-09-09 18:00:00,0.15111,0.15111,0.15111,0.12,0.4565217391304348,423.4571359693795,-0.0,336.00000000000006,0.0,87.45713596937946,87.45713596937946,0.0,0.0
6042,2019-09-09 18:00:00,9,2019-09-09 19:00:00,0.15111,0.15111,0.15111,0.12,0.0,250.88738475030252,-0.0,0.0,0.0,250.88738475030252,250.88738475030252,0.0,0.0
6043,2019-09-09 19:00:00,9,2019-09-09 20:00:00,0.15111,0.15111,0.15111,0.12,0.0,250.73792181073162,-0.0,0.0,0.0,250.73792181073162,250.73792181073162,0.0,0.0
6044,2019-09-09 20:00:00,9,2019-09-09 21:00:00,0.15111,0.15111,0.15111,0.12,0.0,231.79142587036276,-0.0,0.0,0.0,231.79142587036276,231.79142587036276,0.0,0.0
6045,2019-09-09 21:00:00,9,2019-09-09 22:00:00,0.12561,0.12561,0.12561,0.12,0.0,212.84284574950823,-0.0,0.0,0.0,212.84284574950823,212.84284574950823,0.0,0.0
6046,2019-09-09 22:00:00,9,2019-09-09 23:00:00,0.12561,0.12561,0.12561,0.12,0.0,193.89565515052084,-0.0,0.0,0.0,193.89565515052084,193.89565515052084,0.0,1.0
6047,2019-09-09 23:00:00,9,2019-09-10 00:00:00,0.10547,0.10547,0.10547,0.12,0.0,184.42205990606027,-0.0,0.0,0.0,184.42205990606027,184.42205990606027,0.0,1.0
6048,2019-09-10 00:00:00,9,2019-09-10 01:00:00,0.10547,0.10547,0.10547,0.12,0.0,184.4217128736196,-0.0,0.0,0.0,184.4217128736196,184.4217128736196,0.0,0.0
6049,2019-09-10 01:00:00,9,2019-09-10 02:00:00,0.10547,0.10547,0.10547,0.12,0.0,184.42171252559348,-0.0,0.0,0.0,184.42171252559348,184.42171252559348,0.0,1.0
6050,2019-09-10 02:00:00,9,2019-09-10 03:00:00,0.10547,0.10547,0.10547,0.12,0.0,184.42171288369607,-0.0,0.0,0.0,184.42171288369607,184.42171288369607,0.0,0.0
6051,2019-09-10 03:00:00,9,2019-09-10 04:00:00,0.10547,0.10547,0.10547,0.12,0.0,193.8953083746429,-0.0,0.0,0.0,193.8953083746429,193.8953083746429,0.0,1.0
6052,2019-09-10 04:00:00,9,2019-09-10 05:00:00,0.10547,0.10547,0.10547,0.12,0.0,212.8435409685341,-0.0,0.0,0.0,212.8435409685341,212.8435409685341,0.0,0.0
6053,2019-09-10 05:00:00,9,2019-09-10 06:00:00,0.10547,0.10547,0.10547,0.12,0.0,244.11456536788663,-0.0,0.0,0.0,244.11456536788663,244.11456536788663,0.0,0.0
6054,2019-09-10 06:00:00,9,2019-09-10 07:00:00,0.10547,0.10547,0.10547,0.12,0.0,229.95018238854684,-0.0,0.0,0.0,229.95018238854684,229.95018238854684,0.0,0.0
6055,2019-09-10 07:00:00,9,2019-09-10 08:00:00,0.10547,0.10547,0.10547,0.12,0.0,349.5351233877528,-0.0,0.0,0.0,349.5351233877528,349.5351233877528,0.0,0.0
6056,2019-09-10 08:00:00,9,2019-09-10 09:00:00,0.10547,0.10547,0.10547,0.12,0.0,468.0071042463808,-130.6168808449944,0.0,0.0,598.6239850913752,598.6239850913752,0.0,1.0
6057,2019-09-10 09:00:00,9,2019-09-10 10:00:00,0.10547,0.10547,0.10547,0.12,0.15020941297174356,401.4440198106406,-197.17996528073456,0.0,0.0,598.6239850913752,598.6239850913752,0.0,1.0
6058,2019-09-10 10:00:00,9,2019-09-10 11:00:00,0.10547,0.10547,0.10547,0.12,0.3769663730445883,393.68726927721326,-204.93671581416191,0.0,0.0,598.6239850913752,598.6239850913752,0.0,1.0
6059,2019-09-10 11:00:00,9,2019-09-10 12:00:00,0.10547,0.10547,0.10547,0.12,0.6126435962308744,426.735145811368,-171.88883928000723,0.0,0.0,598.6239850913753,598.6239850913753,0.0,1.0
6060,2019-09-10 12:00:00,9,2019-09-10 13:00:00,0.10547,0.10547,0.10547,0.12,0.8103157614028826,433.68116891996897,-0.0,-1.0459189070388675e-13,0.0,433.6811689199691,433.6811689199691,0.0,0.0
6061,2019-09-10 13:00:00,9,2019-09-10 14:00:00,0.10547,0.10547,0.10547,0.12,0.8103157614028828,472.27596673667983,-164.94281617140643,1.5688783605583013e-13,0.0,637.2187829080864,637.2187829080864,0.0,1.0
6062,2019-09-10 14:00:00,9,2019-09-10 15:00:00,0.12561,0.12561,0.12561,0.12,1.0,412.9734490522534,0.0,0.0,0.0,412.9734490522534,412.9734490522534,0.0,0.0
6063,2019-09-10 15:00:00,9,2019-09-10 16:00:00,0.12561,0.12561,0.12561,0.12,1.0,487.3849456679271,0.0,0.0,0.0,487.3849456679271,487.3849456679271,0.0,0.0
6064,2019-09-10 16:00:00,9,2019-09-10 17:00:00,0.15111,0.15111,0.15111,0.12,1.0,481.00932127494127,-0.0,400.0,0.0,81.00932127494127,81.00932127494127,0.0,0.0
6065,2019-09-10 17:00:00,9,2019-09-10 18:00:00,0.15111,0.15111,0.15111,0.12,0.4565217391304348,492.27100765058793,-0.0,336.0000000000002,0.0,156.2710076505877,156.2710076505877,0.0,0.0
6066,2019-09-10 18:00:00,9,2019-09-10 19:00:00,0.15111,0.15111,0.15111,0.12,-2.1316282072803005e-16,237.49225063935435,-0.0,0.0,0.0,237.49225063935435,237.49225063935435,0.0,0.0
6067,2019-09-10 19:00:00,9,2019-09-10 20:00:00,0.15111,0.15111,0.15111,0.12,0.0,250.7368797057616,-0.0,0.0,0.0,250.7368797057616,250.7368797057616,0.0,0.0
6068,2019-09-10 20:00:00,9,2019-09-10 21:00:00,0.15111,0.15111,0.15111,0.12,0.0,231.7907317675009,-0.0,0.0,0.0,231.7907317675009,231.7907317675009,0.0,0.0
6069,2019-09-10 21:00:00,9,2019-09-10 22:00:00,0.12561,0.12561,0.12561,0.12,0.0,212.84249851243752,-0.0,0.0,0.0,212.84249851243752,212.84249851243752,0.0,0.0
6070,2019-09-10 22:00:00,9,2019-09-10 23:00:00,0.12561,0.12561,0.12561,0.12,0.0,193.89530783128808,-0.0,0.0,0.0,193.89530783128808,193.89530783128808,0.0,0.0
6071,2019-09-10 23:00:00,9,2019-09-11 00:00:00,0.10547,0.10547,0.10547,0.12,0.0,184.42171292865268,-0.0,0.0,0.0,184.42171292865268,184.42171292865268,0.0,0.0
6072,2019-09-11 00:00:00,9,2019-09-11 01:00:00,0.10547,0.10547,0.10547,0.12,0.0,223.05430075647783,-0.0,0.0,0.0,223.05430075647783,223.05430075647783,0.0,0.0
6073,2019-09-11 01:00:00,9,2019-09-11 02:00:00,0.10547,0.10547,0.10547,0.12,0.0,223.0543007874824,-0.0,0.0,0.0,223.0543007874824,223.0543007874824,0.0,0.0
6074,2019-09-11 02:00:00,9,2019-09-11 03:00:00,0.10547,0.10547,0.10547,0.12,0.0,223.05430074795154,-0.0,0.0,0.0,223.05430074795154,223.05430074795154,0.0,0.0
6075,2019-09-11 03:00:00,9,2019-09-11 04:00:00,0.10547,0.10547,0.10547,0.12,0.0,232.52789609627743,-69.56521739130434,0.0,0.0,302.0931134875818,302.0931134875818,0.0,1.0
6076,2019-09-11 04:00:00,9,2019-09-11 05:00:00,0.10547,0.10547,0.10547,0.12,0.08,270.79224892508694,-0.0,0.0,0.0,270.79224892508694,270.79224892508694,0.0,0.0
6077,2019-09-11 05:00:00,9,2019-09-11 06:00:00,0.10547,0.10547,0.10547,0.12,0.08,507.9827267307368,-400.0,0.0,0.0,907.9827267307368,907.9827267307368,0.0,1.0
6078,2019-09-11 06:00:00,9,2019-09-11 07:00:00,0.10547,0.10547,0.10547,0.12,0.54,594.0980190059715,-400.0,0.0,0.0,994.0980190059715,994.0980190059715,0.0,1.0
6079,2019-09-11 07:00:00,9,2019-09-11 08:00:00,0.10547,0.10547,0.10547,0.12,1.0,1083.729971109915,-0.0,69.7785629168817,0.0,1013.9514081930332,1013.9514081930332,0.0,0.0
6080,2019-09-11 08:00:00,9,2019-09-11 09:00:00,0.10547,0.10547,0.10547,0.12,0.9051921699498889,1078.5466321703689,-0.0,64.59522397733565,0.0,1013.9514081930332,1013.9514081930332,0.0,0.0
6081,2019-09-11 09:00:00,9,2019-09-11 10:00:00,0.10547,0.10547,0.10547,0.12,0.817426919980683,1046.4619439737137,-0.0,32.51053578068047,0.0,1013.9514081930332,1013.9514081930332,0.0,0.0
6082,2019-09-11 10:00:00,9,2019-09-11 11:00:00,0.10547,0.10547,0.10547,0.12,0.773254996365628,1053.5702506110333,-0.0,39.6188424180001,0.0,1013.9514081930332,1013.9514081930332,0.0,0.0
6083,2019-09-11 11:00:00,9,2019-09-11 12:00:00,0.10547,0.10547,0.10547,0.12,0.7194250474281279,1017.8557088804544,-0.0,3.9043006874211414,0.0,1013.9514081930332,1013.9514081930332,0.0,0.0
6084,2019-09-11 12:00:00,9,2019-09-11 13:00:00,0.10547,0.10547,0.10547,0.12,0.7141202910593492,1062.3551188262238,-0.0,48.4037106331906,0.0,1013.9514081930332,1013.9514081930332,0.0,0.0
6085,2019-09-11 13:00:00,9,2019-09-11 14:00:00,0.10547,0.10547,0.10547,0.12,0.648354379872949,1064.3870788039853,-0.0,50.435670610952116,0.0,1013.9514081930332,1013.9514081930332,0.0,0.0
6086,2019-09-11 14:00:00,9,2019-09-11 15:00:00,0.12561,0.12561,0.12561,0.12,0.5798276534993727,1063.3733959038736,-0.0,49.421987710840426,0.0,1013.9514081930332,1013.9514081930332,0.0,0.0
6087,2019-09-11 15:00:00,9,2019-09-11 16:00:00,0.12561,0.12561,0.12561,0.12,0.5126782136748612,1096.1089884778632,-0.0,82.15758028483003,0.0,1013.9514081930332,1013.9514081930332,0.0,0.0
6088,2019-09-11 16:00:00,9,2019-09-11 17:00:00,0.15111,0.15111,0.15111,0.12,0.40105106654873346,1003.0186520881979,-0.0,295.1735849798678,0.0,707.8450671083301,707.8450671083301,0.0,0.0
6089,2019-09-11 17:00:00,9,2019-09-11 18:00:00,0.15111,0.15111,0.15111,0.12,0.0,840.1552358648464,-0.0,0.0,0.0,840.1552358648464,840.1552358648464,0.0,1.0
6090,2019-09-11 18:00:00,9,2019-09-11 19:00:00,0.15111,0.15111,0.15111,0.12,0.0,817.6077395260928,-0.0,0.0,0.0,817.6077395260928,817.6077395260928,0.0,0.0
6091,2019-09-11 19:00:00,9,2019-09-11 20:00:00,0.15111,0.15111,0.15111,0.12,0.0,676.0637461038907,-0.0,0.0,0.0,676.0637461038907,676.0637461038907,0.0,0.0
6092,2019-09-11 20:00:00,9,2019-09-11 21:00:00,0.15111,0.15111,0.15111,0.12,0.0,628.0680330259353,-0.0,0.0,0.0,628.0680330259353,628.0680330259353,0.0,0.0
6093,2019-09-11 21:00:00,9,2019-09-11 22:00:00,0.12561,0.12561,0.12561,0.12,0.0,270.791206418608,-0.0,0.0,0.0,270.791206418608,270.791206418608,0.0,0.0
6094,2019-09-11 22:00:00,9,2019-09-11 23:00:00,0.12561,0.12561,0.12561,0.12,0.0,232.52789592807767,-0.0,0.0,0.0,232.52789592807767,232.52789592807767,0.0,0.0
6095,2019-09-11 23:00:00,9,2019-09-12 00:00:00,0.10547,0.10547,0.10547,0.12,0.0,223.05430064331117,-0.0,0.0,0.0,223.05430064331117,223.05430064331117,0.0,0.0
6096,2019-09-12 00:00:00,9,2019-09-12 01:00:00,0.10547,0.10547,0.10547,0.12,0.0,223.0543011316329,-0.0,0.0,0.0,223.0543011316329,223.0543011316329,0.0,0.0
6097,2019-09-12 01:00:00,9,2019-09-12 02:00:00,0.10547,0.10547,0.10547,0.12,0.0,223.05430117116376,-0.0,0.0,0.0,223.05430117116376,223.05430117116376,0.0,0.0
6098,2019-09-12 02:00:00,9,2019-09-12 03:00:00,0.10547,0.10547,0.10547,0.12,0.0,223.0543012416991,-69.56521739130429,0.0,0.0,292.6195186330034,292.6195186330034,0.0,1.0
6099,2019-09-12 03:00:00,9,2019-09-12 04:00:00,0.10547,0.10547,0.10547,0.12,0.07999999999999993,232.52789651018827,-0.0,0.0,0.0,232.52789651018827,232.52789651018827,0.0,0.0
6100,2019-09-12 04:00:00,9,2019-09-12 05:00:00,0.10547,0.10547,0.10547,0.12,0.07999999999999993,270.7922503481961,-400.00000000000006,0.0,0.0,670.7922503481961,670.7922503481961,0.0,1.0
6101,2019-09-12 05:00:00,9,2019-09-12 06:00:00,0.10547,0.10547,0.10547,0.12,0.54,513.0705847911538,-400.0,0.0,0.0,913.0705847911538,913.0705847911538,0.0,1.0
6102,2019-09-12 06:00:00,9,2019-09-12 07:00:00,0.10547,0.10547,0.10547,0.12,1.0,589.8432344821708,0.0,0.0,0.0,589.8432344821708,589.8432344821708,0.0,0.0
6103,2019-09-12 07:00:00,9,2019-09-12 08:00:00,0.10547,0.10547,0.10547,0.12,1.0,1065.4280767795938,-0.0,51.47666858656055,0.0,1013.9514081930332,1013.9514081930332,0.0,0.0
6104,2019-09-12 08:00:00,9,2019-09-12 09:00:00,0.10547,0.10547,0.10547,0.12,0.9300588742030428,1071.376060804782,-0.0,57.424652611748684,0.0,1013.9514081930332,1013.9514081930332,0.0,0.0
6105,2019-09-12 09:00:00,9,2019-09-12 10:00:00,0.10547,0.10547,0.10547,0.12,0.8520362483718625,1044.6502028667066,-0.0,30.698794673673433,0.0,1013.9514081930332,1013.9514081930332,0.0,0.0
6106,2019-09-12 10:00:00,9,2019-09-12 11:00:00,0.10547,0.10547,0.10547,0.12,0.8103259295217627,1058.8950256517646,-0.0,44.94361745873141,0.0,1013.9514081930332,1013.9514081930332,0.0,0.0
6107,2019-09-12 11:00:00,9,2019-09-12 12:00:00,0.10547,0.10547,0.10547,0.12,0.7492612318876168,1032.804764638098,-0.0,18.853356445064833,0.0,1013.9514081930332,1013.9514081930332,0.0,0.0
6108,2019-09-12 12:00:00,9,2019-09-12 13:00:00,0.10547,0.10547,0.10547,0.12,0.7236452584568223,1088.4483393332384,-0.0,74.49693114020522,0.0,1013.9514081930332,1013.9514081930332,0.0,0.0
6109,2019-09-12 13:00:00,9,2019-09-12 14:00:00,0.10547,0.10547,0.10547,0.12,0.622426602016326,1098.6113687340699,-0.0,84.65996054103664,0.0,1013.9514081930332,1013.9514081930332,0.0,0.0
6110,2019-09-12 14:00:00,9,2019-09-12 15:00:00,0.12561,0.12561,0.12561,0.12,0.5073994817160046,1105.5214100668466,-0.0,91.57000187381334,0.0,1013.9514081930332,1013.9514081930332,0.0,0.0
6111,2019-09-12 15:00:00,9,2019-09-12 16:00:00,0.12561,0.12561,0.12561,0.12,0.3829837183004973,1142.6807578256687,-0.0,128.7293496326355,0.0,1013.9514081930332,1013.9514081930332,0.0,0.0
6112,2019-09-12 16:00:00,9,2019-09-12 17:00:00,0.15111,0.15111,0.15111,0.12,0.20807971064746,1026.851793537892,-0.0,12.900385344858819,0.0,1013.9514081930332,1013.9514081930332,0.0,0.0
6113,2019-09-12 17:00:00,9,2019-09-12 18:00:00,0.15111,0.15111,0.15111,0.12,0.19055201316803225,847.1566827976577,-0.0,0.0,0.0,847.1566827976577,847.1566827976577,0.0,0.0
6114,2019-09-12 18:00:00,9,2019-09-12 19:00:00,0.15111,0.15111,0.15111,0.12,0.19055201316803225,847.8399925629257,-0.0,0.0,0.0,847.8399925629257,847.8399925629257,0.0,0.0
6115,2019-09-12 19:00:00,9,2019-09-12 20:00:00,0.15111,0.15111,0.15111,0.12,0.19055201316803225,720.7818639118469,-0.0,140.24628169167173,0.0,580.5355822201752,580.5355822201752,0.0,0.0
6116,2019-09-12 20:00:00,9,2019-09-12 21:00:00,0.15111,0.15111,0.15111,0.12,0.0,655.6596765794234,-0.0,0.0,0.0,655.6596765794234,655.6596765794234,0.0,0.0
6117,2019-09-12 21:00:00,9,2019-09-12 22:00:00,0.12561,0.12561,0.12561,0.12,0.0,270.79120717744445,-0.0,0.0,0.0,270.79120717744445,270.79120717744445,0.0,0.0
6118,2019-09-12 22:00:00,9,2019-09-12 23:00:00,0.12561,0.12561,0.12561,0.12,0.0,232.5278966690866,-0.0,0.0,0.0,232.5278966690866,232.5278966690866,0.0,0.0
6119,2019-09-12 23:00:00,9,2019-09-13 00:00:00,0.10547,0.10547,0.10547,0.12,0.0,223.0543013068087,-0.0,0.0,0.0,223.0543013068087,223.0543013068087,0.0,0.0
6120,2019-09-13 00:00:00,9,2019-09-13 01:00:00,0.10547,0.10547,0.10547,0.12,0.0,223.05430184008705,-0.0,0.0,0.0,223.05430184008705,223.05430184008705,0.0,0.0
6121,2019-09-13 01:00:00,9,2019-09-13 02:00:00,0.10547,0.10547,0.10547,0.12,0.0,223.05430181063272,-0.0,0.0,0.0,223.05430181063272,223.05430181063272,0.0,0.0
6122,2019-09-13 02:00:00,9,2019-09-13 03:00:00,0.10547,0.10547,0.10547,0.12,0.0,223.05430175714986,-0.0,0.0,0.0,223.05430175714986,223.05430175714986,0.0,0.0
6123,2019-09-13 03:00:00,9,2019-09-13 04:00:00,0.10547,0.10547,0.10547,0.12,0.0,232.52789706129423,-0.0,0.0,0.0,232.52789706129423,232.52789706129423,0.0,0.0
6124,2019-09-13 04:00:00,9,2019-09-13 05:00:00,0.10547,0.10547,0.10547,0.12,0.0,270.7922505070944,-400.0,0.0,0.0,670.7922505070944,670.7922505070944,0.0,1.0
6125,2019-09-13 05:00:00,9,2019-09-13 06:00:00,0.10547,0.10547,0.10547,0.12,0.46,404.9354647483206,-400.0,0.0,0.0,804.9354647483206,804.9354647483206,0.0,1.0
6126,2019-09-13 06:00:00,9,2019-09-13 07:00:00,0.10547,0.10547,0.10547,0.12,0.92,525.5919528101907,-69.56521739130434,0.0,0.0,595.1571702014951,595.1571702014951,0.0,1.0
6127,2019-09-13 07:00:00,9,2019-09-13 08:00:00,0.10547,0.10547,0.10547,0.12,1.0,1053.6052887430546,-0.0,39.65388055002143,0.0,1013.9514081930332,1013.9514081930332,0.0,0.0
6128,2019-09-13 08:00:00,9,2019-09-13 09:00:00,0.10547,0.10547,0.10547,0.12,0.9461224449048622,1076.1603688658693,-0.0,62.20896067283604,0.0,1013.9514081930332,1013.9514081930332,0.0,0.0
6129,2019-09-13 09:00:00,9,2019-09-13 10:00:00,0.10547,0.10547,0.10547,0.12,0.8615994005124219,1048.4426826118504,-0.0,34.49127441881717,0.0,1013.9514081930332,1013.9514081930332,0.0,0.0
6130,2019-09-13 10:00:00,9,2019-09-13 11:00:00,0.10547,0.10547,0.10547,0.12,0.8147362559216377,1053.15439772261,-0.0,39.20298952957671,0.0,1013.9514081930332,1013.9514081930332,0.0,0.0
6131,2019-09-13 11:00:00,9,2019-09-13 12:00:00,0.10547,0.10547,0.10547,0.12,0.7614713244955824,1025.0960962888491,-0.0,11.144688095815923,0.0,1013.9514081930332,1013.9514081930332,0.0,0.0
6132,2019-09-13 12:00:00,9,2019-09-13 13:00:00,0.10547,0.10547,0.10547,0.12,0.746329085234963,1086.5117644677346,-0.0,72.56035627470135,0.0,1013.9514081930332,1013.9514081930332,0.0,0.0
6133,2019-09-13 13:00:00,9,2019-09-13 14:00:00,0.10547,0.10547,0.10547,0.12,0.6477416446443361,1098.1315949082766,-0.0,84.1801867152434,0.0,1013.9514081930332,1013.9514081930332,0.0,0.0
6134,2019-09-13 14:00:00,9,2019-09-13 15:00:00,0.12561,0.12561,0.12561,0.12,0.5333663909551467,1093.9269178513357,-0.0,79.97550965830249,0.0,1013.9514081930332,1013.9514081930332,0.0,0.0
6135,2019-09-13 15:00:00,9,2019-09-13 16:00:00,0.12561,0.12561,0.12561,0.12,0.4247040137020183,1120.8217934579995,-0.0,106.87038526496633,0.0,1013.9514081930332,1013.9514081930332,0.0,0.0
6136,2019-09-13 16:00:00,9,2019-09-13 17:00:00,0.15111,0.15111,0.15111,0.12,0.2794996858963576,1011.5251465674926,-0.0,205.7117688197192,0.0,805.8133777477734,805.8133777477734,0.0,0.0
6137,2019-09-13 17:00:00,9,2019-09-13 18:00:00,0.15111,0.15111,0.15111,0.12,0.0,837.1688690698587,-0.0,0.0,0.0,837.1688690698587,837.1688690698587,0.0,0.0
6138,2019-09-13 18:00:00,9,2019-09-13 19:00:00,0.15111,0.15111,0.15111,0.12,0.0,759.9249102036631,-0.0,0.0,0.0,759.9249102036631,759.9249102036631,0.0,0.0
6139,2019-09-13 19:00:00,9,2019-09-13 20:00:00,0.15111,0.15111,0.15111,0.12,0.0,567.8790533235673,-0.0,0.0,0.0,567.8790533235673,567.8790533235673,0.0,0.0
6140,2019-09-13 20:00:00,9,2019-09-13 21:00:00,0.15111,0.15111,0.15111,0.12,0.0,529.8502299979554,-0.0,0.0,0.0,529.8502299979554,529.8502299979554,0.0,0.0
6141,2019-09-13 21:00:00,9,2019-09-13 22:00:00,0.12561,0.12561,0.12561,0.12,0.0,270.79120746191126,-0.0,0.0,0.0,270.79120746191126,270.79120746191126,0.0,0.0
6142,2019-09-13 22:00:00,9,2019-09-13 23:00:00,0.12561,0.12561,0.12561,0.12,0.0,232.52789700626116,-0.0,0.0,0.0,232.52789700626116,232.52789700626116,0.0,0.0
6143,2019-09-13 23:00:00,9,2019-09-14 00:00:00,0.10547,0.10547,0.10547,0.12,0.0,223.0543016889398,-0.0,0.0,0.0,223.0543016889398,223.0543016889398,0.0,0.0
6144,2019-09-14 00:00:00,9,2019-09-14 01:00:00,0.10547,0.10547,0.10547,0.12,0.0,223.054302207491,-0.0,0.0,0.0,223.054302207491,223.054302207491,0.0,0.0
6145,2019-09-14 01:00:00,9,2019-09-14 02:00:00,0.10547,0.10547,0.10547,0.12,0.0,223.05430229275353,-0.0,0.0,0.0,223.05430229275353,223.05430229275353,0.0,0.0
6146,2019-09-14 02:00:00,9,2019-09-14 03:00:00,0.10547,0.10547,0.10547,0.12,0.0,223.0543022795766,-0.0,0.0,0.0,223.0543022795766,223.0543022795766,0.0,0.0
6147,2019-09-14 03:00:00,9,2019-09-14 04:00:00,0.10547,0.10547,0.10547,0.12,0.0,232.52789759922328,-0.0,0.0,0.0,232.52789759922328,232.52789759922328,0.0,0.0
6148,2019-09-14 04:00:00,9,2019-09-14 05:00:00,0.10547,0.10547,0.10547,0.12,0.0,270.7922519836864,-400.0,0.0,0.0,670.7922519836864,670.7922519836864,0.0,1.0
6149,2019-09-14 05:00:00,9,2019-09-14 06:00:00,0.10547,0.10547,0.10547,0.12,0.46,383.9346486066767,-400.00000000000006,0.0,0.0,783.9346486066768,783.9346486066768,0.0,1.0
6150,2019-09-14 06:00:00,9,2019-09-14 07:00:00,0.10547,0.10547,0.10547,0.12,0.92,474.36264573456737,-6.848056275201054,0.0,0.0,481.2107020097684,481.2107020097684,0.0,1.0
6151,2019-09-14 07:00:00,9,2019-09-14 08:00:00,0.10547,0.10547,0.10547,0.12,0.9278752647164812,951.2342470769299,-62.717161116103284,0.0,0.0,1013.9514081930332,1013.9514081930332,0.0,1.0
6152,2019-09-14 08:00:00,9,2019-09-14 09:00:00,0.10547,0.10547,0.10547,0.12,1.0,1039.6469651507934,-0.0,25.695556957760232,0.0,1013.9514081930332,1013.9514081930332,0.0,0.0
6153,2019-09-14 09:00:00,9,2019-09-14 10:00:00,0.10547,0.10547,0.10547,0.12,0.965087558481304,1048.4759357418454,-0.0,34.524527548812216,0.0,1013.9514081930332,1013.9514081930332,0.0,0.0
6154,2019-09-14 10:00:00,9,2019-09-14 11:00:00,0.10547,0.10547,0.10547,0.12,0.9181792330073745,1065.451297943808,-0.0,51.49988975077474,0.0,1013.9514081930332,1013.9514081930332,0.0,0.0
6155,2019-09-14 11:00:00,9,2019-09-14 12:00:00,0.10547,0.10547,0.10547,0.12,0.848206556715561,1048.2270103576457,-0.0,34.27560216461245,0.0,1013.9514081930332,1013.9514081930332,0.0,0.0
6156,2019-09-14 12:00:00,9,2019-09-14 13:00:00,0.10547,0.10547,0.10547,0.12,0.8016364450788592,1105.4464049000835,-0.0,91.49499670705029,0.0,1013.9514081930332,1013.9514081930332,0.0,0.0
6157,2019-09-14 13:00:00,9,2019-09-14 14:00:00,0.10547,0.10547,0.10547,0.12,0.6773225908573235,1102.1060755339263,-0.0,88.15466734089307,0.0,1013.9514081930332,1013.9514081930332,0.0,0.0
6158,2019-09-14 14:00:00,9,2019-09-14 15:00:00,0.12561,0.12561,0.12561,0.12,0.5575472276224144,1100.2704881178502,-0.0,86.31907992481695,0.0,1013.9514081930332,1013.9514081930332,0.0,0.0
6159,2019-09-14 15:00:00,9,2019-09-14 16:00:00,0.12561,0.12561,0.12561,0.12,0.4402658690289131,1126.5603367028446,-0.0,112.60892850981134,0.0,1013.9514081930332,1013.9514081930332,0.0,0.0
6160,2019-09-14 16:00:00,9,2019-09-14 17:00:00,0.15111,0.15111,0.15111,0.12,0.28726460746666943,1019.320361661098,-0.0,5.368953468064774,0.0,1013.9514081930332,1013.9514081930332,0.0,0.0
6161,2019-09-14 17:00:00,9,2019-09-14 18:00:00,0.15111,0.15111,0.15111,0.12,0.2799698337328858,845.4240942825589,-0.0,206.05779762740394,0.0,639.366296655155,639.366296655155,0.0,0.0
6162,2019-09-14 18:00:00,9,2019-09-14 19:00:00,0.15111,0.15111,0.15111,0.12,0.0,797.2940238783017,-0.0,0.0,0.0,797.2940238783017,797.2940238783017,0.0,0.0
6163,2019-09-14 19:00:00,9,2019-09-14 20:00:00,0.15111,0.15111,0.15111,0.12,0.0,583.8864394281234,-0.0,0.0,0.0,583.8864394281234,583.8864394281234,0.0,0.0
6164,2019-09-14 20:00:00,9,2019-09-14 21:00:00,0.15111,0.15111,0.15111,0.12,0.0,513.7753467378886,-0.0,0.0,0.0,513.7753467378886,513.7753467378886,0.0,0.0
6165,2019-09-14 21:00:00,9,2019-09-14 22:00:00,0.12561,0.12561,0.12561,0.12,0.0,270.79120810293045,-0.0,0.0,0.0,270.79120810293045,270.79120810293045,0.0,0.0
6166,2019-09-14 22:00:00,9,2019-09-14 23:00:00,0.12561,0.12561,0.12561,0.12,0.0,232.52789759379743,-0.0,0.0,0.0,232.52789759379743,232.52789759379743,0.0,0.0
6167,2019-09-14 23:00:00,9,2019-09-15 00:00:00,0.10547,0.10547,0.10547,0.12,0.0,223.05430233305947,-0.0,0.0,0.0,223.05430233305947,223.05430233305947,0.0,0.0
6168,2019-09-15 00:00:00,9,2019-09-15 01:00:00,0.10547,0.10547,0.10547,0.12,0.0,223.054302908194,-69.56521739130429,0.0,0.0,292.6195202994983,292.6195202994983,0.0,1.0
6169,2019-09-15 01:00:00,9,2019-09-15 02:00:00,0.10547,0.10547,0.10547,0.12,0.07999999999999993,223.05430286246227,-0.0,0.0,0.0,223.05430286246227,223.05430286246227,0.0,0.0
6170,2019-09-15 02:00:00,9,2019-09-15 03:00:00,0.10547,0.10547,0.10547,0.12,0.07999999999999993,223.0543029275718,-0.0,0.0,0.0,223.0543029275718,223.0543029275718,0.0,0.0
6171,2019-09-15 03:00:00,9,2019-09-15 04:00:00,0.10547,0.10547,0.10547,0.12,0.07999999999999993,232.52789810537263,-0.0,0.0,0.0,232.52789810537263,232.52789810537263,0.0,0.0
6172,2019-09-15 04:00:00,9,2019-09-15 05:00:00,0.10547,0.10547,0.10547,0.12,0.07999999999999993,270.79225224334954,-0.0,0.0,0.0,270.79225224334954,270.79225224334954,0.0,0.0
6173,2019-09-15 05:00:00,9,2019-09-15 06:00:00,0.10547,0.10547,0.10547,0.12,0.07999999999999993,384.52051337127085,-400.00000000000006,0.0,0.0,784.5205133712709,784.5205133712709,0.0,1.0
6174,2019-09-15 06:00:00,9,2019-09-15 07:00:00,0.10547,0.10547,0.10547,0.12,0.54,555.5406577166616,-400.0,0.0,0.0,955.5406577166616,955.5406577166616,0.0,1.0
6175,2019-09-15 07:00:00,9,2019-09-15 08:00:00,0.10547,0.10547,0.10547,0.12,1.0,1099.3280692663066,-0.0,85.37666107327334,0.0,1013.9514081930332,1013.9514081930332,0.0,0.0
6176,2019-09-15 08:00:00,9,2019-09-15 09:00:00,0.10547,0.10547,0.10547,0.12,0.8839991018026176,1112.956237305944,-0.0,99.00482911291067,0.0,1013.9514081930332,1013.9514081930332,0.0,0.0
6177,2019-09-15 09:00:00,9,2019-09-15 10:00:00,0.10547,0.10547,0.10547,0.12,0.7494816709426847,1099.7722584970345,-0.0,85.82085030400128,0.0,1013.9514081930332,1013.9514081930332,0.0,0.0
6178,2019-09-15 10:00:00,9,2019-09-15 11:00:00,0.10547,0.10547,0.10547,0.12,0.6328772547687699,1084.7874798097498,-0.0,70.8360716167166,0.0,1013.9514081930332,1013.9514081930332,0.0,0.0
6179,2019-09-15 11:00:00,9,2019-09-15 12:00:00,0.10547,0.10547,0.10547,0.12,0.5366325922460572,1036.6813411166097,-0.0,22.729932923576484,0.0,1013.9514081930332,1013.9514081930332,0.0,0.0
6180,2019-09-15 12:00:00,9,2019-09-15 13:00:00,0.10547,0.10547,0.10547,0.12,0.5057495312085891,1081.2702636017598,-0.0,67.31885540872656,0.0,1013.9514081930332,1013.9514081930332,0.0,0.0
6181,2019-09-15 13:00:00,9,2019-09-15 14:00:00,0.10547,0.10547,0.10547,0.12,0.41428369505542806,1080.1499063656265,-0.0,66.1984981725933,0.0,1013.9514081930332,1013.9514081930332,0.0,0.0
6182,2019-09-15 14:00:00,9,2019-09-15 15:00:00,0.12561,0.12561,0.12561,0.12,0.32434008340788284,1080.2632264583815,-0.0,66.31181826534828,0.0,1013.9514081930332,1013.9514081930332,0.0,0.0
6183,2019-09-15 15:00:00,9,2019-09-15 16:00:00,0.12561,0.12561,0.12561,0.12,0.23424250424300744,1120.8342273312007,-0.0,106.88281913816752,0.0,1013.9514081930332,1013.9514081930332,0.0,0.0
6184,2019-09-15 16:00:00,9,2019-09-15 17:00:00,0.15111,0.15111,0.15111,0.12,0.08902128258788855,1035.7766254401713,-0.0,65.51966398468598,0.0,970.2569614554853,970.2569614554853,0.0,0.0
6185,2019-09-15 17:00:00,9,2019-09-15 18:00:00,0.15111,0.15111,0.15111,0.12,0.0,889.8792770048726,-0.0,0.0,0.0,889.8792770048726,889.8792770048726,0.0,0.0
6186,2019-09-15 18:00:00,9,2019-09-15 19:00:00,0.15111,0.15111,0.15111,0.12,0.0,903.3517054566651,-0.0,0.0,0.0,903.3517054566651,903.3517054566651,0.0,0.0
6187,2019-09-15 19:00:00,9,2019-09-15 20:00:00,0.15111,0.15111,0.15111,0.12,0.0,782.9988900318691,-0.0,0.0,0.0,782.9988900318691,782.9988900318691,0.0,0.0
6188,2019-09-15 20:00:00,9,2019-09-15 21:00:00,0.15111,0.15111,0.15111,0.12,0.0,754.1007050325462,-0.0,0.0,0.0,754.1007050325462,754.1007050325462,0.0,0.0
6189,2019-09-15 21:00:00,9,2019-09-15 22:00:00,0.12561,0.12561,0.12561,0.12,0.0,270.79120852381726,-0.0,0.0,0.0,270.79120852381726,270.79120852381726,0.0,0.0
6190,2019-09-15 22:00:00,9,2019-09-15 23:00:00,0.12561,0.12561,0.12561,0.12,0.0,232.52789800073225,-0.0,0.0,0.0,232.52789800073225,232.52789800073225,0.0,0.0
6191,2019-09-15 23:00:00,9,2019-09-16 00:00:00,0.10547,0.10547,0.10547,0.12,0.0,223.05430277254902,-0.0,0.0,0.0,223.05430277254902,223.05430277254902,0.0,0.0
6192,2019-09-16 00:00:00,9,2019-09-16 01:00:00,0.10547,0.10547,0.10547,0.12,0.0,184.4220634188764,-0.0,0.0,0.0,184.4220634188764,184.4220634188764,0.0,1.0
6193,2019-09-16 01:00:00,9,2019-09-16 02:00:00,0.10547,0.10547,0.10547,0.12,0.0,184.42206339484787,-0.0,0.0,0.0,184.42206339484787,184.42206339484787,0.0,1.0
6194,2019-09-16 02:00:00,9,2019-09-16 03:00:00,0.10547,0.10547,0.10547,0.12,0.0,184.42206342585243,-0.0,0.0,0.0,184.42206342585243,184.42206342585243,0.0,1.0
6195,2019-09-16 03:00:00,9,2019-09-16 04:00:00,0.10547,0.10547,0.10547,0.12,0.0,193.895658697442,-0.0,0.0,0.0,193.895658697442,193.895658697442,0.0,0.0
6196,2019-09-16 04:00:00,9,2019-09-16 05:00:00,0.10547,0.10547,0.10547,0.12,0.0,212.84389378564973,-400.0,0.0,0.0,612.8438937856497,612.8438937856497,0.0,1.0
6197,2019-09-16 05:00:00,9,2019-09-16 06:00:00,0.10547,0.10547,0.10547,0.12,0.46,500.51138902303256,-0.0,0.0,0.0,500.51138902303256,500.51138902303256,0.0,1.0
6198,2019-09-16 06:00:00,9,2019-09-16 07:00:00,0.10547,0.10547,0.10547,0.12,0.46,539.6414984586175,-235.7887570621054,0.0,0.0,775.4302555207229,775.4302555207229,0.0,1.0
6199,2019-09-16 07:00:00,9,2019-09-16 08:00:00,0.10547,0.10547,0.10547,0.12,0.7311570706214212,812.4626687499177,-0.0,0.0,0.0,812.4626687499177,812.4626687499177,0.0,0.0
6200,2019-09-16 08:00:00,9,2019-09-16 09:00:00,0.10547,0.10547,0.10547,0.12,0.7311570706214212,823.401529951343,-0.0,0.0,0.0,823.401529951343,823.401529951343,0.0,1.0
6201,2019-09-16 09:00:00,9,2019-09-16 10:00:00,0.10547,0.10547,0.10547,0.12,0.7311570706214212,779.2389526992922,-0.0,0.0,0.0,779.2389526992922,779.2389526992922,0.0,1.0
6202,2019-09-16 10:00:00,9,2019-09-16 11:00:00,0.10547,0.10547,0.10547,0.12,0.7311570706214212,774.2484357525847,-0.0,0.0,0.0,774.2484357525847,774.2484357525847,0.0,0.0
6203,2019-09-16 11:00:00,9,2019-09-16 12:00:00,0.10547,0.10547,0.10547,0.12,0.7311570706214212,780.6469287027251,0.0,0.0,0.0,780.6469287027251,780.6469287027251,0.0,0.0
6204,2019-09-16 12:00:00,9,2019-09-16 13:00:00,0.10547,0.10547,0.10547,0.12,0.7311570706214212,780.8872378124064,-21.257146069468323,-4.6876938430851225e-15,0.0,802.1443838818747,802.1443838818747,0.0,1.0
6205,2019-09-16 13:00:00,9,2019-09-16 14:00:00,0.10547,0.10547,0.10547,0.12,0.7556027886013098,589.6250696221441,-212.51931425973055,-4.736951571734001e-15,0.0,802.1443838818747,802.1443838818747,0.0,1.0
6206,2019-09-16 14:00:00,9,2019-09-16 15:00:00,0.12561,0.12561,0.12561,0.12,1.0,591.7892682965603,-0.0,0.0,0.0,591.7892682965603,591.7892682965603,0.0,1.0
6207,2019-09-16 15:00:00,9,2019-09-16 16:00:00,0.12561,0.12561,0.12561,0.12,1.0,635.2174484802877,0.0,0.0,0.0,635.2174484802877,635.2174484802877,0.0,0.0
6208,2019-09-16 16:00:00,9,2019-09-16 17:00:00,0.15111,0.15111,0.15111,0.12,1.0,608.2755410090728,-0.0,11.195232123573287,0.0,597.0803088854994,597.0803088854994,0.0,0.0
6209,2019-09-16 17:00:00,9,2019-09-16 18:00:00,0.15111,0.15111,0.15111,0.12,0.9847890867886232,229.95122924031432,-0.0,229.95122924031432,0.0,0.0,0.0,0.0,0.0
6210,2019-09-16 18:00:00,9,2019-09-16 19:00:00,0.15111,0.15111,0.15111,0.12,0.6723553514077614,244.1156122235297,-0.0,244.1156122235297,0.0,0.0,0.0,0.0,0.0
6211,2019-09-16 19:00:00,9,2019-09-16 20:00:00,0.15111,0.15111,0.15111,0.12,0.3406765304518787,250.73792641258274,-0.0,250.73792641258274,0.0,0.0,0.0,0.0,0.0
6212,2019-09-16 20:00:00,9,2019-09-16 21:00:00,0.15111,0.15111,0.15111,0.12,0.0,231.79143252471553,-0.0,0.0,0.0,231.79143252471553,231.79143252471553,0.0,0.0
6213,2019-09-16 21:00:00,9,2019-09-16 22:00:00,0.12561,0.12561,0.12561,0.12,0.0,212.84284935766337,-0.0,0.0,0.0,212.84284935766337,212.84284935766337,0.0,0.0
6214,2019-09-16 22:00:00,9,2019-09-16 23:00:00,0.12561,0.12561,0.12561,0.12,0.0,193.89565878658013,-0.0,0.0,0.0,193.89565878658013,193.89565878658013,0.0,1.0
6215,2019-09-16 23:00:00,9,2019-09-17 00:00:00,0.10547,0.10547,0.10547,0.12,0.0,184.42206346848369,-0.0,0.0,0.0,184.42206346848369,184.42206346848369,0.0,1.0
6216,2019-09-17 00:00:00,9,2019-09-17 01:00:00,0.10547,0.10547,0.10547,0.12,0.0,184.42171587718593,-0.0,0.0,0.0,184.42171587718593,184.42171587718593,0.0,1.0
6217,2019-09-17 01:00:00,9,2019-09-17 02:00:00,0.10547,0.10547,0.10547,0.12,0.0,184.42171611514587,-0.0,0.0,0.0,184.42171611514587,184.42171611514587,0.0,0.0
6218,2019-09-17 02:00:00,9,2019-09-17 03:00:00,0.10547,0.10547,0.10547,0.12,0.0,184.42171607561508,-0.0,0.0,0.0,184.42171607561508,184.42171607561508,0.0,0.0
6219,2019-09-17 03:00:00,9,2019-09-17 04:00:00,0.10547,0.10547,0.10547,0.12,0.0,193.8953110146808,-0.0,0.0,0.0,193.8953110146808,193.8953110146808,0.0,1.0
6220,2019-09-17 04:00:00,9,2019-09-17 05:00:00,0.10547,0.10547,0.10547,0.12,0.0,212.84354648036899,-0.0,0.0,0.0,212.84354648036899,212.84354648036899,0.0,0.0
6221,2019-09-17 05:00:00,9,2019-09-17 06:00:00,0.10547,0.10547,0.10547,0.12,0.0,244.11456796296795,-0.0,0.0,0.0,244.11456796296795,244.11456796296795,0.0,0.0
6222,2019-09-17 06:00:00,9,2019-09-17 07:00:00,0.10547,0.10547,0.10547,0.12,0.0,229.9501848410072,-0.0,0.0,0.0,229.9501848410072,229.9501848410072,0.0,0.0
6223,2019-09-17 07:00:00,9,2019-09-17 08:00:00,0.10547,0.10547,0.10547,0.12,0.0,352.66851032220757,-284.8122451582839,0.0,0.0,637.4807554804914,637.4807554804914,0.0,1.0
6224,2019-09-17 08:00:00,9,2019-09-17 09:00:00,0.10547,0.10547,0.10547,0.12,0.32753408193202643,432.4271960097572,0.0,0.0,0.0,432.4271960097572,432.4271960097572,0.0,0.0
6225,2019-09-17 09:00:00,9,2019-09-17 10:00:00,0.10547,0.10547,0.10547,0.12,0.32753408193202643,422.4036157552613,-1.1368683772161603e-13,0.0,0.0,422.4036157552614,422.4036157552614,0.0,0.0
6226,2019-09-17 10:00:00,9,2019-09-17 11:00:00,0.10547,0.10547,0.10547,0.12,0.3275340819320266,366.27360938039163,-0.0,0.0,0.0,366.27360938039163,366.27360938039163,0.0,0.0
6227,2019-09-17 11:00:00,9,2019-09-17 12:00:00,0.10547,0.10547,0.10547,0.12,0.3275340819320266,454.1941207722104,-183.2866347082811,0.0,0.0,637.4807554804916,637.4807554804916,0.0,1.0
6228,2019-09-17 12:00:00,9,2019-09-17 13:00:00,0.10547,0.10547,0.10547,0.12,0.5383137118465497,402.6617080119172,-400.0,0.0,0.0,802.6617080119172,802.6617080119172,0.0,1.0
6229,2019-09-17 13:00:00,9,2019-09-17 14:00:00,0.10547,0.10547,0.10547,0.12,0.9983137118465498,470.83346542432633,-1.466337524739273,0.0,0.0,472.2998029490656,472.2998029490656,0.0,1.0
6230,2019-09-17 14:00:00,9,2019-09-17 15:00:00,0.12561,0.12561,0.12561,0.12,1.0,410.5015964419024,-0.0,0.0,0.0,410.5015964419024,410.5015964419024,0.0,1.0
6231,2019-09-17 15:00:00,9,2019-09-17 16:00:00,0.12561,0.12561,0.12561,0.12,1.0,504.96357788044554,-0.0,0.0,0.0,504.96357788044554,504.96357788044554,0.0,1.0
6232,2019-09-17 16:00:00,9,2019-09-17 17:00:00,0.15111,0.15111,0.15111,0.12,1.0,467.4851867079192,-0.0,400.0,0.0,67.48518670791918,67.48518670791918,0.0,0.0
6233,2019-09-17 17:00:00,9,2019-09-17 18:00:00,0.15111,0.15111,0.15111,0.12,0.4565217391304348,456.12395915932586,-0.0,336.00000000000006,0.0,120.1239591593258,120.1239591593258,0.0,0.0
6234,2019-09-17 18:00:00,9,2019-09-17 19:00:00,0.15111,0.15111,0.15111,0.12,0.0,298.5364832902598,-0.0,0.0,0.0,298.5364832902598,298.5364832902598,0.0,0.0
6235,2019-09-17 19:00:00,9,2019-09-17 20:00:00,0.15111,0.15111,0.15111,0.12,0.0,250.73688289147967,-0.0,0.0,0.0,250.73688289147967,250.73688289147967,0.0,0.0
6236,2019-09-17 20:00:00,9,2019-09-17 21:00:00,0.15111,0.15111,0.15111,0.12,0.0,231.79073711733693,-0.0,0.0,0.0,231.79073711733693,231.79073711733693,0.0,0.0
6237,2019-09-17 21:00:00,9,2019-09-17 22:00:00,0.12561,0.12561,0.12561,0.12,0.0,212.84250173923664,-0.0,0.0,0.0,212.84250173923664,212.84250173923664,0.0,0.0
6238,2019-09-17 22:00:00,9,2019-09-17 23:00:00,0.12561,0.12561,0.12561,0.12,0.0,193.89531143789299,-0.0,0.0,0.0,193.89531143789299,193.89531143789299,0.0,0.0
6239,2019-09-17 23:00:00,9,2019-09-18 00:00:00,0.10547,0.10547,0.10547,0.12,0.0,184.42171614770066,-0.0,0.0,0.0,184.42171614770066,184.42171614770066,0.0,0.0
6240,2019-09-18 00:00:00,9,2019-09-18 01:00:00,0.10547,0.10547,0.10547,0.12,0.0,223.05430461421963,-0.0,0.0,0.0,223.05430461421963,223.05430461421963,0.0,0.0
6241,2019-09-18 01:00:00,9,2019-09-18 02:00:00,0.10547,0.10547,0.10547,0.12,0.0,223.05430454833495,-0.0,0.0,0.0,223.05430454833495,223.05430454833495,0.0,0.0
6242,2019-09-18 02:00:00,9,2019-09-18 03:00:00,0.10547,0.10547,0.10547,0.12,0.0,223.0543044677231,-0.0,0.0,0.0,223.0543044677231,223.0543044677231,0.0,0.0
6243,2019-09-18 03:00:00,9,2019-09-18 04:00:00,0.10547,0.10547,0.10547,0.12,0.0,232.52789977806842,-0.0,0.0,0.0,232.52789977806842,232.52789977806842,0.0,0.0
6244,2019-09-18 04:00:00,9,2019-09-18 05:00:00,0.10547,0.10547,0.10547,0.12,0.0,270.7922553205517,-400.0,0.0,0.0,670.7922553205517,670.7922553205517,0.0,1.0
6245,2019-09-18 05:00:00,9,2019-09-18 06:00:00,0.10547,0.10547,0.10547,0.12,0.46,515.2288883996629,-400.0,0.0,0.0,915.2288883996629,915.2288883996629,0.0,1.0
6246,2019-09-18 06:00:00,9,2019-09-18 07:00:00,0.10547,0.10547,0.10547,0.12,0.92,591.6978692787931,-69.56521739130434,0.0,0.0,661.2630866700974,661.2630866700974,0.0,1.0
6247,2019-09-18 07:00:00,9,2019-09-18 08:00:00,0.10547,0.10547,0.10547,0.12,1.0,1065.5795152139558,-0.0,51.628107020922585,0.0,1013.9514081930332,1013.9514081930332,0.0,0.0
6248,2019-09-18 08:00:00,9,2019-09-18 09:00:00,0.10547,0.10547,0.10547,0.12,0.929853115460703,1078.7382892956994,-0.0,64.78688110266614,0.0,1013.9514081930332,1013.9514081930332,0.0,0.0
6249,2019-09-18 09:00:00,9,2019-09-18 10:00:00,0.10547,0.10547,0.10547,0.12,0.8418274617886022,1053.4814806695151,-0.0,39.530072476481905,0.0,1013.9514081930332,1013.9514081930332,0.0,0.0
6250,2019-09-18 10:00:00,9,2019-09-18 11:00:00,0.10547,0.10547,0.10547,0.12,0.7881181241846866,1069.990167958852,-0.0,56.03875976581878,0.0,1013.9514081930332,1013.9514081930332,0.0,0.0
6251,2019-09-18 11:00:00,9,2019-09-18 12:00:00,0.10547,0.10547,0.10547,0.12,0.7119785049376501,1036.778488535559,-0.0,22.827080342525846,0.0,1013.9514081930332,1013.9514081930332,0.0,0.0
6252,2019-09-18 12:00:00,9,2019-09-18 13:00:00,0.10547,0.10547,0.10547,0.12,0.6809634501244358,1065.2539732632245,-0.0,51.302565070191235,0.0,1013.9514081930332,1013.9514081930332,0.0,0.0
6253,2019-09-18 13:00:00,9,2019-09-18 14:00:00,0.10547,0.10547,0.10547,0.12,0.6112588780181977,1059.018220780742,-0.0,45.066812587708796,0.0,1013.9514081930332,1013.9514081930332,0.0,0.0
6254,2019-09-18 14:00:00,9,2019-09-18 15:00:00,0.12561,0.12561,0.12561,0.12,0.5500267956979412,1054.8134987671956,-0.0,40.86209057416238,0.0,1013.9514081930332,1013.9514081930332,0.0,0.0
6255,2019-09-18 15:00:00,9,2019-09-18 16:00:00,0.12561,0.12561,0.12561,0.12,0.49450765089609017,1091.0168479891647,-0.0,77.0654397961315,0.0,1013.9514081930332,1013.9514081930332,0.0,0.0
6256,2019-09-18 16:00:00,9,2019-09-18 17:00:00,0.15111,0.15111,0.15111,0.12,0.38979917291221583,995.182215469024,-0.0,0.0,0.0,995.182215469024,995.182215469024,0.0,1.0
6257,2019-09-18 17:00:00,9,2019-09-18 18:00:00,0.15111,0.15111,0.15111,0.12,0.38979917291221583,810.253667341609,-0.0,0.0,0.0,810.253667341609,810.253667341609,0.0,1.0
6258,2019-09-18 18:00:00,9,2019-09-18 19:00:00,0.15111,0.15111,0.15111,0.12,0.38979917291221583,738.4618535837103,-0.0,0.0,0.0,738.4618535837103,738.4618535837103,0.0,1.0
6259,2019-09-18 19:00:00,9,2019-09-18 20:00:00,0.15111,0.15111,0.15111,0.12,0.38979917291221583,591.093552459876,-0.0,0.0,0.0,591.093552459876,591.093552459876,0.0,1.0
6260,2019-09-18 20:00:00,9,2019-09-18 21:00:00,0.15111,0.15111,0.15111,0.12,0.38979917291221583,547.0584202475064,-0.0,286.8921912633909,0.0,260.16622898411555,260.16622898411555,0.0,0.0
6261,2019-09-18 21:00:00,9,2019-09-18 22:00:00,0.12561,0.12561,0.12561,0.12,0.0,270.7912102073647,-0.0,0.0,0.0,270.7912102073647,270.7912102073647,0.0,0.0
6262,2019-09-18 22:00:00,9,2019-09-18 23:00:00,0.12561,0.12561,0.12561,0.12,0.0,232.52789977031728,-0.0,0.0,0.0,232.52789977031728,232.52789977031728,0.0,0.0
6263,2019-09-18 23:00:00,9,2019-09-19 00:00:00,0.10547,0.10547,0.10547,0.12,0.0,223.05430445299592,-0.0,0.0,0.0,223.05430445299592,223.05430445299592,0.0,0.0
6264,2019-09-19 00:00:00,9,2019-09-19 01:00:00,0.10547,0.10547,0.10547,0.12,0.0,223.0543049963508,0.0,0.0,0.0,223.0543049963508,223.0543049963508,0.0,0.0
6265,2019-09-19 01:00:00,9,2019-09-19 02:00:00,0.10547,0.10547,0.10547,0.12,0.0,223.05430503975714,-0.0,0.0,0.0,223.05430503975714,223.05430503975714,0.0,0.0
6266,2019-09-19 02:00:00,9,2019-09-19 03:00:00,0.10547,0.10547,0.10547,0.12,0.0,223.05430502503,-0.0,0.0,0.0,223.05430502503,223.05430502503,0.0,0.0
6267,2019-09-19 03:00:00,9,2019-09-19 04:00:00,0.10547,0.10547,0.10547,0.12,0.0,232.52790028576797,-0.0,0.0,0.0,232.52790028576797,232.52790028576797,0.0,0.0
6268,2019-09-19 04:00:00,9,2019-09-19 05:00:00,0.10547,0.10547,0.10547,0.12,0.0,270.79225648477274,-0.0,0.0,0.0,270.79225648477274,270.79225648477274,0.0,0.0
6269,2019-09-19 05:00:00,9,2019-09-19 06:00:00,0.10547,0.10547,0.10547,0.12,0.0,380.2788416669561,-400.00000000000006,0.0,0.0,780.2788416669562,780.2788416669562,0.0,1.0
6270,2019-09-19 06:00:00,9,2019-09-19 07:00:00,0.10547,0.10547,0.10547,0.12,0.4600000000000001,460.5079848112883,-348.1346762292106,0.0,0.0,808.6426610404988,808.6426610404988,0.0,1.0
6271,2019-09-19 07:00:00,9,2019-09-19 08:00:00,0.10547,0.10547,0.10547,0.12,0.8603548776635922,935.6235765344849,-78.32783165854835,0.0,0.0,1013.9514081930332,1013.9514081930332,0.0,1.0
6272,2019-09-19 08:00:00,9,2019-09-19 09:00:00,0.10547,0.10547,0.10547,0.12,0.9504318840709228,970.848698689488,-43.10270950354527,0.0,0.0,1013.9514081930332,1013.9514081930332,0.0,1.0
6273,2019-09-19 09:00:00,9,2019-09-19 10:00:00,0.10547,0.10547,0.10547,0.12,1.0,1040.5847139954074,-0.0,26.63330580237414,0.0,1013.9514081930332,1013.9514081930332,0.0,0.0
6274,2019-09-19 10:00:00,9,2019-09-19 11:00:00,0.10547,0.10547,0.10547,0.12,0.963813443203296,1062.38662409765,-0.0,48.43521590461671,0.0,1013.9514081930332,1013.9514081930332,0.0,0.0
6275,2019-09-19 11:00:00,9,2019-09-19 12:00:00,0.10547,0.10547,0.10547,0.12,0.8980047259415886,1034.3679400757596,-0.0,20.416531882726417,0.0,1013.9514081930332,1013.9514081930332,0.0,0.0
6276,2019-09-19 12:00:00,9,2019-09-19 13:00:00,0.10547,0.10547,0.10547,0.12,0.8702648728400582,1094.0285947258133,-0.0,80.07718653278005,0.0,1013.9514081930332,1013.9514081930332,0.0,0.0
6277,2019-09-19 13:00:00,9,2019-09-19 14:00:00,0.10547,0.10547,0.10547,0.12,0.7614643476596504,1098.9750989106767,-0.0,85.02369071764349,0.0,1013.9514081930332,1013.9514081930332,0.0,0.0
6278,2019-09-19 14:00:00,9,2019-09-19 15:00:00,0.12561,0.12561,0.12561,0.12,0.6459430287498087,1096.3932892771427,-0.0,82.44188108410947,0.0,1013.9514081930332,1013.9514081930332,0.0,0.0
6279,2019-09-19 15:00:00,9,2019-09-19 16:00:00,0.12561,0.12561,0.12561,0.12,0.5339296033637904,1124.598917119572,-0.0,110.64750892653876,0.0,1013.9514081930332,1013.9514081930332,0.0,0.0
6280,2019-09-19 16:00:00,9,2019-09-19 17:00:00,0.15111,0.15111,0.15111,0.12,0.383593314061428,1016.4286402329245,-0.0,282.324679149211,0.0,734.1039610837136,734.1039610837136,0.0,0.0
6281,2019-09-19 17:00:00,9,2019-09-19 18:00:00,0.15111,0.15111,0.15111,0.12,0.0,846.5379062942302,-0.0,0.0,0.0,846.5379062942302,846.5379062942302,0.0,0.0
6282,2019-09-19 18:00:00,9,2019-09-19 19:00:00,0.15111,0.15111,0.15111,0.12,0.0,859.2906173387565,-0.0,0.0,0.0,859.2906173387565,859.2906173387565,0.0,0.0
6283,2019-09-19 19:00:00,9,2019-09-19 20:00:00,0.15111,0.15111,0.15111,0.12,0.0,718.5416450722055,-0.0,0.0,0.0,718.5416450722055,718.5416450722055,0.0,0.0
6284,2019-09-19 20:00:00,9,2019-09-19 21:00:00,0.15111,0.15111,0.15111,0.12,0.0,608.6157568633154,-0.0,0.0,0.0,608.6157568633154,608.6157568633154,0.0,0.0
6285,2019-09-19 21:00:00,9,2019-09-19 22:00:00,0.12561,0.12561,0.12561,0.12,0.0,270.79121081272865,-0.0,0.0,0.0,270.79121081272865,270.79121081272865,0.0,0.0
6286,2019-09-19 22:00:00,9,2019-09-19 23:00:00,0.12561,0.12561,0.12561,0.12,0.0,232.52790037335583,-0.0,0.0,0.0,232.52790037335583,232.52790037335583,0.0,0.0
6287,2019-09-19 23:00:00,9,2019-09-20 00:00:00,0.10547,0.10547,0.10547,0.12,0.0,223.0543049948006,-0.0,0.0,0.0,223.0543049948006,223.0543049948006,0.0,0.0
6288,2019-09-20 00:00:00,9,2019-09-20 01:00:00,0.10547,0.10547,0.10547,0.12,0.0,223.05430562341792,-0.0,0.0,0.0,223.05430562341792,223.05430562341792,0.0,0.0
6289,2019-09-20 01:00:00,9,2019-09-20 02:00:00,0.10547,0.10547,0.10547,0.12,0.0,223.05430563116906,-0.0,0.0,0.0,223.05430563116906,223.05430563116906,0.0,0.0
6290,2019-09-20 02:00:00,9,2019-09-20 03:00:00,0.10547,0.10547,0.10547,0.12,0.0,223.05430560946587,-0.0,0.0,0.0,223.05430560946587,223.05430560946587,0.0,0.0
6291,2019-09-20 03:00:00,9,2019-09-20 04:00:00,0.10547,0.10547,0.10547,0.12,0.0,232.527900932213,-132.46300457328354,0.0,0.0,364.9909055054965,364.9909055054965,0.0,1.0
6292,2019-09-20 04:00:00,9,2019-09-20 05:00:00,0.10547,0.10547,0.10547,0.12,0.15233245525927608,270.79225763581684,-0.0,0.0,0.0,270.79225763581684,270.79225763581684,0.0,0.0
6293,2019-09-20 05:00:00,9,2019-09-20 06:00:00,0.10547,0.10547,0.10547,0.12,0.15233245525927608,601.7440202498308,-400.0,0.0,0.0,1001.7440202498308,1001.7440202498308,0.0,1.0
6294,2019-09-20 06:00:00,9,2019-09-20 07:00:00,0.10547,0.10547,0.10547,0.12,0.612332455259276,679.887425051239,-337.1022128180208,0.0,0.0,1016.9896378692598,1016.9896378692598,0.0,1.0
6295,2019-09-20 07:00:00,9,2019-09-20 08:00:00,0.10547,0.10547,0.10547,0.12,1.0,1113.3234137706756,-0.0,96.33377590141585,0.0,1016.9896378692598,1016.9896378692598,0.0,0.0
6296,2019-09-20 08:00:00,9,2019-09-20 09:00:00,0.10547,0.10547,0.10547,0.12,0.8691117175252502,1096.6900775409977,-0.0,79.70043967173785,0.0,1016.9896378692598,1016.9896378692598,0.0,0.0
6297,2019-09-20 09:00:00,9,2019-09-20 10:00:00,0.10547,0.10547,0.10547,0.12,0.7608230766669108,1075.577227510435,-0.0,58.58758964117516,0.0,1016.9896378692599,1016.9896378692599,0.0,0.0
6298,2019-09-20 10:00:00,9,2019-09-20 11:00:00,0.10547,0.10547,0.10547,0.12,0.6812203733500973,1094.302049666474,-0.0,77.31241179721417,0.0,1016.9896378692598,1016.9896378692598,0.0,0.0
6299,2019-09-20 11:00:00,9,2019-09-20 12:00:00,0.10547,0.10547,0.10547,0.12,0.5761763355821435,1063.6022380871807,-0.0,46.612600217920885,0.0,1016.9896378692598,1016.9896378692598,0.0,0.0
6300,2019-09-20 12:00:00,9,2019-09-20 13:00:00,0.10547,0.10547,0.10547,0.12,0.5128439983295334,1102.9333857949248,-0.0,85.9437479256649,0.0,1016.9896378692599,1016.9896378692599,0.0,0.0
6301,2019-09-20 13:00:00,9,2019-09-20 14:00:00,0.10547,0.10547,0.10547,0.12,0.39607260169140174,1107.5532293226815,-0.0,90.56359145342174,0.0,1016.9896378692598,1016.9896378692598,0.0,0.0
6302,2019-09-20 14:00:00,9,2019-09-20 15:00:00,0.12561,0.12561,0.12561,0.12,0.2730242437383831,1104.468977936679,-0.0,87.47934006741917,0.0,1016.9896378692599,1016.9896378692599,0.0,0.0
6303,2019-09-20 15:00:00,9,2019-09-20 16:00:00,0.12561,0.12561,0.12561,0.12,0.1541664447337375,1128.2848772181733,-0.0,111.29523934891341,0.0,1016.9896378692599,1016.9896378692599,0.0,0.0
6304,2019-09-20 16:00:00,9,2019-09-20 17:00:00,0.15111,0.15111,0.15111,0.12,0.002950086922713817,1019.1609018443772,-0.0,2.1712639751173697,0.0,1016.9896378692599,1016.9896378692599,0.0,0.0
6305,2019-09-20 17:00:00,9,2019-09-20 18:00:00,0.15111,0.15111,0.15111,0.12,0.0,846.9998264334708,-0.0,0.0,0.0,846.9998264334708,846.9998264334708,0.0,0.0
6306,2019-09-20 18:00:00,9,2019-09-20 19:00:00,0.15111,0.15111,0.15111,0.12,0.0,859.3783725864322,-0.0,0.0,0.0,859.3783725864322,859.3783725864322,0.0,0.0
6307,2019-09-20 19:00:00,9,2019-09-20 20:00:00,0.15111,0.15111,0.15111,0.12,0.0,720.459199464467,-0.0,0.0,0.0,720.459199464467,720.459199464467,0.0,0.0
6308,2019-09-20 20:00:00,9,2019-09-20 21:00:00,0.15111,0.15111,0.15111,0.12,0.0,672.4765083029658,-0.0,0.0,0.0,672.4765083029658,672.4765083029658,0.0,0.0
6309,2019-09-20 21:00:00,9,2019-09-20 22:00:00,0.12561,0.12561,0.12561,0.12,0.0,270.7912114056907,-0.0,0.0,0.0,270.7912114056907,270.7912114056907,0.0,0.0
6310,2019-09-20 22:00:00,9,2019-09-20 23:00:00,0.12561,0.12561,0.12561,0.12,0.0,232.5279009833705,-0.0,0.0,0.0,232.5279009833705,232.5279009833705,0.0,0.0
6311,2019-09-20 23:00:00,9,2019-09-21 00:00:00,0.10547,0.10547,0.10547,0.12,0.0,223.05430563814508,-0.0,0.0,0.0,223.05430563814508,223.05430563814508,0.0,0.0
6312,2019-09-21 00:00:00,9,2019-09-21 01:00:00,0.10547,0.10547,0.10547,0.12,0.0,223.05430622025563,-128.13310097663302,0.0,0.0,351.18740719688867,351.18740719688867,0.0,1.0
6313,2019-09-21 01:00:00,9,2019-09-21 02:00:00,0.10547,0.10547,0.10547,0.12,0.14735306612312798,223.05430626056153,-0.0,0.0,0.0,223.05430626056153,223.05430626056153,0.0,0.0
6314,2019-09-21 02:00:00,9,2019-09-21 03:00:00,0.10547,0.10547,0.10547,0.12,0.14735306612312798,223.05430624505928,-0.0,0.0,0.0,223.05430624505928,223.05430624505928,0.0,0.0
6315,2019-09-21 03:00:00,9,2019-09-21 04:00:00,0.10547,0.10547,0.10547,0.12,0.14735306612312798,232.52790151122306,-0.0,0.0,0.0,232.52790151122306,232.52790151122306,0.0,0.0
6316,2019-09-21 04:00:00,9,2019-09-21 05:00:00,0.10547,0.10547,0.10547,0.12,0.14735306612312798,270.7922584403851,-0.0,0.0,0.0,270.7922584403851,270.7922584403851,0.0,0.0
6317,2019-09-21 05:00:00,9,2019-09-21 06:00:00,0.10547,0.10547,0.10547,0.12,0.14735306612312798,602.8976259257448,-400.0,0.0,0.0,1002.8976259257448,1002.8976259257448,0.0,1.0
6318,2019-09-21 06:00:00,9,2019-09-21 07:00:00,0.10547,0.10547,0.10547,0.12,0.607353066123128,677.6391297558464,-341.4321164146713,0.0,0.0,1019.0712461705177,1019.0712461705177,0.0,1.0
6319,2019-09-21 07:00:00,9,2019-09-21 08:00:00,0.10547,0.10547,0.10547,0.12,1.0,1114.272805011946,-0.0,95.20155884142834,0.0,1019.0712461705177,1019.0712461705177,0.0,0.0
6320,2019-09-21 08:00:00,9,2019-09-21 09:00:00,0.10547,0.10547,0.10547,0.12,0.8706500559219724,1093.2535788488556,-0.0,74.18233267833784,0.0,1019.0712461705177,1019.0712461705177,0.0,0.0
6321,2019-09-21 09:00:00,9,2019-09-21 10:00:00,0.10547,0.10547,0.10547,0.12,0.7698588430437959,1066.002749364683,-0.0,46.931503194165316,0.0,1019.0712461705177,1019.0712461705177,0.0,0.0
6322,2019-09-21 10:00:00,9,2019-09-21 11:00:00,0.10547,0.10547,0.10547,0.12,0.7060932137038975,1090.7666927317555,-0.0,71.69544656123776,0.0,1019.0712461705177,1019.0712461705177,0.0,0.0
6323,2019-09-21 11:00:00,9,2019-09-21 12:00:00,0.10547,0.10547,0.10547,0.12,0.6086809221804768,1067.2603222068701,-0.0,48.18907603635239,0.0,1019.0712461705177,1019.0712461705177,0.0,0.0
6324,2019-09-21 12:00:00,9,2019-09-21 13:00:00,0.10547,0.10547,0.10547,0.12,0.5432066340876068,1096.7169361674264,-0.0,77.64568999690864,0.0,1019.0712461705177,1019.0712461705177,0.0,0.0
6325,2019-09-21 13:00:00,9,2019-09-21 14:00:00,0.10547,0.10547,0.10547,0.12,0.43770977267876354,1100.9216064498721,-0.0,81.85036027935433,0.0,1019.0712461705177,1019.0712461705177,0.0,0.0
6326,2019-09-21 14:00:00,9,2019-09-21 15:00:00,0.12561,0.12561,0.12561,0.12,0.32650004403833643,1110.428889569431,-0.0,91.35764339891324,0.0,1019.0712461705177,1019.0712461705177,0.0,0.0
6327,2019-09-21 15:00:00,9,2019-09-21 16:00:00,0.12561,0.12561,0.12561,0.12,0.20237281115937833,1145.1133333247255,-0.0,126.04208715420776,0.0,1019.0712461705177,1019.0712461705177,0.0,0.0
6328,2019-09-21 16:00:00,9,2019-09-21 17:00:00,0.15111,0.15111,0.15111,0.12,0.03111997535203098,1041.9755480296126,-0.0,22.9043018590948,0.0,1019.0712461705177,1019.0712461705177,0.0,0.0
6329,2019-09-21 17:00:00,9,2019-09-21 18:00:00,0.15111,0.15111,0.15111,0.12,0.0,863.6530621155428,-0.0,0.0,0.0,863.6530621155428,863.6530621155428,0.0,0.0
6330,2019-09-21 18:00:00,9,2019-09-21 19:00:00,0.15111,0.15111,0.15111,0.12,0.0,868.3439987947569,-0.0,0.0,0.0,868.3439987947569,868.3439987947569,0.0,0.0
6331,2019-09-21 19:00:00,9,2019-09-21 20:00:00,0.15111,0.15111,0.15111,0.12,0.0,746.7622425659512,-0.0,0.0,0.0,746.7622425659512,746.7622425659512,0.0,0.0
6332,2019-09-21 20:00:00,9,2019-09-21 21:00:00,0.15111,0.15111,0.15111,0.12,0.0,730.7956026754993,-0.0,0.0,0.0,730.7956026754993,730.7956026754993,0.0,0.0
6333,2019-09-21 21:00:00,9,2019-09-21 22:00:00,0.12561,0.12561,0.12561,0.12,0.0,270.7912120095045,-0.0,0.0,0.0,270.7912120095045,270.7912120095045,0.0,0.0
6334,2019-09-21 22:00:00,9,2019-09-21 23:00:00,0.12561,0.12561,0.12561,0.12,0.0,232.5279015755575,-0.0,0.0,0.0,232.5279015755575,232.5279015755575,0.0,0.0
6335,2019-09-21 23:00:00,9,2019-09-22 00:00:00,0.10547,0.10547,0.10547,0.12,0.0,223.0543062559109,-0.0,0.0,0.0,223.0543062559109,223.0543062559109,0.0,0.0
6336,2019-09-22 00:00:00,9,2019-09-22 01:00:00,0.10547,0.10547,0.10547,0.12,0.0,223.05430694653734,-0.0,0.0,0.0,223.05430694653734,223.05430694653734,0.0,0.0
6337,2019-09-22 01:00:00,9,2019-09-22 02:00:00,0.10547,0.10547,0.10547,0.12,0.0,223.0543068667006,-0.0,0.0,0.0,223.0543068667006,223.0543068667006,0.0,0.0
6338,2019-09-22 02:00:00,9,2019-09-22 03:00:00,0.10547,0.10547,0.10547,0.12,0.0,223.05430683957164,-0.0,0.0,0.0,223.05430683957164,223.05430683957164,0.0,0.0
6339,2019-09-22 03:00:00,9,2019-09-22 04:00:00,0.10547,0.10547,0.10547,0.12,0.0,232.52790216309384,-400.0,0.0,0.0,632.5279021630938,632.5279021630938,0.0,1.0
6340,2019-09-22 04:00:00,9,2019-09-22 05:00:00,0.10547,0.10547,0.10547,0.12,0.46,270.7922591674419,-400.0,0.0,0.0,670.7922591674419,670.7922591674419,0.0,1.0
6341,2019-09-22 05:00:00,9,2019-09-22 06:00:00,0.10547,0.10547,0.10547,0.12,0.92,628.7217945622072,-69.56521739130434,0.0,0.0,698.2870119535115,698.2870119535115,0.0,1.0
6342,2019-09-22 06:00:00,9,2019-09-22 07:00:00,0.10547,0.10547,0.10547,0.12,1.0,661.2829822439204,0.0,0.0,0.0,661.2829822439204,661.2829822439204,0.0,0.0
6343,2019-09-22 07:00:00,9,2019-09-22 08:00:00,0.10547,0.10547,0.10547,0.12,1.0,1096.293787426499,-0.0,77.22254125598124,0.0,1019.0712461705177,1019.0712461705177,0.0,0.0
6344,2019-09-22 08:00:00,9,2019-09-22 09:00:00,0.10547,0.10547,0.10547,0.12,0.8950780689456777,1086.7903124879886,-0.0,67.71906631747083,0.0,1019.0712461705177,1019.0712461705177,0.0,0.0
6345,2019-09-22 09:00:00,9,2019-09-22 10:00:00,0.10547,0.10547,0.10547,0.12,0.8030684679708532,1064.2652970331774,-0.0,45.19405086265965,0.0,1019.0712461705177,1019.0712461705177,0.0,0.0
6346,2019-09-22 10:00:00,9,2019-09-22 11:00:00,0.10547,0.10547,0.10547,0.12,0.7416635075596308,1088.116443766199,-0.0,69.0451975956812,0.0,1019.0712461705177,1019.0712461705177,0.0,0.0
6347,2019-09-22 11:00:00,9,2019-09-22 12:00:00,0.10547,0.10547,0.10547,0.12,0.64785209778289,1056.2963472533959,-0.0,37.225101082878155,0.0,1019.0712461705177,1019.0712461705177,0.0,0.0
6348,2019-09-22 12:00:00,9,2019-09-22 13:00:00,0.10547,0.10547,0.10547,0.12,0.597274514789849,1101.5190717549729,-0.0,82.44782558445513,0.0,1019.0712461705177,1019.0712461705177,0.0,0.0
6349,2019-09-22 13:00:00,9,2019-09-22 14:00:00,0.10547,0.10547,0.10547,0.12,0.4852530126370567,1106.22450434287,-0.0,87.15325817235225,0.0,1019.0712461705177,1019.0712461705177,0.0,0.0
6350,2019-09-22 14:00:00,9,2019-09-22 15:00:00,0.12561,0.12561,0.12561,0.12,0.36683825968549116,1103.4253672459258,-0.0,84.3541210754081,0.0,1019.0712461705177,1019.0712461705177,0.0,0.0
6351,2019-09-22 15:00:00,9,2019-09-22 16:00:00,0.12561,0.12561,0.12561,0.12,0.2522266821373823,1129.5745304352884,-0.0,110.50328426477063,0.0,1019.0712461705177,1019.0712461705177,0.0,0.0
6352,2019-09-22 16:00:00,9,2019-09-22 17:00:00,0.15111,0.15111,0.15111,0.12,0.10208635025590049,1025.4254195241774,-0.0,75.13555378834276,0.0,950.2898657358346,950.2898657358346,0.0,0.0
6353,2019-09-22 17:00:00,9,2019-09-22 18:00:00,0.15111,0.15111,0.15111,0.12,0.0,852.6316719881127,-0.0,0.0,0.0,852.6316719881127,852.6316719881127,0.0,0.0
6354,2019-09-22 18:00:00,9,2019-09-22 19:00:00,0.15111,0.15111,0.15111,0.12,0.0,863.2239700570933,-0.0,0.0,0.0,863.2239700570933,863.2239700570933,0.0,0.0
6355,2019-09-22 19:00:00,9,2019-09-22 20:00:00,0.15111,0.15111,0.15111,0.12,0.0,742.8531527741983,-0.0,0.0,0.0,742.8531527741983,742.8531527741983,0.0,0.0
6356,2019-09-22 20:00:00,9,2019-09-22 21:00:00,0.15111,0.15111,0.15111,0.12,0.0,723.17287449438,-0.0,0.0,0.0,723.17287449438,723.17287449438,0.0,0.0
6357,2019-09-22 21:00:00,9,2019-09-22 22:00:00,0.12561,0.12561,0.12561,0.12,0.0,270.79121290243563,-0.0,0.0,0.0,270.79121290243563,270.79121290243563,0.0,0.0
6358,2019-09-22 22:00:00,9,2019-09-22 23:00:00,0.12561,0.12561,0.12561,0.12,0.0,232.5279024002787,-0.0,0.0,0.0,232.5279024002787,232.5279024002787,0.0,0.0
6359,2019-09-22 23:00:00,9,2019-09-23 00:00:00,0.10547,0.10547,0.10547,0.12,0.0,223.05430704420166,-0.0,0.0,0.0,223.05430704420166,223.05430704420166,0.0,0.0
6360,2019-09-23 00:00:00,9,2019-09-23 01:00:00,0.10547,0.10547,0.10547,0.12,0.0,184.42206783470021,-69.56521739130422,0.0,0.0,253.98728522600442,253.98728522600442,0.0,1.0
6361,2019-09-23 01:00:00,9,2019-09-23 02:00:00,0.10547,0.10547,0.10547,0.12,0.07999999999999978,184.42206786337943,-0.0,0.0,0.0,184.42206786337943,184.42206786337943,0.0,1.0
6362,2019-09-23 02:00:00,9,2019-09-23 03:00:00,0.10547,0.10547,0.10547,0.12,0.07999999999999978,184.42206776959068,-0.0,0.0,0.0,184.42206776959068,184.42206776959068,0.0,1.0
6363,2019-09-23 03:00:00,9,2019-09-23 04:00:00,0.10547,0.10547,0.10547,0.12,0.07999999999999977,193.89566306443368,-400.0,0.0,0.0,593.8956630644336,593.8956630644336,0.0,1.0
6364,2019-09-23 04:00:00,9,2019-09-23 05:00:00,0.10547,0.10547,0.10547,0.12,0.5399999999999998,212.84390008112476,-400.00000000000006,0.0,0.0,612.8439000811247,612.8439000811247,0.0,1.0
6365,2019-09-23 05:00:00,9,2019-09-23 06:00:00,0.10547,0.10547,0.10547,0.12,0.9999999999999999,638.1687487128515,-0.0,0.0,0.0,638.1687487128515,638.1687487128515,0.0,1.0
6366,2019-09-23 06:00:00,9,2019-09-23 07:00:00,0.10547,0.10547,0.10547,0.12,0.9999999999999999,620.7630850895188,-5.684341886080802e-14,0.0,0.0,620.7630850895189,620.7630850895189,0.0,0.0
6367,2019-09-23 07:00:00,9,2019-09-23 08:00:00,0.10547,0.10547,0.10547,0.12,0.9999999999999999,818.0918409832594,-0.0,5.684341886080802e-14,0.0,818.0918409832593,818.0918409832593,0.0,0.0
6368,2019-09-23 08:00:00,9,2019-09-23 09:00:00,0.10547,0.10547,0.10547,0.12,0.9999999999999997,805.623378030268,-0.0,0.0,0.0,805.623378030268,805.623378030268,0.0,1.0
6369,2019-09-23 09:00:00,9,2019-09-23 10:00:00,0.10547,0.10547,0.10547,0.12,0.9999999999999997,783.9883181921498,-0.0,0.0,0.0,783.9883181921498,783.9883181921498,0.0,0.0
6370,2019-09-23 10:00:00,9,2019-09-23 11:00:00,0.10547,0.10547,0.10547,0.12,0.9999999999999997,790.9775543295374,-0.0,0.0,0.0,790.9775543295374,790.9775543295374,0.0,1.0
6371,2019-09-23 11:00:00,9,2019-09-23 12:00:00,0.10547,0.10547,0.10547,0.12,0.9999999999999997,791.4174434531863,-0.0,0.0,0.0,791.4174434531863,791.4174434531863,0.0,0.0
6372,2019-09-23 12:00:00,9,2019-09-23 13:00:00,0.10547,0.10547,0.10547,0.12,1.0,783.8606162332184,-0.0,0.0,0.0,783.8606162332184,783.8606162332184,0.0,1.0
6373,2019-09-23 13:00:00,9,2019-09-23 14:00:00,0.10547,0.10547,0.10547,0.12,1.0,584.7642148718172,-0.0,0.0,0.0,584.7642148718172,584.7642148718172,0.0,1.0
6374,2019-09-23 14:00:00,9,2019-09-23 15:00:00,0.12561,0.12561,0.12561,0.12,1.0,584.310130510039,-0.0,0.0,0.0,584.310130510039,584.310130510039,0.0,1.0
6375,2019-09-23 15:00:00,9,2019-09-23 16:00:00,0.12561,0.12561,0.12561,0.12,1.0,637.2491390858195,0.0,0.0,0.0,637.2491390858195,637.2491390858195,0.0,0.0
6376,2019-09-23 16:00:00,9,2019-09-23 17:00:00,0.15111,0.15111,0.15111,0.12,1.0,613.9212047197881,-0.0,400.0,0.0,213.92120471978808,213.92120471978808,0.0,0.0
6377,2019-09-23 17:00:00,9,2019-09-23 18:00:00,0.15111,0.15111,0.15111,0.12,0.4565217391304348,229.9512347699768,-0.0,85.26206761283945,0.0,144.68916715713735,144.68916715713735,0.0,0.0
6378,2019-09-23 18:00:00,9,2019-09-23 19:00:00,0.15111,0.15111,0.15111,0.12,0.3406765385695117,250.7379323871606,-0.0,250.7379323871606,0.0,0.0,0.0,0.0,0.0
6379,2019-09-23 19:00:00,9,2019-09-23 20:00:00,0.15111,0.15111,0.15111,0.12,0.0,250.73793294136703,-0.0,0.0,0.0,250.73793294136703,250.73793294136703,0.0,0.0
6380,2019-09-23 20:00:00,9,2019-09-23 21:00:00,0.15111,0.15111,0.15111,0.12,0.0,231.7914398293888,-0.0,0.0,0.0,231.7914398293888,231.7914398293888,0.0,0.0
6381,2019-09-23 21:00:00,9,2019-09-23 22:00:00,0.12561,0.12561,0.12561,0.12,0.0,212.8428535587807,-0.0,0.0,0.0,212.8428535587807,212.8428535587807,0.0,0.0
6382,2019-09-23 22:00:00,9,2019-09-23 23:00:00,0.12561,0.12561,0.12561,0.12,0.0,193.89566307373505,-0.0,0.0,0.0,193.89566307373505,193.89566307373505,0.0,1.0
6383,2019-09-23 23:00:00,9,2019-09-24 00:00:00,0.10547,0.10547,0.10547,0.12,0.0,184.4220677610644,-0.0,1.8242773970333228e-14,1.3247806810417447e-14,184.42206776106437,184.42206776106437,0.0,1.0
6384,2019-09-24 00:00:00,9,2019-09-24 01:00:00,0.10547,0.10547,0.10547,0.12,0.0,184.4217193931025,-0.0,0.0,0.0,184.4217193931025,184.4217193931025,0.0,1.0
6385,2019-09-24 01:00:00,9,2019-09-24 02:00:00,0.10547,0.10547,0.10547,0.12,0.0,184.42171907065517,-0.0,0.0,0.0,184.42171907065517,184.42171907065517,0.0,0.0
6386,2019-09-24 02:00:00,9,2019-09-24 03:00:00,0.10547,0.10547,0.10547,0.12,0.0,184.42171910786064,-0.0,0.0,0.0,184.42171910786064,184.42171910786064,0.0,0.0
6387,2019-09-24 03:00:00,9,2019-09-24 04:00:00,0.10547,0.10547,0.10547,0.12,0.0,193.89531473987816,-0.0,0.0,0.0,193.89531473987816,193.89531473987816,0.0,1.0
6388,2019-09-24 04:00:00,9,2019-09-24 05:00:00,0.10547,0.10547,0.10547,0.12,0.0,212.84355234022996,-0.0,0.0,0.0,212.84355234022996,212.84355234022996,0.0,0.0
6389,2019-09-24 05:00:00,9,2019-09-24 06:00:00,0.10547,0.10547,0.10547,0.12,0.0,250.73688641747273,-0.0,0.0,0.0,250.73688641747273,250.73688641747273,0.0,0.0
6390,2019-09-24 06:00:00,9,2019-09-24 07:00:00,0.10547,0.10547,0.10547,0.12,0.0,229.95018889717818,-376.86629139093856,0.0,0.0,606.8164802881167,606.8164802881167,0.0,1.0
6391,2019-09-24 07:00:00,9,2019-09-24 08:00:00,0.10547,0.10547,0.10547,0.12,0.43339623509957936,486.08822488795107,0.0,0.0,0.0,486.08822488795107,486.08822488795107,0.0,0.0
6392,2019-09-24 08:00:00,9,2019-09-24 09:00:00,0.10547,0.10547,0.10547,0.12,0.43339623509957936,521.5098595057207,-85.30662078239601,0.0,0.0,606.8164802881167,606.8164802881167,0.0,1.0
6393,2019-09-24 09:00:00,9,2019-09-24 10:00:00,0.10547,0.10547,0.10547,0.12,0.5314988489993349,452.58355080816074,-154.23292947995606,0.0,0.0,606.8164802881167,606.8164802881167,0.0,1.0
6394,2019-09-24 10:00:00,9,2019-09-24 11:00:00,0.10547,0.10547,0.10547,0.12,0.7088667179012843,499.07640973134005,-107.74007055677669,0.0,0.0,606.8164802881167,606.8164802881167,0.0,1.0
6395,2019-09-24 11:00:00,9,2019-09-24 12:00:00,0.10547,0.10547,0.10547,0.12,0.8327677990415778,461.39717510688,-145.41930518123672,0.0,0.0,606.8164802881167,606.8164802881167,0.0,1.0
6396,2019-09-24 12:00:00,9,2019-09-24 13:00:00,0.10547,0.10547,0.10547,0.12,1.0,493.2250920925214,-0.0,0.0,0.0,493.2250920925214,493.2250920925214,0.0,1.0
6397,2019-09-24 13:00:00,9,2019-09-24 14:00:00,0.10547,0.10547,0.10547,0.12,1.0,463.0799988616489,-0.0,0.0,0.0,463.0799988616489,463.0799988616489,0.0,1.0
6398,2019-09-24 14:00:00,9,2019-09-24 15:00:00,0.12561,0.12561,0.12561,0.12,1.0,502.9207271277655,-0.0,0.0,0.0,502.9207271277655,502.9207271277655,0.0,0.0
6399,2019-09-24 15:00:00,9,2019-09-24 16:00:00,0.12561,0.12561,0.12561,0.12,1.0,499.46965876710277,-0.0,0.0,0.0,499.46965876710277,499.46965876710277,0.0,1.0
6400,2019-09-24 16:00:00,9,2019-09-24 17:00:00,0.15111,0.15111,0.15111,0.12,1.0,354.68910181538433,-0.0,354.68910181538433,0.0,0.0,0.0,0.0,0.0
6401,2019-09-24 17:00:00,9,2019-09-24 18:00:00,0.15111,0.15111,0.15111,0.12,0.518085459489967,229.95018847164062,-0.0,229.95018847164062,0.0,0.0,0.0,0.0,0.0
6402,2019-09-24 18:00:00,9,2019-09-24 19:00:00,0.15111,0.15111,0.15111,0.12,0.205653138196977,250.73688647715653,-0.0,151.36070971297508,0.0,99.37617676418145,99.37617676418145,0.0,0.0
6403,2019-09-24 19:00:00,9,2019-09-24 20:00:00,0.15111,0.15111,0.15111,0.12,0.0,250.73688649575928,-0.0,0.0,0.0,250.73688649575928,250.73688649575928,0.0,0.0
6404,2019-09-24 20:00:00,9,2019-09-24 21:00:00,0.15111,0.15111,0.15111,0.12,0.0,231.79074270900853,-0.0,0.0,0.0,231.79074270900853,231.79074270900853,0.0,0.0
6405,2019-09-24 21:00:00,9,2019-09-24 22:00:00,0.12561,0.12561,0.12561,0.12,0.0,212.84250533886555,-0.0,0.0,0.0,212.84250533886555,212.84250533886555,0.0,0.0
6406,2019-09-24 22:00:00,9,2019-09-24 23:00:00,0.12561,0.12561,0.12561,0.12,0.0,193.89531459260652,-0.0,0.0,0.0,193.89531459260652,193.89531459260652,0.0,0.0
6407,2019-09-24 23:00:00,9,2019-09-25 00:00:00,0.10547,0.10547,0.10547,0.12,0.0,184.4217189846175,-0.0,0.0,0.0,184.4217189846175,184.4217189846175,0.0,0.0
6408,2019-09-25 00:00:00,9,2019-09-25 01:00:00,0.10547,0.10547,0.10547,0.12,0.0,223.05430881688716,-0.0,0.0,0.0,223.05430881688716,223.05430881688716,0.0,0.0
6409,2019-09-25 01:00:00,9,2019-09-25 02:00:00,0.10547,0.10547,0.10547,0.12,0.0,223.05430889052298,-0.0,0.0,0.0,223.05430889052298,223.05430889052298,0.0,0.0
6410,2019-09-25 02:00:00,9,2019-09-25 03:00:00,0.10547,0.10547,0.10547,0.12,0.0,223.05430886881976,-0.0,0.0,0.0,223.05430886881976,223.05430886881976,0.0,0.0
6411,2019-09-25 03:00:00,9,2019-09-25 04:00:00,0.10547,0.10547,0.10547,0.12,0.0,232.52790421404518,-0.0,0.0,0.0,232.52790421404518,232.52790421404518,0.0,0.0
6412,2019-09-25 04:00:00,9,2019-09-25 05:00:00,0.10547,0.10547,0.10547,0.12,0.0,270.7922625523643,-400.0,0.0,0.0,670.7922625523643,670.7922625523643,0.0,1.0
6413,2019-09-25 05:00:00,9,2019-09-25 06:00:00,0.10547,0.10547,0.10547,0.12,0.46,666.1518960471411,-352.9193501233766,0.0,0.0,1019.0712461705177,1019.0712461705177,0.0,1.0
6414,2019-09-25 06:00:00,9,2019-09-25 07:00:00,0.10547,0.10547,0.10547,0.12,0.8658572526418831,708.5140654106382,-116.64586726792771,0.0,0.0,825.1599326785658,825.1599326785658,0.0,1.0
6415,2019-09-25 07:00:00,9,2019-09-25 08:00:00,0.10547,0.10547,0.10547,0.12,1.0,1133.7315732401673,-0.0,114.66032706964961,0.0,1019.0712461705177,1019.0712461705177,0.0,0.0
6416,2019-09-25 08:00:00,9,2019-09-25 09:00:00,0.10547,0.10547,0.10547,0.12,0.8442115121336283,1108.130906590259,-0.0,89.05966041974125,0.0,1019.0712461705177,1019.0712461705177,0.0,0.0
6417,2019-09-25 09:00:00,9,2019-09-25 10:00:00,0.10547,0.10547,0.10547,0.12,0.7232065387372408,1073.8848490205314,-0.0,54.813602850013694,0.0,1019.0712461705177,1019.0712461705177,0.0,0.0
6418,2019-09-25 10:00:00,9,2019-09-25 11:00:00,0.10547,0.10547,0.10547,0.12,0.6487315348649396,1083.1999752988352,-0.0,64.12872912831745,0.0,1019.0712461705177,1019.0712461705177,0.0,0.0
6419,2019-09-25 11:00:00,9,2019-09-25 12:00:00,0.10547,0.10547,0.10547,0.12,0.5616001094188562,1054.3198832133405,-0.0,35.24863704282279,0.0,1019.0712461705177,1019.0712461705177,0.0,0.0
6420,2019-09-25 12:00:00,9,2019-09-25 13:00:00,0.10547,0.10547,0.10547,0.12,0.5137079395237165,1095.4162666829038,-0.0,76.3450205123861,0.0,1019.0712461705177,1019.0712461705177,0.0,0.0
6421,2019-09-25 13:00:00,9,2019-09-25 14:00:00,0.10547,0.10547,0.10547,0.12,0.40997829208840925,1081.1918331602092,-0.0,62.120586989691446,0.0,1019.0712461705177,1019.0712461705177,0.0,0.0
6422,2019-09-25 14:00:00,9,2019-09-25 15:00:00,0.12561,0.12561,0.12561,0.12,0.32557532063502415,1084.666475904486,-0.0,65.59522973396838,0.0,1019.0712461705177,1019.0712461705177,0.0,0.0
6423,2019-09-25 15:00:00,9,2019-09-25 16:00:00,0.12561,0.12561,0.12561,0.12,0.23645136719213233,1136.6686851982251,-0.0,117.59743902770742,0.0,1019.0712461705177,1019.0712461705177,0.0,0.0
6424,2019-09-25 16:00:00,9,2019-09-25 17:00:00,0.15111,0.15111,0.15111,0.12,0.07667223807839944,1046.6294748265893,-0.0,27.558228656071606,0.0,1019.0712461705177,1019.0712461705177,0.0,0.0
6425,2019-09-25 17:00:00,9,2019-09-25 18:00:00,0.15111,0.15111,0.15111,0.12,0.039228992621780416,866.2912305978231,-0.0,0.0,0.0,866.2912305978231,866.2912305978231,0.0,0.0
6426,2019-09-25 18:00:00,9,2019-09-25 19:00:00,0.15111,0.15111,0.15111,0.12,0.039228992621780416,866.7346148340206,-0.0,0.0,0.0,866.7346148340206,866.7346148340206,0.0,0.0
6427,2019-09-25 19:00:00,9,2019-09-25 20:00:00,0.15111,0.15111,0.15111,0.12,0.039228992621780416,744.177649703843,-0.0,28.87253856963039,0.0,715.3051111342127,715.3051111342127,0.0,0.0
6428,2019-09-25 20:00:00,9,2019-09-25 21:00:00,0.15111,0.15111,0.15111,0.12,0.0,703.7467064859446,-0.0,0.0,0.0,703.7467064859446,703.7467064859446,0.0,0.0
6429,2019-09-25 21:00:00,9,2019-09-25 22:00:00,0.12561,0.12561,0.12561,0.12,0.0,270.7912147138768,-0.0,0.0,0.0,270.7912147138768,270.7912147138768,0.0,0.0
6430,2019-09-25 22:00:00,9,2019-09-25 23:00:00,0.12561,0.12561,0.12561,0.12,0.0,232.52790420396872,-0.0,0.0,0.0,232.52790420396872,232.52790420396872,0.0,0.0
6431,2019-09-25 23:00:00,9,2019-09-26 00:00:00,0.10547,0.10547,0.10547,0.12,0.0,223.05430896260856,-0.0,0.0,0.0,223.05430896260856,223.05430896260856,0.0,0.0
6432,2019-09-26 00:00:00,9,2019-09-26 01:00:00,0.10547,0.10547,0.10547,0.12,0.0,223.05430960595308,-0.0,0.0,0.0,223.05430960595308,223.05430960595308,0.0,0.0
6433,2019-09-26 01:00:00,9,2019-09-26 02:00:00,0.10547,0.10547,0.10547,0.12,0.0,223.05430956332182,-0.0,0.0,0.0,223.05430956332182,223.05430956332182,0.0,0.0
6434,2019-09-26 02:00:00,9,2019-09-26 03:00:00,0.10547,0.10547,0.10547,0.12,0.0,223.05430960595308,-0.0,0.0,0.0,223.05430960595308,223.05430960595308,0.0,0.0
6435,2019-09-26 03:00:00,9,2019-09-26 04:00:00,0.10547,0.10547,0.10547,0.12,0.0,232.52790480158154,-0.0,0.0,0.0,232.52790480158154,232.52790480158154,0.0,0.0
6436,2019-09-26 04:00:00,9,2019-09-26 05:00:00,0.10547,0.10547,0.10547,0.12,0.0,270.7922630902933,-13.282229523718529,0.0,0.0,284.07449261401183,284.07449261401183,0.0,1.0
6437,2019-09-26 05:00:00,9,2019-09-26 06:00:00,0.10547,0.10547,0.10547,0.12,0.01527456395227631,541.7516902976266,-400.0,0.0,0.0,941.7516902976266,941.7516902976266,0.0,1.0
6438,2019-09-26 06:00:00,9,2019-09-26 07:00:00,0.10547,0.10547,0.10547,0.12,0.4752745639522763,561.9360290645842,-400.0,0.0,0.0,961.9360290645842,961.9360290645842,0.0,1.0
6439,2019-09-26 07:00:00,9,2019-09-26 08:00:00,0.10547,0.10547,0.10547,0.12,0.9352745639522763,962.7882583029319,-56.2829878675858,0.0,0.0,1019.0712461705177,1019.0712461705177,0.0,1.0
6440,2019-09-26 08:00:00,9,2019-09-26 09:00:00,0.10547,0.10547,0.10547,0.12,1.0,984.9189041351786,0.0,0.0,0.0,984.9189041351786,984.9189041351786,0.0,0.0
6441,2019-09-26 09:00:00,9,2019-09-26 10:00:00,0.10547,0.10547,0.10547,0.12,1.0,1040.0938358027618,-0.0,21.022589632244035,0.0,1019.0712461705177,1019.0712461705177,0.0,0.0
6442,2019-09-26 10:00:00,9,2019-09-26 11:00:00,0.10547,0.10547,0.10547,0.12,0.9714366988692337,1060.9531293839166,-0.0,41.88188321339885,0.0,1019.0712461705177,1019.0712461705177,0.0,0.0
6443,2019-09-26 11:00:00,9,2019-09-26 12:00:00,0.10547,0.10547,0.10547,0.12,0.914531966242333,1034.0795988713098,-0.0,15.008352700792102,0.0,1019.0712461705177,1019.0712461705177,0.0,0.0
6444,2019-09-26 12:00:00,9,2019-09-26 13:00:00,0.10547,0.10547,0.10547,0.12,0.8941401826814741,1082.3994257983857,-0.0,63.32817962786794,0.0,1019.0712461705177,1019.0712461705177,0.0,0.0
6445,2019-09-26 13:00:00,9,2019-09-26 14:00:00,0.10547,0.10547,0.10547,0.12,0.8080964603610014,1086.4808759389284,-0.0,67.4096297684107,0.0,1019.0712461705177,1019.0712461705177,0.0,0.0
6446,2019-09-26 14:00:00,9,2019-09-26 15:00:00,0.12561,0.12561,0.12561,0.12,0.7165072894800086,1088.8271596053341,-0.0,69.75591343481642,0.0,1019.0712461705177,1019.0712461705177,0.0,0.0
6447,2019-09-26 15:00:00,9,2019-09-26 16:00:00,0.12561,0.12561,0.12561,0.12,0.6217302331827037,1121.0516659226894,-0.0,101.98041975217166,0.0,1019.0712461705177,1019.0712461705177,0.0,0.0
6448,2019-09-26 16:00:00,9,2019-09-26 17:00:00,0.15111,0.15111,0.15111,0.12,0.48316988025855745,1018.0239183222874,-0.0,355.6130318702983,0.0,662.4108864519891,662.4108864519891,0.0,0.0
6449,2019-09-26 17:00:00,9,2019-09-26 18:00:00,0.15111,0.15111,0.15111,0.12,0.0,853.4580716453133,-0.0,0.0,0.0,853.4580716453133,853.4580716453133,0.0,0.0
6450,2019-09-26 18:00:00,9,2019-09-26 19:00:00,0.15111,0.15111,0.15111,0.12,0.0,842.0977877265708,-0.0,0.0,0.0,842.0977877265708,842.0977877265708,0.0,0.0
6451,2019-09-26 19:00:00,9,2019-09-26 20:00:00,0.15111,0.15111,0.15111,0.12,0.0,687.7101082937075,-0.0,0.0,0.0,687.7101082937075,687.7101082937075,0.0,0.0
6452,2019-09-26 20:00:00,9,2019-09-26 21:00:00,0.15111,0.15111,0.15111,0.12,0.0,697.8138876686569,-0.0,0.0,0.0,697.8138876686569,697.8138876686569,0.0,0.0
6453,2019-09-26 21:00:00,9,2019-09-26 22:00:00,0.12561,0.12561,0.12561,0.12,0.0,270.791215354896,-0.0,0.0,0.0,270.791215354896,270.791215354896,0.0,0.0
6454,2019-09-26 22:00:00,9,2019-09-26 23:00:00,0.12561,0.12561,0.12561,0.12,0.0,232.527904845763,-0.0,0.0,0.0,232.527904845763,232.527904845763,0.0,0.0
6455,2019-09-26 23:00:00,9,2019-09-27 00:00:00,0.10547,0.10547,0.10547,0.12,0.0,223.05430952379103,-0.0,0.0,0.0,223.05430952379103,223.05430952379103,0.0,0.0
6456,2019-09-27 00:00:00,9,2019-09-27 01:00:00,0.10547,0.10547,0.10547,0.12,0.0,223.0543102539483,-0.0,0.0,0.0,223.0543102539483,223.0543102539483,0.0,0.0
6457,2019-09-27 01:00:00,9,2019-09-27 02:00:00,0.10547,0.10547,0.10547,0.12,0.0,223.05431028882842,-0.0,0.0,0.0,223.05431028882842,223.05431028882842,0.0,0.0
6458,2019-09-27 02:00:00,9,2019-09-27 03:00:00,0.10547,0.10547,0.10547,0.12,0.0,223.05431025937415,-0.0,0.0,0.0,223.05431025937415,223.05431025937415,0.0,0.0
6459,2019-09-27 03:00:00,9,2019-09-27 04:00:00,0.10547,0.10547,0.10547,0.12,0.0,232.5279055937479,-0.0,0.0,0.0,232.5279055937479,232.5279055937479,0.0,0.0
6460,2019-09-27 04:00:00,9,2019-09-27 05:00:00,0.10547,0.10547,0.10547,0.12,0.0,270.79226474051075,-400.0,0.0,0.0,670.7922647405107,670.7922647405107,0.0,1.0
6461,2019-09-27 05:00:00,9,2019-09-27 06:00:00,0.10547,0.10547,0.10547,0.12,0.46,593.5400263199164,-116.92185468859422,0.0,0.0,710.4618810085105,710.4618810085105,0.0,1.0
6462,2019-09-27 06:00:00,9,2019-09-27 07:00:00,0.10547,0.10547,0.10547,0.12,0.5944601328918834,666.4278834678076,-352.6433627027101,0.0,0.0,1019.0712461705177,1019.0712461705177,0.0,1.0
6463,2019-09-27 07:00:00,9,2019-09-27 08:00:00,0.10547,0.10547,0.10547,0.12,1.0,1106.7533090984437,-0.0,87.68206292792593,0.0,1019.0712461705177,1019.0712461705177,0.0,0.0
6464,2019-09-27 08:00:00,9,2019-09-27 09:00:00,0.10547,0.10547,0.10547,0.12,0.8808667623261875,1084.0697655293097,-0.0,64.99851935879201,0.0,1019.0712461705177,1019.0712461705177,0.0,0.0
6465,2019-09-27 09:00:00,9,2019-09-27 10:00:00,0.10547,0.10547,0.10547,0.12,0.792553556675655,1052.8806576253003,-0.0,33.80941145478255,0.0,1019.0712461705177,1019.0712461705177,0.0,0.0
6466,2019-09-27 10:00:00,9,2019-09-27 11:00:00,0.10547,0.10547,0.10547,0.12,0.746616856329483,1063.0875826791184,-0.0,44.016336508600716,0.0,1019.0712461705177,1019.0712461705177,0.0,0.0
6467,2019-09-27 11:00:00,9,2019-09-27 12:00:00,0.10547,0.10547,0.10547,0.12,0.6868120512906234,1042.4799520526542,-0.0,23.408705882136474,0.0,1019.0712461705177,1019.0712461705177,0.0,0.0
6468,2019-09-27 12:00:00,9,2019-09-27 13:00:00,0.10547,0.10547,0.10547,0.12,0.6550067443855467,1091.7913044586767,-0.0,72.72005828815895,0.0,1019.0712461705177,1019.0712461705177,0.0,0.0
6469,2019-09-27 13:00:00,9,2019-09-27 14:00:00,0.10547,0.10547,0.10547,0.12,0.5562023173635916,1091.4028934001244,-0.0,72.33164722960669,0.0,1019.0712461705177,1019.0712461705177,0.0,0.0
6470,2019-09-27 14:00:00,9,2019-09-27 15:00:00,0.12561,0.12561,0.12561,0.12,0.45792562275814774,1085.4626342917345,-0.0,66.39138812121678,0.0,1019.0712461705177,1019.0712461705177,0.0,0.0
6471,2019-09-27 15:00:00,9,2019-09-27 16:00:00,0.12561,0.12561,0.12561,0.12,0.3677199323760597,1116.91017859943,-0.0,97.83893242891236,0.0,1019.0712461705177,1019.0712461705177,0.0,0.0
6472,2019-09-27 16:00:00,9,2019-09-27 17:00:00,0.15111,0.15111,0.15111,0.12,0.2347866002715592,1022.4144447467054,-0.0,172.80293779986758,0.0,849.6115069468378,849.6115069468378,0.0,0.0
6473,2019-09-27 17:00:00,9,2019-09-27 18:00:00,0.15111,0.15111,0.15111,0.12,0.0,860.1612085951784,-0.0,0.0,0.0,860.1612085951784,860.1612085951784,0.0,0.0
6474,2019-09-27 18:00:00,9,2019-09-27 19:00:00,0.15111,0.15111,0.15111,0.12,0.0,868.595052757966,-0.0,0.0,0.0,868.595052757966,868.595052757966,0.0,0.0
6475,2019-09-27 19:00:00,9,2019-09-27 20:00:00,0.15111,0.15111,0.15111,0.12,0.0,751.9549545647875,-0.0,0.0,0.0,751.9549545647875,751.9549545647875,0.0,0.0
6476,2019-09-27 20:00:00,9,2019-09-27 21:00:00,0.15111,0.15111,0.15111,0.12,0.0,732.9101218745919,-0.0,0.0,0.0,732.9101218745919,732.9101218745919,0.0,0.0
6477,2019-09-27 21:00:00,9,2019-09-27 22:00:00,0.12561,0.12561,0.12561,0.12,0.0,270.79121617186604,-0.0,0.0,0.0,270.79121617186604,270.79121617186604,0.0,0.0
6478,2019-09-27 22:00:00,9,2019-09-27 23:00:00,0.12561,0.12561,0.12561,0.12,0.0,232.5279056201018,-0.0,0.0,0.0,232.5279056201018,232.5279056201018,0.0,0.0
6479,2019-09-27 23:00:00,9,2019-09-28 00:00:00,0.10547,0.10547,0.10547,0.12,0.0,223.05431035161263,-0.0,0.0,0.0,223.05431035161263,223.05431035161263,0.0,0.0
6480,2019-09-28 00:00:00,9,2019-09-28 01:00:00,0.10547,0.10547,0.10547,0.12,0.0,223.0543110631672,-0.0,0.0,0.0,223.0543110631672,223.0543110631672,0.0,0.0
6481,2019-09-28 01:00:00,9,2019-09-28 02:00:00,0.10547,0.10547,0.10547,0.12,0.0,223.0543109965074,-0.0,0.0,0.0,223.0543109965074,223.0543109965074,0.0,0.0
6482,2019-09-28 02:00:00,9,2019-09-28 03:00:00,0.10547,0.10547,0.10547,0.12,0.0,223.05431101666036,-0.0,0.0,0.0,223.05431101666036,223.05431101666036,0.0,0.0
6483,2019-09-28 03:00:00,9,2019-09-28 04:00:00,0.10547,0.10547,0.10547,0.12,0.0,232.5279062913504,-0.0,0.0,0.0,232.5279062913504,232.5279062913504,0.0,0.0
6484,2019-09-28 04:00:00,9,2019-09-28 05:00:00,0.10547,0.10547,0.10547,0.12,0.0,270.7922653288222,-400.0,0.0,0.0,670.7922653288222,670.7922653288222,0.0,1.0
6485,2019-09-28 05:00:00,9,2019-09-28 06:00:00,0.10547,0.10547,0.10547,0.12,0.46,635.2132162561325,-383.85802991438527,0.0,0.0,1019.0712461705177,1019.0712461705177,0.0,1.0
6486,2019-09-28 06:00:00,9,2019-09-28 07:00:00,0.10547,0.10547,0.10547,0.12,0.9014367344015431,689.2525643952816,-85.70718747691899,0.0,0.0,774.9597518722006,774.9597518722006,0.0,1.0
6487,2019-09-28 07:00:00,9,2019-09-28 08:00:00,0.10547,0.10547,0.10547,0.12,1.0,1115.4421433922948,-0.0,96.37089722177711,0.0,1019.0712461705177,1019.0712461705177,0.0,0.0
6488,2019-09-28 08:00:00,9,2019-09-28 09:00:00,0.10547,0.10547,0.10547,0.12,0.8690612809486724,1097.4881613189002,-0.0,78.41691514838249,0.0,1019.0712461705177,1019.0712461705177,0.0,0.0
6489,2019-09-28 09:00:00,9,2019-09-28 10:00:00,0.10547,0.10547,0.10547,0.12,0.7625165592796744,1072.455550936173,-0.0,53.384304765655315,0.0,1019.0712461705177,1019.0712461705177,0.0,0.0
6490,2019-09-28 10:00:00,9,2019-09-28 11:00:00,0.10547,0.10547,0.10547,0.12,0.6899835365002516,1079.440206414009,-0.0,60.3689602434913,0.0,1019.0712461705177,1019.0712461705177,0.0,0.0
6491,2019-09-28 11:00:00,9,2019-09-28 12:00:00,0.10547,0.10547,0.10547,0.12,0.6079604926911601,1048.4275391807748,-0.0,29.356293010257104,0.0,1019.0712461705177,1019.0712461705177,0.0,0.0
6492,2019-09-28 12:00:00,9,2019-09-28 13:00:00,0.10547,0.10547,0.10547,0.12,0.5680742250141804,1097.0020057711688,-0.0,77.93075960065107,0.0,1019.0712461705177,1019.0712461705177,0.0,0.0
6493,2019-09-28 13:00:00,9,2019-09-28 14:00:00,0.10547,0.10547,0.10547,0.12,0.46219004077416537,1102.7108839579764,-0.0,83.6396377874587,0.0,1019.0712461705177,1019.0712461705177,0.0,0.0
6494,2019-09-28 14:00:00,9,2019-09-28 15:00:00,0.12561,0.12561,0.12561,0.12,0.3485492285629443,1106.290407587507,-0.0,87.21916141698921,0.0,1019.0712461705177,1019.0712461705177,0.0,0.0
6495,2019-09-28 15:00:00,9,2019-09-28 16:00:00,0.12561,0.12561,0.12561,0.12,0.23004493315942637,1139.073389175275,-0.0,120.00214300475727,0.0,1019.0712461705177,1019.0712461705177,0.0,0.0
6496,2019-09-28 16:00:00,9,2019-09-28 17:00:00,0.15111,0.15111,0.15111,0.12,0.0669985432073105,1035.10853567948,-0.0,16.037289508962203,0.0,1019.0712461705177,1019.0712461705177,0.0,0.0
6497,2019-09-28 17:00:00,9,2019-09-28 18:00:00,0.15111,0.15111,0.15111,0.12,0.045208747678829236,868.7774271736066,-0.0,0.0,0.0,868.7774271736066,868.7774271736066,0.0,0.0
6498,2019-09-28 18:00:00,9,2019-09-28 19:00:00,0.15111,0.15111,0.15111,0.12,0.045208747678829236,877.0652949900953,-0.0,0.0,0.0,877.0652949900953,877.0652949900953,0.0,0.0
6499,2019-09-28 19:00:00,9,2019-09-28 20:00:00,0.15111,0.15111,0.15111,0.12,0.045208747678829236,759.2928037573971,-0.0,0.0,0.0,759.2928037573971,759.2928037573971,0.0,0.0
6500,2019-09-28 20:00:00,9,2019-09-28 21:00:00,0.15111,0.15111,0.15111,0.12,0.045208747678829236,740.1695838777813,-0.0,33.27363829161832,0.0,706.895945586163,706.895945586163,0.0,0.0
6501,2019-09-28 21:00:00,9,2019-09-28 22:00:00,0.12561,0.12561,0.12561,0.12,0.0,270.791216579576,-0.0,0.0,0.0,270.791216579576,270.791216579576,0.0,0.0
6502,2019-09-28 22:00:00,9,2019-09-28 23:00:00,0.12561,0.12561,0.12561,0.12,0.0,232.52790616965754,-0.0,0.0,0.0,232.52790616965754,232.52790616965754,0.0,0.0
6503,2019-09-28 23:00:00,9,2019-09-29 00:00:00,0.10547,0.10547,0.10547,0.12,0.0,223.05431084380996,-0.0,0.0,0.0,223.05431084380996,223.05431084380996,0.0,0.0
6504,2019-09-29 00:00:00,9,2019-09-29 01:00:00,0.10547,0.10547,0.10547,0.12,0.0,223.0543115848189,-0.0,0.0,0.0,223.0543115848189,223.0543115848189,0.0,0.0
6505,2019-09-29 01:00:00,9,2019-09-29 02:00:00,0.10547,0.10547,0.10547,0.12,0.0,223.0543115871442,-0.0,0.0,0.0,223.0543115871442,223.0543115871442,0.0,0.0
6506,2019-09-29 02:00:00,9,2019-09-29 03:00:00,0.10547,0.10547,0.10547,0.12,0.0,223.05431151738395,-0.0,0.0,0.0,223.05431151738395,223.05431151738395,0.0,0.0
6507,2019-09-29 03:00:00,9,2019-09-29 04:00:00,0.10547,0.10547,0.10547,0.12,0.0,232.52790681765273,-0.0,0.0,0.0,232.52790681765273,232.52790681765273,0.0,0.0
6508,2019-09-29 04:00:00,9,2019-09-29 05:00:00,0.10547,0.10547,0.10547,0.12,0.0,270.79226665659235,-400.0,0.0,0.0,670.7922666565923,670.7922666565923,0.0,1.0
6509,2019-09-29 05:00:00,9,2019-09-29 06:00:00,0.10547,0.10547,0.10547,0.12,0.46,638.3376616837064,-382.0053814579478,0.0,0.0,1020.3430431416542,1020.3430431416542,0.0,1.0
6510,2019-09-29 06:00:00,9,2019-09-29 07:00:00,0.10547,0.10547,0.10547,0.12,0.8993061886766401,689.72206965643,-87.55983593335644,0.0,0.0,777.2819055897864,777.2819055897864,0.0,1.0
6511,2019-09-29 07:00:00,9,2019-09-29 08:00:00,0.10547,0.10547,0.10547,0.12,1.0,1118.5900980171798,-0.0,98.24705487552558,0.0,1020.3430431416542,1020.3430431416542,0.0,0.0
6512,2019-09-29 08:00:00,9,2019-09-29 09:00:00,0.10547,0.10547,0.10547,0.12,0.8665121537017316,1101.8239018331888,-0.0,81.48085869153454,0.0,1020.3430431416542,1020.3430431416542,0.0,0.0
6513,2019-09-29 09:00:00,9,2019-09-29 10:00:00,0.10547,0.10547,0.10547,0.12,0.7558044652621467,1084.8439474224774,-0.0,64.50090428082319,0.0,1020.3430431416542,1020.3430431416542,0.0,0.0
6514,2019-09-29 10:00:00,9,2019-09-29 11:00:00,0.10547,0.10547,0.10547,0.12,0.6681673670545065,1099.9716896581303,-0.0,79.62864651647612,0.0,1020.3430431416542,1020.3430431416542,0.0,0.0
6515,2019-09-29 11:00:00,9,2019-09-29 12:00:00,0.10547,0.10547,0.10547,0.12,0.5599762712440772,1060.576729366187,-0.0,40.23368622453279,0.0,1020.3430431416542,1020.3430431416542,0.0,0.0
6516,2019-09-29 12:00:00,9,2019-09-29 13:00:00,0.10547,0.10547,0.10547,0.12,0.5053109366998756,1095.3297790642353,-0.0,74.98673592258092,0.0,1020.3430431416543,1020.3430431416543,0.0,0.0
6517,2019-09-29 13:00:00,9,2019-09-29 14:00:00,0.10547,0.10547,0.10547,0.12,0.4034267846311515,1098.4740136617738,-0.0,78.13097052011952,0.0,1020.3430431416543,1020.3430431416543,0.0,0.0
6518,2019-09-29 14:00:00,9,2019-09-29 15:00:00,0.12561,0.12561,0.12561,0.12,0.29727057468533646,1101.608707645978,-0.0,81.2656645043237,0.0,1020.3430431416543,1020.3430431416543,0.0,0.0
6519,2019-09-29 15:00:00,9,2019-09-29 16:00:00,0.12561,0.12561,0.12561,0.12,0.18685526965228802,1144.416280170095,-0.0,124.07323702844064,0.0,1020.3430431416543,1020.3430431416543,0.0,0.0
6520,2019-09-29 16:00:00,9,2019-09-29 17:00:00,0.15111,0.15111,0.15111,0.12,0.018277501950602407,1033.7952845772977,-0.0,13.452241435643373,0.0,1020.3430431416543,1020.3430431416543,0.0,0.0
6521,2019-09-29 17:00:00,9,2019-09-29 18:00:00,0.15111,0.15111,0.15111,0.12,0.0,858.0213569107729,-0.0,0.0,0.0,858.0213569107729,858.0213569107729,0.0,0.0
6522,2019-09-29 18:00:00,9,2019-09-29 19:00:00,0.15111,0.15111,0.15111,0.12,0.0,861.0590755203067,-0.0,0.0,0.0,861.0590755203067,861.0590755203067,0.0,0.0
6523,2019-09-29 19:00:00,9,2019-09-29 20:00:00,0.15111,0.15111,0.15111,0.12,0.0,745.7561950205529,-0.0,0.0,0.0,745.7561950205529,745.7561950205529,0.0,0.0
6524,2019-09-29 20:00:00,9,2019-09-29 21:00:00,0.15111,0.15111,0.15111,0.12,0.0,727.985766136625,-0.0,0.0,0.0,727.985766136625,727.985766136625,0.0,0.0
6525,2019-09-29 21:00:00,9,2019-09-29 22:00:00,0.12561,0.12561,0.12561,0.12,0.0,270.79121740584736,-0.0,0.0,0.0,270.79121740584736,270.79121740584736,0.0,0.0
6526,2019-09-29 22:00:00,9,2019-09-29 23:00:00,0.12561,0.12561,0.12561,0.12,0.0,232.5279068308297,-0.0,0.0,0.0,232.5279068308297,232.5279068308297,0.0,0.0
6527,2019-09-29 23:00:00,9,2019-09-30 00:00:00,0.10547,0.10547,0.10547,0.12,0.0,223.05431152668535,-0.0,0.0,0.0,223.05431152668535,223.05431152668535,0.0,0.0
6528,2019-09-30 00:00:00,9,2019-09-30 01:00:00,0.10547,0.10547,0.10547,0.12,0.0,184.42207244507765,-0.0,0.0,0.0,184.42207244507765,184.42207244507765,0.0,1.0
6529,2019-09-30 01:00:00,9,2019-09-30 02:00:00,0.10547,0.10547,0.10547,0.12,0.0,184.42207242802516,-0.0,0.0,0.0,184.42207242802516,184.42207242802516,0.0,1.0
6530,2019-09-30 02:00:00,9,2019-09-30 03:00:00,0.10547,0.10547,0.10547,0.12,0.0,184.42207239314502,-0.0,0.0,0.0,184.42207239314502,184.42207239314502,0.0,1.0
6531,2019-09-30 03:00:00,9,2019-09-30 04:00:00,0.10547,0.10547,0.10547,0.12,0.0,193.89566771744234,-0.0,0.0,0.0,193.89566771744234,193.89566771744234,0.0,1.0
6532,2019-09-30 04:00:00,9,2019-09-30 05:00:00,0.10547,0.10547,0.10547,0.12,0.0,212.8439083988719,-400.0,0.0,0.0,612.8439083988719,612.8439083988719,0.0,1.0
6533,2019-09-30 05:00:00,9,2019-09-30 06:00:00,0.10547,0.10547,0.10547,0.12,0.46,423.8620470648882,-0.0,0.0,0.0,423.8620470648882,423.8620470648882,0.0,1.0
6534,2019-09-30 06:00:00,9,2019-09-30 07:00:00,0.10547,0.10547,0.10547,0.12,0.46,410.7530289560082,-400.0,0.0,0.0,810.7530289560082,810.7530289560082,0.0,1.0
6535,2019-09-30 07:00:00,9,2019-09-30 08:00:00,0.10547,0.10547,0.10547,0.12,0.92,763.0114579622292,-0.0,0.0,0.0,763.0114579622292,763.0114579622292,0.0,0.0
6536,2019-09-30 08:00:00,9,2019-09-30 09:00:00,0.10547,0.10547,0.10547,0.12,0.92,783.8529502095736,-69.56521739130434,0.0,0.0,853.418167600878,853.418167600878,0.0,1.0
6537,2019-09-30 09:00:00,9,2019-09-30 10:00:00,0.10547,0.10547,0.10547,0.12,1.0,767.7485114731955,-0.0,0.0,0.0,767.7485114731955,767.7485114731955,0.0,1.0
6538,2019-09-30 10:00:00,9,2019-09-30 11:00:00,0.10547,0.10547,0.10547,0.12,1.0,785.1073435345834,-0.0,0.0,0.0,785.1073435345834,785.1073435345834,0.0,0.0
6539,2019-09-30 11:00:00,9,2019-09-30 12:00:00,0.10547,0.10547,0.10547,0.12,1.0,790.4093457989835,-0.0,0.0,0.0,790.4093457989835,790.4093457989835,0.0,0.0
6540,2019-09-30 12:00:00,9,2019-09-30 13:00:00,0.10547,0.10547,0.10547,0.12,1.0,784.394480606719,-0.0,2.6057338455257748e-14,0.0,784.394480606719,784.394480606719,0.0,1.0
6541,2019-09-30 13:00:00,9,2019-09-30 14:00:00,0.10547,0.10547,0.10547,0.12,1.0,601.2725221739717,-0.0,1.1917291724988507e-14,0.0,601.2725221739717,601.2725221739717,0.0,1.0
6542,2019-09-30 14:00:00,9,2019-09-30 15:00:00,0.12561,0.12561,0.12561,0.12,1.0,575.4707809052634,-0.0,0.0,0.0,575.4707809052634,575.4707809052634,0.0,1.0
6543,2019-09-30 15:00:00,9,2019-09-30 16:00:00,0.12561,0.12561,0.12561,0.12,1.0,595.1687301191569,-0.0,0.0,0.0,595.1687301191569,595.1687301191569,0.0,0.0
6544,2019-09-30 16:00:00,9,2019-09-30 17:00:00,0.15111,0.15111,0.15111,0.12,1.0,559.9196768397978,-0.0,400.0,0.0,159.91967683979783,159.91967683979783,0.0,0.0
6545,2019-09-30 17:00:00,9,2019-09-30 18:00:00,0.15111,0.15111,0.15111,0.12,0.4565217391304348,236.5735562435502,-0.0,85.26206102282111,0.0,151.31149522072909,151.31149522072909,0.0,0.0
6546,2019-09-30 18:00:00,9,2019-09-30 19:00:00,0.15111,0.15111,0.15111,0.12,0.3406765475233409,250.7379389771789,-0.0,250.7379389771789,0.0,0.0,0.0,0.0,0.0
6547,2019-09-30 19:00:00,9,2019-09-30 20:00:00,0.15111,0.15111,0.15111,0.12,0.0,250.73793924924394,-0.0,0.0,0.0,250.73793924924394,250.73793924924394,0.0,0.0
6548,2019-09-30 20:00:00,9,2019-09-30 21:00:00,0.15111,0.15111,0.15111,0.12,0.0,231.7914485749988,-0.0,0.0,0.0,231.7914485749988,231.7914485749988,0.0,0.0
6549,2019-09-30 21:00:00,9,2019-09-30 22:00:00,0.12561,0.12561,0.12561,0.12,0.0,212.84285833735782,-0.0,0.0,0.0,212.84285833735782,212.84285833735782,0.0,0.0
6550,2019-09-30 22:00:00,9,2019-09-30 23:00:00,0.12561,0.12561,0.12561,0.12,0.0,193.89566772906906,-0.0,0.0,0.0,193.89566772906906,193.89566772906906,0.0,1.0
6551,2019-09-30 23:00:00,9,2019-10-01 00:00:00,0.10547,0.10547,0.10547,0.12,0.0,184.4220724799578,-0.0,0.0,0.0,184.4220724799578,184.4220724799578,0.0,0.0
6552,2019-10-01 00:00:00,10,2019-10-01 01:00:00,0.10531,0.10531,0.10531,0.12,0.0,184.42172319038548,-26.241929225142982,0.0,0.0,210.66365241552847,210.66365241552847,0.0,1.0
6553,2019-10-01 01:00:00,10,2019-10-01 02:00:00,0.10531,0.10531,0.10531,0.12,0.030178218608914432,184.42172283150774,-26.241929584020724,0.0,0.0,210.66365241552847,210.66365241552847,0.0,1.0
6554,2019-10-01 02:00:00,10,2019-10-01 03:00:00,0.10531,0.10531,0.10531,0.12,0.060356437630538266,184.42172304001338,-26.241929375515085,0.0,0.0,210.66365241552847,210.66365241552847,0.0,1.0
6555,2019-10-01 03:00:00,10,2019-10-01 04:00:00,0.10531,0.10531,0.10531,0.12,0.0905346564123806,193.89531860459604,-16.768333810932415,0.0,0.0,210.66365241552845,210.66365241552845,0.0,1.0
6556,2019-10-01 04:00:00,10,2019-10-01 05:00:00,0.10531,0.10531,0.10531,0.12,0.10981824029495289,212.8435589682289,-0.0,2.1799065527004586,0.0,210.66365241552845,210.66365241552845,0.0,0.0
6557,2019-10-01 05:00:00,10,2019-10-01 06:00:00,0.10531,0.10531,0.10531,0.12,0.10685641073965335,250.7368903139703,-0.0,40.073237898441846,0.0,210.66365241552845,210.66365241552845,0.0,0.0
6558,2019-10-01 06:00:00,10,2019-10-01 07:00:00,0.10531,0.10531,0.10531,0.12,0.05240907663850951,229.95019270298738,-0.0,19.28654028745892,0.0,210.66365241552847,210.66365241552847,0.0,0.0
6559,2019-10-01 07:00:00,10,2019-10-01 08:00:00,0.10531,0.10531,0.10531,0.12,0.026204538204462068,229.95019253401253,-0.0,19.286540118484083,0.0,210.66365241552845,210.66365241552845,0.0,0.0
6560,2019-10-01 08:00:00,10,2019-10-01 09:00:00,0.10531,0.10531,0.10531,0.12,0.0,201.52940634331352,-9.134246072214934,0.0,0.0,210.66365241552845,210.66365241552845,0.0,1.0
6561,2019-10-01 09:00:00,10,2019-10-01 10:00:00,0.10531,0.10531,0.10531,0.12,0.010504382983047173,163.63502547243684,-47.02862694309162,0.0,0.0,210.66365241552847,210.66365241552847,0.0,1.0
6562,2019-10-01 10:00:00,10,2019-10-01 11:00:00,0.10531,0.10531,0.10531,0.12,0.06458730396760255,163.63572559793366,-47.0279268175948,0.0,0.0,210.66365241552847,210.66365241552847,0.0,1.0
6563,2019-10-01 11:00:00,10,2019-10-01 12:00:00,0.10531,0.10531,0.10531,0.12,0.11866941980783657,163.63572573590392,-47.02792667962454,0.0,0.0,210.66365241552847,210.66365241552847,0.0,1.0
6564,2019-10-01 12:00:00,10,2019-10-01 13:00:00,0.10531,0.10531,0.10531,0.12,0.1727515354894048,163.63677582144655,-0.0,0.0,0.0,163.63677582144655,163.63677582144655,0.0,0.0
6565,2019-10-01 13:00:00,10,2019-10-01 14:00:00,0.10531,0.10531,0.10531,0.12,0.1727515354894048,163.6357253723755,-0.0,0.0,0.0,163.6357253723755,163.6357253723755,0.0,0.0
6566,2019-10-01 14:00:00,10,2019-10-01 15:00:00,0.10531,0.10531,0.10531,0.12,0.1727515354894048,163.6350256553637,-319.3464908787784,0.0,0.0,482.9815165341421,482.9815165341421,0.0,1.0
6567,2019-10-01 15:00:00,10,2019-10-01 16:00:00,0.10531,0.10531,0.10531,0.12,0.54,201.52940668901434,-400.0,0.0,0.0,601.5294066890143,601.5294066890143,0.0,1.0
6568,2019-10-01 16:00:00,10,2019-10-01 17:00:00,0.13592,0.13592,0.13592,0.12,1.0,229.95019223481856,-0.0,229.95019223481856,0.0,0.0,0.0,0.0,0.0
6569,2019-10-01 17:00:00,10,2019-10-01 18:00:00,0.13592,0.13592,0.13592,0.12,0.6875676735939965,236.57250698350384,-0.0,236.57250698350384,0.0,0.0,0.0,0.0,0.0
6570,2019-10-01 18:00:00,10,2019-10-01 19:00:00,0.13592,0.13592,0.13592,0.12,0.3661376369316271,250.73689027521456,-0.0,250.73689027521456,0.0,0.0,0.0,0.0,0.0
6571,2019-10-01 19:00:00,10,2019-10-01 20:00:00,0.13592,0.13592,0.13592,0.12,0.02546251427508558,250.73689032792234,-0.0,18.74041050646299,0.0,231.99647982145936,231.99647982145936,0.0,0.0
6572,2019-10-01 20:00:00,10,2019-10-01 21:00:00,0.13592,0.13592,0.13592,0.12,0.0,231.790749497456,-0.0,0.0,0.0,231.790749497456,231.790749497456,0.0,0.0
6573,2019-10-01 21:00:00,10,2019-10-01 22:00:00,0.10531,0.10531,0.10531,0.12,0.0,212.84250923148753,-0.0,0.0,0.0,212.84250923148753,212.84250923148753,0.0,0.0
6574,2019-10-01 22:00:00,10,2019-10-01 23:00:00,0.10531,0.10531,0.10531,0.12,0.0,193.89531849840543,-0.0,0.0,0.0,193.89531849840543,193.89531849840543,0.0,0.0
6575,2019-10-01 23:00:00,10,2019-10-02 00:00:00,0.10531,0.10531,0.10531,0.12,0.0,184.42172288344037,-0.0,0.0,0.0,184.42172288344037,184.42172288344037,0.0,0.0
6576,2019-10-02 00:00:00,10,2019-10-02 01:00:00,0.10531,0.10531,0.10531,0.12,0.0,223.05431363344488,-121.8639784707801,0.0,0.0,344.918292104225,344.918292104225,0.0,1.0
6577,2019-10-02 01:00:00,10,2019-10-02 02:00:00,0.10531,0.10531,0.10531,0.12,0.14014357524139712,223.05431367065034,-0.0,0.0,0.0,223.05431367065034,223.05431367065034,0.0,0.0
6578,2019-10-02 02:00:00,10,2019-10-02 03:00:00,0.10531,0.10531,0.10531,0.12,0.14014357524139712,223.05431375901335,-0.0,0.0,0.0,223.05431375901335,223.05431375901335,0.0,0.0
6579,2019-10-02 03:00:00,10,2019-10-02 04:00:00,0.10531,0.10531,0.10531,0.12,0.14014357524139712,232.52790902672734,-0.0,0.0,0.0,232.52790902672734,232.52790902672734,0.0,0.0
6580,2019-10-02 04:00:00,10,2019-10-02 05:00:00,0.10531,0.10531,0.10531,0.12,0.14014357524139712,270.79227061587403,-0.0,0.0,0.0,270.79227061587403,270.79227061587403,0.0,0.0
6581,2019-10-02 05:00:00,10,2019-10-02 06:00:00,0.10531,0.10531,0.10531,0.12,0.14014357524139712,526.9281487632126,-400.0,0.0,0.0,926.9281487632126,926.9281487632126,0.0,1.0
6582,2019-10-02 06:00:00,10,2019-10-02 07:00:00,0.10531,0.10531,0.10531,0.12,0.6001435752413972,627.3895317750236,-347.70123892052425,0.0,0.0,975.0907706955478,975.0907706955478,0.0,1.0
6583,2019-10-02 07:00:00,10,2019-10-02 08:00:00,0.10531,0.10531,0.10531,0.12,1.0,1107.975998870143,-0.0,132.88522817459523,0.0,975.0907706955478,975.0907706955478,0.0,0.0
6584,2019-10-02 08:00:00,10,2019-10-02 09:00:00,0.10531,0.10531,0.10531,0.12,0.8194494182410391,1090.526915210682,-0.0,115.43614451513429,0.0,975.0907706955478,975.0907706955478,0.0,0.0
6585,2019-10-02 09:00:00,10,2019-10-02 10:00:00,0.10531,0.10531,0.10531,0.12,0.6626068305846067,1053.5350790586579,-0.0,78.44430836311005,0.0,975.0907706955478,975.0907706955478,0.0,0.0
6586,2019-10-02 10:00:00,10,2019-10-02 11:00:00,0.10531,0.10531,0.10531,0.12,0.5560248898738593,1043.7026070604952,-0.0,68.61183636494741,0.0,975.0907706955478,975.0907706955478,0.0,0.0
6587,2019-10-02 11:00:00,10,2019-10-02 12:00:00,0.10531,0.10531,0.10531,0.12,0.46280228611713736,1000.6170498378951,-0.0,25.526279142347363,0.0,975.0907706955478,975.0907706955478,0.0,0.0
6588,2019-10-02 12:00:00,10,2019-10-02 13:00:00,0.10531,0.10531,0.10531,0.12,0.4281198416302516,1045.7115190964948,-0.0,70.62074840094698,0.0,975.0907706955479,975.0907706955479,0.0,0.0
6589,2019-10-02 13:00:00,10,2019-10-02 14:00:00,0.10531,0.10531,0.10531,0.12,0.33216773782461717,1044.3676116741256,-0.0,69.2768409785777,0.0,975.0907706955479,975.0907706955479,0.0,0.0
6590,2019-10-02 14:00:00,10,2019-10-02 15:00:00,0.10531,0.10531,0.10531,0.12,0.23804159519068002,1041.7801969982738,-0.0,66.68942630272596,0.0,975.0907706955479,975.0907706955479,0.0,0.0
6591,2019-10-02 15:00:00,10,2019-10-02 16:00:00,0.10531,0.10531,0.10531,0.12,0.14743096162719355,1076.7718912721778,-0.0,101.6811205766299,0.0,975.0907706955479,975.0907706955479,0.0,0.0
6592,2019-10-02 16:00:00,10,2019-10-02 17:00:00,0.13592,0.13592,0.13592,0.12,0.009277265191555072,981.9188378765324,-0.0,6.828067180984533,0.0,975.0907706955479,975.0907706955479,0.0,0.0
6593,2019-10-02 17:00:00,10,2019-10-02 18:00:00,0.13592,0.13592,0.13592,0.12,0.0,811.5472315741329,-0.0,0.0,0.0,811.5472315741329,811.5472315741329,0.0,1.0
6594,2019-10-02 18:00:00,10,2019-10-02 19:00:00,0.13592,0.13592,0.13592,0.12,0.0,759.5155034243384,-0.0,0.0,0.0,759.5155034243384,759.5155034243384,0.0,1.0
6595,2019-10-02 19:00:00,10,2019-10-02 20:00:00,0.13592,0.13592,0.13592,0.12,0.0,603.4755352089381,-0.0,0.0,0.0,603.4755352089381,603.4755352089381,0.0,0.0
6596,2019-10-02 20:00:00,10,2019-10-02 21:00:00,0.13592,0.13592,0.13592,0.12,0.0,566.2391463537069,-0.0,0.0,0.0,566.2391463537069,566.2391463537069,0.0,0.0
6597,2019-10-02 21:00:00,10,2019-10-02 22:00:00,0.10531,0.10531,0.10531,0.12,0.0,270.7912195567884,-0.0,0.0,0.0,270.7912195567884,270.7912195567884,0.0,0.0
6598,2019-10-02 22:00:00,10,2019-10-02 23:00:00,0.10531,0.10531,0.10531,0.12,0.0,232.52790898797164,-0.0,0.0,0.0,232.52790898797164,232.52790898797164,0.0,0.0
6599,2019-10-02 23:00:00,10,2019-10-03 00:00:00,0.10531,0.10531,0.10531,0.12,0.0,223.05431368692774,-0.0,0.0,0.0,223.05431368692774,223.05431368692774,0.0,0.0
6600,2019-10-03 00:00:00,10,2019-10-03 01:00:00,0.10531,0.10531,0.10531,0.12,0.0,223.05431447366834,-0.0,0.0,0.0,223.05431447366834,223.05431447366834,0.0,0.0
6601,2019-10-03 01:00:00,10,2019-10-03 02:00:00,0.10531,0.10531,0.10531,0.12,0.0,223.05431445506557,-0.0,0.0,0.0,223.05431445506557,223.05431445506557,0.0,0.0
6602,2019-10-03 02:00:00,10,2019-10-03 03:00:00,0.10531,0.10531,0.10531,0.12,0.0,223.0543144155348,-0.0,0.0,0.0,223.0543144155348,223.0543144155348,0.0,0.0
6603,2019-10-03 03:00:00,10,2019-10-03 04:00:00,0.10531,0.10531,0.10531,0.12,0.0,232.5279097274303,-69.56521739130434,0.0,0.0,302.0931271187346,302.0931271187346,0.0,1.0
6604,2019-10-03 04:00:00,10,2019-10-03 05:00:00,0.10531,0.10531,0.10531,0.12,0.08,270.79227158321623,-0.0,0.0,0.0,270.79227158321623,270.79227158321623,0.0,0.0
6605,2019-10-03 05:00:00,10,2019-10-03 06:00:00,0.10531,0.10531,0.10531,0.12,0.08,406.84737741522423,-400.0,0.0,0.0,806.8473774152242,806.8473774152242,0.0,1.0
6606,2019-10-03 06:00:00,10,2019-10-03 07:00:00,0.10531,0.10531,0.10531,0.12,0.54,481.5166627137622,-400.0,0.0,0.0,881.5166627137621,881.5166627137621,0.0,1.0
6607,2019-10-03 07:00:00,10,2019-10-03 08:00:00,0.10531,0.10531,0.10531,0.12,1.0,946.7530576038332,-0.0,0.0,0.0,946.7530576038332,946.7530576038332,0.0,0.0
6608,2019-10-03 08:00:00,10,2019-10-03 09:00:00,0.10531,0.10531,0.10531,0.12,1.0,1011.4264791269514,-0.0,36.33570843140353,0.0,975.0907706955479,975.0907706955479,0.0,0.0
6609,2019-10-03 09:00:00,10,2019-10-03 10:00:00,0.10531,0.10531,0.10531,0.12,0.950630830935593,1023.5094183981425,-0.0,48.418647702594626,0.0,975.0907706955479,975.0907706955479,0.0,0.0
6610,2019-10-03 10:00:00,10,2019-10-03 11:00:00,0.10531,0.10531,0.10531,0.12,0.8848446248179372,1028.0785029262072,-0.0,52.987732230659276,0.0,975.0907706955479,975.0907706955479,0.0,0.0
6611,2019-10-03 11:00:00,10,2019-10-03 12:00:00,0.10531,0.10531,0.10531,0.12,0.812850423417585,995.5579249300376,-0.0,20.467154234489726,0.0,975.0907706955479,975.0907706955479,0.0,0.0
6612,2019-10-03 12:00:00,10,2019-10-03 13:00:00,0.10531,0.10531,0.10531,0.12,0.7850417899468108,1043.595296960559,-0.0,68.50452626501101,0.0,975.0907706955479,975.0907706955479,0.0,0.0
6613,2019-10-03 13:00:00,10,2019-10-03 14:00:00,0.10531,0.10531,0.10531,0.12,0.6919649879563068,1043.0571559736811,-0.0,67.9663852781332,0.0,975.0907706955479,975.0907706955479,0.0,0.0
6614,2019-10-03 14:00:00,10,2019-10-03 15:00:00,0.10531,0.10531,0.10531,0.12,0.5996193557849301,1044.8899161308384,-0.0,69.79914543529048,0.0,975.0907706955479,975.0907706955479,0.0,0.0
6615,2019-10-03 15:00:00,10,2019-10-03 16:00:00,0.10531,0.10531,0.10531,0.12,0.5047835603565463,1081.144223386244,-0.0,106.05345269069608,0.0,975.0907706955479,975.0907706955479,0.0,0.0
6616,2019-10-03 16:00:00,10,2019-10-03 17:00:00,0.13592,0.13592,0.13592,0.12,0.3606891952876657,982.6781962203758,-0.0,265.46724773172195,0.0,717.2109484886538,717.2109484886538,0.0,0.0
6617,2019-10-03 17:00:00,10,2019-10-03 18:00:00,0.13592,0.13592,0.13592,0.12,0.0,810.9084465210316,-0.0,0.0,0.0,810.9084465210316,810.9084465210316,0.0,1.0
6618,2019-10-03 18:00:00,10,2019-10-03 19:00:00,0.13592,0.13592,0.13592,0.12,0.0,758.1696046971799,-0.0,0.0,0.0,758.1696046971799,758.1696046971799,0.0,0.0
6619,2019-10-03 19:00:00,10,2019-10-03 20:00:00,0.13592,0.13592,0.13592,0.12,0.0,622.7997677470747,-0.0,0.0,0.0,622.7997677470747,622.7997677470747,0.0,0.0
6620,2019-10-03 20:00:00,10,2019-10-03 21:00:00,0.13592,0.13592,0.13592,0.12,0.0,579.4030914550709,-0.0,0.0,0.0,579.4030914550709,579.4030914550709,0.0,0.0
6621,2019-10-03 21:00:00,10,2019-10-03 22:00:00,0.10531,0.10531,0.10531,0.12,0.0,270.7912201450999,-0.0,0.0,0.0,270.7912201450999,270.7912201450999,0.0,0.0
6622,2019-10-03 22:00:00,10,2019-10-03 23:00:00,0.10531,0.10531,0.10531,0.12,0.0,232.52790973285607,-0.0,0.0,0.0,232.52790973285607,232.52790973285607,0.0,0.0
6623,2019-10-03 23:00:00,10,2019-10-04 00:00:00,0.10531,0.10531,0.10531,0.12,0.0,223.05431441088407,-0.0,0.0,0.0,223.05431441088407,223.05431441088407,0.0,0.0
6624,2019-10-04 00:00:00,10,2019-10-04 01:00:00,0.10531,0.10531,0.10531,0.12,0.0,223.05431518832333,0.0,0.0,0.0,223.05431518832333,223.05431518832333,0.0,0.0
6625,2019-10-04 01:00:00,10,2019-10-04 02:00:00,0.10531,0.10531,0.10531,0.12,0.0,223.0543152356053,-0.0,0.0,0.0,223.0543152356053,223.0543152356053,0.0,0.0
6626,2019-10-04 02:00:00,10,2019-10-04 03:00:00,0.10531,0.10531,0.10531,0.12,0.0,223.05431514646722,-0.0,0.0,0.0,223.05431514646722,223.05431514646722,0.0,0.0
6627,2019-10-04 03:00:00,10,2019-10-04 04:00:00,0.10531,0.10531,0.10531,0.12,0.0,232.52791042115726,-0.0,0.0,0.0,232.52791042115726,232.52791042115726,0.0,0.0
6628,2019-10-04 04:00:00,10,2019-10-04 05:00:00,0.10531,0.10531,0.10531,0.12,0.0,270.79227235057897,-0.0,0.0,0.0,270.79227235057897,270.79227235057897,0.0,0.0
6629,2019-10-04 05:00:00,10,2019-10-04 06:00:00,0.10531,0.10531,0.10531,0.12,0.0,333.14178158236837,-400.0,0.0,0.0,733.1417815823684,733.1417815823684,0.0,1.0
6630,2019-10-04 06:00:00,10,2019-10-04 07:00:00,0.10531,0.10531,0.10531,0.12,0.46,402.6671065476174,-384.8812788485936,0.0,0.0,787.548385396211,787.548385396211,0.0,1.0
6631,2019-10-04 07:00:00,10,2019-10-04 08:00:00,0.10531,0.10531,0.10531,0.12,0.9026134706758826,890.4068321528372,-84.68393854271073,0.0,0.0,975.0907706955479,975.0907706955479,0.0,1.0
6632,2019-10-04 08:00:00,10,2019-10-04 09:00:00,0.10531,0.10531,0.10531,0.12,1.0,995.0748382674782,-0.0,19.984067571930268,0.0,975.0907706955479,975.0907706955479,0.0,0.0
6633,2019-10-04 09:00:00,10,2019-10-04 10:00:00,0.10531,0.10531,0.10531,0.12,0.9728477342772686,1022.9277432403914,-0.0,47.836972544843434,0.0,975.0907706955479,975.0907706955479,0.0,0.0
6634,2019-10-04 10:00:00,10,2019-10-04 11:00:00,0.10531,0.10531,0.10531,0.12,0.907851847667427,1035.8769914110333,-0.0,60.78622071548534,0.0,975.0907706955479,975.0907706955479,0.0,0.0
6635,2019-10-04 11:00:00,10,2019-10-04 12:00:00,0.10531,0.10531,0.10531,0.12,0.8252618738692132,1006.1910352722037,-0.0,31.10026457665583,0.0,975.0907706955479,975.0907706955479,0.0,0.0
6636,2019-10-04 12:00:00,10,2019-10-04 13:00:00,0.10531,0.10531,0.10531,0.12,0.7830060796074525,1066.7046734125108,-0.0,91.61390271696291,0.0,975.0907706955479,975.0907706955479,0.0,0.0
6637,2019-10-04 13:00:00,10,2019-10-04 14:00:00,0.10531,0.10531,0.10531,0.12,0.6585306683072312,1080.077030979299,-0.0,104.98626028375111,0.0,975.0907706955479,975.0907706955479,0.0,0.0
6638,2019-10-04 14:00:00,10,2019-10-04 15:00:00,0.10531,0.10531,0.10531,0.12,0.5158862929216999,1083.6947945890595,-0.0,108.60402389351157,0.0,975.0907706955479,975.0907706955479,0.0,0.0
6639,2019-10-04 15:00:00,10,2019-10-04 16:00:00,0.10531,0.10531,0.10531,0.12,0.3683264778489939,1115.9564412403195,-0.0,140.86567054477155,0.0,975.0907706955479,975.0907706955479,0.0,0.0
6640,2019-10-04 16:00:00,10,2019-10-04 17:00:00,0.13592,0.13592,0.13592,0.12,0.17693290373925,1004.7291626700611,-0.0,130.222617152088,0.0,874.5065455179731,874.5065455179731,0.0,0.0
6641,2019-10-04 17:00:00,10,2019-10-04 18:00:00,0.13592,0.13592,0.13592,0.12,0.0,842.9198564504127,-0.0,0.0,0.0,842.9198564504127,842.9198564504127,0.0,1.0
6642,2019-10-04 18:00:00,10,2019-10-04 19:00:00,0.13592,0.13592,0.13592,0.12,0.0,808.0451404580239,-0.0,0.0,0.0,808.0451404580239,808.0451404580239,0.0,1.0
6643,2019-10-04 19:00:00,10,2019-10-04 20:00:00,0.13592,0.13592,0.13592,0.12,0.0,645.6891516568771,-0.0,0.0,0.0,645.6891516568771,645.6891516568771,0.0,1.0
6644,2019-10-04 20:00:00,10,2019-10-04 21:00:00,0.13592,0.13592,0.13592,0.12,0.0,608.0963610796088,-0.0,0.0,0.0,608.0963610796088,608.0963610796088,0.0,1.0
6645,2019-10-04 21:00:00,10,2019-10-04 22:00:00,0.10531,0.10531,0.10531,0.12,0.0,270.79122115119765,-0.0,0.0,0.0,270.79122115119765,270.79122115119765,0.0,0.0
6646,2019-10-04 22:00:00,10,2019-10-04 23:00:00,0.10531,0.10531,0.10531,0.12,0.0,232.52791060950992,-0.0,0.0,0.0,232.52791060950992,232.52791060950992,0.0,0.0
6647,2019-10-04 23:00:00,10,2019-10-05 00:00:00,0.10531,0.10531,0.10531,0.12,0.0,223.0543153107913,-0.0,0.0,0.0,223.0543153107913,223.0543153107913,0.0,0.0
6648,2019-10-05 00:00:00,10,2019-10-05 01:00:00,0.10531,0.10531,0.10531,0.12,0.0,223.05431611070887,-0.0,0.0,0.0,223.05431611070887,223.05431611070887,0.0,0.0
6649,2019-10-05 01:00:00,10,2019-10-05 02:00:00,0.10531,0.10531,0.10531,0.12,0.0,223.0543160735034,-0.0,0.0,0.0,223.0543160735034,223.0543160735034,0.0,0.0
6650,2019-10-05 02:00:00,10,2019-10-05 03:00:00,0.10531,0.10531,0.10531,0.12,0.0,223.05431603629793,-0.0,0.0,0.0,223.05431603629793,223.05431603629793,0.0,0.0
6651,2019-10-05 03:00:00,10,2019-10-05 04:00:00,0.10531,0.10531,0.10531,0.12,0.0,232.5279113458681,-52.69747801544759,0.0,0.0,285.2253893613157,285.2253893613157,0.0,1.0
6652,2019-10-05 04:00:00,10,2019-10-05 05:00:00,0.10531,0.10531,0.10531,0.12,0.06060209971776473,270.79227337527954,-0.0,0.0,0.0,270.79227337527954,270.79227337527954,0.0,0.0
6653,2019-10-05 05:00:00,10,2019-10-05 06:00:00,0.10531,0.10531,0.10531,0.12,0.06060209971776473,333.42212447804945,-400.0,0.0,0.0,733.4221244780495,733.4221244780495,0.0,1.0
6654,2019-10-05 06:00:00,10,2019-10-05 07:00:00,0.10531,0.10531,0.10531,0.12,0.5206020997177647,394.6898613710903,-400.0,0.0,0.0,794.6898613710903,794.6898613710903,0.0,1.0
6655,2019-10-05 07:00:00,10,2019-10-05 08:00:00,0.10531,0.10531,0.10531,0.12,0.9806020997177647,976.5231923978175,-16.86773937585673,0.0,0.0,993.3909317736743,993.3909317736743,0.0,1.0
6656,2019-10-05 08:00:00,10,2019-10-05 09:00:00,0.10531,0.10531,0.10531,0.12,1.0,1066.2452495042999,-0.0,72.85431773062561,0.0,993.3909317736743,993.3909317736743,0.0,0.0
6657,2019-10-05 09:00:00,10,2019-10-05 10:00:00,0.10531,0.10531,0.10531,0.12,0.9010131552573022,1053.7034756827443,-0.0,60.31254390907003,0.0,993.3909317736743,993.3909317736743,0.0,0.0
6658,2019-10-05 10:00:00,10,2019-10-05 11:00:00,0.10531,0.10531,0.10531,0.12,0.8190667640765006,1068.4387679738977,-0.0,75.04783620022344,0.0,993.3909317736743,993.3909317736743,0.0,0.0
6659,2019-10-05 11:00:00,10,2019-10-05 12:00:00,0.10531,0.10531,0.10531,0.12,0.7170995953261968,1042.4473372134453,-0.0,49.05640543977103,0.0,993.3909317736743,993.3909317736743,0.0,0.0
6660,2019-10-05 12:00:00,10,2019-10-05 13:00:00,0.10531,0.10531,0.10531,0.12,0.6504468705438993,1097.964258136168,-0.0,104.57332636249365,0.0,993.3909317736743,993.3909317736743,0.0,0.0
6661,2019-10-05 13:00:00,10,2019-10-05 14:00:00,0.10531,0.10531,0.10531,0.12,0.5083635466818155,1095.8589338224858,-0.0,102.46800204881157,0.0,993.3909317736743,993.3909317736743,0.0,0.0
6662,2019-10-05 14:00:00,10,2019-10-05 15:00:00,0.10531,0.10531,0.10531,0.12,0.36914071781114766,1081.4372057401335,-0.0,88.0462739664593,0.0,993.3909317736743,993.3909317736743,0.0,0.0
6663,2019-10-05 15:00:00,10,2019-10-05 16:00:00,0.10531,0.10531,0.10531,0.12,0.24951262818280648,1120.9566814590503,-0.0,127.56574968537603,0.0,993.3909317736743,993.3909317736743,0.0,0.0
6664,2019-10-05 16:00:00,10,2019-10-05 17:00:00,0.13592,0.13592,0.13592,0.12,0.07618959871898041,1049.4664764308438,-0.0,56.07554465716959,0.0,993.3909317736743,993.3909317736743,0.0,0.0
6665,2019-10-05 17:00:00,10,2019-10-05 18:00:00,0.13592,0.13592,0.13592,0.12,0.0,893.3575970444668,-0.0,0.0,0.0,893.3575970444668,893.3575970444668,0.0,0.0
6666,2019-10-05 18:00:00,10,2019-10-05 19:00:00,0.13592,0.13592,0.13592,0.12,0.0,887.2293680585262,-0.0,0.0,0.0,887.2293680585262,887.2293680585262,0.0,0.0
6667,2019-10-05 19:00:00,10,2019-10-05 20:00:00,0.13592,0.13592,0.13592,0.12,0.0,759.6149590495153,-0.0,0.0,0.0,759.6149590495153,759.6149590495153,0.0,0.0
6668,2019-10-05 20:00:00,10,2019-10-05 21:00:00,0.13592,0.13592,0.13592,0.12,0.0,729.1402935609246,-0.0,0.0,0.0,729.1402935609246,729.1402935609246,0.0,0.0
6669,2019-10-05 21:00:00,10,2019-10-05 22:00:00,0.10531,0.10531,0.10531,0.12,0.0,270.7912217619874,-0.0,0.0,0.0,270.7912217619874,270.7912217619874,0.0,0.0
6670,2019-10-05 22:00:00,10,2019-10-05 23:00:00,0.10531,0.10531,0.10531,0.12,0.0,232.52791129781104,-0.0,0.0,0.0,232.52791129781104,232.52791129781104,0.0,0.0
6671,2019-10-05 23:00:00,10,2019-10-06 00:00:00,0.10531,0.10531,0.10531,0.12,0.0,223.05431597118834,-0.0,0.0,0.0,223.05431597118834,223.05431597118834,0.0,0.0
6672,2019-10-06 00:00:00,10,2019-10-06 01:00:00,0.10531,0.10531,0.10531,0.12,0.0,223.05431670677146,-0.0,0.0,0.0,223.05431670677146,223.05431670677146,0.0,0.0
6673,2019-10-06 01:00:00,10,2019-10-06 02:00:00,0.10531,0.10531,0.10531,0.12,0.0,223.05431673700087,-0.0,0.0,0.0,223.05431673700087,223.05431673700087,0.0,0.0
6674,2019-10-06 02:00:00,10,2019-10-06 03:00:00,0.10531,0.10531,0.10531,0.12,0.0,223.05431680133537,-0.0,0.0,0.0,223.05431680133537,223.05431680133537,0.0,0.0
6675,2019-10-06 03:00:00,10,2019-10-06 04:00:00,0.10531,0.10531,0.10531,0.12,0.0,232.52791202951857,-0.0,0.0,0.0,232.52791202951857,232.52791202951857,0.0,0.0
6676,2019-10-06 04:00:00,10,2019-10-06 05:00:00,0.10531,0.10531,0.10531,0.12,0.0,270.79227539755163,-400.0,0.0,0.0,670.7922753975516,670.7922753975516,0.0,1.0
6677,2019-10-06 05:00:00,10,2019-10-06 06:00:00,0.10531,0.10531,0.10531,0.12,0.46,469.14386624092083,-400.0,0.0,0.0,869.1438662409208,869.1438662409208,0.0,1.0
6678,2019-10-06 06:00:00,10,2019-10-06 07:00:00,0.10531,0.10531,0.10531,0.12,0.92,532.130033741966,-69.56521739130434,0.0,0.0,601.6952511332704,601.6952511332704,0.0,1.0
6679,2019-10-06 07:00:00,10,2019-10-06 08:00:00,0.10531,0.10531,0.10531,0.12,1.0,1060.8751162791868,-0.0,57.90733084122064,0.0,1002.9677854379662,1002.9677854379662,0.0,0.0
6680,2019-10-06 08:00:00,10,2019-10-06 09:00:00,0.10531,0.10531,0.10531,0.12,0.9213215613570372,1087.6238979935304,-0.0,84.65611255556416,0.0,1002.9677854379662,1002.9677854379662,0.0,0.0
6681,2019-10-06 09:00:00,10,2019-10-06 10:00:00,0.10531,0.10531,0.10531,0.12,0.8062996692978469,1067.666128627132,-0.0,64.69834318916571,0.0,1002.9677854379662,1002.9677854379662,0.0,0.0
6682,2019-10-06 10:00:00,10,2019-10-06 11:00:00,0.10531,0.10531,0.10531,0.12,0.7183943117038717,1078.2152010205675,-0.0,75.24741558260132,0.0,1002.9677854379662,1002.9677854379662,0.0,0.0
6683,2019-10-06 11:00:00,10,2019-10-06 12:00:00,0.10531,0.10531,0.10531,0.12,0.6161559753144679,1048.2100946441626,-0.0,45.24230920619642,0.0,1002.9677854379662,1002.9677854379662,0.0,0.0
6684,2019-10-06 12:00:00,10,2019-10-06 13:00:00,0.10531,0.10531,0.10531,0.12,0.5546854465017006,1101.495909042097,-0.0,98.5281236041308,0.0,1002.9677854379663,1002.9677854379663,0.0,0.0
6685,2019-10-06 13:00:00,10,2019-10-06 14:00:00,0.10531,0.10531,0.10531,0.12,0.4208157133439142,1088.7133620734273,-0.0,85.74557663546108,0.0,1002.9677854379663,1002.9677854379663,0.0,0.0
6686,2019-10-06 14:00:00,10,2019-10-06 15:00:00,0.10531,0.10531,0.10531,0.12,0.3043135711761682,1083.606406050082,-0.0,80.63862061211563,0.0,1002.9677854379663,1002.9677854379663,0.0,0.0
6687,2019-10-06 15:00:00,10,2019-10-06 16:00:00,0.10531,0.10531,0.10531,0.12,0.19475022795318503,1115.7688810647176,-0.0,112.8010956267513,0.0,1002.9677854379663,1002.9677854379663,0.0,0.0
6688,2019-10-06 16:00:00,10,2019-10-06 17:00:00,0.13592,0.13592,0.13592,0.12,0.04148786976466421,1033.502857584759,-0.0,30.53507214679286,0.0,1002.9677854379663,1002.9677854379663,0.0,0.0
6689,2019-10-06 17:00:00,10,2019-10-06 18:00:00,0.13592,0.13592,0.13592,0.12,0.0,865.5112307385521,-0.0,0.0,0.0,865.5112307385521,865.5112307385521,0.0,0.0
6690,2019-10-06 18:00:00,10,2019-10-06 19:00:00,0.13592,0.13592,0.13592,0.12,0.0,847.6213981526085,-0.0,0.0,0.0,847.6213981526085,847.6213981526085,0.0,0.0
6691,2019-10-06 19:00:00,10,2019-10-06 20:00:00,0.13592,0.13592,0.13592,0.12,0.0,722.5668216730364,-0.0,0.0,0.0,722.5668216730364,722.5668216730364,0.0,0.0
6692,2019-10-06 20:00:00,10,2019-10-06 21:00:00,0.13592,0.13592,0.13592,0.12,0.0,695.7441028864686,-0.0,0.0,0.0,695.7441028864686,695.7441028864686,0.0,0.0
6693,2019-10-06 21:00:00,10,2019-10-06 22:00:00,0.10531,0.10531,0.10531,0.12,0.0,270.79122263709104,-0.0,0.0,0.0,270.79122263709104,270.79122263709104,0.0,0.0
6694,2019-10-06 22:00:00,10,2019-10-06 23:00:00,0.10531,0.10531,0.10531,0.12,0.0,232.5279121612879,-0.0,0.0,0.0,232.5279121612879,232.5279121612879,0.0,0.0
6695,2019-10-06 23:00:00,10,2019-10-07 00:00:00,0.10531,0.10531,0.10531,0.12,0.0,223.05431680443579,-0.0,0.0,0.0,223.05431680443579,223.05431680443579,0.0,0.0
6696,2019-10-07 00:00:00,10,2019-10-07 01:00:00,0.10531,0.10531,0.10531,0.12,0.0,184.4220777112014,-0.0,0.0,0.0,184.4220777112014,184.4220777112014,0.0,1.0
6697,2019-10-07 01:00:00,10,2019-10-07 02:00:00,0.10531,0.10531,0.10531,0.12,1.1321468701175716e-16,184.4220777445313,-0.0,0.0,0.0,184.4220777445313,184.4220777445313,0.0,0.0
6698,2019-10-07 02:00:00,10,2019-10-07 03:00:00,0.10531,0.10531,0.10531,0.12,1.1321468701175716e-16,184.42207772515346,-0.0,0.0,0.0,184.42207772515346,184.42207772515346,0.0,0.0
6699,2019-10-07 03:00:00,10,2019-10-07 04:00:00,0.10531,0.10531,0.10531,0.12,1.1321468701175716e-16,193.89567295101133,-0.0,0.0,0.0,193.89567295101133,193.89567295101133,0.0,1.0
6700,2019-10-07 04:00:00,10,2019-10-07 05:00:00,0.10531,0.10531,0.10531,0.12,1.4010206059593003e-16,212.84391603296862,-0.0,0.0,0.0,212.84391603296862,212.84391603296862,0.0,0.0
6701,2019-10-07 05:00:00,10,2019-10-07 06:00:00,0.10531,0.10531,0.10531,0.12,1.4010206059593003e-16,335.4043414195984,-0.0,0.0,0.0,335.4043414195984,335.4043414195984,0.0,1.0
6702,2019-10-07 06:00:00,10,2019-10-07 07:00:00,0.10531,0.10531,0.10531,0.12,1.4010206059593003e-16,409.64763921094914,-373.1633163592793,1.2612133559741778e-13,0.0,782.8109555702282,782.8109555702282,0.0,1.0
6703,2019-10-07 07:00:00,10,2019-10-07 08:00:00,0.10531,0.10531,0.10531,0.12,0.42913781381317123,706.6192383776845,-0.0,-1.3073986337985843e-12,0.0,706.6192383776859,706.6192383776859,0.0,0.0
6704,2019-10-07 08:00:00,10,2019-10-07 09:00:00,0.10531,0.10531,0.10531,0.12,0.429137813813173,762.8754152282845,-0.0,0.0,0.0,762.8754152282845,762.8754152282845,0.0,0.0
6705,2019-10-07 09:00:00,10,2019-10-07 10:00:00,0.10531,0.10531,0.10531,0.12,0.429137813813173,741.8783026676203,-40.93265290260808,1.2434497875801753e-13,0.0,782.8109555702282,782.8109555702282,0.0,1.0
6706,2019-10-07 10:00:00,10,2019-10-07 11:00:00,0.10531,0.10531,0.10531,0.12,0.47621036465117217,749.1816653302573,-33.62929023997128,1.8118839761882555e-13,0.0,782.8109555702282,782.8109555702282,0.0,1.0
6707,2019-10-07 11:00:00,10,2019-10-07 12:00:00,0.10531,0.10531,0.10531,0.12,0.5148840484271389,759.5357260674448,-0.0,0.0,0.0,759.5357260674448,759.5357260674448,0.0,0.0
6708,2019-10-07 12:00:00,10,2019-10-07 13:00:00,0.10531,0.10531,0.10531,0.12,0.5148840484271389,769.064695332723,-13.746260237505012,4.263256414560601e-14,0.0,782.810955570228,782.810955570228,0.0,1.0
6709,2019-10-07 13:00:00,10,2019-10-07 14:00:00,0.10531,0.10531,0.10531,0.12,0.5306922477002696,581.0861912930056,-201.72476427722233,0.0,0.0,782.810955570228,782.810955570228,0.0,1.0
6710,2019-10-07 14:00:00,10,2019-10-07 15:00:00,0.10531,0.10531,0.10531,0.12,0.7626757266190752,576.4420221955107,-206.36893337471722,0.0,0.0,782.810955570228,782.810955570228,0.0,1.0
6711,2019-10-07 15:00:00,10,2019-10-07 16:00:00,0.10531,0.10531,0.10531,0.12,1.0,602.5565589879246,0.0,0.0,0.0,602.5565589879246,602.5565589879246,0.0,0.0
6712,2019-10-07 16:00:00,10,2019-10-07 17:00:00,0.13592,0.13592,0.13592,0.12,1.0,570.8163403046667,-0.0,0.0,0.0,570.8163403046667,570.8163403046667,0.0,0.0
6713,2019-10-07 17:00:00,10,2019-10-07 18:00:00,0.13592,0.13592,0.13592,0.12,1.0,243.19587842790304,-0.0,243.19587842790304,0.0,0.0,0.0,0.0,0.0
6714,2019-10-07 18:00:00,10,2019-10-07 19:00:00,0.13592,0.13592,0.13592,0.12,0.6695708173533927,250.73794656321857,-0.0,250.7379465632185,0.0,0.0,0.0,0.0,0.0
6715,2019-10-07 19:00:00,10,2019-10-07 20:00:00,0.13592,0.13592,0.13592,0.12,0.3288942595229327,250.7379461795372,-0.0,242.06617500887853,0.0,8.671771170658673,8.671771170658673,0.0,0.0
6716,2019-10-07 20:00:00,10,2019-10-07 21:00:00,0.13592,0.13592,0.13592,0.12,0.0,231.79145806859378,-0.0,0.0,0.0,231.79145806859378,231.79145806859378,0.0,0.0
6717,2019-10-07 21:00:00,10,2019-10-07 22:00:00,0.10531,0.10531,0.10531,0.12,0.0,212.84286356550103,-0.0,0.0,0.0,212.84286356550103,212.84286356550103,0.0,0.0
6718,2019-10-07 22:00:00,10,2019-10-07 23:00:00,0.10531,0.10531,0.10531,0.12,0.0,193.89567291225563,-0.0,0.0,0.0,193.89567291225563,193.89567291225563,0.0,0.0
6719,2019-10-07 23:00:00,10,2019-10-08 00:00:00,0.10531,0.10531,0.10531,0.12,0.0,184.4220775871832,-0.0,0.0,0.0,184.4220775871832,184.4220775871832,0.0,0.0
6720,2019-10-08 00:00:00,10,2019-10-08 01:00:00,0.10531,0.10531,0.10531,0.12,0.0,184.42172709618436,-0.0,0.0,0.0,184.42172709618436,184.42172709618436,0.0,0.0
6721,2019-10-08 01:00:00,10,2019-10-08 02:00:00,0.10531,0.10531,0.10531,0.12,0.0,184.4217274147562,-0.0,0.0,0.0,184.4217274147562,184.4217274147562,0.0,0.0
6722,2019-10-08 02:00:00,10,2019-10-08 03:00:00,0.10531,0.10531,0.10531,0.12,0.0,184.42172755815224,-0.0,0.0,0.0,184.42172755815224,184.42172755815224,0.0,0.0
6723,2019-10-08 03:00:00,10,2019-10-08 04:00:00,0.10531,0.10531,0.10531,0.12,0.0,193.89532278013453,-0.0,0.0,0.0,193.89532278013453,193.89532278013453,0.0,0.0
6724,2019-10-08 04:00:00,10,2019-10-08 05:00:00,0.10531,0.10531,0.10531,0.12,0.0,212.8435662403474,-0.0,0.0,0.0,212.8435662403474,212.8435662403474,0.0,0.0
6725,2019-10-08 05:00:00,10,2019-10-08 06:00:00,0.10531,0.10531,0.10531,0.12,0.0,250.7368944902839,-0.0,0.0,0.0,250.7368944902839,250.7368944902839,0.0,0.0
6726,2019-10-08 06:00:00,10,2019-10-08 07:00:00,0.10531,0.10531,0.10531,0.12,0.0,236.57251130553894,-0.0,0.0,0.0,236.57251130553894,236.57251130553894,0.0,0.0
6727,2019-10-08 07:00:00,10,2019-10-08 08:00:00,0.10531,0.10531,0.10531,0.12,0.0,229.95019635919957,-267.1231108461145,0.0,0.0,497.0733072053141,497.0733072053141,0.0,1.0
6728,2019-10-08 08:00:00,10,2019-10-08 09:00:00,0.10531,0.10531,0.10531,0.12,0.3071915774730317,201.5294108219216,0.0,0.0,0.0,201.5294108219216,201.5294108219216,0.0,0.0
6729,2019-10-08 09:00:00,10,2019-10-08 10:00:00,0.10531,0.10531,0.10531,0.12,0.3071915774730317,163.63502984330407,-333.43827736201,0.0,0.0,497.0733072053141,497.0733072053141,0.0,1.0
6730,2019-10-08 10:00:00,10,2019-10-08 11:00:00,0.10531,0.10531,0.10531,0.12,0.6906455964393433,163.6357318112466,-0.0,0.0,0.0,163.6357318112466,163.6357318112466,0.0,0.0
6731,2019-10-08 11:00:00,10,2019-10-08 12:00:00,0.10531,0.10531,0.10531,0.12,0.6906455964393433,228.06947802213446,-269.0038291831796,0.0,0.0,497.0733072053141,497.0733072053141,0.0,1.0
6732,2019-10-08 12:00:00,10,2019-10-08 13:00:00,0.10531,0.10531,0.10531,0.12,1.0,470.8565065171821,-0.0,7.105427357601002e-14,0.0,470.85650651718197,470.85650651718197,0.0,1.0
6733,2019-10-08 13:00:00,10,2019-10-08 14:00:00,0.10531,0.10531,0.10531,0.12,1.0,423.3651032665528,-0.0,5.684341886080802e-14,0.0,423.3651032665527,423.3651032665527,0.0,1.0
6734,2019-10-08 14:00:00,10,2019-10-08 15:00:00,0.10531,0.10531,0.10531,0.12,0.9999999999999999,451.14295551403995,-0.0,2.842170943040401e-14,0.0,451.1429555140399,451.1429555140399,0.0,1.0
6735,2019-10-08 15:00:00,10,2019-10-08 16:00:00,0.10531,0.10531,0.10531,0.12,0.9999999999999999,432.8580339029531,-0.0,0.0,0.0,432.8580339029531,432.8580339029531,0.0,0.0
6736,2019-10-08 16:00:00,10,2019-10-08 17:00:00,0.13592,0.13592,0.13592,0.12,1.0,500.12074944693654,-0.0,400.00000000000045,0.0,100.12074944693609,100.12074944693609,0.0,0.0
6737,2019-10-08 17:00:00,10,2019-10-08 18:00:00,0.13592,0.13592,0.13592,0.12,0.4565217391304342,243.1948261650655,-0.0,85.26310545778298,0.0,157.93172070728252,157.93172070728252,0.0,0.0
6738,2019-10-08 18:00:00,10,2019-10-08 19:00:00,0.13592,0.13592,0.13592,0.12,0.34067512845409864,250.73689454221656,-0.0,250.73689454221662,0.0,-5.684341886080802e-14,-5.684341886080802e-14,0.0,0.0
6739,2019-10-08 19:00:00,10,2019-10-08 20:00:00,0.13592,0.13592,0.13592,0.12,0.0,250.7368943949449,-0.0,0.0,0.0,250.7368943949449,250.7368943949449,0.0,0.0
6740,2019-10-08 20:00:00,10,2019-10-08 21:00:00,0.13592,0.13592,0.13592,0.12,0.0,231.79075688274114,-0.0,0.0,0.0,231.79075688274114,231.79075688274114,0.0,0.0
6741,2019-10-08 21:00:00,10,2019-10-08 22:00:00,0.10531,0.10531,0.10531,0.12,0.0,212.84251328533315,-0.0,0.0,0.0,212.84251328533315,212.84251328533315,0.0,0.0
6742,2019-10-08 22:00:00,10,2019-10-08 23:00:00,0.10531,0.10531,0.10531,0.12,0.0,193.89532242203194,-0.0,0.0,0.0,193.89532242203194,193.89532242203194,0.0,0.0
6743,2019-10-08 23:00:00,10,2019-10-09 00:00:00,0.10531,0.10531,0.10531,0.12,0.0,184.42172705122778,-0.0,1.044682469625436e-13,1.2211730482230638e-13,184.42172705122766,184.42172705122755,0.0,1.0
6744,2019-10-09 00:00:00,10,2019-10-09 01:00:00,0.10531,0.10531,0.10531,0.12,0.0,184.42172799376624,-400.0,0.0,0.0,584.4217279937662,584.4217279937662,0.0,1.0
6745,2019-10-09 01:00:00,10,2019-10-09 02:00:00,0.10531,0.10531,0.10531,0.12,0.46,184.42172818444428,-0.0,0.0,0.0,184.42172818444428,184.42172818444428,0.0,0.0
6746,2019-10-09 02:00:00,10,2019-10-09 03:00:00,0.10531,0.10531,0.10531,0.12,0.46,184.42172802864636,-0.0,0.0,0.0,184.42172802864636,184.42172802864636,0.0,0.0
6747,2019-10-09 03:00:00,10,2019-10-09 04:00:00,0.10531,0.10531,0.10531,0.12,0.46,193.8953230118936,-0.0,0.0,0.0,193.8953230118936,193.8953230118936,0.0,1.0
6748,2019-10-09 04:00:00,10,2019-10-09 05:00:00,0.10531,0.10531,0.10531,0.12,0.46,212.8435676301266,-0.0,0.0,0.0,212.8435676301266,212.8435676301266,0.0,0.0
6749,2019-10-09 05:00:00,10,2019-10-09 06:00:00,0.10531,0.10531,0.10531,0.12,0.46,250.73689474839685,-0.0,0.0,0.0,250.73689474839685,250.73689474839685,0.0,0.0
6750,2019-10-09 06:00:00,10,2019-10-09 07:00:00,0.10531,0.10531,0.10531,0.12,0.46,236.57251164038817,-0.0,0.0,0.0,236.57251164038817,236.57251164038817,0.0,0.0
6751,2019-10-09 07:00:00,10,2019-10-09 08:00:00,0.10531,0.10531,0.10531,0.12,0.46,269.1288202553286,-0.0,0.0,0.0,269.1288202553286,269.1288202553286,0.0,0.0
6752,2019-10-09 08:00:00,10,2019-10-09 09:00:00,0.10531,0.10531,0.10531,0.12,0.46,432.5018804119143,-0.0,0.0,0.0,432.5018804119143,432.5018804119143,0.0,0.0
6753,2019-10-09 09:00:00,10,2019-10-09 10:00:00,0.10531,0.10531,0.10531,0.12,0.46,356.73926956800096,-0.0,0.0,0.0,356.73926956800096,356.73926956800096,0.0,0.0
6754,2019-10-09 10:00:00,10,2019-10-09 11:00:00,0.10531,0.10531,0.10531,0.12,0.46,434.1003977812855,-0.0,0.0,0.0,434.1003977812855,434.1003977812855,0.0,1.0
6755,2019-10-09 11:00:00,10,2019-10-09 12:00:00,0.10531,0.10531,0.10531,0.12,0.46,413.3037455608881,-0.0,0.0,0.0,413.3037455608881,413.3037455608881,0.0,1.0
6756,2019-10-09 12:00:00,10,2019-10-09 13:00:00,0.10531,0.10531,0.10531,0.12,0.46,448.68598035365807,-0.0,0.0,0.0,448.68598035365807,448.68598035365807,0.0,1.0
6757,2019-10-09 13:00:00,10,2019-10-09 14:00:00,0.10531,0.10531,0.10531,0.12,0.46,412.48258837020586,-69.56521739130434,0.0,0.0,482.04780576151023,482.04780576151023,0.0,1.0
6758,2019-10-09 14:00:00,10,2019-10-09 15:00:00,0.10531,0.10531,0.10531,0.12,0.54,439.01814294648864,-0.0,0.0,0.0,439.01814294648864,439.01814294648864,0.0,1.0
6759,2019-10-09 15:00:00,10,2019-10-09 16:00:00,0.10531,0.10531,0.10531,0.12,0.54,363.0973112798289,-400.0,0.0,0.0,763.0973112798289,763.0973112798289,0.0,1.0
6760,2019-10-09 16:00:00,10,2019-10-09 17:00:00,0.13592,0.13592,0.13592,0.12,1.0,389.3123563005321,-0.0,389.3123563005321,0.0,0.0,0.0,0.0,0.0
6761,2019-10-09 17:00:00,10,2019-10-09 18:00:00,0.13592,0.13592,0.13592,0.12,0.4710429941568858,249.81714164158277,-0.0,249.81714164158277,0.0,0.0,0.0,0.0,0.0
6762,2019-10-09 18:00:00,10,2019-10-09 19:00:00,0.13592,0.13592,0.13592,0.12,0.13161752996995268,250.7368950320885,-0.0,96.87050205788518,0.0,153.86639297420334,153.86639297420334,0.0,0.0
6763,2019-10-09 19:00:00,10,2019-10-09 20:00:00,0.13592,0.13592,0.13592,0.12,0.0,250.73689468018682,-0.0,0.0,0.0,250.73689468018682,250.73689468018682,0.0,0.0
6764,2019-10-09 20:00:00,10,2019-10-09 21:00:00,0.13592,0.13592,0.13592,0.12,0.0,231.7907583911128,-0.0,0.0,0.0,231.7907583911128,231.7907583911128,0.0,0.0
6765,2019-10-09 21:00:00,10,2019-10-09 22:00:00,0.10531,0.10531,0.10531,0.12,0.0,212.84251359305335,-0.0,0.0,0.0,212.84251359305335,212.84251359305335,0.0,0.0
6766,2019-10-09 22:00:00,10,2019-10-09 23:00:00,0.10531,0.10531,0.10531,0.12,0.0,193.89532299251576,-32.34657768673559,0.0,0.0,226.24190067925136,226.24190067925136,0.0,1.0
6767,2019-10-09 23:00:00,10,2019-10-10 00:00:00,0.10531,0.10531,0.10531,0.12,0.03719856433974593,184.42172800694317,-0.0,0.0,0.0,184.42172800694317,184.42172800694317,0.0,1.0
6768,2019-10-10 00:00:00,10,2019-10-10 01:00:00,0.10531,0.10531,0.10531,0.12,0.03719856433974593,223.05431985993476,-0.0,0.0,0.0,223.05431985993476,223.05431985993476,0.0,0.0
6769,2019-10-10 01:00:00,10,2019-10-10 02:00:00,0.10531,0.10531,0.10531,0.12,0.03719856433974593,223.0543199072167,-0.0,0.0,0.0,223.0543199072167,223.0543199072167,0.0,0.0
6770,2019-10-10 02:00:00,10,2019-10-10 03:00:00,0.10531,0.10531,0.10531,0.12,0.03719856433974593,223.05431989791535,-0.0,0.0,0.0,223.05431989791535,223.05431989791535,0.0,0.0
6771,2019-10-10 03:00:00,10,2019-10-10 04:00:00,0.10531,0.10531,0.10531,0.12,0.03719856433974593,232.5279151400506,-0.0,0.0,0.0,232.5279151400506,232.5279151400506,0.0,0.0
6772,2019-10-10 04:00:00,10,2019-10-10 05:00:00,0.10531,0.10531,0.10531,0.12,0.03719856433974593,270.7922796095205,-400.0,0.0,0.0,670.7922796095205,670.7922796095205,0.0,1.0
6773,2019-10-10 05:00:00,10,2019-10-10 06:00:00,0.10531,0.10531,0.10531,0.12,0.4971985643397459,331.91949146714194,-400.0,0.0,0.0,731.9194914671419,731.9194914671419,0.0,1.0
6774,2019-10-10 06:00:00,10,2019-10-10 07:00:00,0.10531,0.10531,0.10531,0.12,0.957198564339746,402.71233668861015,-37.21863970456871,0.0,0.0,439.93097639317887,439.93097639317887,0.0,1.0
6775,2019-10-10 07:00:00,10,2019-10-10 08:00:00,0.10531,0.10531,0.10531,0.12,1.0,895.821559346543,0.0,0.0,0.0,895.821559346543,895.821559346543,0.0,0.0
6776,2019-10-10 08:00:00,10,2019-10-10 09:00:00,0.10531,0.10531,0.10531,0.12,1.0,964.0264200532313,0.0,0.0,0.0,964.0264200532313,964.0264200532313,0.0,0.0
6777,2019-10-10 09:00:00,10,2019-10-10 10:00:00,0.10531,0.10531,0.10531,0.12,1.0,996.2066292861159,-0.0,0.0,0.0,996.2066292861159,996.2066292861159,0.0,0.0
6778,2019-10-10 10:00:00,10,2019-10-10 11:00:00,0.10531,0.10531,0.10531,0.12,1.0,1030.3459287920193,-0.0,27.37814335405301,0.0,1002.9677854379663,1002.9677854379663,0.0,0.0
6779,2019-10-10 11:00:00,10,2019-10-10 12:00:00,0.10531,0.10531,0.10531,0.12,0.962801435660254,997.310668630856,-5.657116807110356,0.0,0.0,1002.9677854379663,1002.9677854379663,0.0,1.0
6780,2019-10-10 12:00:00,10,2019-10-10 13:00:00,0.10531,0.10531,0.10531,0.12,0.9693071199884309,1043.572042218411,-0.0,40.60425678044476,0.0,1002.9677854379663,1002.9677854379663,0.0,0.0
6781,2019-10-10 13:00:00,10,2019-10-10 14:00:00,0.10531,0.10531,0.10531,0.12,0.9141382928410874,1048.96195458274,-0.0,45.99416914477365,0.0,1002.9677854379663,1002.9677854379663,0.0,0.0
6782,2019-10-10 14:00:00,10,2019-10-10 15:00:00,0.10531,0.10531,0.10531,0.12,0.8516462151987321,1047.0759023149421,-0.0,44.10811687697583,0.0,1002.9677854379663,1002.9677854379663,0.0,0.0
6783,2019-10-10 15:00:00,10,2019-10-10 16:00:00,0.10531,0.10531,0.10531,0.12,0.7917167085724063,1078.5813431578217,-0.0,75.61355771985541,0.0,1002.9677854379663,1002.9677854379663,0.0,0.0
6784,2019-10-10 16:00:00,10,2019-10-10 17:00:00,0.13592,0.13592,0.13592,0.12,0.6889808964530375,977.3883447343306,-0.0,400.0,0.0,577.3883447343306,577.3883447343306,0.0,0.0
6785,2019-10-10 17:00:00,10,2019-10-10 18:00:00,0.13592,0.13592,0.13592,0.12,0.1455026355834724,775.2620131488444,-0.0,0.0,0.0,775.2620131488444,775.2620131488444,0.0,1.0
6786,2019-10-10 18:00:00,10,2019-10-10 19:00:00,0.13592,0.13592,0.13592,0.12,0.1455026355834724,695.7452390956907,-0.0,0.0,0.0,695.7452390956907,695.7452390956907,0.0,1.0
6787,2019-10-10 19:00:00,10,2019-10-10 20:00:00,0.13592,0.13592,0.13592,0.12,0.1455026355834724,547.5484545573825,-0.0,0.0,0.0,547.5484545573825,547.5484545573825,0.0,0.0
6788,2019-10-10 20:00:00,10,2019-10-10 21:00:00,0.13592,0.13592,0.13592,0.12,0.1455026355834724,509.8057852206202,-0.0,107.08993978943569,0.0,402.7158454311845,402.7158454311845,0.0,0.0
6789,2019-10-10 21:00:00,10,2019-10-10 22:00:00,0.10531,0.10531,0.10531,0.12,0.0,270.7912257328959,-0.0,0.0,0.0,270.7912257328959,270.7912257328959,0.0,0.0
6790,2019-10-10 22:00:00,10,2019-10-10 23:00:00,0.10531,0.10531,0.10531,0.12,0.0,232.5279151912081,-0.0,0.0,0.0,232.5279151912081,232.5279151912081,0.0,0.0
6791,2019-10-10 23:00:00,10,2019-10-11 00:00:00,0.10531,0.10531,0.10531,0.12,0.0,223.05431993899637,-0.0,0.0,0.0,223.05431993899637,223.05431993899637,0.0,0.0
6792,2019-10-11 00:00:00,10,2019-10-11 01:00:00,0.10531,0.10531,0.10531,0.12,0.0,223.054320725737,0.0,0.0,0.0,223.054320725737,223.054320725737,0.0,0.0
6793,2019-10-11 01:00:00,10,2019-10-11 02:00:00,0.10531,0.10531,0.10531,0.12,0.0,223.05432067070387,-0.0,0.0,0.0,223.05432067070387,223.05432067070387,0.0,0.0
6794,2019-10-11 02:00:00,10,2019-10-11 03:00:00,0.10531,0.10531,0.10531,0.12,0.0,223.05432067147902,-0.0,0.0,0.0,223.05432067147902,223.05432067147902,0.0,0.0
6795,2019-10-11 03:00:00,10,2019-10-11 04:00:00,0.10531,0.10531,0.10531,0.12,0.0,232.52791599732657,-0.0,0.0,0.0,232.52791599732657,232.52791599732657,0.0,0.0
6796,2019-10-11 04:00:00,10,2019-10-11 05:00:00,0.10531,0.10531,0.10531,0.12,0.0,270.7922807791674,-0.0,0.0,0.0,270.7922807791674,270.7922807791674,0.0,0.0
6797,2019-10-11 05:00:00,10,2019-10-11 06:00:00,0.10531,0.10531,0.10531,0.12,0.0,332.56136585059403,-368.77311545783704,0.0,0.0,701.3344813084311,701.3344813084311,0.0,1.0
6798,2019-10-11 06:00:00,10,2019-10-11 07:00:00,0.10531,0.10531,0.10531,0.12,0.42408908277651264,394.75490011647844,-400.0,0.0,0.0,794.7549001164784,794.7549001164784,0.0,1.0
6799,2019-10-11 07:00:00,10,2019-10-11 08:00:00,0.10531,0.10531,0.10531,0.12,0.8840890827765127,840.6840119257039,-0.0,0.0,0.0,840.6840119257039,840.6840119257039,0.0,0.0
6800,2019-10-11 08:00:00,10,2019-10-11 09:00:00,0.10531,0.10531,0.10531,0.12,0.8840890827765127,939.7763072335215,-63.19147820444482,0.0,0.0,1002.9677854379663,1002.9677854379663,0.0,1.0
6801,2019-10-11 09:00:00,10,2019-10-11 10:00:00,0.10531,0.10531,0.10531,0.12,0.9567592827116242,965.3671617089439,-37.60062372902246,0.0,0.0,1002.9677854379663,1002.9677854379663,0.0,1.0
6802,2019-10-11 10:00:00,10,2019-10-11 11:00:00,0.10531,0.10531,0.10531,0.12,1.0,1018.4910120134454,-0.0,15.523226575479043,0.0,1002.9677854379663,1002.9677854379663,0.0,0.0
6803,2019-10-11 11:00:00,10,2019-10-11 12:00:00,0.10531,0.10531,0.10531,0.12,0.9789086595441862,1001.30285622175,-1.6649292162163647,0.0,0.0,1002.9677854379663,1002.9677854379663,0.0,1.0
6804,2019-10-11 12:00:00,10,2019-10-11 13:00:00,0.10531,0.10531,0.10531,0.12,0.980823328142835,1056.4993183208724,-0.0,53.53153288290605,0.0,1002.9677854379663,1002.9677854379663,0.0,0.0
6805,2019-10-11 13:00:00,10,2019-10-11 14:00:00,0.10531,0.10531,0.10531,0.12,0.9080902671606258,1064.3299712107232,-0.0,61.3621857727569,0.0,1002.9677854379663,1002.9677854379663,0.0,0.0
6806,2019-10-11 14:00:00,10,2019-10-11 15:00:00,0.10531,0.10531,0.10531,0.12,0.824717732143293,1054.030661456258,-0.0,51.06287601829172,0.0,1002.9677854379663,1002.9677854379663,0.0,0.0
6807,2019-10-11 15:00:00,10,2019-10-11 16:00:00,0.10531,0.10531,0.10531,0.12,0.7553388245097444,1079.4878848863184,-0.0,76.52009944835208,0.0,1002.9677854379663,1002.9677854379663,0.0,0.0
6808,2019-10-11 16:00:00,10,2019-10-11 17:00:00,0.13592,0.13592,0.13592,0.12,0.6513712980853531,982.1170068499208,-0.0,0.0,0.0,982.1170068499208,982.1170068499208,0.0,1.0
6809,2019-10-11 17:00:00,10,2019-10-11 18:00:00,0.13592,0.13592,0.13592,0.12,0.6513712980853531,819.1501119610986,-0.0,400.0,0.0,419.15011196109856,419.15011196109856,0.0,0.0
6810,2019-10-11 18:00:00,10,2019-10-11 19:00:00,0.13592,0.13592,0.13592,0.12,0.1078930372157879,779.6259384861745,-0.0,0.0,0.0,779.6259384861745,779.6259384861745,0.0,1.0
6811,2019-10-11 19:00:00,10,2019-10-11 20:00:00,0.13592,0.13592,0.13592,0.12,0.1078930372157879,618.6312877972474,-0.0,79.4092753908199,0.0,539.2220124064274,539.2220124064274,0.0,0.0
6812,2019-10-11 20:00:00,10,2019-10-11 21:00:00,0.13592,0.13592,0.13592,0.12,0.0,583.6901740608132,-0.0,0.0,0.0,583.6901740608132,583.6901740608132,0.0,0.0
6813,2019-10-11 21:00:00,10,2019-10-11 22:00:00,0.10531,0.10531,0.10531,0.12,0.0,270.7912265157609,-63.57180776415996,0.0,0.0,334.3630342799209,334.3630342799209,0.0,1.0
6814,2019-10-11 22:00:00,10,2019-10-11 23:00:00,0.10531,0.10531,0.10531,0.12,0.07310757892878396,232.52791597329804,-0.0,0.0,0.0,232.52791597329804,232.52791597329804,0.0,0.0
6815,2019-10-11 23:00:00,10,2019-10-12 00:00:00,0.10531,0.10531,0.10531,0.12,0.07310757892878396,223.05432069938308,-0.0,0.0,0.0,223.05432069938308,223.05432069938308,0.0,0.0
6816,2019-10-12 00:00:00,10,2019-10-12 01:00:00,0.10531,0.10531,0.10531,0.12,0.07310757892878396,223.05432155045813,-0.0,0.0,0.0,223.05432155045813,223.05432155045813,0.0,0.0
6817,2019-10-12 01:00:00,10,2019-10-12 02:00:00,0.10531,0.10531,0.10531,0.12,0.07310757892878396,223.05432148302322,-0.0,0.0,0.0,223.05432148302322,223.05432148302322,0.0,0.0
6818,2019-10-12 02:00:00,10,2019-10-12 03:00:00,0.10531,0.10531,0.10531,0.12,0.07310757892878396,223.0543214535689,-0.0,0.0,0.0,223.0543214535689,223.0543214535689,0.0,0.0
6819,2019-10-12 03:00:00,10,2019-10-12 04:00:00,0.10531,0.10531,0.10531,0.12,0.07310757892878396,232.5279167553879,-0.0,0.0,0.0,232.5279167553879,232.5279167553879,0.0,0.0
6820,2019-10-12 04:00:00,10,2019-10-12 05:00:00,0.10531,0.10531,0.10531,0.12,0.07310757892878396,270.79228207283245,-400.0,0.0,0.0,670.7922820728324,670.7922820728324,0.0,1.0
6821,2019-10-12 05:00:00,10,2019-10-12 06:00:00,0.10531,0.10531,0.10531,0.12,0.533107578928784,400.3332720427591,-0.0,0.0,0.0,400.3332720427591,400.3332720427591,0.0,0.0
6822,2019-10-12 06:00:00,10,2019-10-12 07:00:00,0.10531,0.10531,0.10531,0.12,0.533107578928784,477.1528477053681,-400.0,0.0,0.0,877.1528477053681,877.1528477053681,0.0,1.0
6823,2019-10-12 07:00:00,10,2019-10-12 08:00:00,0.10531,0.10531,0.10531,0.12,0.993107578928784,948.0660060317924,-5.993409627144353,0.0,0.0,954.0594156589368,954.0594156589368,0.0,1.0
6824,2019-10-12 08:00:00,10,2019-10-12 09:00:00,0.10531,0.10531,0.10531,0.12,1.0,1004.9431377426432,-0.0,1.9753523046769033,0.0,1002.9677854379663,1002.9677854379663,0.0,0.0
6825,2019-10-12 09:00:00,10,2019-10-12 10:00:00,0.10531,0.10531,0.10531,0.12,0.9973160974121238,1020.3733770102098,-0.0,17.405591572243452,0.0,1002.9677854379663,1002.9677854379663,0.0,0.0
6826,2019-10-12 10:00:00,10,2019-10-12 11:00:00,0.10531,0.10531,0.10531,0.12,0.9736671958194018,1037.394019652631,-0.0,34.426234214664646,0.0,1002.9677854379663,1002.9677854379663,0.0,0.0
6827,2019-10-12 11:00:00,10,2019-10-12 12:00:00,0.10531,0.10531,0.10531,0.12,0.9268924210712162,1002.0761024361851,-0.891683001781189,0.0,0.0,1002.9677854379663,1002.9677854379663,0.0,1.0
6828,2019-10-12 12:00:00,10,2019-10-12 13:00:00,0.10531,0.10531,0.10531,0.12,0.9279178565232645,1048.9374256773747,-0.0,45.96964023940836,0.0,1002.9677854379663,1002.9677854379663,0.0,0.0
6829,2019-10-12 13:00:00,10,2019-10-12 14:00:00,0.10531,0.10531,0.10531,0.12,0.8654591061979815,1067.2775899693308,-0.0,64.30980453136453,0.0,1002.9677854379663,1002.9677854379663,0.0,0.0
6830,2019-10-12 14:00:00,10,2019-10-12 15:00:00,0.10531,0.10531,0.10531,0.12,0.7780816543890623,1074.1522845352376,-0.0,71.18449909727133,0.0,1002.9677854379663,1002.9677854379663,0.0,0.0
6831,2019-10-12 15:00:00,10,2019-10-12 16:00:00,0.10531,0.10531,0.10531,0.12,0.6813635849634219,1099.794724987112,-0.0,96.82693954914566,0.0,1002.9677854379663,1002.9677854379663,0.0,0.0
6832,2019-10-12 16:00:00,10,2019-10-12 17:00:00,0.13592,0.13592,0.13592,0.12,0.5498052431846913,1003.7857849561284,-0.0,400.0,0.0,603.7857849561284,603.7857849561284,0.0,0.0
6833,2019-10-12 17:00:00,10,2019-10-12 18:00:00,0.13592,0.13592,0.13592,0.12,0.006326982315126131,869.8727481303246,-0.0,0.0,0.0,869.8727481303246,869.8727481303246,0.0,1.0
6834,2019-10-12 18:00:00,10,2019-10-12 19:00:00,0.13592,0.13592,0.13592,0.12,0.006326982315126131,870.4691988268455,-0.0,-2.4513724383723458e-14,0.0,870.4691988268455,870.4691988268455,0.0,1.0
6835,2019-10-12 19:00:00,10,2019-10-12 20:00:00,0.13592,0.13592,0.13592,0.12,0.006326982315126164,751.2062258018594,-0.0,4.656658983932857,0.0,746.5495668179266,746.5495668179266,0.0,0.0
6836,2019-10-12 20:00:00,10,2019-10-12 21:00:00,0.13592,0.13592,0.13592,0.12,0.0,730.0106705929198,-0.0,0.0,0.0,730.0106705929198,730.0106705929198,0.0,0.0
6837,2019-10-12 21:00:00,10,2019-10-12 22:00:00,0.10531,0.10531,0.10531,0.12,0.0,270.79122726684625,-0.0,0.0,0.0,270.79122726684625,270.79122726684625,0.0,0.0
6838,2019-10-12 22:00:00,10,2019-10-12 23:00:00,0.10531,0.10531,0.10531,0.12,0.0,232.5279167367852,-0.0,0.0,0.0,232.5279167367852,232.5279167367852,0.0,0.0
6839,2019-10-12 23:00:00,10,2019-10-13 00:00:00,0.10531,0.10531,0.10531,0.12,0.0,223.0543214977504,-0.0,0.0,0.0,223.0543214977504,223.0543214977504,0.0,0.0
6840,2019-10-13 00:00:00,10,2019-10-13 01:00:00,0.10531,0.10531,0.10531,0.12,0.0,223.0543222891417,-0.0,0.0,0.0,223.0543222891417,223.0543222891417,0.0,0.0
6841,2019-10-13 01:00:00,10,2019-10-13 02:00:00,0.10531,0.10531,0.10531,0.12,0.0,223.05432225271133,-0.0,0.0,0.0,223.05432225271133,223.05432225271133,0.0,0.0
6842,2019-10-13 02:00:00,10,2019-10-13 03:00:00,0.10531,0.10531,0.10531,0.12,0.0,223.0543222627878,-69.56521739130434,0.0,0.0,292.61953965409214,292.61953965409214,0.0,1.0
6843,2019-10-13 03:00:00,10,2019-10-13 04:00:00,0.10531,0.10531,0.10531,0.12,0.08,232.5279175925109,-400.0,0.0,0.0,632.5279175925109,632.5279175925109,0.0,1.0
6844,2019-10-13 04:00:00,10,2019-10-13 05:00:00,0.10531,0.10531,0.10531,0.12,0.54,270.7922837718821,-400.0,0.0,0.0,670.7922837718821,670.7922837718821,0.0,1.0
6845,2019-10-13 05:00:00,10,2019-10-13 06:00:00,0.10531,0.10531,0.10531,0.12,1.0,633.7185676562015,0.0,0.0,0.0,633.7185676562015,633.7185676562015,0.0,0.0
6846,2019-10-13 06:00:00,10,2019-10-13 07:00:00,0.10531,0.10531,0.10531,0.12,1.0,699.2065825187782,0.0,0.0,0.0,699.2065825187782,699.2065825187782,0.0,0.0
6847,2019-10-13 07:00:00,10,2019-10-13 08:00:00,0.10531,0.10531,0.10531,0.12,1.0,1118.136750978614,-0.0,115.1689655406476,0.0,1002.9677854379663,1002.9677854379663,0.0,0.0
6848,2019-10-13 08:00:00,10,2019-10-13 09:00:00,0.10531,0.10531,0.10531,0.12,0.8435204272545549,1087.653493438589,-0.0,84.68570800062275,0.0,1002.9677854379663,1002.9677854379663,0.0,0.0
6849,2019-10-13 09:00:00,10,2019-10-13 10:00:00,0.10531,0.10531,0.10531,0.12,0.7284583239928392,1053.341690228132,-0.0,50.373904790165625,0.0,1002.9677854379663,1002.9677854379663,0.0,0.0
6850,2019-10-13 10:00:00,10,2019-10-13 11:00:00,0.10531,0.10531,0.10531,0.12,0.6600155185714185,1059.1533830248384,-0.0,56.18559758687206,0.0,1002.9677854379663,1002.9677854379663,0.0,0.0
6851,2019-10-13 11:00:00,10,2019-10-13 12:00:00,0.10531,0.10531,0.10531,0.12,0.5836763914153423,1021.9135405179004,-0.0,18.945755079934088,0.0,1002.9677854379663,1002.9677854379663,0.0,0.0
6852,2019-10-13 12:00:00,10,2019-10-13 13:00:00,0.10531,0.10531,0.10531,0.12,0.5579348763610841,1061.723601682771,-0.0,58.75581624480469,0.0,1002.9677854379663,1002.9677854379663,0.0,0.0
6853,2019-10-13 13:00:00,10,2019-10-13 14:00:00,0.10531,0.10531,0.10531,0.12,0.4781036042893386,1061.5967989412147,-0.0,58.629013503248416,0.0,1002.9677854379663,1002.9677854379663,0.0,0.0
6854,2019-10-13 14:00:00,10,2019-10-13 15:00:00,0.10531,0.10531,0.10531,0.12,0.39844461855122937,1056.9731328773,-0.0,54.00534743933372,0.0,1002.9677854379663,1002.9677854379663,0.0,0.0
6855,2019-10-13 15:00:00,10,2019-10-13 16:00:00,0.10531,0.10531,0.10531,0.12,0.32506778779126505,1087.4214664595793,-0.0,84.45368102161297,0.0,1002.9677854379663,1002.9677854379663,0.0,0.0
6856,2019-10-13 16:00:00,10,2019-10-13 17:00:00,0.13592,0.13592,0.13592,0.12,0.210320938577117,1000.1915087079457,-0.0,0.0,0.0,1000.1915087079457,1000.1915087079457,0.0,1.0
6857,2019-10-13 17:00:00,10,2019-10-13 18:00:00,0.13592,0.13592,0.13592,0.12,0.210320938577117,857.24071566026,-0.0,0.0,0.0,857.24071566026,857.24071566026,0.0,1.0
6858,2019-10-13 18:00:00,10,2019-10-13 19:00:00,0.13592,0.13592,0.13592,0.12,0.210320938577117,789.7607700730555,-0.0,0.0,0.0,789.7607700730555,789.7607700730555,0.0,1.0
6859,2019-10-13 19:00:00,10,2019-10-13 20:00:00,0.13592,0.13592,0.13592,0.12,0.210320938577117,627.7766059365161,-0.0,0.0,0.0,627.7766059365161,627.7766059365161,0.0,1.0
6860,2019-10-13 20:00:00,10,2019-10-13 21:00:00,0.13592,0.13592,0.13592,0.12,0.210320938577117,587.8153937510641,-0.0,154.79621079275813,0.0,433.019182958306,433.019182958306,0.0,0.0
6861,2019-10-13 21:00:00,10,2019-10-13 22:00:00,0.10531,0.10531,0.10531,0.12,0.0,270.7912279140663,-0.0,0.0,0.0,270.7912279140663,270.7912279140663,0.0,0.0
6862,2019-10-13 22:00:00,10,2019-10-13 23:00:00,0.10531,0.10531,0.10531,0.12,0.0,232.52791741578497,-0.0,0.0,0.0,232.52791741578497,232.52791741578497,0.0,0.0
6863,2019-10-13 23:00:00,10,2019-10-14 00:00:00,0.10531,0.10531,0.10531,0.12,0.0,223.0543221333438,-0.0,0.0,0.0,223.0543221333438,223.0543221333438,0.0,0.0
6864,2019-10-14 00:00:00,10,2019-10-14 01:00:00,0.10531,0.10531,0.10531,0.12,0.0,184.42208314319956,-0.0,0.0,0.0,184.42208314319956,184.42208314319956,0.0,1.0
6865,2019-10-14 01:00:00,10,2019-10-14 02:00:00,0.10531,0.10531,0.10531,0.12,0.0,184.42208320520868,-0.0,0.0,0.0,184.42208320520868,184.42208320520868,0.0,1.0
6866,2019-10-14 02:00:00,10,2019-10-14 03:00:00,0.10531,0.10531,0.10531,0.12,0.0,184.42208317420412,-0.0,0.0,0.0,184.42208317420412,184.42208317420412,0.0,1.0
6867,2019-10-14 03:00:00,10,2019-10-14 04:00:00,0.10531,0.10531,0.10531,0.12,0.0,193.8956784465688,-0.0,0.0,0.0,193.8956784465688,193.8956784465688,0.0,1.0
6868,2019-10-14 04:00:00,10,2019-10-14 05:00:00,0.10531,0.10531,0.10531,0.12,0.0,212.84392562500298,-0.0,0.0,0.0,212.84392562500298,212.84392562500298,0.0,0.0
6869,2019-10-14 05:00:00,10,2019-10-14 06:00:00,0.10531,0.10531,0.10531,0.12,0.0,378.84591045792035,-400.0,0.0,0.0,778.8459104579204,778.8459104579204,0.0,1.0
6870,2019-10-14 06:00:00,10,2019-10-14 07:00:00,0.10531,0.10531,0.10531,0.12,0.46,380.96599038761997,-400.0,0.0,0.0,780.96599038762,780.96599038762,0.0,1.0
6871,2019-10-14 07:00:00,10,2019-10-14 08:00:00,0.10531,0.10531,0.10531,0.12,0.92,614.552524979662,-0.0,0.0,0.0,614.552524979662,614.552524979662,0.0,1.0
6872,2019-10-14 08:00:00,10,2019-10-14 09:00:00,0.10531,0.10531,0.10531,0.12,0.92,633.521299362828,-5.684341886080802e-14,0.0,0.0,633.5212993628281,633.5212993628281,0.0,0.0
6873,2019-10-14 09:00:00,10,2019-10-14 10:00:00,0.10531,0.10531,0.10531,0.12,0.92,660.5469296834748,-0.0,0.0,0.0,660.5469296834748,660.5469296834748,0.0,0.0
6874,2019-10-14 10:00:00,10,2019-10-14 11:00:00,0.10531,0.10531,0.10531,0.12,0.92,723.2170057339325,-0.0,0.0,0.0,723.2170057339325,723.2170057339325,0.0,1.0
6875,2019-10-14 11:00:00,10,2019-10-14 12:00:00,0.10531,0.10531,0.10531,0.12,0.92,726.9923259628205,-0.0,0.0,0.0,726.9923259628205,726.9923259628205,0.0,1.0
6876,2019-10-14 12:00:00,10,2019-10-14 13:00:00,0.10531,0.10531,0.10531,0.12,0.92,727.8305296046705,-69.56521739130417,0.0,0.0,797.3957469959746,797.3957469959746,0.0,1.0
6877,2019-10-14 13:00:00,10,2019-10-14 14:00:00,0.10531,0.10531,0.10531,0.12,0.9999999999999997,534.1852967444948,-0.0,5.684341886080802e-14,0.0,534.1852967444948,534.1852967444948,0.0,1.0
6878,2019-10-14 14:00:00,10,2019-10-14 15:00:00,0.10531,0.10531,0.10531,0.12,0.9999999999999999,533.812824122656,-0.0,-1.0422935382103099e-13,0.0,533.8128241226559,533.8128241226559,0.0,1.0
6879,2019-10-14 15:00:00,10,2019-10-14 16:00:00,0.10531,0.10531,0.10531,0.12,1.0,565.9886472697282,-0.0,0.0,0.0,565.9886472697282,565.9886472697282,0.0,0.0
6880,2019-10-14 16:00:00,10,2019-10-14 17:00:00,0.13592,0.13592,0.13592,0.12,1.0,524.528085598428,-0.0,0.0,0.0,524.528085598428,524.528085598428,0.0,0.0
6881,2019-10-14 17:00:00,10,2019-10-14 18:00:00,0.13592,0.13592,0.13592,0.12,1.0,249.81820052156755,-0.0,249.81820052156755,0.0,0.0,0.0,0.0,0.0
6882,2019-10-14 18:00:00,10,2019-10-14 19:00:00,0.13592,0.13592,0.13592,0.12,0.6605730971174354,250.73795462750348,-0.0,250.73795462750348,0.0,0.0,0.0,0.0,0.0
6883,2019-10-14 19:00:00,10,2019-10-14 20:00:00,0.13592,0.13592,0.13592,0.12,0.3198965283300666,250.73795425234835,-0.0,235.44384485092903,0.0,15.29410940141932,15.29410940141932,0.0,0.0
6884,2019-10-14 20:00:00,10,2019-10-14 21:00:00,0.13592,0.13592,0.13592,0.12,0.0,231.79146774821604,-0.0,0.0,0.0,231.79146774821604,231.79146774821604,0.0,0.0
6885,2019-10-14 21:00:00,10,2019-10-14 22:00:00,0.10531,0.10531,0.10531,0.12,0.0,212.84286910911553,-0.0,0.0,0.0,212.84286910911553,212.84286910911553,0.0,0.0
6886,2019-10-14 22:00:00,10,2019-10-14 23:00:00,0.10531,0.10531,0.10531,0.12,0.0,193.89567847524802,-0.0,0.0,0.0,193.89567847524802,193.89567847524802,0.0,0.0
6887,2019-10-14 23:00:00,10,2019-10-15 00:00:00,0.10531,0.10531,0.10531,0.12,0.0,184.42208316645298,-0.0,-1.8242776290696817e-14,7.097041351151875e-15,184.422083166453,184.422083166453,0.0,1.0
6888,2019-10-15 00:00:00,10,2019-10-15 01:00:00,0.10531,0.10531,0.10531,0.12,0.0,184.42173183213023,-0.0,0.0,0.0,184.42173183213023,184.42173183213023,0.0,1.0
6889,2019-10-15 01:00:00,10,2019-10-15 02:00:00,0.10531,0.10531,0.10531,0.12,0.0,184.421732007306,-0.0,0.0,0.0,184.421732007306,184.421732007306,0.0,0.0
6890,2019-10-15 02:00:00,10,2019-10-15 03:00:00,0.10531,0.10531,0.10531,0.12,0.0,184.42173202823403,-0.0,0.0,0.0,184.42173202823403,184.42173202823403,0.0,0.0
6891,2019-10-15 03:00:00,10,2019-10-15 04:00:00,0.10531,0.10531,0.10531,0.12,0.0,193.8953270068306,-0.0,0.0,0.0,193.8953270068306,193.8953270068306,0.0,1.0
6892,2019-10-15 04:00:00,10,2019-10-15 05:00:00,0.10531,0.10531,0.10531,0.12,0.0,212.8435741984417,-0.0,0.0,0.0,212.8435741984417,212.8435741984417,0.0,0.0
6893,2019-10-15 05:00:00,10,2019-10-15 06:00:00,0.10531,0.10531,0.10531,0.12,0.0,250.73689878208953,-0.0,0.0,0.0,250.73689878208953,250.73689878208953,0.0,0.0
6894,2019-10-15 06:00:00,10,2019-10-15 07:00:00,0.10531,0.10531,0.10531,0.12,0.0,243.1948302057342,-0.0,0.0,0.0,243.1948302057342,243.1948302057342,0.0,0.0
6895,2019-10-15 07:00:00,10,2019-10-15 08:00:00,0.10531,0.10531,0.10531,0.12,0.0,234.30750567859076,-349.5589241050886,0.0,0.0,583.8664297836793,583.8664297836793,0.0,1.0
6896,2019-10-15 08:00:00,10,2019-10-15 09:00:00,0.10531,0.10531,0.10531,0.12,0.4019927627208519,320.27535417276147,-0.0,0.0,0.0,320.27535417276147,320.27535417276147,0.0,0.0
6897,2019-10-15 09:00:00,10,2019-10-15 10:00:00,0.10531,0.10531,0.10531,0.12,0.4019927627208519,287.3334128740796,-0.0,0.0,0.0,287.3334128740796,287.3334128740796,0.0,0.0
6898,2019-10-15 10:00:00,10,2019-10-15 11:00:00,0.10531,0.10531,0.10531,0.12,0.4019927627208519,365.0019024108295,-0.0,0.0,0.0,365.0019024108295,365.0019024108295,0.0,0.0
6899,2019-10-15 11:00:00,10,2019-10-15 12:00:00,0.10531,0.10531,0.10531,0.12,0.4019927627208519,396.3696902617386,-187.49673952194075,0.0,0.0,583.8664297836793,583.8664297836793,0.0,1.0
6900,2019-10-15 12:00:00,10,2019-10-15 13:00:00,0.10531,0.10531,0.10531,0.12,0.6176140131710837,437.8098698598567,-332.50955376427504,0.0,0.0,770.3194236241318,770.3194236241318,0.0,1.0
6901,2019-10-15 13:00:00,10,2019-10-15 14:00:00,0.10531,0.10531,0.10531,0.12,1.0,397.4134359432267,-0.0,0.0,0.0,397.4134359432267,397.4134359432267,0.0,1.0
6902,2019-10-15 14:00:00,10,2019-10-15 15:00:00,0.10531,0.10531,0.10531,0.12,1.0,430.4368973416829,-0.0,0.0,0.0,430.4368973416829,430.4368973416829,0.0,0.0
6903,2019-10-15 15:00:00,10,2019-10-15 16:00:00,0.10531,0.10531,0.10531,0.12,1.0,424.207241991873,-0.0,0.0,0.0,424.207241991873,424.207241991873,0.0,0.0
6904,2019-10-15 16:00:00,10,2019-10-15 17:00:00,0.13592,0.13592,0.13592,0.12,1.0,253.38845729171197,-0.0,253.38845729171197,0.0,0.0,0.0,0.0,0.0
6905,2019-10-15 17:00:00,10,2019-10-15 18:00:00,0.13592,0.13592,0.13592,0.12,0.6557222047666957,256.4394600867862,-0.0,256.4394600867862,0.0,0.0,0.0,0.0,0.0
6906,2019-10-15 18:00:00,10,2019-10-15 19:00:00,0.13592,0.13592,0.13592,0.12,0.3072990253009536,250.73689894641367,-0.0,226.17208262150186,0.0,24.564816324911817,24.564816324911817,0.0,0.0
6907,2019-10-15 19:00:00,10,2019-10-15 20:00:00,0.13592,0.13592,0.13592,0.12,0.0,250.73689879991713,-0.0,0.0,0.0,250.73689879991713,250.73689879991713,0.0,0.0
6908,2019-10-15 20:00:00,10,2019-10-15 21:00:00,0.13592,0.13592,0.13592,0.12,0.0,231.79076472921906,-0.0,0.0,0.0,231.79076472921906,231.79076472921906,0.0,0.0
6909,2019-10-15 21:00:00,10,2019-10-15 22:00:00,0.10531,0.10531,0.10531,0.12,0.0,212.84251765542524,-0.0,0.0,0.0,212.84251765542524,212.84251765542524,0.0,0.0
6910,2019-10-15 22:00:00,10,2019-10-15 23:00:00,0.10531,0.10531,0.10531,0.12,0.0,193.89532683940598,-0.0,0.0,0.0,193.89532683940598,193.89532683940598,0.0,0.0
6911,2019-10-15 23:00:00,10,2019-10-16 00:00:00,0.10531,0.10531,0.10531,0.12,0.0,184.42173153681185,-0.0,0.0,0.0,184.42173153681185,184.42173153681185,0.0,0.0
6912,2019-10-16 00:00:00,10,2019-10-16 01:00:00,0.10531,0.10531,0.10531,0.12,0.0,223.05432459200503,-0.0,0.0,0.0,223.05432459200503,223.05432459200503,0.0,0.0
6913,2019-10-16 01:00:00,10,2019-10-16 02:00:00,0.10531,0.10531,0.10531,0.12,0.0,223.05432460208152,-0.0,0.0,0.0,223.05432460208152,223.05432460208152,0.0,0.0
6914,2019-10-16 02:00:00,10,2019-10-16 03:00:00,0.10531,0.10531,0.10531,0.12,0.0,223.05432464083722,-0.0,0.0,0.0,223.05432464083722,223.05432464083722,0.0,0.0
6915,2019-10-16 03:00:00,10,2019-10-16 04:00:00,0.10531,0.10531,0.10531,0.12,0.0,232.5279199860626,-0.0,0.0,0.0,232.5279199860626,232.5279199860626,0.0,0.0
6916,2019-10-16 04:00:00,10,2019-10-16 05:00:00,0.10531,0.10531,0.10531,0.12,0.0,270.79228773426433,-400.00000000000006,0.0,0.0,670.7922877342644,670.7922877342644,0.0,1.0
6917,2019-10-16 05:00:00,10,2019-10-16 06:00:00,0.10531,0.10531,0.10531,0.12,0.4600000000000001,528.9121527864185,-117.70394931640644,0.0,0.0,646.6161021028249,646.6161021028249,0.0,1.0
6918,2019-10-16 06:00:00,10,2019-10-16 07:00:00,0.10531,0.10531,0.10531,0.12,0.5953595417138675,651.1065173630685,-351.8612680748978,0.0,0.0,1002.9677854379663,1002.9677854379663,0.0,1.0
6919,2019-10-16 07:00:00,10,2019-10-16 08:00:00,0.10531,0.10531,0.10531,0.12,1.0,1068.8722813207323,-0.0,65.90449588276601,0.0,1002.9677854379663,1002.9677854379663,0.0,0.0
6920,2019-10-16 08:00:00,10,2019-10-16 09:00:00,0.10531,0.10531,0.10531,0.12,0.9104558479853722,1041.9884952762454,-0.0,39.02070983827912,0.0,1002.9677854379663,1002.9677854379663,0.0,0.0
6921,2019-10-16 09:00:00,10,2019-10-16 10:00:00,0.10531,0.10531,0.10531,0.12,0.8574385791833626,1007.0003506519035,-0.0,4.032565213937232,0.0,1002.9677854379663,1002.9677854379663,0.0,0.0
6922,2019-10-16 10:00:00,10,2019-10-16 11:00:00,0.10531,0.10531,0.10531,0.12,0.8519595503600783,1014.8220555960024,-0.0,11.854270158036115,0.0,1002.9677854379663,1002.9677854379663,0.0,0.0
6923,2019-10-16 11:00:00,10,2019-10-16 12:00:00,0.10531,0.10531,0.10531,0.12,0.8358532050366597,984.896293318895,-18.07149211907131,0.0,0.0,1002.9677854379663,1002.9677854379663,0.0,1.0
6924,2019-10-16 12:00:00,10,2019-10-16 13:00:00,0.10531,0.10531,0.10531,0.12,0.8566354209735917,1032.8923768617587,-0.0,29.924591423792435,0.0,1002.9677854379663,1002.9677854379663,0.0,0.0
6925,2019-10-16 13:00:00,10,2019-10-16 14:00:00,0.10531,0.10531,0.10531,0.12,0.8159770087130042,1044.8465160624194,-0.0,41.878730624453055,0.0,1002.9677854379663,1002.9677854379663,0.0,0.0
6926,2019-10-16 14:00:00,10,2019-10-16 15:00:00,0.10531,0.10531,0.10531,0.12,0.7590765594949973,1048.2610735126605,-0.0,45.293288074694146,0.0,1002.9677854379663,1002.9677854379663,0.0,0.0
6927,2019-10-16 15:00:00,10,2019-10-16 16:00:00,0.10531,0.10531,0.10531,0.12,0.6975367659152498,1080.9525781279071,-0.0,77.98479268994083,0.0,1002.9677854379663,1002.9677854379663,0.0,0.0
6928,2019-10-16 16:00:00,10,2019-10-16 17:00:00,0.13592,0.13592,0.13592,0.12,0.5915791671517432,981.0357673949956,-0.0,400.0,0.0,581.0357673949956,581.0357673949956,0.0,0.0
6929,2019-10-16 17:00:00,10,2019-10-16 18:00:00,0.13592,0.13592,0.13592,0.12,0.04810090628217807,838.1558803552697,-0.0,0.0,0.0,838.1558803552697,838.1558803552697,0.0,1.0
6930,2019-10-16 18:00:00,10,2019-10-16 19:00:00,0.13592,0.13592,0.13592,0.12,0.04810090628217807,824.491513373049,-0.0,0.0,0.0,824.491513373049,824.491513373049,0.0,1.0
6931,2019-10-16 19:00:00,10,2019-10-16 20:00:00,0.13592,0.13592,0.13592,0.12,0.04810090628217807,711.2228953121402,-0.0,35.402267023683066,0.0,675.8206282884571,675.8206282884571,0.0,0.0
6932,2019-10-16 20:00:00,10,2019-10-16 21:00:00,0.13592,0.13592,0.13592,0.12,0.0,695.2606957895016,-0.0,0.0,0.0,695.2606957895016,695.2606957895016,0.0,0.0
6933,2019-10-16 21:00:00,10,2019-10-16 22:00:00,0.10531,0.10531,0.10531,0.12,0.0,270.7912302099537,-67.66708926351372,0.0,0.0,338.45831947346744,338.45831947346744,0.0,1.0
6934,2019-10-16 22:00:00,10,2019-10-16 23:00:00,0.10531,0.10531,0.10531,0.12,0.07781715265304077,232.52791979693487,-0.0,0.0,0.0,232.52791979693487,232.52791979693487,0.0,0.0
6935,2019-10-16 23:00:00,10,2019-10-17 00:00:00,0.10531,0.10531,0.10531,0.12,0.07781715265304077,223.05432458270369,-0.0,0.0,0.0,223.05432458270369,223.05432458270369,0.0,0.0
6936,2019-10-17 00:00:00,10,2019-10-17 01:00:00,0.10531,0.10531,0.10531,0.12,0.07781715265304077,223.05432547408464,-0.0,0.0,0.0,223.05432547408464,223.05432547408464,0.0,0.0
6937,2019-10-17 01:00:00,10,2019-10-17 02:00:00,0.10531,0.10531,0.10531,0.12,0.07781715265304077,223.054325422152,-0.0,0.0,0.0,223.054325422152,223.054325422152,0.0,0.0
6938,2019-10-17 02:00:00,10,2019-10-17 03:00:00,0.10531,0.10531,0.10531,0.12,0.07781715265304077,223.0543254144009,-0.0,0.0,0.0,223.0543254144009,223.0543254144009,0.0,0.0
6939,2019-10-17 03:00:00,10,2019-10-17 04:00:00,0.10531,0.10531,0.10531,0.12,0.07781715265304077,232.52792072319593,-0.0,0.0,0.0,232.52792072319593,232.52792072319593,0.0,0.0
6940,2019-10-17 04:00:00,10,2019-10-17 05:00:00,0.10531,0.10531,0.10531,0.12,0.07781715265304077,270.7922884365175,-370.5832261096483,0.0,0.0,641.3755145461657,641.3755145461657,0.0,1.0
6941,2019-10-17 05:00:00,10,2019-10-17 06:00:00,0.10531,0.10531,0.10531,0.12,0.5039878626791363,332.7440791661803,-400.0,0.0,0.0,732.7440791661803,732.7440791661803,0.0,1.0
6942,2019-10-17 06:00:00,10,2019-10-17 07:00:00,0.10531,0.10531,0.10531,0.12,0.9639878626791364,409.2901841013842,-0.0,0.0,0.0,409.2901841013842,409.2901841013842,0.0,0.0
6943,2019-10-17 07:00:00,10,2019-10-17 08:00:00,0.10531,0.10531,0.10531,0.12,0.9639878626791364,971.652883419824,-31.314902018142334,0.0,0.0,1002.9677854379663,1002.9677854379663,0.0,1.0
6944,2019-10-17 08:00:00,10,2019-10-17 09:00:00,0.10531,0.10531,0.10531,0.12,1.0,1036.4163921285076,-0.0,33.44860669054128,0.0,1002.9677854379663,1002.9677854379663,0.0,0.0
6945,2019-10-17 09:00:00,10,2019-10-17 10:00:00,0.10531,0.10531,0.10531,0.12,0.9545535235182864,1006.1826055443453,-0.0,3.2148201063789656,0.0,1002.9677854379663,1002.9677854379663,0.0,0.0
6946,2019-10-17 10:00:00,10,2019-10-17 11:00:00,0.10531,0.10531,0.10531,0.12,0.950185561417228,1023.5777829936841,-0.0,20.60999755571777,0.0,1002.9677854379663,1002.9677854379663,0.0,0.0
6947,2019-10-17 11:00:00,10,2019-10-17 12:00:00,0.10531,0.10531,0.10531,0.12,0.9221828473469593,998.6288735634214,-4.3389118745449196,0.0,0.0,1002.9677854379663,1002.9677854379663,0.0,1.0
6948,2019-10-17 12:00:00,10,2019-10-17 13:00:00,0.10531,0.10531,0.10531,0.12,0.9271725960026859,1054.4247842050484,-0.0,51.45699876708204,0.0,1002.9677854379663,1002.9677854379663,0.0,0.0
6949,2019-10-17 13:00:00,10,2019-10-17 14:00:00,0.10531,0.10531,0.10531,0.12,0.8572581955039331,1068.8954913930668,-0.0,65.92770595510046,0.0,1002.9677854379663,1002.9677854379663,0.0,0.0
6950,2019-10-17 14:00:00,10,2019-10-17 15:00:00,0.10531,0.10531,0.10531,0.12,0.767682508064938,1071.3702214842906,-0.0,68.40243604632428,0.0,1002.9677854379663,1002.9677854379663,0.0,0.0
6951,2019-10-17 15:00:00,10,2019-10-17 16:00:00,0.10531,0.10531,0.10531,0.12,0.674744415610693,1088.5124119758989,-0.0,85.54462653793257,0.0,1002.9677854379663,1002.9677854379663,0.0,0.0
6952,2019-10-17 16:00:00,10,2019-10-17 17:00:00,0.13592,0.13592,0.13592,0.12,0.5585153034667628,973.852558394268,-0.0,400.0,0.0,573.852558394268,573.852558394268,0.0,0.0
6953,2019-10-17 17:00:00,10,2019-10-17 18:00:00,0.13592,0.13592,0.13592,0.12,0.015037042597197682,832.4133955090218,-0.0,0.0,0.0,832.4133955090218,832.4133955090218,0.0,1.0
6954,2019-10-17 18:00:00,10,2019-10-17 19:00:00,0.13592,0.13592,0.13592,0.12,0.015037042597197682,802.3690624401563,-0.0,0.0,0.0,802.3690624401563,802.3690624401563,0.0,1.0
6955,2019-10-17 19:00:00,10,2019-10-17 20:00:00,0.13592,0.13592,0.13592,0.12,0.015037042597197682,651.7237088112985,-0.0,11.067263351537495,0.0,640.656445459761,640.656445459761,0.0,0.0
6956,2019-10-17 20:00:00,10,2019-10-17 21:00:00,0.13592,0.13592,0.13592,0.12,0.0,556.0825195734344,-0.0,0.0,0.0,556.0825195734344,556.0825195734344,0.0,0.0
6957,2019-10-17 21:00:00,10,2019-10-17 22:00:00,0.10531,0.10531,0.10531,0.12,0.0,270.79123126488366,-0.0,0.0,0.0,270.79123126488366,270.79123126488366,0.0,0.0
6958,2019-10-17 22:00:00,10,2019-10-17 23:00:00,0.10531,0.10531,0.10531,0.12,0.0,232.52792076892766,-0.0,0.0,0.0,232.52792076892766,232.52792076892766,0.0,0.0
6959,2019-10-17 23:00:00,10,2019-10-18 00:00:00,0.10531,0.10531,0.10531,0.12,0.0,223.05432549113715,-0.0,0.0,0.0,223.05432549113715,223.05432549113715,0.0,0.0
6960,2019-10-18 00:00:00,10,2019-10-18 01:00:00,0.10531,0.10531,0.10531,0.12,0.0,223.0543263352362,-0.0,0.0,0.0,223.0543263352362,223.0543263352362,0.0,0.0
6961,2019-10-18 01:00:00,10,2019-10-18 02:00:00,0.10531,0.10531,0.10531,0.12,0.0,223.05432629648053,-0.0,0.0,0.0,223.05432629648053,223.05432629648053,0.0,0.0
6962,2019-10-18 02:00:00,10,2019-10-18 03:00:00,0.10531,0.10531,0.10531,0.12,0.0,223.05432625694968,-0.0,0.0,0.0,223.05432625694968,223.05432625694968,0.0,0.0
6963,2019-10-18 03:00:00,10,2019-10-18 04:00:00,0.10531,0.10531,0.10531,0.12,0.0,232.52792153939086,-0.0,0.0,0.0,232.52792153939086,232.52792153939086,0.0,0.0
6964,2019-10-18 04:00:00,10,2019-10-18 05:00:00,0.10531,0.10531,0.10531,0.12,0.0,270.7922903037669,-3.1974099367948097,0.0,0.0,273.9897002405617,273.9897002405617,0.0,1.0
6965,2019-10-18 05:00:00,10,2019-10-18 06:00:00,0.10531,0.10531,0.10531,0.12,0.0036770214273140313,333.18040012512165,-400.0,0.0,0.0,733.1804001251217,733.1804001251217,0.0,1.0
6966,2019-10-18 06:00:00,10,2019-10-18 07:00:00,0.10531,0.10531,0.10531,0.12,0.46367702142731404,401.3708850022205,-400.0,0.0,0.0,801.3708850022206,801.3708850022206,0.0,1.0
6967,2019-10-18 07:00:00,10,2019-10-18 08:00:00,0.10531,0.10531,0.10531,0.12,0.923677021427314,860.2325111979113,0.0,0.0,0.0,860.2325111979113,860.2325111979113,0.0,0.0
6968,2019-10-18 08:00:00,10,2019-10-18 09:00:00,0.10531,0.10531,0.10531,0.12,0.923677021427314,936.5999779834568,-66.36780745450949,0.0,0.0,1002.9677854379663,1002.9677854379663,0.0,1.0
6969,2019-10-18 09:00:00,10,2019-10-18 10:00:00,0.10531,0.10531,0.10531,0.12,1.0,967.1020606757749,0.0,0.0,0.0,967.1020606757749,967.1020606757749,0.0,0.0
6970,2019-10-18 10:00:00,10,2019-10-18 11:00:00,0.10531,0.10531,0.10531,0.12,1.0,1027.4055171198736,-0.0,24.43773168190728,0.0,1002.9677854379663,1002.9677854379663,0.0,0.0
6971,2019-10-18 11:00:00,10,2019-10-18 12:00:00,0.10531,0.10531,0.10531,0.12,0.9667965602147999,998.3532277323458,-4.614557705620541,0.0,0.0,1002.9677854379663,1002.9677854379663,0.0,1.0
6972,2019-10-18 12:00:00,10,2019-10-18 13:00:00,0.10531,0.10531,0.10531,0.12,0.9721033015762635,1055.9277102493124,-0.0,52.95992481134613,0.0,1002.9677854379663,1002.9677854379663,0.0,0.0
6973,2019-10-18 13:00:00,10,2019-10-18 14:00:00,0.10531,0.10531,0.10531,0.12,0.9001468819956301,1073.3070913581414,-0.0,70.3393059201751,0.0,1002.9677854379663,1002.9677854379663,0.0,0.0
6974,2019-10-18 14:00:00,10,2019-10-18 15:00:00,0.10531,0.10531,0.10531,0.12,0.8045771728649576,1070.7438167130163,-0.0,67.77603127504995,0.0,1002.9677854379663,1002.9677854379663,0.0,0.0
6975,2019-10-18 15:00:00,10,2019-10-18 16:00:00,0.10531,0.10531,0.10531,0.12,0.7124901738499441,1087.7791788147172,-0.0,84.81139337675086,0.0,1002.9677854379663,1002.9677854379663,0.0,0.0
6976,2019-10-18 16:00:00,10,2019-10-18 17:00:00,0.13592,0.13592,0.13592,0.12,0.5972573024141412,953.0760300713432,-0.0,400.0,0.0,553.0760300713432,553.0760300713432,0.0,0.0
6977,2019-10-18 17:00:00,10,2019-10-18 18:00:00,0.13592,0.13592,0.13592,0.12,0.053779041544576106,703.2175750415695,-0.0,0.0,0.0,703.2175750415695,703.2175750415695,0.0,1.0
6978,2019-10-18 18:00:00,10,2019-10-18 19:00:00,0.13592,0.13592,0.13592,0.12,0.053779041544576106,645.3405387248984,-0.0,0.0,0.0,645.3405387248984,645.3405387248984,0.0,1.0
6979,2019-10-18 19:00:00,10,2019-10-18 20:00:00,0.13592,0.13592,0.13592,0.12,0.053779041544576106,532.7961522895953,-0.0,39.58137457680802,0.0,493.2147777127873,493.2147777127873,0.0,0.0
6980,2019-10-18 20:00:00,10,2019-10-18 21:00:00,0.13592,0.13592,0.13592,0.12,0.0,484.24423408703717,-0.0,0.0,0.0,484.24423408703717,484.24423408703717,0.0,0.0
6981,2019-10-18 21:00:00,10,2019-10-18 22:00:00,0.10531,0.10531,0.10531,0.12,0.0,270.7912319694623,-100.80885423555416,0.0,0.0,371.60008620501645,371.60008620501645,0.0,1.0
6982,2019-10-18 22:00:00,10,2019-10-18 23:00:00,0.10531,0.10531,0.10531,0.12,0.1159301823708873,232.52792147970706,-0.0,0.0,0.0,232.52792147970706,232.52792147970706,0.0,0.0
6983,2019-10-18 23:00:00,10,2019-10-19 00:00:00,0.10531,0.10531,0.10531,0.12,0.1159301823708873,223.0543262693515,-0.0,0.0,0.0,223.0543262693515,223.0543262693515,0.0,0.0
6984,2019-10-19 00:00:00,10,2019-10-19 01:00:00,0.10531,0.10531,0.10531,0.12,0.1159301823708873,223.054327089422,-0.0,0.0,0.0,223.054327089422,223.054327089422,0.0,0.0
6985,2019-10-19 01:00:00,10,2019-10-19 02:00:00,0.10531,0.10531,0.10531,0.12,0.1159301823708873,223.05432708167086,-0.0,0.0,0.0,223.05432708167086,223.05432708167086,0.0,0.0
6986,2019-10-19 02:00:00,10,2019-10-19 03:00:00,0.10531,0.10531,0.10531,0.12,0.1159301823708873,223.05432710259893,-0.0,0.0,0.0,223.05432710259893,223.05432710259893,0.0,0.0
6987,2019-10-19 03:00:00,10,2019-10-19 04:00:00,0.10531,0.10531,0.10531,0.12,0.1159301823708873,232.5279224284465,-0.0,0.0,0.0,232.5279224284465,232.5279224284465,0.0,0.0
6988,2019-10-19 04:00:00,10,2019-10-19 05:00:00,0.10531,0.10531,0.10531,0.12,0.1159301823708873,270.79229176718195,-0.0,0.0,0.0,270.79229176718195,270.79229176718195,0.0,0.0
6989,2019-10-19 05:00:00,10,2019-10-19 06:00:00,0.10531,0.10531,0.10531,0.12,0.1159301823708873,332.91888460088495,-353.63145310371164,0.0,0.0,686.5503377045966,686.5503377045966,0.0,1.0
6990,2019-10-19 06:00:00,10,2019-10-19 07:00:00,0.10531,0.10531,0.10531,0.12,0.5226063534401557,401.36467000805544,-400.0,0.0,0.0,801.3646700080554,801.3646700080554,0.0,1.0
6991,2019-10-19 07:00:00,10,2019-10-19 08:00:00,0.10531,0.10531,0.10531,0.12,0.9826063534401557,886.7952987224983,-0.0,0.0,0.0,886.7952987224983,886.7952987224983,0.0,0.0
6992,2019-10-19 08:00:00,10,2019-10-19 09:00:00,0.10531,0.10531,0.10531,0.12,0.9826063534401557,987.8428753859278,-15.124910052038558,0.0,0.0,1002.9677854379663,1002.9677854379663,0.0,1.0
6993,2019-10-19 09:00:00,10,2019-10-19 10:00:00,0.10531,0.10531,0.10531,0.12,1.0,1030.07159162448,-0.0,27.103806186513793,0.0,1002.9677854379663,1002.9677854379663,0.0,0.0
6994,2019-10-19 10:00:00,10,2019-10-19 11:00:00,0.10531,0.10531,0.10531,0.12,0.9631741763770194,1046.1024115814016,-0.0,43.1346261434353,0.0,1002.9677854379663,1002.9677854379663,0.0,0.0
6995,2019-10-19 11:00:00,10,2019-10-19 12:00:00,0.10531,0.10531,0.10531,0.12,0.9045673473777867,1018.0539673329903,-0.0,15.08618189502397,0.0,1002.9677854379663,1002.9677854379663,0.0,0.0
6996,2019-10-19 12:00:00,10,2019-10-19 13:00:00,0.10531,0.10531,0.10531,0.12,0.8840698176291127,1071.2326566119182,-0.0,68.26487117395186,0.0,1002.9677854379663,1002.9677854379663,0.0,0.0
6997,2019-10-19 13:00:00,10,2019-10-19 14:00:00,0.10531,0.10531,0.10531,0.12,0.791318633968852,1072.6693325713327,-0.0,69.70154713336638,0.0,1002.9677854379663,1002.9677854379663,0.0,0.0
6998,2019-10-19 14:00:00,10,2019-10-19 15:00:00,0.10531,0.10531,0.10531,0.12,0.6966154449289522,1074.7097994937985,-0.0,71.74201405583221,0.0,1002.9677854379663,1002.9677854379663,0.0,0.0
6999,2019-10-19 15:00:00,10,2019-10-19 16:00:00,0.10531,0.10531,0.10531,0.12,0.5991398823530932,1118.0860396949333,-0.0,115.11825425696702,0.0,1002.9677854379663,1002.9677854379663,0.0,0.0
7000,2019-10-19 16:00:00,10,2019-10-19 17:00:00,0.13592,0.13592,0.13592,0.12,0.442729210808301,1012.9611928398851,-0.0,325.8486991549096,0.0,687.1124936849756,687.1124936849756,0.0,0.0
7001,2019-10-19 17:00:00,10,2019-10-19 18:00:00,0.13592,0.13592,0.13592,0.12,0.0,863.624655795956,-0.0,0.0,0.0,863.624655795956,863.624655795956,0.0,0.0
7002,2019-10-19 18:00:00,10,2019-10-19 19:00:00,0.13592,0.13592,0.13592,0.12,0.0,845.4904001601061,-0.0,0.0,0.0,845.4904001601061,845.4904001601061,0.0,0.0
7003,2019-10-19 19:00:00,10,2019-10-19 20:00:00,0.13592,0.13592,0.13592,0.12,0.0,728.2438035535365,-0.0,0.0,0.0,728.2438035535365,728.2438035535365,0.0,0.0
7004,2019-10-19 20:00:00,10,2019-10-19 21:00:00,0.13592,0.13592,0.13592,0.12,0.0,703.458510219266,-0.0,0.0,0.0,703.458510219266,703.458510219266,0.0,0.0
7005,2019-10-19 21:00:00,10,2019-10-19 22:00:00,0.10531,0.10531,0.10531,0.12,0.0,270.79123295928264,-0.0,0.0,0.0,270.79123295928264,270.79123295928264,0.0,0.0
7006,2019-10-19 22:00:00,10,2019-10-19 23:00:00,0.10531,0.10531,0.10531,0.12,0.0,232.52792242922158,-0.0,0.0,0.0,232.52792242922158,232.52792242922158,0.0,0.0
7007,2019-10-19 23:00:00,10,2019-10-20 00:00:00,0.10531,0.10531,0.10531,0.12,0.0,223.05432714988086,-0.0,0.0,0.0,223.05432714988086,223.05432714988086,0.0,0.0
7008,2019-10-20 00:00:00,10,2019-10-20 01:00:00,0.10531,0.10531,0.10531,0.12,0.0,223.05432802110892,-0.0,0.0,0.0,223.05432802110892,223.05432802110892,0.0,0.0
7009,2019-10-20 01:00:00,10,2019-10-20 02:00:00,0.10531,0.10531,0.10531,0.12,0.0,223.05432805211345,-0.0,0.0,0.0,223.05432805211345,223.05432805211345,0.0,0.0
7010,2019-10-20 02:00:00,10,2019-10-20 03:00:00,0.10531,0.10531,0.10531,0.12,0.0,223.0543279932048,-0.0,0.0,0.0,223.0543279932048,223.0543279932048,0.0,0.0
7011,2019-10-20 03:00:00,10,2019-10-20 04:00:00,0.10531,0.10531,0.10531,0.12,0.0,232.52792325859346,-0.0,0.0,0.0,232.52792325859346,232.52792325859346,0.0,0.0
7012,2019-10-20 04:00:00,10,2019-10-20 05:00:00,0.10531,0.10531,0.10531,0.12,0.0,270.7922930290673,-400.0,0.0,0.0,670.7922930290673,670.7922930290673,0.0,1.0
7013,2019-10-20 05:00:00,10,2019-10-20 06:00:00,0.10531,0.10531,0.10531,0.12,0.46,407.14098108955653,-400.0,0.0,0.0,807.1409810895566,807.1409810895566,0.0,1.0
7014,2019-10-20 06:00:00,10,2019-10-20 07:00:00,0.10531,0.10531,0.10531,0.12,0.92,495.88501609631425,-69.56521739130434,0.0,0.0,565.4502334876186,565.4502334876186,0.0,1.0
7015,2019-10-20 07:00:00,10,2019-10-20 08:00:00,0.10531,0.10531,0.10531,0.12,1.0,998.5235267029504,-0.0,0.0,0.0,998.5235267029504,998.5235267029504,0.0,0.0
7016,2019-10-20 08:00:00,10,2019-10-20 09:00:00,0.10531,0.10531,0.10531,0.12,1.0,1062.916044262648,-0.0,59.948258824681716,0.0,1002.9677854379663,1002.9677854379663,0.0,0.0
7017,2019-10-20 09:00:00,10,2019-10-20 10:00:00,0.10531,0.10531,0.10531,0.12,0.9185485613795086,1046.9963489658992,-0.0,44.028563527932874,0.0,1002.9677854379663,1002.9677854379663,0.0,0.0
7018,2019-10-20 10:00:00,10,2019-10-20 11:00:00,0.10531,0.10531,0.10531,0.12,0.8587271435426433,1069.662100253003,-0.0,66.6943148150367,0.0,1002.9677854379663,1002.9677854379663,0.0,0.0
7019,2019-10-20 11:00:00,10,2019-10-20 12:00:00,0.10531,0.10531,0.10531,0.12,0.7681098679787348,1030.8820845882065,-0.0,27.91429915024014,0.0,1002.9677854379663,1002.9677854379663,0.0,0.0
7020,2019-10-20 12:00:00,10,2019-10-20 13:00:00,0.10531,0.10531,0.10531,0.12,0.7301828310898216,1065.9518538829375,-0.0,62.98406844497117,0.0,1002.9677854379663,1002.9677854379663,0.0,0.0
7021,2019-10-20 13:00:00,10,2019-10-20 14:00:00,0.10531,0.10531,0.10531,0.12,0.6446066511374151,1065.1166263296243,-0.0,62.14884089165798,0.0,1002.9677854379663,1002.9677854379663,0.0,0.0
7022,2019-10-20 14:00:00,10,2019-10-20 15:00:00,0.10531,0.10531,0.10531,0.12,0.5601652912302711,1068.6595248512035,-0.0,65.6917394132372,0.0,1002.9677854379663,1002.9677854379663,0.0,0.0
7023,2019-10-20 15:00:00,10,2019-10-20 16:00:00,0.10531,0.10531,0.10531,0.12,0.4709102105057641,1108.8872455709572,-0.0,105.91946013299093,0.0,1002.9677854379663,1002.9677854379663,0.0,0.0
7024,2019-10-20 16:00:00,10,2019-10-20 17:00:00,0.13592,0.13592,0.13592,0.12,0.32699790054246125,1025.5924398715426,-0.0,240.67045479925147,0.0,784.9219850722911,784.9219850722911,0.0,0.0
7025,2019-10-20 17:00:00,10,2019-10-20 18:00:00,0.13592,0.13592,0.13592,0.12,0.0,872.8205447465652,-0.0,0.0,0.0,872.8205447465652,872.8205447465652,0.0,1.0
7026,2019-10-20 18:00:00,10,2019-10-20 19:00:00,0.13592,0.13592,0.13592,0.12,0.0,851.7936001388774,-0.0,0.0,0.0,851.7936001388774,851.7936001388774,0.0,1.0
7027,2019-10-20 19:00:00,10,2019-10-20 20:00:00,0.13592,0.13592,0.13592,0.12,0.0,731.05722858293,-0.0,0.0,0.0,731.05722858293,731.05722858293,0.0,0.0
7028,2019-10-20 20:00:00,10,2019-10-20 21:00:00,0.13592,0.13592,0.13592,0.12,0.0,703.407203581458,-0.0,0.0,0.0,703.407203581458,703.407203581458,0.0,0.0
7029,2019-10-20 21:00:00,10,2019-10-20 22:00:00,0.10531,0.10531,0.10531,0.12,0.0,270.7912337863292,-0.0,0.0,0.0,270.7912337863292,270.7912337863292,0.0,0.0
7030,2019-10-20 22:00:00,10,2019-10-20 23:00:00,0.10531,0.10531,0.10531,0.12,0.0,232.5279232593686,-0.0,0.0,0.0,232.5279232593686,232.5279232593686,0.0,0.0
7031,2019-10-20 23:00:00,10,2019-10-21 00:00:00,0.10531,0.10531,0.10531,0.12,0.0,223.05432797150164,-0.0,0.0,0.0,223.05432797150164,223.05432797150164,0.0,0.0
7032,2019-10-21 00:00:00,10,2019-10-21 01:00:00,0.10531,0.10531,0.10531,0.12,0.0,184.42208899530942,-0.0,0.0,0.0,184.42208899530942,184.42208899530942,0.0,1.0
7033,2019-10-21 01:00:00,10,2019-10-21 02:00:00,0.10531,0.10531,0.10531,0.12,4.278611676299128e-17,184.42208903173977,-0.0,0.0,0.0,184.42208903173977,184.42208903173977,0.0,1.0
7034,2019-10-21 02:00:00,10,2019-10-21 03:00:00,0.10531,0.10531,0.10531,0.12,2.764245426670795e-17,184.42208900693612,-0.0,0.0,0.0,184.42208900693612,184.42208900693612,0.0,1.0
7035,2019-10-21 03:00:00,10,2019-10-21 04:00:00,0.10531,0.10531,0.10531,0.12,2.764245426670795e-17,193.89568425527233,0.0,0.0,0.0,193.89568425527233,193.89568425527233,0.0,0.0
7036,2019-10-21 04:00:00,10,2019-10-21 05:00:00,0.10531,0.10531,0.10531,0.12,2.764245426670795e-17,212.84393459152045,-0.0,0.0,0.0,212.84393459152045,212.84393459152045,0.0,1.0
7037,2019-10-21 05:00:00,10,2019-10-21 06:00:00,0.10531,0.10531,0.10531,0.12,0.0,421.5176205310572,-400.00000000000006,5.684341886080802e-14,0.0,821.5176205310572,821.5176205310572,0.0,1.0
7038,2019-10-21 06:00:00,10,2019-10-21 07:00:00,0.10531,0.10531,0.10531,0.12,0.46,418.76982883924245,-93.57310652620333,0.0,0.0,512.3429353654458,512.3429353654458,0.0,1.0
7039,2019-10-21 07:00:00,10,2019-10-21 08:00:00,0.10531,0.10531,0.10531,0.12,0.5676090725051338,692.2191489343206,-0.0,0.0,0.0,692.2191489343206,692.2191489343206,0.0,0.0
7040,2019-10-21 08:00:00,10,2019-10-21 09:00:00,0.10531,0.10531,0.10531,0.12,0.5676090725051338,758.0051262242009,-63.512494306856325,-2.842170943040401e-14,0.0,821.5176205310572,821.5176205310572,0.0,1.0
7041,2019-10-21 09:00:00,10,2019-10-21 10:00:00,0.10531,0.10531,0.10531,0.12,0.6406484409580188,737.0335670958391,-84.48405343521816,-2.842170943040401e-14,0.0,821.5176205310572,821.5176205310572,0.0,1.0
7042,2019-10-21 10:00:00,10,2019-10-21 11:00:00,0.10531,0.10531,0.10531,0.12,0.7378051024085195,761.9027718267703,-0.0,5.684341886080802e-14,0.0,761.9027718267703,761.9027718267703,0.0,1.0
7043,2019-10-21 11:00:00,10,2019-10-21 12:00:00,0.10531,0.10531,0.10531,0.12,0.7378051024085195,786.0790784568867,-0.0,-1.1368683772161603e-12,0.0,786.0790784568883,786.0790784568883,0.0,1.0
7044,2019-10-21 12:00:00,10,2019-10-21 13:00:00,0.10531,0.10531,0.10531,0.12,0.7378051024085219,794.1247980044601,-0.0,-9.700899176324926e-14,0.0,794.12479800446,794.12479800446,0.0,1.0
7045,2019-10-21 13:00:00,10,2019-10-21 14:00:00,0.10531,0.10531,0.10531,0.12,0.737805102408522,593.5220574080332,-27.07820543641801,3.434289889507151e-14,0.0,620.6002628444512,620.6002628444512,0.0,1.0
7046,2019-10-21 14:00:00,10,2019-10-21 15:00:00,0.10531,0.10531,0.10531,0.12,0.7689450386604026,593.2074403178536,-200.91735768660635,2.842170943040401e-14,0.0,794.1247980044599,794.1247980044599,0.0,1.0
7047,2019-10-21 15:00:00,10,2019-10-21 16:00:00,0.10531,0.10531,0.10531,0.12,1.0,623.1261678318197,0.0,0.0,0.0,623.1261678318197,623.1261678318197,0.0,0.0
7048,2019-10-21 16:00:00,10,2019-10-21 17:00:00,0.13592,0.13592,0.13592,0.12,1.0,576.2077232104173,-0.0,0.0,0.0,576.2077232104173,576.2077232104173,0.0,0.0
7049,2019-10-21 17:00:00,10,2019-10-21 18:00:00,0.13592,0.13592,0.13592,0.12,1.0,256.4405235662968,-0.0,256.44052356629686,0.0,0.0,0.0,0.0,0.0
7050,2019-10-21 18:00:00,10,2019-10-21 19:00:00,0.13592,0.13592,0.13592,0.12,0.6515753755892706,250.73796258482264,-0.0,250.73796258482264,0.0,0.0,0.0,0.0,0.0
7051,2019-10-21 19:00:00,10,2019-10-21 20:00:00,0.13592,0.13592,0.13592,0.12,0.3108987959903268,250.7379620003868,-0.0,228.82151384888064,0.0,21.91644815150616,21.91644815150616,0.0,0.0
7052,2019-10-21 20:00:00,10,2019-10-21 21:00:00,0.13592,0.13592,0.13592,0.12,0.0,231.79147836960166,-0.0,0.0,0.0,231.79147836960166,231.79147836960166,0.0,0.0
7053,2019-10-21 21:00:00,10,2019-10-21 22:00:00,0.10531,0.10531,0.10531,0.12,0.0,212.84287487518776,-0.0,0.0,0.0,212.84287487518776,212.84287487518776,0.0,0.0
7054,2019-10-21 22:00:00,10,2019-10-21 23:00:00,0.10531,0.10531,0.10531,0.12,0.0,193.89568425527233,-0.0,0.0,0.0,193.89568425527233,193.89568425527233,0.0,1.0
7055,2019-10-21 23:00:00,10,2019-10-22 00:00:00,0.10531,0.10531,0.10531,0.12,0.0,184.42208891779802,-0.0,3.198700178688813e-14,4.8590541101109736e-14,184.422088917798,184.42208891779794,0.0,1.0
7056,2019-10-22 00:00:00,10,2019-10-22 01:00:00,0.10531,0.10531,0.10531,0.12,0.0,184.42173619059562,-0.0,0.0,0.0,184.42173619059562,184.42173619059562,0.0,0.0
7057,2019-10-22 01:00:00,10,2019-10-22 02:00:00,0.10531,0.10531,0.10531,0.12,0.0,184.4217363960008,-0.0,0.0,0.0,184.4217363960008,184.4217363960008,0.0,0.0
7058,2019-10-22 02:00:00,10,2019-10-22 03:00:00,0.10531,0.10531,0.10531,0.12,0.0,184.42173661458293,-0.0,0.0,0.0,184.42173661458293,184.42173661458293,0.0,0.0
7059,2019-10-22 03:00:00,10,2019-10-22 04:00:00,0.10531,0.10531,0.10531,0.12,0.0,193.89533190400016,-0.0,0.0,0.0,193.89533190400016,193.89533190400016,0.0,0.0
7060,2019-10-22 04:00:00,10,2019-10-22 05:00:00,0.10531,0.10531,0.10531,0.12,0.0,212.84358216196182,-0.0,0.0,0.0,212.84358216196182,212.84358216196182,0.0,0.0
7061,2019-10-22 05:00:00,10,2019-10-22 06:00:00,0.10531,0.10531,0.10531,0.12,0.0,250.7369036149246,-0.0,0.0,0.0,250.7369036149246,250.7369036149246,0.0,0.0
7062,2019-10-22 06:00:00,10,2019-10-22 07:00:00,0.10531,0.10531,0.10531,0.12,0.0,243.19483525327584,-0.0,0.0,0.0,243.19483525327584,243.19483525327584,0.0,0.0
7063,2019-10-22 07:00:00,10,2019-10-22 08:00:00,0.10531,0.10531,0.10531,0.12,0.0,229.95020558848069,-0.0,0.0,0.0,229.95020558848069,229.95020558848069,0.0,0.0
7064,2019-10-22 08:00:00,10,2019-10-22 09:00:00,0.10531,0.10531,0.10531,0.12,0.0,201.52941968767428,-0.0,0.0,0.0,201.52941968767428,201.52941968767428,0.0,0.0
7065,2019-10-22 09:00:00,10,2019-10-22 10:00:00,0.10531,0.10531,0.10531,0.12,0.0,163.635038812922,-0.0,0.0,0.0,163.635038812922,163.635038812922,0.0,0.0
7066,2019-10-22 10:00:00,10,2019-10-22 11:00:00,0.10531,0.10531,0.10531,0.12,0.0,163.63574548735608,-313.08205417342526,0.0,0.0,476.71779966078134,476.71779966078134,0.0,1.0
7067,2019-10-22 11:00:00,10,2019-10-22 12:00:00,0.10531,0.10531,0.10531,0.12,0.36004436229943904,163.6357455896711,-0.0,0.0,0.0,163.6357455896711,163.6357455896711,0.0,0.0
7068,2019-10-22 12:00:00,10,2019-10-22 13:00:00,0.10531,0.10531,0.10531,0.12,0.36004436229943904,163.63680569201054,-0.0,0.0,0.0,163.63680569201054,163.63680569201054,0.0,0.0
7069,2019-10-22 13:00:00,10,2019-10-22 14:00:00,0.10531,0.10531,0.10531,0.12,0.36004436229943904,163.63574523156848,-156.48316321787908,0.0,0.0,320.11890844944753,320.11890844944753,0.0,1.0
7070,2019-10-22 14:00:00,10,2019-10-22 15:00:00,0.10531,0.10531,0.10531,0.12,0.54,312.09680641876486,-0.0,0.0,0.0,312.09680641876486,312.09680641876486,0.0,0.0
7071,2019-10-22 15:00:00,10,2019-10-22 16:00:00,0.10531,0.10531,0.10531,0.12,0.54,233.31563041167337,-400.0,0.0,0.0,633.3156304116734,633.3156304116734,0.0,1.0
7072,2019-10-22 16:00:00,10,2019-10-22 17:00:00,0.13592,0.13592,0.13592,0.12,1.0,229.950205638088,-0.0,229.950205638088,0.0,0.0,0.0,0.0,0.0
7073,2019-10-22 17:00:00,10,2019-10-22 18:00:00,0.13592,0.13592,0.13592,0.12,0.6875676553830325,256.43946427782697,-0.0,256.43946427782697,0.0,0.0,0.0,0.0,0.0
7074,2019-10-22 18:00:00,10,2019-10-22 19:00:00,0.13592,0.13592,0.13592,0.12,0.33914447022294153,250.73690341572035,-0.0,249.610330084085,0.0,1.126573331635342,1.126573331635342,0.0,0.0
7075,2019-10-22 19:00:00,10,2019-10-22 20:00:00,0.13592,0.13592,0.13592,0.12,0.0,250.7369035668676,-0.0,0.0,0.0,250.7369035668676,250.7369035668676,0.0,0.0
7076,2019-10-22 20:00:00,10,2019-10-22 21:00:00,0.13592,0.13592,0.13592,0.12,0.0,231.79077276482474,-0.0,0.0,0.0,231.79077276482474,231.79077276482474,0.0,0.0
7077,2019-10-22 21:00:00,10,2019-10-22 22:00:00,0.10531,0.10531,0.10531,0.12,0.0,212.8425224045481,-0.0,0.0,0.0,212.8425224045481,212.8425224045481,0.0,0.0
7078,2019-10-22 22:00:00,10,2019-10-22 23:00:00,0.10531,0.10531,0.10531,0.12,0.0,193.89533195515764,-0.0,0.0,0.0,193.89533195515764,193.89533195515764,0.0,1.0
7079,2019-10-22 23:00:00,10,2019-10-23 00:00:00,0.10531,0.10531,0.10531,0.12,0.0,184.42173652777018,-0.0,0.0,0.0,184.42173652777018,184.42173652777018,0.0,1.0
7080,2019-10-23 00:00:00,10,2019-10-23 01:00:00,0.10531,0.10531,0.10531,0.12,0.0,223.0543305456548,0.0,0.0,0.0,223.0543305456548,223.0543305456548,0.0,0.0
7081,2019-10-23 01:00:00,10,2019-10-23 02:00:00,0.10531,0.10531,0.10531,0.12,0.0,223.05433047124393,-0.0,0.0,0.0,223.05433047124393,223.05433047124393,0.0,0.0
7082,2019-10-23 02:00:00,10,2019-10-23 03:00:00,0.10531,0.10531,0.10531,0.12,0.0,223.05433043713887,-0.0,0.0,0.0,223.05433043713887,223.05433043713887,0.0,0.0
7083,2019-10-23 03:00:00,10,2019-10-23 04:00:00,0.10531,0.10531,0.10531,0.12,0.0,232.52792571647964,-0.0,0.0,0.0,232.52792571647964,232.52792571647964,0.0,0.0
7084,2019-10-23 04:00:00,10,2019-10-23 05:00:00,0.10531,0.10531,0.10531,0.12,0.0,270.7922966511745,-0.0,0.0,0.0,270.7922966511745,270.7922966511745,0.0,0.0
7085,2019-10-23 05:00:00,10,2019-10-23 06:00:00,0.10531,0.10531,0.10531,0.12,0.0,340.6911978206155,-400.00000000000006,0.0,0.0,740.6911978206156,740.6911978206156,0.0,1.0
7086,2019-10-23 06:00:00,10,2019-10-23 07:00:00,0.10531,0.10531,0.10531,0.12,0.4600000000000001,401.42257917527047,0.0,0.0,0.0,401.42257917527047,401.42257917527047,0.0,0.0
7087,2019-10-23 07:00:00,10,2019-10-23 08:00:00,0.10531,0.10531,0.10531,0.12,0.4600000000000001,820.9918875996809,-165.1360166984629,0.0,0.0,986.1279042981438,986.1279042981438,0.0,1.0
7088,2019-10-23 08:00:00,10,2019-10-23 09:00:00,0.10531,0.10531,0.10531,0.12,0.6499064192032324,814.6214938736548,-188.3462915643115,0.0,0.0,1002.9677854379663,1002.9677854379663,0.0,1.0
7089,2019-10-23 09:00:00,10,2019-10-23 10:00:00,0.10531,0.10531,0.10531,0.12,0.8665046545021907,833.8189055031157,0.0,0.0,0.0,833.8189055031157,833.8189055031157,0.0,0.0
7090,2019-10-23 10:00:00,10,2019-10-23 11:00:00,0.10531,0.10531,0.10531,0.12,0.8665046545021907,886.8848763094365,-116.08290912852976,0.0,0.0,1002.9677854379663,1002.9677854379663,0.0,1.0
7091,2019-10-23 11:00:00,10,2019-10-23 12:00:00,0.10531,0.10531,0.10531,0.12,1.0,912.438068644283,0.0,0.0,0.0,912.438068644283,912.438068644283,0.0,0.0
7092,2019-10-23 12:00:00,10,2019-10-23 13:00:00,0.10531,0.10531,0.10531,0.12,1.0,988.1321929160824,-0.0,0.0,0.0,988.1321929160824,988.1321929160824,0.0,0.0
7093,2019-10-23 13:00:00,10,2019-10-23 14:00:00,0.10531,0.10531,0.10531,0.12,1.0,1032.521027292359,-0.0,29.55324185439258,0.0,1002.9677854379663,1002.9677854379663,0.0,0.0
7094,2019-10-23 14:00:00,10,2019-10-23 15:00:00,0.10531,0.10531,0.10531,0.12,0.9598461387847926,1035.8643735025412,-0.0,32.89658806457487,0.0,1002.9677854379663,1002.9677854379663,0.0,0.0
7095,2019-10-23 15:00:00,10,2019-10-23 16:00:00,0.10531,0.10531,0.10531,0.12,0.9151496876100985,1069.368240648466,-0.0,66.40045521049979,0.0,1002.9677854379663,1002.9677854379663,0.0,0.0
7096,2019-10-23 16:00:00,10,2019-10-23 17:00:00,0.13592,0.13592,0.13592,0.12,0.8249316778132239,976.4726832560883,-0.0,207.1497148705328,0.0,769.3229683855556,769.3229683855556,0.0,0.0
7097,2019-10-23 17:00:00,10,2019-10-23 18:00:00,0.13592,0.13592,0.13592,0.12,0.5434782608695652,793.9773500424317,-0.0,400.0,0.0,393.9773500424317,393.9773500424317,0.0,0.0
7098,2019-10-23 18:00:00,10,2019-10-23 19:00:00,0.13592,0.13592,0.13592,0.12,0.0,761.3184315197449,-0.0,0.0,0.0,761.3184315197449,761.3184315197449,0.0,1.0
7099,2019-10-23 19:00:00,10,2019-10-23 20:00:00,0.13592,0.13592,0.13592,0.12,0.0,638.1309838340301,-0.0,0.0,0.0,638.1309838340301,638.1309838340301,0.0,0.0
7100,2019-10-23 20:00:00,10,2019-10-23 21:00:00,0.13592,0.13592,0.13592,0.12,0.0,600.2216255886019,-0.0,0.0,0.0,600.2216255886019,600.2216255886019,0.0,0.0
7101,2019-10-23 21:00:00,10,2019-10-23 22:00:00,0.10531,0.10531,0.10531,0.12,0.0,270.7912363566069,-0.0,0.0,0.0,270.7912363566069,270.7912363566069,0.0,0.0
7102,2019-10-23 22:00:00,10,2019-10-23 23:00:00,0.10531,0.10531,0.10531,0.12,0.0,232.52792581181862,-0.0,0.0,0.0,232.52792581181862,232.52792581181862,0.0,0.0
7103,2019-10-23 23:00:00,10,2019-10-24 00:00:00,0.10531,0.10531,0.10531,0.12,0.0,223.0543305317028,-0.0,0.0,0.0,223.0543305317028,223.0543305317028,0.0,0.0
7104,2019-10-24 00:00:00,10,2019-10-24 01:00:00,0.10531,0.10531,0.10531,0.12,0.0,223.05433140913172,0.0,0.0,0.0,223.05433140913172,223.05433140913172,0.0,0.0
7105,2019-10-24 01:00:00,10,2019-10-24 02:00:00,0.10531,0.10531,0.10531,0.12,0.0,223.05433143316023,-0.0,0.0,0.0,223.05433143316023,223.05433143316023,0.0,0.0
7106,2019-10-24 02:00:00,10,2019-10-24 03:00:00,0.10531,0.10531,0.10531,0.12,0.0,223.0543313696009,-69.56521739130434,0.0,0.0,292.6195487609052,292.6195487609052,0.0,1.0
7107,2019-10-24 03:00:00,10,2019-10-24 04:00:00,0.10531,0.10531,0.10531,0.12,0.08,232.5279266249131,-0.0,0.0,0.0,232.5279266249131,232.5279266249131,0.0,0.0
7108,2019-10-24 04:00:00,10,2019-10-24 05:00:00,0.10531,0.10531,0.10531,0.12,0.08,270.7922980859103,-0.0,0.0,0.0,270.7922980859103,270.7922980859103,0.0,0.0
7109,2019-10-24 05:00:00,10,2019-10-24 06:00:00,0.10531,0.10531,0.10531,0.12,0.08,540.8199166408923,-400.0,0.0,0.0,940.8199166408923,940.8199166408923,0.0,1.0
7110,2019-10-24 06:00:00,10,2019-10-24 07:00:00,0.10531,0.10531,0.10531,0.12,0.54,578.4617438853342,-400.0,0.0,0.0,978.4617438853342,978.4617438853342,0.0,1.0
7111,2019-10-24 07:00:00,10,2019-10-24 08:00:00,0.10531,0.10531,0.10531,0.12,1.0,1000.3926125028074,-0.0,0.0,0.0,1000.3926125028074,1000.3926125028074,0.0,0.0
7112,2019-10-24 08:00:00,10,2019-10-24 09:00:00,0.10531,0.10531,0.10531,0.12,1.0,1030.7479642522012,-0.0,27.780178814234887,0.0,1002.9677854379663,1002.9677854379663,0.0,0.0
7113,2019-10-24 09:00:00,10,2019-10-24 10:00:00,0.10531,0.10531,0.10531,0.12,0.9622551918284852,1033.5705431185238,-0.0,30.602757680557488,0.0,1002.9677854379663,1002.9677854379663,0.0,0.0
7114,2019-10-24 10:00:00,10,2019-10-24 11:00:00,0.10531,0.10531,0.10531,0.12,0.9206753580233799,1044.772587389329,-0.0,41.804801951362606,0.0,1002.9677854379663,1002.9677854379663,0.0,0.0
7115,2019-10-24 11:00:00,10,2019-10-24 12:00:00,0.10531,0.10531,0.10531,0.12,0.8638753553720719,1006.159751621341,-0.0,3.1919661833746886,0.0,1002.9677854379663,1002.9677854379663,0.0,0.0
7116,2019-10-24 12:00:00,10,2019-10-24 13:00:00,0.10531,0.10531,0.10531,0.12,0.8595384447968347,1046.149230010592,-0.0,43.18144457262565,0.0,1002.9677854379663,1002.9677854379663,0.0,0.0
7117,2019-10-24 13:00:00,10,2019-10-24 14:00:00,0.10531,0.10531,0.10531,0.12,0.8008680038014194,1050.949564465992,-0.0,47.981779028025585,0.0,1002.9677854379663,1002.9677854379663,0.0,0.0
7118,2019-10-24 14:00:00,10,2019-10-24 15:00:00,0.10531,0.10531,0.10531,0.12,0.7356753692524716,1049.7124624669052,-0.0,46.744677028938895,0.0,1002.9677854379663,1002.9677854379663,0.0,0.0
7119,2019-10-24 15:00:00,10,2019-10-24 16:00:00,0.10531,0.10531,0.10531,0.12,0.6721635798109784,1088.5411952101172,-0.0,85.57340977215085,0.0,1002.9677854379663,1002.9677854379663,0.0,0.0
7120,2019-10-24 16:00:00,10,2019-10-24 17:00:00,0.13592,0.13592,0.13592,0.12,0.5558953600118605,1000.3510755213881,-0.0,0.0,0.0,1000.3510755213881,1000.3510755213881,0.0,1.0
7121,2019-10-24 17:00:00,10,2019-10-24 18:00:00,0.13592,0.13592,0.13592,0.12,0.5558953600118605,869.5641782748604,-0.0,400.0,0.0,469.5641782748604,469.5641782748604,0.0,0.0
7122,2019-10-24 18:00:00,10,2019-10-24 19:00:00,0.13592,0.13592,0.13592,0.12,0.012417099142295307,786.601397446985,-0.0,0.0,0.0,786.601397446985,786.601397446985,0.0,1.0
7123,2019-10-24 19:00:00,10,2019-10-24 20:00:00,0.13592,0.13592,0.13592,0.12,0.012417099142295307,630.6175216473334,-0.0,0.0,0.0,630.6175216473334,630.6175216473334,0.0,0.0
7124,2019-10-24 20:00:00,10,2019-10-24 21:00:00,0.13592,0.13592,0.13592,0.12,0.012417099142295307,607.0835015558534,-0.0,9.138984968729346,0.0,597.9445165871241,597.9445165871241,0.0,0.0
7125,2019-10-24 21:00:00,10,2019-10-24 22:00:00,0.10531,0.10531,0.10531,0.12,0.0,270.79123708521394,-0.0,0.0,0.0,270.79123708521394,270.79123708521394,0.0,0.0
7126,2019-10-24 22:00:00,10,2019-10-24 23:00:00,0.10531,0.10531,0.10531,0.12,0.0,232.52792661638682,-0.0,0.0,0.0,232.52792661638682,232.52792661638682,0.0,0.0
7127,2019-10-24 23:00:00,10,2019-10-25 00:00:00,0.10531,0.10531,0.10531,0.12,0.0,223.0543313471226,-0.0,0.0,0.0,223.0543313471226,223.0543313471226,0.0,0.0
7128,2019-10-25 00:00:00,10,2019-10-25 01:00:00,0.10531,0.10531,0.10531,0.12,0.0,223.05433221137457,-0.0,0.0,0.0,223.05433221137457,223.05433221137457,0.0,0.0
7129,2019-10-25 01:00:00,10,2019-10-25 02:00:00,0.10531,0.10531,0.10531,0.12,0.0,223.05433217571937,-0.0,0.0,0.0,223.05433217571937,223.05433217571937,0.0,0.0
7130,2019-10-25 02:00:00,10,2019-10-25 03:00:00,0.10531,0.10531,0.10531,0.12,0.0,223.05433213851384,-0.0,0.0,0.0,223.05433213851384,223.05433213851384,0.0,0.0
7131,2019-10-25 03:00:00,10,2019-10-25 04:00:00,0.10531,0.10531,0.10531,0.12,0.0,232.52792741242882,-18.384040574370452,0.0,0.0,250.91196798679928,250.91196798679928,0.0,1.0
7132,2019-10-25 04:00:00,10,2019-10-25 05:00:00,0.10531,0.10531,0.10531,0.12,0.021141646660526023,270.7922996252865,-0.0,0.0,0.0,270.7922996252865,270.7922996252865,0.0,0.0
7133,2019-10-25 05:00:00,10,2019-10-25 06:00:00,0.10531,0.10531,0.10531,0.12,0.021141646660526023,332.67532769501884,-400.0,0.0,0.0,732.6753276950188,732.6753276950188,0.0,1.0
7134,2019-10-25 06:00:00,10,2019-10-25 07:00:00,0.10531,0.10531,0.10531,0.12,0.481141646660526,415.9600074553948,-400.0,0.0,0.0,815.9600074553948,815.9600074553948,0.0,1.0
7135,2019-10-25 07:00:00,10,2019-10-25 08:00:00,0.10531,0.10531,0.10531,0.12,0.941141646660526,888.1237009293839,0.0,0.0,0.0,888.1237009293839,888.1237009293839,0.0,0.0
7136,2019-10-25 08:00:00,10,2019-10-25 09:00:00,0.10531,0.10531,0.10531,0.12,0.941141646660526,951.7866086210324,-51.181176816933885,0.0,0.0,1002.9677854379663,1002.9677854379663,0.0,1.0
7137,2019-10-25 09:00:00,10,2019-10-25 10:00:00,0.10531,0.10531,0.10531,0.12,1.0,1004.7361859460148,-0.0,1.768400508048444,0.0,1002.9677854379663,1002.9677854379663,0.0,0.0
7138,2019-10-25 10:00:00,10,2019-10-25 11:00:00,0.10531,0.10531,0.10531,0.12,0.9975972819184125,1031.019426979639,-0.0,28.05164154167278,0.0,1002.9677854379663,1002.9677854379663,0.0,0.0
7139,2019-10-25 11:00:00,10,2019-10-25 12:00:00,0.10531,0.10531,0.10531,0.12,0.9594836385194006,999.4598914654464,-3.5078939725199234,0.0,0.0,1002.9677854379663,1002.9677854379663,0.0,1.0
7140,2019-10-25 12:00:00,10,2019-10-25 13:00:00,0.10531,0.10531,0.10531,0.12,0.9635177165877985,1045.135681189681,-0.0,42.167895751714696,0.0,1002.9677854379663,1002.9677854379663,0.0,0.0
7141,2019-10-25 13:00:00,10,2019-10-25 14:00:00,0.10531,0.10531,0.10531,0.12,0.9062243799686209,1049.541069159506,-0.0,46.57328372153961,0.0,1002.9677854379663,1002.9677854379663,0.0,0.0
7142,2019-10-25 14:00:00,10,2019-10-25 15:00:00,0.10531,0.10531,0.10531,0.12,0.8429454618687029,1049.068000169627,-0.0,46.1002147316608,0.0,1002.9677854379663,1002.9677854379663,0.0,0.0
7143,2019-10-25 15:00:00,10,2019-10-25 16:00:00,0.10531,0.10531,0.10531,0.12,0.7803093005485117,1083.7957692258549,-0.0,80.82798378788857,0.0,1002.9677854379663,1002.9677854379663,0.0,0.0
7144,2019-10-25 16:00:00,10,2019-10-25 17:00:00,0.13592,0.13592,0.13592,0.12,0.670488670401924,985.0788605208622,-0.0,0.0,0.0,985.0788605208622,985.0788605208622,0.0,1.0
7145,2019-10-25 17:00:00,10,2019-10-25 18:00:00,0.13592,0.13592,0.13592,0.12,0.670488670401924,795.5114446253946,-0.0,400.0,0.0,395.5114446253946,395.5114446253946,0.0,0.0
7146,2019-10-25 18:00:00,10,2019-10-25 19:00:00,0.13592,0.13592,0.13592,0.12,0.12701040953235876,743.2982010590001,-0.0,0.0,0.0,743.2982010590001,743.2982010590001,0.0,1.0
7147,2019-10-25 19:00:00,10,2019-10-25 20:00:00,0.13592,0.13592,0.13592,0.12,0.12701040953235876,624.2917166183505,-0.0,93.47966141581604,0.0,530.8120552025345,530.8120552025345,0.0,0.0
7148,2019-10-25 20:00:00,10,2019-10-25 21:00:00,0.13592,0.13592,0.13592,0.12,0.0,604.1395664523728,-0.0,0.0,0.0,604.1395664523728,604.1395664523728,0.0,0.0
7149,2019-10-25 21:00:00,10,2019-10-25 22:00:00,0.10531,0.10531,0.10531,0.12,0.0,270.7912380688335,-82.60059409769096,0.0,0.0,353.3918321665244,353.3918321665244,0.0,1.0
7150,2019-10-25 22:00:00,10,2019-10-25 23:00:00,0.10531,0.10531,0.10531,0.12,0.0949906832123446,232.52792756125066,-0.0,0.0,0.0,232.52792756125066,232.52792756125066,0.0,0.0
7151,2019-10-25 23:00:00,10,2019-10-26 00:00:00,0.10531,0.10531,0.10531,0.12,0.0949906832123446,223.05433222532662,-0.0,0.0,0.0,223.05433222532662,223.05433222532662,0.0,0.0
7152,2019-10-26 00:00:00,10,2019-10-26 01:00:00,0.10531,0.10531,0.10531,0.12,0.0949906832123446,223.05433306399988,-0.0,0.0,0.0,223.05433306399988,223.05433306399988,0.0,0.0
7153,2019-10-26 01:00:00,10,2019-10-26 02:00:00,0.10531,0.10531,0.10531,0.12,0.0949906832123446,223.0543330616745,-0.0,0.0,0.0,223.0543330616745,223.0543330616745,0.0,0.0
7154,2019-10-26 02:00:00,10,2019-10-26 03:00:00,0.10531,0.10531,0.10531,0.12,0.0949906832123446,223.0543330756266,-0.0,0.0,0.0,223.0543330756266,223.0543330756266,0.0,0.0
7155,2019-10-26 03:00:00,10,2019-10-26 04:00:00,0.10531,0.10531,0.10531,0.12,0.0949906832123446,232.52792838597185,-0.0,0.0,0.0,232.52792838597185,232.52792838597185,0.0,0.0
7156,2019-10-26 04:00:00,10,2019-10-26 05:00:00,0.10531,0.10531,0.10531,0.12,0.0949906832123446,270.7923011832654,-0.0,0.0,0.0,270.7923011832654,270.7923011832654,0.0,0.0
7157,2019-10-26 05:00:00,10,2019-10-26 06:00:00,0.10531,0.10531,0.10531,0.12,0.0949906832123446,332.8764366955454,-376.3153125157849,0.0,0.0,709.1917492113303,709.1917492113303,0.0,1.0
7158,2019-10-26 06:00:00,10,2019-10-26 07:00:00,0.10531,0.10531,0.10531,0.12,0.5277532926054973,407.98618911085873,-400.0,0.0,0.0,807.9861891108587,807.9861891108587,0.0,1.0
7159,2019-10-26 07:00:00,10,2019-10-26 08:00:00,0.10531,0.10531,0.10531,0.12,0.9877532926054973,853.3907270608955,-0.0,0.0,0.0,853.3907270608955,853.3907270608955,0.0,0.0
7160,2019-10-26 08:00:00,10,2019-10-26 09:00:00,0.10531,0.10531,0.10531,0.12,0.9877532926054973,992.3184746601378,-10.649310777828532,0.0,0.0,1002.9677854379663,1002.9677854379663,0.0,1.0
7161,2019-10-26 09:00:00,10,2019-10-26 10:00:00,0.10531,0.10531,0.10531,0.12,1.0,1028.1933944461075,-0.0,25.22560900814119,0.0,1002.9677854379663,1002.9677854379663,0.0,0.0
7162,2019-10-26 10:00:00,10,2019-10-26 11:00:00,0.10531,0.10531,0.10531,0.12,0.9657260747171995,1040.6392731537192,-0.0,37.671487715752846,0.0,1002.9677854379663,1002.9677854379663,0.0,0.0
7163,2019-10-26 11:00:00,10,2019-10-26 12:00:00,0.10531,0.10531,0.10531,0.12,0.9145419881468831,1009.9838315583579,-0.0,7.016046120391593,0.0,1002.9677854379663,1002.9677854379663,0.0,0.0
7164,2019-10-26 12:00:00,10,2019-10-26 13:00:00,0.10531,0.10531,0.10531,0.12,0.9050093167876554,1062.742434300048,-0.0,59.774648862081676,0.0,1002.9677854379663,1002.9677854379663,0.0,0.0
7165,2019-10-26 13:00:00,10,2019-10-26 14:00:00,0.10531,0.10531,0.10531,0.12,0.8237937612685227,1080.3164244081865,-0.0,77.34863897022024,0.0,1002.9677854379663,1002.9677854379663,0.0,0.0
7166,2019-10-26 14:00:00,10,2019-10-26 15:00:00,0.10531,0.10531,0.10531,0.12,0.7187005017981147,1092.6304942934314,-0.0,89.6627088554651,0.0,1002.9677854379663,1002.9677854379663,0.0,0.0
7167,2019-10-26 15:00:00,10,2019-10-26 16:00:00,0.10531,0.10531,0.10531,0.12,0.5968761691140589,1125.4189396202553,-0.0,122.45115418228897,0.0,1002.9677854379663,1002.9677854379663,0.0,0.0
7168,2019-10-26 16:00:00,10,2019-10-26 17:00:00,0.13592,0.13592,0.13592,0.12,0.4305023183229054,1011.1468369714323,-0.0,316.8497062856584,0.0,694.2971306857739,694.2971306857739,0.0,0.0
7169,2019-10-26 17:00:00,10,2019-10-26 18:00:00,0.13592,0.13592,0.13592,0.12,0.0,872.4811460538159,-0.0,0.0,0.0,872.4811460538159,872.4811460538159,0.0,1.0
7170,2019-10-26 18:00:00,10,2019-10-26 19:00:00,0.13592,0.13592,0.13592,0.12,0.0,851.4111476055814,-0.0,0.0,0.0,851.4111476055814,851.4111476055814,0.0,1.0
7171,2019-10-26 19:00:00,10,2019-10-26 20:00:00,0.13592,0.13592,0.13592,0.12,0.0,727.9538699876658,-0.0,0.0,0.0,727.9538699876658,727.9538699876658,0.0,0.0
7172,2019-10-26 20:00:00,10,2019-10-26 21:00:00,0.13592,0.13592,0.13592,0.12,0.0,676.3938790007103,-0.0,0.0,0.0,676.3938790007103,676.3938790007103,0.0,0.0
7173,2019-10-26 21:00:00,10,2019-10-26 22:00:00,0.10531,0.10531,0.10531,0.12,0.0,270.7912387517088,-0.0,0.0,0.0,270.7912387517088,270.7912387517088,0.0,0.0
7174,2019-10-26 22:00:00,10,2019-10-26 23:00:00,0.10531,0.10531,0.10531,0.12,0.0,232.52792833093878,-0.0,0.0,0.0,232.52792833093878,232.52792833093878,0.0,0.0
7175,2019-10-26 23:00:00,10,2019-10-27 00:00:00,0.10531,0.10531,0.10531,0.12,0.0,223.0543330438469,-0.0,0.0,0.0,223.0543330438469,223.0543330438469,0.0,0.0
7176,2019-10-27 00:00:00,10,2019-10-27 01:00:00,0.10531,0.10531,0.10531,0.12,0.0,223.05433386701782,-0.0,0.0,0.0,223.05433386701782,223.05433386701782,0.0,0.0
7177,2019-10-27 01:00:00,10,2019-10-27 02:00:00,0.10531,0.10531,0.10531,0.12,0.0,223.0543338515156,-0.0,0.0,0.0,223.0543338515156,223.0543338515156,0.0,0.0
7178,2019-10-27 02:00:00,10,2019-10-27 03:00:00,0.10531,0.10531,0.10531,0.12,0.0,223.05433385384094,-0.0,0.0,0.0,223.05433385384094,223.05433385384094,0.0,0.0
7179,2019-10-27 03:00:00,10,2019-10-27 04:00:00,0.10531,0.10531,0.10531,0.12,0.0,232.52792915488484,-0.0,0.0,0.0,232.52792915488484,232.52792915488484,0.0,0.0
7180,2019-10-27 04:00:00,10,2019-10-27 05:00:00,0.10531,0.10531,0.10531,0.12,0.0,270.7923019374512,-394.08609753055356,0.0,0.0,664.8783994680048,664.8783994680048,0.0,1.0
7181,2019-10-27 05:00:00,10,2019-10-27 06:00:00,0.10531,0.10531,0.10531,0.12,0.45319901216013664,333.1872381031239,-0.0,0.0,0.0,333.1872381031239,333.1872381031239,0.0,0.0
7182,2019-10-27 06:00:00,10,2019-10-27 07:00:00,0.10531,0.10531,0.10531,0.12,0.45319901216013664,407.97159578508695,-400.0,0.0,0.0,807.971595785087,807.971595785087,0.0,1.0
7183,2019-10-27 07:00:00,10,2019-10-27 08:00:00,0.10531,0.10531,0.10531,0.12,0.9131990121601367,873.6306308297571,0.0,0.0,0.0,873.6306308297571,873.6306308297571,0.0,0.0
7184,2019-10-27 08:00:00,10,2019-10-27 09:00:00,0.10531,0.10531,0.10531,0.12,0.9131990121601367,906.3499163096903,0.0,0.0,0.0,906.3499163096903,906.3499163096903,0.0,0.0
7185,2019-10-27 09:00:00,10,2019-10-27 10:00:00,0.10531,0.10531,0.10531,0.12,0.9131990121601367,927.4886655772156,-75.47911986075076,0.0,0.0,1002.9677854379663,1002.9677854379663,0.0,1.0
7186,2019-10-27 10:00:00,10,2019-10-27 11:00:00,0.10531,0.10531,0.10531,0.12,1.0,1015.0541521879909,-0.0,12.086366750024581,0.0,1002.9677854379663,1002.9677854379663,0.0,0.0
7187,2019-10-27 11:00:00,10,2019-10-27 12:00:00,0.10531,0.10531,0.10531,0.12,0.9835783060461623,993.5736256977307,-9.394159740235636,0.0,0.0,1002.9677854379663,1002.9677854379663,0.0,1.0
7188,2019-10-27 12:00:00,10,2019-10-27 13:00:00,0.10531,0.10531,0.10531,0.12,0.9943815897474332,1034.1721805361472,-0.0,31.20439509818084,0.0,1002.9677854379663,1002.9677854379663,0.0,0.0
7189,2019-10-27 13:00:00,10,2019-10-27 14:00:00,0.10531,0.10531,0.10531,0.12,0.9519843137988179,1035.7431578594162,-0.0,32.7753724214499,0.0,1002.9677854379663,1002.9677854379663,0.0,0.0
7190,2019-10-27 14:00:00,10,2019-10-27 15:00:00,0.10531,0.10531,0.10531,0.12,0.907452557791413,1040.5487723131241,-0.0,37.580986875157805,0.0,1002.9677854379663,1002.9677854379663,0.0,0.0
7191,2019-10-27 15:00:00,10,2019-10-27 16:00:00,0.10531,0.10531,0.10531,0.12,0.8563914343197312,1075.6290375878152,-0.0,72.6612521498489,0.0,1002.9677854379663,1002.9677854379663,0.0,0.0
7192,2019-10-27 16:00:00,10,2019-10-27 17:00:00,0.13592,0.13592,0.13592,0.12,0.7576669069422192,977.3091588512805,-0.0,400.0,0.0,577.3091588512805,577.3091588512805,0.0,0.0
7193,2019-10-27 17:00:00,10,2019-10-27 18:00:00,0.13592,0.13592,0.13592,0.12,0.21418864607265406,820.6615003267601,-0.0,157.64284350947344,0.0,663.0186568172867,663.0186568172867,0.0,0.0
7194,2019-10-27 18:00:00,10,2019-10-27 19:00:00,0.13592,0.13592,0.13592,0.12,-7.105427357601002e-17,761.6014426023718,-0.0,-5.2295945351943376e-14,0.0,761.6014426023718,761.6014426023718,0.0,1.0
7195,2019-10-27 19:00:00,10,2019-10-27 20:00:00,0.13592,0.13592,0.13592,0.12,0.0,627.0862582518427,-0.0,0.0,0.0,627.0862582518427,627.0862582518427,0.0,0.0
7196,2019-10-27 20:00:00,10,2019-10-27 21:00:00,0.13592,0.13592,0.13592,0.12,0.0,605.324639496644,-0.0,0.0,0.0,605.324639496644,605.324639496644,0.0,0.0
7197,2019-10-27 21:00:00,10,2019-10-27 22:00:00,0.10531,0.10531,0.10531,0.12,0.0,270.79123967719477,-0.0,0.0,0.0,270.79123967719477,270.79123967719477,0.0,0.0
7198,2019-10-27 22:00:00,10,2019-10-27 23:00:00,0.10531,0.10531,0.10531,0.12,0.0,232.52792923549669,-0.0,0.0,0.0,232.52792923549669,232.52792923549669,0.0,0.0
7199,2019-10-27 23:00:00,10,2019-10-28 00:00:00,0.10531,0.10531,0.10531,0.12,0.0,223.0543338910464,-0.0,0.0,0.0,223.0543338910464,223.0543338910464,0.0,0.0
7200,2019-10-28 00:00:00,10,2019-10-28 01:00:00,0.10531,0.10531,0.10531,0.12,0.0,184.4220948691225,-0.0,0.0,0.0,184.4220948691225,184.4220948691225,0.0,1.0
7201,2019-10-28 01:00:00,10,2019-10-28 02:00:00,0.10531,0.10531,0.10531,0.12,1.514366338567262e-17,184.42209484896952,-0.0,0.0,0.0,184.42209484896952,184.42209484896952,0.0,1.0
7202,2019-10-28 02:00:00,10,2019-10-28 03:00:00,0.10531,0.10531,0.10531,0.12,-1.249879042800325e-17,184.4220948474193,-0.0,0.0,0.0,184.4220948474193,184.4220948474193,0.0,1.0
7203,2019-10-28 03:00:00,10,2019-10-28 04:00:00,0.10531,0.10531,0.10531,0.12,-1.249879042800325e-17,193.89569014381254,-400.0,0.0,0.0,593.8956901438125,593.8956901438125,0.0,1.0
7204,2019-10-28 04:00:00,10,2019-10-28 05:00:00,0.10531,0.10531,0.10531,0.12,0.46,212.8439437564671,-0.0,0.0,0.0,212.8439437564671,212.8439437564671,0.0,0.0
7205,2019-10-28 05:00:00,10,2019-10-28 06:00:00,0.10531,0.10531,0.10531,0.12,0.4600000000000007,436.41710295282286,-222.05695119297252,0.0,0.0,658.4740541457954,658.4740541457954,0.0,1.0
7206,2019-10-28 06:00:00,10,2019-10-28 07:00:00,0.10531,0.10531,0.10531,0.12,0.7153654938719192,430.455840484138,-228.01821366165734,0.0,0.0,658.4740541457953,658.4740541457953,0.0,1.0
7207,2019-10-28 07:00:00,10,2019-10-28 08:00:00,0.10531,0.10531,0.10531,0.12,0.9775864395828251,624.8481562257566,-0.0,0.0,0.0,624.8481562257566,624.8481562257566,0.0,0.0
7208,2019-10-28 08:00:00,10,2019-10-28 09:00:00,0.10531,0.10531,0.10531,0.12,0.9775864395828251,633.1387290726796,-0.0,-5.684341886080802e-14,0.0,633.1387290726796,633.1387290726796,0.0,1.0
7209,2019-10-28 09:00:00,10,2019-10-28 10:00:00,0.10531,0.10531,0.10531,0.12,0.9775864395828251,611.3698031266107,-0.0,0.0,0.0,611.3698031266108,611.3698031266108,0.0,1.0
7210,2019-10-28 10:00:00,10,2019-10-28 11:00:00,0.10531,0.10531,0.10531,0.12,0.9775864395828252,638.9840016091209,-19.490052536674565,-7.471819999003885e-14,0.0,658.4740541457953,658.4740541457953,0.0,1.0
7211,2019-10-28 11:00:00,10,2019-10-28 12:00:00,0.10531,0.10531,0.10531,0.12,1.0000000000000007,638.7414385411076,-0.0,-5.684341886080802e-14,0.0,638.7414385411078,638.7414385411078,0.0,1.0
7212,2019-10-28 12:00:00,10,2019-10-28 13:00:00,0.10531,0.10531,0.10531,0.12,1.0,616.7821393381264,-0.0,-3.4695912617055156e-13,0.0,616.7821393381264,616.7821393381264,0.0,1.0
7213,2019-10-28 13:00:00,10,2019-10-28 14:00:00,0.10531,0.10531,0.10531,0.12,1.0000000000000007,448.2254409085126,-0.0,2.8421709430404007e-13,0.0,448.2254409085123,448.2254409085123,0.0,1.0
7214,2019-10-28 14:00:00,10,2019-10-28 15:00:00,0.10531,0.10531,0.10531,0.12,1.0000000000000002,492.7610421147114,-0.0,8.526512829121202e-14,0.0,492.7610421147112,492.7610421147112,0.0,1.0
7215,2019-10-28 15:00:00,10,2019-10-28 16:00:00,0.10531,0.10531,0.10531,0.12,1.0,525.2163400415344,0.0,0.0,0.0,525.2163400415344,525.2163400415344,0.0,0.0
7216,2019-10-28 16:00:00,10,2019-10-28 17:00:00,0.13592,0.13592,0.13592,0.12,1.0,432.5632202642116,-0.0,400.0,0.0,32.56322026421162,32.56322026421162,0.0,0.0
7217,2019-10-28 17:00:00,10,2019-10-28 18:00:00,0.13592,0.13592,0.13592,0.12,0.4565217391304348,263.0628462947796,-0.0,85.2620291183583,0.0,177.8008171764213,177.8008171764213,0.0,0.0
7218,2019-10-28 18:00:00,10,2019-10-28 19:00:00,0.13592,0.13592,0.13592,0.12,0.34067659087179586,250.73797088164176,-0.0,250.73797088164176,0.0,0.0,0.0,0.0,0.0
7219,2019-10-28 19:00:00,10,2019-10-28 20:00:00,0.13592,0.13592,0.13592,0.12,0.0,250.73797077312582,-0.0,0.0,0.0,250.73797077312582,250.73797077312582,0.0,0.0
7220,2019-10-28 20:00:00,10,2019-10-28 21:00:00,0.13592,0.13592,0.13592,0.12,0.0,231.79148874915174,-0.0,0.0,0.0,231.79148874915174,231.79148874915174,0.0,0.0
7221,2019-10-28 21:00:00,10,2019-10-28 22:00:00,0.10531,0.10531,0.10531,0.12,0.0,212.8428808350385,-0.0,0.0,0.0,212.8428808350385,212.8428808350385,0.0,0.0
7222,2019-10-28 22:00:00,10,2019-10-28 23:00:00,0.10531,0.10531,0.10531,0.12,0.0,193.895690208147,-0.0,0.0,0.0,193.895690208147,193.895690208147,0.0,1.0
7223,2019-10-28 23:00:00,10,2019-10-29 00:00:00,0.10531,0.10531,0.10531,0.12,0.0,184.422094893151,-0.0,0.0,0.0,184.422094893151,184.422094893151,0.0,0.0
7224,2019-10-29 00:00:00,10,2019-10-29 01:00:00,0.10531,0.10531,0.10531,0.12,0.0,184.4217411714775,-0.0,0.0,0.0,184.4217411714775,184.4217411714775,0.0,0.0
7225,2019-10-29 01:00:00,10,2019-10-29 02:00:00,0.10531,0.10531,0.10531,0.12,0.0,184.42174141098766,-0.0,0.0,0.0,184.42174141098766,184.42174141098766,0.0,0.0
7226,2019-10-29 02:00:00,10,2019-10-29 03:00:00,0.10531,0.10531,0.10531,0.12,0.0,184.42174139393518,-0.0,0.0,0.0,184.42174139393518,184.42174139393518,0.0,0.0
7227,2019-10-29 03:00:00,10,2019-10-29 04:00:00,0.10531,0.10531,0.10531,0.12,0.0,193.89533656941063,-0.0,0.0,0.0,193.89533656941063,193.89533656941063,0.0,0.0
7228,2019-10-29 04:00:00,10,2019-10-29 05:00:00,0.10531,0.10531,0.10531,0.12,0.0,212.84359060760272,-0.0,0.0,0.0,212.84359060760272,212.84359060760272,0.0,0.0
7229,2019-10-29 05:00:00,10,2019-10-29 06:00:00,0.10531,0.10531,0.10531,0.12,0.0,250.73690829893786,-263.46766439248637,0.0,0.0,514.2045726914242,514.2045726914242,0.0,1.0
7230,2019-10-29 06:00:00,10,2019-10-29 07:00:00,0.10531,0.10531,0.10531,0.12,0.3029878140513593,249.8171545278512,-0.0,0.0,0.0,249.8171545278512,249.8171545278512,0.0,0.0
7231,2019-10-29 07:00:00,10,2019-10-29 08:00:00,0.10531,0.10531,0.10531,0.12,0.3029878140513593,229.95021018180557,-284.25436250961866,0.0,0.0,514.2045726914242,514.2045726914242,0.0,1.0
7232,2019-10-29 08:00:00,10,2019-10-29 09:00:00,0.10531,0.10531,0.10531,0.12,0.6298803309374208,224.8623333279772,-0.0,0.0,0.0,224.8623333279772,224.8623333279772,0.0,0.0
7233,2019-10-29 09:00:00,10,2019-10-29 10:00:00,0.10531,0.10531,0.10531,0.12,0.6298803309374209,192.3613822022251,-321.8431904891992,0.0,0.0,514.2045726914242,514.2045726914242,0.0,1.0
7234,2019-10-29 10:00:00,10,2019-10-29 11:00:00,0.10531,0.10531,0.10531,0.12,1.0,315.73805352305953,-0.0,0.0,0.0,315.73805352305953,315.73805352305953,0.0,0.0
7235,2019-10-29 11:00:00,10,2019-10-29 12:00:00,0.10531,0.10531,0.10531,0.12,1.0,318.2756140532227,-0.0,0.0,0.0,318.2756140532227,318.2756140532227,0.0,0.0
7236,2019-10-29 12:00:00,10,2019-10-29 13:00:00,0.10531,0.10531,0.10531,0.12,1.0,383.57062598269965,-0.0,0.0,7.004263416647104e-16,383.57062598269965,383.57062598269965,0.0,0.0
7237,2019-10-29 13:00:00,10,2019-10-29 14:00:00,0.10531,0.10531,0.10531,0.12,1.0,372.1067001967065,-0.0,0.0,2.091837814077735e-13,372.1067001967065,372.1067001967063,0.0,1.0
7238,2019-10-29 14:00:00,10,2019-10-29 15:00:00,0.10531,0.10531,0.10531,0.12,0.9999999999999997,380.5468338374534,-0.0,0.0,0.0,380.54683383745333,380.54683383745333,0.0,0.0
7239,2019-10-29 15:00:00,10,2019-10-29 16:00:00,0.10531,0.10531,0.10531,0.12,1.0,201.52942474064173,-0.0,1.1834006352722828e-13,-1.3073986337985842e-13,201.5294247406417,201.52942474064184,0.0,1.0
7240,2019-10-29 16:00:00,10,2019-10-29 17:00:00,0.13592,0.13592,0.13592,0.12,1.0,229.95021031435007,-0.0,229.95021031434976,0.0,0.0,0.0,0.0,0.0
7241,2019-10-29 17:00:00,10,2019-10-29 18:00:00,0.13592,0.13592,0.13592,0.12,0.6875676490294161,263.061783815941,-0.0,263.06178381594117,0.0,0.0,0.0,0.0,0.0
7242,2019-10-29 18:00:00,10,2019-10-29 19:00:00,0.13592,0.13592,0.13592,0.12,0.330146747105583,250.7369082059242,-0.0,242.98800586970913,0.0,7.748902336215082,7.748902336215082,0.0,0.0
7243,2019-10-29 19:00:00,10,2019-10-29 20:00:00,0.13592,0.13592,0.13592,0.12,0.0,250.7369083485452,-0.0,0.0,0.0,250.7369083485452,250.7369083485452,0.0,0.0
7244,2019-10-29 20:00:00,10,2019-10-29 21:00:00,0.13592,0.13592,0.13592,0.12,0.0,231.79078104691666,-0.0,0.0,0.0,231.79078104691666,231.79078104691666,0.0,0.0
7245,2019-10-29 21:00:00,10,2019-10-29 22:00:00,0.10531,0.10531,0.10531,0.12,0.0,212.84252719087632,-0.0,0.0,0.0,212.84252719087632,212.84252719087632,0.0,0.0
7246,2019-10-29 22:00:00,10,2019-10-29 23:00:00,0.10531,0.10531,0.10531,0.12,0.0,193.895336674051,-0.0,1.971846746805637e-14,-1.971846746805637e-14,193.89533667405098,193.895336674051,0.0,1.0
7247,2019-10-29 23:00:00,10,2019-10-30 00:00:00,0.10531,0.10531,0.10531,0.12,0.0,184.421741269917,-0.0,0.0,0.0,184.421741269917,184.421741269917,0.0,1.0
7248,2019-10-30 00:00:00,10,2019-10-30 01:00:00,0.10531,0.10531,0.10531,0.12,0.0,223.05433649232862,0.0,0.0,0.0,223.05433649232862,223.05433649232862,0.0,0.0
7249,2019-10-30 01:00:00,10,2019-10-30 02:00:00,0.10531,0.10531,0.10531,0.12,0.0,223.05433643962084,-0.0,0.0,0.0,223.05433643962084,223.05433643962084,0.0,0.0
7250,2019-10-30 02:00:00,10,2019-10-30 03:00:00,0.10531,0.10531,0.10531,0.12,0.0,223.05433641171678,-169.29582521046672,0.0,0.0,392.35016162218346,392.35016162218346,0.0,1.0
7251,2019-10-30 03:00:00,10,2019-10-30 04:00:00,0.10531,0.10531,0.10531,0.12,0.19469019899203674,232.52793168640682,-0.0,0.0,0.0,232.52793168640682,232.52793168640682,0.0,0.0
7252,2019-10-30 04:00:00,10,2019-10-30 05:00:00,0.10531,0.10531,0.10531,0.12,0.19469019899203674,270.79230610756395,-0.0,0.0,0.0,270.79230610756395,270.79230610756395,0.0,0.0
7253,2019-10-30 05:00:00,10,2019-10-30 06:00:00,0.10531,0.10531,0.10531,0.12,0.19469019899203674,331.76301210672455,-400.0,0.0,0.0,731.7630121067245,731.7630121067245,0.0,1.0
7254,2019-10-30 06:00:00,10,2019-10-30 07:00:00,0.10531,0.10531,0.10531,0.12,0.6546901989920367,408.06182340036105,0.0,0.0,0.0,408.06182340036105,408.06182340036105,0.0,0.0
7255,2019-10-30 07:00:00,10,2019-10-30 08:00:00,0.10531,0.10531,0.10531,0.12,0.6546901989920367,828.9041086076118,-174.06367683035455,0.0,0.0,1002.9677854379663,1002.9677854379663,0.0,1.0
7256,2019-10-30 08:00:00,10,2019-10-30 09:00:00,0.10531,0.10531,0.10531,0.12,0.8548634273469444,876.7620700874833,-126.20571535048305,0.0,0.0,1002.9677854379663,1002.9677854379663,0.0,1.0
7257,2019-10-30 09:00:00,10,2019-10-30 10:00:00,0.10531,0.10531,0.10531,0.12,1.0,924.2337534827074,0.0,0.0,0.0,924.2337534827074,924.2337534827074,0.0,0.0
7258,2019-10-30 10:00:00,10,2019-10-30 11:00:00,0.10531,0.10531,0.10531,0.12,1.0,977.9796758036074,0.0,0.0,0.0,977.9796758036074,977.9796758036074,0.0,0.0
7259,2019-10-30 11:00:00,10,2019-10-30 12:00:00,0.10531,0.10531,0.10531,0.12,1.0,978.1985338999186,-0.0,0.0,0.0,978.1985338999186,978.1985338999186,0.0,0.0
7260,2019-10-30 12:00:00,10,2019-10-30 13:00:00,0.10531,0.10531,0.10531,0.12,1.0,1032.1440660999242,-0.0,29.17628066195789,0.0,1002.9677854379663,1002.9677854379663,0.0,0.0
7261,2019-10-30 13:00:00,10,2019-10-30 14:00:00,0.10531,0.10531,0.10531,0.12,0.9603583143179921,1026.455298832082,-0.0,23.487513394115695,0.0,1002.9677854379663,1002.9677854379663,0.0,0.0
7262,2019-10-30 14:00:00,10,2019-10-30 15:00:00,0.10531,0.10531,0.10531,0.12,0.9284459319890306,1018.0301016460742,-0.0,15.062316208107859,0.0,1002.9677854379663,1002.9677854379663,0.0,0.0
7263,2019-10-30 15:00:00,10,2019-10-30 16:00:00,0.10531,0.10531,0.10531,0.12,0.9079808284454057,1050.070583632611,-0.0,47.10279819464472,0.0,1002.9677854379663,1002.9677854379663,0.0,0.0
7264,2019-10-30 16:00:00,10,2019-10-30 17:00:00,0.13592,0.13592,0.13592,0.12,0.8439824613331167,901.0943553505685,-0.0,400.0,0.0,501.09435535056855,501.09435535056855,0.0,0.0
7265,2019-10-30 17:00:00,10,2019-10-30 18:00:00,0.13592,0.13592,0.13592,0.12,0.3005042004635516,673.0546265157828,-0.0,0.0,0.0,673.0546265157828,673.0546265157828,0.0,1.0
7266,2019-10-30 18:00:00,10,2019-10-30 19:00:00,0.13592,0.13592,0.13592,0.12,0.3005042004635516,616.4219392410062,-0.0,221.17109154117398,0.0,395.2508476998322,395.2508476998322,0.0,0.0
7267,2019-10-30 19:00:00,10,2019-10-30 20:00:00,0.13592,0.13592,0.13592,0.12,0.0,455.4395915775291,-0.0,0.0,0.0,455.4395915775291,455.4395915775291,0.0,0.0
7268,2019-10-30 20:00:00,10,2019-10-30 21:00:00,0.13592,0.13592,0.13592,0.12,0.0,444.4722531832033,-0.0,0.0,0.0,444.4722531832033,444.4722531832033,0.0,0.0
7269,2019-10-30 21:00:00,10,2019-10-30 22:00:00,0.10531,0.10531,0.10531,0.12,0.0,270.79124212500443,-0.0,0.0,0.0,270.79124212500443,270.79124212500443,0.0,0.0
7270,2019-10-30 22:00:00,10,2019-10-30 23:00:00,0.10531,0.10531,0.10531,0.12,0.0,232.5279316933828,-0.0,0.0,0.0,232.5279316933828,232.5279316933828,0.0,0.0
7271,2019-10-30 23:00:00,10,2019-10-31 00:00:00,0.10531,0.10531,0.10531,0.12,0.0,223.05433644427154,-0.0,0.0,0.0,223.05433644427154,223.05433644427154,0.0,0.0
7272,2019-10-31 00:00:00,10,2019-10-31 01:00:00,0.10531,0.10531,0.10531,0.12,0.0,223.05433734727922,0.0,0.0,0.0,223.05433734727922,223.05433734727922,0.0,0.0
7273,2019-10-31 01:00:00,10,2019-10-31 02:00:00,0.10531,0.10531,0.10531,0.12,0.0,223.05433732635115,-0.0,0.0,0.0,223.05433732635115,223.05433732635115,0.0,0.0
7274,2019-10-31 02:00:00,10,2019-10-31 03:00:00,0.10531,0.10531,0.10531,0.12,0.0,223.05433729224615,-359.47909169807286,0.0,0.0,582.533428990319,582.533428990319,0.0,1.0
7275,2019-10-31 03:00:00,10,2019-10-31 04:00:00,0.10531,0.10531,0.10531,0.12,0.4134009554527838,232.52793256073525,-0.0,0.0,0.0,232.52793256073525,232.52793256073525,0.0,0.0
7276,2019-10-31 04:00:00,10,2019-10-31 05:00:00,0.10531,0.10531,0.10531,0.12,0.4134009554527838,270.79230748106573,-0.0,0.0,0.0,270.79230748106573,270.79230748106573,0.0,0.0
7277,2019-10-31 05:00:00,10,2019-10-31 06:00:00,0.10531,0.10531,0.10531,0.12,0.4134009554527838,332.0742993254599,-399.99999999999994,0.0,0.0,732.0742993254598,732.0742993254598,0.0,1.0
7278,2019-10-31 06:00:00,10,2019-10-31 07:00:00,0.10531,0.10531,0.10531,0.12,0.8734009554527837,408.04641309679795,-0.0,0.0,0.0,408.04641309679795,408.04641309679795,0.0,0.0
7279,2019-10-31 07:00:00,10,2019-10-31 08:00:00,0.10531,0.10531,0.10531,0.12,0.8734009554527837,820.9515867078845,0.0,0.0,0.0,820.9515867078845,820.9515867078845,0.0,0.0
7280,2019-10-31 08:00:00,10,2019-10-31 09:00:00,0.10531,0.10531,0.10531,0.12,0.8734009554527837,816.6383132107508,0.0,0.0,0.0,816.6383132107508,816.6383132107508,0.0,0.0
7281,2019-10-31 09:00:00,10,2019-10-31 10:00:00,0.10531,0.10531,0.10531,0.12,0.8734009554527837,871.6770018851896,-0.0,0.0,0.0,871.6770018851896,871.6770018851896,0.0,0.0
7282,2019-10-31 10:00:00,10,2019-10-31 11:00:00,0.10531,0.10531,0.10531,0.12,0.8734009554527837,914.938320709037,-0.0,0.0,0.0,914.938320709037,914.938320709037,0.0,1.0
7283,2019-10-31 11:00:00,10,2019-10-31 12:00:00,0.10531,0.10531,0.10531,0.12,0.8734009554527837,881.7568514968827,-0.0,0.0,0.0,881.7568514968827,881.7568514968827,0.0,0.0
7284,2019-10-31 12:00:00,10,2019-10-31 13:00:00,0.10531,0.10531,0.10531,0.12,0.8734009554527837,999.485420221223,6.178632484870436e-14,0.0,0.0,999.485420221223,999.485420221223,0.0,1.0
7285,2019-10-31 13:00:00,10,2019-10-31 14:00:00,0.10531,0.10531,0.10531,0.12,0.8734009554527836,1030.8200215600755,-0.0,27.85223612210916,0.0,1002.9677854379663,1002.9677854379663,0.0,0.0
7286,2019-10-31 14:00:00,10,2019-10-31 15:00:00,0.10531,0.10531,0.10531,0.12,0.8355582433303528,961.7335706843579,-41.2342147536084,0.0,0.0,1002.9677854379663,1002.9677854379663,0.0,1.0
7287,2019-10-31 15:00:00,10,2019-10-31 16:00:00,0.10531,0.10531,0.10531,0.12,0.8829775902970024,901.2091683049249,-101.75861713304141,0.0,0.0,1002.9677854379663,1002.9677854379663,0.0,1.0
7288,2019-10-31 16:00:00,10,2019-10-31 17:00:00,0.13592,0.13592,0.13592,0.12,1.0,816.5010458038358,-0.0,400.0,0.0,416.50104580383584,416.50104580383584,0.0,0.0
7289,2019-10-31 17:00:00,10,2019-10-31 18:00:00,0.13592,0.13592,0.13592,0.12,0.4565217391304348,737.5007896923127,-0.0,336.00000000000006,0.0,401.5007896923126,401.5007896923126,0.0,0.0
7290,2019-10-31 18:00:00,10,2019-10-31 19:00:00,0.13592,0.13592,0.13592,0.12,0.0,762.3620011279119,-0.0,0.0,0.0,762.3620011279119,762.3620011279119,0.0,0.0
7291,2019-10-31 19:00:00,10,2019-10-31 20:00:00,0.13592,0.13592,0.13592,0.12,0.0,636.9677301457757,-0.0,0.0,0.0,636.9677301457757,636.9677301457757,0.0,0.0
7292,2019-10-31 20:00:00,10,2019-10-31 21:00:00,0.13592,0.13592,0.13592,0.12,0.0,560.5692100995694,-0.0,0.0,0.0,560.5692100995694,560.5692100995694,0.0,0.0
7293,2019-10-31 21:00:00,10,2019-10-31 22:00:00,0.10531,0.10531,0.10531,0.12,0.0,270.79124318070956,-0.0,0.0,0.0,270.79124318070956,270.79124318070956,0.0,0.0
7294,2019-10-31 22:00:00,10,2019-10-31 23:00:00,0.10531,0.10531,0.10531,0.12,0.0,232.52793268552858,-0.0,0.0,0.0,232.52793268552858,232.52793268552858,0.0,0.0
7295,2019-10-31 23:00:00,10,2019-11-01 00:00:00,0.10531,0.10531,0.10531,0.12,0.0,223.0543373852598,-0.0,0.0,0.0,223.0543373852598,223.0543373852598,0.0,0.0
7296,2019-11-01 00:00:00,11,2019-11-01 01:00:00,0.10531,0.10531,0.10531,0.12,0.0,223.05433820843078,-0.0,0.0,0.0,223.05433820843078,223.05433820843078,0.0,0.0
7297,2019-11-01 01:00:00,11,2019-11-01 02:00:00,0.10531,0.10531,0.10531,0.12,0.0,223.05433818207686,-0.0,0.0,0.0,223.05433818207686,223.05433818207686,0.0,0.0
7298,2019-11-01 02:00:00,11,2019-11-01 03:00:00,0.10531,0.10531,0.10531,0.12,0.0,223.0543381720004,-0.0,0.0,0.0,223.0543381720004,223.0543381720004,0.0,0.0
7299,2019-11-01 03:00:00,11,2019-11-01 04:00:00,0.10531,0.10531,0.10531,0.12,0.0,232.5279334567669,-0.0,0.0,0.0,232.5279334567669,232.5279334567669,0.0,0.0
7300,2019-11-01 04:00:00,11,2019-11-01 05:00:00,0.10531,0.10531,0.10531,0.12,0.0,270.79230934909026,-49.02577228922308,0.0,0.0,319.81808163831334,319.81808163831334,0.0,1.0
7301,2019-11-01 05:00:00,11,2019-11-01 06:00:00,0.10531,0.10531,0.10531,0.12,0.05637963813260655,332.2008191519965,-400.0,0.0,0.0,732.2008191519965,732.2008191519965,0.0,1.0
7302,2019-11-01 06:00:00,11,2019-11-01 07:00:00,0.10531,0.10531,0.10531,0.12,0.5163796381326066,408.0277486403411,-400.0,0.0,0.0,808.0277486403411,808.0277486403411,0.0,1.0
7303,2019-11-01 07:00:00,11,2019-11-01 08:00:00,0.10531,0.10531,0.10531,0.12,0.9763796381326065,812.9628793448045,0.0,0.0,0.0,812.9628793448045,812.9628793448045,0.0,0.0
7304,2019-11-01 08:00:00,11,2019-11-01 09:00:00,0.10531,0.10531,0.10531,0.12,0.9763796381326065,901.32958726274,-20.539445102081288,0.0,0.0,921.8690323648214,921.8690323648214,0.0,1.0
7305,2019-11-01 09:00:00,11,2019-11-01 10:00:00,0.10531,0.10531,0.10531,0.12,1.0,982.3023315273033,-0.0,60.433299162482,0.0,921.8690323648214,921.8690323648214,0.0,0.0
7306,2019-11-01 10:00:00,11,2019-11-01 11:00:00,0.10531,0.10531,0.10531,0.12,0.9178895391814104,1005.3004328384717,-0.0,83.4314004736504,0.0,921.8690323648214,921.8690323648214,0.0,0.0
7307,2019-11-01 11:00:00,11,2019-11-01 12:00:00,0.10531,0.10531,0.10531,0.12,0.804531658103081,971.347084643024,-0.0,49.47805227820271,0.0,921.8690323648214,921.8690323648214,0.0,0.0
7308,2019-11-01 12:00:00,11,2019-11-01 13:00:00,0.10531,0.10531,0.10531,0.12,0.7373060435946535,1022.4864499746772,-0.0,100.61741760985592,0.0,921.8690323648212,921.8690323648212,0.0,0.0
7309,2019-11-01 13:00:00,11,2019-11-01 14:00:00,0.10531,0.10531,0.10531,0.12,0.6005975957551754,1037.6190933174666,-0.0,115.75006095264541,0.0,921.8690323648212,921.8690323648212,0.0,0.0
7310,2019-11-01 14:00:00,11,2019-11-01 15:00:00,0.10531,0.10531,0.10531,0.12,0.44332849119995066,1042.6489648457762,-0.0,120.7799324809549,0.0,921.8690323648212,921.8690323648212,0.0,0.0
7311,2019-11-01 15:00:00,11,2019-11-01 16:00:00,0.10531,0.10531,0.10531,0.12,0.2792253220682187,1076.3255203593878,-0.0,154.45648799456657,0.0,921.8690323648212,921.8690323648212,0.0,0.0
7312,2019-11-01 16:00:00,11,2019-11-01 17:00:00,0.13592,0.13592,0.13592,0.12,0.06936596337994895,972.9223814124637,-0.0,51.05334904764243,0.0,921.8690323648212,921.8690323648212,0.0,0.0
7313,2019-11-01 17:00:00,11,2019-11-01 18:00:00,0.13592,0.13592,0.13592,0.12,0.0,848.532363673108,-0.0,0.0,0.0,848.532363673108,848.532363673108,0.0,1.0
7314,2019-11-01 18:00:00,11,2019-11-01 19:00:00,0.13592,0.13592,0.13592,0.12,0.0,816.4195767685644,-0.0,0.0,0.0,816.4195767685644,816.4195767685644,0.0,1.0
7315,2019-11-01 19:00:00,11,2019-11-01 20:00:00,0.13592,0.13592,0.13592,0.12,0.0,664.0437890327375,-0.0,0.0,0.0,664.0437890327375,664.0437890327375,0.0,0.0
7316,2019-11-01 20:00:00,11,2019-11-01 21:00:00,0.13592,0.13592,0.13592,0.12,0.0,624.0098326420082,-0.0,0.0,0.0,624.0098326420082,624.0098326420082,0.0,0.0
7317,2019-11-01 21:00:00,11,2019-11-01 22:00:00,0.10531,0.10531,0.10531,0.12,0.0,270.7912439240437,-0.0,0.0,0.0,270.7912439240437,270.7912439240437,0.0,0.0
7318,2019-11-01 22:00:00,11,2019-11-01 23:00:00,0.10531,0.10531,0.10531,0.12,0.0,232.52793344126465,-150.49686256177569,0.0,0.0,383.02479600304036,383.02479600304036,0.0,1.0
7319,2019-11-01 23:00:00,11,2019-11-02 00:00:00,0.10531,0.10531,0.10531,0.12,0.17307139194604204,223.05433815262253,-0.0,0.0,0.0,223.05433815262253,223.05433815262253,0.0,0.0
7320,2019-11-02 00:00:00,11,2019-11-02 01:00:00,0.10531,0.10531,0.10531,0.12,0.17307139194604204,223.0543390261759,-0.0,0.0,0.0,223.0543390261759,223.0543390261759,0.0,0.0
7321,2019-11-02 01:00:00,11,2019-11-02 02:00:00,0.10531,0.10531,0.10531,0.12,0.17307139194604204,223.05433903470217,-0.0,0.0,0.0,223.05433903470217,223.05433903470217,0.0,0.0
7322,2019-11-02 02:00:00,11,2019-11-02 03:00:00,0.10531,0.10531,0.10531,0.12,0.17307139194604204,223.05433904865419,-0.0,0.0,0.0,223.05433904865419,223.05433904865419,0.0,0.0
7323,2019-11-02 03:00:00,11,2019-11-02 04:00:00,0.10531,0.10531,0.10531,0.12,0.17307139194604204,232.5279343326456,-0.0,0.0,0.0,232.5279343326456,232.5279343326456,0.0,0.0
7324,2019-11-02 04:00:00,11,2019-11-02 05:00:00,0.10531,0.10531,0.10531,0.12,0.17307139194604204,270.7923105264883,-179.8049709337443,0.0,0.0,450.5972814602326,450.5972814602326,0.0,1.0
7325,2019-11-02 05:00:00,11,2019-11-02 06:00:00,0.10531,0.10531,0.10531,0.12,0.379847108519848,332.68271801065293,-0.0,0.0,0.0,332.68271801065293,332.68271801065293,0.0,0.0
7326,2019-11-02 06:00:00,11,2019-11-02 07:00:00,0.10531,0.10531,0.10531,0.12,0.379847108519848,407.99699619052956,-400.0,0.0,0.0,807.9969961905296,807.9969961905296,0.0,1.0
7327,2019-11-02 07:00:00,11,2019-11-02 08:00:00,0.10531,0.10531,0.10531,0.12,0.839847108519848,812.9477412077568,-110.12818773030091,0.0,0.0,923.0759289380578,923.0759289380578,0.0,1.0
7328,2019-11-02 08:00:00,11,2019-11-02 09:00:00,0.10531,0.10531,0.10531,0.12,0.9664945244096941,893.9407327725744,-29.135196165483364,0.0,0.0,923.0759289380578,923.0759289380578,0.0,1.0
7329,2019-11-02 09:00:00,11,2019-11-02 10:00:00,0.10531,0.10531,0.10531,0.12,1.0,922.5072562853767,-0.0,0.0,0.0,922.5072562853767,922.5072562853767,0.0,0.0
7330,2019-11-02 10:00:00,11,2019-11-02 11:00:00,0.10531,0.10531,0.10531,0.12,1.0,986.0181988372725,-0.0,62.94226989921475,0.0,923.0759289380578,923.0759289380578,0.0,0.0
7331,2019-11-02 11:00:00,11,2019-11-02 12:00:00,0.10531,0.10531,0.10531,0.12,0.9144806115499801,984.4621864441015,-0.0,61.38625750604376,0.0,923.0759289380577,923.0759289380577,0.0,0.0
7332,2019-11-02 12:00:00,11,2019-11-02 13:00:00,0.10531,0.10531,0.10531,0.12,0.8310753703732899,1039.9450821381322,-0.0,116.86915320007435,0.0,923.0759289380578,923.0759289380578,0.0,0.0
7333,2019-11-02 13:00:00,11,2019-11-02 14:00:00,0.10531,0.10531,0.10531,0.12,0.6722857600471019,1040.0176602605316,-0.0,116.94173132247371,0.0,923.0759289380578,923.0759289380578,0.0,0.0
7334,2019-11-02 14:00:00,11,2019-11-02 15:00:00,0.10531,0.10531,0.10531,0.12,0.5133975381415671,1050.9703254032167,-0.0,127.89439646515893,0.0,923.0759289380578,923.0759289380578,0.0,0.0
7335,2019-11-02 15:00:00,11,2019-11-02 16:00:00,0.10531,0.10531,0.10531,0.12,0.3396279777269489,1098.5658750287755,-0.0,175.48994609071767,0.0,923.0759289380578,923.0759289380578,0.0,0.0
7336,2019-11-02 16:00:00,11,2019-11-02 17:00:00,0.13592,0.13592,0.13592,0.12,0.10119055097325651,997.5521744543746,-0.0,74.4762455163168,0.0,923.0759289380578,923.0759289380578,0.0,0.0
7337,2019-11-02 17:00:00,11,2019-11-02 18:00:00,0.13592,0.13592,0.13592,0.12,0.0,874.5562099367302,-0.0,0.0,0.0,874.5562099367302,874.5562099367302,0.0,1.0
7338,2019-11-02 18:00:00,11,2019-11-02 19:00:00,0.13592,0.13592,0.13592,0.12,0.0,807.3156801404488,-0.0,0.0,0.0,807.3156801404488,807.3156801404488,0.0,0.0
7339,2019-11-02 19:00:00,11,2019-11-02 20:00:00,0.13592,0.13592,0.13592,0.12,0.0,631.9651879798621,-0.0,0.0,0.0,631.9651879798621,631.9651879798621,0.0,0.0
7340,2019-11-02 20:00:00,11,2019-11-02 21:00:00,0.13592,0.13592,0.13592,0.12,0.0,605.6594705827595,-0.0,0.0,0.0,605.6594705827595,605.6594705827595,0.0,0.0
7341,2019-11-02 21:00:00,11,2019-11-02 22:00:00,0.10531,0.10531,0.10531,0.12,0.0,270.7912448867352,-0.0,0.0,0.0,270.7912448867352,270.7912448867352,0.0,0.0
7342,2019-11-02 22:00:00,11,2019-11-02 23:00:00,0.10531,0.10531,0.10531,0.12,0.0,232.52793435744928,-0.0,0.0,0.0,232.52793435744928,232.52793435744928,0.0,0.0
7343,2019-11-02 23:00:00,11,2019-11-03 00:00:00,0.10531,0.10531,0.10531,0.12,0.0,223.05433904942936,-0.0,0.0,0.0,223.05433904942936,223.05433904942936,0.0,0.0
7344,2019-11-03 00:00:00,11,2019-11-03 01:00:00,0.10531,0.10531,0.10531,0.12,0.0,223.05433990748043,0.0,0.0,0.0,223.05433990748043,223.05433990748043,0.0,0.0
7345,2019-11-03 01:00:00,11,2019-11-03 02:00:00,0.10531,0.10531,0.10531,0.12,0.0,223.05433990437996,-0.0,0.0,0.0,223.05433990437996,223.05433990437996,0.0,0.0
7346,2019-11-03 02:00:00,11,2019-11-03 03:00:00,0.10531,0.10531,0.10531,0.12,0.0,223.05433990903063,-0.0,0.0,0.0,223.05433990903063,223.05433990903063,0.0,0.0
7347,2019-11-03 03:00:00,11,2019-11-03 04:00:00,0.10531,0.10531,0.10531,0.12,0.0,232.5279352030985,-0.0,0.0,0.0,232.5279352030985,232.5279352030985,0.0,0.0
7348,2019-11-03 04:00:00,11,2019-11-03 05:00:00,0.10531,0.10531,0.10531,0.12,0.0,270.7923121325243,-0.0,0.0,0.0,270.7923121325243,270.7923121325243,0.0,0.0
7349,2019-11-03 05:00:00,11,2019-11-03 06:00:00,0.10531,0.10531,0.10531,0.12,0.0,433.55894642792924,-207.7607212511326,1.1368683772161603e-13,0.0,641.3196676790617,641.3196676790617,0.0,1.0
7350,2019-11-03 06:00:00,11,2019-11-03 07:00:00,0.10531,0.10531,0.10531,0.12,0.23892482943880203,499.04388154443836,-400.0,0.0,0.0,899.0438815444384,899.0438815444384,0.0,1.0
7351,2019-11-03 07:00:00,11,2019-11-03 08:00:00,0.10531,0.10531,0.10531,0.12,0.698924829438802,885.1435174891874,2.9549981449380365e-14,0.0,0.0,885.1435174891874,885.1435174891874,0.0,0.0
7352,2019-11-03 08:00:00,11,2019-11-03 09:00:00,0.10531,0.10531,0.10531,0.12,0.6989248294388024,871.022317742481,-52.05361119557697,0.0,0.0,923.075928938058,923.075928938058,0.0,1.0
7353,2019-11-03 09:00:00,11,2019-11-03 10:00:00,0.10531,0.10531,0.10531,0.12,0.7587864823137158,865.6460937886867,-0.0,6.275513442233205e-13,0.0,865.6460937886861,865.6460937886861,0.0,0.0
7354,2019-11-03 10:00:00,11,2019-11-03 11:00:00,0.10531,0.10531,0.10531,0.12,0.758786482313715,882.5837534898931,-40.49217544816471,-1.0459189070388675e-13,0.0,923.0759289380578,923.0759289380578,0.0,1.0
7355,2019-11-03 11:00:00,11,2019-11-03 12:00:00,0.10531,0.10531,0.10531,0.12,0.8053524840791045,866.1859227488342,-56.89000618922348,1.0459189070388675e-13,0.0,923.0759289380576,923.0759289380576,0.0,1.0
7356,2019-11-03 12:00:00,11,2019-11-03 13:00:00,0.10531,0.10531,0.10531,0.12,0.8707759911967115,902.1682538956189,-0.0,0.0,0.0,902.1682538956189,902.1682538956189,0.0,0.0
7357,2019-11-03 13:00:00,11,2019-11-03 14:00:00,0.10531,0.10531,0.10531,0.12,0.8707759911967115,885.8144823643289,-37.2614465737288,0.0,0.0,923.0759289380577,923.0759289380577,0.0,1.0
7358,2019-11-03 14:00:00,11,2019-11-03 15:00:00,0.10531,0.10531,0.10531,0.12,0.9136266547564997,885.1661844082146,-37.90974452984313,0.0,0.0,923.0759289380577,923.0759289380577,0.0,1.0
7359,2019-11-03 15:00:00,11,2019-11-03 16:00:00,0.10531,0.10531,0.10531,0.12,0.9572228609658194,885.8784167344223,-37.19751220363537,0.0,0.0,923.0759289380577,923.0759289380577,0.0,1.0
7360,2019-11-03 16:00:00,11,2019-11-03 17:00:00,0.13592,0.13592,0.13592,0.12,1.0,705.3494469656816,-0.0,400.0,0.0,305.34944696568164,305.34944696568164,0.0,0.0
7361,2019-11-03 17:00:00,11,2019-11-03 18:00:00,0.13592,0.13592,0.13592,0.12,0.4565217391304348,582.3111390892842,-0.0,336.00000000000006,0.0,246.31113908928415,246.31113908928415,0.0,0.0
7362,2019-11-03 18:00:00,11,2019-11-03 19:00:00,0.13592,0.13592,0.13592,0.12,0.0,563.3721163645303,-0.0,0.0,0.0,563.3721163645303,563.3721163645303,0.0,1.0
7363,2019-11-03 19:00:00,11,2019-11-03 20:00:00,0.13592,0.13592,0.13592,0.12,0.0,447.5104331444001,-0.0,0.0,0.0,447.5104331444001,447.5104331444001,0.0,0.0
7364,2019-11-03 20:00:00,11,2019-11-03 21:00:00,0.13592,0.13592,0.13592,0.12,0.0,436.53450656490816,-0.0,0.0,0.0,436.53450656490816,436.53450656490816,0.0,0.0
7365,2019-11-03 21:00:00,11,2019-11-03 22:00:00,0.10531,0.10531,0.10531,0.12,0.0,270.7912456827772,-0.0,0.0,0.0,270.7912456827772,270.7912456827772,0.0,0.0
7366,2019-11-03 22:00:00,11,2019-11-03 23:00:00,0.10531,0.10531,0.10531,0.12,0.0,232.52793518837134,-0.0,0.0,0.0,232.52793518837134,232.52793518837134,0.0,0.0
7367,2019-11-03 23:00:00,11,2019-11-04 00:00:00,0.10531,0.10531,0.10531,0.12,0.0,223.05433988965277,-0.0,0.0,0.0,223.05433988965277,223.05433988965277,0.0,0.0
7368,2019-11-04 00:00:00,11,2019-11-04 01:00:00,0.10531,0.10531,0.10531,0.12,0.0,184.42210090958503,-0.0,0.0,0.0,184.42210090958503,184.42210090958503,0.0,1.0
7369,2019-11-04 01:00:00,11,2019-11-04 02:00:00,0.10531,0.10531,0.10531,0.12,0.0,184.42210090958503,-0.0,0.0,0.0,184.42210090958503,184.42210090958503,0.0,0.0
7370,2019-11-04 02:00:00,11,2019-11-04 03:00:00,0.10531,0.10531,0.10531,0.12,0.0,184.42210091578593,-0.0,0.0,0.0,184.42210091578593,184.42210091578593,0.0,0.0
7371,2019-11-04 03:00:00,11,2019-11-04 04:00:00,0.10531,0.10531,0.10531,0.12,0.0,193.89569621062893,-0.0,0.0,0.0,193.89569621062893,193.89569621062893,0.0,1.0
7372,2019-11-04 04:00:00,11,2019-11-04 05:00:00,0.10531,0.10531,0.10531,0.12,0.0,212.84395315239772,-0.0,0.0,0.0,212.84395315239772,212.84395315239772,0.0,0.0
7373,2019-11-04 05:00:00,11,2019-11-04 06:00:00,0.10531,0.10531,0.10531,0.12,0.0,332.20887948537853,-0.0,0.0,0.0,332.20887948537853,332.20887948537853,0.0,0.0
7374,2019-11-04 06:00:00,11,2019-11-04 07:00:00,0.10531,0.10531,0.10531,0.12,0.0,337.40273357500115,-245.63606723541974,0.0,0.0,583.0388008104209,583.0388008104209,0.0,1.0
7375,2019-11-04 07:00:00,11,2019-11-04 08:00:00,0.10531,0.10531,0.10531,0.12,0.2824814773207327,504.03509835697946,-79.0037024534414,0.0,0.0,583.0388008104209,583.0388008104209,0.0,1.0
7376,2019-11-04 08:00:00,11,2019-11-04 09:00:00,0.10531,0.10531,0.10531,0.12,0.37333573514219043,475.5869993362889,-107.451801474132,0.0,0.0,583.038800810421,583.038800810421,0.0,1.0
7377,2019-11-04 09:00:00,11,2019-11-04 10:00:00,0.10531,0.10531,0.10531,0.12,0.4969053068374422,477.435765568148,-105.60303524227288,0.0,0.0,583.0388008104209,583.0388008104209,0.0,1.0
7378,2019-11-04 10:00:00,11,2019-11-04 11:00:00,0.10531,0.10531,0.10531,0.12,0.618348797366056,453.5327139620927,-129.5060868483282,0.0,0.0,583.038800810421,583.038800810421,0.0,1.0
7379,2019-11-04 11:00:00,11,2019-11-04 12:00:00,0.10531,0.10531,0.10531,0.12,0.7672807972416333,495.39091972536096,-0.0,0.0,0.0,495.39091972536096,495.39091972536096,0.0,0.0
7380,2019-11-04 12:00:00,11,2019-11-04 13:00:00,0.10531,0.10531,0.10531,0.12,0.7672807972416333,525.1904102588836,-202.36452413771008,0.0,0.0,727.5549343965937,727.5549343965937,0.0,1.0
7381,2019-11-04 13:00:00,11,2019-11-04 14:00:00,0.10531,0.10531,0.10531,0.12,1.0,362.34296527894105,-0.0,0.0,0.0,362.34296527894105,362.34296527894105,0.0,0.0
7382,2019-11-04 14:00:00,11,2019-11-04 15:00:00,0.10531,0.10531,0.10531,0.12,1.0,380.67427667271085,-0.0,0.0,0.0,380.67427667271085,380.67427667271085,0.0,0.0
7383,2019-11-04 15:00:00,11,2019-11-04 16:00:00,0.10531,0.10531,0.10531,0.12,1.0,418.3713834167069,0.0,0.0,0.0,418.3713834167069,418.3713834167069,0.0,0.0
7384,2019-11-04 16:00:00,11,2019-11-04 17:00:00,0.13592,0.13592,0.13592,0.12,1.0,306.66866982917105,-0.0,306.66866982917105,0.0,0.0,0.0,0.0,0.0
7385,2019-11-04 17:00:00,11,2019-11-04 18:00:00,0.13592,0.13592,0.13592,0.12,0.583330611645148,269.68516995417417,-0.0,178.59335134039424,0.0,91.09181861377994,91.09181861377994,0.0,0.0
7386,2019-11-04 18:00:00,11,2019-11-04 19:00:00,0.13592,0.13592,0.13592,0.12,0.3406766016717863,250.7379788304347,-0.0,250.7379788304347,0.0,0.0,0.0,0.0,0.0
7387,2019-11-04 19:00:00,11,2019-11-04 20:00:00,0.13592,0.13592,0.13592,0.12,0.0,250.73797881803287,-0.0,0.0,0.0,250.73797881803287,250.73797881803287,0.0,0.0
7388,2019-11-04 20:00:00,11,2019-11-04 21:00:00,0.13592,0.13592,0.13592,0.12,0.0,231.79149974259207,-0.0,0.0,0.0,231.79149974259207,231.79149974259207,0.0,0.0
7389,2019-11-04 21:00:00,11,2019-11-04 22:00:00,0.10531,0.10531,0.10531,0.12,0.0,212.84288673985608,-0.0,0.0,0.0,212.84288673985608,212.84288673985608,0.0,0.0
7390,2019-11-04 22:00:00,11,2019-11-04 23:00:00,0.10531,0.10531,0.10531,0.12,0.0,193.89569615559586,-0.0,0.0,0.0,193.89569615559586,193.89569615559586,0.0,0.0
7391,2019-11-04 23:00:00,11,2019-11-05 00:00:00,0.10531,0.10531,0.10531,0.12,0.0,184.42210086462845,-0.0,0.0,0.0,184.42210086462845,184.42210086462845,0.0,1.0
7392,2019-11-05 00:00:00,11,2019-11-05 01:00:00,0.10531,0.10531,0.10531,0.12,0.0,184.42174611670413,-0.0,0.0,0.0,184.42174611670413,184.42174611670413,0.0,0.0
7393,2019-11-05 01:00:00,11,2019-11-05 02:00:00,0.10531,0.10531,0.10531,0.12,0.0,184.42174587719393,-0.0,0.0,0.0,184.42174587719393,184.42174587719393,0.0,0.0
7394,2019-11-05 02:00:00,11,2019-11-05 03:00:00,0.10531,0.10531,0.10531,0.12,0.0,184.42174572837206,-0.0,0.0,0.0,184.42174572837206,184.42174572837206,0.0,0.0
7395,2019-11-05 03:00:00,11,2019-11-05 04:00:00,0.10531,0.10531,0.10531,0.12,0.0,193.89534125342388,-0.0,0.0,0.0,193.89534125342388,193.89534125342388,0.0,0.0
7396,2019-11-05 04:00:00,11,2019-11-05 05:00:00,0.10531,0.10531,0.10531,0.12,0.0,212.84359933383493,-0.0,0.0,0.0,212.84359933383493,212.84359933383493,0.0,1.0
7397,2019-11-05 05:00:00,11,2019-11-05 06:00:00,0.10531,0.10531,0.10531,0.12,0.0,250.7369128713347,-0.0,0.0,0.0,250.7369128713347,250.7369128713347,0.0,0.0
7398,2019-11-05 06:00:00,11,2019-11-05 07:00:00,0.10531,0.10531,0.10531,0.12,0.0,256.43947424114094,-0.0,0.0,0.0,256.43947424114094,256.43947424114094,0.0,0.0
7399,2019-11-05 07:00:00,11,2019-11-05 08:00:00,0.10531,0.10531,0.10531,0.12,0.0,229.95021555256972,-0.0,0.0,0.0,229.95021555256972,229.95021555256972,0.0,0.0
7400,2019-11-05 08:00:00,11,2019-11-05 09:00:00,0.10531,0.10531,0.10531,0.12,0.0,201.5294296781172,-283.85921049923707,0.0,0.0,485.38864017735426,485.38864017735426,0.0,1.0
7401,2019-11-05 09:00:00,11,2019-11-05 10:00:00,0.10531,0.10531,0.10531,0.12,0.3264380920741226,163.63504833132058,-321.7535918460337,0.0,0.0,485.3886401773543,485.3886401773543,0.0,1.0
7402,2019-11-05 10:00:00,11,2019-11-05 11:00:00,0.10531,0.10531,0.10531,0.12,0.6964547226970617,221.4362251313209,-263.95241504603337,0.0,0.0,485.38864017735426,485.38864017735426,0.0,1.0
7403,2019-11-05 11:00:00,11,2019-11-05 12:00:00,0.10531,0.10531,0.10531,0.12,1.0,306.7096105247761,-0.0,0.0,0.0,306.7096105247761,306.7096105247761,0.0,0.0
7404,2019-11-05 12:00:00,11,2019-11-05 13:00:00,0.10531,0.10531,0.10531,0.12,1.0,353.88245502103877,-0.0,0.0,5.2295945351943376e-14,353.88245502103877,353.8824550210387,0.0,0.0
7405,2019-11-05 13:00:00,11,2019-11-05 14:00:00,0.10531,0.10531,0.10531,0.12,1.0,372.0736672083576,-0.0,0.0,-5.2295945351943376e-14,372.0736672083576,372.0736672083577,0.0,0.0
7406,2019-11-05 14:00:00,11,2019-11-05 15:00:00,0.10531,0.10531,0.10531,0.12,1.0,422.95544081436117,-0.0,0.0,0.0,422.95544081436117,422.95544081436117,0.0,0.0
7407,2019-11-05 15:00:00,11,2019-11-05 16:00:00,0.10531,0.10531,0.10531,0.12,1.0,401.2086929338406,6.178632484870436e-14,0.0,0.0,401.20869293384055,401.20869293384055,0.0,0.0
7408,2019-11-05 16:00:00,11,2019-11-05 17:00:00,0.13592,0.13592,0.13592,0.12,1.0,229.950215350265,-0.0,229.95021535026515,0.0,0.0,0.0,0.0,0.0
7409,2019-11-05 17:00:00,11,2019-11-05 18:00:00,0.13592,0.13592,0.13592,0.12,0.6875676421871397,269.6841037098323,-0.0,269.6841037098324,0.0,0.0,0.0,0.0,0.0
7410,2019-11-05 18:00:00,11,2019-11-05 19:00:00,0.13592,0.13592,0.13592,0.12,0.32114902301617176,250.73691315735175,-0.0,236.36568093990243,0.0,14.371232217449318,14.371232217449318,0.0,0.0
7411,2019-11-05 19:00:00,11,2019-11-05 20:00:00,0.13592,0.13592,0.13592,0.12,0.0,250.73691298760178,-0.0,0.0,0.0,250.73691298760178,250.73691298760178,0.0,0.0
7412,2019-11-05 20:00:00,11,2019-11-05 21:00:00,0.13592,0.13592,0.13592,0.12,0.0,231.79078963440344,-0.0,0.0,0.0,231.79078963440344,231.79078963440344,0.0,0.0
7413,2019-11-05 21:00:00,11,2019-11-05 22:00:00,0.10531,0.10531,0.10531,0.12,0.0,212.8425319012434,-0.0,0.0,0.0,212.8425319012434,212.8425319012434,0.0,0.0
7414,2019-11-05 22:00:00,11,2019-11-05 23:00:00,0.10531,0.10531,0.10531,0.12,0.0,193.89534110925268,-0.0,0.0,2.931654702769723e-14,193.89534110925268,193.89534110925266,0.0,1.0
7415,2019-11-05 23:00:00,11,2019-11-06 00:00:00,0.10531,0.10531,0.10531,0.12,-3.983226498328428e-17,184.42174569426703,-0.0,0.0,-2.931654702769723e-14,184.42174569426703,184.42174569426706,0.0,1.0
7416,2019-11-06 00:00:00,11,2019-11-06 01:00:00,0.10531,0.10531,0.10531,0.12,0.0,223.05434237389278,0.0,0.0,0.0,223.05434237389278,223.05434237389278,0.0,0.0
7417,2019-11-06 01:00:00,11,2019-11-06 02:00:00,0.10531,0.10531,0.10531,0.12,0.0,223.05434240722272,-0.0,0.0,0.0,223.05434240722272,223.05434240722272,0.0,0.0
7418,2019-11-06 02:00:00,11,2019-11-06 03:00:00,0.10531,0.10531,0.10531,0.12,0.0,223.05434243667705,-0.0,0.0,0.0,223.05434243667705,223.05434243667705,0.0,0.0
7419,2019-11-06 03:00:00,11,2019-11-06 04:00:00,0.10531,0.10531,0.10531,0.12,0.0,223.0543424614807,-0.0,0.0,0.0,223.0543424614807,223.0543424614807,0.0,0.0
7420,2019-11-06 04:00:00,11,2019-11-06 05:00:00,0.10531,0.10531,0.10531,0.12,0.0,232.52793772609422,-0.0,0.0,0.0,232.52793772609422,232.52793772609422,0.0,0.0
7421,2019-11-06 05:00:00,11,2019-11-06 06:00:00,0.10531,0.10531,0.10531,0.12,0.0,270.79231627085727,-0.0,0.0,0.0,270.79231627085727,270.79231627085727,0.0,0.0
7422,2019-11-06 06:00:00,11,2019-11-06 07:00:00,0.10531,0.10531,0.10531,0.12,0.0,318.5630719983422,-399.99999999999994,0.0,0.0,718.5630719983421,718.5630719983421,0.0,1.0
7423,2019-11-06 07:00:00,11,2019-11-06 08:00:00,0.10531,0.10531,0.10531,0.12,0.4599999999999999,388.19693227597725,-311.60706008721246,0.0,0.0,699.8039923631898,699.8039923631898,0.0,1.0
7424,2019-11-06 08:00:00,11,2019-11-06 09:00:00,0.10531,0.10531,0.10531,0.12,0.8183481191002943,851.2119814791779,-71.86394745888015,0.0,0.0,923.075928938058,923.075928938058,0.0,1.0
7425,2019-11-06 09:00:00,11,2019-11-06 10:00:00,0.10531,0.10531,0.10531,0.12,0.9009916586780065,893.1977694207028,-29.878159517355243,0.0,0.0,923.075928938058,923.075928938058,0.0,1.0
7426,2019-11-06 10:00:00,11,2019-11-06 11:00:00,0.10531,0.10531,0.10531,0.12,0.935351542122965,871.8751131823534,-0.0,0.0,0.0,871.8751131823534,871.8751131823534,0.0,0.0
7427,2019-11-06 11:00:00,11,2019-11-06 12:00:00,0.10531,0.10531,0.10531,0.12,0.935351542122965,889.6757825029863,-0.0,0.0,0.0,889.6757825029863,889.6757825029863,0.0,0.0
7428,2019-11-06 12:00:00,11,2019-11-06 13:00:00,0.10531,0.10531,0.10531,0.12,0.935351542122965,866.8598786102016,-56.216050327856465,0.0,0.0,923.075928938058,923.075928938058,0.0,1.0
7429,2019-11-06 13:00:00,11,2019-11-06 14:00:00,0.10531,0.10531,0.10531,0.12,1.0,991.9146899616844,-0.0,68.83876102362638,0.0,923.075928938058,923.075928938058,0.0,0.0
7430,2019-11-06 14:00:00,11,2019-11-06 15:00:00,0.10531,0.10531,0.10531,0.12,0.9064690746961598,1007.1770900128164,-0.0,84.10116107475835,0.0,923.075928938058,923.075928938058,0.0,0.0
7431,2019-11-06 15:00:00,11,2019-11-06 16:00:00,0.10531,0.10531,0.10531,0.12,0.7922011928011077,901.2718886838925,-21.804040254165557,0.0,0.0,923.075928938058,923.075928938058,0.0,1.0
7432,2019-11-06 16:00:00,11,2019-11-06 17:00:00,0.13592,0.13592,0.13592,0.12,0.817275839093398,842.2878635265517,-0.0,400.0,0.0,442.28786352655175,442.28786352655175,0.0,0.0
7433,2019-11-06 17:00:00,11,2019-11-06 18:00:00,0.13592,0.13592,0.13592,0.12,0.2737975782238328,736.8402988916373,-0.0,201.51501757274096,0.0,535.3252813188964,535.3252813188964,0.0,0.0
7434,2019-11-06 18:00:00,11,2019-11-06 19:00:00,0.13592,0.13592,0.13592,0.12,0.0,582.3496134647295,-0.0,0.0,0.0,582.3496134647295,582.3496134647295,0.0,1.0
7435,2019-11-06 19:00:00,11,2019-11-06 20:00:00,0.13592,0.13592,0.13592,0.12,0.0,563.4121691121411,-0.0,0.0,0.0,563.4121691121411,563.4121691121411,0.0,0.0
7436,2019-11-06 20:00:00,11,2019-11-06 21:00:00,0.13592,0.13592,0.13592,0.12,0.0,447.54616877815783,-0.0,0.0,0.0,447.54616877815783,447.54616877815783,0.0,0.0
7437,2019-11-06 21:00:00,11,2019-11-06 22:00:00,0.10531,0.10531,0.10531,0.12,0.0,428.60902068727523,-0.0,0.0,0.0,428.60902068727523,428.60902068727523,0.0,0.0
7438,2019-11-06 22:00:00,11,2019-11-06 23:00:00,0.10531,0.10531,0.10531,0.12,0.0,270.7912482290263,-0.0,0.0,0.0,270.7912482290263,270.7912482290263,0.0,0.0
7439,2019-11-06 23:00:00,11,2019-11-07 00:00:00,0.10531,0.10531,0.10531,0.12,0.0,232.5279376850132,-0.0,0.0,0.0,232.5279376850132,232.5279376850132,0.0,0.0
7440,2019-11-07 00:00:00,11,2019-11-07 01:00:00,0.10531,0.10531,0.10531,0.12,0.0,223.0543432838765,0.0,0.0,0.0,223.0543432838765,223.0543432838765,0.0,0.0
7441,2019-11-07 01:00:00,11,2019-11-07 02:00:00,0.10531,0.10531,0.10531,0.12,0.0,223.05434329705344,-0.0,0.0,0.0,223.05434329705344,223.05434329705344,0.0,0.0
7442,2019-11-07 02:00:00,11,2019-11-07 03:00:00,0.10531,0.10531,0.10531,0.12,0.0,223.05434330945528,-0.0,0.0,0.0,223.05434330945528,223.05434330945528,0.0,0.0
7443,2019-11-07 03:00:00,11,2019-11-07 04:00:00,0.10531,0.10531,0.10531,0.12,0.0,223.0543433226322,-0.0,0.0,0.0,223.0543433226322,223.0543433226322,0.0,0.0
7444,2019-11-07 04:00:00,11,2019-11-07 05:00:00,0.10531,0.10531,0.10531,0.12,0.0,232.52793862057567,-0.0,0.0,0.0,232.52793862057567,232.52793862057567,0.0,0.0
7445,2019-11-07 05:00:00,11,2019-11-07 06:00:00,0.10531,0.10531,0.10531,0.12,0.0,270.79231758235005,-297.03721184856374,0.0,0.0,567.8295294309138,567.8295294309138,0.0,1.0
7446,2019-11-07 06:00:00,11,2019-11-07 07:00:00,0.10531,0.10531,0.10531,0.12,0.3415927936258483,321.6534469406493,-399.99999999999994,0.0,0.0,721.6534469406492,721.6534469406492,0.0,1.0
7447,2019-11-07 07:00:00,11,2019-11-07 08:00:00,0.10531,0.10531,0.10531,0.12,0.8015927936258482,404.05684479479004,0.0,0.0,0.0,404.05684479479004,404.05684479479004,0.0,0.0
7448,2019-11-07 08:00:00,11,2019-11-07 09:00:00,0.10531,0.10531,0.10531,0.12,0.8015927936258482,852.8010357528043,0.0,0.0,0.0,852.8010357528043,852.8010357528043,0.0,0.0
7449,2019-11-07 09:00:00,11,2019-11-07 10:00:00,0.10531,0.10531,0.10531,0.12,0.8015927936258482,842.338009101111,0.0,0.0,0.0,842.338009101111,842.338009101111,0.0,0.0
7450,2019-11-07 10:00:00,11,2019-11-07 11:00:00,0.10531,0.10531,0.10531,0.12,0.8015927936258482,835.5219456303197,-87.55398330773835,0.0,0.0,923.075928938058,923.075928938058,0.0,1.0
7451,2019-11-07 11:00:00,11,2019-11-07 12:00:00,0.10531,0.10531,0.10531,0.12,0.9022798744297473,871.0021357688254,-52.07379316923266,0.0,0.0,923.075928938058,923.075928938058,0.0,1.0
7452,2019-11-07 12:00:00,11,2019-11-07 13:00:00,0.10531,0.10531,0.10531,0.12,0.962164736574365,890.1756998722884,-32.90022906576962,0.0,0.0,923.075928938058,923.075928938058,0.0,1.0
7453,2019-11-07 13:00:00,11,2019-11-07 14:00:00,0.10531,0.10531,0.10531,0.12,1.0,1006.8808340196701,-0.0,83.8049050816121,0.0,923.075928938058,923.075928938058,0.0,0.0
7454,2019-11-07 14:00:00,11,2019-11-07 15:00:00,0.10531,0.10531,0.10531,0.12,0.8861346398347663,1030.7932362129138,-0.0,107.71730727485578,0.0,923.075928938058,923.075928938058,0.0,0.0
7455,2019-11-07 15:00:00,11,2019-11-07 16:00:00,0.10531,0.10531,0.10531,0.12,0.7397796027765382,1029.7223230577667,-0.0,106.64639411970869,0.0,923.075928938058,923.075928938058,0.0,0.0
7456,2019-11-07 16:00:00,11,2019-11-07 17:00:00,0.13592,0.13592,0.13592,0.12,0.5948796107660644,1001.7540555204912,-0.0,399.99999999999994,0.0,601.7540555204912,601.7540555204912,0.0,0.0
7457,2019-11-07 17:00:00,11,2019-11-07 18:00:00,0.13592,0.13592,0.13592,0.12,0.05140134989649937,893.9651008185539,-0.0,37.831393523823536,0.0,856.1337072947304,856.1337072947304,0.0,0.0
7458,2019-11-07 18:00:00,11,2019-11-07 19:00:00,0.13592,0.13592,0.13592,0.12,0.0,721.1421267149059,-0.0,0.0,0.0,721.1421267149059,721.1421267149059,0.0,1.0
7459,2019-11-07 19:00:00,11,2019-11-07 20:00:00,0.13592,0.13592,0.13592,0.12,0.0,681.4420053478622,-0.0,0.0,0.0,681.4420053478622,681.4420053478622,0.0,1.0
7460,2019-11-07 20:00:00,11,2019-11-07 21:00:00,0.13592,0.13592,0.13592,0.12,0.0,530.7869627341439,-0.0,0.0,0.0,530.7869627341439,530.7869627341439,0.0,1.0
7461,2019-11-07 21:00:00,11,2019-11-07 22:00:00,0.10531,0.10531,0.10531,0.12,0.0,465.85154640364124,-0.0,0.0,0.0,465.85154640364124,465.85154640364124,0.0,1.0
7462,2019-11-07 22:00:00,11,2019-11-07 23:00:00,0.10531,0.10531,0.10531,0.12,0.0,270.79124890182516,-0.0,0.0,0.0,270.79124890182516,270.79124890182516,0.0,0.0
7463,2019-11-07 23:00:00,11,2019-11-08 00:00:00,0.10531,0.10531,0.10531,0.12,0.0,232.52793848648096,-0.0,0.0,0.0,232.52793848648096,232.52793848648096,0.0,0.0
7464,2019-11-08 00:00:00,11,2019-11-08 01:00:00,0.10531,0.10531,0.10531,0.12,0.0,223.05434410782254,-0.0,0.0,0.0,223.05434410782254,223.05434410782254,0.0,0.0
7465,2019-11-08 01:00:00,11,2019-11-08 02:00:00,0.10531,0.10531,0.10531,0.12,0.0,223.05434413727687,-0.0,0.0,0.0,223.05434413727687,223.05434413727687,0.0,0.0
7466,2019-11-08 02:00:00,11,2019-11-08 03:00:00,0.10531,0.10531,0.10531,0.12,0.0,223.0543441535543,-0.0,0.0,0.0,223.0543441535543,223.0543441535543,0.0,0.0
7467,2019-11-08 03:00:00,11,2019-11-08 04:00:00,0.10531,0.10531,0.10531,0.12,0.0,223.054344145028,-0.0,0.0,0.0,223.054344145028,223.054344145028,0.0,0.0
7468,2019-11-08 04:00:00,11,2019-11-08 05:00:00,0.10531,0.10531,0.10531,0.12,0.0,232.52793941351717,-0.0,0.0,0.0,232.52793941351717,232.52793941351717,0.0,0.0
7469,2019-11-08 05:00:00,11,2019-11-08 06:00:00,0.10531,0.10531,0.10531,0.12,0.0,270.7923187016145,-400.0,0.0,0.0,670.7923187016145,670.7923187016145,0.0,1.0
7470,2019-11-08 06:00:00,11,2019-11-08 07:00:00,0.10531,0.10531,0.10531,0.12,0.46,389.39851803574265,-400.0,0.0,0.0,789.3985180357427,789.3985180357427,0.0,1.0
7471,2019-11-08 07:00:00,11,2019-11-08 08:00:00,0.10531,0.10531,0.10531,0.12,0.92,474.6719455202075,-0.0,0.0,0.0,474.6719455202075,474.6719455202075,0.0,0.0
7472,2019-11-08 08:00:00,11,2019-11-08 09:00:00,0.10531,0.10531,0.10531,0.12,0.92,975.3038282290103,-0.0,52.22789929095222,0.0,923.075928938058,923.075928938058,0.0,0.0
7473,2019-11-08 09:00:00,11,2019-11-08 10:00:00,0.10531,0.10531,0.10531,0.12,0.8490381803112063,979.6682678311531,-0.0,56.592338893095075,0.0,923.075928938058,923.075928938058,0.0,0.0
7474,2019-11-08 10:00:00,11,2019-11-08 11:00:00,0.10531,0.10531,0.10531,0.12,0.7721464155108053,919.2498139400902,-3.8261149979678066,0.0,0.0,923.075928938058,923.075928938058,0.0,1.0
7475,2019-11-08 11:00:00,11,2019-11-08 12:00:00,0.10531,0.10531,0.10531,0.12,0.7765464477584684,917.9188260152764,-0.0,0.0,0.0,917.9188260152764,917.9188260152764,0.0,0.0
7476,2019-11-08 12:00:00,11,2019-11-08 13:00:00,0.10531,0.10531,0.10531,0.12,0.7765464477584684,882.2265115513752,-0.0,0.0,0.0,882.2265115513752,882.2265115513752,0.0,0.0
7477,2019-11-08 13:00:00,11,2019-11-08 14:00:00,0.10531,0.10531,0.10531,0.12,0.7765464477584684,876.1181490057278,-44.97692605219692,0.0,0.0,921.0950750579248,921.0950750579248,0.0,1.0
7478,2019-11-08 14:00:00,11,2019-11-08 15:00:00,0.10531,0.10531,0.10531,0.12,0.8282699127184948,847.8297267607867,-75.24620217727136,0.0,0.0,923.075928938058,923.075928938058,0.0,1.0
7479,2019-11-08 15:00:00,11,2019-11-08 16:00:00,0.10531,0.10531,0.10531,0.12,0.9148030452223569,848.9916204357596,-74.08430850229843,0.0,0.0,923.075928938058,923.075928938058,0.0,1.0
7480,2019-11-08 16:00:00,11,2019-11-08 17:00:00,0.13592,0.13592,0.13592,0.12,1.0,885.096525907305,-0.0,400.0,0.0,485.096525907305,485.096525907305,0.0,0.0
7481,2019-11-08 17:00:00,11,2019-11-08 18:00:00,0.13592,0.13592,0.13592,0.12,0.4565217391304348,838.0098646176826,-0.0,336.00000000000006,0.0,502.0098646176826,502.0098646176826,0.0,0.0
7482,2019-11-08 18:00:00,11,2019-11-08 19:00:00,0.13592,0.13592,0.13592,0.12,0.0,683.4312669833117,-0.0,0.0,0.0,683.4312669833117,683.4312669833117,0.0,0.0
7483,2019-11-08 19:00:00,11,2019-11-08 20:00:00,0.13592,0.13592,0.13592,0.12,0.0,666.3619906608544,-0.0,0.0,0.0,666.3619906608544,666.3619906608544,0.0,1.0
7484,2019-11-08 20:00:00,11,2019-11-08 21:00:00,0.13592,0.13592,0.13592,0.12,0.0,550.1694462538694,-0.0,0.0,0.0,550.1694462538694,550.1694462538694,0.0,0.0
7485,2019-11-08 21:00:00,11,2019-11-08 22:00:00,0.10531,0.10531,0.10531,0.12,0.0,527.6207665681176,-121.36703613019804,0.0,0.0,648.9878026983156,648.9878026983156,0.0,1.0
7486,2019-11-08 22:00:00,11,2019-11-08 23:00:00,0.10531,0.10531,0.10531,0.12,0.13957209154972777,270.7912499815588,-0.0,0.0,0.0,270.7912499815588,270.7912499815588,0.0,0.0
7487,2019-11-08 23:00:00,11,2019-11-09 00:00:00,0.10531,0.10531,0.10531,0.12,0.13957209154972777,232.527939487153,-0.0,0.0,0.0,232.527939487153,232.527939487153,0.0,0.0
7488,2019-11-09 00:00:00,11,2019-11-09 01:00:00,0.10531,0.10531,0.10531,0.12,0.13957209154972777,223.05434504881086,-0.0,0.0,0.0,223.05434504881086,223.05434504881086,0.0,0.0
7489,2019-11-09 01:00:00,11,2019-11-09 02:00:00,0.10531,0.10531,0.10531,0.12,0.13957209154972777,223.05434503563387,-0.0,0.0,0.0,223.05434503563387,223.05434503563387,0.0,0.0
7490,2019-11-09 02:00:00,11,2019-11-09 03:00:00,0.10531,0.10531,0.10531,0.12,0.13957209154972777,223.05434502865785,-0.0,0.0,0.0,223.05434502865785,223.05434502865785,0.0,0.0
7491,2019-11-09 03:00:00,11,2019-11-09 04:00:00,0.10531,0.10531,0.10531,0.12,0.13957209154972777,223.0543450255574,-0.0,0.0,0.0,223.0543450255574,223.0543450255574,0.0,0.0
7492,2019-11-09 04:00:00,11,2019-11-09 05:00:00,0.10531,0.10531,0.10531,0.12,0.13957209154972777,232.52794030954882,-0.0,0.0,0.0,232.52794030954882,232.52794030954882,0.0,0.0
7493,2019-11-09 05:00:00,11,2019-11-09 06:00:00,0.10531,0.10531,0.10531,0.12,0.13957209154972777,270.7923198991654,-322.40786381448163,0.0,0.0,593.200183713647,593.200183713647,0.0,1.0
7494,2019-11-09 06:00:00,11,2019-11-09 07:00:00,0.10531,0.10531,0.10531,0.12,0.5103411349363816,318.7074927864027,-400.0,0.0,0.0,718.7074927864028,718.7074927864028,0.0,1.0
7495,2019-11-09 07:00:00,11,2019-11-09 08:00:00,0.10531,0.10531,0.10531,0.12,0.9703411349363816,435.3849406260163,0.0,0.0,0.0,435.3849406260163,435.3849406260163,0.0,0.0
7496,2019-11-09 08:00:00,11,2019-11-09 09:00:00,0.10531,0.10531,0.10531,0.12,0.9703411349363816,897.2856114914333,-25.790317446624726,0.0,0.0,923.075928938058,923.075928938058,0.0,1.0
7497,2019-11-09 09:00:00,11,2019-11-09 10:00:00,0.10531,0.10531,0.10531,0.12,1.0,923.822443474785,-0.0,0.746514536726977,0.0,923.075928938058,923.075928938058,0.0,0.0
7498,2019-11-09 10:00:00,11,2019-11-09 11:00:00,0.10531,0.10531,0.10531,0.12,0.9989857139446644,944.7941903543336,-0.0,21.718261416275595,0.0,923.075928938058,923.075928938058,0.0,0.0
7499,2019-11-09 11:00:00,11,2019-11-09 12:00:00,0.10531,0.10531,0.10531,0.12,0.9694772065855943,1003.3362123656551,-0.0,80.26028342759707,0.0,923.075928938058,923.075928938058,0.0,0.0
7500,2019-11-09 12:00:00,11,2019-11-09 13:00:00,0.10531,0.10531,0.10531,0.12,0.8604279084502723,978.351619381537,-0.0,55.27569044347899,0.0,923.075928938058,923.075928938058,0.0,0.0
7501,2019-11-09 13:00:00,11,2019-11-09 14:00:00,0.10531,0.10531,0.10531,0.12,0.7853250681738062,1017.7533665009419,-0.0,94.67743756288382,0.0,923.075928938058,923.075928938058,0.0,0.0
7502,2019-11-09 14:00:00,11,2019-11-09 15:00:00,0.10531,0.10531,0.10531,0.12,0.6566872453981489,1017.0025088156291,-0.0,93.92657987757104,0.0,923.075928938058,923.075928938058,0.0,0.0
7503,2019-11-09 15:00:00,11,2019-11-09 16:00:00,0.10531,0.10531,0.10531,0.12,0.5290696096949273,1011.9349740770865,-0.0,88.85904513902847,0.0,923.075928938058,923.075928938058,0.0,0.0
7504,2019-11-09 16:00:00,11,2019-11-09 17:00:00,0.13592,0.13592,0.13592,0.12,0.4083372114082039,1027.402363313224,-0.0,104.32643437516595,0.0,923.075928938058,923.075928938058,0.0,0.0
7505,2019-11-09 17:00:00,11,2019-11-09 18:00:00,0.13592,0.13592,0.13592,0.12,0.2665893386158589,968.9137838388955,-0.0,196.20975322127214,0.0,772.7040306176234,772.7040306176234,0.0,0.0
7506,2019-11-09 18:00:00,11,2019-11-09 19:00:00,0.13592,0.13592,0.13592,0.12,0.0,777.2496676554031,-0.0,0.0,0.0,777.2496676554031,777.2496676554031,0.0,1.0
7507,2019-11-09 19:00:00,11,2019-11-09 20:00:00,0.13592,0.13592,0.13592,0.12,0.0,736.7226653637197,-0.0,0.0,0.0,736.7226653637197,736.7226653637197,0.0,1.0
7508,2019-11-09 20:00:00,11,2019-11-09 21:00:00,0.13592,0.13592,0.13592,0.12,0.0,620.3895223808347,-0.0,0.0,0.0,620.3895223808347,620.3895223808347,0.0,0.0
7509,2019-11-09 21:00:00,11,2019-11-09 22:00:00,0.10531,0.10531,0.10531,0.12,0.0,595.768168823141,-0.0,0.0,0.0,595.768168823141,595.768168823141,0.0,0.0
7510,2019-11-09 22:00:00,11,2019-11-09 23:00:00,0.10531,0.10531,0.10531,0.12,0.0,270.79125089851857,-0.0,0.0,0.0,270.79125089851857,270.79125089851857,0.0,0.0
7511,2019-11-09 23:00:00,11,2019-11-10 00:00:00,0.10531,0.10531,0.10531,0.12,0.0,232.52794040488783,-0.0,0.0,0.0,232.52794040488783,232.52794040488783,0.0,0.0
7512,2019-11-10 00:00:00,11,2019-11-10 01:00:00,0.10531,0.10531,0.10531,0.12,0.0,223.05434595336877,-0.0,0.0,0.0,223.05434595336877,223.05434595336877,0.0,0.0
7513,2019-11-10 01:00:00,11,2019-11-10 02:00:00,0.10531,0.10531,0.10531,0.12,0.0,223.0543459215891,-0.0,0.0,0.0,223.0543459215891,223.0543459215891,0.0,0.0
7514,2019-11-10 02:00:00,11,2019-11-10 03:00:00,0.10531,0.10531,0.10531,0.12,0.0,223.05434590298637,-0.0,0.0,0.0,223.05434590298637,223.05434590298637,0.0,0.0
7515,2019-11-10 03:00:00,11,2019-11-10 04:00:00,0.10531,0.10531,0.10531,0.12,0.0,223.05434588593386,-0.0,0.0,0.0,223.05434588593386,223.05434588593386,0.0,0.0
7516,2019-11-10 04:00:00,11,2019-11-10 05:00:00,0.10531,0.10531,0.10531,0.12,0.0,232.52794115984875,-0.0,0.0,0.0,232.52794115984875,232.52794115984875,0.0,0.0
7517,2019-11-10 05:00:00,11,2019-11-10 06:00:00,0.10531,0.10531,0.10531,0.12,0.0,270.79232168967854,-47.26774799817443,0.0,0.0,318.060069687853,318.060069687853,0.0,1.0
7518,2019-11-10 06:00:00,11,2019-11-10 07:00:00,0.10531,0.10531,0.10531,0.12,0.054357910197900594,318.8204577312747,-400.0,0.0,0.0,718.8204577312747,718.8204577312747,0.0,1.0
7519,2019-11-10 07:00:00,11,2019-11-10 08:00:00,0.10531,0.10531,0.10531,0.12,0.5143579101979006,436.42889286450446,-400.0,0.0,0.0,836.4288928645044,836.4288928645044,0.0,1.0
7520,2019-11-10 08:00:00,11,2019-11-10 09:00:00,0.10531,0.10531,0.10531,0.12,0.9743579101979006,882.4769664833167,0.0,0.0,0.0,882.4769664833167,882.4769664833167,0.0,0.0
7521,2019-11-10 09:00:00,11,2019-11-10 10:00:00,0.10531,0.10531,0.10531,0.12,0.9743579101979006,863.5176765146279,0.0,0.0,0.0,863.5176765146279,863.5176765146279,0.0,0.0
7522,2019-11-10 10:00:00,11,2019-11-10 11:00:00,0.10531,0.10531,0.10531,0.12,0.9743579101979006,915.0064467942835,-22.29746939312986,0.0,0.0,937.3039161874134,937.3039161874134,0.0,1.0
7523,2019-11-10 11:00:00,11,2019-11-10 12:00:00,0.10531,0.10531,0.10531,0.12,1.0,1025.5374515094163,-0.0,88.23353532200292,0.0,937.3039161874134,937.3039161874134,0.0,0.0
7524,2019-11-10 12:00:00,11,2019-11-10 13:00:00,0.10531,0.10531,0.10531,0.12,0.8801174791820613,1008.3754094752036,-0.0,71.07149328779016,0.0,937.3039161874134,937.3039161874134,0.0,0.0
7525,2019-11-10 13:00:00,11,2019-11-10 14:00:00,0.10531,0.10531,0.10531,0.12,0.7835529502584333,1051.6952355077135,-0.0,114.39131932030014,0.0,937.3039161874134,937.3039161874134,0.0,0.0
7526,2019-11-10 14:00:00,11,2019-11-10 15:00:00,0.10531,0.10531,0.10531,0.12,0.6281299620515037,1051.3381981372534,-0.0,114.03428194983996,0.0,937.3039161874134,937.3039161874134,0.0,0.0
7527,2019-11-10 15:00:00,11,2019-11-10 16:00:00,0.10531,0.10531,0.10531,0.12,0.4731920789674822,1051.6852934163885,-0.0,114.38137722897511,0.0,937.3039161874134,937.3039161874134,0.0,0.0
7528,2019-11-10 16:00:00,11,2019-11-10 17:00:00,0.13592,0.13592,0.13592,0.12,0.3177825990368095,1088.9105442183177,-0.0,151.60662803090432,0.0,937.3039161874134,937.3039161874134,0.0,0.0
7529,2019-11-10 17:00:00,11,2019-11-10 18:00:00,0.13592,0.13592,0.13592,0.12,0.11179533269047205,1019.5852810476008,-0.0,82.28136486018744,0.0,937.3039161874134,937.3039161874134,0.0,0.0
7530,2019-11-10 18:00:00,11,2019-11-10 19:00:00,0.13592,0.13592,0.13592,0.12,0.0,832.715097940682,-0.0,0.0,0.0,832.715097940682,832.715097940682,0.0,0.0
7531,2019-11-10 19:00:00,11,2019-11-10 20:00:00,0.13592,0.13592,0.13592,0.12,0.0,791.724248684368,-0.0,0.0,0.0,791.724248684368,791.724248684368,0.0,0.0
7532,2019-11-10 20:00:00,11,2019-11-10 21:00:00,0.13592,0.13592,0.13592,0.12,0.0,651.519687683083,-0.0,0.0,0.0,651.519687683083,651.519687683083,0.0,0.0
7533,2019-11-10 21:00:00,11,2019-11-10 22:00:00,0.10531,0.10531,0.10531,0.12,0.0,587.9469480330052,-0.0,0.0,0.0,587.9469480330052,587.9469480330052,0.0,0.0
7534,2019-11-10 22:00:00,11,2019-11-10 23:00:00,0.10531,0.10531,0.10531,0.12,0.0,270.79125170851256,-0.0,0.0,0.0,270.79125170851256,270.79125170851256,0.0,0.0
7535,2019-11-10 23:00:00,11,2019-11-11 00:00:00,0.10531,0.10531,0.10531,0.12,0.0,232.52794121023115,-0.0,0.0,0.0,232.52794121023115,232.52794121023115,0.0,0.0
7536,2019-11-11 00:00:00,11,2019-11-11 01:00:00,0.10531,0.10531,0.10531,0.12,0.0,184.42174991863774,-0.0,0.0,0.0,184.42174991863774,184.42174991863774,0.0,0.0
7537,2019-11-11 01:00:00,11,2019-11-11 02:00:00,0.10531,0.10531,0.10531,0.12,0.0,184.42174995041742,-0.0,0.0,0.0,184.42174995041742,184.42174995041742,0.0,0.0
7538,2019-11-11 02:00:00,11,2019-11-11 03:00:00,0.10531,0.10531,0.10531,0.12,0.0,184.42175016434885,-0.0,0.0,0.0,184.42175016434885,184.42175016434885,0.0,0.0
7539,2019-11-11 03:00:00,11,2019-11-11 04:00:00,0.10531,0.10531,0.10531,0.12,0.0,184.42175028914218,-0.0,0.0,0.0,184.42175028914218,184.42175028914218,0.0,0.0
7540,2019-11-11 04:00:00,11,2019-11-11 05:00:00,0.10531,0.10531,0.10531,0.12,0.0,193.89534550957427,-0.0,0.0,0.0,193.89534550957427,193.89534550957427,0.0,0.0
7541,2019-11-11 05:00:00,11,2019-11-11 06:00:00,0.10531,0.10531,0.10531,0.12,0.0,212.8436060060153,-0.0,0.0,0.0,212.8436060060153,212.8436060060153,0.0,0.0
7542,2019-11-11 06:00:00,11,2019-11-11 07:00:00,0.10531,0.10531,0.10531,0.12,0.0,237.4922878479215,-0.0,0.0,0.0,237.4922878479215,237.4922878479215,0.0,0.0
7543,2019-11-11 07:00:00,11,2019-11-11 08:00:00,0.10531,0.10531,0.10531,0.12,0.0,229.9502194839474,-0.0,0.0,0.0,229.9502194839474,229.9502194839474,0.0,0.0
7544,2019-11-11 08:00:00,11,2019-11-11 09:00:00,0.10531,0.10531,0.10531,0.12,0.0,229.95021927389155,-0.0,0.0,0.0,229.95021927389155,229.95021927389155,0.0,0.0
7545,2019-11-11 09:00:00,11,2019-11-11 10:00:00,0.10531,0.10531,0.10531,0.12,0.0,201.5294333374299,-264.5929843270807,0.0,0.0,466.12241766451064,466.12241766451064,0.0,1.0
7546,2019-11-11 10:00:00,11,2019-11-11 11:00:00,0.10531,0.10531,0.10531,0.12,0.30428193197614284,163.63505245415138,-0.0,0.0,0.0,163.63505245415138,163.63505245415138,0.0,0.0
7547,2019-11-11 11:00:00,11,2019-11-11 12:00:00,0.10531,0.10531,0.10531,0.12,0.30428193197614284,163.63576598834334,-0.0,0.0,0.0,163.63576598834334,163.63576598834334,0.0,0.0
7548,2019-11-11 12:00:00,11,2019-11-11 13:00:00,0.10531,0.10531,0.10531,0.12,0.30428193197614284,163.63576622242772,-0.0,0.0,0.0,163.63576622242772,163.63576622242772,0.0,0.0
7549,2019-11-11 13:00:00,11,2019-11-11 14:00:00,0.10531,0.10531,0.10531,0.12,0.30428193197614284,163.63683604237,-0.0,0.0,0.0,163.63683604237,163.63683604237,0.0,0.0
7550,2019-11-11 14:00:00,11,2019-11-11 15:00:00,0.10531,0.10531,0.10531,0.12,0.30428193197614284,163.63576593098492,-302.48575979679543,0.0,0.0,466.12152572778035,466.12152572778035,0.0,1.0
7551,2019-11-11 15:00:00,11,2019-11-11 16:00:00,0.10531,0.10531,0.10531,0.12,0.6521405557424578,163.63505246035226,-302.4864732674281,0.0,0.0,466.12152572778035,466.12152572778035,0.0,1.0
7552,2019-11-11 16:00:00,11,2019-11-11 17:00:00,0.13592,0.13592,0.13592,0.12,1.0,208.15174840701232,-0.0,208.15174840701232,0.0,0.0,0.0,0.0,0.0
7553,2019-11-11 17:00:00,11,2019-11-11 18:00:00,0.13592,0.13592,0.13592,0.12,0.7171851244469941,269.68410780243363,-0.0,258.1641438812424,0.0,11.51996392119122,11.51996392119122,0.0,0.0
7554,2019-11-11 18:00:00,11,2019-11-11 19:00:00,0.13592,0.13592,0.13592,0.12,0.36641862460834956,269.6841077117453,-0.0,269.6841077117453,0.0,0.0,0.0,0.0,0.0
7555,2019-11-11 19:00:00,11,2019-11-11 20:00:00,0.13592,0.13592,0.13592,0.12,0.0,250.73691686317125,-0.0,0.0,0.0,250.73691686317125,250.73691686317125,0.0,0.0
7556,2019-11-11 20:00:00,11,2019-11-11 21:00:00,0.13592,0.13592,0.13592,0.12,0.0,250.73691694533332,-0.0,0.0,0.0,250.73691694533332,250.73691694533332,0.0,0.0
7557,2019-11-11 21:00:00,11,2019-11-11 22:00:00,0.10531,0.10531,0.10531,0.12,0.0,231.7907972150173,-0.0,0.0,0.0,231.7907972150173,231.7907972150173,0.0,0.0
7558,2019-11-11 22:00:00,11,2019-11-11 23:00:00,0.10531,0.10531,0.10531,0.12,0.0,212.84253575200924,-0.0,0.0,0.0,212.84253575200924,212.84253575200924,0.0,0.0
7559,2019-11-11 23:00:00,11,2019-11-12 00:00:00,0.10531,0.10531,0.10531,0.12,0.0,193.89534530726954,-0.0,0.0,0.0,193.89534530726954,193.89534530726954,0.0,0.0
7560,2019-11-12 00:00:00,11,2019-11-12 01:00:00,0.10531,0.10531,0.10531,0.12,0.0,184.4217509309365,-0.0,0.0,0.0,184.4217509309365,184.4217509309365,0.0,0.0
7561,2019-11-12 01:00:00,11,2019-11-12 02:00:00,0.10531,0.10531,0.10531,0.12,0.0,184.42175097821845,-0.0,0.0,0.0,184.42175097821845,184.42175097821845,0.0,0.0
7562,2019-11-12 02:00:00,11,2019-11-12 03:00:00,0.10531,0.10531,0.10531,0.12,0.0,184.42175086737714,-0.0,0.0,0.0,184.42175086737714,184.42175086737714,0.0,0.0
7563,2019-11-12 03:00:00,11,2019-11-12 04:00:00,0.10531,0.10531,0.10531,0.12,0.0,184.42175065422083,-0.0,0.0,0.0,184.42175065422083,184.42175065422083,0.0,0.0
7564,2019-11-12 04:00:00,11,2019-11-12 05:00:00,0.10531,0.10531,0.10531,0.12,0.0,193.89534587852845,-282.61136948378555,0.0,0.0,476.506715362314,476.506715362314,0.0,1.0
7565,2019-11-12 05:00:00,11,2019-11-12 06:00:00,0.10531,0.10531,0.10531,0.12,0.32500307490635344,212.8436078190067,-263.6631075433073,0.0,0.0,476.506715362314,476.506715362314,0.0,1.0
7566,2019-11-12 06:00:00,11,2019-11-12 07:00:00,0.10531,0.10531,0.10531,0.12,0.6282156485811569,237.49228820214853,-0.0,0.0,0.0,237.49228820214853,237.49228820214853,0.0,0.0
7567,2019-11-12 07:00:00,11,2019-11-12 08:00:00,0.10531,0.10531,0.10531,0.12,0.6282156485811569,229.9502199110351,-246.55649545127892,0.0,0.0,476.506715362314,476.506715362314,0.0,1.0
7568,2019-11-12 08:00:00,11,2019-11-12 09:00:00,0.10531,0.10531,0.10531,0.12,0.9117556183501278,229.95022015132045,-0.0,0.0,0.0,229.95022015132045,229.95022015132045,0.0,0.0
7569,2019-11-12 09:00:00,11,2019-11-12 10:00:00,0.10531,0.10531,0.10531,0.12,0.9117556183501278,235.2737626051686,-0.0,0.0,0.0,235.2737626051686,235.2737626051686,0.0,0.0
7570,2019-11-12 10:00:00,11,2019-11-12 11:00:00,0.10531,0.10531,0.10531,0.12,0.9117556183501275,378.1920185195882,-0.0,0.0,0.0,378.1920185195882,378.1920185195882,0.0,0.0
7571,2019-11-12 11:00:00,11,2019-11-12 12:00:00,0.10531,0.10531,0.10531,0.12,0.9117556183501275,370.64451678164505,-0.0,0.0,0.0,370.64451678164505,370.64451678164505,0.0,0.0
7572,2019-11-12 12:00:00,11,2019-11-12 13:00:00,0.10531,0.10531,0.10531,0.12,0.9117556183501278,426.2977024193038,-76.73424491293235,0.0,0.0,503.03194733223614,503.03194733223614,0.0,1.0
7573,2019-11-12 13:00:00,11,2019-11-12 14:00:00,0.10531,0.10531,0.10531,0.12,1.0,399.7724704493815,-6.178632484870436e-14,0.0,0.0,399.7724704493815,399.7724704493815,0.0,0.0
7574,2019-11-12 14:00:00,11,2019-11-12 15:00:00,0.10531,0.10531,0.10531,0.12,1.0,264.03010982146066,-0.0,0.0,0.0,264.03010982146066,264.03010982146066,0.0,0.0
7575,2019-11-12 15:00:00,11,2019-11-12 16:00:00,0.10531,0.10531,0.10531,0.12,1.0,163.63505322771502,-0.0,0.0,0.0,163.63505322771502,163.63505322771502,0.0,0.0
7576,2019-11-12 16:00:00,11,2019-11-12 17:00:00,0.13592,0.13592,0.13592,0.12,1.0,208.15174889533407,-0.0,208.15174889533407,0.0,0.0,0.0,1.0,0.0
7577,2019-11-12 17:00:00,11,2019-11-12 18:00:00,0.13592,0.13592,0.13592,0.12,0.7171851237835135,269.684108069848,-0.0,269.684108069848,0.0,0.0,0.0,0.0,0.0
7578,2019-11-12 18:00:00,11,2019-11-12 19:00:00,0.13592,0.13592,0.13592,0.12,0.3507664986886114,269.6841082147942,-0.0,258.164143034818,0.0,11.519965179976225,11.519965179976225,0.0,0.0
7579,2019-11-12 19:00:00,11,2019-11-12 20:00:00,0.13592,0.13592,0.13592,0.12,0.0,250.73691787624512,-0.0,0.0,0.0,250.73691787624512,250.73691787624512,0.0,0.0
7580,2019-11-12 20:00:00,11,2019-11-12 21:00:00,0.13592,0.13592,0.13592,0.12,0.0,250.73691792507728,-0.0,0.0,0.0,250.73691792507728,250.73691792507728,0.0,1.0
7581,2019-11-12 21:00:00,11,2019-11-12 22:00:00,0.10531,0.10531,0.10531,0.12,0.0,231.7907978126301,-0.0,0.0,0.0,231.7907978126301,231.7907978126301,0.0,0.0
7582,2019-11-12 22:00:00,11,2019-11-12 23:00:00,0.10531,0.10531,0.10531,0.12,0.0,212.84253678678633,-0.0,0.0,0.0,212.84253678678633,212.84253678678633,0.0,0.0
7583,2019-11-12 23:00:00,11,2019-11-13 00:00:00,0.10531,0.10531,0.10531,0.12,0.0,193.89534621492788,-0.0,0.0,0.0,193.89534621492788,193.89534621492788,0.0,1.0
7584,2019-11-13 00:00:00,11,2019-11-13 01:00:00,0.10531,0.10531,0.10531,0.12,0.0,223.05434847248893,-0.0,0.0,0.0,223.05434847248893,223.05434847248893,0.0,0.0
7585,2019-11-13 01:00:00,11,2019-11-13 02:00:00,0.10531,0.10531,0.10531,0.12,0.0,223.0543484693884,-0.0,0.0,0.0,223.0543484693884,223.0543484693884,0.0,0.0
7586,2019-11-13 02:00:00,11,2019-11-13 03:00:00,0.10531,0.10531,0.10531,0.12,0.0,223.05434846706308,-0.0,0.0,0.0,223.05434846706308,223.05434846706308,0.0,0.0
7587,2019-11-13 03:00:00,11,2019-11-13 04:00:00,0.10531,0.10531,0.10531,0.12,0.0,223.05434846551287,-0.0,0.0,0.0,223.05434846551287,223.05434846551287,0.0,0.0
7588,2019-11-13 04:00:00,11,2019-11-13 05:00:00,0.10531,0.10531,0.10531,0.12,0.0,232.5279437495043,-57.51655457313246,0.0,0.0,290.04449832263674,290.04449832263674,0.0,1.0
7589,2019-11-13 05:00:00,11,2019-11-13 06:00:00,0.10531,0.10531,0.10531,0.12,0.06614403775910233,270.7923252358246,-400.0,0.0,0.0,670.7923252358246,670.7923252358246,0.0,1.0
7590,2019-11-13 06:00:00,11,2019-11-13 07:00:00,0.10531,0.10531,0.10531,0.12,0.5261440377591023,325.18725395298236,-400.0,0.0,0.0,725.1872539529824,725.1872539529824,0.0,1.0
7591,2019-11-13 07:00:00,11,2019-11-13 08:00:00,0.10531,0.10531,0.10531,0.12,0.9861440377591023,409.7918219522327,0.0,0.0,0.0,409.7918219522327,409.7918219522327,0.0,0.0
7592,2019-11-13 08:00:00,11,2019-11-13 09:00:00,0.10531,0.10531,0.10531,0.12,0.9861440377591023,944.077069904147,-12.048662818171863,0.0,0.0,956.1257327223188,956.1257327223188,0.0,1.0
7593,2019-11-13 09:00:00,11,2019-11-13 10:00:00,0.10531,0.10531,0.10531,0.12,1.0,1010.4376581676387,-0.0,54.311925445319716,0.0,956.1257327223188,956.1257327223188,0.0,0.0
7594,2019-11-13 10:00:00,11,2019-11-13 11:00:00,0.10531,0.10531,0.10531,0.12,0.9262066230362503,1034.7288063305607,-0.0,78.6030736082418,0.0,956.1257327223188,956.1257327223188,0.0,0.0
7595,2019-11-13 11:00:00,11,2019-11-13 12:00:00,0.10531,0.10531,0.10531,0.12,0.8194089686772261,1044.3605123052412,-0.0,88.23477958292227,0.0,956.1257327223188,956.1257327223188,0.0,0.0
7596,2019-11-13 12:00:00,11,2019-11-13 13:00:00,0.10531,0.10531,0.10531,0.12,0.6995247572873862,1008.5404293388812,-0.0,52.41469661656229,0.0,956.1257327223188,956.1257327223188,0.0,0.0
7597,2019-11-13 13:00:00,11,2019-11-13 14:00:00,0.10531,0.10531,0.10531,0.12,0.6283091368844483,1047.5062174488523,-0.0,91.3804847265335,0.0,956.1257327223188,956.1257327223188,0.0,0.0
7598,2019-11-13 14:00:00,11,2019-11-13 15:00:00,0.10531,0.10531,0.10531,0.12,0.5041508695929625,1054.8906729041528,-0.0,98.76494018183394,0.0,956.1257327223188,956.1257327223188,0.0,0.0
7599,2019-11-13 15:00:00,11,2019-11-13 16:00:00,0.10531,0.10531,0.10531,0.12,0.36995937478068813,1059.7968512850591,-0.0,103.67111856274028,0.0,956.1257327223188,956.1257327223188,0.0,0.0
7600,2019-11-13 16:00:00,11,2019-11-13 17:00:00,0.13592,0.13592,0.13592,0.12,0.2291018767334866,1090.414690919687,-0.0,134.28895819736817,0.0,956.1257327223188,956.1257327223188,0.0,0.0
7601,2019-11-13 17:00:00,11,2019-11-13 18:00:00,0.13592,0.13592,0.13592,0.12,0.04664405309575816,990.4557558007969,-0.0,34.33002307847801,0.0,956.1257327223188,956.1257327223188,0.0,0.0
7602,2019-11-13 18:00:00,11,2019-11-13 19:00:00,0.13592,0.13592,0.13592,0.12,0.0,785.9210179842762,-0.0,0.0,0.0,785.9210179842762,785.9210179842762,0.0,1.0
7603,2019-11-13 19:00:00,11,2019-11-13 20:00:00,0.13592,0.13592,0.13592,0.12,0.0,743.9239241540388,-0.0,0.0,0.0,743.9239241540388,743.9239241540388,0.0,1.0
7604,2019-11-13 20:00:00,11,2019-11-13 21:00:00,0.13592,0.13592,0.13592,0.12,0.0,581.8208890621122,-0.0,0.0,0.0,581.8208890621122,581.8208890621122,0.0,1.0
7605,2019-11-13 21:00:00,11,2019-11-13 22:00:00,0.10531,0.10531,0.10531,0.12,0.0,532.6465706529588,-0.0,0.0,0.0,532.6465706529588,532.6465706529588,0.0,1.0
7606,2019-11-13 22:00:00,11,2019-11-13 23:00:00,0.10531,0.10531,0.10531,0.12,0.0,270.791254161748,-0.0,0.0,0.0,270.791254161748,270.791254161748,0.0,0.0
7607,2019-11-13 23:00:00,11,2019-11-14 00:00:00,0.10531,0.10531,0.10531,0.12,0.0,232.5279437022223,-0.0,0.0,0.0,232.5279437022223,232.5279437022223,0.0,0.0
7608,2019-11-14 00:00:00,11,2019-11-14 01:00:00,0.10531,0.10531,0.10531,0.12,0.0,223.05434927628198,-0.0,0.0,0.0,223.05434927628198,223.05434927628198,0.0,0.0
7609,2019-11-14 01:00:00,11,2019-11-14 02:00:00,0.10531,0.10531,0.10531,0.12,0.0,223.0543492778322,-0.0,0.0,0.0,223.0543492778322,223.0543492778322,0.0,0.0
7610,2019-11-14 02:00:00,11,2019-11-14 03:00:00,0.10531,0.10531,0.10531,0.12,0.0,223.05434927860733,-0.0,0.0,0.0,223.05434927860733,223.05434927860733,0.0,0.0
7611,2019-11-14 03:00:00,11,2019-11-14 04:00:00,0.10531,0.10531,0.10531,0.12,0.0,223.05434928015757,-0.0,0.0,0.0,223.05434928015757,223.05434928015757,0.0,0.0
7612,2019-11-14 04:00:00,11,2019-11-14 05:00:00,0.10531,0.10531,0.10531,0.12,0.0,232.52794456569922,-0.0,0.0,0.0,232.52794456569922,232.52794456569922,0.0,0.0
7613,2019-11-14 05:00:00,11,2019-11-14 06:00:00,0.10531,0.10531,0.10531,0.12,0.0,270.79232657289606,-69.56521739130429,0.0,0.0,340.3575439642003,340.3575439642003,0.0,1.0
7614,2019-11-14 06:00:00,11,2019-11-14 07:00:00,0.10531,0.10531,0.10531,0.12,0.07999999999999993,325.5908904938414,-400.00000000000006,0.0,0.0,725.5908904938415,725.5908904938415,0.0,1.0
7615,2019-11-14 07:00:00,11,2019-11-14 08:00:00,0.10531,0.10531,0.10531,0.12,0.54,388.0814420193527,-400.0,0.0,0.0,788.0814420193527,788.0814420193527,0.0,1.0
7616,2019-11-14 08:00:00,11,2019-11-14 09:00:00,0.10531,0.10531,0.10531,0.12,1.0,871.3470615816933,0.0,0.0,0.0,871.3470615816933,871.3470615816933,0.0,0.0
7617,2019-11-14 09:00:00,11,2019-11-14 10:00:00,0.10531,0.10531,0.10531,0.12,1.0,956.6873924107932,-0.0,0.5616596884743785,0.0,956.1257327223188,956.1257327223188,0.0,0.0
7618,2019-11-14 10:00:00,11,2019-11-14 11:00:00,0.10531,0.10531,0.10531,0.12,0.9992368754232684,970.2586557122247,-0.0,14.132922989905865,0.0,956.1257327223188,956.1257327223188,0.0,0.0
7619,2019-11-14 11:00:00,11,2019-11-14 12:00:00,0.10531,0.10531,0.10531,0.12,0.9800345344043747,973.1446341123058,-0.0,17.018901389986922,0.0,956.1257327223188,956.1257327223188,0.0,0.0
7620,2019-11-14 12:00:00,11,2019-11-14 13:00:00,0.10531,0.10531,0.10531,0.12,0.9569110270810229,999.6633136492068,-0.0,43.53758092688793,0.0,956.1257327223188,956.1257327223188,0.0,0.0
7621,2019-11-14 13:00:00,11,2019-11-14 14:00:00,0.10531,0.10531,0.10531,0.12,0.8977567051694905,1054.223057265126,-0.0,98.0973245428072,0.0,956.1257327223188,956.1257327223188,0.0,0.0
7622,2019-11-14 14:00:00,11,2019-11-14 15:00:00,0.10531,0.10531,0.10531,0.12,0.764472296823285,1049.0523015554766,-0.0,92.92656883315772,0.0,956.1257327223188,956.1257327223188,0.0,0.0
7623,2019-11-14 15:00:00,11,2019-11-14 16:00:00,0.10531,0.10531,0.10531,0.12,0.6382133717782338,1045.1586441169516,-0.0,89.03291139463272,0.0,956.1257327223188,956.1257327223188,0.0,0.0
7624,2019-11-14 16:00:00,11,2019-11-14 17:00:00,0.13592,0.13592,0.13592,0.12,0.517244742165961,1087.1864169007015,-0.0,131.06068417838264,0.0,956.1257327223188,956.1257327223188,0.0,0.0
7625,2019-11-14 17:00:00,11,2019-11-14 18:00:00,0.13592,0.13592,0.13592,0.12,0.33917316040185413,1032.0661701924146,-0.0,249.63144605576466,0.0,782.43472413665,782.43472413665,0.0,0.0
7626,2019-11-14 18:00:00,11,2019-11-14 19:00:00,0.13592,0.13592,0.13592,0.12,0.0,848.1315752394061,-0.0,0.0,0.0,848.1315752394061,848.1315752394061,0.0,1.0
7627,2019-11-14 19:00:00,11,2019-11-14 20:00:00,0.13592,0.13592,0.13592,0.12,0.0,823.5807210517484,-0.0,0.0,0.0,823.5807210517484,823.5807210517484,0.0,1.0
7628,2019-11-14 20:00:00,11,2019-11-14 21:00:00,0.13592,0.13592,0.13592,0.12,0.0,706.7960737015725,-0.0,0.0,0.0,706.7960737015725,706.7960737015725,0.0,0.0
7629,2019-11-14 21:00:00,11,2019-11-14 22:00:00,0.10531,0.10531,0.10531,0.12,0.0,598.0204936573822,-0.0,0.0,0.0,598.0204936573822,598.0204936573822,0.0,0.0
7630,2019-11-14 22:00:00,11,2019-11-14 23:00:00,0.10531,0.10531,0.10531,0.12,0.0,270.7912550283254,-0.0,0.0,0.0,270.7912550283254,270.7912550283254,0.0,0.0
7631,2019-11-14 23:00:00,11,2019-11-15 00:00:00,0.10531,0.10531,0.10531,0.12,0.0,232.5279445649241,-0.0,0.0,0.0,232.5279445649241,232.5279445649241,0.0,0.0
7632,2019-11-15 00:00:00,11,2019-11-15 01:00:00,0.10531,0.10531,0.10531,0.12,0.0,223.05435013200776,-0.0,0.0,0.0,223.05435013200776,223.05435013200776,0.0,0.0
7633,2019-11-15 01:00:00,11,2019-11-15 02:00:00,0.10531,0.10531,0.10531,0.12,0.0,223.05435012968238,-0.0,0.0,0.0,223.05435012968238,223.05435012968238,0.0,0.0
7634,2019-11-15 02:00:00,11,2019-11-15 03:00:00,0.10531,0.10531,0.10531,0.12,0.0,223.05435012813217,-0.0,0.0,0.0,223.05435012813217,223.05435012813217,0.0,0.0
7635,2019-11-15 03:00:00,11,2019-11-15 04:00:00,0.10531,0.10531,0.10531,0.12,0.0,223.05435012735705,-0.0,0.0,0.0,223.05435012735705,223.05435012735705,0.0,0.0
7636,2019-11-15 04:00:00,11,2019-11-15 05:00:00,0.10531,0.10531,0.10531,0.12,0.0,232.5279454113484,-36.026262267948226,0.0,0.0,268.5542076792966,268.5542076792966,0.0,1.0
7637,2019-11-15 05:00:00,11,2019-11-15 06:00:00,0.10531,0.10531,0.10531,0.12,0.04143020160814046,270.792327879738,-0.0,0.0,0.0,270.792327879738,270.792327879738,0.0,0.0
7638,2019-11-15 06:00:00,11,2019-11-15 07:00:00,0.10531,0.10531,0.10531,0.12,0.04143020160814046,325.9034195295161,-400.0,0.0,0.0,725.9034195295161,725.9034195295161,0.0,1.0
7639,2019-11-15 07:00:00,11,2019-11-15 08:00:00,0.10531,0.10531,0.10531,0.12,0.5014302016081404,426.49239028567644,-400.0,0.0,0.0,826.4923902856765,826.4923902856765,0.0,1.0
7640,2019-11-15 08:00:00,11,2019-11-15 09:00:00,0.10531,0.10531,0.10531,0.12,0.9614302016081404,922.5867775989627,-33.53895512335612,0.0,0.0,956.1257327223188,956.1257327223188,0.0,1.0
7641,2019-11-15 09:00:00,11,2019-11-15 10:00:00,0.10531,0.10531,0.10531,0.12,1.0,962.521228095279,-0.0,6.395495372960113,0.0,956.1257327223188,956.1257327223188,0.0,0.0
7642,2019-11-15 10:00:00,11,2019-11-15 11:00:00,0.10531,0.10531,0.10531,0.12,0.9913104682432607,966.0745663002964,-0.0,9.948833577977553,0.0,956.1257327223188,956.1257327223188,0.0,0.0
7643,2019-11-15 11:00:00,11,2019-11-15 12:00:00,0.10531,0.10531,0.10531,0.12,0.9777930313166608,1003.9554798184693,-0.0,47.82974709615041,0.0,956.1257327223188,956.1257327223188,0.0,0.0
7644,2019-11-15 12:00:00,11,2019-11-15 13:00:00,0.10531,0.10531,0.10531,0.12,0.9128069618925434,1000.4151321656979,-0.0,44.28939944337901,0.0,956.1257327223188,956.1257327223188,0.0,0.0
7645,2019-11-15 13:00:00,11,2019-11-15 14:00:00,0.10531,0.10531,0.10531,0.12,0.8526311474314306,1044.55225476286,-0.0,88.42652204054116,0.0,956.1257327223188,956.1257327223188,0.0,0.0
7646,2019-11-15 14:00:00,11,2019-11-15 15:00:00,0.10531,0.10531,0.10531,0.12,0.7324864163980866,1048.0966880254439,-0.0,91.97095530312504,0.0,956.1257327223188,956.1257327223188,0.0,0.0
7647,2019-11-15 15:00:00,11,2019-11-15 16:00:00,0.10531,0.10531,0.10531,0.12,0.6075258793014494,1051.770286344187,-0.0,95.64455362186823,0.0,956.1257327223188,956.1257327223188,0.0,0.0
7648,2019-11-15 16:00:00,11,2019-11-15 17:00:00,0.13592,0.13592,0.13592,0.12,0.4775740401413024,1095.3003776224318,-0.0,139.17464490011298,0.0,956.1257327223188,956.1257327223188,0.0,0.0
7649,2019-11-15 17:00:00,11,2019-11-15 18:00:00,0.13592,0.13592,0.13592,0.12,0.2884780552226706,1034.3961165663266,-0.0,78.27038384400771,0.0,956.1257327223188,956.1257327223188,0.0,0.0
7650,2019-11-15 18:00:00,11,2019-11-15 19:00:00,0.13592,0.13592,0.13592,0.12,0.1821324249998341,854.7064900669104,-0.0,134.04946479987788,0.0,720.6570252670325,720.6570252670325,0.0,0.0
7651,2019-11-15 19:00:00,11,2019-11-15 20:00:00,0.13592,0.13592,0.13592,0.12,0.0,744.2979781322316,-0.0,0.0,0.0,744.2979781322316,744.2979781322316,0.0,1.0
7652,2019-11-15 20:00:00,11,2019-11-15 21:00:00,0.13592,0.13592,0.13592,0.12,0.0,569.6347642742987,-0.0,0.0,0.0,569.6347642742987,569.6347642742987,0.0,1.0
7653,2019-11-15 21:00:00,11,2019-11-15 22:00:00,0.10531,0.10531,0.10531,0.12,0.0,513.4460264131129,-0.0,0.0,0.0,513.4460264131129,513.4460264131129,0.0,1.0
7654,2019-11-15 22:00:00,11,2019-11-15 23:00:00,0.10531,0.10531,0.10531,0.12,0.0,270.7912559197064,-0.0,0.0,0.0,270.7912559197064,270.7912559197064,0.0,0.0
7655,2019-11-15 23:00:00,11,2019-11-16 00:00:00,0.10531,0.10531,0.10531,0.12,0.0,232.52794543382674,-0.0,0.0,0.0,232.52794543382674,232.52794543382674,0.0,0.0
7656,2019-11-16 00:00:00,11,2019-11-16 01:00:00,0.10531,0.10531,0.10531,0.12,0.0,223.05435098230768,-0.0,0.0,0.0,223.05435098230768,223.05435098230768,0.0,0.0
7657,2019-11-16 01:00:00,11,2019-11-16 02:00:00,0.10531,0.10531,0.10531,0.12,0.0,223.05435096835564,-0.0,0.0,0.0,223.05435096835564,223.05435096835564,0.0,0.0
7658,2019-11-16 02:00:00,11,2019-11-16 03:00:00,0.10531,0.10531,0.10531,0.12,0.0,223.05435095905423,-0.0,0.0,0.0,223.05435095905423,223.05435095905423,0.0,0.0
7659,2019-11-16 03:00:00,11,2019-11-16 04:00:00,0.10531,0.10531,0.10531,0.12,0.0,223.0543509520782,-0.0,0.0,0.0,223.0543509520782,223.0543509520782,0.0,0.0
7660,2019-11-16 04:00:00,11,2019-11-16 05:00:00,0.10531,0.10531,0.10531,0.12,0.0,232.52794623141898,-0.0,0.0,0.0,232.52794623141898,232.52794623141898,0.0,0.0
7661,2019-11-16 05:00:00,11,2019-11-16 06:00:00,0.10531,0.10531,0.10531,0.12,0.0,270.7923293043973,-0.0,0.0,0.0,270.7923293043973,270.7923293043973,0.0,0.0
7662,2019-11-16 06:00:00,11,2019-11-16 07:00:00,0.10531,0.10531,0.10531,0.12,0.0,325.9365964906194,-381.2885041047486,0.0,0.0,707.2251005953681,707.2251005953681,0.0,1.0
7663,2019-11-16 07:00:00,11,2019-11-16 08:00:00,0.10531,0.10531,0.10531,0.12,0.4384817797204609,388.1173959096796,-400.0,0.0,0.0,788.1173959096795,788.1173959096795,0.0,1.0
7664,2019-11-16 08:00:00,11,2019-11-16 09:00:00,0.10531,0.10531,0.10531,0.12,0.8984817797204608,851.5479155756124,0.0,0.0,0.0,851.5479155756124,851.5479155756124,0.0,0.0
7665,2019-11-16 09:00:00,11,2019-11-16 10:00:00,0.10531,0.10531,0.10531,0.12,0.8984817797204608,854.6950106844557,-0.0,0.0,0.0,854.6950106844557,854.6950106844557,0.0,0.0
7666,2019-11-16 10:00:00,11,2019-11-16 11:00:00,0.10531,0.10531,0.10531,0.12,0.8984817797204608,833.9084833380904,0.0,0.0,0.0,833.9084833380904,833.9084833380904,0.0,0.0
7667,2019-11-16 11:00:00,11,2019-11-16 12:00:00,0.10531,0.10531,0.10531,0.12,0.8984817797204608,847.2987141940617,0.0,0.0,0.0,847.2987141940617,847.2987141940617,0.0,0.0
7668,2019-11-16 12:00:00,11,2019-11-16 13:00:00,0.10531,0.10531,0.10531,0.12,0.8984817797204608,867.8490194357631,-88.27671328655572,0.0,0.0,956.1257327223188,956.1257327223188,0.0,1.0
7669,2019-11-16 13:00:00,11,2019-11-16 14:00:00,0.10531,0.10531,0.10531,0.12,1.0,1019.4056735095069,-0.0,63.279940787188025,0.0,956.1257327223188,956.1257327223188,0.0,0.0
7670,2019-11-16 14:00:00,11,2019-11-16 15:00:00,0.10531,0.10531,0.10531,0.12,0.9140218195826249,1043.5242618651318,-0.0,87.398529142813,0.0,956.1257327223188,956.1257327223188,0.0,0.0
7671,2019-11-16 15:00:00,11,2019-11-16 16:00:00,0.10531,0.10531,0.10531,0.12,0.7952738180298898,1048.0247508602226,-0.0,91.8990181379038,0.0,956.1257327223188,956.1257327223188,0.0,0.0
7672,2019-11-16 16:00:00,11,2019-11-16 17:00:00,0.13592,0.13592,0.13592,0.12,0.6704110216468684,1089.984655578638,-0.0,400.0,0.0,689.984655578638,689.984655578638,0.0,0.0
7673,2019-11-16 17:00:00,11,2019-11-16 18:00:00,0.13592,0.13592,0.13592,0.12,0.12693276077730317,972.2065098800349,-0.0,93.42251193209513,0.0,878.7839979479397,878.7839979479397,0.0,0.0
7674,2019-11-16 18:00:00,11,2019-11-16 19:00:00,0.13592,0.13592,0.13592,0.12,0.0,766.7953197051256,-0.0,0.0,0.0,766.7953197051256,766.7953197051256,0.0,1.0
7675,2019-11-16 19:00:00,11,2019-11-16 20:00:00,0.13592,0.13592,0.13592,0.12,0.0,672.9102537460278,-0.0,0.0,0.0,672.9102537460278,672.9102537460278,0.0,1.0
7676,2019-11-16 20:00:00,11,2019-11-16 21:00:00,0.13592,0.13592,0.13592,0.12,0.0,493.1254802454653,-0.0,0.0,0.0,493.1254802454653,493.1254802454653,0.0,1.0
7677,2019-11-16 21:00:00,11,2019-11-16 22:00:00,0.10531,0.10531,0.10531,0.12,0.0,428.5568930744135,-0.0,0.0,0.0,428.5568930744135,428.5568930744135,0.0,0.0
7678,2019-11-16 22:00:00,11,2019-11-16 23:00:00,0.10531,0.10531,0.10531,0.12,0.0,270.791256563826,-0.0,0.0,0.0,270.791256563826,270.791256563826,0.0,0.0
7679,2019-11-16 23:00:00,11,2019-11-17 00:00:00,0.10531,0.10531,0.10531,0.12,0.0,232.52794611670208,-0.0,0.0,0.0,232.52794611670208,232.52794611670208,0.0,0.0
7680,2019-11-17 00:00:00,11,2019-11-17 01:00:00,0.10531,0.10531,0.10531,0.12,0.0,223.05435170936448,0.0,0.0,0.0,223.05435170936448,223.05435170936448,0.0,0.0
7681,2019-11-17 01:00:00,11,2019-11-17 02:00:00,0.10531,0.10531,0.10531,0.12,0.0,223.05435173029255,-0.0,0.0,0.0,223.05435173029255,223.05435173029255,0.0,0.0
7682,2019-11-17 02:00:00,11,2019-11-17 03:00:00,0.10531,0.10531,0.10531,0.12,0.0,223.0543517450197,-0.0,0.0,0.0,223.0543517450197,223.0543517450197,0.0,0.0
7683,2019-11-17 03:00:00,11,2019-11-17 04:00:00,0.10531,0.10531,0.10531,0.12,0.0,223.05435175587132,-0.0,0.0,0.0,223.05435175587132,223.05435175587132,0.0,0.0
7684,2019-11-17 04:00:00,11,2019-11-17 05:00:00,0.10531,0.10531,0.10531,0.12,0.0,232.527947048389,-0.0,0.0,0.0,232.527947048389,232.527947048389,0.0,0.0
7685,2019-11-17 05:00:00,11,2019-11-17 06:00:00,0.10531,0.10531,0.10531,0.12,0.0,270.79233107630773,-0.0,0.0,0.0,270.79233107630773,270.79233107630773,0.0,0.0
7686,2019-11-17 06:00:00,11,2019-11-17 07:00:00,0.10531,0.10531,0.10531,0.12,0.0,325.84436259613096,-342.30119515139717,0.0,0.0,668.1455577475281,668.1455577475281,0.0,1.0
7687,2019-11-17 07:00:00,11,2019-11-17 08:00:00,0.10531,0.10531,0.10531,0.12,0.39364637442410677,396.0724962482406,-400.00000000000006,0.0,0.0,796.0724962482407,796.0724962482407,0.0,1.0
7688,2019-11-17 08:00:00,11,2019-11-17 09:00:00,0.10531,0.10531,0.10531,0.12,0.8536463744241068,828.8617104824117,-127.26402223990715,0.0,0.0,956.1257327223188,956.1257327223188,0.0,1.0
7689,2019-11-17 09:00:00,11,2019-11-17 10:00:00,0.10531,0.10531,0.10531,0.12,1.0,840.7838859550333,0.0,0.0,0.0,840.7838859550333,840.7838859550333,0.0,0.0
7690,2019-11-17 10:00:00,11,2019-11-17 11:00:00,0.10531,0.10531,0.10531,0.12,1.0,878.40122128177,0.0,0.0,0.0,878.40122128177,878.40122128177,0.0,0.0
7691,2019-11-17 11:00:00,11,2019-11-17 12:00:00,0.10531,0.10531,0.10531,0.12,1.0,1024.4887962611988,-0.0,68.36306353887994,0.0,956.1257327223188,956.1257327223188,0.0,0.0
7692,2019-11-17 12:00:00,11,2019-11-17 13:00:00,0.10531,0.10531,0.10531,0.12,0.9071154028004349,1005.5977363515339,-0.0,49.47200362921501,0.0,956.1257327223188,956.1257327223188,0.0,0.0
7693,2019-11-17 13:00:00,11,2019-11-17 14:00:00,0.10531,0.10531,0.10531,0.12,0.8398980065650885,1050.4628602461423,-0.0,94.33712752382348,0.0,956.1257327223188,956.1257327223188,0.0,0.0
7694,2019-11-17 14:00:00,11,2019-11-17 15:00:00,0.10531,0.10531,0.10531,0.12,0.7117225615598934,1057.655300008427,-0.0,101.5295672861082,0.0,956.1257327223188,956.1257327223188,0.0,0.0
7695,2019-11-17 15:00:00,11,2019-11-17 16:00:00,0.10531,0.10531,0.10531,0.12,0.5737747799211594,1057.8762486334067,-0.0,101.75051591108786,0.0,956.1257327223188,956.1257327223188,0.0,0.0
7696,2019-11-17 16:00:00,11,2019-11-17 17:00:00,0.13592,0.13592,0.13592,0.12,0.4355267963463119,1090.4863443699712,-0.0,275.38306048952035,0.0,815.1032838804508,815.1032838804508,0.0,0.0
7697,2019-11-17 17:00:00,11,2019-11-17 18:00:00,0.13592,0.13592,0.13592,0.12,0.0613650293768549,1001.290394343684,-0.0,45.16466162136521,0.0,956.1257327223188,956.1257327223188,0.0,0.0
7698,2019-11-17 18:00:00,11,2019-11-17 19:00:00,0.13592,0.13592,0.13592,0.12,0.0,790.3057038790253,-0.0,0.0,0.0,790.3057038790253,790.3057038790253,0.0,1.0
7699,2019-11-17 19:00:00,11,2019-11-17 20:00:00,0.13592,0.13592,0.13592,0.12,0.0,678.9679856671212,-0.0,0.0,0.0,678.9679856671212,678.9679856671212,0.0,1.0
7700,2019-11-17 20:00:00,11,2019-11-17 21:00:00,0.13592,0.13592,0.13592,0.12,0.0,493.1105306509958,-0.0,0.0,0.0,493.1105306509958,493.1105306509958,0.0,0.0
7701,2019-11-17 21:00:00,11,2019-11-17 22:00:00,0.10531,0.10531,0.10531,0.12,0.0,428.5342325299229,-0.0,0.0,0.0,428.5342325299229,428.5342325299229,0.0,0.0
7702,2019-11-17 22:00:00,11,2019-11-17 23:00:00,0.10531,0.10531,0.10531,0.12,0.0,270.7912577032434,-0.0,0.0,0.0,270.7912577032434,270.7912577032434,0.0,0.0
7703,2019-11-17 23:00:00,11,2019-11-18 00:00:00,0.10531,0.10531,0.10531,0.12,0.0,232.52794716698142,-0.0,0.0,0.0,232.52794716698142,232.52794716698142,0.0,0.0
7704,2019-11-18 00:00:00,11,2019-11-18 01:00:00,0.10531,0.10531,0.10531,0.12,0.0,184.42211285409007,-0.0,0.0,0.0,184.42211285409007,184.42211285409007,0.0,1.0
7705,2019-11-18 01:00:00,11,2019-11-18 02:00:00,0.10531,0.10531,0.10531,0.12,0.0,184.42211283161177,-0.0,0.0,0.0,184.42211283161177,184.42211283161177,0.0,0.0
7706,2019-11-18 02:00:00,11,2019-11-18 03:00:00,0.10531,0.10531,0.10531,0.12,0.0,184.4221128153344,-0.0,0.0,0.0,184.4221128153344,184.4221128153344,0.0,0.0
7707,2019-11-18 03:00:00,11,2019-11-18 04:00:00,0.10531,0.10531,0.10531,0.12,0.0,184.42211280293256,-0.0,0.0,0.0,184.42211280293256,184.42211280293256,0.0,0.0
7708,2019-11-18 04:00:00,11,2019-11-18 05:00:00,0.10531,0.10531,0.10531,0.12,0.0,193.8957080776226,-0.0,0.0,0.0,193.8957080776226,193.8957080776226,0.0,1.0
7709,2019-11-18 05:00:00,11,2019-11-18 06:00:00,0.10531,0.10531,0.10531,0.12,0.0,212.84397261473237,-400.0,0.0,0.0,612.8439726147324,612.8439726147324,0.0,1.0
7710,2019-11-18 06:00:00,11,2019-11-18 07:00:00,0.10531,0.10531,0.10531,0.12,0.46,325.58276596320155,-0.0,0.0,0.0,325.58276596320155,325.58276596320155,0.0,0.0
7711,2019-11-18 07:00:00,11,2019-11-18 08:00:00,0.10531,0.10531,0.10531,0.12,0.46,334.6967028779457,-265.5680089464198,0.0,0.0,600.2647118243656,600.2647118243656,0.0,1.0
7712,2019-11-18 08:00:00,11,2019-11-18 09:00:00,0.10531,0.10531,0.10531,0.12,0.7654032102883828,551.6609192951299,-0.0,0.0,0.0,551.6609192951299,551.6609192951299,0.0,0.0
7713,2019-11-18 09:00:00,11,2019-11-18 10:00:00,0.10531,0.10531,0.10531,0.12,0.7654032102883828,523.2214461022363,-203.99720844488456,0.0,0.0,727.2186545471209,727.2186545471209,0.0,1.0
7714,2019-11-18 10:00:00,11,2019-11-18 11:00:00,0.10531,0.10531,0.10531,0.12,1.0,495.3767237842032,0.0,0.0,0.0,495.3767237842032,495.3767237842032,0.0,0.0
7715,2019-11-18 11:00:00,11,2019-11-18 12:00:00,0.10531,0.10531,0.10531,0.12,1.0,550.5358773737349,0.0,0.0,0.0,550.5358773737349,550.5358773737349,0.0,0.0
7716,2019-11-18 12:00:00,11,2019-11-18 13:00:00,0.10531,0.10531,0.10531,0.12,1.0,649.0438389474929,-0.0,-6.880659955727317e-14,0.0,649.043838947493,649.043838947493,0.0,1.0
7717,2019-11-18 13:00:00,11,2019-11-18 14:00:00,0.10531,0.10531,0.10531,0.12,1.0,727.2186545471209,-0.0,1.7053025658242404e-12,0.0,727.2186545471192,727.2186545471192,0.0,0.0
7718,2019-11-18 14:00:00,11,2019-11-18 15:00:00,0.10531,0.10531,0.10531,0.12,0.9999999999999978,539.6768806706708,-0.0,-1.2771712198017284e-12,0.0,539.676880670673,539.676880670673,0.0,1.0
7719,2019-11-18 15:00:00,11,2019-11-18 16:00:00,0.10531,0.10531,0.10531,0.12,1.0,538.7023248469328,-2.0194236939100694e-13,5.684341886080802e-14,0.0,538.702324846933,538.702324846933,0.0,1.0
7720,2019-11-18 16:00:00,11,2019-11-18 17:00:00,0.13592,0.13592,0.13592,0.12,1.0,521.246511974226,-0.0,399.99999999999983,0.0,121.24651197422617,121.24651197422617,0.0,0.0
7721,2019-11-18 17:00:00,11,2019-11-18 18:00:00,0.13592,0.13592,0.13592,0.12,0.45652173913043503,451.52014292113813,-0.0,0.0,0.0,451.52014292113813,451.52014292113813,0.0,0.0
7722,2019-11-18 18:00:00,11,2019-11-18 19:00:00,0.13592,0.13592,0.13592,0.12,0.45652173913043503,269.68518616800657,-0.0,85.26200463948653,0.0,184.4231815285201,184.4231815285201,0.0,0.0
7723,2019-11-18 19:00:00,11,2019-11-18 20:00:00,0.13592,0.13592,0.13592,0.12,0.3406766241311327,250.7379953605135,-0.0,250.73799536051368,0.0,-1.7053025658242404e-13,-1.7053025658242404e-13,0.0,0.0
7724,2019-11-18 20:00:00,11,2019-11-18 21:00:00,0.13592,0.13592,0.13592,0.12,0.0,250.7379960015327,-0.0,0.0,0.0,250.7379960015327,250.7379960015327,0.0,0.0
7725,2019-11-18 21:00:00,11,2019-11-18 22:00:00,0.10531,0.10531,0.10531,0.12,0.0,231.7915208326659,-0.0,-8.86882710669738e-15,0.0,231.7915208326659,231.7915208326659,0.0,0.0
7726,2019-11-18 22:00:00,11,2019-11-18 23:00:00,0.10531,0.10531,0.10531,0.12,0.0,212.84289860219906,-0.0,0.0,0.0,212.84289860219906,212.84289860219906,0.0,0.0
7727,2019-11-18 23:00:00,11,2019-11-19 00:00:00,0.10531,0.10531,0.10531,0.12,0.0,193.89570803809178,-0.0,0.0,0.0,193.89570803809178,193.89570803809178,0.0,0.0
7728,2019-11-19 00:00:00,11,2019-11-19 01:00:00,0.10531,0.10531,0.10531,0.12,0.0,184.4217554963573,-0.0,0.0,0.0,184.4217554963573,184.4217554963573,0.0,0.0
7729,2019-11-19 01:00:00,11,2019-11-19 02:00:00,0.10531,0.10531,0.10531,0.12,0.0,184.42175559479676,-0.0,0.0,0.0,184.42175559479676,184.42175559479676,0.0,0.0
7730,2019-11-19 02:00:00,11,2019-11-19 03:00:00,0.10531,0.10531,0.10531,0.12,0.0,184.42175560642346,-0.0,0.0,0.0,184.42175560642346,184.42175560642346,0.0,0.0
7731,2019-11-19 03:00:00,11,2019-11-19 04:00:00,0.10531,0.10531,0.10531,0.12,0.0,184.42175551883562,-0.0,0.0,0.0,184.42175551883562,184.42175551883562,0.0,0.0
7732,2019-11-19 04:00:00,11,2019-11-19 05:00:00,0.10531,0.10531,0.10531,0.12,0.0,193.89535057571862,-0.0,0.0,0.0,193.89535057571862,193.89535057571862,0.0,0.0
7733,2019-11-19 05:00:00,11,2019-11-19 06:00:00,0.10531,0.10531,0.10531,0.12,0.0,212.84361567478595,-0.0,0.0,0.0,212.84361567478595,212.84361567478595,0.0,0.0
7734,2019-11-19 06:00:00,11,2019-11-19 07:00:00,0.10531,0.10531,0.10531,0.12,0.0,244.11460771390873,-0.0,0.0,0.0,244.11460771390873,244.11460771390873,0.0,0.0
7735,2019-11-19 07:00:00,11,2019-11-19 08:00:00,0.10531,0.10531,0.10531,0.12,0.0,229.95022452606324,-310.6857439832363,0.0,0.0,540.6359685092996,540.6359685092996,0.0,1.0
7736,2019-11-19 08:00:00,11,2019-11-19 09:00:00,0.10531,0.10531,0.10531,0.12,0.3572886055807218,229.95022457101985,-310.68574393827976,0.0,0.0,540.6359685092996,540.6359685092996,0.0,1.0
7737,2019-11-19 09:00:00,11,2019-11-19 10:00:00,0.10531,0.10531,0.10531,0.12,0.7145772111097435,310.78438586506786,-0.0,0.0,0.0,310.78438586506786,310.78438586506786,0.0,0.0
7738,2019-11-19 10:00:00,11,2019-11-19 11:00:00,0.10531,0.10531,0.10531,0.12,0.7145772111097435,326.19778313170724,-0.0,0.0,0.0,326.19778313170724,326.19778313170724,0.0,0.0
7739,2019-11-19 11:00:00,11,2019-11-19 12:00:00,0.10531,0.10531,0.10531,0.12,0.7145772111097435,280.67071456305075,-0.0,0.0,0.0,280.67071456305075,280.67071456305075,0.0,0.0
7740,2019-11-19 12:00:00,11,2019-11-19 13:00:00,0.10531,0.10531,0.10531,0.12,0.7145772111097435,311.74705044493504,-0.0,0.0,0.0,311.74705044493504,311.74705044493504,0.0,0.0
7741,2019-11-19 13:00:00,11,2019-11-19 14:00:00,0.10531,0.10531,0.10531,0.12,0.7145772111097435,305.0203682433364,-0.0,0.0,0.0,305.0203682433364,305.0203682433364,0.0,0.0
7742,2019-11-19 14:00:00,11,2019-11-19 15:00:00,0.10531,0.10531,0.10531,0.12,0.7145772111097435,371.2633498366067,-248.19372946978828,0.0,0.0,619.457079306395,619.457079306395,0.0,1.0
7743,2019-11-19 15:00:00,11,2019-11-19 16:00:00,0.10531,0.10531,0.10531,0.12,1.0,292.4422390395113,-0.0,0.0,0.0,292.4422390395113,292.4422390395113,0.0,0.0
7744,2019-11-19 16:00:00,11,2019-11-19 17:00:00,0.13592,0.13592,0.13592,0.12,1.0,208.1517537801018,-0.0,208.1517537801018,0.0,0.0,0.0,1.0,0.0
7745,2019-11-19 17:00:00,11,2019-11-19 18:00:00,0.13592,0.13592,0.13592,0.12,0.7171851171466008,269.6841130406533,-0.0,269.6841130406533,0.0,0.0,0.0,0.0,0.0
7746,2019-11-19 18:00:00,11,2019-11-19 19:00:00,0.13592,0.13592,0.13592,0.12,0.35076648529788707,269.68411285152547,-0.0,258.1641331792449,0.0,11.519979672280556,11.519979672280556,0.0,0.0
7747,2019-11-19 19:00:00,11,2019-11-19 20:00:00,0.13592,0.13592,0.13592,0.12,0.0,250.73692227269112,-0.0,0.0,0.0,250.73692227269112,250.73692227269112,0.0,0.0
7748,2019-11-19 20:00:00,11,2019-11-19 21:00:00,0.13592,0.13592,0.13592,0.12,0.0,250.73692246879492,-0.0,0.0,0.0,250.73692246879492,250.73692246879492,0.0,0.0
7749,2019-11-19 21:00:00,11,2019-11-19 22:00:00,0.10531,0.10531,0.10531,0.12,0.0,231.79080646600156,-0.0,0.0,0.0,231.79080646600156,231.79080646600156,0.0,0.0
7750,2019-11-19 22:00:00,11,2019-11-19 23:00:00,0.10531,0.10531,0.10531,0.12,0.0,212.84254125996856,-0.0,0.0,0.0,212.84254125996856,212.84254125996856,0.0,0.0
7751,2019-11-19 23:00:00,11,2019-11-20 00:00:00,0.10531,0.10531,0.10531,0.12,0.0,193.89535086018543,-0.0,0.0,0.0,193.89535086018543,193.89535086018543,0.0,1.0
7752,2019-11-20 00:00:00,11,2019-11-20 01:00:00,0.10531,0.10531,0.10531,0.12,0.0,223.0543543881581,0.0,0.0,0.0,223.0543543881581,223.0543543881581,0.0,0.0
7753,2019-11-20 01:00:00,11,2019-11-20 02:00:00,0.10531,0.10531,0.10531,0.12,0.0,223.05435435637844,-0.0,0.0,0.0,223.05435435637844,223.05435435637844,0.0,0.0
7754,2019-11-20 02:00:00,11,2019-11-20 03:00:00,0.10531,0.10531,0.10531,0.12,0.0,223.05435433312502,-0.0,0.0,0.0,223.05435433312502,223.05435433312502,0.0,0.0
7755,2019-11-20 03:00:00,11,2019-11-20 04:00:00,0.10531,0.10531,0.10531,0.12,0.0,223.0543543160725,-0.0,0.0,0.0,223.0543543160725,223.0543543160725,0.0,0.0
7756,2019-11-20 04:00:00,11,2019-11-20 05:00:00,0.10531,0.10531,0.10531,0.12,0.0,232.52794958766208,-0.0,0.0,0.0,232.52794958766208,232.52794958766208,0.0,0.0
7757,2019-11-20 05:00:00,11,2019-11-20 06:00:00,0.10531,0.10531,0.10531,0.12,0.0,270.7923352115403,-0.0,0.0,0.0,270.7923352115403,270.7923352115403,0.0,0.0
7758,2019-11-20 06:00:00,11,2019-11-20 07:00:00,0.10531,0.10531,0.10531,0.12,0.0,325.1355689944864,-372.3627500727279,0.0,0.0,697.4983190672143,697.4983190672143,0.0,1.0
7759,2019-11-20 07:00:00,11,2019-11-20 08:00:00,0.10531,0.10531,0.10531,0.12,0.4282171625836371,388.13394730800763,-400.00000000000006,0.0,0.0,788.1339473080077,788.1339473080077,0.0,1.0
7760,2019-11-20 08:00:00,11,2019-11-20 09:00:00,0.10531,0.10531,0.10531,0.12,0.8882171625836373,858.9232654037424,-97.2024673185764,0.0,0.0,956.1257327223188,956.1257327223188,0.0,1.0
7761,2019-11-20 09:00:00,11,2019-11-20 10:00:00,0.10531,0.10531,0.10531,0.12,1.0,872.4865306769968,0.0,0.0,0.0,872.4865306769968,872.4865306769968,0.0,0.0
7762,2019-11-20 10:00:00,11,2019-11-20 11:00:00,0.10531,0.10531,0.10531,0.12,1.0,897.1064878026831,-0.0,0.0,0.0,897.1064878026831,897.1064878026831,0.0,0.0
7763,2019-11-20 11:00:00,11,2019-11-20 12:00:00,0.10531,0.10531,0.10531,0.12,1.0,958.5555348582901,-0.0,2.429802135971272,0.0,956.1257327223188,956.1257327223188,0.0,0.0
7764,2019-11-20 12:00:00,11,2019-11-20 13:00:00,0.10531,0.10531,0.10531,0.12,0.996698638402213,940.6704463491601,-2.870749215466988,0.0,0.0,943.5411955646271,943.5411955646271,0.0,1.0
7765,2019-11-20 13:00:00,11,2019-11-20 14:00:00,0.10531,0.10531,0.10531,0.12,1.0,986.889832536614,-0.0,30.76409981429515,0.0,956.1257327223188,956.1257327223188,0.0,0.0
7766,2019-11-20 14:00:00,11,2019-11-20 15:00:00,0.10531,0.10531,0.10531,0.12,0.9582009513392729,999.2209356116034,-0.0,43.095202889284565,0.0,956.1257327223188,956.1257327223188,0.0,0.0
7767,2019-11-20 15:00:00,11,2019-11-20 16:00:00,0.10531,0.10531,0.10531,0.12,0.8996476865440494,1014.1828619261116,-0.0,58.05712920379278,0.0,956.1257327223188,956.1257327223188,0.0,0.0
7768,2019-11-20 16:00:00,11,2019-11-20 17:00:00,0.13592,0.13592,0.13592,0.12,0.820765717517157,1059.353897415347,-0.0,400.0,0.0,659.3538974153471,659.3538974153471,0.0,0.0
7769,2019-11-20 17:00:00,11,2019-11-20 18:00:00,0.13592,0.13592,0.13592,0.12,0.27728745664759186,1001.1626639535751,-0.0,204.08356809262764,0.0,797.0790958609475,797.0790958609475,0.0,0.0
7770,2019-11-20 18:00:00,11,2019-11-20 19:00:00,0.13592,0.13592,0.13592,0.12,0.0,841.8534900823404,-0.0,0.0,0.0,841.8534900823404,841.8534900823404,0.0,1.0
7771,2019-11-20 19:00:00,11,2019-11-20 20:00:00,0.13592,0.13592,0.13592,0.12,0.0,816.970070295943,-0.0,0.0,0.0,816.970070295943,816.970070295943,0.0,1.0
7772,2019-11-20 20:00:00,11,2019-11-20 21:00:00,0.13592,0.13592,0.13592,0.12,0.0,693.996922080375,-0.0,0.0,0.0,693.996922080375,693.996922080375,0.0,1.0
7773,2019-11-20 21:00:00,11,2019-11-20 22:00:00,0.10531,0.10531,0.10531,0.12,0.0,618.6368333743777,-0.0,0.0,0.0,618.6368333743777,618.6368333743777,0.0,1.0
7774,2019-11-20 22:00:00,11,2019-11-20 23:00:00,0.10531,0.10531,0.10531,0.12,0.0,270.79126010842174,-0.0,0.0,0.0,270.79126010842174,270.79126010842174,0.0,0.0
7775,2019-11-20 23:00:00,11,2019-11-21 00:00:00,0.10531,0.10531,0.10531,0.12,0.0,232.52794961324085,-0.0,0.0,0.0,232.52794961324085,232.52794961324085,0.0,0.0
7776,2019-11-21 00:00:00,11,2019-11-21 01:00:00,0.10531,0.10531,0.10531,0.12,0.0,223.05435513536787,0.0,0.0,0.0,223.05435513536787,223.05435513536787,0.0,0.0
7777,2019-11-21 01:00:00,11,2019-11-21 02:00:00,0.10531,0.10531,0.10531,0.12,0.0,223.05435511521495,-0.0,0.0,0.0,223.05435511521495,223.05435511521495,0.0,0.0
7778,2019-11-21 02:00:00,11,2019-11-21 03:00:00,0.10531,0.10531,0.10531,0.12,0.0,223.05435510048775,-0.0,0.0,0.0,223.05435510048775,223.05435510048775,0.0,0.0
7779,2019-11-21 03:00:00,11,2019-11-21 04:00:00,0.10531,0.10531,0.10531,0.12,0.0,223.05435508963615,-0.0,0.0,0.0,223.05435508963615,223.05435508963615,0.0,0.0
7780,2019-11-21 04:00:00,11,2019-11-21 05:00:00,0.10531,0.10531,0.10531,0.12,0.0,232.52795036587645,-0.0,0.0,0.0,232.52795036587645,232.52795036587645,0.0,0.0
7781,2019-11-21 05:00:00,11,2019-11-21 06:00:00,0.10531,0.10531,0.10531,0.12,0.0,270.79233597812794,-0.0,0.0,0.0,270.79233597812794,270.79233597812794,0.0,0.0
7782,2019-11-21 06:00:00,11,2019-11-21 07:00:00,0.10531,0.10531,0.10531,0.12,0.0,325.4885441356694,-323.50233446970486,0.0,0.0,648.9908786053743,648.9908786053743,0.0,1.0
7783,2019-11-21 07:00:00,11,2019-11-21 08:00:00,0.10531,0.10531,0.10531,0.12,0.3720276846401606,388.11427972550814,-400.0,0.0,0.0,788.1142797255081,788.1142797255081,0.0,1.0
7784,2019-11-21 08:00:00,11,2019-11-21 09:00:00,0.10531,0.10531,0.10531,0.12,0.8320276846401606,858.0981904781892,-98.02754224412968,0.0,0.0,956.1257327223188,956.1257327223188,0.0,1.0
7785,2019-11-21 09:00:00,11,2019-11-21 10:00:00,0.10531,0.10531,0.10531,0.12,0.9447593582209097,851.3434307882202,0.0,0.0,0.0,851.3434307882202,851.3434307882202,0.0,0.0
7786,2019-11-21 10:00:00,11,2019-11-21 11:00:00,0.10531,0.10531,0.10531,0.12,0.9447593582209097,857.4365035767916,-0.0,0.0,0.0,857.4365035767916,857.4365035767916,0.0,0.0
7787,2019-11-21 11:00:00,11,2019-11-21 12:00:00,0.10531,0.10531,0.10531,0.12,0.9447593582209097,926.3109000578888,-29.814832664430014,0.0,0.0,956.1257327223188,956.1257327223188,0.0,1.0
7788,2019-11-21 12:00:00,11,2019-11-21 13:00:00,0.10531,0.10531,0.10531,0.12,0.9790464157850043,937.9052247092791,-18.220508013039762,0.0,0.0,956.1257327223188,956.1257327223188,0.0,1.0
7789,2019-11-21 13:00:00,11,2019-11-21 14:00:00,0.10531,0.10531,0.10531,0.12,1.0,992.8481107563632,-0.0,36.72237803404437,0.0,956.1257327223188,956.1257327223188,0.0,0.0
7790,2019-11-21 14:00:00,11,2019-11-21 15:00:00,0.10531,0.10531,0.10531,0.12,0.9501054646276572,997.4111678205423,-0.0,41.2854350982235,0.0,956.1257327223188,956.1257327223188,0.0,0.0
7791,2019-11-21 15:00:00,11,2019-11-21 16:00:00,0.10531,0.10531,0.10531,0.12,0.8940111234615926,998.7524186718226,-0.0,42.62668594950378,0.0,956.1257327223188,956.1257327223188,0.0,0.0
7792,2019-11-21 16:00:00,11,2019-11-21 17:00:00,0.13592,0.13592,0.13592,0.12,0.836094430595419,1017.6274561557585,-0.0,400.0,0.0,617.6274561557585,617.6274561557585,0.0,0.0
7793,2019-11-21 17:00:00,11,2019-11-21 18:00:00,0.13592,0.13592,0.13592,0.12,0.29261616972585386,916.6423440062016,-0.0,215.36550091822846,0.0,701.2768430879731,701.2768430879731,0.0,0.0
7794,2019-11-21 18:00:00,11,2019-11-21 19:00:00,0.13592,0.13592,0.13592,0.12,0.0,760.6220104534389,-0.0,0.0,0.0,760.6220104534389,760.6220104534389,0.0,1.0
7795,2019-11-21 19:00:00,11,2019-11-21 20:00:00,0.13592,0.13592,0.13592,0.12,0.0,733.184926000968,-0.0,0.0,0.0,733.184926000968,733.184926000968,0.0,1.0
7796,2019-11-21 20:00:00,11,2019-11-21 21:00:00,0.13592,0.13592,0.13592,0.12,0.0,564.3937759229294,-0.0,0.0,0.0,564.3937759229294,564.3937759229294,0.0,1.0
7797,2019-11-21 21:00:00,11,2019-11-21 22:00:00,0.10531,0.10531,0.10531,0.12,0.0,504.1949615662223,-0.0,0.0,0.0,504.1949615662223,504.1949615662223,0.0,1.0
7798,2019-11-21 22:00:00,11,2019-11-21 23:00:00,0.10531,0.10531,0.10531,0.12,0.0,270.79126079439754,-0.0,0.0,0.0,270.79126079439754,270.79126079439754,0.0,0.0
7799,2019-11-21 23:00:00,11,2019-11-22 00:00:00,0.10531,0.10531,0.10531,0.12,0.0,232.52795034494838,-0.0,0.0,0.0,232.52795034494838,232.52795034494838,0.0,0.0
7800,2019-11-22 00:00:00,11,2019-11-22 01:00:00,0.10531,0.10531,0.10531,0.12,0.0,223.05435589652973,-0.0,0.0,0.0,223.05435589652973,223.05435589652973,0.0,0.0
7801,2019-11-22 01:00:00,11,2019-11-22 02:00:00,0.10531,0.10531,0.10531,0.12,0.0,223.05435590350575,-0.0,0.0,0.0,223.05435590350575,223.05435590350575,0.0,0.0
7802,2019-11-22 02:00:00,11,2019-11-22 03:00:00,0.10531,0.10531,0.10531,0.12,0.0,223.05435590350575,-0.0,0.0,0.0,223.05435590350575,223.05435590350575,0.0,0.0
7803,2019-11-22 03:00:00,11,2019-11-22 04:00:00,0.10531,0.10531,0.10531,0.12,0.0,223.05435589342926,-0.0,0.0,0.0,223.05435589342926,223.05435589342926,0.0,0.0
7804,2019-11-22 04:00:00,11,2019-11-22 05:00:00,0.10531,0.10531,0.10531,0.12,0.0,232.52795116966954,-0.0,0.0,0.0,232.52795116966954,232.52795116966954,0.0,0.0
7805,2019-11-22 05:00:00,11,2019-11-22 06:00:00,0.10531,0.10531,0.10531,0.12,0.0,270.79233708886613,-0.0,0.0,0.0,270.79233708886613,270.79233708886613,0.0,0.0
7806,2019-11-22 06:00:00,11,2019-11-22 07:00:00,0.10531,0.10531,0.10531,0.12,0.0,332.31161479880114,-400.0,0.0,0.0,732.3116147988012,732.3116147988012,0.0,1.0
7807,2019-11-22 07:00:00,11,2019-11-22 08:00:00,0.10531,0.10531,0.10531,0.12,0.46,388.1289590447402,-400.0,0.0,0.0,788.1289590447402,788.1289590447402,0.0,1.0
7808,2019-11-22 08:00:00,11,2019-11-22 09:00:00,0.10531,0.10531,0.10531,0.12,0.92,812.9524209888729,-0.0,0.0,0.0,812.9524209888729,812.9524209888729,0.0,0.0
7809,2019-11-22 09:00:00,11,2019-11-22 10:00:00,0.10531,0.10531,0.10531,0.12,0.92,866.709335564152,-0.0,0.0,0.0,866.709335564152,866.709335564152,0.0,0.0
7810,2019-11-22 10:00:00,11,2019-11-22 11:00:00,0.10531,0.10531,0.10531,0.12,0.92,901.424163915708,-42.1083919387743,0.0,0.0,943.5325558544823,943.5325558544823,0.0,1.0
7811,2019-11-22 11:00:00,11,2019-11-22 12:00:00,0.10531,0.10531,0.10531,0.12,0.9684246507295904,954.5084161861864,-1.6173165361324209,0.0,0.0,956.1257327223188,956.1257327223188,0.0,1.0
7812,2019-11-22 12:00:00,11,2019-11-22 13:00:00,0.10531,0.10531,0.10531,0.12,0.9702845647461428,930.2862238059212,-25.839508916397676,0.0,0.0,956.1257327223188,956.1257327223188,0.0,1.0
7813,2019-11-22 13:00:00,11,2019-11-22 14:00:00,0.10531,0.10531,0.10531,0.12,1.0,997.2336315340345,-0.0,41.1078988117157,0.0,956.1257327223188,956.1257327223188,0.0,0.0
7814,2019-11-22 14:00:00,11,2019-11-22 15:00:00,0.10531,0.10531,0.10531,0.12,0.9441468766145168,984.6401283709614,-0.0,28.514395648642562,0.0,956.1257327223188,956.1257327223188,0.0,0.0
7815,2019-11-22 15:00:00,11,2019-11-22 16:00:00,0.10531,0.10531,0.10531,0.12,0.9054044912223393,993.5684489368417,-0.0,37.442716214522875,0.0,956.1257327223188,956.1257327223188,0.0,0.0
7816,2019-11-22 16:00:00,11,2019-11-22 17:00:00,0.13592,0.13592,0.13592,0.12,0.8545312354960855,1016.0473729417802,-0.0,59.921640219461324,0.0,956.1257327223188,956.1257327223188,0.0,0.0
7817,2019-11-22 17:00:00,11,2019-11-22 18:00:00,0.13592,0.13592,0.13592,0.12,0.7731159634587739,859.2456748091982,-0.0,400.0,0.0,459.24567480919825,459.24567480919825,0.0,0.0
7818,2019-11-22 18:00:00,11,2019-11-22 19:00:00,0.13592,0.13592,0.13592,0.12,0.22963770258920874,665.7947135924134,-0.0,0.0,0.0,665.7947135924134,665.7947135924134,0.0,1.0
7819,2019-11-22 19:00:00,11,2019-11-22 20:00:00,0.13592,0.13592,0.13592,0.12,0.22963770258920874,589.4347454679216,-0.0,169.01334910565765,0.0,420.421396362264,420.421396362264,0.0,0.0
7820,2019-11-22 20:00:00,11,2019-11-22 21:00:00,0.13592,0.13592,0.13592,0.12,0.0,447.4784664879811,-0.0,0.0,0.0,447.4784664879811,447.4784664879811,0.0,0.0
7821,2019-11-22 21:00:00,11,2019-11-22 22:00:00,0.10531,0.10531,0.10531,0.12,0.0,428.546974263634,-0.0,0.0,0.0,428.546974263634,428.546974263634,0.0,0.0
7822,2019-11-22 22:00:00,11,2019-11-22 23:00:00,0.10531,0.10531,0.10531,0.12,0.0,270.79126146797154,-0.0,0.0,0.0,270.79126146797154,270.79126146797154,0.0,0.0
7823,2019-11-22 23:00:00,11,2019-11-23 00:00:00,0.10531,0.10531,0.10531,0.12,0.0,232.52795105107714,-0.0,0.0,0.0,232.52795105107714,232.52795105107714,0.0,0.0
7824,2019-11-23 00:00:00,11,2019-11-23 01:00:00,0.10531,0.10531,0.10531,0.12,0.0,184.42175783022523,-0.0,0.0,0.0,184.42175783022523,184.42175783022523,0.0,0.0
7825,2019-11-23 01:00:00,11,2019-11-23 02:00:00,0.10531,0.10531,0.10531,0.12,0.0,184.42175797904707,-0.0,0.0,0.0,184.42175797904707,184.42175797904707,0.0,0.0
7826,2019-11-23 02:00:00,11,2019-11-23 03:00:00,0.10531,0.10531,0.10531,0.12,0.0,184.4217581798016,-0.0,0.0,0.0,184.4217581798016,184.4217581798016,0.0,0.0
7827,2019-11-23 03:00:00,11,2019-11-23 04:00:00,0.10531,0.10531,0.10531,0.12,0.0,184.42175824258578,-0.0,0.0,0.0,184.42175824258578,184.42175824258578,0.0,0.0
7828,2019-11-23 04:00:00,11,2019-11-23 05:00:00,0.10531,0.10531,0.10531,0.12,0.0,193.89535343666404,-0.0,0.0,0.0,193.89535343666404,193.89535343666404,0.0,0.0
7829,2019-11-23 05:00:00,11,2019-11-23 06:00:00,0.10531,0.10531,0.10531,0.12,0.0,212.84361994721374,-0.0,0.0,0.0,212.84361994721374,212.84361994721374,0.0,0.0
7830,2019-11-23 06:00:00,11,2019-11-23 07:00:00,0.10531,0.10531,0.10531,0.12,0.0,250.73692522587504,-0.0,0.0,0.0,250.73692522587504,250.73692522587504,0.0,0.0
7831,2019-11-23 07:00:00,11,2019-11-23 08:00:00,0.10531,0.10531,0.10531,0.12,0.0,229.95022747924716,-308.05292658909286,0.0,0.0,538.00315406834,538.00315406834,0.0,1.0
7832,2019-11-23 08:00:00,11,2019-11-23 09:00:00,0.10531,0.10531,0.10531,0.12,0.35426086557745684,229.9502273249995,-0.0,0.0,0.0,229.9502273249995,229.9502273249995,0.0,0.0
7833,2019-11-23 09:00:00,11,2019-11-23 10:00:00,0.10531,0.10531,0.10531,0.12,0.35426086557745684,208.44842873858326,-0.0,0.0,0.0,208.44842873858326,208.44842873858326,0.0,0.0
7834,2019-11-23 10:00:00,11,2019-11-23 11:00:00,0.10531,0.10531,0.10531,0.12,0.35426086557745684,175.69837592742684,-0.0,0.0,0.0,175.69837592742684,175.69837592742684,0.0,0.0
7835,2019-11-23 11:00:00,11,2019-11-23 12:00:00,0.10531,0.10531,0.10531,0.12,0.35426086557745684,181.53455303022022,-0.0,0.0,0.0,181.53455303022022,181.53455303022022,0.0,0.0
7836,2019-11-23 12:00:00,11,2019-11-23 13:00:00,0.10531,0.10531,0.10531,0.12,0.35426086557745684,215.63860682007638,-0.0,0.0,0.0,215.63860682007638,215.63860682007638,0.0,0.0
7837,2019-11-23 13:00:00,11,2019-11-23 14:00:00,0.10531,0.10531,0.10531,0.12,0.35426086557745684,295.4096042988391,-161.51229080221142,0.0,0.0,456.9218951010505,456.9218951010505,0.0,1.0
7838,2019-11-23 14:00:00,11,2019-11-23 15:00:00,0.10531,0.10531,0.10531,0.12,0.54,298.8554105143921,-0.0,0.0,0.0,298.8554105143921,298.8554105143921,0.0,0.0
7839,2019-11-23 15:00:00,11,2019-11-23 16:00:00,0.10531,0.10531,0.10531,0.12,0.54,297.24060216713235,-400.0,0.0,0.0,697.2406021671324,697.2406021671324,0.0,1.0
7840,2019-11-23 16:00:00,11,2019-11-23 17:00:00,0.13592,0.13592,0.13592,0.12,1.0,208.15175634417855,-0.0,208.15175634417855,0.0,0.0,0.0,1.0,0.0
7841,2019-11-23 17:00:00,11,2019-11-23 18:00:00,0.13592,0.13592,0.13592,0.12,0.717185113662801,269.68411580548457,-0.0,269.68411580548457,0.0,0.0,0.0,0.0,0.0
7842,2019-11-23 18:00:00,11,2019-11-23 19:00:00,0.13592,0.13592,0.13592,0.12,0.35076647805752303,269.6841158132357,-0.0,258.16412785033697,0.0,11.51998796289871,11.51998796289871,0.0,0.0
7843,2019-11-23 19:00:00,11,2019-11-23 20:00:00,0.13592,0.13592,0.13592,0.12,0.0,250.73692514758852,-0.0,0.0,0.0,250.73692514758852,250.73692514758852,0.0,0.0
7844,2019-11-23 20:00:00,11,2019-11-23 21:00:00,0.13592,0.13592,0.13592,0.12,0.0,250.7369248918009,-0.0,0.0,0.0,250.7369248918009,250.7369248918009,0.0,0.0
7845,2019-11-23 21:00:00,11,2019-11-23 22:00:00,0.10531,0.10531,0.10531,0.12,0.0,231.7908108624476,-0.0,0.0,0.0,231.7908108624476,231.7908108624476,0.0,0.0
7846,2019-11-23 22:00:00,11,2019-11-23 23:00:00,0.10531,0.10531,0.10531,0.12,0.0,212.8425439139585,-0.0,0.0,0.0,212.8425439139585,212.8425439139585,0.0,0.0
7847,2019-11-23 23:00:00,11,2019-11-24 00:00:00,0.10531,0.10531,0.10531,0.12,0.0,193.89535313824516,-0.0,0.0,0.0,193.89535313824516,193.89535313824516,0.0,0.0
7848,2019-11-24 00:00:00,11,2019-11-24 01:00:00,0.10531,0.10531,0.10531,0.12,0.0,223.05435745373353,0.0,0.0,0.0,223.05435745373353,223.05435745373353,0.0,0.0
7849,2019-11-24 01:00:00,11,2019-11-24 02:00:00,0.10531,0.10531,0.10531,0.12,0.0,223.0543574793123,-0.0,0.0,0.0,223.0543574793123,223.0543574793123,0.0,0.0
7850,2019-11-24 02:00:00,11,2019-11-24 03:00:00,0.10531,0.10531,0.10531,0.12,0.0,223.0543574963648,-0.0,0.0,0.0,223.0543574963648,223.0543574963648,0.0,0.0
7851,2019-11-24 03:00:00,11,2019-11-24 04:00:00,0.10531,0.10531,0.10531,0.12,0.0,223.05435749869014,-348.0856707617402,0.0,0.0,571.1400282604303,571.1400282604303,0.0,1.0
7852,2019-11-24 04:00:00,11,2019-11-24 05:00:00,0.10531,0.10531,0.10531,0.12,0.40029852137600125,232.52795277648062,-0.0,0.0,0.0,232.52795277648062,232.52795277648062,0.0,0.0
7853,2019-11-24 05:00:00,11,2019-11-24 06:00:00,0.10531,0.10531,0.10531,0.12,0.40029852137600125,270.7923398901278,-0.0,0.0,0.0,270.7923398901278,270.7923398901278,0.0,0.0
7854,2019-11-24 06:00:00,11,2019-11-24 07:00:00,0.10531,0.10531,0.10531,0.12,0.40029852137600125,331.92022023464716,-0.0,0.0,0.0,331.92022023464716,331.92022023464716,0.0,0.0
7855,2019-11-24 07:00:00,11,2019-11-24 08:00:00,0.10531,0.10531,0.10531,0.12,0.40029852137600125,396.11360014174994,-399.99999999999994,0.0,0.0,796.1136001417499,796.1136001417499,0.0,1.0
7856,2019-11-24 08:00:00,11,2019-11-24 09:00:00,0.10531,0.10531,0.10531,0.12,0.8602985213760012,812.962628820244,0.0,0.0,0.0,812.962628820244,812.962628820244,0.0,0.0
7857,2019-11-24 09:00:00,11,2019-11-24 10:00:00,0.10531,0.10531,0.10531,0.12,0.8602985213760012,784.8061638939887,0.0,0.0,0.0,784.8061638939887,784.8061638939887,0.0,0.0
7858,2019-11-24 10:00:00,11,2019-11-24 11:00:00,0.10531,0.10531,0.10531,0.12,0.8602985213760012,777.9546491399703,0.0,0.0,0.0,777.9546491399703,777.9546491399703,0.0,0.0
7859,2019-11-24 11:00:00,11,2019-11-24 12:00:00,0.10531,0.10531,0.10531,0.12,0.8602985213760012,835.4258227879149,-0.0,0.0,0.0,835.4258227879149,835.4258227879149,0.0,0.0
7860,2019-11-24 12:00:00,11,2019-11-24 13:00:00,0.10531,0.10531,0.10531,0.12,0.8602985213760012,834.6461860927546,-121.4795466295642,0.0,0.0,956.1257327223188,956.1257327223188,0.0,1.0
7861,2019-11-24 13:00:00,11,2019-11-24 14:00:00,0.10531,0.10531,0.10531,0.12,1.0,980.8522758774654,-0.0,24.7265431551466,0.0,956.1257327223188,956.1257327223188,0.0,0.0
7862,2019-11-24 14:00:00,11,2019-11-24 15:00:00,0.10531,0.10531,0.10531,0.12,0.9664041533218116,1019.9363487621692,-0.0,63.8106160398504,0.0,956.1257327223188,956.1257327223188,0.0,0.0
7863,2019-11-24 15:00:00,11,2019-11-24 16:00:00,0.10531,0.10531,0.10531,0.12,0.879704946745928,1003.1056868365083,-0.0,46.97995411418947,0.0,956.1257327223188,956.1257327223188,0.0,0.0
7864,2019-11-24 16:00:00,11,2019-11-24 17:00:00,0.13592,0.13592,0.13592,0.12,0.8158734873516488,975.3872520084989,-0.0,200.48288669081356,0.0,774.9043653176853,774.9043653176853,0.0,0.0
7865,2019-11-24 17:00:00,11,2019-11-24 18:00:00,0.13592,0.13592,0.13592,0.12,0.5434782608695652,854.3272353589815,-0.0,400.0,0.0,454.3272353589815,454.3272353589815,0.0,0.0
7866,2019-11-24 18:00:00,11,2019-11-24 19:00:00,0.13592,0.13592,0.13592,0.12,0.0,664.065978280854,-0.0,0.0,0.0,664.065978280854,664.065978280854,0.0,1.0
7867,2019-11-24 19:00:00,11,2019-11-24 20:00:00,0.13592,0.13592,0.13592,0.12,0.0,632.7942889632277,-0.0,0.0,0.0,632.7942889632277,632.7942889632277,0.0,1.0
7868,2019-11-24 20:00:00,11,2019-11-24 21:00:00,0.13592,0.13592,0.13592,0.12,0.0,492.6681091380294,-0.0,0.0,0.0,492.6681091380294,492.6681091380294,0.0,0.0
7869,2019-11-24 21:00:00,11,2019-11-24 22:00:00,0.10531,0.10531,0.10531,0.12,0.0,476.3175049740064,-0.0,0.0,0.0,476.3175049740064,476.3175049740064,0.0,0.0
7870,2019-11-24 22:00:00,11,2019-11-24 23:00:00,0.10531,0.10531,0.10531,0.12,0.0,270.7912631445429,-0.0,0.0,0.0,270.7912631445429,270.7912631445429,0.0,0.0
7871,2019-11-24 23:00:00,11,2019-11-25 00:00:00,0.10531,0.10531,0.10531,0.12,0.0,232.5279527198973,-0.0,0.0,0.0,232.5279527198973,232.5279527198973,0.0,0.0
7872,2019-11-25 00:00:00,11,2019-11-25 01:00:00,0.10531,0.10531,0.10531,0.12,0.0,184.42211843180962,-0.0,0.0,0.0,184.42211843180962,184.42211843180962,0.0,1.0
7873,2019-11-25 01:00:00,11,2019-11-25 02:00:00,0.10531,0.10531,0.10531,0.12,0.0,184.4221184535128,-0.0,0.0,0.0,184.4221184535128,184.4221184535128,0.0,1.0
7874,2019-11-25 02:00:00,11,2019-11-25 03:00:00,0.10531,0.10531,0.10531,0.12,0.0,184.42211847056532,-0.0,0.0,0.0,184.42211847056532,184.42211847056532,0.0,1.0
7875,2019-11-25 03:00:00,11,2019-11-25 04:00:00,0.10531,0.10531,0.10531,0.12,0.0,184.4221184581635,-0.0,0.0,0.0,184.4221184581635,184.4221184581635,0.0,1.0
7876,2019-11-25 04:00:00,11,2019-11-25 05:00:00,0.10531,0.10531,0.10531,0.12,0.0,193.89571373130335,-0.0,0.0,0.0,193.89571373130335,193.89571373130335,0.0,1.0
7877,2019-11-25 05:00:00,11,2019-11-25 06:00:00,0.10531,0.10531,0.10531,0.12,0.0,212.84398119756844,-0.0,0.0,0.0,212.84398119756844,212.84398119756844,0.0,0.0
7878,2019-11-25 06:00:00,11,2019-11-25 07:00:00,0.10531,0.10531,0.10531,0.12,0.0,331.9134629956082,-302.61137839029817,0.0,0.0,634.5248413859064,634.5248413859064,0.0,1.0
7879,2019-11-25 07:00:00,11,2019-11-25 08:00:00,0.10531,0.10531,0.10531,0.12,0.34800308514884293,310.8942041583666,-323.63063722753975,0.0,0.0,634.5248413859064,634.5248413859064,0.0,1.0
7880,2019-11-25 08:00:00,11,2019-11-25 09:00:00,0.10531,0.10531,0.10531,0.12,0.7201783179605137,519.9219629484015,-51.38887241433701,0.0,0.0,571.3108353627385,571.3108353627385,0.0,1.0
7881,2019-11-25 09:00:00,11,2019-11-25 10:00:00,0.10531,0.10531,0.10531,0.12,0.7792755212370013,505.79405226020896,-0.0,0.0,0.0,505.79405226020896,505.79405226020896,0.0,1.0
7882,2019-11-25 10:00:00,11,2019-11-25 11:00:00,0.10531,0.10531,0.10531,0.12,0.7792755212370013,548.2686379762963,0.0,0.0,0.0,548.2686379762963,548.2686379762963,0.0,0.0
7883,2019-11-25 11:00:00,11,2019-11-25 12:00:00,0.10531,0.10531,0.10531,0.12,0.7792755212370013,592.5368376425813,-0.0,0.0,0.0,592.5368376425813,592.5368376425813,0.0,0.0
7884,2019-11-25 12:00:00,11,2019-11-25 13:00:00,0.10531,0.10531,0.10531,0.12,0.7792755212370013,634.5248413859064,-191.93432935912935,1.28206861362314e-14,0.0,826.4591707450357,826.4591707450357,0.0,1.0
7885,2019-11-25 13:00:00,11,2019-11-25 14:00:00,0.10531,0.10531,0.10531,0.12,1.0,611.7555472283229,-0.0,3.564189258382467e-14,0.0,611.7555472283229,611.7555472283229,0.0,1.0
7886,2019-11-25 14:00:00,11,2019-11-25 15:00:00,0.10531,0.10531,0.10531,0.12,0.9999999999999997,430.0875035049381,-0.0,5.684341886080802e-14,0.0,430.08750350493824,430.08750350493824,0.0,1.0
7887,2019-11-25 15:00:00,11,2019-11-25 16:00:00,0.10531,0.10531,0.10531,0.12,1.0,442.590512026777,-0.0,0.0,0.0,442.590512026777,442.590512026777,0.0,0.0
7888,2019-11-25 16:00:00,11,2019-11-25 17:00:00,0.13592,0.13592,0.13592,0.12,1.0,498.56624602455867,-0.0,0.0,0.0,498.56624602455867,498.56624602455867,0.0,0.0
7889,2019-11-25 17:00:00,11,2019-11-25 18:00:00,0.13592,0.13592,0.13592,0.12,1.0,486.7376748958403,-0.0,0.0,0.0,486.7376748958403,486.7376748958403,0.0,0.0
7890,2019-11-25 18:00:00,11,2019-11-25 19:00:00,0.13592,0.13592,0.13592,0.12,1.0,269.6851944121179,-0.0,269.6851944121179,0.0,0.0,0.0,0.0,0.0
7891,2019-11-25 19:00:00,11,2019-11-25 20:00:00,0.13592,0.13592,0.13592,0.12,0.6335798988965791,250.73800363485427,-0.0,250.73800363485427,0.0,0.0,0.0,0.0,0.0
7892,2019-11-25 20:00:00,11,2019-11-25 21:00:00,0.13592,0.13592,0.13592,0.12,0.2929032635231357,250.73800333876076,-0.0,215.57680195302788,0.0,35.16120138573288,35.16120138573288,0.0,0.0
7893,2019-11-25 21:00:00,11,2019-11-25 22:00:00,0.10531,0.10531,0.10531,0.12,0.0,231.79153136413834,-0.0,0.0,0.0,231.79153136413834,231.79153136413834,0.0,0.0
7894,2019-11-25 22:00:00,11,2019-11-25 23:00:00,0.10531,0.10531,0.10531,0.12,0.0,212.84290424425305,-0.0,0.0,0.0,212.84290424425305,212.84290424425305,0.0,0.0
7895,2019-11-25 23:00:00,11,2019-11-26 00:00:00,0.10531,0.10531,0.10531,0.12,0.0,193.8957136855716,-0.0,0.0,0.0,193.8957136855716,193.8957136855716,0.0,0.0
7896,2019-11-26 00:00:00,11,2019-11-26 01:00:00,0.10531,0.10531,0.10531,0.12,0.0,184.42176010906007,-0.0,0.0,0.0,184.42176010906007,184.42176010906007,0.0,0.0
7897,2019-11-26 01:00:00,11,2019-11-26 02:00:00,0.10531,0.10531,0.10531,0.12,0.0,184.4217600330989,-0.0,0.0,0.0,184.4217600330989,184.4217600330989,0.0,0.0
7898,2019-11-26 02:00:00,11,2019-11-26 03:00:00,0.10531,0.10531,0.10531,0.12,0.0,184.42175985637292,-0.0,0.0,0.0,184.42175985637292,184.42175985637292,0.0,0.0
7899,2019-11-26 03:00:00,11,2019-11-26 04:00:00,0.10531,0.10531,0.10531,0.12,0.0,184.42175978428733,-0.0,0.0,0.0,184.42175978428733,184.42175978428733,0.0,0.0
7900,2019-11-26 04:00:00,11,2019-11-26 05:00:00,0.10531,0.10531,0.10531,0.12,0.0,193.89535527600927,-0.0,0.0,0.0,193.89535527600927,193.89535527600927,0.0,0.0
7901,2019-11-26 05:00:00,11,2019-11-26 06:00:00,0.10531,0.10531,0.10531,0.12,0.0,212.84362384371124,-0.0,0.0,0.0,212.84362384371124,212.84362384371124,0.0,0.0
7902,2019-11-26 06:00:00,11,2019-11-26 07:00:00,0.10531,0.10531,0.10531,0.12,0.0,250.7369268512888,-0.0,0.0,0.0,250.7369268512888,250.7369268512888,0.0,0.0
7903,2019-11-26 07:00:00,11,2019-11-26 08:00:00,0.10531,0.10531,0.10531,0.12,0.0,229.95022934262096,-0.0,0.0,0.0,229.95022934262096,229.95022934262096,0.0,0.0
7904,2019-11-26 08:00:00,11,2019-11-26 09:00:00,0.10531,0.10531,0.10531,0.12,0.0,229.95022948601704,-0.0,0.0,0.0,229.95022948601704,229.95022948601704,0.0,0.0
7905,2019-11-26 09:00:00,11,2019-11-26 10:00:00,0.10531,0.10531,0.10531,0.12,0.0,205.8551952432277,-0.0,0.0,0.0,205.8551952432277,205.8551952432277,0.0,0.0
7906,2019-11-26 10:00:00,11,2019-11-26 11:00:00,0.10531,0.10531,0.10531,0.12,0.0,265.7751438225167,-0.0,0.0,0.0,265.7751438225167,265.7751438225167,0.0,0.0
7907,2019-11-26 11:00:00,11,2019-11-26 12:00:00,0.10531,0.10531,0.10531,0.12,0.0,258.1914862290212,-0.0,0.0,0.0,258.1914862290212,258.1914862290212,0.0,0.0
7908,2019-11-26 12:00:00,11,2019-11-26 13:00:00,0.10531,0.10531,0.10531,0.12,0.0,240.68492914424542,-69.56521739130434,0.0,0.0,310.2501465355498,310.2501465355498,0.0,1.0
7909,2019-11-26 13:00:00,11,2019-11-26 14:00:00,0.10531,0.10531,0.10531,0.12,0.08,163.6368590609272,-0.0,0.0,0.0,163.6368590609272,163.6368590609272,0.0,0.0
7910,2019-11-26 14:00:00,11,2019-11-26 15:00:00,0.10531,0.10531,0.10531,0.12,0.08,163.63578062016825,-400.0,0.0,0.0,563.6357806201682,563.6357806201682,0.0,1.0
7911,2019-11-26 15:00:00,11,2019-11-26 16:00:00,0.10531,0.10531,0.10531,0.12,0.54,163.63506242134085,-400.0,0.0,0.0,563.6350624213409,563.6350624213409,0.0,1.0
7912,2019-11-26 16:00:00,11,2019-11-26 17:00:00,0.13592,0.13592,0.13592,0.12,1.0,214.77407289500366,-0.0,214.77407289500366,0.0,0.0,0.0,1.0,0.0
7913,2019-11-26 17:00:00,11,2019-11-26 18:00:00,0.13592,0.13592,0.13592,0.12,0.7081874009578755,269.6841173843915,-0.0,269.6841173843915,0.0,0.0,0.0,0.0,0.0
7914,2019-11-26 18:00:00,11,2019-11-26 19:00:00,0.13592,0.13592,0.13592,0.12,0.3417687632073435,269.6841173766404,-0.0,251.54180972060485,0.0,18.14230765603557,18.14230765603557,0.0,0.0
7915,2019-11-26 19:00:00,11,2019-11-26 20:00:00,0.13592,0.13592,0.13592,0.12,0.0,250.7369269939098,-0.0,0.0,0.0,250.7369269939098,250.7369269939098,0.0,0.0
7916,2019-11-26 20:00:00,11,2019-11-26 21:00:00,0.13592,0.13592,0.13592,0.12,0.0,250.73692709855018,-0.0,0.0,0.0,250.73692709855018,250.73692709855018,0.0,0.0
7917,2019-11-26 21:00:00,11,2019-11-26 22:00:00,0.10531,0.10531,0.10531,0.12,0.0,231.7908141016485,-0.0,0.0,0.0,231.7908141016485,231.7908141016485,0.0,0.0
7918,2019-11-26 22:00:00,11,2019-11-26 23:00:00,0.10531,0.10531,0.10531,0.12,0.0,212.84254592537906,-0.0,0.0,0.0,212.84254592537906,212.84254592537906,0.0,0.0
7919,2019-11-26 23:00:00,11,2019-11-27 00:00:00,0.10531,0.10531,0.10531,0.12,0.0,193.89535544265877,-0.0,0.0,0.0,193.89535544265877,193.89535544265877,0.0,1.0
7920,2019-11-27 00:00:00,11,2019-11-27 01:00:00,0.10531,0.10531,0.10531,0.12,0.0,223.05435996665275,-0.0,0.0,0.0,223.05435996665275,223.05435996665275,0.0,0.0
7921,2019-11-27 01:00:00,11,2019-11-27 02:00:00,0.10531,0.10531,0.10531,0.12,0.0,223.05435993332287,-0.0,0.0,0.0,223.05435993332287,223.05435993332287,0.0,0.0
7922,2019-11-27 02:00:00,11,2019-11-27 03:00:00,0.10531,0.10531,0.10531,0.12,0.0,223.05435991006948,-0.0,0.0,0.0,223.05435991006948,223.05435991006948,0.0,0.0
7923,2019-11-27 03:00:00,11,2019-11-27 04:00:00,0.10531,0.10531,0.10531,0.12,0.0,223.0543598953423,-0.0,0.0,0.0,223.0543598953423,223.0543598953423,0.0,0.0
7924,2019-11-27 04:00:00,11,2019-11-27 05:00:00,0.10531,0.10531,0.10531,0.12,0.0,232.5279551638314,-0.0,0.0,0.0,232.5279551638314,232.5279551638314,0.0,0.0
7925,2019-11-27 05:00:00,11,2019-11-27 06:00:00,0.10531,0.10531,0.10531,0.12,0.0,270.79234410597223,-0.0,0.0,0.0,270.79234410597223,270.79234410597223,0.0,0.0
7926,2019-11-27 06:00:00,11,2019-11-27 07:00:00,0.10531,0.10531,0.10531,0.12,0.0,498.36532375826965,-91.36536670728441,0.0,0.0,589.7306904655541,589.7306904655541,0.0,1.0
7927,2019-11-27 07:00:00,11,2019-11-27 08:00:00,0.10531,0.10531,0.10531,0.12,0.10507017171337708,434.0354650125688,-400.0,0.0,0.0,834.0354650125688,834.0354650125688,0.0,1.0
7928,2019-11-27 08:00:00,11,2019-11-27 09:00:00,0.10531,0.10531,0.10531,0.12,0.565070171713377,813.0107539751862,0.0,0.0,0.0,813.0107539751862,813.0107539751862,0.0,0.0
7929,2019-11-27 09:00:00,11,2019-11-27 10:00:00,0.10531,0.10531,0.10531,0.12,0.565070171713377,784.5239337494577,-171.60179897286116,0.0,0.0,956.1257327223188,956.1257327223188,0.0,1.0
7930,2019-11-27 10:00:00,11,2019-11-27 11:00:00,0.10531,0.10531,0.10531,0.12,0.7624122405321674,747.331133520726,-0.0,0.0,0.0,747.331133520726,747.331133520726,0.0,1.0
7931,2019-11-27 11:00:00,11,2019-11-27 12:00:00,0.10531,0.10531,0.10531,0.12,0.7624122405321674,853.0772767550803,-103.04845596723851,0.0,0.0,956.1257327223188,956.1257327223188,0.0,1.0
7932,2019-11-27 12:00:00,11,2019-11-27 13:00:00,0.10531,0.10531,0.10531,0.12,0.8809179648944917,869.114837924011,-87.01089479830785,0.0,0.0,956.1257327223188,956.1257327223188,0.0,1.0
7933,2019-11-27 13:00:00,11,2019-11-27 14:00:00,0.10531,0.10531,0.10531,0.12,0.9809804939125456,952.4800397227126,-0.0,0.0,0.0,952.4800397227126,952.4800397227126,0.0,0.0
7934,2019-11-27 14:00:00,11,2019-11-27 15:00:00,0.10531,0.10531,0.10531,0.12,0.9809804939125456,971.9820327506001,-0.0,15.856300028281225,0.0,956.1257327223188,956.1257327223188,0.0,0.0
7935,2019-11-27 15:00:00,11,2019-11-27 16:00:00,0.10531,0.10531,0.10531,0.12,0.9594366080045549,920.853217943671,-35.27251477864791,0.0,0.0,956.1257327223188,956.1257327223188,0.0,1.0
7936,2019-11-27 16:00:00,11,2019-11-27 17:00:00,0.13592,0.13592,0.13592,0.12,1.0,913.9393897764819,-0.0,336.00000000000006,0.0,577.9393897764819,577.9393897764819,0.0,0.0
7937,2019-11-27 17:00:00,11,2019-11-27 18:00:00,0.13592,0.13592,0.13592,0.12,0.5434782608695652,819.0498900606552,-0.0,400.0,0.0,419.04989006065523,419.04989006065523,0.0,0.0
7938,2019-11-27 18:00:00,11,2019-11-27 19:00:00,0.13592,0.13592,0.13592,0.12,0.0,619.6467624180729,-0.0,0.0,0.0,619.6467624180729,619.6467624180729,0.0,1.0
7939,2019-11-27 19:00:00,11,2019-11-27 20:00:00,0.13592,0.13592,0.13592,0.12,0.0,608.4281375046676,-0.0,0.0,0.0,608.4281375046676,608.4281375046676,0.0,1.0
7940,2019-11-27 20:00:00,11,2019-11-27 21:00:00,0.13592,0.13592,0.13592,0.12,0.0,482.6923735797918,-0.0,0.0,0.0,482.6923735797918,482.6923735797918,0.0,1.0
7941,2019-11-27 21:00:00,11,2019-11-27 22:00:00,0.10531,0.10531,0.10531,0.12,0.0,473.6169751726412,-0.0,0.0,0.0,473.6169751726412,473.6169751726412,0.0,1.0
7942,2019-11-27 22:00:00,11,2019-11-27 23:00:00,0.10531,0.10531,0.10531,0.12,0.0,270.791265622582,-0.0,0.0,0.0,270.791265622582,270.791265622582,0.0,0.0
7943,2019-11-27 23:00:00,11,2019-11-28 00:00:00,0.10531,0.10531,0.10531,0.12,0.0,232.5279551529798,-0.0,0.0,0.0,232.5279551529798,232.5279551529798,0.0,0.0
7944,2019-11-28 00:00:00,11,2019-11-28 01:00:00,0.10531,0.10531,0.10531,0.12,0.0,223.05436066037967,0.0,0.0,0.0,223.05436066037967,223.05436066037967,0.0,0.0
7945,2019-11-28 01:00:00,11,2019-11-28 02:00:00,0.10531,0.10531,0.10531,0.12,0.0,223.05436065882947,-0.0,0.0,0.0,223.05436065882947,223.05436065882947,0.0,0.0
7946,2019-11-28 02:00:00,11,2019-11-28 03:00:00,0.10531,0.10531,0.10531,0.12,0.0,223.05436066037967,-0.0,0.0,0.0,223.05436066037967,223.05436066037967,0.0,0.0
7947,2019-11-28 03:00:00,11,2019-11-28 04:00:00,0.10531,0.10531,0.10531,0.12,0.0,223.05436066348014,-0.0,0.0,0.0,223.05436066348014,223.05436066348014,0.0,0.0
7948,2019-11-28 04:00:00,11,2019-11-28 05:00:00,0.10531,0.10531,0.10531,0.12,0.0,232.52795595289737,-0.0,0.0,0.0,232.52795595289737,232.52795595289737,0.0,0.0
7949,2019-11-28 05:00:00,11,2019-11-28 06:00:00,0.10531,0.10531,0.10531,0.12,0.0,270.79234482760324,-0.0,0.0,0.0,270.79234482760324,270.79234482760324,0.0,0.0
7950,2019-11-28 06:00:00,11,2019-11-28 07:00:00,0.10531,0.10531,0.10531,0.12,0.0,331.8962878267024,-0.0,0.0,0.0,331.8962878267024,331.8962878267024,0.0,0.0
7951,2019-11-28 07:00:00,11,2019-11-28 08:00:00,0.10531,0.10531,0.10531,0.12,0.0,396.12288275765115,-400.0,0.0,0.0,796.1228827576512,796.1228827576512,0.0,1.0
7952,2019-11-28 08:00:00,11,2019-11-28 09:00:00,0.10531,0.10531,0.10531,0.12,0.46,812.9779337230453,-80.0439571530575,5.2295945351943376e-14,0.0,893.0218908761028,893.0218908761028,0.0,1.0
7953,2019-11-28 09:00:00,11,2019-11-28 10:00:00,0.10531,0.10531,0.10531,0.12,0.552050550726016,784.5312310204205,2.014771462457751e-13,0.0,0.0,784.5312310204203,784.5312310204203,0.0,0.0
7954,2019-11-28 10:00:00,11,2019-11-28 11:00:00,0.10531,0.10531,0.10531,0.12,0.5520505507260158,746.6522115744249,-0.0,0.0,0.0,746.6522115744249,746.6522115744249,0.0,0.0
7955,2019-11-28 11:00:00,11,2019-11-28 12:00:00,0.10531,0.10531,0.10531,0.12,0.5520505507260158,747.5409610278672,-145.4809298482357,-1.0459189070388675e-13,0.0,893.021890876103,893.021890876103,0.0,1.0
7956,2019-11-28 12:00:00,11,2019-11-28 13:00:00,0.10531,0.10531,0.10531,0.12,0.7193536200514871,771.2847548669143,-121.73713600918839,-2.842170943040401e-14,0.0,893.0218908761027,893.0218908761027,0.0,1.0
7957,2019-11-28 13:00:00,11,2019-11-28 14:00:00,0.10531,0.10531,0.10531,0.12,0.8593513264620537,834.0242148566643,-58.99767601943806,1.5219868500493914e-14,0.0,893.0218908761028,893.0218908761028,0.0,1.0
7958,2019-11-28 14:00:00,11,2019-11-28 15:00:00,0.10531,0.10531,0.10531,0.12,0.9271986538844077,854.5562624534581,-38.46562842264467,0.0,0.0,893.0218908761028,893.0218908761028,0.0,1.0
7959,2019-11-28 15:00:00,11,2019-11-28 16:00:00,0.10531,0.10531,0.10531,0.12,0.9714341265704491,868.182000937363,-24.839889938739702,-5.684341886080802e-14,0.0,893.0218908761028,893.0218908761028,0.0,1.0
7960,2019-11-28 16:00:00,11,2019-11-28 17:00:00,0.13592,0.13592,0.13592,0.12,1.0,901.7436282914407,-0.0,336.00000000000006,0.0,565.7436282914407,565.7436282914407,0.0,0.0
7961,2019-11-28 17:00:00,11,2019-11-28 18:00:00,0.13592,0.13592,0.13592,0.12,0.5434782608695652,813.3418240149283,-0.0,400.0,0.0,413.3418240149283,413.3418240149283,0.0,0.0
7962,2019-11-28 18:00:00,11,2019-11-28 19:00:00,0.13592,0.13592,0.13592,0.12,0.0,634.5517476237061,-0.0,0.0,0.0,634.5517476237061,634.5517476237061,0.0,1.0
7963,2019-11-28 19:00:00,11,2019-11-28 20:00:00,0.13592,0.13592,0.13592,0.12,0.0,571.3382348811544,-0.0,0.0,0.0,571.3382348811544,571.3382348811544,0.0,1.0
7964,2019-11-28 20:00:00,11,2019-11-28 21:00:00,0.13592,0.13592,0.13592,0.12,0.0,447.52429025769777,-0.0,0.0,0.0,447.52429025769777,447.52429025769777,0.0,1.0
7965,2019-11-28 21:00:00,11,2019-11-28 22:00:00,0.10531,0.10531,0.10531,0.12,0.0,428.5922140857993,0.0,0.0,0.0,428.5922140857993,428.5922140857993,0.0,0.0
7966,2019-11-28 22:00:00,11,2019-11-28 23:00:00,0.10531,0.10531,0.10531,0.12,0.0,270.79126633568677,-0.0,0.0,0.0,270.79126633568677,270.79126633568677,0.0,0.0
7967,2019-11-28 23:00:00,11,2019-11-29 00:00:00,0.10531,0.10531,0.10531,0.12,0.0,232.52795587616112,-0.0,0.0,0.0,232.52795587616112,232.52795587616112,0.0,0.0
7968,2019-11-29 00:00:00,11,2019-11-29 01:00:00,0.10531,0.10531,0.10531,0.12,0.0,223.0543614137904,-0.0,0.0,0.0,223.0543614137904,223.0543614137904,0.0,0.0
7969,2019-11-29 01:00:00,11,2019-11-29 02:00:00,0.10531,0.10531,0.10531,0.12,0.0,223.05436143936913,-0.0,0.0,0.0,223.05436143936913,223.05436143936913,0.0,0.0
7970,2019-11-29 02:00:00,11,2019-11-29 03:00:00,0.10531,0.10531,0.10531,0.12,0.0,223.0543614230918,-0.0,0.0,0.0,223.0543614230918,223.0543614230918,0.0,0.0
7971,2019-11-29 03:00:00,11,2019-11-29 04:00:00,0.10531,0.10531,0.10531,0.12,0.0,223.05436141456548,-0.0,0.0,0.0,223.05436141456548,223.05436141456548,0.0,0.0
7972,2019-11-29 04:00:00,11,2019-11-29 05:00:00,0.10531,0.10531,0.10531,0.12,0.0,232.52795669468136,-0.0,0.0,0.0,232.52795669468136,232.52795669468136,0.0,0.0
7973,2019-11-29 05:00:00,11,2019-11-29 06:00:00,0.10531,0.10531,0.10531,0.12,0.0,270.7923469118845,-0.0,0.0,0.0,270.7923469118845,270.7923469118845,0.0,0.0
7974,2019-11-29 06:00:00,11,2019-11-29 07:00:00,0.10531,0.10531,0.10531,0.12,0.0,332.07605883476555,-0.0,0.0,0.0,332.07605883476555,332.07605883476555,0.0,0.0
7975,2019-11-29 07:00:00,11,2019-11-29 08:00:00,0.10531,0.10531,0.10531,0.12,0.0,388.1785369127092,-400.0,0.0,0.0,788.1785369127092,788.1785369127092,0.0,1.0
7976,2019-11-29 08:00:00,11,2019-11-29 09:00:00,0.10531,0.10531,0.10531,0.12,0.46,812.9796428104172,0.0,0.0,0.0,812.9796428104172,812.9796428104172,0.0,0.0
7977,2019-11-29 09:00:00,11,2019-11-29 10:00:00,0.10531,0.10531,0.10531,0.12,0.46,784.5326968770537,0.0,0.0,0.0,784.5326968770537,784.5326968770537,0.0,0.0
7978,2019-11-29 10:00:00,11,2019-11-29 11:00:00,0.10531,0.10531,0.10531,0.12,0.46,746.637287995878,0.0,0.0,0.0,746.637287995878,746.637287995878,0.0,0.0
7979,2019-11-29 11:00:00,11,2019-11-29 12:00:00,0.10531,0.10531,0.10531,0.12,0.46,746.791081089043,0.0,0.0,0.0,746.791081089043,746.791081089043,0.0,0.0
7980,2019-11-29 12:00:00,11,2019-11-29 13:00:00,0.10531,0.10531,0.10531,0.12,0.46,708.3275723707591,-59.19315953494812,0.0,0.0,767.5207319057072,767.5207319057072,0.0,1.0
7981,2019-11-29 13:00:00,11,2019-11-29 14:00:00,0.10531,0.10531,0.10531,0.12,0.5280721334651903,746.6988470643354,0.0,0.0,0.0,746.6988470643354,746.6988470643354,0.0,0.0
7982,2019-11-29 14:00:00,11,2019-11-29 15:00:00,0.10531,0.10531,0.10531,0.12,0.5280721334651903,747.0155932024683,-209.11013951985058,0.0,0.0,956.1257327223188,956.1257327223188,0.0,1.0
7983,2019-11-29 15:00:00,11,2019-11-29 16:00:00,0.10531,0.10531,0.10531,0.12,0.7685487939130184,754.8638143858132,-201.2619183365057,0.0,0.0,956.1257327223188,956.1257327223188,0.0,1.0
7984,2019-11-29 16:00:00,11,2019-11-29 17:00:00,0.13592,0.13592,0.13592,0.12,1.0,798.2267163682181,-0.0,0.0,0.0,798.2267163682181,798.2267163682181,0.0,1.0
7985,2019-11-29 17:00:00,11,2019-11-29 18:00:00,0.13592,0.13592,0.13592,0.12,1.0,736.8017486061882,-0.0,0.0,0.0,736.8017486061882,736.8017486061882,0.0,1.0
7986,2019-11-29 18:00:00,11,2019-11-29 19:00:00,0.13592,0.13592,0.13592,0.12,1.0,582.3273020237839,-0.0,336.00000000000006,0.0,246.32730202378383,246.32730202378383,0.0,0.0
7987,2019-11-29 19:00:00,11,2019-11-29 20:00:00,0.13592,0.13592,0.13592,0.12,0.5434782608695652,563.3987087656917,-0.0,400.0,0.0,163.3987087656917,163.3987087656917,0.0,0.0
7988,2019-11-29 20:00:00,11,2019-11-29 21:00:00,0.13592,0.13592,0.13592,0.12,0.0,447.54377099124287,-0.0,0.0,0.0,447.54377099124287,447.54377099124287,0.0,1.0
7989,2019-11-29 21:00:00,11,2019-11-29 22:00:00,0.10531,0.10531,0.10531,0.12,0.0,428.6130840342665,-0.0,0.0,0.0,428.6130840342665,428.6130840342665,0.0,1.0
7990,2019-11-29 22:00:00,11,2019-11-29 23:00:00,0.10531,0.10531,0.10531,0.12,0.0,270.7912672580723,-0.0,0.0,0.0,270.7912672580723,270.7912672580723,0.0,0.0
7991,2019-11-29 23:00:00,11,2019-11-30 00:00:00,0.10531,0.10531,0.10531,0.12,0.0,232.52795676521671,-0.0,0.0,0.0,232.52795676521671,232.52795676521671,0.0,0.0
7992,2019-11-30 00:00:00,11,2019-11-30 01:00:00,0.10531,0.10531,0.10531,0.12,0.0,223.05436224316227,0.0,0.0,0.0,223.05436224316227,223.05436224316227,0.0,0.0
7993,2019-11-30 01:00:00,11,2019-11-30 02:00:00,0.10531,0.10531,0.10531,0.12,0.0,223.05436222998532,-0.0,0.0,0.0,223.05436222998532,223.05436222998532,0.0,0.0
7994,2019-11-30 02:00:00,11,2019-11-30 03:00:00,0.10531,0.10531,0.10531,0.12,0.0,223.05436222455953,-0.0,0.0,0.0,223.05436222455953,223.05436222455953,0.0,0.0
7995,2019-11-30 03:00:00,11,2019-11-30 04:00:00,0.10531,0.10531,0.10531,0.12,0.0,223.0543622237844,-0.0,0.0,0.0,223.0543622237844,223.0543622237844,0.0,0.0
7996,2019-11-30 04:00:00,11,2019-11-30 05:00:00,0.10531,0.10531,0.10531,0.12,0.0,232.52795751165138,-0.0,0.0,0.0,232.52795751165138,232.52795751165138,0.0,0.0
7997,2019-11-30 05:00:00,11,2019-11-30 06:00:00,0.10531,0.10531,0.10531,0.12,0.0,270.7923478319447,-399.99999999999994,0.0,0.0,670.7923478319447,670.7923478319447,0.0,1.0
7998,2019-11-30 06:00:00,11,2019-11-30 07:00:00,0.10531,0.10531,0.10531,0.12,0.4599999999999999,332.099306931087,-0.0,0.0,0.0,332.099306931087,332.099306931087,0.0,0.0
7999,2019-11-30 07:00:00,11,2019-11-30 08:00:00,0.10531,0.10531,0.10531,0.12,0.4599999999999999,388.2637770700593,-0.0,0.0,0.0,388.2637770700593,388.2637770700593,0.0,1.0
8000,2019-11-30 08:00:00,11,2019-11-30 09:00:00,0.10531,0.10531,0.10531,0.12,0.4599999999999999,813.0025079028128,0.0,0.0,0.0,813.0025079028128,813.0025079028128,0.0,0.0
8001,2019-11-30 09:00:00,11,2019-11-30 10:00:00,0.10531,0.10531,0.10531,0.12,0.4599999999999999,784.5371026011516,0.0,0.0,0.0,784.5371026011516,784.5371026011516,0.0,0.0
8002,2019-11-30 10:00:00,11,2019-11-30 11:00:00,0.10531,0.10531,0.10531,0.12,0.4599999999999999,746.9708386488801,0.0,0.0,0.0,746.9708386488801,746.9708386488801,0.0,0.0
8003,2019-11-30 11:00:00,11,2019-11-30 12:00:00,0.10531,0.10531,0.10531,0.12,0.4599999999999999,748.3805646439952,-207.74516807832367,0.0,0.0,956.1257327223188,956.1257327223188,0.0,1.0
8004,2019-11-30 12:00:00,11,2019-11-30 13:00:00,0.10531,0.10531,0.10531,0.12,0.6989069432900722,709.2485567793176,-146.78591085680574,0.0,0.0,856.0344676361233,856.0344676361233,0.0,1.0
8005,2019-11-30 13:00:00,11,2019-11-30 14:00:00,0.10531,0.10531,0.10531,0.12,0.8677107407753988,749.2460349872591,-0.0,0.0,0.0,749.2460349872591,749.2460349872591,0.0,0.0
8006,2019-11-30 14:00:00,11,2019-11-30 15:00:00,0.10531,0.10531,0.10531,0.12,0.8677107407753988,748.3270466798946,-115.03413845617501,0.0,0.0,863.3611851360696,863.3611851360696,0.0,1.0
8007,2019-11-30 15:00:00,11,2019-11-30 16:00:00,0.10531,0.10531,0.10531,0.12,1.0,746.890323304438,0.0,0.0,0.0,746.890323304438,746.890323304438,0.0,0.0
8008,2019-11-30 16:00:00,11,2019-11-30 17:00:00,0.13592,0.13592,0.13592,0.12,1.0,798.1321461176909,-0.0,0.0,0.0,798.1321461176909,798.1321461176909,0.0,1.0
8009,2019-11-30 17:00:00,11,2019-11-30 18:00:00,0.13592,0.13592,0.13592,0.12,1.0,736.7963732293408,-0.0,400.0,0.0,336.7963732293408,336.7963732293408,0.0,0.0
8010,2019-11-30 18:00:00,11,2019-11-30 19:00:00,0.13592,0.13592,0.13592,0.12,0.4565217391304348,582.3173702546504,-0.0,336.00000000000006,0.0,246.31737025465037,246.31737025465037,0.0,0.0
8011,2019-11-30 19:00:00,11,2019-11-30 20:00:00,0.13592,0.13592,0.13592,0.12,0.0,563.3868225499849,-0.0,0.0,0.0,563.3868225499849,563.3868225499849,0.0,1.0
8012,2019-11-30 20:00:00,11,2019-11-30 21:00:00,0.13592,0.13592,0.13592,0.12,0.0,447.52175061796487,-0.0,0.0,0.0,447.52175061796487,447.52175061796487,0.0,0.0
8013,2019-11-30 21:00:00,11,2019-11-30 22:00:00,0.10531,0.10531,0.10531,0.12,0.0,428.58535743142784,-0.0,0.0,0.0,428.58535743142784,428.58535743142784,0.0,0.0
8014,2019-11-30 22:00:00,11,2019-11-30 23:00:00,0.10531,0.10531,0.10531,0.12,0.0,270.79126788436434,-0.0,0.0,0.0,270.79126788436434,270.79126788436434,0.0,0.0
8015,2019-11-30 23:00:00,11,2019-12-01 00:00:00,0.10531,0.10531,0.10531,0.12,0.0,232.52795743491512,-0.0,0.0,0.0,232.52795743491512,232.52795743491512,0.0,0.0
8016,2019-12-01 00:00:00,12,2019-12-01 01:00:00,0.10531,0.10531,0.10531,0.12,0.0,223.05436293998966,-0.0,0.0,0.0,223.05436293998966,223.05436293998966,0.0,0.0
8017,2019-12-01 01:00:00,12,2019-12-01 02:00:00,0.10531,0.10531,0.10531,0.12,0.0,223.05436295239147,-0.0,0.0,0.0,223.05436295239147,223.05436295239147,0.0,0.0
8018,2019-12-01 02:00:00,12,2019-12-01 03:00:00,0.10531,0.10531,0.10531,0.12,0.0,223.0543629655684,-0.0,0.0,0.0,223.0543629655684,223.0543629655684,0.0,0.0
8019,2019-12-01 03:00:00,12,2019-12-01 04:00:00,0.10531,0.10531,0.10531,0.12,0.0,223.05436297952045,-0.0,0.0,0.0,223.05436297952045,223.05436297952045,0.0,0.0
8020,2019-12-01 04:00:00,12,2019-12-01 05:00:00,0.10531,0.10531,0.10531,0.12,0.0,232.52795827901414,-0.0,0.0,0.0,232.52795827901414,232.52795827901414,0.0,0.0
8021,2019-12-01 05:00:00,12,2019-12-01 06:00:00,0.10531,0.10531,0.10531,0.12,0.0,270.79234858147976,-50.00543094109442,0.0,0.0,320.79777952257416,320.79777952257416,0.0,1.0
8022,2019-12-01 06:00:00,12,2019-12-01 07:00:00,0.10531,0.10531,0.10531,0.12,0.057506245582258586,332.07516337669284,-400.00000000000006,0.0,0.0,732.0751633766929,732.0751633766929,0.0,1.0
8023,2019-12-01 07:00:00,12,2019-12-01 08:00:00,0.10531,0.10531,0.10531,0.12,0.5175062455822587,388.15480351215535,-400.0,0.0,0.0,788.1548035121554,788.1548035121554,0.0,1.0
8024,2019-12-01 08:00:00,12,2019-12-01 09:00:00,0.10531,0.10531,0.10531,0.12,0.9775062455822586,812.9598442313451,-19.5597864502098,0.0,0.0,832.5196306815549,832.5196306815549,0.0,1.0
8025,2019-12-01 09:00:00,12,2019-12-01 10:00:00,0.10531,0.10531,0.10531,0.12,1.0,784.7356784938302,0.0,0.0,0.0,784.7356784938302,784.7356784938302,0.0,0.0
8026,2019-12-01 10:00:00,12,2019-12-01 11:00:00,0.10531,0.10531,0.10531,0.12,1.0,800.0915204466974,0.0,0.0,0.0,800.0915204466974,800.0915204466974,0.0,0.0
8027,2019-12-01 11:00:00,12,2019-12-01 12:00:00,0.10531,0.10531,0.10531,0.12,1.0,863.3611851360696,-0.0,30.84155445451472,0.0,832.5196306815549,832.5196306815549,0.0,0.0
8028,2019-12-01 12:00:00,12,2019-12-01 13:00:00,0.10531,0.10531,0.10531,0.12,0.9580957140563658,890.6689350312508,-0.0,58.14930434969597,0.0,832.5196306815549,832.5196306815549,0.0,0.0
8029,2019-12-01 13:00:00,12,2019-12-01 14:00:00,0.10531,0.10531,0.10531,0.12,0.8790885070594965,948.1276211913665,-0.0,115.60799050981166,0.0,832.5196306815549,832.5196306815549,0.0,0.0
8030,2019-12-01 14:00:00,12,2019-12-01 15:00:00,0.10531,0.10531,0.10531,0.12,0.7220124329972524,991.8179883649914,-0.0,159.2983576834365,0.0,832.5196306815549,832.5196306815549,0.0,0.0
8031,2019-12-01 15:00:00,12,2019-12-01 16:00:00,0.10531,0.10531,0.10531,0.12,0.5055744470143222,1005.5578982414854,-0.0,173.03826755993055,0.0,832.5196306815549,832.5196306815549,0.0,0.0
8032,2019-12-01 16:00:00,12,2019-12-01 17:00:00,0.13592,0.13592,0.13592,0.12,0.2704681052209385,1010.184328229763,-0.0,177.66469754820807,0.0,832.5196306815549,832.5196306815549,0.0,0.0
8033,2019-12-01 17:00:00,12,2019-12-01 18:00:00,0.13592,0.13592,0.13592,0.12,0.02907585311739517,853.9194585759577,-0.0,21.399827894402847,0.0,832.5196306815549,832.5196306815549,0.0,0.0
8034,2019-12-01 18:00:00,12,2019-12-01 19:00:00,0.13592,0.13592,0.13592,0.12,0.0,639.0450468561307,-0.0,0.0,0.0,639.0450468561307,639.0450468561307,0.0,1.0
8035,2019-12-01 19:00:00,12,2019-12-01 20:00:00,0.13592,0.13592,0.13592,0.12,0.0,587.2186593946391,-0.0,0.0,0.0,587.2186593946391,587.2186593946391,0.0,1.0
8036,2019-12-01 20:00:00,12,2019-12-01 21:00:00,0.13592,0.13592,0.13592,0.12,0.0,447.4898534512811,-0.0,0.0,0.0,447.4898534512811,447.4898534512811,0.0,0.0
8037,2019-12-01 21:00:00,12,2019-12-01 22:00:00,0.10531,0.10531,0.10531,0.12,0.0,428.56580329769776,-0.0,0.0,0.0,428.56580329769776,428.56580329769776,0.0,0.0
8038,2019-12-01 22:00:00,12,2019-12-01 23:00:00,0.10531,0.10531,0.10531,0.12,0.0,270.7912686385501,-0.0,0.0,0.0,270.7912686385501,270.7912686385501,0.0,0.0
8039,2019-12-01 23:00:00,12,2019-12-02 00:00:00,0.10531,0.10531,0.10531,0.12,0.0,232.52795817979958,-0.0,0.0,0.0,232.52795817979958,232.52795817979958,0.0,0.0
8040,2019-12-02 00:00:00,12,2019-12-02 01:00:00,0.10531,0.10531,0.10531,0.12,0.0,184.42212382737742,-0.0,0.0,0.0,184.42212382737742,184.42212382737742,0.0,1.0
8041,2019-12-02 01:00:00,12,2019-12-02 02:00:00,0.10531,0.10531,0.10531,0.12,0.0,184.4221238351286,-0.0,0.0,0.0,184.4221238351286,184.4221238351286,0.0,0.0
8042,2019-12-02 02:00:00,12,2019-12-02 03:00:00,0.10531,0.10531,0.10531,0.12,0.0,184.42212384520505,-0.0,0.0,0.0,184.42212384520505,184.42212384520505,0.0,0.0
8043,2019-12-02 03:00:00,12,2019-12-02 04:00:00,0.10531,0.10531,0.10531,0.12,0.0,184.42212385838198,-0.0,0.0,0.0,184.42212385838198,184.42212385838198,0.0,0.0
8044,2019-12-02 04:00:00,12,2019-12-02 05:00:00,0.10531,0.10531,0.10531,0.12,0.0,193.89571915632544,-0.0,0.0,0.0,193.89571915632544,193.89571915632544,0.0,1.0
8045,2019-12-02 05:00:00,12,2019-12-02 06:00:00,0.10531,0.10531,0.10531,0.12,0.0,212.84399002611568,-358.73190993585337,0.0,0.0,571.5758999619691,571.5758999619691,0.0,1.0
8046,2019-12-02 06:00:00,12,2019-12-02 07:00:00,0.10531,0.10531,0.10531,0.12,0.4125416964262314,331.95700494474926,-239.61889501721978,0.0,0.0,571.5758999619691,571.5758999619691,0.0,1.0
8047,2019-12-02 07:00:00,12,2019-12-02 08:00:00,0.10531,0.10531,0.10531,0.12,0.6881034256960342,317.54535033242587,-0.0,0.0,0.0,317.54535033242587,317.54535033242587,0.0,0.0
8048,2019-12-02 08:00:00,12,2019-12-02 09:00:00,0.10531,0.10531,0.10531,0.12,0.6881034256960342,503.97543605809585,0.0,0.0,0.0,503.97543605809585,503.97543605809585,0.0,0.0
8049,2019-12-02 09:00:00,12,2019-12-02 10:00:00,0.10531,0.10531,0.10531,0.12,0.6881034256960342,475.50355762221517,-0.0,0.0,0.0,475.50355762221517,475.50355762221517,0.0,1.0
8050,2019-12-02 10:00:00,12,2019-12-02 11:00:00,0.10531,0.10531,0.10531,0.12,0.6881034256960342,437.5984953215048,-0.0,0.0,0.0,437.5984953215048,437.5984953215048,0.0,1.0
8051,2019-12-02 11:00:00,12,2019-12-02 12:00:00,0.10531,0.10531,0.10531,0.12,0.6881034256960342,437.88412863535,-0.0,0.0,0.0,437.88412863535,437.88412863535,0.0,0.0
8052,2019-12-02 12:00:00,12,2019-12-02 13:00:00,0.10531,0.10531,0.10531,0.12,0.6881034256960342,454.5645667812722,-131.09523381097785,0.0,0.0,585.65980059225,585.65980059225,0.0,1.0
8053,2019-12-02 13:00:00,12,2019-12-02 14:00:00,0.10531,0.10531,0.10531,0.12,0.8388629445786587,445.54062196499694,-140.11917862725306,0.0,0.0,585.65980059225,585.65980059225,0.0,1.0
8054,2019-12-02 14:00:00,12,2019-12-02 15:00:00,0.10531,0.10531,0.10531,0.12,1.0,300.361487523738,-0.0,0.0,0.0,300.36148752373794,300.36148752373794,0.0,0.0
8055,2019-12-02 15:00:00,12,2019-12-02 16:00:00,0.10531,0.10531,0.10531,0.12,1.0,313.2365011497218,-0.0,0.0,0.0,313.2365011497218,313.2365011497218,0.0,0.0
8056,2019-12-02 16:00:00,12,2019-12-02 17:00:00,0.13592,0.13592,0.13592,0.12,1.0,364.0593554267587,-0.0,364.0593554267587,0.0,0.0,0.0,0.0,0.0
8057,2019-12-02 17:00:00,12,2019-12-02 18:00:00,0.13592,0.13592,0.13592,0.12,0.5053541366484258,361.14763908781526,-0.0,361.14763908781526,0.0,0.0,0.0,0.0,0.0
8058,2019-12-02 18:00:00,12,2019-12-02 19:00:00,0.13592,0.13592,0.13592,0.12,0.014664409626937597,269.6852016772603,-0.0,0.0,0.0,269.6852016772603,269.6852016772603,0.0,0.0
8059,2019-12-02 19:00:00,12,2019-12-02 20:00:00,0.13592,0.13592,0.13592,0.12,0.014664409626937597,250.7380110798232,-0.0,10.793005485426072,0.0,239.94500559439712,239.94500559439712,0.0,0.0
8060,2019-12-02 20:00:00,12,2019-12-02 21:00:00,0.13592,0.13592,0.13592,0.12,0.0,250.73801163945546,-0.0,0.0,0.0,250.73801163945546,250.73801163945546,0.0,0.0
8061,2019-12-02 21:00:00,12,2019-12-02 22:00:00,0.10531,0.10531,0.10531,0.12,0.0,231.79154083447983,-0.0,0.0,0.0,231.79154083447983,231.79154083447983,0.0,0.0
8062,2019-12-02 22:00:00,12,2019-12-02 23:00:00,0.10531,0.10531,0.10531,0.12,0.0,212.84290984057532,-0.0,0.0,0.0,212.84290984057532,212.84290984057532,0.0,0.0
8063,2019-12-02 23:00:00,12,2019-12-03 00:00:00,0.10531,0.10531,0.10531,0.12,0.0,193.89571927491787,-0.0,0.0,0.0,193.89571927491787,193.89571927491787,0.0,0.0
8064,2019-12-03 00:00:00,12,2019-12-03 01:00:00,0.10531,0.10531,0.10531,0.12,0.0,184.42176422646503,-0.0,0.0,0.0,184.42176422646503,184.42176422646503,0.0,0.0
8065,2019-12-03 01:00:00,12,2019-12-03 02:00:00,0.10531,0.10531,0.10531,0.12,0.0,184.4217643853634,-0.0,0.0,0.0,184.4217643853634,184.4217643853634,0.0,0.0
8066,2019-12-03 02:00:00,12,2019-12-03 03:00:00,0.10531,0.10531,0.10531,0.12,0.0,184.4217644698508,-0.0,0.0,0.0,184.4217644698508,184.4217644698508,0.0,0.0
8067,2019-12-03 03:00:00,12,2019-12-03 04:00:00,0.10531,0.10531,0.10531,0.12,0.0,184.42176447295128,-231.1420905354197,0.0,0.0,415.563855008371,415.563855008371,0.0,1.0
8068,2019-12-03 04:00:00,12,2019-12-03 05:00:00,0.10531,0.10531,0.10531,0.12,0.2658134041157327,193.89535967168013,-221.66849533669085,0.0,0.0,415.563855008371,415.563855008371,0.0,1.0
8069,2019-12-03 05:00:00,12,2019-12-03 06:00:00,0.10531,0.10531,0.10531,0.12,0.5207321737529271,212.8436309220513,-202.7202240863197,0.0,0.0,415.563855008371,415.563855008371,0.0,1.0
8070,2019-12-03 06:00:00,12,2019-12-03 07:00:00,0.10531,0.10531,0.10531,0.12,0.7538604314521948,250.73693143143683,-0.0,0.0,0.0,250.73693143143683,250.73693143143683,0.0,0.0
8071,2019-12-03 07:00:00,12,2019-12-03 08:00:00,0.10531,0.10531,0.10531,0.12,0.7538604314521947,236.5725483931883,-0.0,0.0,0.0,236.5725483931883,236.5725483931883,0.0,0.0
8072,2019-12-03 08:00:00,12,2019-12-03 09:00:00,0.10531,0.10531,0.10531,0.12,0.7538604314521947,229.95023352281018,-0.0,0.0,0.0,229.95023352281018,229.95023352281018,0.0,0.0
8073,2019-12-03 09:00:00,12,2019-12-03 10:00:00,0.10531,0.10531,0.10531,0.12,0.7538604314521947,201.52944757549693,-214.03440743287405,0.0,0.0,415.563855008371,415.563855008371,0.0,1.0
8074,2019-12-03 10:00:00,12,2019-12-03 11:00:00,0.10531,0.10531,0.10531,0.12,1.0,163.635066580602,-0.0,0.0,0.0,163.635066580602,163.635066580602,0.0,0.0
8075,2019-12-03 11:00:00,12,2019-12-03 12:00:00,0.10531,0.10531,0.10531,0.12,1.0,163.6357874372949,-0.0,0.0,0.0,163.6357874372949,163.6357874372949,0.0,0.0
8076,2019-12-03 12:00:00,12,2019-12-03 13:00:00,0.10531,0.10531,0.10531,0.12,1.0,163.63578751093073,-0.0,0.0,0.0,163.63578751093073,163.63578751093073,0.0,0.0
8077,2019-12-03 13:00:00,12,2019-12-03 14:00:00,0.10531,0.10531,0.10531,0.12,1.0,163.63686821657248,-0.0,0.0,0.0,163.63686821657248,163.63686821657248,0.0,0.0
8078,2019-12-03 14:00:00,12,2019-12-03 15:00:00,0.10531,0.10531,0.10531,0.12,1.0,163.63578745589766,-0.0,0.0,0.0,163.63578745589766,163.63578745589766,0.0,0.0
8079,2019-12-03 15:00:00,12,2019-12-03 16:00:00,0.10531,0.10531,0.10531,0.12,1.0,163.63506648371276,-0.0,0.0,0.0,163.63506648371276,163.63506648371276,0.0,0.0
8080,2019-12-03 16:00:00,12,2019-12-03 17:00:00,0.13592,0.13592,0.13592,0.12,1.0,214.7740771682065,-0.0,214.7740771682065,0.0,0.0,0.0,1.0,0.0
8081,2019-12-03 17:00:00,12,2019-12-03 18:00:00,0.13592,0.13592,0.13592,0.12,0.7081873951518933,269.68412200872103,-0.0,269.68412200872103,0.0,0.0,0.0,0.0,0.0
8082,2019-12-03 18:00:00,12,2019-12-03 19:00:00,0.13592,0.13592,0.13592,0.12,0.34176875111830507,269.68412206530434,-0.0,251.54180082307252,0.0,18.142321242231816,18.142321242231816,0.0,0.0
8083,2019-12-03 19:00:00,12,2019-12-03 20:00:00,0.13592,0.13592,0.13592,0.12,0.0,250.73693141593452,-0.0,0.0,0.0,250.73693141593452,250.73693141593452,0.0,0.0
8084,2019-12-03 20:00:00,12,2019-12-03 21:00:00,0.13592,0.13592,0.13592,0.12,0.0,250.73693124695973,-0.0,0.0,0.0,250.73693124695973,250.73693124695973,0.0,0.0
8085,2019-12-03 21:00:00,12,2019-12-03 22:00:00,0.10531,0.10531,0.10531,0.12,0.0,231.79082169388906,-0.0,0.0,0.0,231.79082169388906,231.79082169388906,0.0,0.0
8086,2019-12-03 22:00:00,12,2019-12-03 23:00:00,0.10531,0.10531,0.10531,0.12,0.0,212.84255021098375,-0.0,0.0,0.0,212.84255021098375,212.84255021098375,0.0,0.0
8087,2019-12-03 23:00:00,12,2019-12-04 00:00:00,0.10531,0.10531,0.10531,0.12,0.0,193.89535956548954,-0.0,0.0,0.0,193.89535956548954,193.89535956548954,0.0,1.0
8088,2019-12-04 00:00:00,12,2019-12-04 01:00:00,0.10531,0.10531,0.10531,0.12,0.0,223.05436519479596,-0.0,0.0,0.0,223.05436519479596,223.05436519479596,0.0,0.0
8089,2019-12-04 01:00:00,12,2019-12-04 02:00:00,0.10531,0.10531,0.10531,0.12,0.0,223.0543652312263,-0.0,0.0,0.0,223.0543652312263,223.0543652312263,0.0,0.0
8090,2019-12-04 02:00:00,12,2019-12-04 03:00:00,0.10531,0.10531,0.10531,0.12,0.0,223.0543652033222,-0.0,0.0,0.0,223.0543652033222,223.0543652033222,0.0,0.0
8091,2019-12-04 03:00:00,12,2019-12-04 04:00:00,0.10531,0.10531,0.10531,0.12,0.0,223.05436518937012,-0.0,0.0,0.0,223.05436518937012,223.05436518937012,0.0,0.0
8092,2019-12-04 04:00:00,12,2019-12-04 05:00:00,0.10531,0.10531,0.10531,0.12,0.0,232.527960469486,-84.60213917479257,0.0,0.0,317.1300996442786,317.1300996442786,0.0,1.0
8093,2019-12-04 05:00:00,12,2019-12-04 06:00:00,0.10531,0.10531,0.10531,0.12,0.09729246005101146,270.7923522082377,-0.0,0.0,0.0,270.7923522082377,270.7923522082377,0.0,0.0
8094,2019-12-04 06:00:00,12,2019-12-04 07:00:00,0.10531,0.10531,0.10531,0.12,0.09729246005101146,399.35957440031666,-400.0,0.0,0.0,799.3595744003167,799.3595744003167,0.0,1.0
8095,2019-12-04 07:00:00,12,2019-12-04 08:00:00,0.10531,0.10531,0.10531,0.12,0.5572924600510114,447.5565524650431,-384.96307821651175,0.0,0.0,832.5196306815549,832.5196306815549,0.0,1.0
8096,2019-12-04 08:00:00,12,2019-12-04 09:00:00,0.10531,0.10531,0.10531,0.12,1.0,869.3007898235533,-0.0,36.78115914199839,0.0,832.5196306815549,832.5196306815549,0.0,0.0
8097,2019-12-04 09:00:00,12,2019-12-04 10:00:00,0.10531,0.10531,0.10531,0.12,0.95002559899185,869.5137724403106,-0.0,36.994141758755745,0.0,832.5196306815549,832.5196306815549,0.0,0.0
8098,2019-12-04 10:00:00,12,2019-12-04 11:00:00,0.10531,0.10531,0.10531,0.12,0.8997618194283231,844.5525049739898,-0.0,12.03287429243494,0.0,832.5196306815549,832.5196306815549,0.0,0.0
8099,2019-12-04 11:00:00,12,2019-12-04 12:00:00,0.10531,0.10531,0.10531,0.12,0.8834128054440364,865.7525447833918,-0.0,33.23291410183697,0.0,832.5196306815549,832.5196306815549,0.0,0.0
8100,2019-12-04 12:00:00,12,2019-12-04 13:00:00,0.10531,0.10531,0.10531,0.12,0.8382593895448015,844.1752907378745,-0.0,11.655660056319675,0.0,832.5196306815549,832.5196306815549,0.0,0.0
8101,2019-12-04 13:00:00,12,2019-12-04 14:00:00,0.10531,0.10531,0.10531,0.12,0.8224228949030629,885.4323810351365,-0.0,52.9127503535816,0.0,832.5196306815549,832.5196306815549,0.0,0.0
8102,2019-12-04 14:00:00,12,2019-12-04 15:00:00,0.10531,0.10531,0.10531,0.12,0.7505305710530878,887.8138533606812,-0.0,55.29422267912628,0.0,832.5196306815549,832.5196306815549,0.0,0.0
8103,2019-12-04 15:00:00,12,2019-12-04 16:00:00,0.10531,0.10531,0.10531,0.12,0.6754025511086228,909.3156862203082,-0.0,76.79605553875331,0.0,832.5196306815549,832.5196306815549,0.0,0.0
8104,2019-12-04 16:00:00,12,2019-12-04 17:00:00,0.13592,0.13592,0.13592,0.12,0.5710600843440123,974.4566419783152,-0.0,141.93701129676037,0.0,832.5196306815549,832.5196306815549,0.0,0.0
8105,2019-12-04 17:00:00,12,2019-12-04 18:00:00,0.13592,0.13592,0.13592,0.12,0.37821088421254445,917.1735648925356,-0.0,278.3632107804327,0.0,638.8103541121029,638.8103541121029,0.0,0.0
8106,2019-12-04 18:00:00,12,2019-12-04 19:00:00,0.13592,0.13592,0.13592,0.12,0.0,761.8315113406258,-0.0,0.0,0.0,761.8315113406258,761.8315113406258,0.0,1.0
8107,2019-12-04 19:00:00,12,2019-12-04 20:00:00,0.13592,0.13592,0.13592,0.12,0.0,769.3539670040393,-0.0,0.0,0.0,769.3539670040393,769.3539670040393,0.0,1.0
8108,2019-12-04 20:00:00,12,2019-12-04 21:00:00,0.13592,0.13592,0.13592,0.12,0.0,625.5867268149849,-0.0,0.0,0.0,625.5867268149849,625.5867268149849,0.0,0.0
8109,2019-12-04 21:00:00,12,2019-12-04 22:00:00,0.10531,0.10531,0.10531,0.12,0.0,589.4194821135501,-0.0,0.0,0.0,589.4194821135501,589.4194821135501,0.0,0.0
8110,2019-12-04 22:00:00,12,2019-12-04 23:00:00,0.10531,0.10531,0.10531,0.12,0.0,270.7912710313267,-0.0,0.0,0.0,270.7912710313267,270.7912710313267,0.0,0.0
8111,2019-12-04 23:00:00,12,2019-12-05 00:00:00,0.10531,0.10531,0.10531,0.12,0.0,232.52796054234673,-0.0,0.0,0.0,232.52796054234673,232.52796054234673,0.0,0.0
8112,2019-12-05 00:00:00,12,2019-12-05 01:00:00,0.10531,0.10531,0.10531,0.12,0.0,223.05436599238817,-0.0,0.0,0.0,223.05436599238817,223.05436599238817,0.0,0.0
8113,2019-12-05 01:00:00,12,2019-12-05 02:00:00,0.10531,0.10531,0.10531,0.12,0.0,223.05436600246463,-0.0,0.0,0.0,223.05436600246463,223.05436600246463,0.0,0.0
8114,2019-12-05 02:00:00,12,2019-12-05 03:00:00,0.10531,0.10531,0.10531,0.12,0.0,223.05436600944068,-0.0,0.0,0.0,223.05436600944068,223.05436600944068,0.0,0.0
8115,2019-12-05 03:00:00,12,2019-12-05 04:00:00,0.10531,0.10531,0.10531,0.12,0.0,223.05436601641668,-0.0,0.0,0.0,223.05436601641668,223.05436601641668,0.0,0.0
8116,2019-12-05 04:00:00,12,2019-12-05 05:00:00,0.10531,0.10531,0.10531,0.12,0.0,232.5279612903316,-400.0,0.0,0.0,632.5279612903316,632.5279612903316,0.0,1.0
8117,2019-12-05 05:00:00,12,2019-12-05 06:00:00,0.10531,0.10531,0.10531,0.12,0.46,270.7923538119483,-399.99999999999994,0.0,0.0,670.7923538119483,670.7923538119483,0.0,1.0
8118,2019-12-05 06:00:00,12,2019-12-05 07:00:00,0.10531,0.10531,0.10531,0.12,0.92,433.5264047974523,-69.56521739130434,0.0,0.0,503.0916221887567,503.0916221887567,0.0,1.0
8119,2019-12-05 07:00:00,12,2019-12-05 08:00:00,0.10531,0.10531,0.10531,0.12,1.0,494.89846158474353,0.0,0.0,0.0,494.89846158474353,494.89846158474353,0.0,0.0
8120,2019-12-05 08:00:00,12,2019-12-05 09:00:00,0.10531,0.10531,0.10531,0.12,1.0,956.2556628568076,-0.0,50.35680563590426,0.0,905.8988572209032,905.8988572209032,0.0,0.0
8121,2019-12-05 09:00:00,12,2019-12-05 10:00:00,0.10531,0.10531,0.10531,0.12,0.9315804271251301,961.2097666690598,-0.0,55.31090944815662,0.0,905.8988572209032,905.8988572209032,0.0,0.0
8122,2019-12-05 10:00:00,12,2019-12-05 11:00:00,0.10531,0.10531,0.10531,0.12,0.8564297349401346,973.4208496908462,-0.0,67.52199246994297,0.0,905.8988572209032,905.8988572209032,0.0,0.0
8123,2019-12-05 11:00:00,12,2019-12-05 12:00:00,0.10531,0.10531,0.10531,0.12,0.7646878973451032,962.3597952804088,-0.0,56.46093805950551,0.0,905.8988572209032,905.8988572209032,0.0,0.0
8124,2019-12-05 12:00:00,12,2019-12-05 13:00:00,0.10531,0.10531,0.10531,0.12,0.6879746662859929,914.7083508667894,-0.0,8.80949364588605,0.0,905.8988572209033,905.8988572209033,0.0,0.0
8125,2019-12-05 13:00:00,12,2019-12-05 14:00:00,0.10531,0.10531,0.10531,0.12,0.6760052455714739,1015.8633923583899,-0.0,109.96453513748656,0.0,905.8988572209033,905.8988572209033,0.0,0.0
8126,2019-12-05 14:00:00,12,2019-12-05 15:00:00,0.10531,0.10531,0.10531,0.12,0.5265969097868455,1035.4724998784725,-0.0,129.57364265756917,0.0,905.8988572209033,905.8988572209033,0.0,0.0
8127,2019-12-05 15:00:00,12,2019-12-05 16:00:00,0.10531,0.10531,0.10531,0.12,0.3505457648716701,1007.9376975534586,-0.0,102.03884033255531,0.0,905.8988572209033,905.8988572209033,0.0,0.0
8128,2019-12-05 16:00:00,12,2019-12-05 17:00:00,0.13592,0.13592,0.13592,0.12,0.2119060361589591,1025.7733732496965,-0.0,119.87451602879321,0.0,905.8988572209033,905.8988572209033,0.0,0.0
8129,2019-12-05 17:00:00,12,2019-12-05 18:00:00,0.13592,0.13592,0.13592,0.12,0.049033052424185854,941.9871838051041,-0.0,36.088326584200786,0.0,905.8988572209033,905.8988572209033,0.0,0.0
8130,2019-12-05 18:00:00,12,2019-12-05 19:00:00,0.13592,0.13592,0.13592,0.12,0.0,762.4579721278309,-0.0,0.0,0.0,762.4579721278309,762.4579721278309,0.0,1.0
8131,2019-12-05 19:00:00,12,2019-12-05 20:00:00,0.13592,0.13592,0.13592,0.12,0.0,719.2234479362345,-0.0,0.0,0.0,719.2234479362345,719.2234479362345,0.0,1.0
8132,2019-12-05 20:00:00,12,2019-12-05 21:00:00,0.13592,0.13592,0.13592,0.12,0.0,592.1545554855192,-0.0,0.0,0.0,592.1545554855192,592.1545554855192,0.0,0.0
8133,2019-12-05 21:00:00,12,2019-12-05 22:00:00,0.10531,0.10531,0.10531,0.12,0.0,547.7862486271205,-0.0,0.0,0.0,547.7862486271205,547.7862486271205,0.0,0.0
8134,2019-12-05 22:00:00,12,2019-12-05 23:00:00,0.10531,0.10531,0.10531,0.12,0.0,270.7912718196175,-0.0,0.0,0.0,270.7912718196175,270.7912718196175,0.0,0.0
8135,2019-12-05 23:00:00,12,2019-12-06 00:00:00,0.10531,0.10531,0.10531,0.12,0.0,232.52796131125967,-0.0,0.0,0.0,232.52796131125967,232.52796131125967,0.0,0.0
8136,2019-12-06 00:00:00,12,2019-12-06 01:00:00,0.10531,0.10531,0.10531,0.12,0.0,223.0543667822292,-0.0,0.0,0.0,223.0543667822292,223.0543667822292,0.0,0.0
8137,2019-12-06 01:00:00,12,2019-12-06 02:00:00,0.10531,0.10531,0.10531,0.12,0.0,223.05436675742556,-0.0,0.0,0.0,223.05436675742556,223.05436675742556,0.0,0.0
8138,2019-12-06 02:00:00,12,2019-12-06 03:00:00,0.10531,0.10531,0.10531,0.12,0.0,223.05436672874634,-0.0,0.0,0.0,223.05436672874634,223.05436672874634,0.0,0.0
8139,2019-12-06 03:00:00,12,2019-12-06 04:00:00,0.10531,0.10531,0.10531,0.12,0.0,223.05436671556942,-0.0,0.0,0.0,223.05436671556942,223.05436671556942,0.0,0.0
8140,2019-12-06 04:00:00,12,2019-12-06 05:00:00,0.10531,0.10531,0.10531,0.12,0.0,232.5279619980106,-0.0,0.0,0.0,232.5279619980106,232.5279619980106,0.0,0.0
8141,2019-12-06 05:00:00,12,2019-12-06 06:00:00,0.10531,0.10531,0.10531,0.12,0.0,270.7923548467254,-0.0,0.0,0.0,270.7923548467254,270.7923548467254,0.0,0.0
8142,2019-12-06 06:00:00,12,2019-12-06 07:00:00,0.10531,0.10531,0.10531,0.12,0.0,403.0253389669701,-400.0,0.0,0.0,803.0253389669701,803.0253389669701,0.0,1.0
8143,2019-12-06 07:00:00,12,2019-12-06 08:00:00,0.10531,0.10531,0.10531,0.12,0.46,465.0276627211713,-389.51766574722114,0.0,0.0,854.5453284683924,854.5453284683924,0.0,1.0
8144,2019-12-06 08:00:00,12,2019-12-06 09:00:00,0.10531,0.10531,0.10531,0.12,0.9079453156093044,882.3877195212084,0.0,0.0,0.0,882.3877195212084,882.3877195212084,0.0,0.0
8145,2019-12-06 09:00:00,12,2019-12-06 10:00:00,0.10531,0.10531,0.10531,0.12,0.9079453156093044,869.8215439284678,0.0,0.0,0.0,869.8215439284678,869.8215439284678,0.0,0.0
8146,2019-12-06 10:00:00,12,2019-12-06 11:00:00,0.10531,0.10531,0.10531,0.12,0.9079453156093044,845.4085582795514,-60.490298941351966,0.0,0.0,905.8988572209033,905.8988572209033,0.0,1.0
8147,2019-12-06 11:00:00,12,2019-12-06 12:00:00,0.10531,0.10531,0.10531,0.12,0.9775091593918591,845.5528767580042,0.0,0.0,0.0,845.5528767580042,845.5528767580042,0.0,0.0
8148,2019-12-06 12:00:00,12,2019-12-06 13:00:00,0.10531,0.10531,0.10531,0.12,0.9775091593918591,828.0126677409361,-19.557252702731166,0.0,0.0,847.5699204436672,847.5699204436672,0.0,1.0
8149,2019-12-06 13:00:00,12,2019-12-06 14:00:00,0.10531,0.10531,0.10531,0.12,1.0,886.3416045181722,-0.0,0.0,0.0,886.3416045181722,886.3416045181722,0.0,0.0
8150,2019-12-06 14:00:00,12,2019-12-06 15:00:00,0.10531,0.10531,0.10531,0.12,1.0,930.6203262694778,-0.0,24.721469048574477,0.0,905.8988572209033,905.8988572209033,0.0,0.0
8151,2019-12-06 15:00:00,12,2019-12-06 16:00:00,0.10531,0.10531,0.10531,0.12,0.9664110474883499,922.0841888306428,-0.0,16.185331609739478,0.0,905.8988572209033,905.8988572209033,0.0,0.0
8152,2019-12-06 16:00:00,12,2019-12-06 17:00:00,0.13592,0.13592,0.13592,0.12,0.9444201078012039,940.0082184880275,-0.0,400.0,0.0,540.0082184880275,540.0082184880275,0.0,0.0
8153,2019-12-06 17:00:00,12,2019-12-06 18:00:00,0.13592,0.13592,0.13592,0.12,0.4009418469316387,879.0713509561926,-0.0,295.0931993416861,0.0,583.9781516145065,583.9781516145065,0.0,0.0
8154,2019-12-06 18:00:00,12,2019-12-06 19:00:00,0.13592,0.13592,0.13592,0.12,0.0,701.8160357148743,-0.0,0.0,0.0,701.8160357148743,701.8160357148743,0.0,0.0
8155,2019-12-06 19:00:00,12,2019-12-06 20:00:00,0.13592,0.13592,0.13592,0.12,0.0,666.5384844052279,-0.0,0.0,0.0,666.5384844052279,666.5384844052279,0.0,0.0
8156,2019-12-06 20:00:00,12,2019-12-06 21:00:00,0.13592,0.13592,0.13592,0.12,0.0,531.2729137184679,-0.0,0.0,0.0,531.2729137184679,531.2729137184679,0.0,0.0
8157,2019-12-06 21:00:00,12,2019-12-06 22:00:00,0.10531,0.10531,0.10531,0.12,0.0,465.9652810575342,-0.0,0.0,0.0,465.9652810575342,465.9652810575342,0.0,0.0
8158,2019-12-06 22:00:00,12,2019-12-06 23:00:00,0.10531,0.10531,0.10531,0.12,0.0,270.7912724319575,-0.0,0.0,0.0,270.7912724319575,270.7912724319575,0.0,0.0
8159,2019-12-06 23:00:00,12,2019-12-07 00:00:00,0.10531,0.10531,0.10531,0.12,0.0,232.52796199491013,-0.0,0.0,0.0,232.52796199491013,232.52796199491013,0.0,0.0
8160,2019-12-07 00:00:00,12,2019-12-07 01:00:00,0.10531,0.10531,0.10531,0.12,0.0,223.0543674077461,-0.0,0.0,0.0,223.0543674077461,223.0543674077461,0.0,0.0
8161,2019-12-07 01:00:00,12,2019-12-07 02:00:00,0.10531,0.10531,0.10531,0.12,0.0,223.05436738914338,-0.0,0.0,0.0,223.05436738914338,223.05436738914338,0.0,0.0
8162,2019-12-07 02:00:00,12,2019-12-07 03:00:00,0.10531,0.10531,0.10531,0.12,0.0,223.05436737751668,-0.0,0.0,0.0,223.05436737751668,223.05436737751668,0.0,0.0
8163,2019-12-07 03:00:00,12,2019-12-07 04:00:00,0.10531,0.10531,0.10531,0.12,0.0,223.05436737829177,-0.0,0.0,0.0,223.05436737829177,223.05436737829177,0.0,0.0
8164,2019-12-07 04:00:00,12,2019-12-07 05:00:00,0.10531,0.10531,0.10531,0.12,0.0,232.52796273126833,-169.67355472639665,0.0,0.0,402.201517457665,402.201517457665,0.0,1.0
8165,2019-12-07 05:00:00,12,2019-12-07 06:00:00,0.10531,0.10531,0.10531,0.12,0.19512458793535614,270.792356055128,-400.0,0.0,0.0,670.792356055128,670.792356055128,0.0,1.0
8166,2019-12-07 06:00:00,12,2019-12-07 07:00:00,0.10531,0.10531,0.10531,0.12,0.6551245879353561,606.0071945559956,-299.8916626649077,0.0,0.0,905.8988572209033,905.8988572209033,0.0,1.0
8167,2019-12-07 07:00:00,12,2019-12-07 08:00:00,0.10531,0.10531,0.10531,0.12,1.0,687.9609975816454,0.0,0.0,0.0,687.9609975816454,687.9609975816454,0.0,0.0
8168,2019-12-07 08:00:00,12,2019-12-07 09:00:00,0.10531,0.10531,0.10531,0.12,1.0,1108.1741577515486,-0.0,202.27530053064527,0.0,905.8988572209033,905.8988572209033,0.0,0.0
8169,2019-12-07 09:00:00,12,2019-12-07 10:00:00,0.10531,0.10531,0.10531,0.12,0.7251694286268406,1081.5162982839688,-0.0,175.61744106306548,0.0,905.8988572209033,905.8988572209033,0.0,0.0
8170,2019-12-07 10:00:00,12,2019-12-07 11:00:00,0.10531,0.10531,0.10531,0.12,0.48655877500854516,918.5142298894843,-0.0,12.615372668581017,0.0,905.8988572209033,905.8988572209033,0.0,0.0
8171,2019-12-07 11:00:00,12,2019-12-07 12:00:00,0.10531,0.10531,0.10531,0.12,0.46941832301319053,784.8555854114097,-121.0432718094936,0.0,0.0,905.8988572209033,905.8988572209033,0.0,1.0
8172,2019-12-07 12:00:00,12,2019-12-07 13:00:00,0.10531,0.10531,0.10531,0.12,0.6086180855941081,820.5178226582136,-85.3810345626897,0.0,0.0,905.8988572209033,905.8988572209033,0.0,1.0
8173,2019-12-07 13:00:00,12,2019-12-07 14:00:00,0.10531,0.10531,0.10531,0.12,0.7068062753412013,955.2422800187849,-0.0,49.343422797881544,0.0,905.8988572209033,905.8988572209033,0.0,0.0
8174,2019-12-07 14:00:00,12,2019-12-07 15:00:00,0.10531,0.10531,0.10531,0.12,0.6397635813223405,878.4869491725592,-27.411908048344117,0.0,0.0,905.8988572209033,905.8988572209033,0.0,1.0
8175,2019-12-07 15:00:00,12,2019-12-07 16:00:00,0.10531,0.10531,0.10531,0.12,0.6712872755779362,784.5569662897908,-121.34189093111252,0.0,0.0,905.8988572209033,905.8988572209033,0.0,1.0
8176,2019-12-07 16:00:00,12,2019-12-07 17:00:00,0.13592,0.13592,0.13592,0.12,0.8108304501487157,797.8098903010523,-0.0,0.0,0.0,797.8098903010523,797.8098903010523,0.0,1.0
8177,2019-12-07 17:00:00,12,2019-12-07 18:00:00,0.13592,0.13592,0.13592,0.12,0.8108304501487157,736.8611717002747,-0.0,400.0,0.0,336.86117170027467,336.86117170027467,0.0,0.0
8178,2019-12-07 18:00:00,12,2019-12-07 19:00:00,0.13592,0.13592,0.13592,0.12,0.2673521892791505,582.3680105169707,-0.0,0.0,0.0,582.3680105169707,582.3680105169707,0.0,1.0
8179,2019-12-07 19:00:00,12,2019-12-07 20:00:00,0.13592,0.13592,0.13592,0.12,0.2673521892791505,563.4670647163882,-0.0,0.0,0.0,563.4670647163882,563.4670647163882,0.0,1.0
8180,2019-12-07 20:00:00,12,2019-12-07 21:00:00,0.13592,0.13592,0.13592,0.12,0.2673521892791505,447.6315443432538,-0.0,196.77121130945477,0.0,250.860333033799,250.860333033799,0.0,0.0
8181,2019-12-07 21:00:00,12,2019-12-07 22:00:00,0.10531,0.10531,0.10531,0.12,0.0,428.692648200799,-0.0,0.0,0.0,428.692648200799,428.692648200799,0.0,1.0
8182,2019-12-07 22:00:00,12,2019-12-07 23:00:00,0.10531,0.10531,0.10531,0.12,0.0,270.7912734186775,-0.0,0.0,0.0,270.7912734186775,270.7912734186775,0.0,0.0
8183,2019-12-07 23:00:00,12,2019-12-08 00:00:00,0.10531,0.10531,0.10531,0.12,0.0,232.52796283358333,-0.0,0.0,0.0,232.52796283358333,232.52796283358333,0.0,0.0
8184,2019-12-08 00:00:00,12,2019-12-08 01:00:00,0.10531,0.10531,0.10531,0.12,0.0,223.05436826269673,0.0,0.0,0.0,223.05436826269673,223.05436826269673,0.0,0.0
8185,2019-12-08 01:00:00,12,2019-12-08 02:00:00,0.10531,0.10531,0.10531,0.12,0.0,223.05436826269673,-0.0,0.0,0.0,223.05436826269673,223.05436826269673,0.0,0.0
8186,2019-12-08 02:00:00,12,2019-12-08 03:00:00,0.10531,0.10531,0.10531,0.12,0.0,223.05436823711796,-0.0,0.0,0.0,223.05436823711796,223.05436823711796,0.0,0.0
8187,2019-12-08 03:00:00,12,2019-12-08 04:00:00,0.10531,0.10531,0.10531,0.12,0.0,223.0543682006876,-336.5436067763228,0.0,0.0,559.5979749770104,559.5979749770104,0.0,1.0
8188,2019-12-08 04:00:00,12,2019-12-08 05:00:00,0.10531,0.10531,0.10531,0.12,0.38702514779277125,232.52796345367446,-0.0,0.0,0.0,232.52796345367446,232.52796345367446,0.0,0.0
8189,2019-12-08 05:00:00,12,2019-12-08 06:00:00,0.10531,0.10531,0.10531,0.12,0.38702514779277125,270.79235681939025,-0.0,0.0,0.0,270.79235681939025,270.79235681939025,0.0,0.0
8190,2019-12-08 06:00:00,12,2019-12-08 07:00:00,0.10531,0.10531,0.10531,0.12,0.38702514779277125,331.7938008117132,-0.0,0.0,0.0,331.7938008117132,331.7938008117132,0.0,0.0
8191,2019-12-08 07:00:00,12,2019-12-08 08:00:00,0.10531,0.10531,0.10531,0.12,0.38702514779277125,394.91361772986994,-400.0,0.0,0.0,794.9136177298699,794.9136177298699,0.0,1.0
8192,2019-12-08 08:00:00,12,2019-12-08 09:00:00,0.10531,0.10531,0.10531,0.12,0.8470251477927713,813.1384756220102,-0.0,0.0,0.0,813.1384756220102,813.1384756220102,0.0,0.0
8193,2019-12-08 09:00:00,12,2019-12-08 10:00:00,0.10531,0.10531,0.10531,0.12,0.8470251477927713,784.5963510047203,0.0,0.0,0.0,784.5963510047203,784.5963510047203,0.0,0.0
8194,2019-12-08 10:00:00,12,2019-12-08 11:00:00,0.10531,0.10531,0.10531,0.12,0.8470251477927713,746.667640314072,0.0,0.0,0.0,746.667640314072,746.667640314072,0.0,0.0
8195,2019-12-08 11:00:00,12,2019-12-08 12:00:00,0.10531,0.10531,0.10531,0.12,0.8470251477927713,746.6669495814052,-0.0,0.0,0.0,746.6669495814052,746.6669495814052,0.0,0.0
8196,2019-12-08 12:00:00,12,2019-12-08 13:00:00,0.10531,0.10531,0.10531,0.12,0.8470251477927713,708.0213422229263,-62.20980702820893,-2.842170943040401e-14,0.0,770.2311492511352,770.2311492511352,0.0,1.0
8197,2019-12-08 13:00:00,12,2019-12-08 14:00:00,0.10531,0.10531,0.10531,0.12,0.9185664258752115,746.633469245376,-23.59768000575923,0.0,0.0,770.2311492511352,770.2311492511352,0.0,1.0
8198,2019-12-08 14:00:00,12,2019-12-08 15:00:00,0.10531,0.10531,0.10531,0.12,0.9457037578818347,746.6218713836629,-23.60927786747212,-2.652605652943225e-14,0.0,770.2311492511352,770.2311492511352,0.0,1.0
8199,2019-12-08 15:00:00,12,2019-12-08 16:00:00,0.10531,0.10531,0.10531,0.12,0.972854427429428,746.6263035375943,-23.604845713540925,-2.842170943040401e-14,0.0,770.2311492511352,770.2311492511352,0.0,1.0
8200,2019-12-08 16:00:00,12,2019-12-08 17:00:00,0.13592,0.13592,0.13592,0.12,1.0,797.8042623696213,-0.0,336.00000000000006,0.0,461.8042623696212,461.8042623696212,0.0,0.0
8201,2019-12-08 17:00:00,12,2019-12-08 18:00:00,0.13592,0.13592,0.13592,0.12,0.5434782608695652,736.8684579382664,-0.0,400.0,0.0,336.8684579382664,336.8684579382664,0.0,0.0
8202,2019-12-08 18:00:00,12,2019-12-08 19:00:00,0.13592,0.13592,0.13592,0.12,0.0,582.3729813238981,-0.0,0.0,0.0,582.3729813238981,582.3729813238981,0.0,1.0
8203,2019-12-08 19:00:00,12,2019-12-08 20:00:00,0.13592,0.13592,0.13592,0.12,0.0,563.4355156611035,-0.0,0.0,0.0,563.4355156611035,563.4355156611035,0.0,0.0
8204,2019-12-08 20:00:00,12,2019-12-08 21:00:00,0.13592,0.13592,0.13592,0.12,0.0,447.5743005531798,-0.0,0.0,0.0,447.5743005531798,447.5743005531798,0.0,0.0
8205,2019-12-08 21:00:00,12,2019-12-08 22:00:00,0.10531,0.10531,0.10531,0.12,0.0,428.6357552125445,0.0,0.0,0.0,428.6357552125445,428.6357552125445,0.0,0.0
8206,2019-12-08 22:00:00,12,2019-12-08 23:00:00,0.10531,0.10531,0.10531,0.12,0.0,270.7912737643783,-0.0,0.0,0.0,270.7912737643783,270.7912737643783,0.0,0.0
8207,2019-12-08 23:00:00,12,2019-12-09 00:00:00,0.10531,0.10531,0.10531,0.12,0.0,232.52796335058434,-0.0,0.0,0.0,232.52796335058434,232.52796335058434,0.0,0.0
8208,2019-12-09 00:00:00,12,2019-12-09 01:00:00,0.10531,0.10531,0.10531,0.12,0.0,184.4221289749088,-69.56521739130426,0.0,0.0,253.98734636621305,253.98734636621305,0.0,1.0
8209,2019-12-09 01:00:00,12,2019-12-09 02:00:00,0.10531,0.10531,0.10531,0.12,0.0799999999999999,184.4221289532056,-0.0,0.0,0.0,184.4221289532056,184.4221289532056,0.0,0.0
8210,2019-12-09 02:00:00,12,2019-12-09 03:00:00,0.10531,0.10531,0.10531,0.12,0.0799999999999999,184.42212894777978,-0.0,0.0,0.0,184.42212894777978,184.42212894777978,0.0,0.0
8211,2019-12-09 03:00:00,12,2019-12-09 04:00:00,0.10531,0.10531,0.10531,0.12,0.0799999999999999,184.4221289539807,-0.0,0.0,0.0,184.4221289539807,184.4221289539807,0.0,0.0
8212,2019-12-09 04:00:00,12,2019-12-09 05:00:00,0.10531,0.10531,0.10531,0.12,0.0799999999999999,193.89572425347438,-400.0,0.0,0.0,593.8957242534743,593.8957242534743,0.0,1.0
8213,2019-12-09 05:00:00,12,2019-12-09 06:00:00,0.10531,0.10531,0.10531,0.12,0.5399999999999999,212.84399877715148,-400.0,0.0,0.0,612.8439987771515,612.8439987771515,0.0,1.0
8214,2019-12-09 06:00:00,12,2019-12-09 07:00:00,0.10531,0.10531,0.10531,0.12,1.0,331.89802442751704,-0.0,0.0,0.0,331.89802442751704,331.89802442751704,0.0,0.0
8215,2019-12-09 07:00:00,12,2019-12-09 08:00:00,0.10531,0.10531,0.10531,0.12,1.0,317.6090135886087,-0.0,0.0,0.0,317.6090135886087,317.6090135886087,0.0,0.0
8216,2019-12-09 08:00:00,12,2019-12-09 09:00:00,0.10531,0.10531,0.10531,0.12,1.0,503.990979027827,0.0,0.0,0.0,503.990979027827,503.990979027827,0.0,0.0
8217,2019-12-09 09:00:00,12,2019-12-09 10:00:00,0.10531,0.10531,0.10531,0.12,1.0,475.5122363740136,-0.0,0.0,0.0,475.5122363740136,475.5122363740136,0.0,1.0
8218,2019-12-09 10:00:00,12,2019-12-09 11:00:00,0.10531,0.10531,0.10531,0.12,1.0,437.6683047332132,-0.0,0.0,0.0,437.6683047332131,437.6683047332131,0.0,0.0
8219,2019-12-09 11:00:00,12,2019-12-09 12:00:00,0.10531,0.10531,0.10531,0.12,1.0,438.37569363936103,-0.0,0.0,0.0,438.37569363936103,438.37569363936103,0.0,0.0
8220,2019-12-09 12:00:00,12,2019-12-09 13:00:00,0.10531,0.10531,0.10531,0.12,1.0,447.17267523908714,-0.0,2.842170943040401e-14,0.0,447.1726752390872,447.1726752390872,0.0,1.0
8221,2019-12-09 13:00:00,12,2019-12-09 14:00:00,0.10531,0.10531,0.10531,0.12,1.0,485.51661521500574,-0.0,-5.684341886080802e-14,0.0,485.51661521500586,485.51661521500586,0.0,0.0
8222,2019-12-09 14:00:00,12,2019-12-09 15:00:00,0.10531,0.10531,0.10531,0.12,1.0,321.50667438806107,-0.0,3.993205175094741e-13,9.74909633339887e-14,321.5066743880608,321.5066743880607,0.0,0.0
8223,2019-12-09 15:00:00,12,2019-12-09 16:00:00,0.10531,0.10531,0.10531,0.12,1.0,333.6717778476647,-0.0,0.0,0.0,333.67177784766477,333.67177784766477,0.0,0.0
8224,2019-12-09 16:00:00,12,2019-12-09 17:00:00,0.13592,0.13592,0.13592,0.12,1.0,349.6244321768207,-0.0,349.6244321768207,0.0,1.7053025658242404e-13,1.7053025658242404e-13,0.0,0.0
8225,2019-12-09 17:00:00,12,2019-12-09 18:00:00,0.13592,0.13592,0.13592,0.12,0.5249668041075802,292.66793531690473,-0.0,135.6375498053119,0.0,157.03038551159284,157.03038551159284,0.0,0.0
8226,2019-12-09 18:00:00,12,2019-12-09 19:00:00,0.13592,0.13592,0.13592,0.12,0.34067665491558047,269.6852092516733,-0.0,3.9603003317513554e-13,0.0,269.6852092516737,269.6852092516737,0.0,0.0
8227,2019-12-09 19:00:00,12,2019-12-09 20:00:00,0.13592,0.13592,0.13592,0.12,0.34067665491558086,250.7380180178676,-0.0,250.7380180178676,0.0,1.1368683772161603e-13,1.1368683772161603e-13,0.0,0.0
8228,2019-12-09 20:00:00,12,2019-12-09 21:00:00,0.13592,0.13592,0.13592,0.12,0.0,250.7380184953378,-0.0,4.831690603168681e-13,0.0,250.73801849533777,250.73801849533777,0.0,0.0
8229,2019-12-09 21:00:00,12,2019-12-09 22:00:00,0.10531,0.10531,0.10531,0.12,0.0,231.79154994981917,-0.0,0.0,0.0,231.79154994981917,231.79154994981917,0.0,0.0
8230,2019-12-09 22:00:00,12,2019-12-09 23:00:00,0.10531,0.10531,0.10531,0.12,0.0,212.84291480828028,-0.0,0.0,0.0,212.84291480828028,212.84291480828028,0.0,0.0
8231,2019-12-09 23:00:00,12,2019-12-10 00:00:00,0.10531,0.10531,0.10531,0.12,0.0,193.89572427517757,-0.0,0.0,0.0,193.89572427517754,193.89572427517754,0.0,0.0
8232,2019-12-10 00:00:00,12,2019-12-10 01:00:00,0.10531,0.10531,0.10531,0.12,0.0,184.4217683771999,-0.0,0.0,0.0,184.4217683771999,184.4217683771999,0.0,0.0
8233,2019-12-10 01:00:00,12,2019-12-10 02:00:00,0.10531,0.10531,0.10531,0.12,0.0,184.42176846866337,-0.0,0.0,0.0,184.42176846866337,184.42176846866337,0.0,0.0
8234,2019-12-10 02:00:00,12,2019-12-10 03:00:00,0.10531,0.10531,0.10531,0.12,0.0,184.4217684802901,-0.0,0.0,0.0,184.4217684802901,184.4217684802901,0.0,0.0
8235,2019-12-10 03:00:00,12,2019-12-10 04:00:00,0.10531,0.10531,0.10531,0.12,0.0,184.42176840587913,-0.0,0.0,0.0,184.42176840587913,184.42176840587913,0.0,0.0
8236,2019-12-10 04:00:00,12,2019-12-10 05:00:00,0.10531,0.10531,0.10531,0.12,0.0,193.89536352477128,-0.0,0.0,0.0,193.89536352477128,193.89536352477128,0.0,0.0
8237,2019-12-10 05:00:00,12,2019-12-10 06:00:00,0.10531,0.10531,0.10531,0.12,0.0,213.13289670250214,-0.0,0.0,0.0,213.13289670250214,213.13289670250214,0.0,0.0
8238,2019-12-10 06:00:00,12,2019-12-10 07:00:00,0.10531,0.10531,0.10531,0.12,0.0,251.89409565754582,-0.0,0.0,0.0,251.89409565754582,251.89409565754582,0.0,0.0
8239,2019-12-10 07:00:00,12,2019-12-10 08:00:00,0.10531,0.10531,0.10531,0.12,0.0,237.5837878296987,-291.0236393657692,0.0,0.0,528.607427195468,528.607427195468,0.0,1.0
8240,2019-12-10 08:00:00,12,2019-12-10 09:00:00,0.10531,0.10531,0.10531,0.12,0.3346771852706346,229.95023740690587,-0.0,0.0,0.0,229.95023740690587,229.95023740690587,0.0,0.0
8241,2019-12-10 09:00:00,12,2019-12-10 10:00:00,0.10531,0.10531,0.10531,0.12,0.3346771852706346,201.52945167972499,-327.07797551574293,0.0,0.0,528.607427195468,528.607427195468,0.0,1.0
8242,2019-12-10 10:00:00,12,2019-12-10 11:00:00,0.10531,0.10531,0.10531,0.12,0.7108168571137391,175.31704809833738,-0.0,0.0,0.0,175.31704809833738,175.31704809833738,0.0,0.0
8243,2019-12-10 11:00:00,12,2019-12-10 12:00:00,0.10531,0.10531,0.10531,0.12,0.7108168571137391,181.1462254878642,-0.0,0.0,0.0,181.1462254878642,181.1462254878642,0.0,0.0
8244,2019-12-10 12:00:00,12,2019-12-10 13:00:00,0.10531,0.10531,0.10531,0.12,0.7108168571137391,233.5770405963822,-0.0,0.0,0.0,233.5770405963822,233.5770405963822,0.0,0.0
8245,2019-12-10 13:00:00,12,2019-12-10 14:00:00,0.10531,0.10531,0.10531,0.12,0.7108168571137391,275.351438011281,-0.0,0.0,0.0,275.351438011281,275.351438011281,0.0,0.0
8246,2019-12-10 14:00:00,12,2019-12-10 15:00:00,0.10531,0.10531,0.10531,0.12,0.7108168571137391,277.1438246856758,-0.0,0.0,0.0,277.1438246856758,277.1438246856758,0.0,0.0
8247,2019-12-10 15:00:00,12,2019-12-10 16:00:00,0.10531,0.10531,0.10531,0.12,0.7108168571137391,269.53097529310537,-251.46360250979208,0.0,0.0,520.9945778028974,520.9945778028974,0.0,1.0
8248,2019-12-10 16:00:00,12,2019-12-10 17:00:00,0.13592,0.13592,0.13592,0.12,1.0,214.77408129181242,-0.0,196.6317478771922,0.0,18.142333414620225,18.142333414620225,0.0,0.0
8249,2019-12-10 17:00:00,12,2019-12-10 18:00:00,0.13592,0.13592,0.13592,0.12,0.7328372990799019,269.68412605636576,-0.0,269.68412605636576,0.0,0.0,0.0,0.0,0.0
8250,2019-12-10 18:00:00,12,2019-12-10 19:00:00,0.13592,0.13592,0.13592,0.12,0.3664186495467964,269.68412606644216,-0.0,269.68412606644216,0.0,0.0,0.0,0.0,0.0
8251,2019-12-10 19:00:00,12,2019-12-10 20:00:00,0.13592,0.13592,0.13592,0.12,0.0,250.73693542249825,-0.0,0.0,0.0,250.73693542249825,250.73693542249825,0.0,0.0
8252,2019-12-10 20:00:00,12,2019-12-10 21:00:00,0.13592,0.13592,0.13592,0.12,0.0,250.7369352581741,-0.0,0.0,0.0,250.7369352581741,250.7369352581741,0.0,0.0
8253,2019-12-10 21:00:00,12,2019-12-10 22:00:00,0.10531,0.10531,0.10531,0.12,0.0,231.79082878618112,-0.0,0.0,0.0,231.79082878618112,231.79082878618112,0.0,0.0
8254,2019-12-10 22:00:00,12,2019-12-10 23:00:00,0.10531,0.10531,0.10531,0.12,0.0,212.84255426560452,-0.0,0.0,0.0,212.84255426560452,212.84255426560452,0.0,0.0
8255,2019-12-10 23:00:00,12,2019-12-11 00:00:00,0.10531,0.10531,0.10531,0.12,0.0,193.89536356662745,-0.0,0.0,0.0,193.89536356662745,193.89536356662745,0.0,0.0
8256,2019-12-11 00:00:00,12,2019-12-11 01:00:00,0.10531,0.10531,0.10531,0.12,0.0,223.05437018807962,0.0,0.0,0.0,223.05437018807962,223.05437018807962,0.0,0.0
8257,2019-12-11 01:00:00,12,2019-12-11 02:00:00,0.10531,0.10531,0.10531,0.12,0.0,223.05437024078736,-0.0,0.0,0.0,223.05437024078736,223.05437024078736,0.0,0.0
8258,2019-12-11 02:00:00,12,2019-12-11 03:00:00,0.10531,0.10531,0.10531,0.12,0.0,223.05437020125657,-0.0,0.0,0.0,223.05437020125657,223.05437020125657,0.0,0.0
8259,2019-12-11 03:00:00,12,2019-12-11 04:00:00,0.10531,0.10531,0.10531,0.12,0.0,223.05437018110362,-0.0,0.0,0.0,223.05437018110362,223.05437018110362,0.0,0.0
8260,2019-12-11 04:00:00,12,2019-12-11 05:00:00,0.10531,0.10531,0.10531,0.12,0.0,232.52796546276969,-0.0,0.0,0.0,232.52796546276969,232.52796546276969,0.0,0.0
8261,2019-12-11 05:00:00,12,2019-12-11 06:00:00,0.10531,0.10531,0.10531,0.12,0.0,270.792360179509,-0.0,0.0,0.0,270.792360179509,270.792360179509,0.0,0.0
8262,2019-12-11 06:00:00,12,2019-12-11 07:00:00,0.10531,0.10531,0.10531,0.12,0.0,331.9125803400916,-380.7599837603455,0.0,0.0,712.6725641004371,712.6725641004371,0.0,1.0
8263,2019-12-11 07:00:00,12,2019-12-11 08:00:00,0.10531,0.10531,0.10531,0.12,0.4378739813243973,394.8757726585404,-400.0,0.0,0.0,794.8757726585404,794.8757726585404,0.0,1.0
8264,2019-12-11 08:00:00,12,2019-12-11 09:00:00,0.10531,0.10531,0.10531,0.12,0.8978739813243973,813.0100722470174,-0.0,0.0,0.0,813.0100722470174,813.0100722470174,0.0,0.0
8265,2019-12-11 09:00:00,12,2019-12-11 10:00:00,0.10531,0.10531,0.10531,0.12,0.8978739813243973,784.571552506993,0.0,0.0,0.0,784.571552506993,784.571552506993,0.0,0.0
8266,2019-12-11 10:00:00,12,2019-12-11 11:00:00,0.10531,0.10531,0.10531,0.12,0.8978739813243973,817.3762420893903,0.0,0.0,0.0,817.3762420893903,817.3762420893903,0.0,0.0
8267,2019-12-11 11:00:00,12,2019-12-11 12:00:00,0.10531,0.10531,0.10531,0.12,0.8978739813243973,861.2317782896096,-44.66707893129376,0.0,0.0,905.8988572209033,905.8988572209033,0.0,1.0
8268,2019-12-11 12:00:00,12,2019-12-11 13:00:00,0.10531,0.10531,0.10531,0.12,0.9492411220953852,861.7607025212383,-44.13815469966505,0.0,0.0,905.8988572209033,905.8988572209033,0.0,1.0
8269,2019-12-11 13:00:00,12,2019-12-11 14:00:00,0.10531,0.10531,0.10531,0.12,1.0,923.4677809990261,-0.0,17.56892377812278,0.0,905.8988572209033,905.8988572209033,0.0,0.0
8270,2019-12-11 14:00:00,12,2019-12-11 15:00:00,0.10531,0.10531,0.10531,0.12,0.9761291796492897,968.6784958007272,-0.0,62.77963857982388,0.0,905.8988572209033,905.8988572209033,0.0,0.0
8271,2019-12-11 15:00:00,12,2019-12-11 16:00:00,0.10531,0.10531,0.10531,0.12,0.8908307576658333,933.641640461655,-0.0,27.74278324075169,0.0,905.8988572209033,905.8988572209033,0.0,0.0
8272,2019-12-11 16:00:00,12,2019-12-11 17:00:00,0.13592,0.13592,0.13592,0.12,0.8531367586974207,908.342726145239,-0.0,400.0,0.0,508.342726145239,508.342726145239,0.0,0.0
8273,2019-12-11 17:00:00,12,2019-12-11 18:00:00,0.13592,0.13592,0.13592,0.12,0.30965849782785554,815.560916057388,-0.0,227.9086544013017,0.0,587.6522616560862,587.6522616560862,0.0,0.0
8274,2019-12-11 18:00:00,12,2019-12-11 19:00:00,0.13592,0.13592,0.13592,0.12,0.0,600.219317380049,-0.0,0.0,0.0,600.219317380049,600.219317380049,0.0,1.0
8275,2019-12-11 19:00:00,12,2019-12-11 20:00:00,0.13592,0.13592,0.13592,0.12,0.0,563.3767267496997,-0.0,0.0,0.0,563.3767267496997,563.3767267496997,0.0,1.0
8276,2019-12-11 20:00:00,12,2019-12-11 21:00:00,0.13592,0.13592,0.13592,0.12,0.0,447.5228465855991,-0.0,0.0,0.0,447.5228465855991,447.5228465855991,0.0,1.0
8277,2019-12-11 21:00:00,12,2019-12-11 22:00:00,0.10531,0.10531,0.10531,0.12,0.0,428.5939352998281,-0.0,0.0,0.0,428.5939352998281,428.5939352998281,0.0,1.0
8278,2019-12-11 22:00:00,12,2019-12-11 23:00:00,0.10531,0.10531,0.10531,0.12,0.0,270.79127590291756,-0.0,0.0,0.0,270.79127590291756,270.79127590291756,0.0,0.0
8279,2019-12-11 23:00:00,12,2019-12-12 00:00:00,0.10531,0.10531,0.10531,0.12,0.0,232.52796548369778,-0.0,0.0,0.0,232.52796548369778,232.52796548369778,0.0,0.0
8280,2019-12-12 00:00:00,12,2019-12-12 01:00:00,0.10531,0.10531,0.10531,0.12,0.0,223.05437093683963,-0.0,0.0,0.0,223.05437093683963,223.05437093683963,0.0,0.0
8281,2019-12-12 01:00:00,12,2019-12-12 02:00:00,0.10531,0.10531,0.10531,0.12,0.0,223.0543708895577,-0.0,0.0,0.0,223.0543708895577,223.0543708895577,0.0,0.0
8282,2019-12-12 02:00:00,12,2019-12-12 03:00:00,0.10531,0.10531,0.10531,0.12,0.0,223.05437086862963,-0.0,0.0,0.0,223.05437086862963,223.05437086862963,0.0,0.0
8283,2019-12-12 03:00:00,12,2019-12-12 04:00:00,0.10531,0.10531,0.10531,0.12,0.0,223.05437086707937,-400.0,0.0,0.0,623.0543708670793,623.0543708670793,0.0,1.0
8284,2019-12-12 04:00:00,12,2019-12-12 05:00:00,0.10531,0.10531,0.10531,0.12,0.46,232.52796616347266,-0.0,0.0,0.0,232.52796616347266,232.52796616347266,0.0,0.0
8285,2019-12-12 05:00:00,12,2019-12-12 06:00:00,0.10531,0.10531,0.10531,0.12,0.46,270.79236127241956,-0.0,0.0,0.0,270.79236127241956,270.79236127241956,0.0,0.0
8286,2019-12-12 06:00:00,12,2019-12-12 07:00:00,0.10531,0.10531,0.10531,0.12,0.46,331.85971586210985,-0.0,0.0,0.0,331.85971586210985,331.85971586210985,0.0,0.0
8287,2019-12-12 07:00:00,12,2019-12-12 08:00:00,0.10531,0.10531,0.10531,0.12,0.46,394.8656945494547,-114.45343717489607,0.0,0.0,509.31913172435077,509.31913172435077,0.0,1.0
8288,2019-12-12 08:00:00,12,2019-12-12 09:00:00,0.10531,0.10531,0.10531,0.12,0.5916214527511304,813.0265420917376,0.0,0.0,0.0,813.0265420917376,813.0265420917376,0.0,0.0
8289,2019-12-12 09:00:00,12,2019-12-12 10:00:00,0.10531,0.10531,0.10531,0.12,0.5916214527511304,784.5510635649833,0.0,0.0,0.0,784.5510635649833,784.5510635649833,0.0,0.0
8290,2019-12-12 10:00:00,12,2019-12-12 11:00:00,0.10531,0.10531,0.10531,0.12,0.5916214527511304,746.6369788184495,0.0,0.0,0.0,746.6369788184495,746.6369788184495,0.0,0.0
8291,2019-12-12 11:00:00,12,2019-12-12 12:00:00,0.10531,0.10531,0.10531,0.12,0.5916214527511304,747.0940725885853,-158.80478463231805,0.0,0.0,905.8988572209033,905.8988572209033,0.0,1.0
8292,2019-12-12 12:00:00,12,2019-12-12 13:00:00,0.10531,0.10531,0.10531,0.12,0.7742469550782962,709.5918616368131,-0.0,0.0,0.0,709.5918616368131,709.5918616368131,0.0,0.0
8293,2019-12-12 13:00:00,12,2019-12-12 14:00:00,0.10531,0.10531,0.10531,0.12,0.7742469550782962,748.1887924987394,-64.85355014237645,-6.962374703983212e-14,0.0,813.0423426411159,813.0423426411159,0.0,1.0
8294,2019-12-12 14:00:00,12,2019-12-12 15:00:00,0.10531,0.10531,0.10531,0.12,0.8488285377420293,747.7815008928293,-65.26084174828657,-5.921189464667501e-16,0.0,813.0423426411159,813.0423426411159,0.0,1.0
8295,2019-12-12 15:00:00,12,2019-12-12 16:00:00,0.10531,0.10531,0.10531,0.12,0.9238785057525588,746.698261510748,-66.1926036934272,5.684341886080802e-14,0.0,812.8908652041753,812.8908652041753,0.0,1.0
8296,2019-12-12 16:00:00,12,2019-12-12 17:00:00,0.13592,0.13592,0.13592,0.12,1.0,797.7663802904791,-0.0,400.0,0.0,397.7663802904791,397.7663802904791,0.0,0.0
8297,2019-12-12 17:00:00,12,2019-12-12 18:00:00,0.13592,0.13592,0.13592,0.12,0.4565217391304348,736.8158115013721,-0.0,0.0,0.0,736.8158115013721,736.8158115013721,0.0,1.0
8298,2019-12-12 18:00:00,12,2019-12-12 19:00:00,0.13592,0.13592,0.13592,0.12,0.4565217391304348,582.3407644374619,-0.0,0.0,0.0,582.3407644374619,582.3407644374619,0.0,0.0
8299,2019-12-12 19:00:00,12,2019-12-12 20:00:00,0.13592,0.13592,0.13592,0.12,0.4565217391304348,563.4101312927673,-0.0,0.0,0.0,563.4101312927673,563.4101312927673,0.0,0.0
8300,2019-12-12 20:00:00,12,2019-12-12 21:00:00,0.13592,0.13592,0.13592,0.12,0.4565217391304348,447.5549246491376,-0.0,336.00000000000006,0.0,111.55492464913755,111.55492464913755,0.0,0.0
8301,2019-12-12 21:00:00,12,2019-12-12 22:00:00,0.10531,0.10531,0.10531,0.12,0.0,428.6207359678911,-0.0,0.0,0.0,428.6207359678911,428.6207359678911,0.0,0.0
8302,2019-12-12 22:00:00,12,2019-12-12 23:00:00,0.10531,0.10531,0.10531,0.12,0.0,270.79127648502805,-0.0,0.0,0.0,270.79127648502805,270.79127648502805,0.0,0.0
8303,2019-12-12 23:00:00,12,2019-12-13 00:00:00,0.10531,0.10531,0.10531,0.12,0.0,232.52796606348295,-0.0,0.0,0.0,232.52796606348295,232.52796606348295,0.0,0.0
8304,2019-12-13 00:00:00,12,2019-12-13 01:00:00,0.10531,0.10531,0.10531,0.12,0.0,223.0543715127493,0.0,0.0,0.0,223.0543715127493,223.0543715127493,0.0,0.0
8305,2019-12-13 01:00:00,12,2019-12-13 02:00:00,0.10531,0.10531,0.10531,0.12,0.0,223.05437156235655,-0.0,0.0,0.0,223.05437156235655,223.05437156235655,0.0,0.0
8306,2019-12-13 02:00:00,12,2019-12-13 03:00:00,0.10531,0.10531,0.10531,0.12,0.0,223.05437156235655,-0.0,0.0,0.0,223.05437156235655,223.05437156235655,0.0,0.0
8307,2019-12-13 03:00:00,12,2019-12-13 04:00:00,0.10531,0.10531,0.10531,0.12,0.0,223.05437153135202,-400.0,0.0,0.0,623.054371531352,623.054371531352,0.0,1.0
8308,2019-12-13 04:00:00,12,2019-12-13 05:00:00,0.10531,0.10531,0.10531,0.12,0.46,232.52796680681715,-0.0,0.0,0.0,232.52796680681715,232.52796680681715,0.0,0.0
8309,2019-12-13 05:00:00,12,2019-12-13 06:00:00,0.10531,0.10531,0.10531,0.12,0.46,270.7923626149168,-0.0,0.0,0.0,270.7923626149168,270.7923626149168,0.0,0.0
8310,2019-12-13 06:00:00,12,2019-12-13 07:00:00,0.10531,0.10531,0.10531,0.12,0.46,331.8330021470982,-400.0,0.0,0.0,731.8330021470982,731.8330021470982,0.0,1.0
8311,2019-12-13 07:00:00,12,2019-12-13 08:00:00,0.10531,0.10531,0.10531,0.12,0.92,401.48034922116886,0.0,0.0,0.0,401.48034922116886,401.48034922116886,0.0,0.0
8312,2019-12-13 08:00:00,12,2019-12-13 09:00:00,0.10531,0.10531,0.10531,0.12,0.92,813.0423426411159,-1.5828631610581851,0.0,0.0,814.625205802174,814.625205802174,0.0,1.0
8313,2019-12-13 09:00:00,12,2019-12-13 10:00:00,0.10531,0.10531,0.10531,0.12,0.9218202926352168,784.5538399919332,0.0,0.0,0.0,784.5538399919332,784.5538399919332,0.0,0.0
8314,2019-12-13 10:00:00,12,2019-12-13 11:00:00,0.10531,0.10531,0.10531,0.12,0.9218202926352168,746.6418577108217,0.0,0.0,0.0,746.6418577108217,746.6418577108217,0.0,0.0
8315,2019-12-13 11:00:00,12,2019-12-13 12:00:00,0.10531,0.10531,0.10531,0.12,0.9218202926352168,746.642851571928,-67.98235423024622,0.0,0.0,814.6252058021742,814.6252058021742,0.0,1.0
8316,2019-12-13 12:00:00,12,2019-12-13 13:00:00,0.10531,0.10531,0.10531,0.12,1.0,708.0249279966712,-0.0,0.0,0.0,708.0249279966712,708.0249279966712,0.0,1.0
8317,2019-12-13 13:00:00,12,2019-12-13 14:00:00,0.10531,0.10531,0.10531,0.12,1.0,747.0094984718739,-0.0,0.0,0.0,747.0094984718739,747.0094984718739,0.0,1.0
8318,2019-12-13 14:00:00,12,2019-12-13 15:00:00,0.10531,0.10531,0.10531,0.12,1.0,746.6351356573026,-0.0,0.0,0.0,746.6351356573026,746.6351356573026,0.0,1.0
8319,2019-12-13 15:00:00,12,2019-12-13 16:00:00,0.10531,0.10531,0.10531,0.12,1.0,746.6346882747422,-0.0,0.0,0.0,746.6346882747422,746.6346882747422,0.0,0.0
8320,2019-12-13 16:00:00,12,2019-12-13 17:00:00,0.13592,0.13592,0.13592,0.12,1.0,797.7990997158051,-0.0,336.00000000000006,0.0,461.7990997158051,461.7990997158051,0.0,0.0
8321,2019-12-13 17:00:00,12,2019-12-13 18:00:00,0.13592,0.13592,0.13592,0.12,0.5434782608695652,736.8470830434055,-0.0,0.0,0.0,736.8470830434055,736.8470830434055,0.0,0.0
8322,2019-12-13 18:00:00,12,2019-12-13 19:00:00,0.13592,0.13592,0.13592,0.12,0.5434782608695652,582.3554537572135,-0.0,400.0,0.0,182.35545375721347,182.35545375721347,0.0,0.0
8323,2019-12-13 19:00:00,12,2019-12-13 20:00:00,0.13592,0.13592,0.13592,0.12,0.0,563.420918531848,-0.0,0.0,0.0,563.420918531848,563.420918531848,0.0,0.0
8324,2019-12-13 20:00:00,12,2019-12-13 21:00:00,0.13592,0.13592,0.13592,0.12,0.0,447.5574999239564,-0.0,0.0,0.0,447.5574999239564,447.5574999239564,0.0,0.0
8325,2019-12-13 21:00:00,12,2019-12-13 22:00:00,0.10531,0.10531,0.10531,0.12,0.0,436.5683906554373,-0.0,0.0,0.0,436.5683906554373,436.5683906554373,0.0,0.0
8326,2019-12-13 22:00:00,12,2019-12-13 23:00:00,0.10531,0.10531,0.10531,0.12,0.0,270.79127739346154,-0.0,0.0,0.0,270.79127739346154,270.79127739346154,0.0,0.0
8327,2019-12-13 23:00:00,12,2019-12-14 00:00:00,0.10531,0.10531,0.10531,0.12,0.0,232.52796693548606,-0.0,0.0,0.0,232.52796693548606,232.52796693548606,0.0,0.0
8328,2019-12-14 00:00:00,12,2019-12-14 01:00:00,0.10531,0.10531,0.10531,0.12,0.0,223.05437227158575,-0.0,0.0,0.0,223.05437227158575,223.05437227158575,0.0,0.0
8329,2019-12-14 01:00:00,12,2019-12-14 02:00:00,0.10531,0.10531,0.10531,0.12,0.0,223.0543722382559,-0.0,0.0,0.0,223.0543722382559,223.0543722382559,0.0,0.0
8330,2019-12-14 02:00:00,12,2019-12-14 03:00:00,0.10531,0.10531,0.10531,0.12,0.0,223.0543722289545,-0.0,0.0,0.0,223.0543722289545,223.0543722289545,0.0,0.0
8331,2019-12-14 03:00:00,12,2019-12-14 04:00:00,0.10531,0.10531,0.10531,0.12,0.0,223.0543722382559,-0.0,0.0,0.0,223.0543722382559,223.0543722382559,0.0,0.0
8332,2019-12-14 04:00:00,12,2019-12-14 05:00:00,0.10531,0.10531,0.10531,0.12,0.0,232.52796754472558,-0.0,0.0,0.0,232.52796754472558,232.52796754472558,0.0,0.0
8333,2019-12-14 05:00:00,12,2019-12-14 06:00:00,0.10531,0.10531,0.10531,0.12,0.0,270.79236405817886,-0.0,0.0,0.0,270.79236405817886,270.79236405817886,0.0,0.0
8334,2019-12-14 06:00:00,12,2019-12-14 07:00:00,0.10531,0.10531,0.10531,0.12,0.0,331.80509583720453,-400.0,0.0,0.0,731.8050958372046,731.8050958372046,0.0,1.0
8335,2019-12-14 07:00:00,12,2019-12-14 08:00:00,0.10531,0.10531,0.10531,0.12,0.46,401.45425044121185,-0.0,0.0,0.0,401.45425044121185,401.45425044121185,0.0,0.0
8336,2019-12-14 08:00:00,12,2019-12-14 09:00:00,0.10531,0.10531,0.10531,0.12,0.46,817.1970505471701,-88.70180667373324,0.0,0.0,905.8988572209033,905.8988572209033,0.0,1.0
8337,2019-12-14 09:00:00,12,2019-12-14 10:00:00,0.10531,0.10531,0.10531,0.12,0.5620070776747932,784.6226917853104,-90.93454177263541,0.0,0.0,875.5572335579458,875.5572335579458,0.0,1.0
8338,2019-12-14 10:00:00,12,2019-12-14 11:00:00,0.10531,0.10531,0.10531,0.12,0.666581800713324,746.7009687208026,-159.1978885001007,0.0,0.0,905.8988572209033,905.8988572209033,0.0,1.0
8339,2019-12-14 11:00:00,12,2019-12-14 12:00:00,0.10531,0.10531,0.10531,0.12,0.8496593724884398,746.7301034606435,0.0,0.0,0.0,746.7301034606435,746.7301034606435,0.0,0.0
8340,2019-12-14 12:00:00,12,2019-12-14 13:00:00,0.10531,0.10531,0.10531,0.12,0.8496593724884398,775.1678767760684,-130.73098044483493,0.0,0.0,905.8988572209033,905.8988572209033,0.0,1.0
8341,2019-12-14 13:00:00,12,2019-12-14 14:00:00,0.10531,0.10531,0.10531,0.12,1.0,943.2096339580955,-0.0,37.310776737192214,0.0,905.8988572209033,905.8988572209033,0.0,0.0
8342,2019-12-14 14:00:00,12,2019-12-14 15:00:00,0.10531,0.10531,0.10531,0.12,0.9493060098679454,957.583358764414,-0.0,51.68450154351069,0.0,905.8988572209033,905.8988572209033,0.0,0.0
8343,2019-12-14 15:00:00,12,2019-12-14 16:00:00,0.10531,0.10531,0.10531,0.12,0.8790825023360016,911.9701213899582,-0.0,6.071264169054871,0.0,905.8988572209033,905.8988572209033,0.0,0.0
8344,2019-12-14 16:00:00,12,2019-12-14 17:00:00,0.13592,0.13592,0.13592,0.12,0.8708335021063074,919.7315567334405,-0.0,13.832699512537147,0.0,905.8988572209033,905.8988572209033,0.0,0.0
8345,2019-12-14 17:00:00,12,2019-12-14 18:00:00,0.13592,0.13592,0.13592,0.12,0.852039073420795,819.7571674248138,-0.0,0.0,0.0,819.7571674248138,819.7571674248138,0.0,0.0
8346,2019-12-14 18:00:00,12,2019-12-14 19:00:00,0.13592,0.13592,0.13592,0.12,0.852039073420795,619.7007041570902,-0.0,400.0,0.0,219.70070415709017,219.70070415709017,0.0,0.0
8347,2019-12-14 19:00:00,12,2019-12-14 20:00:00,0.13592,0.13592,0.13592,0.12,0.30856081255122986,563.4208998120724,-0.0,227.1007580377052,0.0,336.32014177436724,336.32014177436724,0.0,0.0
8348,2019-12-14 20:00:00,12,2019-12-14 21:00:00,0.13592,0.13592,0.13592,0.12,0.0,447.55423658441293,-0.0,0.0,0.0,447.55423658441293,447.55423658441293,0.0,0.0
8349,2019-12-14 21:00:00,12,2019-12-14 22:00:00,0.10531,0.10531,0.10531,0.12,0.0,428.61849094894774,-0.0,0.0,0.0,428.61849094894774,428.61849094894774,0.0,0.0
8350,2019-12-14 22:00:00,12,2019-12-14 23:00:00,0.10531,0.10531,0.10531,0.12,0.0,270.79127806393507,-0.0,0.0,0.0,270.79127806393507,270.79127806393507,0.0,0.0
8351,2019-12-14 23:00:00,12,2019-12-15 00:00:00,0.10531,0.10531,0.10531,0.12,0.0,232.52796758348126,-0.0,0.0,0.0,232.52796758348126,232.52796758348126,0.0,0.0
8352,2019-12-15 00:00:00,12,2019-12-15 01:00:00,0.10531,0.10531,0.10531,0.12,0.0,223.05437296143714,0.0,0.0,0.0,223.05437296143714,223.05437296143714,0.0,0.0
8353,2019-12-15 01:00:00,12,2019-12-15 02:00:00,0.10531,0.10531,0.10531,0.12,0.0,223.05437293198275,-0.0,0.0,0.0,223.05437293198275,223.05437293198275,0.0,0.0
8354,2019-12-15 02:00:00,12,2019-12-15 03:00:00,0.10531,0.10531,0.10531,0.12,0.0,223.05437292655702,-0.0,0.0,0.0,223.05437292655702,223.05437292655702,0.0,0.0
8355,2019-12-15 03:00:00,12,2019-12-15 04:00:00,0.10531,0.10531,0.10531,0.12,0.0,223.05437293973395,-400.0,0.0,0.0,623.054372939734,623.054372939734,0.0,1.0
8356,2019-12-15 04:00:00,12,2019-12-15 05:00:00,0.10531,0.10531,0.10531,0.12,0.46,232.52796825085434,-0.0,0.0,0.0,232.52796825085434,232.52796825085434,0.0,0.0
8357,2019-12-15 05:00:00,12,2019-12-15 06:00:00,0.10531,0.10531,0.10531,0.12,0.46,270.7923646681935,-0.0,0.0,0.0,270.7923646681935,270.7923646681935,0.0,0.0
8358,2019-12-15 06:00:00,12,2019-12-15 07:00:00,0.10531,0.10531,0.10531,0.12,0.46,331.8587084706154,-400.0,0.0,0.0,731.8587084706154,731.8587084706154,0.0,1.0
8359,2019-12-15 07:00:00,12,2019-12-15 08:00:00,0.10531,0.10531,0.10531,0.12,0.92,401.4705994379253,0.0,0.0,0.0,401.4705994379253,401.4705994379253,0.0,0.0
8360,2019-12-15 08:00:00,12,2019-12-15 09:00:00,0.10531,0.10531,0.10531,0.12,0.92,812.9898575558043,-2.6368417182350186,0.0,0.0,815.6266992740393,815.6266992740393,0.0,1.0
8361,2019-12-15 09:00:00,12,2019-12-15 10:00:00,0.10531,0.10531,0.10531,0.12,0.9230323679759702,784.5350296520662,0.0,0.0,0.0,784.5350296520662,784.5350296520662,0.0,0.0
8362,2019-12-15 10:00:00,12,2019-12-15 11:00:00,0.10531,0.10531,0.10531,0.12,0.9230323679759702,746.7667463140522,0.0,0.0,0.0,746.7667463140522,746.7667463140522,0.0,0.0
8363,2019-12-15 11:00:00,12,2019-12-15 12:00:00,0.10531,0.10531,0.10531,0.12,0.9230323679759702,748.6983236009701,-66.92837567306935,0.0,0.0,815.6266992740394,815.6266992740394,0.0,1.0
8364,2019-12-15 12:00:00,12,2019-12-15 13:00:00,0.10531,0.10531,0.10531,0.12,1.0,710.0069454239048,-0.0,0.0,0.0,710.0069454239048,710.0069454239048,0.0,1.0
8365,2019-12-15 13:00:00,12,2019-12-15 14:00:00,0.10531,0.10531,0.10531,0.12,1.0,749.3855720648394,-0.0,-1.0064995887254554e-14,0.0,749.3855720648393,749.3855720648393,0.0,1.0
8366,2019-12-15 14:00:00,12,2019-12-15 15:00:00,0.10531,0.10531,0.10531,0.12,1.0,748.5116188348563,-0.0,9.000207986294602e-14,0.0,748.5116188348562,748.5116188348562,0.0,1.0
8367,2019-12-15 15:00:00,12,2019-12-15 16:00:00,0.10531,0.10531,0.10531,0.12,1.0000000000000002,746.6666748694157,-0.0,5.684341886080802e-14,0.0,746.6666748694156,746.6666748694156,0.0,1.0
8368,2019-12-15 16:00:00,12,2019-12-15 17:00:00,0.13592,0.13592,0.13592,0.12,1.0,797.76178147776,-0.0,336.00000000000006,0.0,461.76178147775994,461.76178147775994,0.0,0.0
8369,2019-12-15 17:00:00,12,2019-12-15 18:00:00,0.13592,0.13592,0.13592,0.12,0.5434782608695652,736.7948689278338,-0.0,400.0,0.0,336.7948689278338,336.7948689278338,0.0,0.0
8370,2019-12-15 18:00:00,12,2019-12-15 19:00:00,0.13592,0.13592,0.13592,0.12,0.0,582.3039568925047,-0.0,0.0,0.0,582.3039568925047,582.3039568925047,0.0,1.0
8371,2019-12-15 19:00:00,12,2019-12-15 20:00:00,0.13592,0.13592,0.13592,0.12,0.0,563.3802330804718,-0.0,0.0,0.0,563.3802330804718,563.3802330804718,0.0,1.0
8372,2019-12-15 20:00:00,12,2019-12-15 21:00:00,0.13592,0.13592,0.13592,0.12,0.0,455.4932660937076,-0.0,0.0,0.0,455.4932660937076,455.4932660937076,0.0,0.0
8373,2019-12-15 21:00:00,12,2019-12-15 22:00:00,0.10531,0.10531,0.10531,0.12,0.0,436.55406999147874,-0.0,0.0,0.0,436.55406999147874,436.55406999147874,0.0,0.0
8374,2019-12-15 22:00:00,12,2019-12-15 23:00:00,0.10531,0.10531,0.10531,0.12,0.0,270.7912784917979,-0.0,0.0,0.0,270.7912784917979,270.7912784917979,0.0,0.0
8375,2019-12-15 23:00:00,12,2019-12-16 00:00:00,0.10531,0.10531,0.10531,0.12,0.0,232.5279680632768,-0.0,0.0,0.0,232.5279680632768,232.5279680632768,0.0,0.0
8376,2019-12-16 00:00:00,12,2019-12-16 01:00:00,0.10531,0.10531,0.10531,0.12,0.0,184.42213363256815,-0.0,0.0,0.0,184.42213363256815,184.42213363256815,0.0,1.0
8377,2019-12-16 01:00:00,12,2019-12-16 02:00:00,0.10531,0.10531,0.10531,0.12,0.0,184.42213367985008,-0.0,0.0,0.0,184.42213367985008,184.42213367985008,0.0,0.0
8378,2019-12-16 02:00:00,12,2019-12-16 03:00:00,0.10531,0.10531,0.10531,0.12,0.0,184.42213370465373,-0.0,0.0,0.0,184.42213370465373,184.42213370465373,0.0,0.0
8379,2019-12-16 03:00:00,12,2019-12-16 04:00:00,0.10531,0.10531,0.10531,0.12,0.0,184.42213366124733,-0.0,0.0,0.0,184.42213366124733,184.42213366124733,0.0,0.0
8380,2019-12-16 04:00:00,12,2019-12-16 05:00:00,0.10531,0.10531,0.10531,0.12,0.0,193.8957289305116,-0.0,0.0,0.0,193.8957289305116,193.8957289305116,0.0,1.0
8381,2019-12-16 05:00:00,12,2019-12-16 06:00:00,0.10531,0.10531,0.10531,0.12,0.0,212.8440060105143,-307.06595513669384,0.0,0.0,519.9099611472082,519.9099611472082,0.0,1.0
8382,2019-12-16 06:00:00,12,2019-12-16 07:00:00,0.10531,0.10531,0.10531,0.12,0.35312584840719796,333.39574791820223,-0.0,0.0,0.0,333.39574791820223,333.39574791820223,0.0,0.0
8383,2019-12-16 07:00:00,12,2019-12-16 08:00:00,0.10531,0.10531,0.10531,0.12,0.35312584840719796,324.20116471747616,-0.0,0.0,0.0,324.20116471747616,324.20116471747616,0.0,0.0
8384,2019-12-16 08:00:00,12,2019-12-16 09:00:00,0.10531,0.10531,0.10531,0.12,0.35312584840719796,504.0514700691806,-15.858491078027555,0.0,0.0,519.9099611472082,519.9099611472082,0.0,1.0
8385,2019-12-16 09:00:00,12,2019-12-16 10:00:00,0.10531,0.10531,0.10531,0.12,0.3713631131469296,475.5386166544076,-0.0,0.0,0.0,475.5386166544076,475.5386166544076,0.0,0.0
8386,2019-12-16 10:00:00,12,2019-12-16 11:00:00,0.10531,0.10531,0.10531,0.12,0.3713631131469296,445.576186904724,-0.0,0.0,0.0,445.576186904724,445.576186904724,0.0,0.0
8387,2019-12-16 11:00:00,12,2019-12-16 12:00:00,0.10531,0.10531,0.10531,0.12,0.3713631131469296,437.6170389702609,-0.0,0.0,0.0,437.6170389702609,437.6170389702609,0.0,0.0
8388,2019-12-16 12:00:00,12,2019-12-16 13:00:00,0.10531,0.10531,0.10531,0.12,0.3713631131469296,445.57509743486946,-1.2357264969740872e-13,0.0,0.0,445.5750974348696,445.5750974348696,0.0,0.0
8389,2019-12-16 13:00:00,12,2019-12-16 14:00:00,0.10531,0.10531,0.10531,0.12,0.37136311314692977,441.9431405301903,-0.0,0.0,0.0,441.9431405301903,441.9431405301903,0.0,0.0
8390,2019-12-16 14:00:00,12,2019-12-16 15:00:00,0.10531,0.10531,0.10531,0.12,0.37136311314692977,244.6123953965639,-275.29756575064425,0.0,0.0,519.9099611472082,519.9099611472082,0.0,1.0
8391,2019-12-16 15:00:00,12,2019-12-16 16:00:00,0.10531,0.10531,0.10531,0.12,0.6879553137601705,248.5667557212695,-271.34320542593866,0.0,0.0,519.9099611472082,519.9099611472082,0.0,1.0
8392,2019-12-16 16:00:00,12,2019-12-16 17:00:00,0.13592,0.13592,0.13592,0.12,1.0,303.8828261470484,-0.0,303.8828261470484,0.0,0.0,0.0,0.0,0.0
8393,2019-12-16 17:00:00,12,2019-12-16 18:00:00,0.13592,0.13592,0.13592,0.12,0.5871157253436843,292.66296874442446,-0.0,162.43195796940392,0.0,130.23101077502054,130.23101077502054,0.0,0.0
8394,2019-12-16 18:00:00,12,2019-12-16 19:00:00,0.13592,0.13592,0.13592,0.12,0.3664201302765594,269.68521588354776,-0.0,269.68521588354776,0.0,0.0,0.0,0.0,0.0
8395,2019-12-16 19:00:00,12,2019-12-16 20:00:00,0.13592,0.13592,0.13592,0.12,0.0,250.73802472027742,-0.0,0.0,0.0,250.73802472027742,250.73802472027742,0.0,0.0
8396,2019-12-16 20:00:00,12,2019-12-16 21:00:00,0.13592,0.13592,0.13592,0.12,0.0,250.738025071404,-0.0,0.0,0.0,250.738025071404,250.738025071404,0.0,0.0
8397,2019-12-16 21:00:00,12,2019-12-16 22:00:00,0.10531,0.10531,0.10531,0.12,0.0,231.7915584814978,-0.0,0.0,0.0,231.7915584814978,231.7915584814978,0.0,0.0
8398,2019-12-16 22:00:00,12,2019-12-16 23:00:00,0.10531,0.10531,0.10531,0.12,0.0,212.8429195209727,-0.0,0.0,0.0,212.8429195209727,212.8429195209727,0.0,0.0
8399,2019-12-16 23:00:00,12,2019-12-17 00:00:00,0.10531,0.10531,0.10531,0.12,0.0,193.8957289522148,-0.0,0.0,0.0,193.8957289522148,193.8957289522148,0.0,0.0
8400,2019-12-17 00:00:00,12,2019-12-17 01:00:00,0.10531,0.10531,0.10531,0.12,0.0,184.4217721372774,-0.0,0.0,0.0,184.4217721372774,184.4217721372774,0.0,0.0
8401,2019-12-17 01:00:00,12,2019-12-17 02:00:00,0.10531,0.10531,0.10531,0.12,0.0,184.4217722085879,-0.0,0.0,0.0,184.4217722085879,184.4217722085879,0.0,0.0
8402,2019-12-17 02:00:00,12,2019-12-17 03:00:00,0.10531,0.10531,0.10531,0.12,0.0,184.42177220238696,-224.03662387818812,0.0,0.0,408.4583960805751,408.4583960805751,0.0,1.0
8403,2019-12-17 03:00:00,12,2019-12-17 04:00:00,0.10531,0.10531,0.10531,0.12,0.25764211745991633,184.421772114024,-224.03662396655108,0.0,0.0,408.4583960805751,408.4583960805751,0.0,1.0
8404,2019-12-17 04:00:00,12,2019-12-17 05:00:00,0.10531,0.10531,0.10531,0.12,0.5152842350214502,193.89536722128943,-214.56302885928565,0.0,0.0,408.4583960805751,408.4583960805751,0.0,1.0
8405,2019-12-17 05:00:00,12,2019-12-17 06:00:00,0.10531,0.10531,0.10531,0.12,0.7620317182096287,212.84364469272467,-0.0,0.0,0.0,212.84364469272467,212.84364469272467,0.0,0.0
8406,2019-12-17 06:00:00,12,2019-12-17 07:00:00,0.10531,0.10531,0.10531,0.12,0.7620317182096287,250.73693903375386,-0.0,0.0,0.0,250.73693903375386,250.73693903375386,0.0,0.0
8407,2019-12-17 07:00:00,12,2019-12-17 08:00:00,0.10531,0.10531,0.10531,0.12,0.7620317182096287,243.19487066435394,-0.0,0.0,0.0,243.19487066435394,243.19487066435394,0.0,0.0
8408,2019-12-17 08:00:00,12,2019-12-17 09:00:00,0.10531,0.10531,0.10531,0.12,0.7620317182096287,229.95024115225618,-0.0,0.0,0.0,229.95024115225618,229.95024115225618,0.0,0.0
8409,2019-12-17 09:00:00,12,2019-12-17 10:00:00,0.10531,0.10531,0.10531,0.12,0.7620317182096287,201.52945539329562,-206.92894068727946,0.0,0.0,408.4583960805751,408.4583960805751,0.0,1.0
8410,2019-12-17 10:00:00,12,2019-12-17 11:00:00,0.10531,0.10531,0.10531,0.12,1.0,163.63507441700344,-0.0,0.0,0.0,163.63507441700344,163.63507441700344,0.0,0.0
8411,2019-12-17 11:00:00,12,2019-12-17 12:00:00,0.10531,0.10531,0.10531,0.12,1.0,163.63579894153526,-0.0,0.0,0.0,163.63579894153526,163.63579894153526,0.0,0.0
8412,2019-12-17 12:00:00,12,2019-12-17 13:00:00,0.10531,0.10531,0.10531,0.12,1.0,163.63579915624183,-0.0,0.0,0.0,163.63579915624183,163.63579915624183,0.0,0.0
8413,2019-12-17 13:00:00,12,2019-12-17 14:00:00,0.10531,0.10531,0.10531,0.12,1.0,163.63688555276974,-0.0,3.4881300099578226e-14,0.0,163.6368855527697,163.6368855527697,0.0,0.0
8414,2019-12-17 14:00:00,12,2019-12-17 15:00:00,0.10531,0.10531,0.10531,0.12,1.0,163.63579919112195,-0.0,0.0,0.0,163.63579919112195,163.63579919112195,0.0,0.0
8415,2019-12-17 15:00:00,12,2019-12-17 16:00:00,0.10531,0.10531,0.10531,0.12,1.0,163.63507427283224,-0.0,1.162697133401254e-14,-1.162697133401254e-14,163.63507427283224,163.63507427283224,0.0,0.0
8416,2019-12-17 16:00:00,12,2019-12-17 17:00:00,0.13592,0.13592,0.13592,0.12,1.0,214.7740849751536,-0.0,214.77408497515356,0.0,5.684341886080802e-14,5.684341886080802e-14,1.0,0.0
8417,2019-12-17 17:00:00,12,2019-12-17 18:00:00,0.13592,0.13592,0.13592,0.12,0.7081873845446283,269.6841297691613,-0.0,269.6841297691613,0.0,0.0,0.0,0.0,0.0
8418,2019-12-17 18:00:00,12,2019-12-17 19:00:00,0.13592,0.13592,0.13592,0.12,0.34176872996696356,269.6841298110174,-0.0,251.54178525568517,0.0,18.142344555332215,18.142344555332215,0.0,0.0
8419,2019-12-17 19:00:00,12,2019-12-17 20:00:00,0.13592,0.13592,0.13592,0.12,0.0,250.73693918645128,-0.0,0.0,0.0,250.73693918645128,250.73693918645128,0.0,0.0
8420,2019-12-17 20:00:00,12,2019-12-17 21:00:00,0.13592,0.13592,0.13592,0.12,0.0,250.7369390531317,-0.0,0.0,0.0,250.7369390531317,250.7369390531317,0.0,0.0
8421,2019-12-17 21:00:00,12,2019-12-17 22:00:00,0.10531,0.10531,0.10531,0.12,0.0,231.79083512661276,-0.0,0.0,0.0,231.79083512661276,231.79083512661276,0.0,0.0
8422,2019-12-17 22:00:00,12,2019-12-17 23:00:00,0.10531,0.10531,0.10531,0.12,0.0,212.84255797374936,-0.0,0.0,0.0,212.84255797374936,212.84255797374936,0.0,0.0
8423,2019-12-17 23:00:00,12,2019-12-18 00:00:00,0.10531,0.10531,0.10531,0.12,0.0,193.89536735615926,-0.0,0.0,0.0,193.89536735615926,193.89536735615926,0.0,1.0
8424,2019-12-18 00:00:00,12,2019-12-18 01:00:00,0.10531,0.10531,0.10531,0.12,0.0,223.05437476822763,-0.0,0.0,0.0,223.05437476822763,223.05437476822763,0.0,0.0
8425,2019-12-18 01:00:00,12,2019-12-18 02:00:00,0.10531,0.10531,0.10531,0.12,0.0,223.05437477520363,-0.0,0.0,0.0,223.05437477520363,223.05437477520363,0.0,0.0
8426,2019-12-18 02:00:00,12,2019-12-18 03:00:00,0.10531,0.10531,0.10531,0.12,0.0,223.05437480000725,-0.0,0.0,0.0,223.05437480000725,223.05437480000725,0.0,0.0
8427,2019-12-18 03:00:00,12,2019-12-18 04:00:00,0.10531,0.10531,0.10531,0.12,0.0,223.0543748379879,-0.0,0.0,0.0,223.0543748379879,223.0543748379879,0.0,0.0
8428,2019-12-18 04:00:00,12,2019-12-18 05:00:00,0.10531,0.10531,0.10531,0.12,0.0,232.5279701018263,-0.0,0.0,0.0,232.5279701018263,232.5279701018263,0.0,0.0
8429,2019-12-18 05:00:00,12,2019-12-18 06:00:00,0.10531,0.10531,0.10531,0.12,0.0,270.79236763765476,-0.0,0.0,0.0,270.79236763765476,270.79236763765476,0.0,0.0
8430,2019-12-18 06:00:00,12,2019-12-18 07:00:00,0.10531,0.10531,0.10531,0.12,0.0,331.8864485565602,-400.0,0.0,0.0,731.8864485565603,731.8864485565603,0.0,1.0
8431,2019-12-18 07:00:00,12,2019-12-18 08:00:00,0.10531,0.10531,0.10531,0.12,0.46,401.5062190317078,-0.0,0.0,0.0,401.5062190317078,401.5062190317078,0.0,0.0
8432,2019-12-18 08:00:00,12,2019-12-18 09:00:00,0.10531,0.10531,0.10531,0.12,0.46,813.0831214758882,-92.8157357450151,0.0,0.0,905.8988572209033,905.8988572209033,0.0,1.0
8433,2019-12-18 09:00:00,12,2019-12-18 10:00:00,0.10531,0.10531,0.10531,0.12,0.5667380961067674,784.5773293067977,-105.42189222935563,0.0,0.0,889.9992215361533,889.9992215361533,0.0,1.0
8434,2019-12-18 10:00:00,12,2019-12-18 11:00:00,0.10531,0.10531,0.10531,0.12,0.6879732721705264,746.638430439341,-159.26042678156227,0.0,0.0,905.8988572209033,905.8988572209033,0.0,1.0
8435,2019-12-18 11:00:00,12,2019-12-18 12:00:00,0.10531,0.10531,0.10531,0.12,0.8711227629693229,793.831694585532,-112.06716263537135,0.0,0.0,905.8988572209033,905.8988572209033,0.0,1.0
8436,2019-12-18 12:00:00,12,2019-12-18 13:00:00,0.10531,0.10531,0.10531,0.12,1.0,812.0038115274718,-0.0,0.0,0.0,812.0038115274718,812.0038115274718,0.0,1.0
8437,2019-12-18 13:00:00,12,2019-12-18 14:00:00,0.10531,0.10531,0.10531,0.12,1.0,868.8017350552459,-0.0,0.0,0.0,868.8017350552459,868.8017350552459,0.0,1.0
8438,2019-12-18 14:00:00,12,2019-12-18 15:00:00,0.10531,0.10531,0.10531,0.12,1.0,906.1941481511474,-0.0,0.2952909302440503,0.0,905.8988572209033,905.8988572209033,0.0,0.0
8439,2019-12-18 15:00:00,12,2019-12-18 16:00:00,0.10531,0.10531,0.10531,0.12,0.9995987894969509,931.9691780968452,-0.0,26.07032087594189,0.0,905.8988572209033,905.8988572209033,0.0,0.0
8440,2019-12-18 16:00:00,12,2019-12-18 17:00:00,0.13592,0.13592,0.13592,0.12,0.96417715787203,962.6797910199665,-0.0,400.0,0.0,562.6797910199665,562.6797910199665,0.0,0.0
8441,2019-12-18 17:00:00,12,2019-12-18 18:00:00,0.13592,0.13592,0.13592,0.12,0.42069889700246477,859.8238751778869,-0.0,309.6343881938141,0.0,550.1894869840728,550.1894869840728,0.0,0.0
8442,2019-12-18 18:00:00,12,2019-12-18 19:00:00,0.13592,0.13592,0.13592,0.12,0.0,715.5845503408862,-0.0,0.0,0.0,715.5845503408862,715.5845503408862,0.0,1.0
8443,2019-12-18 19:00:00,12,2019-12-18 20:00:00,0.13592,0.13592,0.13592,0.12,0.0,668.8148411867646,-0.0,0.0,0.0,668.8148411867646,668.8148411867646,0.0,1.0
8444,2019-12-18 20:00:00,12,2019-12-18 21:00:00,0.13592,0.13592,0.13592,0.12,0.0,524.5937652606882,-0.0,0.0,0.0,524.5937652606882,524.5937652606882,0.0,0.0
8445,2019-12-18 21:00:00,12,2019-12-18 22:00:00,0.10531,0.10531,0.10531,0.12,0.0,494.8574163805325,-0.0,0.0,0.0,494.8574163805325,494.8574163805325,0.0,0.0
8446,2019-12-18 22:00:00,12,2019-12-18 23:00:00,0.10531,0.10531,0.10531,0.12,0.0,270.7912807667572,-0.0,0.0,0.0,270.7912807667572,270.7912807667572,0.0,0.0
8447,2019-12-18 23:00:00,12,2019-12-19 00:00:00,0.10531,0.10531,0.10531,0.12,0.0,232.52797020414135,-0.0,0.0,0.0,232.52797020414135,232.52797020414135,0.0,0.0
8448,2019-12-19 00:00:00,12,2019-12-19 01:00:00,0.10531,0.10531,0.10531,0.12,0.0,223.05437553481525,0.0,0.0,0.0,223.05437553481525,223.05437553481525,0.0,0.0
8449,2019-12-19 01:00:00,12,2019-12-19 02:00:00,0.10531,0.10531,0.10531,0.12,0.0,223.0543755448917,-0.0,0.0,0.0,223.0543755448917,223.0543755448917,0.0,0.0
8450,2019-12-19 02:00:00,12,2019-12-19 03:00:00,0.10531,0.10531,0.10531,0.12,0.0,223.0543755433415,-0.0,0.0,0.0,223.0543755433415,223.0543755433415,0.0,0.0
8451,2019-12-19 03:00:00,12,2019-12-19 04:00:00,0.10531,0.10531,0.10531,0.12,0.0,223.05437550768625,-148.94319157871988,0.0,0.0,371.9975670864061,371.9975670864061,0.0,1.0
8452,2019-12-19 04:00:00,12,2019-12-19 05:00:00,0.10531,0.10531,0.10531,0.12,0.17128467031552788,232.52797076144822,-0.0,0.0,0.0,232.52797076144822,232.52797076144822,0.0,0.0
8453,2019-12-19 05:00:00,12,2019-12-19 06:00:00,0.10531,0.10531,0.10531,0.12,0.17128467031552788,270.79236847710314,-0.0,0.0,0.0,270.79236847710314,270.79236847710314,0.0,0.0
8454,2019-12-19 06:00:00,12,2019-12-19 07:00:00,0.10531,0.10531,0.10531,0.12,0.17128467031552788,331.7743961858258,-400.0,0.0,0.0,731.7743961858258,731.7743961858258,0.0,1.0
8455,2019-12-19 07:00:00,12,2019-12-19 08:00:00,0.10531,0.10531,0.10531,0.12,0.6312846703155279,401.4460839482314,0.0,0.0,0.0,401.4460839482314,401.4460839482314,0.0,0.0
8456,2019-12-19 08:00:00,12,2019-12-19 09:00:00,0.10531,0.10531,0.10531,0.12,0.6312846703155279,812.981303166379,-92.91755405452432,0.0,0.0,905.8988572209033,905.8988572209033,0.0,1.0
8457,2019-12-19 09:00:00,12,2019-12-19 10:00:00,0.10531,0.10531,0.10531,0.12,0.7381398574782309,784.7088485698686,0.0,0.0,0.0,784.7088485698686,784.7088485698686,0.0,0.0
8458,2019-12-19 10:00:00,12,2019-12-19 11:00:00,0.10531,0.10531,0.10531,0.12,0.7381398574782309,795.7140125018788,-110.18484471902457,0.0,0.0,905.8988572209033,905.8988572209033,0.0,1.0
8459,2019-12-19 11:00:00,12,2019-12-19 12:00:00,0.10531,0.10531,0.10531,0.12,0.864852428905109,844.5080500840824,-61.39080713682097,0.0,0.0,905.8988572209033,905.8988572209033,0.0,1.0
8460,2019-12-19 12:00:00,12,2019-12-19 13:00:00,0.10531,0.10531,0.10531,0.12,0.935451857112453,849.7700373186887,-56.12881990221467,0.0,0.0,905.8988572209033,905.8988572209033,0.0,1.0
8461,2019-12-19 13:00:00,12,2019-12-19 14:00:00,0.10531,0.10531,0.10531,0.12,1.0,933.6814221821679,-0.0,27.782564961264598,0.0,905.8988572209033,905.8988572209033,0.0,0.0
8462,2019-12-19 14:00:00,12,2019-12-19 15:00:00,0.10531,0.10531,0.10531,0.12,0.9622519497808905,938.2315972332993,-0.0,32.332740012396016,0.0,905.8988572209033,905.8988572209033,0.0,0.0
8463,2019-12-19 15:00:00,12,2019-12-19 16:00:00,0.10531,0.10531,0.10531,0.12,0.9183215965031785,937.0861249739307,-0.0,31.187267753027413,0.0,905.8988572209033,905.8988572209033,0.0,0.0
8464,2019-12-19 16:00:00,12,2019-12-19 17:00:00,0.13592,0.13592,0.13592,0.12,0.8759475914039565,950.153061267637,-0.0,244.69742727331206,0.0,705.4556339943249,705.4556339943249,0.0,0.0
8465,2019-12-19 17:00:00,12,2019-12-19 18:00:00,0.13592,0.13592,0.13592,0.12,0.5434782608695652,826.0174962263778,-0.0,400.0,0.0,426.01749622637783,426.01749622637783,0.0,0.0
8466,2019-12-19 18:00:00,12,2019-12-19 19:00:00,0.13592,0.13592,0.13592,0.12,0.0,591.1267537959858,-0.0,0.0,0.0,591.1267537959858,591.1267537959858,0.0,1.0
8467,2019-12-19 19:00:00,12,2019-12-19 20:00:00,0.13592,0.13592,0.13592,0.12,0.0,563.3613290626655,-0.0,0.0,0.0,563.3613290626655,563.3613290626655,0.0,0.0
8468,2019-12-19 20:00:00,12,2019-12-19 21:00:00,0.13592,0.13592,0.13592,0.12,0.0,447.5046189554267,-0.0,0.0,0.0,447.5046189554267,447.5046189554267,0.0,0.0
8469,2019-12-19 21:00:00,12,2019-12-19 22:00:00,0.10531,0.10531,0.10531,0.12,0.0,428.5710330135926,-0.0,0.0,0.0,428.5710330135926,428.5710330135926,0.0,0.0
8470,2019-12-19 22:00:00,12,2019-12-19 23:00:00,0.10531,0.10531,0.10531,0.12,0.0,270.7912811388118,-0.0,0.0,0.0,270.7912811388118,270.7912811388118,0.0,0.0
8471,2019-12-19 23:00:00,12,2019-12-20 00:00:00,0.10531,0.10531,0.10531,0.12,0.0,232.5279706459563,-0.0,0.0,0.0,232.5279706459563,232.5279706459563,0.0,0.0
8472,2019-12-20 00:00:00,12,2019-12-20 01:00:00,0.10531,0.10531,0.10531,0.12,0.0,223.0543759851564,0.0,0.0,0.0,223.0543759851564,223.0543759851564,0.0,0.0
8473,2019-12-20 01:00:00,12,2019-12-20 02:00:00,0.10531,0.10531,0.10531,0.12,0.0,223.05437600996007,-0.0,0.0,0.0,223.05437600996007,223.05437600996007,0.0,0.0
8474,2019-12-20 02:00:00,12,2019-12-20 03:00:00,0.10531,0.10531,0.10531,0.12,0.0,223.05437605026597,-0.0,0.0,0.0,223.05437605026597,223.05437605026597,0.0,0.0
8475,2019-12-20 03:00:00,12,2019-12-20 04:00:00,0.10531,0.10531,0.10531,0.12,0.0,223.05437610297372,-0.0,0.0,0.0,223.05437610297372,223.05437610297372,0.0,0.0
8476,2019-12-20 04:00:00,12,2019-12-20 05:00:00,0.10531,0.10531,0.10531,0.12,0.0,232.52797135286016,-0.0,0.0,0.0,232.52797135286016,232.52797135286016,0.0,0.0
8477,2019-12-20 05:00:00,12,2019-12-20 06:00:00,0.10531,0.10531,0.10531,0.12,0.0,270.7923697808447,-226.7264805052926,0.0,0.0,497.5188502861373,497.5188502861373,0.0,1.0
8478,2019-12-20 06:00:00,12,2019-12-20 07:00:00,0.10531,0.10531,0.10531,0.12,0.26073545258108655,331.93553447834586,-400.0,0.0,0.0,731.9355344783459,731.9355344783459,0.0,1.0
8479,2019-12-20 07:00:00,12,2019-12-20 08:00:00,0.10531,0.10531,0.10531,0.12,0.7207354525810865,401.45110266959904,-0.0,0.0,0.0,401.45110266959904,401.45110266959904,0.0,0.0
8480,2019-12-20 08:00:00,12,2019-12-20 09:00:00,0.10531,0.10531,0.10531,0.12,0.7207354525810865,813.0477410690751,-76.23269233867961,0.0,0.0,889.2804334077547,889.2804334077547,0.0,1.0
8481,2019-12-20 09:00:00,12,2019-12-20 10:00:00,0.10531,0.10531,0.10531,0.12,0.8084030487705681,784.5807534886744,0.0,0.0,0.0,784.5807534886744,784.5807534886744,0.0,0.0
8482,2019-12-20 10:00:00,12,2019-12-20 11:00:00,0.10531,0.10531,0.10531,0.12,0.8084030487705681,746.669919987582,-142.61051342017265,0.0,0.0,889.2804334077547,889.2804334077547,0.0,1.0
8483,2019-12-20 11:00:00,12,2019-12-20 12:00:00,0.10531,0.10531,0.10531,0.12,0.9724051392037667,759.1582383587473,0.0,0.0,0.0,759.1582383587473,759.1582383587473,0.0,0.0
8484,2019-12-20 12:00:00,12,2019-12-20 13:00:00,0.10531,0.10531,0.10531,0.12,0.9724051392037667,788.1929483004424,-23.99553112715938,0.0,0.0,812.1884794276018,812.1884794276018,0.0,1.0
8485,2019-12-20 13:00:00,12,2019-12-20 14:00:00,0.10531,0.10531,0.10531,0.12,1.0,878.0126278001636,-0.0,0.0,0.0,878.0126278001636,878.0126278001636,0.0,0.0
8486,2019-12-20 14:00:00,12,2019-12-20 15:00:00,0.10531,0.10531,0.10531,0.12,1.0,889.2804334077547,-0.0,0.0,0.0,889.2804334077547,889.2804334077547,0.0,0.0
8487,2019-12-20 15:00:00,12,2019-12-20 16:00:00,0.10531,0.10531,0.10531,0.12,1.0,865.2849022805952,-0.0,0.0,0.0,865.2849022805952,865.2849022805952,0.0,0.0
8488,2019-12-20 16:00:00,12,2019-12-20 17:00:00,0.13592,0.13592,0.13592,0.12,1.0,880.9280444909622,-0.0,400.0,0.0,480.9280444909622,480.9280444909622,0.0,0.0
8489,2019-12-20 17:00:00,12,2019-12-20 18:00:00,0.13592,0.13592,0.13592,0.12,0.4565217391304348,774.3737758154746,-0.0,336.00000000000006,0.0,438.3737758154745,438.3737758154745,0.0,0.0
8490,2019-12-20 18:00:00,12,2019-12-20 19:00:00,0.13592,0.13592,0.13592,0.12,0.0,582.360648693748,-0.0,0.0,0.0,582.360648693748,582.360648693748,0.0,1.0
8491,2019-12-20 19:00:00,12,2019-12-20 20:00:00,0.13592,0.13592,0.13592,0.12,0.0,563.4303651657239,-0.0,0.0,0.0,563.4303651657239,563.4303651657239,0.0,1.0
8492,2019-12-20 20:00:00,12,2019-12-20 21:00:00,0.13592,0.13592,0.13592,0.12,0.0,447.5648799825085,-0.0,0.0,0.0,447.5648799825085,447.5648799825085,0.0,0.0
8493,2019-12-20 21:00:00,12,2019-12-20 22:00:00,0.10531,0.10531,0.10531,0.12,0.0,428.6218423894863,-0.0,0.0,0.0,428.6218423894863,428.6218423894863,0.0,0.0
8494,2019-12-20 22:00:00,12,2019-12-20 23:00:00,0.10531,0.10531,0.10531,0.12,0.0,270.7912817278984,-0.0,0.0,0.0,270.7912817278984,270.7912817278984,0.0,0.0
8495,2019-12-20 23:00:00,12,2019-12-21 00:00:00,0.10531,0.10531,0.10531,0.12,0.0,232.52797127844917,-0.0,0.0,0.0,232.52797127844917,232.52797127844917,0.0,0.0
8496,2019-12-21 00:00:00,12,2019-12-21 01:00:00,0.10531,0.10531,0.10531,0.12,0.0,223.05437664090275,0.0,0.0,0.0,223.05437664090275,223.05437664090275,0.0,0.0
8497,2019-12-21 01:00:00,12,2019-12-21 02:00:00,0.10531,0.10531,0.10531,0.12,0.0,223.05437667423266,-0.0,0.0,0.0,223.05437667423266,223.05437667423266,0.0,0.0
8498,2019-12-21 02:00:00,12,2019-12-21 03:00:00,0.10531,0.10531,0.10531,0.12,0.0,223.05437662927605,-0.0,0.0,0.0,223.05437662927605,223.05437662927605,0.0,0.0
8499,2019-12-21 03:00:00,12,2019-12-21 04:00:00,0.10531,0.10531,0.10531,0.12,0.0,223.05437661997468,-329.9874665071029,0.0,0.0,553.0418431270775,553.0418431270775,0.0,1.0
8500,2019-12-21 04:00:00,12,2019-12-21 05:00:00,0.10531,0.10531,0.10531,0.12,0.3794855864831683,232.52797192101863,-0.0,0.0,0.0,232.52797192101863,232.52797192101863,0.0,0.0
8501,2019-12-21 05:00:00,12,2019-12-21 06:00:00,0.10531,0.10531,0.10531,0.12,0.3794855864831683,270.79237093963997,-0.0,0.0,0.0,270.79237093963997,270.79237093963997,0.0,0.0
8502,2019-12-21 06:00:00,12,2019-12-21 07:00:00,0.10531,0.10531,0.10531,0.12,0.3794855864831683,331.8832297248313,-0.0,0.0,0.0,331.8832297248313,331.8832297248313,0.0,0.0
8503,2019-12-21 07:00:00,12,2019-12-21 08:00:00,0.10531,0.10531,0.10531,0.12,0.3794855864831683,401.4673686260362,-400.0,0.0,0.0,801.4673686260362,801.4673686260362,0.0,1.0
8504,2019-12-21 08:00:00,12,2019-12-21 09:00:00,0.10531,0.10531,0.10531,0.12,0.8394855864831683,813.0222239322557,-17.433444116739793,0.0,0.0,830.4556680489954,830.4556680489954,0.0,1.0
8505,2019-12-21 09:00:00,12,2019-12-21 10:00:00,0.10531,0.10531,0.10531,0.12,0.859534047217419,784.5385525369456,0.0,0.0,0.0,784.5385525369456,784.5385525369456,0.0,0.0
8506,2019-12-21 10:00:00,12,2019-12-21 11:00:00,0.10531,0.10531,0.10531,0.12,0.859534047217419,746.6320707221113,0.0,0.0,0.0,746.6320707221113,746.6320707221113,0.0,0.0
8507,2019-12-21 11:00:00,12,2019-12-21 12:00:00,0.10531,0.10531,0.10531,0.12,0.859534047217419,746.6430894985624,-0.0,0.0,0.0,746.6430894985624,746.6430894985624,0.0,0.0
8508,2019-12-21 12:00:00,12,2019-12-21 13:00:00,0.10531,0.10531,0.10531,0.12,0.859534047217419,708.3113612815338,-122.1443067674617,0.0,0.0,830.4556680489954,830.4556680489954,0.0,1.0
8509,2019-12-21 13:00:00,12,2019-12-21 14:00:00,0.10531,0.10531,0.10531,0.12,1.0,792.4365538015213,-0.0,0.0,0.0,792.4365538015213,792.4365538015213,0.0,0.0
8510,2019-12-21 14:00:00,12,2019-12-21 15:00:00,0.10531,0.10531,0.10531,0.12,1.0,818.8065946076804,-0.0,0.0,0.0,818.8065946076804,818.8065946076804,0.0,1.0
8511,2019-12-21 15:00:00,12,2019-12-21 16:00:00,0.10531,0.10531,0.10531,0.12,1.0,830.4556680489954,-0.0,0.0,0.0,830.4556680489954,830.4556680489954,0.0,1.0
8512,2019-12-21 16:00:00,12,2019-12-21 17:00:00,0.13592,0.13592,0.13592,0.12,1.0,850.2678902961627,-0.0,336.00000000000006,0.0,514.2678902961627,514.2678902961627,0.0,0.0
8513,2019-12-21 17:00:00,12,2019-12-21 18:00:00,0.13592,0.13592,0.13592,0.12,0.5434782608695652,736.8174118774707,-0.0,400.0,0.0,336.8174118774707,336.8174118774707,0.0,0.0
8514,2019-12-21 18:00:00,12,2019-12-21 19:00:00,0.13592,0.13592,0.13592,0.12,0.0,582.3375178566558,-0.0,0.0,0.0,582.3375178566558,582.3375178566558,0.0,1.0
8515,2019-12-21 19:00:00,12,2019-12-21 20:00:00,0.13592,0.13592,0.13592,0.12,0.0,563.409147081829,-0.0,0.0,0.0,563.409147081829,563.409147081829,0.0,0.0
8516,2019-12-21 20:00:00,12,2019-12-21 21:00:00,0.13592,0.13592,0.13592,0.12,0.0,447.55081770974107,-0.0,0.0,0.0,447.55081770974107,447.55081770974107,0.0,0.0
8517,2019-12-21 21:00:00,12,2019-12-21 22:00:00,0.10531,0.10531,0.10531,0.12,0.0,436.57871509494225,-0.0,0.0,0.0,436.57871509494225,436.57871509494225,0.0,0.0
8518,2019-12-21 22:00:00,12,2019-12-21 23:00:00,0.10531,0.10531,0.10531,0.12,0.0,270.79128234643923,-0.0,0.0,0.0,270.79128234643923,270.79128234643923,0.0,0.0
8519,2019-12-21 23:00:00,12,2019-12-22 00:00:00,0.10531,0.10531,0.10531,0.12,0.0,232.5279718814878,-0.0,0.0,0.0,232.5279718814878,232.5279718814878,0.0,0.0
8520,2019-12-22 00:00:00,12,2019-12-22 01:00:00,0.10531,0.10531,0.10531,0.12,0.0,223.0543772230133,0.0,0.0,0.0,223.0543772230133,223.0543772230133,0.0,0.0
8521,2019-12-22 01:00:00,12,2019-12-22 02:00:00,0.10531,0.10531,0.10531,0.12,0.0,223.05437726796993,-0.0,0.0,0.0,223.05437726796993,223.05437726796993,0.0,0.0
8522,2019-12-22 02:00:00,12,2019-12-22 03:00:00,0.10531,0.10531,0.10531,0.12,0.0,223.05437723619022,-0.0,0.0,0.0,223.05437723619022,223.05437723619022,0.0,0.0
8523,2019-12-22 03:00:00,12,2019-12-22 04:00:00,0.10531,0.10531,0.10531,0.12,0.0,223.0543772129368,-0.0,0.0,0.0,223.0543772129368,223.0543772129368,0.0,0.0
8524,2019-12-22 04:00:00,12,2019-12-22 05:00:00,0.10531,0.10531,0.10531,0.12,0.0,232.5279725054545,-0.0,0.0,0.0,232.5279725054545,232.5279725054545,0.0,0.0
8525,2019-12-22 05:00:00,12,2019-12-22 06:00:00,0.10531,0.10531,0.10531,0.12,0.0,270.79237191395816,-0.0,0.0,0.0,270.79237191395816,270.79237191395816,0.0,0.0
8526,2019-12-22 06:00:00,12,2019-12-22 07:00:00,0.10531,0.10531,0.10531,0.12,0.0,331.93903970613087,-0.0,0.0,0.0,331.93903970613087,331.93903970613087,0.0,0.0
8527,2019-12-22 07:00:00,12,2019-12-22 08:00:00,0.10531,0.10531,0.10531,0.12,0.0,401.4731120626137,-400.0,0.0,0.0,801.4731120626137,801.4731120626137,0.0,1.0
8528,2019-12-22 08:00:00,12,2019-12-22 09:00:00,0.10531,0.10531,0.10531,0.12,0.46,813.0092529593868,-90.58693572259716,0.0,0.0,903.5961886819839,903.5961886819839,0.0,1.0
8529,2019-12-22 09:00:00,12,2019-12-22 10:00:00,0.10531,0.10531,0.10531,0.12,0.5641749760809867,784.5566200231626,-0.0,0.0,0.0,784.5566200231626,784.5566200231626,0.0,0.0
8530,2019-12-22 10:00:00,12,2019-12-22 11:00:00,0.10531,0.10531,0.10531,0.12,0.5641749760809867,747.2210016039455,0.0,0.0,0.0,747.2210016039455,747.2210016039455,0.0,0.0
8531,2019-12-22 11:00:00,12,2019-12-22 12:00:00,0.10531,0.10531,0.10531,0.12,0.5641749760809867,748.7332653894352,-0.0,0.0,0.0,748.7332653894352,748.7332653894352,0.0,0.0
8532,2019-12-22 12:00:00,12,2019-12-22 13:00:00,0.10531,0.10531,0.10531,0.12,0.5641749760809867,710.0760595103966,-178.04661190363763,0.0,0.0,888.1226714140342,888.1226714140342,0.0,1.0
8533,2019-12-22 13:00:00,12,2019-12-22 14:00:00,0.10531,0.10531,0.10531,0.12,0.7689285797701699,749.8464084297624,-138.2762629842718,0.0,0.0,888.1226714140341,888.1226714140341,0.0,1.0
8534,2019-12-22 14:00:00,12,2019-12-22 15:00:00,0.10531,0.10531,0.10531,0.12,0.9279462822020824,796.2669602336117,0.0,0.0,0.0,796.2669602336117,796.2669602336117,0.0,0.0
8535,2019-12-22 15:00:00,12,2019-12-22 16:00:00,0.10531,0.10531,0.10531,0.12,0.9279462822020825,825.4672646332364,-62.65540678079784,0.0,0.0,888.1226714140342,888.1226714140342,0.0,1.0
8536,2019-12-22 16:00:00,12,2019-12-22 17:00:00,0.13592,0.13592,0.13592,0.12,1.0,830.2137667778725,-0.0,400.0,0.0,430.2137667778725,430.2137667778725,0.0,0.0
8537,2019-12-22 17:00:00,12,2019-12-22 18:00:00,0.13592,0.13592,0.13592,0.12,0.4565217391304348,736.7980137253345,-0.0,336.00000000000006,0.0,400.79801372533444,400.79801372533444,0.0,0.0
8538,2019-12-22 18:00:00,12,2019-12-22 19:00:00,0.13592,0.13592,0.13592,0.12,0.0,582.3124994622184,-0.0,0.0,0.0,582.3124994622184,582.3124994622184,0.0,1.0
8539,2019-12-22 19:00:00,12,2019-12-22 20:00:00,0.13592,0.13592,0.13592,0.12,0.0,563.3901080585607,-0.0,0.0,0.0,563.3901080585607,563.3901080585607,0.0,0.0
8540,2019-12-22 20:00:00,12,2019-12-22 21:00:00,0.13592,0.13592,0.13592,0.12,0.0,447.5400649609033,-0.0,0.0,0.0,447.5400649609033,447.5400649609033,0.0,0.0
8541,2019-12-22 21:00:00,12,2019-12-22 22:00:00,0.10531,0.10531,0.10531,0.12,0.0,428.60596209251554,-0.0,0.0,0.0,428.60596209251554,428.60596209251554,0.0,0.0
8542,2019-12-22 22:00:00,12,2019-12-22 23:00:00,0.10531,0.10531,0.10531,0.12,0.0,270.7912829378512,-0.0,0.0,0.0,270.7912829378512,270.7912829378512,0.0,0.0
8543,2019-12-22 23:00:00,12,2019-12-23 00:00:00,0.10531,0.10531,0.10531,0.12,0.0,232.52797249770333,-0.0,0.0,0.0,232.52797249770333,232.52797249770333,0.0,0.0
8544,2019-12-23 00:00:00,12,2019-12-23 01:00:00,0.10531,0.10531,0.10531,0.12,0.0,184.42213792979953,-0.0,0.0,0.0,184.42213792979953,184.42213792979953,0.0,1.0
8545,2019-12-23 01:00:00,12,2019-12-23 02:00:00,0.10531,0.10531,0.10531,0.12,0.0,184.42213792049816,-0.0,0.0,0.0,184.42213792049816,184.42213792049816,0.0,0.0
8546,2019-12-23 02:00:00,12,2019-12-23 03:00:00,0.10531,0.10531,0.10531,0.12,0.0,184.4221379391009,-0.0,0.0,0.0,184.4221379391009,184.4221379391009,0.0,0.0
8547,2019-12-23 03:00:00,12,2019-12-23 04:00:00,0.10531,0.10531,0.10531,0.12,0.0,184.4221379794068,-0.0,0.0,0.0,184.4221379794068,184.4221379794068,0.0,0.0
8548,2019-12-23 04:00:00,12,2019-12-23 05:00:00,0.10531,0.10531,0.10531,0.12,0.0,193.8957333192064,-312.8659728073657,0.0,0.0,506.7617061265721,506.7617061265721,0.0,1.0
8549,2019-12-23 05:00:00,12,2019-12-23 06:00:00,0.10531,0.10531,0.10531,0.12,0.3597958687284706,212.8440128648464,-293.91769326172573,0.0,0.0,506.7617061265721,506.7617061265721,0.0,1.0
8550,2019-12-23 06:00:00,12,2019-12-23 07:00:00,0.10531,0.10531,0.10531,0.12,0.6978012159794551,331.90609237716825,-0.0,0.0,0.0,331.90609237716825,331.90609237716825,0.0,0.0
8551,2019-12-23 07:00:00,12,2019-12-23 08:00:00,0.10531,0.10531,0.10531,0.12,0.6978012159794551,324.2748367774865,-0.0,0.0,0.0,324.2748367774865,324.2748367774865,0.0,0.0
8552,2019-12-23 08:00:00,12,2019-12-23 09:00:00,0.10531,0.10531,0.10531,0.12,0.6978012159794551,503.99582555841914,-2.7658805681529657,0.0,0.0,506.7617061265721,506.7617061265721,0.0,1.0
8553,2019-12-23 09:00:00,12,2019-12-23 10:00:00,0.10531,0.10531,0.10531,0.12,0.7009819786328311,475.5223938787902,-0.0,0.0,0.0,475.5223938787902,475.5223938787902,0.0,1.0
8554,2019-12-23 10:00:00,12,2019-12-23 11:00:00,0.10531,0.10531,0.10531,0.12,0.7009819786328311,438.82437652310676,-0.0,0.0,0.0,438.82437652310676,438.82437652310676,0.0,0.0
8555,2019-12-23 11:00:00,12,2019-12-23 12:00:00,0.10531,0.10531,0.10531,0.12,0.7009819786328311,448.64011608346556,-0.0,0.0,0.0,448.64011608346556,448.64011608346556,0.0,0.0
8556,2019-12-23 12:00:00,12,2019-12-23 13:00:00,0.10531,0.10531,0.10531,0.12,0.7009819786328311,441.64812987067495,-0.0,0.0,0.0,441.64812987067495,441.64812987067495,0.0,0.0
8557,2019-12-23 13:00:00,12,2019-12-23 14:00:00,0.10531,0.10531,0.10531,0.12,0.7009819786328311,441.57235728612744,-0.0,0.0,0.0,441.57235728612744,441.57235728612744,0.0,0.0
8558,2019-12-23 14:00:00,12,2019-12-23 15:00:00,0.10531,0.10531,0.10531,0.12,0.7009819786328311,246.746035372512,-260.0156707540599,0.0,0.0,506.7617061265719,506.7617061265719,0.0,1.0
8559,2019-12-23 15:00:00,12,2019-12-23 16:00:00,0.10531,0.10531,0.10531,0.12,1.0,311.1794175472858,-0.0,0.0,0.0,311.1794175472858,311.1794175472858,0.0,0.0
8560,2019-12-23 16:00:00,12,2019-12-23 17:00:00,0.13592,0.13592,0.13592,0.12,1.0,411.20520866607956,-0.0,0.0,0.0,411.20520866607956,411.20520866607956,0.0,0.0
8561,2019-12-23 17:00:00,12,2019-12-23 18:00:00,0.13592,0.13592,0.13592,0.12,1.0,372.87610151449803,-0.0,372.87610151449803,0.0,0.0,0.0,0.0,0.0
8562,2019-12-23 18:00:00,12,2019-12-23 19:00:00,0.13592,0.13592,0.13592,0.12,0.49337486207269293,269.68522130779473,-0.0,269.68522130779473,0.0,0.0,0.0,0.0,0.0
8563,2019-12-23 19:00:00,12,2019-12-23 20:00:00,0.13592,0.13592,0.13592,0.12,0.1269547244262327,250.73803135835283,-0.0,93.43867717770728,0.0,157.29935418064554,157.29935418064554,0.0,0.0
8564,2019-12-23 20:00:00,12,2019-12-23 21:00:00,0.13592,0.13592,0.13592,0.12,0.0,250.73803067470237,-0.0,0.0,0.0,250.73803067470237,250.73803067470237,0.0,0.0
8565,2019-12-23 21:00:00,12,2019-12-23 22:00:00,0.10531,0.10531,0.10531,0.12,0.0,231.7915665589596,-0.0,0.0,0.0,231.7915665589596,231.7915665589596,0.0,0.0
8566,2019-12-23 22:00:00,12,2019-12-23 23:00:00,0.10531,0.10531,0.10531,0.12,0.0,212.84292375774524,-0.0,0.0,0.0,212.84292375774524,212.84292375774524,0.0,0.0
8567,2019-12-23 23:00:00,12,2019-12-24 00:00:00,0.10531,0.10531,0.10531,0.12,0.0,193.895733227743,-0.0,0.0,0.0,193.895733227743,193.895733227743,0.0,0.0
8568,2019-12-24 00:00:00,12,2019-12-24 01:00:00,0.10531,0.10531,0.10531,0.12,0.0,184.42177551599883,-0.0,0.0,0.0,184.42177551599883,184.42177551599883,0.0,0.0
8569,2019-12-24 01:00:00,12,2019-12-24 02:00:00,0.10531,0.10531,0.10531,0.12,0.0,184.42177545243953,-0.0,0.0,0.0,184.42177545243953,184.42177545243953,0.0,0.0
8570,2019-12-24 02:00:00,12,2019-12-24 03:00:00,0.10531,0.10531,0.10531,0.12,0.0,184.4217753113688,-0.0,0.0,0.0,184.4217753113688,184.4217753113688,0.0,0.0
8571,2019-12-24 03:00:00,12,2019-12-24 04:00:00,0.10531,0.10531,0.10531,0.12,0.0,184.42177525090992,-0.0,0.0,0.0,184.42177525090992,184.42177525090992,0.0,0.0
8572,2019-12-24 04:00:00,12,2019-12-24 05:00:00,0.10531,0.10531,0.10531,0.12,0.0,193.89537065426885,-0.0,0.0,0.0,193.89537065426885,193.89537065426885,0.0,0.0
8573,2019-12-24 05:00:00,12,2019-12-24 06:00:00,0.10531,0.10531,0.10531,0.12,0.0,212.84365098819967,-0.0,0.0,0.0,212.84365098819967,212.84365098819967,0.0,0.0
8574,2019-12-24 06:00:00,12,2019-12-24 07:00:00,0.10531,0.10531,0.10531,0.12,0.0,250.73694231326073,-216.48922651417467,0.0,0.0,467.2261688274354,467.2261688274354,0.0,1.0
8575,2019-12-24 07:00:00,12,2019-12-24 08:00:00,0.10531,0.10531,0.10531,0.12,0.2489626104913009,243.19487401672149,-224.03129481071392,0.0,0.0,467.2261688274354,467.2261688274354,0.0,1.0
8576,2019-12-24 08:00:00,12,2019-12-24 09:00:00,0.10531,0.10531,0.10531,0.12,0.5065985995236219,229.95024476118647,-0.0,0.0,0.0,229.95024476118647,229.95024476118647,0.0,0.0
8577,2019-12-24 09:00:00,12,2019-12-24 10:00:00,0.10531,0.10531,0.10531,0.12,0.5065985995236219,201.52945901152728,-0.0,0.0,0.0,201.52945901152728,201.52945901152728,0.0,0.0
8578,2019-12-24 10:00:00,12,2019-12-24 11:00:00,0.10531,0.10531,0.10531,0.12,0.5065985995236219,169.1625646647667,-0.0,0.0,0.0,169.1625646647667,169.1625646647667,0.0,0.0
8579,2019-12-24 11:00:00,12,2019-12-24 12:00:00,0.10531,0.10531,0.10531,0.12,0.5065985995236219,175.63128315968422,-0.0,0.0,0.0,175.63128315968422,175.63128315968422,0.0,0.0
8580,2019-12-24 12:00:00,12,2019-12-24 13:00:00,0.10531,0.10531,0.10531,0.12,0.5065985995236219,233.06895680075925,-226.32738597290265,0.0,0.0,459.3963427736619,459.3963427736619,0.0,1.0
8581,2019-12-24 13:00:00,12,2019-12-24 14:00:00,0.10531,0.10531,0.10531,0.12,0.76687509339246,248.72860890830646,-0.0,0.0,0.0,248.72860890830646,248.72860890830646,0.0,0.0
8582,2019-12-24 14:00:00,12,2019-12-24 15:00:00,0.10531,0.10531,0.10531,0.12,0.76687509339246,256.67903268014874,-202.7173100935131,0.0,0.0,459.39634277366184,459.39634277366184,0.0,1.0
8583,2019-12-24 15:00:00,12,2019-12-24 16:00:00,0.10531,0.10531,0.10531,0.12,1.0,205.06728992763112,-0.0,0.0,0.0,205.06728992763112,205.06728992763112,0.0,0.0
8584,2019-12-24 16:00:00,12,2019-12-24 17:00:00,0.13592,0.13592,0.13592,0.12,1.0,208.1517737137057,-0.0,208.1517737137057,0.0,0.0,0.0,0.0,0.0
8585,2019-12-24 17:00:00,12,2019-12-24 18:00:00,0.13592,0.13592,0.13592,0.12,0.7171850900628999,269.68413312772975,-0.0,269.68413312772975,0.0,0.0,0.0,0.0,0.0
8586,2019-12-24 18:00:00,12,2019-12-24 19:00:00,0.13592,0.13592,0.13592,0.12,0.3507664309219628,269.6841330843234,-0.0,7.4271509034374095,0.0,262.256982180886,262.256982180886,0.0,0.0
8587,2019-12-24 19:00:00,12,2019-12-24 20:00:00,0.13592,0.13592,0.13592,0.12,0.3406751932814228,250.7369423954228,-0.0,0.0,0.0,250.7369423954228,250.7369423954228,0.0,0.0
8588,2019-12-24 20:00:00,12,2019-12-24 21:00:00,0.13592,0.13592,0.13592,0.12,0.3406751932814228,250.7369422551272,-0.0,250.7369422551272,0.0,0.0,0.0,0.0,0.0
8589,2019-12-24 21:00:00,12,2019-12-24 22:00:00,0.10531,0.10531,0.10531,0.12,0.0,231.79084117870204,-0.0,0.0,0.0,231.79084117870204,231.79084117870204,0.0,0.0
8590,2019-12-24 22:00:00,12,2019-12-24 23:00:00,0.10531,0.10531,0.10531,0.12,0.0,212.84256126023223,-0.0,0.0,0.0,212.84256126023223,212.84256126023223,0.0,0.0
8591,2019-12-24 23:00:00,12,2019-12-25 00:00:00,0.10531,0.10531,0.10531,0.12,0.0,193.89537057520724,-0.0,0.0,0.0,193.89537057520724,193.89537057520724,0.0,0.0
8592,2019-12-25 00:00:00,12,2019-12-25 01:00:00,0.10531,0.10531,0.10531,0.12,0.0,184.42177566482073,-0.0,0.0,0.0,184.42177566482073,184.42177566482073,0.0,0.0
8593,2019-12-25 01:00:00,12,2019-12-25 02:00:00,0.10531,0.10531,0.10531,0.12,0.0,184.42177575860953,-0.0,0.0,0.0,184.42177575860953,184.42177575860953,0.0,0.0
8594,2019-12-25 02:00:00,12,2019-12-25 03:00:00,0.10531,0.10531,0.10531,0.12,0.0,184.42177590123043,-0.0,0.0,0.0,184.42177590123043,184.42177590123043,0.0,0.0
8595,2019-12-25 03:00:00,12,2019-12-25 04:00:00,0.10531,0.10531,0.10531,0.12,0.0,184.4217759771916,-0.0,0.0,0.0,184.4217759771916,184.4217759771916,0.0,0.0
8596,2019-12-25 04:00:00,12,2019-12-25 05:00:00,0.10531,0.10531,0.10531,0.12,0.0,193.8953712666088,-0.0,0.0,0.0,193.8953712666088,193.8953712666088,0.0,0.0
8597,2019-12-25 05:00:00,12,2019-12-25 06:00:00,0.10531,0.10531,0.10531,0.12,0.0,212.84365118662885,-0.0,0.0,0.0,212.84365118662885,212.84365118662885,0.0,0.0
8598,2019-12-25 06:00:00,12,2019-12-25 07:00:00,0.10531,0.10531,0.10531,0.12,0.0,251.6038481031146,-0.0,0.0,0.0,251.6038481031146,251.6038481031146,0.0,0.0
8599,2019-12-25 07:00:00,12,2019-12-25 08:00:00,0.10531,0.10531,0.10531,0.12,0.0,244.5433722541848,-0.0,0.0,0.0,244.5433722541848,244.5433722541848,0.0,0.0
8600,2019-12-25 08:00:00,12,2019-12-25 09:00:00,0.10531,0.10531,0.10531,0.12,0.0,230.23891558204286,-0.0,0.0,0.0,230.23891558204286,230.23891558204286,0.0,0.0
8601,2019-12-25 09:00:00,12,2019-12-25 10:00:00,0.10531,0.10531,0.10531,0.12,0.0,201.83012262935094,-0.0,0.0,0.0,201.83012262935094,201.83012262935094,0.0,0.0
8602,2019-12-25 10:00:00,12,2019-12-25 11:00:00,0.10531,0.10531,0.10531,0.12,0.0,179.01488530583256,-0.0,0.0,0.0,179.01488530583256,179.01488530583256,0.0,0.0
8603,2019-12-25 11:00:00,12,2019-12-25 12:00:00,0.10531,0.10531,0.10531,0.12,0.0,185.75439933805552,-0.0,0.0,0.0,185.75439933805552,185.75439933805552,0.0,0.0
8604,2019-12-25 12:00:00,12,2019-12-25 13:00:00,0.10531,0.10531,0.10531,0.12,0.0,189.87643967700356,-0.0,0.0,0.0,189.87643967700356,189.87643967700356,0.0,1.0
8605,2019-12-25 13:00:00,12,2019-12-25 14:00:00,0.10531,0.10531,0.10531,0.12,0.0,178.75450196952707,-69.5652173913043,7.860219072258905e-15,0.0,248.31971936083136,248.31971936083136,0.0,1.0
8606,2019-12-25 14:00:00,12,2019-12-25 15:00:00,0.10531,0.10531,0.10531,0.12,0.07999999999999993,181.80294143661277,-400.0,0.0,0.0,581.8029414366127,581.8029414366127,0.0,1.0
8607,2019-12-25 15:00:00,12,2019-12-25 16:00:00,0.10531,0.10531,0.10531,0.12,0.5399999999999999,184.83211359931323,-400.00000000000006,0.0,0.0,584.8321135993133,584.8321135993133,0.0,1.0
8608,2019-12-25 16:00:00,12,2019-12-25 17:00:00,0.13592,0.13592,0.13592,0.12,1.0,208.15177404312914,-0.0,208.15177404312914,0.0,0.0,0.0,1.0,0.0
8609,2019-12-25 17:00:00,12,2019-12-25 18:00:00,0.13592,0.13592,0.13592,0.12,0.7171850896153136,269.6841332757765,-0.0,269.6841332757765,0.0,0.0,0.0,0.0,0.0
8610,2019-12-25 18:00:00,12,2019-12-25 19:00:00,0.13592,0.13592,0.13592,0.12,0.35076643027322596,269.6841332711258,-0.0,258.1640926810943,0.0,11.520040590031499,11.520040590031499,0.0,0.0
8611,2019-12-25 19:00:00,12,2019-12-25 20:00:00,0.13592,0.13592,0.13592,0.12,0.0,250.7369428682423,-0.0,0.0,0.0,250.7369428682423,250.7369428682423,0.0,0.0
8612,2019-12-25 20:00:00,12,2019-12-25 21:00:00,0.13592,0.13592,0.13592,0.12,0.0,251.02569434512472,-0.0,0.0,0.0,251.02569434512472,251.02569434512472,0.0,0.0
8613,2019-12-25 21:00:00,12,2019-12-25 22:00:00,0.10531,0.10531,0.10531,0.12,0.0,233.23497730856477,-0.0,0.0,0.0,233.23497730856477,233.23497730856477,0.0,0.0
8614,2019-12-25 22:00:00,12,2019-12-25 23:00:00,0.10531,0.10531,0.10531,0.12,0.0,213.9985997039512,-0.0,0.0,0.0,213.9985997039512,213.9985997039512,0.0,0.0
8615,2019-12-25 23:00:00,12,2019-12-26 00:00:00,0.10531,0.10531,0.10531,0.12,0.0,195.34079272442915,-0.0,0.0,0.0,195.34079272442915,195.34079272442915,0.0,1.0
8616,2019-12-26 00:00:00,12,2019-12-26 01:00:00,0.10531,0.10531,0.10531,0.12,0.0,224.2113777559203,0.0,0.0,0.0,224.2113777559203,224.2113777559203,0.0,0.0
8617,2019-12-26 01:00:00,12,2019-12-26 02:00:00,0.10531,0.10531,0.10531,0.12,0.0,224.50159614436603,-0.0,0.0,0.0,224.50159614436603,224.50159614436603,0.0,0.0
8618,2019-12-26 02:00:00,12,2019-12-26 03:00:00,0.10531,0.10531,0.10531,0.12,0.0,224.2145848849796,-339.42652729164826,0.0,0.0,563.6411121766279,563.6411121766279,0.0,1.0
8619,2019-12-26 03:00:00,12,2019-12-26 04:00:00,0.10531,0.10531,0.10531,0.12,0.3903405063853955,224.50538292917116,-400.0,0.0,0.0,624.5053829291712,624.5053829291712,0.0,1.0
8620,2019-12-26 04:00:00,12,2019-12-26 05:00:00,0.10531,0.10531,0.10531,0.12,0.8503405063853955,233.69094043169576,-0.0,0.0,0.0,233.69094043169576,233.69094043169576,0.0,0.0
8621,2019-12-26 05:00:00,12,2019-12-26 06:00:00,0.10531,0.10531,0.10531,0.12,0.8503405063853955,272.2459525476838,-0.0,0.0,0.0,272.2459525476838,272.2459525476838,0.0,0.0
8622,2019-12-26 06:00:00,12,2019-12-26 07:00:00,0.10531,0.10531,0.10531,0.12,0.8503405063853955,332.1743902122779,-0.0,0.0,0.0,332.1743902122779,332.1743902122779,0.0,0.0
8623,2019-12-26 07:00:00,12,2019-12-26 08:00:00,0.10531,0.10531,0.10531,0.12,0.8503405063853955,401.7413332800406,-0.0,0.0,0.0,401.7413332800406,401.7413332800406,0.0,0.0
8624,2019-12-26 08:00:00,12,2019-12-26 09:00:00,0.10531,0.10531,0.10531,0.12,0.8503405063853955,813.1385474828189,-0.0,0.0,0.0,813.1385474828189,813.1385474828189,0.0,1.0
8625,2019-12-26 09:00:00,12,2019-12-26 10:00:00,0.10531,0.10531,0.10531,0.12,0.8503405063853955,784.5964219043879,0.0,0.0,0.0,784.5964219043879,784.5964219043879,0.0,0.0
8626,2019-12-26 10:00:00,12,2019-12-26 11:00:00,0.10531,0.10531,0.10531,0.12,0.8503405063853955,747.1070207560533,-66.0315267267656,0.0,0.0,813.1385474828189,813.1385474828189,0.0,1.0
8627,2019-12-26 11:00:00,12,2019-12-26 12:00:00,0.10531,0.10531,0.10531,0.12,0.926276762121176,748.7898730016834,0.0,0.0,0.0,748.7898730016834,748.7898730016834,0.0,0.0
8628,2019-12-26 12:00:00,12,2019-12-26 13:00:00,0.10531,0.10531,0.10531,0.12,0.926276762121176,711.1199982316737,-0.09123945437215752,2.719491298819321e-14,0.0,711.2112376860458,711.2112376860458,0.0,1.0
8629,2019-12-26 13:00:00,12,2019-12-26 14:00:00,0.10531,0.10531,0.10531,0.12,0.9263816874937041,750.0748477251467,-0.0,0.0,0.0,750.0748477251467,750.0748477251467,0.0,1.0
8630,2019-12-26 14:00:00,12,2019-12-26 15:00:00,0.10531,0.10531,0.10531,0.12,0.926381687493704,749.0313841099286,-64.0159239185183,0.0,0.0,813.0473080284469,813.0473080284469,0.0,1.0
8631,2019-12-26 15:00:00,12,2019-12-26 16:00:00,0.10531,0.10531,0.10531,0.12,1.0,747.1612703082989,-0.0,0.0,0.0,747.1612703082989,747.1612703082989,0.0,0.0
8632,2019-12-26 16:00:00,12,2019-12-26 17:00:00,0.13592,0.13592,0.13592,0.12,1.0,791.1545965119449,-0.0,0.0,0.0,791.1545965119449,791.1545965119449,0.0,1.0
8633,2019-12-26 17:00:00,12,2019-12-26 18:00:00,0.13592,0.13592,0.13592,0.12,1.0,736.8278035898852,-0.0,0.0,0.0,736.8278035898852,736.8278035898852,0.0,1.0
8634,2019-12-26 18:00:00,12,2019-12-26 19:00:00,0.13592,0.13592,0.13592,0.12,1.0,582.3450501297482,-0.0,400.0,0.0,182.3450501297482,182.3450501297482,0.0,0.0
8635,2019-12-26 19:00:00,12,2019-12-26 20:00:00,0.13592,0.13592,0.13592,0.12,0.4565217391304348,563.4244938369046,-0.0,336.00000000000006,0.0,227.42449383690456,227.42449383690456,0.0,0.0
8636,2019-12-26 20:00:00,12,2019-12-26 21:00:00,0.13592,0.13592,0.13592,0.12,0.0,447.57274478876104,-0.0,0.0,0.0,447.57274478876104,447.57274478876104,0.0,0.0
8637,2019-12-26 21:00:00,12,2019-12-26 22:00:00,0.10531,0.10531,0.10531,0.12,0.0,428.6364558914727,0.0,0.0,0.0,428.6364558914727,428.6364558914727,0.0,0.0
8638,2019-12-26 22:00:00,12,2019-12-26 23:00:00,0.10531,0.10531,0.10531,0.12,0.0,270.79128541511517,-0.0,0.0,0.0,270.79128541511517,270.79128541511517,0.0,0.0
8639,2019-12-26 23:00:00,12,2019-12-27 00:00:00,0.10531,0.10531,0.10531,0.12,0.0,232.5279748873795,-0.0,0.0,0.0,232.5279748873795,232.5279748873795,0.0,0.0
8640,2019-12-27 00:00:00,12,2019-12-27 01:00:00,0.10531,0.10531,0.10531,0.12,0.0,223.05438013589128,-0.0,0.0,0.0,223.05438013589128,223.05438013589128,0.0,0.0
8641,2019-12-27 01:00:00,12,2019-12-27 02:00:00,0.10531,0.10531,0.10531,0.12,0.0,223.05438015681938,-0.0,0.0,0.0,223.05438015681938,223.05438015681938,0.0,0.0
8642,2019-12-27 02:00:00,12,2019-12-27 03:00:00,0.10531,0.10531,0.10531,0.12,0.0,223.05438008860935,-0.0,0.0,0.0,223.05438008860935,223.05438008860935,0.0,0.0
8643,2019-12-27 03:00:00,12,2019-12-27 04:00:00,0.10531,0.10531,0.10531,0.12,0.0,223.0543800359016,-400.0,0.0,0.0,623.0543800359017,623.0543800359017,0.0,1.0
8644,2019-12-27 04:00:00,12,2019-12-27 05:00:00,0.10531,0.10531,0.10531,0.12,0.46,232.5279753121419,-0.0,0.0,0.0,232.5279753121419,232.5279753121419,0.0,0.0
8645,2019-12-27 05:00:00,12,2019-12-27 06:00:00,0.10531,0.10531,0.10531,0.12,0.46,271.0817702427598,-0.0,0.0,0.0,271.0817702427598,271.0817702427598,0.0,0.0
8646,2019-12-27 06:00:00,12,2019-12-27 07:00:00,0.10531,0.10531,0.10531,0.12,0.46,331.993601506806,-0.0,0.0,0.0,331.993601506806,331.993601506806,0.0,0.0
8647,2019-12-27 07:00:00,12,2019-12-27 08:00:00,0.10531,0.10531,0.10531,0.12,0.46,401.5732316325212,0.0,0.0,0.0,401.5732316325212,401.5732316325212,0.0,0.0
8648,2019-12-27 08:00:00,12,2019-12-27 09:00:00,0.10531,0.10531,0.10531,0.12,0.46,813.0473080284469,-69.18459184904879,0.0,0.0,882.2318998774956,882.2318998774956,0.0,1.0
8649,2019-12-27 09:00:00,12,2019-12-27 10:00:00,0.10531,0.10531,0.10531,0.12,0.5395622806264061,784.5578468036676,0.0,0.0,0.0,784.5578468036676,784.5578468036676,0.0,0.0
8650,2019-12-27 10:00:00,12,2019-12-27 11:00:00,0.10531,0.10531,0.10531,0.12,0.5395622806264061,746.6512785287543,-135.58062134874126,0.0,0.0,882.2318998774956,882.2318998774956,0.0,1.0
8651,2019-12-27 11:00:00,12,2019-12-27 12:00:00,0.10531,0.10531,0.10531,0.12,0.6954799951774586,747.7858798328667,0.0,0.0,0.0,747.7858798328667,747.7858798328667,0.0,0.0
8652,2019-12-27 12:00:00,12,2019-12-27 13:00:00,0.10531,0.10531,0.10531,0.12,0.6954799951774586,710.5915931302474,-94.92265507649694,0.0,0.0,805.5142482067442,805.5142482067442,0.0,1.0
8653,2019-12-27 13:00:00,12,2019-12-27 14:00:00,0.10531,0.10531,0.10531,0.12,0.8046410485154302,750.3138656400334,-84.45670669921367,0.0,0.0,834.7705723392471,834.7705723392471,0.0,1.0
8654,2019-12-27 14:00:00,12,2019-12-27 15:00:00,0.10531,0.10531,0.10531,0.12,0.901766261219526,749.3499299214436,-85.42064241780349,0.0,0.0,834.7705723392471,834.7705723392471,0.0,1.0
8655,2019-12-27 15:00:00,12,2019-12-27 16:00:00,0.10531,0.10531,0.10531,0.12,1.0,747.8412153026197,-0.0,0.0,0.0,747.8412153026197,747.8412153026197,0.0,0.0
8656,2019-12-27 16:00:00,12,2019-12-27 17:00:00,0.13592,0.13592,0.13592,0.12,1.0,791.1374939805121,-0.0,400.0,0.0,391.1374939805121,391.1374939805121,0.0,0.0
8657,2019-12-27 17:00:00,12,2019-12-27 18:00:00,0.13592,0.13592,0.13592,0.12,0.4565217391304348,736.8127998653372,-0.0,336.00000000000006,0.0,400.8127998653371,400.8127998653371,0.0,0.0
8658,2019-12-27 18:00:00,12,2019-12-27 19:00:00,0.13592,0.13592,0.13592,0.12,0.0,582.3413250176548,-0.0,0.0,0.0,582.3413250176548,582.3413250176548,0.0,0.0
8659,2019-12-27 19:00:00,12,2019-12-27 20:00:00,0.13592,0.13592,0.13592,0.12,0.0,563.4121155548718,-0.0,0.0,0.0,563.4121155548718,563.4121155548718,0.0,0.0
8660,2019-12-27 20:00:00,12,2019-12-27 21:00:00,0.13592,0.13592,0.13592,0.12,0.0,447.55312864436956,-0.0,0.0,0.0,447.55312864436956,447.55312864436956,0.0,0.0
8661,2019-12-27 21:00:00,12,2019-12-27 22:00:00,0.10531,0.10531,0.10531,0.12,0.0,428.6174783107074,0.0,0.0,0.0,428.6174783107074,428.6174783107074,0.0,0.0
8662,2019-12-27 22:00:00,12,2019-12-27 23:00:00,0.10531,0.10531,0.10531,0.12,0.0,270.7912858034472,-0.0,0.0,0.0,270.7912858034472,270.7912858034472,0.0,0.0
8663,2019-12-27 23:00:00,12,2019-12-28 00:00:00,0.10531,0.10531,0.10531,0.12,0.0,232.5279752919889,-0.0,0.0,0.0,232.5279752919889,232.5279752919889,0.0,0.0
8664,2019-12-28 00:00:00,12,2019-12-28 01:00:00,0.10531,0.10531,0.10531,0.12,0.0,223.0543805428261,0.0,0.0,0.0,223.0543805428261,223.0543805428261,0.0,0.0
8665,2019-12-28 01:00:00,12,2019-12-28 02:00:00,0.10531,0.10531,0.10531,0.12,0.0,223.05438057538083,-0.0,0.0,0.0,223.05438057538083,223.05438057538083,0.0,0.0
8666,2019-12-28 02:00:00,12,2019-12-28 03:00:00,0.10531,0.10531,0.10531,0.12,0.0,223.0543806001845,-69.56521739130434,0.0,0.0,292.61959799148883,292.61959799148883,0.0,1.0
8667,2019-12-28 03:00:00,12,2019-12-28 04:00:00,0.10531,0.10531,0.10531,0.12,0.08,223.05438055212744,-400.0,0.0,0.0,623.0543805521274,623.0543805521274,0.0,1.0
8668,2019-12-28 04:00:00,12,2019-12-28 05:00:00,0.10531,0.10531,0.10531,0.12,0.54,232.52797583379353,-0.0,0.0,0.0,232.52797583379353,232.52797583379353,0.0,0.0
8669,2019-12-28 05:00:00,12,2019-12-28 06:00:00,0.10531,0.10531,0.10531,0.12,0.54,270.79237724286617,-0.0,0.0,0.0,270.79237724286617,270.79237724286617,0.0,0.0
8670,2019-12-28 06:00:00,12,2019-12-28 07:00:00,0.10531,0.10531,0.10531,0.12,0.54,331.9056435032887,-400.0,0.0,0.0,731.9056435032887,731.9056435032887,0.0,1.0
8671,2019-12-28 07:00:00,12,2019-12-28 08:00:00,0.10531,0.10531,0.10531,0.12,1.0,401.5244412221309,-0.0,0.0,0.0,401.5244412221309,401.5244412221309,0.0,0.0
8672,2019-12-28 08:00:00,12,2019-12-28 09:00:00,0.10531,0.10531,0.10531,0.12,1.0,813.0546522868136,0.0,0.0,0.0,813.0546522868136,813.0546522868136,0.0,0.0
8673,2019-12-28 09:00:00,12,2019-12-28 10:00:00,0.10531,0.10531,0.10531,0.12,1.0,784.5512101080154,-0.0,0.0,0.0,784.5512101080154,784.5512101080154,0.0,0.0
8674,2019-12-28 10:00:00,12,2019-12-28 11:00:00,0.10531,0.10531,0.10531,0.12,1.0,763.6034831390185,0.0,0.0,0.0,763.6034831390185,763.6034831390185,0.0,0.0
8675,2019-12-28 11:00:00,12,2019-12-28 12:00:00,0.10531,0.10531,0.10531,0.12,1.0,834.7705723392471,0.0,0.0,0.0,834.7705723392471,834.7705723392471,0.0,0.0
8676,2019-12-28 12:00:00,12,2019-12-28 13:00:00,0.10531,0.10531,0.10531,0.12,1.0,816.3708357236278,-0.0,0.0,0.0,816.3708357236278,816.3708357236278,0.0,1.0
8677,2019-12-28 13:00:00,12,2019-12-28 14:00:00,0.10531,0.10531,0.10531,0.12,1.0,844.0459165017298,-0.0,1.0422935382103099e-13,0.0,844.0459165017297,844.0459165017297,0.0,1.0
8678,2019-12-28 14:00:00,12,2019-12-28 15:00:00,0.10531,0.10531,0.10531,0.12,1.0,843.1392460578207,-0.0,-5.2114676910515496e-14,0.0,843.1392460578209,843.1392460578209,0.0,1.0
8679,2019-12-28 15:00:00,12,2019-12-28 16:00:00,0.10531,0.10531,0.10531,0.12,1.0,871.8529564897956,-0.0,0.0,0.0,871.8529564897956,871.8529564897956,0.0,1.0
8680,2019-12-28 16:00:00,12,2019-12-28 17:00:00,0.13592,0.13592,0.13592,0.12,1.0,893.0706671131302,-0.0,400.0,0.0,493.0706671131302,493.0706671131302,0.0,0.0
8681,2019-12-28 17:00:00,12,2019-12-28 18:00:00,0.13592,0.13592,0.13592,0.12,0.4565217391304348,814.5557098182809,-0.0,336.00000000000006,0.0,478.55570981828083,478.55570981828083,0.0,0.0
8682,2019-12-28 18:00:00,12,2019-12-28 19:00:00,0.13592,0.13592,0.13592,0.12,0.0,662.841238780156,-0.0,0.0,0.0,662.841238780156,662.841238780156,0.0,1.0
8683,2019-12-28 19:00:00,12,2019-12-28 20:00:00,0.13592,0.13592,0.13592,0.12,0.0,584.8404281644196,-0.0,0.0,0.0,584.8404281644196,584.8404281644196,0.0,1.0
8684,2019-12-28 20:00:00,12,2019-12-28 21:00:00,0.13592,0.13592,0.13592,0.12,0.0,463.45076515087055,-0.0,0.0,0.0,463.45076515087055,463.45076515087055,0.0,0.0
8685,2019-12-28 21:00:00,12,2019-12-28 22:00:00,0.10531,0.10531,0.10531,0.12,0.0,428.59128381968713,0.0,0.0,0.0,428.59128381968713,428.59128381968713,0.0,0.0
8686,2019-12-28 22:00:00,12,2019-12-28 23:00:00,0.10531,0.10531,0.10531,0.12,0.0,270.7912863747062,-0.0,0.0,0.0,270.7912863747062,270.7912863747062,0.0,0.0
8687,2019-12-28 23:00:00,12,2019-12-29 00:00:00,0.10531,0.10531,0.10531,0.12,0.0,232.52797592990765,-0.0,0.0,0.0,232.52797592990765,232.52797592990765,0.0,0.0
8688,2019-12-29 00:00:00,12,2019-12-29 01:00:00,0.10531,0.10531,0.10531,0.12,0.0,223.0543811350131,-0.0,0.0,0.0,223.0543811350131,223.0543811350131,0.0,0.0
8689,2019-12-29 01:00:00,12,2019-12-29 02:00:00,0.10531,0.10531,0.10531,0.12,0.0,223.0543810745542,-0.0,0.0,0.0,223.0543810745542,223.0543810745542,0.0,0.0
8690,2019-12-29 02:00:00,12,2019-12-29 03:00:00,0.10531,0.10531,0.10531,0.12,0.0,223.05438106370264,-0.0,0.0,0.0,223.05438106370264,223.05438106370264,0.0,0.0
8691,2019-12-29 03:00:00,12,2019-12-29 04:00:00,0.10531,0.10531,0.10531,0.12,0.0,223.0543810900565,-0.0,0.0,0.0,223.0543810900565,223.0543810900565,0.0,0.0
8692,2019-12-29 04:00:00,12,2019-12-29 05:00:00,0.10531,0.10531,0.10531,0.12,0.0,232.52797639342575,-0.0,0.0,0.0,232.52797639342575,232.52797639342575,0.0,0.0
8693,2019-12-29 05:00:00,12,2019-12-29 06:00:00,0.10531,0.10531,0.10531,0.12,0.0,270.79237767925525,-0.0,0.0,0.0,270.79237767925525,270.79237767925525,0.0,0.0
8694,2019-12-29 06:00:00,12,2019-12-29 07:00:00,0.10531,0.10531,0.10531,0.12,0.0,331.8378573589659,-400.0,0.0,0.0,731.837857358966,731.837857358966,0.0,1.0
8695,2019-12-29 07:00:00,12,2019-12-29 08:00:00,0.10531,0.10531,0.10531,0.12,0.46,401.45837975504594,-0.0,0.0,0.0,401.45837975504594,401.45837975504594,0.0,0.0
8696,2019-12-29 08:00:00,12,2019-12-29 09:00:00,0.10531,0.10531,0.10531,0.12,0.46,812.9902493526224,-92.90860786828091,0.0,0.0,905.8988572209033,905.8988572209033,0.0,1.0
8697,2019-12-29 09:00:00,12,2019-12-29 10:00:00,0.10531,0.10531,0.10531,0.12,0.5668448990485231,784.5411884745029,-0.0,0.0,0.0,784.5411884745029,784.5411884745029,0.0,0.0
8698,2019-12-29 10:00:00,12,2019-12-29 11:00:00,0.10531,0.10531,0.10531,0.12,0.5668448990485231,747.7916126418579,-158.1072445790454,0.0,0.0,905.8988572209033,905.8988572209033,0.0,1.0
8699,2019-12-29 11:00:00,12,2019-12-29 12:00:00,0.10531,0.10531,0.10531,0.12,0.7486682303144252,749.4967054721724,-156.40215174873094,0.0,0.0,905.8988572209033,905.8988572209033,0.0,1.0
8700,2019-12-29 12:00:00,12,2019-12-29 13:00:00,0.10531,0.10531,0.10531,0.12,0.9285307048254658,759.6570400391927,-62.14721319524709,0.0,0.0,821.8042532344398,821.8042532344398,0.0,1.0
8701,2019-12-29 13:00:00,12,2019-12-29 14:00:00,0.10531,0.10531,0.10531,0.12,1.0,832.737490577908,-0.0,0.0,0.0,832.737490577908,832.737490577908,0.0,1.0
8702,2019-12-29 14:00:00,12,2019-12-29 15:00:00,0.10531,0.10531,0.10531,0.12,1.0,880.6641454178776,-0.0,0.0,0.0,880.6641454178776,880.6641454178776,0.0,0.0
8703,2019-12-29 15:00:00,12,2019-12-29 16:00:00,0.10531,0.10531,0.10531,0.12,1.0,933.7399768820584,-0.0,27.841119661155062,0.0,905.8988572209033,905.8988572209033,0.0,0.0
8704,2019-12-29 16:00:00,12,2019-12-29 17:00:00,0.13592,0.13592,0.13592,0.12,0.962172391764735,952.2985004922887,-0.0,400.0,0.0,552.2985004922887,552.2985004922887,0.0,0.0
8705,2019-12-29 17:00:00,12,2019-12-29 18:00:00,0.13592,0.13592,0.13592,0.12,0.4186941308951698,790.2061191919598,-0.0,308.158880338845,0.0,482.04723885311483,482.04723885311483,0.0,0.0
8706,2019-12-29 18:00:00,12,2019-12-29 19:00:00,0.13592,0.13592,0.13592,0.12,0.0,582.2847766388351,-0.0,0.0,0.0,582.2847766388351,582.2847766388351,0.0,1.0
8707,2019-12-29 19:00:00,12,2019-12-29 20:00:00,0.13592,0.13592,0.13592,0.12,0.0,563.364442041741,-0.0,0.0,0.0,563.364442041741,563.364442041741,0.0,1.0
8708,2019-12-29 20:00:00,12,2019-12-29 21:00:00,0.13592,0.13592,0.13592,0.12,0.0,447.5093296457593,-0.0,0.0,0.0,447.5093296457593,447.5093296457593,0.0,0.0
8709,2019-12-29 21:00:00,12,2019-12-29 22:00:00,0.10531,0.10531,0.10531,0.12,0.0,428.57298560066783,-0.0,0.0,0.0,428.57298560066783,428.57298560066783,0.0,0.0
8710,2019-12-29 22:00:00,12,2019-12-29 23:00:00,0.10531,0.10531,0.10531,0.12,0.0,270.7912868033441,-0.0,0.0,0.0,270.7912868033441,270.7912868033441,0.0,0.0
8711,2019-12-29 23:00:00,12,2019-12-30 00:00:00,0.10531,0.10531,0.10531,0.12,0.0,232.52797630273741,-0.0,0.0,0.0,232.52797630273741,232.52797630273741,0.0,0.0
8712,2019-12-30 00:00:00,12,2019-12-30 01:00:00,0.10531,0.10531,0.10531,0.12,0.0,184.42214175421148,-0.0,0.0,0.0,184.42214175421148,184.42214175421148,0.0,1.0
8713,2019-12-30 01:00:00,12,2019-12-30 02:00:00,0.10531,0.10531,0.10531,0.12,0.0,184.42214176428794,-0.0,0.0,0.0,184.42214176428794,184.42214176428794,0.0,0.0
8714,2019-12-30 02:00:00,12,2019-12-30 03:00:00,0.10531,0.10531,0.10531,0.12,0.0,184.42214175266125,-0.0,0.0,0.0,184.42214175266125,184.42214175266125,0.0,0.0
8715,2019-12-30 03:00:00,12,2019-12-30 04:00:00,0.10531,0.10531,0.10531,0.12,0.0,184.42214177901513,-0.0,0.0,0.0,184.42214177901513,184.42214177901513,0.0,0.0
8716,2019-12-30 04:00:00,12,2019-12-30 05:00:00,0.10531,0.10531,0.10531,0.12,0.0,193.89573709091061,-0.0,0.0,0.0,193.89573709091061,193.89573709091061,0.0,1.0
8717,2019-12-30 05:00:00,12,2019-12-30 06:00:00,0.10531,0.10531,0.10531,0.12,0.0,212.84401864022004,-0.0,0.0,0.0,212.84401864022004,212.84401864022004,0.0,0.0
8718,2019-12-30 06:00:00,12,2019-12-30 07:00:00,0.10531,0.10531,0.10531,0.12,0.0,331.8124071090495,-252.7178031257021,0.0,0.0,584.5302102347516,584.5302102347516,0.0,1.0
8719,2019-12-30 07:00:00,12,2019-12-30 08:00:00,0.10531,0.10531,0.10531,0.12,0.2906254735945574,332.14971455692523,-252.38049567782636,0.0,0.0,584.5302102347516,584.5302102347516,0.0,1.0
8720,2019-12-30 08:00:00,12,2019-12-30 09:00:00,0.10531,0.10531,0.10531,0.12,0.5808630436240577,504.03071052483546,-0.0,0.0,0.0,504.03071052483546,504.03071052483546,0.0,1.0
8721,2019-12-30 09:00:00,12,2019-12-30 10:00:00,0.10531,0.10531,0.10531,0.12,0.5808630436240576,475.5736236470035,-108.95658658774809,0.0,0.0,584.5302102347516,584.5302102347516,0.0,1.0
8722,2019-12-30 10:00:00,12,2019-12-30 11:00:00,0.10531,0.10531,0.10531,0.12,0.7061631181999678,466.9539095142117,0.0,0.0,0.0,466.9539095142117,466.9539095142117,0.0,0.0
8723,2019-12-30 11:00:00,12,2019-12-30 12:00:00,0.10531,0.10531,0.10531,0.12,0.7061631181999678,535.9146025654562,0.0,0.0,0.0,535.9146025654562,535.9146025654562,0.0,0.0
8724,2019-12-30 12:00:00,12,2019-12-30 13:00:00,0.10531,0.10531,0.10531,0.12,0.7061631181999678,539.9246226543896,-22.302793790181113,0.0,0.0,562.2274164445707,562.2274164445707,0.0,1.0
8725,2019-12-30 13:00:00,12,2019-12-30 14:00:00,0.10531,0.10531,0.10531,0.12,0.7318113310586761,476.41855443564606,-0.0,0.0,0.0,476.41855443564606,476.41855443564606,0.0,1.0
8726,2019-12-30 14:00:00,12,2019-12-30 15:00:00,0.10531,0.10531,0.10531,0.12,0.7318113310586761,294.77474584791173,-0.0,0.0,0.0,294.77474584791173,294.77474584791173,0.0,0.0
8727,2019-12-30 15:00:00,12,2019-12-30 16:00:00,0.10531,0.10531,0.10531,0.12,0.7318113310586761,329.0198782347239,-233.2075382098468,0.0,0.0,562.2274164445707,562.2274164445707,0.0,1.0
8728,2019-12-30 16:00:00,12,2019-12-30 17:00:00,0.13592,0.13592,0.13592,0.12,1.0,373.4237026834675,-0.0,373.4237026834675,0.0,0.0,0.0,0.0,0.0
8729,2019-12-30 17:00:00,12,2019-12-30 18:00:00,0.13592,0.13592,0.13592,0.12,0.49263083874528873,398.76546849384863,-0.0,362.57629731653253,0.0,36.1891711773161,36.1891711773161,0.0,0.0
8730,2019-12-30 18:00:00,12,2019-12-30 19:00:00,0.13592,0.13592,0.13592,0.12,0.0,269.6852272288897,-0.0,0.0,0.0,269.6852272288897,269.6852272288897,0.0,0.0
8731,2019-12-30 19:00:00,12,2019-12-30 20:00:00,0.13592,0.13592,0.13592,0.12,0.0,250.7380358664152,-0.0,0.0,0.0,250.7380358664152,250.7380358664152,0.0,0.0
8732,2019-12-30 20:00:00,12,2019-12-30 21:00:00,0.13592,0.13592,0.13592,0.12,0.0,250.7380363462107,-0.0,0.0,0.0,250.7380363462107,250.7380363462107,0.0,0.0
8733,2019-12-30 21:00:00,12,2019-12-30 22:00:00,0.10531,0.10531,0.10531,0.12,0.0,231.79157295985013,-0.0,0.0,0.0,231.79157295985013,231.79157295985013,0.0,0.0
8734,2019-12-30 22:00:00,12,2019-12-30 23:00:00,0.10531,0.10531,0.10531,0.12,0.0,212.842927628664,-0.0,0.0,0.0,212.842927628664,212.842927628664,0.0,0.0
8735,2019-12-30 23:00:00,12,2019-12-31 00:00:00,0.10531,0.10531,0.10531,0.12,0.0,193.89573705137983,-0.0,0.0,0.0,193.89573705137983,193.89573705137983,0.0,0.0
8736,2019-12-31 00:00:00,12,2019-12-31 01:00:00,0.10531,0.10531,0.10531,0.12,0.0,184.42177833973878,-0.0,0.0,0.0,184.42177833973878,184.42177833973878,0.0,0.0
8737,2019-12-31 01:00:00,12,2019-12-31 02:00:00,0.10531,0.10531,0.10531,0.12,0.0,184.42177845678097,-0.0,0.0,0.0,184.42177845678097,184.42177845678097,0.0,0.0
8738,2019-12-31 02:00:00,12,2019-12-31 03:00:00,0.10531,0.10531,0.10531,0.12,0.0,184.421778511814,-231.14209320026134,0.0,0.0,415.56387171207535,415.56387171207535,0.0,1.0
8739,2019-12-31 03:00:00,12,2019-12-31 04:00:00,0.10531,0.10531,0.10531,0.12,0.26581340718030055,184.4217785040629,-0.0,0.0,0.0,184.4217785040629,184.4217785040629,0.0,0.0
8740,2019-12-31 04:00:00,12,2019-12-31 05:00:00,0.10531,0.10531,0.10531,0.12,0.26581340718030055,193.89537371364338,-221.66849799843197,0.0,0.0,415.56387171207535,415.56387171207535,0.0,1.0
8741,2019-12-31 05:00:00,12,2019-12-31 06:00:00,0.10531,0.10531,0.10531,0.12,0.5207321798784974,212.84365550711365,-202.7202162049617,0.0,0.0,415.56387171207535,415.56387171207535,0.0,1.0
8742,2019-12-31 06:00:00,12,2019-12-31 07:00:00,0.10531,0.10531,0.10531,0.12,0.7538604285142031,250.73694548192628,-0.0,0.0,0.0,250.73694548192628,250.73694548192628,0.0,0.0
8743,2019-12-31 07:00:00,12,2019-12-31 08:00:00,0.10531,0.10531,0.10531,0.12,0.7538604285142031,243.19487721716678,-0.0,0.0,0.0,243.19487721716678,243.19487721716678,0.0,0.0
8744,2019-12-31 08:00:00,12,2019-12-31 09:00:00,0.10531,0.10531,0.10531,0.12,0.7538604285142031,229.95024771514548,-0.0,0.0,0.0,229.95024771514548,229.95024771514548,0.0,0.0
8745,2019-12-31 09:00:00,12,2019-12-31 10:00:00,0.10531,0.10531,0.10531,0.12,0.7538604285142031,201.5294617244259,-214.03440998764947,0.0,0.0,415.56387171207535,415.56387171207535,0.0,1.0
8746,2019-12-31 10:00:00,12,2019-12-31 11:00:00,0.10531,0.10531,0.10531,0.12,1.0,163.63508054505385,-0.0,0.0,0.0,163.63508054505385,163.63508054505385,0.0,0.0
8747,2019-12-31 11:00:00,12,2019-12-31 12:00:00,0.10531,0.10531,0.10531,0.12,1.0,163.63580862038242,-0.0,0.0,0.0,163.63580862038242,163.63580862038242,0.0,0.0
8748,2019-12-31 12:00:00,12,2019-12-31 13:00:00,0.10531,0.10531,0.10531,0.12,1.0,163.63580838784824,-0.0,0.0,0.0,163.63580838784824,163.63580838784824,0.0,0.0
8749,2019-12-31 13:00:00,12,2019-12-31 14:00:00,0.10531,0.10531,0.10531,0.12,1.0,163.636899900903,-0.0,-1.1627101052688925e-14,-1.6794608377715074e-14,163.636899900903,163.63689990090302,0.0,0.0
8750,2019-12-31 14:00:00,12,2019-12-31 15:00:00,0.10531,0.10531,0.10531,0.12,1.0,163.6358084793117,-0.0,0.0,-5.2127962811786865e-15,163.6358084793117,163.6358084793117,0.0,0.0
8751,2019-12-31 15:00:00,12,2019-12-31 16:00:00,0.10531,0.10531,0.10531,0.12,1.0,163.6350807721622,-0.0,0.0,1.0782505048618154e-13,163.6350807721622,163.6350807721621,0.0,0.0
8752,2019-12-31 16:00:00,12,2019-12-31 17:00:00,0.13592,0.13592,0.13592,0.12,1.0,208.15177647311117,-0.0,208.15177647311114,0.0,2.842170943040401e-14,2.842170943040401e-14,0.0,0.0
8753,2019-12-31 17:00:00,12,2019-12-31 18:00:00,0.13592,0.13592,0.13592,0.12,0.7171850863137077,269.68413579102105,-0.0,259.62165214804577,0.0,10.06248364297528,10.06248364297528,0.0,0.0
8754,2019-12-31 18:00:00,12,2019-12-31 19:00:00,0.13592,0.13592,0.13592,0.12,0.36443827632994996,269.6841358910108,-0.0,17.489625878314992,0.0,252.19451001269445,252.19451001269445,0.0,0.0
8755,2019-12-31 19:00:00,12,2019-12-31 20:00:00,0.13592,0.13592,0.13592,0.12,0.3406751976909323,250.73694544162038,-0.0,-7.673861546209082e-13,0.0,250.73694544162345,250.73694544162345,0.0,0.0
8756,2019-12-31 20:00:00,12,2019-12-31 21:00:00,0.13592,0.13592,0.13592,0.12,0.34067519769093624,250.73694550052903,-0.0,250.73694550052983,0.0,0.0,0.0,0.0,0.0
8757,2019-12-31 21:00:00,12,2019-12-31 22:00:00,0.10531,0.10531,0.10531,0.12,0.0,231.79084634948677,-0.0,8.526512829121202e-14,-1.6547992604059653e-14,231.7908463494867,231.79084634948674,0.0,0.0
8758,2019-12-31 22:00:00,12,2019-12-31 23:00:00,0.10531,0.10531,0.10531,0.12,3.490686936590367e-18,212.84256427154972,-0.0,2.56914558533051e-15,0.0,212.84256427154972,212.84256427154972,0.0,0.0
8759,2019-12-31 23:00:00,12,2020-01-01 00:00:00,0.10531,0.10531,0.10531,0.12,0.0,193.89537380045613,-0.0,0.0,0.0,193.89537380045613,193.89537380045613,0.0,0.0
