,Datetime (hs),month (hs),Datetime (he),load_price,charge_price,discharge_price,export_price,soc_hs,load,charge_mpc,discharge_to_load,discharge_to_grid,net_load,net_load_after_export,is_exporting,is_charging
0,2019-01-01 00:00:00,1,2019-01-01 01:00:00,0.10531,0.10531,0.10531,0.0,0.5,201.2294814238564,-0.0,0.0,0.0,201.2294814238564,201.2294814238564,0.0,1.0
1,2019-01-01 01:00:00,1,2019-01-01 02:00:00,0.10531,0.10531,0.10531,0.0,0.5,191.1923779843219,-0.0,0.0,0.0,191.1923779843219,191.1923779843219,0.0,0.0
2,2019-01-01 02:00:00,1,2019-01-01 03:00:00,0.10531,0.10531,0.10531,0.0,0.5,166.20939412355807,-0.0,0.0,0.0,166.20939412355807,166.20939412355807,0.0,0.0
3,2019-01-01 03:00:00,1,2019-01-01 04:00:00,0.10531,0.10531,0.10531,0.0,0.5,165.64122205641468,-0.0,0.0,0.0,165.64122205641468,165.64122205641468,0.0,1.0
4,2019-01-01 04:00:00,1,2019-01-01 05:00:00,0.10531,0.10531,0.10531,0.0,0.5,171.15651297904438,-0.0,0.0,0.0,171.15651297904438,171.15651297904438,0.0,1.0
5,2019-01-01 05:00:00,1,2019-01-01 06:00:00,0.10531,0.10531,0.10531,0.0,0.5,181.29606796566588,-150.0,0.0,0.0,331.2960679656659,331.2960679656659,0.0,1.0
6,2019-01-01 06:00:00,1,2019-01-01 07:00:00,0.10531,0.10531,0.10531,0.0,0.96,265.0121109380562,-0.0,0.0,0.0,265.0121109380562,265.0121109380562,0.0,1.0
7,2019-01-01 07:00:00,1,2019-01-01 08:00:00,0.10531,0.10531,0.10531,0.0,0.96,351.17351100183424,-0.0,0.7524884447777822,0.0,350.42102255705646,350.42102255705646,0.0,0.0
8,2019-01-01 08:00:00,1,2019-01-01 09:00:00,0.10531,0.10531,0.10531,0.0,0.9572735925913848,399.12406722013293,-0.0,48.70304466307647,0.0,350.42102255705646,350.42102255705646,0.0,0.0
9,2019-01-01 09:00:00,1,2019-01-01 10:00:00,0.10531,0.10531,0.10531,0.0,0.7808132858411078,341.64969532828127,-0.0,0.0,0.0,341.64969532828127,341.64969532828127,0.0,0.0
10,2019-01-01 10:00:00,1,2019-01-01 11:00:00,0.10531,0.10531,0.10531,0.0,0.7808132858411078,298.10653178368415,-52.31449077337231,0.0,0.0,350.42102255705646,350.42102255705646,0.0,1.0
11,2019-01-01 11:00:00,1,2019-01-01 12:00:00,0.10531,0.10531,0.10531,0.0,0.9412443908794494,295.29651468468717,-0.0,0.0,0.0,295.29651468468717,295.29651468468717,0.0,0.0
12,2019-01-01 12:00:00,1,2019-01-01 13:00:00,0.10531,0.10531,0.10531,0.0,0.9412443908794494,295.23633755349636,-19.15943775670125,0.0,0.0,314.3957753101976,314.3957753101976,0.0,1.0
13,2019-01-01 13:00:00,1,2019-01-01 14:00:00,0.10531,0.10531,0.10531,0.0,1.0,275.61495488988265,-0.0,0.0,0.0,275.61495488988265,275.61495488988265,0.0,1.0
14,2019-01-01 14:00:00,1,2019-01-01 15:00:00,0.10531,0.10531,0.10531,0.0,1.0,275.6628148252815,-0.0,0.0,0.0,275.6628148252815,275.6628148252815,0.0,1.0
15,2019-01-01 15:00:00,1,2019-01-01 16:00:00,0.10531,0.10531,0.10531,0.0,1.0,276.12975736436346,-0.0,0.0,0.0,276.12975736436346,276.12975736436346,0.0,1.0
16,2019-01-01 16:00:00,1,2019-01-01 17:00:00,0.13592,0.13592,0.13592,0.0,1.0,313.67480122274645,-0.0,0.0,0.0,313.67480122274645,313.67480122274645,0.0,1.0
17,2019-01-01 17:00:00,1,2019-01-01 18:00:00,0.13592,0.13592,0.13592,0.0,1.0,353.9675155084475,-0.0,3.5464929513910786,0.0,350.42102255705646,350.42102255705646,0.0,0.0
18,2019-01-01 18:00:00,1,2019-01-01 19:00:00,0.13592,0.13592,0.13592,0.0,0.9871503878572787,388.87416054983794,-0.0,38.45313799278148,0.0,350.42102255705646,350.42102255705646,0.0,0.0
19,2019-01-01 19:00:00,1,2019-01-01 20:00:00,0.13592,0.13592,0.13592,0.0,0.8478274241153169,414.70409329715307,-0.0,64.2830707400966,0.0,350.42102255705646,350.42102255705646,0.0,0.0
20,2019-01-01 20:00:00,1,2019-01-01 21:00:00,0.13592,0.13592,0.13592,0.0,0.6149177475207639,440.4990137095774,-0.0,90.07799115252095,0.0,350.42102255705646,350.42102255705646,0.0,0.0
21,2019-01-01 21:00:00,1,2019-01-01 22:00:00,0.10531,0.10531,0.10531,0.0,0.2885482143594561,411.6925609535083,-0.0,61.271538396451824,0.0,350.42102255705646,350.42102255705646,0.0,0.0
22,2019-01-01 22:00:00,1,2019-01-01 23:00:00,0.10531,0.10531,0.10531,0.0,0.06654988683608004,354.98879132381455,-0.0,4.567768766758093,0.0,350.42102255705646,350.42102255705646,0.0,0.0
23,2019-01-01 23:00:00,1,2019-01-02 00:00:00,0.10531,0.10531,0.10531,0.0,0.05,257.7186202030497,-0.0,0.0,0.0,257.7186202030497,257.7186202030497,0.0,1.0
24,2019-01-02 00:00:00,1,2019-01-02 01:00:00,0.10531,0.10531,0.10531,0.0,0.05,191.5263637033711,-0.0,0.0,0.0,191.5263637033711,191.5263637033711,0.0,1.0
25,2019-01-02 01:00:00,1,2019-01-02 02:00:00,0.10531,0.10531,0.10531,0.0,0.05,174.2920734305269,-0.0,0.0,0.0,174.2920734305269,174.2920734305269,0.0,1.0
26,2019-01-02 02:00:00,1,2019-01-02 03:00:00,0.10531,0.10531,0.10531,0.0,0.05,158.15642149475306,-0.0,0.0,0.0,158.15642149475306,158.15642149475306,0.0,1.0
27,2019-01-02 03:00:00,1,2019-01-02 04:00:00,0.10531,0.10531,0.10531,0.0,0.05,152.32148102093925,-150.0,0.0,0.0,302.32148102093925,302.32148102093925,0.0,1.0
28,2019-01-02 04:00:00,1,2019-01-02 05:00:00,0.10531,0.10531,0.10531,0.0,0.51,157.29705390092596,-0.0,0.0,0.0,157.29705390092596,157.29705390092596,0.0,0.0
29,2019-01-02 05:00:00,1,2019-01-02 06:00:00,0.10531,0.10531,0.10531,0.0,0.51,193.66325863454446,-150.0,0.0,0.0,343.6632586345445,343.6632586345445,0.0,1.0
30,2019-01-02 06:00:00,1,2019-01-02 07:00:00,0.10531,0.10531,0.10531,0.0,0.97,326.08638282580233,-0.0,0.0,0.0,326.08638282580233,326.08638282580233,0.0,1.0
31,2019-01-02 07:00:00,1,2019-01-02 08:00:00,0.10531,0.10531,0.10531,0.0,0.97,405.8365020178202,-0.0,42.87869654304086,0.0,362.9578054747793,362.9578054747793,0.0,0.0
32,2019-01-02 08:00:00,1,2019-01-02 09:00:00,0.10531,0.10531,0.10531,0.0,0.8146424038295621,362.91723364323457,-0.0,0.0,0.0,362.91723364323457,362.91723364323457,0.0,0.0
33,2019-01-02 09:00:00,1,2019-01-02 10:00:00,0.10531,0.10531,0.10531,0.0,0.8146424038295621,332.9855689942359,-0.0,0.0,0.0,332.9855689942359,332.9855689942359,0.0,0.0
34,2019-01-02 10:00:00,1,2019-01-02 11:00:00,0.10531,0.10531,0.10531,0.0,0.8146424038295621,285.0469467689384,-0.0,0.0,0.0,285.0469467689384,285.0469467689384,0.0,0.0
35,2019-01-02 11:00:00,1,2019-01-02 12:00:00,0.10531,0.10531,0.10531,0.0,0.8146424038295621,288.06556787957777,-60.44269440340364,0.0,0.0,348.5082622829814,348.5082622829814,0.0,1.0
36,2019-01-02 12:00:00,1,2019-01-02 13:00:00,0.10531,0.10531,0.10531,0.0,1.0,287.3136209485576,-0.0,0.0,0.0,287.3136209485576,287.3136209485576,0.0,0.0
37,2019-01-02 13:00:00,1,2019-01-02 14:00:00,0.10531,0.10531,0.10531,0.0,1.0,276.27114004644494,-0.0,0.0,0.0,276.27114004644494,276.27114004644494,0.0,1.0
38,2019-01-02 14:00:00,1,2019-01-02 15:00:00,0.10531,0.10531,0.10531,0.0,1.0,275.94214105180595,-0.0,0.0,0.0,275.94214105180595,275.94214105180595,0.0,1.0
39,2019-01-02 15:00:00,1,2019-01-02 16:00:00,0.10531,0.10531,0.10531,0.0,1.0,275.40048162200833,-0.0,0.0,0.0,275.40048162200833,275.40048162200833,0.0,1.0
40,2019-01-02 16:00:00,1,2019-01-02 17:00:00,0.13592,0.13592,0.13592,0.0,1.0,315.46762440271834,-0.0,0.0,0.0,315.46762440271834,315.46762440271834,0.0,1.0
41,2019-01-02 17:00:00,1,2019-01-02 18:00:00,0.13592,0.13592,0.13592,0.0,1.0,361.65019371717557,-0.0,0.0,0.0,361.65019371717557,361.65019371717557,0.0,1.0
42,2019-01-02 18:00:00,1,2019-01-02 19:00:00,0.13592,0.13592,0.13592,0.0,1.0,416.87874959129647,-0.0,53.92094411651718,0.0,362.9578054747793,362.9578054747793,0.0,0.0
43,2019-01-02 19:00:00,1,2019-01-02 20:00:00,0.13592,0.13592,0.13592,0.0,0.8046342604474016,423.373730014893,-0.0,60.41592454011369,0.0,362.9578054747793,362.9578054747793,0.0,0.0
44,2019-01-02 20:00:00,1,2019-01-02 21:00:00,0.13592,0.13592,0.13592,0.0,0.5857359831281492,449.5360432023642,-0.0,86.5782377275849,0.0,362.9578054747793,362.9578054747793,0.0,0.0
45,2019-01-02 21:00:00,1,2019-01-02 22:00:00,0.10531,0.10531,0.10531,0.0,0.2720467159992185,424.24269909056363,-0.0,61.2848936157843,0.0,362.9578054747793,362.9578054747793,0.0,0.0
46,2019-01-02 22:00:00,1,2019-01-02 23:00:00,0.10531,0.10531,0.10531,0.0,0.05,356.86007503027093,-0.0,0.0,0.0,356.86007503027093,356.86007503027093,0.0,1.0
47,2019-01-02 23:00:00,1,2019-01-03 00:00:00,0.10531,0.10531,0.10531,0.0,0.05,271.42332323783245,-0.0,0.0,0.0,271.42332323783245,271.42332323783245,0.0,1.0
48,2019-01-03 00:00:00,1,2019-01-03 01:00:00,0.10531,0.10531,0.10531,0.0,0.05,166.52559042877365,-0.0,0.0,0.0,166.52559042877365,166.52559042877365,0.0,1.0
49,2019-01-03 01:00:00,1,2019-01-03 02:00:00,0.10531,0.10531,0.10531,0.0,0.05,167.67276483426747,-150.0,0.0,0.0,317.67276483426747,317.67276483426747,0.0,1.0
50,2019-01-03 02:00:00,1,2019-01-03 03:00:00,0.10531,0.10531,0.10531,0.0,0.51,160.41836513938566,-9.782608695652174,0.0,0.0,170.20097383503784,170.20097383503784,0.0,1.0
51,2019-01-03 03:00:00,1,2019-01-03 04:00:00,0.10531,0.10531,0.10531,0.0,0.54,158.76962334035136,-0.0,0.0,0.0,158.76962334035136,158.76962334035136,0.0,0.0
52,2019-01-03 04:00:00,1,2019-01-03 05:00:00,0.10531,0.10531,0.10531,0.0,0.54,162.70870331796135,-0.0,0.0,0.0,162.70870331796135,162.70870331796135,0.0,1.0
53,2019-01-03 05:00:00,1,2019-01-03 06:00:00,0.10531,0.10531,0.10531,0.0,0.54,201.87698569019855,-150.0,0.0,0.0,351.8769856901986,351.8769856901986,0.0,1.0
54,2019-01-03 06:00:00,1,2019-01-03 07:00:00,0.10531,0.10531,0.10531,0.0,1.0,334.0417488035195,-0.0,0.0,0.0,334.0417488035195,334.0417488035195,0.0,1.0
55,2019-01-03 07:00:00,1,2019-01-03 08:00:00,0.10531,0.10531,0.10531,0.0,1.0,407.11120727613644,-0.0,43.19255203585696,0.0,363.91865524027946,363.91865524027946,0.0,0.0
56,2019-01-03 08:00:00,1,2019-01-03 09:00:00,0.10531,0.10531,0.10531,0.0,0.8435052462468952,360.04620221052676,-0.0,0.0,0.0,360.04620221052676,360.04620221052676,0.0,1.0
57,2019-01-03 09:00:00,1,2019-01-03 10:00:00,0.10531,0.10531,0.10531,0.0,0.8435052462468952,335.66747903109905,-0.0,0.0,0.0,335.66747903109905,335.66747903109905,0.0,0.0
58,2019-01-03 10:00:00,1,2019-01-03 11:00:00,0.10531,0.10531,0.10531,0.0,0.8435052462468952,287.1449075618436,-0.0,0.0,0.0,287.1449075618436,287.1449075618436,0.0,1.0
59,2019-01-03 11:00:00,1,2019-01-03 12:00:00,0.10531,0.10531,0.10531,0.0,0.8435052462468952,290.12611899245746,-0.0,0.0,0.0,290.12611899245746,290.12611899245746,0.0,0.0
60,2019-01-03 12:00:00,1,2019-01-03 13:00:00,0.10531,0.10531,0.10531,0.0,0.8435052462468952,290.94584991959846,-51.03089796296898,0.0,0.0,341.97674788256745,341.97674788256745,0.0,1.0
61,2019-01-03 13:00:00,1,2019-01-03 14:00:00,0.10531,0.10531,0.10531,0.0,1.0,280.08996838044595,-0.0,0.0,0.0,280.08996838044595,280.08996838044595,0.0,1.0
62,2019-01-03 14:00:00,1,2019-01-03 15:00:00,0.10531,0.10531,0.10531,0.0,1.0,281.08134769704776,-0.0,0.0,0.0,281.08134769704776,281.08134769704776,0.0,1.0
63,2019-01-03 15:00:00,1,2019-01-03 16:00:00,0.10531,0.10531,0.10531,0.0,1.0,280.9551685779041,-0.0,0.0,0.0,280.9551685779041,280.9551685779041,0.0,1.0
64,2019-01-03 16:00:00,1,2019-01-03 17:00:00,0.13592,0.13592,0.13592,0.0,1.0,317.3804332362823,-0.0,0.0,0.0,317.3804332362823,317.3804332362823,0.0,1.0
65,2019-01-03 17:00:00,1,2019-01-03 18:00:00,0.13592,0.13592,0.13592,0.0,1.0,364.23600484186267,-0.0,0.3173496015832416,0.0,363.91865524027946,363.91865524027946,0.0,0.0
66,2019-01-03 18:00:00,1,2019-01-03 19:00:00,0.13592,0.13592,0.13592,0.0,0.9988501826029593,418.0091158627109,-0.0,54.090460622431465,0.0,363.91865524027946,363.91865524027946,0.0,0.0
67,2019-01-03 19:00:00,1,2019-01-03 20:00:00,0.13592,0.13592,0.13592,0.0,0.802870252811541,424.729642669235,-0.0,60.810987428955514,0.0,363.91865524027946,363.91865524027946,0.0,0.0
68,2019-01-03 20:00:00,1,2019-01-03 21:00:00,0.13592,0.13592,0.13592,0.0,0.5825405882138762,450.20918731982283,-0.0,86.29053207954337,0.0,363.91865524027946,363.91865524027946,0.0,0.0
69,2019-01-03 21:00:00,1,2019-01-03 22:00:00,0.10531,0.10531,0.10531,0.0,0.26989373285321194,424.60932550776596,-0.0,60.690670267486496,0.0,363.91865524027946,363.91865524027946,0.0,0.0
70,2019-01-03 22:00:00,1,2019-01-03 23:00:00,0.10531,0.10531,0.10531,0.0,0.05,355.1213205696063,-8.797334670673138,0.0,0.0,363.91865524027946,363.91865524027946,0.0,1.0
71,2019-01-03 23:00:00,1,2019-01-04 00:00:00,0.10531,0.10531,0.10531,0.0,0.07697849299006428,237.49972588571492,-41.44697645698292,0.0,0.0,278.94670234269785,278.94670234269785,0.0,1.0
72,2019-01-04 00:00:00,1,2019-01-04 01:00:00,0.10531,0.10531,0.10531,0.0,0.20408255412481188,170.32710971189346,-0.0,0.0,0.0,170.32710971189346,170.32710971189346,0.0,1.0
73,2019-01-04 01:00:00,1,2019-01-04 02:00:00,0.10531,0.10531,0.10531,0.0,0.20408255412481188,161.5908313213384,-109.53829756799612,0.0,0.0,271.12912888933454,271.12912888933454,0.0,1.0
74,2019-01-04 02:00:00,1,2019-01-04 03:00:00,0.10531,0.10531,0.10531,0.0,0.54,154.84251384852845,-0.0,0.0,0.0,154.84251384852845,154.84251384852845,0.0,0.0
75,2019-01-04 03:00:00,1,2019-01-04 04:00:00,0.10531,0.10531,0.10531,0.0,0.54,156.64445591932352,-0.0,0.0,0.0,156.64445591932352,156.64445591932352,0.0,0.0
76,2019-01-04 04:00:00,1,2019-01-04 05:00:00,0.10531,0.10531,0.10531,0.0,0.54,161.79480554049897,-0.0,0.0,0.0,161.79480554049897,161.79480554049897,0.0,1.0
77,2019-01-04 05:00:00,1,2019-01-04 06:00:00,0.10531,0.10531,0.10531,0.0,0.54,202.0435785892044,-150.0,0.0,0.0,352.0435785892044,352.0435785892044,0.0,1.0
78,2019-01-04 06:00:00,1,2019-01-04 07:00:00,0.10531,0.10531,0.10531,0.0,1.0,336.3877031833606,-0.0,0.0,0.0,336.3877031833606,336.3877031833606,0.0,1.0
79,2019-01-04 07:00:00,1,2019-01-04 08:00:00,0.10531,0.10531,0.10531,0.0,1.0,406.44544017872755,-0.0,42.52678493844809,0.0,363.91865524027946,363.91865524027946,0.0,0.0
80,2019-01-04 08:00:00,1,2019-01-04 09:00:00,0.10531,0.10531,0.10531,0.0,0.845917445875188,359.7670564253403,-4.151598814939177,0.0,0.0,363.91865524027946,363.91865524027946,0.0,1.0
81,2019-01-04 09:00:00,1,2019-01-04 10:00:00,0.10531,0.10531,0.10531,0.0,0.8586490155743348,333.26948748477304,-30.649167755506426,0.0,0.0,363.91865524027946,363.91865524027946,0.0,1.0
82,2019-01-04 10:00:00,1,2019-01-04 11:00:00,0.10531,0.10531,0.10531,0.0,0.9526397966912211,286.70197459537707,-0.0,0.0,0.0,286.70197459537707,286.70197459537707,0.0,0.0
83,2019-01-04 11:00:00,1,2019-01-04 12:00:00,0.10531,0.10531,0.10531,0.0,0.9526397966912211,285.5385777907027,-0.0,0.0,0.0,285.5385777907027,285.5385777907027,0.0,0.0
84,2019-01-04 12:00:00,1,2019-01-04 13:00:00,0.10531,0.10531,0.10531,0.0,0.9526397966912211,284.5208971161315,-0.0,0.0,0.0,284.5208971161315,284.5208971161315,0.0,0.0
85,2019-01-04 13:00:00,1,2019-01-04 14:00:00,0.10531,0.10531,0.10531,0.0,0.9526397966912211,275.0277419538535,-0.0,0.0,0.0,275.0277419538535,275.0277419538535,0.0,1.0
86,2019-01-04 14:00:00,1,2019-01-04 15:00:00,0.10531,0.10531,0.10531,0.0,0.9526397966912211,275.9879545041476,-0.0,0.0,0.0,275.9879545041476,275.9879545041476,0.0,1.0
87,2019-01-04 15:00:00,1,2019-01-04 16:00:00,0.10531,0.10531,0.10531,0.0,0.9526397966912211,275.9416674301343,-15.443544557210487,0.0,0.0,291.3852119873448,291.3852119873448,0.0,1.0
88,2019-01-04 16:00:00,1,2019-01-04 17:00:00,0.13592,0.13592,0.13592,0.0,1.0,313.27464423342616,-0.0,0.0,0.0,313.27464423342616,313.27464423342616,0.0,1.0
89,2019-01-04 17:00:00,1,2019-01-04 18:00:00,0.13592,0.13592,0.13592,0.0,1.0,361.444768817154,-0.0,0.0,0.0,361.444768817154,361.444768817154,0.0,1.0
90,2019-01-04 18:00:00,1,2019-01-04 19:00:00,0.13592,0.13592,0.13592,0.0,1.0,415.63149924799364,-0.0,55.80550721061449,0.0,359.82599203737914,359.82599203737914,0.0,0.0
91,2019-01-04 19:00:00,1,2019-01-04 20:00:00,0.13592,0.13592,0.13592,0.0,0.797806133294875,423.44858645406356,-0.0,59.529931213784096,0.0,363.91865524027946,363.91865524027946,0.0,0.0
92,2019-01-04 20:00:00,1,2019-01-04 21:00:00,0.13592,0.13592,0.13592,0.0,0.5821179767231935,450.25277793135,-0.0,86.33412269107055,0.0,363.91865524027946,363.91865524027946,0.0,0.0
93,2019-01-04 21:00:00,1,2019-01-04 22:00:00,0.10531,0.10531,0.10531,0.0,0.26931318436424234,424.44909412481036,-0.0,60.530438884530895,0.0,363.91865524027946,363.91865524027946,0.0,0.0
94,2019-01-04 22:00:00,1,2019-01-04 23:00:00,0.10531,0.10531,0.10531,0.0,0.05,345.8521684707481,-0.0,0.0,0.0,345.8521684707481,345.8521684707481,0.0,0.0
95,2019-01-04 23:00:00,1,2019-01-05 00:00:00,0.10531,0.10531,0.10531,0.0,0.05,241.54111906679495,-0.0,0.0,0.0,241.54111906679495,241.54111906679495,0.0,1.0
96,2019-01-05 00:00:00,1,2019-01-05 01:00:00,0.10531,0.10531,0.10531,0.0,0.05,183.96309245868022,-0.0,0.0,0.0,183.96309245868022,183.96309245868022,0.0,1.0
97,2019-01-05 01:00:00,1,2019-01-05 02:00:00,0.10531,0.10531,0.10531,0.0,0.05,164.29966787656176,-150.0,0.0,0.0,314.2996678765618,314.2996678765618,0.0,1.0
98,2019-01-05 02:00:00,1,2019-01-05 03:00:00,0.10531,0.10531,0.10531,0.0,0.51,152.59901419650498,-9.782608695652174,0.0,0.0,162.38162289215717,162.38162289215717,0.0,1.0
99,2019-01-05 03:00:00,1,2019-01-05 04:00:00,0.10531,0.10531,0.10531,0.0,0.54,151.42704296631686,-0.0,0.0,0.0,151.42704296631686,151.42704296631686,0.0,0.0
100,2019-01-05 04:00:00,1,2019-01-05 05:00:00,0.10531,0.10531,0.10531,0.0,0.54,160.94657949880047,-0.0,0.0,0.0,160.94657949880047,160.94657949880047,0.0,1.0
101,2019-01-05 05:00:00,1,2019-01-05 06:00:00,0.10531,0.10531,0.10531,0.0,0.54,194.84689747855722,-150.0,0.0,0.0,344.84689747855725,344.84689747855725,0.0,1.0
102,2019-01-05 06:00:00,1,2019-01-05 07:00:00,0.10531,0.10531,0.10531,0.0,1.0,327.7745094523839,-0.0,0.0,0.0,327.7745094523839,327.7745094523839,0.0,1.0
103,2019-01-05 07:00:00,1,2019-01-05 08:00:00,0.10531,0.10531,0.10531,0.0,1.0,405.63099613006915,-0.0,41.71234088978969,0.0,363.91865524027946,363.91865524027946,0.0,0.0
104,2019-01-05 08:00:00,1,2019-01-05 09:00:00,0.10531,0.10531,0.10531,0.0,0.8488683301094576,363.32521462774514,-0.0,0.0,0.0,363.32521462774514,363.32521462774514,0.0,1.0
105,2019-01-05 09:00:00,1,2019-01-05 10:00:00,0.10531,0.10531,0.10531,0.0,0.8488683301094576,332.1514378425342,-0.0,0.0,0.0,332.1514378425342,332.1514378425342,0.0,0.0
106,2019-01-05 10:00:00,1,2019-01-05 11:00:00,0.10531,0.10531,0.10531,0.0,0.8488683301094576,284.12117157189226,-0.0,0.0,0.0,284.12117157189226,284.12117157189226,0.0,1.0
107,2019-01-05 11:00:00,1,2019-01-05 12:00:00,0.10531,0.10531,0.10531,0.0,0.8488683301094576,285.4249953274763,-49.282066268655115,0.0,0.0,334.70706159613144,334.70706159613144,0.0,1.0
108,2019-01-05 12:00:00,1,2019-01-05 13:00:00,0.10531,0.10531,0.10531,0.0,1.0,284.3971333295948,-0.0,0.0,0.0,284.3971333295948,284.3971333295948,0.0,1.0
109,2019-01-05 13:00:00,1,2019-01-05 14:00:00,0.10531,0.10531,0.10531,0.0,1.0,274.30526874076526,-0.0,0.0,0.0,274.30526874076526,274.30526874076526,0.0,1.0
110,2019-01-05 14:00:00,1,2019-01-05 15:00:00,0.10531,0.10531,0.10531,0.0,1.0,274.56966425395416,-0.0,0.0,0.0,274.56966425395416,274.56966425395416,0.0,1.0
111,2019-01-05 15:00:00,1,2019-01-05 16:00:00,0.10531,0.10531,0.10531,0.0,1.0,275.0055770523918,-0.0,0.0,0.0,275.0055770523918,275.0055770523918,0.0,1.0
112,2019-01-05 16:00:00,1,2019-01-05 17:00:00,0.13592,0.13592,0.13592,0.0,1.0,313.1734785513954,-0.0,0.0,0.0,313.1734785513954,313.1734785513954,0.0,1.0
113,2019-01-05 17:00:00,1,2019-01-05 18:00:00,0.13592,0.13592,0.13592,0.0,1.0,333.7489398204039,-0.0,0.0,0.0,333.7489398204039,333.7489398204039,0.0,1.0
114,2019-01-05 18:00:00,1,2019-01-05 19:00:00,0.13592,0.13592,0.13592,0.0,1.0,383.1422445873509,-0.0,19.223589347071425,0.0,363.91865524027946,363.91865524027946,0.0,0.0
115,2019-01-05 19:00:00,1,2019-01-05 20:00:00,0.13592,0.13592,0.13592,0.0,0.9303493139598862,422.54343087760736,-0.0,58.6247756373279,0.0,363.91865524027946,363.91865524027946,0.0,0.0
116,2019-01-05 20:00:00,1,2019-01-05 21:00:00,0.13592,0.13592,0.13592,0.0,0.7179407065782635,429.8006499896681,-0.0,126.16493155754057,0.0,303.63571843212753,303.63571843212753,0.0,0.0
117,2019-01-05 21:00:00,1,2019-01-05 22:00:00,0.10531,0.10531,0.10531,0.0,0.2608213893407976,422.1053586983396,-0.0,58.18670345806015,0.0,363.91865524027946,363.91865524027946,0.0,0.0
118,2019-01-05 22:00:00,1,2019-01-05 23:00:00,0.10531,0.10531,0.10531,0.0,0.05,335.7600824439219,-0.0,0.0,0.0,335.7600824439219,335.7600824439219,0.0,1.0
119,2019-01-05 23:00:00,1,2019-01-06 00:00:00,0.10531,0.10531,0.10531,0.0,0.05,232.75915259241782,-0.0,0.0,0.0,232.75915259241782,232.75915259241782,0.0,1.0
120,2019-01-06 00:00:00,1,2019-01-06 01:00:00,0.10531,0.10531,0.10531,0.0,0.05,174.36922909474367,-0.0,0.0,0.0,174.36922909474367,174.36922909474367,0.0,1.0
121,2019-01-06 01:00:00,1,2019-01-06 02:00:00,0.10531,0.10531,0.10531,0.0,0.05,156.5133410733095,-0.0,0.0,0.0,156.5133410733095,156.5133410733095,0.0,1.0
122,2019-01-06 02:00:00,1,2019-01-06 03:00:00,0.10531,0.10531,0.10531,0.0,0.05,145.95830646095484,-0.0,0.0,0.0,145.95830646095484,145.95830646095484,0.0,0.0
123,2019-01-06 03:00:00,1,2019-01-06 04:00:00,0.10531,0.10531,0.10531,0.0,0.05,143.48922769094227,-0.0,0.0,0.0,143.48922769094227,143.48922769094227,0.0,1.0
124,2019-01-06 04:00:00,1,2019-01-06 05:00:00,0.10531,0.10531,0.10531,0.0,0.05,149.48566929741256,-0.0,0.0,0.0,149.48566929741256,149.48566929741256,0.0,1.0
125,2019-01-06 05:00:00,1,2019-01-06 06:00:00,0.10531,0.10531,0.10531,0.0,0.05,187.5600918742851,-150.0,0.0,0.0,337.5600918742851,337.5600918742851,0.0,1.0
126,2019-01-06 06:00:00,1,2019-01-06 07:00:00,0.10531,0.10531,0.10531,0.0,0.51,319.5870235927119,-0.0,0.0,0.0,319.5870235927119,319.5870235927119,0.0,1.0
127,2019-01-06 07:00:00,1,2019-01-06 08:00:00,0.10531,0.10531,0.10531,0.0,0.51,406.2916613720381,-0.0,42.37300613175864,0.0,363.91865524027946,363.91865524027946,0.0,0.0
128,2019-01-06 08:00:00,1,2019-01-06 09:00:00,0.10531,0.10531,0.10531,0.0,0.3564746154646426,361.39930286766474,-0.0,0.0,0.0,361.39930286766474,361.39930286766474,0.0,1.0
129,2019-01-06 09:00:00,1,2019-01-06 10:00:00,0.10531,0.10531,0.10531,0.0,0.3564746154646426,335.2161051997058,-0.0,0.0,0.0,335.2161051997058,335.2161051997058,0.0,0.0
130,2019-01-06 10:00:00,1,2019-01-06 11:00:00,0.10531,0.10531,0.10531,0.0,0.3564746154646426,277.5204479892766,-44.70069251675804,0.0,0.0,322.22114050603466,322.22114050603466,0.0,1.0
131,2019-01-06 11:00:00,1,2019-01-06 12:00:00,0.10531,0.10531,0.10531,0.0,0.4935567391827006,285.51529794097286,-78.4033572993066,0.0,0.0,363.91865524027946,363.91865524027946,0.0,1.0
132,2019-01-06 12:00:00,1,2019-01-06 13:00:00,0.10531,0.10531,0.10531,0.0,0.7339937015672409,286.84093149773446,-77.077723742545,0.0,0.0,363.91865524027946,363.91865524027946,0.0,1.0
133,2019-01-06 13:00:00,1,2019-01-06 14:00:00,0.10531,0.10531,0.10531,0.0,0.9703653877110455,276.5843901587613,-0.0,0.0,0.0,276.5843901587613,276.5843901587613,0.0,0.0
134,2019-01-06 14:00:00,1,2019-01-06 15:00:00,0.10531,0.10531,0.10531,0.0,0.9703653877110455,277.17747096872756,-0.0,0.0,0.0,277.17747096872756,277.17747096872756,0.0,0.0
135,2019-01-06 15:00:00,1,2019-01-06 16:00:00,0.10531,0.10531,0.10531,0.0,0.9703653877110455,277.56439335655193,-9.663460529006885,0.0,0.0,287.22785388555883,287.22785388555883,0.0,1.0
136,2019-01-06 16:00:00,1,2019-01-06 17:00:00,0.13592,0.13592,0.13592,0.0,1.0,298.74181589297825,-0.0,0.0,0.0,298.74181589297825,298.74181589297825,0.0,0.0
137,2019-01-06 17:00:00,1,2019-01-06 18:00:00,0.13592,0.13592,0.13592,0.0,1.0,291.3445362958258,-0.0,0.0,0.0,291.3445362958258,291.3445362958258,0.0,1.0
138,2019-01-06 18:00:00,1,2019-01-06 19:00:00,0.13592,0.13592,0.13592,0.0,1.0,372.31144690139257,-0.0,8.392791661113108,0.0,363.91865524027946,363.91865524027946,0.0,0.0
139,2019-01-06 19:00:00,1,2019-01-06 20:00:00,0.13592,0.13592,0.13592,0.0,0.9695913345611844,385.67405081177975,-0.0,146.26634223580166,0.0,239.4077085759781,239.4077085759781,0.0,0.0
140,2019-01-06 20:00:00,1,2019-01-06 21:00:00,0.13592,0.13592,0.13592,0.0,0.439640819214077,424.1165613136524,-0.0,60.19790607337296,0.0,363.91865524027946,363.91865524027946,0.0,0.0
141,2019-01-06 21:00:00,1,2019-01-06 22:00:00,0.10531,0.10531,0.10531,0.0,0.22153246387576914,411.26161526999175,-0.0,47.34296002971229,0.0,363.91865524027946,363.91865524027946,0.0,0.0
142,2019-01-06 22:00:00,1,2019-01-06 23:00:00,0.10531,0.10531,0.10531,0.0,0.05,317.9268052592557,-0.0,0.0,0.0,317.9268052592557,317.9268052592557,0.0,1.0
143,2019-01-06 23:00:00,1,2019-01-07 00:00:00,0.10531,0.10531,0.10531,0.0,0.05,220.67237492940856,-0.0,0.0,0.0,220.67237492940856,220.67237492940856,0.0,1.0
144,2019-01-07 00:00:00,1,2019-01-07 01:00:00,0.10531,0.10531,0.10531,0.0,0.05,166.17805409097627,-0.0,0.0,0.0,166.17805409097627,166.17805409097627,0.0,0.0
145,2019-01-07 01:00:00,1,2019-01-07 02:00:00,0.10531,0.10531,0.10531,0.0,0.05,160.7421037765044,-0.0,0.0,0.0,160.7421037765044,160.7421037765044,0.0,0.0
146,2019-01-07 02:00:00,1,2019-01-07 03:00:00,0.10531,0.10531,0.10531,0.0,0.05,140.76272835024406,-0.0,0.0,0.0,140.76272835024406,140.76272835024406,0.0,1.0
147,2019-01-07 03:00:00,1,2019-01-07 04:00:00,0.10531,0.10531,0.10531,0.0,0.05,135.60703085942967,-0.0,0.0,0.0,135.60703085942967,135.60703085942967,0.0,1.0
148,2019-01-07 04:00:00,1,2019-01-07 05:00:00,0.10531,0.10531,0.10531,0.0,0.05,141.85069796816074,-0.0,0.0,0.0,141.85069796816074,141.85069796816074,0.0,1.0
149,2019-01-07 05:00:00,1,2019-01-07 06:00:00,0.10531,0.10531,0.10531,0.0,0.05,155.42787464465422,-0.0,0.0,0.0,155.42787464465422,155.42787464465422,0.0,1.0
150,2019-01-07 06:00:00,1,2019-01-07 07:00:00,0.10531,0.10531,0.10531,0.0,0.05,247.90627048141425,-116.01238475886521,0.0,0.0,363.91865524027946,363.91865524027946,0.0,1.0
151,2019-01-07 07:00:00,1,2019-01-07 08:00:00,0.10531,0.10531,0.10531,0.0,0.40577131326051996,322.3385495967581,-0.0,0.0,0.0,322.3385495967581,322.3385495967581,0.0,0.0
152,2019-01-07 08:00:00,1,2019-01-07 09:00:00,0.10531,0.10531,0.10531,0.0,0.40577131326051996,401.272038520771,-0.0,37.35338328049153,0.0,363.91865524027946,363.91865524027946,0.0,0.0
153,2019-01-07 09:00:00,1,2019-01-07 10:00:00,0.10531,0.10531,0.10531,0.0,0.2704329680413478,349.84063406240404,-0.0,0.0,0.0,349.84063406240404,349.84063406240404,0.0,1.0
154,2019-01-07 10:00:00,1,2019-01-07 11:00:00,0.10531,0.10531,0.10531,0.0,0.2704329680413478,295.00510748012755,0.0,0.0,0.0,295.00510748012755,295.00510748012755,0.0,0.0
155,2019-01-07 11:00:00,1,2019-01-07 12:00:00,0.10531,0.10531,0.10531,0.0,0.2704329680413478,289.14218625376026,-74.7764689865192,0.0,0.0,363.91865524027946,363.91865524027946,0.0,1.0
156,2019-01-07 12:00:00,1,2019-01-07 13:00:00,0.10531,0.10531,0.10531,0.0,0.49974747293334,289.4426772355383,-0.0,0.0,0.0,289.4426772355383,289.4426772355383,0.0,1.0
157,2019-01-07 13:00:00,1,2019-01-07 14:00:00,0.10531,0.10531,0.10531,0.0,0.49974747293334,279.6066316619799,-0.0,0.0,0.0,279.6066316619799,279.6066316619799,0.0,0.0
158,2019-01-07 14:00:00,1,2019-01-07 15:00:00,0.10531,0.10531,0.10531,0.0,0.49974747293334,279.69486492332993,-79.61810650346085,0.0,0.0,359.3129714267908,359.3129714267908,0.0,1.0
159,2019-01-07 15:00:00,1,2019-01-07 16:00:00,0.10531,0.10531,0.10531,0.0,0.7439096662106199,280.41093770026424,-83.50771754001522,0.0,0.0,363.91865524027946,363.91865524027946,0.0,1.0
160,2019-01-07 16:00:00,1,2019-01-07 17:00:00,0.13592,0.13592,0.13592,0.0,1.0,306.9602516429486,-0.0,0.0,0.0,306.9602516429486,306.9602516429486,0.0,1.0
161,2019-01-07 17:00:00,1,2019-01-07 18:00:00,0.13592,0.13592,0.13592,0.0,1.0,279.52044230900765,-0.0,0.0,0.0,279.52044230900765,279.52044230900765,0.0,1.0
162,2019-01-07 18:00:00,1,2019-01-07 19:00:00,0.13592,0.13592,0.13592,0.0,1.0,369.82443497965954,-0.0,21.282475291111297,0.0,348.5419596885482,348.5419596885482,0.0,0.0
163,2019-01-07 19:00:00,1,2019-01-07 20:00:00,0.13592,0.13592,0.13592,0.0,0.9228895822785823,384.2966187844577,-0.0,150.0,0.0,234.29661878445768,234.29661878445768,0.0,0.0
164,2019-01-07 20:00:00,1,2019-01-07 21:00:00,0.13592,0.13592,0.13592,0.0,0.3794113214090171,411.65261784289413,-0.0,47.73396260261467,0.0,363.91865524027946,363.91865524027946,0.0,0.0
165,2019-01-07 21:00:00,1,2019-01-07 22:00:00,0.10531,0.10531,0.10531,0.0,0.20646218154447118,407.1022173465535,-0.0,43.18356210627405,0.0,363.91865524027946,363.91865524027946,0.0,0.0
166,2019-01-07 22:00:00,1,2019-01-07 23:00:00,0.10531,0.10531,0.10531,0.0,0.05,343.28668812414884,-0.0,0.0,0.0,343.28668812414884,343.28668812414884,0.0,0.0
167,2019-01-07 23:00:00,1,2019-01-08 00:00:00,0.10531,0.10531,0.10531,0.0,0.05,240.30021699462768,-0.0,0.0,0.0,240.30021699462768,240.30021699462768,0.0,1.0
168,2019-01-08 00:00:00,1,2019-01-08 01:00:00,0.10531,0.10531,0.10531,0.0,0.05,186.25430161363408,-43.99436005335648,0.0,0.0,230.24866166699056,230.24866166699056,0.0,1.0
169,2019-01-08 01:00:00,1,2019-01-08 02:00:00,0.10531,0.10531,0.10531,0.0,0.18491603749695987,177.33944930295942,-0.0,0.0,0.0,177.33944930295942,177.33944930295942,0.0,1.0
170,2019-01-08 02:00:00,1,2019-01-08 03:00:00,0.10531,0.10531,0.10531,0.0,0.18491603749695987,154.5481599384168,-0.0,0.0,0.0,154.5481599384168,154.5481599384168,0.0,1.0
171,2019-01-08 03:00:00,1,2019-01-08 04:00:00,0.10531,0.10531,0.10531,0.0,0.18491603749695987,151.9247782229857,-150.0,0.0,0.0,301.9247782229857,301.9247782229857,0.0,1.0
172,2019-01-08 04:00:00,1,2019-01-08 05:00:00,0.10531,0.10531,0.10531,0.0,0.6449160374969599,160.1367309986611,-0.0,0.0,0.0,160.1367309986611,160.1367309986611,0.0,1.0
173,2019-01-08 05:00:00,1,2019-01-08 06:00:00,0.10531,0.10531,0.10531,0.0,0.6449160374969599,176.74482197822624,-0.0,0.0,0.0,176.74482197822624,176.74482197822624,0.0,0.0
174,2019-01-08 06:00:00,1,2019-01-08 07:00:00,0.10531,0.10531,0.10531,0.0,0.6449160374969599,260.6298287827595,-0.0,0.0,0.0,260.6298287827595,260.6298287827595,0.0,1.0
175,2019-01-08 07:00:00,1,2019-01-08 08:00:00,0.10531,0.10531,0.10531,0.0,0.6449160374969599,329.60560380779555,-0.0,0.0,0.0,329.60560380779555,329.60560380779555,0.0,0.0
176,2019-01-08 08:00:00,1,2019-01-08 09:00:00,0.10531,0.10531,0.10531,0.0,0.6449160374969599,398.2721879138095,-0.0,34.353532673530026,0.0,363.91865524027946,363.91865524027946,0.0,0.0
177,2019-01-08 09:00:00,1,2019-01-08 10:00:00,0.10531,0.10531,0.10531,0.0,0.520446716216054,343.27404526409936,-0.0,0.0,0.0,343.27404526409936,343.27404526409936,0.0,0.0
178,2019-01-08 10:00:00,1,2019-01-08 11:00:00,0.10531,0.10531,0.10531,0.0,0.520446716216054,295.42583473423235,-68.49282050604711,0.0,0.0,363.91865524027946,363.91865524027946,0.0,1.0
179,2019-01-08 11:00:00,1,2019-01-08 12:00:00,0.10531,0.10531,0.10531,0.0,0.7304913657679318,296.7712235810127,-0.0,0.0,0.0,296.7712235810127,296.7712235810127,0.0,0.0
180,2019-01-08 12:00:00,1,2019-01-08 13:00:00,0.10531,0.10531,0.10531,0.0,0.7304913657679318,296.14145996837215,-0.0,0.0,0.0,296.14145996837215,296.14145996837215,0.0,0.0
181,2019-01-08 13:00:00,1,2019-01-08 14:00:00,0.10531,0.10531,0.10531,0.0,0.7304913657679318,276.03540494721375,-1.444746113834305,0.0,0.0,277.48015106104805,277.48015106104805,0.0,1.0
182,2019-01-08 14:00:00,1,2019-01-08 15:00:00,0.10531,0.10531,0.10531,0.0,0.7349219205170237,276.37234200229443,-0.0,0.0,0.0,276.37234200229443,276.37234200229443,0.0,0.0
183,2019-01-08 15:00:00,1,2019-01-08 16:00:00,0.10531,0.10531,0.10531,0.0,0.7349219205170237,277.48015106104805,-86.43850417923142,0.0,0.0,363.91865524027946,363.91865524027946,0.0,1.0
184,2019-01-08 16:00:00,1,2019-01-08 17:00:00,0.13592,0.13592,0.13592,0.0,1.0,250.83137275357046,-0.0,0.0,0.0,250.83137275357046,250.83137275357046,0.0,0.0
185,2019-01-08 17:00:00,1,2019-01-08 18:00:00,0.13592,0.13592,0.13592,0.0,1.0,284.9365495805821,-0.0,0.0,0.0,284.9365495805821,284.9365495805821,0.0,1.0
186,2019-01-08 18:00:00,1,2019-01-08 19:00:00,0.13592,0.13592,0.13592,0.0,1.0,364.50751318144466,-0.0,150.0,0.0,214.50751318144466,214.50751318144466,0.0,0.0
187,2019-01-08 19:00:00,1,2019-01-08 20:00:00,0.13592,0.13592,0.13592,0.0,0.4565217391304348,385.967783043181,-0.0,22.049127802901523,0.0,363.91865524027946,363.91865524027946,0.0,0.0
188,2019-01-08 20:00:00,1,2019-01-08 21:00:00,0.13592,0.13592,0.13592,0.0,0.3766335949170235,418.7649904843138,-0.0,65.97517999736051,0.0,352.7898104869533,352.7898104869533,0.0,0.0
189,2019-01-08 21:00:00,1,2019-01-08 22:00:00,0.10531,0.10531,0.10531,0.0,0.13759308768021,388.09434744001743,-0.0,24.175692199737966,0.0,363.91865524027946,363.91865524027946,0.0,0.0
190,2019-01-08 22:00:00,1,2019-01-08 23:00:00,0.10531,0.10531,0.10531,0.0,0.05,329.6063813526792,-0.0,0.0,0.0,329.6063813526792,329.6063813526792,0.0,1.0
191,2019-01-08 23:00:00,1,2019-01-09 00:00:00,0.10531,0.10531,0.10531,0.0,0.05,236.41919989327917,-0.0,0.0,0.0,236.41919989327917,236.41919989327917,0.0,1.0
192,2019-01-09 00:00:00,1,2019-01-09 01:00:00,0.10531,0.10531,0.10531,0.0,0.05,171.92855694337473,-0.0,0.0,0.0,171.92855694337473,171.92855694337473,0.0,1.0
193,2019-01-09 01:00:00,1,2019-01-09 02:00:00,0.10531,0.10531,0.10531,0.0,0.05,155.85806605917776,-0.0,0.0,0.0,155.85806605917776,155.85806605917776,0.0,1.0
194,2019-01-09 02:00:00,1,2019-01-09 03:00:00,0.10531,0.10531,0.10531,0.0,0.05,143.8187355900121,-0.0,0.0,0.0,143.8187355900121,143.8187355900121,0.0,1.0
195,2019-01-09 03:00:00,1,2019-01-09 04:00:00,0.10531,0.10531,0.10531,0.0,0.05,141.65399027057535,-17.792100136579528,0.0,0.0,159.44609040715488,159.44609040715488,0.0,1.0
196,2019-01-09 04:00:00,1,2019-01-09 05:00:00,0.10531,0.10531,0.10531,0.0,0.1045624404188439,150.12911044877023,-150.0,0.0,0.0,300.12911044877023,300.12911044877023,0.0,1.0
197,2019-01-09 05:00:00,1,2019-01-09 06:00:00,0.10531,0.10531,0.10531,0.0,0.5645624404188438,221.92814668120687,-141.99050855907262,0.0,0.0,363.91865524027946,363.91865524027946,0.0,1.0
198,2019-01-09 06:00:00,1,2019-01-09 07:00:00,0.10531,0.10531,0.10531,0.0,1.0,354.2153776289934,-0.0,0.0,0.0,354.2153776289934,354.2153776289934,0.0,0.0
199,2019-01-09 07:00:00,1,2019-01-09 08:00:00,0.10531,0.10531,0.10531,0.0,1.0,408.03147716101466,-0.0,44.1128219207352,0.0,363.91865524027946,363.91865524027946,0.0,0.0
200,2019-01-09 08:00:00,1,2019-01-09 09:00:00,0.10531,0.10531,0.10531,0.0,0.8401709350698,341.3129542362958,-22.605701003983654,0.0,0.0,363.91865524027946,363.91865524027946,0.0,1.0
201,2019-01-09 09:00:00,1,2019-01-09 10:00:00,0.10531,0.10531,0.10531,0.0,0.9094950848153498,321.60654392108444,-0.0,0.0,0.0,321.60654392108444,321.60654392108444,0.0,0.0
202,2019-01-09 10:00:00,1,2019-01-09 11:00:00,0.10531,0.10531,0.10531,0.0,0.9094950848153498,279.00940040963155,-0.0,0.0,0.0,279.00940040963155,279.00940040963155,0.0,0.0
203,2019-01-09 11:00:00,1,2019-01-09 12:00:00,0.10531,0.10531,0.10531,0.0,0.9094950848153498,254.13910393895807,-29.51247234282071,0.0,0.0,283.6515762817788,283.6515762817788,0.0,1.0
204,2019-01-09 12:00:00,1,2019-01-09 13:00:00,0.10531,0.10531,0.10531,0.0,1.0,197.7005040164139,-0.0,0.0,0.0,197.7005040164139,197.7005040164139,0.0,1.0
205,2019-01-09 13:00:00,1,2019-01-09 14:00:00,0.10531,0.10531,0.10531,0.0,1.0,178.70461973448937,-0.0,0.0,0.0,178.70461973448937,178.70461973448937,0.0,1.0
206,2019-01-09 14:00:00,1,2019-01-09 15:00:00,0.10531,0.10531,0.10531,0.0,1.0,199.0464087309862,-0.0,0.0,0.0,199.0464087309862,199.0464087309862,0.0,1.0
207,2019-01-09 15:00:00,1,2019-01-09 16:00:00,0.10531,0.10531,0.10531,0.0,1.0,210.5325068022019,-0.0,-5.684341886080802e-14,0.0,210.53250680220197,210.53250680220197,0.0,1.0
208,2019-01-09 16:00:00,1,2019-01-09 17:00:00,0.13592,0.13592,0.13592,0.0,1.0,267.82716982390406,-0.0,-1.4210854715202004e-14,0.0,267.82716982390406,267.82716982390406,0.0,1.0
209,2019-01-09 17:00:00,1,2019-01-09 18:00:00,0.13592,0.13592,0.13592,0.0,1.0,322.5826319312096,-0.0,0.0,0.0,322.5826319312096,322.5826319312096,0.0,1.0
210,2019-01-09 18:00:00,1,2019-01-09 19:00:00,0.13592,0.13592,0.13592,0.0,1.0,388.49218586358194,-0.0,35.51643637898606,0.0,352.9757494845959,352.9757494845959,0.0,0.0
211,2019-01-09 19:00:00,1,2019-01-09 20:00:00,0.13592,0.13592,0.13592,0.0,0.8713172594964274,390.7646657201063,-0.0,26.84601047982712,0.0,363.9186552402791,363.9186552402791,0.0,0.0
212,2019-01-09 20:00:00,1,2019-01-09 21:00:00,0.13592,0.13592,0.13592,0.0,0.7740491055840102,424.07145610777934,-0.0,149.99999999999994,0.0,274.07145610777934,274.07145610777934,0.0,0.0
213,2019-01-09 21:00:00,1,2019-01-09 22:00:00,0.10531,0.10531,0.10531,0.0,0.23057084471444522,413.7562083814659,-0.0,49.83755314118687,0.0,363.918655240279,363.918655240279,0.0,0.0
214,2019-01-09 22:00:00,1,2019-01-09 23:00:00,0.10531,0.10531,0.10531,0.0,0.05,318.695065508537,-0.0,0.0,0.0,318.695065508537,318.695065508537,0.0,1.0
215,2019-01-09 23:00:00,1,2019-01-10 00:00:00,0.10531,0.10531,0.10531,0.0,0.05,219.92698597565825,-0.0,1.4210854715202004e-13,0.0,219.9269859756581,219.9269859756581,0.0,1.0
216,2019-01-10 00:00:00,1,2019-01-10 01:00:00,0.10531,0.10531,0.10531,0.0,0.05,166.4922220438175,-0.0,0.0,0.0,166.4922220438175,166.4922220438175,0.0,1.0
217,2019-01-10 01:00:00,1,2019-01-10 02:00:00,0.10531,0.10531,0.10531,0.0,0.05,153.7612987334421,-0.0,0.0,0.0,153.7612987334421,153.7612987334421,0.0,1.0
218,2019-01-10 02:00:00,1,2019-01-10 03:00:00,0.10531,0.10531,0.10531,0.0,0.05,142.78256168948192,-0.0,0.0,0.0,142.78256168948192,142.78256168948192,0.0,1.0
219,2019-01-10 03:00:00,1,2019-01-10 04:00:00,0.10531,0.10531,0.10531,0.0,0.05,142.40000145927473,-0.0,0.0,0.0,142.40000145927473,142.40000145927473,0.0,1.0
220,2019-01-10 04:00:00,1,2019-01-10 05:00:00,0.10531,0.10531,0.10531,0.0,0.05,152.19468767626847,-0.0,0.0,0.0,152.19468767626847,152.19468767626847,0.0,1.0
221,2019-01-10 05:00:00,1,2019-01-10 06:00:00,0.10531,0.10531,0.10531,0.0,0.05,189.65074339929504,-40.49358177918044,0.0,0.0,230.14432517847547,230.14432517847547,0.0,1.0
222,2019-01-10 06:00:00,1,2019-01-10 07:00:00,0.10531,0.10531,0.10531,0.0,0.17418031745615334,317.76647418815827,-0.0,0.0,0.0,317.76647418815827,317.76647418815827,0.0,0.0
223,2019-01-10 07:00:00,1,2019-01-10 08:00:00,0.10531,0.10531,0.10531,0.0,0.17418031745615334,398.1924228581778,-0.0,34.27376761789833,0.0,363.91865524027946,363.91865524027946,0.0,0.0
224,2019-01-10 08:00:00,1,2019-01-10 09:00:00,0.10531,0.10531,0.10531,0.0,0.05,353.0151339945367,-0.0,0.0,0.0,353.0151339945367,353.0151339945367,0.0,0.0
225,2019-01-10 09:00:00,1,2019-01-10 10:00:00,0.10531,0.10531,0.10531,0.0,0.05,324.4436837578633,-39.47497148241615,0.0,0.0,363.91865524027946,363.91865524027946,0.0,1.0
226,2019-01-10 10:00:00,1,2019-01-10 11:00:00,0.10531,0.10531,0.10531,0.0,0.17105657921274287,284.6538278925711,-0.0,0.0,0.0,284.6538278925711,284.6538278925711,0.0,1.0
227,2019-01-10 11:00:00,1,2019-01-10 12:00:00,0.10531,0.10531,0.10531,0.0,0.17105657921274287,288.27717013705984,-0.0,0.0,0.0,288.27717013705984,288.27717013705984,0.0,1.0
228,2019-01-10 12:00:00,1,2019-01-10 13:00:00,0.10531,0.10531,0.10531,0.0,0.17105657921274287,287.070387310842,-10.365804820641554,0.0,0.0,297.4361921314836,297.4361921314836,0.0,1.0
229,2019-01-10 13:00:00,1,2019-01-10 14:00:00,0.10531,0.10531,0.10531,0.0,0.20284504732937697,276.72929942107004,-87.18935581920942,0.0,0.0,363.91865524027946,363.91865524027946,0.0,1.0
230,2019-01-10 14:00:00,1,2019-01-10 15:00:00,0.10531,0.10531,0.10531,0.0,0.4702257385082858,277.256142178915,-86.66251306136445,0.0,0.0,363.91865524027946,363.91865524027946,0.0,1.0
231,2019-01-10 15:00:00,1,2019-01-10 16:00:00,0.10531,0.10531,0.10531,0.0,0.7359907785631369,277.8286917282589,-86.08996351202057,0.0,0.0,363.91865524027946,363.91865524027946,0.0,1.0
232,2019-01-10 16:00:00,1,2019-01-10 17:00:00,0.13592,0.13592,0.13592,0.0,1.0,279.1630833450558,-0.0,83.65701283422057,0.0,195.50607051083523,195.50607051083523,0.0,0.0
233,2019-01-10 17:00:00,1,2019-01-10 18:00:00,0.13592,0.13592,0.13592,0.0,0.6968948810354327,297.58162844021433,-0.0,0.0,0.0,297.58162844021433,297.58162844021433,0.0,0.0
234,2019-01-10 18:00:00,1,2019-01-10 19:00:00,0.13592,0.13592,0.13592,0.0,0.6968948810354327,383.55988168340036,-0.0,19.6412264431209,0.0,363.91865524027946,363.91865524027946,0.0,0.0
235,2019-01-10 19:00:00,1,2019-01-10 20:00:00,0.13592,0.13592,0.13592,0.0,0.6257310171110817,398.4071483802944,-0.0,34.48849314001495,0.0,363.91865524027946,363.91865524027946,0.0,0.0
236,2019-01-10 20:00:00,1,2019-01-10 21:00:00,0.13592,0.13592,0.13592,0.0,0.5007727086327666,432.11197277480755,-0.0,68.19331753452809,0.0,363.91865524027946,363.91865524027946,0.0,0.0
237,2019-01-10 21:00:00,1,2019-01-10 22:00:00,0.10531,0.10531,0.10531,0.0,0.25369547118882424,420.13860528839496,-0.0,56.21995004811549,0.0,363.91865524027946,363.91865524027946,0.0,0.0
238,2019-01-10 22:00:00,1,2019-01-10 23:00:00,0.10531,0.10531,0.10531,0.0,0.05,325.50247992192294,-0.0,0.0,0.0,325.50247992192294,325.50247992192294,0.0,1.0
239,2019-01-10 23:00:00,1,2019-01-11 00:00:00,0.10531,0.10531,0.10531,0.0,0.05,226.60426103831716,-0.0,0.0,0.0,226.60426103831716,226.60426103831716,0.0,1.0
240,2019-01-11 00:00:00,1,2019-01-11 01:00:00,0.10531,0.10531,0.10531,0.0,0.05,172.0281435634113,-0.0,0.0,0.0,172.0281435634113,172.0281435634113,0.0,1.0
241,2019-01-11 01:00:00,1,2019-01-11 02:00:00,0.10531,0.10531,0.10531,0.0,0.05,158.24864672131093,-0.0,0.0,0.0,158.24864672131093,158.24864672131093,0.0,1.0
242,2019-01-11 02:00:00,1,2019-01-11 03:00:00,0.10531,0.10531,0.10531,0.0,0.05,146.93466155697027,-0.0,0.0,0.0,146.93466155697027,146.93466155697027,0.0,1.0
243,2019-01-11 03:00:00,1,2019-01-11 04:00:00,0.10531,0.10531,0.10531,0.0,0.05,145.06498821753794,-0.0,0.0,0.0,145.06498821753794,145.06498821753794,0.0,1.0
244,2019-01-11 04:00:00,1,2019-01-11 05:00:00,0.10531,0.10531,0.10531,0.0,0.05,152.0487255672499,-0.0,0.0,0.0,152.0487255672499,152.0487255672499,0.0,1.0
245,2019-01-11 05:00:00,1,2019-01-11 06:00:00,0.10531,0.10531,0.10531,0.0,0.05,187.56199509682443,-109.14439133465409,0.0,0.0,296.7063864314785,296.7063864314785,0.0,1.0
246,2019-01-11 06:00:00,1,2019-01-11 07:00:00,0.10531,0.10531,0.10531,0.0,0.3847094667596059,317.4040933810028,-0.0,0.0,0.0,317.4040933810028,317.4040933810028,0.0,1.0
247,2019-01-11 07:00:00,1,2019-01-11 08:00:00,0.10531,0.10531,0.10531,0.0,0.3847094667596059,401.3333638686994,-0.0,37.41470862841993,0.0,363.91865524027946,363.91865524027946,0.0,0.0
248,2019-01-11 08:00:00,1,2019-01-11 09:00:00,0.10531,0.10531,0.10531,0.0,0.24914892825083806,359.8491595368746,-4.069495703404868,0.0,0.0,363.91865524027946,363.91865524027946,0.0,1.0
249,2019-01-11 09:00:00,1,2019-01-11 10:00:00,0.10531,0.10531,0.10531,0.0,0.261628715074613,331.61812003264447,-0.0,0.0,0.0,331.61812003264447,331.61812003264447,0.0,1.0
250,2019-01-11 10:00:00,1,2019-01-11 11:00:00,0.10531,0.10531,0.10531,0.0,0.261628715074613,285.3908649609042,-0.0,0.0,0.0,285.3908649609042,285.3908649609042,0.0,0.0
251,2019-01-11 11:00:00,1,2019-01-11 12:00:00,0.10531,0.10531,0.10531,0.0,0.261628715074613,287.28519764690463,-76.63345759337483,0.0,0.0,363.91865524027946,363.91865524027946,0.0,1.0
252,2019-01-11 12:00:00,1,2019-01-11 13:00:00,0.10531,0.10531,0.10531,0.0,0.4966379850276292,286.44893154528893,-76.58629900749997,0.0,0.0,363.0352305527889,363.0352305527889,0.0,1.0
253,2019-01-11 13:00:00,1,2019-01-11 14:00:00,0.10531,0.10531,0.10531,0.0,0.7315026353172958,276.36516675678894,-87.55348848349053,0.0,0.0,363.91865524027946,363.91865524027946,0.0,1.0
254,2019-01-11 14:00:00,1,2019-01-11 15:00:00,0.10531,0.10531,0.10531,0.0,1.0,276.9751000556807,-0.0,0.0,0.0,276.9751000556807,276.9751000556807,0.0,0.0
255,2019-01-11 15:00:00,1,2019-01-11 16:00:00,0.10531,0.10531,0.10531,0.0,1.0,277.2485914442795,-0.0,0.0,0.0,277.2485914442795,277.2485914442795,0.0,0.0
256,2019-01-11 16:00:00,1,2019-01-11 17:00:00,0.13592,0.13592,0.13592,0.0,1.0,309.03326880773324,-0.0,0.0,0.0,309.03326880773324,309.03326880773324,0.0,1.0
257,2019-01-11 17:00:00,1,2019-01-11 18:00:00,0.13592,0.13592,0.13592,0.0,1.0,309.3107851093419,-0.0,0.0,0.0,309.3107851093419,309.3107851093419,0.0,1.0
258,2019-01-11 18:00:00,1,2019-01-11 19:00:00,0.13592,0.13592,0.13592,0.0,1.0,384.1252672707893,-0.0,84.05011528474353,0.0,300.0751519860458,300.0751519860458,0.0,0.0
259,2019-01-11 19:00:00,1,2019-01-11 20:00:00,0.13592,0.13592,0.13592,0.0,0.6954705967944075,403.91325803761214,-0.0,39.994602797332675,0.0,363.91865524027946,363.91865524027946,0.0,0.0
260,2019-01-11 20:00:00,1,2019-01-11 21:00:00,0.13592,0.13592,0.13592,0.0,0.5505626156446514,442.19656742368466,-0.0,78.27791218340519,0.0,363.91865524027946,363.91865524027946,0.0,0.0
261,2019-01-11 21:00:00,1,2019-01-11 22:00:00,0.10531,0.10531,0.10531,0.0,0.26694699179173403,423.79602497479806,-0.0,59.877369734518595,0.0,363.91865524027946,363.91865524027946,0.0,0.0
262,2019-01-11 22:00:00,1,2019-01-11 23:00:00,0.10531,0.10531,0.10531,0.0,0.05,336.00541714561547,-0.0,0.0,0.0,336.00541714561547,336.00541714561547,0.0,0.0
263,2019-01-11 23:00:00,1,2019-01-12 00:00:00,0.10531,0.10531,0.10531,0.0,0.05,234.02269997984934,-0.0,0.0,0.0,234.02269997984934,234.02269997984934,0.0,1.0
264,2019-01-12 00:00:00,1,2019-01-12 01:00:00,0.10531,0.10531,0.10531,0.0,0.05,177.1880913092807,-0.0,0.0,0.0,177.1880913092807,177.1880913092807,0.0,1.0
265,2019-01-12 01:00:00,1,2019-01-12 02:00:00,0.10531,0.10531,0.10531,0.0,0.05,163.2715406202831,-0.0,0.0,0.0,163.2715406202831,163.2715406202831,0.0,1.0
266,2019-01-12 02:00:00,1,2019-01-12 03:00:00,0.10531,0.10531,0.10531,0.0,0.05,151.11565824815838,-150.0,0.0,0.0,301.1156582481584,301.1156582481584,0.0,1.0
267,2019-01-12 03:00:00,1,2019-01-12 04:00:00,0.10531,0.10531,0.10531,0.0,0.51,148.61433170243166,-0.0,0.0,0.0,148.61433170243166,148.61433170243166,0.0,1.0
268,2019-01-12 04:00:00,1,2019-01-12 05:00:00,0.10531,0.10531,0.10531,0.0,0.51,156.32638535437715,-0.0,0.0,0.0,156.32638535437715,156.32638535437715,0.0,1.0
269,2019-01-12 05:00:00,1,2019-01-12 06:00:00,0.10531,0.10531,0.10531,0.0,0.51,192.68019019424787,-0.0,0.0,0.0,192.68019019424787,192.68019019424787,0.0,0.0
270,2019-01-12 06:00:00,1,2019-01-12 07:00:00,0.10531,0.10531,0.10531,0.0,0.51,325.326177924455,-0.0,0.0,0.0,325.326177924455,325.326177924455,0.0,1.0
271,2019-01-12 07:00:00,1,2019-01-12 08:00:00,0.10531,0.10531,0.10531,0.0,0.51,405.37052895813775,-0.0,41.45187371785829,0.0,363.91865524027946,363.91865524027946,0.0,0.0
272,2019-01-12 08:00:00,1,2019-01-12 09:00:00,0.10531,0.10531,0.10531,0.0,0.35981205174689024,362.5638298507545,-0.0,0.0,0.0,362.5638298507545,362.5638298507545,0.0,0.0
273,2019-01-12 09:00:00,1,2019-01-12 10:00:00,0.10531,0.10531,0.10531,0.0,0.35981205174689024,332.4832911780468,-0.0,0.0,0.0,332.4832911780468,332.4832911780468,0.0,0.0
274,2019-01-12 10:00:00,1,2019-01-12 11:00:00,0.10531,0.10531,0.10531,0.0,0.35981205174689024,283.4682400660476,-32.437804523743665,0.0,0.0,315.90604458979124,315.90604458979124,0.0,1.0
275,2019-01-12 11:00:00,1,2019-01-12 12:00:00,0.10531,0.10531,0.10531,0.0,0.4592879856197042,285.7605069005537,-0.0,0.0,0.0,285.7605069005537,285.7605069005537,0.0,0.0
276,2019-01-12 12:00:00,1,2019-01-12 13:00:00,0.10531,0.10531,0.10531,0.0,0.4592879856197042,285.20154333054927,-0.0,0.0,0.0,285.20154333054927,285.20154333054927,0.0,1.0
277,2019-01-12 13:00:00,1,2019-01-12 14:00:00,0.10531,0.10531,0.10531,0.0,0.4592879856197042,275.0706409220141,-88.84801431826537,0.0,0.0,363.91865524027946,363.91865524027946,0.0,1.0
278,2019-01-12 14:00:00,1,2019-01-12 15:00:00,0.10531,0.10531,0.10531,0.0,0.7317552295290514,275.4806609031904,-0.0,0.0,0.0,275.4806609031904,275.4806609031904,0.0,1.0
279,2019-01-12 15:00:00,1,2019-01-12 16:00:00,0.10531,0.10531,0.10531,0.0,0.7317552295290514,276.037514453359,-87.47112080574414,0.0,0.0,363.50863525910313,363.50863525910313,0.0,1.0
280,2019-01-12 16:00:00,1,2019-01-12 17:00:00,0.13592,0.13592,0.13592,0.0,1.0,311.03224452056617,-0.0,0.0,0.0,311.03224452056617,311.03224452056617,0.0,1.0
281,2019-01-12 17:00:00,1,2019-01-12 18:00:00,0.13592,0.13592,0.13592,0.0,1.0,355.4717483190949,-0.0,0.0,0.0,355.4717483190949,355.4717483190949,0.0,1.0
282,2019-01-12 18:00:00,1,2019-01-12 19:00:00,0.13592,0.13592,0.13592,0.0,1.0,386.85063684506247,-0.0,22.931981604783005,0.0,363.91865524027946,363.91865524027946,0.0,0.0
283,2019-01-12 19:00:00,1,2019-01-12 20:00:00,0.13592,0.13592,0.13592,0.0,0.9169131101275978,411.6464903507785,-0.0,47.72783511049903,0.0,363.91865524027946,363.91865524027946,0.0,0.0
284,2019-01-12 20:00:00,1,2019-01-12 21:00:00,0.13592,0.13592,0.13592,0.0,0.743986171321442,448.7437919667265,-0.0,132.57659225107344,0.0,316.16719971565306,316.16719971565306,0.0,0.0
285,2019-01-12 21:00:00,1,2019-01-12 22:00:00,0.10531,0.10531,0.10531,0.0,0.2636361993972628,422.882246273924,-0.0,58.96359103364455,0.0,363.91865524027946,363.91865524027946,0.0,0.0
286,2019-01-12 22:00:00,1,2019-01-12 23:00:00,0.10531,0.10531,0.10531,0.0,0.05,351.1334122575047,-0.0,0.0,0.0,351.1334122575047,351.1334122575047,0.0,1.0
287,2019-01-12 23:00:00,1,2019-01-13 00:00:00,0.10531,0.10531,0.10531,0.0,0.05,252.0922078526952,-0.0,0.0,0.0,252.0922078526952,252.0922078526952,0.0,1.0
288,2019-01-13 00:00:00,1,2019-01-13 01:00:00,0.10531,0.10531,0.10531,0.0,0.05,194.19863067747372,-0.0,0.0,0.0,194.19863067747372,194.19863067747372,0.0,1.0
289,2019-01-13 01:00:00,1,2019-01-13 02:00:00,0.10531,0.10531,0.10531,0.0,0.05,176.20825708144287,-0.0,0.0,0.0,176.20825708144287,176.20825708144287,0.0,1.0
290,2019-01-13 02:00:00,1,2019-01-13 03:00:00,0.10531,0.10531,0.10531,0.0,0.05,161.31709616113713,-0.0,0.0,0.0,161.31709616113713,161.31709616113713,0.0,1.0
291,2019-01-13 03:00:00,1,2019-01-13 04:00:00,0.10531,0.10531,0.10531,0.0,0.05,159.2060436930957,-150.0,0.0,0.0,309.2060436930957,309.2060436930957,0.0,1.0
292,2019-01-13 04:00:00,1,2019-01-13 05:00:00,0.10531,0.10531,0.10531,0.0,0.51,163.4849779195556,-150.0,0.0,0.0,313.4849779195556,313.4849779195556,0.0,1.0
293,2019-01-13 05:00:00,1,2019-01-13 06:00:00,0.10531,0.10531,0.10531,0.0,0.97,200.49254884226156,-0.0,0.0,0.0,200.49254884226156,200.49254884226156,0.0,0.0
294,2019-01-13 06:00:00,1,2019-01-13 07:00:00,0.10531,0.10531,0.10531,0.0,0.97,329.8073596495419,-0.0,0.0,0.0,329.8073596495419,329.8073596495419,0.0,1.0
295,2019-01-13 07:00:00,1,2019-01-13 08:00:00,0.10531,0.10531,0.10531,0.0,0.97,406.8078936715427,-0.0,42.88923843126321,0.0,363.91865524027946,363.91865524027946,0.0,0.0
296,2019-01-13 08:00:00,1,2019-01-13 09:00:00,0.10531,0.10531,0.10531,0.0,0.8146042085823797,364.7293941382527,-0.0,0.8107388979732377,0.0,363.91865524027946,363.91865524027946,0.0,0.0
297,2019-01-13 09:00:00,1,2019-01-13 10:00:00,0.10531,0.10531,0.10531,0.0,0.8116667488071143,330.12128528571844,-0.0,0.0,0.0,330.12128528571844,330.12128528571844,0.0,0.0
298,2019-01-13 10:00:00,1,2019-01-13 11:00:00,0.10531,0.10531,0.10531,0.0,0.8116667488071143,283.8263714794878,-0.0,0.0,0.0,283.8263714794878,283.8263714794878,0.0,1.0
299,2019-01-13 11:00:00,1,2019-01-13 12:00:00,0.10531,0.10531,0.10531,0.0,0.8116667488071143,285.5088747986578,-61.41301669333229,0.0,0.0,346.9218914919901,346.9218914919901,0.0,1.0
300,2019-01-13 12:00:00,1,2019-01-13 13:00:00,0.10531,0.10531,0.10531,0.0,1.0,285.12154027221584,-0.0,0.0,0.0,285.12154027221584,285.12154027221584,0.0,1.0
301,2019-01-13 13:00:00,1,2019-01-13 14:00:00,0.10531,0.10531,0.10531,0.0,1.0,275.4864283635923,-0.0,0.0,0.0,275.4864283635923,275.4864283635923,0.0,1.0
302,2019-01-13 14:00:00,1,2019-01-13 15:00:00,0.10531,0.10531,0.10531,0.0,1.0,275.8382502620347,-0.0,0.0,0.0,275.8382502620347,275.8382502620347,0.0,1.0
303,2019-01-13 15:00:00,1,2019-01-13 16:00:00,0.10531,0.10531,0.10531,0.0,1.0,276.0151524130213,-0.0,0.0,0.0,276.0151524130213,276.0151524130213,0.0,1.0
304,2019-01-13 16:00:00,1,2019-01-13 17:00:00,0.13592,0.13592,0.13592,0.0,1.0,311.0698196182963,-0.0,0.0,0.0,311.0698196182963,311.0698196182963,0.0,1.0
305,2019-01-13 17:00:00,1,2019-01-13 18:00:00,0.13592,0.13592,0.13592,0.0,1.0,362.24719348809805,-0.0,0.0,0.0,362.24719348809805,362.24719348809805,0.0,1.0
306,2019-01-13 18:00:00,1,2019-01-13 19:00:00,0.13592,0.13592,0.13592,0.0,1.0,392.701939880865,-0.0,28.78328464058552,0.0,363.91865524027946,363.91865524027946,0.0,0.0
307,2019-01-13 19:00:00,1,2019-01-13 20:00:00,0.13592,0.13592,0.13592,0.0,0.8957127368094727,406.4791632447134,-0.0,89.6037341409515,0.0,316.8754291037619,316.8754291037619,0.0,0.0
308,2019-01-13 20:00:00,1,2019-01-13 21:00:00,0.13592,0.13592,0.13592,0.0,0.5710615261538514,448.59230718383657,-0.0,84.6736519435571,0.0,363.91865524027946,363.91865524027946,0.0,0.0
309,2019-01-13 21:00:00,1,2019-01-13 22:00:00,0.10531,0.10531,0.10531,0.0,0.2642729321554561,423.05798451518535,-0.0,59.13932927490589,0.0,363.91865524027946,363.91865524027946,0.0,0.0
310,2019-01-13 22:00:00,1,2019-01-13 23:00:00,0.10531,0.10531,0.10531,0.0,0.05,346.4261469526431,-0.0,0.0,0.0,346.4261469526431,346.4261469526431,0.0,1.0
311,2019-01-13 23:00:00,1,2019-01-14 00:00:00,0.10531,0.10531,0.10531,0.0,0.05,246.9674067131683,-0.0,0.0,0.0,246.9674067131683,246.9674067131683,0.0,1.0
312,2019-01-14 00:00:00,1,2019-01-14 01:00:00,0.10531,0.10531,0.10531,0.0,0.05,193.9342104064747,-0.0,0.0,0.0,193.9342104064747,193.9342104064747,0.0,1.0
313,2019-01-14 01:00:00,1,2019-01-14 02:00:00,0.10531,0.10531,0.10531,0.0,0.05,191.15602382115952,-150.0,0.0,0.0,341.1560238211595,341.1560238211595,0.0,1.0
314,2019-01-14 02:00:00,1,2019-01-14 03:00:00,0.10531,0.10531,0.10531,0.0,0.51,168.67700185188326,-9.782608695652174,0.0,0.0,178.45961054753545,178.45961054753545,0.0,1.0
315,2019-01-14 03:00:00,1,2019-01-14 04:00:00,0.10531,0.10531,0.10531,0.0,0.54,164.38947524253246,-0.0,0.0,0.0,164.38947524253246,164.38947524253246,0.0,0.0
316,2019-01-14 04:00:00,1,2019-01-14 05:00:00,0.10531,0.10531,0.10531,0.0,0.54,171.56107466578794,-0.0,0.0,0.0,171.56107466578794,171.56107466578794,0.0,1.0
317,2019-01-14 05:00:00,1,2019-01-14 06:00:00,0.10531,0.10531,0.10531,0.0,0.54,180.0174373755925,-150.0,0.0,0.0,330.0174373755925,330.0174373755925,0.0,1.0
318,2019-01-14 06:00:00,1,2019-01-14 07:00:00,0.10531,0.10531,0.10531,0.0,1.0,274.4082803859593,-0.0,0.0,0.0,274.4082803859593,274.4082803859593,0.0,1.0
319,2019-01-14 07:00:00,1,2019-01-14 08:00:00,0.10531,0.10531,0.10531,0.0,1.0,349.4193440732473,-0.0,0.0,0.0,349.4193440732473,349.4193440732473,0.0,1.0
320,2019-01-14 08:00:00,1,2019-01-14 09:00:00,0.10531,0.10531,0.10531,0.0,1.0,396.5011024097452,-0.0,32.58244716946575,0.0,363.91865524027946,363.91865524027946,0.0,0.0
321,2019-01-14 09:00:00,1,2019-01-14 10:00:00,0.10531,0.10531,0.10531,0.0,0.8819476551830951,352.0729547376056,-0.0,0.0,0.0,352.0729547376056,352.0729547376056,0.0,0.0
322,2019-01-14 10:00:00,1,2019-01-14 11:00:00,0.10531,0.10531,0.10531,0.0,0.8819476551830951,299.1628803979169,-0.0,0.0,0.0,299.1628803979169,299.1628803979169,0.0,0.0
323,2019-01-14 11:00:00,1,2019-01-14 12:00:00,0.10531,0.10531,0.10531,0.0,0.8819476551830951,291.2809906828,-38.49532983159943,0.0,0.0,329.77632051439946,329.77632051439946,0.0,1.0
324,2019-01-14 12:00:00,1,2019-01-14 13:00:00,0.10531,0.10531,0.10531,0.0,1.0,290.25677310161245,-0.0,0.0,0.0,290.25677310161245,290.25677310161245,0.0,0.0
325,2019-01-14 13:00:00,1,2019-01-14 14:00:00,0.10531,0.10531,0.10531,0.0,1.0,279.5856218337277,-0.0,0.0,0.0,279.5856218337277,279.5856218337277,0.0,1.0
326,2019-01-14 14:00:00,1,2019-01-14 15:00:00,0.10531,0.10531,0.10531,0.0,1.0,279.57011002219946,-0.0,0.0,0.0,279.57011002219946,279.57011002219946,0.0,1.0
327,2019-01-14 15:00:00,1,2019-01-14 16:00:00,0.10531,0.10531,0.10531,0.0,1.0,279.7925359735738,-0.0,0.0,0.0,279.7925359735738,279.7925359735738,0.0,1.0
328,2019-01-14 16:00:00,1,2019-01-14 17:00:00,0.13592,0.13592,0.13592,0.0,1.0,314.4510778095731,-0.0,0.0,0.0,314.4510778095731,314.4510778095731,0.0,1.0
329,2019-01-14 17:00:00,1,2019-01-14 18:00:00,0.13592,0.13592,0.13592,0.0,1.0,336.84378658390074,-0.0,0.0,0.0,336.84378658390074,336.84378658390074,0.0,1.0
330,2019-01-14 18:00:00,1,2019-01-14 19:00:00,0.13592,0.13592,0.13592,0.0,1.0,401.88366343281837,-0.0,37.9650081925389,0.0,363.91865524027946,363.91865524027946,0.0,0.0
331,2019-01-14 19:00:00,1,2019-01-14 20:00:00,0.13592,0.13592,0.13592,0.0,0.862445622490801,418.17728751757204,-0.0,54.25863227729258,0.0,363.91865524027946,363.91865524027946,0.0,0.0
332,2019-01-14 20:00:00,1,2019-01-14 21:00:00,0.13592,0.13592,0.13592,0.0,0.6658563751093062,431.0342402991682,-0.0,111.89614682026668,0.0,319.1380934789015,319.1380934789015,0.0,0.0
333,2019-01-14 21:00:00,1,2019-01-14 22:00:00,0.10531,0.10531,0.10531,0.0,0.2604355532967458,420.90248521513007,-0.0,56.98382997485061,0.0,363.91865524027946,363.91865524027946,0.0,0.0
334,2019-01-14 22:00:00,1,2019-01-14 23:00:00,0.10531,0.10531,0.10531,0.0,0.05397240121395375,365.0150379753307,-0.0,1.096382735051236,0.0,363.91865524027946,363.91865524027946,0.0,0.0
335,2019-01-14 23:00:00,1,2019-01-15 00:00:00,0.10531,0.10531,0.10531,0.0,0.05,263.21279778099336,-0.0,0.0,0.0,263.21279778099336,263.21279778099336,0.0,1.0
336,2019-01-15 00:00:00,1,2019-01-15 01:00:00,0.10531,0.10531,0.10531,0.0,0.05,209.92563969536528,-0.0,0.0,0.0,209.92563969536528,209.92563969536528,0.0,1.0
337,2019-01-15 01:00:00,1,2019-01-15 02:00:00,0.10531,0.10531,0.10531,0.0,0.05,196.4633156832241,-150.0,0.0,0.0,346.4633156832241,346.4633156832241,0.0,1.0
338,2019-01-15 02:00:00,1,2019-01-15 03:00:00,0.10531,0.10531,0.10531,0.0,0.51,169.0123453007812,-9.782608695652174,0.0,0.0,178.79495399643338,178.79495399643338,0.0,1.0
339,2019-01-15 03:00:00,1,2019-01-15 04:00:00,0.10531,0.10531,0.10531,0.0,0.54,166.9598987546568,-0.0,0.0,0.0,166.9598987546568,166.9598987546568,0.0,0.0
340,2019-01-15 04:00:00,1,2019-01-15 05:00:00,0.10531,0.10531,0.10531,0.0,0.54,175.2464054171699,-0.0,0.0,0.0,175.2464054171699,175.2464054171699,0.0,1.0
341,2019-01-15 05:00:00,1,2019-01-15 06:00:00,0.10531,0.10531,0.10531,0.0,0.54,186.95971080105613,-150.0,0.0,0.0,336.95971080105613,336.95971080105613,0.0,1.0
342,2019-01-15 06:00:00,1,2019-01-15 07:00:00,0.10531,0.10531,0.10531,0.0,1.0,269.35464400211185,-0.0,0.0,0.0,269.35464400211185,269.35464400211185,0.0,1.0
343,2019-01-15 07:00:00,1,2019-01-15 08:00:00,0.10531,0.10531,0.10531,0.0,1.0,352.787394801457,-0.0,0.0,0.0,352.787394801457,352.787394801457,0.0,1.0
344,2019-01-15 08:00:00,1,2019-01-15 09:00:00,0.10531,0.10531,0.10531,0.0,1.0,400.86647107146916,-0.0,36.9478158311897,0.0,363.91865524027946,363.91865524027946,0.0,0.0
345,2019-01-15 09:00:00,1,2019-01-15 10:00:00,0.10531,0.10531,0.10531,0.0,0.8661311020609069,340.60328560861615,-0.0,0.0,0.0,340.60328560861615,340.60328560861615,0.0,0.0
346,2019-01-15 10:00:00,1,2019-01-15 11:00:00,0.10531,0.10531,0.10531,0.0,0.8661311020609069,296.4906454947102,-0.0,0.0,0.0,296.4906454947102,296.4906454947102,0.0,1.0
347,2019-01-15 11:00:00,1,2019-01-15 12:00:00,0.10531,0.10531,0.10531,0.0,0.8661311020609069,294.99347093783723,-43.65290150187818,0.0,0.0,338.6463724397154,338.6463724397154,0.0,1.0
348,2019-01-15 12:00:00,1,2019-01-15 13:00:00,0.10531,0.10531,0.10531,0.0,1.0,295.5184476373588,-0.0,0.0,0.0,295.5184476373588,295.5184476373588,0.0,1.0
349,2019-01-15 13:00:00,1,2019-01-15 14:00:00,0.10531,0.10531,0.10531,0.0,1.0,276.9188028833596,-0.0,0.0,0.0,276.9188028833596,276.9188028833596,0.0,1.0
350,2019-01-15 14:00:00,1,2019-01-15 15:00:00,0.10531,0.10531,0.10531,0.0,1.0,279.00098481413005,-0.0,0.0,0.0,279.00098481413005,279.00098481413005,0.0,1.0
351,2019-01-15 15:00:00,1,2019-01-15 16:00:00,0.10531,0.10531,0.10531,0.0,1.0,277.9753125380307,-0.0,0.0,0.0,277.9753125380307,277.9753125380307,0.0,1.0
352,2019-01-15 16:00:00,1,2019-01-15 17:00:00,0.13592,0.13592,0.13592,0.0,1.0,311.85405293173113,-0.0,0.0,0.0,311.85405293173113,311.85405293173113,0.0,1.0
353,2019-01-15 17:00:00,1,2019-01-15 18:00:00,0.13592,0.13592,0.13592,0.0,1.0,352.8325330620213,-0.0,0.0,0.0,352.8325330620213,352.8325330620213,0.0,0.0
354,2019-01-15 18:00:00,1,2019-01-15 19:00:00,0.13592,0.13592,0.13592,0.0,1.0,410.9234738969361,-0.0,47.00481865665665,0.0,363.91865524027946,363.91865524027946,0.0,0.0
355,2019-01-15 19:00:00,1,2019-01-15 20:00:00,0.13592,0.13592,0.13592,0.0,0.8296926860266063,407.6136038835302,-0.0,43.69494864325071,0.0,363.91865524027946,363.91865524027946,0.0,0.0
356,2019-01-15 20:00:00,1,2019-01-15 21:00:00,0.13592,0.13592,0.13592,0.0,0.6713776547104806,438.1620756889587,-0.0,124.26307814058505,0.0,313.89899754837364,313.89899754837364,0.0,0.0
357,2019-01-15 21:00:00,1,2019-01-15 22:00:00,0.10531,0.10531,0.10531,0.0,0.22114911072285356,411.15580979978705,-0.0,47.23715455950759,0.0,363.91865524027946,363.91865524027946,0.0,0.0
358,2019-01-15 22:00:00,1,2019-01-15 23:00:00,0.10531,0.10531,0.10531,0.0,0.05,355.1462803836499,-0.0,0.0,0.0,355.1462803836499,355.1462803836499,0.0,0.0
359,2019-01-15 23:00:00,1,2019-01-16 00:00:00,0.10531,0.10531,0.10531,0.0,0.05,261.17898135262055,-0.0,0.0,0.0,261.17898135262055,261.17898135262055,0.0,1.0
360,2019-01-16 00:00:00,1,2019-01-16 01:00:00,0.10531,0.10531,0.10531,0.0,0.05,204.23676255770812,-0.0,0.0,0.0,204.23676255770812,204.23676255770812,0.0,1.0
361,2019-01-16 01:00:00,1,2019-01-16 02:00:00,0.10531,0.10531,0.10531,0.0,0.05,193.0540081933538,-0.0,0.0,0.0,193.0540081933538,193.0540081933538,0.0,1.0
362,2019-01-16 02:00:00,1,2019-01-16 03:00:00,0.10531,0.10531,0.10531,0.0,0.05,168.19836237087708,-150.0,0.0,0.0,318.1983623708771,318.1983623708771,0.0,1.0
363,2019-01-16 03:00:00,1,2019-01-16 04:00:00,0.10531,0.10531,0.10531,0.0,0.51,166.30664347535088,-9.782608695652174,0.0,0.0,176.08925217100307,176.08925217100307,0.0,1.0
364,2019-01-16 04:00:00,1,2019-01-16 05:00:00,0.10531,0.10531,0.10531,0.0,0.54,173.08151546633593,-0.0,0.0,0.0,173.08151546633593,173.08151546633593,0.0,1.0
365,2019-01-16 05:00:00,1,2019-01-16 06:00:00,0.10531,0.10531,0.10531,0.0,0.54,186.98645058199625,-150.0,0.0,0.0,336.9864505819962,336.9864505819962,0.0,1.0
366,2019-01-16 06:00:00,1,2019-01-16 07:00:00,0.10531,0.10531,0.10531,0.0,1.0,273.19391659000513,-0.0,0.0,0.0,273.19391659000513,273.19391659000513,0.0,1.0
367,2019-01-16 07:00:00,1,2019-01-16 08:00:00,0.10531,0.10531,0.10531,0.0,1.0,358.22635178629395,-0.0,0.0,0.0,358.22635178629395,358.22635178629395,0.0,1.0
368,2019-01-16 08:00:00,1,2019-01-16 09:00:00,0.10531,0.10531,0.10531,0.0,1.0,396.69791739601754,-0.0,32.77926215573808,0.0,363.91865524027946,363.91865524027946,0.0,0.0
369,2019-01-16 09:00:00,1,2019-01-16 10:00:00,0.10531,0.10531,0.10531,0.0,0.8812345574067459,345.6978768327488,-0.0,0.0,0.0,345.6978768327488,345.6978768327488,0.0,1.0
370,2019-01-16 10:00:00,1,2019-01-16 11:00:00,0.10531,0.10531,0.10531,0.0,0.8812345574067459,300.6394304276766,-0.0,0.0,0.0,300.6394304276766,300.6394304276766,0.0,1.0
371,2019-01-16 11:00:00,1,2019-01-16 12:00:00,0.10531,0.10531,0.10531,0.0,0.8812345574067459,297.59797905552443,-0.0,0.0,0.0,297.59797905552443,297.59797905552443,0.0,1.0
372,2019-01-16 12:00:00,1,2019-01-16 13:00:00,0.10531,0.10531,0.10531,0.0,0.8812345574067459,296.68735631491165,-38.72786171519154,0.0,0.0,335.4152180301032,335.4152180301032,0.0,1.0
373,2019-01-16 13:00:00,1,2019-01-16 14:00:00,0.10531,0.10531,0.10531,0.0,1.0,277.4985672531384,-0.0,0.0,0.0,277.4985672531384,277.4985672531384,0.0,1.0
374,2019-01-16 14:00:00,1,2019-01-16 15:00:00,0.10531,0.10531,0.10531,0.0,1.0,277.0239717570721,-0.0,0.0,0.0,277.0239717570721,277.0239717570721,0.0,1.0
375,2019-01-16 15:00:00,1,2019-01-16 16:00:00,0.10531,0.10531,0.10531,0.0,1.0,276.9416378407307,-0.0,0.0,0.0,276.9416378407307,276.9416378407307,0.0,1.0
376,2019-01-16 16:00:00,1,2019-01-16 17:00:00,0.13592,0.13592,0.13592,0.0,1.0,311.8460741745428,-0.0,0.0,0.0,311.8460741745428,311.8460741745428,0.0,1.0
377,2019-01-16 17:00:00,1,2019-01-16 18:00:00,0.13592,0.13592,0.13592,0.0,1.0,355.0660726346702,-0.0,0.0,0.0,355.0660726346702,355.0660726346702,0.0,0.0
378,2019-01-16 18:00:00,1,2019-01-16 19:00:00,0.13592,0.13592,0.13592,0.0,1.0,417.6615558806185,-0.0,96.92878064197683,0.0,320.7327752386417,320.7327752386417,0.0,0.0
379,2019-01-16 19:00:00,1,2019-01-16 20:00:00,0.13592,0.13592,0.13592,0.0,0.6488087657899391,420.59269858834773,-0.0,56.67404334806827,0.0,363.91865524027946,363.91865524027946,0.0,0.0
380,2019-01-16 20:00:00,1,2019-01-16 21:00:00,0.13592,0.13592,0.13592,0.0,0.4434680290215758,427.71981644788,-0.0,63.80116120760056,0.0,363.91865524027946,363.91865524027946,0.0,0.0
381,2019-01-16 21:00:00,1,2019-01-16 22:00:00,0.10531,0.10531,0.10531,0.0,0.21230440145780566,408.7146700426338,-0.0,44.796014802354364,0.0,363.91865524027946,363.91865524027946,0.0,0.0
382,2019-01-16 22:00:00,1,2019-01-16 23:00:00,0.10531,0.10531,0.10531,0.0,0.05,354.9371996547016,-0.0,0.0,0.0,354.9371996547016,354.9371996547016,0.0,1.0
383,2019-01-16 23:00:00,1,2019-01-17 00:00:00,0.10531,0.10531,0.10531,0.0,0.05,266.3291934790656,-0.0,0.0,0.0,266.3291934790656,266.3291934790656,0.0,1.0
384,2019-01-17 00:00:00,1,2019-01-17 01:00:00,0.10531,0.10531,0.10531,0.0,0.05,198.563932352909,-0.0,0.0,0.0,198.563932352909,198.563932352909,0.0,1.0
385,2019-01-17 01:00:00,1,2019-01-17 02:00:00,0.10531,0.10531,0.10531,0.0,0.05,182.3878538375568,-0.0,0.0,0.0,182.3878538375568,182.3878538375568,0.0,1.0
386,2019-01-17 02:00:00,1,2019-01-17 03:00:00,0.10531,0.10531,0.10531,0.0,0.05,168.93844249443436,-0.0,0.0,0.0,168.93844249443436,168.93844249443436,0.0,1.0
387,2019-01-17 03:00:00,1,2019-01-17 04:00:00,0.10531,0.10531,0.10531,0.0,0.05,168.9744552277084,-150.0,0.0,0.0,318.9744552277084,318.9744552277084,0.0,1.0
388,2019-01-17 04:00:00,1,2019-01-17 05:00:00,0.10531,0.10531,0.10531,0.0,0.51,173.1790335799994,-0.0,0.0,0.0,173.1790335799994,173.1790335799994,0.0,0.0
389,2019-01-17 05:00:00,1,2019-01-17 06:00:00,0.10531,0.10531,0.10531,0.0,0.51,209.4577001461822,-150.0,0.0,0.0,359.4577001461822,359.4577001461822,0.0,1.0
390,2019-01-17 06:00:00,1,2019-01-17 07:00:00,0.10531,0.10531,0.10531,0.0,0.97,342.9569952134516,-0.0,0.0,0.0,342.9569952134516,342.9569952134516,0.0,1.0
391,2019-01-17 07:00:00,1,2019-01-17 08:00:00,0.10531,0.10531,0.10531,0.0,0.97,408.0696319912471,-0.0,44.15097675096763,0.0,363.91865524027946,363.91865524027946,0.0,0.0
392,2019-01-17 08:00:00,1,2019-01-17 09:00:00,0.10531,0.10531,0.10531,0.0,0.8100326929312767,360.06805713034083,-3.8505981099386304,0.0,0.0,363.91865524027946,363.91865524027946,0.0,1.0
393,2019-01-17 09:00:00,1,2019-01-17 10:00:00,0.10531,0.10531,0.10531,0.0,0.8218411938017551,335.98592041837446,-27.932734821905,0.0,0.0,363.91865524027946,363.91865524027946,0.0,1.0
394,2019-01-17 10:00:00,1,2019-01-17 11:00:00,0.10531,0.10531,0.10531,0.0,0.9075015805889304,288.2362106040297,-30.162528068827044,0.0,0.0,318.3987386728567,318.3987386728567,0.0,1.0
395,2019-01-17 11:00:00,1,2019-01-17 12:00:00,0.10531,0.10531,0.10531,0.0,1.0,289.2523849406634,-0.0,0.0,0.0,289.2523849406634,289.2523849406634,0.0,0.0
396,2019-01-17 12:00:00,1,2019-01-17 13:00:00,0.10531,0.10531,0.10531,0.0,1.0,287.358701833517,-0.0,0.0,0.0,287.358701833517,287.358701833517,0.0,1.0
397,2019-01-17 13:00:00,1,2019-01-17 14:00:00,0.10531,0.10531,0.10531,0.0,1.0,276.8716154841134,-0.0,0.0,0.0,276.8716154841134,276.8716154841134,0.0,1.0
398,2019-01-17 14:00:00,1,2019-01-17 15:00:00,0.10531,0.10531,0.10531,0.0,1.0,276.54552279923,-0.0,0.0,0.0,276.54552279923,276.54552279923,0.0,1.0
399,2019-01-17 15:00:00,1,2019-01-17 16:00:00,0.10531,0.10531,0.10531,0.0,1.0,276.92217335665356,-0.0,0.0,0.0,276.92217335665356,276.92217335665356,0.0,1.0
400,2019-01-17 16:00:00,1,2019-01-17 17:00:00,0.13592,0.13592,0.13592,0.0,1.0,311.2240905581977,-0.0,0.0,0.0,311.2240905581977,311.2240905581977,0.0,1.0
401,2019-01-17 17:00:00,1,2019-01-17 18:00:00,0.13592,0.13592,0.13592,0.0,1.0,361.9591677996232,-0.0,0.0,0.0,361.9591677996232,361.9591677996232,0.0,1.0
402,2019-01-17 18:00:00,1,2019-01-17 19:00:00,0.13592,0.13592,0.13592,0.0,1.0,416.66340200442323,-0.0,88.80849729522448,0.0,327.85490470919876,327.85490470919876,0.0,0.0
403,2019-01-17 19:00:00,1,2019-01-17 20:00:00,0.13592,0.13592,0.13592,0.0,0.6782300822636794,399.4280464691237,-0.0,35.50939122884421,0.0,363.91865524027946,363.91865524027946,0.0,0.0
404,2019-01-17 20:00:00,1,2019-01-17 21:00:00,0.13592,0.13592,0.13592,0.0,0.5495728676664178,442.86985217613153,-0.0,78.95119693585207,0.0,363.91865524027946,363.91865524027946,0.0,0.0
405,2019-01-17 21:00:00,1,2019-01-17 22:00:00,0.10531,0.10531,0.10531,0.0,0.26351780630463495,422.8495697803587,-0.0,58.93091454007924,0.0,363.91865524027946,363.91865524027946,0.0,0.0
406,2019-01-17 22:00:00,1,2019-01-17 23:00:00,0.10531,0.10531,0.10531,0.0,0.05,354.37756909225163,-9.541086148027828,0.0,0.0,363.91865524027946,363.91865524027946,0.0,1.0
407,2019-01-17 23:00:00,1,2019-01-18 00:00:00,0.10531,0.10531,0.10531,0.0,0.07925933085395201,254.0547580834344,-40.300478576698204,0.0,0.0,294.3552366601326,294.3552366601326,0.0,1.0
408,2019-01-18 00:00:00,1,2019-01-18 01:00:00,0.10531,0.10531,0.10531,0.0,0.20284746515582652,196.447478156588,-0.0,0.0,0.0,196.447478156588,196.447478156588,0.0,1.0
409,2019-01-18 01:00:00,1,2019-01-18 02:00:00,0.10531,0.10531,0.10531,0.0,0.20284746515582652,178.43814091545002,-109.94104397092615,0.0,0.0,288.37918488637615,288.37918488637615,0.0,1.0
410,2019-01-18 02:00:00,1,2019-01-18 03:00:00,0.10531,0.10531,0.10531,0.0,0.54,161.41157322141305,-0.0,0.0,0.0,161.41157322141305,161.41157322141305,0.0,0.0
411,2019-01-18 03:00:00,1,2019-01-18 04:00:00,0.10531,0.10531,0.10531,0.0,0.54,162.63661042822818,-0.0,0.0,0.0,162.63661042822818,162.63661042822818,0.0,0.0
412,2019-01-18 04:00:00,1,2019-01-18 05:00:00,0.10531,0.10531,0.10531,0.0,0.54,166.09549439154225,-0.0,0.0,0.0,166.09549439154225,166.09549439154225,0.0,1.0
413,2019-01-18 05:00:00,1,2019-01-18 06:00:00,0.10531,0.10531,0.10531,0.0,0.54,201.7586603353923,-150.0,0.0,0.0,351.7586603353923,351.7586603353923,0.0,1.0
414,2019-01-18 06:00:00,1,2019-01-18 07:00:00,0.10531,0.10531,0.10531,0.0,1.0,334.72703291531485,-0.0,0.0,0.0,334.72703291531485,334.72703291531485,0.0,1.0
415,2019-01-18 07:00:00,1,2019-01-18 08:00:00,0.10531,0.10531,0.10531,0.0,1.0,406.1045556232876,-0.0,42.18590038300812,0.0,363.91865524027946,363.91865524027946,0.0,0.0
416,2019-01-18 08:00:00,1,2019-01-18 09:00:00,0.10531,0.10531,0.10531,0.0,0.8471525348441735,360.7767609246668,-3.14189431561266,0.0,0.0,363.91865524027946,363.91865524027946,0.0,1.0
417,2019-01-18 09:00:00,1,2019-01-18 10:00:00,0.10531,0.10531,0.10531,0.0,0.8567876774120524,332.5989864454157,-0.0,0.0,0.0,332.5989864454157,332.5989864454157,0.0,0.0
418,2019-01-18 10:00:00,1,2019-01-18 11:00:00,0.10531,0.10531,0.10531,0.0,0.8567876774120524,285.4097726459093,-46.69967040911337,0.0,0.0,332.10944305502267,332.10944305502267,0.0,1.0
419,2019-01-18 11:00:00,1,2019-01-18 12:00:00,0.10531,0.10531,0.10531,0.0,1.0,287.17570671042137,-0.0,0.0,0.0,287.17570671042137,287.17570671042137,0.0,0.0
420,2019-01-18 12:00:00,1,2019-01-18 13:00:00,0.10531,0.10531,0.10531,0.0,1.0,286.0965690720946,-0.0,0.0,0.0,286.0965690720946,286.0965690720946,0.0,1.0
421,2019-01-18 13:00:00,1,2019-01-18 14:00:00,0.10531,0.10531,0.10531,0.0,1.0,275.9300762752601,-0.0,0.0,0.0,275.9300762752601,275.9300762752601,0.0,1.0
422,2019-01-18 14:00:00,1,2019-01-18 15:00:00,0.10531,0.10531,0.10531,0.0,1.0,275.5540957239334,-0.0,0.0,0.0,275.5540957239334,275.5540957239334,0.0,1.0
423,2019-01-18 15:00:00,1,2019-01-18 16:00:00,0.10531,0.10531,0.10531,0.0,1.0,276.08562967014257,-0.0,0.0,0.0,276.08562967014257,276.08562967014257,0.0,1.0
424,2019-01-18 16:00:00,1,2019-01-18 17:00:00,0.13592,0.13592,0.13592,0.0,1.0,311.4932837234195,-0.0,0.0,0.0,311.4932837234195,311.4932837234195,0.0,1.0
425,2019-01-18 17:00:00,1,2019-01-18 18:00:00,0.13592,0.13592,0.13592,0.0,1.0,361.85547495299096,-0.0,0.0,0.0,361.85547495299096,361.85547495299096,0.0,0.0
426,2019-01-18 18:00:00,1,2019-01-18 19:00:00,0.13592,0.13592,0.13592,0.0,1.0,416.3316711701028,-0.0,52.41301592982336,0.0,363.91865524027946,363.91865524027946,0.0,0.0
427,2019-01-18 19:00:00,1,2019-01-18 20:00:00,0.13592,0.13592,0.13592,0.0,0.8100977683702052,401.3454383617803,-0.0,72.50191927497596,0.0,328.84351908680435,328.84351908680435,0.0,0.0
428,2019-01-18 20:00:00,1,2019-01-18 21:00:00,0.13592,0.13592,0.13592,0.0,0.547409655055075,443.3846652399026,-0.0,79.46600999962311,0.0,363.91865524027946,363.91865524027946,0.0,0.0
429,2019-01-18 21:00:00,1,2019-01-18 22:00:00,0.10531,0.10531,0.10531,0.0,0.259489328969484,421.73771003585705,-0.0,57.819054795577586,0.0,363.91865524027946,363.91865524027946,0.0,0.0
430,2019-01-18 22:00:00,1,2019-01-18 23:00:00,0.10531,0.10531,0.10531,0.0,0.05,353.45604553566847,-0.0,0.0,0.0,353.45604553566847,353.45604553566847,0.0,0.0
431,2019-01-18 23:00:00,1,2019-01-19 00:00:00,0.10531,0.10531,0.10531,0.0,0.05,287.11444240346174,-23.443456432886478,0.0,0.0,310.5578988363482,310.5578988363482,0.0,1.0
432,2019-01-19 00:00:00,1,2019-01-19 01:00:00,0.10531,0.10531,0.10531,0.0,0.1218932663941852,161.71506689790257,-0.0,0.0,0.0,161.71506689790257,161.71506689790257,0.0,1.0
433,2019-01-19 01:00:00,1,2019-01-19 02:00:00,0.10531,0.10531,0.10531,0.0,0.1218932663941852,165.12910049360525,-150.0,0.0,0.0,315.1291004936053,315.1291004936053,0.0,1.0
434,2019-01-19 02:00:00,1,2019-01-19 03:00:00,0.10531,0.10531,0.10531,0.0,0.5818932663941851,163.3145728646848,-0.0,0.0,0.0,163.3145728646848,163.3145728646848,0.0,0.0
435,2019-01-19 03:00:00,1,2019-01-19 04:00:00,0.10531,0.10531,0.10531,0.0,0.5818932663941851,163.99383283060598,-136.33915226276568,0.0,0.0,300.33298509337163,300.33298509337163,0.0,1.0
436,2019-01-19 04:00:00,1,2019-01-19 05:00:00,0.10531,0.10531,0.10531,0.0,1.0,197.01331915920937,-0.0,0.0,0.0,197.01331915920937,197.01331915920937,0.0,1.0
437,2019-01-19 05:00:00,1,2019-01-19 06:00:00,0.10531,0.10531,0.10531,0.0,1.0,228.63830010641132,-0.0,0.0,0.0,228.63830010641132,228.63830010641132,0.0,1.0
438,2019-01-19 06:00:00,1,2019-01-19 07:00:00,0.10531,0.10531,0.10531,0.0,1.0,334.69712102970084,-0.0,0.0,0.0,334.69712102970084,334.69712102970084,0.0,1.0
439,2019-01-19 07:00:00,1,2019-01-19 08:00:00,0.10531,0.10531,0.10531,0.0,1.0,406.11984980124265,-0.0,42.20119456096319,0.0,363.91865524027946,363.91865524027946,0.0,0.0
440,2019-01-19 08:00:00,1,2019-01-19 09:00:00,0.10531,0.10531,0.10531,0.0,0.8470971211559305,366.29310875994514,-0.0,2.3744535196656784,0.0,363.91865524027946,363.91865524027946,0.0,0.0
441,2019-01-19 09:00:00,1,2019-01-19 10:00:00,0.10531,0.10531,0.10531,0.0,0.8384940286933737,335.53843851639795,-0.0,0.0,0.0,335.53843851639795,335.53843851639795,0.0,0.0
442,2019-01-19 10:00:00,1,2019-01-19 11:00:00,0.10531,0.10531,0.10531,0.0,0.8384940286933737,285.3924559021226,-0.0,0.0,0.0,285.3924559021226,285.3924559021226,0.0,0.0
443,2019-01-19 11:00:00,1,2019-01-19 12:00:00,0.10531,0.10531,0.10531,0.0,0.8384940286933737,286.25884574260937,-52.66499064346509,0.0,0.0,338.92383638607447,338.92383638607447,0.0,1.0
444,2019-01-19 12:00:00,1,2019-01-19 13:00:00,0.10531,0.10531,0.10531,0.0,1.0,285.35838200415435,-0.0,0.0,0.0,285.35838200415435,285.35838200415435,0.0,0.0
445,2019-01-19 13:00:00,1,2019-01-19 14:00:00,0.10531,0.10531,0.10531,0.0,1.0,275.5847781848434,-0.0,0.0,0.0,275.5847781848434,275.5847781848434,0.0,1.0
446,2019-01-19 14:00:00,1,2019-01-19 15:00:00,0.10531,0.10531,0.10531,0.0,1.0,276.31428767405157,-0.0,0.0,0.0,276.31428767405157,276.31428767405157,0.0,1.0
447,2019-01-19 15:00:00,1,2019-01-19 16:00:00,0.10531,0.10531,0.10531,0.0,1.0,276.47045015444223,-0.0,0.0,0.0,276.47045015444223,276.47045015444223,0.0,1.0
448,2019-01-19 16:00:00,1,2019-01-19 17:00:00,0.13592,0.13592,0.13592,0.0,1.0,311.06104562451344,-0.0,0.0,0.0,311.06104562451344,311.06104562451344,0.0,1.0
449,2019-01-19 17:00:00,1,2019-01-19 18:00:00,0.13592,0.13592,0.13592,0.0,1.0,361.360500817404,-0.0,0.0,0.0,361.360500817404,361.360500817404,0.0,1.0
450,2019-01-19 18:00:00,1,2019-01-19 19:00:00,0.13592,0.13592,0.13592,0.0,1.0,415.98392763547173,-0.0,58.00995709832924,0.0,357.97397053714246,357.97397053714246,0.0,0.0
451,2019-01-19 19:00:00,1,2019-01-19 20:00:00,0.13592,0.13592,0.13592,0.0,0.7898189960205463,423.53160954701906,-0.0,59.612954306739596,0.0,363.91865524027946,363.91865524027946,0.0,0.0
452,2019-01-19 20:00:00,1,2019-01-19 21:00:00,0.13592,0.13592,0.13592,0.0,0.573830031141055,449.00557208506615,-0.0,85.08691684478669,0.0,363.91865524027946,363.91865524027946,0.0,0.0
453,2019-01-19 21:00:00,1,2019-01-19 22:00:00,0.10531,0.10531,0.10531,0.0,0.2655441005440018,423.40882699042396,-0.0,59.4901717501445,0.0,363.91865524027946,363.91865524027946,0.0,0.0
454,2019-01-19 22:00:00,1,2019-01-19 23:00:00,0.10531,0.10531,0.10531,0.0,0.05,356.4712194463217,-0.0,0.0,0.0,356.4712194463217,356.4712194463217,0.0,1.0
455,2019-01-19 23:00:00,1,2019-01-20 00:00:00,0.10531,0.10531,0.10531,0.0,0.05,285.59572026525075,-0.0,0.0,0.0,285.59572026525075,285.59572026525075,0.0,1.0
456,2019-01-20 00:00:00,1,2019-01-20 01:00:00,0.10531,0.10531,0.10531,0.0,0.05,175.77859680948205,-0.0,0.0,0.0,175.77859680948205,175.77859680948205,0.0,1.0
457,2019-01-20 01:00:00,1,2019-01-20 02:00:00,0.10531,0.10531,0.10531,0.0,0.05,175.41211017111706,-0.0,0.0,0.0,175.41211017111706,175.41211017111706,0.0,1.0
458,2019-01-20 02:00:00,1,2019-01-20 03:00:00,0.10531,0.10531,0.10531,0.0,0.05,182.497715798732,-0.0,0.0,0.0,182.497715798732,182.497715798732,0.0,1.0
459,2019-01-20 03:00:00,1,2019-01-20 04:00:00,0.10531,0.10531,0.10531,0.0,0.05,161.42918147785517,-150.0,0.0,0.0,311.4291814778552,311.4291814778552,0.0,1.0
460,2019-01-20 04:00:00,1,2019-01-20 05:00:00,0.10531,0.10531,0.10531,0.0,0.51,171.6521647441039,-150.0,0.0,0.0,321.6521647441039,321.6521647441039,0.0,1.0
461,2019-01-20 05:00:00,1,2019-01-20 06:00:00,0.10531,0.10531,0.10531,0.0,0.97,210.54436173355379,-0.0,0.0,0.0,210.54436173355379,210.54436173355379,0.0,0.0
462,2019-01-20 06:00:00,1,2019-01-20 07:00:00,0.10531,0.10531,0.10531,0.0,0.97,346.1365059615635,-0.0,0.0,0.0,346.1365059615635,346.1365059615635,0.0,0.0
463,2019-01-20 07:00:00,1,2019-01-20 08:00:00,0.10531,0.10531,0.10531,0.0,0.97,408.2896086275671,-0.0,44.370953387287614,0.0,363.91865524027946,363.91865524027946,0.0,0.0
464,2019-01-20 08:00:00,1,2019-01-20 09:00:00,0.10531,0.10531,0.10531,0.0,0.809235676133016,363.52519722830937,-0.3934580119700968,0.0,0.0,363.91865524027946,363.91865524027946,0.0,1.0
465,2019-01-20 09:00:00,1,2019-01-20 10:00:00,0.10531,0.10531,0.10531,0.0,0.8104422807030576,334.37602201806,-29.54263322221948,0.0,0.0,363.91865524027946,363.91865524027946,0.0,1.0
466,2019-01-20 10:00:00,1,2019-01-20 11:00:00,0.10531,0.10531,0.10531,0.0,0.9010396892511972,287.5223999149075,-32.269666548522636,0.0,0.0,319.79206646343016,319.79206646343016,0.0,1.0
467,2019-01-20 11:00:00,1,2019-01-20 12:00:00,0.10531,0.10531,0.10531,0.0,1.0,289.9630333308939,-0.0,0.0,0.0,289.9630333308939,289.9630333308939,0.0,0.0
468,2019-01-20 12:00:00,1,2019-01-20 13:00:00,0.10531,0.10531,0.10531,0.0,1.0,288.77334104611566,-0.0,0.0,0.0,288.77334104611566,288.77334104611566,0.0,1.0
469,2019-01-20 13:00:00,1,2019-01-20 14:00:00,0.10531,0.10531,0.10531,0.0,1.0,278.9856462429318,-0.0,0.0,0.0,278.9856462429318,278.9856462429318,0.0,1.0
470,2019-01-20 14:00:00,1,2019-01-20 15:00:00,0.10531,0.10531,0.10531,0.0,1.0,279.284028495846,-0.0,0.0,0.0,279.284028495846,279.284028495846,0.0,1.0
471,2019-01-20 15:00:00,1,2019-01-20 16:00:00,0.10531,0.10531,0.10531,0.0,1.0,279.28891651072075,-0.0,0.0,0.0,279.28891651072075,279.28891651072075,0.0,1.0
472,2019-01-20 16:00:00,1,2019-01-20 17:00:00,0.13592,0.13592,0.13592,0.0,1.0,313.13282265411823,-0.0,0.0,0.0,313.13282265411823,313.13282265411823,0.0,1.0
473,2019-01-20 17:00:00,1,2019-01-20 18:00:00,0.13592,0.13592,0.13592,0.0,1.0,339.15636070475017,-0.0,0.0,0.0,339.15636070475017,339.15636070475017,0.0,1.0
474,2019-01-20 18:00:00,1,2019-01-20 19:00:00,0.13592,0.13592,0.13592,0.0,1.0,398.9855828394229,-0.0,56.34975524551945,0.0,342.6358275939034,342.6358275939034,0.0,0.0
475,2019-01-20 19:00:00,1,2019-01-20 20:00:00,0.13592,0.13592,0.13592,0.0,0.7958342201249295,424.08370741730687,-0.0,60.165052177027405,0.0,363.91865524027946,363.91865524027946,0.0,0.0
476,2019-01-20 20:00:00,1,2019-01-20 21:00:00,0.13592,0.13592,0.13592,0.0,0.5778449006429462,449.3441782847881,-0.0,85.42552304450862,0.0,363.91865524027946,363.91865524027946,0.0,0.0
477,2019-01-20 21:00:00,1,2019-01-20 22:00:00,0.10531,0.10531,0.10531,0.0,0.26833213598892947,424.178324773224,-0.0,60.25966953294454,0.0,363.91865524027946,363.91865524027946,0.0,0.0
478,2019-01-20 22:00:00,1,2019-01-20 23:00:00,0.10531,0.10531,0.10531,0.0,0.05,357.26235658050246,-0.0,0.0,0.0,357.26235658050246,357.26235658050246,0.0,0.0
479,2019-01-20 23:00:00,1,2019-01-21 00:00:00,0.10531,0.10531,0.10531,0.0,0.05,277.70984885354875,-0.0,0.0,0.0,277.70984885354875,277.70984885354875,0.0,1.0
480,2019-01-21 00:00:00,1,2019-01-21 01:00:00,0.10531,0.10531,0.10531,0.0,0.05,171.33735977240266,-0.0,0.0,0.0,171.33735977240266,171.33735977240266,0.0,1.0
481,2019-01-21 01:00:00,1,2019-01-21 02:00:00,0.10531,0.10531,0.10531,0.0,0.05,178.31310545520762,-0.0,0.0,0.0,178.31310545520762,178.31310545520762,0.0,1.0
482,2019-01-21 02:00:00,1,2019-01-21 03:00:00,0.10531,0.10531,0.10531,0.0,0.05,172.25506842721128,-9.782608695652174,0.0,0.0,182.03767712286347,182.03767712286347,0.0,1.0
483,2019-01-21 03:00:00,1,2019-01-21 04:00:00,0.10531,0.10531,0.10531,0.0,0.08,152.94598686941862,-150.0,0.0,0.0,302.9459868694186,302.9459868694186,0.0,1.0
484,2019-01-21 04:00:00,1,2019-01-21 05:00:00,0.10531,0.10531,0.10531,0.0,0.54,163.85449656101417,-0.0,0.0,0.0,163.85449656101417,163.85449656101417,0.0,1.0
485,2019-01-21 05:00:00,1,2019-01-21 06:00:00,0.10531,0.10531,0.10531,0.0,0.54,179.25655355795178,-150.0,0.0,0.0,329.25655355795175,329.25655355795175,0.0,1.0
486,2019-01-21 06:00:00,1,2019-01-21 07:00:00,0.10531,0.10531,0.10531,0.0,1.0,269.84148525465866,-0.0,0.0,0.0,269.84148525465866,269.84148525465866,0.0,1.0
487,2019-01-21 07:00:00,1,2019-01-21 08:00:00,0.10531,0.10531,0.10531,0.0,1.0,346.03199791704736,-0.0,0.0,0.0,346.03199791704736,346.03199791704736,0.0,1.0
488,2019-01-21 08:00:00,1,2019-01-21 09:00:00,0.10531,0.10531,0.10531,0.0,1.0,398.6349478380995,-0.0,34.71629259782003,0.0,363.91865524027946,363.91865524027946,0.0,0.0
489,2019-01-21 09:00:00,1,2019-01-21 10:00:00,0.10531,0.10531,0.10531,0.0,0.8742163311673187,351.75173033046354,-0.0,0.0,0.0,351.75173033046354,351.75173033046354,0.0,0.0
490,2019-01-21 10:00:00,1,2019-01-21 11:00:00,0.10531,0.10531,0.10531,0.0,0.8742163311673187,298.01966352272046,-41.01641374978738,0.0,0.0,339.03607727250784,339.03607727250784,0.0,1.0
491,2019-01-21 11:00:00,1,2019-01-21 12:00:00,0.10531,0.10531,0.10531,0.0,1.0,290.148604438913,-0.0,0.0,0.0,290.148604438913,290.148604438913,0.0,1.0
492,2019-01-21 12:00:00,1,2019-01-21 13:00:00,0.10531,0.10531,0.10531,0.0,1.0,289.64806667119285,-0.0,0.0,0.0,289.64806667119285,289.64806667119285,0.0,1.0
493,2019-01-21 13:00:00,1,2019-01-21 14:00:00,0.10531,0.10531,0.10531,0.0,1.0,279.71673834119355,-0.0,0.0,0.0,279.71673834119355,279.71673834119355,0.0,1.0
494,2019-01-21 14:00:00,1,2019-01-21 15:00:00,0.10531,0.10531,0.10531,0.0,1.0,279.72625214591466,-0.0,0.0,0.0,279.72625214591466,279.72625214591466,0.0,1.0
495,2019-01-21 15:00:00,1,2019-01-21 16:00:00,0.10531,0.10531,0.10531,0.0,1.0,280.40645322098715,-0.0,0.0,0.0,280.40645322098715,280.40645322098715,0.0,1.0
496,2019-01-21 16:00:00,1,2019-01-21 17:00:00,0.13592,0.13592,0.13592,0.0,1.0,316.1550553104436,-0.0,0.0,0.0,316.1550553104436,316.1550553104436,0.0,1.0
497,2019-01-21 17:00:00,1,2019-01-21 18:00:00,0.13592,0.13592,0.13592,0.0,1.0,333.4317545124336,-0.0,0.0,0.0,333.4317545124336,333.4317545124336,0.0,1.0
498,2019-01-21 18:00:00,1,2019-01-21 19:00:00,0.13592,0.13592,0.13592,0.0,1.0,371.94164439452265,-0.0,118.44956077413778,0.0,253.49208362038488,253.49208362038488,0.0,0.0
499,2019-01-21 19:00:00,1,2019-01-21 20:00:00,0.13592,0.13592,0.13592,0.0,0.5708349247313849,393.2461391442227,-0.0,29.327483903943232,0.0,363.91865524027946,363.91865524027946,0.0,0.0
500,2019-01-21 20:00:00,1,2019-01-21 21:00:00,0.13592,0.13592,0.13592,0.0,0.46457592507941664,423.78210790579834,-0.0,59.86345266551888,0.0,363.91865524027946,363.91865524027946,0.0,0.0
501,2019-01-21 21:00:00,1,2019-01-21 22:00:00,0.10531,0.10531,0.10531,0.0,0.2476793574507251,418.4781578966796,-0.0,54.55950265640013,0.0,363.91865524027946,363.91865524027946,0.0,0.0
502,2019-01-21 22:00:00,1,2019-01-21 23:00:00,0.10531,0.10531,0.10531,0.0,0.05,353.82171693360146,-0.0,0.0,0.0,353.82171693360146,353.82171693360146,0.0,1.0
503,2019-01-21 23:00:00,1,2019-01-22 00:00:00,0.10531,0.10531,0.10531,0.0,0.05,244.91265942375657,-0.0,0.0,0.0,244.91265942375657,244.91265942375657,0.0,1.0
504,2019-01-22 00:00:00,1,2019-01-22 01:00:00,0.10531,0.10531,0.10531,0.0,0.05,188.59730463668836,-46.81218580829266,0.0,0.0,235.40949044498103,235.40949044498103,0.0,1.0
505,2019-01-22 01:00:00,1,2019-01-22 02:00:00,0.10531,0.10531,0.10531,0.0,0.1935573698120975,188.1616747053381,-0.0,0.0,0.0,188.1616747053381,188.1616747053381,0.0,1.0
506,2019-01-22 02:00:00,1,2019-01-22 03:00:00,0.10531,0.10531,0.10531,0.0,0.1935573698120975,190.31889775274811,-0.0,0.0,0.0,190.31889775274811,190.31889775274811,0.0,1.0
507,2019-01-22 03:00:00,1,2019-01-22 04:00:00,0.10531,0.10531,0.10531,0.0,0.1935573698120975,178.4097224196577,-0.0,0.0,0.0,178.4097224196577,178.4097224196577,0.0,1.0
508,2019-01-22 04:00:00,1,2019-01-22 05:00:00,0.10531,0.10531,0.10531,0.0,0.1935573698120975,176.5411739785242,-0.0,0.0,0.0,176.5411739785242,176.5411739785242,0.0,1.0
509,2019-01-22 05:00:00,1,2019-01-22 06:00:00,0.10531,0.10531,0.10531,0.0,0.1935573698120975,183.093512957755,-150.0,0.0,0.0,333.093512957755,333.093512957755,0.0,1.0
510,2019-01-22 06:00:00,1,2019-01-22 07:00:00,0.10531,0.10531,0.10531,0.0,0.6535573698120974,265.9622121929993,-0.0,0.0,0.0,265.9622121929993,265.9622121929993,0.0,1.0
511,2019-01-22 07:00:00,1,2019-01-22 08:00:00,0.10531,0.10531,0.10531,0.0,0.6535573698120974,346.32099684368404,-0.0,0.0,0.0,346.32099684368404,346.32099684368404,0.0,1.0
512,2019-01-22 08:00:00,1,2019-01-22 09:00:00,0.10531,0.10531,0.10531,0.0,0.6535573698120974,401.960045803849,-0.0,38.041390563569564,0.0,363.91865524027946,363.91865524027946,0.0,0.0
513,2019-01-22 09:00:00,1,2019-01-22 10:00:00,0.10531,0.10531,0.10531,0.0,0.515726244581773,341.6832667382809,-0.0,0.0,0.0,341.6832667382809,341.6832667382809,0.0,0.0
514,2019-01-22 10:00:00,1,2019-01-22 11:00:00,0.10531,0.10531,0.10531,0.0,0.515726244581773,298.23618436952523,-0.0,0.0,0.0,298.23618436952523,298.23618436952523,0.0,0.0
515,2019-01-22 11:00:00,1,2019-01-22 12:00:00,0.10531,0.10531,0.10531,0.0,0.515726244581773,294.94597810543996,-0.0,0.0,0.0,294.94597810543996,294.94597810543996,0.0,0.0
516,2019-01-22 12:00:00,1,2019-01-22 13:00:00,0.10531,0.10531,0.10531,0.0,0.515726244581773,294.55035101913455,-0.0,0.0,0.0,294.55035101913455,294.55035101913455,0.0,1.0
517,2019-01-22 13:00:00,1,2019-01-22 14:00:00,0.10531,0.10531,0.10531,0.0,0.515726244581773,275.2272038247261,-88.69145141555339,0.0,0.0,363.91865524027946,363.91865524027946,0.0,1.0
518,2019-01-22 14:00:00,1,2019-01-22 15:00:00,0.10531,0.10531,0.10531,0.0,0.7877133622561368,275.37160443374165,-0.0,0.0,0.0,275.37160443374165,275.37160443374165,0.0,1.0
519,2019-01-22 15:00:00,1,2019-01-22 16:00:00,0.10531,0.10531,0.10531,0.0,0.7877133622561368,275.4199452955958,-69.22390361212933,0.0,0.0,344.64384890772516,344.64384890772516,0.0,1.0
520,2019-01-22 16:00:00,1,2019-01-22 17:00:00,0.13592,0.13592,0.13592,0.0,1.0,308.1289688093911,-0.0,0.0,0.0,308.1289688093911,308.1289688093911,0.0,1.0
521,2019-01-22 17:00:00,1,2019-01-22 18:00:00,0.13592,0.13592,0.13592,0.0,1.0,324.1227354018092,-0.0,0.0,0.0,324.1227354018092,324.1227354018092,0.0,1.0
522,2019-01-22 18:00:00,1,2019-01-22 19:00:00,0.13592,0.13592,0.13592,0.0,1.0,360.3900132217326,-0.0,0.0,0.0,360.3900132217326,360.3900132217326,0.0,1.0
523,2019-01-22 19:00:00,1,2019-01-22 20:00:00,0.13592,0.13592,0.13592,0.0,1.0,390.40372449601983,-0.0,150.0,0.0,240.40372449601983,240.40372449601983,0.0,0.0
524,2019-01-22 20:00:00,1,2019-01-22 21:00:00,0.13592,0.13592,0.13592,0.0,0.4565217391304348,428.56864741159865,-0.0,73.13718091382773,0.0,355.4314664977709,355.4314664977709,0.0,0.0
525,2019-01-22 21:00:00,1,2019-01-22 22:00:00,0.10531,0.10531,0.10531,0.0,0.19153195321076913,402.98147432645175,-0.0,39.06281908617228,0.0,363.91865524027946,363.91865524027946,0.0,0.0
526,2019-01-22 22:00:00,1,2019-01-22 23:00:00,0.10531,0.10531,0.10531,0.0,0.05,339.44624368248714,-0.0,0.0,0.0,339.44624368248714,339.44624368248714,0.0,1.0
527,2019-01-22 23:00:00,1,2019-01-23 00:00:00,0.10531,0.10531,0.10531,0.0,0.05,247.59285366457237,-0.0,0.0,0.0,247.59285366457237,247.59285366457237,0.0,1.0
528,2019-01-23 00:00:00,1,2019-01-23 01:00:00,0.10531,0.10531,0.10531,0.0,0.05,180.65120191863855,-0.0,0.0,0.0,180.65120191863855,180.65120191863855,0.0,1.0
529,2019-01-23 01:00:00,1,2019-01-23 02:00:00,0.10531,0.10531,0.10531,0.0,0.05,163.6751742217476,-0.0,0.0,0.0,163.6751742217476,163.6751742217476,0.0,1.0
530,2019-01-23 02:00:00,1,2019-01-23 03:00:00,0.10531,0.10531,0.10531,0.0,0.05,148.66167681298617,-0.0,0.0,0.0,148.66167681298617,148.66167681298617,0.0,1.0
531,2019-01-23 03:00:00,1,2019-01-23 04:00:00,0.10531,0.10531,0.10531,0.0,0.05,168.820261914236,-150.0,0.0,0.0,318.82026191423597,318.82026191423597,0.0,1.0
532,2019-01-23 04:00:00,1,2019-01-23 05:00:00,0.10531,0.10531,0.10531,0.0,0.51,178.00138314271712,-0.0,0.0,0.0,178.00138314271712,178.00138314271712,0.0,1.0
533,2019-01-23 05:00:00,1,2019-01-23 06:00:00,0.10531,0.10531,0.10531,0.0,0.51,205.40717747357357,-42.6878692828106,0.0,0.0,248.09504675638416,248.09504675638416,0.0,1.0
534,2019-01-23 06:00:00,1,2019-01-23 07:00:00,0.10531,0.10531,0.10531,0.0,0.6409094658006192,331.3660471603675,-0.0,0.0,0.0,331.3660471603675,331.3660471603675,0.0,0.0
535,2019-01-23 07:00:00,1,2019-01-23 08:00:00,0.10531,0.10531,0.10531,0.0,0.6409094658006192,406.52648177619113,-0.0,42.60782653591167,0.0,363.91865524027946,363.91865524027946,0.0,0.0
536,2019-01-23 08:00:00,1,2019-01-23 09:00:00,0.10531,0.10531,0.10531,0.0,0.48653328269949,363.33839049832307,-0.0,0.0,0.0,363.33839049832307,363.33839049832307,0.0,0.0
537,2019-01-23 09:00:00,1,2019-01-23 10:00:00,0.10531,0.10531,0.10531,0.0,0.48653328269949,333.5969560706607,-0.0,0.0,0.0,333.5969560706607,333.5969560706607,0.0,1.0
538,2019-01-23 10:00:00,1,2019-01-23 11:00:00,0.10531,0.10531,0.10531,0.0,0.48653328269949,284.7026964308739,-79.21595880940555,0.0,0.0,363.91865524027946,363.91865524027946,0.0,1.0
539,2019-01-23 11:00:00,1,2019-01-23 12:00:00,0.10531,0.10531,0.10531,0.0,0.7294622230483336,285.6534127674951,-0.0,0.0,0.0,285.6534127674951,285.6534127674951,0.0,1.0
540,2019-01-23 12:00:00,1,2019-01-23 13:00:00,0.10531,0.10531,0.10531,0.0,0.7294622230483336,285.29232345731265,-0.0,0.0,0.0,285.29232345731265,285.29232345731265,0.0,0.0
541,2019-01-23 13:00:00,1,2019-01-23 14:00:00,0.10531,0.10531,0.10531,0.0,0.7294622230483336,275.6998149299535,-88.21884031032596,0.0,0.0,363.91865524027946,363.91865524027946,0.0,1.0
542,2019-01-23 14:00:00,1,2019-01-23 15:00:00,0.10531,0.10531,0.10531,0.0,1.0,275.71386064990367,-0.0,0.0,0.0,275.71386064990367,275.71386064990367,0.0,0.0
543,2019-01-23 15:00:00,1,2019-01-23 16:00:00,0.10531,0.10531,0.10531,0.0,1.0,275.8535216134486,-0.0,0.0,0.0,275.8535216134486,275.8535216134486,0.0,1.0
544,2019-01-23 16:00:00,1,2019-01-23 17:00:00,0.13592,0.13592,0.13592,0.0,1.0,308.1757789563552,-0.0,0.0,0.0,308.1757789563552,308.1757789563552,0.0,1.0
545,2019-01-23 17:00:00,1,2019-01-23 18:00:00,0.13592,0.13592,0.13592,0.0,1.0,335.4829200803076,-0.0,90.55283705558597,0.0,244.93008302472165,244.93008302472165,0.0,0.0
546,2019-01-23 18:00:00,1,2019-01-23 19:00:00,0.13592,0.13592,0.13592,0.0,0.6719100106681668,368.81210390052,-0.0,4.893448660240551,0.0,363.91865524027946,363.91865524027946,0.0,0.0
547,2019-01-23 19:00:00,1,2019-01-23 20:00:00,0.13592,0.13592,0.13592,0.0,0.6541801242180199,396.23904282090257,-0.0,32.320387580623105,0.0,363.91865524027946,363.91865524027946,0.0,0.0
548,2019-01-23 20:00:00,1,2019-01-23 21:00:00,0.13592,0.13592,0.13592,0.0,0.5370772706650376,438.8495013860973,-0.0,74.93084614581784,0.0,363.91865524027946,363.91865524027946,0.0,0.0
549,2019-01-23 21:00:00,1,2019-01-23 22:00:00,0.10531,0.10531,0.10531,0.0,0.265588697672944,423.421135798012,-0.0,59.502480557732554,0.0,363.91865524027946,363.91865524027946,0.0,0.0
550,2019-01-23 22:00:00,1,2019-01-23 23:00:00,0.10531,0.10531,0.10531,0.0,0.05,340.0135802230908,-23.905075017188665,0.0,0.0,363.91865524027946,363.91865524027946,0.0,1.0
551,2019-01-23 23:00:00,1,2019-01-24 00:00:00,0.10531,0.10531,0.10531,0.0,0.12330889671937859,274.9763595809602,-24.57868478139823,0.0,0.0,299.55504436235844,299.55504436235844,0.0,1.0
552,2019-01-24 00:00:00,1,2019-01-24 01:00:00,0.10531,0.10531,0.10531,0.0,0.19868353004899983,203.2124855305869,-0.0,0.0,0.0,203.2124855305869,203.2124855305869,0.0,1.0
553,2019-01-24 01:00:00,1,2019-01-24 02:00:00,0.10531,0.10531,0.10531,0.0,0.19868353004899983,172.0241778970854,-0.0,0.0,0.0,172.0241778970854,172.0241778970854,0.0,0.0
554,2019-01-24 02:00:00,1,2019-01-24 03:00:00,0.10531,0.10531,0.10531,0.0,0.19868353004899983,151.84835023830757,-0.0,0.0,0.0,151.84835023830757,151.84835023830757,0.0,1.0
555,2019-01-24 03:00:00,1,2019-01-24 04:00:00,0.10531,0.10531,0.10531,0.0,0.19868353004899983,146.66753439919867,-0.0,0.0,0.0,146.66753439919867,146.66753439919867,0.0,1.0
556,2019-01-24 04:00:00,1,2019-01-24 05:00:00,0.10531,0.10531,0.10531,0.0,0.19868353004899983,153.77598012627917,-0.0,0.0,0.0,153.77598012627917,153.77598012627917,0.0,1.0
557,2019-01-24 05:00:00,1,2019-01-24 06:00:00,0.10531,0.10531,0.10531,0.0,0.19868353004899983,189.4463147684149,-0.0,0.0,0.0,189.4463147684149,189.4463147684149,0.0,1.0
558,2019-01-24 06:00:00,1,2019-01-24 07:00:00,0.10531,0.10531,0.10531,0.0,0.19868353004899983,321.37179566918303,-0.0,0.0,0.0,321.37179566918303,321.37179566918303,0.0,0.0
559,2019-01-24 07:00:00,1,2019-01-24 08:00:00,0.10531,0.10531,0.10531,0.0,0.19868353004899983,404.9553095338034,-0.0,41.03665429352395,0.0,363.91865524027946,363.91865524027946,0.0,0.0
560,2019-01-24 08:00:00,1,2019-01-24 09:00:00,0.10531,0.10531,0.10531,0.0,0.05,362.81688927252446,-0.0,0.0,0.0,362.81688927252446,362.81688927252446,0.0,1.0
561,2019-01-24 09:00:00,1,2019-01-24 10:00:00,0.10531,0.10531,0.10531,0.0,0.05,333.6820581233331,-30.23659711694637,0.0,0.0,363.91865524027946,363.91865524027946,0.0,1.0
562,2019-01-24 10:00:00,1,2019-01-24 11:00:00,0.10531,0.10531,0.10531,0.0,0.14272556449196888,285.3504443515518,-0.0,0.0,0.0,285.3504443515518,285.3504443515518,0.0,1.0
563,2019-01-24 11:00:00,1,2019-01-24 12:00:00,0.10531,0.10531,0.10531,0.0,0.14272556449196888,286.9852042444962,-76.93345099578329,0.0,0.0,363.91865524027946,363.91865524027946,0.0,1.0
564,2019-01-24 12:00:00,1,2019-01-24 13:00:00,0.10531,0.10531,0.10531,0.0,0.37865481421237096,286.72231904074744,-77.19633619953203,0.0,0.0,363.91865524027946,363.91865524027946,0.0,1.0
565,2019-01-24 13:00:00,1,2019-01-24 14:00:00,0.10531,0.10531,0.10531,0.0,0.6153902452242692,276.97104100663495,-86.94761423364452,0.0,0.0,363.91865524027946,363.91865524027946,0.0,1.0
566,2019-01-24 14:00:00,1,2019-01-24 15:00:00,0.10531,0.10531,0.10531,0.0,0.882029595540779,276.7778041087071,-38.46861014974597,0.0,0.0,315.24641425845306,315.24641425845306,0.0,1.0
567,2019-01-24 15:00:00,1,2019-01-24 16:00:00,0.10531,0.10531,0.10531,0.0,1.0,276.492709211754,-0.0,0.0,0.0,276.492709211754,276.492709211754,0.0,1.0
568,2019-01-24 16:00:00,1,2019-01-24 17:00:00,0.13592,0.13592,0.13592,0.0,1.0,308.74198472909654,-0.0,0.0,0.0,308.74198472909654,308.74198472909654,0.0,1.0
569,2019-01-24 17:00:00,1,2019-01-24 18:00:00,0.13592,0.13592,0.13592,0.0,1.0,361.2064047045658,-0.0,0.0,0.0,361.2064047045658,361.2064047045658,0.0,1.0
570,2019-01-24 18:00:00,1,2019-01-24 19:00:00,0.13592,0.13592,0.13592,0.0,1.0,392.95985509094993,-0.0,75.61389393611354,0.0,317.3459611548364,317.3459611548364,0.0,0.0
571,2019-01-24 19:00:00,1,2019-01-24 20:00:00,0.13592,0.13592,0.13592,0.0,0.7260366161735017,410.24902712763594,-0.0,46.33037188735648,0.0,363.91865524027946,363.91865524027946,0.0,0.0
572,2019-01-24 20:00:00,1,2019-01-24 21:00:00,0.13592,0.13592,0.13592,0.0,0.5581729499149637,444.9065971056927,-0.0,80.98794186541323,0.0,363.91865524027946,363.91865524027946,0.0,0.0
573,2019-01-24 21:00:00,1,2019-01-24 22:00:00,0.10531,0.10531,0.10531,0.0,0.2647383779388288,423.1864475513962,-0.0,59.26779231111675,0.0,363.91865524027946,363.91865524027946,0.0,0.0
574,2019-01-24 22:00:00,1,2019-01-24 23:00:00,0.10531,0.10531,0.10531,0.0,0.05,347.8542771906947,-8.021465737088539,0.0,0.0,355.8757429277832,355.8757429277832,0.0,1.0
575,2019-01-24 23:00:00,1,2019-01-25 00:00:00,0.10531,0.10531,0.10531,0.0,0.0745991615937382,248.7980232792694,-0.0,0.0,0.0,248.7980232792694,248.7980232792694,0.0,1.0
576,2019-01-25 00:00:00,1,2019-01-25 01:00:00,0.10531,0.10531,0.10531,0.0,0.0745991615937382,187.2893895338935,-0.0,8.171241461241152e-16,0.0,187.2893895338935,187.2893895338935,0.0,1.0
577,2019-01-25 01:00:00,1,2019-01-25 02:00:00,0.10531,0.10531,0.10531,0.0,0.0745991615937382,169.3518410403095,-150.0,0.0,0.0,319.3518410403095,319.3518410403095,0.0,1.0
578,2019-01-25 02:00:00,1,2019-01-25 03:00:00,0.10531,0.10531,0.10531,0.0,0.5345991615937382,158.33137200137776,-1.76114295856359,0.0,0.0,160.09251495994135,160.09251495994135,0.0,1.0
579,2019-01-25 03:00:00,1,2019-01-25 04:00:00,0.10531,0.10531,0.10531,0.0,0.5399999999999999,151.29125509167875,-0.0,0.0,0.0,151.29125509167875,151.29125509167875,0.0,0.0
580,2019-01-25 04:00:00,1,2019-01-25 05:00:00,0.10531,0.10531,0.10531,0.0,0.5399999999999999,154.70096714141457,-0.0,-2.6147972675971688e-14,0.0,154.7009671414146,154.7009671414146,0.0,1.0
581,2019-01-25 05:00:00,1,2019-01-25 06:00:00,0.10531,0.10531,0.10531,0.0,0.54,194.02550522836265,-150.0,0.0,0.0,344.02550522836265,344.02550522836265,0.0,1.0
582,2019-01-25 06:00:00,1,2019-01-25 07:00:00,0.10531,0.10531,0.10531,0.0,1.0,323.5104525247796,-0.0,0.0,0.0,323.5104525247796,323.5104525247796,0.0,1.0
583,2019-01-25 07:00:00,1,2019-01-25 08:00:00,0.10531,0.10531,0.10531,0.0,1.0,404.9095266185503,-0.0,40.99087137827081,0.0,363.91865524027946,363.91865524027946,0.0,0.0
584,2019-01-25 08:00:00,1,2019-01-25 09:00:00,0.10531,0.10531,0.10531,0.0,0.851482350078729,362.50250879499623,-0.0,0.0,0.0,362.50250879499623,362.50250879499623,0.0,0.0
585,2019-01-25 09:00:00,1,2019-01-25 10:00:00,0.10531,0.10531,0.10531,0.0,0.851482350078729,332.9524300151881,-0.0,0.0,0.0,332.9524300151881,332.9524300151881,0.0,1.0
586,2019-01-25 10:00:00,1,2019-01-25 11:00:00,0.10531,0.10531,0.10531,0.0,0.851482350078729,285.6857724810553,-0.0,0.0,0.0,285.6857724810553,285.6857724810553,0.0,1.0
587,2019-01-25 11:00:00,1,2019-01-25 12:00:00,0.10531,0.10531,0.10531,0.0,0.851482350078729,287.25156883743153,-48.42966845258837,0.0,0.0,335.6812372900199,335.6812372900199,0.0,1.0
588,2019-01-25 12:00:00,1,2019-01-25 13:00:00,0.10531,0.10531,0.10531,0.0,1.0,286.6782570210881,-0.0,0.0,0.0,286.6782570210881,286.6782570210881,0.0,1.0
589,2019-01-25 13:00:00,1,2019-01-25 14:00:00,0.10531,0.10531,0.10531,0.0,1.0,276.77513092003613,-0.0,0.0,0.0,276.77513092003613,276.77513092003613,0.0,1.0
590,2019-01-25 14:00:00,1,2019-01-25 15:00:00,0.10531,0.10531,0.10531,0.0,1.0,276.3323672732471,-0.0,0.0,0.0,276.3323672732471,276.3323672732471,0.0,1.0
591,2019-01-25 15:00:00,1,2019-01-25 16:00:00,0.10531,0.10531,0.10531,0.0,1.0,276.4419174387724,-0.0,0.0,0.0,276.4419174387724,276.4419174387724,0.0,1.0
592,2019-01-25 16:00:00,1,2019-01-25 17:00:00,0.13592,0.13592,0.13592,0.0,1.0,308.7647648409184,-0.0,0.0,0.0,308.7647648409184,308.7647648409184,0.0,1.0
593,2019-01-25 17:00:00,1,2019-01-25 18:00:00,0.13592,0.13592,0.13592,0.0,1.0,361.88362125504455,-0.0,0.0,0.0,361.88362125504455,361.88362125504455,0.0,1.0
594,2019-01-25 18:00:00,1,2019-01-25 19:00:00,0.13592,0.13592,0.13592,0.0,1.0,405.00564339055416,-0.0,41.08698815027469,0.0,363.91865524027946,363.91865524027946,0.0,0.0
595,2019-01-25 19:00:00,1,2019-01-25 20:00:00,0.13592,0.13592,0.13592,0.0,0.8511341009048019,413.93838371667084,-0.0,76.31770515669068,0.0,337.62067855998015,337.62067855998015,0.0,0.0
596,2019-01-25 20:00:00,1,2019-01-25 21:00:00,0.13592,0.13592,0.13592,0.0,0.5746206764240386,448.8877613568924,-0.0,84.96910611661292,0.0,363.91865524027946,363.91865524027946,0.0,0.0
597,2019-01-25 21:00:00,1,2019-01-25 22:00:00,0.10531,0.10531,0.10531,0.0,0.26676159629138313,423.7448558167012,-0.0,59.82620057642174,0.0,363.91865524027946,363.91865524027946,0.0,0.0
598,2019-01-25 22:00:00,1,2019-01-25 23:00:00,0.10531,0.10531,0.10531,0.0,0.05,347.81236918146396,-0.0,0.0,0.0,347.81236918146396,347.81236918146396,0.0,1.0
599,2019-01-25 23:00:00,1,2019-01-26 00:00:00,0.10531,0.10531,0.10531,0.0,0.05,245.6407611309745,-0.0,0.0,0.0,245.6407611309745,245.6407611309745,0.0,0.0
600,2019-01-26 00:00:00,1,2019-01-26 01:00:00,0.10531,0.10531,0.10531,0.0,0.05,185.87346362395598,-0.0,0.0,0.0,185.87346362395598,185.87346362395598,0.0,1.0
601,2019-01-26 01:00:00,1,2019-01-26 02:00:00,0.10531,0.10531,0.10531,0.0,0.05,167.50757262417105,-0.0,0.0,0.0,167.50757262417105,167.50757262417105,0.0,1.0
602,2019-01-26 02:00:00,1,2019-01-26 03:00:00,0.10531,0.10531,0.10531,0.0,0.05,150.56299629165673,-9.782608695652174,0.0,0.0,160.34560498730892,160.34560498730892,0.0,1.0
603,2019-01-26 03:00:00,1,2019-01-26 04:00:00,0.10531,0.10531,0.10531,0.0,0.08,148.7836785941546,-0.0,0.0,0.0,148.7836785941546,148.7836785941546,0.0,1.0
604,2019-01-26 04:00:00,1,2019-01-26 05:00:00,0.10531,0.10531,0.10531,0.0,0.08,158.00415070820796,-150.0,0.0,0.0,308.00415070820793,308.00415070820793,0.0,1.0
605,2019-01-26 05:00:00,1,2019-01-26 06:00:00,0.10531,0.10531,0.10531,0.0,0.54,194.01063753085086,-150.0,0.0,0.0,344.0106375308509,344.0106375308509,0.0,1.0
606,2019-01-26 06:00:00,1,2019-01-26 07:00:00,0.10531,0.10531,0.10531,0.0,1.0,320.07565648797873,-0.0,0.0,0.0,320.07565648797873,320.07565648797873,0.0,1.0
607,2019-01-26 07:00:00,1,2019-01-26 08:00:00,0.10531,0.10531,0.10531,0.0,1.0,405.0928860551521,-0.0,41.17423081487266,0.0,363.91865524027946,363.91865524027946,0.0,0.0
608,2019-01-26 08:00:00,1,2019-01-26 09:00:00,0.10531,0.10531,0.10531,0.0,0.8508180042939396,360.21291724024485,-3.7057380000346143,0.0,0.0,363.91865524027946,363.91865524027946,0.0,1.0
609,2019-01-26 09:00:00,1,2019-01-26 10:00:00,0.10531,0.10531,0.10531,0.0,0.8621822674940457,332.8152885586229,-0.0,0.0,0.0,332.8152885586229,332.8152885586229,0.0,0.0
610,2019-01-26 10:00:00,1,2019-01-26 11:00:00,0.10531,0.10531,0.10531,0.0,0.8621822674940457,285.0612122706223,-44.940564947593764,0.0,0.0,330.0017772182161,330.0017772182161,0.0,1.0
611,2019-01-26 11:00:00,1,2019-01-26 12:00:00,0.10531,0.10531,0.10531,0.0,1.0,286.4161333537568,-0.0,0.0,0.0,286.4161333537568,286.4161333537568,0.0,1.0
612,2019-01-26 12:00:00,1,2019-01-26 13:00:00,0.10531,0.10531,0.10531,0.0,1.0,285.39124066381254,-0.0,0.0,0.0,285.39124066381254,285.39124066381254,0.0,1.0
613,2019-01-26 13:00:00,1,2019-01-26 14:00:00,0.10531,0.10531,0.10531,0.0,1.0,275.2680688957673,-0.0,0.0,0.0,275.2680688957673,275.2680688957673,0.0,1.0
614,2019-01-26 14:00:00,1,2019-01-26 15:00:00,0.10531,0.10531,0.10531,0.0,1.0,275.3498641623993,-0.0,0.0,0.0,275.3498641623993,275.3498641623993,0.0,1.0
615,2019-01-26 15:00:00,1,2019-01-26 16:00:00,0.10531,0.10531,0.10531,0.0,1.0,275.6444145160886,-0.0,0.0,0.0,275.6444145160886,275.6444145160886,0.0,1.0
616,2019-01-26 16:00:00,1,2019-01-26 17:00:00,0.13592,0.13592,0.13592,0.0,1.0,308.3799305170683,-0.0,82.00583806586968,0.0,226.37409245119863,226.37409245119863,0.0,0.0
617,2019-01-26 17:00:00,1,2019-01-26 18:00:00,0.13592,0.13592,0.13592,0.0,0.7028773983120664,353.5856773735992,-0.0,0.0,0.0,353.5856773735992,353.5856773735992,0.0,0.0
618,2019-01-26 18:00:00,1,2019-01-26 19:00:00,0.13592,0.13592,0.13592,0.0,0.7028773983120664,369.42139458807,-0.0,5.502739347790509,0.0,363.91865524027946,363.91865524027946,0.0,0.0
619,2019-01-26 19:00:00,1,2019-01-26 20:00:00,0.13592,0.13592,0.13592,0.0,0.6829399369070283,400.7015125418093,-0.0,36.782857301529816,0.0,363.91865524027946,363.91865524027946,0.0,0.0
620,2019-01-26 20:00:00,1,2019-01-26 21:00:00,0.13592,0.13592,0.13592,0.0,0.5496687148000362,445.75468510057317,-0.0,81.8360298602937,0.0,363.91865524027946,363.91865524027946,0.0,0.0
621,2019-01-26 21:00:00,1,2019-01-26 22:00:00,0.10531,0.10531,0.10531,0.0,0.25316136023375463,419.99119066479574,-0.0,56.072535424516275,0.0,363.91865524027946,363.91865524027946,0.0,0.0
622,2019-01-26 22:00:00,1,2019-01-26 23:00:00,0.10531,0.10531,0.10531,0.0,0.05,354.273376058362,-9.645279181917488,0.0,0.0,363.91865524027946,363.91865524027946,0.0,1.0
623,2019-01-26 23:00:00,1,2019-01-27 00:00:00,0.10531,0.10531,0.10531,0.0,0.0795788561578803,250.54838149735036,-41.73162253460421,0.0,0.0,292.2800040319546,292.2800040319546,0.0,1.0
624,2019-01-27 00:00:00,1,2019-01-27 01:00:00,0.10531,0.10531,0.10531,0.0,0.20755583193066657,190.84013817939896,-0.0,0.0,0.0,190.84013817939896,190.84013817939896,0.0,1.0
625,2019-01-27 01:00:00,1,2019-01-27 02:00:00,0.10531,0.10531,0.10531,0.0,0.20755583193066657,175.04999757270684,-108.40570697913047,0.0,0.0,283.4557045518373,283.4557045518373,0.0,1.0
626,2019-01-27 02:00:00,1,2019-01-27 03:00:00,0.10531,0.10531,0.10531,0.0,0.54,162.99058675427818,-0.0,0.0,0.0,162.99058675427818,162.99058675427818,0.0,0.0
627,2019-01-27 03:00:00,1,2019-01-27 04:00:00,0.10531,0.10531,0.10531,0.0,0.54,157.2300941104348,-0.0,0.0,0.0,157.2300941104348,157.2300941104348,0.0,0.0
628,2019-01-27 04:00:00,1,2019-01-27 05:00:00,0.10531,0.10531,0.10531,0.0,0.54,164.9495554461252,-0.0,0.0,0.0,164.9495554461252,164.9495554461252,0.0,1.0
629,2019-01-27 05:00:00,1,2019-01-27 06:00:00,0.10531,0.10531,0.10531,0.0,0.54,199.15769799958233,-150.0,0.0,0.0,349.1576979995823,349.1576979995823,0.0,1.0
630,2019-01-27 06:00:00,1,2019-01-27 07:00:00,0.10531,0.10531,0.10531,0.0,1.0,329.92082684060347,-0.0,0.0,0.0,329.92082684060347,329.92082684060347,0.0,0.0
631,2019-01-27 07:00:00,1,2019-01-27 08:00:00,0.10531,0.10531,0.10531,0.0,1.0,407.0474825947275,-0.0,43.12882735444805,0.0,363.91865524027946,363.91865524027946,0.0,0.0
632,2019-01-27 08:00:00,1,2019-01-27 09:00:00,0.10531,0.10531,0.10531,0.0,0.843736132773739,364.2752374986954,-0.0,0.3565822584159264,0.0,363.91865524027946,363.91865524027946,0.0,0.0
633,2019-01-27 09:00:00,1,2019-01-27 10:00:00,0.10531,0.10531,0.10531,0.0,0.8424441680693334,331.75337608187453,-0.0,0.0,0.0,331.75337608187453,331.75337608187453,0.0,0.0
634,2019-01-27 10:00:00,1,2019-01-27 11:00:00,0.10531,0.10531,0.10531,0.0,0.8424441680693334,284.92090862101696,-0.0,0.0,0.0,284.92090862101696,284.92090862101696,0.0,0.0
635,2019-01-27 11:00:00,1,2019-01-27 12:00:00,0.10531,0.10531,0.10531,0.0,0.8424441680693334,286.5580899195323,-0.0,0.0,0.0,286.5580899195323,286.5580899195323,0.0,0.0
636,2019-01-27 12:00:00,1,2019-01-27 13:00:00,0.10531,0.10531,0.10531,0.0,0.8424441680693334,285.7145345849915,-51.3769017165217,0.0,0.0,337.0914363015132,337.0914363015132,0.0,1.0
637,2019-01-27 13:00:00,1,2019-01-27 14:00:00,0.10531,0.10531,0.10531,0.0,1.0,275.25249215271276,-0.0,0.0,0.0,275.25249215271276,275.25249215271276,0.0,1.0
638,2019-01-27 14:00:00,1,2019-01-27 15:00:00,0.10531,0.10531,0.10531,0.0,1.0,275.20493434209,-0.0,0.0,0.0,275.20493434209,275.20493434209,0.0,1.0
639,2019-01-27 15:00:00,1,2019-01-27 16:00:00,0.10531,0.10531,0.10531,0.0,1.0,275.4535287051998,-0.0,0.0,0.0,275.4535287051998,275.4535287051998,0.0,1.0
640,2019-01-27 16:00:00,1,2019-01-27 17:00:00,0.13592,0.13592,0.13592,0.0,1.0,308.0472810130538,-0.0,0.0,0.0,308.0472810130538,308.0472810130538,0.0,1.0
641,2019-01-27 17:00:00,1,2019-01-27 18:00:00,0.13592,0.13592,0.13592,0.0,1.0,354.02090320377334,-0.0,0.0,0.0,354.02090320377334,354.02090320377334,0.0,1.0
642,2019-01-27 18:00:00,1,2019-01-27 19:00:00,0.13592,0.13592,0.13592,0.0,1.0,375.249589856334,-0.0,11.330934616054549,0.0,363.91865524027946,363.91865524027946,0.0,0.0
643,2019-01-27 19:00:00,1,2019-01-27 20:00:00,0.13592,0.13592,0.13592,0.0,0.9589458890722661,402.01842798705815,-0.0,45.60304345167937,0.0,356.4153845353788,356.4153845353788,0.0,0.0
644,2019-01-27 20:00:00,1,2019-01-27 21:00:00,0.13592,0.13592,0.13592,0.0,0.79371747076908,446.69647412701136,-0.0,150.0,0.0,296.69647412701136,296.69647412701136,0.0,0.0
645,2019-01-27 21:00:00,1,2019-01-27 22:00:00,0.10531,0.10531,0.10531,0.0,0.25023920989951476,419.18467717254555,-0.0,55.266021932266085,0.0,363.91865524027946,363.91865524027946,0.0,0.0
646,2019-01-27 22:00:00,1,2019-01-27 23:00:00,0.10531,0.10531,0.10531,0.0,0.05,353.8300545487983,-0.0,0.0,0.0,353.8300545487983,353.8300545487983,0.0,1.0
647,2019-01-27 23:00:00,1,2019-01-28 00:00:00,0.10531,0.10531,0.10531,0.0,0.05,255.795886966181,-0.0,0.0,0.0,255.795886966181,255.795886966181,0.0,1.0
648,2019-01-28 00:00:00,1,2019-01-28 01:00:00,0.10531,0.10531,0.10531,0.0,0.05,198.26479977448503,-0.0,0.0,0.0,198.26479977448503,198.26479977448503,0.0,1.0
649,2019-01-28 01:00:00,1,2019-01-28 02:00:00,0.10531,0.10531,0.10531,0.0,0.05,188.10616163964914,-0.0,0.0,0.0,188.10616163964914,188.10616163964914,0.0,1.0
650,2019-01-28 02:00:00,1,2019-01-28 03:00:00,0.10531,0.10531,0.10531,0.0,0.05,168.0232117127628,-0.0,0.0,0.0,168.0232117127628,168.0232117127628,0.0,1.0
651,2019-01-28 03:00:00,1,2019-01-28 04:00:00,0.10531,0.10531,0.10531,0.0,0.05,167.59677031726216,-0.0,0.0,0.0,167.59677031726216,167.59677031726216,0.0,1.0
652,2019-01-28 04:00:00,1,2019-01-28 05:00:00,0.10531,0.10531,0.10531,0.0,0.05,165.6113927815848,-0.0,0.0,0.0,165.6113927815848,165.6113927815848,0.0,1.0
653,2019-01-28 05:00:00,1,2019-01-28 06:00:00,0.10531,0.10531,0.10531,0.0,0.05,179.93081886060844,-95.81467983243756,0.0,0.0,275.745498693046,275.745498693046,0.0,1.0
654,2019-01-28 06:00:00,1,2019-01-28 07:00:00,0.10531,0.10531,0.10531,0.0,0.34383168481947524,263.4834492763957,-0.0,0.0,0.0,263.4834492763957,263.4834492763957,0.0,1.0
655,2019-01-28 07:00:00,1,2019-01-28 08:00:00,0.10531,0.10531,0.10531,0.0,0.34383168481947524,340.6102275244476,-0.0,0.0,0.0,340.6102275244476,340.6102275244476,0.0,1.0
656,2019-01-28 08:00:00,1,2019-01-28 09:00:00,0.10531,0.10531,0.10531,0.0,0.34383168481947524,398.4680675286986,-0.0,34.54941228841915,0.0,363.91865524027946,363.91865524027946,0.0,0.0
657,2019-01-28 09:00:00,1,2019-01-28 10:00:00,0.10531,0.10531,0.10531,0.0,0.21865265478897106,351.5431580348036,-12.375497205475881,0.0,0.0,363.91865524027946,363.91865524027946,0.0,1.0
658,2019-01-28 10:00:00,1,2019-01-28 11:00:00,0.10531,0.10531,0.10531,0.0,0.2566041795524304,298.1349786850085,-0.0,0.0,0.0,298.1349786850085,298.1349786850085,0.0,0.0
659,2019-01-28 11:00:00,1,2019-01-28 12:00:00,0.10531,0.10531,0.10531,0.0,0.2566041795524304,290.34312623366833,-73.57552900661113,0.0,0.0,363.91865524027946,363.91865524027946,0.0,1.0
660,2019-01-28 12:00:00,1,2019-01-28 13:00:00,0.10531,0.10531,0.10531,0.0,0.48223580183937126,290.16334769669925,-0.0,0.0,0.0,290.16334769669925,290.16334769669925,0.0,1.0
661,2019-01-28 13:00:00,1,2019-01-28 14:00:00,0.10531,0.10531,0.10531,0.0,0.48223580183937126,279.82634838539786,0.0,0.0,0.0,279.82634838539786,279.82634838539786,0.0,0.0
662,2019-01-28 14:00:00,1,2019-01-28 15:00:00,0.10531,0.10531,0.10531,0.0,0.48223580183937126,279.28260886991524,-84.63604637036423,0.0,0.0,363.91865524027946,363.91865524027946,0.0,1.0
663,2019-01-28 15:00:00,1,2019-01-28 16:00:00,0.10531,0.10531,0.10531,0.0,0.7417863440418216,279.71855003652564,-84.20010520375382,0.0,0.0,363.91865524027946,363.91865524027946,0.0,1.0
664,2019-01-28 16:00:00,1,2019-01-28 17:00:00,0.13592,0.13592,0.13592,0.0,1.0,312.43020867919023,-0.0,0.0,0.0,312.43020867919023,312.43020867919023,0.0,1.0
665,2019-01-28 17:00:00,1,2019-01-28 18:00:00,0.13592,0.13592,0.13592,0.0,1.0,354.5810695371901,-0.0,0.0,0.0,354.5810695371901,354.5810695371901,0.0,0.0
666,2019-01-28 18:00:00,1,2019-01-28 19:00:00,0.13592,0.13592,0.13592,0.0,1.0,399.709526089648,-0.0,35.79087084936856,0.0,363.91865524027946,363.91865524027946,0.0,0.0
667,2019-01-28 19:00:00,1,2019-01-28 20:00:00,0.13592,0.13592,0.13592,0.0,0.8703229317051864,418.3593348473124,-0.0,54.44067960703296,0.0,363.91865524027946,363.91865524027946,0.0,0.0
668,2019-01-28 20:00:00,1,2019-01-28 21:00:00,0.13592,0.13592,0.13592,0.0,0.67307409254927,430.02557191891833,-0.0,114.15455027342824,0.0,315.8710216454901,315.8710216454901,0.0,0.0
669,2019-01-28 21:00:00,1,2019-01-28 22:00:00,0.10531,0.10531,0.10531,0.0,0.2594706495296024,420.2409479164762,-0.0,56.32229267619675,0.0,363.91865524027946,363.91865524027946,0.0,0.0
670,2019-01-28 22:00:00,1,2019-01-28 23:00:00,0.10531,0.10531,0.10531,0.0,0.0554043717172954,365.410261834253,-0.0,1.491606593973529,0.0,363.91865524027946,363.91865524027946,0.0,0.0
671,2019-01-28 23:00:00,1,2019-01-29 00:00:00,0.10531,0.10531,0.10531,0.0,0.05,262.6954332026499,-0.0,0.0,0.0,262.6954332026499,262.6954332026499,0.0,1.0
672,2019-01-29 00:00:00,1,2019-01-29 01:00:00,0.10531,0.10531,0.10531,0.0,0.05,210.87533474974632,-0.0,0.0,0.0,210.87533474974632,210.87533474974632,0.0,1.0
673,2019-01-29 01:00:00,1,2019-01-29 02:00:00,0.10531,0.10531,0.10531,0.0,0.05,203.8512906826277,-0.0,0.0,0.0,203.8512906826277,203.8512906826277,0.0,1.0
674,2019-01-29 02:00:00,1,2019-01-29 03:00:00,0.10531,0.10531,0.10531,0.0,0.05,176.02891820964183,-0.0,0.0,0.0,176.02891820964183,176.02891820964183,0.0,1.0
675,2019-01-29 03:00:00,1,2019-01-29 04:00:00,0.10531,0.10531,0.10531,0.0,0.05,166.63842364783486,-150.0,0.0,0.0,316.6384236478349,316.6384236478349,0.0,1.0
676,2019-01-29 04:00:00,1,2019-01-29 05:00:00,0.10531,0.10531,0.10531,0.0,0.51,171.9124989594239,-150.0,0.0,0.0,321.91249895942394,321.91249895942394,0.0,1.0
677,2019-01-29 05:00:00,1,2019-01-29 06:00:00,0.10531,0.10531,0.10531,0.0,0.97,185.49118850135724,-0.0,0.0,0.0,185.49118850135724,185.49118850135724,0.0,0.0
678,2019-01-29 06:00:00,1,2019-01-29 07:00:00,0.10531,0.10531,0.10531,0.0,0.97,268.86603638872333,-0.0,0.0,0.0,268.86603638872333,268.86603638872333,0.0,1.0
679,2019-01-29 07:00:00,1,2019-01-29 08:00:00,0.10531,0.10531,0.10531,0.0,0.97,356.34645998320383,-0.0,0.0,0.0,356.34645998320383,356.34645998320383,0.0,0.0
680,2019-01-29 08:00:00,1,2019-01-29 09:00:00,0.10531,0.10531,0.10531,0.0,0.97,397.8643604024006,-0.0,33.94570516212116,0.0,363.91865524027946,363.91865524027946,0.0,0.0
681,2019-01-29 09:00:00,1,2019-01-29 10:00:00,0.10531,0.10531,0.10531,0.0,0.8470083146299958,342.8385286944,-0.0,0.0,0.0,342.8385286944,342.8385286944,0.0,0.0
682,2019-01-29 10:00:00,1,2019-01-29 11:00:00,0.10531,0.10531,0.10531,0.0,0.8470083146299958,300.32766471092697,-0.0,0.0,0.0,300.32766471092697,300.32766471092697,0.0,0.0
683,2019-01-29 11:00:00,1,2019-01-29 12:00:00,0.10531,0.10531,0.10531,0.0,0.8470083146299958,294.4694138409549,-0.0,0.0,0.0,294.4694138409549,294.4694138409549,0.0,1.0
684,2019-01-29 12:00:00,1,2019-01-29 13:00:00,0.10531,0.10531,0.10531,0.0,0.8470083146299958,293.7482583905133,-49.888593055436154,0.0,0.0,343.63685144594945,343.63685144594945,0.0,1.0
685,2019-01-29 13:00:00,1,2019-01-29 14:00:00,0.10531,0.10531,0.10531,0.0,1.0,273.70495889410716,-0.0,0.0,0.0,273.70495889410716,273.70495889410716,0.0,1.0
686,2019-01-29 14:00:00,1,2019-01-29 15:00:00,0.10531,0.10531,0.10531,0.0,1.0,273.54571287241083,-0.0,0.0,0.0,273.54571287241083,273.54571287241083,0.0,1.0
687,2019-01-29 15:00:00,1,2019-01-29 16:00:00,0.10531,0.10531,0.10531,0.0,1.0,275.76190135664774,-0.0,0.0,0.0,275.76190135664774,275.76190135664774,0.0,1.0
688,2019-01-29 16:00:00,1,2019-01-29 17:00:00,0.13592,0.13592,0.13592,0.0,1.0,308.8247938725224,-0.0,0.0,0.0,308.8247938725224,308.8247938725224,0.0,1.0
689,2019-01-29 17:00:00,1,2019-01-29 18:00:00,0.13592,0.13592,0.13592,0.0,1.0,354.221188994892,-0.0,0.0,0.0,354.221188994892,354.221188994892,0.0,1.0
690,2019-01-29 18:00:00,1,2019-01-29 19:00:00,0.13592,0.13592,0.13592,0.0,1.0,417.06697820745194,-0.0,53.148322967172476,0.0,363.91865524027946,363.91865524027946,0.0,0.0
691,2019-01-29 19:00:00,1,2019-01-29 20:00:00,0.13592,0.13592,0.13592,0.0,0.8074336124377809,420.2125574412074,-0.0,56.29390220092796,0.0,363.91865524027946,363.91865524027946,0.0,0.0
692,2019-01-29 20:00:00,1,2019-01-29 21:00:00,0.13592,0.13592,0.13592,0.0,0.6034701986663028,441.11596113985553,-0.0,105.1439890712443,0.0,335.9719720686112,335.9719720686112,0.0,0.0
693,2019-01-29 21:00:00,1,2019-01-29 22:00:00,0.10531,0.10531,0.10531,0.0,0.2225137165241133,411.53244100093474,-0.0,47.613785760655276,0.0,363.91865524027946,363.91865524027946,0.0,0.0
694,2019-01-29 22:00:00,1,2019-01-29 23:00:00,0.10531,0.10531,0.10531,0.0,0.05,355.1299062755575,-8.788748964721947,0.0,0.0,363.91865524027946,363.91865524027946,0.0,1.0
695,2019-01-29 23:00:00,1,2019-01-30 00:00:00,0.10531,0.10531,0.10531,0.0,0.07695216349181397,269.76382654831013,-40.82997261217241,0.0,0.0,310.59379916048255,310.59379916048255,0.0,1.0
696,2019-01-30 00:00:00,1,2019-01-30 01:00:00,0.10531,0.10531,0.10531,0.0,0.20216407950247606,186.14744009315828,-0.0,0.0,0.0,186.14744009315828,186.14744009315828,0.0,1.0
697,2019-01-30 01:00:00,1,2019-01-30 02:00:00,0.10531,0.10531,0.10531,0.0,0.20216407950247606,178.68200980887354,-110.1638871187578,0.0,0.0,288.8458969276313,288.8458969276313,0.0,1.0
698,2019-01-30 02:00:00,1,2019-01-30 03:00:00,0.10531,0.10531,0.10531,0.0,0.54,169.52068188870246,-0.0,0.0,0.0,169.52068188870246,169.52068188870246,0.0,0.0
699,2019-01-30 03:00:00,1,2019-01-30 04:00:00,0.10531,0.10531,0.10531,0.0,0.54,166.93785426952996,-0.0,0.0,0.0,166.93785426952996,166.93785426952996,0.0,0.0
700,2019-01-30 04:00:00,1,2019-01-30 05:00:00,0.10531,0.10531,0.10531,0.0,0.54,191.55680642748456,-0.0,0.0,0.0,191.55680642748456,191.55680642748456,0.0,1.0
701,2019-01-30 05:00:00,1,2019-01-30 06:00:00,0.10531,0.10531,0.10531,0.0,0.54,206.14518225919198,-150.0,0.0,0.0,356.145182259192,356.145182259192,0.0,1.0
702,2019-01-30 06:00:00,1,2019-01-30 07:00:00,0.10531,0.10531,0.10531,0.0,1.0,342.66932802703394,-0.0,0.0,0.0,342.66932802703394,342.66932802703394,0.0,1.0
703,2019-01-30 07:00:00,1,2019-01-30 08:00:00,0.10531,0.10531,0.10531,0.0,1.0,405.91594118296285,-0.0,41.99728594268339,0.0,363.91865524027946,363.91865524027946,0.0,0.0
704,2019-01-30 08:00:00,1,2019-01-30 09:00:00,0.10531,0.10531,0.10531,0.0,0.8478359204975239,361.34335420170885,-2.5753010385706148,0.0,0.0,363.91865524027946,363.91865524027946,0.0,1.0
705,2019-01-30 09:00:00,1,2019-01-30 10:00:00,0.10531,0.10531,0.10531,0.0,0.8557335103491405,334.17497687293064,-29.74367836734882,0.0,0.0,363.91865524027946,363.91865524027946,0.0,1.0
706,2019-01-30 10:00:00,1,2019-01-30 11:00:00,0.10531,0.10531,0.10531,0.0,0.9469474573423434,285.27696371376067,-0.0,0.0,0.0,285.27696371376067,285.27696371376067,0.0,0.0
707,2019-01-30 11:00:00,1,2019-01-30 12:00:00,0.10531,0.10531,0.10531,0.0,0.9469474573423436,286.5343701109487,-17.2997421709749,0.0,0.0,303.8341122819236,303.8341122819236,0.0,1.0
708,2019-01-30 12:00:00,1,2019-01-30 13:00:00,0.10531,0.10531,0.10531,0.0,1.0,285.7202015343089,-0.0,0.0,0.0,285.7202015343089,285.7202015343089,0.0,0.0
709,2019-01-30 13:00:00,1,2019-01-30 14:00:00,0.10531,0.10531,0.10531,0.0,1.0,275.31217221822436,-0.0,0.0,0.0,275.31217221822436,275.31217221822436,0.0,1.0
710,2019-01-30 14:00:00,1,2019-01-30 15:00:00,0.10531,0.10531,0.10531,0.0,1.0,274.9667542936554,-0.0,0.0,0.0,274.9667542936554,274.9667542936554,0.0,1.0
711,2019-01-30 15:00:00,1,2019-01-30 16:00:00,0.10531,0.10531,0.10531,0.0,1.0,275.3624272696522,-0.0,0.0,0.0,275.3624272696522,275.3624272696522,0.0,1.0
712,2019-01-30 16:00:00,1,2019-01-30 17:00:00,0.13592,0.13592,0.13592,0.0,1.0,307.85882406714575,-0.0,0.0,0.0,307.85882406714575,307.85882406714575,0.0,1.0
713,2019-01-30 17:00:00,1,2019-01-30 18:00:00,0.13592,0.13592,0.13592,0.0,1.0,361.17550497329813,-0.0,0.0,0.0,361.17550497329813,361.17550497329813,0.0,0.0
714,2019-01-30 18:00:00,1,2019-01-30 19:00:00,0.13592,0.13592,0.13592,0.0,1.0,415.47876482924255,-0.0,70.7442395745794,0.0,344.73452525466314,344.73452525466314,0.0,0.0
715,2019-01-30 19:00:00,1,2019-01-30 20:00:00,0.13592,0.13592,0.13592,0.0,0.7436802913964515,411.21367504838827,-0.0,47.295019808108805,0.0,363.91865524027946,363.91865524027946,0.0,0.0
716,2019-01-30 20:00:00,1,2019-01-30 21:00:00,0.13592,0.13592,0.13592,0.0,0.5723215239757674,448.7078971259581,-0.0,84.78924188567862,0.0,363.91865524027946,363.91865524027946,0.0,0.0
717,2019-01-30 21:00:00,1,2019-01-30 22:00:00,0.10531,0.10531,0.10531,0.0,0.26511412583925076,423.2901539719127,-0.0,59.37149873163321,0.0,363.91865524027946,363.91865524027946,0.0,0.0
718,2019-01-30 22:00:00,1,2019-01-30 23:00:00,0.10531,0.10531,0.10531,0.0,0.05,348.649139836188,-0.0,0.0,0.0,348.649139836188,348.649139836188,0.0,1.0
719,2019-01-30 23:00:00,1,2019-01-31 00:00:00,0.10531,0.10531,0.10531,0.0,0.05,250.42506547672622,-0.0,0.0,0.0,250.42506547672622,250.42506547672622,0.0,1.0
720,2019-01-31 00:00:00,1,2019-01-31 01:00:00,0.10531,0.10531,0.10531,0.0,0.05,193.5873123089793,-0.0,0.0,0.0,193.5873123089793,193.5873123089793,0.0,1.0
721,2019-01-31 01:00:00,1,2019-01-31 02:00:00,0.10531,0.10531,0.10531,0.0,0.05,175.512946034742,-0.0,0.0,0.0,175.512946034742,175.512946034742,0.0,1.0
722,2019-01-31 02:00:00,1,2019-01-31 03:00:00,0.10531,0.10531,0.10531,0.0,0.05,160.97992625375127,-0.0,0.0,0.0,160.97992625375127,160.97992625375127,0.0,1.0
723,2019-01-31 03:00:00,1,2019-01-31 04:00:00,0.10531,0.10531,0.10531,0.0,0.05,157.9095480220483,-150.0,0.0,0.0,307.9095480220483,307.9095480220483,0.0,1.0
724,2019-01-31 04:00:00,1,2019-01-31 05:00:00,0.10531,0.10531,0.10531,0.0,0.51,163.07262723707282,-0.0,0.0,0.0,163.07262723707282,163.07262723707282,0.0,0.0
725,2019-01-31 05:00:00,1,2019-01-31 06:00:00,0.10531,0.10531,0.10531,0.0,0.51,201.08226350431224,-150.0,0.0,0.0,351.0822635043122,351.0822635043122,0.0,1.0
726,2019-01-31 06:00:00,1,2019-01-31 07:00:00,0.10531,0.10531,0.10531,0.0,0.97,330.817223038033,-0.0,0.0,0.0,330.817223038033,330.817223038033,0.0,0.0
727,2019-01-31 07:00:00,1,2019-01-31 08:00:00,0.10531,0.10531,0.10531,0.0,0.97,407.34191229962397,-0.0,43.42325705934451,0.0,363.91865524027946,363.91865524027946,0.0,0.0
728,2019-01-31 08:00:00,1,2019-01-31 09:00:00,0.10531,0.10531,0.10531,0.0,0.8126693584806358,364.1178500406291,-0.0,0.19919480034963044,0.0,363.91865524027946,363.91865524027946,0.0,0.0
729,2019-01-31 09:00:00,1,2019-01-31 10:00:00,0.10531,0.10531,0.10531,0.0,0.811947638189514,331.8333688196973,-0.0,0.0,0.0,331.8333688196973,331.8333688196973,0.0,0.0
730,2019-01-31 10:00:00,1,2019-01-31 11:00:00,0.10531,0.10531,0.10531,0.0,0.811947638189514,284.10785660636,-61.3214223295063,0.0,0.0,345.42927893586625,345.42927893586625,0.0,1.0
731,2019-01-31 11:00:00,1,2019-01-31 12:00:00,0.10531,0.10531,0.10531,0.0,1.0,285.3000184362614,-0.0,0.0,0.0,285.3000184362614,285.3000184362614,0.0,1.0
732,2019-01-31 12:00:00,1,2019-01-31 13:00:00,0.10531,0.10531,0.10531,0.0,1.0,284.1338701575104,-0.0,0.0,0.0,284.1338701575104,284.1338701575104,0.0,0.0
733,2019-01-31 13:00:00,1,2019-01-31 14:00:00,0.10531,0.10531,0.10531,0.0,1.0,273.73505382790904,-0.0,0.0,0.0,273.73505382790904,273.73505382790904,0.0,1.0
734,2019-01-31 14:00:00,1,2019-01-31 15:00:00,0.10531,0.10531,0.10531,0.0,1.0,273.40990860429804,-0.0,0.0,0.0,273.40990860429804,273.40990860429804,0.0,1.0
735,2019-01-31 15:00:00,1,2019-01-31 16:00:00,0.10531,0.10531,0.10531,0.0,1.0,274.19224668593574,-0.0,0.0,0.0,274.19224668593574,274.19224668593574,0.0,1.0
736,2019-01-31 16:00:00,1,2019-01-31 17:00:00,0.13592,0.13592,0.13592,0.0,1.0,306.9253913978271,-0.0,0.0,0.0,306.9253913978271,306.9253913978271,0.0,1.0
737,2019-01-31 17:00:00,1,2019-01-31 18:00:00,0.13592,0.13592,0.13592,0.0,1.0,361.0366340025528,-0.0,0.0,0.0,361.0366340025528,361.0366340025528,0.0,0.0
738,2019-01-31 18:00:00,1,2019-01-31 19:00:00,0.13592,0.13592,0.13592,0.0,1.0,407.4912771084963,-0.0,43.57262186821686,0.0,363.91865524027946,363.91865524027946,0.0,0.0
739,2019-01-31 19:00:00,1,2019-01-31 20:00:00,0.13592,0.13592,0.13592,0.0,0.8421281816368955,416.7491942745816,-0.0,75.2565868901934,0.0,341.4926073843882,341.4926073843882,0.0,0.0
740,2019-01-31 20:00:00,1,2019-01-31 21:00:00,0.13592,0.13592,0.13592,0.0,0.5694593885564846,448.3924964298924,-0.0,84.47384118961293,0.0,363.91865524027946,363.91865524027946,0.0,0.0
741,2019-01-31 21:00:00,1,2019-01-31 22:00:00,0.10531,0.10531,0.10531,0.0,0.2633947465651334,422.8156052922563,-0.0,58.89695005197683,0.0,363.91865524027946,363.91865524027946,0.0,0.0
742,2019-01-31 22:00:00,1,2019-01-31 23:00:00,0.10531,0.10531,0.10531,0.0,0.05,349.829778701304,-0.0,0.0,0.0,349.829778701304,349.829778701304,0.0,0.0
743,2019-01-31 23:00:00,1,2019-02-01 00:00:00,0.10531,0.10531,0.10531,0.0,0.05,249.013904393475,-49.594594092126435,0.0,0.0,298.60849848560144,298.60849848560144,0.0,1.0
744,2019-02-01 00:00:00,2,2019-02-01 01:00:00,0.10531,0.10531,0.10531,0.0,0.20209008854918772,189.9390617004496,-0.0,0.0,0.0,189.9390617004496,189.9390617004496,0.0,1.0
745,2019-02-01 01:00:00,2,2019-02-01 02:00:00,0.10531,0.10531,0.10531,0.0,0.20209008854918772,172.57222707723514,-150.0,0.0,0.0,322.57222707723514,322.57222707723514,0.0,1.0
746,2019-02-01 02:00:00,2,2019-02-01 03:00:00,0.10531,0.10531,0.10531,0.0,0.6620900885491877,158.81449904172905,-0.0,0.0,0.0,158.81449904172905,158.81449904172905,0.0,0.0
747,2019-02-01 03:00:00,2,2019-02-01 04:00:00,0.10531,0.10531,0.10531,0.0,0.6620900885491877,154.88814296067267,-0.0,0.0,0.0,154.88814296067267,154.88814296067267,0.0,1.0
748,2019-02-01 04:00:00,2,2019-02-01 05:00:00,0.10531,0.10531,0.10531,0.0,0.6620900885491877,165.11329128014077,-0.0,0.0,0.0,165.11329128014077,165.11329128014077,0.0,1.0
749,2019-02-01 05:00:00,2,2019-02-01 06:00:00,0.10531,0.10531,0.10531,0.0,0.6620900885491877,199.34035473964926,-110.18801460352574,0.0,0.0,309.528369343175,309.528369343175,0.0,1.0
750,2019-02-01 06:00:00,2,2019-02-01 07:00:00,0.10531,0.10531,0.10531,0.0,1.0,330.66558902751234,-0.0,0.0,0.0,330.66558902751234,330.66558902751234,0.0,1.0
751,2019-02-01 07:00:00,2,2019-02-01 08:00:00,0.10531,0.10531,0.10531,0.0,1.0,405.8955196798553,-0.0,48.971859938591535,0.0,356.92365974126375,356.92365974126375,0.0,0.0
752,2019-02-01 08:00:00,2,2019-02-01 09:00:00,0.10531,0.10531,0.10531,0.0,0.8225657248601757,360.75978539076357,-0.0,3.83612564949982,0.0,356.92365974126375,356.92365974126375,0.0,0.0
753,2019-02-01 09:00:00,2,2019-02-01 10:00:00,0.10531,0.10531,0.10531,0.0,0.8086667188837271,334.7792696614843,-22.14439007977944,0.0,0.0,356.92365974126375,356.92365974126375,0.0,1.0
754,2019-02-01 10:00:00,2,2019-02-01 11:00:00,0.10531,0.10531,0.10531,0.0,0.8765761817950507,284.90328227540226,-40.24689724074434,0.0,0.0,325.15017951614664,325.15017951614664,0.0,1.0
755,2019-02-01 11:00:00,2,2019-02-01 12:00:00,0.10531,0.10531,0.10531,0.0,1.0,286.3185455027063,-0.0,0.0,0.0,286.3185455027063,286.3185455027063,0.0,1.0
756,2019-02-01 12:00:00,2,2019-02-01 13:00:00,0.10531,0.10531,0.10531,0.0,1.0,285.4308960257223,-0.0,0.0,0.0,285.4308960257223,285.4308960257223,0.0,0.0
757,2019-02-01 13:00:00,2,2019-02-01 14:00:00,0.10531,0.10531,0.10531,0.0,1.0,275.1493501702103,-0.0,0.0,0.0,275.1493501702103,275.1493501702103,0.0,1.0
758,2019-02-01 14:00:00,2,2019-02-01 15:00:00,0.10531,0.10531,0.10531,0.0,1.0,274.972492016043,-0.0,0.0,0.0,274.972492016043,274.972492016043,0.0,1.0
759,2019-02-01 15:00:00,2,2019-02-01 16:00:00,0.10531,0.10531,0.10531,0.0,1.0,275.6008946060264,-0.0,0.0,0.0,275.6008946060264,275.6008946060264,0.0,1.0
760,2019-02-01 16:00:00,2,2019-02-01 17:00:00,0.13592,0.13592,0.13592,0.0,1.0,308.00784336047366,-0.0,0.0,0.0,308.00784336047366,308.00784336047366,0.0,1.0
761,2019-02-01 17:00:00,2,2019-02-01 18:00:00,0.13592,0.13592,0.13592,0.0,1.0,357.5831824281001,-0.0,0.6595226868363682,0.0,356.9236597412637,356.9236597412637,0.0,0.0
762,2019-02-01 18:00:00,2,2019-02-01 19:00:00,0.13592,0.13592,0.13592,0.0,0.9976104250476944,397.3026009204526,-0.0,40.3789411791889,0.0,356.9236597412637,356.9236597412637,0.0,0.0
763,2019-02-01 19:00:00,2,2019-02-01 20:00:00,0.13592,0.13592,0.13592,0.0,0.8513099135288942,420.1537200772995,-0.0,63.23006033603579,0.0,356.9236597412637,356.9236597412637,0.0,0.0
764,2019-02-01 20:00:00,2,2019-02-01 21:00:00,0.13592,0.13592,0.13592,0.0,0.622215492021518,448.60288517900824,-0.0,91.67922543774452,0.0,356.9236597412637,356.9236597412637,0.0,0.0
765,2019-02-01 21:00:00,2,2019-02-01 22:00:00,0.10531,0.10531,0.10531,0.0,0.2900443853630235,423.1759101014582,-0.0,66.2522503601945,0.0,356.9236597412637,356.9236597412637,0.0,0.0
766,2019-02-01 22:00:00,2,2019-02-01 23:00:00,0.10531,0.10531,0.10531,0.0,0.05,350.8054591441389,-0.0,0.0,0.0,350.8054591441389,350.8054591441389,0.0,1.0
767,2019-02-01 23:00:00,2,2019-02-02 00:00:00,0.10531,0.10531,0.10531,0.0,0.05,249.75845575658346,-0.0,0.0,0.0,249.75845575658346,249.75845575658346,0.0,1.0
768,2019-02-02 00:00:00,2,2019-02-02 01:00:00,0.10531,0.10531,0.10531,0.0,0.05,189.21744183636963,-0.0,0.0,0.0,189.21744183636963,189.21744183636963,0.0,1.0
769,2019-02-02 01:00:00,2,2019-02-02 02:00:00,0.10531,0.10531,0.10531,0.0,0.05,174.1587114352377,-0.0,0.0,0.0,174.1587114352377,174.1587114352377,0.0,1.0
770,2019-02-02 02:00:00,2,2019-02-02 03:00:00,0.10531,0.10531,0.10531,0.0,0.05,164.10621810629775,-0.0,0.0,0.0,164.10621810629775,164.10621810629775,0.0,1.0
771,2019-02-02 03:00:00,2,2019-02-02 04:00:00,0.10531,0.10531,0.10531,0.0,0.05,163.0226923560078,-150.0,0.0,0.0,313.02269235600784,313.02269235600784,0.0,1.0
772,2019-02-02 04:00:00,2,2019-02-02 05:00:00,0.10531,0.10531,0.10531,0.0,0.51,168.07616226882544,-150.0,0.0,0.0,318.07616226882544,318.07616226882544,0.0,1.0
773,2019-02-02 05:00:00,2,2019-02-02 06:00:00,0.10531,0.10531,0.10531,0.0,0.97,207.0923968315105,-0.0,0.0,0.0,207.0923968315105,207.0923968315105,0.0,0.0
774,2019-02-02 06:00:00,2,2019-02-02 07:00:00,0.10531,0.10531,0.10531,0.0,0.97,336.65069298177457,-0.0,0.0,0.0,336.65069298177457,336.65069298177457,0.0,1.0
775,2019-02-02 07:00:00,2,2019-02-02 08:00:00,0.10531,0.10531,0.10531,0.0,0.97,406.8470827777923,-0.0,46.157674872479134,0.0,360.68940790531315,360.68940790531315,0.0,0.0
776,2019-02-02 08:00:00,2,2019-02-02 09:00:00,0.10531,0.10531,0.10531,0.0,0.8027620475634814,360.4135334464806,-0.27587445883258965,0.0,0.0,360.68940790531315,360.68940790531315,0.0,1.0
777,2019-02-02 09:00:00,2,2019-02-02 10:00:00,0.10531,0.10531,0.10531,0.0,0.8036080625705679,335.1564000100552,-25.533007895257953,0.0,0.0,360.68940790531315,360.68940790531315,0.0,1.0
778,2019-02-02 10:00:00,2,2019-02-02 11:00:00,0.10531,0.10531,0.10531,0.0,0.8819092867826922,286.80025329487097,-38.50784126651336,0.0,0.0,325.30809456138434,325.30809456138434,0.0,1.0
779,2019-02-02 11:00:00,2,2019-02-02 12:00:00,0.10531,0.10531,0.10531,0.0,1.0,288.6981481375436,-0.0,0.0,0.0,288.6981481375436,288.6981481375436,0.0,1.0
780,2019-02-02 12:00:00,2,2019-02-02 13:00:00,0.10531,0.10531,0.10531,0.0,1.0,288.88748611571197,-0.0,0.0,0.0,288.88748611571197,288.88748611571197,0.0,1.0
781,2019-02-02 13:00:00,2,2019-02-02 14:00:00,0.10531,0.10531,0.10531,0.0,1.0,278.04287975569156,-0.0,0.0,0.0,278.04287975569156,278.04287975569156,0.0,1.0
782,2019-02-02 14:00:00,2,2019-02-02 15:00:00,0.10531,0.10531,0.10531,0.0,1.0,277.71112907631084,-0.0,0.0,0.0,277.71112907631084,277.71112907631084,0.0,1.0
783,2019-02-02 15:00:00,2,2019-02-02 16:00:00,0.10531,0.10531,0.10531,0.0,1.0,277.6888832006105,-0.0,0.0,0.0,277.6888832006105,277.6888832006105,0.0,1.0
784,2019-02-02 16:00:00,2,2019-02-02 17:00:00,0.13592,0.13592,0.13592,0.0,1.0,309.0639603137484,-0.0,0.0,0.0,309.0639603137484,309.0639603137484,0.0,1.0
785,2019-02-02 17:00:00,2,2019-02-02 18:00:00,0.13592,0.13592,0.13592,0.0,1.0,359.73100769014013,-0.0,0.0,0.0,359.73100769014013,359.73100769014013,0.0,1.0
786,2019-02-02 18:00:00,2,2019-02-02 19:00:00,0.13592,0.13592,0.13592,0.0,1.0,416.74587338124906,-0.0,56.056465475935866,0.0,360.6894079053132,360.6894079053132,0.0,0.0
787,2019-02-02 19:00:00,2,2019-02-02 20:00:00,0.13592,0.13592,0.13592,0.0,0.7968968642176237,424.5751536443353,-0.0,63.885745739022084,0.0,360.6894079053132,360.6894079053132,0.0,0.0
788,2019-02-02 20:00:00,2,2019-02-02 21:00:00,0.13592,0.13592,0.13592,0.0,0.5654267709602971,441.70633260252316,-0.0,81.01692469720997,0.0,360.6894079053132,360.6894079053132,0.0,0.0
789,2019-02-02 21:00:00,2,2019-02-02 22:00:00,0.10531,0.10531,0.10531,0.0,0.271887188724029,421.9302719931452,-0.0,61.24086408783201,0.0,360.6894079053132,360.6894079053132,0.0,0.0
790,2019-02-02 22:00:00,2,2019-02-02 23:00:00,0.10531,0.10531,0.10531,0.0,0.05,349.0619164086294,-0.0,0.0,0.0,349.0619164086294,349.0619164086294,0.0,1.0
791,2019-02-02 23:00:00,2,2019-02-03 00:00:00,0.10531,0.10531,0.10531,0.0,0.05,250.74631114443153,-0.0,0.0,0.0,250.74631114443153,250.74631114443153,0.0,1.0
792,2019-02-03 00:00:00,2,2019-02-03 01:00:00,0.10531,0.10531,0.10531,0.0,0.05,195.91169483430548,-0.0,0.0,0.0,195.91169483430548,195.91169483430548,0.0,1.0
793,2019-02-03 01:00:00,2,2019-02-03 02:00:00,0.10531,0.10531,0.10531,0.0,0.05,180.8084090287653,-0.0,0.0,0.0,180.8084090287653,180.8084090287653,0.0,1.0
794,2019-02-03 02:00:00,2,2019-02-03 03:00:00,0.10531,0.10531,0.10531,0.0,0.05,169.3163982918699,-0.0,0.0,0.0,169.3163982918699,169.3163982918699,0.0,0.0
795,2019-02-03 03:00:00,2,2019-02-03 04:00:00,0.10531,0.10531,0.10531,0.0,0.05,167.39637770133484,-0.0,0.0,0.0,167.39637770133484,167.39637770133484,0.0,1.0
796,2019-02-03 04:00:00,2,2019-02-03 05:00:00,0.10531,0.10531,0.10531,0.0,0.05,176.86011238893065,-0.0,0.0,0.0,176.86011238893065,176.86011238893065,0.0,0.0
797,2019-02-03 05:00:00,2,2019-02-03 06:00:00,0.10531,0.10531,0.10531,0.0,0.05,219.0139991013036,-118.22989183483071,0.0,0.0,337.24389093613433,337.24389093613433,0.0,1.0
798,2019-02-03 06:00:00,2,2019-02-03 07:00:00,0.10531,0.10531,0.10531,0.0,0.41257166829348085,356.15633772613535,-0.0,0.0,0.0,356.15633772613535,356.15633772613535,0.0,1.0
799,2019-02-03 07:00:00,2,2019-02-03 08:00:00,0.10531,0.10531,0.10531,0.0,0.41257166829348085,407.85696184578006,-0.0,47.16755394046686,0.0,360.6894079053132,360.6894079053132,0.0,0.0
800,2019-02-03 08:00:00,2,2019-02-03 09:00:00,0.10531,0.10531,0.10531,0.0,0.24167473372657194,366.79570702669196,-0.0,6.106299121378754,0.0,360.6894079053132,360.6894079053132,0.0,0.0
801,2019-02-03 09:00:00,2,2019-02-03 10:00:00,0.10531,0.10531,0.10531,0.0,0.21955046154766342,339.3164879621074,-0.0,0.0,0.0,339.3164879621074,339.3164879621074,0.0,1.0
802,2019-02-03 10:00:00,2,2019-02-03 11:00:00,0.10531,0.10531,0.10531,0.0,0.21955046154766342,284.9320384184523,-0.0,0.0,0.0,284.9320384184523,284.9320384184523,0.0,1.0
803,2019-02-03 11:00:00,2,2019-02-03 12:00:00,0.10531,0.10531,0.10531,0.0,0.21955046154766342,259.3606439837375,-0.0,0.0,0.0,259.3606439837375,259.3606439837375,0.0,1.0
804,2019-02-03 12:00:00,2,2019-02-03 13:00:00,0.10531,0.10531,0.10531,0.0,0.21955046154766342,248.2556356230343,-0.0,0.0,0.0,248.2556356230343,248.2556356230343,0.0,1.0
805,2019-02-03 13:00:00,2,2019-02-03 14:00:00,0.10531,0.10531,0.10531,0.0,0.21955046154766342,222.7292474625768,-0.0,0.0,0.0,222.7292474625768,222.7292474625768,0.0,0.0
806,2019-02-03 14:00:00,2,2019-02-03 15:00:00,0.10531,0.10531,0.10531,0.0,0.21955046154766342,218.6287654748737,-142.06064243043954,0.0,0.0,360.68940790531326,360.68940790531326,0.0,1.0
807,2019-02-03 15:00:00,2,2019-02-03 16:00:00,0.10531,0.10531,0.10531,0.0,0.6552030983343448,198.4504404351701,-112.4337722822789,0.0,0.0,310.884212717449,310.884212717449,0.0,1.0
808,2019-02-03 16:00:00,2,2019-02-03 17:00:00,0.13592,0.13592,0.13592,0.0,1.0,219.41933045530428,-0.0,0.0,0.0,219.41933045530428,219.41933045530428,0.0,1.0
809,2019-02-03 17:00:00,2,2019-02-03 18:00:00,0.13592,0.13592,0.13592,0.0,1.0,291.0641582001603,-0.0,0.0,0.0,291.0641582001603,291.0641582001603,0.0,1.0
810,2019-02-03 18:00:00,2,2019-02-03 19:00:00,0.13592,0.13592,0.13592,0.0,1.0,379.2771793414807,-0.0,78.09055590589584,0.0,301.18662343558486,301.18662343558486,0.0,0.0
811,2019-02-03 19:00:00,2,2019-02-03 20:00:00,0.13592,0.13592,0.13592,0.0,0.7170632032395078,394.03351725889905,-0.0,33.34410935358585,0.0,360.6894079053132,360.6894079053132,0.0,0.0
812,2019-02-03 20:00:00,2,2019-02-03 21:00:00,0.13592,0.13592,0.13592,0.0,0.5962512128279649,447.8139756178218,-0.0,87.12456771250862,0.0,360.6894079053132,360.6894079053132,0.0,0.0
813,2019-02-03 21:00:00,2,2019-02-03 22:00:00,0.10531,0.10531,0.10531,0.0,0.28058248923191914,424.3301749333229,-0.0,63.64076702800969,0.0,360.6894079053132,360.6894079053132,0.0,0.0
814,2019-02-03 22:00:00,2,2019-02-03 23:00:00,0.10531,0.10531,0.10531,0.0,0.05,350.9427584002219,-0.0,0.0,0.0,350.9427584002219,350.9427584002219,0.0,0.0
815,2019-02-03 23:00:00,2,2019-02-04 00:00:00,0.10531,0.10531,0.10531,0.0,0.05,223.9368190144909,-0.0,0.0,0.0,223.9368190144909,223.9368190144909,0.0,1.0
816,2019-02-04 00:00:00,2,2019-02-04 01:00:00,0.10531,0.10531,0.10531,0.0,0.05,160.07142235911243,-0.0,0.0,0.0,160.07142235911243,160.07142235911243,0.0,1.0
817,2019-02-04 01:00:00,2,2019-02-04 02:00:00,0.10531,0.10531,0.10531,0.0,0.05,164.57977894548927,-0.0,0.0,0.0,164.57977894548927,164.57977894548927,0.0,1.0
818,2019-02-04 02:00:00,2,2019-02-04 03:00:00,0.10531,0.10531,0.10531,0.0,0.05,145.4253301328413,-0.0,0.0,0.0,145.4253301328413,145.4253301328413,0.0,1.0
819,2019-02-04 03:00:00,2,2019-02-04 04:00:00,0.10531,0.10531,0.10531,0.0,0.05,145.64660510807752,-9.782608695652174,0.0,0.0,155.4292138037297,155.4292138037297,0.0,1.0
820,2019-02-04 04:00:00,2,2019-02-04 05:00:00,0.10531,0.10531,0.10531,0.0,0.08,155.86857911555884,-150.0,0.0,0.0,305.8685791155589,305.8685791155589,0.0,1.0
821,2019-02-04 05:00:00,2,2019-02-04 06:00:00,0.10531,0.10531,0.10531,0.0,0.54,167.66454554535946,-150.0,0.0,0.0,317.6645455453595,317.6645455453595,0.0,1.0
822,2019-02-04 06:00:00,2,2019-02-04 07:00:00,0.10531,0.10531,0.10531,0.0,1.0,262.79029127397,-0.0,0.0,0.0,262.79029127397,262.79029127397,0.0,1.0
823,2019-02-04 07:00:00,2,2019-02-04 08:00:00,0.10531,0.10531,0.10531,0.0,1.0,343.5155422800253,-0.0,0.0,0.0,343.5155422800253,343.5155422800253,0.0,1.0
824,2019-02-04 08:00:00,2,2019-02-04 09:00:00,0.10531,0.10531,0.10531,0.0,1.0,399.03300446704225,-0.0,38.34359656172899,0.0,360.68940790531326,360.68940790531326,0.0,0.0
825,2019-02-04 09:00:00,2,2019-02-04 10:00:00,0.10531,0.10531,0.10531,0.0,0.8610739255009819,352.0738461536798,-0.0,0.0,0.0,352.0738461536798,352.0738461536798,0.0,1.0
826,2019-02-04 10:00:00,2,2019-02-04 11:00:00,0.10531,0.10531,0.10531,0.0,0.8610739255009819,300.74880380166144,-0.0,0.0,0.0,300.74880380166144,300.74880380166144,0.0,1.0
827,2019-02-04 11:00:00,2,2019-02-04 12:00:00,0.10531,0.10531,0.10531,0.0,0.8610739255009819,290.5928794391274,-0.0,0.0,0.0,290.5928794391274,290.5928794391274,0.0,1.0
828,2019-02-04 12:00:00,2,2019-02-04 13:00:00,0.10531,0.10531,0.10531,0.0,0.8610739255009819,289.76122057223193,-45.3019808148972,0.0,0.0,335.06320138712914,335.06320138712914,0.0,1.0
829,2019-02-04 13:00:00,2,2019-02-04 14:00:00,0.10531,0.10531,0.10531,0.0,1.0,279.41835363397996,-0.0,0.0,0.0,279.41835363397996,279.41835363397996,0.0,1.0
830,2019-02-04 14:00:00,2,2019-02-04 15:00:00,0.10531,0.10531,0.10531,0.0,1.0,279.0993842890233,-0.0,0.0,0.0,279.0993842890233,279.0993842890233,0.0,1.0
831,2019-02-04 15:00:00,2,2019-02-04 16:00:00,0.10531,0.10531,0.10531,0.0,1.0,279.7250547165823,-0.0,0.0,0.0,279.7250547165823,279.7250547165823,0.0,1.0
832,2019-02-04 16:00:00,2,2019-02-04 17:00:00,0.13592,0.13592,0.13592,0.0,1.0,311.40895830136526,-0.0,0.0,0.0,311.40895830136526,311.40895830136526,0.0,1.0
833,2019-02-04 17:00:00,2,2019-02-04 18:00:00,0.13592,0.13592,0.13592,0.0,1.0,355.5403674245765,-0.0,0.0,0.0,355.5403674245765,355.5403674245765,0.0,1.0
834,2019-02-04 18:00:00,2,2019-02-04 19:00:00,0.13592,0.13592,0.13592,0.0,1.0,427.4301881496275,-0.0,74.73994911644805,0.0,352.69023903317947,352.69023903317947,0.0,0.0
835,2019-02-04 19:00:00,2,2019-02-04 20:00:00,0.13592,0.13592,0.13592,0.0,0.7292030829114201,420.51243853113897,-0.0,59.82303062582571,0.0,360.68940790531326,360.68940790531326,0.0,0.0
836,2019-02-04 20:00:00,2,2019-02-04 21:00:00,0.13592,0.13592,0.13592,0.0,0.5124529719482834,431.0879495928129,-0.0,70.39854168749963,0.0,360.68940790531326,360.68940790531326,0.0,0.0
837,2019-02-04 21:00:00,2,2019-02-04 22:00:00,0.10531,0.10531,0.10531,0.0,0.25738579192111094,417.9278864755399,-0.0,57.23847857022662,0.0,360.68940790531326,360.68940790531326,0.0,0.0
838,2019-02-04 22:00:00,2,2019-02-04 23:00:00,0.10531,0.10531,0.10531,0.0,0.05,357.4934176081621,-0.0,0.0,0.0,357.4934176081621,357.4934176081621,0.0,1.0
839,2019-02-04 23:00:00,2,2019-02-05 00:00:00,0.10531,0.10531,0.10531,0.0,0.05,260.3403275943857,-0.0,0.0,0.0,260.3403275943857,260.3403275943857,0.0,1.0
840,2019-02-05 00:00:00,2,2019-02-05 01:00:00,0.10531,0.10531,0.10531,0.0,0.05,204.11334246337367,-0.0,0.0,0.0,204.11334246337367,204.11334246337367,0.0,1.0
841,2019-02-05 01:00:00,2,2019-02-05 02:00:00,0.10531,0.10531,0.10531,0.0,0.05,192.04397976386446,-0.0,0.0,0.0,192.04397976386446,192.04397976386446,0.0,1.0
842,2019-02-05 02:00:00,2,2019-02-05 03:00:00,0.10531,0.10531,0.10531,0.0,0.05,165.69999978240367,-0.0,0.0,0.0,165.69999978240367,165.69999978240367,0.0,1.0
843,2019-02-05 03:00:00,2,2019-02-05 04:00:00,0.10531,0.10531,0.10531,0.0,0.05,161.7825407930336,-150.0,0.0,0.0,311.7825407930336,311.7825407930336,0.0,1.0
844,2019-02-05 04:00:00,2,2019-02-05 05:00:00,0.10531,0.10531,0.10531,0.0,0.51,168.0391321303779,-150.0,0.0,0.0,318.0391321303779,318.0391321303779,0.0,1.0
845,2019-02-05 05:00:00,2,2019-02-05 06:00:00,0.10531,0.10531,0.10531,0.0,0.97,181.45096413963904,-0.0,0.0,0.0,181.45096413963904,181.45096413963904,0.0,0.0
846,2019-02-05 06:00:00,2,2019-02-05 07:00:00,0.10531,0.10531,0.10531,0.0,0.97,263.0441202695988,-0.0,0.0,0.0,263.0441202695988,263.0441202695988,0.0,1.0
847,2019-02-05 07:00:00,2,2019-02-05 08:00:00,0.10531,0.10531,0.10531,0.0,0.97,351.2862153789974,-0.0,0.0,0.0,351.2862153789974,351.2862153789974,0.0,1.0
848,2019-02-05 08:00:00,2,2019-02-05 09:00:00,0.10531,0.10531,0.10531,0.0,0.97,398.4401262659782,-0.0,37.75071836066496,0.0,360.68940790531326,360.68940790531326,0.0,0.0
849,2019-02-05 09:00:00,2,2019-02-05 10:00:00,0.10531,0.10531,0.10531,0.0,0.833222034925127,342.64386780469033,-18.04554010062293,0.0,0.0,360.68940790531326,360.68940790531326,0.0,1.0
850,2019-02-05 10:00:00,2,2019-02-05 11:00:00,0.10531,0.10531,0.10531,0.0,0.888561691233704,299.1520618990449,-36.338578945531296,0.0,0.0,335.4906408445762,335.4906408445762,0.0,1.0
851,2019-02-05 11:00:00,2,2019-02-05 12:00:00,0.10531,0.10531,0.10531,0.0,1.0,295.68734941360486,-0.0,0.0,0.0,295.68734941360486,295.68734941360486,0.0,1.0
852,2019-02-05 12:00:00,2,2019-02-05 13:00:00,0.10531,0.10531,0.10531,0.0,1.0,296.0293537356267,-0.0,0.0,0.0,296.0293537356267,296.0293537356267,0.0,1.0
853,2019-02-05 13:00:00,2,2019-02-05 14:00:00,0.10531,0.10531,0.10531,0.0,1.0,274.26873548431354,-0.0,0.0,0.0,274.26873548431354,274.26873548431354,0.0,1.0
854,2019-02-05 14:00:00,2,2019-02-05 15:00:00,0.10531,0.10531,0.10531,0.0,1.0,274.84201758858666,-0.0,0.0,0.0,274.84201758858666,274.84201758858666,0.0,1.0
855,2019-02-05 15:00:00,2,2019-02-05 16:00:00,0.10531,0.10531,0.10531,0.0,1.0,276.53200020826966,-0.0,0.0,0.0,276.53200020826966,276.53200020826966,0.0,1.0
856,2019-02-05 16:00:00,2,2019-02-05 17:00:00,0.13592,0.13592,0.13592,0.0,1.0,307.3967670294869,-0.0,0.0,0.0,307.3967670294869,307.3967670294869,0.0,0.0
857,2019-02-05 17:00:00,2,2019-02-05 18:00:00,0.13592,0.13592,0.13592,0.0,1.0,344.475167962188,-0.0,0.0,0.0,344.475167962188,344.475167962188,0.0,1.0
858,2019-02-05 18:00:00,2,2019-02-05 19:00:00,0.13592,0.13592,0.13592,0.0,1.0,411.4386182195221,-0.0,77.04737597472423,0.0,334.39124224479787,334.39124224479787,0.0,0.0
859,2019-02-05 19:00:00,2,2019-02-05 20:00:00,0.13592,0.13592,0.13592,0.0,0.720842840671289,416.7280546694108,-0.0,56.038646764097564,0.0,360.68940790531326,360.68940790531326,0.0,0.0
860,2019-02-05 20:00:00,2,2019-02-05 21:00:00,0.13592,0.13592,0.13592,0.0,0.5178042654390516,439.5221784114622,-0.0,78.83277050614896,0.0,360.68940790531326,360.68940790531326,0.0,0.0
861,2019-02-05 21:00:00,2,2019-02-05 22:00:00,0.10531,0.10531,0.10531,0.0,0.23217828534430887,410.9706146603425,-0.0,50.281206755029245,0.0,360.68940790531326,360.68940790531326,0.0,0.0
862,2019-02-05 22:00:00,2,2019-02-05 23:00:00,0.10531,0.10531,0.10531,0.0,0.05,355.5770805619764,-0.0,0.0,0.0,355.5770805619764,355.5770805619764,0.0,1.0
863,2019-02-05 23:00:00,2,2019-02-06 00:00:00,0.10531,0.10531,0.10531,0.0,0.05,264.7602411728057,-0.0,0.0,0.0,264.7602411728057,264.7602411728057,0.0,0.0
864,2019-02-06 00:00:00,2,2019-02-06 01:00:00,0.10531,0.10531,0.10531,0.0,0.05,194.718226917581,-0.0,0.0,0.0,194.718226917581,194.718226917581,0.0,1.0
865,2019-02-06 01:00:00,2,2019-02-06 02:00:00,0.10531,0.10531,0.10531,0.0,0.05,173.5107730079999,-0.0,0.0,0.0,173.5107730079999,173.5107730079999,0.0,1.0
866,2019-02-06 02:00:00,2,2019-02-06 03:00:00,0.10531,0.10531,0.10531,0.0,0.05,157.9543179343005,-0.0,0.0,0.0,157.9543179343005,157.9543179343005,0.0,1.0
867,2019-02-06 03:00:00,2,2019-02-06 04:00:00,0.10531,0.10531,0.10531,0.0,0.05,155.05947065362696,-0.0,0.0,0.0,155.05947065362696,155.05947065362696,0.0,1.0
868,2019-02-06 04:00:00,2,2019-02-06 05:00:00,0.10531,0.10531,0.10531,0.0,0.05,167.13805626785722,-0.0,0.0,0.0,167.13805626785722,167.13805626785722,0.0,1.0
869,2019-02-06 05:00:00,2,2019-02-06 06:00:00,0.10531,0.10531,0.10531,0.0,0.05,200.8732275722953,-150.0,0.0,0.0,350.87322757229526,350.87322757229526,0.0,1.0
870,2019-02-06 06:00:00,2,2019-02-06 07:00:00,0.10531,0.10531,0.10531,0.0,0.51,331.128867068231,-0.0,0.0,0.0,331.128867068231,331.128867068231,0.0,1.0
871,2019-02-06 07:00:00,2,2019-02-06 08:00:00,0.10531,0.10531,0.10531,0.0,0.51,406.13747087400515,-0.0,45.448062968691886,0.0,360.68940790531326,360.68940790531326,0.0,0.0
872,2019-02-06 08:00:00,2,2019-02-06 09:00:00,0.10531,0.10531,0.10531,0.0,0.345333105185899,360.45335734974884,-0.0,0.0,0.0,360.45335734974884,360.45335734974884,0.0,1.0
873,2019-02-06 09:00:00,2,2019-02-06 10:00:00,0.10531,0.10531,0.10531,0.0,0.345333105185899,337.49081234176543,-0.0,0.0,0.0,337.49081234176543,337.49081234176543,0.0,1.0
874,2019-02-06 10:00:00,2,2019-02-06 11:00:00,0.10531,0.10531,0.10531,0.0,0.345333105185899,285.9413900725445,-0.0,0.0,0.0,285.9413900725445,285.9413900725445,0.0,1.0
875,2019-02-06 11:00:00,2,2019-02-06 12:00:00,0.10531,0.10531,0.10531,0.0,0.345333105185899,278.1519269371997,-0.0,0.0,0.0,278.1519269371997,278.1519269371997,0.0,1.0
876,2019-02-06 12:00:00,2,2019-02-06 13:00:00,0.10531,0.10531,0.10531,0.0,0.345333105185899,240.40834245024215,-0.0,0.0,0.0,240.40834245024215,240.40834245024215,0.0,1.0
877,2019-02-06 13:00:00,2,2019-02-06 14:00:00,0.10531,0.10531,0.10531,0.0,0.345333105185899,215.41990263519145,-145.26950527012184,0.0,0.0,360.68940790531326,360.68940790531326,0.0,1.0
878,2019-02-06 14:00:00,2,2019-02-06 15:00:00,0.10531,0.10531,0.10531,0.0,0.7908262546809394,217.9357993561138,-0.0,0.0,0.0,217.9357993561138,217.9357993561138,0.0,1.0
879,2019-02-06 15:00:00,2,2019-02-06 16:00:00,0.10531,0.10531,0.10531,0.0,0.7908262546809394,220.33716128856207,-68.20882999534585,0.0,0.0,288.54599128390794,288.54599128390794,0.0,1.0
880,2019-02-06 16:00:00,2,2019-02-06 17:00:00,0.13592,0.13592,0.13592,0.0,1.0,234.87773844376875,-0.0,0.0,0.0,234.87773844376875,234.87773844376875,0.0,1.0
881,2019-02-06 17:00:00,2,2019-02-06 18:00:00,0.13592,0.13592,0.13592,0.0,1.0,313.13254313691607,-0.0,0.0,0.0,313.13254313691607,313.13254313691607,0.0,1.0
882,2019-02-06 18:00:00,2,2019-02-06 19:00:00,0.13592,0.13592,0.13592,0.0,1.0,376.3072040495153,-0.0,15.617796144202032,0.0,360.68940790531326,360.68940790531326,0.0,0.0
883,2019-02-06 19:00:00,2,2019-02-06 20:00:00,0.13592,0.13592,0.13592,0.0,0.9434137820862245,407.70142002502075,-0.0,142.79992642391332,0.0,264.9014936011074,264.9014936011074,0.0,0.0
884,2019-02-06 20:00:00,2,2019-02-06 21:00:00,0.13592,0.13592,0.13592,0.0,0.4260227443184227,415.70359521468146,-0.0,55.0141873093682,0.0,360.68940790531326,360.68940790531326,0.0,0.0
885,2019-02-06 21:00:00,2,2019-02-06 22:00:00,0.10531,0.10531,0.10531,0.0,0.22669597870476982,409.45749802782973,-0.0,48.76809012251647,0.0,360.68940790531326,360.68940790531326,0.0,0.0
886,2019-02-06 22:00:00,2,2019-02-06 23:00:00,0.10531,0.10531,0.10531,0.0,0.05,324.20763292053687,-0.0,0.0,0.0,324.20763292053687,324.20763292053687,0.0,0.0
887,2019-02-06 23:00:00,2,2019-02-07 00:00:00,0.10531,0.10531,0.10531,0.0,0.05,229.47235880387365,-0.0,0.0,0.0,229.47235880387365,229.47235880387365,0.0,1.0
888,2019-02-07 00:00:00,2,2019-02-07 01:00:00,0.10531,0.10531,0.10531,0.0,0.05,174.38859266404805,-0.0,0.0,0.0,174.38859266404805,174.38859266404805,0.0,1.0
889,2019-02-07 01:00:00,2,2019-02-07 02:00:00,0.10531,0.10531,0.10531,0.0,0.05,160.94064885602614,-0.0,0.0,0.0,160.94064885602614,160.94064885602614,0.0,1.0
890,2019-02-07 02:00:00,2,2019-02-07 03:00:00,0.10531,0.10531,0.10531,0.0,0.05,150.93647013260664,-0.0,0.0,0.0,150.93647013260664,150.93647013260664,0.0,1.0
891,2019-02-07 03:00:00,2,2019-02-07 04:00:00,0.10531,0.10531,0.10531,0.0,0.05,149.24140868016133,-0.0,0.0,0.0,149.24140868016133,149.24140868016133,0.0,0.0
892,2019-02-07 04:00:00,2,2019-02-07 05:00:00,0.10531,0.10531,0.10531,0.0,0.05,157.88076534143187,-50.075451521586686,0.0,0.0,207.95621686301854,207.95621686301854,0.0,1.0
893,2019-02-07 05:00:00,2,2019-02-07 06:00:00,0.10531,0.10531,0.10531,0.0,0.2035647179995325,197.6284449648798,-0.0,0.0,0.0,197.6284449648798,197.6284449648798,0.0,1.0
894,2019-02-07 06:00:00,2,2019-02-07 07:00:00,0.10531,0.10531,0.10531,0.0,0.2035647179995325,326.88374582955134,-0.0,0.0,0.0,326.88374582955134,326.88374582955134,0.0,1.0
895,2019-02-07 07:00:00,2,2019-02-07 08:00:00,0.10531,0.10531,0.10531,0.0,0.2035647179995325,406.64203548807967,-0.0,42.38386216787097,0.0,364.2581733202087,364.2581733202087,0.0,0.0
896,2019-02-07 08:00:00,2,2019-02-07 09:00:00,0.10531,0.10531,0.10531,0.0,0.05,360.8984602946377,-0.0,0.0,0.0,360.8984602946377,360.8984602946377,0.0,0.0
897,2019-02-07 09:00:00,2,2019-02-07 10:00:00,0.10531,0.10531,0.10531,0.0,0.05,336.0466552929977,-0.0,0.0,0.0,336.0466552929977,336.0466552929977,0.0,1.0
898,2019-02-07 10:00:00,2,2019-02-07 11:00:00,0.10531,0.10531,0.10531,0.0,0.05,286.7848369934679,-77.47333632674082,0.0,0.0,364.2581733202087,364.2581733202087,0.0,1.0
899,2019-02-07 11:00:00,2,2019-02-07 12:00:00,0.10531,0.10531,0.10531,0.0,0.2875848980686718,288.5724283999462,-0.0,0.0,0.0,288.5724283999462,288.5724283999462,0.0,1.0
900,2019-02-07 12:00:00,2,2019-02-07 13:00:00,0.10531,0.10531,0.10531,0.0,0.2875848980686718,288.97880754884716,-75.27936577136154,0.0,0.0,364.2581733202087,364.2581733202087,0.0,1.0
901,2019-02-07 13:00:00,2,2019-02-07 14:00:00,0.10531,0.10531,0.10531,0.0,0.5184416197675138,279.63232451351047,-0.0,0.0,0.0,279.63232451351047,279.63232451351047,0.0,0.0
902,2019-02-07 14:00:00,2,2019-02-07 15:00:00,0.10531,0.10531,0.10531,0.0,0.5184416197675138,280.7856201160754,-83.4725532041333,0.0,0.0,364.2581733202087,364.2581733202087,0.0,1.0
903,2019-02-07 15:00:00,2,2019-02-07 16:00:00,0.10531,0.10531,0.10531,0.0,0.7744241162601894,281.628370624093,-73.55735339341652,0.0,0.0,355.18572401750953,355.18572401750953,0.0,1.0
904,2019-02-07 16:00:00,2,2019-02-07 17:00:00,0.13592,0.13592,0.13592,0.0,1.0,312.0783495169072,-0.0,0.0,0.0,312.0783495169072,312.0783495169072,0.0,1.0
905,2019-02-07 17:00:00,2,2019-02-07 18:00:00,0.13592,0.13592,0.13592,0.0,1.0,361.8114059896879,-0.0,0.0,0.0,361.8114059896879,361.8114059896879,0.0,1.0
906,2019-02-07 18:00:00,2,2019-02-07 19:00:00,0.13592,0.13592,0.13592,0.0,1.0,418.6054258966297,-0.0,54.347252576421,0.0,364.2581733202087,364.2581733202087,0.0,0.0
907,2019-02-07 19:00:00,2,2019-02-07 20:00:00,0.13592,0.13592,0.13592,0.0,0.8030896645781849,424.4578161632022,-0.0,60.19964284299351,0.0,364.2581733202087,364.2581733202087,0.0,0.0
908,2019-02-07 20:00:00,2,2019-02-07 21:00:00,0.13592,0.13592,0.13592,0.0,0.5849750165963241,451.0079765444594,-0.0,86.74980322425068,0.0,364.2581733202087,364.2581733202087,0.0,0.0
909,2019-02-07 21:00:00,2,2019-02-07 22:00:00,0.10531,0.10531,0.10531,0.0,0.2706641353490391,425.1614746765435,-0.0,60.903301356334794,0.0,364.2581733202087,364.2581733202087,0.0,0.0
910,2019-02-07 22:00:00,2,2019-02-07 23:00:00,0.10531,0.10531,0.10531,0.0,0.05,357.72077245795435,-6.537400862254351,0.0,0.0,364.2581733202087,364.2581733202087,0.0,1.0
911,2019-02-07 23:00:00,2,2019-02-08 00:00:00,0.10531,0.10531,0.10531,0.0,0.07004802931091335,287.94149163737654,-43.26021399987697,0.0,0.0,331.2017056372535,331.2017056372535,0.0,1.0
912,2019-02-08 00:00:00,2,2019-02-08 01:00:00,0.10531,0.10531,0.10531,0.0,0.2027126855772027,154.9545970752004,-0.0,0.0,0.0,154.9545970752004,154.9545970752004,0.0,1.0
913,2019-02-08 01:00:00,2,2019-02-08 02:00:00,0.10531,0.10531,0.10531,0.0,0.2027126855772027,159.08449071767419,-72.86775077525515,0.0,0.0,231.95224149292932,231.95224149292932,0.0,1.0
914,2019-02-08 02:00:00,2,2019-02-08 03:00:00,0.10531,0.10531,0.10531,0.0,0.4261737879546519,176.75714662201256,-0.0,0.0,0.0,176.75714662201256,176.75714662201256,0.0,0.0
915,2019-02-08 03:00:00,2,2019-02-08 04:00:00,0.10531,0.10531,0.10531,0.0,0.4261737879546519,151.0672424206886,-0.0,0.0,0.0,151.0672424206886,151.0672424206886,0.0,0.0
916,2019-02-08 04:00:00,2,2019-02-08 05:00:00,0.10531,0.10531,0.10531,0.0,0.4261737879546519,159.64082098422693,-0.0,0.0,0.0,159.64082098422693,159.64082098422693,0.0,1.0
917,2019-02-08 05:00:00,2,2019-02-08 06:00:00,0.10531,0.10531,0.10531,0.0,0.4261737879546519,202.8568474207184,-150.0,0.0,0.0,352.8568474207184,352.8568474207184,0.0,1.0
918,2019-02-08 06:00:00,2,2019-02-08 07:00:00,0.10531,0.10531,0.10531,0.0,0.8861737879546518,335.3414177093601,-0.0,0.0,0.0,335.3414177093601,335.3414177093601,0.0,0.0
919,2019-02-08 07:00:00,2,2019-02-08 08:00:00,0.10531,0.10531,0.10531,0.0,0.8861737879546518,406.346128599002,-0.0,42.08795527879329,0.0,364.2581733202087,364.2581733202087,0.0,0.0
920,2019-02-08 08:00:00,2,2019-02-08 09:00:00,0.10531,0.10531,0.10531,0.0,0.7336811963648211,364.31891926072336,-0.0,0.0607459405146642,0.0,364.2581733202087,364.2581733202087,0.0,0.0
921,2019-02-08 09:00:00,2,2019-02-08 10:00:00,0.10531,0.10531,0.10531,0.0,0.7334611023774491,331.21366904570067,-0.0,0.0,0.0,331.21366904570067,331.21366904570067,0.0,0.0
922,2019-02-08 10:00:00,2,2019-02-08 11:00:00,0.10531,0.10531,0.10531,0.0,0.7334611023774491,286.23082974258045,-0.0,0.0,0.0,286.23082974258045,286.23082974258045,0.0,0.0
923,2019-02-08 11:00:00,2,2019-02-08 12:00:00,0.10531,0.10531,0.10531,0.0,0.7334611023774491,289.3751463290557,-0.0,0.0,0.0,289.3751463290557,289.3751463290557,0.0,0.0
924,2019-02-08 12:00:00,2,2019-02-08 13:00:00,0.10531,0.10531,0.10531,0.0,0.7334611023774491,288.97970284406347,-75.27847047614523,0.0,0.0,364.2581733202087,364.2581733202087,0.0,1.0
925,2019-02-08 13:00:00,2,2019-02-08 14:00:00,0.10531,0.10531,0.10531,0.0,0.9643150785042943,278.06044716283657,-11.636387444251808,0.0,0.0,289.69683460708836,289.69683460708836,0.0,1.0
926,2019-02-08 14:00:00,2,2019-02-08 15:00:00,0.10531,0.10531,0.10531,0.0,1.0,277.34331539981173,-0.0,0.0,0.0,277.34331539981173,277.34331539981173,0.0,1.0
927,2019-02-08 15:00:00,2,2019-02-08 16:00:00,0.10531,0.10531,0.10531,0.0,1.0,278.39482239321177,-0.0,0.0,0.0,278.39482239321177,278.39482239321177,0.0,1.0
928,2019-02-08 16:00:00,2,2019-02-08 17:00:00,0.13592,0.13592,0.13592,0.0,1.0,308.9434863666519,-0.0,0.0,0.0,308.9434863666519,308.9434863666519,0.0,1.0
929,2019-02-08 17:00:00,2,2019-02-08 18:00:00,0.13592,0.13592,0.13592,0.0,1.0,357.7669356806513,-0.0,0.0,0.0,357.7669356806513,357.7669356806513,0.0,1.0
930,2019-02-08 18:00:00,2,2019-02-08 19:00:00,0.13592,0.13592,0.13592,0.0,1.0,389.2630354527038,-0.0,25.004862132495077,0.0,364.2581733202087,364.2581733202087,0.0,0.0
931,2019-02-08 19:00:00,2,2019-02-08 20:00:00,0.13592,0.13592,0.13592,0.0,0.9094026734329888,389.8739850079702,-0.0,26.959414343984065,0.0,362.9145706639861,362.9145706639861,0.0,0.0
932,2019-02-08 20:00:00,2,2019-02-08 21:00:00,0.13592,0.13592,0.13592,0.0,0.8117236359547856,448.41529860965375,-0.0,150.0,0.0,298.41529860965375,298.41529860965375,0.0,0.0
933,2019-02-08 21:00:00,2,2019-02-08 22:00:00,0.10531,0.10531,0.10531,0.0,0.26824537508522045,424.49389684372954,-0.0,60.235723523520846,0.0,364.2581733202087,364.2581733202087,0.0,0.0
934,2019-02-08 22:00:00,2,2019-02-08 23:00:00,0.10531,0.10531,0.10531,0.0,0.05,336.71103439017315,-27.547138930035544,0.0,0.0,364.2581733202087,364.2581733202087,0.0,1.0
935,2019-02-08 23:00:00,2,2019-02-09 00:00:00,0.10531,0.10531,0.10531,0.0,0.13447789271877567,234.3885516343992,-20.86173560041668,0.0,0.0,255.2502872348159,255.2502872348159,0.0,1.0
936,2019-02-09 00:00:00,2,2019-02-09 01:00:00,0.10531,0.10531,0.10531,0.0,0.19845388189338684,180.61181970520562,-0.0,0.0,0.0,180.61181970520562,180.61181970520562,0.0,1.0
937,2019-02-09 01:00:00,2,2019-02-09 02:00:00,0.10531,0.10531,0.10531,0.0,0.19845388189338684,167.22220491601283,-81.87578695353501,0.0,0.0,249.09799186954785,249.09799186954785,0.0,1.0
938,2019-02-09 02:00:00,2,2019-02-09 03:00:00,0.10531,0.10531,0.10531,0.0,0.4495396285508942,156.68705558333613,-0.0,0.0,0.0,156.68705558333613,156.68705558333613,0.0,0.0
939,2019-02-09 03:00:00,2,2019-02-09 04:00:00,0.10531,0.10531,0.10531,0.0,0.4495396285508942,156.0884421121084,-0.0,0.0,0.0,156.0884421121084,156.0884421121084,0.0,0.0
940,2019-02-09 04:00:00,2,2019-02-09 05:00:00,0.10531,0.10531,0.10531,0.0,0.4495396285508942,160.56444323662262,-0.0,0.0,0.0,160.56444323662262,160.56444323662262,0.0,1.0
941,2019-02-09 05:00:00,2,2019-02-09 06:00:00,0.10531,0.10531,0.10531,0.0,0.4495396285508942,199.2475369424758,-150.0,0.0,0.0,349.2475369424758,349.2475369424758,0.0,1.0
942,2019-02-09 06:00:00,2,2019-02-09 07:00:00,0.10531,0.10531,0.10531,0.0,0.9095396285508942,322.91458995789895,-0.0,0.0,0.0,322.91458995789895,322.91458995789895,0.0,1.0
943,2019-02-09 07:00:00,2,2019-02-09 08:00:00,0.10531,0.10531,0.10531,0.0,0.9095396285508942,405.23144472278346,-0.0,40.97327140257477,0.0,364.2581733202087,364.2581733202087,0.0,0.0
944,2019-02-09 08:00:00,2,2019-02-09 09:00:00,0.10531,0.10531,0.10531,0.0,0.7610857466575074,360.10776136861153,-0.0,0.0,0.0,360.10776136861153,360.10776136861153,0.0,1.0
945,2019-02-09 09:00:00,2,2019-02-09 10:00:00,0.10531,0.10531,0.10531,0.0,0.7610857466575074,334.0323298769285,-0.0,0.0,0.0,334.0323298769285,334.0323298769285,0.0,1.0
946,2019-02-09 10:00:00,2,2019-02-09 11:00:00,0.10531,0.10531,0.10531,0.0,0.7610857466575074,286.35135157809157,-77.90682174211713,0.0,0.0,364.2581733202087,364.2581733202087,0.0,1.0
947,2019-02-09 11:00:00,2,2019-02-09 12:00:00,0.10531,0.10531,0.10531,0.0,1.0,288.0238063582947,-0.0,0.0,0.0,288.0238063582947,288.0238063582947,0.0,0.0
948,2019-02-09 12:00:00,2,2019-02-09 13:00:00,0.10531,0.10531,0.10531,0.0,1.0,285.062012474968,-0.0,0.0,0.0,285.062012474968,285.062012474968,0.0,1.0
949,2019-02-09 13:00:00,2,2019-02-09 14:00:00,0.10531,0.10531,0.10531,0.0,1.0,274.846294884521,-0.0,0.0,0.0,274.846294884521,274.846294884521,0.0,1.0
950,2019-02-09 14:00:00,2,2019-02-09 15:00:00,0.10531,0.10531,0.10531,0.0,1.0,274.85309535695006,-0.0,0.0,0.0,274.85309535695006,274.85309535695006,0.0,1.0
951,2019-02-09 15:00:00,2,2019-02-09 16:00:00,0.10531,0.10531,0.10531,0.0,1.0,275.23985823087924,-0.0,0.0,0.0,275.23985823087924,275.23985823087924,0.0,1.0
952,2019-02-09 16:00:00,2,2019-02-09 17:00:00,0.13592,0.13592,0.13592,0.0,1.0,306.53024837823483,-0.0,0.0,0.0,306.53024837823483,306.53024837823483,0.0,1.0
953,2019-02-09 17:00:00,2,2019-02-09 18:00:00,0.13592,0.13592,0.13592,0.0,1.0,358.1412973179729,-0.0,0.0,0.0,358.1412973179729,358.1412973179729,0.0,1.0
954,2019-02-09 18:00:00,2,2019-02-09 19:00:00,0.13592,0.13592,0.13592,0.0,1.0,416.1263043368336,-0.0,51.868131016624886,0.0,364.2581733202087,364.2581733202087,0.0,0.0
955,2019-02-09 19:00:00,2,2019-02-09 20:00:00,0.13592,0.13592,0.13592,0.0,0.8120719890701997,423.51077759684074,-0.0,65.99221508129486,0.0,357.5185625155459,357.5185625155459,0.0,0.0
956,2019-02-09 20:00:00,2,2019-02-09 21:00:00,0.13592,0.13592,0.13592,0.0,0.5729697605147835,449.73596735116763,-0.0,85.47779403095893,0.0,364.2581733202087,364.2581733202087,0.0,0.0
957,2019-02-09 21:00:00,2,2019-02-09 22:00:00,0.10531,0.10531,0.10531,0.0,0.2632676082287005,423.12003319133004,-0.0,58.86185987112134,0.0,364.2581733202087,364.2581733202087,0.0,0.0
958,2019-02-09 22:00:00,2,2019-02-09 23:00:00,0.10531,0.10531,0.10531,0.0,0.05,356.4290804724691,-7.8290928477396164,0.0,0.0,364.2581733202087,364.2581733202087,0.0,1.0
959,2019-02-09 23:00:00,2,2019-02-10 00:00:00,0.10531,0.10531,0.10531,0.0,0.07400921806640148,246.23157327892702,-42.511470042726266,0.0,0.0,288.7430433216533,288.7430433216533,0.0,1.0
960,2019-02-10 00:00:00,2,2019-02-10 01:00:00,0.10531,0.10531,0.10531,0.0,0.2043777261974287,178.21001571763094,-0.0,0.0,0.0,178.21001571763094,178.21001571763094,0.0,1.0
961,2019-02-10 01:00:00,2,2019-02-10 02:00:00,0.10531,0.10531,0.10531,0.0,0.2043777261974287,170.33066557144573,-109.44204580518628,0.0,0.0,279.772711376632,279.772711376632,0.0,1.0
962,2019-02-10 02:00:00,2,2019-02-10 03:00:00,0.10531,0.10531,0.10531,0.0,0.54,161.33199706485294,-0.0,0.0,0.0,161.33199706485294,161.33199706485294,0.0,0.0
963,2019-02-10 03:00:00,2,2019-02-10 04:00:00,0.10531,0.10531,0.10531,0.0,0.54,156.07102115866496,-0.0,0.0,0.0,156.07102115866496,156.07102115866496,0.0,0.0
964,2019-02-10 04:00:00,2,2019-02-10 05:00:00,0.10531,0.10531,0.10531,0.0,0.54,168.44481707368598,-0.0,0.0,0.0,168.44481707368598,168.44481707368598,0.0,1.0
965,2019-02-10 05:00:00,2,2019-02-10 06:00:00,0.10531,0.10531,0.10531,0.0,0.54,202.99202235872573,-150.0,0.0,0.0,352.99202235872576,352.99202235872576,0.0,1.0
966,2019-02-10 06:00:00,2,2019-02-10 07:00:00,0.10531,0.10531,0.10531,0.0,1.0,328.10725278327897,-0.0,0.0,0.0,328.10725278327897,328.10725278327897,0.0,1.0
967,2019-02-10 07:00:00,2,2019-02-10 08:00:00,0.10531,0.10531,0.10531,0.0,1.0,406.866425750699,-0.0,42.608252430490325,0.0,364.2581733202087,364.2581733202087,0.0,0.0
968,2019-02-10 08:00:00,2,2019-02-10 09:00:00,0.10531,0.10531,0.10531,0.0,0.8456222738025713,361.0012385157215,-0.0,0.0,0.0,361.0012385157215,361.0012385157215,0.0,0.0
969,2019-02-10 09:00:00,2,2019-02-10 10:00:00,0.10531,0.10531,0.10531,0.0,0.8456222738025713,332.56449850246713,-31.693674817741567,0.0,0.0,364.2581733202087,364.2581733202087,0.0,1.0
970,2019-02-10 10:00:00,2,2019-02-10 11:00:00,0.10531,0.10531,0.10531,0.0,0.942816209910312,286.68677844203665,-0.0,0.0,0.0,286.68677844203665,286.68677844203665,0.0,0.0
971,2019-02-10 11:00:00,2,2019-02-10 12:00:00,0.10531,0.10531,0.10531,0.0,0.942816209910312,286.26272892890876,-18.646888072724348,0.0,0.0,304.90961700163314,304.90961700163314,0.0,1.0
972,2019-02-10 12:00:00,2,2019-02-10 13:00:00,0.10531,0.10531,0.10531,0.0,1.0,285.39416005140373,-0.0,0.0,0.0,285.39416005140373,285.39416005140373,0.0,0.0
973,2019-02-10 13:00:00,2,2019-02-10 14:00:00,0.10531,0.10531,0.10531,0.0,1.0,275.09309734443326,-0.0,0.0,0.0,275.09309734443326,275.09309734443326,0.0,1.0
974,2019-02-10 14:00:00,2,2019-02-10 15:00:00,0.10531,0.10531,0.10531,0.0,1.0,274.86501479746045,-0.0,0.0,0.0,274.86501479746045,274.86501479746045,0.0,1.0
975,2019-02-10 15:00:00,2,2019-02-10 16:00:00,0.10531,0.10531,0.10531,0.0,1.0,275.10875212798254,-0.0,0.0,0.0,275.10875212798254,275.10875212798254,0.0,1.0
976,2019-02-10 16:00:00,2,2019-02-10 17:00:00,0.13592,0.13592,0.13592,0.0,1.0,306.27239666341814,-0.0,0.0,0.0,306.27239666341814,306.27239666341814,0.0,1.0
977,2019-02-10 17:00:00,2,2019-02-10 18:00:00,0.13592,0.13592,0.13592,0.0,1.0,357.917007889181,-0.0,0.0,0.0,357.917007889181,357.917007889181,0.0,1.0
978,2019-02-10 18:00:00,2,2019-02-10 19:00:00,0.13592,0.13592,0.13592,0.0,1.0,412.01828513026476,-0.0,47.76011181005606,0.0,364.2581733202087,364.2581733202087,0.0,0.0
979,2019-02-10 19:00:00,2,2019-02-10 20:00:00,0.13592,0.13592,0.13592,0.0,0.8269561166302317,417.45045985845167,-0.0,72.71695562933272,0.0,344.7335042291189,344.7335042291189,0.0,0.0
980,2019-02-10 20:00:00,2,2019-02-10 21:00:00,0.13592,0.13592,0.13592,0.0,0.5634888860891711,447.91506202857596,-0.0,83.65688870836726,0.0,364.2581733202087,364.2581733202087,0.0,0.0
981,2019-02-10 21:00:00,2,2019-02-10 22:00:00,0.10531,0.10531,0.10531,0.0,0.2603842168559565,422.3242171724527,-0.0,58.06604385224398,0.0,364.2581733202087,364.2581733202087,0.0,0.0
982,2019-02-10 22:00:00,2,2019-02-10 23:00:00,0.10531,0.10531,0.10531,0.0,0.05,353.8855552765736,-10.372618043635098,0.0,0.0,364.2581733202087,364.2581733202087,0.0,1.0
983,2019-02-10 23:00:00,2,2019-02-11 00:00:00,0.10531,0.10531,0.10531,0.0,0.08180936200048097,252.13517585671786,-32.39724117532933,0.0,0.0,284.5324170320472,284.5324170320472,0.0,1.0
984,2019-02-11 00:00:00,2,2019-02-11 01:00:00,0.10531,0.10531,0.10531,0.0,0.18116090160482423,199.31938748544925,-0.0,0.0,0.0,199.31938748544925,199.31938748544925,0.0,1.0
985,2019-02-11 01:00:00,2,2019-02-11 02:00:00,0.10531,0.10531,0.10531,0.0,0.18116090160482423,191.3023277751699,-117.01274947668774,0.0,0.0,308.31507725185764,308.31507725185764,0.0,1.0
986,2019-02-11 02:00:00,2,2019-02-11 03:00:00,0.10531,0.10531,0.10531,0.0,0.54,162.9322461301931,-0.0,0.0,0.0,162.9322461301931,162.9322461301931,0.0,0.0
987,2019-02-11 03:00:00,2,2019-02-11 04:00:00,0.10531,0.10531,0.10531,0.0,0.54,159.55244635834418,-0.0,0.0,0.0,159.55244635834418,159.55244635834418,0.0,0.0
988,2019-02-11 04:00:00,2,2019-02-11 05:00:00,0.10531,0.10531,0.10531,0.0,0.54,164.7451131749442,-0.0,0.0,0.0,164.7451131749442,164.7451131749442,0.0,1.0
989,2019-02-11 05:00:00,2,2019-02-11 06:00:00,0.10531,0.10531,0.10531,0.0,0.54,177.92700713602872,-150.0,0.0,0.0,327.9270071360287,327.9270071360287,0.0,1.0
990,2019-02-11 06:00:00,2,2019-02-11 07:00:00,0.10531,0.10531,0.10531,0.0,1.0,266.62873191662896,-0.0,0.0,0.0,266.62873191662896,266.62873191662896,0.0,1.0
991,2019-02-11 07:00:00,2,2019-02-11 08:00:00,0.10531,0.10531,0.10531,0.0,1.0,343.56931685492106,-0.0,0.0,0.0,343.56931685492106,343.56931685492106,0.0,1.0
992,2019-02-11 08:00:00,2,2019-02-11 09:00:00,0.10531,0.10531,0.10531,0.0,1.0,400.4585821631402,-0.0,36.200408842931495,0.0,364.2581733202087,364.2581733202087,0.0,0.0
993,2019-02-11 09:00:00,2,2019-02-11 10:00:00,0.10531,0.10531,0.10531,0.0,0.8688390983951757,349.1617555184796,-15.096417801729103,0.0,0.0,364.2581733202087,364.2581733202087,0.0,1.0
994,2019-02-11 10:00:00,2,2019-02-11 11:00:00,0.10531,0.10531,0.10531,0.0,0.9151347796538116,300.41423092598404,-0.0,0.0,0.0,300.41423092598404,300.41423092598404,0.0,0.0
995,2019-02-11 11:00:00,2,2019-02-11 12:00:00,0.10531,0.10531,0.10531,0.0,0.9151347796538116,290.00948367445125,-27.673441417235328,0.0,0.0,317.68292509168657,317.68292509168657,0.0,1.0
996,2019-02-11 12:00:00,2,2019-02-11 13:00:00,0.10531,0.10531,0.10531,0.0,1.0,289.14985292887724,-0.0,0.0,0.0,289.14985292887724,289.14985292887724,0.0,1.0
997,2019-02-11 13:00:00,2,2019-02-11 14:00:00,0.10531,0.10531,0.10531,0.0,1.0,279.1807384843242,-0.0,0.0,0.0,279.1807384843242,279.1807384843242,0.0,1.0
998,2019-02-11 14:00:00,2,2019-02-11 15:00:00,0.10531,0.10531,0.10531,0.0,1.0,279.1032922269063,-0.0,0.0,0.0,279.1032922269063,279.1032922269063,0.0,1.0
999,2019-02-11 15:00:00,2,2019-02-11 16:00:00,0.10531,0.10531,0.10531,0.0,1.0,281.1145003392271,-0.0,0.0,0.0,281.1145003392271,281.1145003392271,0.0,1.0
1000,2019-02-11 16:00:00,2,2019-02-11 17:00:00,0.13592,0.13592,0.13592,0.0,1.0,311.5555578951976,-0.0,0.0,0.0,311.5555578951976,311.5555578951976,0.0,1.0
1001,2019-02-11 17:00:00,2,2019-02-11 18:00:00,0.13592,0.13592,0.13592,0.0,1.0,352.5335075502038,-0.0,0.0,0.0,352.5335075502038,352.5335075502038,0.0,1.0
1002,2019-02-11 18:00:00,2,2019-02-11 19:00:00,0.13592,0.13592,0.13592,0.0,1.0,426.5194912289826,-0.0,62.26131790877389,0.0,364.2581733202087,364.2581733202087,0.0,0.0
1003,2019-02-11 19:00:00,2,2019-02-11 20:00:00,0.13592,0.13592,0.13592,0.0,0.7744155148232831,418.7706598567978,-0.0,73.94433943772363,0.0,344.8263204190742,344.8263204190742,0.0,0.0
1004,2019-02-11 20:00:00,2,2019-02-11 21:00:00,0.13592,0.13592,0.13592,0.0,0.5065012414981974,431.5915289888389,-0.0,67.33335566863019,0.0,364.2581733202087,364.2581733202087,0.0,0.0
1005,2019-02-11 21:00:00,2,2019-02-11 22:00:00,0.10531,0.10531,0.10531,0.0,0.26253980791620396,421.8582927110119,-0.0,57.60011939080323,0.0,364.2581733202087,364.2581733202087,0.0,0.0
1006,2019-02-11 22:00:00,2,2019-02-11 23:00:00,0.10531,0.10531,0.10531,0.0,0.0538437231669169,365.31904091427776,-0.0,1.060867594069066,0.0,364.2581733202087,364.2581733202087,0.0,0.0
1007,2019-02-11 23:00:00,2,2019-02-12 00:00:00,0.10531,0.10531,0.10531,0.0,0.05,262.63289365520785,-38.44473531990334,0.0,0.0,301.0776289751112,301.0776289751112,0.0,1.0
1008,2019-02-12 00:00:00,2,2019-02-12 01:00:00,0.10531,0.10531,0.10531,0.0,0.16789718831437023,214.57640943230402,-0.0,0.0,0.0,214.57640943230402,214.57640943230402,0.0,1.0
1009,2019-02-12 01:00:00,2,2019-02-12 02:00:00,0.10531,0.10531,0.10531,0.0,0.16789718831437023,205.65029438522438,-121.33787337574883,0.0,0.0,326.9881677609732,326.9881677609732,0.0,1.0
1010,2019-02-12 02:00:00,2,2019-02-12 03:00:00,0.10531,0.10531,0.10531,0.0,0.54,181.47935230693233,-0.0,0.0,0.0,181.47935230693233,181.47935230693233,0.0,0.0
1011,2019-02-12 03:00:00,2,2019-02-12 04:00:00,0.10531,0.10531,0.10531,0.0,0.54,176.54701621255634,-0.0,0.0,0.0,176.54701621255634,176.54701621255634,0.0,0.0
1012,2019-02-12 04:00:00,2,2019-02-12 05:00:00,0.10531,0.10531,0.10531,0.0,0.54,180.46467247467322,-0.0,0.0,0.0,180.46467247467322,180.46467247467322,0.0,1.0
1013,2019-02-12 05:00:00,2,2019-02-12 06:00:00,0.10531,0.10531,0.10531,0.0,0.54,195.74541756754357,-150.0,0.0,0.0,345.74541756754354,345.74541756754354,0.0,1.0
1014,2019-02-12 06:00:00,2,2019-02-12 07:00:00,0.10531,0.10531,0.10531,0.0,1.0,276.46181335028865,-0.0,0.0,0.0,276.46181335028865,276.46181335028865,0.0,1.0
1015,2019-02-12 07:00:00,2,2019-02-12 08:00:00,0.10531,0.10531,0.10531,0.0,1.0,362.73158586144905,-0.0,0.0,0.0,362.73158586144905,362.73158586144905,0.0,1.0
1016,2019-02-12 08:00:00,2,2019-02-12 09:00:00,0.10531,0.10531,0.10531,0.0,1.0,396.7977972949749,-0.0,32.53962397476619,0.0,364.2581733202087,364.2581733202087,0.0,0.0
1017,2019-02-12 09:00:00,2,2019-02-12 10:00:00,0.10531,0.10531,0.10531,0.0,0.8821028116856298,343.56492042947264,-20.693252890736062,0.0,0.0,364.2581733202087,364.2581733202087,0.0,1.0
1018,2019-02-12 10:00:00,2,2019-02-12 11:00:00,0.10531,0.10531,0.10531,0.0,0.9455621205505537,300.4328687719249,-17.751482429167275,0.0,0.0,318.1843512010922,318.1843512010922,0.0,1.0
1019,2019-02-12 11:00:00,2,2019-02-12 12:00:00,0.10531,0.10531,0.10531,0.0,1.0,294.9542701702926,-0.0,0.0,0.0,294.9542701702926,294.9542701702926,0.0,0.0
1020,2019-02-12 12:00:00,2,2019-02-12 13:00:00,0.10531,0.10531,0.10531,0.0,1.0,295.01251910528015,-0.0,0.0,0.0,295.01251910528015,295.01251910528015,0.0,1.0
1021,2019-02-12 13:00:00,2,2019-02-12 14:00:00,0.10531,0.10531,0.10531,0.0,1.0,276.57915641663925,-0.0,0.0,0.0,276.57915641663925,276.57915641663925,0.0,1.0
1022,2019-02-12 14:00:00,2,2019-02-12 15:00:00,0.10531,0.10531,0.10531,0.0,1.0,277.95381699718,-0.0,0.0,0.0,277.95381699718,277.95381699718,0.0,1.0
1023,2019-02-12 15:00:00,2,2019-02-12 16:00:00,0.10531,0.10531,0.10531,0.0,1.0,278.3401418891859,-0.0,0.0,0.0,278.3401418891859,278.3401418891859,0.0,1.0
1024,2019-02-12 16:00:00,2,2019-02-12 17:00:00,0.13592,0.13592,0.13592,0.0,1.0,308.7807820170826,-0.0,0.0,0.0,308.7807820170826,308.7807820170826,0.0,1.0
1025,2019-02-12 17:00:00,2,2019-02-12 18:00:00,0.13592,0.13592,0.13592,0.0,1.0,348.74873660031625,-0.0,0.0,0.0,348.74873660031625,348.74873660031625,0.0,1.0
1026,2019-02-12 18:00:00,2,2019-02-12 19:00:00,0.13592,0.13592,0.13592,0.0,1.0,417.3088781269805,-0.0,53.05070480677182,0.0,364.2581733202087,364.2581733202087,0.0,0.0
1027,2019-02-12 19:00:00,2,2019-02-12 20:00:00,0.13592,0.13592,0.13592,0.0,0.8077873014247398,420.0604570141741,-0.0,86.37928893630591,0.0,333.6811680778682,333.6811680778682,0.0,0.0
1028,2019-02-12 20:00:00,2,2019-02-12 21:00:00,0.13592,0.13592,0.13592,0.0,0.4948188632497184,440.350383413885,-0.0,76.09221009367633,0.0,364.2581733202087,364.2581733202087,0.0,0.0
1029,2019-02-12 21:00:00,2,2019-02-12 22:00:00,0.10531,0.10531,0.10531,0.0,0.21912244986683316,410.93596948345464,-0.0,46.677796163245944,0.0,364.2581733202087,364.2581733202087,0.0,0.0
1030,2019-02-12 22:00:00,2,2019-02-12 23:00:00,0.10531,0.10531,0.10531,0.0,0.05,356.037179977783,-8.220993342425686,0.0,0.0,364.2581733202087,364.2581733202087,0.0,1.0
1031,2019-02-12 23:00:00,2,2019-02-13 00:00:00,0.10531,0.10531,0.10531,0.0,0.07521104625010544,291.7942356412337,-0.0,0.0,0.0,291.7942356412337,291.7942356412337,0.0,0.0
1032,2019-02-13 00:00:00,2,2019-02-13 01:00:00,0.10531,0.10531,0.10531,0.0,0.07521104625010544,205.10186231983812,-0.0,0.0,0.0,205.10186231983812,205.10186231983812,0.0,1.0
1033,2019-02-13 01:00:00,2,2019-02-13 02:00:00,0.10531,0.10531,0.10531,0.0,0.07521104625010544,168.82163161463177,-0.0,0.0,0.0,168.82163161463177,168.82163161463177,0.0,1.0
1034,2019-02-13 02:00:00,2,2019-02-13 03:00:00,0.10531,0.10531,0.10531,0.0,0.07521104625010544,187.3541205112686,-0.0,0.0,0.0,187.3541205112686,187.3541205112686,0.0,1.0
1035,2019-02-13 03:00:00,2,2019-02-13 04:00:00,0.10531,0.10531,0.10531,0.0,0.07521104625010544,160.57873883849868,-150.0,0.0,0.0,310.5787388384987,310.5787388384987,0.0,1.0
1036,2019-02-13 04:00:00,2,2019-02-13 05:00:00,0.10531,0.10531,0.10531,0.0,0.5352110462501055,169.03975899913087,-0.0,0.0,0.0,169.03975899913087,169.03975899913087,0.0,0.0
1037,2019-02-13 05:00:00,2,2019-02-13 06:00:00,0.10531,0.10531,0.10531,0.0,0.5352110462501055,210.8712751963498,-150.0,0.0,0.0,360.8712751963498,360.8712751963498,0.0,1.0
1038,2019-02-13 06:00:00,2,2019-02-13 07:00:00,0.10531,0.10531,0.10531,0.0,0.9952110462501056,338.02778248333505,-0.0,0.0,0.0,338.02778248333505,338.02778248333505,0.0,1.0
1039,2019-02-13 07:00:00,2,2019-02-13 08:00:00,0.10531,0.10531,0.10531,0.0,0.9952110462501056,407.02572898507213,-0.0,42.76755566486344,0.0,364.2581733202087,364.2581733202087,0.0,0.0
1040,2019-02-13 08:00:00,2,2019-02-13 09:00:00,0.10531,0.10531,0.10531,0.0,0.8402561344208902,358.53990944256265,-0.0,0.0,0.0,358.53990944256265,358.53990944256265,0.0,0.0
1041,2019-02-13 09:00:00,2,2019-02-13 10:00:00,0.10531,0.10531,0.10531,0.0,0.8402561344208902,337.58257347327685,-0.0,0.0,0.0,337.58257347327685,337.58257347327685,0.0,1.0
1042,2019-02-13 10:00:00,2,2019-02-13 11:00:00,0.10531,0.10531,0.10531,0.0,0.8402561344208902,285.4932170958932,-52.0903909497097,0.0,0.0,337.5836080456029,337.5836080456029,0.0,1.0
1043,2019-02-13 11:00:00,2,2019-02-13 12:00:00,0.10531,0.10531,0.10531,0.0,1.0,286.3480692478735,-0.0,0.0,0.0,286.3480692478735,286.3480692478735,0.0,0.0
1044,2019-02-13 12:00:00,2,2019-02-13 13:00:00,0.10531,0.10531,0.10531,0.0,1.0,286.7275873495751,-0.0,0.0,0.0,286.7275873495751,286.7275873495751,0.0,1.0
1045,2019-02-13 13:00:00,2,2019-02-13 14:00:00,0.10531,0.10531,0.10531,0.0,1.0,276.02400647507943,-0.0,0.0,0.0,276.02400647507943,276.02400647507943,0.0,1.0
1046,2019-02-13 14:00:00,2,2019-02-13 15:00:00,0.10531,0.10531,0.10531,0.0,1.0,275.22932932169573,-0.0,0.0,0.0,275.22932932169573,275.22932932169573,0.0,1.0
1047,2019-02-13 15:00:00,2,2019-02-13 16:00:00,0.10531,0.10531,0.10531,0.0,1.0,275.7786814089758,-0.0,0.0,0.0,275.7786814089758,275.7786814089758,0.0,1.0
1048,2019-02-13 16:00:00,2,2019-02-13 17:00:00,0.13592,0.13592,0.13592,0.0,1.0,307.7740843552002,-0.0,0.0,0.0,307.7740843552002,307.7740843552002,0.0,1.0
1049,2019-02-13 17:00:00,2,2019-02-13 18:00:00,0.13592,0.13592,0.13592,0.0,1.0,354.60010693892383,-0.0,0.0,0.0,354.60010693892383,354.60010693892383,0.0,0.0
1050,2019-02-13 18:00:00,2,2019-02-13 19:00:00,0.13592,0.13592,0.13592,0.0,1.0,416.63614458319927,-0.0,52.37797126299057,0.0,364.2581733202087,364.2581733202087,0.0,0.0
1051,2019-02-13 19:00:00,2,2019-02-13 20:00:00,0.13592,0.13592,0.13592,0.0,0.8102247418007589,414.5626217984902,-0.0,72.04189190104883,0.0,342.5207298974414,342.5207298974414,0.0,0.0
1052,2019-02-13 20:00:00,2,2019-02-13 21:00:00,0.13592,0.13592,0.13592,0.0,0.5492033943331907,443.2390089511191,-0.0,78.9808356309104,0.0,364.2581733202087,364.2581733202087,0.0,0.0
1053,2019-02-13 21:00:00,2,2019-02-13 22:00:00,0.10531,0.10531,0.10531,0.0,0.2630409463951094,423.0574745252589,-0.0,58.7993012050502,0.0,364.2581733202087,364.2581733202087,0.0,0.0
1054,2019-02-13 22:00:00,2,2019-02-13 23:00:00,0.10531,0.10531,0.10531,0.0,0.05,355.4954726408912,-0.0,0.0,0.0,355.4954726408912,355.4954726408912,0.0,0.0
1055,2019-02-13 23:00:00,2,2019-02-14 00:00:00,0.10531,0.10531,0.10531,0.0,0.05,257.32285663797956,-0.0,0.0,0.0,257.32285663797956,257.32285663797956,0.0,1.0
1056,2019-02-14 00:00:00,2,2019-02-14 01:00:00,0.10531,0.10531,0.10531,0.0,0.05,198.32740518951175,-0.0,0.0,0.0,198.32740518951175,198.32740518951175,0.0,1.0
1057,2019-02-14 01:00:00,2,2019-02-14 02:00:00,0.10531,0.10531,0.10531,0.0,0.05,179.2023630306751,-0.0,0.0,0.0,179.2023630306751,179.2023630306751,0.0,1.0
1058,2019-02-14 02:00:00,2,2019-02-14 03:00:00,0.10531,0.10531,0.10531,0.0,0.05,166.3402240767797,-0.0,0.0,0.0,166.3402240767797,166.3402240767797,0.0,1.0
1059,2019-02-14 03:00:00,2,2019-02-14 04:00:00,0.10531,0.10531,0.10531,0.0,0.05,162.44778522740623,-150.0,0.0,0.0,312.44778522740626,312.44778522740626,0.0,1.0
1060,2019-02-14 04:00:00,2,2019-02-14 05:00:00,0.10531,0.10531,0.10531,0.0,0.51,171.36943038090774,-150.0,0.0,0.0,321.3694303809077,321.3694303809077,0.0,1.0
1061,2019-02-14 05:00:00,2,2019-02-14 06:00:00,0.10531,0.10531,0.10531,0.0,0.97,210.11687050810795,-0.0,0.0,0.0,210.11687050810795,210.11687050810795,0.0,0.0
1062,2019-02-14 06:00:00,2,2019-02-14 07:00:00,0.10531,0.10531,0.10531,0.0,0.97,342.5246751388698,-0.0,0.0,0.0,342.5246751388698,342.5246751388698,0.0,1.0
1063,2019-02-14 07:00:00,2,2019-02-14 08:00:00,0.10531,0.10531,0.10531,0.0,0.97,408.8796913795279,-0.0,44.621518059319214,0.0,364.2581733202087,364.2581733202087,0.0,0.0
1064,2019-02-14 08:00:00,2,2019-02-14 09:00:00,0.10531,0.10531,0.10531,0.0,0.8083278331184086,363.4609031100026,-0.0,0.0,0.0,363.4609031100026,363.4609031100026,0.0,0.0
1065,2019-02-14 09:00:00,2,2019-02-14 10:00:00,0.10531,0.10531,0.10531,0.0,0.8083278331184086,337.7967479226743,-0.0,0.0,0.0,337.7967479226743,337.7967479226743,0.0,0.0
1066,2019-02-14 10:00:00,2,2019-02-14 11:00:00,0.10531,0.10531,0.10531,0.0,0.8083278331184086,289.47942335913746,-62.50179354834501,0.0,0.0,351.98121690748246,351.98121690748246,0.0,1.0
1067,2019-02-14 11:00:00,2,2019-02-14 12:00:00,0.10531,0.10531,0.10531,0.0,1.0,291.7777018936772,-0.0,0.0,0.0,291.7777018936772,291.7777018936772,0.0,0.0
1068,2019-02-14 12:00:00,2,2019-02-14 13:00:00,0.10531,0.10531,0.10531,0.0,1.0,291.3411318504618,-0.0,0.0,0.0,291.3411318504618,291.3411318504618,0.0,1.0
1069,2019-02-14 13:00:00,2,2019-02-14 14:00:00,0.10531,0.10531,0.10531,0.0,1.0,281.0803441418023,-0.0,0.0,0.0,281.0803441418023,281.0803441418023,0.0,1.0
1070,2019-02-14 14:00:00,2,2019-02-14 15:00:00,0.10531,0.10531,0.10531,0.0,1.0,280.37336757028515,-0.0,0.0,0.0,280.37336757028515,280.37336757028515,0.0,1.0
1071,2019-02-14 15:00:00,2,2019-02-14 16:00:00,0.10531,0.10531,0.10531,0.0,1.0,279.53889678920655,-0.0,0.0,0.0,279.53889678920655,279.53889678920655,0.0,1.0
1072,2019-02-14 16:00:00,2,2019-02-14 17:00:00,0.13592,0.13592,0.13592,0.0,1.0,308.44119742672683,-0.0,0.0,0.0,308.44119742672683,308.44119742672683,0.0,1.0
1073,2019-02-14 17:00:00,2,2019-02-14 18:00:00,0.13592,0.13592,0.13592,0.0,1.0,355.7272177788266,-0.0,0.0,0.0,355.7272177788266,355.7272177788266,0.0,1.0
1074,2019-02-14 18:00:00,2,2019-02-14 19:00:00,0.13592,0.13592,0.13592,0.0,1.0,416.30974719470913,-0.0,57.300190991526435,0.0,359.0095562031827,359.0095562031827,0.0,0.0
1075,2019-02-14 19:00:00,2,2019-02-14 20:00:00,0.13592,0.13592,0.13592,0.0,0.7923906123495419,424.01866653196504,-0.0,59.76049321175634,0.0,364.2581733202087,364.2581733202087,0.0,0.0
1076,2019-02-14 20:00:00,2,2019-02-14 21:00:00,0.13592,0.13592,0.13592,0.0,0.5758670862199899,449.8238279460914,-0.0,85.5656546258827,0.0,364.2581733202087,364.2581733202087,0.0,0.0
1077,2019-02-14 21:00:00,2,2019-02-14 22:00:00,0.10531,0.10531,0.10531,0.0,0.2658465984450527,423.83183449104325,-0.0,59.573661170834555,0.0,364.2581733202087,364.2581733202087,0.0,0.0
1078,2019-02-14 22:00:00,2,2019-02-14 23:00:00,0.10531,0.10531,0.10531,0.0,0.05,320.2694968924238,-0.0,0.0,0.0,320.2694968924238,320.2694968924238,0.0,0.0
1079,2019-02-14 23:00:00,2,2019-02-15 00:00:00,0.10531,0.10531,0.10531,0.0,0.05,224.39854095674073,-0.0,0.0,0.0,224.39854095674073,224.39854095674073,0.0,1.0
1080,2019-02-15 00:00:00,2,2019-02-15 01:00:00,0.10531,0.10531,0.10531,0.0,0.05,175.64203959759413,-0.0,0.0,0.0,175.64203959759413,175.64203959759413,0.0,1.0
1081,2019-02-15 01:00:00,2,2019-02-15 02:00:00,0.10531,0.10531,0.10531,0.0,0.05,163.76179592161316,-150.0,0.0,0.0,313.76179592161316,313.76179592161316,0.0,1.0
1082,2019-02-15 02:00:00,2,2019-02-15 03:00:00,0.10531,0.10531,0.10531,0.0,0.51,154.46748985650507,-0.0,0.0,0.0,154.46748985650507,154.46748985650507,0.0,0.0
1083,2019-02-15 03:00:00,2,2019-02-15 04:00:00,0.10531,0.10531,0.10531,0.0,0.51,155.49604131949758,-9.782608695652174,0.0,0.0,165.27865001514976,165.27865001514976,0.0,1.0
1084,2019-02-15 04:00:00,2,2019-02-15 05:00:00,0.10531,0.10531,0.10531,0.0,0.54,161.66734816929707,-0.0,0.0,0.0,161.66734816929707,161.66734816929707,0.0,1.0
1085,2019-02-15 05:00:00,2,2019-02-15 06:00:00,0.10531,0.10531,0.10531,0.0,0.54,202.50815977885114,-150.0,0.0,0.0,352.5081597788511,352.5081597788511,0.0,1.0
1086,2019-02-15 06:00:00,2,2019-02-15 07:00:00,0.10531,0.10531,0.10531,0.0,1.0,330.8797196399052,-0.0,0.0,0.0,330.8797196399052,330.8797196399052,0.0,1.0
1087,2019-02-15 07:00:00,2,2019-02-15 08:00:00,0.10531,0.10531,0.10531,0.0,1.0,405.5200586180985,-0.0,41.26188529788982,0.0,364.2581733202087,364.2581733202087,0.0,0.0
1088,2019-02-15 08:00:00,2,2019-02-15 09:00:00,0.10531,0.10531,0.10531,0.0,0.8505004155873558,362.12810960845025,-0.0,0.0,0.0,362.12810960845025,362.12810960845025,0.0,0.0
1089,2019-02-15 09:00:00,2,2019-02-15 10:00:00,0.10531,0.10531,0.10531,0.0,0.8505004155873558,335.6543589047693,-28.603814415439388,0.0,0.0,364.2581733202087,364.2581733202087,0.0,1.0
1090,2019-02-15 10:00:00,2,2019-02-15 11:00:00,0.10531,0.10531,0.10531,0.0,0.9382187797947033,287.50942450403346,-20.146050066944593,0.0,0.0,307.6554745709781,307.6554745709781,0.0,1.0
1091,2019-02-15 11:00:00,2,2019-02-15 12:00:00,0.10531,0.10531,0.10531,0.0,1.0,287.7570399711209,-0.0,0.0,0.0,287.7570399711209,287.7570399711209,0.0,1.0
1092,2019-02-15 12:00:00,2,2019-02-15 13:00:00,0.10531,0.10531,0.10531,0.0,1.0,285.4744836256736,-0.0,0.0,0.0,285.4744836256736,285.4744836256736,0.0,0.0
1093,2019-02-15 13:00:00,2,2019-02-15 14:00:00,0.10531,0.10531,0.10531,0.0,1.0,275.52950109407556,-0.0,0.0,0.0,275.52950109407556,275.52950109407556,0.0,0.0
1094,2019-02-15 14:00:00,2,2019-02-15 15:00:00,0.10531,0.10531,0.10531,0.0,1.0,275.31259939604143,-0.0,0.0,0.0,275.31259939604143,275.31259939604143,0.0,1.0
1095,2019-02-15 15:00:00,2,2019-02-15 16:00:00,0.10531,0.10531,0.10531,0.0,1.0,275.6784388496619,-0.0,0.0,0.0,275.6784388496619,275.6784388496619,0.0,1.0
1096,2019-02-15 16:00:00,2,2019-02-15 17:00:00,0.13592,0.13592,0.13592,0.0,1.0,307.08545713062,-0.0,0.0,0.0,307.08545713062,307.08545713062,0.0,1.0
1097,2019-02-15 17:00:00,2,2019-02-15 18:00:00,0.13592,0.13592,0.13592,0.0,1.0,355.27139102639944,-0.0,0.0,0.0,355.27139102639944,355.27139102639944,0.0,1.0
1098,2019-02-15 18:00:00,2,2019-02-15 19:00:00,0.13592,0.13592,0.13592,0.0,1.0,416.35418608579306,-0.0,52.09601276558436,0.0,364.2581733202087,364.2581733202087,0.0,0.0
1099,2019-02-15 19:00:00,2,2019-02-15 20:00:00,0.13592,0.13592,0.13592,0.0,0.8112463305594769,423.7933834294665,-0.0,64.52140478717472,0.0,359.27197864229174,359.27197864229174,0.0,0.0
1100,2019-02-15 20:00:00,2,2019-02-15 21:00:00,0.13592,0.13592,0.13592,0.0,0.5774731248088439,449.49947685905073,-0.0,85.24130353884203,0.0,364.2581733202087,364.2581733202087,0.0,0.0
1101,2019-02-15 21:00:00,2,2019-02-15 22:00:00,0.10531,0.10531,0.10531,0.0,0.26862782213188013,424.5994522286076,-0.0,60.34127890839892,0.0,364.2581733202087,364.2581733202087,0.0,0.0
1102,2019-02-15 22:00:00,2,2019-02-15 23:00:00,0.10531,0.10531,0.10531,0.0,0.05,332.12602061349725,-0.0,0.0,0.0,332.12602061349725,332.12602061349725,0.0,0.0
1103,2019-02-15 23:00:00,2,2019-02-16 00:00:00,0.10531,0.10531,0.10531,0.0,0.05,241.74108561426925,-0.0,0.0,0.0,241.74108561426925,241.74108561426925,0.0,1.0
1104,2019-02-16 00:00:00,2,2019-02-16 01:00:00,0.10531,0.10531,0.10531,0.0,0.05,184.35216442570348,-0.0,0.0,0.0,184.35216442570348,184.35216442570348,0.0,1.0
1105,2019-02-16 01:00:00,2,2019-02-16 02:00:00,0.10531,0.10531,0.10531,0.0,0.05,172.5075725141868,-0.0,0.0,0.0,172.5075725141868,172.5075725141868,0.0,1.0
1106,2019-02-16 02:00:00,2,2019-02-16 03:00:00,0.10531,0.10531,0.10531,0.0,0.05,163.0691512662635,-0.0,0.0,0.0,163.0691512662635,163.0691512662635,0.0,1.0
1107,2019-02-16 03:00:00,2,2019-02-16 04:00:00,0.10531,0.10531,0.10531,0.0,0.05,157.4588190861039,-150.0,0.0,0.0,307.45881908610386,307.45881908610386,0.0,1.0
1108,2019-02-16 04:00:00,2,2019-02-16 05:00:00,0.10531,0.10531,0.10531,0.0,0.51,159.05418629774292,-150.0,0.0,0.0,309.05418629774294,309.05418629774294,0.0,1.0
1109,2019-02-16 05:00:00,2,2019-02-16 06:00:00,0.10531,0.10531,0.10531,0.0,0.97,198.3192864054617,-0.0,0.0,0.0,198.3192864054617,198.3192864054617,0.0,0.0
1110,2019-02-16 06:00:00,2,2019-02-16 07:00:00,0.10531,0.10531,0.10531,0.0,0.97,323.8028637100657,-0.0,0.0,0.0,323.8028637100657,323.8028637100657,0.0,1.0
1111,2019-02-16 07:00:00,2,2019-02-16 08:00:00,0.10531,0.10531,0.10531,0.0,0.97,405.6955135574516,-0.0,41.43734023724289,0.0,364.2581733202087,364.2581733202087,0.0,0.0
1112,2019-02-16 08:00:00,2,2019-02-16 09:00:00,0.10531,0.10531,0.10531,0.0,0.8198647092853518,362.70582180929165,-0.0,0.0,0.0,362.70582180929165,362.70582180929165,0.0,0.0
1113,2019-02-16 09:00:00,2,2019-02-16 10:00:00,0.10531,0.10531,0.10531,0.0,0.8198647092853518,333.8091864949208,-30.448986825287875,0.0,0.0,364.2581733202087,364.2581733202087,0.0,1.0
1114,2019-02-16 10:00:00,2,2019-02-16 11:00:00,0.10531,0.10531,0.10531,0.0,0.9132416022162346,284.76090242859374,-28.29078188601046,0.0,0.0,313.0516843146042,313.0516843146042,0.0,1.0
1115,2019-02-16 11:00:00,2,2019-02-16 12:00:00,0.10531,0.10531,0.10531,0.0,1.0,286.16010150662225,-0.0,0.0,0.0,286.16010150662225,286.16010150662225,0.0,0.0
1116,2019-02-16 12:00:00,2,2019-02-16 13:00:00,0.10531,0.10531,0.10531,0.0,1.0,285.34875016371683,-0.0,0.0,0.0,285.34875016371683,285.34875016371683,0.0,1.0
1117,2019-02-16 13:00:00,2,2019-02-16 14:00:00,0.10531,0.10531,0.10531,0.0,1.0,275.15569421247903,-0.0,0.0,0.0,275.15569421247903,275.15569421247903,0.0,1.0
1118,2019-02-16 14:00:00,2,2019-02-16 15:00:00,0.10531,0.10531,0.10531,0.0,1.0,275.70998619945726,-0.0,0.0,0.0,275.70998619945726,275.70998619945726,0.0,1.0
1119,2019-02-16 15:00:00,2,2019-02-16 16:00:00,0.10531,0.10531,0.10531,0.0,1.0,276.4695065972181,-0.0,0.0,0.0,276.4695065972181,276.4695065972181,0.0,1.0
1120,2019-02-16 16:00:00,2,2019-02-16 17:00:00,0.13592,0.13592,0.13592,0.0,1.0,307.24358344073556,-0.0,0.0,0.0,307.24358344073556,307.24358344073556,0.0,1.0
1121,2019-02-16 17:00:00,2,2019-02-16 18:00:00,0.13592,0.13592,0.13592,0.0,1.0,355.23365815613323,-0.0,0.0,0.0,355.23365815613323,355.23365815613323,0.0,1.0
1122,2019-02-16 18:00:00,2,2019-02-16 19:00:00,0.13592,0.13592,0.13592,0.0,1.0,416.57072465544155,-0.0,59.31316447259156,0.0,357.25756018285,357.25756018285,0.0,0.0
1123,2019-02-16 19:00:00,2,2019-02-16 20:00:00,0.13592,0.13592,0.13592,0.0,0.7850972301717697,422.9198951957351,-0.0,58.66172187552638,0.0,364.2581733202087,364.2581733202087,0.0,0.0
1124,2019-02-16 20:00:00,2,2019-02-16 21:00:00,0.13592,0.13592,0.13592,0.0,0.5725547596082683,448.89343018662856,-0.0,84.63525686641987,0.0,364.2581733202087,364.2581733202087,0.0,0.0
1125,2019-02-16 21:00:00,2,2019-02-16 22:00:00,0.10531,0.10531,0.10531,0.0,0.2659052782081963,423.8480301056709,-0.0,59.58985678546219,0.0,364.2581733202087,364.2581733202087,0.0,0.0
1126,2019-02-16 22:00:00,2,2019-02-16 23:00:00,0.10531,0.10531,0.10531,0.0,0.05,356.98242228858686,-0.0,0.0,0.0,356.98242228858686,356.98242228858686,0.0,1.0
1127,2019-02-16 23:00:00,2,2019-02-17 00:00:00,0.10531,0.10531,0.10531,0.0,0.05,250.19420459536744,-0.0,0.0,0.0,250.19420459536744,250.19420459536744,0.0,1.0
1128,2019-02-17 00:00:00,2,2019-02-17 01:00:00,0.10531,0.10531,0.10531,0.0,0.05,192.22820446190707,-0.0,0.0,0.0,192.22820446190707,192.22820446190707,0.0,1.0
1129,2019-02-17 01:00:00,2,2019-02-17 02:00:00,0.10531,0.10531,0.10531,0.0,0.05,185.77376255988602,-0.0,0.0,0.0,185.77376255988602,185.77376255988602,0.0,1.0
1130,2019-02-17 02:00:00,2,2019-02-17 03:00:00,0.10531,0.10531,0.10531,0.0,0.05,166.74995274662578,-0.0,0.0,0.0,166.74995274662578,166.74995274662578,0.0,1.0
1131,2019-02-17 03:00:00,2,2019-02-17 04:00:00,0.10531,0.10531,0.10531,0.0,0.05,167.26020548548473,-0.0,0.0,0.0,167.26020548548473,167.26020548548473,0.0,1.0
1132,2019-02-17 04:00:00,2,2019-02-17 05:00:00,0.10531,0.10531,0.10531,0.0,0.05,175.03894148727443,-0.0,0.0,0.0,175.03894148727443,175.03894148727443,0.0,1.0
1133,2019-02-17 05:00:00,2,2019-02-17 06:00:00,0.10531,0.10531,0.10531,0.0,0.05,212.53685861482464,-51.26942515000181,0.0,0.0,263.80628376482645,263.80628376482645,0.0,1.0
1134,2019-02-17 06:00:00,2,2019-02-17 07:00:00,0.10531,0.10531,0.10531,0.0,0.2072262371266722,335.35211235380257,-0.0,0.0,0.0,335.35211235380257,335.35211235380257,0.0,1.0
1135,2019-02-17 07:00:00,2,2019-02-17 08:00:00,0.10531,0.10531,0.10531,0.0,0.2072262371266722,407.65261476717023,-0.0,43.39444144696154,0.0,364.2581733202087,364.2581733202087,0.0,0.0
1136,2019-02-17 08:00:00,2,2019-02-17 09:00:00,0.10531,0.10531,0.10531,0.0,0.05,348.35133886514996,-0.0,0.0,0.0,348.35133886514996,348.35133886514996,0.0,0.0
1137,2019-02-17 09:00:00,2,2019-02-17 10:00:00,0.10531,0.10531,0.10531,0.0,0.05,300.5963772371526,-0.0,0.0,0.0,300.5963772371526,300.5963772371526,0.0,1.0
1138,2019-02-17 10:00:00,2,2019-02-17 11:00:00,0.10531,0.10531,0.10531,0.0,0.05,234.54781359295637,-63.598055377522805,0.0,0.0,298.14586897047917,298.14586897047917,0.0,1.0
1139,2019-02-17 11:00:00,2,2019-02-17 12:00:00,0.10531,0.10531,0.10531,0.0,0.24503403649106995,279.7114745590694,-84.54669876113928,0.0,0.0,364.2581733202087,364.2581733202087,0.0,1.0
1140,2019-02-17 12:00:00,2,2019-02-17 13:00:00,0.10531,0.10531,0.10531,0.0,0.5043105793585638,287.959978848486,-0.0,0.0,0.0,287.959978848486,287.959978848486,0.0,0.0
1141,2019-02-17 13:00:00,2,2019-02-17 14:00:00,0.10531,0.10531,0.10531,0.0,0.5043105793585638,279.2148469323941,-85.0433263878146,0.0,0.0,364.2581733202087,364.2581733202087,0.0,1.0
1142,2019-02-17 14:00:00,2,2019-02-17 15:00:00,0.10531,0.10531,0.10531,0.0,0.7651101136145286,280.53099053731904,-0.0,0.0,0.0,280.53099053731904,280.53099053731904,0.0,1.0
1143,2019-02-17 15:00:00,2,2019-02-17 16:00:00,0.10531,0.10531,0.10531,0.0,0.7651101136145286,278.9185132349413,-76.59452816917543,0.0,0.0,355.51304140411673,355.51304140411673,0.0,1.0
1144,2019-02-17 16:00:00,2,2019-02-17 17:00:00,0.13592,0.13592,0.13592,0.0,1.0,309.9387025460786,-0.0,0.0,0.0,309.9387025460786,309.9387025460786,0.0,1.0
1145,2019-02-17 17:00:00,2,2019-02-17 18:00:00,0.13592,0.13592,0.13592,0.0,1.0,342.06740453818514,-0.0,0.0,0.0,342.06740453818514,342.06740453818514,0.0,1.0
1146,2019-02-17 18:00:00,2,2019-02-17 19:00:00,0.13592,0.13592,0.13592,0.0,1.0,368.4620328816347,-0.0,4.203859561425986,0.0,364.2581733202087,364.2581733202087,0.0,0.0
1147,2019-02-17 19:00:00,2,2019-02-17 20:00:00,0.13592,0.13592,0.13592,0.0,0.9847686247774421,381.10214777179243,-0.0,134.49471555364167,0.0,246.60743221815076,246.60743221815076,0.0,0.0
1148,2019-02-17 20:00:00,2,2019-02-17 21:00:00,0.13592,0.13592,0.13592,0.0,0.49746893074250853,429.7075384050721,-0.0,65.44936508486342,0.0,364.2581733202087,364.2581733202087,0.0,0.0
1149,2019-02-17 21:00:00,2,2019-02-17 22:00:00,0.10531,0.10531,0.10531,0.0,0.26033355000024977,422.31023312027764,-0.0,58.052059800068946,0.0,364.2581733202087,364.2581733202087,0.0,0.0
1150,2019-02-17 22:00:00,2,2019-02-17 23:00:00,0.10531,0.10531,0.10531,0.0,0.05,332.6785822799569,-0.0,0.0,0.0,332.6785822799569,332.6785822799569,0.0,1.0
1151,2019-02-17 23:00:00,2,2019-02-18 00:00:00,0.10531,0.10531,0.10531,0.0,0.05,232.03188466830497,-0.0,0.0,0.0,232.03188466830497,232.03188466830497,0.0,1.0
1152,2019-02-18 00:00:00,2,2019-02-18 01:00:00,0.10531,0.10531,0.10531,0.0,0.05,178.15650346946387,-0.0,0.0,0.0,178.15650346946387,178.15650346946387,0.0,1.0
1153,2019-02-18 01:00:00,2,2019-02-18 02:00:00,0.10531,0.10531,0.10531,0.0,0.05,173.08491649436039,-0.0,0.0,0.0,173.08491649436039,173.08491649436039,0.0,1.0
1154,2019-02-18 02:00:00,2,2019-02-18 03:00:00,0.10531,0.10531,0.10531,0.0,0.05,149.90476295322614,-0.0,0.0,0.0,149.90476295322614,149.90476295322614,0.0,0.0
1155,2019-02-18 03:00:00,2,2019-02-18 04:00:00,0.10531,0.10531,0.10531,0.0,0.05,147.74374217479755,-0.0,0.0,0.0,147.74374217479755,147.74374217479755,0.0,1.0
1156,2019-02-18 04:00:00,2,2019-02-18 05:00:00,0.10531,0.10531,0.10531,0.0,0.05,155.37846709342637,-150.0,0.0,0.0,305.37846709342637,305.37846709342637,0.0,1.0
1157,2019-02-18 05:00:00,2,2019-02-18 06:00:00,0.10531,0.10531,0.10531,0.0,0.51,171.7111696406689,-117.61793844136972,0.0,0.0,289.3291080820386,289.3291080820386,0.0,1.0
1158,2019-02-18 06:00:00,2,2019-02-18 07:00:00,0.10531,0.10531,0.10531,0.0,0.8706950112202004,254.60065461158175,-0.0,0.0,0.0,254.60065461158175,254.60065461158175,0.0,1.0
1159,2019-02-18 07:00:00,2,2019-02-18 08:00:00,0.10531,0.10531,0.10531,0.0,0.8706950112202004,335.27792763095533,-0.0,0.0,0.0,335.27792763095533,335.27792763095533,0.0,0.0
1160,2019-02-18 08:00:00,2,2019-02-18 09:00:00,0.10531,0.10531,0.10531,0.0,0.8706950112202004,399.60945689519525,-0.0,35.35128357498655,0.0,364.2581733202087,364.2581733202087,0.0,0.0
1161,2019-02-18 09:00:00,2,2019-02-18 10:00:00,0.10531,0.10531,0.10531,0.0,0.7426106504412637,352.7662484155706,-0.0,0.0,0.0,352.7662484155706,352.7662484155706,0.0,1.0
1162,2019-02-18 10:00:00,2,2019-02-18 11:00:00,0.10531,0.10531,0.10531,0.0,0.7426106504412637,298.91576057062815,-0.0,0.0,0.0,298.91576057062815,298.91576057062815,0.0,1.0
1163,2019-02-18 11:00:00,2,2019-02-18 12:00:00,0.10531,0.10531,0.10531,0.0,0.7426106504412637,290.43195473267394,-0.0,0.0,0.0,290.43195473267394,290.43195473267394,0.0,1.0
1164,2019-02-18 12:00:00,2,2019-02-18 13:00:00,0.10531,0.10531,0.10531,0.0,0.7426106504412637,290.20481417902283,-74.05335914118587,0.0,0.0,364.2581733202087,364.2581733202087,0.0,1.0
1165,2019-02-18 13:00:00,2,2019-02-18 14:00:00,0.10531,0.10531,0.10531,0.0,0.9697076184742336,280.32686368149035,-9.877950497532503,0.0,0.0,290.20481417902283,290.20481417902283,0.0,1.0
1166,2019-02-18 14:00:00,2,2019-02-18 15:00:00,0.10531,0.10531,0.10531,0.0,1.0,280.21935016729606,-0.0,0.0,0.0,280.21935016729606,280.21935016729606,0.0,1.0
1167,2019-02-18 15:00:00,2,2019-02-18 16:00:00,0.10531,0.10531,0.10531,0.0,1.0,280.49869748834226,-0.0,0.0,0.0,280.49869748834226,280.49869748834226,0.0,1.0
1168,2019-02-18 16:00:00,2,2019-02-18 17:00:00,0.13592,0.13592,0.13592,0.0,1.0,313.3496335347721,-0.0,0.0,0.0,313.3496335347721,313.3496335347721,0.0,1.0
1169,2019-02-18 17:00:00,2,2019-02-18 18:00:00,0.13592,0.13592,0.13592,0.0,1.0,336.32156714499854,-0.0,0.0,0.0,336.32156714499854,336.32156714499854,0.0,0.0
1170,2019-02-18 18:00:00,2,2019-02-18 19:00:00,0.13592,0.13592,0.13592,0.0,1.0,389.0363723780735,-0.0,24.77819905786481,0.0,364.2581733202087,364.2581733202087,0.0,0.0
1171,2019-02-18 19:00:00,2,2019-02-18 20:00:00,0.13592,0.13592,0.13592,0.0,0.9102239164570115,412.4375214810177,-0.0,114.45477275297458,0.0,297.98274872804313,297.98274872804313,0.0,0.0
1172,2019-02-18 20:00:00,2,2019-02-18 21:00:00,0.13592,0.13592,0.13592,0.0,0.49553271083029204,430.59120856816503,-0.0,66.33303524795633,0.0,364.2581733202087,364.2581733202087,0.0,0.0
1173,2019-02-18 21:00:00,2,2019-02-18 22:00:00,0.10531,0.10531,0.10531,0.0,0.2551956265985662,420.73829945458823,-0.0,56.48012613437953,0.0,364.2581733202087,364.2581733202087,0.0,0.0
1174,2019-02-18 22:00:00,2,2019-02-18 23:00:00,0.10531,0.10531,0.10531,0.0,0.05055748843052441,364.41204012703344,-0.0,0.15386680682473752,0.0,364.2581733202087,364.2581733202087,0.0,0.0
1175,2019-02-18 23:00:00,2,2019-02-19 00:00:00,0.10531,0.10531,0.10531,0.0,0.05,261.8069210451311,-0.0,0.0,0.0,261.8069210451311,261.8069210451311,0.0,1.0
1176,2019-02-19 00:00:00,2,2019-02-19 01:00:00,0.10531,0.10531,0.10531,0.0,0.05,204.47329073810897,-0.0,0.0,0.0,204.47329073810897,204.47329073810897,0.0,1.0
1177,2019-02-19 01:00:00,2,2019-02-19 02:00:00,0.10531,0.10531,0.10531,0.0,0.05,192.86919143734843,-0.0,0.0,0.0,192.86919143734843,192.86919143734843,0.0,1.0
1178,2019-02-19 02:00:00,2,2019-02-19 03:00:00,0.10531,0.10531,0.10531,0.0,0.05,169.41985113085053,-0.0,0.0,0.0,169.41985113085053,169.41985113085053,0.0,1.0
1179,2019-02-19 03:00:00,2,2019-02-19 04:00:00,0.10531,0.10531,0.10531,0.0,0.05,167.53088201474102,-150.0,0.0,0.0,317.530882014741,317.530882014741,0.0,1.0
1180,2019-02-19 04:00:00,2,2019-02-19 05:00:00,0.10531,0.10531,0.10531,0.0,0.51,172.35258553528652,-150.0,0.0,0.0,322.3525855352865,322.3525855352865,0.0,1.0
1181,2019-02-19 05:00:00,2,2019-02-19 06:00:00,0.10531,0.10531,0.10531,0.0,0.97,185.91069804313514,-0.0,0.0,0.0,185.91069804313514,185.91069804313514,0.0,0.0
1182,2019-02-19 06:00:00,2,2019-02-19 07:00:00,0.10531,0.10531,0.10531,0.0,0.97,265.95326655392154,-0.0,0.0,0.0,265.95326655392154,265.95326655392154,0.0,1.0
1183,2019-02-19 07:00:00,2,2019-02-19 08:00:00,0.10531,0.10531,0.10531,0.0,0.97,347.1590908327814,-0.0,0.0,0.0,347.1590908327814,347.1590908327814,0.0,0.0
1184,2019-02-19 08:00:00,2,2019-02-19 09:00:00,0.10531,0.10531,0.10531,0.0,0.97,402.6200329752979,-0.0,38.36185965508918,0.0,364.2581733202087,364.2581733202087,0.0,0.0
1185,2019-02-19 09:00:00,2,2019-02-19 10:00:00,0.10531,0.10531,0.10531,0.0,0.8310077548728653,343.4127130665904,-20.845460253618285,0.0,0.0,364.2581733202087,364.2581733202087,0.0,1.0
1186,2019-02-19 10:00:00,2,2019-02-19 11:00:00,0.10531,0.10531,0.10531,0.0,0.8949338329839615,300.14015040071325,-0.0,0.0,0.0,300.14015040071325,300.14015040071325,0.0,0.0
1187,2019-02-19 11:00:00,2,2019-02-19 12:00:00,0.10531,0.10531,0.10531,0.0,0.8949338329839615,298.5096025639627,-0.0,0.0,0.0,298.5096025639627,298.5096025639627,0.0,0.0
1188,2019-02-19 12:00:00,2,2019-02-19 13:00:00,0.10531,0.10531,0.10531,0.0,0.8949338329839615,299.65759733019,-0.0,0.0,0.0,299.65759733019,299.65759733019,0.0,0.0
1189,2019-02-19 13:00:00,2,2019-02-19 14:00:00,0.10531,0.10531,0.10531,0.0,0.8949338329839615,280.90747414738155,-0.0,0.0,0.0,280.90747414738155,280.90747414738155,0.0,1.0
1190,2019-02-19 14:00:00,2,2019-02-19 15:00:00,0.10531,0.10531,0.10531,0.0,0.8949338329839615,281.4286704620219,-0.0,0.0,0.0,281.4286704620219,281.4286704620219,0.0,1.0
1191,2019-02-19 15:00:00,2,2019-02-19 16:00:00,0.10531,0.10531,0.10531,0.0,0.8949338329839615,280.8502993528754,-34.26070663566473,0.0,0.0,315.11100598854017,315.11100598854017,0.0,1.0
1192,2019-02-19 16:00:00,2,2019-02-19 17:00:00,0.13592,0.13592,0.13592,0.0,1.0,310.64091790127213,-0.0,0.0,0.0,310.64091790127213,310.64091790127213,0.0,1.0
1193,2019-02-19 17:00:00,2,2019-02-19 18:00:00,0.13592,0.13592,0.13592,0.0,1.0,335.3333525950786,-0.0,0.0,0.0,335.3333525950786,335.3333525950786,0.0,1.0
1194,2019-02-19 18:00:00,2,2019-02-19 19:00:00,0.13592,0.13592,0.13592,0.0,1.0,394.92418404431294,-0.0,140.548799334171,0.0,254.37538471014193,254.37538471014193,0.0,0.0
1195,2019-02-19 19:00:00,2,2019-02-19 20:00:00,0.13592,0.13592,0.13592,0.0,0.4907652198037282,385.4025115635915,-0.0,21.144338243382776,0.0,364.2581733202087,364.2581733202087,0.0,0.0
1196,2019-02-19 20:00:00,2,2019-02-19 21:00:00,0.13592,0.13592,0.13592,0.0,0.41415529863205147,420.78153291418215,-0.0,56.52335959397345,0.0,364.2581733202087,364.2581733202087,0.0,0.0
1197,2019-02-19 21:00:00,2,2019-02-19 22:00:00,0.10531,0.10531,0.10531,0.0,0.2093605174944665,408.24167614868145,-0.0,43.98350282847275,0.0,364.2581733202087,364.2581733202087,0.0,0.0
1198,2019-02-19 22:00:00,2,2019-02-19 23:00:00,0.10531,0.10531,0.10531,0.0,0.05,351.72830159556344,-0.0,0.0,0.0,351.72830159556344,351.72830159556344,0.0,1.0
1199,2019-02-19 23:00:00,2,2019-02-20 00:00:00,0.10531,0.10531,0.10531,0.0,0.05,289.87288429531264,-0.0,0.0,0.0,289.87288429531264,289.87288429531264,0.0,1.0
1200,2019-02-20 00:00:00,2,2019-02-20 01:00:00,0.10531,0.10531,0.10531,0.0,0.05,183.84831260970736,-45.501199669615865,0.0,0.0,229.34951227932322,229.34951227932322,0.0,1.0
1201,2019-02-20 01:00:00,2,2019-02-20 02:00:00,0.10531,0.10531,0.10531,0.0,0.18953701232015532,184.54230296001768,-0.0,0.0,0.0,184.54230296001768,184.54230296001768,0.0,1.0
1202,2019-02-20 02:00:00,2,2019-02-20 03:00:00,0.10531,0.10531,0.10531,0.0,0.18953701232015532,165.1307039522695,-0.0,0.0,0.0,165.1307039522695,165.1307039522695,0.0,1.0
1203,2019-02-20 03:00:00,2,2019-02-20 04:00:00,0.10531,0.10531,0.10531,0.0,0.18953701232015532,165.04141554453625,-0.0,0.0,0.0,165.04141554453625,165.04141554453625,0.0,1.0
1204,2019-02-20 04:00:00,2,2019-02-20 05:00:00,0.10531,0.10531,0.10531,0.0,0.18953701232015532,173.30873599901503,-0.0,0.0,0.0,173.30873599901503,173.30873599901503,0.0,1.0
1205,2019-02-20 05:00:00,2,2019-02-20 06:00:00,0.10531,0.10531,0.10531,0.0,0.18953701232015532,186.582878690855,-150.0,0.0,0.0,336.582878690855,336.582878690855,0.0,1.0
1206,2019-02-20 06:00:00,2,2019-02-20 07:00:00,0.10531,0.10531,0.10531,0.0,0.6495370123201554,263.8741168970997,-0.0,0.0,0.0,263.8741168970997,263.8741168970997,0.0,1.0
1207,2019-02-20 07:00:00,2,2019-02-20 08:00:00,0.10531,0.10531,0.10531,0.0,0.6495370123201554,355.6713401484939,-0.0,0.0,0.0,355.6713401484939,355.6713401484939,0.0,0.0
1208,2019-02-20 08:00:00,2,2019-02-20 09:00:00,0.10531,0.10531,0.10531,0.0,0.6495370123201554,398.54649462586093,-0.0,34.28832130565223,0.0,364.2581733202087,364.2581733202087,0.0,0.0
1209,2019-02-20 09:00:00,2,2019-02-20 10:00:00,0.10531,0.10531,0.10531,0.0,0.5253039641112704,344.1159641195306,-0.0,0.0,0.0,344.1159641195306,344.1159641195306,0.0,1.0
1210,2019-02-20 10:00:00,2,2019-02-20 11:00:00,0.10531,0.10531,0.10531,0.0,0.5253039641112704,298.5217816081228,-65.73639171208589,0.0,0.0,364.2581733202087,364.2581733202087,0.0,1.0
1211,2019-02-20 11:00:00,2,2019-02-20 12:00:00,0.10531,0.10531,0.10531,0.0,0.7268955653616672,295.4175511229624,-0.0,0.0,0.0,295.4175511229624,295.4175511229624,0.0,0.0
1212,2019-02-20 12:00:00,2,2019-02-20 13:00:00,0.10531,0.10531,0.10531,0.0,0.7268955653616672,295.04717990043696,-69.21099341977174,0.0,0.0,364.2581733202087,364.2581733202087,0.0,1.0
1213,2019-02-20 13:00:00,2,2019-02-20 14:00:00,0.10531,0.10531,0.10531,0.0,0.9391426118489672,275.20237941640454,-19.84480048403243,0.0,0.0,295.04717990043696,295.04717990043696,0.0,1.0
1214,2019-02-20 14:00:00,2,2019-02-20 15:00:00,0.10531,0.10531,0.10531,0.0,1.0,275.3703246935373,-0.0,0.0,0.0,275.3703246935373,275.3703246935373,0.0,1.0
1215,2019-02-20 15:00:00,2,2019-02-20 16:00:00,0.10531,0.10531,0.10531,0.0,1.0,276.37761177747524,-0.0,0.0,0.0,276.37761177747524,276.37761177747524,0.0,1.0
1216,2019-02-20 16:00:00,2,2019-02-20 17:00:00,0.13592,0.13592,0.13592,0.0,1.0,307.4294013225932,-0.0,0.0,0.0,307.4294013225932,307.4294013225932,0.0,1.0
1217,2019-02-20 17:00:00,2,2019-02-20 18:00:00,0.13592,0.13592,0.13592,0.0,1.0,348.39657953485954,-0.0,0.0,0.0,348.39657953485954,348.39657953485954,0.0,1.0
1218,2019-02-20 18:00:00,2,2019-02-20 19:00:00,0.13592,0.13592,0.13592,0.0,1.0,418.037687336594,-0.0,53.77951401638529,0.0,364.2581733202087,364.2581733202087,0.0,0.0
1219,2019-02-20 19:00:00,2,2019-02-20 20:00:00,0.13592,0.13592,0.13592,0.0,0.8051466883464301,411.9974271406442,-0.0,88.29581677754848,0.0,323.7016103630957,323.7016103630957,0.0,0.0
1220,2019-02-20 20:00:00,2,2019-02-20 21:00:00,0.13592,0.13592,0.13592,0.0,0.4852343087176313,437.5962952188044,-0.0,73.33812189859572,0.0,364.2581733202087,364.2581733202087,0.0,0.0
1221,2019-02-20 21:00:00,2,2019-02-20 22:00:00,0.10531,0.10531,0.10531,0.0,0.21951647575170483,411.0447206276792,-0.0,46.78654730747053,0.0,364.2581733202087,364.2581733202087,0.0,0.0
1222,2019-02-20 22:00:00,2,2019-02-20 23:00:00,0.10531,0.10531,0.10531,0.0,0.05,355.3789494589429,-0.0,0.0,0.0,355.3789494589429,355.3789494589429,0.0,0.0
1223,2019-02-20 23:00:00,2,2019-02-21 00:00:00,0.10531,0.10531,0.10531,0.0,0.05,265.49603033107053,-0.0,0.0,0.0,265.49603033107053,265.49603033107053,0.0,1.0
1224,2019-02-21 00:00:00,2,2019-02-21 01:00:00,0.10531,0.10531,0.10531,0.0,0.05,196.36867304231538,-0.0,0.0,0.0,196.36867304231538,196.36867304231538,0.0,1.0
1225,2019-02-21 01:00:00,2,2019-02-21 02:00:00,0.10531,0.10531,0.10531,0.0,0.05,178.22418836481427,-0.0,0.0,0.0,178.22418836481427,178.22418836481427,0.0,1.0
1226,2019-02-21 02:00:00,2,2019-02-21 03:00:00,0.10531,0.10531,0.10531,0.0,0.05,162.46202813085597,-0.0,0.0,0.0,162.46202813085597,162.46202813085597,0.0,1.0
1227,2019-02-21 03:00:00,2,2019-02-21 04:00:00,0.10531,0.10531,0.10531,0.0,0.05,159.30606810514575,-150.0,0.0,0.0,309.30606810514575,309.30606810514575,0.0,1.0
1228,2019-02-21 04:00:00,2,2019-02-21 05:00:00,0.10531,0.10531,0.10531,0.0,0.51,161.9839000116933,-150.0,0.0,0.0,311.9839000116933,311.9839000116933,0.0,1.0
1229,2019-02-21 05:00:00,2,2019-02-21 06:00:00,0.10531,0.10531,0.10531,0.0,0.97,199.4902703296307,-0.0,0.0,0.0,199.4902703296307,199.4902703296307,0.0,0.0
1230,2019-02-21 06:00:00,2,2019-02-21 07:00:00,0.10531,0.10531,0.10531,0.0,0.97,321.80033435640865,-0.0,0.0,0.0,321.80033435640865,321.80033435640865,0.0,1.0
1231,2019-02-21 07:00:00,2,2019-02-21 08:00:00,0.10531,0.10531,0.10531,0.0,0.97,406.8884598675784,-0.0,42.63028654736968,0.0,364.2581733202087,364.2581733202087,0.0,0.0
1232,2019-02-21 08:00:00,2,2019-02-21 09:00:00,0.10531,0.10531,0.10531,0.0,0.815542440045762,361.7453997303201,-0.0,0.0,0.0,361.7453997303201,361.7453997303201,0.0,1.0
1233,2019-02-21 09:00:00,2,2019-02-21 10:00:00,0.10531,0.10531,0.10531,0.0,0.815542440045762,334.0293932137677,-0.0,0.0,0.0,334.0293932137677,334.0293932137677,0.0,0.0
1234,2019-02-21 10:00:00,2,2019-02-21 11:00:00,0.10531,0.10531,0.10531,0.0,0.815542440045762,288.18602846345505,-0.0,0.0,0.0,288.18602846345505,288.18602846345505,0.0,1.0
1235,2019-02-21 11:00:00,2,2019-02-21 12:00:00,0.10531,0.10531,0.10531,0.0,0.815542440045762,287.45121109982955,-60.14920433290369,0.0,0.0,347.60041543273326,347.60041543273326,0.0,1.0
1236,2019-02-21 12:00:00,2,2019-02-21 13:00:00,0.10531,0.10531,0.10531,0.0,1.0,286.2045411106465,-0.0,0.0,0.0,286.2045411106465,286.2045411106465,0.0,1.0
1237,2019-02-21 13:00:00,2,2019-02-21 14:00:00,0.10531,0.10531,0.10531,0.0,1.0,275.94001042727035,-0.0,0.0,0.0,275.94001042727035,275.94001042727035,0.0,1.0
1238,2019-02-21 14:00:00,2,2019-02-21 15:00:00,0.10531,0.10531,0.10531,0.0,1.0,276.0252674941161,-0.0,0.0,0.0,276.0252674941161,276.0252674941161,0.0,1.0
1239,2019-02-21 15:00:00,2,2019-02-21 16:00:00,0.10531,0.10531,0.10531,0.0,1.0,276.4701442926968,-0.0,0.0,0.0,276.4701442926968,276.4701442926968,0.0,1.0
1240,2019-02-21 16:00:00,2,2019-02-21 17:00:00,0.13592,0.13592,0.13592,0.0,1.0,307.55161230969617,-0.0,0.0,0.0,307.55161230969617,307.55161230969617,0.0,1.0
1241,2019-02-21 17:00:00,2,2019-02-21 18:00:00,0.13592,0.13592,0.13592,0.0,1.0,355.49584254999246,-0.0,0.0,0.0,355.49584254999246,355.49584254999246,0.0,1.0
1242,2019-02-21 18:00:00,2,2019-02-21 19:00:00,0.13592,0.13592,0.13592,0.0,1.0,416.85716689946713,-0.0,81.07983763517447,0.0,335.7773292642927,335.7773292642927,0.0,0.0
1243,2019-02-21 19:00:00,2,2019-02-21 20:00:00,0.13592,0.13592,0.13592,0.0,0.7062324723363244,403.047620665607,-0.0,38.78944734539829,0.0,364.2581733202087,364.2581733202087,0.0,0.0
1244,2019-02-21 20:00:00,2,2019-02-21 21:00:00,0.13592,0.13592,0.13592,0.0,0.5656909964472002,447.72623322880673,-0.0,83.46805990859804,0.0,364.2581733202087,364.2581733202087,0.0,0.0
1245,2019-02-21 21:00:00,2,2019-02-21 22:00:00,0.10531,0.10531,0.10531,0.0,0.2632704895319899,423.1208284310379,-0.0,58.86265511082922,0.0,364.2581733202087,364.2581733202087,0.0,0.0
1246,2019-02-21 22:00:00,2,2019-02-21 23:00:00,0.10531,0.10531,0.10531,0.0,0.05,347.12120964811214,-17.136963672096556,0.0,0.0,364.2581733202087,364.2581733202087,0.0,1.0
1247,2019-02-21 23:00:00,2,2019-02-22 00:00:00,0.10531,0.10531,0.10531,0.0,0.10255335526109612,247.19121919842283,-33.36182848257132,0.0,0.0,280.55304768099415,280.55304768099415,0.0,1.0
1248,2019-02-22 00:00:00,2,2019-02-22 01:00:00,0.10531,0.10531,0.10531,0.0,0.20486296260764814,191.84594004690297,-0.0,0.0,0.0,191.84594004690297,191.84594004690297,0.0,1.0
1249,2019-02-22 01:00:00,2,2019-02-22 02:00:00,0.10531,0.10531,0.10531,0.0,0.20486296260764814,176.6266465006876,-83.2796403867569,0.0,0.0,259.9062868874445,259.9062868874445,0.0,1.0
1250,2019-02-22 02:00:00,2,2019-02-22 03:00:00,0.10531,0.10531,0.10531,0.0,0.4602538597937026,160.5041837208791,-0.0,0.0,0.0,160.5041837208791,160.5041837208791,0.0,0.0
1251,2019-02-22 03:00:00,2,2019-02-22 04:00:00,0.10531,0.10531,0.10531,0.0,0.4602538597937026,157.69651589284345,-0.0,0.0,0.0,157.69651589284345,157.69651589284345,0.0,0.0
1252,2019-02-22 04:00:00,2,2019-02-22 05:00:00,0.10531,0.10531,0.10531,0.0,0.4602538597937026,162.58390571928547,-0.0,0.0,0.0,162.58390571928547,162.58390571928547,0.0,1.0
1253,2019-02-22 05:00:00,2,2019-02-22 06:00:00,0.10531,0.10531,0.10531,0.0,0.4602538597937026,202.46045518244406,-150.0,0.0,0.0,352.4604551824441,352.4604551824441,0.0,1.0
1254,2019-02-22 06:00:00,2,2019-02-22 07:00:00,0.10531,0.10531,0.10531,0.0,0.9202538597937026,330.60259739708135,-0.0,0.0,0.0,330.60259739708135,330.60259739708135,0.0,0.0
1255,2019-02-22 07:00:00,2,2019-02-22 08:00:00,0.10531,0.10531,0.10531,0.0,0.9202538597937026,407.0003509999196,-0.0,42.74217767971089,0.0,364.2581733202087,364.2581733202087,0.0,0.0
1256,2019-02-22 08:00:00,2,2019-02-22 09:00:00,0.10531,0.10531,0.10531,0.0,0.7653908971860546,361.0713546753509,-0.0,0.0,0.0,361.0713546753509,361.0713546753509,0.0,0.0
1257,2019-02-22 09:00:00,2,2019-02-22 10:00:00,0.10531,0.10531,0.10531,0.0,0.7653908971860546,335.7938316873717,-0.0,0.0,0.0,335.7938316873717,335.7938316873717,0.0,0.0
1258,2019-02-22 10:00:00,2,2019-02-22 11:00:00,0.10531,0.10531,0.10531,0.0,0.7653908971860546,287.7552050113134,-76.50296830889528,0.0,0.0,364.2581733202087,364.2581733202087,0.0,1.0
1259,2019-02-22 11:00:00,2,2019-02-22 12:00:00,0.10531,0.10531,0.10531,0.0,1.0,288.7495561316624,-0.0,0.0,0.0,288.7495561316624,288.7495561316624,0.0,0.0
1260,2019-02-22 12:00:00,2,2019-02-22 13:00:00,0.10531,0.10531,0.10531,0.0,1.0,288.9114077278969,-0.0,0.0,0.0,288.9114077278969,288.9114077278969,0.0,1.0
1261,2019-02-22 13:00:00,2,2019-02-22 14:00:00,0.10531,0.10531,0.10531,0.0,1.0,279.48679140565105,-0.0,0.0,0.0,279.48679140565105,279.48679140565105,0.0,0.0
1262,2019-02-22 14:00:00,2,2019-02-22 15:00:00,0.10531,0.10531,0.10531,0.0,1.0,280.1688144986417,-0.0,0.0,0.0,280.1688144986417,280.1688144986417,0.0,1.0
1263,2019-02-22 15:00:00,2,2019-02-22 16:00:00,0.10531,0.10531,0.10531,0.0,1.0,280.7145864407396,-0.0,0.0,0.0,280.7145864407396,280.7145864407396,0.0,0.0
1264,2019-02-22 16:00:00,2,2019-02-22 17:00:00,0.13592,0.13592,0.13592,0.0,1.0,311.0357823148144,-0.0,0.0,0.0,311.0357823148144,311.0357823148144,0.0,1.0
1265,2019-02-22 17:00:00,2,2019-02-22 18:00:00,0.13592,0.13592,0.13592,0.0,1.0,354.947763500033,-0.0,0.0,0.0,354.947763500033,354.947763500033,0.0,0.0
1266,2019-02-22 18:00:00,2,2019-02-22 19:00:00,0.13592,0.13592,0.13592,0.0,1.0,417.70570308574133,-0.0,53.447529765532636,0.0,364.2581733202087,364.2581733202087,0.0,0.0
1267,2019-02-22 19:00:00,2,2019-02-22 20:00:00,0.13592,0.13592,0.13592,0.0,0.8063495298350267,425.3420406814453,-0.0,61.08386736123663,0.0,364.2581733202087,364.2581733202087,0.0,0.0
1268,2019-02-22 20:00:00,2,2019-02-22 21:00:00,0.13592,0.13592,0.13592,0.0,0.5850311698305461,450.92022227206905,-0.0,86.90616627642314,0.0,364.0140559956459,364.0140559956459,0.0,0.0
1269,2019-02-22 21:00:00,2,2019-02-22 22:00:00,0.10531,0.10531,0.10531,0.0,0.27015375578553485,425.0206099170163,-0.0,60.76243659680762,0.0,364.2581733202087,364.2581733202087,0.0,0.0
1270,2019-02-22 22:00:00,2,2019-02-22 23:00:00,0.10531,0.10531,0.10531,0.0,0.05,357.33066494573484,-0.0,0.0,0.0,357.33066494573484,357.33066494573484,0.0,1.0
1271,2019-02-22 23:00:00,2,2019-02-23 00:00:00,0.10531,0.10531,0.10531,0.0,0.05,289.1313242966657,-0.0,0.0,0.0,289.1313242966657,289.1313242966657,0.0,1.0
1272,2019-02-23 00:00:00,2,2019-02-23 01:00:00,0.10531,0.10531,0.10531,0.0,0.05,200.9384245064559,-0.0,0.0,0.0,200.9384245064559,200.9384245064559,0.0,1.0
1273,2019-02-23 01:00:00,2,2019-02-23 02:00:00,0.10531,0.10531,0.10531,0.0,0.05,148.24976411865325,-0.0,0.0,0.0,148.24976411865325,148.24976411865325,0.0,1.0
1274,2019-02-23 02:00:00,2,2019-02-23 03:00:00,0.10531,0.10531,0.10531,0.0,0.05,177.71108797136128,-0.0,0.0,0.0,177.71108797136128,177.71108797136128,0.0,1.0
1275,2019-02-23 03:00:00,2,2019-02-23 04:00:00,0.10531,0.10531,0.10531,0.0,0.05,156.22429018194197,-48.72035706635563,0.0,0.0,204.9446472482976,204.9446472482976,0.0,1.0
1276,2019-02-23 04:00:00,2,2019-02-23 05:00:00,0.10531,0.10531,0.10531,0.0,0.1994090950034906,188.89983851502961,-150.0,0.0,0.0,338.8998385150296,338.8998385150296,0.0,1.0
1277,2019-02-23 05:00:00,2,2019-02-23 06:00:00,0.10531,0.10531,0.10531,0.0,0.6594090950034907,199.95631149534339,-0.0,0.0,0.0,199.95631149534339,199.95631149534339,0.0,1.0
1278,2019-02-23 06:00:00,2,2019-02-23 07:00:00,0.10531,0.10531,0.10531,0.0,0.6594090950034907,324.8480025250044,-0.0,0.0,0.0,324.8480025250044,324.8480025250044,0.0,1.0
1279,2019-02-23 07:00:00,2,2019-02-23 08:00:00,0.10531,0.10531,0.10531,0.0,0.6594090950034907,403.853402316906,-0.0,39.5952289966973,0.0,364.2581733202087,364.2581733202087,0.0,0.0
1280,2019-02-23 08:00:00,2,2019-02-23 09:00:00,0.10531,0.10531,0.10531,0.0,0.5159481203777758,363.1678343509692,-1.0903389692394967,0.0,0.0,364.2581733202087,364.2581733202087,0.0,1.0
1281,2019-02-23 09:00:00,2,2019-02-23 10:00:00,0.10531,0.10531,0.10531,0.0,0.5192918265501102,336.140414304136,-0.0,0.0,0.0,336.140414304136,336.140414304136,0.0,1.0
1282,2019-02-23 10:00:00,2,2019-02-23 11:00:00,0.10531,0.10531,0.10531,0.0,0.5192918265501102,284.9422704041064,-79.31590291610229,0.0,0.0,364.2581733202087,364.2581733202087,0.0,1.0
1283,2019-02-23 11:00:00,2,2019-02-23 12:00:00,0.10531,0.10531,0.10531,0.0,0.7625272621594906,286.9281529162978,-0.0,0.0,0.0,286.9281529162978,286.9281529162978,0.0,1.0
1284,2019-02-23 12:00:00,2,2019-02-23 13:00:00,0.10531,0.10531,0.10531,0.0,0.7625272621594906,286.82141098091216,-77.43676233929654,0.0,0.0,364.2581733202087,364.2581733202087,0.0,1.0
1285,2019-02-23 13:00:00,2,2019-02-23 14:00:00,0.10531,0.10531,0.10531,0.0,1.0,277.49634944545375,-0.0,0.0,0.0,277.49634944545375,277.49634944545375,0.0,1.0
1286,2019-02-23 14:00:00,2,2019-02-23 15:00:00,0.10531,0.10531,0.10531,0.0,1.0,278.6695985157099,-0.0,0.0,0.0,278.6695985157099,278.6695985157099,0.0,1.0
1287,2019-02-23 15:00:00,2,2019-02-23 16:00:00,0.10531,0.10531,0.10531,0.0,1.0,279.3230562088193,-0.0,0.0,0.0,279.3230562088193,279.3230562088193,0.0,1.0
1288,2019-02-23 16:00:00,2,2019-02-23 17:00:00,0.13592,0.13592,0.13592,0.0,1.0,310.0141340281197,-0.0,0.0,0.0,310.0141340281197,310.0141340281197,0.0,1.0
1289,2019-02-23 17:00:00,2,2019-02-23 18:00:00,0.13592,0.13592,0.13592,0.0,1.0,355.80846007467864,-0.0,0.0,0.0,355.80846007467864,355.80846007467864,0.0,1.0
1290,2019-02-23 18:00:00,2,2019-02-23 19:00:00,0.13592,0.13592,0.13592,0.0,1.0,416.699811700131,-0.0,52.60894466334034,0.0,364.09086703679066,364.09086703679066,0.0,0.0
1291,2019-02-23 19:00:00,2,2019-02-23 20:00:00,0.13592,0.13592,0.13592,0.0,0.809387881654564,426.2159063241603,-0.0,61.9577330039516,0.0,364.2581733202087,364.2581733202087,0.0,0.0
1292,2019-02-23 20:00:00,2,2019-02-23 21:00:00,0.13592,0.13592,0.13592,0.0,0.5849033417851742,452.3236953521857,-0.0,88.06552203197703,0.0,364.2581733202087,364.2581733202087,0.0,0.0
1293,2019-02-23 21:00:00,2,2019-02-23 22:00:00,0.10531,0.10531,0.10531,0.0,0.2658253634084458,423.82597362093975,-0.0,59.56780030073105,0.0,364.2581733202087,364.2581733202087,0.0,0.0
1294,2019-02-23 22:00:00,2,2019-02-23 23:00:00,0.10531,0.10531,0.10531,0.0,0.05,357.51199441002086,-6.746178910187837,0.0,0.0,364.2581733202087,364.2581733202087,0.0,1.0
1295,2019-02-23 23:00:00,2,2019-02-24 00:00:00,0.10531,0.10531,0.10531,0.0,0.0706882819912427,289.8086705379291,-0.0,0.0,0.0,289.8086705379291,289.8086705379291,0.0,1.0
1296,2019-02-24 00:00:00,2,2019-02-24 01:00:00,0.10531,0.10531,0.10531,0.0,0.0706882819912427,193.4346557200579,-0.0,0.0,0.0,193.4346557200579,193.4346557200579,0.0,1.0
1297,2019-02-24 01:00:00,2,2019-02-24 02:00:00,0.10531,0.10531,0.10531,0.0,0.0706882819912427,153.3205712025006,-150.0,0.0,0.0,303.32057120250056,303.32057120250056,0.0,1.0
1298,2019-02-24 02:00:00,2,2019-02-24 03:00:00,0.10531,0.10531,0.10531,0.0,0.5306882819912427,157.73403118453763,-0.0,0.0,0.0,157.73403118453763,157.73403118453763,0.0,0.0
1299,2019-02-24 03:00:00,2,2019-02-24 04:00:00,0.10531,0.10531,0.10531,0.0,0.5306882819912427,160.55923605697322,-3.0364297854643247,0.0,0.0,163.59566584243754,163.59566584243754,0.0,1.0
1300,2019-02-24 04:00:00,2,2019-02-24 05:00:00,0.10531,0.10531,0.10531,0.0,0.54,168.3244764433032,-0.0,0.0,0.0,168.3244764433032,168.3244764433032,0.0,1.0
1301,2019-02-24 05:00:00,2,2019-02-24 06:00:00,0.10531,0.10531,0.10531,0.0,0.54,204.50946612553625,-150.0,0.0,0.0,354.5094661255363,354.5094661255363,0.0,1.0
1302,2019-02-24 06:00:00,2,2019-02-24 07:00:00,0.10531,0.10531,0.10531,0.0,1.0,334.24629158786064,-0.0,0.0,0.0,334.24629158786064,334.24629158786064,0.0,1.0
1303,2019-02-24 07:00:00,2,2019-02-24 08:00:00,0.10531,0.10531,0.10531,0.0,1.0,408.4159506488882,-0.0,44.157777328679515,0.0,364.2581733202087,364.2581733202087,0.0,0.0
1304,2019-02-24 08:00:00,2,2019-02-24 09:00:00,0.10531,0.10531,0.10531,0.0,0.8400080531569583,362.11822720946805,-2.1399461107406625,0.0,0.0,364.2581733202087,364.2581733202087,0.0,1.0
1305,2019-02-24 09:00:00,2,2019-02-24 10:00:00,0.10531,0.10531,0.10531,0.0,0.8465705545632296,337.1963637008853,-0.0,0.0,0.0,337.1963637008853,337.1963637008853,0.0,0.0
1306,2019-02-24 10:00:00,2,2019-02-24 11:00:00,0.10531,0.10531,0.10531,0.0,0.8465705545632296,287.36326375346425,-50.03134090329468,0.0,0.0,337.39460465675893,337.39460465675893,0.0,1.0
1307,2019-02-24 11:00:00,2,2019-02-24 12:00:00,0.10531,0.10531,0.10531,0.0,1.0,286.75906574652913,-0.0,0.0,0.0,286.75906574652913,286.75906574652913,0.0,0.0
1308,2019-02-24 12:00:00,2,2019-02-24 13:00:00,0.10531,0.10531,0.10531,0.0,1.0,285.59878109416877,-0.0,0.0,0.0,285.59878109416877,285.59878109416877,0.0,1.0
1309,2019-02-24 13:00:00,2,2019-02-24 14:00:00,0.10531,0.10531,0.10531,0.0,1.0,275.72027289056314,-0.0,0.0,0.0,275.72027289056314,275.72027289056314,0.0,0.0
1310,2019-02-24 14:00:00,2,2019-02-24 15:00:00,0.10531,0.10531,0.10531,0.0,1.0,275.4882445285514,-0.0,0.0,0.0,275.4882445285514,275.4882445285514,0.0,0.0
1311,2019-02-24 15:00:00,2,2019-02-24 16:00:00,0.10531,0.10531,0.10531,0.0,1.0,276.1091151144065,-0.0,0.0,0.0,276.1091151144065,276.1091151144065,0.0,1.0
1312,2019-02-24 16:00:00,2,2019-02-24 17:00:00,0.13592,0.13592,0.13592,0.0,1.0,307.1580211399885,-0.0,0.0,0.0,307.1580211399885,307.1580211399885,0.0,1.0
1313,2019-02-24 17:00:00,2,2019-02-24 18:00:00,0.13592,0.13592,0.13592,0.0,1.0,352.361298555172,-0.0,0.0,0.0,352.361298555172,352.361298555172,0.0,1.0
1314,2019-02-24 18:00:00,2,2019-02-24 19:00:00,0.13592,0.13592,0.13592,0.0,1.0,416.76468590170253,-0.0,52.50651258149384,0.0,364.2581733202087,364.2581733202087,0.0,0.0
1315,2019-02-24 19:00:00,2,2019-02-24 20:00:00,0.13592,0.13592,0.13592,0.0,0.8097590123858919,423.70824991091143,-0.0,59.450076590702736,0.0,364.2581733202087,364.2581733202087,0.0,0.0
1316,2019-02-24 20:00:00,2,2019-02-24 21:00:00,0.13592,0.13592,0.13592,0.0,0.594360184158708,449.0746533709293,-0.0,90.92012312044659,0.0,358.1545302504827,358.1545302504827,0.0,0.0
1317,2019-02-24 21:00:00,2,2019-02-24 22:00:00,0.10531,0.10531,0.10531,0.0,0.26493944821506094,423.5814610275655,-0.0,59.323287707356826,0.0,364.2581733202087,364.2581733202087,0.0,0.0
1318,2019-02-24 22:00:00,2,2019-02-24 23:00:00,0.10531,0.10531,0.10531,0.0,0.05,336.78560061388674,-0.0,0.0,0.0,336.78560061388674,336.78560061388674,0.0,1.0
1319,2019-02-24 23:00:00,2,2019-02-25 00:00:00,0.10531,0.10531,0.10531,0.0,0.05,246.5869678486132,-0.0,0.0,0.0,246.5869678486132,246.5869678486132,0.0,1.0
1320,2019-02-25 00:00:00,2,2019-02-25 01:00:00,0.10531,0.10531,0.10531,0.0,0.05,197.2940801027521,-0.0,0.0,0.0,197.2940801027521,197.2940801027521,0.0,1.0
1321,2019-02-25 01:00:00,2,2019-02-25 02:00:00,0.10531,0.10531,0.10531,0.0,0.05,189.95913567891176,-0.0,0.0,0.0,189.95913567891176,189.95913567891176,0.0,1.0
1322,2019-02-25 02:00:00,2,2019-02-25 03:00:00,0.10531,0.10531,0.10531,0.0,0.05,165.5207262260997,-126.39676264287979,0.0,0.0,291.9174888689795,291.9174888689795,0.0,1.0
1323,2019-02-25 03:00:00,2,2019-02-25 04:00:00,0.10531,0.10531,0.10531,0.0,0.43761673877149804,158.64182897049093,-0.0,0.0,0.0,158.64182897049093,158.64182897049093,0.0,1.0
1324,2019-02-25 04:00:00,2,2019-02-25 05:00:00,0.10531,0.10531,0.10531,0.0,0.43761673877149804,165.29446321783954,-0.0,0.0,0.0,165.29446321783954,165.29446321783954,0.0,1.0
1325,2019-02-25 05:00:00,2,2019-02-25 06:00:00,0.10531,0.10531,0.10531,0.0,0.43761673877149804,178.22770606597783,-150.0,0.0,0.0,328.2277060659778,328.2277060659778,0.0,1.0
1326,2019-02-25 06:00:00,2,2019-02-25 07:00:00,0.10531,0.10531,0.10531,0.0,0.8976167387714981,263.7985588956646,-0.0,0.0,0.0,263.7985588956646,263.7985588956646,0.0,1.0
1327,2019-02-25 07:00:00,2,2019-02-25 08:00:00,0.10531,0.10531,0.10531,0.0,0.8976167387714981,347.7453099321756,-0.0,0.0,0.0,347.7453099321756,347.7453099321756,0.0,1.0
1328,2019-02-25 08:00:00,2,2019-02-25 09:00:00,0.10531,0.10531,0.10531,0.0,0.8976167387714981,398.9064965361187,-0.0,34.64832321591001,0.0,364.2581733202087,364.2581733202087,0.0,0.0
1329,2019-02-25 09:00:00,2,2019-02-25 10:00:00,0.10531,0.10531,0.10531,0.0,0.7720793358153024,352.96549943462327,-0.0,0.0,0.0,352.96549943462327,352.96549943462327,0.0,1.0
1330,2019-02-25 10:00:00,2,2019-02-25 11:00:00,0.10531,0.10531,0.10531,0.0,0.7720793358153024,298.293349879204,-0.0,0.0,0.0,298.293349879204,298.293349879204,0.0,0.0
1331,2019-02-25 11:00:00,2,2019-02-25 12:00:00,0.10531,0.10531,0.10531,0.0,0.7720793358153024,290.02494148827924,-0.0,0.0,0.0,290.02494148827924,290.02494148827924,0.0,1.0
1332,2019-02-25 12:00:00,2,2019-02-25 13:00:00,0.10531,0.10531,0.10531,0.0,0.7720793358153024,289.9362176078073,-74.3219557124014,0.0,0.0,364.2581733202087,364.2581733202087,0.0,1.0
1333,2019-02-25 13:00:00,2,2019-02-25 14:00:00,0.10531,0.10531,0.10531,0.0,1.0,279.8605222216078,-0.0,0.0,0.0,279.8605222216078,279.8605222216078,0.0,0.0
1334,2019-02-25 14:00:00,2,2019-02-25 15:00:00,0.10531,0.10531,0.10531,0.0,1.0,280.01629352195636,-0.0,0.0,0.0,280.01629352195636,280.01629352195636,0.0,0.0
1335,2019-02-25 15:00:00,2,2019-02-25 16:00:00,0.10531,0.10531,0.10531,0.0,1.0,280.63502770088434,-0.0,0.0,0.0,280.63502770088434,280.63502770088434,0.0,1.0
1336,2019-02-25 16:00:00,2,2019-02-25 17:00:00,0.13592,0.13592,0.13592,0.0,1.0,311.8095988042734,-0.0,0.0,0.0,311.8095988042734,311.8095988042734,0.0,1.0
1337,2019-02-25 17:00:00,2,2019-02-25 18:00:00,0.13592,0.13592,0.13592,0.0,1.0,349.8882193030657,-0.0,0.0,0.0,349.8882193030657,349.8882193030657,0.0,1.0
1338,2019-02-25 18:00:00,2,2019-02-25 19:00:00,0.13592,0.13592,0.13592,0.0,1.0,427.05296176063666,-0.0,62.794788440427965,0.0,364.2581733202087,364.2581733202087,0.0,0.0
1339,2019-02-25 19:00:00,2,2019-02-25 20:00:00,0.13592,0.13592,0.13592,0.0,0.7724826505781596,420.681632153161,-0.0,74.3050570372557,0.0,346.3765751159053,346.3765751159053,0.0,0.0
1340,2019-02-25 20:00:00,2,2019-02-25 21:00:00,0.13592,0.13592,0.13592,0.0,0.5032614294286825,432.1493254683876,-0.0,67.89115214817889,0.0,364.2581733202087,364.2581733202087,0.0,0.0
1341,2019-02-25 21:00:00,2,2019-02-25 22:00:00,0.10531,0.10531,0.10531,0.0,0.25727899410919375,421.0607248111403,-0.0,56.80255149093159,0.0,364.2581733202087,364.2581733202087,0.0,0.0
1342,2019-02-25 22:00:00,2,2019-02-25 23:00:00,0.10531,0.10531,0.10531,0.0,0.05147264812755753,364.6646242034146,-0.0,0.40645088320587774,0.0,364.2581733202087,364.2581733202087,0.0,0.0
1343,2019-02-25 23:00:00,2,2019-02-26 00:00:00,0.10531,0.10531,0.10531,0.0,0.05,262.5673601333412,-0.0,0.0,0.0,262.5673601333412,262.5673601333412,0.0,0.0
1344,2019-02-26 00:00:00,2,2019-02-26 01:00:00,0.10531,0.10531,0.10531,0.0,0.05,208.36221546139768,-0.0,0.0,0.0,208.36221546139768,208.36221546139768,0.0,1.0
1345,2019-02-26 01:00:00,2,2019-02-26 02:00:00,0.10531,0.10531,0.10531,0.0,0.05,199.17640016269638,-0.0,0.0,0.0,199.17640016269638,199.17640016269638,0.0,1.0
1346,2019-02-26 02:00:00,2,2019-02-26 03:00:00,0.10531,0.10531,0.10531,0.0,0.05,172.3631284064761,-0.0,0.0,0.0,172.3631284064761,172.3631284064761,0.0,1.0
1347,2019-02-26 03:00:00,2,2019-02-26 04:00:00,0.10531,0.10531,0.10531,0.0,0.05,166.3742552938066,-150.0,0.0,0.0,316.37425529380664,316.37425529380664,0.0,1.0
1348,2019-02-26 04:00:00,2,2019-02-26 05:00:00,0.10531,0.10531,0.10531,0.0,0.51,171.47035389674872,-150.0,0.0,0.0,321.47035389674875,321.47035389674875,0.0,1.0
1349,2019-02-26 05:00:00,2,2019-02-26 06:00:00,0.10531,0.10531,0.10531,0.0,0.97,182.03567689279376,-0.0,0.0,0.0,182.03567689279376,182.03567689279376,0.0,0.0
1350,2019-02-26 06:00:00,2,2019-02-26 07:00:00,0.10531,0.10531,0.10531,0.0,0.97,260.17700515986456,-0.0,0.0,0.0,260.17700515986456,260.17700515986456,0.0,1.0
1351,2019-02-26 07:00:00,2,2019-02-26 08:00:00,0.10531,0.10531,0.10531,0.0,0.97,355.6582181209902,-0.0,0.0,0.0,355.6582181209902,355.6582181209902,0.0,0.0
1352,2019-02-26 08:00:00,2,2019-02-26 09:00:00,0.10531,0.10531,0.10531,0.0,0.97,399.5083395426266,-0.0,35.250166222417874,0.0,364.2581733202087,364.2581733202087,0.0,0.0
1353,2019-02-26 09:00:00,2,2019-02-26 10:00:00,0.10531,0.10531,0.10531,0.0,0.842282006440515,343.31396675612353,-0.0,0.0,0.0,343.31396675612353,343.31396675612353,0.0,0.0
1354,2019-02-26 10:00:00,2,2019-02-26 11:00:00,0.10531,0.10531,0.10531,0.0,0.842282006440515,298.83194654258796,-0.0,0.0,0.0,298.83194654258796,298.83194654258796,0.0,0.0
1355,2019-02-26 11:00:00,2,2019-02-26 12:00:00,0.10531,0.10531,0.10531,0.0,0.842282006440515,295.55549816569,-0.0,0.0,0.0,295.55549816569,295.55549816569,0.0,0.0
1356,2019-02-26 12:00:00,2,2019-02-26 13:00:00,0.10531,0.10531,0.10531,0.0,0.842282006440515,294.76632325063264,-51.42978050852772,0.0,0.0,346.19610375916034,346.19610375916034,0.0,1.0
1357,2019-02-26 13:00:00,2,2019-02-26 14:00:00,0.10531,0.10531,0.10531,0.0,1.0,275.2522400894179,-0.0,0.0,0.0,275.2522400894179,275.2522400894179,0.0,1.0
1358,2019-02-26 14:00:00,2,2019-02-26 15:00:00,0.10531,0.10531,0.10531,0.0,1.0,275.45016234973247,-0.0,0.0,0.0,275.45016234973247,275.45016234973247,0.0,1.0
1359,2019-02-26 15:00:00,2,2019-02-26 16:00:00,0.10531,0.10531,0.10531,0.0,1.0,276.0262558960085,-0.0,0.0,0.0,276.0262558960085,276.0262558960085,0.0,1.0
1360,2019-02-26 16:00:00,2,2019-02-26 17:00:00,0.13592,0.13592,0.13592,0.0,1.0,307.20450992835595,-0.0,0.0,0.0,307.20450992835595,307.20450992835595,0.0,1.0
1361,2019-02-26 17:00:00,2,2019-02-26 18:00:00,0.13592,0.13592,0.13592,0.0,1.0,345.3073859849055,-0.0,0.0,0.0,345.3073859849055,345.3073859849055,0.0,1.0
1362,2019-02-26 18:00:00,2,2019-02-26 19:00:00,0.13592,0.13592,0.13592,0.0,1.0,417.22771604780326,-0.0,52.96954272759456,0.0,364.2581733202087,364.2581733202087,0.0,0.0
1363,2019-02-26 19:00:00,2,2019-02-26 20:00:00,0.13592,0.13592,0.13592,0.0,0.8080813669290052,419.648412665617,-0.0,55.390239345408304,0.0,364.2581733202087,364.2581733202087,0.0,0.0
1364,2019-02-26 20:00:00,2,2019-02-26 21:00:00,0.13592,0.13592,0.13592,0.0,0.6073920939383954,440.31952908144865,-0.0,106.98807188905192,0.0,333.3314571923967,333.3314571923967,0.0,0.0
1365,2019-02-26 21:00:00,2,2019-02-26 22:00:00,0.10531,0.10531,0.10531,0.0,0.2197541523113957,411.1103193581539,-0.0,46.852146037945204,0.0,364.2581733202087,364.2581733202087,0.0,0.0
1366,2019-02-26 22:00:00,2,2019-02-26 23:00:00,0.10531,0.10531,0.10531,0.0,0.05,356.5753725804635,-7.682800739745176,0.0,0.0,364.2581733202087,364.2581733202087,0.0,1.0
1367,2019-02-26 23:00:00,2,2019-02-27 00:00:00,0.10531,0.10531,0.10531,0.0,0.07356058893521854,260.04685946635607,-12.81710769339346,0.0,0.0,272.86396715974956,272.86396715974956,0.0,1.0
1368,2019-02-27 00:00:00,2,2019-02-27 01:00:00,0.10531,0.10531,0.10531,0.0,0.11286638586162515,190.26799061420346,-0.0,0.0,0.0,190.26799061420346,190.26799061420346,0.0,1.0
1369,2019-02-27 01:00:00,2,2019-02-27 02:00:00,0.10531,0.10531,0.10531,0.0,0.11286638586162515,194.4742563881424,-0.0,0.0,0.0,194.4742563881424,194.4742563881424,0.0,1.0
1370,2019-02-27 02:00:00,2,2019-02-27 03:00:00,0.10531,0.10531,0.10531,0.0,0.11286638586162515,163.4751706439283,-0.0,0.0,0.0,163.4751706439283,163.4751706439283,0.0,1.0
1371,2019-02-27 03:00:00,2,2019-02-27 04:00:00,0.10531,0.10531,0.10531,0.0,0.11286638586162515,165.80870610063968,-150.0,0.0,0.0,315.8087061006397,315.8087061006397,0.0,1.0
1372,2019-02-27 04:00:00,2,2019-02-27 05:00:00,0.10531,0.10531,0.10531,0.0,0.5728663858616252,170.39744316263568,-139.28270026251354,0.0,0.0,309.68014342514925,309.68014342514925,0.0,1.0
1373,2019-02-27 05:00:00,2,2019-02-27 06:00:00,0.10531,0.10531,0.10531,0.0,1.0,209.2211332324743,-0.0,0.0,0.0,209.2211332324743,209.2211332324743,0.0,0.0
1374,2019-02-27 06:00:00,2,2019-02-27 07:00:00,0.10531,0.10531,0.10531,0.0,1.0,335.97167392739277,-0.0,0.0,0.0,335.97167392739277,335.97167392739277,0.0,1.0
1375,2019-02-27 07:00:00,2,2019-02-27 08:00:00,0.10531,0.10531,0.10531,0.0,1.0,405.55098890409664,-0.0,41.29281558388794,0.0,364.2581733202087,364.2581733202087,0.0,0.0
1376,2019-02-27 08:00:00,2,2019-02-27 09:00:00,0.10531,0.10531,0.10531,0.0,0.8503883493337393,362.2443132748615,-0.0,0.0,0.0,362.2443132748615,362.2443132748615,0.0,0.0
1377,2019-02-27 09:00:00,2,2019-02-27 10:00:00,0.10531,0.10531,0.10531,0.0,0.8503883493337393,335.42636582712817,-0.0,0.0,0.0,335.42636582712817,335.42636582712817,0.0,0.0
1378,2019-02-27 10:00:00,2,2019-02-27 11:00:00,0.10531,0.10531,0.10531,0.0,0.8503883493337393,285.41704202650976,-0.0,0.0,0.0,285.41704202650976,285.41704202650976,0.0,0.0
1379,2019-02-27 11:00:00,2,2019-02-27 12:00:00,0.10531,0.10531,0.10531,0.0,0.8503883493337393,287.0133346553502,-0.0,0.0,0.0,287.0133346553502,287.0133346553502,0.0,0.0
1380,2019-02-27 12:00:00,2,2019-02-27 13:00:00,0.10531,0.10531,0.10531,0.0,0.8503883493337393,287.16738611965656,-48.786407825954576,0.0,0.0,335.9537939456111,335.9537939456111,0.0,1.0
1381,2019-02-27 13:00:00,2,2019-02-27 14:00:00,0.10531,0.10531,0.10531,0.0,1.0,277.613964899604,-0.0,0.0,0.0,277.613964899604,277.613964899604,0.0,1.0
1382,2019-02-27 14:00:00,2,2019-02-27 15:00:00,0.10531,0.10531,0.10531,0.0,1.0,277.40651973653746,-0.0,0.0,0.0,277.40651973653746,277.40651973653746,0.0,1.0
1383,2019-02-27 15:00:00,2,2019-02-27 16:00:00,0.10531,0.10531,0.10531,0.0,1.0,278.20135543143647,-0.0,0.0,0.0,278.20135543143647,278.20135543143647,0.0,1.0
1384,2019-02-27 16:00:00,2,2019-02-27 17:00:00,0.13592,0.13592,0.13592,0.0,1.0,308.53059011468434,-0.0,0.0,0.0,308.53059011468434,308.53059011468434,0.0,1.0
1385,2019-02-27 17:00:00,2,2019-02-27 18:00:00,0.13592,0.13592,0.13592,0.0,1.0,353.0155395900854,-0.0,0.0,0.0,353.0155395900854,353.0155395900854,0.0,1.0
1386,2019-02-27 18:00:00,2,2019-02-27 19:00:00,0.13592,0.13592,0.13592,0.0,1.0,416.4501879312058,-0.0,52.19201461099709,0.0,364.2581733202087,364.2581733202087,0.0,0.0
1387,2019-02-27 19:00:00,2,2019-02-27 20:00:00,0.13592,0.13592,0.13592,0.0,0.8108984977862425,415.996988982109,-0.0,69.64788714462784,0.0,346.34910183748116,346.34910183748116,0.0,0.0
1388,2019-02-27 20:00:00,2,2019-02-27 21:00:00,0.13592,0.13592,0.13592,0.0,0.5585510805955619,445.51062078368886,-0.0,81.25244746348017,0.0,364.2581733202087,364.2581733202087,0.0,0.0
1389,2019-02-27 21:00:00,2,2019-02-27 22:00:00,0.10531,0.10531,0.10531,0.0,0.2641581550032424,423.3658241011036,-0.0,59.107650780894915,0.0,364.2581733202087,364.2581733202087,0.0,0.0
1390,2019-02-27 22:00:00,2,2019-02-27 23:00:00,0.10531,0.10531,0.10531,0.0,0.05,350.7237629782774,-8.605507513827488,0.0,0.0,359.3292704921049,359.3292704921049,0.0,1.0
1391,2019-02-27 23:00:00,2,2019-02-28 00:00:00,0.10531,0.10531,0.10531,0.0,0.0763902230424043,252.1116193851328,-0.0,0.0,0.0,252.1116193851328,252.1116193851328,0.0,1.0
1392,2019-02-28 00:00:00,2,2019-02-28 01:00:00,0.10531,0.10531,0.10531,0.0,0.0763902230424043,191.1107689331174,-0.0,0.0,0.0,191.1107689331174,191.1107689331174,0.0,1.0
1393,2019-02-28 01:00:00,2,2019-02-28 02:00:00,0.10531,0.10531,0.10531,0.0,0.0763902230424043,175.69355709186365,-150.0,0.0,0.0,325.6935570918637,325.6935570918637,0.0,1.0
1394,2019-02-28 02:00:00,2,2019-02-28 03:00:00,0.10531,0.10531,0.10531,0.0,0.5363902230424042,159.47846554678645,-0.0,0.0,0.0,159.47846554678645,159.47846554678645,0.0,1.0
1395,2019-02-28 03:00:00,2,2019-02-28 04:00:00,0.10531,0.10531,0.10531,0.0,0.5363902230424042,154.45477573875203,-0.0,0.0,0.0,154.45477573875203,154.45477573875203,0.0,0.0
1396,2019-02-28 04:00:00,2,2019-02-28 05:00:00,0.10531,0.10531,0.10531,0.0,0.5363902230424042,158.4438648251961,-0.0,0.0,0.0,158.4438648251961,158.4438648251961,0.0,1.0
1397,2019-02-28 05:00:00,2,2019-02-28 06:00:00,0.10531,0.10531,0.10531,0.0,0.5363902230424042,196.37227789030652,-114.36655971276483,0.0,0.0,310.7388376030714,310.7388376030714,0.0,1.0
1398,2019-02-28 06:00:00,2,2019-02-28 07:00:00,0.10531,0.10531,0.10531,0.0,0.887114339494883,321.67571192725626,-0.0,0.0,0.0,321.67571192725626,321.67571192725626,0.0,1.0
1399,2019-02-28 07:00:00,2,2019-02-28 08:00:00,0.10531,0.10531,0.10531,0.0,0.887114339494883,407.58367020290723,-0.0,43.32549688269853,0.0,364.2581733202087,364.2581733202087,0.0,0.0
1400,2019-02-28 08:00:00,2,2019-02-28 09:00:00,0.10531,0.10531,0.10531,0.0,0.7301379015140913,362.3362296893258,-0.0,0.0,0.0,362.3362296893258,362.3362296893258,0.0,1.0
1401,2019-02-28 09:00:00,2,2019-02-28 10:00:00,0.10531,0.10531,0.10531,0.0,0.7301379015140913,335.3796477739876,-0.0,0.0,0.0,335.3796477739876,335.3796477739876,0.0,1.0
1402,2019-02-28 10:00:00,2,2019-02-28 11:00:00,0.10531,0.10531,0.10531,0.0,0.7301379015140913,286.13664263313296,-0.0,0.0,0.0,286.13664263313296,286.13664263313296,0.0,1.0
1403,2019-02-28 11:00:00,2,2019-02-28 12:00:00,0.10531,0.10531,0.10531,0.0,0.7301379015140913,287.13972542746353,-0.0,0.0,0.0,287.13972542746353,287.13972542746353,0.0,1.0
1404,2019-02-28 12:00:00,2,2019-02-28 13:00:00,0.10531,0.10531,0.10531,0.0,0.7301379015140913,286.59463741818485,-77.66353590202385,0.0,0.0,364.2581733202087,364.2581733202087,0.0,1.0
1405,2019-02-28 13:00:00,2,2019-02-28 14:00:00,0.10531,0.10531,0.10531,0.0,0.9683060782802977,276.2596629443689,-10.334974473815937,0.0,0.0,286.5946374181849,286.5946374181849,0.0,1.0
1406,2019-02-28 14:00:00,2,2019-02-28 15:00:00,0.10531,0.10531,0.10531,0.0,1.0,276.5265605218888,-0.0,0.0,0.0,276.5265605218888,276.5265605218888,0.0,1.0
1407,2019-02-28 15:00:00,2,2019-02-28 16:00:00,0.10531,0.10531,0.10531,0.0,1.0,276.69501728643394,-0.0,0.0,0.0,276.69501728643394,276.69501728643394,0.0,1.0
1408,2019-02-28 16:00:00,2,2019-02-28 17:00:00,0.13592,0.13592,0.13592,0.0,1.0,307.7989557968232,-0.0,0.0,0.0,307.7989557968232,307.7989557968232,0.0,1.0
1409,2019-02-28 17:00:00,2,2019-02-28 18:00:00,0.13592,0.13592,0.13592,0.0,1.0,352.64105546921354,-0.0,0.0,0.0,352.64105546921354,352.64105546921354,0.0,1.0
1410,2019-02-28 18:00:00,2,2019-02-28 19:00:00,0.13592,0.13592,0.13592,0.0,1.0,416.7065781403001,-0.0,52.44840482009141,0.0,364.2581733202087,364.2581733202087,0.0,0.0
1411,2019-02-28 19:00:00,2,2019-02-28 20:00:00,0.13592,0.13592,0.13592,0.0,0.8099695477532921,414.4745773863993,-0.0,50.21640406619059,0.0,364.2581733202087,364.2581733202087,0.0,0.0
1412,2019-02-28 20:00:00,2,2019-02-28 21:00:00,0.13592,0.13592,0.13592,0.0,0.628026054759848,448.44046182856056,-0.0,101.08402909919441,0.0,347.35643272936613,347.35643272936613,0.0,0.0
1413,2019-02-28 21:00:00,2,2019-02-28 22:00:00,0.10531,0.10531,0.10531,0.0,0.2617795725163899,422.7093353347323,-0.0,58.45116201452362,0.0,364.2581733202087,364.2581733202087,0.0,0.0
1414,2019-02-28 22:00:00,2,2019-02-28 23:00:00,0.10531,0.10531,0.10531,0.0,0.05,354.52700224065,-9.731171079558692,0.0,0.0,364.2581733202087,364.2581733202087,0.0,1.0
1415,2019-02-28 23:00:00,2,2019-03-01 00:00:00,0.10531,0.10531,0.10531,0.0,0.07984225797731331,254.06121862138548,-41.68070011794508,0.0,0.0,295.7419187393306,295.7419187393306,0.0,1.0
1416,2019-03-01 00:00:00,3,2019-03-01 01:00:00,0.10531,0.10531,0.10531,0.0,0.2076630716723449,197.79812982660343,-20.806621921990406,0.0,0.0,218.60475174859383,218.60475174859383,0.0,1.0
1417,2019-03-01 01:00:00,3,2019-03-01 02:00:00,0.10531,0.10531,0.10531,0.0,0.2714700455664488,181.7982443056548,-0.0,0.0,0.0,181.7982443056548,181.7982443056548,0.0,0.0
1418,2019-03-01 02:00:00,3,2019-03-01 03:00:00,0.10531,0.10531,0.10531,0.0,0.2714700455664488,170.20692095542609,-0.0,0.0,0.0,170.20692095542609,170.20692095542609,0.0,0.0
1419,2019-03-01 03:00:00,3,2019-03-01 04:00:00,0.10531,0.10531,0.10531,0.0,0.2714700455664488,163.91916056662927,-0.0,0.0,0.0,163.91916056662927,163.91916056662927,0.0,0.0
1420,2019-03-01 04:00:00,3,2019-03-01 05:00:00,0.10531,0.10531,0.10531,0.0,0.2714700455664488,173.69592780561132,-0.0,0.0,0.0,173.69592780561132,173.69592780561132,0.0,1.0
1421,2019-03-01 05:00:00,3,2019-03-01 06:00:00,0.10531,0.10531,0.10531,0.0,0.2714700455664488,210.25572878602614,-0.0,0.0,0.0,210.25572878602614,210.25572878602614,0.0,1.0
1422,2019-03-01 06:00:00,3,2019-03-01 07:00:00,0.10531,0.10531,0.10531,0.0,0.2714700455664488,332.7569316199328,-0.0,0.0,0.0,332.7569316199328,332.7569316199328,0.0,0.0
1423,2019-03-01 07:00:00,3,2019-03-01 08:00:00,0.10531,0.10531,0.10531,0.0,0.2714700455664488,407.7731811017759,-0.0,52.56205845566569,0.0,355.2111226461102,355.2111226461102,0.0,0.0
1424,2019-03-01 08:00:00,3,2019-03-01 09:00:00,0.10531,0.10531,0.10531,0.0,0.0810278047850514,357.7996949053806,-0.0,2.588572259270393,0.0,355.2111226461102,355.2111226461102,0.0,0.0
1425,2019-03-01 09:00:00,3,2019-03-01 10:00:00,0.06431,0.06431,0.06431,0.0,0.0716489197876949,335.3249946263197,-19.88612801979047,0.0,0.0,355.2111226461102,355.2111226461102,0.0,1.0
1426,2019-03-01 10:00:00,3,2019-03-01 11:00:00,0.06431,0.06431,0.06431,0.0,0.13263304571505236,285.38948853686964,-69.82163410924056,0.0,0.0,355.2111226461102,355.2111226461102,0.0,1.0
1427,2019-03-01 11:00:00,3,2019-03-01 12:00:00,0.06431,0.06431,0.06431,0.0,0.34675272365005677,288.1491081728074,-67.06201447330278,0.0,0.0,355.2111226461102,355.2111226461102,0.0,1.0
1428,2019-03-01 12:00:00,3,2019-03-01 13:00:00,0.06431,0.06431,0.06431,0.0,0.552409568034852,287.68584729350493,-67.52527535260526,0.0,0.0,355.2111226461102,355.2111226461102,0.0,1.0
1429,2019-03-01 13:00:00,3,2019-03-01 14:00:00,0.06431,0.06431,0.06431,0.0,0.7594870791161747,276.7829962709498,-78.42812637516039,0.0,0.0,355.2111226461102,355.2111226461102,0.0,1.0
1430,2019-03-01 14:00:00,3,2019-03-01 15:00:00,0.10531,0.10531,0.10531,0.0,1.0,277.8761029357427,-0.0,0.0,0.0,277.8761029357427,277.8761029357427,0.0,1.0
1431,2019-03-01 15:00:00,3,2019-03-01 16:00:00,0.10531,0.10531,0.10531,0.0,1.0,276.11705513413676,-0.0,0.0,0.0,276.11705513413676,276.11705513413676,0.0,0.0
1432,2019-03-01 16:00:00,3,2019-03-01 17:00:00,0.13592,0.13592,0.13592,0.0,1.0,307.4632721674984,-0.0,0.0,0.0,307.4632721674984,307.4632721674984,0.0,1.0
1433,2019-03-01 17:00:00,3,2019-03-01 18:00:00,0.13592,0.13592,0.13592,0.0,1.0,352.39905865726513,-0.0,0.0,0.0,352.39905865726513,352.39905865726513,0.0,1.0
1434,2019-03-01 18:00:00,3,2019-03-01 19:00:00,0.13592,0.13592,0.13592,0.0,1.0,417.33727203619287,-0.0,62.126149390082674,0.0,355.2111226461102,355.2111226461102,0.0,0.0
1435,2019-03-01 19:00:00,3,2019-03-01 20:00:00,0.13592,0.13592,0.13592,0.0,0.7749052558330337,403.56063110820827,-0.0,48.34950846209807,0.0,355.2111226461102,355.2111226461102,0.0,0.0
1436,2019-03-01 20:00:00,3,2019-03-01 21:00:00,0.13592,0.13592,0.13592,0.0,0.5997258773471711,438.4385140809462,-0.0,83.22739143483602,0.0,355.2111226461102,355.2111226461102,0.0,0.0
1437,2019-03-01 21:00:00,3,2019-03-01 22:00:00,0.10531,0.10531,0.10531,0.0,0.2981773576557361,423.70807335909336,-0.0,68.49695071298316,0.0,355.2111226461102,355.2111226461102,0.0,0.0
1438,2019-03-01 22:00:00,3,2019-03-01 23:00:00,0.10531,0.10531,0.10531,0.0,0.05,350.3404457124124,-4.87067693369778,0.0,0.0,355.2111226461102,355.2111226461102,0.0,1.0
1439,2019-03-01 23:00:00,3,2019-03-02 00:00:00,0.10531,0.10531,0.10531,0.0,0.06493674259667319,249.9741104992873,-62.684685053541145,0.0,0.0,312.65879555282845,312.65879555282845,0.0,1.0
1440,2019-03-02 00:00:00,3,2019-03-02 01:00:00,0.10531,0.10531,0.10531,0.0,0.25716977676086605,192.62641625134717,-3.6419357290739174,0.0,0.0,196.26835198042107,196.26835198042107,0.0,1.0
1441,2019-03-02 01:00:00,3,2019-03-02 02:00:00,0.10531,0.10531,0.10531,0.0,0.2683383796633594,175.57889058586213,-0.0,0.0,0.0,175.57889058586213,175.57889058586213,0.0,1.0
1442,2019-03-02 02:00:00,3,2019-03-02 03:00:00,0.10531,0.10531,0.10531,0.0,0.2683383796633594,163.71790050374128,-0.0,0.0,0.0,163.71790050374128,163.71790050374128,0.0,0.0
1443,2019-03-02 03:00:00,3,2019-03-02 04:00:00,0.10531,0.10531,0.10531,0.0,0.2683383796633594,160.8807980625984,-0.0,0.0,0.0,160.8807980625984,160.8807980625984,0.0,0.0
1444,2019-03-02 04:00:00,3,2019-03-02 05:00:00,0.10531,0.10531,0.10531,0.0,0.2683383796633594,165.01445737453454,-0.0,0.0,0.0,165.01445737453454,165.01445737453454,0.0,1.0
1445,2019-03-02 05:00:00,3,2019-03-02 06:00:00,0.10531,0.10531,0.10531,0.0,0.2683383796633594,204.0211118788675,-0.0,0.0,0.0,204.0211118788675,204.0211118788675,0.0,0.0
1446,2019-03-02 06:00:00,3,2019-03-02 07:00:00,0.10531,0.10531,0.10531,0.0,0.2683383796633594,327.4423549717393,-0.0,0.0,0.0,327.4423549717393,327.4423549717393,0.0,0.0
1447,2019-03-02 07:00:00,3,2019-03-02 08:00:00,0.10531,0.10531,0.10531,0.0,0.2683383796633594,406.65994756292025,-0.0,50.03131913828042,0.0,356.6286284246398,356.6286284246398,0.0,0.0
1448,2019-03-02 08:00:00,3,2019-03-02 09:00:00,0.10531,0.10531,0.10531,0.0,0.08706548423480714,360.9411561152992,-0.0,4.312527690659351,0.0,356.6286284246398,356.6286284246398,0.0,0.0
1449,2019-03-02 09:00:00,3,2019-03-02 10:00:00,0.06431,0.06431,0.06431,0.0,0.07144038390633124,335.28261821638165,-21.34601020825818,0.0,0.0,356.6286284246398,356.6286284246398,0.0,1.0
1450,2019-03-02 10:00:00,3,2019-03-02 11:00:00,0.06431,0.06431,0.06431,0.0,0.136901481878323,287.25991617331437,-69.36871225132546,0.0,0.0,356.6286284246398,356.6286284246398,0.0,1.0
1451,2019-03-02 11:00:00,3,2019-03-02 12:00:00,0.06431,0.06431,0.06431,0.0,0.34963219944905444,290.70898110527025,-65.91964731936957,0.0,0.0,356.6286284246398,356.6286284246398,0.0,1.0
1452,2019-03-02 12:00:00,3,2019-03-02 13:00:00,0.06431,0.06431,0.06431,0.0,0.5517857845617878,288.5366886906178,-68.09193973402205,0.0,0.0,356.6286284246398,356.6286284246398,0.0,1.0
1453,2019-03-02 13:00:00,3,2019-03-02 14:00:00,0.06431,0.06431,0.06431,0.0,0.7606010664127888,278.5637587766362,-78.06486964800365,0.0,0.0,356.6286284246398,356.6286284246398,0.0,1.0
1454,2019-03-02 14:00:00,3,2019-03-02 15:00:00,0.10531,0.10531,0.10531,0.0,1.0,278.02113077547796,-0.0,0.0,0.0,278.02113077547796,278.02113077547796,0.0,0.0
1455,2019-03-02 15:00:00,3,2019-03-02 16:00:00,0.10531,0.10531,0.10531,0.0,1.0,277.91087128732823,-0.0,0.0,0.0,277.91087128732823,277.91087128732823,0.0,1.0
1456,2019-03-02 16:00:00,3,2019-03-02 17:00:00,0.13592,0.13592,0.13592,0.0,1.0,308.7452778312503,-0.0,0.0,0.0,308.7452778312503,308.7452778312503,0.0,1.0
1457,2019-03-02 17:00:00,3,2019-03-02 18:00:00,0.13592,0.13592,0.13592,0.0,1.0,352.86046881216726,-0.0,0.0,0.0,352.86046881216726,352.86046881216726,0.0,1.0
1458,2019-03-02 18:00:00,3,2019-03-02 19:00:00,0.13592,0.13592,0.13592,0.0,1.0,417.60026925561954,-0.0,60.97164083097973,0.0,356.6286284246398,356.6286284246398,0.0,0.0
1459,2019-03-02 19:00:00,3,2019-03-02 20:00:00,0.13592,0.13592,0.13592,0.0,0.7790882578587691,425.05362251572984,-0.0,68.42499409109001,0.0,356.6286284246398,356.6286284246398,0.0,0.0
1460,2019-03-02 20:00:00,3,2019-03-02 21:00:00,0.13592,0.13592,0.13592,0.0,0.5311716126011965,428.92379983273696,-0.0,72.29517140809713,0.0,356.6286284246398,356.6286284246398,0.0,0.0
1461,2019-03-02 21:00:00,3,2019-03-02 22:00:00,0.10531,0.10531,0.10531,0.0,0.269232585760265,417.13682209447296,-0.0,60.50819366983314,0.0,356.6286284246398,356.6286284246398,0.0,0.0
1462,2019-03-02 22:00:00,3,2019-03-02 23:00:00,0.10531,0.10531,0.10531,0.0,0.05,350.2887743081448,-0.0,0.0,0.0,350.2887743081448,350.2887743081448,0.0,1.0
1463,2019-03-02 23:00:00,3,2019-03-03 00:00:00,0.10531,0.10531,0.10531,0.0,0.05,286.49426229972113,-0.0,0.0,0.0,286.49426229972113,286.49426229972113,0.0,1.0
1464,2019-03-03 00:00:00,3,2019-03-03 01:00:00,0.10531,0.10531,0.10531,0.0,0.05,170.08245388186972,-0.0,0.0,0.0,170.08245388186972,170.08245388186972,0.0,1.0
1465,2019-03-03 01:00:00,3,2019-03-03 02:00:00,0.10531,0.10531,0.10531,0.0,0.05,167.7043728514386,-0.0,0.0,0.0,167.7043728514386,167.7043728514386,0.0,1.0
1466,2019-03-03 02:00:00,3,2019-03-03 03:00:00,0.10531,0.10531,0.10531,0.0,0.05,189.9518882209646,-0.0,0.0,0.0,189.9518882209646,189.9518882209646,0.0,0.0
1467,2019-03-03 03:00:00,3,2019-03-03 04:00:00,0.10531,0.10531,0.10531,0.0,0.05,145.500956720789,-0.0,0.0,0.0,145.500956720789,145.500956720789,0.0,1.0
1468,2019-03-03 04:00:00,3,2019-03-03 05:00:00,0.10531,0.10531,0.10531,0.0,0.05,170.79352037575498,-63.758465570471586,0.0,0.0,234.55198594622655,234.55198594622655,0.0,1.0
1469,2019-03-03 05:00:00,3,2019-03-03 06:00:00,0.10531,0.10531,0.10531,0.0,0.24552596108277952,197.48979145751534,-0.0,0.0,0.0,197.48979145751534,197.48979145751534,0.0,1.0
1470,2019-03-03 06:00:00,3,2019-03-03 07:00:00,0.10531,0.10531,0.10531,0.0,0.24552596108277952,322.7945752667798,-0.0,0.0,0.0,322.7945752667798,322.7945752667798,0.0,0.0
1471,2019-03-03 07:00:00,3,2019-03-03 08:00:00,0.10531,0.10531,0.10531,0.0,0.24552596108277952,406.6694748917132,-0.0,48.77614337365887,0.0,357.8933315180543,357.8933315180543,0.0,0.0
1472,2019-03-03 08:00:00,3,2019-03-03 09:00:00,0.10531,0.10531,0.10531,0.0,0.0688008039318416,363.0823534032426,-0.0,5.189021885188282,0.0,357.8933315180543,357.8933315180543,0.0,0.0
1473,2019-03-03 09:00:00,3,2019-03-03 10:00:00,0.06431,0.06431,0.06431,0.0,0.05,335.40490956337004,-22.4884219546843,0.0,0.0,357.8933315180543,357.8933315180543,0.0,1.0
1474,2019-03-03 10:00:00,3,2019-03-03 11:00:00,0.06431,0.06431,0.06431,0.0,0.1189644939943652,285.63081721068676,-72.26251430736758,0.0,0.0,357.8933315180543,357.8933315180543,0.0,1.0
1475,2019-03-03 11:00:00,3,2019-03-03 12:00:00,0.06431,0.06431,0.06431,0.0,0.3405695378702924,286.37475686275747,-60.789757527466385,0.0,0.0,347.16451439022387,347.16451439022387,0.0,1.0
1476,2019-03-03 12:00:00,3,2019-03-03 13:00:00,0.06431,0.06431,0.06431,0.0,0.5269914609545227,285.76007949546744,-72.1332520225869,0.0,0.0,357.8933315180543,357.8933315180543,0.0,1.0
1477,2019-03-03 13:00:00,3,2019-03-03 14:00:00,0.06431,0.06431,0.06431,0.0,0.7482001004904558,275.78466863450734,-82.108662883547,0.0,0.0,357.8933315180543,357.8933315180543,0.0,1.0
1478,2019-03-03 14:00:00,3,2019-03-03 15:00:00,0.10531,0.10531,0.10531,0.0,1.0,275.64269335586636,-0.0,0.0,0.0,275.64269335586636,275.64269335586636,0.0,1.0
1479,2019-03-03 15:00:00,3,2019-03-03 16:00:00,0.10531,0.10531,0.10531,0.0,1.0,276.1315108061467,-0.0,0.0,0.0,276.1315108061467,276.1315108061467,0.0,1.0
1480,2019-03-03 16:00:00,3,2019-03-03 17:00:00,0.13592,0.13592,0.13592,0.0,1.0,307.1421272464489,-0.0,0.0,0.0,307.1421272464489,307.1421272464489,0.0,1.0
1481,2019-03-03 17:00:00,3,2019-03-03 18:00:00,0.13592,0.13592,0.13592,0.0,1.0,352.3487848774054,-0.0,0.0,0.0,352.3487848774054,352.3487848774054,0.0,1.0
1482,2019-03-03 18:00:00,3,2019-03-03 19:00:00,0.13592,0.13592,0.13592,0.0,1.0,412.34374467750587,-0.0,54.45041315945153,0.0,357.8933315180543,357.8933315180543,0.0,0.0
1483,2019-03-03 19:00:00,3,2019-03-03 20:00:00,0.13592,0.13592,0.13592,0.0,0.8027158943498133,410.4178517330292,-0.0,52.52452021497486,0.0,357.8933315180543,357.8933315180543,0.0,0.0
1484,2019-03-03 20:00:00,3,2019-03-03 21:00:00,0.13592,0.13592,0.13592,0.0,0.612409661686861,448.4263026950715,-0.0,90.53297117701717,0.0,357.8933315180543,357.8933315180543,0.0,0.0
1485,2019-03-03 21:00:00,3,2019-03-03 22:00:00,0.10531,0.10531,0.10531,0.0,0.28439165017592916,422.5854269666108,-0.0,64.69209544855644,0.0,357.8933315180543,357.8933315180543,0.0,0.0
1486,2019-03-03 22:00:00,3,2019-03-03 23:00:00,0.10531,0.10531,0.10531,0.0,0.05,353.12740406240476,-4.7659274556495745,0.0,0.0,357.8933315180543,357.8933315180543,0.0,1.0
1487,2019-03-03 23:00:00,3,2019-03-04 00:00:00,0.10531,0.10531,0.10531,0.0,0.06461551086399203,252.3891350921057,-0.0,0.0,0.0,252.3891350921057,252.3891350921057,0.0,1.0
1488,2019-03-04 00:00:00,3,2019-03-04 01:00:00,0.10531,0.10531,0.10531,0.0,0.06461551086399203,197.3437131101785,-0.0,0.0,0.0,197.3437131101785,197.3437131101785,0.0,1.0
1489,2019-03-04 01:00:00,3,2019-03-04 02:00:00,0.10531,0.10531,0.10531,0.0,0.06461551086399203,189.61913880984105,-93.40732498968329,0.0,0.0,283.0264637995243,283.0264637995243,0.0,1.0
1490,2019-03-04 02:00:00,3,2019-03-04 03:00:00,0.10531,0.10531,0.10531,0.0,0.3510646408323541,166.31555005007655,-0.0,0.0,0.0,166.31555005007655,166.31555005007655,0.0,1.0
1491,2019-03-04 03:00:00,3,2019-03-04 04:00:00,0.10531,0.10531,0.10531,0.0,0.3510646408323541,164.32752398183806,-0.0,0.0,0.0,164.32752398183806,164.32752398183806,0.0,0.0
1492,2019-03-04 04:00:00,3,2019-03-04 05:00:00,0.10531,0.10531,0.10531,0.0,0.3510646408323541,171.3776416998287,-0.0,0.0,0.0,171.3776416998287,171.3776416998287,0.0,1.0
1493,2019-03-04 05:00:00,3,2019-03-04 06:00:00,0.10531,0.10531,0.10531,0.0,0.3510646408323541,183.58934692938007,-0.0,0.0,0.0,183.58934692938007,183.58934692938007,0.0,0.0
1494,2019-03-04 06:00:00,3,2019-03-04 07:00:00,0.10531,0.10531,0.10531,0.0,0.3510646408323541,268.42642833586683,-0.0,0.0,0.0,268.42642833586683,268.42642833586683,0.0,1.0
1495,2019-03-04 07:00:00,3,2019-03-04 08:00:00,0.10531,0.10531,0.10531,0.0,0.3510646408323541,347.77857853870483,-0.0,0.0,0.0,347.77857853870483,347.77857853870483,0.0,1.0
1496,2019-03-04 08:00:00,3,2019-03-04 09:00:00,0.10531,0.10531,0.10531,0.0,0.3510646408323541,398.61435459111004,-0.0,40.72102307305573,0.0,357.8933315180543,357.8933315180543,0.0,0.0
1497,2019-03-04 09:00:00,3,2019-03-04 10:00:00,0.06431,0.06431,0.06431,0.0,0.20352470216186236,355.82714482627665,-2.0661866917776592,0.0,0.0,357.8933315180543,357.8933315180543,0.0,1.0
1498,2019-03-04 10:00:00,3,2019-03-04 11:00:00,0.06431,0.06431,0.06431,0.0,0.2098610080166472,301.38086462298304,-56.51246689507127,0.0,0.0,357.8933315180543,357.8933315180543,0.0,1.0
1499,2019-03-04 11:00:00,3,2019-03-04 12:00:00,0.06431,0.06431,0.06431,0.0,0.38316590649486576,294.6676798899834,-63.22565162807092,0.0,0.0,357.8933315180543,357.8933315180543,0.0,1.0
1500,2019-03-04 12:00:00,3,2019-03-04 13:00:00,0.06431,0.06431,0.06431,0.0,0.5770579048209499,293.7074985907559,-64.1858329272984,0.0,0.0,357.8933315180543,357.8933315180543,0.0,1.0
1501,2019-03-04 13:00:00,3,2019-03-04 14:00:00,0.06431,0.06431,0.06431,0.0,0.7738944591313316,284.16326384348855,-73.73006767456576,0.0,0.0,357.8933315180543,357.8933315180543,0.0,1.0
1502,2019-03-04 14:00:00,3,2019-03-04 15:00:00,0.10531,0.10531,0.10531,0.0,1.0,284.455291709755,-0.0,0.0,0.0,284.455291709755,284.455291709755,0.0,1.0
1503,2019-03-04 15:00:00,3,2019-03-04 16:00:00,0.10531,0.10531,0.10531,0.0,1.0,284.7257040930915,-0.0,0.0,0.0,284.7257040930915,284.7257040930915,0.0,1.0
1504,2019-03-04 16:00:00,3,2019-03-04 17:00:00,0.13592,0.13592,0.13592,0.0,1.0,314.67190162023684,-0.0,0.0,0.0,314.67190162023684,314.67190162023684,0.0,1.0
1505,2019-03-04 17:00:00,3,2019-03-04 18:00:00,0.13592,0.13592,0.13592,0.0,1.0,352.9602240576208,-0.0,0.0,0.0,352.9602240576208,352.9602240576208,0.0,1.0
1506,2019-03-04 18:00:00,3,2019-03-04 19:00:00,0.13592,0.13592,0.13592,0.0,1.0,429.44088191654845,-0.0,71.54755039849414,0.0,357.8933315180543,357.8933315180543,0.0,0.0
1507,2019-03-04 19:00:00,3,2019-03-04 20:00:00,0.13592,0.13592,0.13592,0.0,0.7407697449329923,421.8748919587864,-0.0,63.981560440732096,0.0,357.8933315180543,357.8933315180543,0.0,0.0
1508,2019-03-04 20:00:00,3,2019-03-04 21:00:00,0.13592,0.13592,0.13592,0.0,0.5089524969593253,432.33420377386363,-0.0,86.89572349265306,0.0,345.43848028121056,345.43848028121056,0.0,0.0
1509,2019-03-04 21:00:00,3,2019-03-04 22:00:00,0.10531,0.10531,0.10531,0.0,0.19411291908739395,397.66849718617505,-0.0,39.775165668120735,0.0,357.8933315180543,357.8933315180543,0.0,0.0
1510,2019-03-04 22:00:00,3,2019-03-04 23:00:00,0.10531,0.10531,0.10531,0.0,0.05,345.07254995314366,-12.820781564910646,0.0,0.0,357.8933315180543,357.8933315180543,0.0,1.0
1511,2019-03-04 23:00:00,3,2019-03-05 00:00:00,0.10531,0.10531,0.10531,0.0,0.08931706346572599,251.4149851898175,-34.59734229602696,0.0,0.0,286.0123274858445,286.0123274858445,0.0,1.0
1512,2019-03-05 00:00:00,3,2019-03-05 01:00:00,0.10531,0.10531,0.10531,0.0,0.19541557984020866,198.67547168711437,-37.007900033279064,0.0,0.0,235.68337172039344,235.68337172039344,0.0,1.0
1513,2019-03-05 01:00:00,3,2019-03-05 02:00:00,0.10531,0.10531,0.10531,0.0,0.3089064732755978,190.19684562575236,-0.0,0.0,0.0,190.19684562575236,190.19684562575236,0.0,0.0
1514,2019-03-05 02:00:00,3,2019-03-05 03:00:00,0.10531,0.10531,0.10531,0.0,0.3089064732755978,167.69037757797835,-0.0,0.0,0.0,167.69037757797835,167.69037757797835,0.0,0.0
1515,2019-03-05 03:00:00,3,2019-03-05 04:00:00,0.10531,0.10531,0.10531,0.0,0.3089064732755978,165.0130520105221,-0.0,0.0,0.0,165.0130520105221,165.0130520105221,0.0,0.0
1516,2019-03-05 04:00:00,3,2019-03-05 05:00:00,0.10531,0.10531,0.10531,0.0,0.3089064732755978,170.6713879417995,-0.0,0.0,0.0,170.6713879417995,170.6713879417995,0.0,1.0
1517,2019-03-05 05:00:00,3,2019-03-05 06:00:00,0.10531,0.10531,0.10531,0.0,0.3089064732755978,184.00395986052763,-0.0,0.0,0.0,184.00395986052763,184.00395986052763,0.0,0.0
1518,2019-03-05 06:00:00,3,2019-03-05 07:00:00,0.10531,0.10531,0.10531,0.0,0.3089064732755978,261.5078983269601,-0.0,0.0,0.0,261.5078983269601,261.5078983269601,0.0,0.0
1519,2019-03-05 07:00:00,3,2019-03-05 08:00:00,0.10531,0.10531,0.10531,0.0,0.3089064732755978,355.0658800038182,-0.0,0.0,0.0,355.0658800038182,355.0658800038182,0.0,1.0
1520,2019-03-05 08:00:00,3,2019-03-05 09:00:00,0.10531,0.10531,0.10531,0.0,0.3089064732755978,398.0280315539519,-0.0,40.134700035897595,0.0,357.8933315180543,357.8933315180543,0.0,0.0
1521,2019-03-05 09:00:00,3,2019-03-05 10:00:00,0.06431,0.06431,0.06431,0.0,0.16349089343538914,344.77909359744916,-13.114237920605149,0.0,0.0,357.8933315180543,357.8933315180543,0.0,1.0
1522,2019-03-05 10:00:00,3,2019-03-05 11:00:00,0.06431,0.06431,0.06431,0.0,0.20370788972524495,301.0482820720489,-56.84504944600542,0.0,0.0,357.8933315180543,357.8933315180543,0.0,1.0
1523,2019-03-05 11:00:00,3,2019-03-05 12:00:00,0.06431,0.06431,0.06431,0.0,0.3780327080263282,298.75540415746235,-59.13792736059196,0.0,0.0,357.8933315180543,357.8933315180543,0.0,1.0
1524,2019-03-05 12:00:00,3,2019-03-05 13:00:00,0.06431,0.06431,0.06431,0.0,0.5593890185988102,296.1002721823836,-61.793059335670705,0.0,0.0,357.8933315180543,357.8933315180543,0.0,1.0
1525,2019-03-05 13:00:00,3,2019-03-05 14:00:00,0.06431,0.06431,0.06431,0.0,0.748887733894867,276.00889691855446,-81.88443459949985,0.0,0.0,357.8933315180543,357.8933315180543,0.0,1.0
1526,2019-03-05 14:00:00,3,2019-03-05 15:00:00,0.10531,0.10531,0.10531,0.0,0.9999999999999998,277.6426813566845,-0.0,0.0,0.0,277.6426813566845,277.6426813566845,0.0,1.0
1527,2019-03-05 15:00:00,3,2019-03-05 16:00:00,0.10531,0.10531,0.10531,0.0,0.9999999999999998,278.3743056186636,-0.0,-5.2295945351943376e-14,0.0,278.37430561866364,278.37430561866364,0.0,1.0
1528,2019-03-05 16:00:00,3,2019-03-05 17:00:00,0.13592,0.13592,0.13592,0.0,1.0,309.43761723609447,-0.0,0.0,0.0,309.43761723609447,309.43761723609447,0.0,1.0
1529,2019-03-05 17:00:00,3,2019-03-05 18:00:00,0.13592,0.13592,0.13592,0.0,1.0,346.2394962963819,-0.0,0.0,0.0,346.2394962963819,346.2394962963819,0.0,1.0
1530,2019-03-05 18:00:00,3,2019-03-05 19:00:00,0.13592,0.13592,0.13592,0.0,1.0,418.0760332317004,-0.0,62.49293777963069,0.0,355.58309545206976,355.58309545206976,0.0,0.0
1531,2019-03-05 19:00:00,3,2019-03-05 20:00:00,0.13592,0.13592,0.13592,0.0,0.7735763123926425,420.9631011107143,-0.0,63.06976959266001,0.0,357.8933315180543,357.8933315180543,0.0,0.0
1532,2019-03-05 20:00:00,3,2019-03-05 21:00:00,0.13592,0.13592,0.13592,0.0,0.5450626544482221,441.36995193348645,-0.0,83.47662041543214,0.0,357.8933315180543,357.8933315180543,0.0,0.0
1533,2019-03-05 21:00:00,3,2019-03-05 22:00:00,0.10531,0.10531,0.10531,0.0,0.24261113120390282,411.0540037303315,-0.0,53.16067221227718,0.0,357.8933315180543,357.8933315180543,0.0,0.0
1534,2019-03-05 22:00:00,3,2019-03-05 23:00:00,0.10531,0.10531,0.10531,0.0,0.05,357.5232062817192,-0.0,0.0,0.0,357.5232062817192,357.5232062817192,0.0,1.0
1535,2019-03-05 23:00:00,3,2019-03-06 00:00:00,0.10531,0.10531,0.10531,0.0,0.05,245.25372049988198,-0.0,0.0,0.0,245.25372049988198,245.25372049988198,0.0,1.0
1536,2019-03-06 00:00:00,3,2019-03-06 01:00:00,0.10531,0.10531,0.10531,0.0,0.05,189.83690907665306,-0.0,0.0,0.0,189.83690907665306,189.83690907665306,0.0,1.0
1537,2019-03-06 01:00:00,3,2019-03-06 02:00:00,0.10531,0.10531,0.10531,0.0,0.05,177.92973413456562,-0.0,0.0,0.0,177.92973413456562,177.92973413456562,0.0,1.0
1538,2019-03-06 02:00:00,3,2019-03-06 03:00:00,0.10531,0.10531,0.10531,0.0,0.05,168.65542132689416,-0.0,0.0,0.0,168.65542132689416,168.65542132689416,0.0,1.0
1539,2019-03-06 03:00:00,3,2019-03-06 04:00:00,0.10531,0.10531,0.10531,0.0,0.05,164.65460541314977,-68.57308465475575,0.0,0.0,233.2276900679055,233.2276900679055,0.0,1.0
1540,2019-03-06 04:00:00,3,2019-03-06 05:00:00,0.10531,0.10531,0.10531,0.0,0.26029079294125096,175.73511719247824,-0.0,0.0,0.0,175.73511719247824,175.73511719247824,0.0,1.0
1541,2019-03-06 05:00:00,3,2019-03-06 06:00:00,0.10531,0.10531,0.10531,0.0,0.26029079294125096,214.6508943486584,-0.0,0.0,0.0,214.6508943486584,214.6508943486584,0.0,0.0
1542,2019-03-06 06:00:00,3,2019-03-06 07:00:00,0.10531,0.10531,0.10531,0.0,0.26029079294125096,340.39746904807026,-0.0,0.0,0.0,340.39746904807026,340.39746904807026,0.0,1.0
1543,2019-03-06 07:00:00,3,2019-03-06 08:00:00,0.10531,0.10531,0.10531,0.0,0.26029079294125096,405.63775872222885,-0.0,47.74442720417454,0.0,357.8933315180543,357.8933315180543,0.0,0.0
1544,2019-03-06 08:00:00,3,2019-03-06 09:00:00,0.10531,0.10531,0.10531,0.0,0.08730373785366208,364.1816618719788,-0.0,6.2883303539244935,0.0,357.8933315180543,357.8933315180543,0.0,0.0
1545,2019-03-06 09:00:00,3,2019-03-06 10:00:00,0.06431,0.06431,0.06431,0.0,0.06451993222350087,336.5457949869604,-21.34753653109391,0.0,0.0,357.8933315180543,357.8933315180543,0.0,1.0
1546,2019-03-06 10:00:00,3,2019-03-06 11:00:00,0.06431,0.06431,0.06431,0.0,0.12998571091885552,287.0549681047522,-70.83836341330209,0.0,0.0,357.8933315180543,357.8933315180543,0.0,1.0
1547,2019-03-06 11:00:00,3,2019-03-06 12:00:00,0.06431,0.06431,0.06431,0.0,0.3472233587196486,290.16978103914494,-67.72355047890937,0.0,0.0,357.8933315180543,357.8933315180543,0.0,1.0
1548,2019-03-06 12:00:00,3,2019-03-06 13:00:00,0.06431,0.06431,0.06431,0.0,0.5549089135216373,290.15658977860494,-67.73674173944937,0.0,0.0,357.8933315180543,357.8933315180543,0.0,1.0
1549,2019-03-06 13:00:00,3,2019-03-06 14:00:00,0.06431,0.06431,0.06431,0.0,0.7626349215226155,280.4916754928202,-77.4016560252341,0.0,0.0,357.8933315180543,357.8933315180543,0.0,1.0
1550,2019-03-06 14:00:00,3,2019-03-06 15:00:00,0.10531,0.10531,0.10531,0.0,1.0,265.926920475815,-0.0,0.0,0.0,265.926920475815,265.926920475815,0.0,1.0
1551,2019-03-06 15:00:00,3,2019-03-06 16:00:00,0.10531,0.10531,0.10531,0.0,1.0,255.34294948662415,-0.0,0.0,0.0,255.34294948662415,255.34294948662415,0.0,1.0
1552,2019-03-06 16:00:00,3,2019-03-06 17:00:00,0.13592,0.13592,0.13592,0.0,1.0,291.98606432235033,-0.0,0.0,0.0,291.98606432235033,291.98606432235033,0.0,1.0
1553,2019-03-06 17:00:00,3,2019-03-06 18:00:00,0.13592,0.13592,0.13592,0.0,1.0,338.8004482363782,-0.0,0.0,0.0,338.8004482363782,338.8004482363782,0.0,1.0
1554,2019-03-06 18:00:00,3,2019-03-06 19:00:00,0.13592,0.13592,0.13592,0.0,1.0,404.92487317633976,-0.0,47.03154165828545,0.0,357.8933315180543,357.8933315180543,0.0,0.0
1555,2019-03-06 19:00:00,3,2019-03-06 20:00:00,0.13592,0.13592,0.13592,0.0,0.8295958635569368,409.98709172115457,-0.0,62.82078407337654,0.0,347.166307647778,347.166307647778,0.0,0.0
1556,2019-03-06 20:00:00,3,2019-03-06 21:00:00,0.13592,0.13592,0.13592,0.0,0.6019843270591957,445.5719871064832,-0.0,87.67865558842891,0.0,357.8933315180543,357.8933315180543,0.0,0.0
1557,2019-03-06 21:00:00,3,2019-03-06 22:00:00,0.10531,0.10531,0.10531,0.0,0.28430803869532295,422.56235019796344,-0.0,64.66901867990913,0.0,357.8933315180543,357.8933315180543,0.0,0.0
1558,2019-03-06 22:00:00,3,2019-03-06 23:00:00,0.10531,0.10531,0.10531,0.0,0.05,336.3757456353116,-21.517585882742708,0.0,0.0,357.8933315180543,357.8933315180543,0.0,1.0
1559,2019-03-06 23:00:00,3,2019-03-07 00:00:00,0.10531,0.10531,0.10531,0.0,0.11598726337374429,244.6098299626702,-0.0,0.0,0.0,244.6098299626702,244.6098299626702,0.0,1.0
1560,2019-03-07 00:00:00,3,2019-03-07 01:00:00,0.10531,0.10531,0.10531,0.0,0.11598726337374429,177.29673140813185,-47.57570326648975,0.0,0.0,224.8724346746216,224.8724346746216,0.0,1.0
1561,2019-03-07 01:00:00,3,2019-03-07 02:00:00,0.10531,0.10531,0.10531,0.0,0.26188608672431285,167.58434116494465,-0.0,0.0,0.0,167.58434116494465,167.58434116494465,0.0,1.0
1562,2019-03-07 02:00:00,3,2019-03-07 03:00:00,0.10531,0.10531,0.10531,0.0,0.26188608672431285,166.5200102080671,-0.0,0.0,0.0,166.5200102080671,166.5200102080671,0.0,1.0
1563,2019-03-07 03:00:00,3,2019-03-07 04:00:00,0.10531,0.10531,0.10531,0.0,0.26188608672431285,156.99882465931077,-0.0,0.0,0.0,156.99882465931077,156.99882465931077,0.0,1.0
1564,2019-03-07 04:00:00,3,2019-03-07 05:00:00,0.10531,0.10531,0.10531,0.0,0.26188608672431285,167.0969246609378,-0.0,0.0,0.0,167.0969246609378,167.0969246609378,0.0,1.0
1565,2019-03-07 05:00:00,3,2019-03-07 06:00:00,0.10531,0.10531,0.10531,0.0,0.26188608672431285,204.14703768214156,-0.0,0.0,0.0,204.14703768214156,204.14703768214156,0.0,0.0
1566,2019-03-07 06:00:00,3,2019-03-07 07:00:00,0.10531,0.10531,0.10531,0.0,0.26188608672431285,329.39601284297197,-0.0,0.0,0.0,329.39601284297197,329.39601284297197,0.0,1.0
1567,2019-03-07 07:00:00,3,2019-03-07 08:00:00,0.10531,0.10531,0.10531,0.0,0.26188608672431285,406.53498823784753,-0.0,48.64165671979322,0.0,357.8933315180543,357.8933315180543,0.0,0.0
1568,2019-03-07 08:00:00,3,2019-03-07 09:00:00,0.10531,0.10531,0.10531,0.0,0.0856482000583954,364.5448623819288,-0.0,6.651530863874484,0.0,357.8933315180543,357.8933315180543,0.0,0.0
1569,2019-03-07 09:00:00,3,2019-03-07 10:00:00,0.06431,0.06431,0.06431,0.0,0.061548450551603795,337.014342157374,-20.878989360680293,0.0,0.0,357.8933315180543,357.8933315180543,0.0,1.0
1570,2019-03-07 10:00:00,3,2019-03-07 11:00:00,0.06431,0.06431,0.06431,0.0,0.12557735125769004,287.67125038875764,-70.22208112929667,0.0,0.0,357.8933315180543,357.8933315180543,0.0,1.0
1571,2019-03-07 11:00:00,3,2019-03-07 12:00:00,0.06431,0.06431,0.06431,0.0,0.34092506672086653,289.35835843230944,-68.53497308574487,0.0,0.0,357.8933315180543,357.8933315180543,0.0,1.0
1572,2019-03-07 12:00:00,3,2019-03-07 13:00:00,0.06431,0.06431,0.06431,0.0,0.5510989841838174,289.09846862886593,-68.79486288918838,0.0,0.0,357.8933315180543,357.8933315180543,0.0,1.0
1573,2019-03-07 13:00:00,3,2019-03-07 14:00:00,0.06431,0.06431,0.06431,0.0,0.7620698970439952,280.30742838022667,-77.58590313782764,0.0,0.0,357.8933315180543,357.8933315180543,0.0,1.0
1574,2019-03-07 14:00:00,3,2019-03-07 15:00:00,0.10531,0.10531,0.10531,0.0,1.0,280.9736716854018,-0.0,0.0,0.0,280.9736716854018,280.9736716854018,0.0,1.0
1575,2019-03-07 15:00:00,3,2019-03-07 16:00:00,0.10531,0.10531,0.10531,0.0,1.0,280.27790072789776,-0.0,0.0,0.0,280.27790072789776,280.27790072789776,0.0,1.0
1576,2019-03-07 16:00:00,3,2019-03-07 17:00:00,0.13592,0.13592,0.13592,0.0,1.0,310.0999636679702,-0.0,0.0,0.0,310.0999636679702,310.0999636679702,0.0,1.0
1577,2019-03-07 17:00:00,3,2019-03-07 18:00:00,0.13592,0.13592,0.13592,0.0,1.0,351.94876017222896,-0.0,0.0,0.0,351.94876017222896,351.94876017222896,0.0,1.0
1578,2019-03-07 18:00:00,3,2019-03-07 19:00:00,0.13592,0.13592,0.13592,0.0,1.0,418.1509342094004,-0.0,66.52000023485246,0.0,351.63093397454793,351.63093397454793,0.0,0.0
1579,2019-03-07 19:00:00,3,2019-03-07 20:00:00,0.13592,0.13592,0.13592,0.0,0.758985506395462,414.9342694237877,-0.0,57.040937905733415,0.0,357.8933315180543,357.8933315180543,0.0,0.0
1580,2019-03-07 20:00:00,3,2019-03-07 21:00:00,0.13592,0.13592,0.13592,0.0,0.5523154415196164,447.2600209896043,-0.0,89.36668947154999,0.0,357.8933315180543,357.8933315180543,0.0,0.0
1581,2019-03-07 21:00:00,3,2019-03-07 22:00:00,0.10531,0.10531,0.10531,0.0,0.22852308836182664,407.16570390591846,-0.0,49.27237238786415,0.0,357.8933315180543,357.8933315180543,0.0,0.0
1582,2019-03-07 22:00:00,3,2019-03-07 23:00:00,0.10531,0.10531,0.10531,0.0,0.05,332.1786802401249,-0.0,0.0,0.0,332.1786802401249,332.1786802401249,0.0,1.0
1583,2019-03-07 23:00:00,3,2019-03-08 00:00:00,0.10531,0.10531,0.10531,0.0,0.05,237.68978478657482,-0.0,0.0,0.0,237.68978478657482,237.68978478657482,0.0,1.0
1584,2019-03-08 00:00:00,3,2019-03-08 01:00:00,0.10531,0.10531,0.10531,0.0,0.05,181.6878684089945,-50.256610286359596,0.0,0.0,231.9444786953541,231.9444786953541,0.0,1.0
1585,2019-03-08 01:00:00,3,2019-03-08 02:00:00,0.10531,0.10531,0.10531,0.0,0.2041202715448361,168.02192346812572,-0.0,0.0,0.0,168.02192346812572,168.02192346812572,0.0,0.0
1586,2019-03-08 02:00:00,3,2019-03-08 03:00:00,0.10531,0.10531,0.10531,0.0,0.2041202715448361,156.02045794270504,-0.0,0.0,0.0,156.02045794270504,156.02045794270504,0.0,1.0
1587,2019-03-08 03:00:00,3,2019-03-08 04:00:00,0.10531,0.10531,0.10531,0.0,0.2041202715448361,154.9866255859846,-0.0,0.0,0.0,154.9866255859846,154.9866255859846,0.0,0.0
1588,2019-03-08 04:00:00,3,2019-03-08 05:00:00,0.10531,0.10531,0.10531,0.0,0.2041202715448361,159.23290890482087,-0.0,0.0,0.0,159.23290890482087,159.23290890482087,0.0,1.0
1589,2019-03-08 05:00:00,3,2019-03-08 06:00:00,0.10531,0.10531,0.10531,0.0,0.2041202715448361,197.9751679820989,-0.0,0.0,0.0,197.9751679820989,197.9751679820989,0.0,0.0
1590,2019-03-08 06:00:00,3,2019-03-08 07:00:00,0.10531,0.10531,0.10531,0.0,0.2041202715448361,319.6992863485318,-0.0,0.0,0.0,319.6992863485318,319.6992863485318,0.0,0.0
1591,2019-03-08 07:00:00,3,2019-03-08 08:00:00,0.10531,0.10531,0.10531,0.0,0.2041202715448361,405.7515266713383,-0.0,42.53719494637477,0.0,363.21433172496353,363.21433172496353,0.0,0.0
1592,2019-03-08 08:00:00,3,2019-03-08 09:00:00,0.10531,0.10531,0.10531,0.0,0.05,361.67778974143295,-0.0,0.0,0.0,361.67778974143295,361.67778974143295,0.0,0.0
1593,2019-03-08 09:00:00,3,2019-03-08 10:00:00,0.06431,0.06431,0.06431,0.0,0.05,335.9675546738118,-0.0,0.0,0.0,335.9675546738118,335.9675546738118,0.0,0.0
1594,2019-03-08 10:00:00,3,2019-03-08 11:00:00,0.06431,0.06431,0.06431,0.0,0.05,286.5428415856071,-76.67149013935642,0.0,0.0,363.21433172496353,363.21433172496353,0.0,1.0
1595,2019-03-08 11:00:00,3,2019-03-08 12:00:00,0.06431,0.06431,0.06431,0.0,0.28512590309402636,287.481488459164,-70.06092518857157,0.0,0.0,357.54241364773554,357.54241364773554,0.0,1.0
1596,2019-03-08 12:00:00,3,2019-03-08 13:00:00,0.06431,0.06431,0.06431,0.0,0.49997940700564586,286.63561707335685,-76.57871465160667,0.0,0.0,363.21433172496353,363.21433172496353,0.0,1.0
1597,2019-03-08 13:00:00,3,2019-03-08 14:00:00,0.06431,0.06431,0.06431,0.0,0.7348207986039063,276.742853008846,-86.47147871611753,0.0,0.0,363.21433172496353,363.21433172496353,0.0,1.0
1598,2019-03-08 14:00:00,3,2019-03-08 15:00:00,0.10531,0.10531,0.10531,0.0,1.0,277.26931111934016,-0.0,2.6147972675971688e-14,0.0,277.26931111934016,277.26931111934016,0.0,1.0
1599,2019-03-08 15:00:00,3,2019-03-08 16:00:00,0.10531,0.10531,0.10531,0.0,1.0,277.85954366969906,-0.0,0.0,0.0,277.85954366969906,277.85954366969906,0.0,0.0
1600,2019-03-08 16:00:00,3,2019-03-08 17:00:00,0.13592,0.13592,0.13592,0.0,1.0,308.84467165024245,-0.0,0.0,0.0,308.84467165024245,308.84467165024245,0.0,0.0
1601,2019-03-08 17:00:00,3,2019-03-08 18:00:00,0.13592,0.13592,0.13592,0.0,1.0,350.73143813499655,-0.0,0.0,0.0,350.73143813499655,350.73143813499655,0.0,0.0
1602,2019-03-08 18:00:00,3,2019-03-08 19:00:00,0.13592,0.13592,0.13592,0.0,1.0,416.7613693192197,-0.0,53.54703759425615,0.0,363.21433172496353,363.21433172496353,0.0,0.0
1603,2019-03-08 19:00:00,3,2019-03-08 20:00:00,0.13592,0.13592,0.13592,0.0,0.8059889942237096,423.9993952962064,-0.0,60.78506357124286,0.0,363.21433172496353,363.21433172496353,0.0,0.0
1604,2019-03-08 20:00:00,3,2019-03-08 21:00:00,0.13592,0.13592,0.13592,0.0,0.5857532566467427,449.72952481417957,-0.0,86.51519308921604,0.0,363.21433172496353,363.21433172496353,0.0,0.0
1605,2019-03-08 21:00:00,3,2019-03-08 22:00:00,0.10531,0.10531,0.10531,0.0,0.27229241212059757,424.56703747024847,-0.0,61.352705745284936,0.0,363.21433172496353,363.21433172496353,0.0,0.0
1606,2019-03-08 22:00:00,3,2019-03-08 23:00:00,0.10531,0.10531,0.10531,0.0,0.05,356.17561032135796,-7.038721403605555,0.0,0.0,363.21433172496353,363.21433172496353,0.0,1.0
1607,2019-03-08 23:00:00,3,2019-03-09 00:00:00,0.10531,0.10531,0.10531,0.0,0.07158541230439038,255.39416626228058,-41.227720061456594,0.0,0.0,296.62188632373716,296.62188632373716,0.0,1.0
1608,2019-03-09 00:00:00,3,2019-03-09 01:00:00,0.10531,0.10531,0.10531,0.0,0.19801708715952393,174.23595949734127,-0.0,0.0,0.0,174.23595949734127,174.23595949734127,0.0,1.0
1609,2019-03-09 01:00:00,3,2019-03-09 02:00:00,0.10531,0.10531,0.10531,0.0,0.19801708715952393,171.32493255342965,-0.0,0.0,0.0,171.32493255342965,171.32493255342965,0.0,0.0
1610,2019-03-09 02:00:00,3,2019-03-09 03:00:00,0.10531,0.10531,0.10531,0.0,0.19801708715952393,163.10614888031455,-0.0,0.0,0.0,163.10614888031455,163.10614888031455,0.0,0.0
1611,2019-03-09 03:00:00,3,2019-03-09 04:00:00,0.10531,0.10531,0.10531,0.0,0.19801708715952393,179.27825008776335,-0.0,0.0,0.0,179.27825008776335,179.27825008776335,0.0,1.0
1612,2019-03-09 04:00:00,3,2019-03-09 05:00:00,0.10531,0.10531,0.10531,0.0,0.19801708715952393,167.939498996957,-0.0,0.0,0.0,167.939498996957,167.939498996957,0.0,1.0
1613,2019-03-09 05:00:00,3,2019-03-09 06:00:00,0.10531,0.10531,0.10531,0.0,0.19801708715952393,206.86371721212473,-0.0,0.0,0.0,206.86371721212473,206.86371721212473,0.0,1.0
1614,2019-03-09 06:00:00,3,2019-03-09 07:00:00,0.10531,0.10531,0.10531,0.0,0.19801708715952393,336.3822352927728,-0.0,0.0,0.0,336.3822352927728,336.3822352927728,0.0,1.0
1615,2019-03-09 07:00:00,3,2019-03-09 08:00:00,0.10531,0.10531,0.10531,0.0,0.19801708715952393,402.91316290709545,-0.0,39.698831182131926,0.0,363.21433172496353,363.21433172496353,0.0,0.0
1616,2019-03-09 08:00:00,3,2019-03-09 09:00:00,0.10531,0.10531,0.10531,0.0,0.05418074229672712,364.3682165988602,-0.0,1.1538848738966847,0.0,363.21433172496353,363.21433172496353,0.0,0.0
1617,2019-03-09 09:00:00,3,2019-03-09 10:00:00,0.06431,0.06431,0.06431,0.0,0.05,336.8335798655963,-26.38075185936725,0.0,0.0,363.21433172496353,363.21433172496353,0.0,1.0
1618,2019-03-09 10:00:00,3,2019-03-09 11:00:00,0.06431,0.06431,0.06431,0.0,0.13090097236872622,287.13388789862955,-76.08044382633398,0.0,0.0,363.21433172496353,363.21433172496353,0.0,1.0
1619,2019-03-09 11:00:00,3,2019-03-09 12:00:00,0.06431,0.06431,0.06431,0.0,0.36421433343615045,288.57605791961345,-50.60241496213619,0.0,0.0,339.17847288174966,339.17847288174966,0.0,1.0
1620,2019-03-09 12:00:00,3,2019-03-09 13:00:00,0.06431,0.06431,0.06431,0.0,0.5193950726533682,289.8372309243978,-73.37710080056576,0.0,0.0,363.21433172496353,363.21433172496353,0.0,1.0
1621,2019-03-09 13:00:00,3,2019-03-09 14:00:00,0.06431,0.06431,0.06431,0.0,0.7444181817751032,279.87243447771453,-83.341897247249,0.0,0.0,363.21433172496353,363.21433172496353,0.0,1.0
1622,2019-03-09 14:00:00,3,2019-03-09 15:00:00,0.10531,0.10531,0.10531,0.0,1.0,278.78007758634374,-0.0,0.0,0.0,278.78007758634374,278.78007758634374,0.0,1.0
1623,2019-03-09 15:00:00,3,2019-03-09 16:00:00,0.10531,0.10531,0.10531,0.0,1.0,278.7312342915221,-0.0,0.0,0.0,278.7312342915221,278.7312342915221,0.0,1.0
1624,2019-03-09 16:00:00,3,2019-03-09 17:00:00,0.13592,0.13592,0.13592,0.0,1.0,307.836783422764,-0.0,0.0,0.0,307.836783422764,307.836783422764,0.0,0.0
1625,2019-03-09 17:00:00,3,2019-03-09 18:00:00,0.13592,0.13592,0.13592,0.0,1.0,349.51669740431447,-0.0,0.0,0.0,349.51669740431447,349.51669740431447,0.0,0.0
1626,2019-03-09 18:00:00,3,2019-03-09 19:00:00,0.13592,0.13592,0.13592,0.0,1.0,416.0278681252811,-0.0,54.15943045918309,0.0,361.868437666098,361.868437666098,0.0,0.0
1627,2019-03-09 19:00:00,3,2019-03-09 20:00:00,0.13592,0.13592,0.13592,0.0,0.8037701794957134,423.6402543033313,-0.0,60.42592257836776,0.0,363.21433172496353,363.21433172496353,0.0,0.0
1628,2019-03-09 20:00:00,3,2019-03-09 21:00:00,0.13592,0.13592,0.13592,0.0,0.5848356774001782,449.8927222350947,-0.0,86.67839051013118,0.0,363.21433172496353,363.21433172496353,0.0,0.0
1629,2019-03-09 21:00:00,3,2019-03-09 22:00:00,0.10531,0.10531,0.10531,0.0,0.27078353787071735,424.1505881772815,-0.0,60.93625645231799,0.0,363.21433172496353,363.21433172496353,0.0,0.0
1630,2019-03-09 22:00:00,3,2019-03-09 23:00:00,0.10531,0.10531,0.10531,0.0,0.05,356.45596134812456,-6.758370376838968,0.0,0.0,363.21433172496353,363.21433172496353,0.0,1.0
1631,2019-03-09 23:00:00,3,2019-03-10 00:00:00,0.10531,0.10531,0.10531,0.0,0.0707256691556395,267.16790066008235,-0.0,0.0,0.0,267.16790066008235,267.16790066008235,0.0,1.0
1632,2019-03-10 00:00:00,3,2019-03-10 01:00:00,0.10531,0.10531,0.10531,0.0,0.0707256691556395,176.5506090412258,-45.998248488684396,0.0,0.0,222.5488575299102,222.5488575299102,0.0,1.0
1633,2019-03-10 01:00:00,3,2019-03-10 02:00:00,0.10531,0.10531,0.10531,0.0,0.21178696452093831,173.01633160482208,-0.0,0.0,0.0,173.01633160482208,173.01633160482208,0.0,1.0
1634,2019-03-10 02:00:00,3,2019-03-10 03:00:00,0.10531,0.10531,0.10531,0.0,0.21178696452093831,163.32519802599109,-0.0,0.0,0.0,163.32519802599109,163.32519802599109,0.0,1.0
1635,2019-03-10 03:00:00,3,2019-03-10 04:00:00,0.10531,0.10531,0.10531,0.0,0.21178696452093831,162.12328619332922,-0.0,0.0,0.0,162.12328619332922,162.12328619332922,0.0,1.0
1636,2019-03-10 04:00:00,3,2019-03-10 05:00:00,0.10531,0.10531,0.10531,0.0,0.21178696452093831,167.65100221375306,-0.0,0.0,0.0,167.65100221375306,167.65100221375306,0.0,1.0
1637,2019-03-10 05:00:00,3,2019-03-10 06:00:00,0.10531,0.10531,0.10531,0.0,0.21178696452093831,207.35186419969435,-0.0,0.0,0.0,207.35186419969435,207.35186419969435,0.0,0.0
1638,2019-03-10 06:00:00,3,2019-03-10 07:00:00,0.10531,0.10531,0.10531,0.0,0.21178696452093831,332.39771652174414,-0.0,0.0,0.0,332.39771652174414,332.39771652174414,0.0,1.0
1639,2019-03-10 07:00:00,3,2019-03-10 08:00:00,0.10531,0.10531,0.10531,0.0,0.21178696452093831,407.6909226481364,-0.0,44.476590923172864,0.0,363.21433172496353,363.21433172496353,0.0,0.0
1640,2019-03-10 08:00:00,3,2019-03-10 09:00:00,0.10531,0.10531,0.10531,0.0,0.05063989595871779,363.39094300956964,-0.0,0.17661128460611053,0.0,363.21433172496353,363.21433172496353,0.0,0.0
1641,2019-03-10 09:00:00,3,2019-03-10 10:00:00,0.06431,0.06431,0.06431,0.0,0.05,335.3768061508473,-27.837525574116228,0.0,0.0,363.21433172496353,363.21433172496353,0.0,1.0
1642,2019-03-10 10:00:00,3,2019-03-10 11:00:00,0.06431,0.06431,0.06431,0.0,0.13536841176062311,286.21258438114427,-77.00174734381926,0.0,0.0,363.21433172496353,363.21433172496353,0.0,1.0
1643,2019-03-10 11:00:00,3,2019-03-10 12:00:00,0.06431,0.06431,0.06431,0.0,0.37150710361500217,289.0367676942582,-74.17756403070535,0.0,0.0,363.21433172496353,363.21433172496353,0.0,1.0
1644,2019-03-10 12:00:00,3,2019-03-10 13:00:00,0.06431,0.06431,0.06431,0.0,0.5989849666424986,287.8929524120911,-75.32137931287241,0.0,0.0,363.21433172496353,363.21433172496353,0.0,1.0
1645,2019-03-10 13:00:00,3,2019-03-10 14:00:00,0.06431,0.06431,0.06431,0.0,0.8299705298686407,276.6264880508589,-55.444392434138926,0.0,0.0,332.0708804849978,332.0708804849978,0.0,1.0
1646,2019-03-10 14:00:00,3,2019-03-10 15:00:00,0.10531,0.10531,0.10531,0.0,1.0,276.26678634967465,-0.0,0.0,0.0,276.26678634967465,276.26678634967465,0.0,1.0
1647,2019-03-10 15:00:00,3,2019-03-10 16:00:00,0.10531,0.10531,0.10531,0.0,1.0,277.14816592913826,-0.0,0.0,0.0,277.14816592913826,277.14816592913826,0.0,1.0
1648,2019-03-10 16:00:00,3,2019-03-10 17:00:00,0.13592,0.13592,0.13592,0.0,1.0,308.3408491021559,-0.0,0.0,0.0,308.3408491021559,308.3408491021559,0.0,1.0
1649,2019-03-10 17:00:00,3,2019-03-10 18:00:00,0.13592,0.13592,0.13592,0.0,1.0,350.2309509414106,-0.0,0.0,0.0,350.2309509414106,350.2309509414106,0.0,1.0
1650,2019-03-10 18:00:00,3,2019-03-10 19:00:00,0.13592,0.13592,0.13592,0.0,1.0,416.46208877715515,-0.0,53.247757052191616,0.0,363.21433172496353,363.21433172496353,0.0,0.0
1651,2019-03-10 19:00:00,3,2019-03-10 20:00:00,0.13592,0.13592,0.13592,0.0,0.8070733440137985,423.54298518015906,-0.0,60.328653455195536,0.0,363.21433172496353,363.21433172496353,0.0,0.0
1652,2019-03-10 20:00:00,3,2019-03-10 21:00:00,0.13592,0.13592,0.13592,0.0,0.5884912662775829,449.1587173587272,-0.0,87.88319962508528,0.0,361.2755177336419,361.2755177336419,0.0,0.0
1653,2019-03-10 21:00:00,3,2019-03-10 22:00:00,0.10531,0.10531,0.10531,0.0,0.2700738763316217,423.9547215924911,-0.0,60.7403898675276,0.0,363.21433172496353,363.21433172496353,0.0,0.0
1654,2019-03-10 22:00:00,3,2019-03-10 23:00:00,0.10531,0.10531,0.10531,0.0,0.05,356.77283442666186,-0.0,0.0,0.0,356.77283442666186,356.77283442666186,0.0,1.0
1655,2019-03-10 23:00:00,3,2019-03-11 00:00:00,0.10531,0.10531,0.10531,0.0,0.05,273.3389339763966,-0.0,0.0,0.0,273.3389339763966,273.3389339763966,0.0,1.0
1656,2019-03-11 00:00:00,3,2019-03-11 01:00:00,0.10531,0.10531,0.10531,0.0,0.05,188.2231944960453,-57.76337726429327,0.0,0.0,245.98657176033856,245.98657176033856,0.0,1.0
1657,2019-03-11 01:00:00,3,2019-03-11 02:00:00,0.10531,0.10531,0.10531,0.0,0.22714102361049934,193.00594353306258,-0.0,0.0,0.0,193.00594353306258,193.00594353306258,0.0,0.0
1658,2019-03-11 02:00:00,3,2019-03-11 03:00:00,0.10531,0.10531,0.10531,0.0,0.22714102361049934,162.2222428969266,-0.0,0.0,0.0,162.2222428969266,162.2222428969266,0.0,1.0
1659,2019-03-11 03:00:00,3,2019-03-11 04:00:00,0.10531,0.10531,0.10531,0.0,0.22714102361049934,158.56649861284987,-0.0,0.0,0.0,158.56649861284987,158.56649861284987,0.0,0.0
1660,2019-03-11 04:00:00,3,2019-03-11 05:00:00,0.10531,0.10531,0.10531,0.0,0.22714102361049934,169.60668432472227,-0.0,0.0,0.0,169.60668432472227,169.60668432472227,0.0,1.0
1661,2019-03-11 05:00:00,3,2019-03-11 06:00:00,0.10531,0.10531,0.10531,0.0,0.22714102361049934,184.25149216474324,-0.0,0.0,0.0,184.25149216474324,184.25149216474324,0.0,0.0
1662,2019-03-11 06:00:00,3,2019-03-11 07:00:00,0.10531,0.10531,0.10531,0.0,0.22714102361049934,269.1473246745563,-0.0,0.0,0.0,269.1473246745563,269.1473246745563,0.0,1.0
1663,2019-03-11 07:00:00,3,2019-03-11 08:00:00,0.10531,0.10531,0.10531,0.0,0.22714102361049934,359.6080691667092,-0.0,0.0,0.0,359.6080691667092,359.6080691667092,0.0,0.0
1664,2019-03-11 08:00:00,3,2019-03-11 09:00:00,0.10531,0.10531,0.10531,0.0,0.22714102361049934,401.41280379970806,-0.0,38.19847207474453,0.0,363.21433172496353,363.21433172496353,0.0,0.0
1665,2019-03-11 09:00:00,3,2019-03-11 10:00:00,0.06431,0.06431,0.06431,0.0,0.08874076247012065,353.82824377499594,-9.386087949967589,0.0,0.0,363.21433172496353,363.21433172496353,0.0,1.0
1666,2019-03-11 10:00:00,3,2019-03-11 11:00:00,0.06431,0.06431,0.06431,0.0,0.11752476551668792,299.0126101258681,-64.20172159909544,0.0,0.0,363.21433172496353,363.21433172496353,0.0,1.0
1667,2019-03-11 11:00:00,3,2019-03-11 12:00:00,0.06431,0.06431,0.06431,0.0,0.3144100450872473,291.01305947682437,-72.20127224813916,0.0,0.0,363.21433172496353,363.21433172496353,0.0,1.0
1668,2019-03-11 12:00:00,3,2019-03-11 13:00:00,0.06431,0.06431,0.06431,0.0,0.5358272799815407,292.07472918548297,-71.13960253948056,0.0,0.0,363.21433172496353,363.21433172496353,0.0,1.0
1669,2019-03-11 13:00:00,3,2019-03-11 14:00:00,0.06431,0.06431,0.06431,0.0,0.753988727769281,282.9932646932074,-80.22106703175615,0.0,0.0,363.21433172496353,363.21433172496353,0.0,1.0
1670,2019-03-11 14:00:00,3,2019-03-11 15:00:00,0.10531,0.10531,0.10531,0.0,1.0,283.25365953958146,-0.0,0.0,0.0,283.25365953958146,283.25365953958146,0.0,1.0
1671,2019-03-11 15:00:00,3,2019-03-11 16:00:00,0.10531,0.10531,0.10531,0.0,1.0,282.56256879614295,-0.0,0.0,0.0,282.56256879614295,282.56256879614295,0.0,1.0
1672,2019-03-11 16:00:00,3,2019-03-11 17:00:00,0.13592,0.13592,0.13592,0.0,1.0,313.0809180239524,-0.0,0.0,0.0,313.0809180239524,313.0809180239524,0.0,1.0
1673,2019-03-11 17:00:00,3,2019-03-11 18:00:00,0.13592,0.13592,0.13592,0.0,1.0,347.79100334281327,-0.0,0.0,0.0,347.79100334281327,347.79100334281327,0.0,1.0
1674,2019-03-11 18:00:00,3,2019-03-11 19:00:00,0.13592,0.13592,0.13592,0.0,1.0,427.57172930161886,-0.0,64.35739757665533,0.0,363.21433172496353,363.21433172496353,0.0,0.0
1675,2019-03-11 19:00:00,3,2019-03-11 20:00:00,0.13592,0.13592,0.13592,0.0,0.766821023272988,420.81806917286985,-0.0,57.603737447906326,0.0,363.21433172496353,363.21433172496353,0.0,0.0
1676,2019-03-11 20:00:00,3,2019-03-11 21:00:00,0.13592,0.13592,0.13592,0.0,0.5581118296211535,431.3076189269782,-0.0,79.68582522729945,0.0,351.62179369967873,351.62179369967873,0.0,0.0
1677,2019-03-11 21:00:00,3,2019-03-11 22:00:00,0.10531,0.10531,0.10531,0.0,0.269395071551228,420.6979689818463,-0.0,57.48363725688279,0.0,363.21433172496353,363.21433172496353,0.0,0.0
1678,2019-03-11 22:00:00,3,2019-03-11 23:00:00,0.10531,0.10531,0.10531,0.0,0.061121023519044,366.28373421621967,-0.0,3.0694024912561417,0.0,363.21433172496353,363.21433172496353,0.0,0.0
1679,2019-03-11 23:00:00,3,2019-03-12 00:00:00,0.10531,0.10531,0.10531,0.0,0.05,291.75381119840046,-0.0,0.0,0.0,291.75381119840046,291.75381119840046,0.0,1.0
1680,2019-03-12 00:00:00,3,2019-03-12 01:00:00,0.10531,0.10531,0.10531,0.0,0.05,221.26520079629955,-50.522922225568976,0.0,0.0,271.7881230218685,271.7881230218685,0.0,1.0
1681,2019-03-12 01:00:00,3,2019-03-12 02:00:00,0.10531,0.10531,0.10531,0.0,0.20493696149174487,161.53043648496904,-0.0,0.0,0.0,161.53043648496904,161.53043648496904,0.0,0.0
1682,2019-03-12 02:00:00,3,2019-03-12 03:00:00,0.10531,0.10531,0.10531,0.0,0.20493696149174487,172.79480917912866,-0.0,0.0,0.0,172.79480917912866,172.79480917912866,0.0,1.0
1683,2019-03-12 03:00:00,3,2019-03-12 04:00:00,0.10531,0.10531,0.10531,0.0,0.20493696149174487,185.5105908786873,-0.0,0.0,0.0,185.5105908786873,185.5105908786873,0.0,0.0
1684,2019-03-12 04:00:00,3,2019-03-12 05:00:00,0.10531,0.10531,0.10531,0.0,0.20493696149174487,224.43962430580342,-0.0,0.0,0.0,224.43962430580342,224.43962430580342,0.0,1.0
1685,2019-03-12 05:00:00,3,2019-03-12 06:00:00,0.10531,0.10531,0.10531,0.0,0.20493696149174487,296.939102692724,-0.0,0.0,0.0,296.939102692724,296.939102692724,0.0,1.0
1686,2019-03-12 06:00:00,3,2019-03-12 07:00:00,0.10531,0.10531,0.10531,0.0,0.20493696149174487,367.2911143860784,-0.0,4.076782661114862,0.0,363.21433172496353,363.21433172496353,0.0,0.0
1687,2019-03-12 07:00:00,3,2019-03-12 08:00:00,0.10531,0.10531,0.10531,0.0,0.19016600982103887,401.90015043557025,-0.0,38.685818710606725,0.0,363.21433172496353,363.21433172496353,0.0,0.0
1688,2019-03-12 08:00:00,3,2019-03-12 09:00:00,0.10531,0.10531,0.10531,0.0,0.05,345.37450561203485,-0.0,0.0,0.0,345.37450561203485,345.37450561203485,0.0,1.0
1689,2019-03-12 09:00:00,3,2019-03-12 10:00:00,0.06431,0.06431,0.06431,0.0,0.05,300.26660038941554,-62.947731335547985,0.0,0.0,363.21433172496353,363.21433172496353,0.0,1.0
1690,2019-03-12 10:00:00,3,2019-03-12 11:00:00,0.06431,0.06431,0.06431,0.0,0.24303970942901382,296.61376159007614,-6.234911902440503,0.0,0.0,302.84867349251664,302.84867349251664,0.0,1.0
1691,2019-03-12 11:00:00,3,2019-03-12 12:00:00,0.06431,0.06431,0.06431,0.0,0.2621601059298314,296.08167848062374,-67.13265324433979,0.0,0.0,363.21433172496353,363.21433172496353,0.0,1.0
1692,2019-03-12 12:00:00,3,2019-03-12 13:00:00,0.06431,0.06431,0.06431,0.0,0.4680335758791401,276.914544449728,-86.29978727523553,0.0,0.0,363.21433172496353,363.21433172496353,0.0,1.0
1693,2019-03-12 13:00:00,3,2019-03-12 14:00:00,0.06431,0.06431,0.06431,0.0,0.732686256856529,276.04680678687515,-87.16752493808838,0.0,0.0,363.21433172496353,363.21433172496353,0.0,1.0
1694,2019-03-12 14:00:00,3,2019-03-12 15:00:00,0.10531,0.10531,0.10531,0.0,1.0,276.1104297772677,-0.0,0.0,0.0,276.1104297772677,276.1104297772677,0.0,1.0
1695,2019-03-12 15:00:00,3,2019-03-12 16:00:00,0.10531,0.10531,0.10531,0.0,1.0,307.52068885630155,-0.0,0.0,0.0,307.52068885630155,307.52068885630155,0.0,1.0
1696,2019-03-12 16:00:00,3,2019-03-12 17:00:00,0.13592,0.13592,0.13592,0.0,1.0,336.39515765445805,-0.0,0.0,0.0,336.39515765445805,336.39515765445805,0.0,1.0
1697,2019-03-12 17:00:00,3,2019-03-12 18:00:00,0.13592,0.13592,0.13592,0.0,1.0,405.33365939625037,-0.0,42.11932767128684,0.0,363.21433172496353,363.21433172496353,0.0,0.0
1698,2019-03-12 18:00:00,3,2019-03-12 19:00:00,0.13592,0.13592,0.13592,0.0,0.8473937403214244,420.18655591975636,-0.0,97.58168757799493,0.0,322.6048683417614,322.6048683417614,0.0,0.0
1699,2019-03-12 19:00:00,3,2019-03-12 20:00:00,0.13592,0.13592,0.13592,0.0,0.4938369012707183,440.17657350373554,-0.0,76.96224177877201,0.0,363.21433172496353,363.21433172496353,0.0,0.0
1700,2019-03-12 20:00:00,3,2019-03-12 21:00:00,0.13592,0.13592,0.13592,0.0,0.21498819917371823,408.75107469690977,-0.0,45.53674297194624,0.0,363.21433172496353,363.21433172496353,0.0,0.0
1701,2019-03-12 21:00:00,3,2019-03-12 22:00:00,0.10531,0.10531,0.10531,0.0,0.05,354.3591549341684,-0.0,0.0,0.0,354.3591549341684,354.3591549341684,0.0,1.0
1702,2019-03-12 22:00:00,3,2019-03-12 23:00:00,0.10531,0.10531,0.10531,0.0,0.05,270.6390441447088,-0.0,0.0,0.0,270.6390441447088,270.6390441447088,0.0,1.0
1703,2019-03-12 23:00:00,3,2019-03-13 00:00:00,0.10531,0.10531,0.10531,0.0,0.05,222.35430308740354,-52.298635623249744,0.0,0.0,274.6529387106533,274.6529387106533,0.0,1.0
1704,2019-03-13 00:00:00,3,2019-03-13 01:00:00,0.10531,0.10531,0.10531,0.0,0.21038248257796588,187.33476493374425,-0.0,0.0,0.0,187.33476493374425,187.33476493374425,0.0,1.0
1705,2019-03-13 01:00:00,3,2019-03-13 02:00:00,0.10531,0.10531,0.10531,0.0,0.21038248257796588,172.92538110505606,-0.0,0.0,0.0,172.92538110505606,172.92538110505606,0.0,1.0
1706,2019-03-13 02:00:00,3,2019-03-13 03:00:00,0.10531,0.10531,0.10531,0.0,0.21038248257796588,171.26915222128048,-0.0,0.0,0.0,171.26915222128048,171.26915222128048,0.0,0.0
1707,2019-03-13 03:00:00,3,2019-03-13 04:00:00,0.10531,0.10531,0.10531,0.0,0.21038248257796588,175.90871304102004,-0.0,0.0,0.0,175.90871304102004,175.90871304102004,0.0,0.0
1708,2019-03-13 04:00:00,3,2019-03-13 05:00:00,0.10531,0.10531,0.10531,0.0,0.21038248257796588,213.51769813407827,-0.0,0.0,0.0,213.51769813407827,213.51769813407827,0.0,1.0
1709,2019-03-13 05:00:00,3,2019-03-13 06:00:00,0.10531,0.10531,0.10531,0.0,0.21038248257796588,352.39879362198616,-0.0,0.0,0.0,352.39879362198616,352.39879362198616,0.0,1.0
1710,2019-03-13 06:00:00,3,2019-03-13 07:00:00,0.10531,0.10531,0.10531,0.0,0.21038248257796588,407.4798969164821,-0.0,44.26556519151859,0.0,363.21433172496353,363.21433172496353,0.0,0.0
1711,2019-03-13 07:00:00,3,2019-03-13 08:00:00,0.10531,0.10531,0.10531,0.0,0.05,362.1471880255225,-0.0,0.0,0.0,362.1471880255225,362.1471880255225,0.0,0.0
1712,2019-03-13 08:00:00,3,2019-03-13 09:00:00,0.10531,0.10531,0.10531,0.0,0.05,336.2972275536898,-0.0,0.0,0.0,336.2972275536898,336.2972275536898,0.0,0.0
1713,2019-03-13 09:00:00,3,2019-03-13 10:00:00,0.06431,0.06431,0.06431,0.0,0.05,287.8340554870582,-75.38027623790532,0.0,0.0,363.21433172496353,363.21433172496353,0.0,1.0
1714,2019-03-13 10:00:00,3,2019-03-13 11:00:00,0.06431,0.06431,0.06431,0.0,0.28116618046290964,289.45509133205223,-73.7592403929113,0.0,0.0,363.21433172496353,363.21433172496353,0.0,1.0
1715,2019-03-13 11:00:00,3,2019-03-13 12:00:00,0.06431,0.06431,0.06431,0.0,0.5073611843345043,288.61446282064395,-0.0,0.0,0.0,288.61446282064395,288.61446282064395,0.0,0.0
1716,2019-03-13 12:00:00,3,2019-03-13 13:00:00,0.06431,0.06431,0.06431,0.0,0.5073611843345043,278.1925716380979,-85.02176008686564,0.0,0.0,363.21433172496353,363.21433172496353,0.0,1.0
1717,2019-03-13 13:00:00,3,2019-03-13 14:00:00,0.06431,0.06431,0.06431,0.0,0.7680945819342255,277.9769150772408,-75.62133197796992,0.0,0.0,353.5982470552107,353.5982470552107,0.0,1.0
1718,2019-03-13 14:00:00,3,2019-03-13 15:00:00,0.10531,0.10531,0.10531,0.0,1.0,278.0290013182985,-0.0,0.0,0.0,278.0290013182985,278.0290013182985,0.0,1.0
1719,2019-03-13 15:00:00,3,2019-03-13 16:00:00,0.10531,0.10531,0.10531,0.0,1.0,308.77209291092646,-0.0,0.0,0.0,308.77209291092646,308.77209291092646,0.0,1.0
1720,2019-03-13 16:00:00,3,2019-03-13 17:00:00,0.13592,0.13592,0.13592,0.0,1.0,345.07058115047886,-0.0,0.0,0.0,345.07058115047886,345.07058115047886,0.0,1.0
1721,2019-03-13 17:00:00,3,2019-03-13 18:00:00,0.13592,0.13592,0.13592,0.0,1.0,404.81855769441563,-0.0,41.6042259694521,0.0,363.21433172496353,363.21433172496353,0.0,0.0
1722,2019-03-13 18:00:00,3,2019-03-13 19:00:00,0.13592,0.13592,0.13592,0.0,0.8492600508353185,423.9620049392486,-0.0,73.94792523947996,0.0,350.0140796997686,350.0140796997686,0.0,0.0
1723,2019-03-13 19:00:00,3,2019-03-13 20:00:00,0.13592,0.13592,0.13592,0.0,0.5813327854748839,449.3950294870991,-0.0,86.1806977621356,0.0,363.21433172496353,363.21433172496353,0.0,0.0
1724,2019-03-13 20:00:00,3,2019-03-13 21:00:00,0.13592,0.13592,0.13592,0.0,0.2690838805396101,423.6814827538959,-0.0,60.46715102893239,0.0,363.21433172496353,363.21433172496353,0.0,0.0
1725,2019-03-13 21:00:00,3,2019-03-13 22:00:00,0.10531,0.10531,0.10531,0.0,0.05,356.0158238847246,-0.0,0.0,0.0,356.0158238847246,356.0158238847246,0.0,1.0
1726,2019-03-13 22:00:00,3,2019-03-13 23:00:00,0.10531,0.10531,0.10531,0.0,0.05,287.9107413454423,-0.0,0.0,0.0,287.9107413454423,287.9107413454423,0.0,1.0
1727,2019-03-13 23:00:00,3,2019-03-14 00:00:00,0.10531,0.10531,0.10531,0.0,0.05,207.57149022714987,-0.0,0.0,0.0,207.57149022714987,207.57149022714987,0.0,1.0
1728,2019-03-14 00:00:00,3,2019-03-14 01:00:00,0.10531,0.10531,0.10531,0.0,0.05,197.4291795728686,-57.97467075934684,0.0,0.0,255.40385033221546,255.40385033221546,0.0,1.0
1729,2019-03-14 01:00:00,3,2019-03-14 02:00:00,0.10531,0.10531,0.10531,0.0,0.22778899032866368,177.23302304755458,-0.0,0.0,0.0,177.23302304755458,177.23302304755458,0.0,1.0
1730,2019-03-14 02:00:00,3,2019-03-14 03:00:00,0.10531,0.10531,0.10531,0.0,0.22778899032866368,183.1210106969204,-0.0,0.0,0.0,183.1210106969204,183.1210106969204,0.0,0.0
1731,2019-03-14 03:00:00,3,2019-03-14 04:00:00,0.10531,0.10531,0.10531,0.0,0.22778899032866368,192.40852488846832,-0.0,0.0,0.0,192.40852488846832,192.40852488846832,0.0,1.0
1732,2019-03-14 04:00:00,3,2019-03-14 05:00:00,0.10531,0.10531,0.10531,0.0,0.22778899032866368,228.4175065962272,-0.0,0.0,0.0,228.4175065962272,228.4175065962272,0.0,0.0
1733,2019-03-14 05:00:00,3,2019-03-14 06:00:00,0.10531,0.10531,0.10531,0.0,0.22778899032866368,358.1797548333712,-0.0,0.0,0.0,358.1797548333712,358.1797548333712,0.0,1.0
1734,2019-03-14 06:00:00,3,2019-03-14 07:00:00,0.10531,0.10531,0.10531,0.0,0.22778899032866368,408.79893369936366,-0.0,45.58460197440013,0.0,363.21433172496353,363.21433172496353,0.0,0.0
1735,2019-03-14 07:00:00,3,2019-03-14 08:00:00,0.10531,0.10531,0.10531,0.0,0.06262738897214147,366.6994910812746,-0.0,3.485159356311044,0.0,363.21433172496353,363.21433172496353,0.0,0.0
1736,2019-03-14 08:00:00,3,2019-03-14 09:00:00,0.10531,0.10531,0.10531,0.0,0.05,337.79728652360905,-0.0,0.0,0.0,337.79728652360905,337.79728652360905,0.0,1.0
1737,2019-03-14 09:00:00,3,2019-03-14 10:00:00,0.06431,0.06431,0.06431,0.0,0.05,288.22249830247046,-0.0,0.0,0.0,288.22249830247046,288.22249830247046,0.0,0.0
1738,2019-03-14 10:00:00,3,2019-03-14 11:00:00,0.06431,0.06431,0.06431,0.0,0.05,289.4316173788907,-63.57016739593038,0.0,0.0,353.0017847748211,353.0017847748211,0.0,1.0
1739,2019-03-14 11:00:00,3,2019-03-14 12:00:00,0.06431,0.06431,0.06431,0.0,0.24494851334751985,287.9947509567581,-75.21958076820545,0.0,0.0,363.21433172496353,363.21433172496353,0.0,1.0
1740,2019-03-14 12:00:00,3,2019-03-14 13:00:00,0.06431,0.06431,0.06431,0.0,0.47562189437001656,277.7333078671355,-85.481023857828,0.0,0.0,363.21433172496353,363.21433172496353,0.0,1.0
1741,2019-03-14 13:00:00,3,2019-03-14 14:00:00,0.06431,0.06431,0.06431,0.0,0.7377637008673558,277.7024950512752,-85.51183667368832,0.0,0.0,363.21433172496353,363.21433172496353,0.0,1.0
1742,2019-03-14 14:00:00,3,2019-03-14 15:00:00,0.10531,0.10531,0.10531,0.0,1.0,277.6214061205979,-0.0,0.0,0.0,277.6214061205979,277.6214061205979,0.0,1.0
1743,2019-03-14 15:00:00,3,2019-03-14 16:00:00,0.10531,0.10531,0.10531,0.0,1.0,308.1334115967111,-0.0,0.0,0.0,308.1334115967111,308.1334115967111,0.0,1.0
1744,2019-03-14 16:00:00,3,2019-03-14 17:00:00,0.13592,0.13592,0.13592,0.0,1.0,344.4899561756827,-0.0,0.0,0.0,344.4899561756827,344.4899561756827,0.0,1.0
1745,2019-03-14 17:00:00,3,2019-03-14 18:00:00,0.13592,0.13592,0.13592,0.0,1.0,404.5077714247383,-0.0,41.29343969977475,0.0,363.21433172496353,363.21433172496353,0.0,0.0
1746,2019-03-14 18:00:00,3,2019-03-14 19:00:00,0.13592,0.13592,0.13592,0.0,0.8503860880442944,423.1973679768556,-0.0,73.5888858203543,0.0,349.6084821565013,349.6084821565013,0.0,0.0
1747,2019-03-14 19:00:00,3,2019-03-14 20:00:00,0.13592,0.13592,0.13592,0.0,0.5837596901444599,449.73395884074023,-0.0,86.5196271157767,0.0,363.21433172496353,363.21433172496353,0.0,0.0
1748,2019-03-14 20:00:00,3,2019-03-14 21:00:00,0.13592,0.13592,0.13592,0.0,0.27028278030468933,424.0123790890578,-0.0,60.79804736409426,0.0,363.21433172496353,363.21433172496353,0.0,0.0
1749,2019-03-14 21:00:00,3,2019-03-14 22:00:00,0.10531,0.10531,0.10531,0.0,0.05,357.23945831881076,-0.0,0.0,0.0,357.23945831881076,357.23945831881076,0.0,1.0
1750,2019-03-14 22:00:00,3,2019-03-14 23:00:00,0.10531,0.10531,0.10531,0.0,0.05,288.78296992582756,-0.0,0.0,0.0,288.78296992582756,288.78296992582756,0.0,1.0
1751,2019-03-14 23:00:00,3,2019-03-15 00:00:00,0.10531,0.10531,0.10531,0.0,0.05,208.53719190472643,-0.0,0.0,0.0,208.53719190472643,208.53719190472643,0.0,1.0
1752,2019-03-15 00:00:00,3,2019-03-15 01:00:00,0.10531,0.10531,0.10531,0.0,0.05,197.15341039724353,-0.0,0.0,0.0,197.15341039724353,197.15341039724353,0.0,1.0
1753,2019-03-15 01:00:00,3,2019-03-15 02:00:00,0.10531,0.10531,0.10531,0.0,0.05,181.53291349891464,-0.0,0.0,0.0,181.53291349891464,181.53291349891464,0.0,1.0
1754,2019-03-15 02:00:00,3,2019-03-15 03:00:00,0.10531,0.10531,0.10531,0.0,0.05,175.52574292724506,-0.0,0.0,0.0,175.52574292724506,175.52574292724506,0.0,1.0
1755,2019-03-15 03:00:00,3,2019-03-15 04:00:00,0.10531,0.10531,0.10531,0.0,0.05,165.48586945020566,-50.596725497426746,0.0,0.0,216.0825949476324,216.0825949476324,0.0,1.0
1756,2019-03-15 04:00:00,3,2019-03-15 05:00:00,0.10531,0.10531,0.10531,0.0,0.20516329152544202,224.35049770229898,-0.0,0.0,0.0,224.35049770229898,224.35049770229898,0.0,1.0
1757,2019-03-15 05:00:00,3,2019-03-15 06:00:00,0.10531,0.10531,0.10531,0.0,0.20516329152544202,348.53686428376517,-0.0,0.0,0.0,348.53686428376517,348.53686428376517,0.0,1.0
1758,2019-03-15 06:00:00,3,2019-03-15 07:00:00,0.10531,0.10531,0.10531,0.0,0.20516329152544202,406.0394001859855,-0.0,42.825068461022,0.0,363.21433172496353,363.21433172496353,0.0,0.0
1759,2019-03-15 07:00:00,3,2019-03-15 08:00:00,0.10531,0.10531,0.10531,0.0,0.05,361.1584560688145,-0.0,0.0,0.0,361.1584560688145,361.1584560688145,0.0,0.0
1760,2019-03-15 08:00:00,3,2019-03-15 09:00:00,0.10531,0.10531,0.10531,0.0,0.05,337.45880285621206,-0.0,0.0,0.0,337.45880285621206,337.45880285621206,0.0,1.0
1761,2019-03-15 09:00:00,3,2019-03-15 10:00:00,0.06431,0.06431,0.06431,0.0,0.05,289.41646473462305,-73.79786699034048,0.0,0.0,363.21433172496353,363.21433172496353,0.0,1.0
1762,2019-03-15 10:00:00,3,2019-03-15 11:00:00,0.06431,0.06431,0.06431,0.0,0.2763134587703775,290.3280948629243,-0.0,0.0,0.0,290.3280948629243,290.3280948629243,0.0,0.0
1763,2019-03-15 11:00:00,3,2019-03-15 12:00:00,0.06431,0.06431,0.06431,0.0,0.2763134587703775,287.95888572220855,-65.00485035811693,0.0,0.0,352.9637360803255,352.9637360803255,0.0,1.0
1764,2019-03-15 12:00:00,3,2019-03-15 13:00:00,0.06431,0.06431,0.06431,0.0,0.47566166653526937,277.98009942020343,-85.2342323047601,0.0,0.0,363.21433172496353,363.21433172496353,0.0,1.0
1765,2019-03-15 13:00:00,3,2019-03-15 14:00:00,0.06431,0.06431,0.06431,0.0,0.7370466456032003,277.46867268252885,-85.74565904243468,0.0,0.0,363.21433172496353,363.21433172496353,0.0,1.0
1766,2019-03-15 14:00:00,3,2019-03-15 15:00:00,0.10531,0.10531,0.10531,0.0,1.0,277.46885627242676,-0.0,0.0,0.0,277.46885627242676,277.46885627242676,0.0,1.0
1767,2019-03-15 15:00:00,3,2019-03-15 16:00:00,0.10531,0.10531,0.10531,0.0,1.0,307.755574354909,-0.0,0.0,0.0,307.755574354909,307.755574354909,0.0,1.0
1768,2019-03-15 16:00:00,3,2019-03-15 17:00:00,0.13592,0.13592,0.13592,0.0,1.0,343.75745578589107,-0.0,0.0,0.0,343.75745578589107,343.75745578589107,0.0,1.0
1769,2019-03-15 17:00:00,3,2019-03-15 18:00:00,0.13592,0.13592,0.13592,0.0,1.0,403.9644621277058,-0.0,40.750130402742286,0.0,363.21433172496353,363.21433172496353,0.0,0.0
1770,2019-03-15 18:00:00,3,2019-03-15 19:00:00,0.13592,0.13592,0.13592,0.0,0.8523545999900642,423.054841291337,-0.0,59.8405095663735,0.0,363.21433172496353,363.21433172496353,0.0,0.0
1771,2019-03-15 19:00:00,3,2019-03-15 20:00:00,0.13592,0.13592,0.13592,0.0,0.6355411595321893,448.34624048760344,-0.0,85.13190876263991,0.0,363.21433172496353,363.21433172496353,0.0,0.0
1772,2019-03-15 20:00:00,3,2019-03-15 21:00:00,0.13592,0.13592,0.13592,0.0,0.3270922147400157,422.33954888302793,-0.0,76.47745126824434,0.0,345.8620976147836,345.8620976147836,0.0,0.0
1773,2019-03-15 21:00:00,3,2019-03-15 22:00:00,0.10531,0.10531,0.10531,0.0,0.05,355.2638119163268,-7.950519808636727,0.0,0.0,363.21433172496353,363.21433172496353,0.0,1.0
1774,2019-03-15 22:00:00,3,2019-03-15 23:00:00,0.10531,0.10531,0.10531,0.0,0.0743815940798193,286.8793309609091,-0.0,0.0,0.0,286.8793309609091,286.8793309609091,0.0,1.0
1775,2019-03-15 23:00:00,3,2019-03-16 00:00:00,0.10531,0.10531,0.10531,0.0,0.0743815940798193,209.12848443534872,-19.069065405555307,0.0,0.0,228.19754984090403,228.19754984090403,0.0,1.0
1776,2019-03-16 00:00:00,3,2019-03-16 01:00:00,0.10531,0.10531,0.10531,0.0,0.13286006132352224,205.81119324422104,-0.0,0.0,0.0,205.81119324422104,205.81119324422104,0.0,1.0
1777,2019-03-16 01:00:00,3,2019-03-16 02:00:00,0.10531,0.10531,0.10531,0.0,0.13286006132352224,173.0394292853457,-0.0,0.0,0.0,173.0394292853457,173.0394292853457,0.0,1.0
1778,2019-03-16 02:00:00,3,2019-03-16 03:00:00,0.10531,0.10531,0.10531,0.0,0.13286006132352224,178.64889644793783,-0.0,0.0,0.0,178.64889644793783,178.64889644793783,0.0,1.0
1779,2019-03-16 03:00:00,3,2019-03-16 04:00:00,0.10531,0.10531,0.10531,0.0,0.13286006132352224,184.33023552718234,-0.0,0.0,0.0,184.33023552718234,184.33023552718234,0.0,0.0
1780,2019-03-16 04:00:00,3,2019-03-16 05:00:00,0.10531,0.10531,0.10531,0.0,0.13286006132352224,227.19400422420443,-0.0,0.0,0.0,227.19400422420443,227.19400422420443,0.0,1.0
1781,2019-03-16 05:00:00,3,2019-03-16 06:00:00,0.10531,0.10531,0.10531,0.0,0.13286006132352224,334.46908359513804,-28.74524812982549,0.0,0.0,363.21433172496353,363.21433172496353,0.0,1.0
1782,2019-03-16 06:00:00,3,2019-03-16 07:00:00,0.10531,0.10531,0.10531,0.0,0.22101215558832044,407.7168909384774,-0.0,44.50255921351385,0.0,363.21433172496353,363.21433172496353,0.0,0.0
1783,2019-03-16 07:00:00,3,2019-03-16 08:00:00,0.10531,0.10531,0.10531,0.0,0.05977099901761805,365.9111274538261,-0.0,2.6967957288625826,0.0,363.21433172496353,363.21433172496353,0.0,0.0
1784,2019-03-16 08:00:00,3,2019-03-16 09:00:00,0.10531,0.10531,0.10531,0.0,0.05,338.9257283254118,-0.0,0.0,0.0,338.9257283254118,338.9257283254118,0.0,1.0
1785,2019-03-16 09:00:00,3,2019-03-16 10:00:00,0.06431,0.06431,0.06431,0.0,0.05,289.98170794566454,-64.24071218615816,0.0,0.0,354.2224201318227,354.2224201318227,0.0,1.0
1786,2019-03-16 10:00:00,3,2019-03-16 11:00:00,0.06431,0.06431,0.06431,0.0,0.24700485070421838,290.2777263253143,-0.0,0.0,0.0,290.2777263253143,290.2777263253143,0.0,0.0
1787,2019-03-16 11:00:00,3,2019-03-16 12:00:00,0.06431,0.06431,0.06431,0.0,0.24700485070421838,288.5762157222445,-74.63811600271902,0.0,0.0,363.21433172496353,363.21433172496353,0.0,1.0
1788,2019-03-16 12:00:00,3,2019-03-16 13:00:00,0.06431,0.06431,0.06431,0.0,0.4758950731125568,278.030016220398,-85.18431550456552,0.0,0.0,363.21433172496353,363.21433172496353,0.0,1.0
1789,2019-03-16 13:00:00,3,2019-03-16 14:00:00,0.06431,0.06431,0.06431,0.0,0.7371269739932244,277.49486672275407,-85.71946500220946,0.0,0.0,363.21433172496353,363.21433172496353,0.0,1.0
1790,2019-03-16 14:00:00,3,2019-03-16 15:00:00,0.10531,0.10531,0.10531,0.0,1.0,277.44099528449567,-0.0,0.0,0.0,277.44099528449567,277.44099528449567,0.0,1.0
1791,2019-03-16 15:00:00,3,2019-03-16 16:00:00,0.10531,0.10531,0.10531,0.0,1.0,308.1887118461028,-0.0,0.0,0.0,308.1887118461028,308.1887118461028,0.0,1.0
1792,2019-03-16 16:00:00,3,2019-03-16 17:00:00,0.13592,0.13592,0.13592,0.0,1.0,343.8117759095164,-0.0,0.0,0.0,343.8117759095164,343.8117759095164,0.0,1.0
1793,2019-03-16 17:00:00,3,2019-03-16 18:00:00,0.13592,0.13592,0.13592,0.0,1.0,404.44149682482987,-0.0,52.85863161776282,0.0,351.582865207067,351.582865207067,0.0,0.0
1794,2019-03-16 18:00:00,3,2019-03-16 19:00:00,0.13592,0.13592,0.13592,0.0,0.8084832187762216,424.4832625335422,-0.0,61.26893080857866,0.0,363.21433172496353,363.21433172496353,0.0,0.0
1795,2019-03-16 19:00:00,3,2019-03-16 20:00:00,0.13592,0.13592,0.13592,0.0,0.5864943390349946,450.15215433712336,-0.0,86.93782261215983,0.0,363.21433172496353,363.21433172496353,0.0,0.0
1796,2019-03-16 20:00:00,3,2019-03-16 21:00:00,0.13592,0.13592,0.13592,0.0,0.27150222812137204,424.3489466864622,-0.0,61.1346149614987,0.0,363.21433172496353,363.21433172496353,0.0,0.0
1797,2019-03-16 21:00:00,3,2019-03-16 22:00:00,0.10531,0.10531,0.10531,0.0,0.05,356.3376806314726,-6.876651093490921,0.0,0.0,363.21433172496353,363.21433172496353,0.0,1.0
1798,2019-03-16 22:00:00,3,2019-03-16 23:00:00,0.10531,0.10531,0.10531,0.0,0.0710883966867055,288.3310727111936,-42.4959630443368,0.0,0.0,330.8270357555304,330.8270357555304,0.0,1.0
1799,2019-03-16 23:00:00,3,2019-03-17 00:00:00,0.10531,0.10531,0.10531,0.0,0.20140935002267166,205.02208435760102,-0.0,0.0,0.0,205.02208435760102,205.02208435760102,0.0,1.0
1800,2019-03-17 00:00:00,3,2019-03-17 01:00:00,0.10531,0.10531,0.10531,0.0,0.20140935002267166,203.97807600853676,-0.0,0.0,0.0,203.97807600853676,203.97807600853676,0.0,1.0
1801,2019-03-17 01:00:00,3,2019-03-17 02:00:00,0.10531,0.10531,0.10531,0.0,0.20140935002267166,179.15760987718875,-0.0,0.0,0.0,179.15760987718875,179.15760987718875,0.0,1.0
1802,2019-03-17 02:00:00,3,2019-03-17 03:00:00,0.10531,0.10531,0.10531,0.0,0.20140935002267166,176.36590683095415,-0.0,0.0,0.0,176.36590683095415,176.36590683095415,0.0,1.0
1803,2019-03-17 03:00:00,3,2019-03-17 04:00:00,0.10531,0.10531,0.10531,0.0,0.20140935002267166,184.92526003020313,-7.723290606088045e-15,0.0,0.0,184.92526003020313,184.92526003020313,0.0,1.0
1804,2019-03-17 04:00:00,3,2019-03-17 05:00:00,0.10531,0.10531,0.10531,0.0,0.20140935002267168,209.79733787497398,-0.0,0.0,0.0,209.79733787497398,209.79733787497398,0.0,1.0
1805,2019-03-17 05:00:00,3,2019-03-17 06:00:00,0.10531,0.10531,0.10531,0.0,0.20140935002267168,323.2939982481222,-0.0,0.0,0.0,323.2939982481222,323.2939982481222,0.0,1.0
1806,2019-03-17 06:00:00,3,2019-03-17 07:00:00,0.10531,0.10531,0.10531,0.0,0.20140935002267168,405.0033123312209,-0.0,41.78898060625738,0.0,363.21433172496353,363.21433172496353,0.0,0.0
1807,2019-03-17 07:00:00,3,2019-03-17 08:00:00,0.10531,0.10531,0.10531,0.0,0.05,362.74307282534625,-0.0,0.0,0.0,362.74307282534625,362.74307282534625,0.0,1.0
1808,2019-03-17 08:00:00,3,2019-03-17 09:00:00,0.10531,0.10531,0.10531,0.0,0.05,339.21563085141014,-0.0,0.0,0.0,339.21563085141014,339.21563085141014,0.0,0.0
1809,2019-03-17 09:00:00,3,2019-03-17 10:00:00,0.06431,0.06431,0.06431,0.0,0.05,288.01670099234906,-75.19763073261447,0.0,0.0,363.21433172496353,363.21433172496353,0.0,1.0
1810,2019-03-17 10:00:00,3,2019-03-17 11:00:00,0.06431,0.06431,0.06431,0.0,0.2806060675800177,289.1070153918828,-74.10731633308075,0.0,0.0,363.21433172496353,363.21433172496353,0.0,1.0
1811,2019-03-17 11:00:00,3,2019-03-17 12:00:00,0.06431,0.06431,0.06431,0.0,0.5078685043347988,287.74363464378445,-0.0,0.0,0.0,287.74363464378445,287.74363464378445,0.0,0.0
1812,2019-03-17 12:00:00,3,2019-03-17 13:00:00,0.06431,0.06431,0.06431,0.0,0.5078685043347988,277.61324056164847,-85.60109116331506,0.0,0.0,363.21433172496353,363.21433172496353,0.0,1.0
1813,2019-03-17 13:00:00,3,2019-03-17 14:00:00,0.06431,0.06431,0.06431,0.0,0.7703785172356317,277.4262449523081,-74.87657046664185,0.0,0.0,352.30281541894993,352.30281541894993,0.0,1.0
1814,2019-03-17 14:00:00,3,2019-03-17 15:00:00,0.10531,0.10531,0.10531,0.0,1.0,277.47280115348303,-0.0,0.0,0.0,277.47280115348303,277.47280115348303,0.0,1.0
1815,2019-03-17 15:00:00,3,2019-03-17 16:00:00,0.10531,0.10531,0.10531,0.0,1.0,307.5846786072354,-0.0,0.0,0.0,307.5846786072354,307.5846786072354,0.0,1.0
1816,2019-03-17 16:00:00,3,2019-03-17 17:00:00,0.13592,0.13592,0.13592,0.0,1.0,343.8755549850494,-0.0,0.0,0.0,343.8755549850494,343.8755549850494,0.0,1.0
1817,2019-03-17 17:00:00,3,2019-03-17 18:00:00,0.13592,0.13592,0.13592,0.0,1.0,403.79697346752994,-0.0,58.82743516867112,0.0,344.9695382988588,344.9695382988588,0.0,0.0
1818,2019-03-17 18:00:00,3,2019-03-17 19:00:00,0.13592,0.13592,0.13592,0.0,0.7868571189540902,422.32367313469985,-0.0,59.10934140973632,0.0,363.21433172496353,363.21433172496353,0.0,0.0
1819,2019-03-17 19:00:00,3,2019-03-17 20:00:00,0.13592,0.13592,0.13592,0.0,0.572692838484031,447.6477350493221,-0.0,84.43340332435855,0.0,363.21433172496353,363.21433172496353,0.0,0.0
1820,2019-03-17 20:00:00,3,2019-03-17 21:00:00,0.13592,0.13592,0.13592,0.0,0.2667747104972247,423.04415182219753,-0.0,59.829820097234006,0.0,363.21433172496353,363.21433172496353,0.0,0.0
1821,2019-03-17 21:00:00,3,2019-03-17 22:00:00,0.10531,0.10531,0.10531,0.0,0.05,355.86848774059206,-7.345843984371473,0.0,0.0,363.21433172496353,363.21433172496353,0.0,1.0
1822,2019-03-17 22:00:00,3,2019-03-17 23:00:00,0.10531,0.10531,0.10531,0.0,0.07252725488540585,267.19177496395986,-33.06168178769793,0.0,0.0,300.2534567516578,300.2534567516578,0.0,1.0
1823,2019-03-17 23:00:00,3,2019-03-18 00:00:00,0.10531,0.10531,0.10531,0.0,0.1739164123676795,196.99151322056983,-0.0,0.0,0.0,196.99151322056983,196.99151322056983,0.0,1.0
1824,2019-03-18 00:00:00,3,2019-03-18 01:00:00,0.10531,0.10531,0.10531,0.0,0.1739164123676795,198.50606489907048,-0.0,0.0,0.0,198.50606489907048,198.50606489907048,0.0,1.0
1825,2019-03-18 01:00:00,3,2019-03-18 02:00:00,0.10531,0.10531,0.10531,0.0,0.1739164123676795,177.4737769514317,-1.544658121217609e-14,0.0,0.0,177.47377695143172,177.47377695143172,0.0,0.0
1826,2019-03-18 02:00:00,3,2019-03-18 03:00:00,0.10531,0.10531,0.10531,0.0,0.17391641236767952,175.3136852638705,-0.0,0.0,0.0,175.3136852638705,175.3136852638705,0.0,0.0
1827,2019-03-18 03:00:00,3,2019-03-18 04:00:00,0.10531,0.10531,0.10531,0.0,0.17391641236767952,182.21005467282538,-0.0,0.0,0.0,182.21005467282538,182.21005467282538,0.0,0.0
1828,2019-03-18 04:00:00,3,2019-03-18 05:00:00,0.10531,0.10531,0.10531,0.0,0.17391641236767952,194.41740938841252,-0.0,0.0,0.0,194.41740938841252,194.41740938841252,0.0,1.0
1829,2019-03-18 05:00:00,3,2019-03-18 06:00:00,0.10531,0.10531,0.10531,0.0,0.17391641236767952,285.8520976030236,-0.0,0.0,0.0,285.8520976030236,285.8520976030236,0.0,1.0
1830,2019-03-18 06:00:00,3,2019-03-18 07:00:00,0.10531,0.10531,0.10531,0.0,0.17391641236767952,354.6371717021916,-0.0,0.0,0.0,354.6371717021916,354.6371717021916,0.0,0.0
1831,2019-03-18 07:00:00,3,2019-03-18 08:00:00,0.10531,0.10531,0.10531,0.0,0.17391641236767952,397.4152615384431,-0.0,34.20092981347955,0.0,363.21433172496353,363.21433172496353,0.0,0.0
1832,2019-03-18 08:00:00,3,2019-03-18 09:00:00,0.10531,0.10531,0.10531,0.0,0.05,357.511862259748,-0.0,0.0,0.0,357.511862259748,357.511862259748,0.0,1.0
1833,2019-03-18 09:00:00,3,2019-03-18 10:00:00,0.06431,0.06431,0.06431,0.0,0.05,301.38287648744665,-61.83145523751688,0.0,0.0,363.21433172496353,363.21433172496353,0.0,1.0
1834,2019-03-18 10:00:00,3,2019-03-18 11:00:00,0.06431,0.06431,0.06431,0.0,0.23961646272838513,294.1436898800523,-69.07064184491122,0.0,0.0,363.21433172496353,363.21433172496353,0.0,1.0
1835,2019-03-18 11:00:00,3,2019-03-18 12:00:00,0.06431,0.06431,0.06431,0.0,0.4514330977194462,293.12455623324894,-70.08977549171459,0.0,0.0,363.21433172496353,363.21433172496353,0.0,1.0
1836,2019-03-18 12:00:00,3,2019-03-18 13:00:00,0.06431,0.06431,0.06431,0.0,0.6663750758940375,282.64502845459714,-28.14922669315723,0.0,0.0,310.79425514775437,310.79425514775437,0.0,1.0
1837,2019-03-18 13:00:00,3,2019-03-18 14:00:00,0.06431,0.06431,0.06431,0.0,0.7526993710863864,282.57282229661126,-80.64150942835226,0.0,0.0,363.21433172496353,363.21433172496353,0.0,1.0
1838,2019-03-18 14:00:00,3,2019-03-18 15:00:00,0.10531,0.10531,0.10531,0.0,1.0,282.65454431615615,-0.0,0.0,0.0,282.65454431615615,282.65454431615615,0.0,1.0
1839,2019-03-18 15:00:00,3,2019-03-18 16:00:00,0.10531,0.10531,0.10531,0.0,1.0,313.6739163040797,-0.0,0.0,0.0,313.6739163040797,313.6739163040797,0.0,1.0
1840,2019-03-18 16:00:00,3,2019-03-18 17:00:00,0.13592,0.13592,0.13592,0.0,1.0,342.4817121835434,-0.0,0.0,0.0,342.4817121835434,342.4817121835434,0.0,1.0
1841,2019-03-18 17:00:00,3,2019-03-18 18:00:00,0.13592,0.13592,0.13592,0.0,1.0,415.1304458522038,-0.0,51.91611412724029,0.0,363.21433172496353,363.21433172496353,0.0,0.0
1842,2019-03-18 18:00:00,3,2019-03-18 19:00:00,0.13592,0.13592,0.13592,0.0,0.8118981372201439,420.0634719731182,-0.0,84.63194101424894,0.0,335.4315309588693,335.4315309588693,0.0,0.0
1843,2019-03-18 19:00:00,3,2019-03-18 20:00:00,0.13592,0.13592,0.13592,0.0,0.505260669777213,430.4220393666816,-0.0,67.20770764171806,0.0,363.21433172496353,363.21433172496353,0.0,0.0
1844,2019-03-18 20:00:00,3,2019-03-18 21:00:00,0.13592,0.13592,0.13592,0.0,0.26175448266953877,419.71142756882546,-0.0,56.49709584386193,0.0,363.21433172496353,363.21433172496353,0.0,0.0
1845,2019-03-18 21:00:00,3,2019-03-18 22:00:00,0.10531,0.10531,0.10531,0.0,0.05705486004685068,365.1614730978943,-0.0,1.947141372930787,0.0,363.21433172496353,363.21433172496353,0.0,0.0
1846,2019-03-18 22:00:00,3,2019-03-18 23:00:00,0.10531,0.10531,0.10531,0.0,0.05,290.1589882881049,-45.69496043345124,0.0,0.0,335.85394872155615,335.85394872155615,0.0,1.0
1847,2019-03-18 23:00:00,3,2019-03-19 00:00:00,0.10531,0.10531,0.10531,0.0,0.19013121199591715,207.76965311673345,-0.0,0.0,0.0,207.76965311673345,207.76965311673345,0.0,1.0
1848,2019-03-19 00:00:00,3,2019-03-19 01:00:00,0.10531,0.10531,0.10531,0.0,0.19013121199591715,199.40011013399197,-0.0,0.0,0.0,199.40011013399197,199.40011013399197,0.0,1.0
1849,2019-03-19 01:00:00,3,2019-03-19 02:00:00,0.10531,0.10531,0.10531,0.0,0.19013121199591715,185.38290605152574,-0.0,0.0,0.0,185.38290605152574,185.38290605152574,0.0,1.0
1850,2019-03-19 02:00:00,3,2019-03-19 03:00:00,0.10531,0.10531,0.10531,0.0,0.19013121199591715,171.0691993514663,-0.0,0.0,0.0,171.0691993514663,171.0691993514663,0.0,1.0
1851,2019-03-19 03:00:00,3,2019-03-19 04:00:00,0.10531,0.10531,0.10531,0.0,0.19013121199591715,211.16929355708788,-0.0,0.0,0.0,211.16929355708788,211.16929355708788,0.0,1.0
1852,2019-03-19 04:00:00,3,2019-03-19 05:00:00,0.10531,0.10531,0.10531,0.0,0.19013121199591715,194.61692804025432,-0.0,0.0,0.0,194.61692804025432,194.61692804025432,0.0,1.0
1853,2019-03-19 05:00:00,3,2019-03-19 06:00:00,0.10531,0.10531,0.10531,0.0,0.19013121199591715,295.3422968755847,-0.0,0.0,0.0,295.3422968755847,295.3422968755847,0.0,1.0
1854,2019-03-19 06:00:00,3,2019-03-19 07:00:00,0.10531,0.10531,0.10531,0.0,0.19013121199591715,362.1151452756507,-0.0,0.0,0.0,362.1151452756507,362.1151452756507,0.0,1.0
1855,2019-03-19 07:00:00,3,2019-03-19 08:00:00,0.10531,0.10531,0.10531,0.0,0.19013121199591715,401.89054623583667,-0.0,38.67621451087314,0.0,363.21433172496353,363.21433172496353,0.0,0.0
1856,2019-03-19 08:00:00,3,2019-03-19 09:00:00,0.10531,0.10531,0.10531,0.0,0.05,348.71538865816945,-0.0,0.0,0.0,348.71538865816945,348.71538865816945,0.0,1.0
1857,2019-03-19 09:00:00,3,2019-03-19 10:00:00,0.06431,0.06431,0.06431,0.0,0.05,303.36865198491944,-59.84567974004409,0.0,0.0,363.21433172496353,363.21433172496353,0.0,1.0
1858,2019-03-19 10:00:00,3,2019-03-19 11:00:00,0.06431,0.06431,0.06431,0.0,0.23352675120280186,299.6058024959362,-15.000120582339063,0.0,0.0,314.6059230782752,314.6059230782752,0.0,1.0
1859,2019-03-19 11:00:00,3,2019-03-19 12:00:00,0.06431,0.06431,0.06431,0.0,0.2795271209886417,298.0385557949329,-65.17577593003062,0.0,0.0,363.21433172496353,363.21433172496353,0.0,1.0
1860,2019-03-19 12:00:00,3,2019-03-19 13:00:00,0.06431,0.06431,0.06431,0.0,0.47939950050740227,278.39288240703155,-84.82144931793198,0.0,0.0,363.21433172496353,363.21433172496353,0.0,1.0
1861,2019-03-19 13:00:00,3,2019-03-19 14:00:00,0.06431,0.06431,0.06431,0.0,0.7395186117490603,278.27474859965713,-84.9395831253064,0.0,0.0,363.21433172496353,363.21433172496353,0.0,1.0
1862,2019-03-19 14:00:00,3,2019-03-19 15:00:00,0.10531,0.10531,0.10531,0.0,1.0,277.9662154546696,-0.0,0.0,0.0,277.9662154546696,277.9662154546696,0.0,1.0
1863,2019-03-19 15:00:00,3,2019-03-19 16:00:00,0.10531,0.10531,0.10531,0.0,1.0,308.7579661907938,-0.0,0.0,0.0,308.7579661907938,308.7579661907938,0.0,1.0
1864,2019-03-19 16:00:00,3,2019-03-19 17:00:00,0.13592,0.13592,0.13592,0.0,1.0,337.7846533427353,-0.0,0.0,0.0,337.7846533427353,337.7846533427353,0.0,1.0
1865,2019-03-19 17:00:00,3,2019-03-19 18:00:00,0.13592,0.13592,0.13592,0.0,1.0,403.126445173515,-0.0,39.91211344855145,0.0,363.21433172496353,363.21433172496353,0.0,0.0
1866,2019-03-19 18:00:00,3,2019-03-19 19:00:00,0.13592,0.13592,0.13592,0.0,0.8553908933023497,421.20380709089306,-0.0,57.989475365929536,0.0,363.21433172496353,363.21433172496353,0.0,0.0
1867,2019-03-19 19:00:00,3,2019-03-19 20:00:00,0.13592,0.13592,0.13592,0.0,0.6452840984982572,441.1407067760625,-0.0,117.78744968429929,0.0,323.35325709176317,323.35325709176317,0.0,0.0
1868,2019-03-19 20:00:00,3,2019-03-19 21:00:00,0.13592,0.13592,0.13592,0.0,0.21851797645369453,409.7252932261832,-0.0,46.5109615012197,0.0,363.21433172496353,363.21433172496353,0.0,0.0
1869,2019-03-19 21:00:00,3,2019-03-19 22:00:00,0.10531,0.10531,0.10531,0.0,0.05,356.7541801633777,-0.0,0.0,0.0,356.7541801633777,356.7541801633777,0.0,1.0
1870,2019-03-19 22:00:00,3,2019-03-19 23:00:00,0.10531,0.10531,0.10531,0.0,0.05,291.8926785712362,-0.0,0.0,0.0,291.8926785712362,291.8926785712362,0.0,1.0
1871,2019-03-19 23:00:00,3,2019-03-20 00:00:00,0.10531,0.10531,0.10531,0.0,0.05,216.08908613917143,-0.0,0.0,0.0,216.08908613917143,216.08908613917143,0.0,1.0
1872,2019-03-20 00:00:00,3,2019-03-20 01:00:00,0.10531,0.10531,0.10531,0.0,0.05,195.77109897570855,-0.0,0.0,0.0,195.77109897570855,195.77109897570855,0.0,1.0
1873,2019-03-20 01:00:00,3,2019-03-20 02:00:00,0.10531,0.10531,0.10531,0.0,0.05,179.61768400177723,-0.0,0.0,0.0,179.61768400177723,179.61768400177723,0.0,1.0
1874,2019-03-20 02:00:00,3,2019-03-20 03:00:00,0.10531,0.10531,0.10531,0.0,0.05,178.82361654929252,-0.0,0.0,0.0,178.82361654929252,178.82361654929252,0.0,1.0
1875,2019-03-20 03:00:00,3,2019-03-20 04:00:00,0.10531,0.10531,0.10531,0.0,0.05,177.81932601860981,-53.846026702560685,0.0,0.0,231.6653527211705,231.6653527211705,0.0,1.0
1876,2019-03-20 04:00:00,3,2019-03-20 05:00:00,0.10531,0.10531,0.10531,0.0,0.2151278152211861,216.93160668089106,-0.0,0.0,0.0,216.93160668089106,216.93160668089106,0.0,1.0
1877,2019-03-20 05:00:00,3,2019-03-20 06:00:00,0.10531,0.10531,0.10531,0.0,0.2151278152211861,346.439178453339,-0.0,0.0,0.0,346.439178453339,346.439178453339,0.0,1.0
1878,2019-03-20 06:00:00,3,2019-03-20 07:00:00,0.10531,0.10531,0.10531,0.0,0.2151278152211861,405.06463871794585,-0.0,41.850306992982325,0.0,363.21433172496353,363.21433172496353,0.0,0.0
1879,2019-03-20 07:00:00,3,2019-03-20 08:00:00,0.10531,0.10531,0.10531,0.0,0.0634962681451632,366.93930173302857,-0.0,3.7249700080650427,0.0,363.21433172496353,363.21433172496353,0.0,0.0
1880,2019-03-20 08:00:00,3,2019-03-20 09:00:00,0.10531,0.10531,0.10531,0.0,0.05,340.2970199602394,-0.0,0.0,0.0,340.2970199602394,340.2970199602394,0.0,1.0
1881,2019-03-20 09:00:00,3,2019-03-20 10:00:00,0.06431,0.06431,0.06431,0.0,0.05,290.93794883138725,-0.0,0.0,0.0,290.93794883138725,290.93794883138725,0.0,0.0
1882,2019-03-20 10:00:00,3,2019-03-20 11:00:00,0.06431,0.06431,0.06431,0.0,0.05,290.98002245342127,-72.23430927154226,0.0,0.0,363.21433172496353,363.21433172496353,0.0,1.0
1883,2019-03-20 11:00:00,3,2019-03-20 12:00:00,0.06431,0.06431,0.06431,0.0,0.2715185484327296,289.0983684457131,-74.11596327925042,0.0,0.0,363.21433172496353,363.21433172496353,0.0,1.0
1884,2019-03-20 12:00:00,3,2019-03-20 13:00:00,0.06431,0.06431,0.06431,0.0,0.4988075024890976,278.75122462559244,-78.4069103008292,0.0,0.0,357.15813492642167,357.15813492642167,0.0,1.0
1885,2019-03-20 13:00:00,3,2019-03-20 14:00:00,0.06431,0.06431,0.06431,0.0,0.7392553607449738,278.18890588093325,-85.02542584403028,0.0,0.0,363.21433172496353,363.21433172496353,0.0,1.0
1886,2019-03-20 14:00:00,3,2019-03-20 15:00:00,0.10531,0.10531,0.10531,0.0,1.0,277.9916714004096,-0.0,0.0,0.0,277.9916714004096,277.9916714004096,0.0,1.0
1887,2019-03-20 15:00:00,3,2019-03-20 16:00:00,0.10531,0.10531,0.10531,0.0,1.0,308.0772689985537,-0.0,0.0,0.0,308.0772689985537,308.0772689985537,0.0,1.0
1888,2019-03-20 16:00:00,3,2019-03-20 17:00:00,0.13592,0.13592,0.13592,0.0,1.0,344.6503863226444,-0.0,0.0,0.0,344.6503863226444,344.6503863226444,0.0,1.0
1889,2019-03-20 17:00:00,3,2019-03-20 18:00:00,0.13592,0.13592,0.13592,0.0,1.0,401.2992145599171,-0.0,55.46629990797392,0.0,345.8329146519432,345.8329146519432,0.0,0.0
1890,2019-03-20 18:00:00,3,2019-03-20 19:00:00,0.13592,0.13592,0.13592,0.0,0.7990351452609641,423.4504710135497,-0.0,60.23613928858617,0.0,363.21433172496353,363.21433172496353,0.0,0.0
1891,2019-03-20 19:00:00,3,2019-03-20 20:00:00,0.13592,0.13592,0.13592,0.0,0.5807882637805794,449.59849495126616,-0.0,86.38416322630263,0.0,363.21433172496353,363.21433172496353,0.0,0.0
1892,2019-03-20 20:00:00,3,2019-03-20 21:00:00,0.13592,0.13592,0.13592,0.0,0.26780216513455535,423.3277293021008,-0.0,60.11339757713728,0.0,363.21433172496353,363.21433172496353,0.0,0.0
1893,2019-03-20 21:00:00,3,2019-03-20 22:00:00,0.10531,0.10531,0.10531,0.0,0.05,355.4296162131296,-0.0,0.0,0.0,355.4296162131296,355.4296162131296,0.0,1.0
1894,2019-03-20 22:00:00,3,2019-03-20 23:00:00,0.10531,0.10531,0.10531,0.0,0.05,287.66541612990136,-0.0,0.0,0.0,287.66541612990136,287.66541612990136,0.0,1.0
1895,2019-03-20 23:00:00,3,2019-03-21 00:00:00,0.10531,0.10531,0.10531,0.0,0.05,204.0766466907907,-0.0,0.0,0.0,204.0766466907907,204.0766466907907,0.0,1.0
1896,2019-03-21 00:00:00,3,2019-03-21 01:00:00,0.10531,0.10531,0.10531,0.0,0.05,202.21981561571116,-51.39746005903377,0.0,0.0,253.61727567474492,253.61727567474492,0.0,1.0
1897,2019-03-21 01:00:00,3,2019-03-21 02:00:00,0.10531,0.10531,0.10531,0.0,0.20761887751437022,175.03643693647354,-0.0,0.0,0.0,175.03643693647354,175.03643693647354,0.0,0.0
1898,2019-03-21 02:00:00,3,2019-03-21 03:00:00,0.10531,0.10531,0.10531,0.0,0.20761887751437022,180.08123720526245,-0.0,0.0,0.0,180.08123720526245,180.08123720526245,0.0,1.0
1899,2019-03-21 03:00:00,3,2019-03-21 04:00:00,0.10531,0.10531,0.10531,0.0,0.20761887751437022,165.4363318211091,-0.0,0.0,0.0,165.4363318211091,165.4363318211091,0.0,0.0
1900,2019-03-21 04:00:00,3,2019-03-21 05:00:00,0.10531,0.10531,0.10531,0.0,0.20761887751437022,213.2613611557805,-0.0,0.0,0.0,213.2613611557805,213.2613611557805,0.0,1.0
1901,2019-03-21 05:00:00,3,2019-03-21 06:00:00,0.10531,0.10531,0.10531,0.0,0.20761887751437022,353.570394736559,-0.0,0.0,0.0,353.570394736559,353.570394736559,0.0,0.0
1902,2019-03-21 06:00:00,3,2019-03-21 07:00:00,0.10531,0.10531,0.10531,0.0,0.20761887751437022,403.4750577760858,-0.0,40.260726051122276,0.0,363.21433172496353,363.21433172496353,0.0,0.0
1903,2019-03-21 07:00:00,3,2019-03-21 08:00:00,0.10531,0.10531,0.10531,0.0,0.06174668167697067,366.45641586780744,-0.0,3.2420841428439076,0.0,363.21433172496353,363.21433172496353,0.0,0.0
1904,2019-03-21 08:00:00,3,2019-03-21 09:00:00,0.10531,0.10531,0.10531,0.0,0.05,340.3848709143845,-0.0,0.0,0.0,340.3848709143845,340.3848709143845,0.0,1.0
1905,2019-03-21 09:00:00,3,2019-03-21 10:00:00,0.06431,0.06431,0.06431,0.0,0.05,291.41481546348405,-0.0,0.0,0.0,291.41481546348405,291.41481546348405,0.0,0.0
1906,2019-03-21 10:00:00,3,2019-03-21 11:00:00,0.06431,0.06431,0.06431,0.0,0.05,291.3091567728371,-71.9051749521264,0.0,0.0,363.21433172496353,363.21433172496353,0.0,1.0
1907,2019-03-21 11:00:00,3,2019-03-21 12:00:00,0.06431,0.06431,0.06431,0.0,0.270509203186521,289.82776830297524,-69.1529697795194,0.0,0.0,358.98073808249467,358.98073808249467,0.0,1.0
1908,2019-03-21 12:00:00,3,2019-03-21 13:00:00,0.06431,0.06431,0.06431,0.0,0.48257831051038047,278.98693268705745,-84.22739903790608,0.0,0.0,363.21433172496353,363.21433172496353,0.0,1.0
1909,2019-03-21 13:00:00,3,2019-03-21 14:00:00,0.06431,0.06431,0.06431,0.0,0.740875667559959,278.71726679886325,-84.49706492610028,0.0,0.0,363.21433172496353,363.21433172496353,0.0,1.0
1910,2019-03-21 14:00:00,3,2019-03-21 15:00:00,0.10531,0.10531,0.10531,0.0,1.0,278.8416036347361,-0.0,0.0,0.0,278.8416036347361,278.8416036347361,0.0,1.0
1911,2019-03-21 15:00:00,3,2019-03-21 16:00:00,0.10531,0.10531,0.10531,0.0,1.0,309.5759304021795,-0.0,0.0,0.0,309.5759304021795,309.5759304021795,0.0,1.0
1912,2019-03-21 16:00:00,3,2019-03-21 17:00:00,0.13592,0.13592,0.13592,0.0,1.0,345.8801030316226,-0.0,0.0,0.0,345.8801030316226,345.8801030316226,0.0,1.0
1913,2019-03-21 17:00:00,3,2019-03-21 18:00:00,0.13592,0.13592,0.13592,0.0,1.0,402.436044705677,-0.0,53.66597255241208,0.0,348.7700721532649,348.7700721532649,0.0,0.0
1914,2019-03-21 18:00:00,3,2019-03-21 19:00:00,0.13592,0.13592,0.13592,0.0,0.8055580704622751,423.4834152789638,-0.0,60.26908355400025,0.0,363.21433172496353,363.21433172496353,0.0,0.0
1915,2019-03-21 19:00:00,3,2019-03-21 20:00:00,0.13592,0.13592,0.13592,0.0,0.5871918257014047,450.0513238833348,-0.0,86.83699215837129,0.0,363.21433172496353,363.21433172496353,0.0,0.0
1916,2019-03-21 20:00:00,3,2019-03-21 21:00:00,0.13592,0.13592,0.13592,0.0,0.27256504251890007,424.64228346017995,-0.0,61.427951735216425,0.0,363.21433172496353,363.21433172496353,0.0,0.0
1917,2019-03-21 21:00:00,3,2019-03-21 22:00:00,0.10531,0.10531,0.10531,0.0,0.05,357.24191824183504,-0.0,0.0,0.0,357.24191824183504,357.24191824183504,0.0,1.0
1918,2019-03-21 22:00:00,3,2019-03-21 23:00:00,0.10531,0.10531,0.10531,0.0,0.05,289.33813296494037,-0.0,0.0,0.0,289.33813296494037,289.33813296494037,0.0,1.0
1919,2019-03-21 23:00:00,3,2019-03-22 00:00:00,0.10531,0.10531,0.10531,0.0,0.05,235.20432126832958,-0.0,0.0,0.0,235.20432126832958,235.20432126832958,0.0,1.0
1920,2019-03-22 00:00:00,3,2019-03-22 01:00:00,0.10531,0.10531,0.10531,0.0,0.05,224.46769103459266,-0.0,0.0,0.0,224.46769103459266,224.46769103459266,0.0,1.0
1921,2019-03-22 01:00:00,3,2019-03-22 02:00:00,0.10531,0.10531,0.10531,0.0,0.05,205.56746534069933,-0.0,0.0,0.0,205.56746534069933,205.56746534069933,0.0,0.0
1922,2019-03-22 02:00:00,3,2019-03-22 03:00:00,0.10531,0.10531,0.10531,0.0,0.05,200.42273247245123,-0.0,0.0,0.0,200.42273247245123,200.42273247245123,0.0,0.0
1923,2019-03-22 03:00:00,3,2019-03-22 04:00:00,0.10531,0.10531,0.10531,0.0,0.05,206.12986997338473,-0.0,0.0,0.0,206.12986997338473,206.12986997338473,0.0,1.0
1924,2019-03-22 04:00:00,3,2019-03-22 05:00:00,0.10531,0.10531,0.10531,0.0,0.05,240.3069725881424,-57.44903181688153,0.0,0.0,297.75600440502393,297.75600440502393,0.0,1.0
1925,2019-03-22 05:00:00,3,2019-03-22 06:00:00,0.10531,0.10531,0.10531,0.0,0.22617703090510338,341.1777853494597,-0.0,0.0,0.0,341.1777853494597,341.1777853494597,0.0,0.0
1926,2019-03-22 06:00:00,3,2019-03-22 07:00:00,0.10531,0.10531,0.10531,0.0,0.22617703090510338,407.86631723040375,-0.0,44.65198550544022,0.0,363.21433172496353,363.21433172496353,0.0,0.0
1927,2019-03-22 07:00:00,3,2019-03-22 08:00:00,0.10531,0.10531,0.10531,0.0,0.06439447472597212,367.18720674933184,-0.0,3.9728750243683066,0.0,363.21433172496353,363.21433172496353,0.0,0.0
1928,2019-03-22 08:00:00,3,2019-03-22 09:00:00,0.10531,0.10531,0.10531,0.0,0.05,339.47988731011725,-0.0,0.0,0.0,339.47988731011725,339.47988731011725,0.0,0.0
1929,2019-03-22 09:00:00,3,2019-03-22 10:00:00,0.06431,0.06431,0.06431,0.0,0.05,289.4247451215766,-66.30605250994124,0.0,0.0,355.7307976315179,355.7307976315179,0.0,1.0
1930,2019-03-22 10:00:00,3,2019-03-22 11:00:00,0.06431,0.06431,0.06431,0.0,0.25333856103048646,290.2879526946182,-72.92637903034534,0.0,0.0,363.21433172496353,363.21433172496353,0.0,1.0
1931,2019-03-22 11:00:00,3,2019-03-22 12:00:00,0.06431,0.06431,0.06431,0.0,0.4769794567235455,288.4811480132822,-0.0,0.0,0.0,288.4811480132822,288.4811480132822,0.0,0.0
1932,2019-03-22 12:00:00,3,2019-03-22 13:00:00,0.06431,0.06431,0.06431,0.0,0.4769794567235455,278.0567608974838,-85.15757082747973,0.0,0.0,363.21433172496353,363.21433172496353,0.0,1.0
1933,2019-03-22 13:00:00,3,2019-03-22 14:00:00,0.06431,0.06431,0.06431,0.0,0.7381293405944834,277.82172539707767,-85.39260632788586,0.0,0.0,363.21433172496353,363.21433172496353,0.0,1.0
1934,2019-03-22 14:00:00,3,2019-03-22 15:00:00,0.10531,0.10531,0.10531,0.0,1.0,277.59133466193646,-0.0,0.0,0.0,277.59133466193646,277.59133466193646,0.0,1.0
1935,2019-03-22 15:00:00,3,2019-03-22 16:00:00,0.10531,0.10531,0.10531,0.0,1.0,307.3154606042961,-0.0,0.0,0.0,307.3154606042961,307.3154606042961,0.0,1.0
1936,2019-03-22 16:00:00,3,2019-03-22 17:00:00,0.13592,0.13592,0.13592,0.0,1.0,343.098383143479,-0.0,0.0,0.0,343.098383143479,343.098383143479,0.0,1.0
1937,2019-03-22 17:00:00,3,2019-03-22 18:00:00,0.13592,0.13592,0.13592,0.0,1.0,400.7914178981486,-0.0,54.84472700851679,0.0,345.9466908896318,345.9466908896318,0.0,0.0
1938,2019-03-22 18:00:00,3,2019-03-22 19:00:00,0.13592,0.13592,0.13592,0.0,0.8012872209836348,423.6369847219794,-0.0,60.42265299701586,0.0,363.21433172496353,363.21433172496353,0.0,0.0
1939,2019-03-22 19:00:00,3,2019-03-22 20:00:00,0.13592,0.13592,0.13592,0.0,0.5823645651973455,449.41674484704305,-0.0,86.20241312207952,0.0,363.21433172496353,363.21433172496353,0.0,0.0
1940,2019-03-22 20:00:00,3,2019-03-22 21:00:00,0.13592,0.13592,0.13592,0.0,0.2700369814216951,423.94453859735137,-0.0,60.73020687238784,0.0,363.21433172496353,363.21433172496353,0.0,0.0
1941,2019-03-22 21:00:00,3,2019-03-22 22:00:00,0.10531,0.10531,0.10531,0.0,0.05,356.42053747651636,-0.0,0.0,0.0,356.42053747651636,356.42053747651636,0.0,1.0
1942,2019-03-22 22:00:00,3,2019-03-22 23:00:00,0.10531,0.10531,0.10531,0.0,0.05,288.2043806465866,-0.0,0.0,0.0,288.2043806465866,288.2043806465866,0.0,1.0
1943,2019-03-22 23:00:00,3,2019-03-23 00:00:00,0.10531,0.10531,0.10531,0.0,0.05,207.55314897369337,-56.09279072964575,0.0,0.0,263.6459397033391,263.6459397033391,0.0,1.0
1944,2019-03-23 00:00:00,3,2019-03-23 01:00:00,0.10531,0.10531,0.10531,0.0,0.22201789157091364,194.28872578073353,-0.0,0.0,0.0,194.28872578073353,194.28872578073353,0.0,1.0
1945,2019-03-23 01:00:00,3,2019-03-23 02:00:00,0.10531,0.10531,0.10531,0.0,0.22201789157091364,191.16108211563866,-0.0,0.0,0.0,191.16108211563866,191.16108211563866,0.0,1.0
1946,2019-03-23 02:00:00,3,2019-03-23 03:00:00,0.10531,0.10531,0.10531,0.0,0.22201789157091364,190.0471400272889,-0.0,0.0,0.0,190.0471400272889,190.0471400272889,0.0,1.0
1947,2019-03-23 03:00:00,3,2019-03-23 04:00:00,0.10531,0.10531,0.10531,0.0,0.22201789157091364,179.40434149865197,-0.0,0.0,0.0,179.40434149865197,179.40434149865197,0.0,0.0
1948,2019-03-23 04:00:00,3,2019-03-23 05:00:00,0.10531,0.10531,0.10531,0.0,0.22201789157091364,216.11811612703434,-0.0,0.0,0.0,216.11811612703434,216.11811612703434,0.0,0.0
1949,2019-03-23 05:00:00,3,2019-03-23 06:00:00,0.10531,0.10531,0.10531,0.0,0.22201789157091364,345.2979735173249,-0.0,0.0,0.0,345.2979735173249,345.2979735173249,0.0,0.0
1950,2019-03-23 06:00:00,3,2019-03-23 07:00:00,0.10531,0.10531,0.10531,0.0,0.22201789157091364,408.07569715245984,-0.0,44.86136542749631,0.0,363.21433172496353,363.21433172496353,0.0,0.0
1951,2019-03-23 07:00:00,3,2019-03-23 08:00:00,0.10531,0.10531,0.10531,0.0,0.0594767124857821,365.8299043710394,-0.0,2.6155726460758615,0.0,363.21433172496353,363.21433172496353,0.0,0.0
1952,2019-03-23 08:00:00,3,2019-03-23 09:00:00,0.10531,0.10531,0.10531,0.0,0.05,338.82597226531766,-0.0,0.0,0.0,338.82597226531766,338.82597226531766,0.0,1.0
1953,2019-03-23 09:00:00,3,2019-03-23 10:00:00,0.06431,0.06431,0.06431,0.0,0.05,289.6667783858383,-67.21958229919377,0.0,0.0,356.88636068503206,356.88636068503206,0.0,1.0
1954,2019-03-23 10:00:00,3,2019-03-23 11:00:00,0.06431,0.06431,0.06431,0.0,0.25614005238419424,290.19176918538784,-73.02256253957569,0.0,0.0,363.21433172496353,363.21433172496353,0.0,1.0
1955,2019-03-23 11:00:00,3,2019-03-23 12:00:00,0.06431,0.06431,0.06431,0.0,0.480075910838893,289.2090375756328,-0.0,0.0,0.0,289.2090375756328,289.2090375756328,0.0,0.0
1956,2019-03-23 12:00:00,3,2019-03-23 13:00:00,0.06431,0.06431,0.06431,0.0,0.480075910838893,278.5750572358101,-84.63927448915342,0.0,0.0,363.21433172496353,363.21433172496353,0.0,1.0
1957,2019-03-23 13:00:00,3,2019-03-23 14:00:00,0.06431,0.06431,0.06431,0.0,0.7396363526056302,278.31314235723426,-84.90118936772927,0.0,0.0,363.21433172496353,363.21433172496353,0.0,1.0
1958,2019-03-23 14:00:00,3,2019-03-23 15:00:00,0.10531,0.10531,0.10531,0.0,1.0,277.95540624581395,-0.0,0.0,0.0,277.95540624581395,277.95540624581395,0.0,0.0
1959,2019-03-23 15:00:00,3,2019-03-23 16:00:00,0.10531,0.10531,0.10531,0.0,1.0,307.73098764626366,-0.0,0.0,0.0,307.73098764626366,307.73098764626366,0.0,1.0
1960,2019-03-23 16:00:00,3,2019-03-23 17:00:00,0.13592,0.13592,0.13592,0.0,1.0,344.24652067521333,-0.0,0.0,0.0,344.24652067521333,344.24652067521333,0.0,1.0
1961,2019-03-23 17:00:00,3,2019-03-23 18:00:00,0.13592,0.13592,0.13592,0.0,1.0,400.92426507897096,-0.0,55.434849735982056,0.0,345.4894153429889,345.4894153429889,0.0,0.0
1962,2019-03-23 18:00:00,3,2019-03-23 19:00:00,0.13592,0.13592,0.13592,0.0,0.7991490951594853,423.8910135764497,-0.0,60.676681851486194,0.0,363.21433172496353,363.21433172496353,0.0,0.0
1963,2019-03-23 19:00:00,3,2019-03-23 20:00:00,0.13592,0.13592,0.13592,0.0,0.5793060449729411,449.44496606801295,-0.0,86.23063434304942,0.0,363.21433172496353,363.21433172496353,0.0,0.0
1964,2019-03-23 20:00:00,3,2019-03-23 21:00:00,0.13592,0.13592,0.13592,0.0,0.2668762103966752,423.0721657944459,-0.0,59.85783406948235,0.0,363.21433172496353,363.21433172496353,0.0,0.0
1965,2019-03-23 21:00:00,3,2019-03-23 22:00:00,0.10531,0.10531,0.10531,0.0,0.05,355.37704900929486,-0.0,0.0,0.0,355.37704900929486,355.37704900929486,0.0,1.0
1966,2019-03-23 22:00:00,3,2019-03-23 23:00:00,0.10531,0.10531,0.10531,0.0,0.05,287.4144550884653,-0.0,0.0,0.0,287.4144550884653,287.4144550884653,0.0,1.0
1967,2019-03-23 23:00:00,3,2019-03-24 00:00:00,0.10531,0.10531,0.10531,0.0,0.05,209.9203809557108,-54.026025193847374,0.0,0.0,263.9464061495582,263.9464061495582,0.0,1.0
1968,2019-03-24 00:00:00,3,2019-03-24 01:00:00,0.10531,0.10531,0.10531,0.0,0.21567981059446528,195.05776092031164,-0.0,0.0,0.0,195.05776092031164,195.05776092031164,0.0,1.0
1969,2019-03-24 01:00:00,3,2019-03-24 02:00:00,0.10531,0.10531,0.10531,0.0,0.21567981059446528,195.18658759652322,-0.0,0.0,0.0,195.18658759652322,195.18658759652322,0.0,1.0
1970,2019-03-24 02:00:00,3,2019-03-24 03:00:00,0.10531,0.10531,0.10531,0.0,0.21567981059446528,194.36786109634497,-0.0,0.0,0.0,194.36786109634497,194.36786109634497,0.0,1.0
1971,2019-03-24 03:00:00,3,2019-03-24 04:00:00,0.10531,0.10531,0.10531,0.0,0.21567981059446528,200.98830139652503,-0.0,0.0,0.0,200.98830139652503,200.98830139652503,0.0,1.0
1972,2019-03-24 04:00:00,3,2019-03-24 05:00:00,0.10531,0.10531,0.10531,0.0,0.21567981059446528,217.2070689590875,-0.0,0.0,0.0,217.2070689590875,217.2070689590875,0.0,0.0
1973,2019-03-24 05:00:00,3,2019-03-24 06:00:00,0.10531,0.10531,0.10531,0.0,0.21567981059446528,337.3966676600461,-0.0,0.0,0.0,337.3966676600461,337.3966676600461,0.0,1.0
1974,2019-03-24 06:00:00,3,2019-03-24 07:00:00,0.10531,0.10531,0.10531,0.0,0.21567981059446528,405.49928371559344,-0.0,42.28495199062991,0.0,363.21433172496353,363.21433172496353,0.0,0.0
1975,2019-03-24 07:00:00,3,2019-03-24 08:00:00,0.10531,0.10531,0.10531,0.0,0.06247346280232795,366.65700745840604,-0.0,3.442675733442514,0.0,363.21433172496353,363.21433172496353,0.0,0.0
1976,2019-03-24 08:00:00,3,2019-03-24 09:00:00,0.10531,0.10531,0.10531,0.0,0.05,339.9899060779672,-0.0,0.0,0.0,339.9899060779672,339.9899060779672,0.0,1.0
1977,2019-03-24 09:00:00,3,2019-03-24 10:00:00,0.06431,0.06431,0.06431,0.0,0.05,289.34887181271614,-73.86545991224739,0.0,0.0,363.21433172496353,363.21433172496353,0.0,1.0
1978,2019-03-24 10:00:00,3,2019-03-24 11:00:00,0.06431,0.06431,0.06431,0.0,0.276520743730892,289.88708022149984,-0.0,0.0,0.0,289.88708022149984,289.88708022149984,0.0,0.0
1979,2019-03-24 11:00:00,3,2019-03-24 12:00:00,0.06431,0.06431,0.06431,0.0,0.276520743730892,288.6669367922338,-74.54739493272973,0.0,0.0,363.21433172496353,363.21433172496353,0.0,1.0
1980,2019-03-24 12:00:00,3,2019-03-24 13:00:00,0.06431,0.06431,0.06431,0.0,0.50513275485793,278.378531784225,-84.83579994073853,0.0,0.0,363.21433172496353,363.21433172496353,0.0,1.0
1981,2019-03-24 13:00:00,3,2019-03-24 14:00:00,0.06431,0.06431,0.06431,0.0,0.7652958746761948,278.4220249242629,-76.53395390993649,0.0,0.0,354.9559788341994,354.9559788341994,0.0,1.0
1982,2019-03-24 14:00:00,3,2019-03-24 15:00:00,0.10531,0.10531,0.10531,0.0,1.0,277.81863653933397,-0.0,0.0,0.0,277.81863653933397,277.81863653933397,0.0,1.0
1983,2019-03-24 15:00:00,3,2019-03-24 16:00:00,0.10531,0.10531,0.10531,0.0,1.0,307.8186110624662,-0.0,0.0,0.0,307.8186110624662,307.8186110624662,0.0,0.0
1984,2019-03-24 16:00:00,3,2019-03-24 17:00:00,0.13592,0.13592,0.13592,0.0,1.0,344.42697869924314,-0.0,0.0,0.0,344.42697869924314,344.42697869924314,0.0,1.0
1985,2019-03-24 17:00:00,3,2019-03-24 18:00:00,0.13592,0.13592,0.13592,0.0,1.0,401.09588991753503,-0.0,55.94588848057155,0.0,345.1500014369635,345.1500014369635,0.0,0.0
1986,2019-03-24 18:00:00,3,2019-03-24 19:00:00,0.13592,0.13592,0.13592,0.0,0.7972975055051755,423.10628976219755,-0.0,59.89195803723402,0.0,363.21433172496353,363.21433172496353,0.0,0.0
1987,2019-03-24 19:00:00,3,2019-03-24 20:00:00,0.13592,0.13592,0.13592,0.0,0.5802976575441827,448.8625757732471,-0.0,85.64824404828357,0.0,363.21433172496353,363.21433172496353,0.0,0.0
1988,2019-03-24 20:00:00,3,2019-03-24 21:00:00,0.13592,0.13592,0.13592,0.0,0.2699779327315612,423.9282411588744,-0.0,60.713909433910885,0.0,363.21433172496353,363.21433172496353,0.0,0.0
1989,2019-03-24 21:00:00,3,2019-03-24 22:00:00,0.10531,0.10531,0.10531,0.0,0.05,356.30269050669426,-6.911641218269267,0.0,0.0,363.21433172496353,363.21433172496353,0.0,1.0
1990,2019-03-24 22:00:00,3,2019-03-24 23:00:00,0.10531,0.10531,0.10531,0.0,0.07119569973602576,288.0196660153806,-0.0,0.0,0.0,288.0196660153806,288.0196660153806,0.0,1.0
1991,2019-03-24 23:00:00,3,2019-03-25 00:00:00,0.10531,0.10531,0.10531,0.0,0.07119569973602576,214.06470504954405,-0.0,0.0,0.0,214.06470504954405,214.06470504954405,0.0,1.0
1992,2019-03-25 00:00:00,3,2019-03-25 01:00:00,0.10531,0.10531,0.10531,0.0,0.07119569973602576,218.12093948085447,-0.0,0.0,0.0,218.12093948085447,218.12093948085447,0.0,1.0
1993,2019-03-25 01:00:00,3,2019-03-25 02:00:00,0.10531,0.10531,0.10531,0.0,0.07119569973602576,199.01994659720702,-0.0,0.0,0.0,199.01994659720702,199.01994659720702,0.0,1.0
1994,2019-03-25 02:00:00,3,2019-03-25 03:00:00,0.10531,0.10531,0.10531,0.0,0.07119569973602576,202.4669959765047,-0.0,0.0,0.0,202.4669959765047,202.4669959765047,0.0,1.0
1995,2019-03-25 03:00:00,3,2019-03-25 04:00:00,0.10531,0.10531,0.10531,0.0,0.07119569973602576,193.49929209534665,-39.34182026298997,0.0,0.0,232.84111235833663,232.84111235833663,0.0,1.0
1996,2019-03-25 04:00:00,3,2019-03-25 05:00:00,0.10531,0.10531,0.10531,0.0,0.19184394854252834,206.69992621085478,-0.0,0.0,0.0,206.69992621085478,206.69992621085478,0.0,1.0
1997,2019-03-25 05:00:00,3,2019-03-25 06:00:00,0.10531,0.10531,0.10531,0.0,0.19184394854252834,313.5308181881287,-0.0,0.0,0.0,313.5308181881287,313.5308181881287,0.0,1.0
1998,2019-03-25 06:00:00,3,2019-03-25 07:00:00,0.10531,0.10531,0.10531,0.0,0.19184394854252834,362.38790289514253,-0.0,0.0,0.0,362.38790289514253,362.38790289514253,0.0,0.0
1999,2019-03-25 07:00:00,3,2019-03-25 08:00:00,0.10531,0.10531,0.10531,0.0,0.19184394854252834,402.36326152270135,-0.0,39.14892979773782,0.0,363.21433172496353,363.21433172496353,0.0,0.0
2000,2019-03-25 08:00:00,3,2019-03-25 09:00:00,0.10531,0.10531,0.10531,0.0,0.05,355.82876674147997,-0.0,0.0,0.0,355.82876674147997,355.82876674147997,0.0,0.0
2001,2019-03-25 09:00:00,3,2019-03-25 10:00:00,0.06431,0.06431,0.06431,0.0,0.05,301.8872478459384,-61.32708387902511,0.0,0.0,363.21433172496353,363.21433172496353,0.0,1.0
2002,2019-03-25 10:00:00,3,2019-03-25 11:00:00,0.06431,0.06431,0.06431,0.0,0.23806972389567704,293.4126664544371,-15.716396998669987,0.0,0.0,309.12906345310705,309.12906345310705,0.0,1.0
2003,2019-03-25 11:00:00,3,2019-03-25 12:00:00,0.06431,0.06431,0.06431,0.0,0.28626667469159833,292.25686911858634,-70.95746260637719,0.0,0.0,363.21433172496353,363.21433172496353,0.0,1.0
2004,2019-03-25 12:00:00,3,2019-03-25 13:00:00,0.06431,0.06431,0.06431,0.0,0.5038695600178217,282.31554912087427,-80.89878260408926,0.0,0.0,363.21433172496353,363.21433172496353,0.0,1.0
2005,2019-03-25 13:00:00,3,2019-03-25 14:00:00,0.06431,0.06431,0.06431,0.0,0.7519591600036954,282.3314491174729,-80.88288260749061,0.0,0.0,363.21433172496353,363.21433172496353,0.0,1.0
2006,2019-03-25 14:00:00,3,2019-03-25 15:00:00,0.10531,0.10531,0.10531,0.0,1.0,282.09197406340314,-0.0,0.0,0.0,282.09197406340314,282.09197406340314,0.0,1.0
2007,2019-03-25 15:00:00,3,2019-03-25 16:00:00,0.10531,0.10531,0.10531,0.0,1.0,312.9290994086058,-0.0,0.0,0.0,312.9290994086058,312.9290994086058,0.0,1.0
2008,2019-03-25 16:00:00,3,2019-03-25 17:00:00,0.13592,0.13592,0.13592,0.0,1.0,341.4811571079774,-0.0,0.0,0.0,341.4811571079774,341.4811571079774,0.0,1.0
2009,2019-03-25 17:00:00,3,2019-03-25 18:00:00,0.13592,0.13592,0.13592,0.0,1.0,411.74871694913094,-0.0,48.53438522416741,0.0,363.21433172496353,363.21433172496353,0.0,0.0
2010,2019-03-25 18:00:00,3,2019-03-25 19:00:00,0.13592,0.13592,0.13592,0.0,0.8241507781733065,420.1158691059381,-0.0,86.52907039051209,0.0,333.58679871542597,333.58679871542597,0.0,0.0
2011,2019-03-25 19:00:00,3,2019-03-25 20:00:00,0.13592,0.13592,0.13592,0.0,0.5106396535700019,430.97930919093625,-0.0,67.76497746597272,0.0,363.21433172496353,363.21433172496353,0.0,0.0
2012,2019-03-25 20:00:00,3,2019-03-25 21:00:00,0.13592,0.13592,0.13592,0.0,0.26511437289618767,420.38337097763394,-0.0,57.169039252670416,0.0,363.21433172496353,363.21433172496353,0.0,0.0
2013,2019-03-25 21:00:00,3,2019-03-25 22:00:00,0.10531,0.10531,0.10531,0.0,0.05798017270535284,365.4168593916409,-0.0,2.2025276666773834,0.0,363.21433172496353,363.21433172496353,0.0,0.0
2014,2019-03-25 22:00:00,3,2019-03-25 23:00:00,0.10531,0.10531,0.10531,0.0,0.05,291.38417406253615,-55.41788283523523,0.0,0.0,346.80205689777137,346.80205689777137,0.0,1.0
2015,2019-03-25 23:00:00,3,2019-03-26 00:00:00,0.10531,0.10531,0.10531,0.0,0.21994817402805472,227.63596082677992,-0.0,0.0,0.0,227.63596082677992,227.63596082677992,0.0,1.0
2016,2019-03-26 00:00:00,3,2019-03-26 01:00:00,0.10531,0.10531,0.10531,0.0,0.21994817402805472,235.2676860051965,-0.0,0.0,0.0,235.2676860051965,235.2676860051965,0.0,1.0
2017,2019-03-26 01:00:00,3,2019-03-26 02:00:00,0.10531,0.10531,0.10531,0.0,0.21994817402805472,198.79976940259613,-0.0,0.0,0.0,198.79976940259613,198.79976940259613,0.0,1.0
2018,2019-03-26 02:00:00,3,2019-03-26 03:00:00,0.10531,0.10531,0.10531,0.0,0.21994817402805472,200.45565946644663,-0.0,0.0,0.0,200.45565946644663,200.45565946644663,0.0,1.0
2019,2019-03-26 03:00:00,3,2019-03-26 04:00:00,0.10531,0.10531,0.10531,0.0,0.21994817402805472,215.11544956112846,-0.0,0.0,0.0,215.11544956112846,215.11544956112846,0.0,1.0
2020,2019-03-26 04:00:00,3,2019-03-26 05:00:00,0.10531,0.10531,0.10531,0.0,0.21994817402805472,230.738352313176,-0.0,0.0,0.0,230.738352313176,230.738352313176,0.0,1.0
2021,2019-03-26 05:00:00,3,2019-03-26 06:00:00,0.10531,0.10531,0.10531,0.0,0.21994817402805472,303.73485865154396,-0.0,0.0,0.0,303.73485865154396,303.73485865154396,0.0,1.0
2022,2019-03-26 06:00:00,3,2019-03-26 07:00:00,0.10531,0.10531,0.10531,0.0,0.21994817402805472,371.63132477381595,-0.0,8.416993048852424,0.0,363.21433172496353,363.21433172496353,0.0,0.0
2023,2019-03-26 07:00:00,3,2019-03-26 08:00:00,0.10531,0.10531,0.10531,0.0,0.18945182240177785,401.7030347078542,-0.0,38.488702982890686,0.0,363.21433172496353,363.21433172496353,0.0,0.0
2024,2019-03-26 08:00:00,3,2019-03-26 09:00:00,0.10531,0.10531,0.10531,0.0,0.05,345.6944426338041,-0.0,0.0,0.0,345.6944426338041,345.6944426338041,0.0,1.0
2025,2019-03-26 09:00:00,3,2019-03-26 10:00:00,0.06431,0.06431,0.06431,0.0,0.05,301.62109584929544,-61.593235875668086,0.0,0.0,363.21433172496353,363.21433172496353,0.0,1.0
2026,2019-03-26 10:00:00,3,2019-03-26 11:00:00,0.06431,0.06431,0.06431,0.0,0.2388859233520488,298.4478474251406,-64.76648429982293,0.0,0.0,363.21433172496353,363.21433172496353,0.0,1.0
2027,2019-03-26 11:00:00,3,2019-03-26 12:00:00,0.06431,0.06431,0.06431,0.0,0.43750314187150585,297.8941730727269,-13.690350576089239,0.0,0.0,311.5845236488162,311.5845236488162,0.0,1.0
2028,2019-03-26 12:00:00,3,2019-03-26 13:00:00,0.06431,0.06431,0.06431,0.0,0.4794868836381795,278.33108191711494,-84.88324980784859,0.0,0.0,363.21433172496353,363.21433172496353,0.0,1.0
2029,2019-03-26 13:00:00,3,2019-03-26 14:00:00,0.06431,0.06431,0.06431,0.0,0.7397955163822485,278.3650435887402,-84.84928813622332,0.0,0.0,363.21433172496353,363.21433172496353,0.0,1.0
2030,2019-03-26 14:00:00,3,2019-03-26 15:00:00,0.10531,0.10531,0.10531,0.0,1.0,278.2804442886649,-0.0,0.0,0.0,278.2804442886649,278.2804442886649,0.0,1.0
2031,2019-03-26 15:00:00,3,2019-03-26 16:00:00,0.10531,0.10531,0.10531,0.0,1.0,308.3871946362319,-0.0,0.0,0.0,308.3871946362319,308.3871946362319,0.0,0.0
2032,2019-03-26 16:00:00,3,2019-03-26 17:00:00,0.13592,0.13592,0.13592,0.0,1.0,337.10479613732196,-0.0,0.0,0.0,337.10479613732196,337.10479613732196,0.0,1.0
2033,2019-03-26 17:00:00,3,2019-03-26 18:00:00,0.13592,0.13592,0.13592,0.0,1.0,402.83124648316885,-0.0,39.616914758205326,0.0,363.21433172496353,363.21433172496353,0.0,0.0
2034,2019-03-26 18:00:00,3,2019-03-26 19:00:00,0.13592,0.13592,0.13592,0.0,0.8564604537746184,420.91222777508494,-0.0,57.697896050121415,0.0,363.21433172496353,363.21433172496353,0.0,0.0
2035,2019-03-26 19:00:00,3,2019-03-26 20:00:00,0.13592,0.13592,0.13592,0.0,0.6474101057669321,441.3238057819207,-0.0,78.1094740569572,0.0,363.21433172496353,363.21433172496353,0.0,0.0
2036,2019-03-26 20:00:00,3,2019-03-26 21:00:00,0.13592,0.13592,0.13592,0.0,0.36440476498085533,411.72713209461244,-0.0,86.77571513471608,0.0,324.9514169598964,324.9514169598964,0.0,0.0
2037,2019-03-26 21:00:00,3,2019-03-26 22:00:00,0.10531,0.10531,0.10531,0.0,0.05,357.0526706441505,-0.0,0.0,0.0,357.0526706441505,357.0526706441505,0.0,1.0
2038,2019-03-26 22:00:00,3,2019-03-26 23:00:00,0.10531,0.10531,0.10531,0.0,0.05,292.55980727556033,-0.0,0.0,0.0,292.55980727556033,292.55980727556033,0.0,1.0
2039,2019-03-26 23:00:00,3,2019-03-27 00:00:00,0.10531,0.10531,0.10531,0.0,0.05,224.3815703874753,-0.0,0.0,0.0,224.3815703874753,224.3815703874753,0.0,1.0
2040,2019-03-27 00:00:00,3,2019-03-27 01:00:00,0.10531,0.10531,0.10531,0.0,0.05,200.6896636982603,-0.0,0.0,0.0,200.6896636982603,200.6896636982603,0.0,1.0
2041,2019-03-27 01:00:00,3,2019-03-27 02:00:00,0.10531,0.10531,0.10531,0.0,0.05,197.19800287039385,-56.07239925602145,0.0,0.0,253.2704021264153,253.2704021264153,0.0,1.0
2042,2019-03-27 02:00:00,3,2019-03-27 03:00:00,0.10531,0.10531,0.10531,0.0,0.22195535771846578,193.7399521069644,-0.0,0.0,0.0,193.7399521069644,193.7399521069644,0.0,1.0
2043,2019-03-27 03:00:00,3,2019-03-27 04:00:00,0.10531,0.10531,0.10531,0.0,0.22195535771846578,207.75360064120602,-0.0,0.0,0.0,207.75360064120602,207.75360064120602,0.0,1.0
2044,2019-03-27 04:00:00,3,2019-03-27 05:00:00,0.10531,0.10531,0.10531,0.0,0.22195535771846578,222.51658702638048,-0.0,0.0,0.0,222.51658702638048,222.51658702638048,0.0,1.0
2045,2019-03-27 05:00:00,3,2019-03-27 06:00:00,0.10531,0.10531,0.10531,0.0,0.22195535771846578,337.3628298988893,-0.0,0.0,0.0,337.3628298988893,337.3628298988893,0.0,1.0
2046,2019-03-27 06:00:00,3,2019-03-27 07:00:00,0.10531,0.10531,0.10531,0.0,0.22195535771846578,407.8647630268824,-0.0,44.65043130191884,0.0,363.21433172496353,363.21433172496353,0.0,0.0
2047,2019-03-27 07:00:00,3,2019-03-27 08:00:00,0.10531,0.10531,0.10531,0.0,0.06017843271151347,366.02357915334125,-0.0,2.8092474283777165,0.0,363.21433172496353,363.21433172496353,0.0,0.0
2048,2019-03-27 08:00:00,3,2019-03-27 09:00:00,0.10531,0.10531,0.10531,0.0,0.05,339.13550750231065,-0.0,0.0,0.0,339.13550750231065,339.13550750231065,0.0,0.0
2049,2019-03-27 09:00:00,3,2019-03-27 10:00:00,0.06431,0.06431,0.06431,0.0,0.05,289.8159226886213,-0.0,0.0,0.0,289.8159226886213,289.8159226886213,0.0,0.0
2050,2019-03-27 10:00:00,3,2019-03-27 11:00:00,0.06431,0.06431,0.06431,0.0,0.05,290.9593850892324,-67.45974467955384,0.0,0.0,358.4191297687862,358.4191297687862,0.0,1.0
2051,2019-03-27 11:00:00,3,2019-03-27 12:00:00,0.06431,0.06431,0.06431,0.0,0.2568765503506318,289.4898522657382,-73.72447945922534,0.0,0.0,363.21433172496353,363.21433172496353,0.0,1.0
2052,2019-03-27 12:00:00,3,2019-03-27 13:00:00,0.06431,0.06431,0.06431,0.0,0.4829649540255895,278.8762860484829,-84.33804567648065,0.0,0.0,363.21433172496353,363.21433172496353,0.0,1.0
2053,2019-03-27 13:00:00,3,2019-03-27 14:00:00,0.06431,0.06431,0.06431,0.0,0.7416016274334635,278.9539928445712,-84.26033888039234,0.0,0.0,363.21433172496353,363.21433172496353,0.0,1.0
2054,2019-03-27 14:00:00,3,2019-03-27 15:00:00,0.10531,0.10531,0.10531,0.0,1.0,278.23302406720865,-0.0,0.0,0.0,278.23302406720865,278.23302406720865,0.0,1.0
2055,2019-03-27 15:00:00,3,2019-03-27 16:00:00,0.10531,0.10531,0.10531,0.0,1.0,307.8748520951529,-0.0,0.0,0.0,307.8748520951529,307.8748520951529,0.0,0.0
2056,2019-03-27 16:00:00,3,2019-03-27 17:00:00,0.13592,0.13592,0.13592,0.0,1.0,344.11476888298245,-0.0,0.0,0.0,344.11476888298245,344.11476888298245,0.0,1.0
2057,2019-03-27 17:00:00,3,2019-03-27 18:00:00,0.13592,0.13592,0.13592,0.0,1.0,401.27685424537225,-0.0,54.97208158660269,0.0,346.3047726587696,346.3047726587696,0.0,0.0
2058,2019-03-27 18:00:00,3,2019-03-27 19:00:00,0.13592,0.13592,0.13592,0.0,0.8008257913528888,423.42142284934255,-0.0,60.20709112437902,0.0,363.21433172496353,363.21433172496353,0.0,0.0
2059,2019-03-27 19:00:00,3,2019-03-27 20:00:00,0.13592,0.13592,0.13592,0.0,0.5826841568442692,449.74460814550355,-0.0,86.53027642054002,0.0,363.21433172496353,363.21433172496353,0.0,0.0
2060,2019-03-27 20:00:00,3,2019-03-27 21:00:00,0.13592,0.13592,0.13592,0.0,0.2691686625669503,423.7048825934418,-0.0,60.490550868478294,0.0,363.21433172496353,363.21433172496353,0.0,0.0
2061,2019-03-27 21:00:00,3,2019-03-27 22:00:00,0.10531,0.10531,0.10531,0.0,0.05,356.7802354500712,-0.0,0.0,0.0,356.7802354500712,356.7802354500712,0.0,1.0
2062,2019-03-27 22:00:00,3,2019-03-27 23:00:00,0.10531,0.10531,0.10531,0.0,0.05,288.42460716379463,-0.0,0.0,0.0,288.42460716379463,288.42460716379463,0.0,1.0
2063,2019-03-27 23:00:00,3,2019-03-28 00:00:00,0.10531,0.10531,0.10531,0.0,0.05,211.19686845672854,-0.0,0.0,0.0,211.19686845672854,211.19686845672854,0.0,1.0
2064,2019-03-28 00:00:00,3,2019-03-28 01:00:00,0.10531,0.10531,0.10531,0.0,0.05,204.11434656032915,-52.356808370824936,0.0,0.0,256.47115493115405,256.47115493115405,0.0,1.0
2065,2019-03-28 01:00:00,3,2019-03-28 02:00:00,0.10531,0.10531,0.10531,0.0,0.21056087900386314,198.73498990066028,-0.0,0.0,0.0,198.73498990066028,198.73498990066028,0.0,1.0
2066,2019-03-28 02:00:00,3,2019-03-28 03:00:00,0.10531,0.10531,0.10531,0.0,0.21056087900386314,174.6229185979565,-0.0,0.0,0.0,174.6229185979565,174.6229185979565,0.0,0.0
2067,2019-03-28 03:00:00,3,2019-03-28 04:00:00,0.10531,0.10531,0.10531,0.0,0.21056087900386314,182.86554200616789,-0.0,0.0,0.0,182.86554200616789,182.86554200616789,0.0,1.0
2068,2019-03-28 04:00:00,3,2019-03-28 05:00:00,0.10531,0.10531,0.10531,0.0,0.21056087900386314,218.5987137741008,-0.0,0.0,0.0,218.5987137741008,218.5987137741008,0.0,0.0
2069,2019-03-28 05:00:00,3,2019-03-28 06:00:00,0.10531,0.10531,0.10531,0.0,0.21056087900386314,353.4026278491151,-0.0,0.0,0.0,353.4026278491151,353.4026278491151,0.0,1.0
2070,2019-03-28 06:00:00,3,2019-03-28 07:00:00,0.10531,0.10531,0.10531,0.0,0.21056087900386314,404.79619862725673,-0.0,41.5818669022932,0.0,363.21433172496353,363.21433172496353,0.0,0.0
2071,2019-03-28 07:00:00,3,2019-03-28 08:00:00,0.10531,0.10531,0.10531,0.0,0.05990194095207622,365.94726742773656,-0.0,2.732935702773034,0.0,363.21433172496353,363.21433172496353,0.0,0.0
2072,2019-03-28 08:00:00,3,2019-03-28 09:00:00,0.10531,0.10531,0.10531,0.0,0.05,338.10779877309227,-0.0,0.0,0.0,338.10779877309227,338.10779877309227,0.0,1.0
2073,2019-03-28 09:00:00,3,2019-03-28 10:00:00,0.06431,0.06431,0.06431,0.0,0.05,289.5211317959479,-73.69319992901563,0.0,0.0,363.21433172496353,363.21433172496353,0.0,1.0
2074,2019-03-28 10:00:00,3,2019-03-28 11:00:00,0.06431,0.06431,0.06431,0.0,0.2759924797823146,290.571157814234,-0.0,0.0,0.0,290.571157814234,290.571157814234,0.0,0.0
2075,2019-03-28 11:00:00,3,2019-03-28 12:00:00,0.06431,0.06431,0.06431,0.0,0.2759924797823146,289.39111470253977,-73.82321702242376,0.0,0.0,363.21433172496353,363.21433172496353,0.0,1.0
2076,2019-03-28 12:00:00,3,2019-03-28 13:00:00,0.06431,0.06431,0.06431,0.0,0.5023836786510808,278.97915311935645,-78.33750977651059,0.0,0.0,357.316662895867,357.316662895867,0.0,1.0
2077,2019-03-28 13:00:00,3,2019-03-28 14:00:00,0.06431,0.06431,0.06431,0.0,0.74261870863238,279.28564975726135,-83.92868196770218,0.0,0.0,363.21433172496353,363.21433172496353,0.0,1.0
2078,2019-03-28 14:00:00,3,2019-03-28 15:00:00,0.10531,0.10531,0.10531,0.0,1.0,278.4239798074699,-0.0,0.0,0.0,278.4239798074699,278.4239798074699,0.0,1.0
2079,2019-03-28 15:00:00,3,2019-03-28 16:00:00,0.10531,0.10531,0.10531,0.0,1.0,307.86875461398216,-0.0,0.0,0.0,307.86875461398216,307.86875461398216,0.0,1.0
2080,2019-03-28 16:00:00,3,2019-03-28 17:00:00,0.13592,0.13592,0.13592,0.0,1.0,344.5266655460184,-0.0,0.0,0.0,344.5266655460184,344.5266655460184,0.0,1.0
2081,2019-03-28 17:00:00,3,2019-03-28 18:00:00,0.13592,0.13592,0.13592,0.0,1.0,401.7996688492869,-0.0,38.58533712432336,0.0,363.21433172496353,363.21433172496353,0.0,0.0
2082,2019-03-28 18:00:00,3,2019-03-28 19:00:00,0.13592,0.13592,0.13592,0.0,0.860198053897379,423.2901896168498,-0.0,77.44794614586863,0.0,345.84224347098115,345.84224347098115,0.0,0.0
2083,2019-03-28 19:00:00,3,2019-03-28 20:00:00,0.13592,0.13592,0.13592,0.0,0.5795895533688696,449.63092444995027,-0.0,86.41659272498674,0.0,363.21433172496353,363.21433172496353,0.0,0.0
2084,2019-03-28 20:00:00,3,2019-03-28 21:00:00,0.13592,0.13592,0.13592,0.0,0.2664859565392075,422.9644557297848,-0.0,59.75012400482126,0.0,363.21433172496353,363.21433172496353,0.0,0.0
2085,2019-03-28 21:00:00,3,2019-03-28 22:00:00,0.10531,0.10531,0.10531,0.0,0.05,354.97944582903165,-0.0,0.0,0.0,354.97944582903165,354.97944582903165,0.0,0.0
2086,2019-03-28 22:00:00,3,2019-03-28 23:00:00,0.10531,0.10531,0.10531,0.0,0.05,286.6717182174487,-0.0,0.0,0.0,286.6717182174487,286.6717182174487,0.0,1.0
2087,2019-03-28 23:00:00,3,2019-03-29 00:00:00,0.10531,0.10531,0.10531,0.0,0.05,228.67581799042685,-0.0,0.0,0.0,228.67581799042685,228.67581799042685,0.0,1.0
2088,2019-03-29 00:00:00,3,2019-03-29 01:00:00,0.10531,0.10531,0.10531,0.0,0.05,213.2305746066315,-49.19489464608766,0.0,0.0,262.42546925271915,262.42546925271915,0.0,1.0
2089,2019-03-29 01:00:00,3,2019-03-29 02:00:00,0.10531,0.10531,0.10531,0.0,0.2008643435813355,188.17906577963203,-0.0,0.0,0.0,188.17906577963203,188.17906577963203,0.0,0.0
2090,2019-03-29 02:00:00,3,2019-03-29 03:00:00,0.10531,0.10531,0.10531,0.0,0.2008643435813355,194.72259331651816,-0.0,0.0,0.0,194.72259331651816,194.72259331651816,0.0,1.0
2091,2019-03-29 03:00:00,3,2019-03-29 04:00:00,0.10531,0.10531,0.10531,0.0,0.2008643435813355,200.8085243061917,-0.0,0.0,0.0,200.8085243061917,200.8085243061917,0.0,0.0
2092,2019-03-29 04:00:00,3,2019-03-29 05:00:00,0.10531,0.10531,0.10531,0.0,0.2008643435813355,233.73564110788507,-0.0,0.0,0.0,233.73564110788507,233.73564110788507,0.0,1.0
2093,2019-03-29 05:00:00,3,2019-03-29 06:00:00,0.10531,0.10531,0.10531,0.0,0.2008643435813355,343.10273659222486,-0.0,0.0,0.0,343.10273659222486,343.10273659222486,0.0,1.0
2094,2019-03-29 06:00:00,3,2019-03-29 07:00:00,0.10531,0.10531,0.10531,0.0,0.2008643435813355,404.4312944495457,-0.0,41.216962724582174,0.0,363.21433172496353,363.21433172496353,0.0,0.0
2095,2019-03-29 07:00:00,3,2019-03-29 08:00:00,0.10531,0.10531,0.10531,0.0,0.051527522115458045,363.63592782882995,-0.0,0.42159610386642044,0.0,363.21433172496353,363.21433172496353,0.0,0.0
2096,2019-03-29 08:00:00,3,2019-03-29 09:00:00,0.10531,0.10531,0.10531,0.0,0.05,337.7173196031481,-0.0,0.0,0.0,337.7173196031481,337.7173196031481,0.0,0.0
2097,2019-03-29 09:00:00,3,2019-03-29 10:00:00,0.06431,0.06431,0.06431,0.0,0.05,289.20791663327026,-74.00641509169327,0.0,0.0,363.21433172496353,363.21433172496353,0.0,1.0
2098,2019-03-29 10:00:00,3,2019-03-29 11:00:00,0.06431,0.06431,0.06431,0.0,0.2769530062811927,290.0946737425553,-73.11965798240823,0.0,0.0,363.21433172496353,363.21433172496353,0.0,1.0
2099,2019-03-29 11:00:00,3,2019-03-29 12:00:00,0.06431,0.06431,0.06431,0.0,0.5011866240939112,289.22593538036904,-0.0,0.0,0.0,289.22593538036904,289.22593538036904,0.0,0.0
2100,2019-03-29 12:00:00,3,2019-03-29 13:00:00,0.06431,0.06431,0.06431,0.0,0.5011866240939112,279.21369403744,-84.00063768752352,0.0,0.0,363.21433172496353,363.21433172496353,0.0,1.0
2101,2019-03-29 13:00:00,3,2019-03-29 14:00:00,0.06431,0.06431,0.06431,0.0,0.7587885796689834,278.7790092033478,-78.65589793402714,0.0,0.0,357.4349071373749,357.4349071373749,0.0,1.0
2102,2019-03-29 14:00:00,3,2019-03-29 15:00:00,0.10531,0.10531,0.10531,0.0,1.0,278.3137531207983,-0.0,0.0,0.0,278.3137531207983,278.3137531207983,0.0,1.0
2103,2019-03-29 15:00:00,3,2019-03-29 16:00:00,0.10531,0.10531,0.10531,0.0,1.0,308.0983617499553,-0.0,0.0,0.0,308.0983617499553,308.0983617499553,0.0,1.0
2104,2019-03-29 16:00:00,3,2019-03-29 17:00:00,0.13592,0.13592,0.13592,0.0,1.0,344.63078234615136,-0.0,0.0,0.0,344.63078234615136,344.63078234615136,0.0,1.0
2105,2019-03-29 17:00:00,3,2019-03-29 18:00:00,0.13592,0.13592,0.13592,0.0,1.0,402.14438776343997,-0.0,38.93005603847644,0.0,363.21433172496353,363.21433172496353,0.0,0.0
2106,2019-03-29 18:00:00,3,2019-03-29 19:00:00,0.13592,0.13592,0.13592,0.0,0.8589490723243607,409.69947878668813,-0.0,109.02199896170455,0.0,300.6774798249836,300.6774798249836,0.0,0.0
2107,2019-03-29 19:00:00,3,2019-03-29 20:00:00,0.13592,0.13592,0.13592,0.0,0.46394182970948916,428.52337402862025,-0.0,65.30904230365672,0.0,363.21433172496353,363.21433172496353,0.0,0.0
2108,2019-03-29 20:00:00,3,2019-03-29 21:00:00,0.13592,0.13592,0.13592,0.0,0.22731486484116772,412.15323442112583,-0.0,48.9389026961623,0.0,363.21433172496353,363.21433172496353,0.0,0.0
2109,2019-03-29 21:00:00,3,2019-03-29 22:00:00,0.10531,0.10531,0.10531,0.0,0.05,351.288086030441,-0.0,0.0,0.0,351.288086030441,351.288086030441,0.0,0.0
2110,2019-03-29 22:00:00,3,2019-03-29 23:00:00,0.10531,0.10531,0.10531,0.0,0.05,285.5013971782762,-0.0,0.0,0.0,285.5013971782762,285.5013971782762,0.0,0.0
2111,2019-03-29 23:00:00,3,2019-03-30 00:00:00,0.10531,0.10531,0.10531,0.0,0.05,222.82710663668644,-0.0,0.0,0.0,222.82710663668644,222.82710663668644,0.0,0.0
2112,2019-03-30 00:00:00,3,2019-03-30 01:00:00,0.10531,0.10531,0.10531,0.0,0.05,210.45006539792385,-48.242434557216974,0.0,0.0,258.6924999551408,258.6924999551408,0.0,1.0
2113,2019-03-30 01:00:00,3,2019-03-30 02:00:00,0.10531,0.10531,0.10531,0.0,0.19794346597546542,188.27550334880496,-0.0,0.0,0.0,188.27550334880496,188.27550334880496,0.0,1.0
2114,2019-03-30 02:00:00,3,2019-03-30 03:00:00,0.10531,0.10531,0.10531,0.0,0.19794346597546542,184.974162221984,-0.0,0.0,0.0,184.974162221984,184.974162221984,0.0,1.0
2115,2019-03-30 03:00:00,3,2019-03-30 04:00:00,0.10531,0.10531,0.10531,0.0,0.19794346597546542,190.23110744314795,-0.0,0.0,0.0,190.23110744314795,190.23110744314795,0.0,0.0
2116,2019-03-30 04:00:00,3,2019-03-30 05:00:00,0.10531,0.10531,0.10531,0.0,0.19794346597546542,217.2168851241561,-0.0,0.0,0.0,217.2168851241561,217.2168851241561,0.0,0.0
2117,2019-03-30 05:00:00,3,2019-03-30 06:00:00,0.10531,0.10531,0.10531,0.0,0.19794346597546542,355.06385139096636,-0.0,0.0,0.0,355.06385139096636,355.06385139096636,0.0,1.0
2118,2019-03-30 06:00:00,3,2019-03-30 07:00:00,0.10531,0.10531,0.10531,0.0,0.19794346597546542,403.1948412511534,-0.0,39.98050952618985,0.0,363.21433172496353,363.21433172496353,0.0,0.0
2119,2019-03-30 07:00:00,3,2019-03-30 08:00:00,0.10531,0.10531,0.10531,0.0,0.053086547402313784,364.06621880800213,-0.0,0.8518870830386049,0.0,363.21433172496353,363.21433172496353,0.0,0.0
2120,2019-03-30 08:00:00,3,2019-03-30 09:00:00,0.10531,0.10531,0.10531,0.0,0.05,337.1924461709983,-0.0,0.0,0.0,337.1924461709983,337.1924461709983,0.0,1.0
2121,2019-03-30 09:00:00,3,2019-03-30 10:00:00,0.06431,0.06431,0.06431,0.0,0.05,287.85888548474827,-75.35544624021526,0.0,0.0,363.21433172496353,363.21433172496353,0.0,1.0
2122,2019-03-30 10:00:00,3,2019-03-30 11:00:00,0.06431,0.06431,0.06431,0.0,0.28109003513666014,288.8771574441519,-0.0,0.0,0.0,288.8771574441519,288.8771574441519,0.0,0.0
2123,2019-03-30 11:00:00,3,2019-03-30 12:00:00,0.06431,0.06431,0.06431,0.0,0.28109003513666014,288.15170463893725,-75.06262708602628,0.0,0.0,363.21433172496353,363.21433172496353,0.0,1.0
2124,2019-03-30 12:00:00,3,2019-03-30 13:00:00,0.06431,0.06431,0.06431,0.0,0.5112820915338073,278.3784014915403,-74.59162604263004,0.0,0.0,352.9700275341703,352.9700275341703,0.0,1.0
2125,2019-03-30 13:00:00,3,2019-03-30 14:00:00,0.06431,0.06431,0.06431,0.0,0.7400297447312061,278.4414223981829,-84.77290932678062,0.0,0.0,363.21433172496353,363.21433172496353,0.0,1.0
2126,2019-03-30 14:00:00,3,2019-03-30 15:00:00,0.10531,0.10531,0.10531,0.0,1.0,278.1578057491139,-0.0,0.0,0.0,278.1578057491139,278.1578057491139,0.0,1.0
2127,2019-03-30 15:00:00,3,2019-03-30 16:00:00,0.10531,0.10531,0.10531,0.0,1.0,307.83452785726547,-0.0,0.0,0.0,307.83452785726547,307.83452785726547,0.0,1.0
2128,2019-03-30 16:00:00,3,2019-03-30 17:00:00,0.13592,0.13592,0.13592,0.0,1.0,344.2237050294946,-0.0,0.0,0.0,344.2237050294946,344.2237050294946,0.0,1.0
2129,2019-03-30 17:00:00,3,2019-03-30 18:00:00,0.13592,0.13592,0.13592,0.0,1.0,401.7225795746474,-0.0,56.216260472262526,0.0,345.50631910238485,345.50631910238485,0.0,0.0
2130,2019-03-30 18:00:00,3,2019-03-30 19:00:00,0.13592,0.13592,0.13592,0.0,0.7963178968396285,423.1122374304417,-0.0,59.897905705478195,0.0,363.21433172496353,363.21433172496353,0.0,0.0
2131,2019-03-30 19:00:00,3,2019-03-30 20:00:00,0.13592,0.13592,0.13592,0.0,0.5792964993560119,449.31396113829095,-0.0,86.09962941332742,0.0,363.21433172496353,363.21433172496353,0.0,0.0
2132,2019-03-30 20:00:00,3,2019-03-30 21:00:00,0.13592,0.13592,0.13592,0.0,0.26734132032221697,423.2005361338954,-0.0,59.98620440893188,0.0,363.21433172496353,363.21433172496353,0.0,0.0
2133,2019-03-30 21:00:00,3,2019-03-30 22:00:00,0.10531,0.10531,0.10531,0.0,0.05,355.84400349816866,-0.0,0.0,0.0,355.84400349816866,355.84400349816866,0.0,1.0
2134,2019-03-30 22:00:00,3,2019-03-30 23:00:00,0.10531,0.10531,0.10531,0.0,0.05,287.52739878939695,-0.0,0.0,0.0,287.52739878939695,287.52739878939695,0.0,1.0
2135,2019-03-30 23:00:00,3,2019-03-31 00:00:00,0.10531,0.10531,0.10531,0.0,0.05,203.21672947710655,-50.70243823751307,0.0,0.0,253.91916771461962,253.91916771461962,0.0,1.0
2136,2019-03-31 00:00:00,3,2019-03-31 01:00:00,0.10531,0.10531,0.10531,0.0,0.20548747726170677,190.1462354034728,-0.0,0.0,0.0,190.1462354034728,190.1462354034728,0.0,1.0
2137,2019-03-31 01:00:00,3,2019-03-31 02:00:00,0.10531,0.10531,0.10531,0.0,0.20548747726170677,189.75688564815343,-0.0,0.0,0.0,189.75688564815343,189.75688564815343,0.0,0.0
2138,2019-03-31 02:00:00,3,2019-03-31 03:00:00,0.10531,0.10531,0.10531,0.0,0.20548747726170677,181.74848295341678,-0.0,0.0,0.0,181.74848295341678,181.74848295341678,0.0,0.0
2139,2019-03-31 03:00:00,3,2019-03-31 04:00:00,0.10531,0.10531,0.10531,0.0,0.20548747726170677,187.9717152611999,-0.0,0.0,0.0,187.9717152611999,187.9717152611999,0.0,0.0
2140,2019-03-31 04:00:00,3,2019-03-31 05:00:00,0.10531,0.10531,0.10531,0.0,0.20548747726170677,219.2934428612691,-0.0,0.0,0.0,219.2934428612691,219.2934428612691,0.0,1.0
2141,2019-03-31 05:00:00,3,2019-03-31 06:00:00,0.10531,0.10531,0.10531,0.0,0.20548747726170677,348.3240328228537,-0.0,0.0,0.0,348.3240328228537,348.3240328228537,0.0,0.0
2142,2019-03-31 06:00:00,3,2019-03-31 07:00:00,0.10531,0.10531,0.10531,0.0,0.20548747726170677,405.89131397578285,-0.0,42.67698225081932,0.0,363.21433172496353,363.21433172496353,0.0,0.0
2143,2019-03-31 07:00:00,3,2019-03-31 08:00:00,0.10531,0.10531,0.10531,0.0,0.05086072997612951,363.4518931983753,-0.0,0.23756147341174483,0.0,363.21433172496353,363.21433172496353,0.0,0.0
2144,2019-03-31 08:00:00,3,2019-03-31 09:00:00,0.10531,0.10531,0.10531,0.0,0.05,335.3851028119334,-0.0,0.0,0.0,335.3851028119334,335.3851028119334,0.0,1.0
2145,2019-03-31 09:00:00,3,2019-03-31 10:00:00,0.06431,0.06431,0.06431,0.0,0.05,286.9249642334281,-0.0,0.0,0.0,286.9249642334281,286.9249642334281,0.0,1.0
2146,2019-03-31 10:00:00,3,2019-03-31 11:00:00,0.06431,0.06431,0.06431,0.0,0.05,288.7938249060701,-74.42050681889344,0.0,0.0,363.21433172496353,363.21433172496353,0.0,1.0
2147,2019-03-31 11:00:00,3,2019-03-31 12:00:00,0.06431,0.06431,0.06431,0.0,0.2782228875779399,287.7601773513498,-75.45415437361373,0.0,0.0,363.21433172496353,363.21433172496353,0.0,1.0
2148,2019-03-31 12:00:00,3,2019-03-31 13:00:00,0.06431,0.06431,0.06431,0.0,0.5096156276570221,278.07878801364274,-85.13554371132079,0.0,0.0,363.21433172496353,363.21433172496353,0.0,1.0
2149,2019-03-31 13:00:00,3,2019-03-31 14:00:00,0.06431,0.06431,0.06431,0.0,0.7706979617050725,278.4323473879502,-74.77240379182417,0.0,0.0,353.20475117977435,353.20475117977435,0.0,1.0
2150,2019-03-31 14:00:00,3,2019-03-31 15:00:00,0.10531,0.10531,0.10531,0.0,1.0,278.2912354301411,-0.0,0.0,0.0,278.2912354301411,278.2912354301411,0.0,1.0
2151,2019-03-31 15:00:00,3,2019-03-31 16:00:00,0.10531,0.10531,0.10531,0.0,1.0,307.8117720819237,-0.0,0.0,0.0,307.8117720819237,307.8117720819237,0.0,1.0
2152,2019-03-31 16:00:00,3,2019-03-31 17:00:00,0.13592,0.13592,0.13592,0.0,1.0,343.9474216506426,-0.0,0.0,0.0,343.9474216506426,343.9474216506426,0.0,1.0
2153,2019-03-31 17:00:00,3,2019-03-31 18:00:00,0.13592,0.13592,0.13592,0.0,1.0,400.79291587278834,-0.0,37.57858414782481,0.0,363.21433172496353,363.21433172496353,0.0,0.0
2154,2019-03-31 18:00:00,3,2019-03-31 19:00:00,0.13592,0.13592,0.13592,0.0,0.8638457096093305,421.9799375332703,-0.0,80.30446685657896,0.0,341.67547067669136,341.67547067669136,0.0,0.0
2155,2019-03-31 19:00:00,3,2019-03-31 20:00:00,0.13592,0.13592,0.13592,0.0,0.5728874963608559,448.10110319356534,-0.0,84.88677146860181,0.0,363.21433172496353,363.21433172496353,0.0,0.0
2156,2019-03-31 20:00:00,3,2019-03-31 21:00:00,0.13592,0.13592,0.13592,0.0,0.2653267301702697,422.64450925195797,-0.0,59.43017752699444,0.0,363.21433172496353,363.21433172496353,0.0,0.0
2157,2019-03-31 21:00:00,3,2019-03-31 22:00:00,0.10531,0.10531,0.10531,0.0,0.05,355.43802341004965,-0.0,0.0,0.0,355.43802341004965,355.43802341004965,0.0,1.0
2158,2019-03-31 22:00:00,3,2019-03-31 23:00:00,0.10531,0.10531,0.10531,0.0,0.05,286.8608224581037,-0.0,0.0,0.0,286.8608224581037,286.8608224581037,0.0,1.0
2159,2019-03-31 23:00:00,3,2019-04-01 00:00:00,0.10531,0.10531,0.10531,0.0,0.05,203.20434005123113,-0.0,0.0,0.0,203.20434005123113,203.20434005123113,0.0,1.0
2160,2019-04-01 00:00:00,4,2019-04-01 01:00:00,0.10531,0.10531,0.10531,0.0,0.05,207.91499232871294,-59.45901130194675,0.0,0.0,267.3740036306597,267.3740036306597,0.0,1.0
2161,2019-04-01 01:00:00,4,2019-04-01 02:00:00,0.10531,0.10531,0.10531,0.0,0.23234096799263673,187.9167193905964,-0.0,0.0,0.0,187.9167193905964,187.9167193905964,0.0,0.0
2162,2019-04-01 02:00:00,4,2019-04-01 03:00:00,0.10531,0.10531,0.10531,0.0,0.23234096799263673,155.2025534398059,-0.0,0.0,0.0,155.2025534398059,155.2025534398059,0.0,0.0
2163,2019-04-01 03:00:00,4,2019-04-01 04:00:00,0.10531,0.10531,0.10531,0.0,0.23234096799263673,169.67385384314062,-0.0,0.0,0.0,169.67385384314062,169.67385384314062,0.0,1.0
2164,2019-04-01 04:00:00,4,2019-04-01 05:00:00,0.10531,0.10531,0.10531,0.0,0.23234096799263673,196.43961488638064,-0.0,0.0,0.0,196.43961488638064,196.43961488638064,0.0,1.0
2165,2019-04-01 05:00:00,4,2019-04-01 06:00:00,0.10531,0.10531,0.10531,0.0,0.23234096799263673,311.8071849151889,-0.0,0.0,0.0,311.8071849151889,311.8071849151889,0.0,1.0
2166,2019-04-01 06:00:00,4,2019-04-01 07:00:00,0.10531,0.10531,0.10531,0.0,0.23234096799263673,361.22915519148904,-0.0,4.785246537293801,0.0,356.44390865419524,356.44390865419524,0.0,0.0
2167,2019-04-01 07:00:00,4,2019-04-01 08:00:00,0.10531,0.10531,0.10531,0.0,0.21500311821983312,401.9847692828692,-0.0,45.54086062867394,0.0,356.44390865419524,356.44390865419524,0.0,0.0
2168,2019-04-01 08:00:00,4,2019-04-01 09:00:00,0.10531,0.10531,0.10531,0.0,0.05,355.6271792937304,-0.0,0.0,0.0,355.6271792937304,355.6271792937304,0.0,0.0
2169,2019-04-01 09:00:00,4,2019-04-01 10:00:00,0.06431,0.06431,0.06431,0.0,0.05,301.25507384249806,-55.18883481169718,0.0,0.0,356.44390865419524,356.44390865419524,0.0,1.0
2170,2019-04-01 10:00:00,4,2019-04-01 11:00:00,0.06431,0.06431,0.06431,0.0,0.21924576008920468,293.15248706026745,-42.55634984018769,0.0,0.0,335.70883690045514,335.70883690045514,0.0,1.0
2171,2019-04-01 11:00:00,4,2019-04-01 12:00:00,0.06431,0.06431,0.06431,0.0,0.3497518995991136,292.45341625414017,-63.99049240005509,0.0,0.0,356.44390865419524,356.44390865419524,0.0,1.0
2172,2019-04-01 12:00:00,4,2019-04-01 13:00:00,0.06431,0.06431,0.06431,0.0,0.5459894096259492,282.43795264854424,-74.00595600565104,0.0,0.0,356.4439086541953,356.4439086541953,0.0,1.0
2173,2019-04-01 13:00:00,4,2019-04-01 14:00:00,0.06431,0.06431,0.06431,0.0,0.7729410080432791,282.40293301613406,-74.04097563806123,0.0,0.0,356.4439086541953,356.4439086541953,0.0,1.0
2174,2019-04-01 14:00:00,4,2019-04-01 15:00:00,0.10531,0.10531,0.10531,0.0,1.0000000000000004,282.3365170278245,-0.0,0.0,0.0,282.3365170278245,282.3365170278245,0.0,1.0
2175,2019-04-01 15:00:00,4,2019-04-01 16:00:00,0.10531,0.10531,0.10531,0.0,1.0000000000000004,313.3435558052634,1.2357264969740872e-13,0.0,0.0,313.3435558052633,313.3435558052633,0.0,1.0
2176,2019-04-01 16:00:00,4,2019-04-01 17:00:00,0.13592,0.13592,0.13592,0.0,1.0,342.11031875621035,-0.0,0.0,0.0,342.11031875621035,342.11031875621035,0.0,1.0
2177,2019-04-01 17:00:00,4,2019-04-01 18:00:00,0.13592,0.13592,0.13592,0.0,1.0,409.14698079918,-0.0,52.70307214498476,0.0,356.4439086541953,356.4439086541953,0.0,0.0
2178,2019-04-01 18:00:00,4,2019-04-01 19:00:00,0.13592,0.13592,0.13592,0.0,0.8090468400544031,419.7226673738756,-0.0,63.27875871968031,0.0,356.4439086541953,356.4439086541953,0.0,0.0
2179,2019-04-01 19:00:00,4,2019-04-01 20:00:00,0.13592,0.13592,0.13592,0.0,0.5797759751280249,430.26457956230263,-0.0,73.82067090810735,0.0,356.4439086541953,356.4439086541953,0.0,0.0
2180,2019-04-01 20:00:00,4,2019-04-01 21:00:00,0.13592,0.13592,0.13592,0.0,0.312309776185607,420.0706921141423,-0.0,63.62678345994699,0.0,356.4439086541953,356.4439086541953,0.0,0.0
2181,2019-04-01 21:00:00,4,2019-04-01 22:00:00,0.10531,0.10531,0.10531,0.0,0.08177795205536427,365.21462342147584,-0.0,8.770714767280538,0.0,356.4439086541953,356.4439086541953,0.0,0.0
2182,2019-04-01 22:00:00,4,2019-04-01 23:00:00,0.10531,0.10531,0.10531,0.0,0.05,290.9249972547181,-0.0,0.0,0.0,290.9249972547181,290.9249972547181,0.0,1.0
2183,2019-04-01 23:00:00,4,2019-04-02 00:00:00,0.10531,0.10531,0.10531,0.0,0.05,215.77927613479795,-0.0,0.0,0.0,215.77927613479795,215.77927613479795,0.0,0.0
2184,2019-04-02 00:00:00,4,2019-04-02 01:00:00,0.10531,0.10531,0.10531,0.0,0.05,225.28600413838979,-74.84220565427361,0.0,0.0,300.12820979266337,300.12820979266337,0.0,1.0
2185,2019-04-02 01:00:00,4,2019-04-02 02:00:00,0.10531,0.10531,0.10531,0.0,0.2795160973397724,172.08126627534614,-0.0,0.0,0.0,172.08126627534614,172.08126627534614,0.0,0.0
2186,2019-04-02 02:00:00,4,2019-04-02 03:00:00,0.10531,0.10531,0.10531,0.0,0.2795160973397724,192.04471391901765,-0.0,0.0,0.0,192.04471391901765,192.04471391901765,0.0,1.0
2187,2019-04-02 03:00:00,4,2019-04-02 04:00:00,0.10531,0.10531,0.10531,0.0,0.2795160973397724,187.86410015976523,-0.0,0.0,0.0,187.86410015976523,187.86410015976523,0.0,0.0
2188,2019-04-02 04:00:00,4,2019-04-02 05:00:00,0.10531,0.10531,0.10531,0.0,0.2795160973397724,224.98454905799107,-0.0,0.0,0.0,224.98454905799107,224.98454905799107,0.0,1.0
2189,2019-04-02 05:00:00,4,2019-04-02 06:00:00,0.10531,0.10531,0.10531,0.0,0.2795160973397724,304.67891109931435,-0.0,0.0,0.0,304.67891109931435,304.67891109931435,0.0,1.0
2190,2019-04-02 06:00:00,4,2019-04-02 07:00:00,0.10531,0.10531,0.10531,0.0,0.2795160973397724,371.55563230375486,-0.0,15.111723649559565,0.0,356.4439086541953,356.4439086541953,0.0,0.0
2191,2019-04-02 07:00:00,4,2019-04-02 08:00:00,0.10531,0.10531,0.10531,0.0,0.22476347542107836,404.6786278704129,-0.0,48.23471921621763,0.0,356.4439086541953,356.4439086541953,0.0,0.0
2192,2019-04-02 08:00:00,4,2019-04-02 09:00:00,0.10531,0.10531,0.10531,0.0,0.05,345.9244767493824,-0.0,0.0,0.0,345.9244767493824,345.9244767493824,0.0,1.0
2193,2019-04-02 09:00:00,4,2019-04-02 10:00:00,0.06431,0.06431,0.06431,0.0,0.05,301.71937132862394,-54.72453732557136,0.0,0.0,356.4439086541953,356.4439086541953,0.0,1.0
2194,2019-04-02 10:00:00,4,2019-04-02 11:00:00,0.06431,0.06431,0.06431,0.0,0.21782191446508553,298.6647456674381,-57.77916298675717,0.0,0.0,356.4439086541953,356.4439086541953,0.0,1.0
2195,2019-04-02 11:00:00,4,2019-04-02 12:00:00,0.06431,0.06431,0.06431,0.0,0.39501134762447415,301.4282703137415,-46.92642348831576,0.0,0.0,348.3546938020573,348.3546938020573,0.0,1.0
2196,2019-04-02 12:00:00,4,2019-04-02 13:00:00,0.06431,0.06431,0.06431,0.0,0.5389190463219758,281.5405993667055,-74.90330928748978,0.0,0.0,356.4439086541953,356.4439086541953,0.0,1.0
2197,2019-04-02 13:00:00,4,2019-04-02 14:00:00,0.06431,0.06431,0.06431,0.0,0.7686225281369445,280.9947330466772,-75.4491756075181,0.0,0.0,356.4439086541953,356.4439086541953,0.0,1.0
2198,2019-04-02 14:00:00,4,2019-04-02 15:00:00,0.10531,0.10531,0.10531,0.0,1.0,280.457744958108,-0.0,0.0,0.0,280.457744958108,280.457744958108,0.0,1.0
2199,2019-04-02 15:00:00,4,2019-04-02 16:00:00,0.10531,0.10531,0.10531,0.0,1.0,309.65162915379415,-0.0,0.0,0.0,309.65162915379415,309.65162915379415,0.0,1.0
2200,2019-04-02 16:00:00,4,2019-04-02 17:00:00,0.13592,0.13592,0.13592,0.0,1.0,337.17365103507916,-0.0,0.0,0.0,337.17365103507916,337.17365103507916,0.0,1.0
2201,2019-04-02 17:00:00,4,2019-04-02 18:00:00,0.13592,0.13592,0.13592,0.0,1.0,400.7053213374115,-0.0,56.89345963951076,0.0,343.8118616979007,343.8118616979007,0.0,0.0
2202,2019-04-02 18:00:00,4,2019-04-02 19:00:00,0.13592,0.13592,0.13592,0.0,0.7938642766684393,420.4666576436664,-0.0,64.0227489894711,0.0,356.4439086541953,356.4439086541953,0.0,0.0
2203,2019-04-02 19:00:00,4,2019-04-02 20:00:00,0.13592,0.13592,0.13592,0.0,0.5618977948225296,442.204975014953,-0.0,85.7610663607577,0.0,356.4439086541953,356.4439086541953,0.0,0.0
2204,2019-04-02 20:00:00,4,2019-04-02 21:00:00,0.13592,0.13592,0.13592,0.0,0.25116929351543643,411.96663366445574,-0.0,55.522725010260444,0.0,356.4439086541953,356.4439086541953,0.0,0.0
2205,2019-04-02 21:00:00,4,2019-04-02 22:00:00,0.10531,0.10531,0.10531,0.0,0.05,356.415587434802,-0.0,0.0,0.0,356.415587434802,356.415587434802,0.0,0.0
2206,2019-04-02 22:00:00,4,2019-04-02 23:00:00,0.10531,0.10531,0.10531,0.0,0.05,290.747081449018,-0.0,0.0,0.0,290.747081449018,290.747081449018,0.0,1.0
2207,2019-04-02 23:00:00,4,2019-04-03 00:00:00,0.10531,0.10531,0.10531,0.0,0.05,221.13558089674532,-0.0,0.0,0.0,221.13558089674532,221.13558089674532,0.0,0.0
2208,2019-04-03 00:00:00,4,2019-04-03 01:00:00,0.10531,0.10531,0.10531,0.0,0.05,162.222457875913,-0.0,0.0,0.0,162.222457875913,162.222457875913,0.0,1.0
2209,2019-04-03 01:00:00,4,2019-04-03 02:00:00,0.10531,0.10531,0.10531,0.0,0.05,173.4410116383648,-0.0,0.0,0.0,173.4410116383648,173.4410116383648,0.0,1.0
2210,2019-04-03 02:00:00,4,2019-04-03 03:00:00,0.10531,0.10531,0.10531,0.0,0.05,176.89529046530683,-0.0,0.0,0.0,176.89529046530683,176.89529046530683,0.0,1.0
2211,2019-04-03 03:00:00,4,2019-04-03 04:00:00,0.10531,0.10531,0.10531,0.0,0.05,191.1630577913796,-63.1436575347909,0.0,0.0,254.3067153261705,254.3067153261705,0.0,1.0
2212,2019-04-03 04:00:00,4,2019-04-03 05:00:00,0.10531,0.10531,0.10531,0.0,0.24364054977335872,203.21685291539484,-0.0,0.0,0.0,203.21685291539484,203.21685291539484,0.0,1.0
2213,2019-04-03 05:00:00,4,2019-04-03 06:00:00,0.10531,0.10531,0.10531,0.0,0.24364054977335872,341.628782749438,-0.0,0.0,0.0,341.628782749438,341.628782749438,0.0,1.0
2214,2019-04-03 06:00:00,4,2019-04-03 07:00:00,0.10531,0.10531,0.10531,0.0,0.24364054977335872,407.0913935405834,-0.0,47.30432396968979,0.0,359.7870695708936,359.7870695708936,0.0,0.0
2215,2019-04-03 07:00:00,4,2019-04-03 08:00:00,0.10531,0.10531,0.10531,0.0,0.0722480716223088,365.92753733865084,-0.0,6.1404677677572295,0.0,359.7870695708936,359.7870695708936,0.0,0.0
2216,2019-04-03 08:00:00,4,2019-04-03 09:00:00,0.10531,0.10531,0.10531,0.0,0.05,337.57763959361705,-0.0,0.0,0.0,337.57763959361705,337.57763959361705,0.0,1.0
2217,2019-04-03 09:00:00,4,2019-04-03 10:00:00,0.06431,0.06431,0.06431,0.0,0.05,288.0755813412617,-71.71148822963193,0.0,0.0,359.7870695708936,359.7870695708936,0.0,1.0
2218,2019-04-03 10:00:00,4,2019-04-03 11:00:00,0.06431,0.06431,0.06431,0.0,0.26991523057087125,290.0241114016708,-69.76295816922283,0.0,0.0,359.7870695708936,359.7870695708936,0.0,1.0
2219,2019-04-03 11:00:00,4,2019-04-03 12:00:00,0.06431,0.06431,0.06431,0.0,0.4838549689564879,289.8157401354443,-8.578042514817982,0.0,0.0,298.39378265026227,298.39378265026227,0.0,1.0
2220,2019-04-03 12:00:00,4,2019-04-03 13:00:00,0.06431,0.06431,0.06431,0.0,0.5101609660019297,279.8343408721343,-79.9527286987593,0.0,0.0,359.7870695708936,359.7870695708936,0.0,1.0
2221,2019-04-03 13:00:00,4,2019-04-03 14:00:00,0.06431,0.06431,0.06431,0.0,0.7553493340114583,280.0096784876735,-79.7773910832201,0.0,0.0,359.7870695708936,359.7870695708936,0.0,1.0
2222,2019-04-03 14:00:00,4,2019-04-03 15:00:00,0.10531,0.10531,0.10531,0.0,1.0,279.85454281870165,-0.0,0.0,0.0,279.85454281870165,279.85454281870165,0.0,1.0
2223,2019-04-03 15:00:00,4,2019-04-03 16:00:00,0.10531,0.10531,0.10531,0.0,1.0,310.1963605704916,-0.0,0.0,0.0,310.1963605704916,310.1963605704916,0.0,0.0
2224,2019-04-03 16:00:00,4,2019-04-03 17:00:00,0.13592,0.13592,0.13592,0.0,1.0,345.5968504469976,-0.0,0.0,0.0,345.5968504469976,345.5968504469976,0.0,1.0
2225,2019-04-03 17:00:00,4,2019-04-03 18:00:00,0.13592,0.13592,0.13592,0.0,1.0,400.16524982169005,-0.0,40.37818025079645,0.0,359.7870695708936,359.7870695708936,0.0,0.0
2226,2019-04-03 18:00:00,4,2019-04-03 19:00:00,0.13592,0.13592,0.13592,0.0,0.8537022454681289,424.98334681626125,-0.0,65.19627724536764,0.0,359.7870695708936,359.7870695708936,0.0,0.0
2227,2019-04-03 19:00:00,4,2019-04-03 20:00:00,0.13592,0.13592,0.13592,0.0,0.6174838496515793,451.0181258186668,-0.0,91.23105624777321,0.0,359.7870695708936,359.7870695708936,0.0,0.0
2228,2019-04-03 20:00:00,4,2019-04-03 21:00:00,0.13592,0.13592,0.13592,0.0,0.28693654440602423,425.1815558269563,-0.0,65.39448625606269,0.0,359.7870695708936,359.7870695708936,0.0,0.0
2229,2019-04-03 21:00:00,4,2019-04-03 22:00:00,0.10531,0.10531,0.10531,0.0,0.05,357.1336242303334,-0.0,0.0,0.0,357.1336242303334,357.1336242303334,0.0,1.0
2230,2019-04-03 22:00:00,4,2019-04-03 23:00:00,0.10531,0.10531,0.10531,0.0,0.05,263.928089503344,-0.0,0.0,0.0,263.928089503344,263.928089503344,0.0,1.0
2231,2019-04-03 23:00:00,4,2019-04-04 00:00:00,0.10531,0.10531,0.10531,0.0,0.05,169.81764373632905,-0.0,0.0,0.0,169.81764373632905,169.81764373632905,0.0,0.0
2232,2019-04-04 00:00:00,4,2019-04-04 01:00:00,0.10531,0.10531,0.10531,0.0,0.05,166.84293224113887,-60.08670072759849,0.0,0.0,226.92963296873737,226.92963296873737,0.0,1.0
2233,2019-04-04 01:00:00,4,2019-04-04 02:00:00,0.10531,0.10531,0.10531,0.0,0.23426588223130204,161.7907092390279,-0.0,0.0,0.0,161.7907092390279,161.7907092390279,0.0,0.0
2234,2019-04-04 02:00:00,4,2019-04-04 03:00:00,0.10531,0.10531,0.10531,0.0,0.23426588223130204,158.84817285568522,-0.0,0.0,0.0,158.84817285568522,158.84817285568522,0.0,0.0
2235,2019-04-04 03:00:00,4,2019-04-04 04:00:00,0.10531,0.10531,0.10531,0.0,0.23426588223130204,166.43545784685716,-0.0,0.0,0.0,166.43545784685716,166.43545784685716,0.0,1.0
2236,2019-04-04 04:00:00,4,2019-04-04 05:00:00,0.10531,0.10531,0.10531,0.0,0.23426588223130204,205.90942778604295,-0.0,0.0,0.0,205.90942778604295,205.90942778604295,0.0,1.0
2237,2019-04-04 05:00:00,4,2019-04-04 06:00:00,0.10531,0.10531,0.10531,0.0,0.23426588223130204,333.7623560307162,-0.0,0.0,0.0,333.7623560307162,333.7623560307162,0.0,1.0
2238,2019-04-04 06:00:00,4,2019-04-04 07:00:00,0.10531,0.10531,0.10531,0.0,0.23426588223130204,406.70563915540464,-0.0,46.91856958451103,0.0,359.7870695708936,359.7870695708936,0.0,0.0
2239,2019-04-04 07:00:00,4,2019-04-04 08:00:00,0.10531,0.10531,0.10531,0.0,0.06427106489611717,363.72588348222195,-0.0,3.9388139113283387,0.0,359.7870695708936,359.7870695708936,0.0,0.0
2240,2019-04-04 08:00:00,4,2019-04-04 09:00:00,0.10531,0.10531,0.10531,0.0,0.05,337.9840660954491,-0.0,0.0,0.0,337.9840660954491,337.9840660954491,0.0,0.0
2241,2019-04-04 09:00:00,4,2019-04-04 10:00:00,0.06431,0.06431,0.06431,0.0,0.05,289.92773381702824,-69.85933575386537,0.0,0.0,359.7870695708936,359.7870695708936,0.0,1.0
2242,2019-04-04 10:00:00,4,2019-04-04 11:00:00,0.06431,0.06431,0.06431,0.0,0.2642352963118538,291.150717926112,-68.6363516447816,0.0,0.0,359.7870695708936,359.7870695708936,0.0,1.0
2243,2019-04-04 11:00:00,4,2019-04-04 12:00:00,0.06431,0.06431,0.06431,0.0,0.4747201080225174,290.3182492026769,-69.46882036821671,0.0,0.0,359.7870695708936,359.7870695708936,0.0,1.0
2244,2019-04-04 12:00:00,4,2019-04-04 13:00:00,0.06431,0.06431,0.06431,0.0,0.687757823818382,280.5938613954639,-79.19320817542973,0.0,0.0,359.7870695708936,359.7870695708936,0.0,1.0
2245,2019-04-04 13:00:00,4,2019-04-04 14:00:00,0.06431,0.06431,0.06431,0.0,0.9306169955563667,280.90662474081876,-22.624892753358733,0.0,0.0,303.5315174941775,303.5315174941775,0.0,1.0
2246,2019-04-04 14:00:00,4,2019-04-04 15:00:00,0.10531,0.10531,0.10531,0.0,1.0,280.46567837561713,-0.0,0.0,0.0,280.46567837561713,280.46567837561713,0.0,1.0
2247,2019-04-04 15:00:00,4,2019-04-04 16:00:00,0.10531,0.10531,0.10531,0.0,1.0,310.4861797291797,-0.0,0.0,0.0,310.4861797291797,310.4861797291797,0.0,1.0
2248,2019-04-04 16:00:00,4,2019-04-04 17:00:00,0.13592,0.13592,0.13592,0.0,1.0,345.7925851440681,-0.0,0.0,0.0,345.7925851440681,345.7925851440681,0.0,1.0
2249,2019-04-04 17:00:00,4,2019-04-04 18:00:00,0.13592,0.13592,0.13592,0.0,1.0,400.56258077915726,-0.0,40.77551120826365,0.0,359.7870695708936,359.7870695708936,0.0,0.0
2250,2019-04-04 18:00:00,4,2019-04-04 19:00:00,0.13592,0.13592,0.13592,0.0,0.8522626405497694,424.495050575117,-0.0,68.24565640103681,0.0,356.2493941740802,356.2493941740802,0.0,0.0
2251,2019-04-04 19:00:00,4,2019-04-04 20:00:00,0.13592,0.13592,0.13592,0.0,0.6049957695315201,449.0908435445878,-0.0,89.3037739736942,0.0,359.7870695708936,359.7870695708936,0.0,0.0
2252,2019-04-04 20:00:00,4,2019-04-04 21:00:00,0.13592,0.13592,0.13592,0.0,0.2814313710761063,423.66212798789894,-0.0,63.875058417005334,0.0,359.7870695708936,359.7870695708936,0.0,0.0
2253,2019-04-04 21:00:00,4,2019-04-04 22:00:00,0.10531,0.10531,0.10531,0.0,0.05,356.358756307592,-3.42831326330162,0.0,0.0,359.7870695708936,359.7870695708936,0.0,1.0
2254,2019-04-04 22:00:00,4,2019-04-04 23:00:00,0.10531,0.10531,0.10531,0.0,0.0605134940074583,288.1901606194905,-52.2997229662675,0.0,0.0,340.489883585758,340.489883585758,0.0,1.0
2255,2019-04-04 23:00:00,4,2019-04-05 00:00:00,0.10531,0.10531,0.10531,0.0,0.220899311104012,200.8735260929354,-0.0,0.0,0.0,200.8735260929354,200.8735260929354,0.0,1.0
2256,2019-04-05 00:00:00,4,2019-04-05 01:00:00,0.10531,0.10531,0.10531,0.0,0.220899311104012,170.4949812230598,-0.0,0.0,0.0,170.4949812230598,170.4949812230598,0.0,1.0
2257,2019-04-05 01:00:00,4,2019-04-05 02:00:00,0.10531,0.10531,0.10531,0.0,0.220899311104012,170.23746123923829,7.723290606088045e-15,0.0,0.0,170.23746123923829,170.23746123923829,0.0,0.0
2258,2019-04-05 02:00:00,4,2019-04-05 03:00:00,0.10531,0.10531,0.10531,0.0,0.220899311104012,182.4184720082754,-0.0,0.0,0.0,182.4184720082754,182.4184720082754,0.0,0.0
2259,2019-04-05 03:00:00,4,2019-04-05 04:00:00,0.10531,0.10531,0.10531,0.0,0.220899311104012,174.69314194768566,-0.0,0.0,0.0,174.69314194768566,174.69314194768566,0.0,0.0
2260,2019-04-05 04:00:00,4,2019-04-05 05:00:00,0.10531,0.10531,0.10531,0.0,0.220899311104012,186.33081798941248,-0.0,0.0,0.0,186.33081798941248,186.33081798941248,0.0,1.0
2261,2019-04-05 05:00:00,4,2019-04-05 06:00:00,0.10531,0.10531,0.10531,0.0,0.220899311104012,325.0132513230469,-0.0,0.0,0.0,325.0132513230469,325.0132513230469,0.0,1.0
2262,2019-04-05 06:00:00,4,2019-04-05 07:00:00,0.10531,0.10531,0.10531,0.0,0.220899311104012,402.3679822020933,-0.0,42.58091263119968,0.0,359.7870695708936,359.7870695708936,0.0,0.0
2263,2019-04-05 07:00:00,4,2019-04-05 08:00:00,0.10531,0.10531,0.10531,0.0,0.06662064215038996,364.37436680440123,-0.0,4.587297233507627,0.0,359.7870695708936,359.7870695708936,0.0,0.0
2264,2019-04-05 08:00:00,4,2019-04-05 09:00:00,0.10531,0.10531,0.10531,0.0,0.05,337.97846930692435,-0.0,0.0,0.0,337.97846930692435,337.97846930692435,0.0,1.0
2265,2019-04-05 09:00:00,4,2019-04-05 10:00:00,0.06431,0.06431,0.06431,0.0,0.05,288.9677777405036,-70.81929183039,0.0,0.0,359.7870695708936,359.7870695708936,0.0,1.0
2266,2019-04-05 10:00:00,4,2019-04-05 11:00:00,0.06431,0.06431,0.06431,0.0,0.26717916161319605,290.1394788410551,-8.757929475781946,0.0,0.0,298.8974083168371,298.8974083168371,0.0,1.0
2267,2019-04-05 11:00:00,4,2019-04-05 12:00:00,0.06431,0.06431,0.06431,0.0,0.294036812005594,289.8929030899163,-69.89416648097733,0.0,0.0,359.7870695708936,359.7870695708936,0.0,1.0
2268,2019-04-05 12:00:00,4,2019-04-05 13:00:00,0.06431,0.06431,0.06431,0.0,0.5083789225472578,279.78682696700815,-80.00024260388545,0.0,0.0,359.7870695708936,359.7870695708936,0.0,1.0
2269,2019-04-05 13:00:00,4,2019-04-05 14:00:00,0.06431,0.06431,0.06431,0.0,0.7537129998658398,279.47609126627617,-80.31097830461744,0.0,0.0,359.7870695708936,359.7870695708936,0.0,1.0
2270,2019-04-05 14:00:00,4,2019-04-05 15:00:00,0.10531,0.10531,0.10531,0.0,1.0,279.1746267547261,-0.0,0.0,0.0,279.1746267547261,279.1746267547261,0.0,1.0
2271,2019-04-05 15:00:00,4,2019-04-05 16:00:00,0.10531,0.10531,0.10531,0.0,1.0,309.27050991800786,-0.0,0.0,0.0,309.27050991800786,309.27050991800786,0.0,1.0
2272,2019-04-05 16:00:00,4,2019-04-05 17:00:00,0.13592,0.13592,0.13592,0.0,1.0,345.15159650406173,-0.0,0.0,0.0,345.15159650406173,345.15159650406173,0.0,1.0
2273,2019-04-05 17:00:00,4,2019-04-05 18:00:00,0.13592,0.13592,0.13592,0.0,1.0,399.7541386839024,-0.0,39.96706911300879,0.0,359.7870695708936,359.7870695708936,0.0,0.0
2274,2019-04-05 18:00:00,4,2019-04-05 19:00:00,0.13592,0.13592,0.13592,0.0,0.855191778576055,425.03861830832074,-0.0,67.03780881671436,0.0,358.0008094916064,358.0008094916064,0.0,0.0
2275,2019-04-05 19:00:00,4,2019-04-05 20:00:00,0.13592,0.13592,0.13592,0.0,0.612301166921293,449.8522101078749,-0.0,90.06514053698129,0.0,359.7870695708936,359.7870695708936,0.0,0.0
2276,2019-04-05 20:00:00,4,2019-04-05 21:00:00,0.13592,0.13592,0.13592,0.0,0.2859781939612158,424.91705110418917,-0.0,65.12998153329556,0.0,359.7870695708936,359.7870695708936,0.0,0.0
2277,2019-04-05 21:00:00,4,2019-04-05 22:00:00,0.10531,0.10531,0.10531,0.0,0.05,357.9816231491927,-1.8054464217008785,0.0,0.0,359.7870695708936,359.7870695708936,0.0,1.0
2278,2019-04-05 22:00:00,4,2019-04-05 23:00:00,0.10531,0.10531,0.10531,0.0,0.0555367023598827,289.98848943748635,-59.51944709028739,0.0,0.0,349.5079365277737,349.5079365277737,0.0,1.0
2279,2019-04-05 23:00:00,4,2019-04-06 00:00:00,0.10531,0.10531,0.10531,0.0,0.23806300677009734,207.85738959156146,-0.0,0.0,0.0,207.85738959156146,207.85738959156146,0.0,1.0
2280,2019-04-06 00:00:00,4,2019-04-06 01:00:00,0.10531,0.10531,0.10531,0.0,0.23806300677009734,191.7124901482601,-0.0,0.0,0.0,191.7124901482601,191.7124901482601,0.0,1.0
2281,2019-04-06 01:00:00,4,2019-04-06 02:00:00,0.10531,0.10531,0.10531,0.0,0.23806300677009734,185.4978394836027,-0.0,0.0,0.0,185.4978394836027,185.4978394836027,0.0,0.0
2282,2019-04-06 02:00:00,4,2019-04-06 03:00:00,0.10531,0.10531,0.10531,0.0,0.23806300677009734,190.59612473656117,-7.723290606088045e-15,0.0,0.0,190.59612473656117,190.59612473656117,0.0,0.0
2283,2019-04-06 03:00:00,4,2019-04-06 04:00:00,0.10531,0.10531,0.10531,0.0,0.23806300677009734,195.06079655659855,-0.0,0.0,0.0,195.06079655659855,195.06079655659855,0.0,0.0
2284,2019-04-06 04:00:00,4,2019-04-06 05:00:00,0.10531,0.10531,0.10531,0.0,0.23806300677009734,197.28967627393283,-0.0,0.0,0.0,197.28967627393283,197.28967627393283,0.0,1.0
2285,2019-04-06 05:00:00,4,2019-04-06 06:00:00,0.10531,0.10531,0.10531,0.0,0.23806300677009734,337.6395687666545,-0.0,0.0,0.0,337.6395687666545,337.6395687666545,0.0,0.0
2286,2019-04-06 06:00:00,4,2019-04-06 07:00:00,0.10531,0.10531,0.10531,0.0,0.23806300677009734,405.7203910429814,-0.0,45.93332147208781,0.0,359.7870695708936,359.7870695708936,0.0,0.0
2287,2019-04-06 07:00:00,4,2019-04-06 08:00:00,0.10531,0.10531,0.10531,0.0,0.07163792897267776,365.7591379673527,-0.0,5.972068396459065,0.0,359.7870695708936,359.7870695708936,0.0,0.0
2288,2019-04-06 08:00:00,4,2019-04-06 09:00:00,0.10531,0.10531,0.10531,0.0,0.05,338.25018632837276,-0.0,0.0,0.0,338.25018632837276,338.25018632837276,0.0,1.0
2289,2019-04-06 09:00:00,4,2019-04-06 10:00:00,0.06431,0.06431,0.06431,0.0,0.05,289.06203763212227,-10.224496886047387,0.0,0.0,299.2865345181697,299.2865345181697,0.0,1.0
2290,2019-04-06 10:00:00,4,2019-04-06 11:00:00,0.06431,0.06431,0.06431,0.0,0.08135512378387866,290.3562847549957,-69.43078481589788,0.0,0.0,359.7870695708936,359.7870695708936,0.0,1.0
2291,2019-04-06 11:00:00,4,2019-04-06 12:00:00,0.06431,0.06431,0.06431,0.0,0.2942761972192988,290.0149840707559,-69.77208550013773,0.0,0.0,359.7870695708936,359.7870695708936,0.0,1.0
2292,2019-04-06 12:00:00,4,2019-04-06 13:00:00,0.06431,0.06431,0.06431,0.0,0.5082439260863879,279.74666051514765,-80.04040905574595,0.0,0.0,359.7870695708936,359.7870695708936,0.0,1.0
2293,2019-04-06 13:00:00,4,2019-04-06 14:00:00,0.06431,0.06431,0.06431,0.0,0.7537011805240089,279.4722371330704,-80.31483243782321,0.0,0.0,359.7870695708936,359.7870695708936,0.0,1.0
2294,2019-04-06 14:00:00,4,2019-04-06 15:00:00,0.10531,0.10531,0.10531,0.0,1.0,279.31335987686526,-0.0,0.0,0.0,279.31335987686526,279.31335987686526,0.0,1.0
2295,2019-04-06 15:00:00,4,2019-04-06 16:00:00,0.10531,0.10531,0.10531,0.0,1.0,309.09704485093516,-0.0,0.0,0.0,309.09704485093516,309.09704485093516,0.0,1.0
2296,2019-04-06 16:00:00,4,2019-04-06 17:00:00,0.13592,0.13592,0.13592,0.0,1.0,344.95255546718715,-0.0,0.0,0.0,344.95255546718715,344.95255546718715,0.0,1.0
2297,2019-04-06 17:00:00,4,2019-04-06 18:00:00,0.13592,0.13592,0.13592,0.0,1.0,400.0091796115419,-0.0,40.22211004064832,0.0,359.7870695708936,359.7870695708936,0.0,0.0
2298,2019-04-06 18:00:00,4,2019-04-06 19:00:00,0.13592,0.13592,0.13592,0.0,0.8542677172440278,424.7570233346863,-0.0,64.96995376379272,0.0,359.7870695708936,359.7870695708936,0.0,0.0
2299,2019-04-06 19:00:00,4,2019-04-06 20:00:00,0.13592,0.13592,0.13592,0.0,0.6188693340418803,450.4585682054671,-0.0,92.16530129538525,0.0,358.29326691008185,358.29326691008185,0.0,0.0
2300,2019-04-06 20:00:00,4,2019-04-06 21:00:00,0.13592,0.13592,0.13592,0.0,0.2849370829716439,424.6297044710673,-0.0,64.84263490017372,0.0,359.7870695708936,359.7870695708936,0.0,0.0
2301,2019-04-06 21:00:00,4,2019-04-06 22:00:00,0.10531,0.10531,0.10531,0.0,0.05,357.452450659308,-0.0,0.0,0.0,357.452450659308,357.452450659308,0.0,1.0
2302,2019-04-06 22:00:00,4,2019-04-06 23:00:00,0.10531,0.10531,0.10531,0.0,0.05,289.2500816849622,-0.0,0.0,0.0,289.2500816849622,289.2500816849622,0.0,1.0
2303,2019-04-06 23:00:00,4,2019-04-07 00:00:00,0.10531,0.10531,0.10531,0.0,0.05,206.11193317290451,-0.0,0.0,0.0,206.11193317290451,206.11193317290451,0.0,1.0
2304,2019-04-07 00:00:00,4,2019-04-07 01:00:00,0.10531,0.10531,0.10531,0.0,0.05,189.0916033283226,-69.11771702182018,0.0,0.0,258.2093203501428,258.2093203501428,0.0,1.0
2305,2019-04-07 01:00:00,4,2019-04-07 02:00:00,0.10531,0.10531,0.10531,0.0,0.2619609988669152,190.78527141324642,-0.0,0.0,0.0,190.78527141324642,190.78527141324642,0.0,0.0
2306,2019-04-07 02:00:00,4,2019-04-07 03:00:00,0.10531,0.10531,0.10531,0.0,0.2619609988669152,189.48007105720882,-0.0,0.0,0.0,189.48007105720882,189.48007105720882,0.0,1.0
2307,2019-04-07 03:00:00,4,2019-04-07 04:00:00,0.10531,0.10531,0.10531,0.0,0.2619609988669152,202.74826188618385,-0.0,0.0,0.0,202.74826188618385,202.74826188618385,0.0,0.0
2308,2019-04-07 04:00:00,4,2019-04-07 05:00:00,0.10531,0.10531,0.10531,0.0,0.2619609988669152,213.14994130807818,-0.0,0.0,0.0,213.14994130807818,213.14994130807818,0.0,1.0
2309,2019-04-07 05:00:00,4,2019-04-07 06:00:00,0.10531,0.10531,0.10531,0.0,0.2619609988669152,331.0636542553239,-0.0,0.0,0.0,331.0636542553239,331.0636542553239,0.0,1.0
2310,2019-04-07 06:00:00,4,2019-04-07 07:00:00,0.10531,0.10531,0.10531,0.0,0.2619609988669152,409.7683204270774,-0.0,49.981250856183806,0.0,359.7870695708936,359.7870695708936,0.0,0.0
2311,2019-04-07 07:00:00,4,2019-04-07 08:00:00,0.10531,0.10531,0.10531,0.0,0.08086951025755361,368.3070544019784,-0.0,8.519984831084798,0.0,359.7870695708936,359.7870695708936,0.0,0.0
2312,2019-04-07 08:00:00,4,2019-04-07 09:00:00,0.10531,0.10531,0.10531,0.0,0.05,339.64603905580907,-0.0,0.0,0.0,339.64603905580907,339.64603905580907,0.0,0.0
2313,2019-04-07 09:00:00,4,2019-04-07 10:00:00,0.06431,0.06431,0.06431,0.0,0.05,290.165966186145,-69.62110338474861,0.0,0.0,359.7870695708936,359.7870695708936,0.0,1.0
2314,2019-04-07 10:00:00,4,2019-04-07 11:00:00,0.06431,0.06431,0.06431,0.0,0.26350471704656236,291.8661808900693,-67.9208886808243,0.0,0.0,359.7870695708936,359.7870695708936,0.0,1.0
2315,2019-04-07 11:00:00,4,2019-04-07 12:00:00,0.06431,0.06431,0.06431,0.0,0.47179544233442355,289.84889681346743,-12.45078399252543,0.0,0.0,302.29968080599286,302.29968080599286,0.0,1.0
2316,2019-04-07 12:00:00,4,2019-04-07 13:00:00,0.06431,0.06431,0.06431,0.0,0.5099778465781682,279.96186166907455,-79.82520790181906,0.0,0.0,359.7870695708936,359.7870695708936,0.0,1.0
2317,2019-04-07 13:00:00,4,2019-04-07 14:00:00,0.06431,0.06431,0.06431,0.0,0.7547751508104134,279.8224448351588,-79.96462473573479,0.0,0.0,359.7870695708936,359.7870695708936,0.0,1.0
2318,2019-04-07 14:00:00,4,2019-04-07 15:00:00,0.10531,0.10531,0.10531,0.0,1.0,279.3194571359556,-0.0,0.0,0.0,279.3194571359556,279.3194571359556,0.0,1.0
2319,2019-04-07 15:00:00,4,2019-04-07 16:00:00,0.10531,0.10531,0.10531,0.0,1.0,308.75039518873007,-0.0,0.0,0.0,308.75039518873007,308.75039518873007,0.0,1.0
2320,2019-04-07 16:00:00,4,2019-04-07 17:00:00,0.13592,0.13592,0.13592,0.0,1.0,345.00783693314577,-0.0,0.0,0.0,345.00783693314577,345.00783693314577,0.0,1.0
2321,2019-04-07 17:00:00,4,2019-04-07 18:00:00,0.13592,0.13592,0.13592,0.0,1.0,400.0514777360743,-0.0,42.78834865576267,0.0,357.2631290803116,357.2631290803116,0.0,0.0
2322,2019-04-07 18:00:00,4,2019-04-07 19:00:00,0.13592,0.13592,0.13592,0.0,0.8449697512472367,424.51917753796295,-0.0,64.73210796706934,0.0,359.7870695708936,359.7870695708936,0.0,0.0
2323,2019-04-07 19:00:00,4,2019-04-07 20:00:00,0.13592,0.13592,0.13592,0.0,0.6104331281781449,449.88227972036367,-0.0,90.09521014947006,0.0,359.7870695708936,359.7870695708936,0.0,0.0
2324,2019-04-07 20:00:00,4,2019-04-07 21:00:00,0.13592,0.13592,0.13592,0.0,0.2840012073467316,424.37140279859153,-0.0,64.58433322769793,0.0,359.7870695708936,359.7870695708936,0.0,0.0
2325,2019-04-07 21:00:00,4,2019-04-07 22:00:00,0.10531,0.10531,0.10531,0.0,0.05,357.31454778462984,-2.472521786263769,0.0,0.0,359.7870695708936,359.7870695708936,0.0,1.0
2326,2019-04-07 22:00:00,4,2019-04-07 23:00:00,0.10531,0.10531,0.10531,0.0,0.057582400144542224,289.5130267590879,-0.0,0.0,0.0,289.5130267590879,289.5130267590879,0.0,1.0
2327,2019-04-07 23:00:00,4,2019-04-08 00:00:00,0.10531,0.10531,0.10531,0.0,0.057582400144542224,225.0672375962099,-0.0,0.0,0.0,225.0672375962099,225.0672375962099,0.0,1.0
2328,2019-04-08 00:00:00,4,2019-04-08 01:00:00,0.10531,0.10531,0.10531,0.0,0.057582400144542224,221.79338528901792,-0.0,0.0,0.0,221.79338528901792,221.79338528901792,0.0,1.0
2329,2019-04-08 01:00:00,4,2019-04-08 02:00:00,0.10531,0.10531,0.10531,0.0,0.057582400144542224,188.09431866535346,-0.0,0.0,0.0,188.09431866535346,188.09431866535346,0.0,1.0
2330,2019-04-08 02:00:00,4,2019-04-08 03:00:00,0.10531,0.10531,0.10531,0.0,0.057582400144542224,184.01252022959923,-0.0,0.0,0.0,184.01252022959923,184.01252022959923,0.0,1.0
2331,2019-04-08 03:00:00,4,2019-04-08 04:00:00,0.10531,0.10531,0.10531,0.0,0.057582400144542224,199.35902336240102,-0.0,0.0,0.0,199.35902336240102,199.35902336240102,0.0,1.0
2332,2019-04-08 04:00:00,4,2019-04-08 05:00:00,0.10531,0.10531,0.10531,0.0,0.057582400144542224,190.79449556082483,-48.568803155322385,0.0,0.0,239.3632987161472,239.3632987161472,0.0,1.0
2333,2019-04-08 05:00:00,4,2019-04-08 06:00:00,0.10531,0.10531,0.10531,0.0,0.2065267298208642,284.01612819745696,-0.0,0.0,0.0,284.01612819745696,284.01612819745696,0.0,1.0
2334,2019-04-08 06:00:00,4,2019-04-08 07:00:00,0.10531,0.10531,0.10531,0.0,0.2065267298208642,359.60545289910493,0.0,0.0,0.0,359.60545289910493,359.60545289910493,0.0,0.0
2335,2019-04-08 07:00:00,4,2019-04-08 08:00:00,0.10531,0.10531,0.10531,0.0,0.2065267298208642,402.98844700145213,-0.0,43.20137743055852,0.0,359.7870695708936,359.7870695708936,0.0,0.0
2336,2019-04-08 08:00:00,4,2019-04-08 09:00:00,0.10531,0.10531,0.10531,0.0,0.05,356.41732202050906,-0.0,0.0,0.0,356.41732202050906,356.41732202050906,0.0,1.0
2337,2019-04-08 09:00:00,4,2019-04-08 10:00:00,0.06431,0.06431,0.06431,0.0,0.05,302.4375297411771,-57.34953982971649,0.0,0.0,359.7870695708936,359.7870695708936,0.0,1.0
2338,2019-04-08 10:00:00,4,2019-04-08 11:00:00,0.06431,0.06431,0.06431,0.0,0.2258719221444639,294.2005235985459,-65.58654597234772,0.0,0.0,359.7870695708936,359.7870695708936,0.0,1.0
2339,2019-04-08 11:00:00,4,2019-04-08 12:00:00,0.06431,0.06431,0.06431,0.0,0.42700399645966364,293.7941488186092,-65.99292075228442,0.0,0.0,359.7870695708936,359.7870695708936,0.0,1.0
2340,2019-04-08 12:00:00,4,2019-04-08 13:00:00,0.06431,0.06431,0.06431,0.0,0.6293822867666692,283.72530912605663,-76.06176044483698,0.0,0.0,359.7870695708936,359.7870695708936,0.0,1.0
2341,2019-04-08 13:00:00,4,2019-04-08 14:00:00,0.06431,0.06431,0.06431,0.0,0.862638352130836,283.5179646017189,-44.79184169646655,0.0,0.0,328.30980629818544,328.30980629818544,0.0,1.0
2342,2019-04-08 14:00:00,4,2019-04-08 15:00:00,0.10531,0.10531,0.10531,0.0,1.0,283.2229436057634,-0.0,0.0,0.0,283.2229436057634,283.2229436057634,0.0,1.0
2343,2019-04-08 15:00:00,4,2019-04-08 16:00:00,0.10531,0.10531,0.10531,0.0,1.0,313.67187340959214,-0.0,0.0,0.0,313.67187340959214,313.67187340959214,0.0,1.0
2344,2019-04-08 16:00:00,4,2019-04-08 17:00:00,0.13592,0.13592,0.13592,0.0,1.0,342.80670513473956,-0.0,0.0,0.0,342.80670513473956,342.80670513473956,0.0,1.0
2345,2019-04-08 17:00:00,4,2019-04-08 18:00:00,0.13592,0.13592,0.13592,0.0,1.0,409.99519999685964,-0.0,50.20813042596603,0.0,359.7870695708936,359.7870695708936,0.0,0.0
2346,2019-04-08 18:00:00,4,2019-04-08 19:00:00,0.13592,0.13592,0.13592,0.0,0.8180864839638912,421.22382315930446,-0.0,70.95778977409834,0.0,350.26603338520613,350.26603338520613,0.0,0.0
2347,2019-04-08 19:00:00,4,2019-04-08 20:00:00,0.13592,0.13592,0.13592,0.0,0.5609930427533899,431.62720241859233,-0.0,71.84013284769873,0.0,359.7870695708936,359.7870695708936,0.0,0.0
2348,2019-04-08 20:00:00,4,2019-04-08 21:00:00,0.13592,0.13592,0.13592,0.0,0.3007027063486844,421.7416215083463,-0.0,61.95455193745272,0.0,359.7870695708936,359.7870695708936,0.0,0.0
2349,2019-04-08 21:00:00,4,2019-04-08 22:00:00,0.10531,0.10531,0.10531,0.0,0.07622969208255137,367.0264645856778,-0.0,7.239395014784179,0.0,359.7870695708936,359.7870695708936,0.0,0.0
2350,2019-04-08 22:00:00,4,2019-04-08 23:00:00,0.10531,0.10531,0.10531,0.0,0.05,292.37227051032323,-0.0,0.0,0.0,292.37227051032323,292.37227051032323,0.0,0.0
2351,2019-04-08 23:00:00,4,2019-04-09 00:00:00,0.10531,0.10531,0.10531,0.0,0.05,215.51836368861262,-66.1252219618951,0.0,0.0,281.6435856505077,281.6435856505077,0.0,1.0
2352,2019-04-09 00:00:00,4,2019-04-09 01:00:00,0.10531,0.10531,0.10531,0.0,0.2527840140164783,231.45076967109821,1.544658121217609e-14,0.0,0.0,231.4507696710982,231.4507696710982,0.0,1.0
2353,2019-04-09 01:00:00,4,2019-04-09 02:00:00,0.10531,0.10531,0.10531,0.0,0.25278401401647826,200.30698459590323,-0.0,0.0,0.0,200.30698459590323,200.30698459590323,0.0,1.0
2354,2019-04-09 02:00:00,4,2019-04-09 03:00:00,0.10531,0.10531,0.10531,0.0,0.25278401401647826,217.20389139684036,-0.0,0.0,0.0,217.20389139684036,217.20389139684036,0.0,0.0
2355,2019-04-09 03:00:00,4,2019-04-09 04:00:00,0.10531,0.10531,0.10531,0.0,0.25278401401647826,183.7713929069208,-0.0,0.0,0.0,183.7713929069208,183.7713929069208,0.0,0.0
2356,2019-04-09 04:00:00,4,2019-04-09 05:00:00,0.10531,0.10531,0.10531,0.0,0.25278401401647826,208.102702279279,-0.0,0.0,0.0,208.102702279279,208.102702279279,0.0,1.0
2357,2019-04-09 05:00:00,4,2019-04-09 06:00:00,0.10531,0.10531,0.10531,0.0,0.25278401401647826,306.06823162325685,-0.0,0.0,0.0,306.06823162325685,306.06823162325685,0.0,1.0
2358,2019-04-09 06:00:00,4,2019-04-09 07:00:00,0.10531,0.10531,0.10531,0.0,0.25278401401647826,372.82178477901584,-0.0,13.034715208122236,0.0,359.7870695708936,359.7870695708936,0.0,0.0
2359,2019-04-09 07:00:00,4,2019-04-09 08:00:00,0.10531,0.10531,0.10531,0.0,0.20555678500154262,402.7207422313194,-0.0,42.93367266042577,0.0,359.7870695708936,359.7870695708936,0.0,0.0
2360,2019-04-09 08:00:00,4,2019-04-09 09:00:00,0.10531,0.10531,0.10531,0.0,0.05,347.2376127676013,-0.0,0.0,0.0,347.2376127676013,347.2376127676013,0.0,1.0
2361,2019-04-09 09:00:00,4,2019-04-09 10:00:00,0.06431,0.06431,0.06431,0.0,0.05,302.95703053238685,-56.830039038506754,0.0,0.0,359.7870695708936,359.7870695708936,0.0,1.0
2362,2019-04-09 10:00:00,4,2019-04-09 11:00:00,0.06431,0.06431,0.06431,0.0,0.22427878638475407,299.8641184925958,-59.922951078297785,0.0,0.0,359.7870695708936,359.7870695708936,0.0,1.0
2363,2019-04-09 11:00:00,4,2019-04-09 12:00:00,0.06431,0.06431,0.06431,0.0,0.4080425030248673,299.0166995386966,-60.77037003219698,0.0,0.0,359.7870695708936,359.7870695708936,0.0,1.0
2364,2019-04-09 12:00:00,4,2019-04-09 13:00:00,0.06431,0.06431,0.06431,0.0,0.5944049711236047,279.3379077235215,-51.647751463887325,0.0,0.0,330.9856591874088,330.9856591874088,0.0,1.0
2365,2019-04-09 13:00:00,4,2019-04-09 14:00:00,0.06431,0.06431,0.06431,0.0,0.7527914089461925,279.1755724881303,-80.61149708276332,0.0,0.0,359.7870695708936,359.7870695708936,0.0,1.0
2366,2019-04-09 14:00:00,4,2019-04-09 15:00:00,0.10531,0.10531,0.10531,0.0,1.0,278.886769967712,-0.0,0.0,0.0,278.886769967712,278.886769967712,0.0,1.0
2367,2019-04-09 15:00:00,4,2019-04-09 16:00:00,0.10531,0.10531,0.10531,0.0,1.0,308.8069602055431,-0.0,0.0,0.0,308.8069602055431,308.8069602055431,0.0,1.0
2368,2019-04-09 16:00:00,4,2019-04-09 17:00:00,0.13592,0.13592,0.13592,0.0,1.0,337.87005818123623,-0.0,0.0,0.0,337.87005818123623,337.87005818123623,0.0,1.0
2369,2019-04-09 17:00:00,4,2019-04-09 18:00:00,0.13592,0.13592,0.13592,0.0,1.0,400.9604733571236,-0.0,41.17340378622998,0.0,359.7870695708936,359.7870695708936,0.0,0.0
2370,2019-04-09 18:00:00,4,2019-04-09 19:00:00,0.13592,0.13592,0.13592,0.0,0.850821000774529,421.03285557198944,-0.0,61.24578600109584,0.0,359.7870695708936,359.7870695708936,0.0,0.0
2371,2019-04-09 19:00:00,4,2019-04-09 20:00:00,0.13592,0.13592,0.13592,0.0,0.6289159790314282,441.4407938901602,-0.0,81.65372431926659,0.0,359.7870695708936,359.7870695708936,0.0,0.0
2372,2019-04-09 20:00:00,4,2019-04-09 21:00:00,0.13592,0.13592,0.13592,0.0,0.3330691517877087,411.4889962941347,-0.0,78.12708589340761,0.0,333.3619104007271,333.3619104007271,0.0,0.0
2373,2019-04-09 21:00:00,4,2019-04-09 22:00:00,0.10531,0.10531,0.10531,0.0,0.05,356.3438651048448,-3.443204466048824,0.0,0.0,359.7870695708936,359.7870695708936,0.0,1.0
2374,2019-04-09 22:00:00,4,2019-04-09 23:00:00,0.10531,0.10531,0.10531,0.0,0.06055916036254973,292.0473226092715,-50.51921550192937,0.0,0.0,342.5665381112008,342.5665381112008,0.0,1.0
2375,2019-04-09 23:00:00,4,2019-04-10 00:00:00,0.10531,0.10531,0.10531,0.0,0.21548475456846647,237.60927080018104,-0.0,0.0,0.0,237.60927080018104,237.60927080018104,0.0,1.0
2376,2019-04-10 00:00:00,4,2019-04-10 01:00:00,0.10531,0.10531,0.10531,0.0,0.21548475456846647,209.13214160090874,-0.0,0.0,0.0,209.13214160090874,209.13214160090874,0.0,1.0
2377,2019-04-10 01:00:00,4,2019-04-10 02:00:00,0.10531,0.10531,0.10531,0.0,0.21548475456846647,198.43995928571908,-0.0,0.0,0.0,198.43995928571908,198.43995928571908,0.0,0.0
2378,2019-04-10 02:00:00,4,2019-04-10 03:00:00,0.10531,0.10531,0.10531,0.0,0.21548475456846647,205.0063944863911,-0.0,0.0,0.0,205.0063944863911,205.0063944863911,0.0,0.0
2379,2019-04-10 03:00:00,4,2019-04-10 04:00:00,0.10531,0.10531,0.10531,0.0,0.21548475456846647,204.47684707814355,-0.0,0.0,0.0,204.47684707814355,204.47684707814355,0.0,1.0
2380,2019-04-10 04:00:00,4,2019-04-10 05:00:00,0.10531,0.10531,0.10531,0.0,0.21548475456846647,236.84877402503835,-0.0,0.0,0.0,236.84877402503835,236.84877402503835,0.0,0.0
2381,2019-04-10 05:00:00,4,2019-04-10 06:00:00,0.10531,0.10531,0.10531,0.0,0.21548475456846647,347.80749944567157,-11.97957012522204,0.0,0.0,359.7870695708936,359.7870695708936,0.0,1.0
2382,2019-04-10 06:00:00,4,2019-04-10 07:00:00,0.10531,0.10531,0.10531,0.0,0.2522221029524807,408.4748074593571,-0.0,48.687737888463516,0.0,359.7870695708936,359.7870695708936,0.0,0.0
2383,2019-04-10 07:00:00,4,2019-04-10 08:00:00,0.10531,0.10531,0.10531,0.0,0.07581725553051145,366.91263209731477,-0.0,7.125562526421163,0.0,359.7870695708936,359.7870695708936,0.0,0.0
2384,2019-04-10 08:00:00,4,2019-04-10 09:00:00,0.10531,0.10531,0.10531,0.0,0.05,339.3231884931814,-0.0,0.0,0.0,339.3231884931814,339.3231884931814,0.0,0.0
2385,2019-04-10 09:00:00,4,2019-04-10 10:00:00,0.06431,0.06431,0.06431,0.0,0.05,290.26736304968927,-69.51970652120434,0.0,0.0,359.7870695708936,359.7870695708936,0.0,1.0
2386,2019-04-10 10:00:00,4,2019-04-10 11:00:00,0.06431,0.06431,0.06431,0.0,0.2631937666650267,291.80837733933816,-67.97869223155544,0.0,0.0,359.7870695708936,359.7870695708936,0.0,1.0
2387,2019-04-10 11:00:00,4,2019-04-10 12:00:00,0.06431,0.06431,0.06431,0.0,0.47166175617513006,289.98826032318823,-69.79880924770538,0.0,0.0,359.7870695708936,359.7870695708936,0.0,1.0
2388,2019-04-10 12:00:00,4,2019-04-10 13:00:00,0.06431,0.06431,0.06431,0.0,0.6857114378680932,279.8937336953677,-79.8933358755259,0.0,0.0,359.7870695708936,359.7870695708936,0.0,1.0
2389,2019-04-10 13:00:00,4,2019-04-10 14:00:00,0.06431,0.06431,0.06431,0.0,0.9307176678863727,279.2677150001281,-22.5920648196611,0.0,0.0,301.8597798197892,301.8597798197892,0.0,1.0
2390,2019-04-10 14:00:00,4,2019-04-10 15:00:00,0.10531,0.10531,0.10531,0.0,1.0,278.1747874317377,-0.0,0.0,0.0,278.1747874317377,278.1747874317377,0.0,1.0
2391,2019-04-10 15:00:00,4,2019-04-10 16:00:00,0.10531,0.10531,0.10531,0.0,1.0,307.0443946176772,-0.0,0.0,0.0,307.0443946176772,307.0443946176772,0.0,1.0
2392,2019-04-10 16:00:00,4,2019-04-10 17:00:00,0.13592,0.13592,0.13592,0.0,1.0,344.5455600027129,-0.0,0.0,0.0,344.5455600027129,344.5455600027129,0.0,1.0
2393,2019-04-10 17:00:00,4,2019-04-10 18:00:00,0.13592,0.13592,0.13592,0.0,0.9999999999999998,399.43932873199697,-0.0,39.65225916110336,0.0,359.7870695708936,359.7870695708936,0.0,0.0
2394,2019-04-10 18:00:00,4,2019-04-10 19:00:00,0.13592,0.13592,0.13592,0.0,0.8563323943438282,424.2359657102745,-0.0,68.46945937211927,0.0,355.76650633815524,355.76650633815524,0.0,0.0
2395,2019-04-10 19:00:00,4,2019-04-10 20:00:00,0.13592,0.13592,0.13592,0.0,0.6082546429955701,449.8944686055899,-0.0,90.1073990346963,0.0,359.7870695708936,359.7870695708936,0.0,0.0
2396,2019-04-10 20:00:00,4,2019-04-10 21:00:00,0.13592,0.13592,0.13592,0.0,0.28177855953652553,423.75795200297466,-0.0,63.970882432081055,0.0,359.7870695708936,359.7870695708936,0.0,0.0
2397,2019-04-10 21:00:00,4,2019-04-10 22:00:00,0.10531,0.10531,0.10531,0.0,0.05,356.5143395785107,-3.2727299923828923,0.0,0.0,359.7870695708936,359.7870695708936,0.0,1.0
2398,2019-04-10 22:00:00,4,2019-04-10 23:00:00,0.10531,0.10531,0.10531,0.0,0.06003637197664087,288.64078218684057,-60.187362377936324,0.0,0.0,348.8281445647769,348.8281445647769,0.0,1.0
2399,2019-04-10 23:00:00,4,2019-04-11 00:00:00,0.10531,0.10531,0.10531,0.0,0.24461094993564558,229.01515407700023,-0.0,0.0,0.0,229.01515407700023,229.01515407700023,0.0,0.0
2400,2019-04-11 00:00:00,4,2019-04-11 01:00:00,0.10531,0.10531,0.10531,0.0,0.24461094993564558,215.81222336923977,-0.0,-6.536993168992922e-15,0.0,215.81222336923977,215.81222336923977,0.0,1.0
2401,2019-04-11 01:00:00,4,2019-04-11 02:00:00,0.10531,0.10531,0.10531,0.0,0.24461094993564558,186.49121131876979,-0.0,0.0,0.0,186.49121131876979,186.49121131876979,0.0,1.0
2402,2019-04-11 02:00:00,4,2019-04-11 03:00:00,0.10531,0.10531,0.10531,0.0,0.24461094993564558,185.012476220538,-0.0,0.0,0.0,185.012476220538,185.012476220538,0.0,1.0
2403,2019-04-11 03:00:00,4,2019-04-11 04:00:00,0.10531,0.10531,0.10531,0.0,0.24461094993564558,197.07395877588274,-0.0,0.0,0.0,197.07395877588274,197.07395877588274,0.0,1.0
2404,2019-04-11 04:00:00,4,2019-04-11 05:00:00,0.10531,0.10531,0.10531,0.0,0.24461094993564558,231.52807861435573,-0.0,0.0,0.0,231.52807861435573,231.52807861435573,0.0,1.0
2405,2019-04-11 05:00:00,4,2019-04-11 06:00:00,0.10531,0.10531,0.10531,0.0,0.24461094993564558,335.4414352452208,-0.0,0.0,0.0,335.4414352452208,335.4414352452208,0.0,1.0
2406,2019-04-11 06:00:00,4,2019-04-11 07:00:00,0.10531,0.10531,0.10531,0.0,0.24461094993564558,406.30625759082693,-0.0,46.519188019933324,0.0,359.7870695708936,359.7870695708936,0.0,0.0
2407,2019-04-11 07:00:00,4,2019-04-11 08:00:00,0.10531,0.10531,0.10531,0.0,0.07606316725472778,366.9805037331985,-0.0,7.193434162304868,0.0,359.7870695708936,359.7870695708936,0.0,0.0
2408,2019-04-11 08:00:00,4,2019-04-11 09:00:00,0.10531,0.10531,0.10531,0.0,0.05,339.0927491701762,-0.0,0.0,0.0,339.0927491701762,339.0927491701762,0.0,0.0
2409,2019-04-11 09:00:00,4,2019-04-11 10:00:00,0.06431,0.06431,0.06431,0.0,0.05,290.0021967245954,-69.78487284629819,0.0,0.0,359.7870695708936,359.7870695708936,0.0,1.0
2410,2019-04-11 10:00:00,4,2019-04-11 11:00:00,0.06431,0.06431,0.06431,0.0,0.26400694339531444,290.786406846198,-10.58409535721907,0.0,0.0,301.3705022034171,301.3705022034171,0.0,1.0
2411,2019-04-11 11:00:00,4,2019-04-11 12:00:00,0.06431,0.06431,0.06431,0.0,0.2964648358241196,289.9713773449111,-69.8156922259825,0.0,0.0,359.7870695708936,359.7870695708936,0.0,1.0
2412,2019-04-11 12:00:00,4,2019-04-11 13:00:00,0.06431,0.06431,0.06431,0.0,0.5105662919837993,279.9543390400588,-79.8327305308348,0.0,0.0,359.7870695708936,359.7870695708936,0.0,1.0
2413,2019-04-11 13:00:00,4,2019-04-11 14:00:00,0.06431,0.06431,0.06431,0.0,0.7553866656116927,280.021851835576,-79.7652177353176,0.0,0.0,359.7870695708936,359.7870695708936,0.0,1.0
2414,2019-04-11 14:00:00,4,2019-04-11 15:00:00,0.10531,0.10531,0.10531,0.0,1.0,279.1951637240593,-0.0,0.0,0.0,279.1951637240593,279.1951637240593,0.0,1.0
2415,2019-04-11 15:00:00,4,2019-04-11 16:00:00,0.10531,0.10531,0.10531,0.0,1.0,308.7290686147189,-0.0,0.0,0.0,308.7290686147189,308.7290686147189,0.0,1.0
2416,2019-04-11 16:00:00,4,2019-04-11 17:00:00,0.13592,0.13592,0.13592,0.0,1.0,345.1593925482582,-0.0,0.0,0.0,345.1593925482582,345.1593925482582,0.0,1.0
2417,2019-04-11 17:00:00,4,2019-04-11 18:00:00,0.13592,0.13592,0.13592,0.0,1.0,399.65379929339645,-0.0,39.86672972250284,0.0,359.7870695708936,359.7870695708936,0.0,0.0
2418,2019-04-11 18:00:00,4,2019-04-11 19:00:00,0.13592,0.13592,0.13592,0.0,0.8555553270923811,422.83264145721364,-0.0,63.04557188632003,0.0,359.7870695708936,359.7870695708936,0.0,0.0
2419,2019-04-11 19:00:00,4,2019-04-11 20:00:00,0.13592,0.13592,0.13592,0.0,0.6271293419970186,447.6138262058429,-0.0,87.82675663494928,0.0,359.7870695708936,359.7870695708936,0.0,0.0
2420,2019-04-11 20:00:00,4,2019-04-11 21:00:00,0.13592,0.13592,0.13592,0.0,0.3089164556385068,421.8215449301121,-0.0,71.46094175622788,0.0,350.3606031738842,350.3606031738842,0.0,0.0
2421,2019-04-11 21:00:00,4,2019-04-11 22:00:00,0.10531,0.10531,0.10531,0.0,0.05,355.67549506776714,-0.0,0.0,0.0,355.67549506776714,355.67549506776714,0.0,1.0
2422,2019-04-11 22:00:00,4,2019-04-11 23:00:00,0.10531,0.10531,0.10531,0.0,0.05,258.21233072624085,-0.0,0.0,0.0,258.21233072624085,258.21233072624085,0.0,1.0
2423,2019-04-11 23:00:00,4,2019-04-12 00:00:00,0.10531,0.10531,0.10531,0.0,0.05,208.66429427319355,-0.0,0.0,0.0,208.66429427319355,208.66429427319355,0.0,1.0
2424,2019-04-12 00:00:00,4,2019-04-12 01:00:00,0.10531,0.10531,0.10531,0.0,0.05,202.62097294011147,-0.0,0.0,0.0,202.62097294011147,202.62097294011147,0.0,1.0
2425,2019-04-12 01:00:00,4,2019-04-12 02:00:00,0.10531,0.10531,0.10531,0.0,0.05,180.39805309914234,-0.0,0.0,0.0,180.39805309914234,180.39805309914234,0.0,1.0
2426,2019-04-12 02:00:00,4,2019-04-12 03:00:00,0.10531,0.10531,0.10531,0.0,0.05,172.7098352180548,-0.0,0.0,0.0,172.7098352180548,172.7098352180548,0.0,1.0
2427,2019-04-12 03:00:00,4,2019-04-12 04:00:00,0.10531,0.10531,0.10531,0.0,0.05,179.64812684108193,-57.65505163580669,0.0,0.0,237.30317847688863,237.30317847688863,0.0,1.0
2428,2019-04-12 04:00:00,4,2019-04-12 05:00:00,0.10531,0.10531,0.10531,0.0,0.22680882501647384,216.1184254133836,-0.0,0.0,0.0,216.1184254133836,216.1184254133836,0.0,1.0
2429,2019-04-12 05:00:00,4,2019-04-12 06:00:00,0.10531,0.10531,0.10531,0.0,0.22680882501647384,344.1991250299595,-0.0,0.0,0.0,344.1991250299595,344.1991250299595,0.0,0.0
2430,2019-04-12 06:00:00,4,2019-04-12 07:00:00,0.10531,0.10531,0.10531,0.0,0.22680882501647384,405.50215315066777,-0.0,45.71508357977416,0.0,359.7870695708936,359.7870695708936,0.0,0.0
2431,2019-04-12 07:00:00,4,2019-04-12 08:00:00,0.10531,0.10531,0.10531,0.0,0.06117446422019069,362.87122169566624,-0.0,3.084152124772629,0.0,359.7870695708936,359.7870695708936,0.0,0.0
2432,2019-04-12 08:00:00,4,2019-04-12 09:00:00,0.10531,0.10531,0.10531,0.0,0.05,339.5774033057151,-0.0,0.0,0.0,339.5774033057151,339.5774033057151,0.0,1.0
2433,2019-04-12 09:00:00,4,2019-04-12 10:00:00,0.06431,0.06431,0.06431,0.0,0.05,290.88964509846505,-68.89742447242855,0.0,0.0,359.7870695708936,359.7870695708936,0.0,1.0
2434,2019-04-12 10:00:00,4,2019-04-12 11:00:00,0.06431,0.06431,0.06431,0.0,0.26128543504878093,292.34261364042754,-13.456822600816494,0.0,0.0,305.79943624124405,305.79943624124405,0.0,1.0
2435,2019-04-12 11:00:00,4,2019-04-12 12:00:00,0.06431,0.06431,0.06431,0.0,0.3025530243579515,290.9441905247006,-68.84287904619299,0.0,0.0,359.7870695708936,359.7870695708936,0.0,1.0
2436,2019-04-12 12:00:00,4,2019-04-12 13:00:00,0.06431,0.06431,0.06431,0.0,0.5136711867662767,280.4843456368294,-79.3027239340642,0.0,0.0,359.7870695708936,359.7870695708936,0.0,1.0
2437,2019-04-12 13:00:00,4,2019-04-12 14:00:00,0.06431,0.06431,0.06431,0.0,0.7568662068307402,280.5043109287437,-79.28275864214993,0.0,0.0,359.7870695708936,359.7870695708936,0.0,1.0
2438,2019-04-12 14:00:00,4,2019-04-12 15:00:00,0.10531,0.10531,0.10531,0.0,1.0,279.7458327904781,-0.0,0.0,0.0,279.7458327904781,279.7458327904781,0.0,1.0
2439,2019-04-12 15:00:00,4,2019-04-12 16:00:00,0.10531,0.10531,0.10531,0.0,1.0,309.3726413819038,-0.0,0.0,0.0,309.3726413819038,309.3726413819038,0.0,1.0
2440,2019-04-12 16:00:00,4,2019-04-12 17:00:00,0.13592,0.13592,0.13592,0.0,1.0,345.7107608772683,-0.0,0.0,0.0,345.7107608772683,345.7107608772683,0.0,1.0
2441,2019-04-12 17:00:00,4,2019-04-12 18:00:00,0.13592,0.13592,0.13592,0.0,1.0,399.8361432197723,-0.0,46.16896827050373,0.0,353.66717494926854,353.66717494926854,0.0,0.0
2442,2019-04-12 18:00:00,4,2019-04-12 19:00:00,0.13592,0.13592,0.13592,0.0,0.8327211294546967,423.96010981952946,-0.0,64.17304024863586,0.0,359.7870695708936,359.7870695708936,0.0,0.0
2443,2019-04-12 19:00:00,4,2019-04-12 20:00:00,0.13592,0.13592,0.13592,0.0,0.6002101140610885,448.85912867496137,-0.0,89.07205910406776,0.0,359.7870695708936,359.7870695708936,0.0,0.0
2444,2019-04-12 20:00:00,4,2019-04-12 21:00:00,0.13592,0.13592,0.13592,0.0,0.27748526223475606,422.5730019476863,-0.0,62.78593237679269,0.0,359.7870695708936,359.7870695708936,0.0,0.0
2445,2019-04-12 21:00:00,4,2019-04-12 22:00:00,0.10531,0.10531,0.10531,0.0,0.05,354.70767429826793,-5.079395272625675,0.0,0.0,359.7870695708936,359.7870695708936,0.0,1.0
2446,2019-04-12 22:00:00,4,2019-04-12 23:00:00,0.10531,0.10531,0.10531,0.0,0.0655768121693854,287.0566919164481,-52.370616019179906,0.0,0.0,339.427307935628,339.427307935628,0.0,1.0
2447,2019-04-12 23:00:00,4,2019-04-13 00:00:00,0.10531,0.10531,0.10531,0.0,0.22618003462820377,222.41326340185324,-0.0,0.0,0.0,222.41326340185324,222.41326340185324,0.0,0.0
2448,2019-04-13 00:00:00,4,2019-04-13 01:00:00,0.10531,0.10531,0.10531,0.0,0.22618003462820377,212.46859834659645,-0.0,0.0,0.0,212.46859834659645,212.46859834659645,0.0,1.0
2449,2019-04-13 01:00:00,4,2019-04-13 02:00:00,0.10531,0.10531,0.10531,0.0,0.22618003462820377,195.34198219875276,-0.0,0.0,0.0,195.34198219875276,195.34198219875276,0.0,0.0
2450,2019-04-13 02:00:00,4,2019-04-13 03:00:00,0.10531,0.10531,0.10531,0.0,0.22618003462820377,194.79416393548806,-0.0,0.0,0.0,194.79416393548806,194.79416393548806,0.0,0.0
2451,2019-04-13 03:00:00,4,2019-04-13 04:00:00,0.10531,0.10531,0.10531,0.0,0.22618003462820377,187.3300689976339,-0.0,0.0,0.0,187.3300689976339,187.3300689976339,0.0,0.0
2452,2019-04-13 04:00:00,4,2019-04-13 05:00:00,0.10531,0.10531,0.10531,0.0,0.22618003462820377,207.92492618288648,-0.0,0.0,0.0,207.92492618288648,207.92492618288648,0.0,0.0
2453,2019-04-13 05:00:00,4,2019-04-13 06:00:00,0.10531,0.10531,0.10531,0.0,0.22618003462820377,343.000164392194,-0.0,0.0,0.0,343.000164392194,343.000164392194,0.0,1.0
2454,2019-04-13 06:00:00,4,2019-04-13 07:00:00,0.10531,0.10531,0.10531,0.0,0.22618003462820377,403.2203876136986,-0.0,43.43331804280501,0.0,359.7870695708936,359.7870695708936,0.0,0.0
2455,2019-04-13 07:00:00,4,2019-04-13 08:00:00,0.10531,0.10531,0.10531,0.0,0.06881294027021462,364.97944108547284,-0.0,5.192371514579236,0.0,359.7870695708936,359.7870695708936,0.0,0.0
2456,2019-04-13 08:00:00,4,2019-04-13 09:00:00,0.10531,0.10531,0.10531,0.0,0.05,339.4657050813076,-0.0,0.0,0.0,339.4657050813076,339.4657050813076,0.0,0.0
2457,2019-04-13 09:00:00,4,2019-04-13 10:00:00,0.06431,0.06431,0.06431,0.0,0.05,290.5581631477467,-69.2289064231469,0.0,0.0,359.7870695708936,359.7870695708936,0.0,1.0
2458,2019-04-13 10:00:00,4,2019-04-13 11:00:00,0.06431,0.06431,0.06431,0.0,0.2623019796976505,291.8149730453646,-67.97209652552903,0.0,0.0,359.7870695708936,359.7870695708936,0.0,1.0
2459,2019-04-13 11:00:00,4,2019-04-13 12:00:00,0.06431,0.06431,0.06431,0.0,0.4707497423759395,290.5076594202685,-69.2794101506251,0.0,0.0,359.7870695708936,359.7870695708936,0.0,1.0
2460,2019-04-13 12:00:00,4,2019-04-13 13:00:00,0.06431,0.06431,0.06431,0.0,0.6832066001711897,280.7194107745873,-79.06765879630632,0.0,0.0,359.7870695708936,359.7870695708936,0.0,1.0
2461,2019-04-13 13:00:00,4,2019-04-13 14:00:00,0.06431,0.06431,0.06431,0.0,0.9256807538131958,280.336252534871,-24.234536800044836,0.0,0.0,304.57078933491584,304.57078933491584,0.0,1.0
2462,2019-04-13 14:00:00,4,2019-04-13 15:00:00,0.10531,0.10531,0.10531,0.0,1.0,279.6527610060051,-0.0,0.0,0.0,279.6527610060051,279.6527610060051,0.0,1.0
2463,2019-04-13 15:00:00,4,2019-04-13 16:00:00,0.10531,0.10531,0.10531,0.0,1.0,308.9795462463431,-0.0,0.0,0.0,308.9795462463431,308.9795462463431,0.0,1.0
2464,2019-04-13 16:00:00,4,2019-04-13 17:00:00,0.13592,0.13592,0.13592,0.0,1.0,345.2349580360849,-0.0,0.0,0.0,345.2349580360849,345.2349580360849,0.0,1.0
2465,2019-04-13 17:00:00,4,2019-04-13 18:00:00,0.13592,0.13592,0.13592,0.0,1.0,400.13377823450884,-0.0,40.34670866361523,0.0,359.7870695708936,359.7870695708936,0.0,0.0
2466,2019-04-13 18:00:00,4,2019-04-13 19:00:00,0.13592,0.13592,0.13592,0.0,0.8538162729579158,425.2116861825772,-0.0,66.53455871813934,0.0,358.67712746443783,358.67712746443783,0.0,0.0
2467,2019-04-13 19:00:00,4,2019-04-13 20:00:00,0.13592,0.13592,0.13592,0.0,0.612749031225527,450.58154220468043,-0.0,90.79447263378682,0.0,359.7870695708936,359.7870695708936,0.0,0.0
2468,2019-04-13 20:00:00,4,2019-04-13 21:00:00,0.13592,0.13592,0.13592,0.0,0.2837835506683284,424.31132955535224,-0.0,64.52425998445864,0.0,359.7870695708936,359.7870695708936,0.0,0.0
2469,2019-04-13 21:00:00,4,2019-04-13 22:00:00,0.10531,0.10531,0.10531,0.0,0.05,356.82388775946845,-0.0,0.0,0.0,356.82388775946845,356.82388775946845,0.0,1.0
2470,2019-04-13 22:00:00,4,2019-04-13 23:00:00,0.10531,0.10531,0.10531,0.0,0.05,288.7008770185749,-0.0,0.0,0.0,288.7008770185749,288.7008770185749,0.0,1.0
2471,2019-04-13 23:00:00,4,2019-04-14 00:00:00,0.10531,0.10531,0.10531,0.0,0.05,235.84821932202786,-0.0,0.0,0.0,235.84821932202786,235.84821932202786,0.0,1.0
2472,2019-04-14 00:00:00,4,2019-04-14 01:00:00,0.10531,0.10531,0.10531,0.0,0.05,224.76359019029232,-64.21782102827176,0.0,0.0,288.98141121856406,288.98141121856406,0.0,1.0
2473,2019-04-14 01:00:00,4,2019-04-14 02:00:00,0.10531,0.10531,0.10531,0.0,0.24693465115336674,204.96374991025593,-0.0,0.0,0.0,204.96374991025593,204.96374991025593,0.0,1.0
2474,2019-04-14 02:00:00,4,2019-04-14 03:00:00,0.10531,0.10531,0.10531,0.0,0.24693465115336674,198.77649850561093,-0.0,0.0,0.0,198.77649850561093,198.77649850561093,0.0,0.0
2475,2019-04-14 03:00:00,4,2019-04-14 04:00:00,0.10531,0.10531,0.10531,0.0,0.24693465115336674,217.52021322001283,-0.0,0.0,0.0,217.52021322001283,217.52021322001283,0.0,0.0
2476,2019-04-14 04:00:00,4,2019-04-14 05:00:00,0.10531,0.10531,0.10531,0.0,0.24693465115336674,250.47449340849786,-0.0,0.0,0.0,250.47449340849786,250.47449340849786,0.0,1.0
2477,2019-04-14 05:00:00,4,2019-04-14 06:00:00,0.10531,0.10531,0.10531,0.0,0.24693465115336674,342.70764930546557,-0.0,0.0,0.0,342.70764930546557,342.70764930546557,0.0,1.0
2478,2019-04-14 06:00:00,4,2019-04-14 07:00:00,0.10531,0.10531,0.10531,0.0,0.24693465115336674,407.38514669423853,-0.0,47.59807712334492,0.0,359.7870695708936,359.7870695708936,0.0,0.0
2479,2019-04-14 07:00:00,4,2019-04-14 08:00:00,0.10531,0.10531,0.10531,0.0,0.07447784998182719,366.5429561658779,-0.0,6.755886594984304,0.0,359.7870695708936,359.7870695708936,0.0,0.0
2480,2019-04-14 08:00:00,4,2019-04-14 09:00:00,0.10531,0.10531,0.10531,0.0,0.05,339.2724604873609,-0.0,0.0,0.0,339.2724604873609,339.2724604873609,0.0,0.0
2481,2019-04-14 09:00:00,4,2019-04-14 10:00:00,0.06431,0.06431,0.06431,0.0,0.05,289.83263547757906,-69.95443409331455,0.0,0.0,359.7870695708936,359.7870695708936,0.0,1.0
2482,2019-04-14 10:00:00,4,2019-04-14 11:00:00,0.06431,0.06431,0.06431,0.0,0.264526931219498,291.23611867065466,-9.586347984611328,0.0,0.0,300.822466655266,300.822466655266,0.0,1.0
2483,2019-04-14 11:00:00,4,2019-04-14 12:00:00,0.06431,0.06431,0.06431,0.0,0.2939250650389727,289.76502294203203,-70.02204662886157,0.0,0.0,359.7870695708936,359.7870695708936,0.0,1.0
2484,2019-04-14 12:00:00,4,2019-04-14 13:00:00,0.06431,0.06431,0.06431,0.0,0.5086593413674816,279.74147716140106,-80.04559240949254,0.0,0.0,359.7870695708936,359.7870695708936,0.0,1.0
2485,2019-04-14 13:00:00,4,2019-04-14 14:00:00,0.06431,0.06431,0.06431,0.0,0.7541324914232587,279.6128819915215,-80.17418757937213,0.0,0.0,359.7870695708936,359.7870695708936,0.0,1.0
2486,2019-04-14 14:00:00,4,2019-04-14 15:00:00,0.10531,0.10531,0.10531,0.0,1.0,279.0421021404515,-0.0,0.0,0.0,279.0421021404515,279.0421021404515,0.0,1.0
2487,2019-04-14 15:00:00,4,2019-04-14 16:00:00,0.10531,0.10531,0.10531,0.0,1.0,308.42301002204056,-0.0,0.0,0.0,308.42301002204056,308.42301002204056,0.0,1.0
2488,2019-04-14 16:00:00,4,2019-04-14 17:00:00,0.13592,0.13592,0.13592,0.0,1.0,344.986669975768,-0.0,0.0,0.0,344.986669975768,344.986669975768,0.0,1.0
2489,2019-04-14 17:00:00,4,2019-04-14 18:00:00,0.13592,0.13592,0.13592,0.0,1.0,399.27410357928727,-0.0,39.487034008393664,0.0,359.7870695708936,359.7870695708936,0.0,0.0
2490,2019-04-14 18:00:00,4,2019-04-14 19:00:00,0.13592,0.13592,0.13592,0.0,0.8569310362014722,423.8742101486062,-0.0,69.96874386580726,0.0,353.90546628279895,353.90546628279895,0.0,0.0
2491,2019-04-14 19:00:00,4,2019-04-14 20:00:00,0.13592,0.13592,0.13592,0.0,0.6034210946586923,449.1151858475601,-0.0,89.32811627666649,0.0,359.7870695708936,359.7870695708936,0.0,0.0
2492,2019-04-14 20:00:00,4,2019-04-14 21:00:00,0.13592,0.13592,0.13592,0.0,0.2797684994533789,423.2031754200262,-0.0,63.41610584913258,0.0,359.7870695708936,359.7870695708936,0.0,0.0
2493,2019-04-14 21:00:00,4,2019-04-14 22:00:00,0.10531,0.10531,0.10531,0.0,0.05,355.8209178577219,-3.966151713171712,0.0,0.0,359.7870695708936,359.7870695708936,0.0,1.0
2494,2019-04-14 22:00:00,4,2019-04-14 23:00:00,0.10531,0.10531,0.10531,0.0,0.06216286525372658,289.39933683698223,-49.82835571873047,0.0,0.0,339.2276925557127,339.2276925557127,0.0,1.0
2495,2019-04-14 23:00:00,4,2019-04-15 00:00:00,0.10531,0.10531,0.10531,0.0,0.2149698227911667,232.13061084625235,7.723290606088045e-15,0.0,0.0,232.13061084625235,232.13061084625235,0.0,0.0
2496,2019-04-15 00:00:00,4,2019-04-15 01:00:00,0.10531,0.10531,0.10531,0.0,0.2149698227911667,232.4165431387486,-0.0,0.0,0.0,232.4165431387486,232.4165431387486,0.0,1.0
2497,2019-04-15 01:00:00,4,2019-04-15 02:00:00,0.10531,0.10531,0.10531,0.0,0.2149698227911667,194.7476205558223,-0.0,0.0,0.0,194.7476205558223,194.7476205558223,0.0,1.0
2498,2019-04-15 02:00:00,4,2019-04-15 03:00:00,0.10531,0.10531,0.10531,0.0,0.2149698227911667,213.24237150340164,-0.0,0.0,0.0,213.24237150340164,213.24237150340164,0.0,1.0
2499,2019-04-15 03:00:00,4,2019-04-15 04:00:00,0.10531,0.10531,0.10531,0.0,0.2149698227911667,218.12480931223666,-0.0,0.0,0.0,218.12480931223666,218.12480931223666,0.0,1.0
2500,2019-04-15 04:00:00,4,2019-04-15 05:00:00,0.10531,0.10531,0.10531,0.0,0.2149698227911667,212.47659893303972,-0.0,0.0,0.0,212.47659893303972,212.47659893303972,0.0,1.0
2501,2019-04-15 05:00:00,4,2019-04-15 06:00:00,0.10531,0.10531,0.10531,0.0,0.2149698227911667,301.3001916571398,-0.0,0.0,0.0,301.3001916571398,301.3001916571398,0.0,1.0
2502,2019-04-15 06:00:00,4,2019-04-15 07:00:00,0.10531,0.10531,0.10531,0.0,0.2149698227911667,362.49608806443246,-0.0,2.709018493538851,0.0,359.7870695708936,359.7870695708936,0.0,0.0
2503,2019-04-15 07:00:00,4,2019-04-15 08:00:00,0.10531,0.10531,0.10531,0.0,0.2051545383942868,402.60972216771677,-0.0,42.82265259682316,0.0,359.7870695708936,359.7870695708936,0.0,0.0
2504,2019-04-15 08:00:00,4,2019-04-15 09:00:00,0.10531,0.10531,0.10531,0.0,0.05,355.8808720461658,-0.0,0.0,0.0,355.8808720461658,355.8808720461658,0.0,1.0
2505,2019-04-15 09:00:00,4,2019-04-15 10:00:00,0.06431,0.06431,0.06431,0.0,0.05,302.85572975284845,-56.93133981804516,0.0,0.0,359.7870695708936,359.7870695708936,0.0,1.0
2506,2019-04-15 10:00:00,4,2019-04-15 11:00:00,0.06431,0.06431,0.06431,0.0,0.22458944210867182,294.80974879314203,-64.97732077775157,0.0,0.0,359.7870695708936,359.7870695708936,0.0,1.0
2507,2019-04-15 11:00:00,4,2019-04-15 12:00:00,0.06431,0.06431,0.06431,0.0,0.42385322582711,293.83714381992536,-65.94992575096825,0.0,0.0,359.7870695708936,359.7870695708936,0.0,1.0
2508,2019-04-15 12:00:00,4,2019-04-15 13:00:00,0.06431,0.06431,0.06431,0.0,0.626099664796746,284.0101762235518,-75.7768933473418,0.0,0.0,359.7870695708936,359.7870695708936,0.0,1.0
2509,2019-04-15 13:00:00,4,2019-04-15 14:00:00,0.06431,0.06431,0.06431,0.0,0.858482137728594,283.8383918565638,-46.14712900154539,0.0,0.0,329.9855208581092,329.9855208581092,0.0,1.0
2510,2019-04-15 14:00:00,4,2019-04-15 15:00:00,0.10531,0.10531,0.10531,0.0,1.0,283.64476705894924,-0.0,0.0,0.0,283.64476705894924,283.64476705894924,0.0,1.0
2511,2019-04-15 15:00:00,4,2019-04-15 16:00:00,0.10531,0.10531,0.10531,0.0,1.0,313.70645584877565,-0.0,0.0,0.0,313.70645584877565,313.70645584877565,0.0,1.0
2512,2019-04-15 16:00:00,4,2019-04-15 17:00:00,0.13592,0.13592,0.13592,0.0,1.0,342.58192658016065,-0.0,0.0,0.0,342.58192658016065,342.58192658016065,0.0,1.0
2513,2019-04-15 17:00:00,4,2019-04-15 18:00:00,0.13592,0.13592,0.13592,0.0,1.0,410.19509005321305,-0.0,50.40802048231944,0.0,359.7870695708936,359.7870695708936,0.0,0.0
2514,2019-04-15 18:00:00,4,2019-04-15 19:00:00,0.13592,0.13592,0.13592,0.0,0.8173622446292774,418.5952355053834,-0.0,70.82439542668057,0.0,347.77084007870286,347.77084007870286,0.0,0.0
2515,2019-04-15 19:00:00,4,2019-04-15 20:00:00,0.13592,0.13592,0.13592,0.0,0.560752116271739,431.9716889214878,-0.0,72.18461935059418,0.0,359.7870695708936,359.7870695708936,0.0,0.0
2516,2019-04-15 20:00:00,4,2019-04-15 21:00:00,0.13592,0.13592,0.13592,0.0,0.29921364036378917,421.248551196161,-0.0,61.46148162526737,0.0,359.7870695708936,359.7870695708936,0.0,0.0
2517,2019-04-15 21:00:00,4,2019-04-15 22:00:00,0.10531,0.10531,0.10531,0.0,0.07652711273600887,367.10855268603206,-0.0,7.321483115138449,0.0,359.7870695708936,359.7870695708936,0.0,0.0
2518,2019-04-15 22:00:00,4,2019-04-15 23:00:00,0.10531,0.10531,0.10531,0.0,0.05,292.02479547085875,-0.0,0.0,0.0,292.02479547085875,292.02479547085875,0.0,1.0
2519,2019-04-15 23:00:00,4,2019-04-16 00:00:00,0.10531,0.10531,0.10531,0.0,0.05,233.33280854097325,-64.36626126660076,0.0,0.0,297.699069807574,297.699069807574,0.0,1.0
2520,2019-04-16 00:00:00,4,2019-04-16 01:00:00,0.10531,0.10531,0.10531,0.0,0.24738986788424236,235.83803863278797,7.723290606088045e-15,0.0,0.0,235.83803863278797,235.83803863278797,0.0,1.0
2521,2019-04-16 01:00:00,4,2019-04-16 02:00:00,0.10531,0.10531,0.10531,0.0,0.24738986788424236,198.02873532280174,-0.0,0.0,0.0,198.02873532280174,198.02873532280174,0.0,0.0
2522,2019-04-16 02:00:00,4,2019-04-16 03:00:00,0.10531,0.10531,0.10531,0.0,0.24738986788424236,201.61178832470313,-0.0,0.0,0.0,201.61178832470313,201.61178832470313,0.0,1.0
2523,2019-04-16 03:00:00,4,2019-04-16 04:00:00,0.10531,0.10531,0.10531,0.0,0.24738986788424236,210.891691014615,-0.0,0.0,0.0,210.891691014615,210.891691014615,0.0,1.0
2524,2019-04-16 04:00:00,4,2019-04-16 05:00:00,0.10531,0.10531,0.10531,0.0,0.24738986788424236,224.2049017903187,-0.0,0.0,0.0,224.2049017903187,224.2049017903187,0.0,1.0
2525,2019-04-16 05:00:00,4,2019-04-16 06:00:00,0.10531,0.10531,0.10531,0.0,0.24738986788424236,303.8635039482837,-0.0,0.0,0.0,303.8635039482837,303.8635039482837,0.0,0.0
2526,2019-04-16 06:00:00,4,2019-04-16 07:00:00,0.10531,0.10531,0.10531,0.0,0.24738986788424236,371.7530639273056,-0.0,11.965994356412011,0.0,359.7870695708936,359.7870695708936,0.0,0.0
2527,2019-04-16 07:00:00,4,2019-04-16 08:00:00,0.10531,0.10531,0.10531,0.0,0.2040348158682568,402.3006787505325,-0.0,42.51360917963888,0.0,359.7870695708936,359.7870695708936,0.0,0.0
2528,2019-04-16 08:00:00,4,2019-04-16 09:00:00,0.10531,0.10531,0.10531,0.0,0.05,346.1664269130378,-0.0,0.0,0.0,346.1664269130378,346.1664269130378,0.0,1.0
2529,2019-04-16 09:00:00,4,2019-04-16 10:00:00,0.06431,0.06431,0.06431,0.0,0.05,302.6546423169751,-57.13242725391848,0.0,0.0,359.7870695708936,359.7870695708936,0.0,1.0
2530,2019-04-16 10:00:00,4,2019-04-16 11:00:00,0.06431,0.06431,0.06431,0.0,0.22520611024535,299.2871488309604,-60.4999207399332,0.0,0.0,359.7870695708936,359.7870695708936,0.0,1.0
2531,2019-04-16 11:00:00,4,2019-04-16 12:00:00,0.06431,0.06431,0.06431,0.0,0.4107392005144785,298.82919264326915,-31.14204822293099,0.0,0.0,329.97124086620016,329.97124086620016,0.0,1.0
2532,2019-04-16 12:00:00,4,2019-04-16 13:00:00,0.06431,0.06431,0.06431,0.0,0.5062414817314669,279.0894407193525,-80.69762885154108,0.0,0.0,359.7870695708936,359.7870695708936,0.0,1.0
2533,2019-04-16 13:00:00,4,2019-04-16 14:00:00,0.06431,0.06431,0.06431,0.0,0.7537142102095261,279.4764859435652,-80.31058362732841,0.0,0.0,359.7870695708936,359.7870695708936,0.0,1.0
2534,2019-04-16 14:00:00,4,2019-04-16 15:00:00,0.10531,0.10531,0.10531,0.0,1.0,279.21445633972337,-0.0,-2.6147972675971688e-14,0.0,279.21445633972337,279.21445633972337,0.0,1.0
2535,2019-04-16 15:00:00,4,2019-04-16 16:00:00,0.10531,0.10531,0.10531,0.0,1.0,308.83735028208037,-0.0,0.0,0.0,308.83735028208037,308.83735028208037,0.0,1.0
2536,2019-04-16 16:00:00,4,2019-04-16 17:00:00,0.13592,0.13592,0.13592,0.0,1.0,338.2699506116087,-0.0,0.0,0.0,338.2699506116087,338.2699506116087,0.0,1.0
2537,2019-04-16 17:00:00,4,2019-04-16 18:00:00,0.13592,0.13592,0.13592,0.0,1.0,401.46630870261885,-0.0,41.67923913172524,0.0,359.7870695708936,359.7870695708936,0.0,0.0
2538,2019-04-16 18:00:00,4,2019-04-16 19:00:00,0.13592,0.13592,0.13592,0.0,0.8489882640154883,418.6050346979079,-0.0,87.68668999802364,0.0,330.9183446998843,330.9183446998843,0.0,0.0
2539,2019-04-16 19:00:00,4,2019-04-16 20:00:00,0.13592,0.13592,0.13592,0.0,0.5312828654719244,441.22536601812016,-0.0,81.43829644722655,0.0,359.7870695708936,359.7870695708936,0.0,0.0
2540,2019-04-16 20:00:00,4,2019-04-16 21:00:00,0.13592,0.13592,0.13592,0.0,0.2362165739964659,411.1828439939182,-0.0,51.39577442302459,0.0,359.7870695708936,359.7870695708936,0.0,0.0
2541,2019-04-16 21:00:00,4,2019-04-16 22:00:00,0.10531,0.10531,0.10531,0.0,0.05,356.15126895444405,-3.6358006164495587,0.0,0.0,359.7870695708936,359.7870695708936,0.0,1.0
2542,2019-04-16 22:00:00,4,2019-04-16 23:00:00,0.10531,0.10531,0.10531,0.0,0.06114978855711198,291.6204742172478,-57.22325119306772,0.0,0.0,348.8437254103155,348.8437254103155,0.0,1.0
2543,2019-04-16 23:00:00,4,2019-04-17 00:00:00,0.10531,0.10531,0.10531,0.0,0.23663442554918632,232.08197271529505,-0.0,0.0,0.0,232.08197271529505,232.08197271529505,0.0,1.0
2544,2019-04-17 00:00:00,4,2019-04-17 01:00:00,0.10531,0.10531,0.10531,0.0,0.23663442554918632,211.33965327124176,-0.0,0.0,0.0,211.33965327124176,211.33965327124176,0.0,1.0
2545,2019-04-17 01:00:00,4,2019-04-17 02:00:00,0.10531,0.10531,0.10531,0.0,0.23663442554918632,203.70316399879655,-0.0,0.0,0.0,203.70316399879655,203.70316399879655,0.0,1.0
2546,2019-04-17 02:00:00,4,2019-04-17 03:00:00,0.10531,0.10531,0.10531,0.0,0.23663442554918632,202.783563036595,-0.0,0.0,0.0,202.783563036595,202.783563036595,0.0,1.0
2547,2019-04-17 03:00:00,4,2019-04-17 04:00:00,0.10531,0.10531,0.10531,0.0,0.23663442554918632,194.2806198659296,-0.0,0.0,0.0,194.2806198659296,194.2806198659296,0.0,1.0
2548,2019-04-17 04:00:00,4,2019-04-17 05:00:00,0.10531,0.10531,0.10531,0.0,0.23663442554918632,225.69778334270327,-0.0,0.0,0.0,225.69778334270327,225.69778334270327,0.0,1.0
2549,2019-04-17 05:00:00,4,2019-04-17 06:00:00,0.10531,0.10531,0.10531,0.0,0.23663442554918632,341.6671646371307,-0.0,0.0,0.0,341.6671646371307,341.6671646371307,0.0,0.0
2550,2019-04-17 06:00:00,4,2019-04-17 07:00:00,0.10531,0.10531,0.10531,0.0,0.23663442554918632,406.5928794387192,-0.0,46.80580986782559,0.0,359.7870695708936,359.7870695708936,0.0,0.0
2551,2019-04-17 07:00:00,4,2019-04-17 08:00:00,0.10531,0.10531,0.10531,0.0,0.0670481579121371,364.49236115464345,-0.0,4.70529158374984,0.0,359.7870695708936,359.7870695708936,0.0,0.0
2552,2019-04-17 08:00:00,4,2019-04-17 09:00:00,0.10531,0.10531,0.10531,0.0,0.05,337.1380583035205,-0.0,0.0,0.0,337.1380583035205,337.1380583035205,0.0,0.0
2553,2019-04-17 09:00:00,4,2019-04-17 10:00:00,0.06431,0.06431,0.06431,0.0,0.05,288.3903566745734,-71.3967128963202,0.0,0.0,359.7870695708936,359.7870695708936,0.0,1.0
2554,2019-04-17 10:00:00,4,2019-04-17 11:00:00,0.06431,0.06431,0.06431,0.0,0.2689499195487153,289.79701525267825,-69.99005431821536,0.0,0.0,359.7870695708936,359.7870695708936,0.0,1.0
2555,2019-04-17 11:00:00,4,2019-04-17 12:00:00,0.06431,0.06431,0.06431,0.0,0.4835860861245757,289.9515761838807,-7.802904721879546,0.0,0.0,297.75448090576026,297.75448090576026,0.0,1.0
2556,2019-04-17 12:00:00,4,2019-04-17 13:00:00,0.06431,0.06431,0.06431,0.0,0.5075149939383397,279.8273827766063,-79.95968679428728,0.0,0.0,359.7870695708936,359.7870695708936,0.0,1.0
2557,2019-04-17 13:00:00,4,2019-04-17 14:00:00,0.06431,0.06431,0.06431,0.0,0.7527247001074873,279.1538196059438,-80.63324996494981,0.0,0.0,359.7870695708936,359.7870695708936,0.0,1.0
2558,2019-04-17 14:00:00,4,2019-04-17 15:00:00,0.10531,0.10531,0.10531,0.0,1.0,278.6508092441653,-0.0,0.0,0.0,278.6508092441653,278.6508092441653,0.0,1.0
2559,2019-04-17 15:00:00,4,2019-04-17 16:00:00,0.10531,0.10531,0.10531,0.0,1.0,307.5902823290263,-0.0,0.0,0.0,307.5902823290263,307.5902823290263,0.0,1.0
2560,2019-04-17 16:00:00,4,2019-04-17 17:00:00,0.13592,0.13592,0.13592,0.0,1.0,343.0595238494086,-0.0,0.0,0.0,343.0595238494086,343.0595238494086,0.0,1.0
2561,2019-04-17 17:00:00,4,2019-04-17 18:00:00,0.13592,0.13592,0.13592,0.0,1.0,398.2772518267144,-0.0,38.4901822558208,0.0,359.7870695708936,359.7870695708936,0.0,0.0
2562,2019-04-17 18:00:00,4,2019-04-17 19:00:00,0.13592,0.13592,0.13592,0.0,0.8605428179136929,420.83358227329455,-0.0,61.046512702400946,0.0,359.7870695708936,359.7870695708936,0.0,0.0
2563,2019-04-17 19:00:00,4,2019-04-17 20:00:00,0.13592,0.13592,0.13592,0.0,0.6393598008760082,449.4768528780306,-0.0,98.42799342746392,0.0,351.04885945056674,351.04885945056674,0.0,0.0
2564,2019-04-17 20:00:00,4,2019-04-17 21:00:00,0.13592,0.13592,0.13592,0.0,0.2827366362837476,424.02238118520796,-0.0,64.23531161431436,0.0,359.7870695708936,359.7870695708936,0.0,0.0
2565,2019-04-17 21:00:00,4,2019-04-17 22:00:00,0.10531,0.10531,0.10531,0.0,0.05,356.45613538752883,-0.0,0.0,0.0,356.45613538752883,356.45613538752883,0.0,0.0
2566,2019-04-17 22:00:00,4,2019-04-17 23:00:00,0.10531,0.10531,0.10531,0.0,0.05,237.74496608079596,-60.78581367997797,0.0,0.0,298.53077976077395,298.53077976077395,0.0,1.0
2567,2019-04-17 23:00:00,4,2019-04-18 00:00:00,0.10531,0.10531,0.10531,0.0,0.2364098286185991,184.16469931355593,-0.0,0.0,0.0,184.16469931355593,184.16469931355593,0.0,1.0
2568,2019-04-18 00:00:00,4,2019-04-18 01:00:00,0.10531,0.10531,0.10531,0.0,0.2364098286185991,177.85314819678138,-0.0,0.0,0.0,177.85314819678138,177.85314819678138,0.0,1.0
2569,2019-04-18 01:00:00,4,2019-04-18 02:00:00,0.10531,0.10531,0.10531,0.0,0.2364098286185991,164.18139296201886,-0.0,0.0,0.0,164.18139296201886,164.18139296201886,0.0,0.0
2570,2019-04-18 02:00:00,4,2019-04-18 03:00:00,0.10531,0.10531,0.10531,0.0,0.2364098286185991,162.54752619641283,-0.0,0.0,0.0,162.54752619641283,162.54752619641283,0.0,0.0
2571,2019-04-18 03:00:00,4,2019-04-18 04:00:00,0.10531,0.10531,0.10531,0.0,0.2364098286185991,168.2057110393582,-0.0,0.0,0.0,168.2057110393582,168.2057110393582,0.0,0.0
2572,2019-04-18 04:00:00,4,2019-04-18 05:00:00,0.10531,0.10531,0.10531,0.0,0.2364098286185991,206.34586304826706,-0.0,0.0,0.0,206.34586304826706,206.34586304826706,0.0,1.0
2573,2019-04-18 05:00:00,4,2019-04-18 06:00:00,0.10531,0.10531,0.10531,0.0,0.2364098286185991,330.5292534518331,-0.0,0.0,0.0,330.5292534518331,330.5292534518331,0.0,0.0
2574,2019-04-18 06:00:00,4,2019-04-18 07:00:00,0.10531,0.10531,0.10531,0.0,0.2364098286185991,406.33807004335563,-0.0,46.55100047246202,0.0,359.7870695708936,359.7870695708936,0.0,0.0
2575,2019-04-18 07:00:00,4,2019-04-18 08:00:00,0.10531,0.10531,0.10531,0.0,0.06774678342851934,364.68518179716494,-0.0,4.898112226271337,0.0,359.7870695708936,359.7870695708936,0.0,0.0
2576,2019-04-18 08:00:00,4,2019-04-18 09:00:00,0.10531,0.10531,0.10531,0.0,0.05,337.6843548243571,-0.0,0.0,0.0,337.6843548243571,337.6843548243571,0.0,1.0
2577,2019-04-18 09:00:00,4,2019-04-18 10:00:00,0.06431,0.06431,0.06431,0.0,0.05,288.84966944227676,-70.93740012861684,0.0,0.0,359.7870695708936,359.7870695708936,0.0,1.0
2578,2019-04-18 10:00:00,4,2019-04-18 11:00:00,0.06431,0.06431,0.06431,0.0,0.267541360394425,290.4623197224315,-10.121268200878019,0.0,0.0,300.58358792330955,300.58358792330955,0.0,1.0
2579,2019-04-18 11:00:00,4,2019-04-18 12:00:00,0.06431,0.06431,0.06431,0.0,0.29857991621045094,290.06912928325954,-69.71794028763406,0.0,0.0,359.7870695708936,359.7870695708936,0.0,1.0
2580,2019-04-18 12:00:00,4,2019-04-18 13:00:00,0.06431,0.06431,0.06431,0.0,0.5123815997591954,280.1524225078909,-79.63464706300272,0.0,0.0,359.7870695708936,359.7870695708936,0.0,1.0
2581,2019-04-18 13:00:00,4,2019-04-18 14:00:00,0.06431,0.06431,0.06431,0.0,0.7565945174190704,280.4157165553731,-79.37135301552053,0.0,0.0,359.7870695708936,359.7870695708936,0.0,1.0
2582,2019-04-18 14:00:00,4,2019-04-18 15:00:00,0.10531,0.10531,0.10531,0.0,1.0,279.6049724362367,-0.0,0.0,0.0,279.6049724362367,279.6049724362367,0.0,1.0
2583,2019-04-18 15:00:00,4,2019-04-18 16:00:00,0.10531,0.10531,0.10531,0.0,1.0,309.5259566155395,-0.0,0.0,0.0,309.5259566155395,309.5259566155395,0.0,0.0
2584,2019-04-18 16:00:00,4,2019-04-18 17:00:00,0.13592,0.13592,0.13592,0.0,1.0,345.04905545235926,-0.0,0.0,0.0,345.04905545235926,345.04905545235926,0.0,1.0
2585,2019-04-18 17:00:00,4,2019-04-18 18:00:00,0.13592,0.13592,0.13592,0.0,1.0,398.85788634266436,-0.0,39.07081677177075,0.0,359.7870695708936,359.7870695708936,0.0,0.0
2586,2019-04-18 18:00:00,4,2019-04-18 19:00:00,0.13592,0.13592,0.13592,0.0,0.8584390696674973,420.5817994327913,-0.0,70.02600252055923,0.0,350.55579691223204,350.55579691223204,0.0,0.0
2587,2019-04-18 19:00:00,4,2019-04-18 20:00:00,0.13592,0.13592,0.13592,0.0,0.6047216692306885,449.2526140700722,-0.0,89.46554449917858,0.0,359.7870695708936,359.7870695708936,0.0,0.0
2588,2019-04-18 20:00:00,4,2019-04-18 21:00:00,0.13592,0.13592,0.13592,0.0,0.2805711456829401,423.4247057793851,-0.0,63.63763620849147,0.0,359.7870695708936,359.7870695708936,0.0,0.0
2589,2019-04-18 21:00:00,4,2019-04-18 22:00:00,0.10531,0.10531,0.10531,0.0,0.05,356.9327964271671,-0.0,0.0,0.0,356.9327964271671,356.9327964271671,0.0,1.0
2590,2019-04-18 22:00:00,4,2019-04-18 23:00:00,0.10531,0.10531,0.10531,0.0,0.05,287.09669976556546,-0.0,0.0,0.0,287.09669976556546,287.09669976556546,0.0,1.0
2591,2019-04-18 23:00:00,4,2019-04-19 00:00:00,0.10531,0.10531,0.10531,0.0,0.05,209.2197551054776,-0.0,0.0,0.0,209.2197551054776,209.2197551054776,0.0,1.0
2592,2019-04-19 00:00:00,4,2019-04-19 01:00:00,0.10531,0.10531,0.10531,0.0,0.05,180.25396060173316,-62.6970666026209,0.0,0.0,242.95102720435406,242.95102720435406,0.0,1.0
2593,2019-04-19 01:00:00,4,2019-04-19 02:00:00,0.10531,0.10531,0.10531,0.0,0.2422710042480374,176.0278639526179,-0.0,0.0,0.0,176.0278639526179,176.0278639526179,0.0,1.0
2594,2019-04-19 02:00:00,4,2019-04-19 03:00:00,0.10531,0.10531,0.10531,0.0,0.2422710042480374,188.0602629219365,-0.0,0.0,0.0,188.0602629219365,188.0602629219365,0.0,1.0
2595,2019-04-19 03:00:00,4,2019-04-19 04:00:00,0.10531,0.10531,0.10531,0.0,0.2422710042480374,186.53532453106752,-0.0,0.0,0.0,186.53532453106752,186.53532453106752,0.0,0.0
2596,2019-04-19 04:00:00,4,2019-04-19 05:00:00,0.10531,0.10531,0.10531,0.0,0.2422710042480374,224.099574688494,-0.0,0.0,0.0,224.099574688494,224.099574688494,0.0,0.0
2597,2019-04-19 05:00:00,4,2019-04-19 06:00:00,0.10531,0.10531,0.10531,0.0,0.2422710042480374,340.1886874987389,-0.0,0.0,0.0,340.1886874987389,340.1886874987389,0.0,1.0
2598,2019-04-19 06:00:00,4,2019-04-19 07:00:00,0.10531,0.10531,0.10531,0.0,0.2422710042480374,407.2125470525726,-0.0,47.42547748167897,0.0,359.7870695708936,359.7870695708936,0.0,0.0
2599,2019-04-19 07:00:00,4,2019-04-19 08:00:00,0.10531,0.10531,0.10531,0.0,0.0704395640970267,365.428389261673,-0.0,5.641319690779369,0.0,359.7870695708936,359.7870695708936,0.0,0.0
2600,2019-04-19 08:00:00,4,2019-04-19 09:00:00,0.10531,0.10531,0.10531,0.0,0.05,337.7356088482878,-0.0,0.0,0.0,337.7356088482878,337.7356088482878,0.0,1.0
2601,2019-04-19 09:00:00,4,2019-04-19 10:00:00,0.06431,0.06431,0.06431,0.0,0.05,289.13198420121904,-70.65508536967457,0.0,0.0,359.7870695708936,359.7870695708936,0.0,1.0
2602,2019-04-19 10:00:00,4,2019-04-19 11:00:00,0.06431,0.06431,0.06431,0.0,0.2666755951336687,290.98638952770733,-68.80068004318628,0.0,0.0,359.7870695708936,359.7870695708936,0.0,1.0
2603,2019-04-19 11:00:00,4,2019-04-19 12:00:00,0.06431,0.06431,0.06431,0.0,0.47766434726610657,290.68879013300153,-69.09827943789207,0.0,0.0,359.7870695708936,359.7870695708936,0.0,1.0
2604,2019-04-19 12:00:00,4,2019-04-19 13:00:00,0.06431,0.06431,0.06431,0.0,0.6895657375423089,280.92050401568304,-78.86656555521057,0.0,0.0,359.7870695708936,359.7870695708936,0.0,1.0
2605,2019-04-19 13:00:00,4,2019-04-19 14:00:00,0.06431,0.06431,0.06431,0.0,0.9314232052449546,280.6804613387176,-22.361998289688717,0.0,0.0,303.0424596284063,303.0424596284063,0.0,1.0
2606,2019-04-19 14:00:00,4,2019-04-19 15:00:00,0.10531,0.10531,0.10531,0.0,1.0,279.787748373272,-0.0,0.0,0.0,279.787748373272,279.787748373272,0.0,1.0
2607,2019-04-19 15:00:00,4,2019-04-19 16:00:00,0.10531,0.10531,0.10531,0.0,1.0,309.49018472219944,-0.0,0.0,0.0,309.49018472219944,309.49018472219944,0.0,1.0
2608,2019-04-19 16:00:00,4,2019-04-19 17:00:00,0.13592,0.13592,0.13592,0.0,1.0,345.50399874520855,-0.0,0.0,0.0,345.50399874520855,345.50399874520855,0.0,1.0
2609,2019-04-19 17:00:00,4,2019-04-19 18:00:00,0.13592,0.13592,0.13592,0.0,1.0,399.4431015464283,-0.0,39.65603197553469,0.0,359.7870695708936,359.7870695708936,0.0,0.0
2610,2019-04-19 18:00:00,4,2019-04-19 19:00:00,0.13592,0.13592,0.13592,0.0,0.8563187247263236,421.7400056598806,-0.0,61.952936088986974,0.0,359.7870695708936,359.7870695708936,0.0,0.0
2611,2019-04-19 19:00:00,4,2019-04-19 20:00:00,0.13592,0.13592,0.13592,0.0,0.6318515649836172,449.97101000795806,-0.0,90.18394043706445,0.0,359.7870695708936,359.7870695708936,0.0,0.0
2612,2019-04-19 20:00:00,4,2019-04-19 21:00:00,0.13592,0.13592,0.13592,0.0,0.30509815760294895,423.8550993285552,-0.0,70.4070914984139,0.0,353.44800783014125,353.44800783014125,0.0,0.0
2613,2019-04-19 21:00:00,4,2019-04-19 22:00:00,0.10531,0.10531,0.10531,0.0,0.05,356.2996250400325,-3.4874445308611226,0.0,0.0,359.7870695708936,359.7870695708936,0.0,1.0
2614,2019-04-19 22:00:00,4,2019-04-19 23:00:00,0.10531,0.10531,0.10531,0.0,0.06069482989464078,287.9882655105218,-0.0,0.0,0.0,287.9882655105218,287.9882655105218,0.0,0.0
2615,2019-04-19 23:00:00,4,2019-04-20 00:00:00,0.10531,0.10531,0.10531,0.0,0.06069482989464078,212.92540905100657,-59.0767205135156,0.0,0.0,272.0021295645222,272.0021295645222,0.0,1.0
2616,2019-04-20 00:00:00,4,2019-04-20 01:00:00,0.10531,0.10531,0.10531,0.0,0.24186343946942196,200.15084305021963,-0.0,0.0,0.0,200.15084305021963,200.15084305021963,0.0,1.0
2617,2019-04-20 01:00:00,4,2019-04-20 02:00:00,0.10531,0.10531,0.10531,0.0,0.24186343946942196,197.1763492705856,-0.0,0.0,0.0,197.1763492705856,197.1763492705856,0.0,1.0
2618,2019-04-20 02:00:00,4,2019-04-20 03:00:00,0.10531,0.10531,0.10531,0.0,0.24186343946942196,200.9498039409062,-0.0,0.0,0.0,200.9498039409062,200.9498039409062,0.0,0.0
2619,2019-04-20 03:00:00,4,2019-04-20 04:00:00,0.10531,0.10531,0.10531,0.0,0.24186343946942196,186.9688202161043,-0.0,0.0,0.0,186.9688202161043,186.9688202161043,0.0,0.0
2620,2019-04-20 04:00:00,4,2019-04-20 05:00:00,0.10531,0.10531,0.10531,0.0,0.24186343946942196,220.74945404542777,-0.0,0.0,0.0,220.74945404542777,220.74945404542777,0.0,1.0
2621,2019-04-20 05:00:00,4,2019-04-20 06:00:00,0.10531,0.10531,0.10531,0.0,0.24186343946942196,338.36060936626143,-0.0,0.0,0.0,338.36060936626143,338.36060936626143,0.0,1.0
2622,2019-04-20 06:00:00,4,2019-04-20 07:00:00,0.10531,0.10531,0.10531,0.0,0.24186343946942196,407.0805836571844,-0.0,47.29351408629077,0.0,359.7870695708936,359.7870695708936,0.0,0.0
2623,2019-04-20 07:00:00,4,2019-04-20 08:00:00,0.10531,0.10531,0.10531,0.0,0.07051012756257137,365.4478647781633,-0.0,5.6607952072697,0.0,359.7870695708936,359.7870695708936,0.0,0.0
2624,2019-04-20 08:00:00,4,2019-04-20 09:00:00,0.10531,0.10531,0.10531,0.0,0.05,338.05463226877663,-0.0,0.0,0.0,338.05463226877663,338.05463226877663,0.0,1.0
2625,2019-04-20 09:00:00,4,2019-04-20 10:00:00,0.06431,0.06431,0.06431,0.0,0.05,289.8922042123335,-69.89486535856008,0.0,0.0,359.7870695708936,359.7870695708936,0.0,1.0
2626,2019-04-20 10:00:00,4,2019-04-20 11:00:00,0.06431,0.06431,0.06431,0.0,0.2643442537662509,291.50622027949595,-68.28084929139766,0.0,0.0,359.7870695708936,359.7870695708936,0.0,1.0
2627,2019-04-20 11:00:00,4,2019-04-20 12:00:00,0.06431,0.06431,0.06431,0.0,0.4737388582598704,290.6768406908861,-69.11022888000753,0.0,0.0,359.7870695708936,359.7870695708936,0.0,1.0
2628,2019-04-20 12:00:00,4,2019-04-20 13:00:00,0.06431,0.06431,0.06431,0.0,0.6856768934918935,280.67417655351045,-23.65940003203921,0.0,0.0,304.3335765855496,304.3335765855496,0.0,1.0
2629,2019-04-20 13:00:00,4,2019-04-20 14:00:00,0.06431,0.06431,0.06431,0.0,0.7582323869234804,280.9498044372459,-78.83726513364769,0.0,0.0,359.7870695708936,359.7870695708936,0.0,1.0
2630,2019-04-20 14:00:00,4,2019-04-20 15:00:00,0.10531,0.10531,0.10531,0.0,1.0,280.2658891613934,-0.0,0.0,0.0,280.2658891613934,280.2658891613934,0.0,1.0
2631,2019-04-20 15:00:00,4,2019-04-20 16:00:00,0.10531,0.10531,0.10531,0.0,1.0,309.6316066772226,-0.0,0.0,0.0,309.6316066772226,309.6316066772226,0.0,1.0
2632,2019-04-20 16:00:00,4,2019-04-20 17:00:00,0.13592,0.13592,0.13592,0.0,1.0,345.4129338180133,-0.0,0.0,0.0,345.4129338180133,345.4129338180133,0.0,1.0
2633,2019-04-20 17:00:00,4,2019-04-20 18:00:00,0.13592,0.13592,0.13592,0.0,1.0,399.2720508883572,-0.0,39.48498131746362,0.0,359.7870695708936,359.7870695708936,0.0,0.0
2634,2019-04-20 18:00:00,4,2019-04-20 19:00:00,0.13592,0.13592,0.13592,0.0,0.8569384734874507,421.7516949369187,-0.0,61.964625366025075,0.0,359.7870695708936,359.7870695708936,0.0,0.0
2635,2019-04-20 19:00:00,4,2019-04-20 20:00:00,0.13592,0.13592,0.13592,0.0,0.6324289612917077,450.45191853183536,-0.0,90.66484896094175,0.0,359.7870695708936,359.7870695708936,0.0,0.0
2636,2019-04-20 20:00:00,4,2019-04-20 21:00:00,0.13592,0.13592,0.13592,0.0,0.3039331317230782,424.36412932299515,-0.0,70.08554435556958,0.0,354.27858496742556,354.27858496742556,0.0,0.0
2637,2019-04-20 21:00:00,4,2019-04-20 22:00:00,0.10531,0.10531,0.10531,0.0,0.05,357.39277206014947,-0.0,0.0,0.0,357.39277206014947,357.39277206014947,0.0,1.0
2638,2019-04-20 22:00:00,4,2019-04-20 23:00:00,0.10531,0.10531,0.10531,0.0,0.05,289.5649601206421,-0.0,0.0,0.0,289.5649601206421,289.5649601206421,0.0,1.0
2639,2019-04-20 23:00:00,4,2019-04-21 00:00:00,0.10531,0.10531,0.10531,0.0,0.05,215.00303402231646,-0.0,0.0,0.0,215.00303402231646,215.00303402231646,0.0,1.0
2640,2019-04-21 00:00:00,4,2019-04-21 01:00:00,0.10531,0.10531,0.10531,0.0,0.05,205.26185992999655,-70.4286408451932,0.0,0.0,275.6905007751898,275.6905007751898,0.0,1.0
2641,2019-04-21 01:00:00,4,2019-04-21 02:00:00,0.10531,0.10531,0.10531,0.0,0.2659811652585925,182.21496458129616,-0.0,0.0,0.0,182.21496458129616,182.21496458129616,0.0,0.0
2642,2019-04-21 02:00:00,4,2019-04-21 03:00:00,0.10531,0.10531,0.10531,0.0,0.2659811652585925,178.82269888311112,-0.0,0.0,0.0,178.82269888311112,178.82269888311112,0.0,1.0
2643,2019-04-21 03:00:00,4,2019-04-21 04:00:00,0.10531,0.10531,0.10531,0.0,0.2659811652585925,200.1902383933761,-0.0,0.0,0.0,200.1902383933761,200.1902383933761,0.0,0.0
2644,2019-04-21 04:00:00,4,2019-04-21 05:00:00,0.10531,0.10531,0.10531,0.0,0.2659811652585925,237.18426513974006,-0.0,0.0,0.0,237.18426513974006,237.18426513974006,0.0,1.0
2645,2019-04-21 05:00:00,4,2019-04-21 06:00:00,0.10531,0.10531,0.10531,0.0,0.2659811652585925,333.6067282046639,-0.0,0.0,0.0,333.6067282046639,333.6067282046639,0.0,1.0
2646,2019-04-21 06:00:00,4,2019-04-21 07:00:00,0.10531,0.10531,0.10531,0.0,0.2659811652585925,410.11825141079913,-0.0,50.331181839905526,0.0,359.7870695708936,359.7870695708936,0.0,0.0
2647,2019-04-21 07:00:00,4,2019-04-21 08:00:00,0.10531,0.10531,0.10531,0.0,0.08362181076618116,369.0666893423596,-0.0,9.279619771466002,0.0,359.7870695708936,359.7870695708936,0.0,0.0
2648,2019-04-21 08:00:00,4,2019-04-21 09:00:00,0.10531,0.10531,0.10531,0.0,0.05,339.9658957623165,-0.0,0.0,0.0,339.9658957623165,339.9658957623165,0.0,0.0
2649,2019-04-21 09:00:00,4,2019-04-21 10:00:00,0.06431,0.06431,0.06431,0.0,0.05,290.571004794633,-69.21606477626062,0.0,0.0,359.7870695708936,359.7870695708936,0.0,1.0
2650,2019-04-21 10:00:00,4,2019-04-21 11:00:00,0.06431,0.06431,0.06431,0.0,0.26226259864719925,291.3741979601668,-68.41287161072682,0.0,0.0,359.7870695708936,359.7870695708936,0.0,1.0
2651,2019-04-21 11:00:00,4,2019-04-21 12:00:00,0.06431,0.06431,0.06431,0.0,0.47206207158676156,290.5050594921755,-69.28201007871809,0.0,0.0,359.7870695708936,359.7870695708936,0.0,1.0
2652,2019-04-21 12:00:00,4,2019-04-21 13:00:00,0.06431,0.06431,0.06431,0.0,0.6845269024948304,280.5536678269676,-79.23340174392598,0.0,0.0,359.7870695708936,359.7870695708936,0.0,1.0
2653,2019-04-21 13:00:00,4,2019-04-21 14:00:00,0.06431,0.06431,0.06431,0.0,0.9275093345095368,280.5505480824107,-23.638260486020634,0.0,0.0,304.18880856843134,304.18880856843134,0.0,1.0
2654,2019-04-21 14:00:00,4,2019-04-21 15:00:00,0.10531,0.10531,0.10531,0.0,1.0,279.6819260851492,-0.0,0.0,0.0,279.6819260851492,279.6819260851492,0.0,1.0
2655,2019-04-21 15:00:00,4,2019-04-21 16:00:00,0.10531,0.10531,0.10531,0.0,1.0,308.89469903400783,-0.0,0.0,0.0,308.89469903400783,308.89469903400783,0.0,1.0
2656,2019-04-21 16:00:00,4,2019-04-21 17:00:00,0.13592,0.13592,0.13592,0.0,1.0,344.4730155115107,-0.0,0.0,0.0,344.4730155115107,344.4730155115107,0.0,1.0
2657,2019-04-21 17:00:00,4,2019-04-21 18:00:00,0.13592,0.13592,0.13592,0.0,1.0,398.49943805270755,-0.0,38.71236848181394,0.0,359.7870695708936,359.7870695708936,0.0,0.0
2658,2019-04-21 18:00:00,4,2019-04-21 19:00:00,0.13592,0.13592,0.13592,0.0,0.8597377953557466,420.44756177875655,-0.0,60.660492207862944,0.0,359.7870695708936,359.7870695708936,0.0,0.0
2659,2019-04-21 19:00:00,4,2019-04-21 20:00:00,0.13592,0.13592,0.13592,0.0,0.6399534032982721,449.4582454871953,-0.0,98.85795562391343,0.0,350.6002898632819,350.6002898632819,0.0,0.0
2660,2019-04-21 20:00:00,4,2019-04-21 21:00:00,0.13592,0.13592,0.13592,0.0,0.28177240466090464,423.7562532573033,-0.0,63.96918368640968,0.0,359.7870695708936,359.7870695708936,0.0,0.0
2661,2019-04-21 21:00:00,4,2019-04-21 22:00:00,0.10531,0.10531,0.10531,0.0,0.05,356.8761057201293,-0.0,0.0,0.0,356.8761057201293,356.8761057201293,0.0,1.0
2662,2019-04-21 22:00:00,4,2019-04-21 23:00:00,0.10531,0.10531,0.10531,0.0,0.05,289.1705982749758,-0.0,0.0,0.0,289.1705982749758,289.1705982749758,0.0,1.0
2663,2019-04-21 23:00:00,4,2019-04-22 00:00:00,0.10531,0.10531,0.10531,0.0,0.05,224.55264486003378,-57.42391162650148,0.0,0.0,281.9765564865353,281.9765564865353,0.0,1.0
2664,2019-04-22 00:00:00,4,2019-04-22 01:00:00,0.10531,0.10531,0.10531,0.0,0.2260999956546045,228.9627325672277,-0.0,0.0,0.0,228.9627325672277,228.9627325672277,0.0,1.0
2665,2019-04-22 01:00:00,4,2019-04-22 02:00:00,0.10531,0.10531,0.10531,0.0,0.2260999956546045,191.54213175621084,-0.0,0.0,0.0,191.54213175621084,191.54213175621084,0.0,0.0
2666,2019-04-22 02:00:00,4,2019-04-22 03:00:00,0.10531,0.10531,0.10531,0.0,0.2260999956546045,190.55186278230386,-0.0,0.0,0.0,190.55186278230386,190.55186278230386,0.0,0.0
2667,2019-04-22 03:00:00,4,2019-04-22 04:00:00,0.10531,0.10531,0.10531,0.0,0.2260999956546045,204.41842664937397,-0.0,0.0,0.0,204.41842664937397,204.41842664937397,0.0,0.0
2668,2019-04-22 04:00:00,4,2019-04-22 05:00:00,0.10531,0.10531,0.10531,0.0,0.2260999956546045,221.62398350297116,-0.0,0.0,0.0,221.62398350297116,221.62398350297116,0.0,1.0
2669,2019-04-22 05:00:00,4,2019-04-22 06:00:00,0.10531,0.10531,0.10531,0.0,0.2260999956546045,291.6833094086627,-0.0,0.0,0.0,291.6833094086627,291.6833094086627,0.0,1.0
2670,2019-04-22 06:00:00,4,2019-04-22 07:00:00,0.10531,0.10531,0.10531,0.0,0.2260999956546045,363.60738564880046,-0.0,3.8203160779068477,0.0,359.7870695708936,359.7870695708936,0.0,0.0
2671,2019-04-22 07:00:00,4,2019-04-22 08:00:00,0.10531,0.10531,0.10531,0.0,0.21225827073465217,404.5703522936576,-0.0,44.783282722764,0.0,359.7870695708936,359.7870695708936,0.0,0.0
2672,2019-04-22 08:00:00,4,2019-04-22 09:00:00,0.10531,0.10531,0.10531,0.0,0.05,356.34975344857304,-0.0,0.0,0.0,356.34975344857304,356.34975344857304,0.0,0.0
2673,2019-04-22 09:00:00,4,2019-04-22 10:00:00,0.06431,0.06431,0.06431,0.0,0.05,302.8041374174944,-56.98293215339919,0.0,0.0,359.7870695708936,359.7870695708936,0.0,1.0
2674,2019-04-22 10:00:00,4,2019-04-22 11:00:00,0.06431,0.06431,0.06431,0.0,0.22474765860375753,294.6110460075007,-65.1760235633929,0.0,0.0,359.7870695708936,359.7870695708936,0.0,1.0
2675,2019-04-22 11:00:00,4,2019-04-22 12:00:00,0.06431,0.06431,0.06431,0.0,0.4246207975314958,294.2486309449672,-36.98925589850951,0.0,0.0,331.2378868434767,331.2378868434767,0.0,1.0
2676,2019-04-22 12:00:00,4,2019-04-22 13:00:00,0.06431,0.06431,0.06431,0.0,0.5380545156202583,284.54744189182765,-75.23962767906596,0.0,0.0,359.7870695708936,359.7870695708936,0.0,1.0
2677,2019-04-22 13:00:00,4,2019-04-22 14:00:00,0.06431,0.06431,0.06431,0.0,0.7687893738360606,284.39230016960903,-75.39476940128458,0.0,0.0,359.7870695708936,359.7870695708936,0.0,1.0
2678,2019-04-22 14:00:00,4,2019-04-22 15:00:00,0.10531,0.10531,0.10531,0.0,1.0,283.9389043140942,-0.0,0.0,0.0,283.9389043140942,283.9389043140942,0.0,1.0
2679,2019-04-22 15:00:00,4,2019-04-22 16:00:00,0.10531,0.10531,0.10531,0.0,1.0,314.2376973524976,-0.0,0.0,0.0,314.2376973524976,314.2376973524976,0.0,1.0
2680,2019-04-22 16:00:00,4,2019-04-22 17:00:00,0.13592,0.13592,0.13592,0.0,1.0,342.81451478810413,-0.0,0.0,0.0,342.81451478810413,342.81451478810413,0.0,1.0
2681,2019-04-22 17:00:00,4,2019-04-22 18:00:00,0.13592,0.13592,0.13592,0.0,1.0,410.28252046912144,-0.0,50.49545089822783,0.0,359.7870695708936,359.7870695708936,0.0,0.0
2682,2019-04-22 18:00:00,4,2019-04-22 19:00:00,0.13592,0.13592,0.13592,0.0,0.817045467760044,418.01174658006784,-0.0,74.76059338016502,0.0,343.25115319990283,343.25115319990283,0.0,0.0
2683,2019-04-22 19:00:00,4,2019-04-22 20:00:00,0.13592,0.13592,0.13592,0.0,0.5461737526145186,431.1051635393326,-0.0,71.31809396843897,0.0,359.7870695708936,359.7870695708936,0.0,0.0
2684,2019-04-22 20:00:00,4,2019-04-22 21:00:00,0.13592,0.13592,0.13592,0.0,0.28777486142452235,420.22525251816324,-0.0,60.43818294726964,0.0,359.7870695708936,359.7870695708936,0.0,0.0
2685,2019-04-22 21:00:00,4,2019-04-22 22:00:00,0.10531,0.10531,0.10531,0.0,0.06879593770253095,364.97474837679215,-0.0,5.187678805898543,0.0,359.7870695708936,359.7870695708936,0.0,0.0
2686,2019-04-22 22:00:00,4,2019-04-22 23:00:00,0.10531,0.10531,0.10531,0.0,0.05,290.8793656561039,-0.0,0.0,0.0,290.8793656561039,290.8793656561039,0.0,1.0
2687,2019-04-22 23:00:00,4,2019-04-23 00:00:00,0.10531,0.10531,0.10531,0.0,0.05,223.29538529532925,-0.0,0.0,0.0,223.29538529532925,223.29538529532925,0.0,0.0
2688,2019-04-23 00:00:00,4,2019-04-23 01:00:00,0.10531,0.10531,0.10531,0.0,0.05,228.777275722672,-0.0,0.0,0.0,228.777275722672,228.777275722672,0.0,1.0
2689,2019-04-23 01:00:00,4,2019-04-23 02:00:00,0.10531,0.10531,0.10531,0.0,0.05,199.2026023659318,-68.6627896194858,0.0,0.0,267.8653919854176,267.8653919854176,0.0,1.0
2690,2019-04-23 02:00:00,4,2019-04-23 03:00:00,0.10531,0.10531,0.10531,0.0,0.2605658881664231,200.6784828960208,-0.0,0.0,0.0,200.6784828960208,200.6784828960208,0.0,1.0
2691,2019-04-23 03:00:00,4,2019-04-23 04:00:00,0.10531,0.10531,0.10531,0.0,0.2605658881664231,223.27760246296162,-0.0,0.0,0.0,223.27760246296162,223.27760246296162,0.0,1.0
2692,2019-04-23 04:00:00,4,2019-04-23 05:00:00,0.10531,0.10531,0.10531,0.0,0.2605658881664231,229.50321774395874,-0.0,0.0,0.0,229.50321774395874,229.50321774395874,0.0,1.0
2693,2019-04-23 05:00:00,4,2019-04-23 06:00:00,0.10531,0.10531,0.10531,0.0,0.2605658881664231,302.32735693909007,-0.0,0.0,0.0,302.32735693909007,302.32735693909007,0.0,1.0
2694,2019-04-23 06:00:00,4,2019-04-23 07:00:00,0.10531,0.10531,0.10531,0.0,0.2605658881664231,372.98534135577626,-0.0,13.19827178488265,0.0,359.7870695708936,359.7870695708936,0.0,0.0
2695,2019-04-23 07:00:00,4,2019-04-23 08:00:00,0.10531,0.10531,0.10531,0.0,0.21274606285887732,404.70498291994375,-0.0,44.91791334905014,0.0,359.7870695708936,359.7870695708936,0.0,0.0
2696,2019-04-23 08:00:00,4,2019-04-23 09:00:00,0.10531,0.10531,0.10531,0.0,0.05,347.78191813556316,-0.0,0.0,0.0,347.78191813556316,347.78191813556316,0.0,0.0
2697,2019-04-23 09:00:00,4,2019-04-23 10:00:00,0.06431,0.06431,0.06431,0.0,0.05,303.0434732510411,-56.743596319852486,0.0,0.0,359.7870695708936,359.7870695708936,0.0,1.0
2698,2019-04-23 10:00:00,4,2019-04-23 11:00:00,0.06431,0.06431,0.06431,0.0,0.224013695380881,300.1774503045442,-59.6096192663494,0.0,0.0,359.7870695708936,359.7870695708936,0.0,1.0
2699,2019-04-23 11:00:00,4,2019-04-23 12:00:00,0.06431,0.06431,0.06431,0.0,0.4068165277976858,299.71794284084893,-60.06912673004467,0.0,0.0,359.7870695708936,359.7870695708936,0.0,1.0
2700,2019-04-23 12:00:00,4,2019-04-23 13:00:00,0.06431,0.06431,0.06431,0.0,0.5910285164364896,280.05148184204904,-53.70073720973333,0.0,0.0,333.7522190517824,333.7522190517824,0.0,1.0
2701,2019-04-23 13:00:00,4,2019-04-23 14:00:00,0.06431,0.06431,0.06431,0.0,0.7557107772130052,280.1275404012214,-79.65952916967223,0.0,0.0,359.7870695708936,359.7870695708936,0.0,1.0
2702,2019-04-23 14:00:00,4,2019-04-23 15:00:00,0.10531,0.10531,0.10531,0.0,1.0,279.5655298667557,-0.0,0.0,0.0,279.5655298667557,279.5655298667557,0.0,1.0
2703,2019-04-23 15:00:00,4,2019-04-23 16:00:00,0.10531,0.10531,0.10531,0.0,1.0,309.67768173816387,-0.0,0.0,0.0,309.67768173816387,309.67768173816387,0.0,1.0
2704,2019-04-23 16:00:00,4,2019-04-23 17:00:00,0.13592,0.13592,0.13592,0.0,1.0,338.8527302402439,-0.0,0.0,0.0,338.8527302402439,338.8527302402439,0.0,1.0
2705,2019-04-23 17:00:00,4,2019-04-23 18:00:00,0.13592,0.13592,0.13592,0.0,1.0,400.9673376070913,-0.0,41.180268036197674,0.0,359.7870695708936,359.7870695708936,0.0,0.0
2706,2019-04-23 18:00:00,4,2019-04-23 19:00:00,0.13592,0.13592,0.13592,0.0,0.8507961303036317,417.2096559273392,-0.0,90.61297707206413,0.0,326.59667885527506,326.59667885527506,0.0,0.0
2707,2019-04-23 19:00:00,4,2019-04-23 20:00:00,0.13592,0.13592,0.13592,0.0,0.5224882423613703,439.8805322404679,-0.0,80.09346266957431,0.0,359.7870695708936,359.7870695708936,0.0,0.0
2708,2019-04-23 20:00:00,4,2019-04-23 21:00:00,0.13592,0.13592,0.13592,0.0,0.23229453703682576,410.1003617930575,-0.0,50.31329222216391,0.0,359.7870695708936,359.7870695708936,0.0,0.0
2709,2019-04-23 21:00:00,4,2019-04-23 22:00:00,0.10531,0.10531,0.10531,0.0,0.05,354.06154354712265,-5.7255260237709535,0.0,0.0,359.7870695708936,359.7870695708936,0.0,1.0
2710,2019-04-23 22:00:00,4,2019-04-23 23:00:00,0.10531,0.10531,0.10531,0.0,0.06755827980623091,290.61071191372196,-56.479996967912236,0.0,0.0,347.0907088816342,347.0907088816342,0.0,1.0
2711,2019-04-23 23:00:00,4,2019-04-24 00:00:00,0.10531,0.10531,0.10531,0.0,0.2407636038411618,224.7936843198312,-0.0,0.0,0.0,224.7936843198312,224.7936843198312,0.0,1.0
2712,2019-04-24 00:00:00,4,2019-04-24 01:00:00,0.10531,0.10531,0.10531,0.0,0.2407636038411618,200.39463195735084,-0.0,0.0,0.0,200.39463195735084,200.39463195735084,0.0,1.0
2713,2019-04-24 01:00:00,4,2019-04-24 02:00:00,0.10531,0.10531,0.10531,0.0,0.2407636038411618,197.92243978867603,-0.0,0.0,0.0,197.92243978867603,197.92243978867603,0.0,1.0
2714,2019-04-24 02:00:00,4,2019-04-24 03:00:00,0.10531,0.10531,0.10531,0.0,0.2407636038411618,188.06032710835203,-0.0,0.0,0.0,188.06032710835203,188.06032710835203,0.0,0.0
2715,2019-04-24 03:00:00,4,2019-04-24 04:00:00,0.10531,0.10531,0.10531,0.0,0.2407636038411618,172.50899316023444,-0.0,0.0,0.0,172.50899316023444,172.50899316023444,0.0,0.0
2716,2019-04-24 04:00:00,4,2019-04-24 05:00:00,0.10531,0.10531,0.10531,0.0,0.2407636038411618,229.9657294330595,-0.0,0.0,0.0,229.9657294330595,229.9657294330595,0.0,1.0
2717,2019-04-24 05:00:00,4,2019-04-24 06:00:00,0.10531,0.10531,0.10531,0.0,0.2407636038411618,343.00477595644367,-0.0,0.0,0.0,343.00477595644367,343.00477595644367,0.0,0.0
2718,2019-04-24 06:00:00,4,2019-04-24 07:00:00,0.10531,0.10531,0.10531,0.0,0.2407636038411618,404.6994408140401,-0.0,44.91237124314648,0.0,359.7870695708936,359.7870695708936,0.0,0.0
2719,2019-04-24 07:00:00,4,2019-04-24 08:00:00,0.10531,0.10531,0.10531,0.0,0.07803762107613833,367.5254529879078,-0.0,7.738383417014177,0.0,359.7870695708936,359.7870695708936,0.0,0.0
2720,2019-04-24 08:00:00,4,2019-04-24 09:00:00,0.10531,0.10531,0.10531,0.0,0.05,340.3749065521797,-0.0,0.0,0.0,340.3749065521797,340.3749065521797,0.0,1.0
2721,2019-04-24 09:00:00,4,2019-04-24 10:00:00,0.06431,0.06431,0.06431,0.0,0.05,291.53095938820036,-68.25611018269325,0.0,0.0,359.7870695708936,359.7870695708936,0.0,1.0
2722,2019-04-24 10:00:00,4,2019-04-24 11:00:00,0.06431,0.06431,0.06431,0.0,0.2593187378935926,292.55658545082764,-15.160462601791025,0.0,0.0,307.7170480526187,307.7170480526187,0.0,1.0
2723,2019-04-24 11:00:00,4,2019-04-24 12:00:00,0.06431,0.06431,0.06431,0.0,0.30581082320575176,291.1990716032488,-68.58799796764481,0.0,0.0,359.7870695708936,359.7870695708936,0.0,1.0
2724,2019-04-24 12:00:00,4,2019-04-24 13:00:00,0.06431,0.06431,0.06431,0.0,0.5161473503065293,281.1893500485322,-78.59771952236139,0.0,0.0,359.7870695708936,359.7870695708936,0.0,1.0
2725,2019-04-24 13:00:00,4,2019-04-24 14:00:00,0.06431,0.06431,0.06431,0.0,0.7571803568417708,280.6067511497319,-79.1803184211617,0.0,0.0,359.7870695708936,359.7870695708936,0.0,1.0
2726,2019-04-24 14:00:00,4,2019-04-24 15:00:00,0.10531,0.10531,0.10531,0.0,1.0,279.1356199245718,-0.0,0.0,0.0,279.1356199245718,279.1356199245718,0.0,1.0
2727,2019-04-24 15:00:00,4,2019-04-24 16:00:00,0.10531,0.10531,0.10531,0.0,1.0,307.3118134780141,-0.0,0.0,0.0,307.3118134780141,307.3118134780141,0.0,1.0
2728,2019-04-24 16:00:00,4,2019-04-24 17:00:00,0.13592,0.13592,0.13592,0.0,1.0,343.97611579798576,-0.0,0.0,0.0,343.97611579798576,343.97611579798576,0.0,1.0
2729,2019-04-24 17:00:00,4,2019-04-24 18:00:00,0.13592,0.13592,0.13592,0.0,1.0,398.7673856781019,-0.0,48.94217453334233,0.0,349.8252111447596,349.8252111447596,0.0,0.0
2730,2019-04-24 18:00:00,4,2019-04-24 19:00:00,0.13592,0.13592,0.13592,0.0,0.822673280676296,420.94708470145395,-0.0,61.16001513056034,0.0,359.7870695708936,359.7870695708936,0.0,0.0
2731,2019-04-24 19:00:00,4,2019-04-24 20:00:00,0.13592,0.13592,0.13592,0.0,0.6010790229568744,448.80506787894205,-0.0,89.01799830804845,0.0,359.7870695708936,359.7870695708936,0.0,0.0
2732,2019-04-24 20:00:00,4,2019-04-24 21:00:00,0.13592,0.13592,0.13592,0.0,0.2785500435798872,422.8668815989425,-0.0,63.07981202804888,0.0,359.7870695708936,359.7870695708936,0.0,0.0
2733,2019-04-24 21:00:00,4,2019-04-24 22:00:00,0.10531,0.10531,0.10531,0.0,0.05,355.1295534490028,-4.657516121890808,0.0,0.0,359.7870695708936,359.7870695708936,0.0,1.0
2734,2019-04-24 22:00:00,4,2019-04-24 23:00:00,0.10531,0.10531,0.10531,0.0,0.06428304944046515,286.96210841948516,-0.0,0.0,0.0,286.96210841948516,286.96210841948516,0.0,0.0
2735,2019-04-24 23:00:00,4,2019-04-25 00:00:00,0.10531,0.10531,0.10531,0.0,0.06428304944046515,218.38721446332298,-63.09752819871251,0.0,0.0,281.4847426620355,281.4847426620355,0.0,1.0
2736,2019-04-25 00:00:00,4,2019-04-25 01:00:00,0.10531,0.10531,0.10531,0.0,0.2577821359165169,203.6977596802712,-0.0,0.0,0.0,203.6977596802712,203.6977596802712,0.0,1.0
2737,2019-04-25 01:00:00,4,2019-04-25 02:00:00,0.10531,0.10531,0.10531,0.0,0.2577821359165169,198.91635819372723,-0.0,0.0,0.0,198.91635819372723,198.91635819372723,0.0,0.0
2738,2019-04-25 02:00:00,4,2019-04-25 03:00:00,0.10531,0.10531,0.10531,0.0,0.2577821359165169,183.64719810285956,-0.0,0.0,0.0,183.64719810285956,183.64719810285956,0.0,0.0
2739,2019-04-25 03:00:00,4,2019-04-25 04:00:00,0.10531,0.10531,0.10531,0.0,0.2577821359165169,201.15423253027603,-0.0,0.0,0.0,201.15423253027603,201.15423253027603,0.0,1.0
2740,2019-04-25 04:00:00,4,2019-04-25 05:00:00,0.10531,0.10531,0.10531,0.0,0.2577821359165169,219.5089760793117,-0.0,0.0,0.0,219.5089760793117,219.5089760793117,0.0,1.0
2741,2019-04-25 05:00:00,4,2019-04-25 06:00:00,0.10531,0.10531,0.10531,0.0,0.2577821359165169,334.6227941889081,-0.0,0.0,0.0,334.6227941889081,334.6227941889081,0.0,0.0
2742,2019-04-25 06:00:00,4,2019-04-25 07:00:00,0.10531,0.10531,0.10531,0.0,0.2577821359165169,407.49758812824433,-0.0,47.71051855735073,0.0,359.7870695708936,359.7870695708936,0.0,0.0
2743,2019-04-25 07:00:00,4,2019-04-25 08:00:00,0.10531,0.10531,0.10531,0.0,0.08491793824495626,369.42442052650154,-0.0,9.637350955607928,0.0,359.7870695708936,359.7870695708936,0.0,0.0
2744,2019-04-25 08:00:00,4,2019-04-25 09:00:00,0.10531,0.10531,0.10531,0.0,0.05,340.8611333280617,-0.0,0.0,0.0,340.8611333280617,340.8611333280617,0.0,1.0
2745,2019-04-25 09:00:00,4,2019-04-25 10:00:00,0.06431,0.06431,0.06431,0.0,0.05,291.7060989070124,-68.0809706638812,0.0,0.0,359.7870695708936,359.7870695708936,0.0,1.0
2746,2019-04-25 10:00:00,4,2019-04-25 11:00:00,0.06431,0.06431,0.06431,0.0,0.2587816433692357,292.4953914769286,-6.663246353558102,0.0,0.0,299.1586378304867,299.1586378304867,0.0,1.0
2747,2019-04-25 11:00:00,4,2019-04-25 12:00:00,0.06431,0.06431,0.06431,0.0,0.2792155988534806,289.6335238616951,-70.15354570919851,0.0,0.0,359.7870695708936,359.7870695708936,0.0,1.0
2748,2019-04-25 12:00:00,4,2019-04-25 13:00:00,0.06431,0.06431,0.06431,0.0,0.494353139028356,277.58998028093515,-82.19708928995846,0.0,0.0,359.7870695708936,359.7870695708936,0.0,1.0
2749,2019-04-25 13:00:00,4,2019-04-25 14:00:00,0.06431,0.06431,0.06431,0.0,0.7464242128508952,277.0993128918377,-82.6877566790559,0.0,0.0,359.7870695708936,359.7870695708936,0.0,1.0
2750,2019-04-25 14:00:00,4,2019-04-25 15:00:00,0.10531,0.10531,0.10531,0.0,1.0,275.9794414745162,-0.0,0.0,0.0,275.9794414745162,275.9794414745162,0.0,1.0
2751,2019-04-25 15:00:00,4,2019-04-25 16:00:00,0.10531,0.10531,0.10531,0.0,1.0,302.9647748328951,-0.0,0.0,0.0,302.9647748328951,302.9647748328951,0.0,1.0
2752,2019-04-25 16:00:00,4,2019-04-25 17:00:00,0.13592,0.13592,0.13592,0.0,1.0,338.85040836507545,-0.0,0.0,0.0,338.85040836507545,338.85040836507545,0.0,1.0
2753,2019-04-25 17:00:00,4,2019-04-25 18:00:00,0.13592,0.13592,0.13592,0.0,1.0,394.4066919140055,-0.0,34.61962234311187,0.0,359.7870695708936,359.7870695708936,0.0,0.0
2754,2019-04-25 18:00:00,4,2019-04-25 19:00:00,0.13592,0.13592,0.13592,0.0,0.8745665857133628,419.1503175422382,-0.0,76.9458121295727,0.0,342.2045054126655,342.2045054126655,0.0,0.0
2755,2019-04-25 19:00:00,4,2019-04-25 20:00:00,0.13592,0.13592,0.13592,0.0,0.595777411330853,447.90496486853675,-0.0,88.11789529764314,0.0,359.7870695708936,359.7870695708936,0.0,0.0
2756,2019-04-25 20:00:00,4,2019-04-25 21:00:00,0.13592,0.13592,0.13592,0.0,0.27650967474518945,422.3037398005659,-0.0,62.516670229672286,0.0,359.7870695708936,359.7870695708936,0.0,0.0
2757,2019-04-25 21:00:00,4,2019-04-25 22:00:00,0.10531,0.10531,0.10531,0.0,0.05,355.3300886384518,-4.456980932441809,0.0,0.0,359.7870695708936,359.7870695708936,0.0,1.0
2758,2019-04-25 22:00:00,4,2019-04-25 23:00:00,0.10531,0.10531,0.10531,0.0,0.06366807485948821,287.5859047606191,-0.0,0.0,0.0,287.5859047606191,287.5859047606191,0.0,1.0
2759,2019-04-25 23:00:00,4,2019-04-26 00:00:00,0.10531,0.10531,0.10531,0.0,0.06366807485948821,233.41232532631835,-0.0,0.0,0.0,233.41232532631835,233.41232532631835,0.0,1.0
2760,2019-04-26 00:00:00,4,2019-04-26 01:00:00,0.10531,0.10531,0.10531,0.0,0.06366807485948821,219.3196405845,-0.0,0.0,0.0,219.3196405845,219.3196405845,0.0,1.0
2761,2019-04-26 01:00:00,4,2019-04-26 02:00:00,0.10531,0.10531,0.10531,0.0,0.06366807485948821,211.48914588529118,-0.0,0.0,0.0,211.48914588529118,211.48914588529118,0.0,0.0
2762,2019-04-26 02:00:00,4,2019-04-26 03:00:00,0.10531,0.10531,0.10531,0.0,0.06366807485948821,204.3902881938142,-62.88218690344672,0.0,0.0,267.2724750972609,267.2724750972609,0.0,1.0
2763,2019-04-26 03:00:00,4,2019-04-26 04:00:00,0.10531,0.10531,0.10531,0.0,0.2565067813633915,205.46263910586407,-0.0,0.0,0.0,205.46263910586407,205.46263910586407,0.0,1.0
2764,2019-04-26 04:00:00,4,2019-04-26 05:00:00,0.10531,0.10531,0.10531,0.0,0.2565067813633915,249.76390458873203,-0.0,0.0,0.0,249.76390458873203,249.76390458873203,0.0,1.0
2765,2019-04-26 05:00:00,4,2019-04-26 06:00:00,0.10531,0.10531,0.10531,0.0,0.2565067813633915,330.90121278872203,-0.0,0.0,0.0,330.90121278872203,330.90121278872203,0.0,0.0
2766,2019-04-26 06:00:00,4,2019-04-26 07:00:00,0.10531,0.10531,0.10531,0.0,0.2565067813633915,407.28536716315506,-0.0,47.49829759226145,0.0,359.7870695708936,359.7870695708936,0.0,0.0
2767,2019-04-26 07:00:00,4,2019-04-26 08:00:00,0.10531,0.10531,0.10531,0.0,0.08441150023200945,369.2846436349282,-0.0,9.497574064034609,0.0,359.7870695708936,359.7870695708936,0.0,0.0
2768,2019-04-26 08:00:00,4,2019-04-26 09:00:00,0.10531,0.10531,0.10531,0.0,0.05,341.19088002890743,-0.0,0.0,0.0,341.19088002890743,341.19088002890743,0.0,0.0
2769,2019-04-26 09:00:00,4,2019-04-26 10:00:00,0.06431,0.06431,0.06431,0.0,0.05,290.2287036673862,-65.51103200499934,0.0,0.0,355.7397356723855,355.7397356723855,0.0,1.0
2770,2019-04-26 10:00:00,4,2019-04-26 11:00:00,0.06431,0.06431,0.06431,0.0,0.25090049814866466,289.5929794996135,-0.0,0.0,0.0,289.5929794996135,289.5929794996135,0.0,0.0
2771,2019-04-26 11:00:00,4,2019-04-26 12:00:00,0.06431,0.06431,0.06431,0.0,0.25090049814866466,286.5816605876568,-73.2054089832368,0.0,0.0,359.7870695708936,359.7870695708936,0.0,1.0
2772,2019-04-26 12:00:00,4,2019-04-26 13:00:00,0.06431,0.06431,0.06431,0.0,0.47539708569725747,274.4443085527813,-85.3427610181123,0.0,0.0,359.7870695708936,359.7870695708936,0.0,1.0
2773,2019-04-26 13:00:00,4,2019-04-26 14:00:00,0.06431,0.06431,0.06431,0.0,0.7371148861528019,274.0636628815899,-85.72340668930372,0.0,0.0,359.7870695708936,359.7870695708936,0.0,1.0
2774,2019-04-26 14:00:00,4,2019-04-26 15:00:00,0.10531,0.10531,0.10531,0.0,1.0,273.80709663748115,-0.0,0.0,0.0,273.80709663748115,273.80709663748115,0.0,1.0
2775,2019-04-26 15:00:00,4,2019-04-26 16:00:00,0.10531,0.10531,0.10531,0.0,1.0,305.39017425055556,-0.0,0.0,0.0,305.39017425055556,305.39017425055556,0.0,1.0
2776,2019-04-26 16:00:00,4,2019-04-26 17:00:00,0.13592,0.13592,0.13592,0.0,1.0,339.16180056547444,-0.0,0.0,0.0,339.16180056547444,339.16180056547444,0.0,1.0
2777,2019-04-26 17:00:00,4,2019-04-26 18:00:00,0.13592,0.13592,0.13592,0.0,1.0,390.88706928409783,-0.0,31.099999713204227,0.0,359.7870695708936,359.7870695708936,0.0,0.0
2778,2019-04-26 18:00:00,4,2019-04-26 19:00:00,0.13592,0.13592,0.13592,0.0,0.8873188416188251,413.49589770251407,-0.0,79.2088976139154,0.0,334.2870000885987,334.2870000885987,0.0,0.0
2779,2019-04-26 19:00:00,4,2019-04-26 20:00:00,0.13592,0.13592,0.13592,0.0,0.6003300821481173,447.9668470985579,-0.0,88.17977752766427,0.0,359.7870695708936,359.7870695708936,0.0,0.0
2780,2019-04-26 20:00:00,4,2019-04-26 21:00:00,0.13592,0.13592,0.13592,0.0,0.28083813458411633,423.4983947161097,-0.0,63.71132514521611,0.0,359.7870695708936,359.7870695708936,0.0,0.0
2781,2019-04-26 21:00:00,4,2019-04-26 22:00:00,0.10531,0.10531,0.10531,0.0,0.05,356.0064640574558,-0.0,0.0,0.0,356.0064640574558,356.0064640574558,0.0,1.0
2782,2019-04-26 22:00:00,4,2019-04-26 23:00:00,0.10531,0.10531,0.10531,0.0,0.05,287.5989388349567,-0.0,0.0,0.0,287.5989388349567,287.5989388349567,0.0,1.0
2783,2019-04-26 23:00:00,4,2019-04-27 00:00:00,0.10531,0.10531,0.10531,0.0,0.05,236.8256301995348,-65.92183578251314,0.0,0.0,302.74746598204797,302.74746598204797,0.0,1.0
2784,2019-04-27 00:00:00,4,2019-04-27 01:00:00,0.10531,0.10531,0.10531,0.0,0.252160296399707,220.16550119318268,-0.0,0.0,0.0,220.16550119318268,220.16550119318268,0.0,1.0
2785,2019-04-27 01:00:00,4,2019-04-27 02:00:00,0.10531,0.10531,0.10531,0.0,0.252160296399707,210.81160072850884,-0.0,0.0,0.0,210.81160072850884,210.81160072850884,0.0,0.0
2786,2019-04-27 02:00:00,4,2019-04-27 03:00:00,0.10531,0.10531,0.10531,0.0,0.252160296399707,204.8849934326219,-0.0,0.0,0.0,204.8849934326219,204.8849934326219,0.0,1.0
2787,2019-04-27 03:00:00,4,2019-04-27 04:00:00,0.10531,0.10531,0.10531,0.0,0.252160296399707,210.31068755986817,-0.0,0.0,0.0,210.31068755986817,210.31068755986817,0.0,1.0
2788,2019-04-27 04:00:00,4,2019-04-27 05:00:00,0.10531,0.10531,0.10531,0.0,0.252160296399707,234.44779620238188,-0.0,0.0,0.0,234.44779620238188,234.44779620238188,0.0,1.0
2789,2019-04-27 05:00:00,4,2019-04-27 06:00:00,0.10531,0.10531,0.10531,0.0,0.252160296399707,337.12523892071016,-0.0,0.0,0.0,337.12523892071016,337.12523892071016,0.0,1.0
2790,2019-04-27 06:00:00,4,2019-04-27 07:00:00,0.10531,0.10531,0.10531,0.0,0.252160296399707,406.2852968423365,-0.0,46.498227271442886,0.0,359.7870695708936,359.7870695708936,0.0,0.0
2791,2019-04-27 07:00:00,4,2019-04-27 08:00:00,0.10531,0.10531,0.10531,0.0,0.08368845845969654,369.08508410576985,-0.0,9.298014534876245,0.0,359.7870695708936,359.7870695708936,0.0,0.0
2792,2019-04-27 08:00:00,4,2019-04-27 09:00:00,0.10531,0.10531,0.10531,0.0,0.05,341.0564089756688,-0.0,0.0,0.0,341.0564089756688,341.0564089756688,0.0,0.0
2793,2019-04-27 09:00:00,4,2019-04-27 10:00:00,0.06431,0.06431,0.06431,0.0,0.05,289.37861653511527,-70.40845303577834,0.0,0.0,359.7870695708936,359.7870695708936,0.0,1.0
2794,2019-04-27 10:00:00,4,2019-04-27 11:00:00,0.06431,0.06431,0.06431,0.0,0.26591925597638694,287.97695973929984,-71.81010983159376,0.0,0.0,359.7870695708936,359.7870695708936,0.0,1.0
2795,2019-04-27 11:00:00,4,2019-04-27 12:00:00,0.06431,0.06431,0.06431,0.0,0.4861369261266078,285.3710445525626,-0.0,0.0,0.0,285.3710445525626,285.3710445525626,0.0,0.0
2796,2019-04-27 12:00:00,4,2019-04-27 13:00:00,0.06431,0.06431,0.06431,0.0,0.4861369261266078,274.0858295628078,-82.44446967865647,0.0,0.0,356.53029924146426,356.53029924146426,0.0,1.0
2797,2019-04-27 13:00:00,4,2019-04-27 14:00:00,0.06431,0.06431,0.06431,0.0,0.7389666331411543,274.66749342127,-85.11957614962358,0.0,0.0,359.7870695708936,359.7870695708936,0.0,1.0
2798,2019-04-27 14:00:00,4,2019-04-27 15:00:00,0.10531,0.10531,0.10531,0.0,1.0,275.188114196991,-0.0,0.0,0.0,275.188114196991,275.188114196991,0.0,1.0
2799,2019-04-27 15:00:00,4,2019-04-27 16:00:00,0.10531,0.10531,0.10531,0.0,1.0,305.5137076058784,-0.0,0.0,0.0,305.5137076058784,305.5137076058784,0.0,1.0
2800,2019-04-27 16:00:00,4,2019-04-27 17:00:00,0.13592,0.13592,0.13592,0.0,1.0,337.5675073147845,-0.0,0.0,0.0,337.5675073147845,337.5675073147845,0.0,1.0
2801,2019-04-27 17:00:00,4,2019-04-27 18:00:00,0.13592,0.13592,0.13592,0.0,1.0,393.3415228019454,-0.0,49.667723138216864,0.0,343.6737996637286,343.6737996637286,0.0,0.0
2802,2019-04-27 18:00:00,4,2019-04-27 19:00:00,0.13592,0.13592,0.13592,0.0,0.8200444813832722,419.6008053829599,-0.0,59.813735812066284,0.0,359.7870695708936,359.7870695708936,0.0,0.0
2803,2019-04-27 19:00:00,4,2019-04-27 20:00:00,0.13592,0.13592,0.13592,0.0,0.6033280472815828,449.0889416794369,-0.0,89.30187210854331,0.0,359.7870695708936,359.7870695708936,0.0,0.0
2804,2019-04-27 20:00:00,4,2019-04-27 21:00:00,0.13592,0.13592,0.13592,0.0,0.27977053964193316,423.20373851206716,-0.0,63.416668941173555,0.0,359.7870695708936,359.7870695708936,0.0,0.0
2805,2019-04-27 21:00:00,4,2019-04-27 22:00:00,0.10531,0.10531,0.10531,0.0,0.05,355.4200546289585,-0.0,0.0,0.0,355.4200546289585,355.4200546289585,0.0,0.0
2806,2019-04-27 22:00:00,4,2019-04-27 23:00:00,0.10531,0.10531,0.10531,0.0,0.05,287.09317526604445,-0.0,0.0,0.0,287.09317526604445,287.09317526604445,0.0,1.0
2807,2019-04-27 23:00:00,4,2019-04-28 00:00:00,0.10531,0.10531,0.10531,0.0,0.05,223.0952701283509,-0.0,0.0,0.0,223.0952701283509,223.0952701283509,0.0,1.0
2808,2019-04-28 00:00:00,4,2019-04-28 01:00:00,0.10531,0.10531,0.10531,0.0,0.05,214.22315752411694,-0.0,0.0,0.0,214.22315752411694,214.22315752411694,0.0,1.0
2809,2019-04-28 01:00:00,4,2019-04-28 02:00:00,0.10531,0.10531,0.10531,0.0,0.05,189.84398743700305,-0.0,0.0,0.0,189.84398743700305,189.84398743700305,0.0,1.0
2810,2019-04-28 02:00:00,4,2019-04-28 03:00:00,0.10531,0.10531,0.10531,0.0,0.05,180.8513260860984,-0.0,0.0,0.0,180.8513260860984,180.8513260860984,0.0,1.0
2811,2019-04-28 03:00:00,4,2019-04-28 04:00:00,0.10531,0.10531,0.10531,0.0,0.05,197.24262895966282,-67.34124761032845,0.0,0.0,264.5838765699913,264.5838765699913,0.0,1.0
2812,2019-04-28 04:00:00,4,2019-04-28 05:00:00,0.10531,0.10531,0.10531,0.0,0.2565131593383406,235.88573582478648,-0.0,0.0,0.0,235.88573582478648,235.88573582478648,0.0,1.0
2813,2019-04-28 05:00:00,4,2019-04-28 06:00:00,0.10531,0.10531,0.10531,0.0,0.2565131593383406,329.28693985344194,-0.0,0.0,0.0,329.28693985344194,329.28693985344194,0.0,0.0
2814,2019-04-28 06:00:00,4,2019-04-28 07:00:00,0.10531,0.10531,0.10531,0.0,0.2565131593383406,407.61916974061813,-0.0,47.83210016972453,0.0,359.7870695708936,359.7870695708936,0.0,0.0
2815,2019-04-28 07:00:00,4,2019-04-28 08:00:00,0.10531,0.10531,0.10531,0.0,0.08320844857846915,368.9526013785511,-0.0,9.165531807657487,0.0,359.7870695708936,359.7870695708936,0.0,0.0
2816,2019-04-28 08:00:00,4,2019-04-28 09:00:00,0.10531,0.10531,0.10531,0.0,0.05,340.2385454082007,-0.0,0.0,0.0,340.2385454082007,340.2385454082007,0.0,0.0
2817,2019-04-28 09:00:00,4,2019-04-28 10:00:00,0.06431,0.06431,0.06431,0.0,0.05,290.79757571524976,-68.98949385564384,0.0,0.0,359.7870695708936,359.7870695708936,0.0,1.0
2818,2019-04-28 10:00:00,4,2019-04-28 11:00:00,0.06431,0.06431,0.06431,0.0,0.2615677811573078,291.53768993748355,-68.24937963341006,0.0,0.0,359.7870695708936,359.7870695708936,0.0,1.0
2819,2019-04-28 11:00:00,4,2019-04-28 12:00:00,0.06431,0.06431,0.06431,0.0,0.4708658786997653,290.78959897131347,-68.99747059958014,0.0,0.0,359.7870695708936,359.7870695708936,0.0,1.0
2820,2019-04-28 12:00:00,4,2019-04-28 13:00:00,0.06431,0.06431,0.06431,0.0,0.6824581218718111,281.0125389536104,-78.77453061728323,0.0,0.0,359.7870695708936,359.7870695708936,0.0,1.0
2821,2019-04-28 13:00:00,4,2019-04-28 14:00:00,0.06431,0.06431,0.06431,0.0,0.9240333490981463,277.60640017598064,-24.771733989734912,0.0,0.0,302.37813416571555,302.37813416571555,0.0,1.0
2822,2019-04-28 14:00:00,4,2019-04-28 15:00:00,0.10531,0.10531,0.10531,0.0,1.0,273.66733947785247,-0.0,0.0,0.0,273.66733947785247,273.66733947785247,0.0,1.0
2823,2019-04-28 15:00:00,4,2019-04-28 16:00:00,0.10531,0.10531,0.10531,0.0,1.0,302.2608614844053,-0.0,0.0,0.0,302.2608614844053,302.2608614844053,0.0,1.0
2824,2019-04-28 16:00:00,4,2019-04-28 17:00:00,0.13592,0.13592,0.13592,0.0,1.0,342.15602479118303,-0.0,0.0,0.0,342.15602479118303,342.15602479118303,0.0,1.0
2825,2019-04-28 17:00:00,4,2019-04-28 18:00:00,0.13592,0.13592,0.13592,0.0,1.0,397.9990810843521,-0.0,38.21201151345849,0.0,359.7870695708936,359.7870695708936,0.0,0.0
2826,2019-04-28 18:00:00,4,2019-04-28 19:00:00,0.13592,0.13592,0.13592,0.0,0.8615506829222519,417.48504270858774,-0.0,71.05727898647851,0.0,346.42776372210926,346.42776372210926,0.0,0.0
2827,2019-04-28 19:00:00,4,2019-04-28 20:00:00,0.13592,0.13592,0.13592,0.0,0.6040967735509529,449.42844788061103,-0.0,89.64137830971742,0.0,359.7870695708936,359.7870695708936,0.0,0.0
2828,2019-04-28 20:00:00,4,2019-04-28 21:00:00,0.13592,0.13592,0.13592,0.0,0.27930917097951297,423.0764007612392,-0.0,63.28933119034559,0.0,359.7870695708936,359.7870695708936,0.0,0.0
2829,2019-04-28 21:00:00,4,2019-04-28 22:00:00,0.10531,0.10531,0.10531,0.0,0.05,355.93653902185275,-0.0,0.0,0.0,355.93653902185275,355.93653902185275,0.0,0.0
2830,2019-04-28 22:00:00,4,2019-04-28 23:00:00,0.10531,0.10531,0.10531,0.0,0.05,288.5987078062049,-57.0932156968447,0.0,0.0,345.6919235030496,345.6919235030496,0.0,1.0
2831,2019-04-28 23:00:00,4,2019-04-29 00:00:00,0.10531,0.10531,0.10531,0.0,0.22508586147032375,228.41029047132955,-0.0,0.0,0.0,228.41029047132955,228.41029047132955,0.0,1.0
2832,2019-04-29 00:00:00,4,2019-04-29 01:00:00,0.10531,0.10531,0.10531,0.0,0.22508586147032375,218.3981451843869,-0.0,0.0,0.0,218.3981451843869,218.3981451843869,0.0,1.0
2833,2019-04-29 01:00:00,4,2019-04-29 02:00:00,0.10531,0.10531,0.10531,0.0,0.22508586147032375,199.14913489394087,-0.0,0.0,0.0,199.14913489394087,199.14913489394087,0.0,0.0
2834,2019-04-29 02:00:00,4,2019-04-29 03:00:00,0.10531,0.10531,0.10531,0.0,0.22508586147032375,192.97205931559824,-0.0,0.0,0.0,192.97205931559824,192.97205931559824,0.0,1.0
2835,2019-04-29 03:00:00,4,2019-04-29 04:00:00,0.10531,0.10531,0.10531,0.0,0.22508586147032375,200.58820689688477,-0.0,0.0,0.0,200.58820689688477,200.58820689688477,0.0,0.0
2836,2019-04-29 04:00:00,4,2019-04-29 05:00:00,0.10531,0.10531,0.10531,0.0,0.22508586147032375,224.7402691519183,-0.0,0.0,0.0,224.7402691519183,224.7402691519183,0.0,1.0
2837,2019-04-29 05:00:00,4,2019-04-29 06:00:00,0.10531,0.10531,0.10531,0.0,0.22508586147032375,291.6002085263502,-0.0,0.0,0.0,291.6002085263502,291.6002085263502,0.0,1.0
2838,2019-04-29 06:00:00,4,2019-04-29 07:00:00,0.10531,0.10531,0.10531,0.0,0.22508586147032375,363.49310986103836,-0.0,3.7060402901447556,0.0,359.7870695708936,359.7870695708936,0.0,0.0
2839,2019-04-29 07:00:00,4,2019-04-29 08:00:00,0.10531,0.10531,0.10531,0.0,0.21165817925965436,404.4047270465582,-0.0,44.6176574756646,0.0,359.7870695708936,359.7870695708936,0.0,0.0
2840,2019-04-29 08:00:00,4,2019-04-29 09:00:00,0.10531,0.10531,0.10531,0.0,0.05,356.79603587475697,-0.0,0.0,0.0,356.79603587475697,356.79603587475697,0.0,1.0
2841,2019-04-29 09:00:00,4,2019-04-29 10:00:00,0.06431,0.06431,0.06431,0.0,0.05,302.4520370634771,-57.335032507416486,0.0,0.0,359.7870695708936,359.7870695708936,0.0,1.0
2842,2019-04-29 10:00:00,4,2019-04-29 11:00:00,0.06431,0.06431,0.06431,0.0,0.2258274330227439,294.71191137253095,-36.662833364087454,0.0,0.0,331.3747447366184,331.3747447366184,0.0,1.0
2843,2019-04-29 11:00:00,4,2019-04-29 12:00:00,0.06431,0.06431,0.06431,0.0,0.3382601220059454,294.27091250607714,-65.51615706481647,0.0,0.0,359.7870695708936,359.7870695708936,0.0,1.0
2844,2019-04-29 12:00:00,4,2019-04-29 13:00:00,0.06431,0.06431,0.06431,0.0,0.5391763370047159,284.61395934803534,-75.17311022285827,0.0,0.0,359.7870695708936,359.7870695708936,0.0,1.0
2845,2019-04-29 13:00:00,4,2019-04-29 14:00:00,0.06431,0.06431,0.06431,0.0,0.7697072083548147,284.6915940344201,-75.09547553647349,0.0,0.0,359.7870695708936,359.7870695708936,0.0,1.0
2846,2019-04-29 14:00:00,4,2019-04-29 15:00:00,0.10531,0.10531,0.10531,0.0,1.0,283.9902850691216,-0.0,0.0,0.0,283.9902850691216,283.9902850691216,0.0,1.0
2847,2019-04-29 15:00:00,4,2019-04-29 16:00:00,0.10531,0.10531,0.10531,0.0,1.0,313.9524683003218,-0.0,0.0,0.0,313.9524683003218,313.9524683003218,0.0,1.0
2848,2019-04-29 16:00:00,4,2019-04-29 17:00:00,0.13592,0.13592,0.13592,0.0,1.0,342.225578131702,-0.0,0.0,0.0,342.225578131702,342.225578131702,0.0,1.0
2849,2019-04-29 17:00:00,4,2019-04-29 18:00:00,0.13592,0.13592,0.13592,0.0,1.0,408.8950753588975,-0.0,49.10800578800388,0.0,359.7870695708936,359.7870695708936,0.0,0.0
2850,2019-04-29 18:00:00,4,2019-04-29 19:00:00,0.13592,0.13592,0.13592,0.0,0.8220724427970875,414.64727456285783,-0.0,54.860204991964224,0.0,359.7870695708936,359.7870695708936,0.0,0.0
2851,2019-04-29 19:00:00,4,2019-04-29 20:00:00,0.13592,0.13592,0.13592,0.0,0.6233035841305504,431.7121589972074,-0.0,71.92508942631378,0.0,359.7870695708936,359.7870695708936,0.0,0.0
2852,2019-04-29 20:00:00,4,2019-04-29 21:00:00,0.13592,0.13592,0.13592,0.0,0.3627054340352107,421.41521716272166,-0.0,79.33842008192356,0.0,342.0767970807981,342.0767970807981,0.0,0.0
2853,2019-04-29 21:00:00,4,2019-04-29 22:00:00,0.10531,0.10531,0.10531,0.0,0.07524739026012534,366.7553492826882,-0.0,6.968279711794594,0.0,359.7870695708936,359.7870695708936,0.0,0.0
2854,2019-04-29 22:00:00,4,2019-04-29 23:00:00,0.10531,0.10531,0.10531,0.0,0.05,293.009799246101,-0.0,0.0,0.0,293.009799246101,293.009799246101,0.0,1.0
2855,2019-04-29 23:00:00,4,2019-04-30 00:00:00,0.10531,0.10531,0.10531,0.0,0.05,222.8755794122046,-0.0,0.0,0.0,222.8755794122046,222.8755794122046,0.0,1.0
2856,2019-04-30 00:00:00,4,2019-04-30 01:00:00,0.10531,0.10531,0.10531,0.0,0.05,229.09220573288553,-67.9664407026776,0.0,0.0,297.0586464355631,297.0586464355631,0.0,1.0
2857,2019-04-30 01:00:00,4,2019-04-30 02:00:00,0.10531,0.10531,0.10531,0.0,0.258430418154878,186.1331971014991,-0.0,0.0,0.0,186.1331971014991,186.1331971014991,0.0,0.0
2858,2019-04-30 02:00:00,4,2019-04-30 03:00:00,0.10531,0.10531,0.10531,0.0,0.258430418154878,185.56098514752503,-0.0,0.0,0.0,185.56098514752503,185.56098514752503,0.0,1.0
2859,2019-04-30 03:00:00,4,2019-04-30 04:00:00,0.10531,0.10531,0.10531,0.0,0.258430418154878,202.00986104201957,-0.0,0.0,0.0,202.00986104201957,202.00986104201957,0.0,0.0
2860,2019-04-30 04:00:00,4,2019-04-30 05:00:00,0.10531,0.10531,0.10531,0.0,0.258430418154878,206.74494487698914,-0.0,0.0,0.0,206.74494487698914,206.74494487698914,0.0,1.0
2861,2019-04-30 05:00:00,4,2019-04-30 06:00:00,0.10531,0.10531,0.10531,0.0,0.258430418154878,292.9062504850049,-0.0,0.0,0.0,292.9062504850049,292.9062504850049,0.0,1.0
2862,2019-04-30 06:00:00,4,2019-04-30 07:00:00,0.10531,0.10531,0.10531,0.0,0.258430418154878,372.63785277459806,-0.0,12.850783203704452,0.0,359.7870695708936,359.7870695708936,0.0,0.0
2863,2019-04-30 07:00:00,4,2019-04-30 08:00:00,0.10531,0.10531,0.10531,0.0,0.21186960944580388,404.4630817779355,-0.0,44.67601220704188,0.0,359.7870695708936,359.7870695708936,0.0,0.0
2864,2019-04-30 08:00:00,4,2019-04-30 09:00:00,0.10531,0.10531,0.10531,0.0,0.05,347.2823639483083,-0.0,0.0,0.0,347.2823639483083,347.2823639483083,0.0,1.0
2865,2019-04-30 09:00:00,4,2019-04-30 10:00:00,0.06431,0.06431,0.06431,0.0,0.05,302.61918084944335,-31.987356232351168,0.0,0.0,334.6065370817945,334.6065370817945,0.0,1.0
2866,2019-04-30 10:00:00,4,2019-04-30 11:00:00,0.06431,0.06431,0.06431,0.0,0.14809455911254357,299.99161342028634,-59.795456150607265,0.0,0.0,359.7870695708936,359.7870695708936,0.0,1.0
2867,2019-04-30 11:00:00,4,2019-04-30 12:00:00,0.06431,0.06431,0.06431,0.0,0.3314672913077392,299.969150675841,-59.81791889505263,0.0,0.0,359.7870695708936,359.7870695708936,0.0,1.0
2868,2019-04-30 12:00:00,4,2019-04-30 13:00:00,0.06431,0.06431,0.06431,0.0,0.5149089092525673,280.80266506566045,-78.98440450523316,0.0,0.0,359.7870695708936,359.7870695708936,0.0,1.0
2869,2019-04-30 13:00:00,4,2019-04-30 14:00:00,0.06431,0.06431,0.06431,0.0,0.7571277497352823,280.5895966584857,-79.19747291240793,0.0,0.0,359.7870695708936,359.7870695708936,0.0,1.0
2870,2019-04-30 14:00:00,4,2019-04-30 15:00:00,0.10531,0.10531,0.10531,0.0,1.0,279.49451961778556,-0.0,0.0,0.0,279.49451961778556,279.49451961778556,0.0,1.0
2871,2019-04-30 15:00:00,4,2019-04-30 16:00:00,0.10531,0.10531,0.10531,0.0,1.0,309.796248329328,-0.0,0.0,0.0,309.796248329328,309.796248329328,0.0,1.0
2872,2019-04-30 16:00:00,4,2019-04-30 17:00:00,0.13592,0.13592,0.13592,0.0,1.0,338.72399033726674,-0.0,0.0,0.0,338.72399033726674,338.72399033726674,0.0,1.0
2873,2019-04-30 17:00:00,4,2019-04-30 18:00:00,0.13592,0.13592,0.13592,0.0,1.0,400.3392267373151,-0.0,40.552157166421466,0.0,359.7870695708936,359.7870695708936,0.0,0.0
2874,2019-04-30 18:00:00,4,2019-04-30 19:00:00,0.13592,0.13592,0.13592,0.0,0.8530718943245599,414.26597076583147,-0.0,54.47890119493786,0.0,359.7870695708936,359.7870695708936,0.0,0.0
2875,2019-04-30 19:00:00,4,2019-04-30 20:00:00,0.13592,0.13592,0.13592,0.0,0.6556845711544952,440.57351344408875,-0.0,80.78644387319514,0.0,359.7870695708936,359.7870695708936,0.0,0.0
2876,2019-04-30 20:00:00,4,2019-04-30 21:00:00,0.13592,0.13592,0.13592,0.0,0.36298006436755625,410.3849437009614,-0.0,86.38249776544554,0.0,324.0024459355159,324.0024459355159,0.0,0.0
2877,2019-04-30 21:00:00,4,2019-04-30 22:00:00,0.10531,0.10531,0.10531,0.0,0.05,355.1151335443854,-0.0,0.0,0.0,355.1151335443854,355.1151335443854,0.0,1.0
2878,2019-04-30 22:00:00,4,2019-04-30 23:00:00,0.10531,0.10531,0.10531,0.0,0.05,290.7309241878778,-0.0,0.0,0.0,290.7309241878778,290.7309241878778,0.0,1.0
2879,2019-04-30 23:00:00,4,2019-05-01 00:00:00,0.10531,0.10531,0.10531,0.0,0.05,229.9561119842601,-0.0,0.0,0.0,229.9561119842601,229.9561119842601,0.0,1.0
2880,2019-05-01 00:00:00,5,2019-05-01 01:00:00,0.10531,0.10531,0.10531,0.0,0.05,205.204587440883,-0.0,0.0,0.0,205.204587440883,205.204587440883,0.0,1.0
2881,2019-05-01 01:00:00,5,2019-05-01 02:00:00,0.10531,0.10531,0.10531,0.0,0.05,200.36601697958386,-0.0,0.0,0.0,200.36601697958386,200.36601697958386,0.0,1.0
2882,2019-05-01 02:00:00,5,2019-05-01 03:00:00,0.10531,0.10531,0.10531,0.0,0.05,203.47745430792781,-0.0,0.0,0.0,203.47745430792781,203.47745430792781,0.0,1.0
2883,2019-05-01 03:00:00,5,2019-05-01 04:00:00,0.10531,0.10531,0.10531,0.0,0.05,210.91593264046125,-0.0,0.0,0.0,210.91593264046125,210.91593264046125,0.0,0.0
2884,2019-05-01 04:00:00,5,2019-05-01 05:00:00,0.10531,0.10531,0.10531,0.0,0.05,227.500780493465,-73.76133123903128,0.0,0.0,301.26211173249624,301.26211173249624,0.0,1.0
2885,2019-05-01 05:00:00,5,2019-05-01 06:00:00,0.10531,0.10531,0.10531,0.0,0.2762014157996959,333.66242742040157,-0.0,0.0,0.0,333.66242742040157,333.66242742040157,0.0,1.0
2886,2019-05-01 06:00:00,5,2019-05-01 07:00:00,0.10531,0.10531,0.10531,0.0,0.2762014157996959,409.5614701664704,-0.0,52.216361976675344,0.0,357.34510818979504,357.34510818979504,0.0,0.0
2887,2019-05-01 07:00:00,5,2019-05-01 08:00:00,0.10531,0.10531,0.10531,0.0,0.0870116984929012,367.5603369738358,-0.0,10.215228784040733,0.0,357.34510818979504,357.34510818979504,0.0,0.0
2888,2019-05-01 08:00:00,5,2019-05-01 09:00:00,0.10531,0.10531,0.10531,0.0,0.05,339.75064588457917,-0.0,0.0,0.0,339.75064588457917,339.75064588457917,0.0,0.0
2889,2019-05-01 09:00:00,5,2019-05-01 10:00:00,0.06431,0.06431,0.06431,0.0,0.05,290.16502973134175,-67.1800784584533,0.0,0.0,357.34510818979504,357.34510818979504,0.0,1.0
2890,2019-05-01 10:00:00,5,2019-05-01 11:00:00,0.06431,0.06431,0.06431,0.0,0.2560189072725901,291.49181580012436,-65.85329238967068,0.0,0.0,357.34510818979504,357.34510818979504,0.0,1.0
2891,2019-05-01 11:00:00,5,2019-05-01 12:00:00,0.06431,0.06431,0.06431,0.0,0.45796900393424683,290.4450173536788,-66.90009083611625,0.0,0.0,357.34510818979504,357.34510818979504,0.0,1.0
2892,2019-05-01 12:00:00,5,2019-05-01 13:00:00,0.06431,0.06431,0.06431,0.0,0.6631292824983368,280.79184286302757,-76.55326532676747,0.0,0.0,357.34510818979504,357.34510818979504,0.0,1.0
2893,2019-05-01 13:00:00,5,2019-05-01 14:00:00,0.06431,0.06431,0.06431,0.0,0.8978926295004237,280.9371688280167,-33.29588168464443,0.0,0.0,314.2330505126611,314.2330505126611,0.0,1.0
2894,2019-05-01 14:00:00,5,2019-05-01 15:00:00,0.10531,0.10531,0.10531,0.0,1.0,279.88117042622446,-0.0,0.0,0.0,279.88117042622446,279.88117042622446,0.0,1.0
2895,2019-05-01 15:00:00,5,2019-05-01 16:00:00,0.10531,0.10531,0.10531,0.0,1.0,308.7430893807225,-0.0,0.0,0.0,308.7430893807225,308.7430893807225,0.0,1.0
2896,2019-05-01 16:00:00,5,2019-05-01 17:00:00,0.13592,0.13592,0.13592,0.0,1.0,344.68292240952826,-0.0,0.0,0.0,344.68292240952826,344.68292240952826,0.0,1.0
2897,2019-05-01 17:00:00,5,2019-05-01 18:00:00,0.13592,0.13592,0.13592,0.0,1.0,398.896077853517,-0.0,41.550969663721986,0.0,357.34510818979504,357.34510818979504,0.0,0.0
2898,2019-05-01 18:00:00,5,2019-05-01 19:00:00,0.13592,0.13592,0.13592,0.0,0.8494530084647754,418.4439930640644,-0.0,61.09888487426935,0.0,357.34510818979504,357.34510818979504,0.0,0.0
2899,2019-05-01 19:00:00,5,2019-05-01 20:00:00,0.13592,0.13592,0.13592,0.0,0.6280802371811908,449.91251786071996,-0.0,92.56740967092492,0.0,357.34510818979504,357.34510818979504,0.0,0.0
2900,2019-05-01 20:00:00,5,2019-05-01 21:00:00,0.13592,0.13592,0.13592,0.0,0.292691071706825,424.32784398087875,-0.0,66.98273579108371,0.0,357.34510818979504,357.34510818979504,0.0,0.0
2901,2019-05-01 21:00:00,5,2019-05-01 22:00:00,0.10531,0.10531,0.10531,0.0,0.05,356.93446024395485,-0.41064794584019637,0.0,0.0,357.34510818979504,357.34510818979504,0.0,1.0
2902,2019-05-01 22:00:00,5,2019-05-01 23:00:00,0.10531,0.10531,0.10531,0.0,0.05125932036724327,289.0587127081347,-68.28639548166035,0.0,0.0,357.34510818979504,357.34510818979504,0.0,1.0
2903,2019-05-01 23:00:00,5,2019-05-02 00:00:00,0.10531,0.10531,0.10531,0.0,0.2606709331776684,230.05789293476548,-0.0,0.0,0.0,230.05789293476548,230.05789293476548,0.0,0.0
2904,2019-05-02 00:00:00,5,2019-05-02 01:00:00,0.10531,0.10531,0.10531,0.0,0.2606709331776683,222.19352030275923,-5.454678549097778,0.0,0.0,227.648198851857,227.648198851857,0.0,1.0
2905,2019-05-02 01:00:00,5,2019-05-02 02:00:00,0.10531,0.10531,0.10531,0.0,0.2773986140615682,190.49672893129878,-0.0,0.0,0.0,190.49672893129878,190.49672893129878,0.0,0.0
2906,2019-05-02 02:00:00,5,2019-05-02 03:00:00,0.10531,0.10531,0.10531,0.0,0.2773986140615682,211.66629653175804,-0.0,0.0,0.0,211.66629653175804,211.66629653175804,0.0,1.0
2907,2019-05-02 03:00:00,5,2019-05-02 04:00:00,0.10531,0.10531,0.10531,0.0,0.2773986140615682,201.72387641327478,-0.0,0.0,0.0,201.72387641327478,201.72387641327478,0.0,0.0
2908,2019-05-02 04:00:00,5,2019-05-02 05:00:00,0.10531,0.10531,0.10531,0.0,0.2773986140615682,234.46141024064198,-0.0,0.0,0.0,234.46141024064198,234.46141024064198,0.0,0.0
2909,2019-05-02 05:00:00,5,2019-05-02 06:00:00,0.10531,0.10531,0.10531,0.0,0.2773986140615682,334.03694086107106,-0.0,0.0,0.0,334.03694086107106,334.03694086107106,0.0,0.0
2910,2019-05-02 06:00:00,5,2019-05-02 07:00:00,0.10531,0.10531,0.10531,0.0,0.2773986140615682,409.1896006704307,-0.0,51.844492480635665,0.0,357.34510818979504,357.34510818979504,0.0,0.0
2911,2019-05-02 07:00:00,5,2019-05-02 08:00:00,0.10531,0.10531,0.10531,0.0,0.08955625000129405,368.2626331901522,-0.0,10.91752500035716,0.0,357.34510818979504,357.34510818979504,0.0,0.0
2912,2019-05-02 08:00:00,5,2019-05-02 09:00:00,0.10531,0.10531,0.10531,0.0,0.05,339.577472880174,-0.0,0.0,0.0,339.577472880174,339.577472880174,0.0,0.0
2913,2019-05-02 09:00:00,5,2019-05-02 10:00:00,0.06431,0.06431,0.06431,0.0,0.05,290.44470103340086,-66.90040715639418,0.0,0.0,357.34510818979504,357.34510818979504,0.0,1.0
2914,2019-05-02 10:00:00,5,2019-05-02 11:00:00,0.06431,0.06431,0.06431,0.0,0.25516124861294215,291.8436519739759,-65.50145621581913,0.0,0.0,357.34510818979504,357.34510818979504,0.0,1.0
2915,2019-05-02 11:00:00,5,2019-05-02 12:00:00,0.06431,0.06431,0.06431,0.0,0.4560323810081208,291.2366501691686,-66.10845802062641,0.0,0.0,357.34510818979504,357.34510818979504,0.0,1.0
2916,2019-05-02 12:00:00,5,2019-05-02 13:00:00,0.06431,0.06431,0.06431,0.0,0.6587649856047085,280.96719474048507,-34.53767363596522,0.0,0.0,315.5048683764503,315.5048683764503,0.0,1.0
2917,2019-05-02 13:00:00,5,2019-05-02 14:00:00,0.06431,0.06431,0.06431,0.0,0.7646805180883351,280.6104945229478,-76.73461366684722,0.0,0.0,357.34510818979504,357.34510818979504,0.0,1.0
2918,2019-05-02 14:00:00,5,2019-05-02 15:00:00,0.10531,0.10531,0.10531,0.0,1.0,279.68570383412333,-0.0,0.0,0.0,279.68570383412333,279.68570383412333,0.0,1.0
2919,2019-05-02 15:00:00,5,2019-05-02 16:00:00,0.10531,0.10531,0.10531,0.0,1.0,308.66144804276826,-0.0,0.0,0.0,308.66144804276826,308.66144804276826,0.0,1.0
2920,2019-05-02 16:00:00,5,2019-05-02 17:00:00,0.13592,0.13592,0.13592,0.0,1.0,344.5481965678403,-0.0,0.0,0.0,344.5481965678403,344.5481965678403,0.0,1.0
2921,2019-05-02 17:00:00,5,2019-05-02 18:00:00,0.13592,0.13592,0.13592,0.0,1.0,398.57393431487816,-0.0,41.22882612508312,0.0,357.34510818979504,357.34510818979504,0.0,0.0
2922,2019-05-02 18:00:00,5,2019-05-02 19:00:00,0.13592,0.13592,0.13592,0.0,0.8506201951989742,417.8420570577697,-0.0,60.49694886797465,0.0,357.34510818979504,357.34510818979504,0.0,0.0
2923,2019-05-02 19:00:00,5,2019-05-02 20:00:00,0.13592,0.13592,0.13592,0.0,0.6314283514744283,449.3848876266402,-0.0,94.10318290017717,0.0,355.28170472646303,355.28170472646303,0.0,0.0
2924,2019-05-02 20:00:00,5,2019-05-02 21:00:00,0.13592,0.13592,0.13592,0.0,0.29047479024190237,423.7161502965601,-0.0,66.37104210676506,0.0,357.34510818979504,357.34510818979504,0.0,0.0
2925,2019-05-02 21:00:00,5,2019-05-02 22:00:00,0.10531,0.10531,0.10531,0.0,0.05,356.86326220112625,-0.4818459886687947,0.0,0.0,357.34510818979504,357.34510818979504,0.0,1.0
2926,2019-05-02 22:00:00,5,2019-05-02 23:00:00,0.10531,0.10531,0.10531,0.0,0.051477661031917636,288.45064337440704,-68.894464815388,0.0,0.0,357.34510818979504,357.34510818979504,0.0,1.0
2927,2019-05-02 23:00:00,5,2019-05-03 00:00:00,0.10531,0.10531,0.10531,0.0,0.26275401979910756,224.91532236967606,-3.119616606243555,0.0,0.0,228.03493897591963,228.03493897591963,0.0,1.0
2928,2019-05-03 00:00:00,5,2019-05-03 01:00:00,0.10531,0.10531,0.10531,0.0,0.2723208440582544,218.55437153571435,-0.0,0.0,0.0,218.55437153571435,218.55437153571435,0.0,1.0
2929,2019-05-03 01:00:00,5,2019-05-03 02:00:00,0.10531,0.10531,0.10531,0.0,0.2723208440582544,192.54187515397055,-0.0,0.0,0.0,192.54187515397055,192.54187515397055,0.0,0.0
2930,2019-05-03 02:00:00,5,2019-05-03 03:00:00,0.10531,0.10531,0.10531,0.0,0.2723208440582544,193.5113845779752,-0.0,0.0,0.0,193.5113845779752,193.5113845779752,0.0,0.0
2931,2019-05-03 03:00:00,5,2019-05-03 04:00:00,0.10531,0.10531,0.10531,0.0,0.2723208440582544,210.76195580657438,-0.0,0.0,0.0,210.76195580657438,210.76195580657438,0.0,0.0
2932,2019-05-03 04:00:00,5,2019-05-03 05:00:00,0.10531,0.10531,0.10531,0.0,0.2723208440582544,240.74365488987127,-0.0,0.0,0.0,240.74365488987127,240.74365488987127,0.0,0.0
2933,2019-05-03 05:00:00,5,2019-05-03 06:00:00,0.10531,0.10531,0.10531,0.0,0.2723208440582544,324.42248427608905,-0.0,0.0,0.0,324.42248427608905,324.42248427608905,0.0,1.0
2934,2019-05-03 06:00:00,5,2019-05-03 07:00:00,0.10531,0.10531,0.10531,0.0,0.2723208440582544,408.11687962304813,-0.0,50.77177143325309,0.0,357.34510818979504,357.34510818979504,0.0,0.0
2935,2019-05-03 07:00:00,5,2019-05-03 08:00:00,0.10531,0.10531,0.10531,0.0,0.08836515045951134,367.9338897166202,-0.0,10.58878152682513,0.0,357.34510818979504,357.34510818979504,0.0,0.0
2936,2019-05-03 08:00:00,5,2019-05-03 09:00:00,0.10531,0.10531,0.10531,0.0,0.05,340.10066216895564,-0.0,0.0,0.0,340.10066216895564,340.10066216895564,0.0,0.0
2937,2019-05-03 09:00:00,5,2019-05-03 10:00:00,0.06431,0.06431,0.06431,0.0,0.05,291.1241988640018,-66.22090932579323,0.0,0.0,357.34510818979504,357.34510818979504,0.0,1.0
2938,2019-05-03 10:00:00,5,2019-05-03 11:00:00,0.06431,0.06431,0.06431,0.0,0.2530774552657659,291.62899745946294,-65.7161107303321,0.0,0.0,357.34510818979504,357.34510818979504,0.0,1.0
2939,2019-05-03 11:00:00,5,2019-05-03 12:00:00,0.06431,0.06431,0.06431,0.0,0.45460686150545104,290.6693080443852,-66.67580014540982,0.0,0.0,357.34510818979504,357.34510818979504,0.0,1.0
2940,2019-05-03 12:00:00,5,2019-05-03 13:00:00,0.06431,0.06431,0.06431,0.0,0.6590793152847079,280.4716803425116,-76.87342784728344,0.0,0.0,357.34510818979504,357.34510818979504,0.0,1.0
2941,2019-05-03 13:00:00,5,2019-05-03 14:00:00,0.06431,0.06431,0.06431,0.0,0.8948244940163771,280.09457244169994,-34.29636064683357,0.0,0.0,314.39093308853353,314.39093308853353,0.0,1.0
2942,2019-05-03 14:00:00,5,2019-05-03 15:00:00,0.10531,0.10531,0.10531,0.0,1.0,278.95668263219306,-0.0,0.0,0.0,278.95668263219306,278.95668263219306,0.0,1.0
2943,2019-05-03 15:00:00,5,2019-05-03 16:00:00,0.10531,0.10531,0.10531,0.0,1.0,307.98355428726023,-0.0,0.0,0.0,307.98355428726023,307.98355428726023,0.0,1.0
2944,2019-05-03 16:00:00,5,2019-05-03 17:00:00,0.13592,0.13592,0.13592,0.0,1.0,344.3810352562045,-0.0,0.0,0.0,344.3810352562045,344.3810352562045,0.0,1.0
2945,2019-05-03 17:00:00,5,2019-05-03 18:00:00,0.13592,0.13592,0.13592,0.0,1.0,399.12176937323034,-0.0,41.776661183435294,0.0,357.34510818979504,357.34510818979504,0.0,0.0
2946,2019-05-03 18:00:00,5,2019-05-03 19:00:00,0.13592,0.13592,0.13592,0.0,0.8486352855672634,418.3536909922779,-0.0,61.00858280248286,0.0,357.34510818979504,357.34510818979504,0.0,0.0
2947,2019-05-03 19:00:00,5,2019-05-03 20:00:00,0.13592,0.13592,0.13592,0.0,0.6275896957031951,449.83796209553896,-0.0,92.49285390574391,0.0,357.34510818979504,357.34510818979504,0.0,0.0
2948,2019-05-03 20:00:00,5,2019-05-03 21:00:00,0.13592,0.13592,0.13592,0.0,0.2924706598128186,423.9032954604251,-0.0,66.92190210833795,0.0,356.98139335208714,356.98139335208714,0.0,0.0
2949,2019-05-03 21:00:00,5,2019-05-03 22:00:00,0.10531,0.10531,0.10531,0.0,0.05,356.50823594031743,-0.836872249477608,0.0,0.0,357.34510818979504,357.34510818979504,0.0,1.0
2950,2019-05-03 22:00:00,5,2019-05-03 23:00:00,0.10531,0.10531,0.10531,0.0,0.05256640823173133,288.54944146799704,-0.0,0.0,0.0,288.54944146799704,288.54944146799704,0.0,1.0
2951,2019-05-03 23:00:00,5,2019-05-04 00:00:00,0.10531,0.10531,0.10531,0.0,0.05256640823173133,241.1249824017603,-0.0,0.0,0.0,241.1249824017603,241.1249824017603,0.0,0.0
2952,2019-05-04 00:00:00,5,2019-05-04 01:00:00,0.10531,0.10531,0.10531,0.0,0.05256640823173133,226.67605318349328,-68.58209372836066,0.0,0.0,295.25814691185394,295.25814691185394,0.0,1.0
2953,2019-05-04 01:00:00,5,2019-05-04 02:00:00,0.10531,0.10531,0.10531,0.0,0.2628848289987041,215.96416562731312,-0.0,0.0,0.0,215.96416562731312,215.96416562731312,0.0,0.0
2954,2019-05-04 02:00:00,5,2019-05-04 03:00:00,0.10531,0.10531,0.10531,0.0,0.2628848289987041,206.65967811643907,-0.0,0.0,0.0,206.65967811643907,206.65967811643907,0.0,0.0
2955,2019-05-04 03:00:00,5,2019-05-04 04:00:00,0.10531,0.10531,0.10531,0.0,0.262884828998704,212.30378996609696,-0.0,0.0,0.0,212.30378996609696,212.30378996609696,0.0,1.0
2956,2019-05-04 04:00:00,5,2019-05-04 05:00:00,0.10531,0.10531,0.10531,0.0,0.262884828998704,229.89678475360532,-0.0,0.0,0.0,229.89678475360532,229.89678475360532,0.0,1.0
2957,2019-05-04 05:00:00,5,2019-05-04 06:00:00,0.10531,0.10531,0.10531,0.0,0.262884828998704,335.28420280859206,-0.0,0.0,0.0,335.28420280859206,335.28420280859206,0.0,1.0
2958,2019-05-04 06:00:00,5,2019-05-04 07:00:00,0.10531,0.10531,0.10531,0.0,0.262884828998704,406.8480593492351,-0.0,49.502951159440045,0.0,357.34510818979504,357.34510818979504,0.0,0.0
2959,2019-05-04 07:00:00,5,2019-05-04 08:00:00,0.10531,0.10531,0.10531,0.0,0.08352631030508069,366.5983698339973,-0.0,9.253261644202269,0.0,357.34510818979504,357.34510818979504,0.0,0.0
2960,2019-05-04 08:00:00,5,2019-05-04 09:00:00,0.10531,0.10531,0.10531,0.0,0.05,338.94325288661184,-0.0,0.0,0.0,338.94325288661184,338.94325288661184,0.0,1.0
2961,2019-05-04 09:00:00,5,2019-05-04 10:00:00,0.06431,0.06431,0.06431,0.0,0.05,289.4153463700532,-67.92976181974183,0.0,0.0,357.34510818979504,357.34510818979504,0.0,1.0
2962,2019-05-04 10:00:00,5,2019-05-04 11:00:00,0.06431,0.06431,0.06431,0.0,0.25831793624720834,291.152084511156,-66.19302367863907,0.0,0.0,357.34510818979504,357.34510818979504,0.0,1.0
2963,2019-05-04 11:00:00,5,2019-05-04 12:00:00,0.06431,0.06431,0.06431,0.0,0.46130987552836816,290.27185645784266,-20.439431722061855,0.0,0.0,310.7112881799045,310.7112881799045,0.0,1.0
2964,2019-05-04 12:00:00,5,2019-05-04 13:00:00,0.06431,0.06431,0.06431,0.0,0.5239907994760244,279.7925299369312,-77.55257825286384,0.0,0.0,357.34510818979504,357.34510818979504,0.0,1.0
2965,2019-05-04 13:00:00,5,2019-05-04 14:00:00,0.06431,0.06431,0.06431,0.0,0.7618187061181402,279.6772949674495,-77.66781322234556,0.0,0.0,357.34510818979504,357.34510818979504,0.0,1.0
2966,2019-05-04 14:00:00,5,2019-05-04 15:00:00,0.10531,0.10531,0.10531,0.0,1.0,279.1618262041235,-0.0,0.0,0.0,279.1618262041235,279.1618262041235,0.0,1.0
2967,2019-05-04 15:00:00,5,2019-05-04 16:00:00,0.10531,0.10531,0.10531,0.0,1.0,308.626798454368,-0.0,0.0,0.0,308.626798454368,308.626798454368,0.0,1.0
2968,2019-05-04 16:00:00,5,2019-05-04 17:00:00,0.13592,0.13592,0.13592,0.0,1.0,345.08948251657097,-0.0,0.0,0.0,345.08948251657097,345.08948251657097,0.0,1.0
2969,2019-05-04 17:00:00,5,2019-05-04 18:00:00,0.13592,0.13592,0.13592,0.0,1.0,398.49693154365593,-0.0,41.15182335386089,0.0,357.34510818979504,357.34510818979504,0.0,0.0
2970,2019-05-04 18:00:00,5,2019-05-04 19:00:00,0.13592,0.13592,0.13592,0.0,0.8508991907468808,417.68635291182676,-0.0,60.34124472203172,0.0,357.34510818979504,357.34510818979504,0.0,0.0
2971,2019-05-04 19:00:00,5,2019-05-04 20:00:00,0.13592,0.13592,0.13592,0.0,0.63227149247865,450.23149676551003,-0.0,92.88638857571499,0.0,357.34510818979504,357.34510818979504,0.0,0.0
2972,2019-05-04 20:00:00,5,2019-05-04 21:00:00,0.13592,0.13592,0.13592,0.0,0.29572660633475517,424.08601895536043,-0.0,67.82054334839243,0.0,356.265475606968,356.265475606968,0.0,0.0
2973,2019-05-04 21:00:00,5,2019-05-04 22:00:00,0.10531,0.10531,0.10531,0.0,0.05,356.73965245638294,-0.0,0.0,0.0,356.73965245638294,356.73965245638294,0.0,1.0
2974,2019-05-04 22:00:00,5,2019-05-04 23:00:00,0.10531,0.10531,0.10531,0.0,0.05,288.74980031629286,-0.0,0.0,0.0,288.74980031629286,288.74980031629286,0.0,1.0
2975,2019-05-04 23:00:00,5,2019-05-05 00:00:00,0.10531,0.10531,0.10531,0.0,0.05,226.67555325048673,-0.0,0.0,0.0,226.67555325048673,226.67555325048673,0.0,1.0
2976,2019-05-05 00:00:00,5,2019-05-05 01:00:00,0.10531,0.10531,0.10531,0.0,0.05,217.5604443024496,-0.0,0.0,0.0,217.5604443024496,217.5604443024496,0.0,1.0
2977,2019-05-05 01:00:00,5,2019-05-05 02:00:00,0.10531,0.10531,0.10531,0.0,0.05,186.16054496754788,-0.0,0.0,0.0,186.16054496754788,186.16054496754788,0.0,0.0
2978,2019-05-05 02:00:00,5,2019-05-05 03:00:00,0.10531,0.10531,0.10531,0.0,0.05,210.39950304953027,-0.0,0.0,0.0,210.39950304953027,210.39950304953027,0.0,0.0
2979,2019-05-05 03:00:00,5,2019-05-05 04:00:00,0.10531,0.10531,0.10531,0.0,0.05,203.7816841984839,-0.0,0.0,0.0,203.7816841984839,203.7816841984839,0.0,1.0
2980,2019-05-05 04:00:00,5,2019-05-05 05:00:00,0.10531,0.10531,0.10531,0.0,0.05,234.68968468373362,-71.67380888679297,0.0,0.0,306.3634935705266,306.3634935705266,0.0,1.0
2981,2019-05-05 05:00:00,5,2019-05-05 06:00:00,0.10531,0.10531,0.10531,0.0,0.2697996805861651,331.835333476516,-0.0,0.0,0.0,331.835333476516,331.835333476516,0.0,0.0
2982,2019-05-05 06:00:00,5,2019-05-05 07:00:00,0.10531,0.10531,0.10531,0.0,0.2697996805861651,407.3935992204602,-0.0,50.04849103066516,0.0,357.34510818979504,357.34510818979504,0.0,0.0
2983,2019-05-05 07:00:00,5,2019-05-05 08:00:00,0.10531,0.10531,0.10531,0.0,0.08846456815621892,367.96132900091146,-0.0,10.61622081111642,0.0,357.34510818979504,357.34510818979504,0.0,0.0
2984,2019-05-05 08:00:00,5,2019-05-05 09:00:00,0.10531,0.10531,0.10531,0.0,0.05,339.3602132228305,-0.0,0.0,0.0,339.3602132228305,339.3602132228305,0.0,0.0
2985,2019-05-05 09:00:00,5,2019-05-05 10:00:00,0.06431,0.06431,0.06431,0.0,0.05,290.20493954650465,-67.1401686432904,0.0,0.0,357.34510818979504,357.34510818979504,0.0,1.0
2986,2019-05-05 10:00:00,5,2019-05-05 11:00:00,0.06431,0.06431,0.06431,0.0,0.2558965171727572,291.10277267241634,-66.2423355173787,0.0,0.0,357.34510818979504,357.34510818979504,0.0,1.0
2987,2019-05-05 11:00:00,5,2019-05-05 12:00:00,0.06431,0.06431,0.06431,0.0,0.4590396794260519,290.42191882219305,-66.92318936760199,0.0,0.0,357.34510818979504,357.34510818979504,0.0,1.0
2988,2019-05-05 12:00:00,5,2019-05-05 13:00:00,0.06431,0.06431,0.06431,0.0,0.664270793486698,280.36373687242,-31.81806955657896,0.0,0.0,312.181806428999,312.181806428999,0.0,1.0
2989,2019-05-05 13:00:00,5,2019-05-05 14:00:00,0.06431,0.06431,0.06431,0.0,0.7618462067935402,279.6862625789929,-77.65884561080213,0.0,0.0,357.34510818979504,357.34510818979504,0.0,1.0
2990,2019-05-05 14:00:00,5,2019-05-05 15:00:00,0.10531,0.10531,0.10531,0.0,1.0,279.1304907106984,-0.0,0.0,0.0,279.1304907106984,279.1304907106984,0.0,1.0
2991,2019-05-05 15:00:00,5,2019-05-05 16:00:00,0.10531,0.10531,0.10531,0.0,1.0,308.0646949346441,-0.0,0.0,0.0,308.0646949346441,308.0646949346441,0.0,1.0
2992,2019-05-05 16:00:00,5,2019-05-05 17:00:00,0.13592,0.13592,0.13592,0.0,1.0,343.90326222279737,-0.0,0.0,0.0,343.90326222279737,343.90326222279737,0.0,1.0
2993,2019-05-05 17:00:00,5,2019-05-05 18:00:00,0.13592,0.13592,0.13592,0.0,1.0,398.30333002296976,-0.0,43.55873601495013,0.0,354.74459400801965,354.74459400801965,0.0,0.0
2994,2019-05-05 18:00:00,5,2019-05-05 19:00:00,0.13592,0.13592,0.13592,0.0,0.8421784926994561,417.62671198746136,-0.0,60.28160379766632,0.0,357.34510818979504,357.34510818979504,0.0,0.0
2995,2019-05-05 19:00:00,5,2019-05-05 20:00:00,0.13592,0.13592,0.13592,0.0,0.6237668847368969,449.0944901810477,-0.0,91.74938199125268,0.0,357.34510818979504,357.34510818979504,0.0,0.0
2996,2019-05-05 20:00:00,5,2019-05-05 21:00:00,0.13592,0.13592,0.13592,0.0,0.29134158766714086,423.9553863859259,-0.0,66.61027819613088,0.0,357.34510818979504,357.34510818979504,0.0,0.0
2997,2019-05-05 21:00:00,5,2019-05-05 22:00:00,0.10531,0.10531,0.10531,0.0,0.05,356.95430962340714,-0.0,0.0,0.0,356.95430962340714,356.95430962340714,0.0,1.0
2998,2019-05-05 22:00:00,5,2019-05-05 23:00:00,0.10531,0.10531,0.10531,0.0,0.05,288.61916837677785,-0.0,0.0,0.0,288.61916837677785,288.61916837677785,0.0,1.0
2999,2019-05-05 23:00:00,5,2019-05-06 00:00:00,0.10531,0.10531,0.10531,0.0,0.05,207.27405120456584,-0.0,0.0,0.0,207.27405120456584,207.27405120456584,0.0,1.0
3000,2019-05-06 00:00:00,5,2019-05-06 01:00:00,0.10531,0.10531,0.10531,0.0,0.05,210.33202765691343,-0.0,0.0,0.0,210.33202765691343,210.33202765691343,0.0,1.0
3001,2019-05-06 01:00:00,5,2019-05-06 02:00:00,0.10531,0.10531,0.10531,0.0,0.05,203.2128484067972,-0.0,0.0,0.0,203.2128484067972,203.2128484067972,0.0,1.0
3002,2019-05-06 02:00:00,5,2019-05-06 03:00:00,0.10531,0.10531,0.10531,0.0,0.05,201.7168055590337,-0.0,0.0,0.0,201.7168055590337,201.7168055590337,0.0,1.0
3003,2019-05-06 03:00:00,5,2019-05-06 04:00:00,0.10531,0.10531,0.10531,0.0,0.05,194.89991554912766,-61.94581710930901,0.0,0.0,256.84573265843665,256.84573265843665,0.0,1.0
3004,2019-05-06 04:00:00,5,2019-05-06 05:00:00,0.10531,0.10531,0.10531,0.0,0.23996717246854768,204.82995393879216,-0.0,0.0,0.0,204.82995393879216,204.82995393879216,0.0,1.0
3005,2019-05-06 05:00:00,5,2019-05-06 06:00:00,0.10531,0.10531,0.10531,0.0,0.23996717246854768,299.41141861620355,-0.0,0.0,0.0,299.41141861620355,299.41141861620355,0.0,1.0
3006,2019-05-06 06:00:00,5,2019-05-06 07:00:00,0.10531,0.10531,0.10531,0.0,0.23996717246854768,364.76367994551686,-0.0,7.418571755721814,0.0,357.34510818979504,357.34510818979504,0.0,0.0
3007,2019-05-06 07:00:00,5,2019-05-06 08:00:00,0.10531,0.10531,0.10531,0.0,0.21308828929564252,402.3574760353924,-0.0,45.01236784559734,0.0,357.34510818979504,357.34510818979504,0.0,0.0
3008,2019-05-06 08:00:00,5,2019-05-06 09:00:00,0.10531,0.10531,0.10531,0.0,0.05,355.0565919323773,-0.0,0.0,0.0,355.0565919323773,355.0565919323773,0.0,1.0
3009,2019-05-06 09:00:00,5,2019-05-06 10:00:00,0.06431,0.06431,0.06431,0.0,0.05,301.6345265591728,-55.710581630622244,0.0,0.0,357.34510818979504,357.34510818979504,0.0,1.0
3010,2019-05-06 10:00:00,5,2019-05-06 11:00:00,0.06431,0.06431,0.06431,0.0,0.22084578366724153,293.8368408950372,-63.50826729475784,0.0,0.0,357.34510818979504,357.34510818979504,0.0,1.0
3011,2019-05-06 11:00:00,5,2019-05-06 12:00:00,0.06431,0.06431,0.06431,0.0,0.41560447003783224,293.79529987257916,-42.87252382425934,0.0,0.0,336.66782369683847,336.66782369683847,0.0,1.0
3012,2019-05-06 12:00:00,5,2019-05-06 13:00:00,0.06431,0.06431,0.06431,0.0,0.5470802097655609,283.3830061962229,-73.96210199357216,0.0,0.0,357.34510818979504,357.34510818979504,0.0,1.0
3013,2019-05-06 13:00:00,5,2019-05-06 14:00:00,0.06431,0.06431,0.06431,0.0,0.7738973225458489,283.61597423735446,-73.72913395244058,0.0,0.0,357.34510818979504,357.34510818979504,0.0,1.0
3014,2019-05-06 14:00:00,5,2019-05-06 15:00:00,0.10531,0.10531,0.10531,0.0,1.0,283.68757561238,-0.0,0.0,0.0,283.68757561238,283.68757561238,0.0,1.0
3015,2019-05-06 15:00:00,5,2019-05-06 16:00:00,0.10531,0.10531,0.10531,0.0,1.0,314.0136603906887,-0.0,0.0,0.0,314.0136603906887,314.0136603906887,0.0,1.0
3016,2019-05-06 16:00:00,5,2019-05-06 17:00:00,0.13592,0.13592,0.13592,0.0,1.0,342.22825163481383,-0.0,0.0,0.0,342.22825163481383,342.22825163481383,0.0,1.0
3017,2019-05-06 17:00:00,5,2019-05-06 18:00:00,0.13592,0.13592,0.13592,0.0,1.0,409.6998157127035,-0.0,52.354707522908484,0.0,357.34510818979504,357.34510818979504,0.0,0.0
3018,2019-05-06 18:00:00,5,2019-05-06 19:00:00,0.13592,0.13592,0.13592,0.0,0.8103090307140997,414.91524701662996,-0.0,57.57013882683492,0.0,357.34510818979504,357.34510818979504,0.0,0.0
3019,2019-05-06 19:00:00,5,2019-05-06 20:00:00,0.13592,0.13592,0.13592,0.0,0.6017215711965819,429.9330601080213,-0.0,77.13662261628959,0.0,352.79643749173175,352.79643749173175,0.0,0.0
3020,2019-05-06 20:00:00,5,2019-05-06 21:00:00,0.13592,0.13592,0.13592,0.0,0.322241054470895,421.8149539323971,-0.0,64.46984574260205,0.0,357.34510818979504,357.34510818979504,0.0,0.0
3021,2019-05-06 21:00:00,5,2019-05-06 22:00:00,0.10531,0.10531,0.10531,0.0,0.08865465685277162,368.01379348116,-0.0,10.668685291364966,0.0,357.34510818979504,357.34510818979504,0.0,0.0
3022,2019-05-06 22:00:00,5,2019-05-06 23:00:00,0.10531,0.10531,0.10531,0.0,0.05,291.1112769194956,-66.23383127029945,0.0,0.0,357.34510818979504,357.34510818979504,0.0,1.0
3023,2019-05-06 23:00:00,5,2019-05-07 00:00:00,0.10531,0.10531,0.10531,0.0,0.2531170825622516,208.56419600696753,-3.9040804309190236,0.0,0.0,212.46827643788654,212.46827643788654,0.0,1.0
3024,2019-05-07 00:00:00,5,2019-05-07 01:00:00,0.10531,0.10531,0.10531,0.0,0.26508959588373665,210.8620777295485,-0.0,0.0,0.0,210.8620777295485,210.8620777295485,0.0,1.0
3025,2019-05-07 01:00:00,5,2019-05-07 02:00:00,0.10531,0.10531,0.10531,0.0,0.26508959588373665,170.31277875461504,-0.0,0.0,0.0,170.31277875461504,170.31277875461504,0.0,0.0
3026,2019-05-07 02:00:00,5,2019-05-07 03:00:00,0.10531,0.10531,0.10531,0.0,0.26508959588373665,196.65001311230927,-0.0,0.0,0.0,196.65001311230927,196.65001311230927,0.0,1.0
3027,2019-05-07 03:00:00,5,2019-05-07 04:00:00,0.10531,0.10531,0.10531,0.0,0.26508959588373665,211.58448728028935,-0.0,0.0,0.0,211.58448728028935,211.58448728028935,0.0,1.0
3028,2019-05-07 04:00:00,5,2019-05-07 05:00:00,0.10531,0.10531,0.10531,0.0,0.26508959588373665,187.69325935103913,-0.0,0.0,0.0,187.69325935103913,187.69325935103913,0.0,1.0
3029,2019-05-07 05:00:00,5,2019-05-07 06:00:00,0.10531,0.10531,0.10531,0.0,0.26508959588373665,304.66400753374734,-0.0,0.0,0.0,304.66400753374734,304.66400753374734,0.0,0.0
3030,2019-05-07 06:00:00,5,2019-05-07 07:00:00,0.10531,0.10531,0.10531,0.0,0.26508959588373665,371.80649055415046,-0.0,14.461382364355416,0.0,357.34510818979504,357.34510818979504,0.0,0.0
3031,2019-05-07 07:00:00,5,2019-05-07 08:00:00,0.10531,0.10531,0.10531,0.0,0.21269328296940543,402.24845428935095,-0.0,44.903346099555904,0.0,357.34510818979504,357.34510818979504,0.0,0.0
3032,2019-05-07 08:00:00,5,2019-05-07 09:00:00,0.10531,0.10531,0.10531,0.0,0.05,345.81083392699475,-0.0,0.0,0.0,345.81083392699475,345.81083392699475,0.0,0.0
3033,2019-05-07 09:00:00,5,2019-05-07 10:00:00,0.06431,0.06431,0.06431,0.0,0.05,301.5236629688324,-55.82144522096263,0.0,0.0,357.34510818979504,357.34510818979504,0.0,1.0
3034,2019-05-07 10:00:00,5,2019-05-07 11:00:00,0.06431,0.06431,0.06431,0.0,0.2211857653442854,299.38862068191315,-57.95648750788189,0.0,0.0,357.34510818979504,357.34510818979504,0.0,1.0
3035,2019-05-07 11:00:00,5,2019-05-07 12:00:00,0.06431,0.06431,0.06431,0.0,0.39891899370178985,299.45340596105177,-57.89170222874327,0.0,0.0,357.34510818979504,357.34510818979504,0.0,1.0
3036,2019-05-07 12:00:00,5,2019-05-07 13:00:00,0.06431,0.06431,0.06431,0.0,0.5764535472032692,280.26453798084,-77.08057020895507,0.0,0.0,357.34510818979504,357.34510818979504,0.0,1.0
3037,2019-05-07 13:00:00,5,2019-05-07 14:00:00,0.06431,0.06431,0.06431,0.0,0.8128339625107315,280.0430090525503,-61.0324035291093,0.0,0.0,341.07541258165963,341.07541258165963,0.0,1.0
3038,2019-05-07 14:00:00,5,2019-05-07 15:00:00,0.10531,0.10531,0.10531,0.0,1.0,279.5856793950916,-0.0,0.0,0.0,279.5856793950916,279.5856793950916,0.0,1.0
3039,2019-05-07 15:00:00,5,2019-05-07 16:00:00,0.10531,0.10531,0.10531,0.0,1.0,309.7258099393847,-0.0,0.0,0.0,309.7258099393847,309.7258099393847,0.0,1.0
3040,2019-05-07 16:00:00,5,2019-05-07 17:00:00,0.13592,0.13592,0.13592,0.0,1.0,338.2182185441165,-0.0,0.0,0.0,338.2182185441165,338.2182185441165,0.0,1.0
3041,2019-05-07 17:00:00,5,2019-05-07 18:00:00,0.13592,0.13592,0.13592,0.0,1.0,400.6236697349856,-0.0,43.27856154519054,0.0,357.34510818979504,357.34510818979504,0.0,0.0
3042,2019-05-07 18:00:00,5,2019-05-07 19:00:00,0.13592,0.13592,0.13592,0.0,0.8431936175898894,415.31258991973795,-0.0,78.61031627635735,0.0,336.7022736433806,336.7022736433806,0.0,0.0
3043,2019-05-07 19:00:00,5,2019-05-07 20:00:00,0.13592,0.13592,0.13592,0.0,0.5583736310813483,441.88384516008483,-0.0,84.53873697028979,0.0,357.34510818979504,357.34510818979504,0.0,0.0
3044,2019-05-07 20:00:00,5,2019-05-07 21:00:00,0.13592,0.13592,0.13592,0.0,0.25207385944986355,412.6200153012653,-0.0,55.27490711147027,0.0,357.34510818979504,357.34510818979504,0.0,0.0
3045,2019-05-07 21:00:00,5,2019-05-07 22:00:00,0.10531,0.10531,0.10531,0.0,0.051802456872072744,357.8425862864871,-0.0,0.49747809669207754,0.0,357.34510818979504,357.34510818979504,0.0,0.0
3046,2019-05-07 22:00:00,5,2019-05-07 23:00:00,0.10531,0.10531,0.10531,0.0,0.05,293.2948742512945,-0.0,0.0,0.0,293.2948742512945,293.2948742512945,0.0,0.0
3047,2019-05-07 23:00:00,5,2019-05-08 00:00:00,0.10531,0.10531,0.10531,0.0,0.05,223.54304204653468,-0.0,0.0,0.0,223.54304204653468,223.54304204653468,0.0,1.0
3048,2019-05-08 00:00:00,5,2019-05-08 01:00:00,0.10531,0.10531,0.10531,0.0,0.05,195.80764580500676,-69.7658532071238,0.0,0.0,265.5734990121306,265.5734990121306,0.0,1.0
3049,2019-05-08 01:00:00,5,2019-05-08 02:00:00,0.10531,0.10531,0.10531,0.0,0.2639486165018463,191.58939118006433,-0.0,0.0,0.0,191.58939118006433,191.58939118006433,0.0,1.0
3050,2019-05-08 02:00:00,5,2019-05-08 03:00:00,0.10531,0.10531,0.10531,0.0,0.2639486165018463,197.2516135946006,-0.0,0.0,0.0,197.2516135946006,197.2516135946006,0.0,0.0
3051,2019-05-08 03:00:00,5,2019-05-08 04:00:00,0.10531,0.10531,0.10531,0.0,0.2639486165018463,198.59595835543038,-0.0,0.0,0.0,198.59595835543038,198.59595835543038,0.0,0.0
3052,2019-05-08 04:00:00,5,2019-05-08 05:00:00,0.10531,0.10531,0.10531,0.0,0.2639486165018463,212.9121664442398,-0.0,0.0,0.0,212.9121664442398,212.9121664442398,0.0,1.0
3053,2019-05-08 05:00:00,5,2019-05-08 06:00:00,0.10531,0.10531,0.10531,0.0,0.2639486165018463,329.8455259781411,-0.0,0.0,0.0,329.8455259781411,329.8455259781411,0.0,1.0
3054,2019-05-08 06:00:00,5,2019-05-08 07:00:00,0.10531,0.10531,0.10531,0.0,0.2639486165018463,407.8931051353297,-0.0,49.96722165813112,0.0,357.92588347719857,357.92588347719857,0.0,0.0
3055,2019-05-08 07:00:00,5,2019-05-08 08:00:00,0.10531,0.10531,0.10531,0.0,0.08290795832021185,367.00847997357704,-0.0,9.082596496378471,0.0,357.92588347719857,357.92588347719857,0.0,0.0
3056,2019-05-08 08:00:00,5,2019-05-08 09:00:00,0.10531,0.10531,0.10531,0.0,0.05,339.6600663140313,-0.0,0.0,0.0,339.6600663140313,339.6600663140313,0.0,0.0
3057,2019-05-08 09:00:00,5,2019-05-08 10:00:00,0.06431,0.06431,0.06431,0.0,0.05,290.5816145078627,-67.34426896933587,0.0,0.0,357.92588347719857,357.92588347719857,0.0,1.0
3058,2019-05-08 10:00:00,5,2019-05-08 11:00:00,0.06431,0.06431,0.06431,0.0,0.2565224248392967,292.0025166784891,-65.92336679870947,0.0,0.0,357.92588347719857,357.92588347719857,0.0,1.0
3059,2019-05-08 11:00:00,5,2019-05-08 12:00:00,0.06431,0.06431,0.06431,0.0,0.45868741635533905,291.1949851760521,-22.293717041092233,0.0,0.0,313.48870221714435,313.48870221714435,0.0,1.0
3060,2019-05-08 12:00:00,5,2019-05-08 13:00:00,0.06431,0.06431,0.06431,0.0,0.5270548152813552,281.1815103655431,-76.74437311165548,0.0,0.0,357.92588347719857,357.92588347719857,0.0,1.0
3061,2019-05-08 13:00:00,5,2019-05-08 14:00:00,0.06431,0.06431,0.06431,0.0,0.7624042261570987,280.44900070233945,-77.47688277485912,0.0,0.0,357.92588347719857,357.92588347719857,0.0,1.0
3062,2019-05-08 14:00:00,5,2019-05-08 15:00:00,0.10531,0.10531,0.10531,0.0,1.0,279.68100219656645,-0.0,0.0,0.0,279.68100219656645,279.68100219656645,0.0,1.0
3063,2019-05-08 15:00:00,5,2019-05-08 16:00:00,0.10531,0.10531,0.10531,0.0,1.0,309.23012069981945,-0.0,0.0,0.0,309.23012069981945,309.23012069981945,0.0,1.0
3064,2019-05-08 16:00:00,5,2019-05-08 17:00:00,0.13592,0.13592,0.13592,0.0,1.0,345.08898688611214,-0.0,0.0,0.0,345.08898688611214,345.08898688611214,0.0,1.0
3065,2019-05-08 17:00:00,5,2019-05-08 18:00:00,0.13592,0.13592,0.13592,0.0,1.0,399.20313594380406,-0.0,41.27725246660551,0.0,357.92588347719857,357.92588347719857,0.0,0.0
3066,2019-05-08 18:00:00,5,2019-05-08 19:00:00,0.13592,0.13592,0.13592,0.0,0.8504447374398351,419.0768817729837,-0.0,61.150998295785136,0.0,357.92588347719857,357.92588347719857,0.0,0.0
3067,2019-05-08 19:00:00,5,2019-05-08 20:00:00,0.13592,0.13592,0.13592,0.0,0.6288831494116282,450.6462768546836,-0.0,92.72039337748504,0.0,357.92588347719857,357.92588347719857,0.0,0.0
3068,2019-05-08 20:00:00,5,2019-05-08 21:00:00,0.13592,0.13592,0.13592,0.0,0.292939695145378,424.9772393373229,-0.0,67.05135586012432,0.0,357.92588347719857,357.92588347719857,0.0,0.0
3069,2019-05-08 21:00:00,5,2019-05-08 22:00:00,0.10531,0.10531,0.10531,0.0,0.05,357.29230996193735,-0.633573515261233,0.0,0.0,357.92588347719857,357.92588347719857,0.0,1.0
3070,2019-05-08 22:00:00,5,2019-05-08 23:00:00,0.10531,0.10531,0.10531,0.0,0.05194295878013445,289.5908629180292,-68.33502055916938,0.0,0.0,357.92588347719857,357.92588347719857,0.0,1.0
3071,2019-05-08 23:00:00,5,2019-05-09 00:00:00,0.10531,0.10531,0.10531,0.0,0.26150368849492056,219.70071549449744,-3.6036357631797102,0.0,0.0,223.30435125767715,223.30435125767715,0.0,1.0
3072,2019-05-09 00:00:00,5,2019-05-09 01:00:00,0.10531,0.10531,0.10531,0.0,0.27255483816867165,212.75307890490663,-0.0,0.0,0.0,212.75307890490663,212.75307890490663,0.0,1.0
3073,2019-05-09 01:00:00,5,2019-05-09 02:00:00,0.10531,0.10531,0.10531,0.0,0.27255483816867165,185.16216694895658,-0.0,0.0,0.0,185.16216694895658,185.16216694895658,0.0,0.0
3074,2019-05-09 02:00:00,5,2019-05-09 03:00:00,0.10531,0.10531,0.10531,0.0,0.27255483816867165,185.1446880107438,-0.0,0.0,0.0,185.1446880107438,185.1446880107438,0.0,1.0
3075,2019-05-09 03:00:00,5,2019-05-09 04:00:00,0.10531,0.10531,0.10531,0.0,0.27255483816867165,199.94741819977853,-0.0,0.0,0.0,199.94741819977853,199.94741819977853,0.0,0.0
3076,2019-05-09 04:00:00,5,2019-05-09 05:00:00,0.10531,0.10531,0.10531,0.0,0.27255483816867165,237.3461028787822,-0.0,0.0,0.0,237.3461028787822,237.3461028787822,0.0,1.0
3077,2019-05-09 05:00:00,5,2019-05-09 06:00:00,0.10531,0.10531,0.10531,0.0,0.27255483816867165,329.67604945374796,-0.0,0.0,0.0,329.67604945374796,329.67604945374796,0.0,0.0
3078,2019-05-09 06:00:00,5,2019-05-09 07:00:00,0.10531,0.10531,0.10531,0.0,0.27255483816867165,408.7393978854295,-0.0,50.81351440823096,0.0,357.92588347719857,357.92588347719857,0.0,0.0
3079,2019-05-09 07:00:00,5,2019-05-09 08:00:00,0.10531,0.10531,0.10531,0.0,0.08844790190696528,368.537504403521,-0.0,10.611620926322416,0.0,357.92588347719857,357.92588347719857,0.0,0.0
3080,2019-05-09 08:00:00,5,2019-05-09 09:00:00,0.10531,0.10531,0.10531,0.0,0.05,339.6875787769176,-0.0,0.0,0.0,339.6875787769176,339.6875787769176,0.0,1.0
3081,2019-05-09 09:00:00,5,2019-05-09 10:00:00,0.06431,0.06431,0.06431,0.0,0.05,290.96576110899883,-66.96012236819973,0.0,0.0,357.92588347719857,357.92588347719857,0.0,1.0
3082,2019-05-09 10:00:00,5,2019-05-09 11:00:00,0.06431,0.06431,0.06431,0.0,0.25534437526247916,292.3467097011386,-65.57917377605997,0.0,0.0,357.92588347719857,357.92588347719857,0.0,1.0
3083,2019-05-09 11:00:00,5,2019-05-09 12:00:00,0.06431,0.06431,0.06431,0.0,0.45645384150906315,291.5751681874175,-23.298181657878374,0.0,0.0,314.8733498452959,314.8733498452959,0.0,1.0
3084,2019-05-09 12:00:00,5,2019-05-09 13:00:00,0.06431,0.06431,0.06431,0.0,0.5279015985932235,281.60685843862996,-76.31902503856861,0.0,0.0,357.92588347719857,357.92588347719857,0.0,1.0
3085,2019-05-09 13:00:00,5,2019-05-09 14:00:00,0.06431,0.06431,0.06431,0.0,0.7619466087115007,280.29977762225315,-77.62610585494542,0.0,0.0,357.92588347719857,357.92588347719857,0.0,1.0
3086,2019-05-09 14:00:00,5,2019-05-09 15:00:00,0.10531,0.10531,0.10531,0.0,1.0,279.45584532496497,-0.0,0.0,0.0,279.45584532496497,279.45584532496497,0.0,1.0
3087,2019-05-09 15:00:00,5,2019-05-09 16:00:00,0.10531,0.10531,0.10531,0.0,1.0,308.94480179537896,-0.0,0.0,0.0,308.94480179537896,308.94480179537896,0.0,1.0
3088,2019-05-09 16:00:00,5,2019-05-09 17:00:00,0.13592,0.13592,0.13592,0.0,1.0,344.76809058196073,-0.0,0.0,0.0,344.76809058196073,344.76809058196073,0.0,1.0
3089,2019-05-09 17:00:00,5,2019-05-09 18:00:00,0.13592,0.13592,0.13592,0.0,1.0,398.48669991602856,-0.0,40.56081643882999,0.0,357.92588347719857,357.92588347719857,0.0,0.0
3090,2019-05-09 18:00:00,5,2019-05-09 19:00:00,0.13592,0.13592,0.13592,0.0,0.8530405201491668,418.16405669040466,-0.0,60.238173213206096,0.0,357.92588347719857,357.92588347719857,0.0,0.0
3091,2019-05-09 19:00:00,5,2019-05-09 20:00:00,0.13592,0.13592,0.13592,0.0,0.6347862693766808,450.08758541719016,-0.0,96.17730832539371,0.0,353.91027709179644,353.91027709179644,0.0,0.0
3092,2019-05-09 20:00:00,5,2019-05-09 21:00:00,0.13592,0.13592,0.13592,0.0,0.28631776095134126,423.14958549976876,-0.0,65.2237020225702,0.0,357.92588347719857,357.92588347719857,0.0,0.0
3093,2019-05-09 21:00:00,5,2019-05-09 22:00:00,0.10531,0.10531,0.10531,0.0,0.05,355.2502557009456,-0.0,0.0,0.0,355.2502557009456,355.2502557009456,0.0,1.0
3094,2019-05-09 22:00:00,5,2019-05-09 23:00:00,0.10531,0.10531,0.10531,0.0,0.05,290.77154790944536,-0.0,0.0,0.0,290.77154790944536,290.77154790944536,0.0,1.0
3095,2019-05-09 23:00:00,5,2019-05-10 00:00:00,0.10531,0.10531,0.10531,0.0,0.05,200.5439654508156,-0.0,0.0,0.0,200.5439654508156,200.5439654508156,0.0,1.0
3096,2019-05-10 00:00:00,5,2019-05-10 01:00:00,0.10531,0.10531,0.10531,0.0,0.05,187.5464207997671,-67.14705044063317,0.0,0.0,254.69347124040027,254.69347124040027,0.0,1.0
3097,2019-05-10 01:00:00,5,2019-05-10 02:00:00,0.10531,0.10531,0.10531,0.0,0.25591762135127505,186.20763640524382,-0.0,0.0,0.0,186.20763640524382,186.20763640524382,0.0,0.0
3098,2019-05-10 02:00:00,5,2019-05-10 03:00:00,0.10531,0.10531,0.10531,0.0,0.25591762135127505,192.75706475868046,-0.0,0.0,0.0,192.75706475868046,192.75706475868046,0.0,0.0
3099,2019-05-10 03:00:00,5,2019-05-10 04:00:00,0.10531,0.10531,0.10531,0.0,0.25591762135127505,194.721274859611,-0.0,0.0,0.0,194.721274859611,194.721274859611,0.0,1.0
3100,2019-05-10 04:00:00,5,2019-05-10 05:00:00,0.10531,0.10531,0.10531,0.0,0.25591762135127505,210.7971800113263,-0.0,0.0,0.0,210.7971800113263,210.7971800113263,0.0,1.0
3101,2019-05-10 05:00:00,5,2019-05-10 06:00:00,0.10531,0.10531,0.10531,0.0,0.25591762135127505,330.5007260152419,-0.0,0.0,0.0,330.5007260152419,330.5007260152419,0.0,1.0
3102,2019-05-10 06:00:00,5,2019-05-10 07:00:00,0.10531,0.10531,0.10531,0.0,0.25591762135127505,407.3837647825357,-0.0,49.45788130533714,0.0,357.92588347719857,357.92588347719857,0.0,0.0
3103,2019-05-10 07:00:00,5,2019-05-10 08:00:00,0.10531,0.10531,0.10531,0.0,0.07672239923048832,365.30126566481334,-0.0,7.375382187614775,0.0,357.92588347719857,357.92588347719857,0.0,0.0
3104,2019-05-10 08:00:00,5,2019-05-10 09:00:00,0.10531,0.10531,0.10531,0.0,0.05,337.89038781986494,-0.0,0.0,0.0,337.89038781986494,337.89038781986494,0.0,0.0
3105,2019-05-10 09:00:00,5,2019-05-10 10:00:00,0.06431,0.06431,0.06431,0.0,0.05,289.16170375796884,-68.76417971922973,0.0,0.0,357.92588347719857,357.92588347719857,0.0,1.0
3106,2019-05-10 10:00:00,5,2019-05-10 11:00:00,0.06431,0.06431,0.06431,0.0,0.2608768178056378,290.8594809368157,-19.65038516634492,0.0,0.0,310.5098661031606,310.5098661031606,0.0,1.0
3107,2019-05-10 11:00:00,5,2019-05-10 12:00:00,0.06431,0.06431,0.06431,0.0,0.32113799898242895,290.5019460488897,-67.42393742830888,0.0,0.0,357.92588347719857,357.92588347719857,0.0,1.0
3108,2019-05-10 12:00:00,5,2019-05-10 13:00:00,0.06431,0.06431,0.06431,0.0,0.5279047404292428,281.0193317040767,-76.90655177312186,0.0,0.0,357.92588347719857,357.92588347719857,0.0,1.0
3109,2019-05-10 13:00:00,5,2019-05-10 14:00:00,0.06431,0.06431,0.06431,0.0,0.7637514992001498,280.88832886855175,-77.03755460864679,0.0,0.0,357.92588347719857,357.92588347719857,0.0,1.0
3110,2019-05-10 14:00:00,5,2019-05-10 15:00:00,0.10531,0.10531,0.10531,0.0,1.0,280.1834109613039,-0.0,0.0,0.0,280.1834109613039,280.1834109613039,0.0,1.0
3111,2019-05-10 15:00:00,5,2019-05-10 16:00:00,0.10531,0.10531,0.10531,0.0,1.0,310.1110962694297,-0.0,0.0,0.0,310.1110962694297,310.1110962694297,0.0,1.0
3112,2019-05-10 16:00:00,5,2019-05-10 17:00:00,0.13592,0.13592,0.13592,0.0,1.0,346.0460847872447,-0.0,0.0,0.0,346.0460847872447,346.0460847872447,0.0,1.0
3113,2019-05-10 17:00:00,5,2019-05-10 18:00:00,0.13592,0.13592,0.13592,0.0,1.0,399.73569955526847,-0.0,42.52826087363698,0.0,357.2074386816315,357.2074386816315,0.0,0.0
3114,2019-05-10 18:00:00,5,2019-05-10 19:00:00,0.13592,0.13592,0.13592,0.0,0.845912098283924,419.046361329043,-0.0,61.12047785184444,0.0,357.92588347719857,357.92588347719857,0.0,0.0
3115,2019-05-10 19:00:00,5,2019-05-10 20:00:00,0.13592,0.13592,0.13592,0.0,0.6244610915743427,450.35520529865846,-0.0,92.4293218214599,0.0,357.92588347719857,357.92588347719857,0.0,0.0
3116,2019-05-10 20:00:00,5,2019-05-10 21:00:00,0.13592,0.13592,0.13592,0.0,0.28957224439514023,424.04782293025727,-0.0,66.1219394530587,0.0,357.92588347719857,357.92588347719857,0.0,0.0
3117,2019-05-10 21:00:00,5,2019-05-10 22:00:00,0.10531,0.10531,0.10531,0.0,0.05,356.43956064020034,-1.4863228369982266,0.0,0.0,357.92588347719857,357.92588347719857,0.0,1.0
3118,2019-05-10 22:00:00,5,2019-05-10 23:00:00,0.10531,0.10531,0.10531,0.0,0.0545580567001279,288.18715663692046,-0.0,0.0,0.0,288.18715663692046,288.18715663692046,0.0,0.0
3119,2019-05-10 23:00:00,5,2019-05-11 00:00:00,0.10531,0.10531,0.10531,0.0,0.0545580567001279,214.0781894105103,-65.23979873338047,0.0,0.0,279.3179881438908,279.3179881438908,0.0,1.0
3120,2019-05-11 00:00:00,5,2019-05-11 01:00:00,0.10531,0.10531,0.10531,0.0,0.254626772815828,200.01503114108922,-0.0,0.0,0.0,200.01503114108922,200.01503114108922,0.0,1.0
3121,2019-05-11 01:00:00,5,2019-05-11 02:00:00,0.10531,0.10531,0.10531,0.0,0.254626772815828,200.99208852061153,-0.0,0.0,0.0,200.99208852061153,200.99208852061153,0.0,1.0
3122,2019-05-11 02:00:00,5,2019-05-11 03:00:00,0.10531,0.10531,0.10531,0.0,0.254626772815828,200.57305831025377,-0.0,0.0,0.0,200.57305831025377,200.57305831025377,0.0,0.0
3123,2019-05-11 03:00:00,5,2019-05-11 04:00:00,0.10531,0.10531,0.10531,0.0,0.254626772815828,185.65302656936893,-0.0,0.0,0.0,185.65302656936893,185.65302656936893,0.0,0.0
3124,2019-05-11 04:00:00,5,2019-05-11 05:00:00,0.10531,0.10531,0.10531,0.0,0.254626772815828,218.5132682990433,-0.0,0.0,0.0,218.5132682990433,218.5132682990433,0.0,1.0
3125,2019-05-11 05:00:00,5,2019-05-11 06:00:00,0.10531,0.10531,0.10531,0.0,0.254626772815828,338.2691151203528,-0.0,0.0,0.0,338.2691151203528,338.2691151203528,0.0,1.0
3126,2019-05-11 06:00:00,5,2019-05-11 07:00:00,0.10531,0.10531,0.10531,0.0,0.254626772815828,406.45546595238113,-0.0,48.52958247518258,0.0,357.92588347719857,357.92588347719857,0.0,0.0
3127,2019-05-11 07:00:00,5,2019-05-11 08:00:00,0.10531,0.10531,0.10531,0.0,0.07879495225357235,365.87329029918453,-0.0,7.947406821985965,0.0,357.92588347719857,357.92588347719857,0.0,0.0
3128,2019-05-11 08:00:00,5,2019-05-11 09:00:00,0.10531,0.10531,0.10531,0.0,0.05,339.3202255674603,-0.0,0.0,0.0,339.3202255674603,339.3202255674603,0.0,1.0
3129,2019-05-11 09:00:00,5,2019-05-11 10:00:00,0.06431,0.06431,0.06431,0.0,0.05,290.7728538250383,-67.15302965216028,0.0,0.0,357.92588347719857,357.92588347719857,0.0,1.0
3130,2019-05-11 10:00:00,5,2019-05-11 11:00:00,0.06431,0.06431,0.06431,0.0,0.25593595759995824,292.2293656935408,-22.353395401566228,0.0,0.0,314.582761095107,314.582761095107,0.0,1.0
3131,2019-05-11 11:00:00,5,2019-05-11 12:00:00,0.06431,0.06431,0.06431,0.0,0.32448637016476134,291.42239447393183,-66.50348900326672,0.0,0.0,357.92588347719857,357.92588347719857,0.0,1.0
3132,2019-05-11 12:00:00,5,2019-05-11 13:00:00,0.06431,0.06431,0.06431,0.0,0.5284304031081126,281.17898635261486,-76.74689712458371,0.0,0.0,357.92588347719857,357.92588347719857,0.0,1.0
3133,2019-05-11 13:00:00,5,2019-05-11 14:00:00,0.06431,0.06431,0.06431,0.0,0.7637875542901693,280.90008596312333,-77.02579751407524,0.0,0.0,357.92588347719857,357.92588347719857,0.0,1.0
3134,2019-05-11 14:00:00,5,2019-05-11 15:00:00,0.10531,0.10531,0.10531,0.0,1.0,280.123084273513,-0.0,0.0,0.0,280.123084273513,280.123084273513,0.0,1.0
3135,2019-05-11 15:00:00,5,2019-05-11 16:00:00,0.10531,0.10531,0.10531,0.0,1.0,309.6350514291358,-0.0,0.0,0.0,309.6350514291358,309.6350514291358,0.0,1.0
3136,2019-05-11 16:00:00,5,2019-05-11 17:00:00,0.13592,0.13592,0.13592,0.0,1.0,345.63055061483686,-0.0,0.0,0.0,345.63055061483686,345.63055061483686,0.0,1.0
3137,2019-05-11 17:00:00,5,2019-05-11 18:00:00,0.13592,0.13592,0.13592,0.0,1.0,399.3885567086019,-0.0,45.05024922795944,0.0,354.33830748064247,354.33830748064247,0.0,0.0
3138,2019-05-11 18:00:00,5,2019-05-11 19:00:00,0.13592,0.13592,0.13592,0.0,0.8367744593189875,418.38793363604316,-0.0,60.46205015884459,0.0,357.92588347719857,357.92588347719857,0.0,0.0
3139,2019-05-11 19:00:00,5,2019-05-11 20:00:00,0.13592,0.13592,0.13592,0.0,0.6177090601927391,449.4186484587419,-0.0,91.49276498154336,0.0,357.92588347719857,357.92588347719857,0.0,0.0
3140,2019-05-11 20:00:00,5,2019-05-11 21:00:00,0.13592,0.13592,0.13592,0.0,0.2862135348972922,423.1208191088512,-0.0,65.19493563165264,0.0,357.92588347719857,357.92588347719857,0.0,0.0
3141,2019-05-11 21:00:00,5,2019-05-11 22:00:00,0.10531,0.10531,0.10531,0.0,0.05,355.65752701310714,-2.2683564640914256,0.0,0.0,357.92588347719857,357.92588347719857,0.0,1.0
3142,2019-05-11 22:00:00,5,2019-05-11 23:00:00,0.10531,0.10531,0.10531,0.0,0.05695629315654704,287.6261714381805,-69.51163828126191,0.0,0.0,357.13780971944243,357.13780971944243,0.0,1.0
3143,2019-05-11 23:00:00,5,2019-05-12 00:00:00,0.10531,0.10531,0.10531,0.0,0.27012531721908356,214.15541606157564,-0.0,0.0,0.0,214.15541606157564,214.15541606157564,0.0,1.0
3144,2019-05-12 00:00:00,5,2019-05-12 01:00:00,0.10531,0.10531,0.10531,0.0,0.27012531721908356,199.6421732441949,-0.0,0.0,0.0,199.6421732441949,199.6421732441949,0.0,1.0
3145,2019-05-12 01:00:00,5,2019-05-12 02:00:00,0.10531,0.10531,0.10531,0.0,0.27012531721908356,197.3065991529956,-0.0,0.0,0.0,197.3065991529956,197.3065991529956,0.0,1.0
3146,2019-05-12 02:00:00,5,2019-05-12 03:00:00,0.10531,0.10531,0.10531,0.0,0.27012531721908356,196.93339096064014,-0.0,0.0,0.0,196.93339096064014,196.93339096064014,0.0,1.0
3147,2019-05-12 03:00:00,5,2019-05-12 04:00:00,0.10531,0.10531,0.10531,0.0,0.27012531721908356,181.62626570240207,-0.0,0.0,0.0,181.62626570240207,181.62626570240207,0.0,1.0
3148,2019-05-12 04:00:00,5,2019-05-12 05:00:00,0.10531,0.10531,0.10531,0.0,0.27012531721908356,214.75953648359214,-0.0,0.0,0.0,214.75953648359214,214.75953648359214,0.0,1.0
3149,2019-05-12 05:00:00,5,2019-05-12 06:00:00,0.10531,0.10531,0.10531,0.0,0.27012531721908356,339.4241147528565,-0.0,0.0,0.0,339.4241147528565,339.4241147528565,0.0,0.0
3150,2019-05-12 06:00:00,5,2019-05-12 07:00:00,0.10531,0.10531,0.10531,0.0,0.27012531721908356,407.8059823297902,-0.0,49.88009885259163,0.0,357.92588347719857,357.92588347719857,0.0,0.0
3151,2019-05-12 07:00:00,5,2019-05-12 08:00:00,0.10531,0.10531,0.10531,0.0,0.08940032137636024,368.800372177074,-0.0,10.874488699875428,0.0,357.92588347719857,357.92588347719857,0.0,0.0
3152,2019-05-12 08:00:00,5,2019-05-12 09:00:00,0.10531,0.10531,0.10531,0.0,0.05,340.16665943303076,-0.0,0.0,0.0,340.16665943303076,340.16665943303076,0.0,1.0
3153,2019-05-12 09:00:00,5,2019-05-12 10:00:00,0.06431,0.06431,0.06431,0.0,0.05,291.27328939739135,-25.27963152580375,0.0,0.0,316.5529209231951,316.5529209231951,0.0,1.0
3154,2019-05-12 10:00:00,5,2019-05-12 11:00:00,0.06431,0.06431,0.06431,0.0,0.12752420334579817,292.51495527970553,-65.41092819749304,0.0,0.0,357.92588347719857,357.92588347719857,0.0,1.0
3155,2019-05-12 11:00:00,5,2019-05-12 12:00:00,0.06431,0.06431,0.06431,0.0,0.32811771648477683,291.81183881992223,-66.11404465727634,0.0,0.0,357.92588347719857,357.92588347719857,0.0,1.0
3156,2019-05-12 12:00:00,5,2019-05-12 13:00:00,0.06431,0.06431,0.06431,0.0,0.5308674534337576,281.71087424200726,-76.2150092351913,0.0,0.0,357.92588347719857,357.92588347719857,0.0,1.0
3157,2019-05-12 13:00:00,5,2019-05-12 14:00:00,0.06431,0.06431,0.06431,0.0,0.764593481755011,281.16288839731084,-76.76299507988773,0.0,0.0,357.92588347719857,357.92588347719857,0.0,1.0
3158,2019-05-12 14:00:00,5,2019-05-12 15:00:00,0.10531,0.10531,0.10531,0.0,1.0,280.0954017012147,-0.0,0.0,0.0,280.0954017012147,280.0954017012147,0.0,1.0
3159,2019-05-12 15:00:00,5,2019-05-12 16:00:00,0.10531,0.10531,0.10531,0.0,1.0,309.24137476159916,-0.0,0.0,0.0,309.24137476159916,309.24137476159916,0.0,1.0
3160,2019-05-12 16:00:00,5,2019-05-12 17:00:00,0.13592,0.13592,0.13592,0.0,1.0,345.3077149046123,-0.0,0.0,0.0,345.3077149046123,345.3077149046123,0.0,1.0
3161,2019-05-12 17:00:00,5,2019-05-12 18:00:00,0.13592,0.13592,0.13592,0.0,1.0,398.98896462636264,-0.0,41.06308114916408,0.0,357.92588347719857,357.92588347719857,0.0,0.0
3162,2019-05-12 18:00:00,5,2019-05-12 19:00:00,0.13592,0.13592,0.13592,0.0,0.8512207204740433,414.48791330220496,-0.0,63.93087842552472,0.0,350.55703487668023,350.55703487668023,0.0,0.0
3163,2019-05-12 19:00:00,5,2019-05-12 20:00:00,0.13592,0.13592,0.13592,0.0,0.6195871029902581,449.0974743081798,-0.0,91.17159083098124,0.0,357.92588347719857,357.92588347719857,0.0,0.0
3164,2019-05-12 20:00:00,5,2019-05-12 21:00:00,0.13592,0.13592,0.13592,0.0,0.28925525215336956,423.96033307152857,-0.0,66.03444959433,0.0,357.92588347719857,357.92588347719857,0.0,0.0
3165,2019-05-12 21:00:00,5,2019-05-12 22:00:00,0.10531,0.10531,0.10531,0.0,0.05,356.7787517560294,-0.0,0.0,0.0,356.7787517560294,356.7787517560294,0.0,1.0
3166,2019-05-12 22:00:00,5,2019-05-12 23:00:00,0.10531,0.10531,0.10531,0.0,0.05,288.8577620675423,-0.0,0.0,0.0,288.8577620675423,288.8577620675423,0.0,1.0
3167,2019-05-12 23:00:00,5,2019-05-13 00:00:00,0.10531,0.10531,0.10531,0.0,0.05,214.84615561708043,-65.50695156233887,0.0,0.0,280.35310717941934,280.35310717941934,0.0,1.0
3168,2019-05-13 00:00:00,5,2019-05-13 01:00:00,0.10531,0.10531,0.10531,0.0,0.2508879847911725,216.13089591416022,-0.0,0.0,0.0,216.13089591416022,216.13089591416022,0.0,1.0
3169,2019-05-13 01:00:00,5,2019-05-13 02:00:00,0.10531,0.10531,0.10531,0.0,0.2508879847911725,187.6017839238474,-0.0,0.0,0.0,187.6017839238474,187.6017839238474,0.0,0.0
3170,2019-05-13 02:00:00,5,2019-05-13 03:00:00,0.10531,0.10531,0.10531,0.0,0.2508879847911725,186.37335991460458,-0.0,0.0,0.0,186.37335991460458,186.37335991460458,0.0,1.0
3171,2019-05-13 03:00:00,5,2019-05-13 04:00:00,0.10531,0.10531,0.10531,0.0,0.2508879847911725,193.86121647649276,7.723290606088045e-15,0.0,0.0,193.86121647649276,193.86121647649276,0.0,0.0
3172,2019-05-13 04:00:00,5,2019-05-13 05:00:00,0.10531,0.10531,0.10531,0.0,0.25088798479117247,218.47119019285378,-0.0,0.0,0.0,218.47119019285378,218.47119019285378,0.0,1.0
3173,2019-05-13 05:00:00,5,2019-05-13 06:00:00,0.10531,0.10531,0.10531,0.0,0.25088798479117247,291.47327217229906,-0.0,0.0,0.0,291.47327217229906,291.47327217229906,0.0,1.0
3174,2019-05-13 06:00:00,5,2019-05-13 07:00:00,0.10531,0.10531,0.10531,0.0,0.25088798479117247,364.30089893726904,-0.0,6.375015460070472,0.0,357.92588347719857,357.92588347719857,0.0,0.0
3175,2019-05-13 07:00:00,5,2019-05-13 08:00:00,0.10531,0.10531,0.10531,0.0,0.22779010268946792,406.2661350185191,-0.0,48.34025154132053,0.0,357.92588347719857,357.92588347719857,0.0,0.0
3176,2019-05-13 08:00:00,5,2019-05-13 09:00:00,0.10531,0.10531,0.10531,0.0,0.05264426377163996,358.6557002781712,-0.0,0.7298168009726282,0.0,357.92588347719857,357.92588347719857,0.0,0.0
3177,2019-05-13 09:00:00,5,2019-05-13 10:00:00,0.06431,0.06431,0.06431,0.0,0.05,304.08364696949945,-53.84223650769911,0.0,0.0,357.92588347719857,357.92588347719857,0.0,1.0
3178,2019-05-13 10:00:00,5,2019-05-13 11:00:00,0.06431,0.06431,0.06431,0.0,0.21511619195694398,296.2472571852816,-61.67862629191694,0.0,0.0,357.92588347719857,357.92588347719857,0.0,1.0
3179,2019-05-13 11:00:00,5,2019-05-13 12:00:00,0.06431,0.06431,0.06431,0.0,0.4042639792521559,294.29785416326183,-63.628029313936736,0.0,0.0,357.92588347719857,357.92588347719857,0.0,1.0
3180,2019-05-13 12:00:00,5,2019-05-13 13:00:00,0.06431,0.06431,0.06431,0.0,0.5993899358148952,282.8984950991215,-75.02738837807709,0.0,0.0,357.92588347719857,357.92588347719857,0.0,1.0
3181,2019-05-13 13:00:00,5,2019-05-13 14:00:00,0.06431,0.06431,0.06431,0.0,0.8294739268409983,282.05929065525135,-55.60632820402226,0.0,0.0,337.6656188592736,337.6656188592736,0.0,1.0
3182,2019-05-13 14:00:00,5,2019-05-13 15:00:00,0.10531,0.10531,0.10531,0.0,1.0,280.7996374180403,-0.0,0.0,0.0,280.7996374180403,280.7996374180403,0.0,1.0
3183,2019-05-13 15:00:00,5,2019-05-13 16:00:00,0.10531,0.10531,0.10531,0.0,1.0,310.62163400381917,-0.0,0.0,0.0,310.62163400381917,310.62163400381917,0.0,1.0
3184,2019-05-13 16:00:00,5,2019-05-13 17:00:00,0.13592,0.13592,0.13592,0.0,1.0,342.00641141730057,-0.0,0.0,0.0,342.00641141730057,342.00641141730057,0.0,1.0
3185,2019-05-13 17:00:00,5,2019-05-13 18:00:00,0.13592,0.13592,0.13592,0.0,1.0,409.00177691301514,-0.0,51.07589343581657,0.0,357.92588347719857,357.92588347719857,0.0,0.0
3186,2019-05-13 18:00:00,5,2019-05-13 19:00:00,0.13592,0.13592,0.13592,0.0,0.8149424150876211,410.8809286260099,-0.0,52.95504514881134,0.0,357.92588347719857,357.92588347719857,0.0,0.0
3187,2019-05-13 19:00:00,5,2019-05-13 20:00:00,0.13592,0.13592,0.13592,0.0,0.6230763094759859,431.3658156180777,-0.0,84.48955762141887,0.0,346.87625799665886,346.87625799665886,0.0,0.0
3188,2019-05-13 20:00:00,5,2019-05-13 21:00:00,0.13592,0.13592,0.13592,0.0,0.3169547238911349,421.64036354777113,-0.0,63.71448007057256,0.0,357.92588347719857,357.92588347719857,0.0,0.0
3189,2019-05-13 21:00:00,5,2019-05-13 22:00:00,0.10531,0.10531,0.10531,0.0,0.08610515841804595,367.89090720057925,-0.0,9.965023723380682,0.0,357.92588347719857,357.92588347719857,0.0,0.0
3190,2019-05-13 22:00:00,5,2019-05-13 23:00:00,0.10531,0.10531,0.10531,0.0,0.05,293.5946135460235,-0.0,0.0,0.0,293.5946135460235,293.5946135460235,0.0,1.0
3191,2019-05-13 23:00:00,5,2019-05-14 00:00:00,0.10531,0.10531,0.10531,0.0,0.05,248.04063588770038,-74.57972765152603,0.0,0.0,322.6203635392264,322.6203635392264,0.0,1.0
3192,2019-05-14 00:00:00,5,2019-05-14 01:00:00,0.10531,0.10531,0.10531,0.0,0.27871116479801317,256.49791741352306,-0.0,0.0,0.0,256.49791741352306,256.49791741352306,0.0,1.0
3193,2019-05-14 01:00:00,5,2019-05-14 02:00:00,0.10531,0.10531,0.10531,0.0,0.27871116479801317,233.96999869862375,-0.0,0.0,0.0,233.96999869862375,233.96999869862375,0.0,1.0
3194,2019-05-14 02:00:00,5,2019-05-14 03:00:00,0.10531,0.10531,0.10531,0.0,0.27871116479801317,236.58572282347777,-0.0,0.0,0.0,236.58572282347777,236.58572282347777,0.0,1.0
3195,2019-05-14 03:00:00,5,2019-05-14 04:00:00,0.10531,0.10531,0.10531,0.0,0.27871116479801317,232.79532154366538,-0.0,0.0,0.0,232.79532154366538,232.79532154366538,0.0,0.0
3196,2019-05-14 04:00:00,5,2019-05-14 05:00:00,0.10531,0.10531,0.10531,0.0,0.27871116479801317,228.18134745424805,-0.0,0.0,0.0,228.18134745424805,228.18134745424805,0.0,1.0
3197,2019-05-14 05:00:00,5,2019-05-14 06:00:00,0.10531,0.10531,0.10531,0.0,0.27871116479801317,303.9384178024941,-0.0,0.0,0.0,303.9384178024941,303.9384178024941,0.0,1.0
3198,2019-05-14 06:00:00,5,2019-05-14 07:00:00,0.10531,0.10531,0.10531,0.0,0.27871116479801317,373.61217037973574,-0.0,15.686286902537171,0.0,357.92588347719857,357.92588347719857,0.0,0.0
3199,2019-05-14 07:00:00,5,2019-05-14 08:00:00,0.10531,0.10531,0.10531,0.0,0.22187679196273355,405.36387805891303,-0.0,47.43799458171446,0.0,357.92588347719857,357.92588347719857,0.0,0.0
3200,2019-05-14 08:00:00,5,2019-05-14 09:00:00,0.10531,0.10531,0.10531,0.0,0.05,347.4783979339603,-0.0,0.0,0.0,347.4783979339603,347.4783979339603,0.0,1.0
3201,2019-05-14 09:00:00,5,2019-05-14 10:00:00,0.06431,0.06431,0.06431,0.0,0.05,301.6990241767788,-17.395595151741073,0.0,0.0,319.09461932851985,319.09461932851985,0.0,1.0
3202,2019-05-14 10:00:00,5,2019-05-14 11:00:00,0.06431,0.06431,0.06431,0.0,0.10334649179867263,296.7545653408051,-61.171318136393495,0.0,0.0,357.92588347719857,357.92588347719857,0.0,1.0
3203,2019-05-14 11:00:00,5,2019-05-14 12:00:00,0.06431,0.06431,0.06431,0.0,0.2909385340836127,295.3049687312253,-62.620914745973266,0.0,0.0,357.92588347719857,357.92588347719857,0.0,1.0
3204,2019-05-14 12:00:00,5,2019-05-14 13:00:00,0.06431,0.06431,0.06431,0.0,0.48297600597126406,273.6398316558232,-84.2860518213754,0.0,0.0,357.92588347719857,357.92588347719857,0.0,1.0
3205,2019-05-14 13:00:00,5,2019-05-14 14:00:00,0.06431,0.06431,0.06431,0.0,0.7414532315568152,273.6171546370296,-84.30872884016895,0.0,0.0,357.92588347719857,357.92588347719857,0.0,1.0
3206,2019-05-14 14:00:00,5,2019-05-14 15:00:00,0.10531,0.10531,0.10531,0.0,1.0,274.0482847738593,-0.0,0.0,0.0,274.0482847738593,274.0482847738593,0.0,1.0
3207,2019-05-14 15:00:00,5,2019-05-14 16:00:00,0.10531,0.10531,0.10531,0.0,1.0,304.75034351061356,-0.0,0.0,0.0,304.75034351061356,304.75034351061356,0.0,1.0
3208,2019-05-14 16:00:00,5,2019-05-14 17:00:00,0.13592,0.13592,0.13592,0.0,1.0,330.0043476395353,-0.0,0.0,0.0,330.0043476395353,330.0043476395353,0.0,1.0
3209,2019-05-14 17:00:00,5,2019-05-14 18:00:00,0.13592,0.13592,0.13592,0.0,1.0,392.8447712990475,-0.0,34.918887821848955,0.0,357.92588347719857,357.92588347719857,0.0,0.0
3210,2019-05-14 18:00:00,5,2019-05-14 19:00:00,0.13592,0.13592,0.13592,0.0,0.8734822905005473,410.75578133377286,-0.0,52.82989785657429,0.0,357.92588347719857,357.92588347719857,0.0,0.0
3211,2019-05-14 19:00:00,5,2019-05-14 20:00:00,0.13592,0.13592,0.13592,0.0,0.6820696171071622,441.64462764244934,-0.0,83.71874416525077,0.0,357.92588347719857,357.92588347719857,0.0,0.0
3212,2019-05-14 20:00:00,5,2019-05-14 21:00:00,0.13592,0.13592,0.13592,0.0,0.3787408338997319,411.5060862949021,-0.0,90.732470156326,0.0,320.77361613857613,320.77361613857613,0.0,0.0
3213,2019-05-14 21:00:00,5,2019-05-14 22:00:00,0.10531,0.10531,0.10531,0.0,0.05,357.1724642220913,-0.0,0.0,0.0,357.1724642220913,357.1724642220913,0.0,1.0
3214,2019-05-14 22:00:00,5,2019-05-14 23:00:00,0.10531,0.10531,0.10531,0.0,0.05,293.29312551159614,-0.0,0.0,0.0,293.29312551159614,293.29312551159614,0.0,1.0
3215,2019-05-14 23:00:00,5,2019-05-15 00:00:00,0.10531,0.10531,0.10531,0.0,0.05,270.02235537579554,-0.0,0.0,0.0,270.02235537579554,270.02235537579554,0.0,0.0
3216,2019-05-15 00:00:00,5,2019-05-15 01:00:00,0.10531,0.10531,0.10531,0.0,0.05,241.77083782721095,-0.0,0.0,0.0,241.77083782721095,241.77083782721095,0.0,1.0
3217,2019-05-15 01:00:00,5,2019-05-15 02:00:00,0.10531,0.10531,0.10531,0.0,0.05,233.1257549242777,-60.56591282889612,0.0,0.0,293.69166775317376,293.69166775317376,0.0,1.0
3218,2019-05-15 02:00:00,5,2019-05-15 03:00:00,0.10531,0.10531,0.10531,0.0,0.23573546600861475,228.01195734610036,-0.0,0.0,0.0,228.01195734610036,228.01195734610036,0.0,1.0
3219,2019-05-15 03:00:00,5,2019-05-15 04:00:00,0.10531,0.10531,0.10531,0.0,0.23573546600861475,233.7040805027973,-0.0,0.0,0.0,233.7040805027973,233.7040805027973,0.0,1.0
3220,2019-05-15 04:00:00,5,2019-05-15 05:00:00,0.10531,0.10531,0.10531,0.0,0.23573546600861475,250.2401101487969,-0.0,0.0,0.0,250.2401101487969,250.2401101487969,0.0,1.0
3221,2019-05-15 05:00:00,5,2019-05-15 06:00:00,0.10531,0.10531,0.10531,0.0,0.23573546600861475,350.13959313379405,-0.0,0.0,0.0,350.13959313379405,350.13959313379405,0.0,0.0
3222,2019-05-15 06:00:00,5,2019-05-15 07:00:00,0.10531,0.10531,0.10531,0.0,0.23573546600861475,409.5095596283441,-0.0,46.386587069942266,0.0,363.12297255840184,363.12297255840184,0.0,0.0
3223,2019-05-15 07:00:00,5,2019-05-15 08:00:00,0.10531,0.10531,0.10531,0.0,0.0676681215523022,367.99937410683725,-0.0,4.87640154843541,0.0,363.12297255840184,363.12297255840184,0.0,0.0
3224,2019-05-15 08:00:00,5,2019-05-15 09:00:00,0.10531,0.10531,0.10531,0.0,0.05,339.8461989678308,-0.0,0.0,0.0,339.8461989678308,339.8461989678308,0.0,0.0
3225,2019-05-15 09:00:00,5,2019-05-15 10:00:00,0.06431,0.06431,0.06431,0.0,0.05,288.77407653790215,-74.3488960204997,0.0,0.0,363.12297255840184,363.12297255840184,0.0,1.0
3226,2019-05-15 10:00:00,5,2019-05-15 11:00:00,0.06431,0.06431,0.06431,0.0,0.2780032811295324,286.75940368643484,-71.85927521991272,0.0,0.0,358.61867890634755,358.61867890634755,0.0,1.0
3227,2019-05-15 11:00:00,5,2019-05-15 12:00:00,0.06431,0.06431,0.06431,0.0,0.49837172513726474,284.9080747697742,-78.21489778862764,0.0,0.0,363.12297255840184,363.12297255840184,0.0,1.0
3228,2019-05-15 12:00:00,5,2019-05-15 13:00:00,0.06431,0.06431,0.06431,0.0,0.7382307450223895,277.41022894466033,-0.0,0.0,0.0,277.41022894466033,277.41022894466033,0.0,1.0
3229,2019-05-15 13:00:00,5,2019-05-15 14:00:00,0.06431,0.06431,0.06431,0.0,0.7382307450223895,277.7634328917897,-85.35953966661214,0.0,0.0,363.12297255840184,363.12297255840184,0.0,1.0
3230,2019-05-15 14:00:00,5,2019-05-15 15:00:00,0.10531,0.10531,0.10531,0.0,1.0,283.15533589994556,-0.0,0.0,0.0,283.15533589994556,283.15533589994556,0.0,1.0
3231,2019-05-15 15:00:00,5,2019-05-15 16:00:00,0.10531,0.10531,0.10531,0.0,1.0,316.27553248081875,-0.0,0.0,0.0,316.27553248081875,316.27553248081875,0.0,1.0
3232,2019-05-15 16:00:00,5,2019-05-15 17:00:00,0.13592,0.13592,0.13592,0.0,1.0,351.04574974374185,-0.0,0.0,0.0,351.04574974374185,351.04574974374185,0.0,1.0
3233,2019-05-15 17:00:00,5,2019-05-15 18:00:00,0.13592,0.13592,0.13592,0.0,1.0,407.08054252976797,-0.0,43.95756997136615,0.0,363.12297255840184,363.12297255840184,0.0,0.0
3234,2019-05-15 18:00:00,5,2019-05-15 19:00:00,0.13592,0.13592,0.13592,0.0,0.8407334421327314,423.7609558630892,-0.0,60.637983304687324,0.0,363.12297255840184,363.12297255840184,0.0,0.0
3235,2019-05-15 19:00:00,5,2019-05-15 20:00:00,0.13592,0.13592,0.13592,0.0,0.62103060407227,454.5203191847591,-0.0,91.39734662635725,0.0,363.12297255840184,363.12297255840184,0.0,0.0
3236,2019-05-15 20:00:00,5,2019-05-15 21:00:00,0.13592,0.13592,0.13592,0.0,0.28988079745503353,429.3300726559911,-0.0,66.20710009758925,0.0,363.12297255840184,363.12297255840184,0.0,0.0
3237,2019-05-15 21:00:00,5,2019-05-15 22:00:00,0.10531,0.10531,0.10531,0.0,0.05,360.47909961831266,-0.0,0.0,0.0,360.47909961831266,360.47909961831266,0.0,1.0
3238,2019-05-15 22:00:00,5,2019-05-15 23:00:00,0.10531,0.10531,0.10531,0.0,0.05,292.71377777808124,-0.0,0.0,0.0,292.71377777808124,292.71377777808124,0.0,1.0
3239,2019-05-15 23:00:00,5,2019-05-16 00:00:00,0.10531,0.10531,0.10531,0.0,0.05,267.379902827233,-91.3020135566277,0.0,0.0,358.6819163838607,358.6819163838607,0.0,1.0
3240,2019-05-16 00:00:00,5,2019-05-16 01:00:00,0.10531,0.10531,0.10531,0.0,0.3299928415736583,254.48925990150926,-0.0,0.0,0.0,254.48925990150926,254.48925990150926,0.0,1.0
3241,2019-05-16 01:00:00,5,2019-05-16 02:00:00,0.10531,0.10531,0.10531,0.0,0.3299928415736583,244.58875825701574,-0.0,0.0,0.0,244.58875825701574,244.58875825701574,0.0,0.0
3242,2019-05-16 02:00:00,5,2019-05-16 03:00:00,0.10531,0.10531,0.10531,0.0,0.3299928415736583,231.452902733329,-0.0,0.0,0.0,231.452902733329,231.452902733329,0.0,1.0
3243,2019-05-16 03:00:00,5,2019-05-16 04:00:00,0.10531,0.10531,0.10531,0.0,0.3299928415736583,198.72961593761576,-0.0,0.0,0.0,198.72961593761576,198.72961593761576,0.0,1.0
3244,2019-05-16 04:00:00,5,2019-05-16 05:00:00,0.10531,0.10531,0.10531,0.0,0.3299928415736583,216.93585886513955,-0.0,0.0,0.0,216.93585886513955,216.93585886513955,0.0,1.0
3245,2019-05-16 05:00:00,5,2019-05-16 06:00:00,0.10531,0.10531,0.10531,0.0,0.3299928415736583,333.0744121775277,-0.0,0.0,0.0,333.0744121775277,333.0744121775277,0.0,1.0
3246,2019-05-16 06:00:00,5,2019-05-16 07:00:00,0.10531,0.10531,0.10531,0.0,0.3299928415736583,425.41910627443036,-0.0,65.53742557272123,0.0,359.8816807017091,359.8816807017091,0.0,0.0
3247,2019-05-16 07:00:00,5,2019-05-16 08:00:00,0.10531,0.10531,0.10531,0.0,0.09253840109278429,378.10486311670303,-0.0,11.740598701608462,0.0,366.36426441509457,366.36426441509457,0.0,0.0
3248,2019-05-16 08:00:00,5,2019-05-16 09:00:00,0.10531,0.10531,0.10531,0.0,0.05,347.09674036083,-0.0,0.0,0.0,347.09674036083,347.09674036083,0.0,0.0
3249,2019-05-16 09:00:00,5,2019-05-16 10:00:00,0.06431,0.06431,0.06431,0.0,0.05,291.8553649368195,-74.50889947827505,0.0,0.0,366.36426441509457,366.36426441509457,0.0,1.0
3250,2019-05-16 10:00:00,5,2019-05-16 11:00:00,0.06431,0.06431,0.06431,0.0,0.27849395840004354,290.9165760304132,-0.0,0.0,0.0,290.9165760304132,290.9165760304132,0.0,0.0
3251,2019-05-16 11:00:00,5,2019-05-16 12:00:00,0.06431,0.06431,0.06431,0.0,0.27849395840004354,290.0947954903346,-76.26946892475996,0.0,0.0,366.36426441509457,366.36426441509457,0.0,1.0
3252,2019-05-16 12:00:00,5,2019-05-16 13:00:00,0.06431,0.06431,0.06431,0.0,0.5123869964359741,282.2488480758064,-73.08437972376699,0.0,0.0,355.33322779957336,355.33322779957336,0.0,1.0
3253,2019-05-16 13:00:00,5,2019-05-16 14:00:00,0.06431,0.06431,0.06431,0.0,0.7365124275888595,280.44440384624437,-85.91986056885017,0.0,0.0,366.36426441509457,366.36426441509457,0.0,1.0
3254,2019-05-16 14:00:00,5,2019-05-16 15:00:00,0.10531,0.10531,0.10531,0.0,1.0,282.5561977057306,-0.0,0.0,0.0,282.5561977057306,282.5561977057306,0.0,1.0
3255,2019-05-16 15:00:00,5,2019-05-16 16:00:00,0.10531,0.10531,0.10531,0.0,1.0,311.533206955765,-0.0,0.0,0.0,311.533206955765,311.533206955765,0.0,1.0
3256,2019-05-16 16:00:00,5,2019-05-16 17:00:00,0.13592,0.13592,0.13592,0.0,1.0,349.81821947619056,-0.0,0.0,0.0,349.81821947619056,349.81821947619056,0.0,1.0
3257,2019-05-16 17:00:00,5,2019-05-16 18:00:00,0.13592,0.13592,0.13592,0.0,1.0,406.2292479434152,-0.0,39.86498352832068,0.0,366.36426441509457,366.36426441509457,0.0,0.0
3258,2019-05-16 18:00:00,5,2019-05-16 19:00:00,0.13592,0.13592,0.13592,0.0,0.8555616538828961,422.61346933505143,-0.0,56.24920491995689,0.0,366.36426441509457,366.36426441509457,0.0,0.0
3259,2019-05-16 19:00:00,5,2019-05-16 20:00:00,0.13592,0.13592,0.13592,0.0,0.6517601867816032,459.8483586739159,-0.0,93.48409425882139,0.0,366.36426441509457,366.36426441509457,0.0,0.0
3260,2019-05-16 20:00:00,5,2019-05-16 21:00:00,0.13592,0.13592,0.13592,0.0,0.3130497003365983,436.92049986646094,-0.0,70.5562354513664,0.0,366.36426441509457,366.36426441509457,0.0,0.0
3261,2019-05-16 21:00:00,5,2019-05-16 22:00:00,0.10531,0.10531,0.10531,0.0,0.05741116609251711,368.40974625662926,-0.0,2.0454818415347233,0.0,366.36426441509457,366.36426441509457,0.0,0.0
3262,2019-05-16 22:00:00,5,2019-05-16 23:00:00,0.10531,0.10531,0.10531,0.0,0.05,298.61285088248945,-0.0,0.0,0.0,298.61285088248945,298.61285088248945,0.0,1.0
3263,2019-05-16 23:00:00,5,2019-05-17 00:00:00,0.10531,0.10531,0.10531,0.0,0.05,241.54466635653557,-82.00173677409299,0.0,0.0,323.54640313062856,323.54640313062856,0.0,1.0
3264,2019-05-17 00:00:00,5,2019-05-17 01:00:00,0.10531,0.10531,0.10531,0.0,0.3014719927738852,217.13072712498854,-0.0,0.0,0.0,217.13072712498854,217.13072712498854,0.0,0.0
3265,2019-05-17 01:00:00,5,2019-05-17 02:00:00,0.10531,0.10531,0.10531,0.0,0.3014719927738852,197.04175701854194,-0.0,0.0,0.0,197.04175701854194,197.04175701854194,0.0,1.0
3266,2019-05-17 02:00:00,5,2019-05-17 03:00:00,0.10531,0.10531,0.10531,0.0,0.3014719927738852,209.41170275110466,-0.0,0.0,0.0,209.41170275110466,209.41170275110466,0.0,0.0
3267,2019-05-17 03:00:00,5,2019-05-17 04:00:00,0.10531,0.10531,0.10531,0.0,0.3014719927738852,204.3648074321497,-0.0,0.0,0.0,204.3648074321497,204.3648074321497,0.0,0.0
3268,2019-05-17 04:00:00,5,2019-05-17 05:00:00,0.10531,0.10531,0.10531,0.0,0.3014719927738852,239.08585688790578,-0.0,0.0,0.0,239.08585688790578,239.08585688790578,0.0,1.0
3269,2019-05-17 05:00:00,5,2019-05-17 06:00:00,0.10531,0.10531,0.10531,0.0,0.3014719927738852,336.5603795714361,-0.0,5.2295945351943376e-14,0.0,336.56037957143604,336.56037957143604,0.0,1.0
3270,2019-05-17 06:00:00,5,2019-05-17 07:00:00,0.10531,0.10531,0.10531,0.0,0.301471992773885,423.43634507484944,-0.0,57.072080659754874,0.0,366.36426441509457,366.36426441509457,0.0,0.0
3271,2019-05-17 07:00:00,5,2019-05-17 08:00:00,0.10531,0.10531,0.10531,0.0,0.09468909183274415,378.69845376093195,-0.0,12.334189345837387,0.0,366.36426441509457,366.36426441509457,0.0,0.0
3272,2019-05-17 08:00:00,5,2019-05-17 09:00:00,0.10531,0.10531,0.10531,0.0,0.05,347.621817589078,-0.0,0.0,0.0,347.621817589078,347.621817589078,0.0,1.0
3273,2019-05-17 09:00:00,5,2019-05-17 10:00:00,0.06431,0.06431,0.06431,0.0,0.05,296.1782642521218,-0.0,0.0,0.0,296.1782642521218,296.1782642521218,0.0,0.0
3274,2019-05-17 10:00:00,5,2019-05-17 11:00:00,0.06431,0.06431,0.06431,0.0,0.05,295.61000386755893,-70.75426054753564,0.0,0.0,366.36426441509457,366.36426441509457,0.0,1.0
3275,2019-05-17 11:00:00,5,2019-05-17 12:00:00,0.06431,0.06431,0.06431,0.0,0.266979732345776,293.4508790494341,-72.91338536566047,0.0,0.0,366.36426441509457,366.36426441509457,0.0,1.0
3276,2019-05-17 12:00:00,5,2019-05-17 13:00:00,0.06431,0.06431,0.06431,0.0,0.49058078080046813,282.22568406070667,-84.1385803543879,0.0,0.0,366.36426441509457,366.36426441509457,0.0,1.0
3277,2019-05-17 13:00:00,5,2019-05-17 14:00:00,0.06431,0.06431,0.06431,0.0,0.7486057605539244,282.06497778482515,-81.97638242806815,0.0,0.0,364.0413602128933,364.0413602128933,0.0,1.0
3278,2019-05-17 14:00:00,5,2019-05-17 15:00:00,0.10531,0.10531,0.10531,0.0,1.0,280.53181558145775,-0.0,0.0,0.0,280.53181558145775,280.53181558145775,0.0,1.0
3279,2019-05-17 15:00:00,5,2019-05-17 16:00:00,0.10531,0.10531,0.10531,0.0,1.0,309.4663644357397,-0.0,0.0,0.0,309.4663644357397,309.4663644357397,0.0,1.0
3280,2019-05-17 16:00:00,5,2019-05-17 17:00:00,0.13592,0.13592,0.13592,0.0,1.0,348.14999951749456,-0.0,0.0,0.0,348.14999951749456,348.14999951749456,0.0,1.0
3281,2019-05-17 17:00:00,5,2019-05-17 18:00:00,0.13592,0.13592,0.13592,0.0,1.0,404.3784706391085,-0.0,38.01420622401395,0.0,366.36426441509457,366.36426441509457,0.0,0.0
3282,2019-05-17 18:00:00,5,2019-05-17 19:00:00,0.13592,0.13592,0.13592,0.0,0.8622673687535727,420.74915153429515,-0.0,63.141279383814584,0.0,357.6078721504806,357.6078721504806,0.0,0.0
3283,2019-05-17 19:00:00,5,2019-05-17 20:00:00,0.13592,0.13592,0.13592,0.0,0.6334946173629402,457.7593436653747,-0.0,91.3950792502801,0.0,366.36426441509457,366.36426441509457,0.0,0.0
3284,2019-05-17 20:00:00,5,2019-05-17 21:00:00,0.13592,0.13592,0.13592,0.0,0.30235302587641805,434.64172653972656,-0.0,68.277462124632,0.0,366.36426441509457,366.36426441509457,0.0,0.0
3285,2019-05-17 21:00:00,5,2019-05-17 22:00:00,0.10531,0.10531,0.10531,0.0,0.054970916729200694,367.73623743235396,-0.0,1.3719730172593927,0.0,366.36426441509457,366.36426441509457,0.0,0.0
3286,2019-05-17 22:00:00,5,2019-05-17 23:00:00,0.10531,0.10531,0.10531,0.0,0.05,298.2480493214755,-0.0,0.0,0.0,298.2480493214755,298.2480493214755,0.0,1.0
3287,2019-05-17 23:00:00,5,2019-05-18 00:00:00,0.10531,0.10531,0.10531,0.0,0.05,249.20308232018908,-82.50850749227769,0.0,0.0,331.71158981246674,331.71158981246674,0.0,1.0
3288,2019-05-18 00:00:00,5,2019-05-18 01:00:00,0.10531,0.10531,0.10531,0.0,0.3030260896429849,230.69770933599497,-0.0,0.0,0.0,230.69770933599497,230.69770933599497,0.0,1.0
3289,2019-05-18 01:00:00,5,2019-05-18 02:00:00,0.10531,0.10531,0.10531,0.0,0.3030260896429849,209.04929874381494,-0.0,0.0,0.0,209.04929874381494,209.04929874381494,0.0,0.0
3290,2019-05-18 02:00:00,5,2019-05-18 03:00:00,0.10531,0.10531,0.10531,0.0,0.3030260896429849,212.56812467907704,-0.0,0.0,0.0,212.56812467907704,212.56812467907704,0.0,1.0
3291,2019-05-18 03:00:00,5,2019-05-18 04:00:00,0.10531,0.10531,0.10531,0.0,0.3030260896429849,207.26206050323853,-0.0,0.0,0.0,207.26206050323853,207.26206050323853,0.0,1.0
3292,2019-05-18 04:00:00,5,2019-05-18 05:00:00,0.10531,0.10531,0.10531,0.0,0.3030260896429849,242.2511837333031,-0.0,0.0,0.0,242.2511837333031,242.2511837333031,0.0,1.0
3293,2019-05-18 05:00:00,5,2019-05-18 06:00:00,0.10531,0.10531,0.10531,0.0,0.3030260896429849,343.02383408740815,-0.0,0.0,0.0,343.02383408740815,343.02383408740815,0.0,1.0
3294,2019-05-18 06:00:00,5,2019-05-18 07:00:00,0.10531,0.10531,0.10531,0.0,0.3030260896429849,423.663478098523,-0.0,57.299213683428434,0.0,366.36426441509457,366.36426441509457,0.0,0.0
3295,2019-05-18 07:00:00,5,2019-05-18 08:00:00,0.10531,0.10531,0.10531,0.0,0.0954202429638964,378.90025147312997,-0.0,12.535987058035404,0.0,366.36426441509457,366.36426441509457,0.0,0.0
3296,2019-05-18 08:00:00,5,2019-05-18 09:00:00,0.10531,0.10531,0.10531,0.0,0.05,347.9644226654808,-0.0,0.0,0.0,347.9644226654808,347.9644226654808,0.0,1.0
3297,2019-05-18 09:00:00,5,2019-05-18 10:00:00,0.06431,0.06431,0.06431,0.0,0.05,294.08209242451915,-72.28217199057542,0.0,0.0,366.36426441509457,366.36426441509457,0.0,1.0
3298,2019-05-18 10:00:00,5,2019-05-18 11:00:00,0.06431,0.06431,0.06431,0.0,0.2716653274377646,293.7029023645803,-0.0,0.0,0.0,293.7029023645803,293.7029023645803,0.0,0.0
3299,2019-05-18 11:00:00,5,2019-05-18 12:00:00,0.06431,0.06431,0.06431,0.0,0.2716653274377646,292.7721890517432,-65.8133003060339,0.0,0.0,358.58548935777713,358.58548935777713,0.0,1.0
3300,2019-05-18 12:00:00,5,2019-05-18 13:00:00,0.06431,0.06431,0.06431,0.0,0.4734927817096019,281.31891562037885,-85.04534879471572,0.0,0.0,366.36426441509457,366.36426441509457,0.0,1.0
3301,2019-05-18 13:00:00,5,2019-05-18 14:00:00,0.06431,0.06431,0.06431,0.0,0.7342985180133969,279.72247681076743,-86.64178760432713,0.0,0.0,366.36426441509457,366.36426441509457,0.0,1.0
3302,2019-05-18 14:00:00,5,2019-05-18 15:00:00,0.10531,0.10531,0.10531,0.0,1.0,289.14009640587864,-0.0,0.0,0.0,289.14009640587864,289.14009640587864,0.0,1.0
3303,2019-05-18 15:00:00,5,2019-05-18 16:00:00,0.10531,0.10531,0.10531,0.0,1.0,315.01279351678204,-0.0,0.0,0.0,315.01279351678204,315.01279351678204,0.0,1.0
3304,2019-05-18 16:00:00,5,2019-05-18 17:00:00,0.13592,0.13592,0.13592,0.0,1.0,341.6925820290958,-0.0,0.0,0.0,341.6925820290958,341.6925820290958,0.0,1.0
3305,2019-05-18 17:00:00,5,2019-05-18 18:00:00,0.13592,0.13592,0.13592,0.0,1.0,399.4502741103653,-0.0,33.08600969527072,0.0,366.36426441509457,366.36426441509457,0.0,0.0
3306,2019-05-18 18:00:00,5,2019-05-18 19:00:00,0.13592,0.13592,0.13592,0.0,0.8801231532780046,420.1134532492631,-0.0,53.749188834168535,0.0,366.36426441509457,366.36426441509457,0.0,0.0
3307,2019-05-18 19:00:00,5,2019-05-18 20:00:00,0.13592,0.13592,0.13592,0.0,0.6853797154730462,459.53994830097565,-0.0,101.73887298802806,0.0,357.8010753129476,357.8010753129476,0.0,0.0
3308,2019-05-18 20:00:00,5,2019-05-18 21:00:00,0.13592,0.13592,0.13592,0.0,0.316760610443959,437.4091526669781,-0.0,71.04488825188355,0.0,366.36426441509457,366.36426441509457,0.0,0.0
3309,2019-05-18 21:00:00,5,2019-05-18 22:00:00,0.10531,0.10531,0.10531,0.0,0.05935159503858383,368.9453046457437,-0.0,2.581040230649137,0.0,366.36426441509457,366.36426441509457,0.0,0.0
3310,2019-05-18 22:00:00,5,2019-05-18 23:00:00,0.10531,0.10531,0.10531,0.0,0.05,298.09239983843617,-0.0,0.0,0.0,298.09239983843617,298.09239983843617,0.0,1.0
3311,2019-05-18 23:00:00,5,2019-05-19 00:00:00,0.10531,0.10531,0.10531,0.0,0.05,258.24038355944066,-79.3668571802164,0.0,0.0,337.6072407396571,337.6072407396571,0.0,1.0
3312,2019-05-19 00:00:00,5,2019-05-19 01:00:00,0.10531,0.10531,0.10531,0.0,0.29339169535266363,244.62562726473996,-0.0,0.0,0.0,244.62562726473996,244.62562726473996,0.0,1.0
3313,2019-05-19 01:00:00,5,2019-05-19 02:00:00,0.10531,0.10531,0.10531,0.0,0.29339169535266363,238.0528529770972,-0.0,0.0,0.0,238.0528529770972,238.0528529770972,0.0,0.0
3314,2019-05-19 02:00:00,5,2019-05-19 03:00:00,0.10531,0.10531,0.10531,0.0,0.29339169535266363,235.32454784176306,-0.0,0.0,0.0,235.32454784176306,235.32454784176306,0.0,1.0
3315,2019-05-19 03:00:00,5,2019-05-19 04:00:00,0.10531,0.10531,0.10531,0.0,0.29339169535266363,229.97818153126042,-0.0,0.0,0.0,229.97818153126042,229.97818153126042,0.0,1.0
3316,2019-05-19 04:00:00,5,2019-05-19 05:00:00,0.10531,0.10531,0.10531,0.0,0.29339169535266363,221.85428626107782,-0.0,0.0,0.0,221.85428626107782,221.85428626107782,0.0,1.0
3317,2019-05-19 05:00:00,5,2019-05-19 06:00:00,0.10531,0.10531,0.10531,0.0,0.29339169535266363,323.6476826329225,-0.0,0.0,0.0,323.6476826329225,323.6476826329225,0.0,1.0
3318,2019-05-19 06:00:00,5,2019-05-19 07:00:00,0.10531,0.10531,0.10531,0.0,0.29339169535266363,422.62805124729834,-0.0,56.26378683220378,0.0,366.36426441509457,366.36426441509457,0.0,0.0
3319,2019-05-19 07:00:00,5,2019-05-19 08:00:00,0.10531,0.10531,0.10531,0.0,0.08953739523598332,377.27658550022596,-0.0,10.912321085131396,0.0,366.36426441509457,366.36426441509457,0.0,0.0
3320,2019-05-19 08:00:00,5,2019-05-19 09:00:00,0.10531,0.10531,0.10531,0.0,0.05,346.92149668632476,-0.0,0.0,0.0,346.92149668632476,346.92149668632476,0.0,0.0
3321,2019-05-19 09:00:00,5,2019-05-19 10:00:00,0.06431,0.06431,0.06431,0.0,0.05,293.88109943921927,-0.0,0.0,0.0,293.88109943921927,293.88109943921927,0.0,0.0
3322,2019-05-19 10:00:00,5,2019-05-19 11:00:00,0.06431,0.06431,0.06431,0.0,0.05,293.49830087630306,-72.8659635387915,0.0,0.0,366.36426441509457,366.36426441509457,0.0,1.0
3323,2019-05-19 11:00:00,5,2019-05-19 12:00:00,0.06431,0.06431,0.06431,0.0,0.27345562151896063,290.7950123795676,-75.56925203552697,0.0,0.0,366.36426441509457,366.36426441509457,0.0,1.0
3324,2019-05-19 12:00:00,5,2019-05-19 13:00:00,0.06431,0.06431,0.06431,0.0,0.5052013277612434,280.95417442890385,-85.41008998619071,0.0,0.0,366.36426441509457,366.36426441509457,0.0,1.0
3325,2019-05-19 13:00:00,5,2019-05-19 14:00:00,0.06431,0.06431,0.06431,0.0,0.767125603718895,277.93169545224055,-75.93730313514293,0.0,0.0,353.8689985873835,353.8689985873835,0.0,1.0
3326,2019-05-19 14:00:00,5,2019-05-19 15:00:00,0.10531,0.10531,0.10531,0.0,1.0,275.66521992351176,-0.0,0.0,0.0,275.66521992351176,275.66521992351176,0.0,1.0
3327,2019-05-19 15:00:00,5,2019-05-19 16:00:00,0.10531,0.10531,0.10531,0.0,1.0,315.75471064245596,-0.0,0.0,0.0,315.75471064245596,315.75471064245596,0.0,1.0
3328,2019-05-19 16:00:00,5,2019-05-19 17:00:00,0.13592,0.13592,0.13592,0.0,1.0,344.4360400774771,-0.0,0.0,0.0,344.4360400774771,344.4360400774771,0.0,1.0
3329,2019-05-19 17:00:00,5,2019-05-19 18:00:00,0.13592,0.13592,0.13592,0.0,1.0,391.5527578428878,-0.0,51.450296581565716,0.0,340.1024612613221,340.1024612613221,0.0,0.0
3330,2019-05-19 18:00:00,5,2019-05-19 19:00:00,0.13592,0.13592,0.13592,0.0,0.8135858819508489,417.8130267544281,-0.0,51.44876233933354,0.0,366.36426441509457,366.36426441509457,0.0,0.0
3331,2019-05-19 19:00:00,5,2019-05-19 20:00:00,0.13592,0.13592,0.13592,0.0,0.6271773227503651,457.3109360089252,-0.0,90.94667159383062,0.0,366.36426441509457,366.36426441509457,0.0,0.0
3332,2019-05-19 20:00:00,5,2019-05-19 21:00:00,0.13592,0.13592,0.13592,0.0,0.2976603966857614,434.0117127234548,-0.0,67.64744830836025,0.0,366.36426441509457,366.36426441509457,0.0,0.0
3333,2019-05-19 21:00:00,5,2019-05-19 22:00:00,0.10531,0.10531,0.10531,0.0,0.052560946293151806,367.07108559200447,-0.0,0.706821176909898,0.0,366.36426441509457,366.36426441509457,0.0,0.0
3334,2019-05-19 22:00:00,5,2019-05-19 23:00:00,0.10531,0.10531,0.10531,0.0,0.05,298.1808045686621,-66.56384187313559,0.0,0.0,364.74464644179767,364.74464644179767,0.0,1.0
3335,2019-05-19 23:00:00,5,2019-05-20 00:00:00,0.10531,0.10531,0.10531,0.0,0.25412911507761576,251.14443163808465,-0.0,0.0,0.0,251.14443163808465,251.14443163808465,0.0,0.0
3336,2019-05-20 00:00:00,5,2019-05-20 01:00:00,0.10531,0.10531,0.10531,0.0,0.25412911507761576,243.16070935745614,-0.0,0.0,0.0,243.16070935745614,243.16070935745614,0.0,1.0
3337,2019-05-20 01:00:00,5,2019-05-20 02:00:00,0.10531,0.10531,0.10531,0.0,0.25412911507761576,228.74031099311972,-0.0,0.0,0.0,228.74031099311972,228.74031099311972,0.0,0.0
3338,2019-05-20 02:00:00,5,2019-05-20 03:00:00,0.10531,0.10531,0.10531,0.0,0.25412911507761576,221.1524452109316,-0.0,0.0,0.0,221.1524452109316,221.1524452109316,0.0,1.0
3339,2019-05-20 03:00:00,5,2019-05-20 04:00:00,0.10531,0.10531,0.10531,0.0,0.25412911507761576,230.98465826261,-0.0,0.0,0.0,230.98465826261,230.98465826261,0.0,0.0
3340,2019-05-20 04:00:00,5,2019-05-20 05:00:00,0.10531,0.10531,0.10531,0.0,0.25412911507761576,243.60742615623846,-0.0,0.0,0.0,243.60742615623846,243.60742615623846,0.0,1.0
3341,2019-05-20 05:00:00,5,2019-05-20 06:00:00,0.10531,0.10531,0.10531,0.0,0.25412911507761576,326.24633377521474,-0.0,0.0,0.0,326.24633377521474,326.24633377521474,0.0,1.0
3342,2019-05-20 06:00:00,5,2019-05-20 07:00:00,0.10531,0.10531,0.10531,0.0,0.25412911507761576,373.82798786999103,-0.0,7.463723454896467,0.0,366.36426441509457,366.36426441509457,0.0,0.0
3343,2019-05-20 07:00:00,5,2019-05-20 08:00:00,0.10531,0.10531,0.10531,0.0,0.22708663879175903,415.24017672162006,-0.0,48.87591230652549,0.0,366.36426441509457,366.36426441509457,0.0,0.0
3344,2019-05-20 08:00:00,5,2019-05-20 09:00:00,0.10531,0.10531,0.10531,0.0,0.05,363.585011009034,-0.0,0.0,0.0,363.585011009034,363.585011009034,0.0,0.0
3345,2019-05-20 09:00:00,5,2019-05-20 10:00:00,0.06431,0.06431,0.06431,0.0,0.05,306.02324574926075,-0.0,0.0,0.0,306.02324574926075,306.02324574926075,0.0,0.0
3346,2019-05-20 10:00:00,5,2019-05-20 11:00:00,0.06431,0.06431,0.06431,0.0,0.05,294.8940863040477,-71.47017811104689,0.0,0.0,366.36426441509457,366.36426441509457,0.0,1.0
3347,2019-05-20 11:00:00,5,2019-05-20 12:00:00,0.06431,0.06431,0.06431,0.0,0.26917521287387713,288.1041097751389,-72.48634195231101,0.0,0.0,360.59045172744993,360.59045172744993,0.0,1.0
3348,2019-05-20 12:00:00,5,2019-05-20 13:00:00,0.06431,0.06431,0.06431,0.0,0.4914666615276309,282.0424398101357,-84.32182460495886,0.0,0.0,366.36426441509457,366.36426441509457,0.0,1.0
3349,2019-05-20 13:00:00,5,2019-05-20 14:00:00,0.06431,0.06431,0.06431,0.0,0.7500535903161715,284.86000038775916,-81.50426402733541,0.0,0.0,366.36426441509457,366.36426441509457,0.0,1.0
3350,2019-05-20 14:00:00,5,2019-05-20 15:00:00,0.10531,0.10531,0.10531,0.0,1.0,295.50525497895774,-0.0,0.0,0.0,295.50525497895774,295.50525497895774,0.0,1.0
3351,2019-05-20 15:00:00,5,2019-05-20 16:00:00,0.10531,0.10531,0.10531,0.0,1.0,335.6176687973113,-0.0,0.0,0.0,335.6176687973113,335.6176687973113,0.0,0.0
3352,2019-05-20 16:00:00,5,2019-05-20 17:00:00,0.13592,0.13592,0.13592,0.0,1.0,375.9657061651718,-0.0,9.601441750077242,0.0,366.36426441509457,366.36426441509457,0.0,0.0
3353,2019-05-20 17:00:00,5,2019-05-20 18:00:00,0.13592,0.13592,0.13592,0.0,0.9652121675721839,420.4374357762888,-0.0,100.51392924384034,0.0,319.92350653244847,319.92350653244847,0.0,0.0
3354,2019-05-20 18:00:00,5,2019-05-20 19:00:00,0.13592,0.13592,0.13592,0.0,0.6010312645147913,413.5184683645282,-0.0,47.15420394943362,0.0,366.36426441509457,366.36426441509457,0.0,0.0
3355,2019-05-20 19:00:00,5,2019-05-20 20:00:00,0.13592,0.13592,0.13592,0.0,0.43018269948061155,424.7183325695213,-0.0,58.35406815442673,0.0,366.36426441509457,366.36426441509457,0.0,0.0
3356,2019-05-20 20:00:00,5,2019-05-20 21:00:00,0.13592,0.13592,0.13592,0.0,0.21875491631239882,412.94062131731664,-0.0,46.576356902222074,0.0,366.36426441509457,366.36426441509457,0.0,0.0
3357,2019-05-20 21:00:00,5,2019-05-20 22:00:00,0.10531,0.10531,0.10531,0.0,0.05,363.12519052513363,-0.0,0.0,0.0,363.12519052513363,363.12519052513363,0.0,1.0
3358,2019-05-20 22:00:00,5,2019-05-20 23:00:00,0.10531,0.10531,0.10531,0.0,0.05,292.65385672423605,-0.0,0.0,0.0,292.65385672423605,292.65385672423605,0.0,1.0
3359,2019-05-20 23:00:00,5,2019-05-21 00:00:00,0.10531,0.10531,0.10531,0.0,0.05,267.7699569862004,-0.0,0.0,0.0,267.7699569862004,267.7699569862004,0.0,1.0
3360,2019-05-21 00:00:00,5,2019-05-21 01:00:00,0.10531,0.10531,0.10531,0.0,0.05,270.53334392191954,-0.0,0.0,0.0,270.53334392191954,270.53334392191954,0.0,1.0
3361,2019-05-21 01:00:00,5,2019-05-21 02:00:00,0.10531,0.10531,0.10531,0.0,0.05,249.73737365258643,-0.0,0.0,0.0,249.73737365258643,249.73737365258643,0.0,0.0
3362,2019-05-21 02:00:00,5,2019-05-21 03:00:00,0.10531,0.10531,0.10531,0.0,0.05,238.4842621610244,-96.22536204187318,0.0,0.0,334.70962420289754,334.70962420289754,0.0,1.0
3363,2019-05-21 03:00:00,5,2019-05-21 04:00:00,0.10531,0.10531,0.10531,0.0,0.34509111026174444,254.45304785317916,-0.0,0.0,0.0,254.45304785317916,254.45304785317916,0.0,1.0
3364,2019-05-21 04:00:00,5,2019-05-21 05:00:00,0.10531,0.10531,0.10531,0.0,0.34509111026174444,265.7463168552724,-0.0,0.0,0.0,265.7463168552724,265.7463168552724,0.0,1.0
3365,2019-05-21 05:00:00,5,2019-05-21 06:00:00,0.10531,0.10531,0.10531,0.0,0.34509111026174444,332.52100355672906,-0.0,0.0,0.0,332.52100355672906,332.52100355672906,0.0,1.0
3366,2019-05-21 06:00:00,5,2019-05-21 07:00:00,0.10531,0.10531,0.10531,0.0,0.34509111026174444,387.9864733378708,-0.0,21.622208922776224,0.0,366.36426441509457,366.36426441509457,0.0,0.0
3367,2019-05-21 07:00:00,5,2019-05-21 08:00:00,0.10531,0.10531,0.10531,0.0,0.26674977358501895,411.2283527291623,-0.0,44.864088314067715,0.0,366.36426441509457,366.36426441509457,0.0,0.0
3368,2019-05-21 08:00:00,5,2019-05-21 09:00:00,0.10531,0.10531,0.10531,0.0,0.10419872896883163,352.47004431342873,-0.0,0.0,0.0,352.47004431342873,352.47004431342873,0.0,1.0
3369,2019-05-21 09:00:00,5,2019-05-21 10:00:00,0.06431,0.06431,0.06431,0.0,0.10419872896883163,316.3663382879598,-49.99792612713475,0.0,0.0,366.36426441509457,366.36426441509457,0.0,1.0
3370,2019-05-21 10:00:00,5,2019-05-21 11:00:00,0.06431,0.06431,0.06431,0.0,0.2575257024253782,297.50832263363736,-68.8559417814572,0.0,0.0,366.36426441509457,366.36426441509457,0.0,1.0
3371,2019-05-21 11:00:00,5,2019-05-21 12:00:00,0.06431,0.06431,0.06431,0.0,0.4686839238885136,310.63414115200777,-55.730123263086796,0.0,0.0,366.36426441509457,366.36426441509457,0.0,1.0
3372,2019-05-21 12:00:00,5,2019-05-21 13:00:00,0.06431,0.06431,0.06431,0.0,0.6395896352286465,315.7851929529142,-50.579071462180366,0.0,0.0,366.36426441509457,366.36426441509457,0.0,1.0
3373,2019-05-21 13:00:00,5,2019-05-21 14:00:00,0.06431,0.06431,0.06431,0.0,0.7946987877126663,299.41821693009445,-66.94604748500012,0.0,0.0,366.36426441509457,366.36426441509457,0.0,1.0
3374,2019-05-21 14:00:00,5,2019-05-21 15:00:00,0.10531,0.10531,0.10531,0.0,1.0,303.99476530818936,-0.0,0.0,0.0,303.99476530818936,303.99476530818936,0.0,1.0
3375,2019-05-21 15:00:00,5,2019-05-21 16:00:00,0.10531,0.10531,0.10531,0.0,1.0,335.49907939205906,-0.0,0.0,0.0,335.49907939205906,335.49907939205906,0.0,1.0
3376,2019-05-21 16:00:00,5,2019-05-21 17:00:00,0.13592,0.13592,0.13592,0.0,1.0,363.73980577841235,-0.0,0.0,0.0,363.73980577841235,363.73980577841235,0.0,1.0
3377,2019-05-21 17:00:00,5,2019-05-21 18:00:00,0.13592,0.13592,0.13592,0.0,1.0,436.4327275274368,-0.0,70.06846311234222,0.0,366.36426441509457,366.36426441509457,0.0,0.0
3378,2019-05-21 18:00:00,5,2019-05-21 19:00:00,0.13592,0.13592,0.13592,0.0,0.7461287568393399,431.1577094421315,-0.0,64.79344502703691,0.0,366.36426441509457,366.36426441509457,0.0,0.0
3379,2019-05-21 19:00:00,5,2019-05-21 20:00:00,0.13592,0.13592,0.13592,0.0,0.5113698980457279,443.5163349236245,-0.0,84.37455445695312,0.0,359.14178046667143,359.14178046667143,0.0,0.0
3380,2019-05-21 20:00:00,5,2019-05-21 21:00:00,0.13592,0.13592,0.13592,0.0,0.20566499059299917,409.32780181876234,-0.0,42.96353740366777,0.0,366.36426441509457,366.36426441509457,0.0,0.0
3381,2019-05-21 21:00:00,5,2019-05-21 22:00:00,0.10531,0.10531,0.10531,0.0,0.05,349.8614799351535,-0.0,0.0,0.0,349.8614799351535,349.8614799351535,0.0,0.0
3382,2019-05-21 22:00:00,5,2019-05-21 23:00:00,0.10531,0.10531,0.10531,0.0,0.05,280.7445100986887,-0.0,0.0,0.0,280.7445100986887,280.7445100986887,0.0,1.0
3383,2019-05-21 23:00:00,5,2019-05-22 00:00:00,0.10531,0.10531,0.10531,0.0,0.05,280.07289047371887,-0.0,0.0,0.0,280.07289047371887,280.07289047371887,0.0,1.0
3384,2019-05-22 00:00:00,5,2019-05-22 01:00:00,0.10531,0.10531,0.10531,0.0,0.05,261.2161316957002,-58.079622154602546,0.0,0.0,319.29575385030273,319.29575385030273,0.0,1.0
3385,2019-05-22 01:00:00,5,2019-05-22 02:00:00,0.10531,0.10531,0.10531,0.0,0.2281108412741145,247.79546224823812,-0.0,0.0,0.0,247.79546224823812,247.79546224823812,0.0,0.0
3386,2019-05-22 02:00:00,5,2019-05-22 03:00:00,0.10531,0.10531,0.10531,0.0,0.2281108412741145,242.83490474402006,-0.0,0.0,0.0,242.83490474402006,242.83490474402006,0.0,0.0
3387,2019-05-22 03:00:00,5,2019-05-22 04:00:00,0.10531,0.10531,0.10531,0.0,0.2281108412741145,240.80912937468128,-0.0,0.0,0.0,240.80912937468128,240.80912937468128,0.0,1.0
3388,2019-05-22 04:00:00,5,2019-05-22 05:00:00,0.10531,0.10531,0.10531,0.0,0.2281108412741145,233.9520212138501,-0.0,0.0,0.0,233.9520212138501,233.9520212138501,0.0,1.0
3389,2019-05-22 05:00:00,5,2019-05-22 06:00:00,0.10531,0.10531,0.10531,0.0,0.2281108412741145,347.5085679973436,-0.0,0.0,0.0,347.5085679973436,347.5085679973436,0.0,1.0
3390,2019-05-22 06:00:00,5,2019-05-22 07:00:00,0.10531,0.10531,0.10531,0.0,0.2281108412741145,419.3593992113959,-0.0,48.13596412034704,0.0,371.2234350910488,371.2234350910488,0.0,0.0
3391,2019-05-22 07:00:00,5,2019-05-22 08:00:00,0.10531,0.10531,0.10531,0.0,0.053705174171407834,372.2460631623574,-0.0,1.02262807130856,0.0,371.2234350910488,371.2234350910488,0.0,0.0
3392,2019-05-22 08:00:00,5,2019-05-22 09:00:00,0.10531,0.10531,0.10531,0.0,0.05,341.1366347858015,-0.0,0.0,0.0,341.1366347858015,341.1366347858015,0.0,1.0
3393,2019-05-22 09:00:00,5,2019-05-22 10:00:00,0.06431,0.06431,0.06431,0.0,0.05,291.1675511490465,-80.05588394200234,0.0,0.0,371.2234350910488,371.2234350910488,0.0,1.0
3394,2019-05-22 10:00:00,5,2019-05-22 11:00:00,0.06431,0.06431,0.06431,0.0,0.29550471075547385,321.9298325725245,-49.29360251852435,0.0,0.0,371.2234350910488,371.2234350910488,0.0,1.0
3395,2019-05-22 11:00:00,5,2019-05-22 12:00:00,0.06431,0.06431,0.06431,0.0,0.44667175847894847,311.3254404434417,-36.515871448208145,0.0,0.0,347.84131189164987,347.84131189164987,0.0,1.0
3396,2019-05-22 12:00:00,5,2019-05-22 13:00:00,0.06431,0.06431,0.06431,0.0,0.5586537642534535,297.55701196657293,-73.66642312447593,0.0,0.0,371.2234350910488,371.2234350910488,0.0,1.0
3397,2019-05-22 13:00:00,5,2019-05-22 14:00:00,0.06431,0.06431,0.06431,0.0,0.7845641285018463,300.97260742860743,-70.25082766244142,0.0,0.0,371.2234350910488,371.2234350910488,0.0,1.0
3398,2019-05-22 14:00:00,5,2019-05-22 15:00:00,0.10531,0.10531,0.10531,0.0,1.0,301.90317091710256,-0.0,0.0,0.0,301.90317091710256,301.90317091710256,0.0,1.0
3399,2019-05-22 15:00:00,5,2019-05-22 16:00:00,0.10531,0.10531,0.10531,0.0,1.0,340.5325818191405,-0.0,0.0,0.0,340.5325818191405,340.5325818191405,0.0,1.0
3400,2019-05-22 16:00:00,5,2019-05-22 17:00:00,0.13592,0.13592,0.13592,0.0,1.0,365.2270433595335,-0.0,0.0,0.0,365.2270433595335,365.2270433595335,0.0,1.0
3401,2019-05-22 17:00:00,5,2019-05-22 18:00:00,0.13592,0.13592,0.13592,0.0,1.0,435.17916312167733,-0.0,63.95572803062848,0.0,371.2234350910488,371.2234350910488,0.0,0.0
3402,2019-05-22 18:00:00,5,2019-05-22 19:00:00,0.13592,0.13592,0.13592,0.0,0.7682763477151142,437.3258791119895,-0.0,66.10244402094062,0.0,371.2234350910488,371.2234350910488,0.0,0.0
3403,2019-05-22 19:00:00,5,2019-05-22 20:00:00,0.13592,0.13592,0.13592,0.0,0.5287747389435903,451.7751551710188,-0.0,80.55172007996995,0.0,371.2234350910488,371.2234350910488,0.0,0.0
3404,2019-05-22 20:00:00,5,2019-05-22 21:00:00,0.13592,0.13592,0.13592,0.0,0.23692068068282965,422.81354295950985,-0.0,51.59010786846099,0.0,371.2234350910488,371.2234350910488,0.0,0.0
3405,2019-05-22 21:00:00,5,2019-05-22 22:00:00,0.10531,0.10531,0.10531,0.0,0.05,346.71193721851654,-0.0,0.0,0.0,346.71193721851654,346.71193721851654,0.0,0.0
3406,2019-05-22 22:00:00,5,2019-05-22 23:00:00,0.10531,0.10531,0.10531,0.0,0.05,280.3560743815462,-61.90620448147827,0.0,0.0,342.26227886302445,342.26227886302445,0.0,1.0
3407,2019-05-22 23:00:00,5,2019-05-23 00:00:00,0.10531,0.10531,0.10531,0.0,0.23984569374320003,271.5457810942478,-0.0,0.0,0.0,271.5457810942478,271.5457810942478,0.0,1.0
3408,2019-05-23 00:00:00,5,2019-05-23 01:00:00,0.10531,0.10531,0.10531,0.0,0.23984569374320003,263.26167308859635,-0.0,0.0,0.0,263.26167308859635,263.26167308859635,0.0,1.0
3409,2019-05-23 01:00:00,5,2019-05-23 02:00:00,0.10531,0.10531,0.10531,0.0,0.23984569374320003,254.2694327128249,-0.0,0.0,0.0,254.2694327128249,254.2694327128249,0.0,0.0
3410,2019-05-23 02:00:00,5,2019-05-23 03:00:00,0.10531,0.10531,0.10531,0.0,0.23984569374320003,253.4753968455651,-0.0,0.0,0.0,253.4753968455651,253.4753968455651,0.0,1.0
3411,2019-05-23 03:00:00,5,2019-05-23 04:00:00,0.10531,0.10531,0.10531,0.0,0.23984569374320003,261.6488009013779,-0.0,0.0,0.0,261.6488009013779,261.6488009013779,0.0,1.0
3412,2019-05-23 04:00:00,5,2019-05-23 05:00:00,0.10531,0.10531,0.10531,0.0,0.23984569374320003,273.04053154011274,-0.0,0.0,0.0,273.04053154011274,273.04053154011274,0.0,1.0
3413,2019-05-23 05:00:00,5,2019-05-23 06:00:00,0.10531,0.10531,0.10531,0.0,0.23984569374320003,362.82952393324217,-0.0,0.0,0.0,362.82952393324217,362.82952393324217,0.0,1.0
3414,2019-05-23 06:00:00,5,2019-05-23 07:00:00,0.10531,0.10531,0.10531,0.0,0.23984569374320003,420.4023758912928,-0.0,49.178940800243964,0.0,371.2234350910488,371.2234350910488,0.0,0.0
3415,2019-05-23 07:00:00,5,2019-05-23 08:00:00,0.10531,0.10531,0.10531,0.0,0.06166112562637409,374.4419057639281,-0.0,3.218470672879249,0.0,371.2234350910488,371.2234350910488,0.0,0.0
3416,2019-05-23 08:00:00,5,2019-05-23 09:00:00,0.10531,0.10531,0.10531,0.0,0.05,335.8817431947391,-0.0,0.0,0.0,335.8817431947391,335.8817431947391,0.0,0.0
3417,2019-05-23 09:00:00,5,2019-05-23 10:00:00,0.06431,0.06431,0.06431,0.0,0.05,276.2762969518724,-94.94713813917647,0.0,0.0,371.2234350910488,371.2234350910488,0.0,1.0
3418,2019-05-23 10:00:00,5,2019-05-23 11:00:00,0.06431,0.06431,0.06431,0.0,0.3411712236268079,278.81306241152015,-92.4103726795287,0.0,0.0,371.2234350910488,371.2234350910488,0.0,1.0
3419,2019-05-23 11:00:00,5,2019-05-23 12:00:00,0.06431,0.06431,0.06431,0.0,0.6245630331773626,280.48215093172973,-26.23895157944661,0.0,0.0,306.72110251117635,306.72110251117635,0.0,1.0
3420,2019-05-23 12:00:00,5,2019-05-23 13:00:00,0.06431,0.06431,0.06431,0.0,0.7050291513543323,275.0372887935485,-96.18614629750033,0.0,0.0,371.2234350910488,371.2234350910488,0.0,1.0
3421,2019-05-23 13:00:00,5,2019-05-23 14:00:00,0.06431,0.06431,0.06431,0.0,1.0,279.9781216942736,-1.544658121217609e-14,0.0,0.0,279.9781216942737,279.9781216942737,0.0,1.0
3422,2019-05-23 14:00:00,5,2019-05-23 15:00:00,0.10531,0.10531,0.10531,0.0,1.0,302.6306854458993,-0.0,0.0,0.0,302.6306854458993,302.6306854458993,0.0,1.0
3423,2019-05-23 15:00:00,5,2019-05-23 16:00:00,0.10531,0.10531,0.10531,0.0,1.0,329.6619230511694,-0.0,0.0,0.0,329.6619230511694,329.6619230511694,0.0,0.0
3424,2019-05-23 16:00:00,5,2019-05-23 17:00:00,0.13592,0.13592,0.13592,0.0,1.0,372.2777848940175,-0.0,1.0543498029686589,0.0,371.2234350910488,371.2234350910488,0.0,0.0
3425,2019-05-23 17:00:00,5,2019-05-23 18:00:00,0.13592,0.13592,0.13592,0.0,0.9961798920182294,415.1673114093803,-0.0,43.94387631833149,0.0,371.2234350910488,371.2234350910488,0.0,0.0
3426,2019-05-23 18:00:00,5,2019-05-23 19:00:00,0.13592,0.13592,0.13592,0.0,0.836962948835869,420.45670790659545,-0.0,95.31908054945252,0.0,325.13762735714295,325.13762735714295,0.0,0.0
3427,2019-05-23 19:00:00,5,2019-05-23 20:00:00,0.13592,0.13592,0.13592,0.0,0.4916039613378526,446.93781712189906,-0.0,75.71438203085023,0.0,371.2234350910488,371.2234350910488,0.0,0.0
3428,2019-05-23 20:00:00,5,2019-05-23 21:00:00,0.13592,0.13592,0.13592,0.0,0.21727649021158366,417.3917463894459,-0.0,46.1683112983971,0.0,371.2234350910488,371.2234350910488,0.0,0.0
3429,2019-05-23 21:00:00,5,2019-05-23 22:00:00,0.10531,0.10531,0.10531,0.0,0.05,346.67887066672637,-0.0,0.0,0.0,346.67887066672637,346.67887066672637,0.0,0.0
3430,2019-05-23 22:00:00,5,2019-05-23 23:00:00,0.10531,0.10531,0.10531,0.0,0.05,282.1185366584544,-35.78149846343027,0.0,0.0,317.9000351218847,317.9000351218847,0.0,1.0
3431,2019-05-23 23:00:00,5,2019-05-24 00:00:00,0.10531,0.10531,0.10531,0.0,0.15972992862118615,265.5020137532164,-0.0,0.0,0.0,265.5020137532164,265.5020137532164,0.0,1.0
3432,2019-05-24 00:00:00,5,2019-05-24 01:00:00,0.10531,0.10531,0.10531,0.0,0.15972992862118615,253.5709867671763,-0.0,0.0,0.0,253.5709867671763,253.5709867671763,0.0,1.0
3433,2019-05-24 01:00:00,5,2019-05-24 02:00:00,0.10531,0.10531,0.10531,0.0,0.15972992862118615,240.94112806424403,-0.0,0.0,0.0,240.94112806424403,240.94112806424403,0.0,1.0
3434,2019-05-24 02:00:00,5,2019-05-24 03:00:00,0.10531,0.10531,0.10531,0.0,0.15972992862118615,231.9321345587194,-0.0,0.0,0.0,231.9321345587194,231.9321345587194,0.0,1.0
3435,2019-05-24 03:00:00,5,2019-05-24 04:00:00,0.10531,0.10531,0.10531,0.0,0.15972992862118615,239.104894520022,-0.0,0.0,0.0,239.104894520022,239.104894520022,0.0,1.0
3436,2019-05-24 04:00:00,5,2019-05-24 05:00:00,0.10531,0.10531,0.10531,0.0,0.1597299286211863,257.2866273358727,-0.0,0.0,0.0,257.2866273358727,257.2866273358727,0.0,1.0
3437,2019-05-24 05:00:00,5,2019-05-24 06:00:00,0.10531,0.10531,0.10531,0.0,0.1597299286211863,354.8973709860453,-0.0,1.4210854715202004e-14,0.0,354.8973709860453,354.8973709860453,0.0,1.0
3438,2019-05-24 06:00:00,5,2019-05-24 07:00:00,0.10531,0.10531,0.10531,0.0,0.15972992862118626,401.5088953904962,-0.0,30.285460299447408,0.0,371.2234350910488,371.2234350910488,0.0,0.0
3439,2019-05-24 07:00:00,5,2019-05-24 08:00:00,0.10531,0.10531,0.10531,0.0,0.05,352.1531920139346,-0.0,0.0,0.0,352.1531920139346,352.1531920139346,0.0,1.0
3440,2019-05-24 08:00:00,5,2019-05-24 09:00:00,0.10531,0.10531,0.10531,0.0,0.05,320.41474227025844,-0.0,0.0,0.0,320.41474227025844,320.41474227025844,0.0,1.0
3441,2019-05-24 09:00:00,5,2019-05-24 10:00:00,0.06431,0.06431,0.06431,0.0,0.05,269.5578556315299,-11.500244883033416,0.0,0.0,281.0581005145633,281.0581005145633,0.0,1.0
3442,2019-05-24 10:00:00,5,2019-05-24 11:00:00,0.06431,0.06431,0.06431,0.0,0.08526741764130248,273.62740190990763,-0.0,2.842170943040401e-14,0.0,273.6274019099076,273.6274019099076,0.0,1.0
3443,2019-05-24 11:00:00,5,2019-05-24 12:00:00,0.06431,0.06431,0.06431,0.0,0.08526741764130259,276.41090669637725,-94.81252839467157,0.0,0.0,371.2234350910488,371.2234350910488,0.0,1.0
3444,2019-05-24 12:00:00,5,2019-05-24 13:00:00,0.06431,0.06431,0.06431,0.0,0.37602583805162876,268.5755507834508,-102.64788430759802,0.0,0.0,371.2234350910488,371.2234350910488,0.0,1.0
3445,2019-05-24 13:00:00,5,2019-05-24 14:00:00,0.06431,0.06431,0.06431,0.0,0.6908126832615961,270.4014839806997,-100.82195111034912,0.0,0.0,371.2234350910488,371.2234350910488,0.0,1.0
3446,2019-05-24 14:00:00,5,2019-05-24 15:00:00,0.10531,0.10531,0.10531,0.0,1.0,273.0652189341861,-0.0,0.0,0.0,273.0652189341861,273.0652189341861,0.0,1.0
3447,2019-05-24 15:00:00,5,2019-05-24 16:00:00,0.10531,0.10531,0.10531,0.0,1.0,306.2386997541413,-0.0,0.0,0.0,306.2386997541413,306.2386997541413,0.0,1.0
3448,2019-05-24 16:00:00,5,2019-05-24 17:00:00,0.13592,0.13592,0.13592,0.0,1.0,340.9372458060647,-0.0,0.0,0.0,340.9372458060647,340.9372458060647,0.0,1.0
3449,2019-05-24 17:00:00,5,2019-05-24 18:00:00,0.13592,0.13592,0.13592,0.0,1.0,393.8901878369036,-0.0,22.66675274585475,0.0,371.2234350910488,371.2234350910488,0.0,0.0
3450,2019-05-24 18:00:00,5,2019-05-24 19:00:00,0.13592,0.13592,0.13592,0.0,0.9178740842541494,404.9934978410949,-0.0,33.770062750046066,0.0,371.2234350910488,371.2234350910488,0.0,0.0
3451,2019-05-24 19:00:00,5,2019-05-24 20:00:00,0.13592,0.13592,0.13592,0.0,0.795518784435142,452.30730907429665,-0.0,81.08387398324783,0.0,371.2234350910488,371.2234350910488,0.0,0.0
3452,2019-05-24 20:00:00,5,2019-05-24 21:00:00,0.13592,0.13592,0.13592,0.0,0.5017366323219252,431.1778888869762,-0.0,124.67931052085137,0.0,306.4985783661248,306.4985783661248,0.0,0.0
3453,2019-05-24 21:00:00,5,2019-05-24 22:00:00,0.10531,0.10531,0.10531,0.0,0.05,364.0362898211619,-0.0,0.0,0.0,364.0362898211619,364.0362898211619,0.0,0.0
3454,2019-05-24 22:00:00,5,2019-05-24 23:00:00,0.10531,0.10531,0.10531,0.0,0.05,293.4521145780029,-30.265509075775682,0.0,0.0,323.7176236537786,323.7176236537786,0.0,1.0
3455,2019-05-24 23:00:00,5,2019-05-25 00:00:00,0.10531,0.10531,0.10531,0.0,0.14281422783237877,262.5099192896658,-0.0,0.0,0.0,262.5099192896658,262.5099192896658,0.0,1.0
3456,2019-05-25 00:00:00,5,2019-05-25 01:00:00,0.10531,0.10531,0.10531,0.0,0.14281422783237877,250.56152182157834,-0.0,0.0,0.0,250.56152182157834,250.56152182157834,0.0,1.0
3457,2019-05-25 01:00:00,5,2019-05-25 02:00:00,0.10531,0.10531,0.10531,0.0,0.14281422783237877,238.85468404070465,-0.0,0.0,0.0,238.85468404070465,238.85468404070465,0.0,1.0
3458,2019-05-25 02:00:00,5,2019-05-25 03:00:00,0.10531,0.10531,0.10531,0.0,0.14281422783237877,221.58858846030063,-0.0,0.0,0.0,221.58858846030063,221.58858846030063,0.0,1.0
3459,2019-05-25 03:00:00,5,2019-05-25 04:00:00,0.10531,0.10531,0.10531,0.0,0.14281422783237877,202.3275368570338,-0.0,0.0,0.0,202.3275368570338,202.3275368570338,0.0,1.0
3460,2019-05-25 04:00:00,5,2019-05-25 05:00:00,0.10531,0.10531,0.10531,0.0,0.14281422783237877,215.28168301994313,-26.6479960986361,0.0,0.0,241.92967911857923,241.92967911857923,0.0,1.0
3461,2019-05-25 05:00:00,5,2019-05-25 06:00:00,0.10531,0.10531,0.10531,0.0,0.22453474920152947,344.5754389924127,-0.0,0.0,0.0,344.5754389924127,344.5754389924127,0.0,1.0
3462,2019-05-25 06:00:00,5,2019-05-25 07:00:00,0.10531,0.10531,0.10531,0.0,0.22453474920152947,418.20630746200595,-0.0,46.982872370957125,0.0,371.2234350910488,371.2234350910488,0.0,0.0
3463,2019-05-25 07:00:00,5,2019-05-25 08:00:00,0.10531,0.10531,0.10531,0.0,0.05430695075603265,372.41215349971384,-0.0,1.1887184086650109,0.0,371.2234350910488,371.2234350910488,0.0,0.0
3464,2019-05-25 08:00:00,5,2019-05-25 09:00:00,0.10531,0.10531,0.10531,0.0,0.05,337.9253768726384,-0.0,0.0,0.0,337.9253768726384,337.9253768726384,0.0,0.0
3465,2019-05-25 09:00:00,5,2019-05-25 10:00:00,0.06431,0.06431,0.06431,0.0,0.05,284.64616257899354,-86.57727251205529,0.0,0.0,371.2234350910488,371.2234350910488,0.0,1.0
3466,2019-05-25 10:00:00,5,2019-05-25 11:00:00,0.06431,0.06431,0.06431,0.0,0.31550363570363626,286.49104378440103,-84.7323913066478,0.0,0.0,371.2234350910488,371.2234350910488,0.0,1.0
3467,2019-05-25 11:00:00,5,2019-05-25 12:00:00,0.06431,0.06431,0.06431,0.0,0.5753496357106895,277.9404310427237,-36.13657153812394,0.0,0.0,314.07700258084765,314.07700258084765,0.0,1.0
3468,2019-05-25 12:00:00,5,2019-05-25 13:00:00,0.06431,0.06431,0.06431,0.0,0.6861684550942696,268.8870617522237,-102.33637333882513,0.0,0.0,371.2234350910488,371.2234350910488,0.0,1.0
3469,2019-05-25 13:00:00,5,2019-05-25 14:00:00,0.06431,0.06431,0.06431,0.0,1.0,272.3137489819871,-0.0,0.0,0.0,272.3137489819871,272.3137489819871,0.0,1.0
3470,2019-05-25 14:00:00,5,2019-05-25 15:00:00,0.10531,0.10531,0.10531,0.0,1.0,274.45173966185416,-0.0,0.0,0.0,274.45173966185416,274.45173966185416,0.0,1.0
3471,2019-05-25 15:00:00,5,2019-05-25 16:00:00,0.10531,0.10531,0.10531,0.0,1.0,309.4500938606853,-0.0,0.0,0.0,309.4500938606853,309.4500938606853,0.0,1.0
3472,2019-05-25 16:00:00,5,2019-05-25 17:00:00,0.13592,0.13592,0.13592,0.0,1.0,344.7580063565464,-0.0,0.0,0.0,344.7580063565464,344.7580063565464,0.0,1.0
3473,2019-05-25 17:00:00,5,2019-05-25 18:00:00,0.13592,0.13592,0.13592,0.0,1.0,397.01126984483614,-0.0,25.78783475378731,0.0,371.2234350910488,371.2234350910488,0.0,0.0
3474,2019-05-25 18:00:00,5,2019-05-25 19:00:00,0.13592,0.13592,0.13592,0.0,0.9065658161094662,403.7479377442193,-0.0,32.52450265317049,0.0,371.2234350910488,371.2234350910488,0.0,0.0
3475,2019-05-25 19:00:00,5,2019-05-25 20:00:00,0.13592,0.13592,0.13592,0.0,0.7887234151921819,451.6534246828146,-0.0,80.42998959176578,0.0,371.2234350910488,371.2234350910488,0.0,0.0
3476,2019-05-25 20:00:00,5,2019-05-25 21:00:00,0.13592,0.13592,0.13592,0.0,0.4973104094249146,433.3805482185042,-0.0,123.45767300127643,0.0,309.9228752172278,309.9228752172278,0.0,0.0
3477,2019-05-25 21:00:00,5,2019-05-25 22:00:00,0.10531,0.10531,0.10531,0.0,0.05,363.10103503637566,-0.0,0.0,0.0,363.10103503637566,363.10103503637566,0.0,0.0
3478,2019-05-25 22:00:00,5,2019-05-25 23:00:00,0.10531,0.10531,0.10531,0.0,0.05,293.43377022994986,-68.7038558715588,0.0,0.0,362.13762610150866,362.13762610150866,0.0,1.0
3479,2019-05-25 23:00:00,5,2019-05-26 00:00:00,0.10531,0.10531,0.10531,0.0,0.2606918246727803,264.7248895790179,-0.0,0.0,0.0,264.7248895790179,264.7248895790179,0.0,1.0
3480,2019-05-26 00:00:00,5,2019-05-26 01:00:00,0.10531,0.10531,0.10531,0.0,0.2606918246727803,256.96071997913305,-0.0,0.0,0.0,256.96071997913305,256.96071997913305,0.0,1.0
3481,2019-05-26 01:00:00,5,2019-05-26 02:00:00,0.10531,0.10531,0.10531,0.0,0.2606918246727803,247.4921020264842,-0.0,0.0,0.0,247.4921020264842,247.4921020264842,0.0,1.0
3482,2019-05-26 02:00:00,5,2019-05-26 03:00:00,0.10531,0.10531,0.10531,0.0,0.2606918246727803,242.33862443236282,-0.0,0.0,0.0,242.33862443236282,242.33862443236282,0.0,1.0
3483,2019-05-26 03:00:00,5,2019-05-26 04:00:00,0.10531,0.10531,0.10531,0.0,0.2606918246727803,236.61517073650094,-0.0,0.0,0.0,236.61517073650094,236.61517073650094,0.0,0.0
3484,2019-05-26 04:00:00,5,2019-05-26 05:00:00,0.10531,0.10531,0.10531,0.0,0.2606918246727803,222.08449989957757,-0.0,0.0,0.0,222.08449989957757,222.08449989957757,0.0,0.0
3485,2019-05-26 05:00:00,5,2019-05-26 06:00:00,0.10531,0.10531,0.10531,0.0,0.2606918246727803,344.25010238637356,-0.0,0.0,0.0,344.25010238637356,344.25010238637356,0.0,1.0
3486,2019-05-26 06:00:00,5,2019-05-26 07:00:00,0.10531,0.10531,0.10531,0.0,0.2606918246727803,422.8130315011548,-0.0,51.58959641010597,0.0,371.2234350910488,371.2234350910488,0.0,0.0
3487,2019-05-26 07:00:00,5,2019-05-26 08:00:00,0.10531,0.10531,0.10531,0.0,0.07377299709993262,377.78478229063023,-0.0,6.561347199581405,0.0,371.2234350910488,371.2234350910488,0.0,0.0
3488,2019-05-26 08:00:00,5,2019-05-26 09:00:00,0.10531,0.10531,0.10531,0.0,0.05,342.8474149176391,-0.0,0.0,0.0,342.8474149176391,342.8474149176391,0.0,0.0
3489,2019-05-26 09:00:00,5,2019-05-26 10:00:00,0.06431,0.06431,0.06431,0.0,0.05,289.8655206031983,-81.35791448785051,0.0,0.0,371.2234350910488,371.2234350910488,0.0,1.0
3490,2019-05-26 10:00:00,5,2019-05-26 11:00:00,0.06431,0.06431,0.06431,0.0,0.29949760442940826,292.52522960902934,-78.69820548201949,0.0,0.0,371.2234350910488,371.2234350910488,0.0,1.0
3491,2019-05-26 11:00:00,5,2019-05-26 12:00:00,0.06431,0.06431,0.06431,0.0,0.5408387679076013,282.8442151575144,-88.37921993353444,0.0,0.0,371.2234350910488,371.2234350910488,0.0,1.0
3492,2019-05-26 12:00:00,5,2019-05-26 13:00:00,0.06431,0.06431,0.06431,0.0,0.8118683757037737,272.0439705789529,-0.0,0.0,0.0,272.0439705789529,272.0439705789529,0.0,1.0
3493,2019-05-26 13:00:00,5,2019-05-26 14:00:00,0.06431,0.06431,0.06431,0.0,0.8118683757037737,276.7101131611477,-61.34726879224771,0.0,0.0,338.0573819533954,338.0573819533954,0.0,1.0
3494,2019-05-26 14:00:00,5,2019-05-26 15:00:00,0.10531,0.10531,0.10531,0.0,1.0,285.1025986971237,-0.0,0.0,0.0,285.1025986971237,285.1025986971237,0.0,1.0
3495,2019-05-26 15:00:00,5,2019-05-26 16:00:00,0.10531,0.10531,0.10531,0.0,1.0,327.71289125412903,-0.0,0.0,0.0,327.71289125412903,327.71289125412903,0.0,1.0
3496,2019-05-26 16:00:00,5,2019-05-26 17:00:00,0.13592,0.13592,0.13592,0.0,1.0,357.41610187692464,-0.0,0.0,0.0,357.41610187692464,357.41610187692464,0.0,1.0
3497,2019-05-26 17:00:00,5,2019-05-26 18:00:00,0.13592,0.13592,0.13592,0.0,1.0,406.2094821969395,-0.0,34.98604710589069,0.0,371.2234350910488,371.2234350910488,0.0,0.0
3498,2019-05-26 18:00:00,5,2019-05-26 19:00:00,0.13592,0.13592,0.13592,0.0,0.8732389597612655,413.50964097390727,-0.0,42.28620588285844,0.0,371.2234350910488,371.2234350910488,0.0,0.0
3499,2019-05-26 19:00:00,5,2019-05-26 20:00:00,0.13592,0.13592,0.13592,0.0,0.7200280688813436,443.88201316868975,-0.0,72.65857807764093,0.0,371.2234350910488,371.2234350910488,0.0,0.0
3500,2019-05-26 20:00:00,5,2019-05-26 21:00:00,0.13592,0.13592,0.13592,0.0,0.45677235120873166,414.685756613986,-0.0,112.26916893360993,0.0,302.41658768037604,302.41658768037604,0.0,0.0
3501,2019-05-26 21:00:00,5,2019-05-26 22:00:00,0.10531,0.10531,0.10531,0.0,0.05,349.1933184336183,-22.03011665743054,0.0,0.0,371.2234350910488,371.2234350910488,0.0,1.0
3502,2019-05-26 22:00:00,5,2019-05-26 23:00:00,0.10531,0.10531,0.10531,0.0,0.11755902441612032,291.54094853623485,-0.0,0.0,0.0,291.54094853623485,291.54094853623485,0.0,1.0
3503,2019-05-26 23:00:00,5,2019-05-27 00:00:00,0.10531,0.10531,0.10531,0.0,0.11755902441612032,263.79303667425603,-0.0,0.0,0.0,263.79303667425603,263.79303667425603,0.0,1.0
3504,2019-05-27 00:00:00,5,2019-05-27 01:00:00,0.10531,0.10531,0.10531,0.0,0.11755902441612032,264.4065073128577,-20.93840486567753,0.0,0.0,285.3449121785352,285.3449121785352,0.0,1.0
3505,2019-05-27 01:00:00,5,2019-05-27 02:00:00,0.10531,0.10531,0.10531,0.0,0.18177013267086475,248.1855575719812,-0.0,0.0,0.0,248.1855575719812,248.1855575719812,0.0,0.0
3506,2019-05-27 02:00:00,5,2019-05-27 03:00:00,0.10531,0.10531,0.10531,0.0,0.18177013267086475,244.64810693191708,-0.0,0.0,0.0,244.64810693191708,244.64810693191708,0.0,1.0
3507,2019-05-27 03:00:00,5,2019-05-27 04:00:00,0.10531,0.10531,0.10531,0.0,0.18177013267086475,252.70676551243957,-0.0,0.0,0.0,252.70676551243957,252.70676551243957,0.0,1.0
3508,2019-05-27 04:00:00,5,2019-05-27 05:00:00,0.10531,0.10531,0.10531,0.0,0.18177013267086475,253.1821181655814,-0.0,0.0,0.0,253.1821181655814,253.1821181655814,0.0,1.0
3509,2019-05-27 05:00:00,5,2019-05-27 06:00:00,0.10531,0.10531,0.10531,0.0,0.18177013267086475,326.47093499758085,-0.0,0.0,0.0,326.47093499758085,326.47093499758085,0.0,1.0
3510,2019-05-27 06:00:00,5,2019-05-27 07:00:00,0.10531,0.10531,0.10531,0.0,0.18177013267086475,372.03259802935787,-0.0,0.8091629383090435,0.0,371.2234350910488,371.2234350910488,0.0,0.0
3511,2019-05-27 07:00:00,5,2019-05-27 08:00:00,0.10531,0.10531,0.10531,0.0,0.1788383828943827,406.78282876989846,-0.0,35.55939367884963,0.0,371.2234350910488,371.2234350910488,0.0,0.0
3512,2019-05-27 08:00:00,5,2019-05-27 09:00:00,0.10531,0.10531,0.10531,0.0,0.05,352.9423105112383,-0.0,0.0,0.0,352.9423105112383,352.9423105112383,0.0,1.0
3513,2019-05-27 09:00:00,5,2019-05-27 10:00:00,0.06431,0.06431,0.06431,0.0,0.05,297.5132429529038,-73.71019213814503,0.0,0.0,371.2234350910488,371.2234350910488,0.0,1.0
3514,2019-05-27 10:00:00,5,2019-05-27 11:00:00,0.06431,0.06431,0.06431,0.0,0.2760445892236448,286.2759720763478,-84.94746301470104,0.0,0.0,371.2234350910488,371.2234350910488,0.0,1.0
3515,2019-05-27 11:00:00,5,2019-05-27 12:00:00,0.06431,0.06431,0.06431,0.0,0.536550142468728,284.07015037639826,-0.0,0.0,0.0,284.07015037639826,284.07015037639826,0.0,0.0
3516,2019-05-27 12:00:00,5,2019-05-27 13:00:00,0.06431,0.06431,0.06431,0.0,0.536550142468728,274.28120616358467,-58.00120644585214,0.0,0.0,332.28241260943685,332.28241260943685,0.0,1.0
3517,2019-05-27 13:00:00,5,2019-05-27 14:00:00,0.06431,0.06431,0.06431,0.0,0.7144205089026746,278.0996879940949,-93.12374709695393,0.0,0.0,371.2234350910488,371.2234350910488,0.0,1.0
3518,2019-05-27 14:00:00,5,2019-05-27 15:00:00,0.10531,0.10531,0.10531,0.0,1.0,281.1950196057373,-0.0,0.0,0.0,281.1950196057373,281.1950196057373,0.0,1.0
3519,2019-05-27 15:00:00,5,2019-05-27 16:00:00,0.10531,0.10531,0.10531,0.0,1.0,317.40432774532235,-0.0,0.0,0.0,317.40432774532235,317.40432774532235,0.0,1.0
3520,2019-05-27 16:00:00,5,2019-05-27 17:00:00,0.13592,0.13592,0.13592,0.0,1.0,341.6825718944664,-0.0,0.0,0.0,341.6825718944664,341.6825718944664,0.0,1.0
3521,2019-05-27 17:00:00,5,2019-05-27 18:00:00,0.13592,0.13592,0.13592,0.0,1.0,406.2570344109293,-0.0,35.033599319880466,0.0,371.2234350910488,371.2234350910488,0.0,0.0
3522,2019-05-27 18:00:00,5,2019-05-27 19:00:00,0.13592,0.13592,0.13592,0.0,0.8730666691308677,399.18469252092456,-0.0,27.96125742987573,0.0,371.2234350910488,371.2234350910488,0.0,0.0
3523,2019-05-27 19:00:00,5,2019-05-27 20:00:00,0.13592,0.13592,0.13592,0.0,0.7717577653994341,422.05730004978477,-0.0,50.833864958735944,0.0,371.2234350910488,371.2234350910488,0.0,0.0
3524,2019-05-27 20:00:00,5,2019-05-27 21:00:00,0.13592,0.13592,0.13592,0.0,0.5875770952590865,428.1202336323725,-0.0,145.01527690083725,0.0,283.10495673153525,283.10495673153525,0.0,0.0
3525,2019-05-27 21:00:00,5,2019-05-27 22:00:00,0.10531,0.10531,0.10531,0.0,0.062159425328516656,374.5794364817194,-0.0,3.356001390670599,0.0,371.2234350910488,371.2234350910488,0.0,0.0
3526,2019-05-27 22:00:00,5,2019-05-27 23:00:00,0.10531,0.10531,0.10531,0.0,0.05,302.15124311737594,-0.0,0.0,0.0,302.15124311737594,302.15124311737594,0.0,1.0
3527,2019-05-27 23:00:00,5,2019-05-28 00:00:00,0.10531,0.10531,0.10531,0.0,0.05,256.956340232543,-0.0,0.0,0.0,256.956340232543,256.956340232543,0.0,1.0
3528,2019-05-28 00:00:00,5,2019-05-28 01:00:00,0.10531,0.10531,0.10531,0.0,0.05,262.6189794286294,-67.00317042978268,0.0,0.0,329.6221498584121,329.6221498584121,0.0,1.0
3529,2019-05-28 01:00:00,5,2019-05-28 02:00:00,0.10531,0.10531,0.10531,0.0,0.2554763893180002,242.63870440771825,-0.0,0.0,0.0,242.63870440771825,242.63870440771825,0.0,0.0
3530,2019-05-28 02:00:00,5,2019-05-28 03:00:00,0.10531,0.10531,0.10531,0.0,0.2554763893180002,216.98039096356212,-0.0,0.0,0.0,216.98039096356212,216.98039096356212,0.0,0.0
3531,2019-05-28 03:00:00,5,2019-05-28 04:00:00,0.10531,0.10531,0.10531,0.0,0.2554763893180002,200.62654840849842,-0.0,0.0,0.0,200.62654840849842,200.62654840849842,0.0,1.0
3532,2019-05-28 04:00:00,5,2019-05-28 05:00:00,0.10531,0.10531,0.10531,0.0,0.2554763893180002,224.81034949226714,-0.0,0.0,0.0,224.81034949226714,224.81034949226714,0.0,1.0
3533,2019-05-28 05:00:00,5,2019-05-28 06:00:00,0.10531,0.10531,0.10531,0.0,0.2554763893180002,305.2313688830113,-0.0,0.0,0.0,305.2313688830113,305.2313688830113,0.0,0.0
3534,2019-05-28 06:00:00,5,2019-05-28 07:00:00,0.10531,0.10531,0.10531,0.0,0.2554763893180002,383.52747801453114,-0.0,12.304042923482314,0.0,371.2234350910488,371.2234350910488,0.0,0.0
3535,2019-05-28 07:00:00,5,2019-05-28 08:00:00,0.10531,0.10531,0.10531,0.0,0.21089652365320924,415.6308756193346,-0.0,44.40744052828575,0.0,371.2234350910488,371.2234350910488,0.0,0.0
3536,2019-05-28 08:00:00,5,2019-05-28 09:00:00,0.10531,0.10531,0.10531,0.0,0.05,356.04789026851387,-0.0,0.0,0.0,356.04789026851387,356.04789026851387,0.0,1.0
3537,2019-05-28 09:00:00,5,2019-05-28 10:00:00,0.06431,0.06431,0.06431,0.0,0.05,306.33868812690605,-64.88474696414278,0.0,0.0,371.2234350910488,371.2234350910488,0.0,1.0
3538,2019-05-28 10:00:00,5,2019-05-28 11:00:00,0.06431,0.06431,0.06431,0.0,0.24897989069003784,302.9505832206709,-0.0,0.0,0.0,302.9505832206709,302.9505832206709,0.0,0.0
3539,2019-05-28 11:00:00,5,2019-05-28 12:00:00,0.06431,0.06431,0.06431,0.0,0.24897989069003784,301.76490304295976,-59.59020730340969,0.0,0.0,361.35511034636943,361.35511034636943,0.0,1.0
3540,2019-05-28 12:00:00,5,2019-05-28 13:00:00,0.06431,0.06431,0.06431,0.0,0.43172319308716095,280.92381503681685,-90.29962005423198,0.0,0.0,371.2234350910488,371.2234350910488,0.0,1.0
3541,2019-05-28 13:00:00,5,2019-05-28 14:00:00,0.06431,0.06431,0.06431,0.0,0.7086420279201391,276.2154007171811,-95.0080343738677,0.0,0.0,371.2234350910488,371.2234350910488,0.0,1.0
3542,2019-05-28 14:00:00,5,2019-05-28 15:00:00,0.10531,0.10531,0.10531,0.0,1.0,270.7055884031114,-0.0,0.0,0.0,270.7055884031114,270.7055884031114,0.0,1.0
3543,2019-05-28 15:00:00,5,2019-05-28 16:00:00,0.10531,0.10531,0.10531,0.0,1.0,302.76908556475104,-0.0,0.0,0.0,302.76908556475104,302.76908556475104,0.0,1.0
3544,2019-05-28 16:00:00,5,2019-05-28 17:00:00,0.13592,0.13592,0.13592,0.0,1.0,337.7410978904741,-0.0,0.0,0.0,337.7410978904741,337.7410978904741,0.0,1.0
3545,2019-05-28 17:00:00,5,2019-05-28 18:00:00,0.13592,0.13592,0.13592,0.0,1.0,405.8071752185057,-0.0,34.58374012745685,0.0,371.2234350910488,371.2234350910488,0.0,0.0
3546,2019-05-28 18:00:00,5,2019-05-28 19:00:00,0.13592,0.13592,0.13592,0.0,0.8746965937410984,414.35486659566163,-0.0,43.131431504612806,0.0,371.2234350910488,371.2234350910488,0.0,0.0
3547,2019-05-28 19:00:00,5,2019-05-28 20:00:00,0.13592,0.13592,0.13592,0.0,0.7184232911881535,447.3167781879197,-0.0,76.09334309687085,0.0,371.2234350910488,371.2234350910488,0.0,0.0
3548,2019-05-28 20:00:00,5,2019-05-28 21:00:00,0.13592,0.13592,0.13592,0.0,0.4427227727212302,416.5703669638738,-0.0,108.39148527105952,0.0,308.1788816928143,308.1788816928143,0.0,0.0
3549,2019-05-28 21:00:00,5,2019-05-28 22:00:00,0.10531,0.10531,0.10531,0.0,0.05,364.9880888815669,-6.235346209481918,0.0,0.0,371.2234350910488,371.2234350910488,0.0,1.0
3550,2019-05-28 22:00:00,5,2019-05-28 23:00:00,0.10531,0.10531,0.10531,0.0,0.06912172837574455,301.88708235662835,-61.860657214130015,0.0,0.0,363.74773957075837,363.74773957075837,0.0,1.0
3551,2019-05-28 23:00:00,5,2019-05-29 00:00:00,0.10531,0.10531,0.10531,0.0,0.25882774383241,264.8317334638217,-0.0,0.0,0.0,264.8317334638217,264.8317334638217,0.0,0.0
3552,2019-05-29 00:00:00,5,2019-05-29 01:00:00,0.10531,0.10531,0.10531,0.0,0.25882774383241,256.55133250983056,-0.0,0.0,0.0,256.55133250983056,256.55133250983056,0.0,1.0
3553,2019-05-29 01:00:00,5,2019-05-29 02:00:00,0.10531,0.10531,0.10531,0.0,0.25882774383241,233.34403629972005,-0.0,0.0,0.0,233.34403629972005,233.34403629972005,0.0,0.0
3554,2019-05-29 02:00:00,5,2019-05-29 03:00:00,0.10531,0.10531,0.10531,0.0,0.25882774383241,230.7406201356429,-0.0,0.0,0.0,230.7406201356429,230.7406201356429,0.0,1.0
3555,2019-05-29 03:00:00,5,2019-05-29 04:00:00,0.10531,0.10531,0.10531,0.0,0.25882774383241,228.74534147774025,-0.0,0.0,0.0,228.74534147774025,228.74534147774025,0.0,1.0
3556,2019-05-29 04:00:00,5,2019-05-29 05:00:00,0.10531,0.10531,0.10531,0.0,0.25882774383241,222.13701792402577,-0.0,0.0,0.0,222.13701792402577,222.13701792402577,0.0,1.0
3557,2019-05-29 05:00:00,5,2019-05-29 06:00:00,0.10531,0.10531,0.10531,0.0,0.25882774383241,310.8302348129381,-0.0,0.0,0.0,310.8302348129381,310.8302348129381,0.0,1.0
3558,2019-05-29 06:00:00,5,2019-05-29 07:00:00,0.10531,0.10531,0.10531,0.0,0.25882774383241,384.2915495872853,-0.0,13.068114496236499,0.0,371.2234350910488,371.2234350910488,0.0,0.0
3559,2019-05-29 07:00:00,5,2019-05-29 08:00:00,0.10531,0.10531,0.10531,0.0,0.21147950290401688,415.7917778925575,-0.0,44.56834280150866,0.0,371.2234350910488,371.2234350910488,0.0,0.0
3560,2019-05-29 08:00:00,5,2019-05-29 09:00:00,0.10531,0.10531,0.10531,0.0,0.05,356.16865957731295,-0.0,0.0,0.0,356.16865957731295,356.16865957731295,0.0,0.0
3561,2019-05-29 09:00:00,5,2019-05-29 10:00:00,0.06431,0.06431,0.06431,0.0,0.05,308.55845159347535,-62.66498349757347,0.0,0.0,371.2234350910488,371.2234350910488,0.0,1.0
3562,2019-05-29 10:00:00,5,2019-05-29 11:00:00,0.06431,0.06431,0.06431,0.0,0.24217261605922535,302.95171171584155,-0.0,0.0,0.0,302.95171171584155,302.95171171584155,0.0,0.0
3563,2019-05-29 11:00:00,5,2019-05-29 12:00:00,0.06431,0.06431,0.06431,0.0,0.24217261605922535,301.1500529635589,-69.53951928973382,0.0,0.0,370.6895722532927,370.6895722532927,0.0,1.0
3564,2019-05-29 12:00:00,5,2019-05-29 13:00:00,0.06431,0.06431,0.06431,0.0,0.45542714188107575,282.5880074818796,-88.63542760916926,0.0,0.0,371.2234350910488,371.2234350910488,0.0,1.0
3565,2019-05-29 13:00:00,5,2019-05-29 14:00:00,0.06431,0.06431,0.06431,0.0,0.7272424532158615,282.2807567918732,-88.94267829917561,0.0,0.0,371.2234350910488,371.2234350910488,0.0,1.0
3566,2019-05-29 14:00:00,5,2019-05-29 15:00:00,0.10531,0.10531,0.10531,0.0,1.0,279.0179629061086,-0.0,0.0,0.0,279.0179629061086,279.0179629061086,0.0,1.0
3567,2019-05-29 15:00:00,5,2019-05-29 16:00:00,0.10531,0.10531,0.10531,0.0,1.0,308.20343877267993,-0.0,0.0,0.0,308.20343877267993,308.20343877267993,0.0,1.0
3568,2019-05-29 16:00:00,5,2019-05-29 17:00:00,0.13592,0.13592,0.13592,0.0,1.0,333.55226471674484,-0.0,0.0,0.0,333.55226471674484,333.55226471674484,0.0,1.0
3569,2019-05-29 17:00:00,5,2019-05-29 18:00:00,0.13592,0.13592,0.13592,0.0,1.0,401.628549738574,-0.0,30.40511464752518,0.0,371.2234350910488,371.2234350910488,0.0,0.0
3570,2019-05-29 18:00:00,5,2019-05-29 19:00:00,0.13592,0.13592,0.13592,0.0,0.8898365411321552,415.3135688780259,-0.0,44.09013378697705,0.0,371.2234350910488,371.2234350910488,0.0,0.0
3571,2019-05-29 19:00:00,5,2019-05-29 20:00:00,0.13592,0.13592,0.13592,0.0,0.7300896795851368,451.55669347565635,-0.0,80.33325838460752,0.0,371.2234350910488,371.2234350910488,0.0,0.0
3572,2019-05-29 20:00:00,5,2019-05-29 21:00:00,0.13592,0.13592,0.13592,0.0,0.43902714920612407,422.5723259350418,-0.0,107.37149318089025,0.0,315.2008327541516,315.2008327541516,0.0,0.0
3573,2019-05-29 21:00:00,5,2019-05-29 22:00:00,0.10531,0.10531,0.10531,0.0,0.05,368.3575097169737,-0.0,0.0,0.0,368.3575097169737,368.3575097169737,0.0,1.0
3574,2019-05-29 22:00:00,5,2019-05-29 23:00:00,0.10531,0.10531,0.10531,0.0,0.05,302.47959688655885,-0.0,0.0,0.0,302.47959688655885,302.47959688655885,0.0,1.0
3575,2019-05-29 23:00:00,5,2019-05-30 00:00:00,0.10531,0.10531,0.10531,0.0,0.05,266.1250205560889,-73.24604770403607,0.0,0.0,339.37106826012496,339.37106826012496,0.0,1.0
3576,2019-05-30 00:00:00,5,2019-05-30 01:00:00,0.10531,0.10531,0.10531,0.0,0.27462121295904396,238.88374399696434,-0.0,0.0,0.0,238.88374399696434,238.88374399696434,0.0,1.0
3577,2019-05-30 01:00:00,5,2019-05-30 02:00:00,0.10531,0.10531,0.10531,0.0,0.27462121295904396,231.79208756760443,-0.0,0.0,0.0,231.79208756760443,231.79208756760443,0.0,1.0
3578,2019-05-30 02:00:00,5,2019-05-30 03:00:00,0.10531,0.10531,0.10531,0.0,0.27462121295904396,225.01623473687494,-0.0,0.0,0.0,225.01623473687494,225.01623473687494,0.0,1.0
3579,2019-05-30 03:00:00,5,2019-05-30 04:00:00,0.10531,0.10531,0.10531,0.0,0.27462121295904396,232.80890184438897,-0.0,0.0,0.0,232.80890184438897,232.80890184438897,0.0,0.0
3580,2019-05-30 04:00:00,5,2019-05-30 05:00:00,0.10531,0.10531,0.10531,0.0,0.27462121295904396,252.3980700121735,-0.0,0.0,0.0,252.3980700121735,252.3980700121735,0.0,0.0
3581,2019-05-30 05:00:00,5,2019-05-30 06:00:00,0.10531,0.10531,0.10531,0.0,0.27462121295904396,349.50270640330695,-0.0,0.0,0.0,349.50270640330695,349.50270640330695,0.0,0.0
3582,2019-05-30 06:00:00,5,2019-05-30 07:00:00,0.10531,0.10531,0.10531,0.0,0.27462121295904396,425.0288714987439,-0.0,53.80543640769508,0.0,371.2234350910488,371.2234350910488,0.0,0.0
3583,2019-05-30 07:00:00,5,2019-05-30 08:00:00,0.10531,0.10531,0.10531,0.0,0.0796739795978299,379.4134534600499,-0.0,8.190018369001052,0.0,371.2234350910488,371.2234350910488,0.0,0.0
3584,2019-05-30 08:00:00,5,2019-05-30 09:00:00,0.10531,0.10531,0.10531,0.0,0.05,346.7826777955016,-0.0,0.0,0.0,346.7826777955016,346.7826777955016,0.0,0.0
3585,2019-05-30 09:00:00,5,2019-05-30 10:00:00,0.06431,0.06431,0.06431,0.0,0.05,293.03230843855187,-78.19112665249696,0.0,0.0,371.2234350910488,371.2234350910488,0.0,1.0
3586,2019-05-30 10:00:00,5,2019-05-30 11:00:00,0.06431,0.06431,0.06431,0.0,0.289786121734324,291.2553415613848,-0.0,0.0,0.0,291.2553415613848,291.2553415613848,0.0,0.0
3587,2019-05-30 11:00:00,5,2019-05-30 12:00:00,0.06431,0.06431,0.06431,0.0,0.289786121734324,295.7262705612092,-75.49716452983961,0.0,0.0,371.2234350910488,371.2234350910488,0.0,1.0
3588,2019-05-30 12:00:00,5,2019-05-30 13:00:00,0.06431,0.06431,0.06431,0.0,0.5213107596258322,279.5935452856398,-91.62988980540905,0.0,0.0,371.2234350910488,371.2234350910488,0.0,1.0
3589,2019-05-30 13:00:00,5,2019-05-30 14:00:00,0.06431,0.06431,0.06431,0.0,0.8023090883624199,278.9397459115043,-64.46442770790655,0.0,0.0,343.40417361941087,343.40417361941087,0.0,1.0
3590,2019-05-30 14:00:00,5,2019-05-30 15:00:00,0.10531,0.10531,0.10531,0.0,1.0,278.70553122948337,-0.0,0.0,0.0,278.70553122948337,278.70553122948337,0.0,1.0
3591,2019-05-30 15:00:00,5,2019-05-30 16:00:00,0.10531,0.10531,0.10531,0.0,1.0,298.4716913133473,-0.0,0.0,0.0,298.4716913133473,298.4716913133473,0.0,1.0
3592,2019-05-30 16:00:00,5,2019-05-30 17:00:00,0.13592,0.13592,0.13592,0.0,1.0,342.2377294355334,-0.0,0.0,0.0,342.2377294355334,342.2377294355334,0.0,1.0
3593,2019-05-30 17:00:00,5,2019-05-30 18:00:00,0.13592,0.13592,0.13592,0.0,1.0,404.28913786303826,-0.0,73.82498598909883,0.0,330.46415187393944,330.46415187393944,0.0,0.0
3594,2019-05-30 18:00:00,5,2019-05-30 19:00:00,0.13592,0.13592,0.13592,0.0,0.7325181667061637,413.07300562868573,-0.0,41.84957053763691,0.0,371.2234350910488,371.2234350910488,0.0,0.0
3595,2019-05-30 19:00:00,5,2019-05-30 20:00:00,0.13592,0.13592,0.13592,0.0,0.5808892879466097,455.56999957023396,-0.0,84.34656447918513,0.0,371.2234350910488,371.2234350910488,0.0,0.0
3596,2019-05-30 20:00:00,5,2019-05-30 21:00:00,0.13592,0.13592,0.13592,0.0,0.2752857934568084,433.40231408512795,-0.0,62.17887899407913,0.0,371.2234350910488,371.2234350910488,0.0,0.0
3597,2019-05-30 21:00:00,5,2019-05-30 22:00:00,0.10531,0.10531,0.10531,0.0,0.05,365.5310709888364,-0.0,0.0,0.0,365.5310709888364,365.5310709888364,0.0,1.0
3598,2019-05-30 22:00:00,5,2019-05-30 23:00:00,0.10531,0.10531,0.10531,0.0,0.05,296.62274000261255,-0.0,0.0,0.0,296.62274000261255,296.62274000261255,0.0,1.0
3599,2019-05-30 23:00:00,5,2019-05-31 00:00:00,0.10531,0.10531,0.10531,0.0,0.05,256.1515046301269,-68.41521991233358,0.0,0.0,324.5667245424605,324.5667245424605,0.0,1.0
3600,2019-05-31 00:00:00,5,2019-05-31 01:00:00,0.10531,0.10531,0.10531,0.0,0.259806674397823,245.0144607319751,-0.0,0.0,0.0,245.0144607319751,245.0144607319751,0.0,1.0
3601,2019-05-31 01:00:00,5,2019-05-31 02:00:00,0.10531,0.10531,0.10531,0.0,0.259806674397823,238.763973287075,-0.0,0.0,0.0,238.763973287075,238.763973287075,0.0,0.0
3602,2019-05-31 02:00:00,5,2019-05-31 03:00:00,0.10531,0.10531,0.10531,0.0,0.259806674397823,236.79284831223015,-0.0,0.0,0.0,236.79284831223015,236.79284831223015,0.0,1.0
3603,2019-05-31 03:00:00,5,2019-05-31 04:00:00,0.10531,0.10531,0.10531,0.0,0.259806674397823,245.75114953158985,-0.0,0.0,0.0,245.75114953158985,245.75114953158985,0.0,1.0
3604,2019-05-31 04:00:00,5,2019-05-31 05:00:00,0.10531,0.10531,0.10531,0.0,0.259806674397823,264.9790885605421,-0.0,0.0,0.0,264.9790885605421,264.9790885605421,0.0,1.0
3605,2019-05-31 05:00:00,5,2019-05-31 06:00:00,0.10531,0.10531,0.10531,0.0,0.259806674397823,358.68663542295576,-0.0,0.0,0.0,358.68663542295576,358.68663542295576,0.0,1.0
3606,2019-05-31 06:00:00,5,2019-05-31 07:00:00,0.10531,0.10531,0.10531,0.0,0.259806674397823,422.48602121546867,-0.0,51.26258612441984,0.0,371.2234350910488,371.2234350910488,0.0,0.0
3607,2019-05-31 07:00:00,5,2019-05-31 08:00:00,0.10531,0.10531,0.10531,0.0,0.07407266670064969,377.86749110042814,-0.0,6.644056009379312,0.0,371.2234350910488,371.2234350910488,0.0,0.0
3608,2019-05-31 08:00:00,5,2019-05-31 09:00:00,0.10531,0.10531,0.10531,0.0,0.05,344.380142589631,-0.0,0.0,0.0,344.380142589631,344.380142589631,0.0,0.0
3609,2019-05-31 09:00:00,5,2019-05-31 10:00:00,0.06431,0.06431,0.06431,0.0,0.05,290.59416479049315,-80.62927030055567,0.0,0.0,371.2234350910488,371.2234350910488,0.0,1.0
3610,2019-05-31 10:00:00,5,2019-05-31 11:00:00,0.06431,0.06431,0.06431,0.0,0.2972630955883707,289.5192545640762,-0.0,0.0,0.0,289.5192545640762,289.5192545640762,0.0,0.0
3611,2019-05-31 11:00:00,5,2019-05-31 12:00:00,0.06431,0.06431,0.06431,0.0,0.2972630955883707,283.4734880462195,-87.74994704482936,0.0,0.0,371.2234350910488,371.2234350910488,0.0,1.0
3612,2019-05-31 12:00:00,5,2019-05-31 13:00:00,0.06431,0.06431,0.06431,0.0,0.5663629331925141,274.314958639653,-96.90847645139581,0.0,0.0,371.2234350910488,371.2234350910488,0.0,1.0
3613,2019-05-31 13:00:00,5,2019-05-31 14:00:00,0.06431,0.06431,0.06431,0.0,0.8635489276434611,273.9328797769486,-44.49491489887135,0.0,0.0,318.42779467581994,318.42779467581994,0.0,1.0
3614,2019-05-31 14:00:00,5,2019-05-31 15:00:00,0.10531,0.10531,0.10531,0.0,1.0,278.58876919075794,-0.0,0.0,0.0,278.58876919075794,278.58876919075794,0.0,1.0
3615,2019-05-31 15:00:00,5,2019-05-31 16:00:00,0.10531,0.10531,0.10531,0.0,1.0,318.0501846869385,-0.0,0.0,0.0,318.0501846869385,318.0501846869385,0.0,1.0
3616,2019-05-31 16:00:00,5,2019-05-31 17:00:00,0.13592,0.13592,0.13592,0.0,1.0,348.43738131092005,-0.0,0.0,0.0,348.43738131092005,348.43738131092005,0.0,1.0
3617,2019-05-31 17:00:00,5,2019-05-31 18:00:00,0.13592,0.13592,0.13592,0.0,1.0,400.77209197146686,-0.0,29.548656880418037,0.0,371.2234350910488,371.2234350910488,0.0,0.0
3618,2019-05-31 18:00:00,5,2019-05-31 19:00:00,0.13592,0.13592,0.13592,0.0,0.8929396489839926,403.5264630357103,-0.0,32.303027944661494,0.0,371.2234350910488,371.2234350910488,0.0,0.0
3619,2019-05-31 19:00:00,5,2019-05-31 20:00:00,0.13592,0.13592,0.13592,0.0,0.7758996926627554,441.4876551602329,-0.0,140.08264894953996,0.0,301.40500621069293,301.40500621069293,0.0,0.0
3620,2019-05-31 20:00:00,5,2019-05-31 21:00:00,0.13592,0.13592,0.13592,0.0,0.2683538631354367,431.48910131642936,-0.0,60.26566622538053,0.0,371.2234350910488,371.2234350910488,0.0,0.0
3621,2019-05-31 21:00:00,5,2019-05-31 22:00:00,0.10531,0.10531,0.10531,0.0,0.05,363.7542933469748,-0.0,0.0,0.0,363.7542933469748,363.7542933469748,0.0,1.0
3622,2019-05-31 22:00:00,5,2019-05-31 23:00:00,0.10531,0.10531,0.10531,0.0,0.05,295.15453238664605,-64.4658814172785,0.0,0.0,359.6204138039245,359.6204138039245,0.0,1.0
3623,2019-05-31 23:00:00,5,2019-06-01 00:00:00,0.10531,0.10531,0.10531,0.0,0.24769536967965408,259.2470189630631,-0.0,0.0,0.0,259.2470189630631,259.2470189630631,0.0,1.0
3624,2019-06-01 00:00:00,6,2019-06-01 01:00:00,0.10547,0.10547,0.10547,0.0,0.24769536967965408,245.9514048271303,-0.0,0.0,0.0,245.9514048271303,245.9514048271303,0.0,0.0
3625,2019-06-01 01:00:00,6,2019-06-01 02:00:00,0.10547,0.10547,0.10547,0.0,0.24769536967965408,235.90255677311075,-0.0,0.0,0.0,235.90255677311075,235.90255677311075,0.0,1.0
3626,2019-06-01 02:00:00,6,2019-06-01 03:00:00,0.10547,0.10547,0.10547,0.0,0.24769536967965408,223.5396299560021,-101.28157005545148,0.0,0.0,324.8212000114536,324.8212000114536,0.0,1.0
3627,2019-06-01 03:00:00,6,2019-06-01 04:00:00,0.10547,0.10547,0.10547,0.0,0.558292184516372,211.97114342592138,-144.03515722292218,0.0,0.0,356.00630064884353,356.00630064884353,0.0,1.0
3628,2019-06-01 04:00:00,6,2019-06-01 05:00:00,0.10547,0.10547,0.10547,0.0,1.0,212.20146647947564,-0.0,0.0,0.0,212.20146647947564,212.20146647947564,0.0,0.0
3629,2019-06-01 05:00:00,6,2019-06-01 06:00:00,0.10547,0.10547,0.10547,0.0,1.0,348.588196733199,-0.0,0.0,0.0,348.588196733199,348.588196733199,0.0,1.0
3630,2019-06-01 06:00:00,6,2019-06-01 07:00:00,0.10547,0.10547,0.10547,0.0,1.0,421.54283038660594,-0.0,65.53652973776236,0.0,356.0063006488436,356.0063006488436,0.0,0.0
3631,2019-06-01 07:00:00,6,2019-06-01 08:00:00,0.10547,0.10547,0.10547,0.0,0.7625488052979624,375.46796182707624,-0.0,19.461661178232646,0.0,356.0063006488436,356.0063006488436,0.0,0.0
3632,2019-06-01 08:00:00,6,2019-06-01 09:00:00,0.10547,0.10547,0.10547,0.0,0.6920355401594384,342.82390570662466,-0.0,0.0,0.0,342.82390570662466,342.82390570662466,0.0,0.0
3633,2019-06-01 09:00:00,6,2019-06-01 10:00:00,0.10547,0.10547,0.10547,0.0,0.6920355401594384,293.3194087741664,-0.0,0.0,0.0,293.3194087741664,293.3194087741664,0.0,0.0
3634,2019-06-01 10:00:00,6,2019-06-01 11:00:00,0.10547,0.10547,0.10547,0.0,0.6920355401594384,291.3447169758482,-20.151249721709764,0.0,0.0,311.49596669755795,311.49596669755795,0.0,1.0
3635,2019-06-01 11:00:00,6,2019-06-01 12:00:00,0.10547,0.10547,0.10547,0.0,0.7538327059726817,283.78717974044423,-0.0,0.0,0.0,283.78717974044423,283.78717974044423,0.0,0.0
3636,2019-06-01 12:00:00,6,2019-06-01 13:00:00,0.10547,0.10547,0.10547,0.0,0.7538327059726817,275.73435694428326,-80.27194370456033,0.0,0.0,356.0063006488436,356.0063006488436,0.0,1.0
3637,2019-06-01 13:00:00,6,2019-06-01 14:00:00,0.10547,0.10547,0.10547,0.0,1.0,279.49333258575797,3.089316242435218e-14,0.0,0.0,279.4933325857579,279.4933325857579,0.0,1.0
3638,2019-06-01 14:00:00,6,2019-06-01 15:00:00,0.12561,0.12561,0.12561,0.0,1.0,294.97486407625894,-0.0,0.0,0.0,294.97486407625894,294.97486407625894,0.0,1.0
3639,2019-06-01 15:00:00,6,2019-06-01 16:00:00,0.12561,0.12561,0.12561,0.0,1.0,342.52391762688075,-0.0,0.0,0.0,342.52391762688075,342.52391762688075,0.0,0.0
3640,2019-06-01 16:00:00,6,2019-06-01 17:00:00,0.15111,0.15111,0.15111,0.0,1.0,371.10349814078216,-0.0,15.097197491938571,0.0,356.0063006488436,356.0063006488436,0.0,0.0
3641,2019-06-01 17:00:00,6,2019-06-01 18:00:00,0.15111,0.15111,0.15111,0.0,0.945300009087179,406.550996401077,-0.0,50.544695752233395,0.0,356.0063006488436,356.0063006488436,0.0,0.0
3642,2019-06-01 18:00:00,6,2019-06-01 19:00:00,0.15111,0.15111,0.15111,0.0,0.7621670534631448,409.5521853058549,-0.0,53.5458846570113,0.0,356.0063006488436,356.0063006488436,0.0,0.0
3643,2019-06-01 19:00:00,6,2019-06-01 20:00:00,0.15111,0.15111,0.15111,0.0,0.5681602249957125,436.9244753697019,-0.0,80.9181747208583,0.0,356.0063006488436,356.0063006488436,0.0,0.0
3644,2019-06-01 20:00:00,6,2019-06-01 21:00:00,0.15111,0.15111,0.15111,0.0,0.27497843252883464,418.10034802680195,-0.0,62.09404737795837,0.0,356.0063006488436,356.0063006488436,0.0,0.0
3645,2019-06-01 21:00:00,6,2019-06-01 22:00:00,0.12561,0.12561,0.12561,0.0,0.05,355.58779207414926,-0.0,0.0,0.0,355.58779207414926,355.58779207414926,0.0,1.0
3646,2019-06-01 22:00:00,6,2019-06-01 23:00:00,0.12561,0.12561,0.12561,0.0,0.05,292.5862109171062,-0.0,0.0,0.0,292.5862109171062,292.5862109171062,0.0,1.0
3647,2019-06-01 23:00:00,6,2019-06-02 00:00:00,0.10547,0.10547,0.10547,0.0,0.05,260.1427171598161,-0.0,0.0,0.0,260.1427171598161,260.1427171598161,0.0,1.0
3648,2019-06-02 00:00:00,6,2019-06-02 01:00:00,0.10547,0.10547,0.10547,0.0,0.05,247.5521957613075,-0.0,0.0,0.0,247.5521957613075,247.5521957613075,0.0,1.0
3649,2019-06-02 01:00:00,6,2019-06-02 02:00:00,0.10547,0.10547,0.10547,0.0,0.05,240.75701829901917,-0.0,0.0,0.0,240.75701829901917,240.75701829901917,0.0,1.0
3650,2019-06-02 02:00:00,6,2019-06-02 03:00:00,0.10547,0.10547,0.10547,0.0,0.05,239.39999452366334,-0.0,0.0,0.0,239.39999452366334,239.39999452366334,0.0,1.0
3651,2019-06-02 03:00:00,6,2019-06-02 04:00:00,0.10547,0.10547,0.10547,0.0,0.05,249.8989421876728,-0.0,0.0,0.0,249.8989421876728,249.8989421876728,0.0,1.0
3652,2019-06-02 04:00:00,6,2019-06-02 05:00:00,0.10547,0.10547,0.10547,0.0,0.05,266.7249322001915,-96.26398255861115,0.0,0.0,362.98891475880265,362.98891475880265,0.0,1.0
3653,2019-06-02 05:00:00,6,2019-06-02 06:00:00,0.10547,0.10547,0.10547,0.0,0.34520954651307423,362.94244859130106,-0.0,0.0,0.0,362.94244859130106,362.94244859130106,0.0,1.0
3654,2019-06-02 06:00:00,6,2019-06-02 07:00:00,0.10547,0.10547,0.10547,0.0,0.34520954651307423,422.08088743724034,-0.0,59.09197267843767,0.0,362.98891475880265,362.98891475880265,0.0,0.0
3655,2019-06-02 07:00:00,6,2019-06-02 08:00:00,0.10547,0.10547,0.10547,0.0,0.13110819622887973,377.6235155606904,-0.0,14.634600801887757,0.0,362.98891475880265,362.98891475880265,0.0,0.0
3656,2019-06-02 08:00:00,6,2019-06-02 09:00:00,0.10547,0.10547,0.10547,0.0,0.07808428028001105,345.5080692967721,0.0,0.0,0.0,345.5080692967721,345.5080692967721,0.0,0.0
3657,2019-06-02 09:00:00,6,2019-06-02 10:00:00,0.10547,0.10547,0.10547,0.0,0.07808428028001105,293.37402116178436,-0.0,0.0,0.0,293.37402116178436,293.37402116178436,0.0,1.0
3658,2019-06-02 10:00:00,6,2019-06-02 11:00:00,0.10547,0.10547,0.10547,0.0,0.07808428028001105,292.5852714310096,-62.31585682951199,0.0,0.0,354.90112826052155,354.90112826052155,0.0,1.0
3659,2019-06-02 11:00:00,6,2019-06-02 12:00:00,0.10547,0.10547,0.10547,0.0,0.2691862412238478,289.07393949299967,-73.91497526580298,0.0,0.0,362.98891475880265,362.98891475880265,0.0,1.0
3660,2019-06-02 12:00:00,6,2019-06-02 13:00:00,0.10547,0.10547,0.10547,0.0,0.495858832038977,282.13633558542233,-80.85257917338032,0.0,0.0,362.98891475880265,362.98891475880265,0.0,1.0
3661,2019-06-02 13:00:00,6,2019-06-02 14:00:00,0.10547,0.10547,0.10547,0.0,0.7438067415040099,279.44763481445807,-83.5412799443446,0.0,0.0,362.98891475880265,362.98891475880265,0.0,1.0
3662,2019-06-02 14:00:00,6,2019-06-02 15:00:00,0.12561,0.12561,0.12561,0.0,1.0,278.215994406923,-0.0,0.0,0.0,278.215994406923,278.215994406923,0.0,1.0
3663,2019-06-02 15:00:00,6,2019-06-02 16:00:00,0.12561,0.12561,0.12561,0.0,1.0,302.1944230182416,-0.0,0.0,0.0,302.1944230182416,302.1944230182416,0.0,1.0
3664,2019-06-02 16:00:00,6,2019-06-02 17:00:00,0.15111,0.15111,0.15111,0.0,1.0,337.1804086989226,-0.0,0.0,0.0,337.1804086989226,337.1804086989226,0.0,1.0
3665,2019-06-02 17:00:00,6,2019-06-02 18:00:00,0.15111,0.15111,0.15111,0.0,1.0,400.0162793725526,-0.0,37.02736461375,0.0,362.98891475880265,362.98891475880265,0.0,0.0
3666,2019-06-02 18:00:00,6,2019-06-02 19:00:00,0.15111,0.15111,0.15111,0.0,0.8658428818342391,417.89651505179404,-0.0,54.907600292991376,0.0,362.98891475880265,362.98891475880265,0.0,0.0
3667,2019-06-02 19:00:00,6,2019-06-02 20:00:00,0.15111,0.15111,0.15111,0.0,0.6669023010625313,458.22952858926544,-0.0,95.24061383046278,0.0,362.98891475880265,362.98891475880265,0.0,0.0
3668,2019-06-02 20:00:00,6,2019-06-02 21:00:00,0.15111,0.15111,0.15111,0.0,0.32182761327099957,434.49603536356983,-0.0,71.50712060476717,0.0,362.98891475880265,362.98891475880265,0.0,0.0
3669,2019-06-02 21:00:00,6,2019-06-02 22:00:00,0.12561,0.12561,0.12561,0.0,0.06274384296387212,366.50621541683137,-0.0,3.5173006580287023,0.0,362.98891475880265,362.98891475880265,0.0,0.0
3670,2019-06-02 22:00:00,6,2019-06-02 23:00:00,0.12561,0.12561,0.12561,0.0,0.05,296.81045286616734,-0.0,0.0,0.0,296.81045286616734,296.81045286616734,0.0,1.0
3671,2019-06-02 23:00:00,6,2019-06-03 00:00:00,0.10547,0.10547,0.10547,0.0,0.05,254.81551388211975,-87.35781043581527,0.0,0.0,342.173324317935,342.173324317935,0.0,1.0
3672,2019-06-03 00:00:00,6,2019-06-03 01:00:00,0.10547,0.10547,0.10547,0.0,0.31789728533650013,246.80146250158168,-35.37508674365214,0.0,0.0,282.1765492452338,282.1765492452338,0.0,1.0
3673,2019-06-03 01:00:00,6,2019-06-03 02:00:00,0.10547,0.10547,0.10547,0.0,0.42638088468370006,225.01430837750462,-137.97460638129803,0.0,0.0,362.98891475880265,362.98891475880265,0.0,1.0
3674,2019-06-03 02:00:00,6,2019-06-03 03:00:00,0.10547,0.10547,0.10547,0.0,0.8495030109196807,208.11219437408738,-0.0,0.0,0.0,208.11219437408738,208.11219437408738,0.0,1.0
3675,2019-06-03 03:00:00,6,2019-06-03 04:00:00,0.10547,0.10547,0.10547,0.0,0.8495030109196807,206.6539434450621,-0.0,0.0,0.0,206.6539434450621,206.6539434450621,0.0,1.0
3676,2019-06-03 04:00:00,6,2019-06-03 05:00:00,0.10547,0.10547,0.10547,0.0,0.8495030109196807,209.17896356483152,-0.0,0.0,0.0,209.17896356483152,209.17896356483152,0.0,1.0
3677,2019-06-03 05:00:00,6,2019-06-03 06:00:00,0.10547,0.10547,0.10547,0.0,0.8495030109196807,295.964042322149,-0.0,0.0,0.0,295.964042322149,295.964042322149,0.0,1.0
3678,2019-06-03 06:00:00,6,2019-06-03 07:00:00,0.10547,0.10547,0.10547,0.0,0.8495030109196807,377.17766367154866,-0.0,14.188748912746007,0.0,362.98891475880265,362.98891475880265,0.0,0.0
3679,2019-06-03 07:00:00,6,2019-06-03 08:00:00,0.10547,0.10547,0.10547,0.0,0.7980945003662531,418.4991017525334,-0.0,55.51018699373077,0.0,362.98891475880265,362.98891475880265,0.0,0.0
3680,2019-06-03 08:00:00,6,2019-06-03 09:00:00,0.10547,0.10547,0.10547,0.0,0.5969706344469388,367.22962960519993,-0.0,4.240714846397282,0.0,362.98891475880265,362.98891475880265,0.0,0.0
3681,2019-06-03 09:00:00,6,2019-06-03 10:00:00,0.10547,0.10547,0.10547,0.0,0.5816057255831805,307.7827344904025,-0.0,0.0,0.0,307.7827344904025,307.7827344904025,0.0,0.0
3682,2019-06-03 10:00:00,6,2019-06-03 11:00:00,0.10547,0.10547,0.10547,0.0,0.5816057255831805,296.07135580523374,-66.91755895356891,0.0,0.0,362.98891475880265,362.98891475880265,0.0,1.0
3683,2019-06-03 11:00:00,6,2019-06-03 12:00:00,0.10547,0.10547,0.10547,0.0,0.7868195730407919,293.47355814166957,-69.51535661713308,0.0,0.0,362.98891475880265,362.98891475880265,0.0,1.0
3684,2019-06-03 12:00:00,6,2019-06-03 13:00:00,0.10547,0.10547,0.10547,0.0,1.0,281.02878415961464,-0.0,0.0,0.0,281.02878415961464,281.02878415961464,0.0,1.0
3685,2019-06-03 13:00:00,6,2019-06-03 14:00:00,0.10547,0.10547,0.10547,0.0,1.0,275.82187312057357,-0.0,0.0,0.0,275.82187312057357,275.82187312057357,0.0,1.0
3686,2019-06-03 14:00:00,6,2019-06-03 15:00:00,0.12561,0.12561,0.12561,0.0,1.0,276.08677777272675,-0.0,0.0,0.0,276.08677777272675,276.08677777272675,0.0,1.0
3687,2019-06-03 15:00:00,6,2019-06-03 16:00:00,0.12561,0.12561,0.12561,0.0,1.0,306.24949720207735,-0.0,0.0,0.0,306.24949720207735,306.24949720207735,0.0,1.0
3688,2019-06-03 16:00:00,6,2019-06-03 17:00:00,0.15111,0.15111,0.15111,0.0,1.0,341.91198799877367,-0.0,0.0,0.0,341.91198799877367,341.91198799877367,0.0,1.0
3689,2019-06-03 17:00:00,6,2019-06-03 18:00:00,0.15111,0.15111,0.15111,0.0,1.0,411.4096930836885,-0.0,48.42077832488587,0.0,362.98891475880265,362.98891475880265,0.0,0.0
3690,2019-06-03 18:00:00,6,2019-06-03 19:00:00,0.15111,0.15111,0.15111,0.0,0.8245623973736019,406.12048692076525,-0.0,43.131572161962595,0.0,362.98891475880265,362.98891475880265,0.0,0.0
3691,2019-06-03 19:00:00,6,2019-06-03 20:00:00,0.15111,0.15111,0.15111,0.0,0.668288585192578,435.3000555543239,-0.0,72.31114079552123,0.0,362.98891475880265,362.98891475880265,0.0,0.0
3692,2019-06-03 20:00:00,6,2019-06-03 21:00:00,0.15111,0.15111,0.15111,0.0,0.4062916982522838,426.59748966433284,-0.0,89.39620101661583,0.0,337.201288647717,337.201288647717,0.0,0.0
3693,2019-06-03 21:00:00,6,2019-06-03 22:00:00,0.12561,0.12561,0.12561,0.0,0.08239241920657424,371.92922245981714,-0.0,8.94030770101449,0.0,362.98891475880265,362.98891475880265,0.0,0.0
3694,2019-06-03 22:00:00,6,2019-06-03 23:00:00,0.12561,0.12561,0.12561,0.0,0.05,300.02691814162534,-0.0,0.0,0.0,300.02691814162534,300.02691814162534,0.0,1.0
3695,2019-06-03 23:00:00,6,2019-06-04 00:00:00,0.10547,0.10547,0.10547,0.0,0.05,260.05620289911235,-0.0,0.0,0.0,260.05620289911235,260.05620289911235,0.0,1.0
3696,2019-06-04 00:00:00,6,2019-06-04 01:00:00,0.10547,0.10547,0.10547,0.0,0.05,266.2336386772855,-54.4504690107858,0.0,0.0,320.6841076880713,320.6841076880713,0.0,1.0
3697,2019-06-04 01:00:00,6,2019-06-04 02:00:00,0.10547,0.10547,0.10547,0.0,0.21698143829974315,248.20672689959997,-0.0,0.0,0.0,248.20672689959997,248.20672689959997,0.0,0.0
3698,2019-06-04 02:00:00,6,2019-06-04 03:00:00,0.10547,0.10547,0.10547,0.0,0.21698143829974315,244.49706998965837,-118.49184476914428,0.0,0.0,362.98891475880265,362.98891475880265,0.0,1.0
3699,2019-06-04 03:00:00,6,2019-06-04 04:00:00,0.10547,0.10547,0.10547,0.0,0.580356428925119,253.75576755550168,-0.0,0.0,0.0,253.75576755550168,253.75576755550168,0.0,1.0
3700,2019-06-04 04:00:00,6,2019-06-04 05:00:00,0.10547,0.10547,0.10547,0.0,0.580356428925119,251.43446781495504,-0.0,0.0,0.0,251.43446781495504,251.43446781495504,0.0,1.0
3701,2019-06-04 05:00:00,6,2019-06-04 06:00:00,0.10547,0.10547,0.10547,0.0,0.580356428925119,320.16784284735866,-0.0,0.0,0.0,320.16784284735866,320.16784284735866,0.0,1.0
3702,2019-06-04 06:00:00,6,2019-06-04 07:00:00,0.10547,0.10547,0.10547,0.0,0.580356428925119,380.57874783874274,-0.0,17.589833079940092,0.0,362.98891475880265,362.98891475880265,0.0,0.0
3703,2019-06-04 07:00:00,6,2019-06-04 08:00:00,0.10547,0.10547,0.10547,0.0,0.5166251496499737,413.9205697318237,-0.0,50.93165497302107,0.0,362.98891475880265,362.98891475880265,0.0,0.0
3704,2019-06-04 08:00:00,6,2019-06-04 09:00:00,0.10547,0.10547,0.10547,0.0,0.3320901678636655,353.022030987868,-0.0,0.0,0.0,353.022030987868,353.022030987868,0.0,1.0
3705,2019-06-04 09:00:00,6,2019-06-04 10:00:00,0.10547,0.10547,0.10547,0.0,0.3320901678636655,300.5486238328766,-62.440290925926035,0.0,0.0,362.98891475880265,362.98891475880265,0.0,1.0
3706,2019-06-04 10:00:00,6,2019-06-04 11:00:00,0.10547,0.10547,0.10547,0.0,0.523573726703172,289.88270114633974,-0.0,0.0,0.0,289.88270114633974,289.88270114633974,0.0,0.0
3707,2019-06-04 11:00:00,6,2019-06-04 12:00:00,0.10547,0.10547,0.10547,0.0,0.523573726703172,293.2651375424684,-69.72377721633427,0.0,0.0,362.98891475880265,362.98891475880265,0.0,1.0
3708,2019-06-04 12:00:00,6,2019-06-04 13:00:00,0.10547,0.10547,0.10547,0.0,0.7373933101665971,277.35629850878,-85.63261625002265,0.0,0.0,362.98891475880265,362.98891475880265,0.0,1.0
3709,2019-06-04 13:00:00,6,2019-06-04 14:00:00,0.10547,0.10547,0.10547,0.0,1.0,287.9394984027578,-0.0,0.0,0.0,287.9394984027578,287.9394984027578,0.0,1.0
3710,2019-06-04 14:00:00,6,2019-06-04 15:00:00,0.12561,0.12561,0.12561,0.0,1.0,300.14260233922175,-0.0,0.0,0.0,300.14260233922175,300.14260233922175,0.0,1.0
3711,2019-06-04 15:00:00,6,2019-06-04 16:00:00,0.12561,0.12561,0.12561,0.0,1.0,322.44774501587506,-0.0,0.0,0.0,322.44774501587506,322.44774501587506,0.0,1.0
3712,2019-06-04 16:00:00,6,2019-06-04 17:00:00,0.15111,0.15111,0.15111,0.0,1.0,364.0605034109182,-0.0,1.0715886521155653,0.0,362.98891475880265,362.98891475880265,0.0,0.0
3713,2019-06-04 17:00:00,6,2019-06-04 18:00:00,0.15111,0.15111,0.15111,0.0,0.9961174324198713,408.7392375817999,-0.0,45.75032282299725,0.0,362.98891475880265,362.98891475880265,0.0,0.0
3714,2019-06-04 18:00:00,6,2019-06-04 19:00:00,0.15111,0.15111,0.15111,0.0,0.8303553932061131,406.7480170047141,-0.0,43.759102245911436,0.0,362.98891475880265,362.98891475880265,0.0,0.0
3715,2019-06-04 19:00:00,6,2019-06-04 20:00:00,0.15111,0.15111,0.15111,0.0,0.6718079213006369,429.40067506474037,-0.0,66.41176030593772,0.0,362.98891475880265,362.98891475880265,0.0,0.0
3716,2019-06-04 20:00:00,6,2019-06-04 21:00:00,0.15111,0.15111,0.15111,0.0,0.43118560135158723,410.89115885058743,-0.0,105.20722597303808,0.0,305.68393287754935,305.68393287754935,0.0,0.0
3717,2019-06-04 21:00:00,6,2019-06-04 22:00:00,0.12561,0.12561,0.12561,0.0,0.05,361.0244216785077,-0.0,0.0,0.0,361.0244216785077,361.0244216785077,0.0,1.0
3718,2019-06-04 22:00:00,6,2019-06-04 23:00:00,0.12561,0.12561,0.12561,0.0,0.05,297.48306281080767,-0.0,0.0,0.0,297.48306281080767,297.48306281080767,0.0,1.0
3719,2019-06-04 23:00:00,6,2019-06-05 00:00:00,0.10547,0.10547,0.10547,0.0,0.05,281.50476711316645,-0.0,0.0,0.0,281.50476711316645,281.50476711316645,0.0,1.0
3720,2019-06-05 00:00:00,6,2019-06-05 01:00:00,0.10547,0.10547,0.10547,0.0,0.05,262.66970748011136,-102.58080140830705,0.0,0.0,365.2505088884184,365.2505088884184,0.0,1.0
3721,2019-06-05 01:00:00,6,2019-06-05 02:00:00,0.10547,0.10547,0.10547,0.0,0.3645811243188083,252.304551872102,-112.94595701631641,0.0,0.0,365.2505088884184,365.2505088884184,0.0,1.0
3722,2019-06-05 02:00:00,6,2019-06-05 03:00:00,0.10547,0.10547,0.10547,0.0,0.7109487258355119,247.8144802698275,-94.2558502710287,0.0,0.0,342.0703305408562,342.0703305408562,0.0,1.0
3723,2019-06-05 03:00:00,6,2019-06-05 04:00:00,0.10547,0.10547,0.10547,0.0,1.0,246.63125808387156,-0.0,0.0,0.0,246.63125808387156,246.63125808387156,0.0,1.0
3724,2019-06-05 04:00:00,6,2019-06-05 05:00:00,0.10547,0.10547,0.10547,0.0,1.0,248.94648588664103,-0.0,0.0,0.0,248.94648588664103,248.94648588664103,0.0,1.0
3725,2019-06-05 05:00:00,6,2019-06-05 06:00:00,0.10547,0.10547,0.10547,0.0,1.0,354.32081008616046,-0.0,0.0,0.0,354.32081008616046,354.32081008616046,0.0,1.0
3726,2019-06-05 06:00:00,6,2019-06-05 07:00:00,0.10547,0.10547,0.10547,0.0,1.0,421.9036838567759,-0.0,56.65317496835749,0.0,365.2505088884184,365.2505088884184,0.0,0.0
3727,2019-06-05 07:00:00,6,2019-06-05 08:00:00,0.10547,0.10547,0.10547,0.0,0.7947348733030526,374.39497187357466,-0.0,9.144462985156252,0.0,365.2505088884184,365.2505088884184,0.0,0.0
3728,2019-06-05 08:00:00,6,2019-06-05 09:00:00,0.10547,0.10547,0.10547,0.0,0.7616027610379937,340.2857255369092,-0.0,0.0,0.0,340.2857255369092,340.2857255369092,0.0,0.0
3729,2019-06-05 09:00:00,6,2019-06-05 10:00:00,0.10547,0.10547,0.10547,0.0,0.7616027610379937,286.243711364971,-0.0,0.0,0.0,286.243711364971,286.243711364971,0.0,0.0
3730,2019-06-05 10:00:00,6,2019-06-05 11:00:00,0.10547,0.10547,0.10547,0.0,0.7616027610379937,291.7235257632275,-73.52698312519092,0.0,0.0,365.2505088884184,365.2505088884184,0.0,1.0
3731,2019-06-05 11:00:00,6,2019-06-05 12:00:00,0.10547,0.10547,0.10547,0.0,0.9870855092885792,292.4203717339679,-0.0,0.0,0.0,292.4203717339679,292.4203717339679,0.0,0.0
3732,2019-06-05 12:00:00,6,2019-06-05 13:00:00,0.10547,0.10547,0.10547,0.0,0.9870855092885792,288.9039223730994,-0.0,0.0,0.0,288.9039223730994,288.9039223730994,0.0,1.0
3733,2019-06-05 13:00:00,6,2019-06-05 14:00:00,0.10547,0.10547,0.10547,0.0,0.9870855092885792,309.18757180400195,-4.211246971115471,0.0,0.0,313.39881877511743,313.39881877511743,0.0,1.0
3734,2019-06-05 14:00:00,6,2019-06-05 15:00:00,0.12561,0.12561,0.12561,0.0,1.0,309.2888200407778,-0.0,0.0,0.0,309.2888200407778,309.2888200407778,0.0,1.0
3735,2019-06-05 15:00:00,6,2019-06-05 16:00:00,0.12561,0.12561,0.12561,0.0,1.0,330.8232221842992,-0.0,0.0,0.0,330.8232221842992,330.8232221842992,0.0,1.0
3736,2019-06-05 16:00:00,6,2019-06-05 17:00:00,0.15111,0.15111,0.15111,0.0,1.0,359.77953640500516,-0.0,0.0,0.0,359.77953640500516,359.77953640500516,0.0,1.0
3737,2019-06-05 17:00:00,6,2019-06-05 18:00:00,0.15111,0.15111,0.15111,0.0,1.0,434.1129106901598,-0.0,68.86240180174143,0.0,365.2505088884184,365.2505088884184,0.0,0.0
3738,2019-06-05 18:00:00,6,2019-06-05 19:00:00,0.15111,0.15111,0.15111,0.0,0.750498544196589,431.2213892311352,-0.0,65.97088034271681,0.0,365.2505088884184,365.2505088884184,0.0,0.0
3739,2019-06-05 19:00:00,6,2019-06-05 20:00:00,0.15111,0.15111,0.15111,0.0,0.5114736154186296,445.19111815838653,-0.0,79.94060926996812,0.0,365.2505088884184,365.2505088884184,0.0,0.0
3740,2019-06-05 20:00:00,6,2019-06-05 21:00:00,0.15111,0.15111,0.15111,0.0,0.2218337267593248,412.67661747399205,-0.0,47.426108585573644,0.0,365.2505088884184,365.2505088884184,0.0,0.0
3741,2019-06-05 21:00:00,6,2019-06-05 22:00:00,0.12561,0.12561,0.12561,0.0,0.05,354.69771729792353,-0.0,0.0,0.0,354.69771729792353,354.69771729792353,0.0,1.0
3742,2019-06-05 22:00:00,6,2019-06-05 23:00:00,0.12561,0.12561,0.12561,0.0,0.05,290.98382587343315,-0.0,0.0,0.0,290.98382587343315,290.98382587343315,0.0,1.0
3743,2019-06-05 23:00:00,6,2019-06-06 00:00:00,0.10547,0.10547,0.10547,0.0,0.05,253.0309310565204,-0.0,0.0,0.0,253.0309310565204,253.0309310565204,0.0,1.0
3744,2019-06-06 00:00:00,6,2019-06-06 01:00:00,0.10547,0.10547,0.10547,0.0,0.05,234.16871182656857,-111.43122570652243,0.0,0.0,345.59993753309095,345.59993753309095,0.0,1.0
3745,2019-06-06 01:00:00,6,2019-06-06 02:00:00,0.10547,0.10547,0.10547,0.0,0.3917224255000021,235.64416872174883,-0.0,0.0,0.0,235.64416872174883,235.64416872174883,0.0,1.0
3746,2019-06-06 02:00:00,6,2019-06-06 03:00:00,0.10547,0.10547,0.10547,0.0,0.3917224255000021,237.9934481189757,-0.0,0.0,0.0,237.9934481189757,237.9934481189757,0.0,1.0
3747,2019-06-06 03:00:00,6,2019-06-06 04:00:00,0.10547,0.10547,0.10547,0.0,0.3917224255000021,239.10138729918387,-0.0,0.0,0.0,239.10138729918387,239.10138729918387,0.0,1.0
3748,2019-06-06 04:00:00,6,2019-06-06 05:00:00,0.10547,0.10547,0.10547,0.0,0.3917224255000021,231.0970978898778,-0.0,0.0,0.0,231.0970978898778,231.0970978898778,0.0,1.0
3749,2019-06-06 05:00:00,6,2019-06-06 06:00:00,0.10547,0.10547,0.10547,0.0,0.3917224255000021,342.1510297678162,-45.500683199123074,0.0,0.0,387.6517129669393,387.6517129669393,0.0,1.0
3750,2019-06-06 06:00:00,6,2019-06-06 07:00:00,0.10547,0.10547,0.10547,0.0,0.5312578539773128,421.92060189261866,-0.0,34.26888892567936,0.0,387.6517129669393,387.6517129669393,0.0,0.0
3751,2019-06-06 07:00:00,6,2019-06-06 08:00:00,0.10547,0.10547,0.10547,0.0,0.4070952129422427,376.8342103519105,-0.0,0.0,0.0,376.8342103519105,376.8342103519105,0.0,0.0
3752,2019-06-06 08:00:00,6,2019-06-06 09:00:00,0.10547,0.10547,0.10547,0.0,0.4070952129422427,339.0420132898423,-0.0,0.0,0.0,339.0420132898423,339.0420132898423,0.0,0.0
3753,2019-06-06 09:00:00,6,2019-06-06 10:00:00,0.10547,0.10547,0.10547,0.0,0.4070952129422427,283.1174684022763,-104.534244564663,0.0,0.0,387.6517129669393,387.6517129669393,0.0,1.0
3754,2019-06-06 10:00:00,6,2019-06-06 11:00:00,0.10547,0.10547,0.10547,0.0,0.7276668962738759,288.27589928422145,-0.0,0.0,0.0,288.27589928422145,288.27589928422145,0.0,0.0
3755,2019-06-06 11:00:00,6,2019-06-06 12:00:00,0.10547,0.10547,0.10547,0.0,0.7276668962738759,313.5180193871873,-0.0,0.0,0.0,313.5180193871873,313.5180193871873,0.0,1.0
3756,2019-06-06 12:00:00,6,2019-06-06 13:00:00,0.10547,0.10547,0.10547,0.0,0.7276668962738759,298.8474400127684,-88.8042729541709,0.0,0.0,387.6517129669393,387.6517129669393,0.0,1.0
3757,2019-06-06 13:00:00,6,2019-06-06 14:00:00,0.10547,0.10547,0.10547,0.0,1.0,316.3974086859159,-0.0,0.0,0.0,316.3974086859159,316.3974086859159,0.0,1.0
3758,2019-06-06 14:00:00,6,2019-06-06 15:00:00,0.12561,0.12561,0.12561,0.0,1.0,319.2630625441787,-0.0,0.0,0.0,319.2630625441787,319.2630625441787,0.0,1.0
3759,2019-06-06 15:00:00,6,2019-06-06 16:00:00,0.12561,0.12561,0.12561,0.0,1.0,331.622218173024,-0.0,0.0,0.0,331.622218173024,331.622218173024,0.0,1.0
3760,2019-06-06 16:00:00,6,2019-06-06 17:00:00,0.15111,0.15111,0.15111,0.0,1.0,363.79882016839423,-0.0,0.0,0.0,363.79882016839423,363.79882016839423,0.0,1.0
3761,2019-06-06 17:00:00,6,2019-06-06 18:00:00,0.15111,0.15111,0.15111,0.0,1.0,434.0842391514285,-0.0,46.43252618448922,0.0,387.6517129669393,387.6517129669393,0.0,0.0
3762,2019-06-06 18:00:00,6,2019-06-06 19:00:00,0.15111,0.15111,0.15111,0.0,0.8317662094764884,456.543620521706,-0.0,68.89190755476668,0.0,387.6517129669393,387.6517129669393,0.0,0.0
3763,2019-06-06 19:00:00,6,2019-06-06 20:00:00,0.15111,0.15111,0.15111,0.0,0.582157848770812,478.18934838198567,-0.0,90.53763541504637,0.0,387.6517129669393,387.6517129669393,0.0,0.0
3764,2019-06-06 20:00:00,6,2019-06-06 21:00:00,0.15111,0.15111,0.15111,0.0,0.25412293784673096,443.98964381263704,-0.0,56.33793084569774,0.0,387.6517129669393,387.6517129669393,0.0,0.0
3765,2019-06-06 21:00:00,6,2019-06-06 22:00:00,0.12561,0.12561,0.12561,0.0,0.05,362.323221634713,-0.0,0.0,0.0,362.323221634713,362.323221634713,0.0,1.0
3766,2019-06-06 22:00:00,6,2019-06-06 23:00:00,0.12561,0.12561,0.12561,0.0,0.05,282.83722474825504,-0.0,0.0,0.0,282.83722474825504,282.83722474825504,0.0,1.0
3767,2019-06-06 23:00:00,6,2019-06-07 00:00:00,0.10547,0.10547,0.10547,0.0,0.05,252.65576345114113,-0.0,0.0,0.0,252.65576345114113,252.65576345114113,0.0,1.0
3768,2019-06-07 00:00:00,6,2019-06-07 01:00:00,0.10547,0.10547,0.10547,0.0,0.05,260.93736123360236,-126.71435173333691,0.0,0.0,387.6517129669393,387.6517129669393,0.0,1.0
3769,2019-06-07 01:00:00,6,2019-06-07 02:00:00,0.10547,0.10547,0.10547,0.0,0.43859067864889995,247.0958426649139,-140.55587030202537,0.0,0.0,387.6517129669393,387.6517129669393,0.0,1.0
3770,2019-06-07 02:00:00,6,2019-06-07 03:00:00,0.10547,0.10547,0.10547,0.0,0.8696286809084444,236.60069343552337,-0.0,0.0,0.0,236.60069343552337,236.60069343552337,0.0,0.0
3771,2019-06-07 03:00:00,6,2019-06-07 04:00:00,0.10547,0.10547,0.10547,0.0,0.8696286809084444,237.32141038101133,-6.665153222557917,0.0,0.0,243.98656360356924,243.98656360356924,0.0,1.0
3772,2019-06-07 04:00:00,6,2019-06-07 05:00:00,0.10547,0.10547,0.10547,0.0,0.8900684841242885,243.51611876086568,-0.0,0.0,0.0,243.51611876086568,243.51611876086568,0.0,1.0
3773,2019-06-07 05:00:00,6,2019-06-07 06:00:00,0.10547,0.10547,0.10547,0.0,0.8900684841242885,351.1493179368702,-0.0,0.0,0.0,351.1493179368702,351.1493179368702,0.0,1.0
3774,2019-06-07 06:00:00,6,2019-06-07 07:00:00,0.10547,0.10547,0.10547,0.0,0.8900684841242885,410.3944595895021,-0.0,22.742746622562834,0.0,387.6517129669393,387.6517129669393,0.0,0.0
3775,2019-06-07 07:00:00,6,2019-06-07 08:00:00,0.10547,0.10547,0.10547,0.0,0.8076672282454378,354.04664103488074,-0.0,0.0,0.0,354.04664103488074,354.04664103488074,0.0,1.0
3776,2019-06-07 08:00:00,6,2019-06-07 09:00:00,0.10547,0.10547,0.10547,0.0,0.8076672282454378,324.9345047861038,-62.717208180835485,0.0,0.0,387.6517129669393,387.6517129669393,0.0,1.0
3777,2019-06-07 09:00:00,6,2019-06-07 10:00:00,0.10547,0.10547,0.10547,0.0,1.0,278.3364868572578,-0.0,0.0,0.0,278.3364868572578,278.3364868572578,0.0,1.0
3778,2019-06-07 10:00:00,6,2019-06-07 11:00:00,0.10547,0.10547,0.10547,0.0,1.0,282.4615380933155,-0.0,0.0,0.0,282.4615380933155,282.4615380933155,0.0,1.0
3779,2019-06-07 11:00:00,6,2019-06-07 12:00:00,0.10547,0.10547,0.10547,0.0,1.0,285.1423520255336,-0.0,0.0,0.0,285.1423520255336,285.1423520255336,0.0,0.0
3780,2019-06-07 12:00:00,6,2019-06-07 13:00:00,0.10547,0.10547,0.10547,0.0,1.0,280.52953965409506,-0.0,0.0,0.0,280.52953965409506,280.52953965409506,0.0,1.0
3781,2019-06-07 13:00:00,6,2019-06-07 14:00:00,0.10547,0.10547,0.10547,0.0,1.0,294.5739552411123,-0.0,0.0,0.0,294.5739552411123,294.5739552411123,0.0,1.0
3782,2019-06-07 14:00:00,6,2019-06-07 15:00:00,0.12561,0.12561,0.12561,0.0,1.0,290.5685059784869,-0.0,0.0,0.0,290.5685059784869,290.5685059784869,0.0,1.0
3783,2019-06-07 15:00:00,6,2019-06-07 16:00:00,0.12561,0.12561,0.12561,0.0,1.0,324.61301087613134,-0.0,0.0,0.0,324.61301087613134,324.61301087613134,0.0,1.0
3784,2019-06-07 16:00:00,6,2019-06-07 17:00:00,0.15111,0.15111,0.15111,0.0,1.0,376.2340078032791,-0.0,0.0,0.0,376.2340078032791,376.2340078032791,0.0,1.0
3785,2019-06-07 17:00:00,6,2019-06-07 18:00:00,0.15111,0.15111,0.15111,0.0,1.0,441.4150808946948,-0.0,53.76336792775555,0.0,387.6517129669393,387.6517129669393,0.0,0.0
3786,2019-06-07 18:00:00,6,2019-06-07 19:00:00,0.15111,0.15111,0.15111,0.0,0.8052051886675523,454.2069324857512,-0.0,94.18276508144564,0.0,360.02416740430556,360.02416740430556,0.0,0.0
3787,2019-06-07 19:00:00,6,2019-06-07 20:00:00,0.15111,0.15111,0.15111,0.0,0.46396328619854643,464.4625680024834,-0.0,76.81085503554414,0.0,387.6517129669393,387.6517129669393,0.0,0.0
3788,2019-06-07 20:00:00,6,2019-06-07 21:00:00,0.15111,0.15111,0.15111,0.0,0.18566308679440105,425.09472492219396,-0.0,37.44301195525469,0.0,387.6517129669393,387.6517129669393,0.0,0.0
3789,2019-06-07 21:00:00,6,2019-06-07 22:00:00,0.12561,0.12561,0.12561,0.0,0.05,344.3723095721663,-0.0,0.0,0.0,344.3723095721663,344.3723095721663,0.0,1.0
3790,2019-06-07 22:00:00,6,2019-06-07 23:00:00,0.12561,0.12561,0.12561,0.0,0.05,275.3588784720481,-0.0,0.0,0.0,275.3588784720481,275.3588784720481,0.0,1.0
3791,2019-06-07 23:00:00,6,2019-06-08 00:00:00,0.10547,0.10547,0.10547,0.0,0.05,263.47628525736417,-0.0,0.0,0.0,263.47628525736417,263.47628525736417,0.0,0.0
3792,2019-06-08 00:00:00,6,2019-06-08 01:00:00,0.10547,0.10547,0.10547,0.0,0.05,256.5457735144034,-0.0,0.0,0.0,256.5457735144034,256.5457735144034,0.0,1.0
3793,2019-06-08 01:00:00,6,2019-06-08 02:00:00,0.10547,0.10547,0.10547,0.0,0.05,249.26841305673452,-0.0,0.0,0.0,249.26841305673452,249.26841305673452,0.0,1.0
3794,2019-06-08 02:00:00,6,2019-06-08 03:00:00,0.10547,0.10547,0.10547,0.0,0.05,246.35770090240672,-0.0,0.0,0.0,246.35770090240672,246.35770090240672,0.0,1.0
3795,2019-06-08 03:00:00,6,2019-06-08 04:00:00,0.10547,0.10547,0.10547,0.0,0.05,249.9025625377039,-136.71558447038112,0.0,0.0,386.61814700808503,386.61814700808503,0.0,1.0
3796,2019-06-08 04:00:00,6,2019-06-08 05:00:00,0.10547,0.10547,0.10547,0.0,0.4692611257091688,268.1490131472427,-0.0,0.0,0.0,268.1490131472427,268.1490131472427,0.0,1.0
3797,2019-06-08 05:00:00,6,2019-06-08 06:00:00,0.10547,0.10547,0.10547,0.0,0.4692611257091688,367.82119439909076,-0.0,0.0,0.0,367.82119439909076,367.82119439909076,0.0,1.0
3798,2019-06-08 06:00:00,6,2019-06-08 07:00:00,0.10547,0.10547,0.10547,0.0,0.4692611257091688,419.1839269975108,-0.0,31.532214030571538,0.0,387.6517129669393,387.6517129669393,0.0,0.0
3799,2019-06-08 07:00:00,6,2019-06-08 08:00:00,0.10547,0.10547,0.10547,0.0,0.3550139734244893,372.96864955030014,-0.0,0.0,0.0,372.96864955030014,372.96864955030014,0.0,0.0
3800,2019-06-08 08:00:00,6,2019-06-08 09:00:00,0.10547,0.10547,0.10547,0.0,0.3550139734244893,338.65463739003513,-0.0,0.0,0.0,338.65463739003513,338.65463739003513,0.0,0.0
3801,2019-06-08 09:00:00,6,2019-06-08 10:00:00,0.10547,0.10547,0.10547,0.0,0.3550139734244893,281.7231511187967,-0.0,0.0,0.0,281.7231511187967,281.7231511187967,0.0,1.0
3802,2019-06-08 10:00:00,6,2019-06-08 11:00:00,0.10547,0.10547,0.10547,0.0,0.3550139734244893,278.66979099816234,-108.98192196877693,0.0,0.0,387.6517129669393,387.6517129669393,0.0,1.0
3803,2019-06-08 11:00:00,6,2019-06-08 12:00:00,0.10547,0.10547,0.10547,0.0,0.6892252007954053,286.31210453065836,-101.33960843628091,0.0,0.0,387.6517129669393,387.6517129669393,0.0,1.0
3804,2019-06-08 12:00:00,6,2019-06-08 13:00:00,0.10547,0.10547,0.10547,0.0,1.0,276.64909430799753,-0.0,0.0,0.0,276.64909430799753,276.64909430799753,0.0,1.0
3805,2019-06-08 13:00:00,6,2019-06-08 14:00:00,0.10547,0.10547,0.10547,0.0,1.0,296.4563453103364,-0.0,0.0,0.0,296.4563453103364,296.4563453103364,0.0,1.0
3806,2019-06-08 14:00:00,6,2019-06-08 15:00:00,0.12561,0.12561,0.12561,0.0,1.0,297.55612987579866,-0.0,0.0,0.0,297.55612987579866,297.55612987579866,0.0,1.0
3807,2019-06-08 15:00:00,6,2019-06-08 16:00:00,0.12561,0.12561,0.12561,0.0,1.0,324.24273947873206,-0.0,0.0,0.0,324.24273947873206,324.24273947873206,0.0,0.0
3808,2019-06-08 16:00:00,6,2019-06-08 17:00:00,0.15111,0.15111,0.15111,0.0,1.0,373.06649776775305,-0.0,0.0,0.0,373.06649776775305,373.06649776775305,0.0,1.0
3809,2019-06-08 17:00:00,6,2019-06-08 18:00:00,0.15111,0.15111,0.15111,0.0,1.0,428.05193592596015,-0.0,47.817694231820404,0.0,380.23424169413977,380.23424169413977,0.0,0.0
3810,2019-06-08 18:00:00,6,2019-06-08 19:00:00,0.15111,0.15111,0.15111,0.0,0.8267474846673174,419.30949138988996,-0.0,31.657778422950685,0.0,387.6517129669393,387.6517129669393,0.0,0.0
3811,2019-06-08 19:00:00,6,2019-06-08 20:00:00,0.15111,0.15111,0.15111,0.0,0.7120453889319888,439.28923137664304,-0.0,150.0,0.0,289.28923137664304,289.28923137664304,0.0,0.0
3812,2019-06-08 20:00:00,6,2019-06-08 21:00:00,0.15111,0.15111,0.15111,0.0,0.1685671280624236,420.3762403121682,-0.0,32.72452734522892,0.0,387.6517129669393,387.6517129669393,0.0,0.0
3813,2019-06-08 21:00:00,6,2019-06-08 22:00:00,0.12561,0.12561,0.12561,0.0,0.05,363.1820245860876,-0.0,0.0,0.0,363.1820245860876,363.1820245860876,0.0,1.0
3814,2019-06-08 22:00:00,6,2019-06-08 23:00:00,0.12561,0.12561,0.12561,0.0,0.05,292.64228346136014,-0.0,0.0,0.0,292.64228346136014,292.64228346136014,0.0,1.0
3815,2019-06-08 23:00:00,6,2019-06-09 00:00:00,0.10547,0.10547,0.10547,0.0,0.05,258.4374743300969,-43.46864058143498,0.0,0.0,301.90611491153186,301.90611491153186,0.0,1.0
3816,2019-06-09 00:00:00,6,2019-06-09 01:00:00,0.10547,0.10547,0.10547,0.0,0.1833038311164006,246.67568752408675,-0.0,0.0,0.0,246.67568752408675,246.67568752408675,0.0,1.0
3817,2019-06-09 01:00:00,6,2019-06-09 02:00:00,0.10547,0.10547,0.10547,0.0,0.1833038311164006,238.3562239240877,-0.0,0.0,0.0,238.3562239240877,238.3562239240877,0.0,0.0
3818,2019-06-09 02:00:00,6,2019-06-09 03:00:00,0.10547,0.10547,0.10547,0.0,0.1833038311164006,232.36976361500706,-90.23226113956385,0.0,0.0,322.6020247545709,322.6020247545709,0.0,1.0
3819,2019-06-09 03:00:00,6,2019-06-09 04:00:00,0.10547,0.10547,0.10547,0.0,0.4600160986110631,241.06896362689966,-0.0,0.0,0.0,241.06896362689966,241.06896362689966,0.0,1.0
3820,2019-06-09 04:00:00,6,2019-06-09 05:00:00,0.10547,0.10547,0.10547,0.0,0.4600160986110631,252.2517087552012,-0.0,0.0,0.0,252.2517087552012,252.2517087552012,0.0,1.0
3821,2019-06-09 05:00:00,6,2019-06-09 06:00:00,0.10547,0.10547,0.10547,0.0,0.4600160986110631,350.4231773435627,-0.0,0.0,0.0,350.4231773435627,350.4231773435627,0.0,0.0
3822,2019-06-09 06:00:00,6,2019-06-09 07:00:00,0.10547,0.10547,0.10547,0.0,0.4600160986110631,424.44357035506584,-0.0,36.79185738812657,0.0,387.6517129669393,387.6517129669393,0.0,0.0
3823,2019-06-09 07:00:00,6,2019-06-09 08:00:00,0.10547,0.10547,0.10547,0.0,0.3267122674946624,378.5986512092464,-9.053061757692888,0.0,0.0,387.6517129669393,387.6517129669393,0.0,1.0
3824,2019-06-09 08:00:00,6,2019-06-09 09:00:00,0.10547,0.10547,0.10547,0.0,0.35447499021825396,345.8947770376929,-0.0,0.0,0.0,345.8947770376929,345.8947770376929,0.0,0.0
3825,2019-06-09 09:00:00,6,2019-06-09 10:00:00,0.10547,0.10547,0.10547,0.0,0.35447499021825396,293.1863859101299,-94.46532705680937,0.0,0.0,387.6517129669393,387.6517129669393,0.0,1.0
3826,2019-06-09 10:00:00,6,2019-06-09 11:00:00,0.10547,0.10547,0.10547,0.0,0.6441686598591361,290.74413337673764,-0.0,0.0,0.0,290.74413337673764,290.74413337673764,0.0,0.0
3827,2019-06-09 11:00:00,6,2019-06-09 12:00:00,0.10547,0.10547,0.10547,0.0,0.6441686598591361,284.78807819065827,-0.0,0.0,0.0,284.78807819065827,284.78807819065827,0.0,0.0
3828,2019-06-09 12:00:00,6,2019-06-09 13:00:00,0.10547,0.10547,0.10547,0.0,0.6441686598591361,271.6197542253532,-116.0319587415861,0.0,0.0,387.6517129669393,387.6517129669393,0.0,1.0
3829,2019-06-09 13:00:00,6,2019-06-09 14:00:00,0.10547,0.10547,0.10547,0.0,1.0,271.23901798791906,1.544658121217609e-14,0.0,0.0,271.23901798791906,271.23901798791906,0.0,1.0
3830,2019-06-09 14:00:00,6,2019-06-09 15:00:00,0.12561,0.12561,0.12561,0.0,1.0,277.72255957575527,-0.0,0.0,0.0,277.72255957575527,277.72255957575527,0.0,0.0
3831,2019-06-09 15:00:00,6,2019-06-09 16:00:00,0.12561,0.12561,0.12561,0.0,1.0,305.78120293865646,-0.0,0.0,0.0,305.78120293865646,305.78120293865646,0.0,1.0
3832,2019-06-09 16:00:00,6,2019-06-09 17:00:00,0.15111,0.15111,0.15111,0.0,1.0,345.5275839326156,-0.0,0.0,0.0,345.5275839326156,345.5275839326156,0.0,1.0
3833,2019-06-09 17:00:00,6,2019-06-09 18:00:00,0.15111,0.15111,0.15111,0.0,1.0,393.29941957888116,-0.0,122.97072250490547,0.0,270.3286970739757,270.3286970739757,0.0,0.0
3834,2019-06-09 18:00:00,6,2019-06-09 19:00:00,0.15111,0.15111,0.15111,0.0,0.5544539039677339,412.227712000526,-0.0,24.575999033586754,0.0,387.6517129669393,387.6517129669393,0.0,0.0
3835,2019-06-09 19:00:00,6,2019-06-09 20:00:00,0.15111,0.15111,0.15111,0.0,0.4654104292083616,456.318096572009,-0.0,68.66638360506971,0.0,387.6517129669393,387.6517129669393,0.0,0.0
3836,2019-06-09 20:00:00,6,2019-06-09 21:00:00,0.15111,0.15111,0.15111,0.0,0.21661918426245683,433.63860782337736,-0.0,45.986894856438084,0.0,387.6517129669393,387.6517129669393,0.0,0.0
3837,2019-06-09 21:00:00,6,2019-06-09 22:00:00,0.12561,0.12561,0.12561,0.0,0.05,366.37492378446564,-0.0,0.0,0.0,366.37492378446564,366.37492378446564,0.0,1.0
3838,2019-06-09 22:00:00,6,2019-06-09 23:00:00,0.12561,0.12561,0.12561,0.0,0.05,297.5086500485939,-0.0,0.0,0.0,297.5086500485939,297.5086500485939,0.0,1.0
3839,2019-06-09 23:00:00,6,2019-06-10 00:00:00,0.10547,0.10547,0.10547,0.0,0.05,252.21226694017082,-32.88513380046497,0.0,0.0,285.0974007406358,285.0974007406358,0.0,1.0
3840,2019-06-10 00:00:00,6,2019-06-10 01:00:00,0.10547,0.10547,0.10547,0.0,0.15084774365475923,245.78099083404348,-141.87072213289582,0.0,0.0,387.6517129669393,387.6517129669393,0.0,1.0
3841,2019-06-10 01:00:00,6,2019-06-10 02:00:00,0.10547,0.10547,0.10547,0.0,0.5859179581956397,228.19807521910218,-0.0,0.0,0.0,228.19807521910218,228.19807521910218,0.0,0.0
3842,2019-06-10 02:00:00,6,2019-06-10 03:00:00,0.10547,0.10547,0.10547,0.0,0.5859179581956397,222.96689119937233,-135.0267527622914,0.0,0.0,357.99364396166374,357.99364396166374,0.0,1.0
3843,2019-06-10 03:00:00,6,2019-06-10 04:00:00,0.10547,0.10547,0.10547,0.0,1.0,226.58391814335832,-0.0,0.0,0.0,226.58391814335832,226.58391814335832,0.0,1.0
3844,2019-06-10 04:00:00,6,2019-06-10 05:00:00,0.10547,0.10547,0.10547,0.0,1.0,220.11227941057243,-0.0,0.0,0.0,220.11227941057243,220.11227941057243,0.0,1.0
3845,2019-06-10 05:00:00,6,2019-06-10 06:00:00,0.10547,0.10547,0.10547,0.0,1.0,308.60372222327965,-0.0,0.0,0.0,308.60372222327965,308.60372222327965,0.0,1.0
3846,2019-06-10 06:00:00,6,2019-06-10 07:00:00,0.10547,0.10547,0.10547,0.0,1.0,375.9743319327612,-0.0,0.0,0.0,375.9743319327612,375.9743319327612,0.0,1.0
3847,2019-06-10 07:00:00,6,2019-06-10 08:00:00,0.10547,0.10547,0.10547,0.0,1.0,415.4856902156528,-0.0,27.833977248713552,0.0,387.6517129669393,387.6517129669393,0.0,0.0
3848,2019-06-10 08:00:00,6,2019-06-10 09:00:00,0.10547,0.10547,0.10547,0.0,0.8991522563452407,365.70286824686343,-0.0,0.0,0.0,365.70286824686343,365.70286824686343,0.0,0.0
3849,2019-06-10 09:00:00,6,2019-06-10 10:00:00,0.10547,0.10547,0.10547,0.0,0.8991522563452407,304.85469232246703,-32.88513380046498,0.0,0.0,337.739826122932,337.739826122932,0.0,1.0
3850,2019-06-10 10:00:00,6,2019-06-10 11:00:00,0.10547,0.10547,0.10547,0.0,1.0,293.7371655362511,-0.0,0.0,0.0,293.7371655362511,293.7371655362511,0.0,1.0
3851,2019-06-10 11:00:00,6,2019-06-10 12:00:00,0.10547,0.10547,0.10547,0.0,1.0,289.2908132483421,-0.0,0.0,0.0,289.2908132483421,289.2908132483421,0.0,1.0
3852,2019-06-10 12:00:00,6,2019-06-10 13:00:00,0.10547,0.10547,0.10547,0.0,1.0,277.1663812007598,-0.0,0.0,0.0,277.1663812007598,277.1663812007598,0.0,1.0
3853,2019-06-10 13:00:00,6,2019-06-10 14:00:00,0.10547,0.10547,0.10547,0.0,1.0,279.61393875265725,-0.0,0.0,0.0,279.61393875265725,279.61393875265725,0.0,1.0
3854,2019-06-10 14:00:00,6,2019-06-10 15:00:00,0.12561,0.12561,0.12561,0.0,1.0,282.9745600207927,-0.0,0.0,0.0,282.9745600207927,282.9745600207927,0.0,1.0
3855,2019-06-10 15:00:00,6,2019-06-10 16:00:00,0.12561,0.12561,0.12561,0.0,1.0,317.56178512757236,-0.0,0.0,0.0,317.56178512757236,317.56178512757236,0.0,1.0
3856,2019-06-10 16:00:00,6,2019-06-10 17:00:00,0.15111,0.15111,0.15111,0.0,1.0,340.00217548289373,-0.0,0.0,0.0,340.00217548289373,340.00217548289373,0.0,1.0
3857,2019-06-10 17:00:00,6,2019-06-10 18:00:00,0.15111,0.15111,0.15111,0.0,1.0,400.97793664282136,-0.0,13.32622367588209,0.0,387.6517129669393,387.6517129669393,0.0,0.0
3858,2019-06-10 18:00:00,6,2019-06-10 19:00:00,0.15111,0.15111,0.15111,0.0,0.9517165808844851,399.5211346107498,-0.0,11.86942164381054,0.0,387.6517129669393,387.6517129669393,0.0,0.0
3859,2019-06-10 19:00:00,6,2019-06-10 20:00:00,0.15111,0.15111,0.15111,0.0,0.9087114300011135,438.85149394409734,-0.0,87.00435468030734,0.0,351.84713926379,351.84713926379,0.0,0.0
3860,2019-06-10 20:00:00,6,2019-06-10 21:00:00,0.15111,0.15111,0.15111,0.0,0.5934782608695652,430.7841802865654,-0.0,150.0,0.0,280.7841802865654,280.7841802865654,0.0,0.0
3861,2019-06-10 21:00:00,6,2019-06-10 22:00:00,0.12561,0.12561,0.12561,0.0,0.05,376.41076684110953,-0.0,0.0,0.0,376.41076684110953,376.41076684110953,0.0,1.0
3862,2019-06-10 22:00:00,6,2019-06-10 23:00:00,0.12561,0.12561,0.12561,0.0,0.05,302.25710850050575,-0.0,0.0,0.0,302.25710850050575,302.25710850050575,0.0,1.0
3863,2019-06-10 23:00:00,6,2019-06-11 00:00:00,0.10547,0.10547,0.10547,0.0,0.05,258.0162402003796,-0.0,0.0,0.0,258.0162402003796,258.0162402003796,0.0,1.0
3864,2019-06-11 00:00:00,6,2019-06-11 01:00:00,0.10547,0.10547,0.10547,0.0,0.05,256.3402546432529,-131.3114583236864,0.0,0.0,387.6517129669393,387.6517129669393,0.0,1.0
3865,2019-06-11 01:00:00,6,2019-06-11 02:00:00,0.10547,0.10547,0.10547,0.0,0.4526884721926383,238.96255009710785,-148.68916286983142,0.0,0.0,387.6517129669393,387.6517129669393,0.0,1.0
3866,2019-06-11 02:00:00,6,2019-06-11 03:00:00,0.10547,0.10547,0.10547,0.0,0.9086685716601214,231.37418637440993,-0.0,0.0,0.0,231.37418637440993,231.37418637440993,0.0,0.0
3867,2019-06-11 03:00:00,6,2019-06-11 04:00:00,0.10547,0.10547,0.10547,0.0,0.9086685716601214,220.49040327822402,-0.0,0.0,0.0,220.49040327822402,220.49040327822402,0.0,1.0
3868,2019-06-11 04:00:00,6,2019-06-11 05:00:00,0.10547,0.10547,0.10547,0.0,0.9086685716601214,196.14167220731164,-0.0,0.0,0.0,196.14167220731164,196.14167220731164,0.0,1.0
3869,2019-06-11 05:00:00,6,2019-06-11 06:00:00,0.10547,0.10547,0.10547,0.0,0.9086685716601214,288.502141076542,-0.0,0.0,0.0,288.502141076542,288.502141076542,0.0,1.0
3870,2019-06-11 06:00:00,6,2019-06-11 07:00:00,0.10547,0.10547,0.10547,0.0,0.9086685716601214,385.6970521281026,-0.0,0.0,0.0,385.6970521281026,385.6970521281026,0.0,1.0
3871,2019-06-11 07:00:00,6,2019-06-11 08:00:00,0.10547,0.10547,0.10547,0.0,0.9086685716601214,416.94739356459064,-0.0,29.29568059765137,0.0,387.6517129669393,387.6517129669393,0.0,0.0
3872,2019-06-11 08:00:00,6,2019-06-11 09:00:00,0.10547,0.10547,0.10547,0.0,0.8025248013787758,353.6484295090314,-34.003283457907855,0.0,0.0,387.6517129669393,387.6517129669393,0.0,1.0
3873,2019-06-11 09:00:00,6,2019-06-11 10:00:00,0.10547,0.10547,0.10547,0.0,0.9068015373163598,306.0350069211864,-0.0,0.0,0.0,306.0350069211864,306.0350069211864,0.0,0.0
3874,2019-06-11 10:00:00,6,2019-06-11 11:00:00,0.10547,0.10547,0.10547,0.0,0.9068015373163598,297.5536589971555,-30.390803049013098,0.0,0.0,327.9444620461686,327.9444620461686,0.0,1.0
3875,2019-06-11 11:00:00,6,2019-06-11 12:00:00,0.10547,0.10547,0.10547,0.0,1.0,290.58378569838726,-0.0,0.0,0.0,290.58378569838726,290.58378569838726,0.0,1.0
3876,2019-06-11 12:00:00,6,2019-06-11 13:00:00,0.10547,0.10547,0.10547,0.0,1.0,271.1576010870843,-0.0,0.0,0.0,271.1576010870843,271.1576010870843,0.0,1.0
3877,2019-06-11 13:00:00,6,2019-06-11 14:00:00,0.10547,0.10547,0.10547,0.0,1.0,270.7208907544542,-0.0,0.0,0.0,270.7208907544542,270.7208907544542,0.0,1.0
3878,2019-06-11 14:00:00,6,2019-06-11 15:00:00,0.12561,0.12561,0.12561,0.0,1.0,271.5586600392208,-0.0,0.0,0.0,271.5586600392208,271.5586600392208,0.0,1.0
3879,2019-06-11 15:00:00,6,2019-06-11 16:00:00,0.12561,0.12561,0.12561,0.0,1.0,302.67743698440097,-0.0,0.0,0.0,302.67743698440097,302.67743698440097,0.0,1.0
3880,2019-06-11 16:00:00,6,2019-06-11 17:00:00,0.15111,0.15111,0.15111,0.0,1.0,330.15233887613397,-0.0,0.0,0.0,330.15233887613397,330.15233887613397,0.0,1.0
3881,2019-06-11 17:00:00,6,2019-06-11 18:00:00,0.15111,0.15111,0.15111,0.0,1.0,392.397962904566,-0.0,4.746249937626715,0.0,387.6517129669393,387.6517129669393,0.0,0.0
3882,2019-06-11 18:00:00,6,2019-06-11 19:00:00,0.15111,0.15111,0.15111,0.0,0.9828034422549757,398.88977368401453,-0.0,76.81223085538113,0.0,322.0775428286334,322.0775428286334,0.0,0.0
3883,2019-06-11 19:00:00,6,2019-06-11 20:00:00,0.15111,0.15111,0.15111,0.0,0.7044982579963485,445.0734417068533,-0.0,149.99999999999997,0.0,295.0734417068534,295.0734417068534,0.0,0.0
3884,2019-06-11 20:00:00,6,2019-06-11 21:00:00,0.15111,0.15111,0.15111,0.0,0.16101999712678333,418.2932321739315,-0.0,30.6415192069922,0.0,387.6517129669393,387.6517129669393,0.0,0.0
3885,2019-06-11 21:00:00,6,2019-06-11 22:00:00,0.12561,0.12561,0.12561,0.0,0.05,361.7145694635089,-0.0,0.0,0.0,361.7145694635089,361.7145694635089,0.0,1.0
3886,2019-06-11 22:00:00,6,2019-06-11 23:00:00,0.12561,0.12561,0.12561,0.0,0.05,298.7838588699968,-0.0,0.0,0.0,298.7838588699968,298.7838588699968,0.0,1.0
3887,2019-06-11 23:00:00,6,2019-06-12 00:00:00,0.10547,0.10547,0.10547,0.0,0.05,272.61577158358097,-38.918766896856496,0.0,0.0,311.53453848043745,311.53453848043745,0.0,1.0
3888,2019-06-12 00:00:00,6,2019-06-12 01:00:00,0.10547,0.10547,0.10547,0.0,0.16935088515035993,249.60433188266134,-138.04738108427796,0.0,0.0,387.6517129669393,387.6517129669393,0.0,1.0
3889,2019-06-12 01:00:00,6,2019-06-12 02:00:00,0.10547,0.10547,0.10547,0.0,0.5926961871421458,239.87724400882612,-132.8164607145177,0.0,0.0,372.6937047233438,372.6937047233438,0.0,1.0
3890,2019-06-12 02:00:00,6,2019-06-12 03:00:00,0.10547,0.10547,0.10547,0.0,1.0,236.50369465576603,-0.0,0.0,0.0,236.50369465576603,236.50369465576603,0.0,1.0
3891,2019-06-12 03:00:00,6,2019-06-12 04:00:00,0.10547,0.10547,0.10547,0.0,1.0,241.62223116751147,-0.0,0.0,0.0,241.62223116751147,241.62223116751147,0.0,0.0
3892,2019-06-12 04:00:00,6,2019-06-12 05:00:00,0.10547,0.10547,0.10547,0.0,1.0,241.26717534303177,-0.0,0.0,0.0,241.26717534303177,241.26717534303177,0.0,1.0
3893,2019-06-12 05:00:00,6,2019-06-12 06:00:00,0.10547,0.10547,0.10547,0.0,1.0,342.1087869900706,-0.0,0.0,0.0,342.1087869900706,342.1087869900706,0.0,0.0
3894,2019-06-12 06:00:00,6,2019-06-12 07:00:00,0.10547,0.10547,0.10547,0.0,1.0,420.5925572684386,-0.0,32.94084430149934,0.0,387.6517129669393,387.6517129669393,0.0,0.0
3895,2019-06-12 07:00:00,6,2019-06-12 08:00:00,0.10547,0.10547,0.10547,0.0,0.88064911484964,376.98203062087083,-0.0,0.0,0.0,376.98203062087083,376.98203062087083,0.0,0.0
3896,2019-06-12 08:00:00,6,2019-06-12 09:00:00,0.10547,0.10547,0.10547,0.0,0.88064911484964,345.7433702631271,-0.0,0.0,0.0,345.7433702631271,345.7433702631271,0.0,0.0
3897,2019-06-12 09:00:00,6,2019-06-12 10:00:00,0.10547,0.10547,0.10547,0.0,0.88064911484964,290.20052024470266,-38.91876689685649,0.0,0.0,329.11928714155914,329.11928714155914,0.0,1.0
3898,2019-06-12 10:00:00,6,2019-06-12 11:00:00,0.10547,0.10547,0.10547,0.0,1.0,281.70702064843596,-0.0,0.0,0.0,281.70702064843596,281.70702064843596,0.0,0.0
3899,2019-06-12 11:00:00,6,2019-06-12 12:00:00,0.10547,0.10547,0.10547,0.0,1.0,279.7560131517862,-0.0,0.0,0.0,279.7560131517862,279.7560131517862,0.0,1.0
3900,2019-06-12 12:00:00,6,2019-06-12 13:00:00,0.10547,0.10547,0.10547,0.0,1.0,272.78257070288953,-0.0,0.0,0.0,272.78257070288953,272.78257070288953,0.0,1.0
3901,2019-06-12 13:00:00,6,2019-06-12 14:00:00,0.10547,0.10547,0.10547,0.0,1.0,276.32955097764653,-0.0,0.0,0.0,276.32955097764653,276.32955097764653,0.0,1.0
3902,2019-06-12 14:00:00,6,2019-06-12 15:00:00,0.12561,0.12561,0.12561,0.0,1.0,279.99676819097135,-0.0,0.0,0.0,279.99676819097135,279.99676819097135,0.0,1.0
3903,2019-06-12 15:00:00,6,2019-06-12 16:00:00,0.12561,0.12561,0.12561,0.0,1.0,324.5058967558395,-0.0,0.0,0.0,324.5058967558395,324.5058967558395,0.0,1.0
3904,2019-06-12 16:00:00,6,2019-06-12 17:00:00,0.15111,0.15111,0.15111,0.0,1.0,355.25735431315735,-0.0,0.0,0.0,355.25735431315735,355.25735431315735,0.0,1.0
3905,2019-06-12 17:00:00,6,2019-06-12 18:00:00,0.15111,0.15111,0.15111,0.0,1.0,404.60405261300957,-0.0,38.23885750956144,0.0,366.3651951034481,366.3651951034481,0.0,0.0
3906,2019-06-12 18:00:00,6,2019-06-12 19:00:00,0.15111,0.15111,0.15111,0.0,0.8614534148204295,409.294403742491,-0.0,21.642690775551728,0.0,387.6517129669393,387.6517129669393,0.0,0.0
3907,2019-06-12 19:00:00,6,2019-06-12 20:00:00,0.15111,0.15111,0.15111,0.0,0.7830378685321987,439.97016468182613,-0.0,52.31845171488686,0.0,387.6517129669393,387.6517129669393,0.0,0.0
3908,2019-06-12 20:00:00,6,2019-06-12 21:00:00,0.15111,0.15111,0.15111,0.0,0.5934782608695652,413.46746010158347,-0.0,150.0,0.0,263.46746010158347,263.46746010158347,0.0,0.0
3909,2019-06-12 21:00:00,6,2019-06-12 22:00:00,0.12561,0.12561,0.12561,0.0,0.05,347.59498914099373,-0.0,0.0,0.0,347.59498914099373,347.59498914099373,0.0,1.0
3910,2019-06-12 22:00:00,6,2019-06-12 23:00:00,0.12561,0.12561,0.12561,0.0,0.05,288.0226087016931,-0.0,0.0,0.0,288.0226087016931,288.0226087016931,0.0,1.0
3911,2019-06-12 23:00:00,6,2019-06-13 00:00:00,0.10547,0.10547,0.10547,0.0,0.05,264.16282921967974,-0.0,0.0,0.0,264.16282921967974,264.16282921967974,0.0,1.0
3912,2019-06-13 00:00:00,6,2019-06-13 01:00:00,0.10547,0.10547,0.10547,0.0,0.05,254.31284858342286,-0.0,0.0,0.0,254.31284858342286,254.31284858342286,0.0,1.0
3913,2019-06-13 01:00:00,6,2019-06-13 02:00:00,0.10547,0.10547,0.10547,0.0,0.05,245.75404877005738,-0.0,0.0,0.0,245.75404877005738,245.75404877005738,0.0,0.0
3914,2019-06-13 02:00:00,6,2019-06-13 03:00:00,0.10547,0.10547,0.10547,0.0,0.05,241.8199265135764,-145.83178645336287,0.0,0.0,387.6517129669393,387.6517129669393,0.0,1.0
3915,2019-06-13 03:00:00,6,2019-06-13 04:00:00,0.10547,0.10547,0.10547,0.0,0.49721747845697944,250.43280496203386,-0.0,0.0,0.0,250.43280496203386,250.43280496203386,0.0,1.0
3916,2019-06-13 04:00:00,6,2019-06-13 05:00:00,0.10547,0.10547,0.10547,0.0,0.49721747845697944,266.7373077159488,-0.0,0.0,0.0,266.7373077159488,266.7373077159488,0.0,1.0
3917,2019-06-13 05:00:00,6,2019-06-13 06:00:00,0.10547,0.10547,0.10547,0.0,0.49721747845697944,362.95003705261763,-0.0,0.0,0.0,362.95003705261763,362.95003705261763,0.0,0.0
3918,2019-06-13 06:00:00,6,2019-06-13 07:00:00,0.10547,0.10547,0.10547,0.0,0.49721747845697944,421.7317206393342,-0.0,34.08000767239491,0.0,387.6517129669393,387.6517129669393,0.0,0.0
3919,2019-06-13 07:00:00,6,2019-06-13 08:00:00,0.10547,0.10547,0.10547,0.0,0.37373918978888193,376.4443081239354,-0.0,0.0,0.0,376.4443081239354,376.4443081239354,0.0,1.0
3920,2019-06-13 08:00:00,6,2019-06-13 09:00:00,0.10547,0.10547,0.10547,0.0,0.37373918978888193,343.83255189336614,-43.81916107357313,0.0,0.0,387.6517129669393,387.6517129669393,0.0,1.0
3921,2019-06-13 09:00:00,6,2019-06-13 10:00:00,0.10547,0.10547,0.10547,0.0,0.5081179504145061,284.45105874687374,-103.20065422006553,0.0,0.0,387.6517129669393,387.6517129669393,0.0,1.0
3922,2019-06-13 10:00:00,6,2019-06-13 11:00:00,0.10547,0.10547,0.10547,0.0,0.8245999566893738,285.78686392182607,-0.0,0.0,0.0,285.78686392182607,285.78686392182607,0.0,1.0
3923,2019-06-13 11:00:00,6,2019-06-13 12:00:00,0.10547,0.10547,0.10547,0.0,0.8245999566893738,289.59182161615325,-0.0,0.0,0.0,289.59182161615325,289.59182161615325,0.0,1.0
3924,2019-06-13 12:00:00,6,2019-06-13 13:00:00,0.10547,0.10547,0.10547,0.0,0.8245999566893738,294.7312740171923,-0.0,0.0,0.0,294.7312740171923,294.7312740171923,0.0,1.0
3925,2019-06-13 13:00:00,6,2019-06-13 14:00:00,0.10547,0.10547,0.10547,0.0,0.8245999566893738,312.45446634774885,-57.19566629694332,0.0,0.0,369.6501326446922,369.6501326446922,0.0,1.0
3926,2019-06-13 14:00:00,6,2019-06-13 15:00:00,0.12561,0.12561,0.12561,0.0,1.0,290.08267758261707,-0.0,0.0,0.0,290.08267758261707,290.08267758261707,0.0,1.0
3927,2019-06-13 15:00:00,6,2019-06-13 16:00:00,0.12561,0.12561,0.12561,0.0,1.0,324.29535081429475,-0.0,0.0,0.0,324.29535081429475,324.29535081429475,0.0,1.0
3928,2019-06-13 16:00:00,6,2019-06-13 17:00:00,0.15111,0.15111,0.15111,0.0,1.0,376.774295527731,-0.0,104.29907349899005,0.0,272.475222028741,272.475222028741,0.0,0.0
3929,2019-06-13 17:00:00,6,2019-06-13 18:00:00,0.15111,0.15111,0.15111,0.0,0.6221048061630795,427.635399393805,-0.0,39.983686426865745,0.0,387.6517129669393,387.6517129669393,0.0,0.0
3930,2019-06-13 18:00:00,6,2019-06-13 19:00:00,0.15111,0.15111,0.15111,0.0,0.4772363770802326,421.39598471942224,-0.0,33.74427175248297,0.0,387.6517129669393,387.6517129669393,0.0,0.0
3931,2019-06-13 19:00:00,6,2019-06-13 20:00:00,0.15111,0.15111,0.15111,0.0,0.3549745229045697,446.2109124569295,-0.0,58.55919948999025,0.0,387.6517129669393,387.6517129669393,0.0,0.0
3932,2019-06-13 20:00:00,6,2019-06-13 21:00:00,0.15111,0.15111,0.15111,0.0,0.14280351025967752,413.26548179861027,-0.0,25.613768831670995,0.0,387.6517129669393,387.6517129669393,0.0,0.0
3933,2019-06-13 21:00:00,6,2019-06-13 22:00:00,0.12561,0.12561,0.12561,0.0,0.05,354.99576348719984,-0.0,0.0,0.0,354.99576348719984,354.99576348719984,0.0,1.0
3934,2019-06-13 22:00:00,6,2019-06-13 23:00:00,0.12561,0.12561,0.12561,0.0,0.05,289.79432763916094,-0.0,0.0,0.0,289.79432763916094,289.79432763916094,0.0,1.0
3935,2019-06-13 23:00:00,6,2019-06-14 00:00:00,0.10547,0.10547,0.10547,0.0,0.05,265.68566710384727,-41.047922605542006,0.0,0.0,306.73358970938926,306.73358970938926,0.0,1.0
3936,2019-06-14 00:00:00,6,2019-06-14 01:00:00,0.10547,0.10547,0.10547,0.0,0.1758802959903288,257.0407449808749,-0.0,0.0,0.0,257.0407449808749,257.0407449808749,0.0,1.0
3937,2019-06-14 01:00:00,6,2019-06-14 02:00:00,0.10547,0.10547,0.10547,0.0,0.1758802959903288,248.4241894180212,-139.22752354891807,0.0,0.0,387.6517129669393,387.6517129669393,0.0,1.0
3938,2019-06-14 02:00:00,6,2019-06-14 03:00:00,0.10547,0.10547,0.10547,0.0,0.6028447015403443,243.71289381003078,-0.0,0.0,0.0,243.71289381003078,243.71289381003078,0.0,0.0
3939,2019-06-14 03:00:00,6,2019-06-14 04:00:00,0.10547,0.10547,0.10547,0.0,0.6028447015403443,251.73980555447164,-0.0,0.0,0.0,251.73980555447164,251.73980555447164,0.0,1.0
3940,2019-06-14 04:00:00,6,2019-06-14 05:00:00,0.10547,0.10547,0.10547,0.0,0.6028447015403443,267.9041548214324,-0.0,0.0,0.0,267.9041548214324,267.9041548214324,0.0,1.0
3941,2019-06-14 05:00:00,6,2019-06-14 06:00:00,0.10547,0.10547,0.10547,0.0,0.6028447015403443,364.2028757111452,-0.0,0.0,0.0,364.2028757111452,364.2028757111452,0.0,0.0
3942,2019-06-14 06:00:00,6,2019-06-14 07:00:00,0.10547,0.10547,0.10547,0.0,0.6028447015403443,422.39467466027,-0.0,34.742961693330756,0.0,387.6517129669393,387.6517129669393,0.0,0.0
3943,2019-06-14 07:00:00,6,2019-06-14 08:00:00,0.10547,0.10547,0.10547,0.0,0.47696440555001546,370.58233942517865,-0.0,0.0,0.0,370.58233942517865,370.58233942517865,0.0,0.0
3944,2019-06-14 08:00:00,6,2019-06-14 09:00:00,0.10547,0.10547,0.10547,0.0,0.47696440555001546,339.84875806323083,-0.0,0.0,0.0,339.84875806323083,339.84875806323083,0.0,0.0
3945,2019-06-14 09:00:00,6,2019-06-14 10:00:00,0.10547,0.10547,0.10547,0.0,0.47696440555001546,282.0435355515651,-105.60817741537414,0.0,0.0,387.6517129669393,387.6517129669393,0.0,1.0
3946,2019-06-14 10:00:00,6,2019-06-14 11:00:00,0.10547,0.10547,0.10547,0.0,0.8008294829571628,288.84844024196065,-0.0,0.0,0.0,288.84844024196065,288.84844024196065,0.0,0.0
3947,2019-06-14 11:00:00,6,2019-06-14 12:00:00,0.10547,0.10547,0.10547,0.0,0.8008294829571628,301.9215328728081,-0.0,0.0,0.0,301.9215328728081,301.9215328728081,0.0,1.0
3948,2019-06-14 12:00:00,6,2019-06-14 13:00:00,0.10547,0.10547,0.10547,0.0,0.8008294829571628,311.44399929707674,-64.94690773135993,0.0,0.0,376.3909070284367,376.3909070284367,0.0,1.0
3949,2019-06-14 13:00:00,6,2019-06-14 14:00:00,0.10547,0.10547,0.10547,0.0,1.0,290.59482097053046,-0.0,0.0,0.0,290.59482097053046,290.59482097053046,0.0,1.0
3950,2019-06-14 14:00:00,6,2019-06-14 15:00:00,0.12561,0.12561,0.12561,0.0,1.0,292.97175615238933,-0.0,0.0,0.0,292.97175615238933,292.97175615238933,0.0,1.0
3951,2019-06-14 15:00:00,6,2019-06-14 16:00:00,0.12561,0.12561,0.12561,0.0,1.0,324.8195766133881,-0.0,0.0,0.0,324.8195766133881,324.8195766133881,0.0,1.0
3952,2019-06-14 16:00:00,6,2019-06-14 17:00:00,0.15111,0.15111,0.15111,0.0,1.0,373.3251671503194,-0.0,0.0,0.0,373.3251671503194,373.3251671503194,0.0,1.0
3953,2019-06-14 17:00:00,6,2019-06-14 18:00:00,0.15111,0.15111,0.15111,0.0,1.0,433.55542622003924,-0.0,45.903713253099966,0.0,387.6517129669393,387.6517129669393,0.0,0.0
3954,2019-06-14 18:00:00,6,2019-06-14 19:00:00,0.15111,0.15111,0.15111,0.0,0.8336821983583335,427.4121192590644,-0.0,39.76040629212514,0.0,387.6517129669393,387.6517129669393,0.0,0.0
3955,2019-06-14 19:00:00,6,2019-06-14 20:00:00,0.15111,0.15111,0.15111,0.0,0.6896227552709235,451.8855689873834,-0.0,64.23385602044414,0.0,387.6517129669393,387.6517129669393,0.0,0.0
3956,2019-06-14 20:00:00,6,2019-06-14 21:00:00,0.15111,0.15111,0.15111,0.0,0.45689139287801006,420.8328572099457,-0.0,112.30202443433078,0.0,308.53083277561495,308.53083277561495,0.0,0.0
3957,2019-06-14 21:00:00,6,2019-06-14 22:00:00,0.12561,0.12561,0.12561,0.0,0.05,346.43244823717635,-0.0,0.0,0.0,346.43244823717635,346.43244823717635,0.0,1.0
3958,2019-06-14 22:00:00,6,2019-06-14 23:00:00,0.12561,0.12561,0.12561,0.0,0.05,281.9988515781893,-0.0,0.0,0.0,281.9988515781893,281.9988515781893,0.0,1.0
3959,2019-06-14 23:00:00,6,2019-06-15 00:00:00,0.10547,0.10547,0.10547,0.0,0.05,264.51926445486373,-40.26699590671538,0.0,0.0,304.78626036157914,304.78626036157914,0.0,1.0
3960,2019-06-15 00:00:00,6,2019-06-15 01:00:00,0.10547,0.10547,0.10547,0.0,0.17348545411392718,256.62933381562146,-0.0,0.0,0.0,256.62933381562146,256.62933381562146,0.0,1.0
3961,2019-06-15 01:00:00,6,2019-06-15 02:00:00,0.10547,0.10547,0.10547,0.0,0.17348545411392718,249.2104485703787,-0.0,0.0,0.0,249.2104485703787,249.2104485703787,0.0,1.0
3962,2019-06-15 02:00:00,6,2019-06-15 03:00:00,0.10547,0.10547,0.10547,0.0,0.17348545411392718,246.67940276885219,-0.0,0.0,0.0,246.67940276885219,246.67940276885219,0.0,1.0
3963,2019-06-15 03:00:00,6,2019-06-15 04:00:00,0.10547,0.10547,0.10547,0.0,0.17348545411392718,253.38879285816557,-134.2629201087737,0.0,0.0,387.6517129669393,387.6517129669393,0.0,1.0
3964,2019-06-15 04:00:00,6,2019-06-15 05:00:00,0.10547,0.10547,0.10547,0.0,0.5852250757808332,267.8737327269249,-108.93744953244548,0.0,0.0,376.8111822593704,376.8111822593704,0.0,1.0
3965,2019-06-15 05:00:00,6,2019-06-15 06:00:00,0.10547,0.10547,0.10547,0.0,0.919299921013666,361.3364698192217,-26.31524314771758,0.0,0.0,387.6517129669393,387.6517129669393,0.0,1.0
3966,2019-06-15 06:00:00,6,2019-06-15 07:00:00,0.10547,0.10547,0.10547,0.0,1.0,421.7336983023832,-0.0,34.0819853354439,0.0,387.6517129669393,387.6517129669393,0.0,0.0
3967,2019-06-15 07:00:00,6,2019-06-15 08:00:00,0.10547,0.10547,0.10547,0.0,0.8765145458860729,375.50343644923765,-0.0,0.0,0.0,375.50343644923765,375.50343644923765,0.0,0.0
3968,2019-06-15 08:00:00,6,2019-06-15 09:00:00,0.10547,0.10547,0.10547,0.0,0.8765145458860729,343.3302171104489,-0.0,0.0,0.0,343.3302171104489,343.3302171104489,0.0,0.0
3969,2019-06-15 09:00:00,6,2019-06-15 10:00:00,0.10547,0.10547,0.10547,0.0,0.8765145458860729,279.43504682278854,-40.26699590671537,0.0,0.0,319.7020427295039,319.7020427295039,0.0,1.0
3970,2019-06-15 10:00:00,6,2019-06-15 11:00:00,0.10547,0.10547,0.10547,0.0,1.0,281.3432888776187,-0.0,0.0,0.0,281.3432888776187,281.3432888776187,0.0,1.0
3971,2019-06-15 11:00:00,6,2019-06-15 12:00:00,0.10547,0.10547,0.10547,0.0,1.0,284.2347785033941,-0.0,0.0,0.0,284.2347785033941,284.2347785033941,0.0,0.0
3972,2019-06-15 12:00:00,6,2019-06-15 13:00:00,0.10547,0.10547,0.10547,0.0,1.0,277.1670080827925,-0.0,0.0,0.0,277.1670080827925,277.1670080827925,0.0,1.0
3973,2019-06-15 13:00:00,6,2019-06-15 14:00:00,0.10547,0.10547,0.10547,0.0,1.0,290.6333561403772,-0.0,0.0,0.0,290.6333561403772,290.6333561403772,0.0,1.0
3974,2019-06-15 14:00:00,6,2019-06-15 15:00:00,0.12561,0.12561,0.12561,0.0,1.0,302.5308063076191,-0.0,0.0,0.0,302.5308063076191,302.5308063076191,0.0,1.0
3975,2019-06-15 15:00:00,6,2019-06-15 16:00:00,0.12561,0.12561,0.12561,0.0,1.0,323.17550032337806,-0.0,0.0,0.0,323.17550032337806,323.17550032337806,0.0,1.0
3976,2019-06-15 16:00:00,6,2019-06-15 17:00:00,0.15111,0.15111,0.15111,0.0,1.0,376.5872970635163,-0.0,0.0,0.0,376.5872970635163,376.5872970635163,0.0,0.0
3977,2019-06-15 17:00:00,6,2019-06-15 18:00:00,0.15111,0.15111,0.15111,0.0,1.0,431.56985171982944,-0.0,43.91813875289017,0.0,387.6517129669393,387.6517129669393,0.0,0.0
3978,2019-06-15 18:00:00,6,2019-06-15 19:00:00,0.15111,0.15111,0.15111,0.0,0.8408763088663399,420.7387427643649,-0.0,33.0870297974256,0.0,387.6517129669393,387.6517129669393,0.0,0.0
3979,2019-06-15 19:00:00,6,2019-06-15 20:00:00,0.15111,0.15111,0.15111,0.0,0.7209957661220443,443.30302579378247,-0.0,55.651312826843196,0.0,387.6517129669393,387.6517129669393,0.0,0.0
3980,2019-06-15 20:00:00,6,2019-06-15 21:00:00,0.15111,0.15111,0.15111,0.0,0.5193605747204385,416.56687702483197,-0.0,129.54351862284105,0.0,287.0233584019909,287.0233584019909,0.0,0.0
3981,2019-06-15 21:00:00,6,2019-06-15 22:00:00,0.12561,0.12561,0.12561,0.0,0.05,344.14809657430527,-0.0,0.0,0.0,344.14809657430527,344.14809657430527,0.0,1.0
3982,2019-06-15 22:00:00,6,2019-06-15 23:00:00,0.12561,0.12561,0.12561,0.0,0.05,280.7100737821617,-0.0,0.0,0.0,280.7100737821617,280.7100737821617,0.0,1.0
3983,2019-06-15 23:00:00,6,2019-06-16 00:00:00,0.10547,0.10547,0.10547,0.0,0.05,266.74314953799075,-42.19822833213666,0.0,0.0,308.94137787012744,308.94137787012744,0.0,1.0
3984,2019-06-16 00:00:00,6,2019-06-16 01:00:00,0.10547,0.10547,0.10547,0.0,0.17940790021855244,257.51491653278026,-11.096625156403178,0.0,0.0,268.61154168918347,268.61154168918347,0.0,1.0
3985,2019-06-16 01:00:00,6,2019-06-16 02:00:00,0.10547,0.10547,0.10547,0.0,0.21343755069818882,240.52370353231646,-0.0,0.0,0.0,240.52370353231646,240.52370353231646,0.0,1.0
3986,2019-06-16 02:00:00,6,2019-06-16 03:00:00,0.10547,0.10547,0.10547,0.0,0.21343755069818882,205.36879657278942,-0.0,0.0,0.0,205.36879657278942,205.36879657278942,0.0,1.0
3987,2019-06-16 03:00:00,6,2019-06-16 04:00:00,0.10547,0.10547,0.10547,0.0,0.21343755069818882,176.72050311199726,-0.0,0.0,0.0,176.72050311199726,176.72050311199726,0.0,1.0
3988,2019-06-16 04:00:00,6,2019-06-16 05:00:00,0.10547,0.10547,0.10547,0.0,0.21343755069818882,223.1104734526042,-0.0,0.0,0.0,223.1104734526042,223.1104734526042,0.0,0.0
3989,2019-06-16 05:00:00,6,2019-06-16 06:00:00,0.10547,0.10547,0.10547,0.0,0.21343755069818882,329.54369098153364,-0.0,0.0,0.0,329.54369098153364,329.54369098153364,0.0,0.0
3990,2019-06-16 06:00:00,6,2019-06-16 07:00:00,0.10547,0.10547,0.10547,0.0,0.21343755069818882,423.36829342725974,-0.0,35.71658046032047,0.0,387.6517129669393,387.6517129669393,0.0,0.0
3991,2019-06-16 07:00:00,6,2019-06-16 08:00:00,0.10547,0.10547,0.10547,0.0,0.0840296504796364,374.971662030461,-0.0,0.0,0.0,374.971662030461,374.971662030461,0.0,0.0
3992,2019-06-16 08:00:00,6,2019-06-16 09:00:00,0.10547,0.10547,0.10547,0.0,0.0840296504796364,344.0283207046795,-0.0,0.0,0.0,344.0283207046795,344.0283207046795,0.0,0.0
3993,2019-06-16 09:00:00,6,2019-06-16 10:00:00,0.10547,0.10547,0.10547,0.0,0.0840296504796364,289.1474189176509,-98.50429404928838,0.0,0.0,387.6517129669393,387.6517129669393,0.0,1.0
3994,2019-06-16 10:00:00,6,2019-06-16 11:00:00,0.10547,0.10547,0.10547,0.0,0.3861094855641208,284.3581904689644,-0.0,0.0,0.0,284.3581904689644,284.3581904689644,0.0,1.0
3995,2019-06-16 11:00:00,6,2019-06-16 12:00:00,0.10547,0.10547,0.10547,0.0,0.3861094855641208,283.9368198635958,-103.71489310334346,0.0,0.0,387.6517129669393,387.6517129669393,0.0,1.0
3996,2019-06-16 12:00:00,6,2019-06-16 13:00:00,0.10547,0.10547,0.10547,0.0,0.7041684910810407,278.29187439583654,-0.0,0.0,0.0,278.29187439583654,278.29187439583654,0.0,1.0
3997,2019-06-16 13:00:00,6,2019-06-16 14:00:00,0.10547,0.10547,0.10547,0.0,0.7041684910810407,291.1849165803221,-96.46679638661716,0.0,0.0,387.6517129669393,387.6517129669393,0.0,1.0
3998,2019-06-16 14:00:00,6,2019-06-16 15:00:00,0.12561,0.12561,0.12561,0.0,1.0,298.49649245926906,-0.0,0.0,0.0,298.49649245926906,298.49649245926906,0.0,1.0
3999,2019-06-16 15:00:00,6,2019-06-16 16:00:00,0.12561,0.12561,0.12561,0.0,1.0,324.47671148917476,-0.0,0.0,0.0,324.47671148917476,324.47671148917476,0.0,1.0
4000,2019-06-16 16:00:00,6,2019-06-16 17:00:00,0.15111,0.15111,0.15111,0.0,1.0,378.87615424207183,-0.0,0.0,0.0,378.87615424207183,378.87615424207183,0.0,1.0
4001,2019-06-16 17:00:00,6,2019-06-16 18:00:00,0.15111,0.15111,0.15111,0.0,1.0,429.46716999743245,-0.0,143.3915883725173,0.0,286.0755816249151,286.0755816249151,0.0,0.0
4002,2019-06-16 18:00:00,6,2019-06-16 19:00:00,0.15111,0.15111,0.15111,0.0,0.48046525951986485,419.1433635022714,-0.0,31.491650535332155,0.0,387.6517129669393,387.6517129669393,0.0,0.0
4003,2019-06-16 19:00:00,6,2019-06-16 20:00:00,0.15111,0.15111,0.15111,0.0,0.36636507642083527,443.90549176063274,-0.0,56.25377879369347,0.0,387.6517129669393,387.6517129669393,0.0,0.0
4004,2019-06-16 20:00:00,6,2019-06-16 21:00:00,0.15111,0.15111,0.15111,0.0,0.1625470373132503,418.71469526539636,-0.0,31.062982298457086,0.0,387.6517129669393,387.6517129669393,0.0,0.0
4005,2019-06-16 21:00:00,6,2019-06-16 22:00:00,0.12561,0.12561,0.12561,0.0,0.05,346.55810934555626,-0.0,0.0,0.0,346.55810934555626,346.55810934555626,0.0,1.0
4006,2019-06-16 22:00:00,6,2019-06-16 23:00:00,0.12561,0.12561,0.12561,0.0,0.05,280.86267622394564,-0.0,0.0,0.0,280.86267622394564,280.86267622394564,0.0,1.0
4007,2019-06-16 23:00:00,6,2019-06-17 00:00:00,0.10547,0.10547,0.10547,0.0,0.05,270.66328483968556,-27.432450833546422,0.0,0.0,298.09573567323196,298.09573567323196,0.0,1.0
4008,2019-06-17 00:00:00,6,2019-06-17 01:00:00,0.10547,0.10547,0.10547,0.0,0.13412618255620903,272.95369131939015,-0.0,0.0,0.0,272.95369131939015,272.95369131939015,0.0,1.0
4009,2019-06-17 01:00:00,6,2019-06-17 02:00:00,0.10547,0.10547,0.10547,0.0,0.13412618255620903,252.502619235994,-39.20302587329019,0.0,0.0,291.7056451092842,291.7056451092842,0.0,1.0
4010,2019-06-17 02:00:00,6,2019-06-17 03:00:00,0.10547,0.10547,0.10547,0.0,0.25434879523429893,245.28425662747048,-0.0,8.526512829121202e-14,0.0,245.2842566274704,245.2842566274704,0.0,0.0
4011,2019-06-17 03:00:00,6,2019-06-17 04:00:00,0.10547,0.10547,0.10547,0.0,0.25434879523429865,251.56078695784714,-0.0,-2.842170943040401e-14,0.0,251.56078695784717,251.56078695784717,0.0,1.0
4012,2019-06-17 04:00:00,6,2019-06-17 05:00:00,0.10547,0.10547,0.10547,0.0,0.25434879523429876,241.9017750826103,-0.0,0.0,0.0,241.9017750826103,241.9017750826103,0.0,0.0
4013,2019-06-17 05:00:00,6,2019-06-17 06:00:00,0.10547,0.10547,0.10547,0.0,0.2543487952342989,313.26250029871954,-0.0,0.0,0.0,313.26250029871954,313.26250029871954,0.0,1.0
4014,2019-06-17 06:00:00,6,2019-06-17 07:00:00,0.10547,0.10547,0.10547,0.0,0.2543487952342989,370.58692148698526,-0.0,0.0,0.0,370.58692148698526,370.58692148698526,0.0,1.0
4015,2019-06-17 07:00:00,6,2019-06-17 08:00:00,0.10547,0.10547,0.10547,0.0,0.2543487952342989,410.87053935245297,-0.0,23.218826385513722,0.0,387.6517129669393,387.6517129669393,0.0,0.0
4016,2019-06-17 08:00:00,6,2019-06-17 09:00:00,0.10547,0.10547,0.10547,0.0,0.17022261267808975,362.46902579373875,-0.0,0.0,0.0,362.46902579373875,362.46902579373875,0.0,0.0
4017,2019-06-17 09:00:00,6,2019-06-17 10:00:00,0.10547,0.10547,0.10547,0.0,0.17022261267808975,300.0747328338567,-0.0,0.0,0.0,300.0747328338567,300.0747328338567,0.0,1.0
4018,2019-06-17 10:00:00,6,2019-06-17 11:00:00,0.10547,0.10547,0.10547,0.0,0.17022261267808966,290.1935713966429,-97.45814157029639,0.0,0.0,387.6517129669393,387.6517129669393,0.0,1.0
4019,2019-06-17 11:00:00,6,2019-06-17 12:00:00,0.10547,0.10547,0.10547,0.0,0.46909424682699863,296.9420661902502,-90.70964677668906,0.0,0.0,387.6517129669393,387.6517129669393,0.0,1.0
4020,2019-06-17 12:00:00,6,2019-06-17 13:00:00,0.10547,0.10547,0.10547,0.0,0.7472704969421784,305.23991849156266,-82.41179447537661,0.0,0.0,387.6517129669393,387.6517129669393,0.0,1.0
4021,2019-06-17 13:00:00,6,2019-06-17 14:00:00,0.10547,0.10547,0.10547,0.0,1.0,295.3500455035468,-0.0,0.0,0.0,295.3500455035468,295.3500455035468,0.0,1.0
4022,2019-06-17 14:00:00,6,2019-06-17 15:00:00,0.12561,0.12561,0.12561,0.0,1.0,296.6442841126476,-0.0,0.0,0.0,296.6442841126476,296.6442841126476,0.0,1.0
4023,2019-06-17 15:00:00,6,2019-06-17 16:00:00,0.12561,0.12561,0.12561,0.0,1.0,331.04460377367906,-0.0,0.0,0.0,331.04460377367906,331.04460377367906,0.0,1.0
4024,2019-06-17 16:00:00,6,2019-06-17 17:00:00,0.15111,0.15111,0.15111,0.0,1.0,363.0219526568373,-0.0,0.0,0.0,363.0219526568373,363.0219526568373,0.0,1.0
4025,2019-06-17 17:00:00,6,2019-06-17 18:00:00,0.15111,0.15111,0.15111,0.0,1.0,447.97350571766987,-0.0,60.321792750730594,0.0,387.6517129669393,387.6517129669393,0.0,0.0
4026,2019-06-17 18:00:00,6,2019-06-17 19:00:00,0.15111,0.15111,0.15111,0.0,0.7814427798886573,443.9685733118204,-0.0,56.31686034488115,0.0,387.6517129669393,387.6517129669393,0.0,0.0
4027,2019-06-17 19:00:00,6,2019-06-17 20:00:00,0.15111,0.15111,0.15111,0.0,0.5773961844361893,447.1138967837089,-0.0,59.46218381676965,0.0,387.6517129669393,387.6517129669393,0.0,0.0
4028,2019-06-17 20:00:00,6,2019-06-17 21:00:00,0.15111,0.15111,0.15111,0.0,0.3619534894478935,425.9862650189431,-0.0,86.0991630876186,0.0,339.8871019313245,339.8871019313245,0.0,0.0
4029,2019-06-17 21:00:00,6,2019-06-17 22:00:00,0.12561,0.12561,0.12561,0.0,0.05,359.23730229970363,-0.0,0.0,0.0,359.23730229970363,359.23730229970363,0.0,0.0
4030,2019-06-17 22:00:00,6,2019-06-17 23:00:00,0.12561,0.12561,0.12561,0.0,0.05,279.1975037828363,-0.0,0.0,0.0,279.1975037828363,279.1975037828363,0.0,1.0
4031,2019-06-17 23:00:00,6,2019-06-18 00:00:00,0.10547,0.10547,0.10547,0.0,0.05,267.5114042809242,-0.0,0.0,0.0,267.5114042809242,267.5114042809242,0.0,1.0
4032,2019-06-18 00:00:00,6,2019-06-18 01:00:00,0.10547,0.10547,0.10547,0.0,0.05,280.9083417842521,-106.74337118268716,0.0,0.0,387.6517129669393,387.6517129669393,0.0,1.0
4033,2019-06-18 01:00:00,6,2019-06-18 02:00:00,0.10547,0.10547,0.10547,0.0,0.37734633829357395,259.3307444142441,-0.0,0.0,0.0,259.3307444142441,259.3307444142441,0.0,0.0
4034,2019-06-18 02:00:00,6,2019-06-18 03:00:00,0.10547,0.10547,0.10547,0.0,0.37734633829357395,256.5226067388654,-131.12910622807385,0.0,0.0,387.6517129669393,387.6517129669393,0.0,1.0
4035,2019-06-18 03:00:00,6,2019-06-18 04:00:00,0.10547,0.10547,0.10547,0.0,0.7794755973930004,264.11271876332756,-15.591297392665041,0.0,0.0,279.7040161559926,279.7040161559926,0.0,1.0
4036,2019-06-18 04:00:00,6,2019-06-18 05:00:00,0.10547,0.10547,0.10547,0.0,0.8272889093971733,263.0054325128964,-0.0,0.0,0.0,263.0054325128964,263.0054325128964,0.0,1.0
4037,2019-06-18 05:00:00,6,2019-06-18 06:00:00,0.10547,0.10547,0.10547,0.0,0.8272889093971733,333.8784921608267,-0.0,0.0,0.0,333.8784921608267,333.8784921608267,0.0,1.0
4038,2019-06-18 06:00:00,6,2019-06-18 07:00:00,0.10547,0.10547,0.10547,0.0,0.8272889093971733,379.08289330994364,-0.0,0.0,0.0,379.08289330994364,379.08289330994364,0.0,1.0
4039,2019-06-18 07:00:00,6,2019-06-18 08:00:00,0.10547,0.10547,0.10547,0.0,0.8272889093971733,410.6238709605918,-0.0,22.9721579936525,0.0,387.6517129669393,387.6517129669393,0.0,0.0
4040,2019-06-18 08:00:00,6,2019-06-18 09:00:00,0.10547,0.10547,0.10547,0.0,0.7440564528984323,344.8179703237908,-0.0,0.0,0.0,344.8179703237908,344.8179703237908,0.0,1.0
4041,2019-06-18 09:00:00,6,2019-06-18 10:00:00,0.10547,0.10547,0.10547,0.0,0.7440564528984323,296.6286244651231,-0.0,0.0,0.0,296.6286244651231,296.6286244651231,0.0,1.0
4042,2019-06-18 10:00:00,6,2019-06-18 11:00:00,0.10547,0.10547,0.10547,0.0,0.7440564528984323,297.62149006912585,-0.0,0.0,0.0,297.62149006912585,297.62149006912585,0.0,1.0
4043,2019-06-18 11:00:00,6,2019-06-18 12:00:00,0.10547,0.10547,0.10547,0.0,0.7440564528984323,304.1918606512107,-83.4598523157286,0.0,0.0,387.6517129669393,387.6517129669393,0.0,1.0
4044,2019-06-18 12:00:00,6,2019-06-18 13:00:00,0.10547,0.10547,0.10547,0.0,1.0,287.9951319927085,-0.0,0.0,0.0,287.9951319927085,287.9951319927085,0.0,1.0
4045,2019-06-18 13:00:00,6,2019-06-18 14:00:00,0.10547,0.10547,0.10547,0.0,1.0,307.7106119861483,-0.0,0.0,0.0,307.7106119861483,307.7106119861483,0.0,1.0
4046,2019-06-18 14:00:00,6,2019-06-18 15:00:00,0.12561,0.12561,0.12561,0.0,1.0,291.570362344355,-0.0,0.0,0.0,291.570362344355,291.570362344355,0.0,1.0
4047,2019-06-18 15:00:00,6,2019-06-18 16:00:00,0.12561,0.12561,0.12561,0.0,1.0,324.6591410534769,-0.0,0.0,0.0,324.6591410534769,324.6591410534769,0.0,1.0
4048,2019-06-18 16:00:00,6,2019-06-18 17:00:00,0.15111,0.15111,0.15111,0.0,1.0,357.6803652159722,-0.0,0.0,0.0,357.6803652159722,357.6803652159722,0.0,1.0
4049,2019-06-18 17:00:00,6,2019-06-18 18:00:00,0.15111,0.15111,0.15111,0.0,1.0,436.29856063090585,-0.0,48.64684766396658,0.0,387.6517129669393,387.6517129669393,0.0,0.0
4050,2019-06-18 18:00:00,6,2019-06-18 19:00:00,0.15111,0.15111,0.15111,0.0,0.8237433055653386,445.70984129886125,-0.0,119.86119415554855,0.0,325.8486471433127,325.8486471433127,0.0,0.0
4051,2019-06-18 19:00:00,6,2019-06-18 20:00:00,0.15111,0.15111,0.15111,0.0,0.38946361659595974,456.6995934492369,-0.0,69.04788048229761,0.0,387.6517129669393,387.6517129669393,0.0,0.0
4052,2019-06-18 20:00:00,6,2019-06-18 21:00:00,0.15111,0.15111,0.15111,0.0,0.1392901365876351,412.29579066512656,-0.0,24.64407769818729,0.0,387.6517129669393,387.6517129669393,0.0,0.0
4053,2019-06-18 21:00:00,6,2019-06-18 22:00:00,0.12561,0.12561,0.12561,0.0,0.05,350.5803398186485,-0.0,0.0,0.0,350.5803398186485,350.5803398186485,0.0,1.0
4054,2019-06-18 22:00:00,6,2019-06-18 23:00:00,0.12561,0.12561,0.12561,0.0,0.05,280.07512592952867,-0.0,0.0,0.0,280.07512592952867,280.07512592952867,0.0,1.0
4055,2019-06-18 23:00:00,6,2019-06-19 00:00:00,0.10547,0.10547,0.10547,0.0,0.05,268.0086886200071,-0.0,0.0,0.0,268.0086886200071,268.0086886200071,0.0,1.0
4056,2019-06-19 00:00:00,6,2019-06-19 01:00:00,0.10547,0.10547,0.10547,0.0,0.05,259.34142880563024,-0.0,0.0,0.0,259.34142880563024,259.34142880563024,0.0,1.0
4057,2019-06-19 01:00:00,6,2019-06-19 02:00:00,0.10547,0.10547,0.10547,0.0,0.05,249.5499392217759,-0.0,0.0,0.0,249.5499392217759,249.5499392217759,0.0,1.0
4058,2019-06-19 02:00:00,6,2019-06-19 03:00:00,0.10547,0.10547,0.10547,0.0,0.05,247.04278022496868,-0.0,0.0,0.0,247.04278022496868,247.04278022496868,0.0,1.0
4059,2019-06-19 03:00:00,6,2019-06-19 04:00:00,0.10547,0.10547,0.10547,0.0,0.05,252.303886700923,-22.58596260902071,0.0,0.0,274.8898493099437,274.8898493099437,0.0,1.0
4060,2019-06-19 04:00:00,6,2019-06-19 05:00:00,0.10547,0.10547,0.10547,0.0,0.11926361866766352,269.942402639421,-0.0,0.0,0.0,269.942402639421,269.942402639421,0.0,1.0
4061,2019-06-19 05:00:00,6,2019-06-19 06:00:00,0.10547,0.10547,0.10547,0.0,0.11926361866766352,362.26765203607914,-0.0,0.0,0.0,362.26765203607914,362.26765203607914,0.0,0.0
4062,2019-06-19 06:00:00,6,2019-06-19 07:00:00,0.10547,0.10547,0.10547,0.0,0.11926361866766352,406.7684717192144,-0.0,19.116758752275132,0.0,387.6517129669393,387.6517129669393,0.0,0.0
4063,2019-06-19 07:00:00,6,2019-06-19 08:00:00,0.10547,0.10547,0.10547,0.0,0.05,361.39817701359016,-0.0,0.0,0.0,361.39817701359016,361.39817701359016,0.0,0.0
4064,2019-06-19 08:00:00,6,2019-06-19 09:00:00,0.10547,0.10547,0.10547,0.0,0.05,331.2611942291888,-0.0,0.0,0.0,331.2611942291888,331.2611942291888,0.0,0.0
4065,2019-06-19 09:00:00,6,2019-06-19 10:00:00,0.10547,0.10547,0.10547,0.0,0.05,283.8892261693515,-103.76248679758777,0.0,0.0,387.6517129669393,387.6517129669393,0.0,1.0
4066,2019-06-19 10:00:00,6,2019-06-19 11:00:00,0.10547,0.10547,0.10547,0.0,0.3682049595126025,287.58917679730826,-0.0,0.0,0.0,287.58917679730826,287.58917679730826,0.0,0.0
4067,2019-06-19 11:00:00,6,2019-06-19 12:00:00,0.10547,0.10547,0.10547,0.0,0.3682049595126025,291.99165354353835,-39.85983425793643,0.0,0.0,331.8514878014748,331.8514878014748,0.0,1.0
4068,2019-06-19 12:00:00,6,2019-06-19 13:00:00,0.10547,0.10547,0.10547,0.0,0.4904417845702742,293.29865641074326,-94.35305655619602,0.0,0.0,387.6517129669393,387.6517129669393,0.0,1.0
4069,2019-06-19 13:00:00,6,2019-06-19 14:00:00,0.10547,0.10547,0.10547,0.0,0.7797911580092755,315.84448188300735,-71.80723108393192,0.0,0.0,387.6517129669393,387.6517129669393,0.0,1.0
4070,2019-06-19 14:00:00,6,2019-06-19 15:00:00,0.12561,0.12561,0.12561,0.0,1.0,316.41292002733945,-0.0,0.0,0.0,316.41292002733945,316.41292002733945,0.0,1.0
4071,2019-06-19 15:00:00,6,2019-06-19 16:00:00,0.12561,0.12561,0.12561,0.0,1.0,347.195016822916,-0.0,0.0,0.0,347.195016822916,347.195016822916,0.0,1.0
4072,2019-06-19 16:00:00,6,2019-06-19 17:00:00,0.15111,0.15111,0.15111,0.0,1.0,376.719230721928,-0.0,0.0,0.0,376.719230721928,376.719230721928,0.0,1.0
4073,2019-06-19 17:00:00,6,2019-06-19 18:00:00,0.15111,0.15111,0.15111,0.0,1.0,421.75473602870335,-0.0,120.4979005764931,0.0,301.2568354522102,301.2568354522102,0.0,0.0
4074,2019-06-19 18:00:00,6,2019-06-19 19:00:00,0.15111,0.15111,0.15111,0.0,0.5634134037083584,424.24373816621494,-0.0,36.59202519927567,0.0,387.6517129669393,387.6517129669393,0.0,0.0
4075,2019-06-19 19:00:00,6,2019-06-19 20:00:00,0.15111,0.15111,0.15111,0.0,0.43083360226170747,455.5484653375866,-0.0,67.89675237064733,0.0,387.6517129669393,387.6517129669393,0.0,0.0
4076,2019-06-19 20:00:00,6,2019-06-19 21:00:00,0.15111,0.15111,0.15111,0.0,0.18483087628110115,424.8650348205232,-0.0,37.21332185358392,0.0,387.6517129669393,387.6517129669393,0.0,0.0
4077,2019-06-19 21:00:00,6,2019-06-19 22:00:00,0.12561,0.12561,0.12561,0.0,0.05,350.17931886301034,-0.0,0.0,0.0,350.17931886301034,350.17931886301034,0.0,1.0
4078,2019-06-19 22:00:00,6,2019-06-19 23:00:00,0.12561,0.12561,0.12561,0.0,0.05,272.846812616743,-0.0,0.0,0.0,272.846812616743,272.846812616743,0.0,1.0
4079,2019-06-19 23:00:00,6,2019-06-20 00:00:00,0.10547,0.10547,0.10547,0.0,0.05,251.4045768993318,-19.516327894231747,0.0,0.0,270.9209047935635,270.9209047935635,0.0,1.0
4080,2019-06-20 00:00:00,6,2019-06-20 01:00:00,0.10547,0.10547,0.10547,0.0,0.10985007220897737,254.4429957567753,-0.0,0.0,0.0,254.4429957567753,254.4429957567753,0.0,1.0
4081,2019-06-20 01:00:00,6,2019-06-20 02:00:00,0.10547,0.10547,0.10547,0.0,0.10985007220897737,243.92111667260704,-9.372527740765845,0.0,0.0,253.29364441337287,253.29364441337287,0.0,1.0
4082,2019-06-20 02:00:00,6,2019-06-20 03:00:00,0.10547,0.10547,0.10547,0.0,0.13859249061399262,237.2456151178343,-0.0,0.0,0.0,237.2456151178343,237.2456151178343,0.0,1.0
4083,2019-06-20 03:00:00,6,2019-06-20 04:00:00,0.10547,0.10547,0.10547,0.0,0.13859249061399262,241.93368627269393,-145.71802669424534,0.0,0.0,387.6517129669393,387.6517129669393,0.0,1.0
4084,2019-06-20 04:00:00,6,2019-06-20 05:00:00,0.10547,0.10547,0.10547,0.0,0.5854611058096784,252.47598660053004,-135.1757263664092,0.0,0.0,387.6517129669393,387.6517129669393,0.0,1.0
4085,2019-06-20 05:00:00,6,2019-06-20 06:00:00,0.10547,0.10547,0.10547,0.0,1.0,355.2257025420024,-0.0,0.0,0.0,355.2257025420024,355.2257025420024,0.0,0.0
4086,2019-06-20 06:00:00,6,2019-06-20 07:00:00,0.10547,0.10547,0.10547,0.0,1.0,404.170332896617,-0.0,16.518619929677754,0.0,387.6517129669393,387.6517129669393,0.0,0.0
4087,2019-06-20 07:00:00,6,2019-06-20 08:00:00,0.10547,0.10547,0.10547,0.0,0.9401499277910227,354.97277846057574,-0.0,0.0,0.0,354.97277846057574,354.97277846057574,0.0,1.0
4088,2019-06-20 08:00:00,6,2019-06-20 09:00:00,0.10547,0.10547,0.10547,0.0,0.9401499277910227,325.208132929511,0.0,0.0,0.0,325.208132929511,325.208132929511,0.0,0.0
4089,2019-06-20 09:00:00,6,2019-06-20 10:00:00,0.10547,0.10547,0.10547,0.0,0.9401499277910227,279.90263179368003,-0.0,0.0,0.0,279.90263179368003,279.90263179368003,0.0,1.0
4090,2019-06-20 10:00:00,6,2019-06-20 11:00:00,0.10547,0.10547,0.10547,0.0,0.9401499277910227,282.85694644809905,-0.0,0.0,0.0,282.85694644809905,282.85694644809905,0.0,1.0
4091,2019-06-20 11:00:00,6,2019-06-20 12:00:00,0.10547,0.10547,0.10547,0.0,0.9401499277910227,283.95457519535694,-0.0,0.0,0.0,283.95457519535694,283.95457519535694,0.0,1.0
4092,2019-06-20 12:00:00,6,2019-06-20 13:00:00,0.10547,0.10547,0.10547,0.0,0.9401499277910227,276.11751316037004,-19.516327894231722,0.0,0.0,295.63384105460176,295.63384105460176,0.0,1.0
4093,2019-06-20 13:00:00,6,2019-06-20 14:00:00,0.10547,0.10547,0.10547,0.0,1.0,278.4730909198016,-0.0,0.0,0.0,278.4730909198016,278.4730909198016,0.0,1.0
4094,2019-06-20 14:00:00,6,2019-06-20 15:00:00,0.12561,0.12561,0.12561,0.0,1.0,283.0766360745987,-0.0,0.0,0.0,283.0766360745987,283.0766360745987,0.0,1.0
4095,2019-06-20 15:00:00,6,2019-06-20 16:00:00,0.12561,0.12561,0.12561,0.0,1.0,323.427302517044,-0.0,0.0,0.0,323.427302517044,323.427302517044,0.0,1.0
4096,2019-06-20 16:00:00,6,2019-06-20 17:00:00,0.15111,0.15111,0.15111,0.0,1.0,353.4447563052829,-0.0,0.0,0.0,353.4447563052829,353.4447563052829,0.0,1.0
4097,2019-06-20 17:00:00,6,2019-06-20 18:00:00,0.15111,0.15111,0.15111,0.0,1.0,404.4377092617714,-0.0,43.56922359050016,0.0,360.86848567127123,360.86848567127123,0.0,0.0
4098,2019-06-20 18:00:00,6,2019-06-20 19:00:00,0.15111,0.15111,0.15111,0.0,0.8421404942373183,404.6993248891249,-0.0,17.047611922185638,0.0,387.6517129669393,387.6517129669393,0.0,0.0
4099,2019-06-20 19:00:00,6,2019-06-20 20:00:00,0.15111,0.15111,0.15111,0.0,0.7803737843743268,439.2348774542535,-0.0,51.58316448731421,0.0,387.6517129669393,387.6517129669393,0.0,0.0
4100,2019-06-20 20:00:00,6,2019-06-20 21:00:00,0.15111,0.15111,0.15111,0.0,0.5934782608695652,411.54088831241876,-0.0,150.0,0.0,261.54088831241876,261.54088831241876,0.0,0.0
4101,2019-06-20 21:00:00,6,2019-06-20 22:00:00,0.12561,0.12561,0.12561,0.0,0.05,340.3795616338042,-0.0,0.0,0.0,340.3795616338042,340.3795616338042,0.0,1.0
4102,2019-06-20 22:00:00,6,2019-06-20 23:00:00,0.12561,0.12561,0.12561,0.0,0.05,274.93157780401236,-0.0,0.0,0.0,274.93157780401236,274.93157780401236,0.0,1.0
4103,2019-06-20 23:00:00,6,2019-06-21 00:00:00,0.10547,0.10547,0.10547,0.0,0.05,260.87630946378283,-0.0,0.0,0.0,260.87630946378283,260.87630946378283,0.0,1.0
4104,2019-06-21 00:00:00,6,2019-06-21 01:00:00,0.10547,0.10547,0.10547,0.0,0.05,253.74833242822697,-0.0,0.0,0.0,253.74833242822697,253.74833242822697,0.0,1.0
4105,2019-06-21 01:00:00,6,2019-06-21 02:00:00,0.10547,0.10547,0.10547,0.0,0.05,244.21737524878043,-0.0,0.0,0.0,244.21737524878043,244.21737524878043,0.0,1.0
4106,2019-06-21 02:00:00,6,2019-06-21 03:00:00,0.10547,0.10547,0.10547,0.0,0.05,242.40809079624665,-30.77226786936658,0.0,0.0,273.1803586656132,273.1803586656132,0.0,1.0
4107,2019-06-21 03:00:00,6,2019-06-21 04:00:00,0.10547,0.10547,0.10547,0.0,0.14436828813272418,249.5248372368611,-0.0,0.0,0.0,249.5248372368611,249.5248372368611,0.0,1.0
4108,2019-06-21 04:00:00,6,2019-06-21 05:00:00,0.10547,0.10547,0.10547,0.0,0.14436828813272418,266.62931874325,-0.0,0.0,0.0,266.62931874325,266.62931874325,0.0,1.0
4109,2019-06-21 05:00:00,6,2019-06-21 06:00:00,0.10547,0.10547,0.10547,0.0,0.14436828813272418,359.86912199363195,-0.0,0.0,0.0,359.86912199363195,359.86912199363195,0.0,0.0
4110,2019-06-21 06:00:00,6,2019-06-21 07:00:00,0.10547,0.10547,0.10547,0.0,0.14436828813272418,413.69736049157115,-0.0,26.045647524631875,0.0,387.6517129669393,387.6517129669393,0.0,0.0
4111,2019-06-21 07:00:00,6,2019-06-21 08:00:00,0.10547,0.10547,0.10547,0.0,0.05,368.6079493012494,-0.0,0.0,0.0,368.6079493012494,368.6079493012494,0.0,0.0
4112,2019-06-21 08:00:00,6,2019-06-21 09:00:00,0.10547,0.10547,0.10547,0.0,0.05,337.32354997318396,-0.0,0.0,0.0,337.32354997318396,337.32354997318396,0.0,0.0
4113,2019-06-21 09:00:00,6,2019-06-21 10:00:00,0.10547,0.10547,0.10547,0.0,0.05,280.59918703631064,-107.05252593062863,0.0,0.0,387.6517129669393,387.6517129669393,0.0,1.0
4114,2019-06-21 10:00:00,6,2019-06-21 11:00:00,0.10547,0.10547,0.10547,0.0,0.3782944128539278,278.67926164249775,-88.68362912456958,0.0,0.0,367.3628907670673,367.3628907670673,0.0,1.0
4115,2019-06-21 11:00:00,6,2019-06-21 12:00:00,0.10547,0.10547,0.10547,0.0,0.6502575421692746,279.02010779256244,-0.0,0.0,0.0,279.02010779256244,279.02010779256244,0.0,1.0
4116,2019-06-21 12:00:00,6,2019-06-21 13:00:00,0.10547,0.10547,0.10547,0.0,0.6502575421692746,271.9555627977163,-114.04645364045395,0.0,0.0,386.00201643817024,386.00201643817024,0.0,1.0
4117,2019-06-21 13:00:00,6,2019-06-21 14:00:00,0.10547,0.10547,0.10547,0.0,1.0,273.60525932648534,-0.0,0.0,0.0,273.60525932648534,273.60525932648534,0.0,1.0
4118,2019-06-21 14:00:00,6,2019-06-21 15:00:00,0.12561,0.12561,0.12561,0.0,1.0,279.00821951906016,-0.0,0.0,0.0,279.00821951906016,279.00821951906016,0.0,1.0
4119,2019-06-21 15:00:00,6,2019-06-21 16:00:00,0.12561,0.12561,0.12561,0.0,1.0,329.23827757591437,-0.0,0.0,0.0,329.23827757591437,329.23827757591437,0.0,1.0
4120,2019-06-21 16:00:00,6,2019-06-21 17:00:00,0.15111,0.15111,0.15111,0.0,1.0,356.4485200700539,-0.0,0.0,0.0,356.4485200700539,356.4485200700539,0.0,1.0
4121,2019-06-21 17:00:00,6,2019-06-21 18:00:00,0.15111,0.15111,0.15111,0.0,1.0,399.756338684685,-0.0,12.104625717745705,0.0,387.6517129669393,387.6517129669393,0.0,0.0
4122,2019-06-21 18:00:00,6,2019-06-21 19:00:00,0.15111,0.15111,0.15111,0.0,0.9561426604429503,401.0758651298747,-0.0,52.146985179969214,0.0,348.92887994990554,348.92887994990554,0.0,0.0
4123,2019-06-21 19:00:00,6,2019-06-21 20:00:00,0.15111,0.15111,0.15111,0.0,0.7672043083416126,435.60010206922436,-0.0,47.94838910228509,0.0,387.6517129669393,387.6517129669393,0.0,0.0
4124,2019-06-21 20:00:00,6,2019-06-21 21:00:00,0.15111,0.15111,0.15111,0.0,0.5934782608695652,412.5898608229427,-0.0,150.0,0.0,262.5898608229427,262.5898608229427,0.0,0.0
4125,2019-06-21 21:00:00,6,2019-06-21 22:00:00,0.12561,0.12561,0.12561,0.0,0.05,345.8985781621825,-0.0,0.0,0.0,345.8985781621825,345.8985781621825,0.0,1.0
4126,2019-06-21 22:00:00,6,2019-06-21 23:00:00,0.12561,0.12561,0.12561,0.0,0.05,287.32256775096295,-0.0,0.0,0.0,287.32256775096295,287.32256775096295,0.0,1.0
4127,2019-06-21 23:00:00,6,2019-06-22 00:00:00,0.10547,0.10547,0.10547,0.0,0.05,259.2960993795292,-0.0,0.0,0.0,259.2960993795292,259.2960993795292,0.0,1.0
4128,2019-06-22 00:00:00,6,2019-06-22 01:00:00,0.10547,0.10547,0.10547,0.0,0.05,248.82188407152816,-138.82982889541108,0.0,0.0,387.6517129669393,387.6517129669393,0.0,1.0
4129,2019-06-22 01:00:00,6,2019-06-22 02:00:00,0.10547,0.10547,0.10547,0.0,0.475744808612594,241.32599822190332,-0.0,0.0,0.0,241.32599822190332,241.32599822190332,0.0,0.0
4130,2019-06-22 02:00:00,6,2019-06-22 03:00:00,0.10547,0.10547,0.10547,0.0,0.475744808612594,238.1349067151842,-149.51680625175507,0.0,0.0,387.6517129669393,387.6517129669393,0.0,1.0
4131,2019-06-22 03:00:00,6,2019-06-22 04:00:00,0.10547,0.10547,0.10547,0.0,0.9342630144513097,245.49601164511395,-0.0,0.0,0.0,245.49601164511395,245.49601164511395,0.0,1.0
4132,2019-06-22 04:00:00,6,2019-06-22 05:00:00,0.10547,0.10547,0.10547,0.0,0.9342630144513097,258.048283760741,-0.0,0.0,0.0,258.048283760741,258.048283760741,0.0,1.0
4133,2019-06-22 05:00:00,6,2019-06-22 06:00:00,0.10547,0.10547,0.10547,0.0,0.9342630144513097,356.2456296103604,-0.0,0.0,0.0,356.2456296103604,356.2456296103604,0.0,0.0
4134,2019-06-22 06:00:00,6,2019-06-22 07:00:00,0.10547,0.10547,0.10547,0.0,0.9342630144513097,416.3797074456171,-0.0,28.72799447867783,0.0,387.6517129669393,387.6517129669393,0.0,0.0
4135,2019-06-22 07:00:00,6,2019-06-22 08:00:00,0.10547,0.10547,0.10547,0.0,0.830176077934361,374.72795826209415,-0.0,0.0,0.0,374.72795826209415,374.72795826209415,0.0,1.0
4136,2019-06-22 08:00:00,6,2019-06-22 09:00:00,0.10547,0.10547,0.10547,0.0,0.830176077934361,345.0235142889853,-0.0,0.0,0.0,345.0235142889853,345.0235142889853,0.0,1.0
4137,2019-06-22 09:00:00,6,2019-06-22 10:00:00,0.10547,0.10547,0.10547,0.0,0.830176077934361,288.9394599239128,-0.0,0.0,0.0,288.9394599239128,288.9394599239128,0.0,1.0
4138,2019-06-22 10:00:00,6,2019-06-22 11:00:00,0.10547,0.10547,0.10547,0.0,0.830176077934361,281.7934506005822,-0.0,0.0,0.0,281.7934506005822,281.7934506005822,0.0,1.0
4139,2019-06-22 11:00:00,6,2019-06-22 12:00:00,0.10547,0.10547,0.10547,0.0,0.830176077934361,283.34333763609754,-0.0,0.0,0.0,283.34333763609754,283.34333763609754,0.0,1.0
4140,2019-06-22 12:00:00,6,2019-06-22 13:00:00,0.10547,0.10547,0.10547,0.0,0.830176077934361,275.90842103890634,-0.0,0.0,0.0,275.90842103890634,275.90842103890634,0.0,1.0
4141,2019-06-22 13:00:00,6,2019-06-22 14:00:00,0.10547,0.10547,0.10547,0.0,0.830176077934361,278.6875212711633,-55.37736589096924,0.0,0.0,334.06488716213255,334.06488716213255,0.0,1.0
4142,2019-06-22 14:00:00,6,2019-06-22 15:00:00,0.12561,0.12561,0.12561,0.0,1.0,292.1800327332976,-0.0,0.0,0.0,292.1800327332976,292.1800327332976,0.0,1.0
4143,2019-06-22 15:00:00,6,2019-06-22 16:00:00,0.12561,0.12561,0.12561,0.0,1.0,342.51457538339605,-0.0,0.0,0.0,342.51457538339605,342.51457538339605,0.0,1.0
4144,2019-06-22 16:00:00,6,2019-06-22 17:00:00,0.15111,0.15111,0.15111,0.0,1.0,375.9610182976356,-0.0,0.0,0.0,375.9610182976356,375.9610182976356,0.0,0.0
4145,2019-06-22 17:00:00,6,2019-06-22 18:00:00,0.15111,0.15111,0.15111,0.0,1.0,421.420929258695,-0.0,60.18463749071437,0.0,361.2362917679807,361.2362917679807,0.0,0.0
4146,2019-06-22 18:00:00,6,2019-06-22 19:00:00,0.15111,0.15111,0.15111,0.0,0.7819397192365422,414.3770379789644,-0.0,26.72532501202511,0.0,387.6517129669393,387.6517129669393,0.0,0.0
4147,2019-06-22 19:00:00,6,2019-06-22 20:00:00,0.15111,0.15111,0.15111,0.0,0.6851088315118136,444.77844887255657,-0.0,150.0,0.0,294.77844887255657,294.77844887255657,0.0,0.0
4148,2019-06-22 20:00:00,6,2019-06-22 21:00:00,0.15111,0.15111,0.15111,0.0,0.1416305706422483,412.9417504641998,-0.0,25.290037497260528,0.0,387.6517129669393,387.6517129669393,0.0,0.0
4149,2019-06-22 21:00:00,6,2019-06-22 22:00:00,0.12561,0.12561,0.12561,0.0,0.05,341.57694934895625,-0.0,0.0,0.0,341.57694934895625,341.57694934895625,0.0,1.0
4150,2019-06-22 22:00:00,6,2019-06-22 23:00:00,0.12561,0.12561,0.12561,0.0,0.05,274.93666863326564,-0.0,0.0,0.0,274.93666863326564,274.93666863326564,0.0,1.0
4151,2019-06-22 23:00:00,6,2019-06-23 00:00:00,0.10547,0.10547,0.10547,0.0,0.05,261.4751474447732,-38.286325062191494,0.0,0.0,299.7614725069647,299.7614725069647,0.0,1.0
4152,2019-06-23 00:00:00,6,2019-06-23 01:00:00,0.10547,0.10547,0.10547,0.0,0.16741139685738726,253.4325903562365,-0.0,0.0,0.0,253.4325903562365,253.4325903562365,0.0,1.0
4153,2019-06-23 01:00:00,6,2019-06-23 02:00:00,0.10547,0.10547,0.10547,0.0,0.16741139685738726,244.60227372895113,-0.0,0.0,0.0,244.60227372895113,244.60227372895113,0.0,1.0
4154,2019-06-23 02:00:00,6,2019-06-23 03:00:00,0.10547,0.10547,0.10547,0.0,0.16741139685738726,242.21721974332482,-0.0,0.0,0.0,242.21721974332482,242.21721974332482,0.0,1.0
4155,2019-06-23 03:00:00,6,2019-06-23 04:00:00,0.10547,0.10547,0.10547,0.0,0.16741139685738726,247.9775115133985,-0.0,0.0,0.0,247.9775115133985,247.9775115133985,0.0,1.0
4156,2019-06-23 04:00:00,6,2019-06-23 05:00:00,0.10547,0.10547,0.10547,0.0,0.16741139685738726,253.6523394431984,-111.43951391047672,0.0,0.0,365.0918533536751,365.0918533536751,0.0,1.0
4157,2019-06-23 05:00:00,6,2019-06-23 06:00:00,0.10547,0.10547,0.10547,0.0,0.5091592395161826,355.79668702560423,-0.0,0.0,0.0,355.79668702560423,355.79668702560423,0.0,0.0
4158,2019-06-23 06:00:00,6,2019-06-23 07:00:00,0.10547,0.10547,0.10547,0.0,0.5091592395161826,420.05725849957815,-0.0,32.40554553263888,0.0,387.6517129669393,387.6517129669393,0.0,0.0
4159,2019-06-23 07:00:00,6,2019-06-23 08:00:00,0.10547,0.10547,0.10547,0.0,0.3917478426587953,375.9359150725991,-0.0,0.0,0.0,375.9359150725991,375.9359150725991,0.0,0.0
4160,2019-06-23 08:00:00,6,2019-06-23 09:00:00,0.10547,0.10547,0.10547,0.0,0.3917478426587953,343.37749764854163,-0.0,0.0,0.0,343.37749764854163,343.37749764854163,0.0,0.0
4161,2019-06-23 09:00:00,6,2019-06-23 10:00:00,0.10547,0.10547,0.10547,0.0,0.3917478426587953,283.8080384679111,-0.0,0.0,0.0,283.8080384679111,283.8080384679111,0.0,1.0
4162,2019-06-23 10:00:00,6,2019-06-23 11:00:00,0.10547,0.10547,0.10547,0.0,0.3917478426587953,280.80704122471855,-106.84467174222073,0.0,0.0,387.6517129669393,387.6517129669393,0.0,1.0
4163,2019-06-23 11:00:00,6,2019-06-23 12:00:00,0.10547,0.10547,0.10547,0.0,0.7194048360016055,283.77809924150546,-0.0,0.0,0.0,283.77809924150546,283.77809924150546,0.0,1.0
4164,2019-06-23 12:00:00,6,2019-06-23 13:00:00,0.10547,0.10547,0.10547,0.0,0.7194048360016055,279.1007690670158,-91.4984230429547,0.0,0.0,370.5991921099705,370.5991921099705,0.0,1.0
4165,2019-06-23 13:00:00,6,2019-06-23 14:00:00,0.10547,0.10547,0.10547,0.0,1.0,296.1532899239846,-0.0,0.0,0.0,296.1532899239846,296.1532899239846,0.0,1.0
4166,2019-06-23 14:00:00,6,2019-06-23 15:00:00,0.12561,0.12561,0.12561,0.0,1.0,301.047840780713,-0.0,0.0,0.0,301.047840780713,301.047840780713,0.0,1.0
4167,2019-06-23 15:00:00,6,2019-06-23 16:00:00,0.12561,0.12561,0.12561,0.0,1.0,323.15918721681965,-0.0,0.0,0.0,323.15918721681965,323.15918721681965,0.0,1.0
4168,2019-06-23 16:00:00,6,2019-06-23 17:00:00,0.15111,0.15111,0.15111,0.0,1.0,375.1829862339807,-0.0,0.0,0.0,375.1829862339807,375.1829862339807,0.0,1.0
4169,2019-06-23 17:00:00,6,2019-06-23 18:00:00,0.15111,0.15111,0.15111,0.0,1.0,425.0926955756467,-0.0,37.44098260870743,0.0,387.6517129669393,387.6517129669393,0.0,0.0
4170,2019-06-23 18:00:00,6,2019-06-23 19:00:00,0.15111,0.15111,0.15111,0.0,0.8643442659104803,411.7850451434187,-0.0,24.133332176479428,0.0,387.6517129669393,387.6517129669393,0.0,0.0
4171,2019-06-23 19:00:00,6,2019-06-23 20:00:00,0.15111,0.15111,0.15111,0.0,0.77690465657541,434.3705779713808,-0.0,50.625685214813146,0.0,383.74489275656765,383.74489275656765,0.0,0.0
4172,2019-06-23 20:00:00,6,2019-06-23 21:00:00,0.15111,0.15111,0.15111,0.0,0.5934782608695652,405.8097896202198,-0.0,150.0,0.0,255.80978962021982,255.80978962021982,0.0,0.0
4173,2019-06-23 21:00:00,6,2019-06-23 22:00:00,0.12561,0.12561,0.12561,0.0,0.05,341.7769128163626,-0.0,0.0,0.0,341.7769128163626,341.7769128163626,0.0,1.0
4174,2019-06-23 22:00:00,6,2019-06-23 23:00:00,0.12561,0.12561,0.12561,0.0,0.05,281.6455099121737,-0.0,0.0,0.0,281.6455099121737,281.6455099121737,0.0,1.0
4175,2019-06-23 23:00:00,6,2019-06-24 00:00:00,0.10547,0.10547,0.10547,0.0,0.05,262.99706231830174,-22.052153931753214,0.0,0.0,285.049216250055,285.049216250055,0.0,1.0
4176,2019-06-24 00:00:00,6,2019-06-24 01:00:00,0.10547,0.10547,0.10547,0.0,0.11762660539070985,266.852058134084,-0.0,0.0,0.0,266.852058134084,266.852058134084,0.0,1.0
4177,2019-06-24 01:00:00,6,2019-06-24 02:00:00,0.10547,0.10547,0.10547,0.0,0.11762660539070985,247.93159755516103,-0.0,0.0,0.0,247.93159755516103,247.93159755516103,0.0,1.0
4178,2019-06-24 02:00:00,6,2019-06-24 03:00:00,0.10547,0.10547,0.10547,0.0,0.11762660539070985,237.43927881479735,-150.0,0.0,0.0,387.4392788147974,387.4392788147974,0.0,1.0
4179,2019-06-24 03:00:00,6,2019-06-24 04:00:00,0.10547,0.10547,0.10547,0.0,0.5776266053907099,235.85321625590842,-0.0,0.0,0.0,235.85321625590842,235.85321625590842,0.0,1.0
4180,2019-06-24 04:00:00,6,2019-06-24 05:00:00,0.10547,0.10547,0.10547,0.0,0.5776266053907099,225.44935953109066,-66.47347190304795,0.0,0.0,291.92283143413863,291.92283143413863,0.0,1.0
4181,2019-06-24 05:00:00,6,2019-06-24 06:00:00,0.10547,0.10547,0.10547,0.0,0.7814785858933903,316.3947301060883,-71.256982860851,0.0,0.0,387.6517129669393,387.6517129669393,0.0,1.0
4182,2019-06-24 06:00:00,6,2019-06-24 07:00:00,0.10547,0.10547,0.10547,0.0,1.0,368.5016541791139,-0.0,0.0,0.0,368.5016541791139,368.5016541791139,0.0,0.0
4183,2019-06-24 07:00:00,6,2019-06-24 08:00:00,0.10547,0.10547,0.10547,0.0,1.0,406.3166560547752,-0.0,18.664943087835923,0.0,387.6517129669393,387.6517129669393,0.0,0.0
4184,2019-06-24 08:00:00,6,2019-06-24 09:00:00,0.10547,0.10547,0.10547,0.0,0.9323733946092901,354.74720355692494,0.0,0.0,0.0,354.74720355692494,354.74720355692494,0.0,0.0
4185,2019-06-24 09:00:00,6,2019-06-24 10:00:00,0.10547,0.10547,0.10547,0.0,0.9323733946092901,293.2195575038593,-22.052153931753207,0.0,0.0,315.2717114356125,315.2717114356125,0.0,1.0
4186,2019-06-24 10:00:00,6,2019-06-24 11:00:00,0.10547,0.10547,0.10547,0.0,1.0,286.565433075439,-0.0,0.0,0.0,286.565433075439,286.565433075439,0.0,1.0
4187,2019-06-24 11:00:00,6,2019-06-24 12:00:00,0.10547,0.10547,0.10547,0.0,1.0,289.235782027525,-0.0,0.0,0.0,289.235782027525,289.235782027525,0.0,1.0
4188,2019-06-24 12:00:00,6,2019-06-24 13:00:00,0.10547,0.10547,0.10547,0.0,1.0,282.4373201460103,-0.0,0.0,0.0,282.4373201460103,282.4373201460103,0.0,1.0
4189,2019-06-24 13:00:00,6,2019-06-24 14:00:00,0.10547,0.10547,0.10547,0.0,1.0,289.02302755689635,-0.0,0.0,0.0,289.02302755689635,289.02302755689635,0.0,1.0
4190,2019-06-24 14:00:00,6,2019-06-24 15:00:00,0.12561,0.12561,0.12561,0.0,1.0,301.482207725436,-0.0,0.0,0.0,301.482207725436,301.482207725436,0.0,1.0
4191,2019-06-24 15:00:00,6,2019-06-24 16:00:00,0.12561,0.12561,0.12561,0.0,1.0,330.6379716202361,-0.0,0.0,0.0,330.6379716202361,330.6379716202361,0.0,1.0
4192,2019-06-24 16:00:00,6,2019-06-24 17:00:00,0.15111,0.15111,0.15111,0.0,1.0,373.43816816770385,-0.0,115.82068432377395,0.0,257.6174838439299,257.6174838439299,0.0,0.0
4193,2019-06-24 17:00:00,6,2019-06-24 18:00:00,0.15111,0.15111,0.15111,0.0,0.5803598394066162,443.7274472437923,-0.0,56.07573427685304,0.0,387.6517129669393,387.6517129669393,0.0,0.0
4194,2019-06-24 18:00:00,6,2019-06-24 19:00:00,0.15111,0.15111,0.15111,0.0,0.37718688912816306,420.6775885241723,-0.0,33.02587555723301,0.0,387.6517129669393,387.6517129669393,0.0,0.0
4195,2019-06-24 19:00:00,6,2019-06-24 20:00:00,0.15111,0.15111,0.15111,0.0,0.2575279197178985,422.116734214213,-0.0,34.46502124727374,0.0,387.6517129669393,387.6517129669393,0.0,0.0
4196,2019-06-24 20:00:00,6,2019-06-24 21:00:00,0.15111,0.15111,0.15111,0.0,0.13265465432922555,410.4643975618055,-0.0,22.812684594866255,0.0,387.6517129669393,387.6517129669393,0.0,0.0
4197,2019-06-24 21:00:00,6,2019-06-24 22:00:00,0.12561,0.12561,0.12561,0.0,0.05,355.14704343830834,-0.0,0.0,0.0,355.14704343830834,355.14704343830834,0.0,1.0
4198,2019-06-24 22:00:00,6,2019-06-24 23:00:00,0.12561,0.12561,0.12561,0.0,0.05,277.9914293774305,-0.0,0.0,0.0,277.9914293774305,277.9914293774305,0.0,1.0
4199,2019-06-24 23:00:00,6,2019-06-25 00:00:00,0.10547,0.10547,0.10547,0.0,0.05,264.91936003481084,-25.711482913465527,0.0,0.0,290.6308429482764,290.6308429482764,0.0,1.0
4200,2019-06-25 00:00:00,6,2019-06-25 01:00:00,0.10547,0.10547,0.10547,0.0,0.12884854760129427,279.1989573829126,-0.0,0.0,0.0,279.1989573829126,279.1989573829126,0.0,1.0
4201,2019-06-25 01:00:00,6,2019-06-25 02:00:00,0.10547,0.10547,0.10547,0.0,0.12884854760129427,260.9874031459901,-81.9572563787171,0.0,0.0,342.94465952470716,342.94465952470716,0.0,1.0
4202,2019-06-25 02:00:00,6,2019-06-25 03:00:00,0.10547,0.10547,0.10547,0.0,0.38018413382936006,257.8550974805332,-0.0,0.0,0.0,257.8550974805332,257.8550974805332,0.0,1.0
4203,2019-06-25 03:00:00,6,2019-06-25 04:00:00,0.10547,0.10547,0.10547,0.0,0.38018413382936006,263.62025995255266,-0.0,0.0,0.0,263.62025995255266,263.62025995255266,0.0,1.0
4204,2019-06-25 04:00:00,6,2019-06-25 05:00:00,0.10547,0.10547,0.10547,0.0,0.38018413382936006,266.30020190903105,-0.0,0.0,0.0,266.30020190903105,266.30020190903105,0.0,1.0
4205,2019-06-25 05:00:00,6,2019-06-25 06:00:00,0.10547,0.10547,0.10547,0.0,0.38018413382936006,335.3063884797571,-0.0,0.0,0.0,335.3063884797571,335.3063884797571,0.0,1.0
4206,2019-06-25 06:00:00,6,2019-06-25 07:00:00,0.10547,0.10547,0.10547,0.0,0.38018413382936006,379.93489711410723,-7.716815852832042,0.0,0.0,387.6517129669393,387.6517129669393,0.0,1.0
4207,2019-06-25 07:00:00,6,2019-06-25 08:00:00,0.10547,0.10547,0.10547,0.0,0.40384903577804504,409.4139121048965,-0.0,21.762199137957225,0.0,387.6517129669393,387.6517129669393,0.0,0.0
4208,2019-06-25 08:00:00,6,2019-06-25 09:00:00,0.10547,0.10547,0.10547,0.0,0.32500048817675076,342.4904252650395,-45.16128770189977,0.0,0.0,387.6517129669393,387.6517129669393,0.0,1.0
4209,2019-06-25 09:00:00,6,2019-06-25 10:00:00,0.10547,0.10547,0.10547,0.0,0.46349510379591,296.221994222194,-0.0,0.0,0.0,296.221994222194,296.221994222194,0.0,1.0
4210,2019-06-25 10:00:00,6,2019-06-25 11:00:00,0.10547,0.10547,0.10547,0.0,0.46349510379591,295.9697217090048,-91.6819912579345,0.0,0.0,387.6517129669393,387.6517129669393,0.0,1.0
4211,2019-06-25 11:00:00,6,2019-06-25 12:00:00,0.10547,0.10547,0.10547,0.0,0.7446532103202426,304.38645546267054,-83.26525750426873,0.0,0.0,387.6517129669393,387.6517129669393,0.0,1.0
4212,2019-06-25 12:00:00,6,2019-06-25 13:00:00,0.10547,0.10547,0.10547,0.0,1.0,292.0187364210073,-0.0,0.0,0.0,292.0187364210073,292.0187364210073,0.0,0.0
4213,2019-06-25 13:00:00,6,2019-06-25 14:00:00,0.10547,0.10547,0.10547,0.0,1.0,307.15627192603426,-0.0,0.0,0.0,307.15627192603426,307.15627192603426,0.0,0.0
4214,2019-06-25 14:00:00,6,2019-06-25 15:00:00,0.12561,0.12561,0.12561,0.0,1.0,298.4305544034808,-0.0,0.0,0.0,298.4305544034808,298.4305544034808,0.0,1.0
4215,2019-06-25 15:00:00,6,2019-06-25 16:00:00,0.12561,0.12561,0.12561,0.0,1.0,324.2945001831766,-0.0,0.0,0.0,324.2945001831766,324.2945001831766,0.0,1.0
4216,2019-06-25 16:00:00,6,2019-06-25 17:00:00,0.15111,0.15111,0.15111,0.0,1.0,363.70494845769497,-0.0,0.0,0.0,363.70494845769497,363.70494845769497,0.0,1.0
4217,2019-06-25 17:00:00,6,2019-06-25 18:00:00,0.15111,0.15111,0.15111,0.0,1.0,435.0817985921557,-0.0,47.43008562521641,0.0,387.6517129669393,387.6517129669393,0.0,0.0
4218,2019-06-25 18:00:00,6,2019-06-25 19:00:00,0.15111,0.15111,0.15111,0.0,0.8281518636767521,436.14623199346227,-0.0,48.494519026522994,0.0,387.6517129669393,387.6517129669393,0.0,0.0
4219,2019-06-25 19:00:00,6,2019-06-25 20:00:00,0.15111,0.15111,0.15111,0.0,0.6524470845951471,457.4752476506395,-0.0,141.59081684065035,0.0,315.88443080998917,315.88443080998917,0.0,0.0
4220,2019-06-25 20:00:00,6,2019-06-25 21:00:00,0.15111,0.15111,0.15111,0.0,0.13943687865076174,412.3362914745495,-0.0,24.68457850761024,0.0,387.6517129669393,387.6517129669393,0.0,0.0
4221,2019-06-25 21:00:00,6,2019-06-25 22:00:00,0.12561,0.12561,0.12561,0.0,0.05,349.1887523605606,-0.0,0.0,0.0,349.1887523605606,349.1887523605606,0.0,1.0
4222,2019-06-25 22:00:00,6,2019-06-25 23:00:00,0.12561,0.12561,0.12561,0.0,0.05,279.3563801278892,-0.0,0.0,0.0,279.3563801278892,279.3563801278892,0.0,1.0
4223,2019-06-25 23:00:00,6,2019-06-26 00:00:00,0.10547,0.10547,0.10547,0.0,0.05,275.01265739174767,-33.78780867196014,0.0,0.0,308.8004660637078,308.8004660637078,0.0,1.0
4224,2019-06-26 00:00:00,6,2019-06-26 01:00:00,0.10547,0.10547,0.10547,0.0,0.15361594659401112,263.2428191127947,-124.4088938541446,0.0,0.0,387.6517129669393,387.6517129669393,0.0,1.0
4225,2019-06-26 01:00:00,6,2019-06-26 02:00:00,0.10547,0.10547,0.10547,0.0,0.5351365544133879,253.39332379582578,-0.0,0.0,0.0,253.39332379582578,253.39332379582578,0.0,0.0
4226,2019-06-26 02:00:00,6,2019-06-26 03:00:00,0.10547,0.10547,0.10547,0.0,0.5351365544133879,250.94970769830522,-0.0,0.0,0.0,250.94970769830522,250.94970769830522,0.0,1.0
4227,2019-06-26 03:00:00,6,2019-06-26 04:00:00,0.10547,0.10547,0.10547,0.0,0.5351365544133879,258.5358712489904,-0.0,0.0,0.0,258.5358712489904,258.5358712489904,0.0,1.0
4228,2019-06-26 04:00:00,6,2019-06-26 05:00:00,0.10547,0.10547,0.10547,0.0,0.5351365544133879,279.174350131833,-0.0,0.0,0.0,279.174350131833,279.174350131833,0.0,1.0
4229,2019-06-26 05:00:00,6,2019-06-26 06:00:00,0.10547,0.10547,0.10547,0.0,0.5351365544133879,369.86763350206786,-0.0,0.0,0.0,369.86763350206786,369.86763350206786,0.0,1.0
4230,2019-06-26 06:00:00,6,2019-06-26 07:00:00,0.10547,0.10547,0.10547,0.0,0.5351365544133879,416.24971422688634,-0.0,28.59800125994707,0.0,387.6517129669393,387.6517129669393,0.0,0.0
4231,2019-06-26 07:00:00,6,2019-06-26 08:00:00,0.10547,0.10547,0.10547,0.0,0.4315206078193768,369.7777021135507,-0.0,0.0,0.0,369.7777021135507,369.7777021135507,0.0,0.0
4232,2019-06-26 08:00:00,6,2019-06-26 09:00:00,0.10547,0.10547,0.10547,0.0,0.4315206078193768,333.7414339906265,-0.0,0.0,0.0,333.7414339906265,333.7414339906265,0.0,0.0
4233,2019-06-26 09:00:00,6,2019-06-26 10:00:00,0.10547,0.10547,0.10547,0.0,0.4315206078193768,287.053032454328,-100.59868051261128,0.0,0.0,387.6517129669393,387.6517129669393,0.0,1.0
4234,2019-06-26 10:00:00,6,2019-06-26 11:00:00,0.10547,0.10547,0.10547,0.0,0.7400232280580514,307.71632900213586,-0.0,0.0,0.0,307.71632900213586,307.71632900213586,0.0,0.0
4235,2019-06-26 11:00:00,6,2019-06-26 12:00:00,0.10547,0.10547,0.10547,0.0,0.7400232280580514,308.90601594868315,-0.0,0.0,0.0,308.90601594868315,308.90601594868315,0.0,1.0
4236,2019-06-26 12:00:00,6,2019-06-26 13:00:00,0.10547,0.10547,0.10547,0.0,0.7400232280580514,289.63743239628934,-0.0,0.0,0.0,289.63743239628934,289.63743239628934,0.0,1.0
4237,2019-06-26 13:00:00,6,2019-06-26 14:00:00,0.10547,0.10547,0.10547,0.0,0.7400232280580514,292.2710876108373,-84.77503432889627,0.0,0.0,377.04612193973355,377.04612193973355,0.0,1.0
4238,2019-06-26 14:00:00,6,2019-06-26 15:00:00,0.12561,0.12561,0.12561,0.0,1.0,292.09295275398557,-0.0,0.0,0.0,292.09295275398557,292.09295275398557,0.0,1.0
4239,2019-06-26 15:00:00,6,2019-06-26 16:00:00,0.12561,0.12561,0.12561,0.0,1.0,329.3167494845367,-0.0,0.0,0.0,329.3167494845367,329.3167494845367,0.0,1.0
4240,2019-06-26 16:00:00,6,2019-06-26 17:00:00,0.15111,0.15111,0.15111,0.0,1.0,363.2281360848136,-0.0,0.0,0.0,363.2281360848136,363.2281360848136,0.0,1.0
4241,2019-06-26 17:00:00,6,2019-06-26 18:00:00,0.15111,0.15111,0.15111,0.0,1.0,419.11533878506907,-0.0,31.4636258181298,0.0,387.6517129669393,387.6517129669393,0.0,0.0
4242,2019-06-26 18:00:00,6,2019-06-26 19:00:00,0.15111,0.15111,0.15111,0.0,0.8860013557314138,454.35945460916,-0.0,66.70774164222075,0.0,387.6517129669393,387.6517129669393,0.0,0.0
4243,2019-06-26 19:00:00,6,2019-06-26 20:00:00,0.15111,0.15111,0.15111,0.0,0.6443066396364111,474.06910020883487,-0.0,115.47709286834063,0.0,358.5920073404942,358.5920073404942,0.0,0.0
4244,2019-06-26 20:00:00,6,2019-06-26 21:00:00,0.15111,0.15111,0.15111,0.0,0.22591137562068417,436.2032526382481,-0.0,48.55153967130883,0.0,387.6517129669393,387.6517129669393,0.0,0.0
4245,2019-06-26 21:00:00,6,2019-06-26 22:00:00,0.12561,0.12561,0.12561,0.0,0.05,349.42234771854567,-0.0,0.0,0.0,349.42234771854567,349.42234771854567,0.0,1.0
4246,2019-06-26 22:00:00,6,2019-06-26 23:00:00,0.12561,0.12561,0.12561,0.0,0.05,273.87632020110465,-0.0,0.0,0.0,273.87632020110465,273.87632020110465,0.0,1.0
4247,2019-06-26 23:00:00,6,2019-06-27 00:00:00,0.10547,0.10547,0.10547,0.0,0.05,262.53981692166354,-0.0,0.0,0.0,262.53981692166354,262.53981692166354,0.0,1.0
4248,2019-06-27 00:00:00,6,2019-06-27 01:00:00,0.10547,0.10547,0.10547,0.0,0.05,259.31991322980934,-40.09630651428681,0.0,0.0,299.41621974409617,299.41621974409617,0.0,1.0
4249,2019-06-27 01:00:00,6,2019-06-27 02:00:00,0.10547,0.10547,0.10547,0.0,0.1729620066438129,251.03837181944036,-136.6133411474989,0.0,0.0,387.6517129669393,387.6517129669393,0.0,1.0
4250,2019-06-27 02:00:00,6,2019-06-27 03:00:00,0.10547,0.10547,0.10547,0.0,0.5919095861628094,247.85348553504164,-0.0,0.0,0.0,247.85348553504164,247.85348553504164,0.0,1.0
4251,2019-06-27 03:00:00,6,2019-06-27 04:00:00,0.10547,0.10547,0.10547,0.0,0.5919095861628094,254.57875193307282,-133.07296103386648,0.0,0.0,387.6517129669393,387.6517129669393,0.0,1.0
4252,2019-06-27 04:00:00,6,2019-06-27 05:00:00,0.10547,0.10547,0.10547,0.0,1.0,276.0923763275169,-0.0,0.0,0.0,276.0923763275169,276.0923763275169,0.0,1.0
4253,2019-06-27 05:00:00,6,2019-06-27 06:00:00,0.10547,0.10547,0.10547,0.0,1.0,369.49174943739735,-0.0,0.0,0.0,369.49174943739735,369.49174943739735,0.0,1.0
4254,2019-06-27 06:00:00,6,2019-06-27 07:00:00,0.10547,0.10547,0.10547,0.0,1.0,442.57420448909096,-0.0,54.92249152215169,0.0,387.6517129669393,387.6517129669393,0.0,0.0
4255,2019-06-27 07:00:00,6,2019-06-27 08:00:00,0.10547,0.10547,0.10547,0.0,0.8010054654994504,393.4255927589316,-0.0,5.773879791992329,0.0,387.6517129669393,387.6517129669393,0.0,0.0
4256,2019-06-27 08:00:00,6,2019-06-27 09:00:00,0.10547,0.10547,0.10547,0.0,0.7800856111806377,347.6907713582609,-0.0,0.0,0.0,347.6907713582609,347.6907713582609,0.0,0.0
4257,2019-06-27 09:00:00,6,2019-06-27 10:00:00,0.10547,0.10547,0.10547,0.0,0.7800856111806377,283.3251883877245,-0.0,0.0,0.0,283.3251883877245,283.3251883877245,0.0,1.0
4258,2019-06-27 10:00:00,6,2019-06-27 11:00:00,0.10547,0.10547,0.10547,0.0,0.7800856111806377,288.0767975706313,-0.0,0.0,0.0,288.0767975706313,288.0767975706313,0.0,0.0
4259,2019-06-27 11:00:00,6,2019-06-27 12:00:00,0.10547,0.10547,0.10547,0.0,0.7800856111806377,312.84860905820494,-0.0,0.0,0.0,312.84860905820494,312.84860905820494,0.0,1.0
4260,2019-06-27 12:00:00,6,2019-06-27 13:00:00,0.10547,0.10547,0.10547,0.0,0.7800856111806377,301.90098761904693,-71.71121374544424,0.0,0.0,373.61220136449117,373.61220136449117,0.0,1.0
4261,2019-06-27 13:00:00,6,2019-06-27 14:00:00,0.10547,0.10547,0.10547,0.0,1.0,291.2526216517779,-0.0,0.0,0.0,291.2526216517779,291.2526216517779,0.0,0.0
4262,2019-06-27 14:00:00,6,2019-06-27 15:00:00,0.12561,0.12561,0.12561,0.0,1.0,291.59379331770066,-0.0,0.0,0.0,291.59379331770066,291.59379331770066,0.0,1.0
4263,2019-06-27 15:00:00,6,2019-06-27 16:00:00,0.12561,0.12561,0.12561,0.0,1.0,325.53975775470104,-0.0,0.0,0.0,325.53975775470104,325.53975775470104,0.0,1.0
4264,2019-06-27 16:00:00,6,2019-06-27 17:00:00,0.15111,0.15111,0.15111,0.0,1.0,367.5800933981249,-0.0,0.0,0.0,367.5800933981249,367.5800933981249,0.0,1.0
4265,2019-06-27 17:00:00,6,2019-06-27 18:00:00,0.15111,0.15111,0.15111,0.0,1.0,442.05435206059786,-0.0,54.40263909365859,0.0,387.6517129669393,387.6517129669393,0.0,0.0
4266,2019-06-27 18:00:00,6,2019-06-27 19:00:00,0.15111,0.15111,0.15111,0.0,0.802888988791092,442.8606525840003,-0.0,55.20893961706105,0.0,387.6517129669393,387.6517129669393,0.0,0.0
4267,2019-06-27 19:00:00,6,2019-06-27 20:00:00,0.15111,0.15111,0.15111,0.0,0.6028565988742042,458.2114789740331,-0.0,118.17691064013736,0.0,340.0345683338958,340.0345683338958,0.0,0.0
4268,2019-06-27 20:00:00,6,2019-06-27 21:00:00,0.15111,0.15111,0.15111,0.0,0.17467938640993838,422.06322361608227,-0.0,34.411510649143,0.0,387.6517129669393,387.6517129669393,0.0,0.0
4269,2019-06-27 21:00:00,6,2019-06-27 22:00:00,0.12561,0.12561,0.12561,0.0,0.05,344.0747955673625,-0.0,0.0,0.0,344.0747955673625,344.0747955673625,0.0,1.0
4270,2019-06-27 22:00:00,6,2019-06-27 23:00:00,0.12561,0.12561,0.12561,0.0,0.05,285.34181967776016,-0.0,0.0,0.0,285.34181967776016,285.34181967776016,0.0,0.0
4271,2019-06-27 23:00:00,6,2019-06-28 00:00:00,0.10547,0.10547,0.10547,0.0,0.05,263.89819256249353,-36.359030802432756,0.0,0.0,300.2572233649263,300.2572233649263,0.0,1.0
4272,2019-06-28 00:00:00,6,2019-06-28 01:00:00,0.10547,0.10547,0.10547,0.0,0.16150102779412712,256.1891322841105,-0.0,0.0,0.0,256.1891322841105,256.1891322841105,0.0,1.0
4273,2019-06-28 01:00:00,6,2019-06-28 02:00:00,0.10547,0.10547,0.10547,0.0,0.16150102779412712,248.42903380966973,-139.22267915726957,0.0,0.0,387.6517129669393,387.6517129669393,0.0,1.0
4274,2019-06-28 02:00:00,6,2019-06-28 03:00:00,0.10547,0.10547,0.10547,0.0,0.5884505772097538,244.78684881170219,-39.91582406687523,0.0,0.0,284.70267287857746,284.70267287857746,0.0,1.0
4275,2019-06-28 03:00:00,6,2019-06-28 04:00:00,0.10547,0.10547,0.10547,0.0,0.7108591043481711,250.9671284296683,-0.0,0.0,0.0,250.9671284296683,250.9671284296683,0.0,0.0
4276,2019-06-28 04:00:00,6,2019-06-28 05:00:00,0.10547,0.10547,0.10547,0.0,0.7108591043481711,268.8944312090878,-0.0,0.0,0.0,268.8944312090878,268.8944312090878,0.0,0.0
4277,2019-06-28 05:00:00,6,2019-06-28 06:00:00,0.10547,0.10547,0.10547,0.0,0.7108591043481711,363.31389077461495,-24.337822192324325,0.0,0.0,387.6517129669393,387.6517129669393,0.0,1.0
4278,2019-06-28 06:00:00,6,2019-06-28 07:00:00,0.10547,0.10547,0.10547,0.0,0.7854950924046323,418.42599663811836,-0.0,30.77428367117909,0.0,387.6517129669393,387.6517129669393,0.0,0.0
4279,2019-06-28 07:00:00,6,2019-06-28 08:00:00,0.10547,0.10547,0.10547,0.0,0.6739940646105053,373.4313533659021,-0.0,0.0,0.0,373.4313533659021,373.4313533659021,0.0,0.0
4280,2019-06-28 08:00:00,6,2019-06-28 09:00:00,0.10547,0.10547,0.10547,0.0,0.6739940646105053,337.6193869702485,-0.0,0.0,0.0,337.6193869702485,337.6193869702485,0.0,0.0
4281,2019-06-28 09:00:00,6,2019-06-28 10:00:00,0.10547,0.10547,0.10547,0.0,0.6739940646105053,281.3454296877562,-106.30628327918305,0.0,0.0,387.6517129669393,387.6517129669393,0.0,1.0
4282,2019-06-28 10:00:00,6,2019-06-28 11:00:00,0.10547,0.10547,0.10547,0.0,1.0,284.8480589986515,-0.0,0.0,0.0,284.8480589986515,284.8480589986515,0.0,1.0
4283,2019-06-28 11:00:00,6,2019-06-28 12:00:00,0.10547,0.10547,0.10547,0.0,1.0,290.77378769893556,-0.0,0.0,0.0,290.77378769893556,290.77378769893556,0.0,1.0
4284,2019-06-28 12:00:00,6,2019-06-28 13:00:00,0.10547,0.10547,0.10547,0.0,1.0,287.2975232547688,-0.0,0.0,0.0,287.2975232547688,287.2975232547688,0.0,1.0
4285,2019-06-28 13:00:00,6,2019-06-28 14:00:00,0.10547,0.10547,0.10547,0.0,1.0,297.0594930576942,-0.0,0.0,0.0,297.0594930576942,297.0594930576942,0.0,1.0
4286,2019-06-28 14:00:00,6,2019-06-28 15:00:00,0.12561,0.12561,0.12561,0.0,1.0,290.75518417894034,-0.0,0.0,0.0,290.75518417894034,290.75518417894034,0.0,1.0
4287,2019-06-28 15:00:00,6,2019-06-28 16:00:00,0.12561,0.12561,0.12561,0.0,1.0,325.40291523180395,-0.0,0.0,0.0,325.40291523180395,325.40291523180395,0.0,1.0
4288,2019-06-28 16:00:00,6,2019-06-28 17:00:00,0.15111,0.15111,0.15111,0.0,1.0,374.30996749786766,-0.0,0.0,0.0,374.30996749786766,374.30996749786766,0.0,1.0
4289,2019-06-28 17:00:00,6,2019-06-28 18:00:00,0.15111,0.15111,0.15111,0.0,1.0,440.7270959908839,-0.0,99.75603721702637,0.0,340.9710587738575,340.9710587738575,0.0,0.0
4290,2019-06-28 18:00:00,6,2019-06-28 19:00:00,0.15111,0.15111,0.15111,0.0,0.638565082547006,442.31134009863143,-0.0,54.65962713169216,0.0,387.6517129669393,387.6517129669393,0.0,0.0
4291,2019-06-28 19:00:00,6,2019-06-28 20:00:00,0.15111,0.15111,0.15111,0.0,0.44052295525826624,463.29386717555224,-0.0,75.64215420861296,0.0,387.6517129669393,387.6517129669393,0.0,0.0
4292,2019-06-28 20:00:00,6,2019-06-28 21:00:00,0.15111,0.15111,0.15111,0.0,0.1664571791401033,419.7938944096078,-0.0,32.142181442668516,0.0,387.6517129669393,387.6517129669393,0.0,0.0
4293,2019-06-28 21:00:00,6,2019-06-28 22:00:00,0.12561,0.12561,0.12561,0.0,0.05,344.0961598742812,-0.0,0.0,0.0,344.0961598742812,344.0961598742812,0.0,1.0
4294,2019-06-28 22:00:00,6,2019-06-28 23:00:00,0.12561,0.12561,0.12561,0.0,0.05,271.28759911478903,-0.0,0.0,0.0,271.28759911478903,271.28759911478903,0.0,1.0
4295,2019-06-28 23:00:00,6,2019-06-29 00:00:00,0.10547,0.10547,0.10547,0.0,0.05,258.3486677153475,-0.0,0.0,0.0,258.3486677153475,258.3486677153475,0.0,0.0
4296,2019-06-29 00:00:00,6,2019-06-29 01:00:00,0.10547,0.10547,0.10547,0.0,0.05,254.5643021762876,-0.0,0.0,0.0,254.5643021762876,254.5643021762876,0.0,1.0
4297,2019-06-29 01:00:00,6,2019-06-29 02:00:00,0.10547,0.10547,0.10547,0.0,0.05,245.4662354215484,-142.18547754539088,0.0,0.0,387.6517129669393,387.6517129669393,0.0,1.0
4298,2019-06-29 02:00:00,6,2019-06-29 03:00:00,0.10547,0.10547,0.10547,0.0,0.48603546447253204,239.14995424715624,-148.50175871978303,0.0,0.0,387.6517129669393,387.6517129669393,0.0,1.0
4299,2019-06-29 03:00:00,6,2019-06-29 04:00:00,0.10547,0.10547,0.10547,0.0,0.9414408578798666,244.33296623800055,-0.0,0.0,0.0,244.33296623800055,244.33296623800055,0.0,1.0
4300,2019-06-29 04:00:00,6,2019-06-29 05:00:00,0.10547,0.10547,0.10547,0.0,0.9414408578798666,264.31040413238,-0.0,0.0,0.0,264.31040413238,264.31040413238,0.0,1.0
4301,2019-06-29 05:00:00,6,2019-06-29 06:00:00,0.10547,0.10547,0.10547,0.0,0.9414408578798666,357.46050592007026,-0.0,0.0,0.0,357.46050592007026,357.46050592007026,0.0,1.0
4302,2019-06-29 06:00:00,6,2019-06-29 07:00:00,0.10547,0.10547,0.10547,0.0,0.9414408578798666,409.5156609751661,-0.0,21.863948008226828,0.0,387.6517129669393,387.6517129669393,0.0,0.0
4303,2019-06-29 07:00:00,6,2019-06-29 08:00:00,0.10547,0.10547,0.10547,0.0,0.8622236549515087,366.1269640429932,-0.0,0.0,0.0,366.1269640429932,366.1269640429932,0.0,1.0
4304,2019-06-29 08:00:00,6,2019-06-29 09:00:00,0.10547,0.10547,0.10547,0.0,0.8622236549515087,330.6196990726345,-0.0,0.0,0.0,330.6196990726345,330.6196990726345,0.0,1.0
4305,2019-06-29 09:00:00,6,2019-06-29 10:00:00,0.10547,0.10547,0.10547,0.0,0.8622236549515087,277.08788552953797,-0.0,0.0,0.0,277.08788552953797,277.08788552953797,0.0,1.0
4306,2019-06-29 10:00:00,6,2019-06-29 11:00:00,0.10547,0.10547,0.10547,0.0,0.8622236549515087,282.0441428199577,-0.0,0.0,0.0,282.0441428199577,282.0441428199577,0.0,1.0
4307,2019-06-29 11:00:00,6,2019-06-29 12:00:00,0.10547,0.10547,0.10547,0.0,0.8622236549515087,287.129534641869,-0.0,0.0,0.0,287.129534641869,287.129534641869,0.0,1.0
4308,2019-06-29 12:00:00,6,2019-06-29 13:00:00,0.10547,0.10547,0.10547,0.0,0.8622236549515087,280.5129677958869,-0.0,0.0,0.0,280.5129677958869,280.5129677958869,0.0,1.0
4309,2019-06-29 13:00:00,6,2019-06-29 14:00:00,0.10547,0.10547,0.10547,0.0,0.8622236549515087,288.91997844134767,-44.92706903755153,0.0,0.0,333.8470474788992,333.8470474788992,0.0,1.0
4310,2019-06-29 14:00:00,6,2019-06-29 15:00:00,0.12561,0.12561,0.12561,0.0,1.0,302.81195497961835,-0.0,0.0,0.0,302.81195497961835,302.81195497961835,0.0,1.0
4311,2019-06-29 15:00:00,6,2019-06-29 16:00:00,0.12561,0.12561,0.12561,0.0,1.0,327.56518978571324,-0.0,0.0,0.0,327.56518978571324,327.56518978571324,0.0,1.0
4312,2019-06-29 16:00:00,6,2019-06-29 17:00:00,0.15111,0.15111,0.15111,0.0,1.0,378.791044905371,-0.0,0.0,0.0,378.791044905371,378.791044905371,0.0,1.0
4313,2019-06-29 17:00:00,6,2019-06-29 18:00:00,0.15111,0.15111,0.15111,0.0,1.0,428.6358067143199,-0.0,40.984093747380655,0.0,387.6517129669393,387.6517129669393,0.0,0.0
4314,2019-06-29 18:00:00,6,2019-06-29 19:00:00,0.15111,0.15111,0.15111,0.0,0.8515069067123889,420.3951286471239,-0.0,148.66061110248904,0.0,271.73451754463485,271.73451754463485,0.0,0.0
4315,2019-06-29 19:00:00,6,2019-06-29 20:00:00,0.15111,0.15111,0.15111,0.0,0.3128815041671387,440.03188810259024,-0.0,52.38017513565097,0.0,387.6517129669393,387.6517129669393,0.0,0.0
4316,2019-06-29 20:00:00,6,2019-06-29 21:00:00,0.15111,0.15111,0.15111,0.0,0.12309826092202651,407.8268329814186,-0.0,20.17512001447932,0.0,387.6517129669393,387.6517129669393,0.0,0.0
4317,2019-06-29 21:00:00,6,2019-06-29 22:00:00,0.12561,0.12561,0.12561,0.0,0.05,337.05819844136397,-0.0,0.0,0.0,337.05819844136397,337.05819844136397,0.0,1.0
4318,2019-06-29 22:00:00,6,2019-06-29 23:00:00,0.12561,0.12561,0.12561,0.0,0.05,268.1475953477674,-0.0,0.0,0.0,268.1475953477674,268.1475953477674,0.0,1.0
4319,2019-06-29 23:00:00,6,2019-06-30 00:00:00,0.10547,0.10547,0.10547,0.0,0.05,251.03840163528662,-0.0,0.0,0.0,251.03840163528662,251.03840163528662,0.0,1.0
4320,2019-06-30 00:00:00,6,2019-06-30 01:00:00,0.10547,0.10547,0.10547,0.0,0.05,253.16265468086598,-13.912795066758886,0.0,0.0,267.0754497476249,267.0754497476249,0.0,1.0
4321,2019-06-30 01:00:00,6,2019-06-30 02:00:00,0.10547,0.10547,0.10547,0.0,0.09266590487139391,241.781899338046,-145.86981362889327,0.0,0.0,387.6517129669393,387.6517129669393,0.0,1.0
4322,2019-06-30 02:00:00,6,2019-06-30 03:00:00,0.10547,0.10547,0.10547,0.0,0.54,234.99070635249842,-150.0,0.0,0.0,384.9907063524984,384.9907063524984,0.0,1.0
4323,2019-06-30 03:00:00,6,2019-06-30 04:00:00,0.10547,0.10547,0.10547,0.0,1.0,241.62523431572342,-0.0,0.0,0.0,241.62523431572342,241.62523431572342,0.0,1.0
4324,2019-06-30 04:00:00,6,2019-06-30 05:00:00,0.10547,0.10547,0.10547,0.0,1.0,258.8745781538578,-0.0,0.0,0.0,258.8745781538578,258.8745781538578,0.0,1.0
4325,2019-06-30 05:00:00,6,2019-06-30 06:00:00,0.10547,0.10547,0.10547,0.0,1.0,355.05239052151256,-0.0,0.0,0.0,355.05239052151256,355.05239052151256,0.0,1.0
4326,2019-06-30 06:00:00,6,2019-06-30 07:00:00,0.10547,0.10547,0.10547,0.0,1.0,397.0859706233096,-0.0,9.434257656370335,0.0,387.6517129669393,387.6517129669393,0.0,0.0
4327,2019-06-30 07:00:00,6,2019-06-30 08:00:00,0.10547,0.10547,0.10547,0.0,0.9658179070421365,351.81425634968264,-0.0,0.0,0.0,351.81425634968264,351.81425634968264,0.0,1.0
4328,2019-06-30 08:00:00,6,2019-06-30 09:00:00,0.10547,0.10547,0.10547,0.0,0.9658179070421365,326.6359297688891,-11.14633466017288,0.0,0.0,337.782264429062,337.782264429062,0.0,1.0
4329,2019-06-30 09:00:00,6,2019-06-30 10:00:00,0.10547,0.10547,0.10547,0.0,1.0,279.5831340614101,-0.0,0.0,0.0,279.5831340614101,279.5831340614101,0.0,1.0
4330,2019-06-30 10:00:00,6,2019-06-30 11:00:00,0.10547,0.10547,0.10547,0.0,1.0,281.9630381578958,-0.0,0.0,0.0,281.9630381578958,281.9630381578958,0.0,1.0
4331,2019-06-30 11:00:00,6,2019-06-30 12:00:00,0.10547,0.10547,0.10547,0.0,1.0,284.29264551929845,-0.0,0.0,0.0,284.29264551929845,284.29264551929845,0.0,1.0
4332,2019-06-30 12:00:00,6,2019-06-30 13:00:00,0.10547,0.10547,0.10547,0.0,1.0,277.0209868754895,-0.0,0.0,0.0,277.0209868754895,277.0209868754895,0.0,1.0
4333,2019-06-30 13:00:00,6,2019-06-30 14:00:00,0.10547,0.10547,0.10547,0.0,1.0,278.6673270839181,-0.0,0.0,0.0,278.6673270839181,278.6673270839181,0.0,1.0
4334,2019-06-30 14:00:00,6,2019-06-30 15:00:00,0.12561,0.12561,0.12561,0.0,1.0,280.44434298584554,-0.0,0.0,0.0,280.44434298584554,280.44434298584554,0.0,1.0
4335,2019-06-30 15:00:00,6,2019-06-30 16:00:00,0.12561,0.12561,0.12561,0.0,1.0,322.70901063937765,-0.0,0.0,0.0,322.70901063937765,322.70901063937765,0.0,1.0
4336,2019-06-30 16:00:00,6,2019-06-30 17:00:00,0.15111,0.15111,0.15111,0.0,1.0,346.09693788139,-0.0,0.0,0.0,346.09693788139,346.09693788139,0.0,1.0
4337,2019-06-30 17:00:00,6,2019-06-30 18:00:00,0.15111,0.15111,0.15111,0.0,1.0,399.0258193265072,-0.0,11.374106359567918,0.0,387.6517129669393,387.6517129669393,0.0,0.0
4338,2019-06-30 18:00:00,6,2019-06-30 19:00:00,0.15111,0.15111,0.15111,0.0,0.9587894697117104,401.15746430888044,-0.0,13.505751341941163,0.0,387.6517129669393,387.6517129669393,0.0,0.0
4339,2019-06-30 19:00:00,6,2019-06-30 20:00:00,0.15111,0.15111,0.15111,0.0,0.9098555880380106,433.52700980495325,-0.0,87.32014229849094,0.0,346.20686750646234,346.20686750646234,0.0,0.0
4340,2019-06-30 20:00:00,6,2019-06-30 21:00:00,0.15111,0.15111,0.15111,0.0,0.5934782608695652,406.1629977754608,-0.0,150.0,0.0,256.1629977754608,256.1629977754608,0.0,0.0
4341,2019-06-30 21:00:00,6,2019-06-30 22:00:00,0.12561,0.12561,0.12561,0.0,0.05,337.1764012088441,-0.0,0.0,0.0,337.1764012088441,337.1764012088441,0.0,1.0
4342,2019-06-30 22:00:00,6,2019-06-30 23:00:00,0.12561,0.12561,0.12561,0.0,0.05,268.6536374282935,-0.0,0.0,0.0,268.6536374282935,268.6536374282935,0.0,1.0
4343,2019-06-30 23:00:00,6,2019-07-01 00:00:00,0.10547,0.10547,0.10547,0.0,0.05,257.41901217857423,-23.703232534423307,0.0,0.0,281.12224471299754,281.12224471299754,0.0,1.0
4344,2019-07-01 00:00:00,7,2019-07-01 01:00:00,0.10547,0.10547,0.10547,0.0,0.12268991310556482,261.9551894017093,-31.73379077320602,0.0,0.0,293.6889801749153,293.6889801749153,0.0,1.0
4345,2019-07-01 01:00:00,7,2019-07-01 02:00:00,0.10547,0.10547,0.10547,0.0,0.22000687147672995,245.25160211363524,-135.8539875570017,0.0,0.0,381.10558967063696,381.10558967063696,0.0,1.0
4346,2019-07-01 02:00:00,7,2019-07-01 03:00:00,0.10547,0.10547,0.10547,0.0,0.6366257666515351,242.32927638469343,-0.0,0.0,0.0,242.32927638469343,242.32927638469343,0.0,1.0
4347,2019-07-01 03:00:00,7,2019-07-01 04:00:00,0.10547,0.10547,0.10547,0.0,0.6366257666515351,250.35963546195356,-0.0,0.0,0.0,250.35963546195356,250.35963546195356,0.0,1.0
4348,2019-07-01 04:00:00,7,2019-07-01 05:00:00,0.10547,0.10547,0.10547,0.0,0.6366257666515351,249.45238630687328,-0.0,0.0,0.0,249.45238630687328,249.45238630687328,0.0,1.0
4349,2019-07-01 05:00:00,7,2019-07-01 06:00:00,0.10547,0.10547,0.10547,0.0,0.6366257666515351,322.32973176804626,-0.0,0.0,0.0,322.32973176804626,322.32973176804626,0.0,1.0
4350,2019-07-01 06:00:00,7,2019-07-01 07:00:00,0.10547,0.10547,0.10547,0.0,0.6366257666515351,370.30014426481733,-0.0,0.0,0.0,370.30014426481733,370.30014426481733,0.0,1.0
4351,2019-07-01 07:00:00,7,2019-07-01 08:00:00,0.10547,0.10547,0.10547,0.0,0.6366257666515351,407.71412898407516,-0.0,26.608539313438243,0.0,381.1055896706369,381.1055896706369,0.0,0.0
4352,2019-07-01 08:00:00,7,2019-07-01 09:00:00,0.10547,0.10547,0.10547,0.0,0.5402180155158893,350.65922836457247,-0.0,0.0,0.0,350.65922836457247,350.65922836457247,0.0,1.0
4353,2019-07-01 09:00:00,7,2019-07-01 10:00:00,0.10547,0.10547,0.10547,0.0,0.5402180155158893,295.50267142565986,-0.0,0.0,0.0,295.50267142565986,295.50267142565986,0.0,1.0
4354,2019-07-01 10:00:00,7,2019-07-01 11:00:00,0.10547,0.10547,0.10547,0.0,0.5402180155158893,281.55625252512465,-0.0,0.0,0.0,281.55625252512465,281.55625252512465,0.0,1.0
4355,2019-07-01 11:00:00,7,2019-07-01 12:00:00,0.10547,0.10547,0.10547,0.0,0.5402180155158893,288.6310568287746,-0.0,0.0,0.0,288.6310568287746,288.6310568287746,0.0,1.0
4356,2019-07-01 12:00:00,7,2019-07-01 13:00:00,0.10547,0.10547,0.10547,0.0,0.5402180155158893,304.4172453451006,-76.68834432553635,0.0,0.0,381.10558967063696,381.10558967063696,0.0,1.0
4357,2019-07-01 13:00:00,7,2019-07-01 14:00:00,0.10547,0.10547,0.10547,0.0,0.7753956047808676,307.8650260122241,-73.24056365841281,0.0,0.0,381.10558967063696,381.10558967063696,0.0,1.0
4358,2019-07-01 14:00:00,7,2019-07-01 15:00:00,0.12561,0.12561,0.12561,0.0,1.0000000000000002,309.87027152399025,-0.0,0.0,0.0,309.87027152399025,309.87027152399025,0.0,1.0
4359,2019-07-01 15:00:00,7,2019-07-01 16:00:00,0.12561,0.12561,0.12561,0.0,1.0000000000000002,344.5563670322754,-0.0,5.2295945351943376e-14,0.0,344.5563670322753,344.5563670322753,0.0,1.0
4360,2019-07-01 16:00:00,7,2019-07-01 17:00:00,0.15111,0.15111,0.15111,0.0,1.0,361.31598553793725,-0.0,0.0,0.0,361.31598553793725,361.31598553793725,0.0,1.0
4361,2019-07-01 17:00:00,7,2019-07-01 18:00:00,0.15111,0.15111,0.15111,0.0,1.0,429.44636353564647,-0.0,48.34077386500955,0.0,381.1055896706369,381.1055896706369,0.0,0.0
4362,2019-07-01 18:00:00,7,2019-07-01 19:00:00,0.15111,0.15111,0.15111,0.0,0.8248522686050379,451.7424441159367,-0.0,70.63685444529975,0.0,381.10558967063696,381.10558967063696,0.0,0.0
4363,2019-07-01 19:00:00,7,2019-07-01 20:00:00,0.15111,0.15111,0.15111,0.0,0.5689216365568502,470.0175413507329,-0.0,88.911951680096,0.0,381.1055896706369,381.1055896706369,0.0,0.0
4364,2019-07-01 20:00:00,7,2019-07-01 21:00:00,0.15111,0.15111,0.15111,0.0,0.24677688409273443,435.41600968023164,-0.0,54.31042000959471,0.0,381.10558967063696,381.10558967063696,0.0,0.0
4365,2019-07-01 21:00:00,7,2019-07-01 22:00:00,0.12561,0.12561,0.12561,0.0,0.05,369.79444332464476,-0.0,0.0,0.0,369.79444332464476,369.79444332464476,0.0,1.0
4366,2019-07-01 22:00:00,7,2019-07-01 23:00:00,0.12561,0.12561,0.12561,0.0,0.05,283.70822406917193,-0.0,0.0,0.0,283.70822406917193,283.70822406917193,0.0,1.0
4367,2019-07-01 23:00:00,7,2019-07-02 00:00:00,0.10547,0.10547,0.10547,0.0,0.05,257.0551389612413,-14.598491922411256,0.0,0.0,271.65363088365257,271.65363088365257,0.0,1.0
4368,2019-07-02 00:00:00,7,2019-07-02 01:00:00,0.10547,0.10547,0.10547,0.0,0.0947687085620612,277.1431468453352,-0.0,0.0,0.0,277.1431468453352,277.1431468453352,0.0,1.0
4369,2019-07-02 01:00:00,7,2019-07-02 02:00:00,0.10547,0.10547,0.10547,0.0,0.0947687085620612,253.3214053408829,-127.78418432975405,0.0,0.0,381.10558967063696,381.10558967063696,0.0,1.0
4370,2019-07-02 02:00:00,7,2019-07-02 03:00:00,0.10547,0.10547,0.10547,0.0,0.48664020717330697,242.89919073771367,-0.0,0.0,0.0,242.89919073771367,242.89919073771367,0.0,1.0
4371,2019-07-02 03:00:00,7,2019-07-02 04:00:00,0.10547,0.10547,0.10547,0.0,0.48664020717330697,248.45723874301632,-0.0,0.0,0.0,248.45723874301632,248.45723874301632,0.0,1.0
4372,2019-07-02 04:00:00,7,2019-07-02 05:00:00,0.10547,0.10547,0.10547,0.0,0.48664020717330697,248.3121443175674,-0.0,0.0,0.0,248.3121443175674,248.3121443175674,0.0,1.0
4373,2019-07-02 05:00:00,7,2019-07-02 06:00:00,0.10547,0.10547,0.10547,0.0,0.48664020717330697,325.8938061728127,-0.0,0.0,0.0,325.8938061728127,325.8938061728127,0.0,1.0
4374,2019-07-02 06:00:00,7,2019-07-02 07:00:00,0.10547,0.10547,0.10547,0.0,0.48664020717330697,372.9619943537164,-8.143595316920539,0.0,0.0,381.10558967063696,381.10558967063696,0.0,1.0
4375,2019-07-02 07:00:00,7,2019-07-02 08:00:00,0.10547,0.10547,0.10547,0.0,0.51161389947853,393.4617532337658,-0.0,12.35616356312886,0.0,381.10558967063696,381.10558967063696,0.0,0.0
4376,2019-07-02 08:00:00,7,2019-07-02 09:00:00,0.10547,0.10547,0.10547,0.0,0.46684519091646887,341.1000524122288,-23.348012075035555,0.0,0.0,364.4480644872644,364.4480644872644,0.0,1.0
4377,2019-07-02 09:00:00,7,2019-07-02 10:00:00,0.10547,0.10547,0.10547,0.0,0.5384457612799113,301.60496030844547,-0.0,0.0,0.0,301.60496030844547,301.60496030844547,0.0,1.0
4378,2019-07-02 10:00:00,7,2019-07-02 11:00:00,0.10547,0.10547,0.10547,0.0,0.5384457612799113,299.02081601212205,-82.0847736585149,0.0,0.0,381.10558967063696,381.10558967063696,0.0,1.0
4379,2019-07-02 11:00:00,7,2019-07-02 12:00:00,0.10547,0.10547,0.10547,0.0,0.790172400499357,312.6835463552099,-68.42204331542706,0.0,0.0,381.10558967063696,381.10558967063696,0.0,1.0
4380,2019-07-02 12:00:00,7,2019-07-02 13:00:00,0.10547,0.10547,0.10547,0.0,1.0,308.42204996341485,-0.0,0.0,0.0,308.42204996341485,308.42204996341485,0.0,1.0
4381,2019-07-02 13:00:00,7,2019-07-02 14:00:00,0.10547,0.10547,0.10547,0.0,1.0,317.37811223802,-0.0,0.0,0.0,317.37811223802,317.37811223802,0.0,1.0
4382,2019-07-02 14:00:00,7,2019-07-02 15:00:00,0.12561,0.12561,0.12561,0.0,1.0,310.2920175697142,-0.0,0.0,0.0,310.2920175697142,310.2920175697142,0.0,1.0
4383,2019-07-02 15:00:00,7,2019-07-02 16:00:00,0.12561,0.12561,0.12561,0.0,1.0,328.91295162661953,-0.0,0.0,0.0,328.91295162661953,328.91295162661953,0.0,1.0
4384,2019-07-02 16:00:00,7,2019-07-02 17:00:00,0.15111,0.15111,0.15111,0.0,1.0,354.0627040913963,-0.0,0.0,0.0,354.0627040913963,354.0627040913963,0.0,1.0
4385,2019-07-02 17:00:00,7,2019-07-02 18:00:00,0.15111,0.15111,0.15111,0.0,1.0,429.6717580010727,-0.0,48.566168330435744,0.0,381.10558967063696,381.10558967063696,0.0,0.0
4386,2019-07-02 18:00:00,7,2019-07-02 19:00:00,0.15111,0.15111,0.15111,0.0,0.8240356219911749,451.450213761148,-0.0,95.46900094660266,0.0,355.98121281454536,355.98121281454536,0.0,0.0
4387,2019-07-02 19:00:00,7,2019-07-02 20:00:00,0.15111,0.15111,0.15111,0.0,0.4781334446484116,466.37402143908025,-0.0,85.26843176844329,0.0,381.10558967063696,381.10558967063696,0.0,0.0
4388,2019-07-02 20:00:00,7,2019-07-02 21:00:00,0.15111,0.15111,0.15111,0.0,0.1691898512844866,414.00198862515526,-0.0,32.896398954518304,0.0,381.10558967063696,381.10558967063696,0.0,0.0
4389,2019-07-02 21:00:00,7,2019-07-02 22:00:00,0.12561,0.12561,0.12561,0.0,0.05,348.4774568198315,-0.0,0.0,0.0,348.4774568198315,348.4774568198315,0.0,0.0
4390,2019-07-02 22:00:00,7,2019-07-02 23:00:00,0.12561,0.12561,0.12561,0.0,0.05,278.8622912928643,-0.0,0.0,0.0,278.8622912928643,278.8622912928643,0.0,1.0
4391,2019-07-02 23:00:00,7,2019-07-03 00:00:00,0.10547,0.10547,0.10547,0.0,0.05,275.75788820040657,-45.837305651976074,0.0,0.0,321.59519385238264,321.59519385238264,0.0,1.0
4392,2019-07-03 00:00:00,7,2019-07-03 01:00:00,0.10547,0.10547,0.10547,0.0,0.19056773733272664,257.2375651829226,-0.0,0.0,0.0,257.2375651829226,257.2375651829226,0.0,1.0
4393,2019-07-03 01:00:00,7,2019-07-03 02:00:00,0.10547,0.10547,0.10547,0.0,0.19056773733272664,247.8121871893507,-0.0,0.0,0.0,247.8121871893507,247.8121871893507,0.0,1.0
4394,2019-07-03 02:00:00,7,2019-07-03 03:00:00,0.10547,0.10547,0.10547,0.0,0.19056773733272664,243.12372222269278,-0.0,0.0,0.0,243.12372222269278,243.12372222269278,0.0,1.0
4395,2019-07-03 03:00:00,7,2019-07-03 04:00:00,0.10547,0.10547,0.10547,0.0,0.19056773733272664,249.77187179151457,-0.0,0.0,0.0,249.77187179151457,249.77187179151457,0.0,1.0
4396,2019-07-03 04:00:00,7,2019-07-03 05:00:00,0.10547,0.10547,0.10547,0.0,0.19056773733272664,265.0999579040945,-0.0,0.0,0.0,265.0999579040945,265.0999579040945,0.0,0.0
4397,2019-07-03 05:00:00,7,2019-07-03 06:00:00,0.10547,0.10547,0.10547,0.0,0.19056773733272664,357.1998487459298,-0.0,0.0,0.0,357.1998487459298,357.1998487459298,0.0,1.0
4398,2019-07-03 06:00:00,7,2019-07-03 07:00:00,0.10547,0.10547,0.10547,0.0,0.19056773733272664,419.9022851744695,-0.0,38.79669550383255,0.0,381.10558967063696,381.10558967063696,0.0,0.0
4399,2019-07-03 07:00:00,7,2019-07-03 08:00:00,0.10547,0.10547,0.10547,0.0,0.05,374.6445491426064,-0.0,0.0,0.0,374.6445491426064,374.6445491426064,0.0,0.0
4400,2019-07-03 08:00:00,7,2019-07-03 09:00:00,0.10547,0.10547,0.10547,0.0,0.05,339.6161115062647,-0.0,0.0,0.0,339.6161115062647,339.6161115062647,0.0,0.0
4401,2019-07-03 09:00:00,7,2019-07-03 10:00:00,0.10547,0.10547,0.10547,0.0,0.05,279.6925045587278,-101.41308511190914,0.0,0.0,381.10558967063696,381.10558967063696,0.0,1.0
4402,2019-07-03 10:00:00,7,2019-07-03 11:00:00,0.10547,0.10547,0.10547,0.0,0.36100012767652134,282.95020865611116,-0.0,0.0,0.0,282.95020865611116,282.95020865611116,0.0,1.0
4403,2019-07-03 11:00:00,7,2019-07-03 12:00:00,0.10547,0.10547,0.10547,0.0,0.36100012767652134,284.58239209817845,-96.52319757245851,0.0,0.0,381.10558967063696,381.10558967063696,0.0,1.0
4404,2019-07-03 12:00:00,7,2019-07-03 13:00:00,0.10547,0.10547,0.10547,0.0,0.6570046002320609,278.6670731433177,-102.43851652731928,0.0,0.0,381.10558967063696,381.10558967063696,0.0,1.0
4405,2019-07-03 13:00:00,7,2019-07-03 14:00:00,0.10547,0.10547,0.10547,0.0,0.9711493842491734,298.02401489283574,-9.407809483965192,0.0,0.0,307.43182437680093,307.43182437680093,0.0,1.0
4406,2019-07-03 14:00:00,7,2019-07-03 15:00:00,0.12561,0.12561,0.12561,0.0,1.0,309.9533742348337,-0.0,0.0,0.0,309.9533742348337,309.9533742348337,0.0,1.0
4407,2019-07-03 15:00:00,7,2019-07-03 16:00:00,0.12561,0.12561,0.12561,0.0,1.0,356.69670958999006,-0.0,0.0,0.0,356.69670958999006,356.69670958999006,0.0,1.0
4408,2019-07-03 16:00:00,7,2019-07-03 17:00:00,0.15111,0.15111,0.15111,0.0,1.0,386.74414665749305,-0.0,5.638556986856088,0.0,381.10558967063696,381.10558967063696,0.0,0.0
4409,2019-07-03 17:00:00,7,2019-07-03 18:00:00,0.15111,0.15111,0.15111,0.0,0.9795704456997968,444.3240508025806,-0.0,63.21846113194363,0.0,381.10558967063696,381.10558967063696,0.0,0.0
4410,2019-07-03 18:00:00,7,2019-07-03 19:00:00,0.15111,0.15111,0.15111,0.0,0.7505180502942039,449.86258452799103,-0.0,68.75699485735407,0.0,381.10558967063696,381.10558967063696,0.0,0.0
4411,2019-07-03 19:00:00,7,2019-07-03 20:00:00,0.15111,0.15111,0.15111,0.0,0.5013985037095877,465.0689702888804,-0.0,83.96338061824343,0.0,381.10558967063696,381.10558967063696,0.0,0.0
4412,2019-07-03 20:00:00,7,2019-07-03 21:00:00,0.15111,0.15111,0.15111,0.0,0.19718335654203908,419.31846997469427,-0.0,40.62260640560279,0.0,378.69586356909144,378.69586356909144,0.0,0.0
4413,2019-07-03 21:00:00,7,2019-07-03 22:00:00,0.12561,0.12561,0.12561,0.0,0.05,342.86595126558694,-0.0,0.0,0.0,342.86595126558694,342.86595126558694,0.0,1.0
4414,2019-07-03 22:00:00,7,2019-07-03 23:00:00,0.12561,0.12561,0.12561,0.0,0.05,287.466791861086,-0.0,0.0,0.0,287.466791861086,287.466791861086,0.0,0.0
4415,2019-07-03 23:00:00,7,2019-07-04 00:00:00,0.10547,0.10547,0.10547,0.0,0.05,261.7451360302728,-0.0,0.0,0.0,261.7451360302728,261.7451360302728,0.0,1.0
4416,2019-07-04 00:00:00,7,2019-07-04 01:00:00,0.10547,0.10547,0.10547,0.0,0.05,273.8527918247618,-0.0,0.0,0.0,273.8527918247618,273.8527918247618,0.0,1.0
4417,2019-07-04 01:00:00,7,2019-07-04 02:00:00,0.10547,0.10547,0.10547,0.0,0.05,256.1249252078176,-111.4929091118014,0.0,0.0,367.617834319619,367.617834319619,0.0,1.0
4418,2019-07-04 02:00:00,7,2019-07-04 03:00:00,0.10547,0.10547,0.10547,0.0,0.39191158794285763,253.15037303349962,-127.95521663713734,0.0,0.0,381.10558967063696,381.10558967063696,0.0,1.0
4419,2019-07-04 03:00:00,7,2019-07-04 04:00:00,0.10547,0.10547,0.10547,0.0,0.7843075856300789,259.7796727993475,-0.0,0.0,0.0,259.7796727993475,259.7796727993475,0.0,1.0
4420,2019-07-04 04:00:00,7,2019-07-04 05:00:00,0.10547,0.10547,0.10547,0.0,0.7843075856300789,247.27444751750815,-0.0,0.0,0.0,247.27444751750815,247.27444751750815,0.0,1.0
4421,2019-07-04 05:00:00,7,2019-07-04 06:00:00,0.10547,0.10547,0.10547,0.0,0.7843075856300789,302.5645584173586,-0.0,0.0,0.0,302.5645584173586,302.5645584173586,0.0,1.0
4422,2019-07-04 06:00:00,7,2019-07-04 07:00:00,0.10547,0.10547,0.10547,0.0,0.7843075856300789,383.8855634230888,-0.0,2.7799737524518378,0.0,381.10558967063696,381.10558967063696,0.0,0.0
4423,2019-07-04 07:00:00,7,2019-07-04 08:00:00,0.10547,0.10547,0.10547,0.0,0.7742352169617751,414.0143189537839,-0.0,32.908729283146954,0.0,381.10558967063696,381.10558967063696,0.0,0.0
4424,2019-07-04 08:00:00,7,2019-07-04 09:00:00,0.10547,0.10547,0.10547,0.0,0.6550006905735615,348.6603810515523,-32.44520861908467,0.0,0.0,381.10558967063696,381.10558967063696,0.0,1.0
4425,2019-07-04 09:00:00,7,2019-07-04 10:00:00,0.10547,0.10547,0.10547,0.0,0.7544993303387545,294.3551233190943,-0.0,0.0,0.0,294.3551233190943,294.3551233190943,0.0,1.0
4426,2019-07-04 10:00:00,7,2019-07-04 11:00:00,0.10547,0.10547,0.10547,0.0,0.7544993303387545,295.38490460298266,-0.0,0.0,0.0,295.38490460298266,295.38490460298266,0.0,1.0
4427,2019-07-04 11:00:00,7,2019-07-04 12:00:00,0.10547,0.10547,0.10547,0.0,0.7544993303387545,301.05102347675256,-80.0545661938844,0.0,0.0,381.10558967063696,381.10558967063696,0.0,1.0
4428,2019-07-04 12:00:00,7,2019-07-04 13:00:00,0.10547,0.10547,0.10547,0.0,1.0,290.2182164719527,-0.0,0.0,0.0,290.2182164719527,290.2182164719527,0.0,1.0
4429,2019-07-04 13:00:00,7,2019-07-04 14:00:00,0.10547,0.10547,0.10547,0.0,1.0,300.0318692418536,-0.0,0.0,0.0,300.0318692418536,300.0318692418536,0.0,1.0
4430,2019-07-04 14:00:00,7,2019-07-04 15:00:00,0.12561,0.12561,0.12561,0.0,1.0,329.1830465190863,-0.0,0.0,0.0,329.1830465190863,329.1830465190863,0.0,1.0
4431,2019-07-04 15:00:00,7,2019-07-04 16:00:00,0.12561,0.12561,0.12561,0.0,1.0,331.23854950440926,-0.0,0.0,0.0,331.23854950440926,331.23854950440926,0.0,1.0
4432,2019-07-04 16:00:00,7,2019-07-04 17:00:00,0.15111,0.15111,0.15111,0.0,1.0,385.7230416509873,-0.0,4.6174519803503244,0.0,381.10558967063696,381.10558967063696,0.0,0.0
4433,2019-07-04 17:00:00,7,2019-07-04 18:00:00,0.15111,0.15111,0.15111,0.0,0.9832701015204699,445.7490824839953,-0.0,64.64349281335836,0.0,381.10558967063696,381.10558967063696,0.0,0.0
4434,2019-07-04 18:00:00,7,2019-07-04 19:00:00,0.15111,0.15111,0.15111,0.0,0.7490545478488816,440.7629110684782,-0.0,59.65732139784126,0.0,381.10558967063696,381.10558967063696,0.0,0.0
4435,2019-07-04 19:00:00,7,2019-07-04 20:00:00,0.15111,0.15111,0.15111,0.0,0.5329048326393119,448.5061658054129,-0.0,67.40057613477592,0.0,381.10558967063696,381.10558967063696,0.0,0.0
4436,2019-07-04 20:00:00,7,2019-07-04 21:00:00,0.15111,0.15111,0.15111,0.0,0.288699846643747,411.5821174281867,-0.0,65.88115767367417,0.0,345.7009597545125,345.7009597545125,0.0,0.0
4437,2019-07-04 21:00:00,7,2019-07-04 22:00:00,0.12561,0.12561,0.12561,0.0,0.05,347.39573732079134,-0.0,0.0,0.0,347.39573732079134,347.39573732079134,0.0,0.0
4438,2019-07-04 22:00:00,7,2019-07-04 23:00:00,0.12561,0.12561,0.12561,0.0,0.05,281.2309201707829,-0.0,0.0,0.0,281.2309201707829,281.2309201707829,0.0,1.0
4439,2019-07-04 23:00:00,7,2019-07-05 00:00:00,0.10547,0.10547,0.10547,0.0,0.05,279.95429615986785,-0.0,0.0,0.0,279.95429615986785,279.95429615986785,0.0,0.0
4440,2019-07-05 00:00:00,7,2019-07-05 01:00:00,0.10547,0.10547,0.10547,0.0,0.05,260.33615220013263,-0.0,0.0,0.0,260.33615220013263,260.33615220013263,0.0,1.0
4441,2019-07-05 01:00:00,7,2019-07-05 02:00:00,0.10547,0.10547,0.10547,0.0,0.05,251.09323308339614,-0.0,0.0,0.0,251.09323308339614,251.09323308339614,0.0,1.0
4442,2019-07-05 02:00:00,7,2019-07-05 03:00:00,0.10547,0.10547,0.10547,0.0,0.05,248.5582060159544,-0.0,0.0,0.0,248.5582060159544,248.5582060159544,0.0,1.0
4443,2019-07-05 03:00:00,7,2019-07-05 04:00:00,0.10547,0.10547,0.10547,0.0,0.05,252.69021289012733,-132.79597815088485,0.0,0.0,385.48619104101215,385.48619104101215,0.0,1.0
4444,2019-07-05 04:00:00,7,2019-07-05 05:00:00,0.10547,0.10547,0.10547,0.0,0.45724099966271353,269.5689462525353,-3.503120842679068,0.0,0.0,273.0720670952144,273.0720670952144,0.0,1.0
4445,2019-07-05 05:00:00,7,2019-07-05 06:00:00,0.10547,0.10547,0.10547,0.0,0.46798390358026265,362.5484289642197,-0.0,0.0,0.0,362.5484289642197,362.5484289642197,0.0,1.0
4446,2019-07-05 06:00:00,7,2019-07-05 07:00:00,0.10547,0.10547,0.10547,0.0,0.46798390358026265,418.0004951656107,-0.0,32.51430412459851,0.0,385.48619104101215,385.48619104101215,0.0,0.0
4447,2019-07-05 07:00:00,7,2019-07-05 08:00:00,0.10547,0.10547,0.10547,0.0,0.35017845385345653,368.74876397335123,-0.0,0.0,0.0,368.74876397335123,368.74876397335123,0.0,1.0
4448,2019-07-05 08:00:00,7,2019-07-05 09:00:00,0.10547,0.10547,0.10547,0.0,0.35017845385345653,344.6141447033791,-0.0,0.0,0.0,344.6141447033791,344.6141447033791,0.0,0.0
4449,2019-07-05 09:00:00,7,2019-07-05 10:00:00,0.10547,0.10547,0.10547,0.0,0.35017845385345653,303.1185695235198,-82.36762151749238,0.0,0.0,385.48619104101215,385.48619104101215,0.0,1.0
4450,2019-07-05 10:00:00,7,2019-07-05 11:00:00,0.10547,0.10547,0.10547,0.0,0.6027724931737665,333.46703188882987,-0.0,0.0,0.0,333.46703188882987,333.46703188882987,0.0,0.0
4451,2019-07-05 11:00:00,7,2019-07-05 12:00:00,0.10547,0.10547,0.10547,0.0,0.6027724931737665,320.3397328509216,-65.14645819009056,0.0,0.0,385.48619104101215,385.48619104101215,0.0,1.0
4452,2019-07-05 12:00:00,7,2019-07-05 13:00:00,0.10547,0.10547,0.10547,0.0,0.8025549649567109,307.08955877032196,3.089316242435218e-14,0.0,0.0,307.0895587703219,307.0895587703219,0.0,1.0
4453,2019-07-05 13:00:00,7,2019-07-05 14:00:00,0.10547,0.10547,0.10547,0.0,0.8025549649567107,321.1019404834179,-64.38425055759433,0.0,0.0,385.4861910410122,385.4861910410122,0.0,1.0
4454,2019-07-05 14:00:00,7,2019-07-05 15:00:00,0.12561,0.12561,0.12561,0.0,1.0,306.26778115464754,-0.0,0.0,0.0,306.26778115464754,306.26778115464754,0.0,1.0
4455,2019-07-05 15:00:00,7,2019-07-05 16:00:00,0.12561,0.12561,0.12561,0.0,1.0,340.8639679473682,-0.0,0.0,0.0,340.8639679473682,340.8639679473682,0.0,1.0
4456,2019-07-05 16:00:00,7,2019-07-05 17:00:00,0.15111,0.15111,0.15111,0.0,1.0,363.039581419392,-0.0,0.0,0.0,363.039581419392,363.039581419392,0.0,1.0
4457,2019-07-05 17:00:00,7,2019-07-05 18:00:00,0.15111,0.15111,0.15111,0.0,1.0,413.95699744613654,-0.0,28.470806405124353,0.0,385.4861910410122,385.4861910410122,0.0,0.0
4458,2019-07-05 18:00:00,7,2019-07-05 19:00:00,0.15111,0.15111,0.15111,0.0,0.8968449043292596,442.8676341422155,-0.0,57.38144310120328,0.0,385.4861910410122,385.4861910410122,0.0,0.0
4459,2019-07-05 19:00:00,7,2019-07-05 20:00:00,0.15111,0.15111,0.15111,0.0,0.6889411249770738,488.3523332958921,-0.0,102.86614225487989,0.0,385.4861910410122,385.4861910410122,0.0,0.0
4460,2019-07-05 20:00:00,7,2019-07-05 21:00:00,0.15111,0.15111,0.15111,0.0,0.3162377110101175,458.96779927980464,-0.0,73.48160823879243,0.0,385.4861910410122,385.4861910410122,0.0,0.0
4461,2019-07-05 21:00:00,7,2019-07-05 22:00:00,0.12561,0.12561,0.12561,0.0,0.05,376.74014659461744,-0.0,0.0,0.0,376.74014659461744,376.74014659461744,0.0,1.0
4462,2019-07-05 22:00:00,7,2019-07-05 23:00:00,0.12561,0.12561,0.12561,0.0,0.05,291.8650805908035,-0.0,0.0,0.0,291.8650805908035,291.8650805908035,0.0,1.0
4463,2019-07-05 23:00:00,7,2019-07-06 00:00:00,0.10547,0.10547,0.10547,0.0,0.05,246.11476653666853,-12.847525704956862,0.0,0.0,258.9622922416254,258.9622922416254,0.0,1.0
4464,2019-07-06 00:00:00,7,2019-07-06 01:00:00,0.10547,0.10547,0.10547,0.0,0.08939907882853437,260.61090355755624,-124.87528748345596,0.0,0.0,385.4861910410122,385.4861910410122,0.0,1.0
4465,2019-07-06 01:00:00,7,2019-07-06 02:00:00,0.10547,0.10547,0.10547,0.0,0.47234996044446603,252.22063644880686,-0.0,0.0,0.0,252.22063644880686,252.22063644880686,0.0,1.0
4466,2019-07-06 02:00:00,7,2019-07-06 03:00:00,0.10547,0.10547,0.10547,0.0,0.47234996044446603,252.80933220819819,-132.676858832814,0.0,0.0,385.48619104101215,385.48619104101215,0.0,1.0
4467,2019-07-06 03:00:00,7,2019-07-06 04:00:00,0.10547,0.10547,0.10547,0.0,0.8792256608650956,258.2042310919528,-0.0,0.0,0.0,258.2042310919528,258.2042310919528,0.0,1.0
4468,2019-07-06 04:00:00,7,2019-07-06 05:00:00,0.10547,0.10547,0.10547,0.0,0.8792256608650956,277.60953756866263,-0.0,0.0,0.0,277.60953756866263,277.60953756866263,0.0,1.0
4469,2019-07-06 05:00:00,7,2019-07-06 06:00:00,0.10547,0.10547,0.10547,0.0,0.8792256608650956,361.18028956098624,-0.0,0.0,0.0,361.18028956098624,361.18028956098624,0.0,1.0
4470,2019-07-06 06:00:00,7,2019-07-06 07:00:00,0.10547,0.10547,0.10547,0.0,0.8792256608650956,396.3603367976877,-0.0,10.874145756675489,0.0,385.4861910410122,385.4861910410122,0.0,0.0
4471,2019-07-06 07:00:00,7,2019-07-06 08:00:00,0.10547,0.10547,0.10547,0.0,0.8398265820365612,359.837019834148,-25.649171206864196,0.0,0.0,385.4861910410122,385.4861910410122,0.0,1.0
4472,2019-07-06 08:00:00,7,2019-07-06 09:00:00,0.10547,0.10547,0.10547,0.0,0.9184840404042781,361.9616610129099,-0.0,0.0,0.0,361.9616610129099,361.9616610129099,0.0,0.0
4473,2019-07-06 09:00:00,7,2019-07-06 10:00:00,0.10547,0.10547,0.10547,0.0,0.9184840404042781,308.5924535073089,-0.0,0.0,0.0,308.5924535073089,308.5924535073089,0.0,1.0
4474,2019-07-06 10:00:00,7,2019-07-06 11:00:00,0.10547,0.10547,0.10547,0.0,0.9184840404042781,316.2352675570696,-0.0,0.0,0.0,316.2352675570696,316.2352675570696,0.0,0.0
4475,2019-07-06 11:00:00,7,2019-07-06 12:00:00,0.10547,0.10547,0.10547,0.0,0.9184840404042781,321.89619520465516,-0.0,0.0,0.0,321.89619520465516,321.89619520465516,0.0,1.0
4476,2019-07-06 12:00:00,7,2019-07-06 13:00:00,0.10547,0.10547,0.10547,0.0,0.9184840404042781,314.4977565752435,-26.581291172517997,0.0,0.0,341.0790477477615,341.0790477477615,0.0,1.0
4477,2019-07-06 13:00:00,7,2019-07-06 14:00:00,0.10547,0.10547,0.10547,0.0,1.0,308.6828496259808,-0.0,0.0,0.0,308.6828496259808,308.6828496259808,0.0,1.0
4478,2019-07-06 14:00:00,7,2019-07-06 15:00:00,0.12561,0.12561,0.12561,0.0,1.0,319.1028093745163,-0.0,0.0,0.0,319.1028093745163,319.1028093745163,0.0,1.0
4479,2019-07-06 15:00:00,7,2019-07-06 16:00:00,0.12561,0.12561,0.12561,0.0,1.0,353.3611172298748,-0.0,0.0,0.0,353.3611172298748,353.3611172298748,0.0,1.0
4480,2019-07-06 16:00:00,7,2019-07-06 17:00:00,0.15111,0.15111,0.15111,0.0,1.0,382.0136258974961,-0.0,0.0,0.0,382.0136258974961,382.0136258974961,0.0,1.0
4481,2019-07-06 17:00:00,7,2019-07-06 18:00:00,0.15111,0.15111,0.15111,0.0,1.0,422.6068619376351,-0.0,37.12067089662287,0.0,385.4861910410122,385.4861910410122,0.0,0.0
4482,2019-07-06 18:00:00,7,2019-07-06 19:00:00,0.15111,0.15111,0.15111,0.0,0.8655048155919463,421.50887665279726,-0.0,75.7888453356197,0.0,345.7200313171776,345.7200313171776,0.0,0.0
4483,2019-07-06 19:00:00,7,2019-07-06 20:00:00,0.15111,0.15111,0.15111,0.0,0.5909075498831791,469.2855137658968,-0.0,83.79932272488458,0.0,385.4861910410122,385.4861910410122,0.0,0.0
4484,2019-07-06 20:00:00,7,2019-07-06 21:00:00,0.15111,0.15111,0.15111,0.0,0.28728681537272777,450.9773520838851,-0.0,65.49116104287287,0.0,385.4861910410122,385.4861910410122,0.0,0.0
4485,2019-07-06 21:00:00,7,2019-07-06 22:00:00,0.12561,0.12561,0.12561,0.0,0.05,372.1241995525381,-0.0,0.0,0.0,372.1241995525381,372.1241995525381,0.0,1.0
4486,2019-07-06 22:00:00,7,2019-07-06 23:00:00,0.12561,0.12561,0.12561,0.0,0.05,285.31138116383386,-0.0,0.0,0.0,285.31138116383386,285.31138116383386,0.0,1.0
4487,2019-07-06 23:00:00,7,2019-07-07 00:00:00,0.10547,0.10547,0.10547,0.0,0.05,234.38981723306517,-15.219461753269073,0.0,0.0,249.60927898633423,249.60927898633423,0.0,1.0
4488,2019-07-07 00:00:00,7,2019-07-07 01:00:00,0.10547,0.10547,0.10547,0.0,0.0966730160433585,242.42215013055363,-0.0,0.0,0.0,242.42215013055363,242.42215013055363,0.0,1.0
4489,2019-07-07 01:00:00,7,2019-07-07 02:00:00,0.10547,0.10547,0.10547,0.0,0.0966730160433585,236.63792157418666,-98.40377454138208,0.0,0.0,335.0416961155687,335.0416961155687,0.0,1.0
4490,2019-07-07 02:00:00,7,2019-07-07 03:00:00,0.10547,0.10547,0.10547,0.0,0.39844459130359683,235.96998963214804,-0.0,0.0,0.0,235.96998963214804,235.96998963214804,0.0,1.0
4491,2019-07-07 03:00:00,7,2019-07-07 04:00:00,0.10547,0.10547,0.10547,0.0,0.39844459130359683,243.11116521331024,-0.0,0.0,0.0,243.11116521331024,243.11116521331024,0.0,1.0
4492,2019-07-07 04:00:00,7,2019-07-07 05:00:00,0.10547,0.10547,0.10547,0.0,0.39844459130359683,266.71324917253645,-118.77294186847575,0.0,0.0,385.4861910410122,385.4861910410122,0.0,1.0
4493,2019-07-07 05:00:00,7,2019-07-07 06:00:00,0.10547,0.10547,0.10547,0.0,0.7626816130335892,355.3836810161219,-0.0,0.0,0.0,355.3836810161219,355.3836810161219,0.0,1.0
4494,2019-07-07 06:00:00,7,2019-07-07 07:00:00,0.10547,0.10547,0.10547,0.0,0.7626816130335892,398.36794346897915,-0.0,12.881752427966944,0.0,385.4861910410122,385.4861910410122,0.0,0.0
4495,2019-07-07 07:00:00,7,2019-07-07 08:00:00,0.10547,0.10547,0.10547,0.0,0.7160085969902307,361.1006405008372,-0.0,0.0,0.0,361.1006405008372,361.1006405008372,0.0,0.0
4496,2019-07-07 08:00:00,7,2019-07-07 09:00:00,0.10547,0.10547,0.10547,0.0,0.7160085969902307,337.62420345241367,-0.0,0.0,0.0,337.62420345241367,337.62420345241367,0.0,0.0
4497,2019-07-07 09:00:00,7,2019-07-07 10:00:00,0.10547,0.10547,0.10547,0.0,0.7160085969902307,286.3984119764237,-0.0,0.0,0.0,286.3984119764237,286.3984119764237,0.0,1.0
4498,2019-07-07 10:00:00,7,2019-07-07 11:00:00,0.10547,0.10547,0.10547,0.0,0.7160085969902307,292.8802987552179,-92.60589228579431,0.0,0.0,385.4861910410122,385.4861910410122,0.0,1.0
4499,2019-07-07 11:00:00,7,2019-07-07 12:00:00,0.10547,0.10547,0.10547,0.0,1.0,296.59562090736375,-0.0,0.0,0.0,296.59562090736375,296.59562090736375,0.0,1.0
4500,2019-07-07 12:00:00,7,2019-07-07 13:00:00,0.10547,0.10547,0.10547,0.0,1.0,293.65732188077277,-0.0,0.0,0.0,293.65732188077277,293.65732188077277,0.0,1.0
4501,2019-07-07 13:00:00,7,2019-07-07 14:00:00,0.10547,0.10547,0.10547,0.0,1.0,298.7318253584981,-0.0,0.0,0.0,298.7318253584981,298.7318253584981,0.0,1.0
4502,2019-07-07 14:00:00,7,2019-07-07 15:00:00,0.12561,0.12561,0.12561,0.0,1.0,303.94708117223354,-0.0,0.0,0.0,303.94708117223354,303.94708117223354,0.0,1.0
4503,2019-07-07 15:00:00,7,2019-07-07 16:00:00,0.12561,0.12561,0.12561,0.0,1.0,338.2886454761656,-0.0,0.0,0.0,338.2886454761656,338.2886454761656,0.0,1.0
4504,2019-07-07 16:00:00,7,2019-07-07 17:00:00,0.15111,0.15111,0.15111,0.0,1.0,355.1629385854605,-0.0,0.0,0.0,355.1629385854605,355.1629385854605,0.0,1.0
4505,2019-07-07 17:00:00,7,2019-07-07 18:00:00,0.15111,0.15111,0.15111,0.0,1.0,409.9607900809149,-0.0,24.47459903990267,0.0,385.4861910410122,385.4861910410122,0.0,0.0
4506,2019-07-07 18:00:00,7,2019-07-07 19:00:00,0.15111,0.15111,0.15111,0.0,0.9113239165220917,429.75326085427474,-0.0,89.28151261826567,0.0,340.4717482360091,340.4717482360091,0.0,0.0
4507,2019-07-07 19:00:00,7,2019-07-07 20:00:00,0.15111,0.15111,0.15111,0.0,0.587840175151564,472.4097503206633,-0.0,86.9235592796511,0.0,385.4861910410122,385.4861910410122,0.0,0.0
4508,2019-07-07 20:00:00,7,2019-07-07 21:00:00,0.15111,0.15111,0.15111,0.0,0.2728997429789151,447.00652010319277,-0.0,61.520329062180565,0.0,385.4861910410122,385.4861910410122,0.0,0.0
4509,2019-07-07 21:00:00,7,2019-07-07 22:00:00,0.12561,0.12561,0.12561,0.0,0.05,369.74052433109233,-0.0,0.0,0.0,369.74052433109233,369.74052433109233,0.0,1.0
4510,2019-07-07 22:00:00,7,2019-07-07 23:00:00,0.12561,0.12561,0.12561,0.0,0.05,289.016661989436,-0.0,0.0,0.0,289.016661989436,289.016661989436,0.0,1.0
4511,2019-07-07 23:00:00,7,2019-07-08 00:00:00,0.10547,0.10547,0.10547,0.0,0.05,234.80373644117762,-4.827056628805028e-16,0.0,0.0,234.80373644117762,234.80373644117762,0.0,0.0
4512,2019-07-08 00:00:00,7,2019-07-08 01:00:00,0.10547,0.10547,0.10547,0.0,0.05,251.45314850268983,-18.354389784233838,0.0,0.0,269.80753828692366,269.80753828692366,0.0,1.0
4513,2019-07-08 01:00:00,7,2019-07-08 02:00:00,0.10547,0.10547,0.10547,0.0,0.1062867953383171,240.77818494091827,-144.70800610009394,0.0,0.0,385.4861910410122,385.4861910410122,0.0,1.0
4514,2019-07-08 02:00:00,7,2019-07-08 03:00:00,0.10547,0.10547,0.10547,0.0,0.5500580140452719,238.76597822968782,-146.7202128113244,0.0,0.0,385.4861910410122,385.4861910410122,0.0,1.0
4515,2019-07-08 03:00:00,7,2019-07-08 04:00:00,0.10547,0.10547,0.10547,0.0,1.0,243.34714657268935,-0.0,0.0,0.0,243.34714657268935,243.34714657268935,0.0,1.0
4516,2019-07-08 04:00:00,7,2019-07-08 05:00:00,0.10547,0.10547,0.10547,0.0,1.0,249.91678705725758,-0.0,0.0,0.0,249.91678705725758,249.91678705725758,0.0,1.0
4517,2019-07-08 05:00:00,7,2019-07-08 06:00:00,0.10547,0.10547,0.10547,0.0,1.0,322.9202623772427,-0.0,0.0,0.0,322.9202623772427,322.9202623772427,0.0,1.0
4518,2019-07-08 06:00:00,7,2019-07-08 07:00:00,0.10547,0.10547,0.10547,0.0,1.0,347.29813297560355,-0.0,0.0,0.0,347.29813297560355,347.29813297560355,0.0,1.0
4519,2019-07-08 07:00:00,7,2019-07-08 08:00:00,0.10547,0.10547,0.10547,0.0,1.0,388.94412085782267,-0.0,3.457929816810463,0.0,385.4861910410122,385.4861910410122,0.0,0.0
4520,2019-07-08 08:00:00,7,2019-07-08 09:00:00,0.10547,0.10547,0.10547,0.0,0.9874712687796722,348.9087163807419,-0.0,0.0,0.0,348.9087163807419,348.9087163807419,0.0,1.0
4521,2019-07-08 09:00:00,7,2019-07-08 10:00:00,0.10547,0.10547,0.10547,0.0,0.9874712687796722,289.6702354746274,-0.0,0.0,0.0,289.6702354746274,289.6702354746274,0.0,1.0
4522,2019-07-08 10:00:00,7,2019-07-08 11:00:00,0.10547,0.10547,0.10547,0.0,0.9874712687796722,279.56290841554653,-0.0,0.0,0.0,279.56290841554653,279.56290841554653,0.0,1.0
4523,2019-07-08 11:00:00,7,2019-07-08 12:00:00,0.10547,0.10547,0.10547,0.0,0.9874712687796722,284.259625638632,-0.0,0.0,0.0,284.259625638632,284.259625638632,0.0,1.0
4524,2019-07-08 12:00:00,7,2019-07-08 13:00:00,0.10547,0.10547,0.10547,0.0,0.9874712687796722,275.1116487554491,-4.085455832715591,0.0,0.0,279.1971045881647,279.1971045881647,0.0,1.0
4525,2019-07-08 13:00:00,7,2019-07-08 14:00:00,0.10547,0.10547,0.10547,0.0,1.0,276.63811330648514,-0.0,0.0,0.0,276.63811330648514,276.63811330648514,0.0,1.0
4526,2019-07-08 14:00:00,7,2019-07-08 15:00:00,0.12561,0.12561,0.12561,0.0,1.0,278.5837641032069,-0.0,0.0,0.0,278.5837641032069,278.5837641032069,0.0,1.0
4527,2019-07-08 15:00:00,7,2019-07-08 16:00:00,0.12561,0.12561,0.12561,0.0,1.0,311.59197027766277,-0.0,0.0,0.0,311.59197027766277,311.59197027766277,0.0,1.0
4528,2019-07-08 16:00:00,7,2019-07-08 17:00:00,0.15111,0.15111,0.15111,0.0,1.0,335.7164645901901,-0.0,0.0,0.0,335.7164645901901,335.7164645901901,0.0,1.0
4529,2019-07-08 17:00:00,7,2019-07-08 18:00:00,0.15111,0.15111,0.15111,0.0,1.0,401.46407404484563,-0.0,81.0919082909204,0.0,320.37216575392523,320.37216575392523,0.0,0.0
4530,2019-07-08 18:00:00,7,2019-07-08 19:00:00,0.15111,0.15111,0.15111,0.0,0.7061887380763754,394.9491408405541,-0.0,9.462949799541889,0.0,385.4861910410122,385.4861910410122,0.0,0.0
4531,2019-07-08 19:00:00,7,2019-07-08 20:00:00,0.15111,0.15111,0.15111,0.0,0.6719026880780351,418.03573124958695,-0.0,150.0,0.0,268.03573124958695,268.03573124958695,0.0,0.0
4532,2019-07-08 20:00:00,7,2019-07-08 21:00:00,0.15111,0.15111,0.15111,0.0,0.12842442720846992,407.1313329505499,-0.0,21.6451419095377,0.0,385.4861910410122,385.4861910410122,0.0,0.0
4533,2019-07-08 21:00:00,7,2019-07-08 22:00:00,0.12561,0.12561,0.12561,0.0,0.05,348.8367524418714,-0.0,0.0,0.0,348.8367524418714,348.8367524418714,0.0,1.0
4534,2019-07-08 22:00:00,7,2019-07-08 23:00:00,0.12561,0.12561,0.12561,0.0,0.05,270.1839182187752,-0.0,0.0,0.0,270.1839182187752,270.1839182187752,0.0,1.0
4535,2019-07-08 23:00:00,7,2019-07-09 00:00:00,0.10547,0.10547,0.10547,0.0,0.05,236.41073839667104,-0.0,0.0,0.0,236.41073839667104,236.41073839667104,0.0,1.0
4536,2019-07-09 00:00:00,7,2019-07-09 01:00:00,0.10547,0.10547,0.10547,0.0,0.05,262.4724815590216,-38.22157353077008,0.0,0.0,300.69405508979173,300.69405508979173,0.0,1.0
4537,2019-07-09 01:00:00,7,2019-07-09 02:00:00,0.10547,0.10547,0.10547,0.0,0.1672128254943616,248.60560043146415,-136.88059060954805,0.0,0.0,385.4861910410122,385.4861910410122,0.0,1.0
4538,2019-07-09 02:00:00,7,2019-07-09 03:00:00,0.10547,0.10547,0.10547,0.0,0.586979970030309,250.80574648567816,-134.68044455533405,0.0,0.0,385.4861910410122,385.4861910410122,0.0,1.0
4539,2019-07-09 03:00:00,7,2019-07-09 04:00:00,0.10547,0.10547,0.10547,0.0,1.0,253.3591396007081,-0.0,0.0,0.0,253.3591396007081,253.3591396007081,0.0,1.0
4540,2019-07-09 04:00:00,7,2019-07-09 05:00:00,0.10547,0.10547,0.10547,0.0,1.0,259.0057660954461,-0.0,0.0,0.0,259.0057660954461,259.0057660954461,0.0,1.0
4541,2019-07-09 05:00:00,7,2019-07-09 06:00:00,0.10547,0.10547,0.10547,0.0,1.0,322.9120997748678,-0.0,0.0,0.0,322.9120997748678,322.9120997748678,0.0,1.0
4542,2019-07-09 06:00:00,7,2019-07-09 07:00:00,0.10547,0.10547,0.10547,0.0,1.0,357.54383382352154,-0.0,0.0,0.0,357.54383382352154,357.54383382352154,0.0,0.0
4543,2019-07-09 07:00:00,7,2019-07-09 08:00:00,0.10547,0.10547,0.10547,0.0,1.0,394.5849859848402,-0.0,9.098794943828011,0.0,385.4861910410122,385.4861910410122,0.0,0.0
4544,2019-07-09 08:00:00,7,2019-07-09 09:00:00,0.10547,0.10547,0.10547,0.0,0.967033351652797,343.0033737607086,-10.749994026261827,0.0,0.0,353.75336778697044,353.75336778697044,0.0,1.0
4545,2019-07-09 09:00:00,7,2019-07-09 10:00:00,0.10547,0.10547,0.10547,0.0,1.0,301.1932369023437,-0.0,0.0,0.0,301.1932369023437,301.1932369023437,0.0,0.0
4546,2019-07-09 10:00:00,7,2019-07-09 11:00:00,0.10547,0.10547,0.10547,0.0,1.0,302.36975158037365,-0.0,0.0,0.0,302.36975158037365,302.36975158037365,0.0,1.0
4547,2019-07-09 11:00:00,7,2019-07-09 12:00:00,0.10547,0.10547,0.10547,0.0,1.0,311.85938694210216,-0.0,0.0,0.0,311.85938694210216,311.85938694210216,0.0,0.0
4548,2019-07-09 12:00:00,7,2019-07-09 13:00:00,0.10547,0.10547,0.10547,0.0,1.0,292.0145115765127,-0.0,0.0,0.0,292.0145115765127,292.0145115765127,0.0,1.0
4549,2019-07-09 13:00:00,7,2019-07-09 14:00:00,0.10547,0.10547,0.10547,0.0,1.0,294.1078872015994,-0.0,0.0,0.0,294.1078872015994,294.1078872015994,0.0,1.0
4550,2019-07-09 14:00:00,7,2019-07-09 15:00:00,0.12561,0.12561,0.12561,0.0,1.0,301.3472581927771,-0.0,0.0,0.0,301.3472581927771,301.3472581927771,0.0,1.0
4551,2019-07-09 15:00:00,7,2019-07-09 16:00:00,0.12561,0.12561,0.12561,0.0,1.0,332.2400250128214,-0.0,0.0,0.0,332.2400250128214,332.2400250128214,0.0,0.0
4552,2019-07-09 16:00:00,7,2019-07-09 17:00:00,0.15111,0.15111,0.15111,0.0,1.0,347.7499421000872,-0.0,0.0,0.0,347.7499421000872,347.7499421000872,0.0,1.0
4553,2019-07-09 17:00:00,7,2019-07-09 18:00:00,0.15111,0.15111,0.15111,0.0,1.0,408.16578715409764,-0.0,22.679596113085438,0.0,385.4861910410122,385.4861910410122,0.0,0.0
4554,2019-07-09 18:00:00,7,2019-07-09 19:00:00,0.15111,0.15111,0.15111,0.0,0.9178275503149079,411.5393058361983,-0.0,26.053114795186104,0.0,385.4861910410122,385.4861910410122,0.0,0.0
4555,2019-07-09 19:00:00,7,2019-07-09 20:00:00,0.15111,0.15111,0.15111,0.0,0.8234322068540887,438.4174954296694,-0.0,63.46728909172849,0.0,374.95020633794087,374.95020633794087,0.0,0.0
4556,2019-07-09 20:00:00,7,2019-07-09 21:00:00,0.15111,0.15111,0.15111,0.0,0.5934782608695652,405.08597788204594,-0.0,150.0,0.0,255.08597788204594,255.08597788204594,0.0,0.0
4557,2019-07-09 21:00:00,7,2019-07-09 22:00:00,0.12561,0.12561,0.12561,0.0,0.05,347.82322363971383,-0.0,0.0,0.0,347.82322363971383,347.82322363971383,0.0,1.0
4558,2019-07-09 22:00:00,7,2019-07-09 23:00:00,0.12561,0.12561,0.12561,0.0,0.05,280.92191325572435,-0.0,0.0,0.0,280.92191325572435,280.92191325572435,0.0,1.0
4559,2019-07-09 23:00:00,7,2019-07-10 00:00:00,0.10547,0.10547,0.10547,0.0,0.05,279.8471874193173,-0.0,0.0,0.0,279.8471874193173,279.8471874193173,0.0,1.0
4560,2019-07-10 00:00:00,7,2019-07-10 01:00:00,0.10547,0.10547,0.10547,0.0,0.05,263.5940007026818,-121.89219033833041,0.0,0.0,385.4861910410122,385.4861910410122,0.0,1.0
4561,2019-07-10 01:00:00,7,2019-07-10 02:00:00,0.10547,0.10547,0.10547,0.0,0.4238027170375466,254.52066815738806,-0.0,0.0,0.0,254.52066815738806,254.52066815738806,0.0,0.0
4562,2019-07-10 02:00:00,7,2019-07-10 03:00:00,0.10547,0.10547,0.10547,0.0,0.4238027170375466,254.0116175457954,-38.75123419473623,0.0,0.0,292.76285174053163,292.76285174053163,0.0,1.0
4563,2019-07-10 03:00:00,7,2019-07-10 04:00:00,0.10547,0.10547,0.10547,0.0,0.5426398352347377,260.33882542927614,-0.0,0.0,0.0,260.33882542927614,260.33882542927614,0.0,1.0
4564,2019-07-10 04:00:00,7,2019-07-10 05:00:00,0.10547,0.10547,0.10547,0.0,0.5426398352347377,280.2114354138778,-0.0,0.0,0.0,280.2114354138778,280.2114354138778,0.0,1.0
4565,2019-07-10 05:00:00,7,2019-07-10 06:00:00,0.10547,0.10547,0.10547,0.0,0.5426398352347377,369.72693566395776,-0.0,0.0,0.0,369.72693566395776,369.72693566395776,0.0,1.0
4566,2019-07-10 06:00:00,7,2019-07-10 07:00:00,0.10547,0.10547,0.10547,0.0,0.5426398352347377,417.37452135966294,-0.0,31.88833031865073,0.0,385.4861910410122,385.4861910410122,0.0,0.0
4567,2019-07-10 07:00:00,7,2019-07-10 08:00:00,0.10547,0.10547,0.10547,0.0,0.4271024065439742,369.2740634500856,-0.0,0.0,0.0,369.2740634500856,369.2740634500856,0.0,0.0
4568,2019-07-10 08:00:00,7,2019-07-10 09:00:00,0.10547,0.10547,0.10547,0.0,0.4271024065439742,334.81341113830143,-0.0,0.0,0.0,334.81341113830143,334.81341113830143,0.0,1.0
4569,2019-07-10 09:00:00,7,2019-07-10 10:00:00,0.10547,0.10547,0.10547,0.0,0.4271024065439742,289.4973252950752,-95.988865745937,0.0,0.0,385.4861910410122,385.4861910410122,0.0,1.0
4570,2019-07-10 10:00:00,7,2019-07-10 11:00:00,0.10547,0.10547,0.10547,0.0,0.721468261498181,294.66062413824517,-90.82556690276704,0.0,0.0,385.4861910410122,385.4861910410122,0.0,1.0
4571,2019-07-10 11:00:00,7,2019-07-10 12:00:00,0.10547,0.10547,0.10547,0.0,1.0,301.35369604013346,-0.0,0.0,0.0,301.35369604013346,301.35369604013346,0.0,0.0
4572,2019-07-10 12:00:00,7,2019-07-10 13:00:00,0.10547,0.10547,0.10547,0.0,1.0,314.6281712786469,-0.0,0.0,0.0,314.6281712786469,314.6281712786469,0.0,1.0
4573,2019-07-10 13:00:00,7,2019-07-10 14:00:00,0.10547,0.10547,0.10547,0.0,1.0,318.26774536176976,-0.0,0.0,0.0,318.26774536176976,318.26774536176976,0.0,1.0
4574,2019-07-10 14:00:00,7,2019-07-10 15:00:00,0.12561,0.12561,0.12561,0.0,1.0,323.51172319912354,-0.0,0.0,0.0,323.51172319912354,323.51172319912354,0.0,1.0
4575,2019-07-10 15:00:00,7,2019-07-10 16:00:00,0.12561,0.12561,0.12561,0.0,1.0,354.1196414145332,-0.0,0.0,0.0,354.1196414145332,354.1196414145332,0.0,1.0
4576,2019-07-10 16:00:00,7,2019-07-10 17:00:00,0.15111,0.15111,0.15111,0.0,1.0,394.74251239880124,-0.0,46.74395474457097,0.0,347.99855765423024,347.99855765423024,0.0,0.0
4577,2019-07-10 17:00:00,7,2019-07-10 18:00:00,0.15111,0.15111,0.15111,0.0,0.830637845128366,444.0571972665038,-0.0,58.5710062254916,0.0,385.4861910410122,385.4861910410122,0.0,0.0
4578,2019-07-10 18:00:00,7,2019-07-10 19:00:00,0.15111,0.15111,0.15111,0.0,0.618424054456295,426.8503052460082,-0.0,41.364114204995985,0.0,385.4861910410122,385.4861910410122,0.0,0.0
4579,2019-07-10 19:00:00,7,2019-07-10 20:00:00,0.15111,0.15111,0.15111,0.0,0.4685540754526864,459.22741438332207,-0.0,73.74122334230987,0.0,385.4861910410122,385.4861910410122,0.0,0.0
4580,2019-07-10 20:00:00,7,2019-07-10 21:00:00,0.15111,0.15111,0.15111,0.0,0.20137573000953476,427.2658925236438,-0.0,41.779701482631594,0.0,385.4861910410122,385.4861910410122,0.0,0.0
4581,2019-07-10 21:00:00,7,2019-07-10 22:00:00,0.12561,0.12561,0.12561,0.0,0.05,353.038457703064,-0.0,0.0,0.0,353.038457703064,353.038457703064,0.0,1.0
4582,2019-07-10 22:00:00,7,2019-07-10 23:00:00,0.12561,0.12561,0.12561,0.0,0.05,280.0467863604769,-0.0,0.0,0.0,280.0467863604769,280.0467863604769,0.0,1.0
4583,2019-07-10 23:00:00,7,2019-07-11 00:00:00,0.10547,0.10547,0.10547,0.0,0.05,251.17950577565912,-0.0,0.0,0.0,251.17950577565912,251.17950577565912,0.0,1.0
4584,2019-07-11 00:00:00,7,2019-07-11 01:00:00,0.10547,0.10547,0.10547,0.0,0.05,256.984144546394,-0.0,0.0,0.0,256.984144546394,256.984144546394,0.0,1.0
4585,2019-07-11 01:00:00,7,2019-07-11 02:00:00,0.10547,0.10547,0.10547,0.0,0.05,248.69715364801294,-0.0,0.0,0.0,248.69715364801294,248.69715364801294,0.0,1.0
4586,2019-07-11 02:00:00,7,2019-07-11 03:00:00,0.10547,0.10547,0.10547,0.0,0.05,247.35307888191122,-0.0,0.0,0.0,247.35307888191122,247.35307888191122,0.0,1.0
4587,2019-07-11 03:00:00,7,2019-07-11 04:00:00,0.10547,0.10547,0.10547,0.0,0.05,250.71822160985633,-125.9269309415147,0.0,0.0,376.64515255137104,376.64515255137104,0.0,1.0
4588,2019-07-11 04:00:00,7,2019-07-11 05:00:00,0.10547,0.10547,0.10547,0.0,0.4361759215539784,270.90712074587213,-0.0,0.0,0.0,270.90712074587213,270.90712074587213,0.0,1.0
4589,2019-07-11 05:00:00,7,2019-07-11 06:00:00,0.10547,0.10547,0.10547,0.0,0.4361759215539784,360.17270342715125,-0.0,0.0,0.0,360.17270342715125,360.17270342715125,0.0,1.0
4590,2019-07-11 06:00:00,7,2019-07-11 07:00:00,0.10547,0.10547,0.10547,0.0,0.4361759215539784,401.66286513441537,-0.0,16.176674093403165,0.0,385.4861910410122,385.4861910410122,0.0,0.0
4591,2019-07-11 07:00:00,7,2019-07-11 08:00:00,0.10547,0.10547,0.10547,0.0,0.37756478353440176,366.2636120816012,-0.0,0.0,0.0,366.2636120816012,366.2636120816012,0.0,0.0
4592,2019-07-11 08:00:00,7,2019-07-11 09:00:00,0.10547,0.10547,0.10547,0.0,0.37756478353440176,352.70785539089593,-0.0,0.0,0.0,352.70785539089593,352.70785539089593,0.0,0.0
4593,2019-07-11 09:00:00,7,2019-07-11 10:00:00,0.10547,0.10547,0.10547,0.0,0.37756478353440176,302.61845893569233,-0.0,0.0,0.0,302.61845893569233,302.61845893569233,0.0,1.0
4594,2019-07-11 10:00:00,7,2019-07-11 11:00:00,0.10547,0.10547,0.10547,0.0,0.37756478353440176,312.4120640633722,-73.07412697763999,0.0,0.0,385.4861910410122,385.4861910410122,0.0,1.0
4595,2019-07-11 11:00:00,7,2019-07-11 12:00:00,0.10547,0.10547,0.10547,0.0,0.6016587729324977,318.88935363115786,-0.0,0.0,0.0,318.88935363115786,318.88935363115786,0.0,0.0
4596,2019-07-11 12:00:00,7,2019-07-11 13:00:00,0.10547,0.10547,0.10547,0.0,0.6016587729324977,318.3262289163655,-67.15996212464667,0.0,0.0,385.48619104101215,385.48619104101215,0.0,1.0
4597,2019-07-11 13:00:00,7,2019-07-11 14:00:00,0.10547,0.10547,0.10547,0.0,0.8076159901147475,322.7522747740821,-62.73391626693012,0.0,0.0,385.4861910410122,385.4861910410122,0.0,1.0
4598,2019-07-11 14:00:00,7,2019-07-11 15:00:00,0.12561,0.12561,0.12561,0.0,1.0,316.11547136293893,-0.0,0.0,0.0,316.11547136293893,316.11547136293893,0.0,0.0
4599,2019-07-11 15:00:00,7,2019-07-11 16:00:00,0.12561,0.12561,0.12561,0.0,1.0,356.751630959894,-0.0,0.0,0.0,356.751630959894,356.751630959894,0.0,1.0
4600,2019-07-11 16:00:00,7,2019-07-11 17:00:00,0.15111,0.15111,0.15111,0.0,1.0,375.4638009655965,-0.0,0.0,0.0,375.4638009655965,375.4638009655965,0.0,1.0
4601,2019-07-11 17:00:00,7,2019-07-11 18:00:00,0.15111,0.15111,0.15111,0.0,1.0,413.49156722974664,-0.0,139.0508226590659,0.0,274.44074457068075,274.44074457068075,0.0,0.0
4602,2019-07-11 18:00:00,7,2019-07-11 19:00:00,0.15111,0.15111,0.15111,0.0,0.4961926715251236,412.92683988130824,-0.0,27.440648840296035,0.0,385.4861910410122,385.4861910410122,0.0,0.0
4603,2019-07-11 19:00:00,7,2019-07-11 20:00:00,0.15111,0.15111,0.15111,0.0,0.3967700307994133,447.471685987904,-0.0,61.98549494689178,0.0,385.4861910410122,385.4861910410122,0.0,0.0
4604,2019-07-11 20:00:00,7,2019-07-11 21:00:00,0.15111,0.15111,0.15111,0.0,0.17218490418024018,419.2092245947585,-0.0,33.72303355374629,0.0,385.4861910410122,385.4861910410122,0.0,0.0
4605,2019-07-11 21:00:00,7,2019-07-11 22:00:00,0.12561,0.12561,0.12561,0.0,0.05,347.7781852852208,-0.0,0.0,0.0,347.7781852852208,347.7781852852208,0.0,1.0
4606,2019-07-11 22:00:00,7,2019-07-11 23:00:00,0.12561,0.12561,0.12561,0.0,0.05,273.30201145456766,-0.0,0.0,0.0,273.30201145456766,273.30201145456766,0.0,1.0
4607,2019-07-11 23:00:00,7,2019-07-12 00:00:00,0.10547,0.10547,0.10547,0.0,0.05,237.40861531581498,-15.524737891819598,0.0,0.0,252.93335320763458,252.93335320763458,0.0,1.0
4608,2019-07-12 00:00:00,7,2019-07-12 01:00:00,0.10547,0.10547,0.10547,0.0,0.09760919620158011,245.2557255317421,-140.23046550927012,0.0,0.0,385.4861910410122,385.4861910410122,0.0,1.0
4609,2019-07-12 01:00:00,7,2019-07-12 02:00:00,0.10547,0.10547,0.10547,0.0,0.5276492904300085,235.57050793734322,-149.91568310366898,0.0,0.0,385.4861910410122,385.4861910410122,0.0,1.0
4610,2019-07-12 02:00:00,7,2019-07-12 03:00:00,0.10547,0.10547,0.10547,0.0,0.9873907186145935,235.68614546692936,-4.111722190893431,0.0,0.0,239.7978676578228,239.7978676578228,0.0,1.0
4611,2019-07-12 03:00:00,7,2019-07-12 04:00:00,0.10547,0.10547,0.10547,0.0,1.0,244.9246450722366,-0.0,0.0,0.0,244.9246450722366,244.9246450722366,0.0,1.0
4612,2019-07-12 04:00:00,7,2019-07-12 05:00:00,0.10547,0.10547,0.10547,0.0,1.0,268.71080781855164,-0.0,0.0,0.0,268.71080781855164,268.71080781855164,0.0,1.0
4613,2019-07-12 05:00:00,7,2019-07-12 06:00:00,0.10547,0.10547,0.10547,0.0,1.0,358.73517014851944,-0.0,0.0,0.0,358.73517014851944,358.73517014851944,0.0,1.0
4614,2019-07-12 06:00:00,7,2019-07-12 07:00:00,0.10547,0.10547,0.10547,0.0,1.0,398.6263291926483,-0.0,13.140138151636108,0.0,385.4861910410122,385.4861910410122,0.0,0.0
4615,2019-07-12 07:00:00,7,2019-07-12 08:00:00,0.10547,0.10547,0.10547,0.0,0.9523908037984199,363.82852063557203,-15.524737891819585,0.0,0.0,379.35325852739163,379.35325852739163,0.0,1.0
4616,2019-07-12 08:00:00,7,2019-07-12 09:00:00,0.10547,0.10547,0.10547,0.0,1.0,346.934265146314,-0.0,0.0,0.0,346.934265146314,346.934265146314,0.0,0.0
4617,2019-07-12 09:00:00,7,2019-07-12 10:00:00,0.10547,0.10547,0.10547,0.0,1.0,298.85943182242204,-0.0,0.0,0.0,298.85943182242204,298.85943182242204,0.0,1.0
4618,2019-07-12 10:00:00,7,2019-07-12 11:00:00,0.10547,0.10547,0.10547,0.0,1.0,310.5013702132441,-0.0,0.0,0.0,310.5013702132441,310.5013702132441,0.0,1.0
4619,2019-07-12 11:00:00,7,2019-07-12 12:00:00,0.10547,0.10547,0.10547,0.0,1.0,317.79541467451907,-0.0,0.0,0.0,317.79541467451907,317.79541467451907,0.0,0.0
4620,2019-07-12 12:00:00,7,2019-07-12 13:00:00,0.10547,0.10547,0.10547,0.0,1.0,323.2677893752114,-0.0,0.0,0.0,323.2677893752114,323.2677893752114,0.0,0.0
4621,2019-07-12 13:00:00,7,2019-07-12 14:00:00,0.10547,0.10547,0.10547,0.0,1.0,330.8589027621348,-0.0,0.0,0.0,330.8589027621348,330.8589027621348,0.0,1.0
4622,2019-07-12 14:00:00,7,2019-07-12 15:00:00,0.12561,0.12561,0.12561,0.0,1.0,328.6155635289321,-0.0,0.0,0.0,328.6155635289321,328.6155635289321,0.0,1.0
4623,2019-07-12 15:00:00,7,2019-07-12 16:00:00,0.12561,0.12561,0.12561,0.0,1.0,346.718273416367,-0.0,0.0,0.0,346.718273416367,346.718273416367,0.0,1.0
4624,2019-07-12 16:00:00,7,2019-07-12 17:00:00,0.15111,0.15111,0.15111,0.0,1.0,370.2217287915906,-0.0,0.0,0.0,370.2217287915906,370.2217287915906,0.0,1.0
4625,2019-07-12 17:00:00,7,2019-07-12 18:00:00,0.15111,0.15111,0.15111,0.0,1.0,416.25854633204517,-0.0,30.772355291032966,0.0,385.4861910410122,385.4861910410122,0.0,0.0
4626,2019-07-12 18:00:00,7,2019-07-12 19:00:00,0.15111,0.15111,0.15111,0.0,0.8885059590904602,421.5289906524251,-0.0,134.15388994263864,0.0,287.37510070978647,287.37510070978647,0.0,0.0
4627,2019-07-12 19:00:00,7,2019-07-12 20:00:00,0.15111,0.15111,0.15111,0.0,0.4024411404577116,450.75022733529954,-0.0,65.26403629428734,0.0,385.4861910410122,385.4861910410122,0.0,0.0
4628,2019-07-12 20:00:00,7,2019-07-12 21:00:00,0.15111,0.15111,0.15111,0.0,0.1659772408407285,417.4959095130533,-0.0,32.00971847204107,0.0,385.4861910410122,385.4861910410122,0.0,0.0
4629,2019-07-12 21:00:00,7,2019-07-12 22:00:00,0.12561,0.12561,0.12561,0.0,0.05,344.23326412096924,-0.0,0.0,0.0,344.23326412096924,344.23326412096924,0.0,1.0
4630,2019-07-12 22:00:00,7,2019-07-12 23:00:00,0.12561,0.12561,0.12561,0.0,0.05,268.55046019935344,-0.0,0.0,0.0,268.55046019935344,268.55046019935344,0.0,1.0
4631,2019-07-12 23:00:00,7,2019-07-13 00:00:00,0.10547,0.10547,0.10547,0.0,0.05,229.3980267140972,-0.0,0.0,0.0,229.3980267140972,229.3980267140972,0.0,1.0
4632,2019-07-13 00:00:00,7,2019-07-13 01:00:00,0.10547,0.10547,0.10547,0.0,0.05,239.4023484375572,-146.08384260345497,0.0,0.0,385.48619104101215,385.48619104101215,0.0,1.0
4633,2019-07-13 01:00:00,7,2019-07-13 02:00:00,0.10547,0.10547,0.10547,0.0,0.4979904506505953,232.07002489104545,-0.0,0.0,0.0,232.07002489104545,232.07002489104545,0.0,0.0
4634,2019-07-13 02:00:00,7,2019-07-13 03:00:00,0.10547,0.10547,0.10547,0.0,0.49799045065059544,232.60630977665346,-150.0,0.0,0.0,382.60630977665346,382.60630977665346,0.0,1.0
4635,2019-07-13 03:00:00,7,2019-07-13 04:00:00,0.10547,0.10547,0.10547,0.0,0.9579904506505954,240.0927526579307,-0.0,0.0,0.0,240.0927526579307,240.0927526579307,0.0,1.0
4636,2019-07-13 04:00:00,7,2019-07-13 05:00:00,0.10547,0.10547,0.10547,0.0,0.9579904506505954,262.69234854782906,-0.0,0.0,0.0,262.69234854782906,262.69234854782906,0.0,1.0
4637,2019-07-13 05:00:00,7,2019-07-13 06:00:00,0.10547,0.10547,0.10547,0.0,0.9579904506505954,353.18602607373316,-0.0,0.0,0.0,353.18602607373316,353.18602607373316,0.0,0.0
4638,2019-07-13 06:00:00,7,2019-07-13 07:00:00,0.10547,0.10547,0.10547,0.0,0.9579904506505954,394.41259539863375,-0.0,8.92640435762155,0.0,385.4861910410122,385.4861910410122,0.0,0.0
4639,2019-07-13 07:00:00,7,2019-07-13 08:00:00,0.10547,0.10547,0.10547,0.0,0.9256484058766044,353.81863338710696,-0.0,0.0,0.0,353.81863338710696,353.81863338710696,0.0,1.0
4640,2019-07-13 08:00:00,7,2019-07-13 09:00:00,0.10547,0.10547,0.10547,0.0,0.9256484058766044,342.3849026245628,-0.0,0.0,0.0,342.3849026245628,342.3849026245628,0.0,1.0
4641,2019-07-13 09:00:00,7,2019-07-13 10:00:00,0.10547,0.10547,0.10547,0.0,0.9256484058766044,301.1151878970103,-24.245085040237704,0.0,0.0,325.360272937248,325.360272937248,0.0,1.0
4642,2019-07-13 10:00:00,7,2019-07-13 11:00:00,0.10547,0.10547,0.10547,0.0,1.0,315.3261655086731,-0.0,0.0,0.0,315.3261655086731,315.3261655086731,0.0,1.0
4643,2019-07-13 11:00:00,7,2019-07-13 12:00:00,0.10547,0.10547,0.10547,0.0,1.0,321.2619758513901,-0.0,0.0,0.0,321.2619758513901,321.2619758513901,0.0,1.0
4644,2019-07-13 12:00:00,7,2019-07-13 13:00:00,0.10547,0.10547,0.10547,0.0,1.0,310.17570851163913,-0.0,0.0,0.0,310.17570851163913,310.17570851163913,0.0,1.0
4645,2019-07-13 13:00:00,7,2019-07-13 14:00:00,0.10547,0.10547,0.10547,0.0,1.0,305.9133945413416,-0.0,0.0,0.0,305.9133945413416,305.9133945413416,0.0,1.0
4646,2019-07-13 14:00:00,7,2019-07-13 15:00:00,0.12561,0.12561,0.12561,0.0,1.0,298.59599959632635,-0.0,0.0,0.0,298.59599959632635,298.59599959632635,0.0,1.0
4647,2019-07-13 15:00:00,7,2019-07-13 16:00:00,0.12561,0.12561,0.12561,0.0,1.0,326.0672968071473,-0.0,0.0,0.0,326.0672968071473,326.0672968071473,0.0,1.0
4648,2019-07-13 16:00:00,7,2019-07-13 17:00:00,0.15111,0.15111,0.15111,0.0,1.0,353.0464458633841,-0.0,0.0,0.0,353.0464458633841,353.0464458633841,0.0,1.0
4649,2019-07-13 17:00:00,7,2019-07-13 18:00:00,0.15111,0.15111,0.15111,0.0,1.0,405.23904767640084,-0.0,19.75285663538864,0.0,385.4861910410122,385.4861910410122,0.0,0.0
4650,2019-07-13 18:00:00,7,2019-07-13 19:00:00,0.15111,0.15111,0.15111,0.0,0.9284316788572875,416.4873229694196,-0.0,31.001131928407403,0.0,385.4861910410122,385.4861910410122,0.0,0.0
4651,2019-07-13 19:00:00,7,2019-07-13 20:00:00,0.15111,0.15111,0.15111,0.0,0.8161087370876954,456.875268461934,-0.0,150.0,0.0,306.875268461934,306.875268461934,0.0,0.0
4652,2019-07-13 20:00:00,7,2019-07-13 21:00:00,0.15111,0.15111,0.15111,0.0,0.2726304762181302,424.51465244807315,-0.0,61.44601143620394,0.0,363.0686410118692,363.0686410118692,0.0,0.0
4653,2019-07-13 21:00:00,7,2019-07-13 22:00:00,0.12561,0.12561,0.12561,0.0,0.05,350.1879995321879,-0.0,0.0,0.0,350.1879995321879,350.1879995321879,0.0,1.0
4654,2019-07-13 22:00:00,7,2019-07-13 23:00:00,0.12561,0.12561,0.12561,0.0,0.05,277.28938376013133,-0.0,0.0,0.0,277.28938376013133,277.28938376013133,0.0,1.0
4655,2019-07-13 23:00:00,7,2019-07-14 00:00:00,0.10547,0.10547,0.10547,0.0,0.05,236.36806859573431,-0.0,0.0,0.0,236.36806859573431,236.36806859573431,0.0,1.0
4656,2019-07-14 00:00:00,7,2019-07-14 01:00:00,0.10547,0.10547,0.10547,0.0,0.05,245.66506601548002,-0.0,0.0,0.0,245.66506601548002,245.66506601548002,0.0,0.0
4657,2019-07-14 01:00:00,7,2019-07-14 02:00:00,0.10547,0.10547,0.10547,0.0,0.05,237.03015678757532,-148.45603425343688,0.0,0.0,385.4861910410122,385.4861910410122,0.0,1.0
4658,2019-07-14 02:00:00,7,2019-07-14 03:00:00,0.10547,0.10547,0.10547,0.0,0.5052651717105398,240.17888603627227,-0.0,0.0,0.0,240.17888603627227,240.17888603627227,0.0,0.0
4659,2019-07-14 03:00:00,7,2019-07-14 04:00:00,0.10547,0.10547,0.10547,0.0,0.5052651717105398,252.7613214127741,-0.0,0.0,0.0,252.7613214127741,252.7613214127741,0.0,1.0
4660,2019-07-14 04:00:00,7,2019-07-14 05:00:00,0.10547,0.10547,0.10547,0.0,0.5052651717105398,278.0411646891886,-107.44502635182363,0.0,0.0,385.4861910410122,385.4861910410122,0.0,1.0
4661,2019-07-14 05:00:00,7,2019-07-14 06:00:00,0.10547,0.10547,0.10547,0.0,0.8347632525227989,367.32522749576043,-0.0,0.0,0.0,367.32522749576043,367.32522749576043,0.0,1.0
4662,2019-07-14 06:00:00,7,2019-07-14 07:00:00,0.10547,0.10547,0.10547,0.0,0.8347632525227989,402.0909350162077,-0.0,16.604743975195504,0.0,385.4861910410122,385.4861910410122,0.0,0.0
4663,2019-07-14 07:00:00,7,2019-07-14 08:00:00,0.10547,0.10547,0.10547,0.0,0.7746011366706413,359.98433700493774,-0.0,0.0,0.0,359.98433700493774,359.98433700493774,0.0,1.0
4664,2019-07-14 08:00:00,7,2019-07-14 09:00:00,0.10547,0.10547,0.10547,0.0,0.7746011366706413,339.5514730108348,-0.0,0.0,0.0,339.5514730108348,339.5514730108348,0.0,0.0
4665,2019-07-14 09:00:00,7,2019-07-14 10:00:00,0.10547,0.10547,0.10547,0.0,0.7746011366706413,294.01535082072655,-0.0,0.0,0.0,294.01535082072655,294.01535082072655,0.0,1.0
4666,2019-07-14 10:00:00,7,2019-07-14 11:00:00,0.10547,0.10547,0.10547,0.0,0.7746011366706413,308.7360690580675,-73.49962934653,0.0,0.0,382.23569840459754,382.23569840459754,0.0,1.0
4667,2019-07-14 11:00:00,7,2019-07-14 12:00:00,0.10547,0.10547,0.10547,0.0,1.0,320.1892859772422,-0.0,0.0,0.0,320.1892859772422,320.1892859772422,0.0,1.0
4668,2019-07-14 12:00:00,7,2019-07-14 13:00:00,0.10547,0.10547,0.10547,0.0,1.0,313.66571622304804,-0.0,0.0,0.0,313.66571622304804,313.66571622304804,0.0,1.0
4669,2019-07-14 13:00:00,7,2019-07-14 14:00:00,0.10547,0.10547,0.10547,0.0,1.0,319.54517085243594,-0.0,0.0,0.0,319.54517085243594,319.54517085243594,0.0,1.0
4670,2019-07-14 14:00:00,7,2019-07-14 15:00:00,0.12561,0.12561,0.12561,0.0,1.0,330.5094723216218,-0.0,0.0,0.0,330.5094723216218,330.5094723216218,0.0,1.0
4671,2019-07-14 15:00:00,7,2019-07-14 16:00:00,0.12561,0.12561,0.12561,0.0,1.0,361.30570946206547,-0.0,0.0,0.0,361.30570946206547,361.30570946206547,0.0,1.0
4672,2019-07-14 16:00:00,7,2019-07-14 17:00:00,0.15111,0.15111,0.15111,0.0,1.0,392.3835253611633,-0.0,6.897334320151117,0.0,385.4861910410122,385.4861910410122,0.0,0.0
4673,2019-07-14 17:00:00,7,2019-07-14 18:00:00,0.15111,0.15111,0.15111,0.0,0.975009658260322,443.92027983195453,-0.0,58.434088790942326,0.0,385.4861910410122,385.4861910410122,0.0,0.0
4674,2019-07-14 18:00:00,7,2019-07-14 19:00:00,0.15111,0.15111,0.15111,0.0,0.7632919452496614,435.02211383182356,-0.0,49.535922790811355,0.0,385.4861910410122,385.4861910410122,0.0,0.0
4675,2019-07-14 19:00:00,7,2019-07-14 20:00:00,0.15111,0.15111,0.15111,0.0,0.5838139641235334,455.0856514074807,-0.0,110.30671412970544,0.0,344.7789372777753,344.7789372777753,0.0,0.0
4676,2019-07-14 20:00:00,7,2019-07-14 21:00:00,0.15111,0.15111,0.15111,0.0,0.1841519564072093,422.51213100940197,-0.0,37.025939968389764,0.0,385.4861910410122,385.4861910410122,0.0,0.0
4677,2019-07-14 21:00:00,7,2019-07-14 22:00:00,0.12561,0.12561,0.12561,0.0,0.05,349.8218154720997,-0.0,0.0,0.0,349.8218154720997,349.8218154720997,0.0,0.0
4678,2019-07-14 22:00:00,7,2019-07-14 23:00:00,0.12561,0.12561,0.12561,0.0,0.05,277.1609181170706,-0.0,0.0,0.0,277.1609181170706,277.1609181170706,0.0,0.0
4679,2019-07-14 23:00:00,7,2019-07-15 00:00:00,0.10547,0.10547,0.10547,0.0,0.05,254.84144885417865,-11.591130854266467,0.0,0.0,266.43257970844513,266.43257970844513,0.0,1.0
4680,2019-07-15 00:00:00,7,2019-07-15 01:00:00,0.10547,0.10547,0.10547,0.0,0.0855461346197505,268.86920619372387,-116.61698484728834,0.0,0.0,385.4861910410122,385.4861910410122,0.0,1.0
4681,2019-07-15 01:00:00,7,2019-07-15 02:00:00,0.10547,0.10547,0.10547,0.0,0.4431715548181014,250.03450569264567,-24.292785726719476,0.0,0.0,274.3272914193651,274.3272914193651,0.0,1.0
4682,2019-07-15 02:00:00,7,2019-07-15 03:00:00,0.10547,0.10547,0.10547,0.0,0.5176694310467078,249.35606600755065,-0.0,0.0,0.0,249.35606600755065,249.35606600755065,0.0,1.0
4683,2019-07-15 03:00:00,7,2019-07-15 04:00:00,0.10547,0.10547,0.10547,0.0,0.5176694310467078,255.96761684149558,-0.0,0.0,0.0,255.96761684149558,255.96761684149558,0.0,1.0
4684,2019-07-15 04:00:00,7,2019-07-15 05:00:00,0.10547,0.10547,0.10547,0.0,0.5176694310467078,261.92001125269,-0.0,0.0,0.0,261.92001125269,261.92001125269,0.0,1.0
4685,2019-07-15 05:00:00,7,2019-07-15 06:00:00,0.10547,0.10547,0.10547,0.0,0.5176694310467078,334.08481700003483,-0.0,0.0,0.0,334.08481700003483,334.08481700003483,0.0,1.0
4686,2019-07-15 06:00:00,7,2019-07-15 07:00:00,0.10547,0.10547,0.10547,0.0,0.5176694310467078,359.2870877258688,-0.0,0.0,0.0,359.2870877258688,359.2870877258688,0.0,1.0
4687,2019-07-15 07:00:00,7,2019-07-15 08:00:00,0.10547,0.10547,0.10547,0.0,0.5176694310467078,395.29692419606334,-0.0,9.810733155051139,0.0,385.4861910410122,385.4861910410122,0.0,0.0
4688,2019-07-15 08:00:00,7,2019-07-15 09:00:00,0.10547,0.10547,0.10547,0.0,0.4821232964269573,351.5896446418022,-0.0,0.0,0.0,351.5896446418022,351.5896446418022,0.0,1.0
4689,2019-07-15 09:00:00,7,2019-07-15 10:00:00,0.10547,0.10547,0.10547,0.0,0.4821232964269573,300.3719257363902,-0.0,0.0,0.0,300.3719257363902,300.3719257363902,0.0,1.0
4690,2019-07-15 10:00:00,7,2019-07-15 11:00:00,0.10547,0.10547,0.10547,0.0,0.4821232964269573,296.8133471119776,-0.0,0.0,0.0,296.8133471119776,296.8133471119776,0.0,1.0
4691,2019-07-15 11:00:00,7,2019-07-15 12:00:00,0.10547,0.10547,0.10547,0.0,0.4821232964269573,301.75081294740835,-83.73537809360386,0.0,0.0,385.4861910410122,385.4861910410122,0.0,1.0
4692,2019-07-15 12:00:00,7,2019-07-15 13:00:00,0.10547,0.10547,0.10547,0.0,0.7389117892473425,300.3487310129717,-7.786806566380115,0.0,0.0,308.1355375793518,308.1355375793518,0.0,1.0
4693,2019-07-15 13:00:00,7,2019-07-15 14:00:00,0.10547,0.10547,0.10547,0.0,0.7627913293842415,308.1355375793518,-77.35065346166039,0.0,0.0,385.4861910410122,385.4861910410122,0.0,1.0
4694,2019-07-15 14:00:00,7,2019-07-15 15:00:00,0.12561,0.12561,0.12561,0.0,1.0,311.9645593597608,-0.0,0.0,0.0,311.9645593597608,311.9645593597608,0.0,1.0
4695,2019-07-15 15:00:00,7,2019-07-15 16:00:00,0.12561,0.12561,0.12561,0.0,1.0,359.7189764373525,-0.0,0.0,0.0,359.7189764373525,359.7189764373525,0.0,1.0
4696,2019-07-15 16:00:00,7,2019-07-15 17:00:00,0.15111,0.15111,0.15111,0.0,1.0,370.92568210105594,-0.0,0.0,0.0,370.92568210105594,370.92568210105594,0.0,1.0
4697,2019-07-15 17:00:00,7,2019-07-15 18:00:00,0.15111,0.15111,0.15111,0.0,1.0,436.24108302462724,-0.0,50.75489198361504,0.0,385.4861910410122,385.4861910410122,0.0,0.0
4698,2019-07-15 18:00:00,7,2019-07-15 19:00:00,0.15111,0.15111,0.15111,0.0,0.8161054638274817,415.16905214380773,-0.0,29.682861102795528,0.0,385.4861910410122,385.4861910410122,0.0,0.0
4699,2019-07-15 19:00:00,7,2019-07-15 20:00:00,0.15111,0.15111,0.15111,0.0,0.7085588656289473,425.87446452652534,-0.0,40.38827348551314,0.0,385.4861910410122,385.4861910410122,0.0,0.0
4700,2019-07-15 20:00:00,7,2019-07-15 21:00:00,0.15111,0.15111,0.15111,0.0,0.5622245414060736,410.9728809801348,-0.0,141.3739734280763,0.0,269.59890755205845,269.59890755205845,0.0,0.0
4701,2019-07-15 21:00:00,7,2019-07-15 22:00:00,0.12561,0.12561,0.12561,0.0,0.05,352.7054294721122,-0.0,0.0,0.0,352.7054294721122,352.7054294721122,0.0,1.0
4702,2019-07-15 22:00:00,7,2019-07-15 23:00:00,0.12561,0.12561,0.12561,0.0,0.05,277.43744737209977,-0.0,0.0,0.0,277.43744737209977,277.43744737209977,0.0,1.0
4703,2019-07-15 23:00:00,7,2019-07-16 00:00:00,0.10547,0.10547,0.10547,0.0,0.05,264.49482637921324,-27.279015452849215,0.0,0.0,291.77384183206243,291.77384183206243,0.0,1.0
4704,2019-07-16 00:00:00,7,2019-07-16 01:00:00,0.10547,0.10547,0.10547,0.0,0.13365564738873761,278.1143506553868,-0.0,0.0,0.0,278.1143506553868,278.1143506553868,0.0,1.0
4705,2019-07-16 01:00:00,7,2019-07-16 02:00:00,0.10547,0.10547,0.10547,0.0,0.13365564738873761,258.7166606584417,-93.59371707213141,0.0,0.0,352.3103777305731,352.3103777305731,0.0,1.0
4706,2019-07-16 02:00:00,7,2019-07-16 03:00:00,0.10547,0.10547,0.10547,0.0,0.420676379743274,258.51554718001285,-0.0,0.0,0.0,258.51554718001285,258.51554718001285,0.0,1.0
4707,2019-07-16 03:00:00,7,2019-07-16 04:00:00,0.10547,0.10547,0.10547,0.0,0.420676379743274,265.91891044057843,-0.0,0.0,0.0,265.91891044057843,265.91891044057843,0.0,1.0
4708,2019-07-16 04:00:00,7,2019-07-16 05:00:00,0.10547,0.10547,0.10547,0.0,0.420676379743274,271.2365115525483,-0.0,0.0,0.0,271.2365115525483,271.2365115525483,0.0,1.0
4709,2019-07-16 05:00:00,7,2019-07-16 06:00:00,0.10547,0.10547,0.10547,0.0,0.420676379743274,335.03119291385775,-0.0,0.0,0.0,335.03119291385775,335.03119291385775,0.0,1.0
4710,2019-07-16 06:00:00,7,2019-07-16 07:00:00,0.10547,0.10547,0.10547,0.0,0.420676379743274,377.995180206269,-7.491010834743179,0.0,0.0,385.4861910410122,385.4861910410122,0.0,1.0
4711,2019-07-16 07:00:00,7,2019-07-16 08:00:00,0.10547,0.10547,0.10547,0.0,0.44364881296981973,408.5751497203038,-0.0,23.08895867929158,0.0,385.4861910410122,385.4861910410122,0.0,0.0
4712,2019-07-16 08:00:00,7,2019-07-16 09:00:00,0.10547,0.10547,0.10547,0.0,0.35999316558108213,342.053573119565,-43.43261792144722,0.0,0.0,385.4861910410122,385.4861910410122,0.0,1.0
4713,2019-07-16 09:00:00,7,2019-07-16 10:00:00,0.10547,0.10547,0.10547,0.0,0.4931865272068536,299.24407246935937,-0.0,0.0,0.0,299.24407246935937,299.24407246935937,0.0,1.0
4714,2019-07-16 10:00:00,7,2019-07-16 11:00:00,0.10547,0.10547,0.10547,0.0,0.4931865272068536,300.0669894206322,-85.41920162038002,0.0,0.0,385.4861910410122,385.4861910410122,0.0,1.0
4715,2019-07-16 11:00:00,7,2019-07-16 12:00:00,0.10547,0.10547,0.10547,0.0,0.7551387455093523,305.64012979406186,-79.84606124695034,0.0,0.0,385.4861910410122,385.4861910410122,0.0,1.0
4716,2019-07-16 12:00:00,7,2019-07-16 13:00:00,0.10547,0.10547,0.10547,0.0,1.0,300.55892650235376,-0.0,0.0,0.0,300.55892650235376,300.55892650235376,0.0,1.0
4717,2019-07-16 13:00:00,7,2019-07-16 14:00:00,0.10547,0.10547,0.10547,0.0,1.0,302.6840042070634,-0.0,0.0,0.0,302.6840042070634,302.6840042070634,0.0,1.0
4718,2019-07-16 14:00:00,7,2019-07-16 15:00:00,0.12561,0.12561,0.12561,0.0,1.0,307.3683307600007,-0.0,0.0,0.0,307.3683307600007,307.3683307600007,0.0,1.0
4719,2019-07-16 15:00:00,7,2019-07-16 16:00:00,0.12561,0.12561,0.12561,0.0,1.0,346.17381706281117,-0.0,0.0,0.0,346.17381706281117,346.17381706281117,0.0,1.0
4720,2019-07-16 16:00:00,7,2019-07-16 17:00:00,0.15111,0.15111,0.15111,0.0,1.0,361.1536369019675,-0.0,0.0,0.0,361.1536369019675,361.1536369019675,0.0,1.0
4721,2019-07-16 17:00:00,7,2019-07-16 18:00:00,0.15111,0.15111,0.15111,0.0,1.0,411.32986929195016,-0.0,41.816468194882546,0.0,369.51340109706763,369.51340109706763,0.0,0.0
4722,2019-07-16 18:00:00,7,2019-07-16 19:00:00,0.15111,0.15111,0.15111,0.0,0.8484910572649184,408.15358008630056,-0.0,150.0,0.0,258.15358008630056,258.15358008630056,0.0,0.0
4723,2019-07-16 19:00:00,7,2019-07-16 20:00:00,0.15111,0.15111,0.15111,0.0,0.30501279639535306,436.9565753374394,-0.0,51.4703842964272,0.0,385.4861910410122,385.4861910410122,0.0,0.0
4724,2019-07-16 20:00:00,7,2019-07-16 21:00:00,0.15111,0.15111,0.15111,0.0,0.11852589677061687,404.39933854970246,-0.0,18.91314750869026,0.0,385.4861910410122,385.4861910410122,0.0,0.0
4725,2019-07-16 21:00:00,7,2019-07-16 22:00:00,0.12561,0.12561,0.12561,0.0,0.05,346.42612598680336,-0.0,0.0,0.0,346.42612598680336,346.42612598680336,0.0,1.0
4726,2019-07-16 22:00:00,7,2019-07-16 23:00:00,0.12561,0.12561,0.12561,0.0,0.05,278.98564269275914,-0.0,0.0,0.0,278.98564269275914,278.98564269275914,0.0,1.0
4727,2019-07-16 23:00:00,7,2019-07-17 00:00:00,0.10547,0.10547,0.10547,0.0,0.05,275.96186746307455,-0.0,0.0,0.0,275.96186746307455,275.96186746307455,0.0,1.0
4728,2019-07-17 00:00:00,7,2019-07-17 01:00:00,0.10547,0.10547,0.10547,0.0,0.05,259.951860246357,-42.69348661345275,0.0,0.0,302.64534685980976,302.64534685980976,0.0,1.0
4729,2019-07-17 01:00:00,7,2019-07-17 02:00:00,0.10547,0.10547,0.10547,0.0,0.1809266922812551,251.65038870749075,-0.0,0.0,0.0,251.65038870749075,251.65038870749075,0.0,1.0
4730,2019-07-17 02:00:00,7,2019-07-17 03:00:00,0.10547,0.10547,0.10547,0.0,0.1809266922812551,245.23070822378904,-0.0,0.0,0.0,245.23070822378904,245.23070822378904,0.0,0.0
4731,2019-07-17 03:00:00,7,2019-07-17 04:00:00,0.10547,0.10547,0.10547,0.0,0.1809266922812551,248.56044513193916,-0.0,0.0,0.0,248.56044513193916,248.56044513193916,0.0,1.0
4732,2019-07-17 04:00:00,7,2019-07-17 05:00:00,0.10547,0.10547,0.10547,0.0,0.1809266922812551,274.21515203240637,-0.0,0.0,0.0,274.21515203240637,274.21515203240637,0.0,1.0
4733,2019-07-17 05:00:00,7,2019-07-17 06:00:00,0.10547,0.10547,0.10547,0.0,0.1809266922812551,366.01124433744377,-19.474946703568435,0.0,0.0,385.4861910410122,385.4861910410122,0.0,1.0
4734,2019-07-17 06:00:00,7,2019-07-17 07:00:00,0.10547,0.10547,0.10547,0.0,0.24064986217219836,416.7694939614177,-0.0,31.283302920405504,0.0,385.4861910410122,385.4861910410122,0.0,0.0
4735,2019-07-17 07:00:00,7,2019-07-17 08:00:00,0.10547,0.10547,0.10547,0.0,0.1273045617359465,370.9840671142331,-0.0,0.0,0.0,370.9840671142331,370.9840671142331,0.0,1.0
4736,2019-07-17 08:00:00,7,2019-07-17 09:00:00,0.10547,0.10547,0.10547,0.0,0.1273045617359465,334.20898480057605,-0.0,0.0,0.0,334.20898480057605,334.20898480057605,0.0,0.0
4737,2019-07-17 09:00:00,7,2019-07-17 10:00:00,0.10547,0.10547,0.10547,0.0,0.1273045617359465,282.5227137611504,-102.96347727986182,0.0,0.0,385.4861910410122,385.4861910410122,0.0,1.0
4738,2019-07-17 10:00:00,7,2019-07-17 11:00:00,0.10547,0.10547,0.10547,0.0,0.44305922539418946,288.7167225743502,-96.76946846666203,0.0,0.0,385.4861910410122,385.4861910410122,0.0,1.0
4739,2019-07-17 11:00:00,7,2019-07-17 12:00:00,0.10547,0.10547,0.10547,0.0,0.739818928691953,293.422387261931,-0.0,0.0,0.0,293.422387261931,293.422387261931,0.0,1.0
4740,2019-07-17 12:00:00,7,2019-07-17 13:00:00,0.10547,0.10547,0.10547,0.0,0.739818928691953,297.08109920805975,-84.84165368740662,0.0,0.0,381.9227528954664,381.9227528954664,0.0,1.0
4741,2019-07-17 13:00:00,7,2019-07-17 14:00:00,0.10547,0.10547,0.10547,0.0,1.0,300.6445373536056,-0.0,0.0,0.0,300.6445373536056,300.6445373536056,0.0,1.0
4742,2019-07-17 14:00:00,7,2019-07-17 15:00:00,0.12561,0.12561,0.12561,0.0,1.0,312.27827291748656,-0.0,0.0,0.0,312.27827291748656,312.27827291748656,0.0,1.0
4743,2019-07-17 15:00:00,7,2019-07-17 16:00:00,0.12561,0.12561,0.12561,0.0,1.0,359.4891220325299,-0.0,0.0,0.0,359.4891220325299,359.4891220325299,0.0,1.0
4744,2019-07-17 16:00:00,7,2019-07-17 17:00:00,0.15111,0.15111,0.15111,0.0,1.0,387.20514424518325,-0.0,1.7189532041710436,0.0,385.4861910410122,385.4861910410122,0.0,0.0
4745,2019-07-17 17:00:00,7,2019-07-17 18:00:00,0.15111,0.15111,0.15111,0.0,0.9937719086805398,444.43379762753733,-0.0,58.947606586525126,0.0,385.4861910410122,385.4861910410122,0.0,0.0
4746,2019-07-17 18:00:00,7,2019-07-17 19:00:00,0.15111,0.15111,0.15111,0.0,0.7801936239467531,437.92967048146613,-0.0,52.44347944045393,0.0,385.4861910410122,385.4861910410122,0.0,0.0
4747,2019-07-17 19:00:00,7,2019-07-17 20:00:00,0.15111,0.15111,0.15111,0.0,0.5901810172784416,448.6255460149921,-0.0,63.13935497397989,0.0,385.4861910410122,385.4861910410122,0.0,0.0
4748,2019-07-17 20:00:00,7,2019-07-17 21:00:00,0.15111,0.15111,0.15111,0.0,0.3614152383872102,415.4323522196306,-0.0,85.95060579487001,0.0,329.4817464247606,329.4817464247606,0.0,0.0
4749,2019-07-17 21:00:00,7,2019-07-17 22:00:00,0.12561,0.12561,0.12561,0.0,0.05,345.0547631160651,-0.0,0.0,0.0,345.0547631160651,345.0547631160651,0.0,0.0
4750,2019-07-17 22:00:00,7,2019-07-17 23:00:00,0.12561,0.12561,0.12561,0.0,0.05,278.4324464565501,-0.0,0.0,0.0,278.4324464565501,278.4324464565501,0.0,1.0
4751,2019-07-17 23:00:00,7,2019-07-18 00:00:00,0.10547,0.10547,0.10547,0.0,0.05,263.1330246422589,-0.0,0.0,0.0,263.1330246422589,263.1330246422589,0.0,0.0
4752,2019-07-18 00:00:00,7,2019-07-18 01:00:00,0.10547,0.10547,0.10547,0.0,0.05,253.09510519123768,-134.42761382508138,0.0,0.0,387.52271901631906,387.52271901631906,0.0,1.0
4753,2019-07-18 01:00:00,7,2019-07-18 02:00:00,0.10547,0.10547,0.10547,0.0,0.4622446823969163,241.66497086149909,-50.45547270993728,0.0,0.0,292.12044357143634,292.12044357143634,0.0,1.0
4754,2019-07-18 02:00:00,7,2019-07-18 03:00:00,0.10547,0.10547,0.10547,0.0,0.6169747987073907,236.66461946080662,-0.0,0.0,0.0,236.66461946080662,236.66461946080662,0.0,1.0
4755,2019-07-18 03:00:00,7,2019-07-18 04:00:00,0.10547,0.10547,0.10547,0.0,0.6169747987073907,242.78600287083117,-0.0,0.0,0.0,242.78600287083117,242.78600287083117,0.0,1.0
4756,2019-07-18 04:00:00,7,2019-07-18 05:00:00,0.10547,0.10547,0.10547,0.0,0.6169747987073907,267.7038818538985,-0.0,0.0,0.0,267.7038818538985,267.7038818538985,0.0,1.0
4757,2019-07-18 05:00:00,7,2019-07-18 06:00:00,0.10547,0.10547,0.10547,0.0,0.6169747987073907,359.9748324777796,-0.0,0.0,0.0,359.9748324777796,359.9748324777796,0.0,1.0
4758,2019-07-18 06:00:00,7,2019-07-18 07:00:00,0.10547,0.10547,0.10547,0.0,0.6169747987073907,417.58831740071497,-0.0,30.065598384395898,0.0,387.52271901631906,387.52271901631906,0.0,0.0
4759,2019-07-18 07:00:00,7,2019-07-18 08:00:00,0.10547,0.10547,0.10547,0.0,0.5080414712276954,374.52033273137056,-0.0,0.0,0.0,374.52033273137056,374.52033273137056,0.0,0.0
4760,2019-07-18 08:00:00,7,2019-07-18 09:00:00,0.10547,0.10547,0.10547,0.0,0.5080414712276954,336.8389020195737,-0.0,0.0,0.0,336.8389020195737,336.8389020195737,0.0,0.0
4761,2019-07-18 09:00:00,7,2019-07-18 10:00:00,0.10547,0.10547,0.10547,0.0,0.5080414712276954,286.64559525228157,-100.87712376403752,0.0,0.0,387.5227190163191,387.5227190163191,0.0,1.0
4762,2019-07-18 10:00:00,7,2019-07-18 11:00:00,0.10547,0.10547,0.10547,0.0,0.8173979841040772,314.1075901556872,-0.0,0.0,0.0,314.1075901556872,314.1075901556872,0.0,1.0
4763,2019-07-18 11:00:00,7,2019-07-18 12:00:00,0.10547,0.10547,0.10547,0.0,0.8173979841040772,334.1586524880103,-0.0,0.0,0.0,334.1586524880103,334.1586524880103,0.0,0.0
4764,2019-07-18 12:00:00,7,2019-07-18 13:00:00,0.10547,0.10547,0.10547,0.0,0.8173979841040772,327.97858339808334,-0.0,0.0,0.0,327.97858339808334,327.97858339808334,0.0,1.0
4765,2019-07-18 13:00:00,7,2019-07-18 14:00:00,0.10547,0.10547,0.10547,0.0,0.8173979841040772,327.2149502099029,-59.54413561823569,0.0,0.0,386.7590858281386,386.7590858281386,0.0,1.0
4766,2019-07-18 14:00:00,7,2019-07-18 15:00:00,0.12561,0.12561,0.12561,0.0,1.0,327.21862833300065,-0.0,0.0,0.0,327.21862833300065,327.21862833300065,0.0,1.0
4767,2019-07-18 15:00:00,7,2019-07-18 16:00:00,0.12561,0.12561,0.12561,0.0,1.0,357.9888430120974,-0.0,0.0,0.0,357.9888430120974,357.9888430120974,0.0,1.0
4768,2019-07-18 16:00:00,7,2019-07-18 17:00:00,0.15111,0.15111,0.15111,0.0,1.0,390.59809385958323,-0.0,3.0753748432641124,0.0,387.5227190163191,387.5227190163191,0.0,0.0
4769,2019-07-18 17:00:00,7,2019-07-18 18:00:00,0.15111,0.15111,0.15111,0.0,0.9888573375244054,448.8847928853886,-0.0,61.36207386906952,0.0,387.5227190163191,387.5227190163191,0.0,0.0
4770,2019-07-18 18:00:00,7,2019-07-18 19:00:00,0.15111,0.15111,0.15111,0.0,0.766530982926327,450.98245011725953,-0.0,63.45973110094045,0.0,387.5227190163191,387.5227190163191,0.0,0.0
4771,2019-07-18 19:00:00,7,2019-07-18 20:00:00,0.15111,0.15111,0.15111,0.0,0.5366044209663979,474.2358753849738,-0.0,86.7131563686547,0.0,387.52271901631906,387.52271901631906,0.0,0.0
4772,2019-07-18 20:00:00,7,2019-07-18 21:00:00,0.15111,0.15111,0.15111,0.0,0.22242631818141703,435.1123828343902,-0.0,47.5896638180711,0.0,387.5227190163191,387.5227190163191,0.0,0.0
4773,2019-07-18 21:00:00,7,2019-07-18 22:00:00,0.12561,0.12561,0.12561,0.0,0.05,355.61256623834385,-0.0,0.0,0.0,355.61256623834385,355.61256623834385,0.0,0.0
4774,2019-07-18 22:00:00,7,2019-07-18 23:00:00,0.12561,0.12561,0.12561,0.0,0.05,277.4341112091851,-0.0,0.0,0.0,277.4341112091851,277.4341112091851,0.0,1.0
4775,2019-07-18 23:00:00,7,2019-07-19 00:00:00,0.10547,0.10547,0.10547,0.0,0.05,258.965283360667,-0.0,0.0,0.0,258.965283360667,258.965283360667,0.0,0.0
4776,2019-07-19 00:00:00,7,2019-07-19 01:00:00,0.10547,0.10547,0.10547,0.0,0.05,263.07402025938444,-10.197016436572287,0.0,0.0,273.2710366959567,273.2710366959567,0.0,1.0
4777,2019-07-19 01:00:00,7,2019-07-19 02:00:00,0.10547,0.10547,0.10547,0.0,0.08127085040548834,252.76906641273172,-136.78634994137218,0.0,0.0,389.5554163541039,389.5554163541039,0.0,1.0
4778,2019-07-19 02:00:00,7,2019-07-19 03:00:00,0.10547,0.10547,0.10547,0.0,0.5007489902256964,245.0264558520791,-0.0,0.0,0.0,245.0264558520791,245.0264558520791,0.0,0.0
4779,2019-07-19 03:00:00,7,2019-07-19 04:00:00,0.10547,0.10547,0.10547,0.0,0.5007489902256964,249.4197460051439,-0.0,0.0,0.0,249.4197460051439,249.4197460051439,0.0,1.0
4780,2019-07-19 04:00:00,7,2019-07-19 05:00:00,0.10547,0.10547,0.10547,0.0,0.5007489902256964,274.35603588876984,-0.0,0.0,0.0,274.35603588876984,274.35603588876984,0.0,1.0
4781,2019-07-19 05:00:00,7,2019-07-19 06:00:00,0.10547,0.10547,0.10547,0.0,0.5007489902256964,368.81277446596897,-0.0,0.0,0.0,368.81277446596897,368.81277446596897,0.0,0.0
4782,2019-07-19 06:00:00,7,2019-07-19 07:00:00,0.10547,0.10547,0.10547,0.0,0.5007489902256964,413.7859799921939,-0.0,24.230563638090047,0.0,389.55541635410384,389.55541635410384,0.0,0.0
4783,2019-07-19 07:00:00,7,2019-07-19 08:00:00,0.10547,0.10547,0.10547,0.0,0.4129570929862397,368.88000773805743,-0.0,0.0,0.0,368.88000773805743,368.88000773805743,0.0,0.0
4784,2019-07-19 08:00:00,7,2019-07-19 09:00:00,0.10547,0.10547,0.10547,0.0,0.4129570929862397,333.06312368913973,-0.0,0.0,0.0,333.06312368913973,333.06312368913973,0.0,0.0
4785,2019-07-19 09:00:00,7,2019-07-19 10:00:00,0.10547,0.10547,0.10547,0.0,0.4129570929862397,284.02296646090815,-105.53244989319572,0.0,0.0,389.55541635410384,389.55541635410384,0.0,1.0
4786,2019-07-19 10:00:00,7,2019-07-19 11:00:00,0.10547,0.10547,0.10547,0.0,0.7365899393253733,303.6608313515082,-85.89458500259568,0.0,0.0,389.55541635410384,389.55541635410384,0.0,1.0
4787,2019-07-19 11:00:00,7,2019-07-19 12:00:00,0.10547,0.10547,0.10547,0.0,1.0,318.4614455919914,-0.0,0.0,0.0,318.4614455919914,318.4614455919914,0.0,0.0
4788,2019-07-19 12:00:00,7,2019-07-19 13:00:00,0.10547,0.10547,0.10547,0.0,1.0,331.1370859420355,-0.0,0.0,0.0,331.1370859420355,331.1370859420355,0.0,1.0
4789,2019-07-19 13:00:00,7,2019-07-19 14:00:00,0.10547,0.10547,0.10547,0.0,1.0,331.5845400009452,-0.0,0.0,0.0,331.5845400009452,331.5845400009452,0.0,1.0
4790,2019-07-19 14:00:00,7,2019-07-19 15:00:00,0.12561,0.12561,0.12561,0.0,1.0,307.1854037906723,-0.0,0.0,0.0,307.1854037906723,307.1854037906723,0.0,1.0
4791,2019-07-19 15:00:00,7,2019-07-19 16:00:00,0.12561,0.12561,0.12561,0.0,1.0,326.8730522394718,-0.0,0.0,0.0,326.8730522394718,326.8730522394718,0.0,1.0
4792,2019-07-19 16:00:00,7,2019-07-19 17:00:00,0.15111,0.15111,0.15111,0.0,1.0,363.18699450503277,-0.0,0.0,0.0,363.18699450503277,363.18699450503277,0.0,1.0
4793,2019-07-19 17:00:00,7,2019-07-19 18:00:00,0.15111,0.15111,0.15111,0.0,1.0,434.99361498756105,-0.0,45.43819863345721,0.0,389.55541635410384,389.55541635410384,0.0,0.0
4794,2019-07-19 18:00:00,7,2019-07-19 19:00:00,0.15111,0.15111,0.15111,0.0,0.8353688455309521,457.7488486410894,-0.0,68.19343228698554,0.0,389.55541635410384,389.55541635410384,0.0,0.0
4795,2019-07-19 19:00:00,7,2019-07-19 20:00:00,0.15111,0.15111,0.15111,0.0,0.5882911923172365,482.9711925743307,-0.0,93.41577622022683,0.0,389.5554163541039,389.5554163541039,0.0,0.0
4796,2019-07-19 20:00:00,7,2019-07-19 21:00:00,0.15111,0.15111,0.15111,0.0,0.249828234997574,444.7080092134343,-0.0,55.15259285933043,0.0,389.55541635410384,389.55541635410384,0.0,0.0
4797,2019-07-19 21:00:00,7,2019-07-19 22:00:00,0.12561,0.12561,0.12561,0.0,0.05,358.12807655291425,-0.0,0.0,0.0,358.12807655291425,358.12807655291425,0.0,1.0
4798,2019-07-19 22:00:00,7,2019-07-19 23:00:00,0.12561,0.12561,0.12561,0.0,0.05,276.56720956165634,-0.0,0.0,0.0,276.56720956165634,276.56720956165634,0.0,1.0
4799,2019-07-19 23:00:00,7,2019-07-20 00:00:00,0.10547,0.10547,0.10547,0.0,0.05,256.48493317547315,-24.24505380616949,0.0,0.0,280.72998698164264,280.72998698164264,0.0,1.0
4800,2019-07-20 00:00:00,7,2019-07-20 01:00:00,0.10547,0.10547,0.10547,0.0,0.12435149833891979,262.0677558897937,-45.34638492912189,0.0,0.0,307.4141408189156,307.4141408189156,0.0,1.0
4801,2019-07-20 01:00:00,7,2019-07-20 02:00:00,0.10547,0.10547,0.10547,0.0,0.2634137454548936,252.67982298146202,-0.0,0.0,0.0,252.67982298146202,252.67982298146202,0.0,1.0
4802,2019-07-20 02:00:00,7,2019-07-20 03:00:00,0.10547,0.10547,0.10547,0.0,0.2634137454548936,250.64305188585217,-0.0,0.0,0.0,250.64305188585217,250.64305188585217,0.0,1.0
4803,2019-07-20 03:00:00,7,2019-07-20 04:00:00,0.10547,0.10547,0.10547,0.0,0.2634137454548936,258.9558027496967,-0.0,0.0,0.0,258.9558027496967,258.9558027496967,0.0,1.0
4804,2019-07-20 04:00:00,7,2019-07-20 05:00:00,0.10547,0.10547,0.10547,0.0,0.2634137454548936,280.4641317933959,-110.53810375587483,0.0,0.0,391.0022355492707,391.0022355492707,0.0,1.0
4805,2019-07-20 05:00:00,7,2019-07-20 06:00:00,0.10547,0.10547,0.10547,0.0,0.6023972636395764,368.28079303404195,-0.0,0.0,0.0,368.28079303404195,368.28079303404195,0.0,1.0
4806,2019-07-20 06:00:00,7,2019-07-20 07:00:00,0.10547,0.10547,0.10547,0.0,0.6023972636395764,410.07642989564573,-0.0,19.07419434637501,0.0,391.0022355492707,391.0022355492707,0.0,0.0
4807,2019-07-20 07:00:00,7,2019-07-20 08:00:00,0.10547,0.10547,0.10547,0.0,0.5332878638338698,362.6706989790395,-28.331536570231208,0.0,0.0,391.0022355492707,391.0022355492707,0.0,1.0
4808,2019-07-20 08:00:00,7,2019-07-20 09:00:00,0.10547,0.10547,0.10547,0.0,0.6201712426492456,352.28363303074855,-0.0,0.0,0.0,352.28363303074855,352.28363303074855,0.0,0.0
4809,2019-07-20 09:00:00,7,2019-07-20 10:00:00,0.10547,0.10547,0.10547,0.0,0.6201712426492456,311.60016830600756,-0.0,0.0,0.0,311.60016830600756,311.60016830600756,0.0,1.0
4810,2019-07-20 10:00:00,7,2019-07-20 11:00:00,0.10547,0.10547,0.10547,0.0,0.6201712426492456,330.1966712630767,-0.0,0.0,0.0,330.1966712630767,330.1966712630767,0.0,0.0
4811,2019-07-20 11:00:00,7,2019-07-20 12:00:00,0.10547,0.10547,0.10547,0.0,0.6201712426492456,318.6822911499271,-0.0,0.0,0.0,318.6822911499271,318.6822911499271,0.0,0.0
4812,2019-07-20 12:00:00,7,2019-07-20 13:00:00,0.10547,0.10547,0.10547,0.0,0.6201712426492456,327.30320587750185,-63.69902967176887,0.0,0.0,391.0022355492707,391.0022355492707,0.0,1.0
4813,2019-07-20 13:00:00,7,2019-07-20 14:00:00,0.10547,0.10547,0.10547,0.0,0.8155149336426701,330.84406173709795,-60.15817381217278,0.0,0.0,391.0022355492707,391.0022355492707,0.0,1.0
4814,2019-07-20 14:00:00,7,2019-07-20 15:00:00,0.12561,0.12561,0.12561,0.0,1.0,318.236147834264,-0.0,0.0,0.0,318.236147834264,318.236147834264,0.0,1.0
4815,2019-07-20 15:00:00,7,2019-07-20 16:00:00,0.12561,0.12561,0.12561,0.0,1.0,326.13747421737276,-0.0,0.0,0.0,326.13747421737276,326.13747421737276,0.0,1.0
4816,2019-07-20 16:00:00,7,2019-07-20 17:00:00,0.15111,0.15111,0.15111,0.0,1.0,360.82221092172875,-0.0,0.0,0.0,360.82221092172875,360.82221092172875,0.0,1.0
4817,2019-07-20 17:00:00,7,2019-07-20 18:00:00,0.15111,0.15111,0.15111,0.0,1.0,448.8735910270243,-0.0,57.87135547775362,0.0,391.0022355492707,391.0022355492707,0.0,0.0
4818,2019-07-20 18:00:00,7,2019-07-20 19:00:00,0.15111,0.15111,0.15111,0.0,0.7903211758052405,456.95900265830795,-0.0,65.95676710903724,0.0,391.0022355492707,391.0022355492707,0.0,0.0
4819,2019-07-20 19:00:00,7,2019-07-20 20:00:00,0.15111,0.15111,0.15111,0.0,0.5513473819319173,479.37124777942944,-0.0,88.36901223015873,0.0,391.0022355492707,391.0022355492707,0.0,0.0
4820,2019-07-20 20:00:00,7,2019-07-20 21:00:00,0.15111,0.15111,0.15111,0.0,0.23116980138786403,441.0051007323212,-0.0,50.002865183050474,0.0,391.0022355492707,391.0022355492707,0.0,0.0
4821,2019-07-20 21:00:00,7,2019-07-20 22:00:00,0.12561,0.12561,0.12561,0.0,0.05,356.173171099545,-0.0,0.0,0.0,356.173171099545,356.173171099545,0.0,1.0
4822,2019-07-20 22:00:00,7,2019-07-20 23:00:00,0.12561,0.12561,0.12561,0.0,0.05,274.09886572719154,-0.0,0.0,0.0,274.09886572719154,274.09886572719154,0.0,1.0
4823,2019-07-20 23:00:00,7,2019-07-21 00:00:00,0.10547,0.10547,0.10547,0.0,0.05,259.3724679193114,-0.0,0.0,0.0,259.3724679193114,259.3724679193114,0.0,0.0
4824,2019-07-21 00:00:00,7,2019-07-21 01:00:00,0.10547,0.10547,0.10547,0.0,0.05,259.7091297908705,-0.0,0.0,0.0,259.7091297908705,259.7091297908705,0.0,1.0
4825,2019-07-21 01:00:00,7,2019-07-21 02:00:00,0.10547,0.10547,0.10547,0.0,0.05,251.12056797953625,-0.0,0.0,0.0,251.12056797953625,251.12056797953625,0.0,1.0
4826,2019-07-21 02:00:00,7,2019-07-21 03:00:00,0.10547,0.10547,0.10547,0.0,0.05,248.8654964168365,-0.0,0.0,0.0,248.8654964168365,248.8654964168365,0.0,1.0
4827,2019-07-21 03:00:00,7,2019-07-21 04:00:00,0.10547,0.10547,0.10547,0.0,0.05,257.29488644254565,-98.75141774812504,0.0,0.0,356.0463041906707,356.0463041906707,0.0,1.0
4828,2019-07-21 04:00:00,7,2019-07-21 05:00:00,0.10547,0.10547,0.10547,0.0,0.3528376810942501,280.29200674578146,-0.0,0.0,0.0,280.29200674578146,280.29200674578146,0.0,1.0
4829,2019-07-21 05:00:00,7,2019-07-21 06:00:00,0.10547,0.10547,0.10547,0.0,0.3528376810942501,368.22737425576645,-0.0,0.0,0.0,368.22737425576645,368.22737425576645,0.0,1.0
4830,2019-07-21 06:00:00,7,2019-07-21 07:00:00,0.10547,0.10547,0.10547,0.0,0.3528376810942501,411.3287885502855,-0.0,20.32655300101476,0.0,391.0022355492707,391.0022355492707,0.0,0.0
4831,2019-07-21 07:00:00,7,2019-07-21 08:00:00,0.10547,0.10547,0.10547,0.0,0.27919074993115317,387.0410777303843,-0.0,0.0,0.0,387.0410777303843,387.0410777303843,0.0,1.0
4832,2019-07-21 08:00:00,7,2019-07-21 09:00:00,0.10547,0.10547,0.10547,0.0,0.27919074993115317,382.474583187977,-0.0,0.0,0.0,382.474583187977,382.474583187977,0.0,0.0
4833,2019-07-21 09:00:00,7,2019-07-21 10:00:00,0.10547,0.10547,0.10547,0.0,0.27919074993115317,286.8815424413788,-104.1206931078919,0.0,0.0,391.0022355492707,391.0022355492707,0.0,1.0
4834,2019-07-21 10:00:00,7,2019-07-21 11:00:00,0.10547,0.10547,0.10547,0.0,0.598494208795355,320.9836280445568,-70.01860750471394,0.0,0.0,391.0022355492707,391.0022355492707,0.0,1.0
4835,2019-07-21 11:00:00,7,2019-07-21 12:00:00,0.10547,0.10547,0.10547,0.0,0.8132179384764778,330.60930827668545,-0.0,0.0,0.0,330.60930827668545,330.60930827668545,0.0,0.0
4836,2019-07-21 12:00:00,7,2019-07-21 13:00:00,0.10547,0.10547,0.10547,0.0,0.8132179384764778,325.9473310297484,-0.0,0.0,0.0,325.9473310297484,325.9473310297484,0.0,1.0
4837,2019-07-21 13:00:00,7,2019-07-21 14:00:00,0.10547,0.10547,0.10547,0.0,0.8132179384764778,330.0950415742091,-60.90719397506156,0.0,0.0,391.00223554927067,391.00223554927067,0.0,1.0
4838,2019-07-21 14:00:00,7,2019-07-21 15:00:00,0.12561,0.12561,0.12561,0.0,1.0,327.0030259192811,-0.0,0.0,0.0,327.0030259192811,327.0030259192811,0.0,1.0
4839,2019-07-21 15:00:00,7,2019-07-21 16:00:00,0.12561,0.12561,0.12561,0.0,1.0,335.39937561943884,-0.0,0.0,0.0,335.39937561943884,335.39937561943884,0.0,1.0
4840,2019-07-21 16:00:00,7,2019-07-21 17:00:00,0.15111,0.15111,0.15111,0.0,1.0,390.4226703881883,-0.0,0.0,0.0,390.4226703881883,390.4226703881883,0.0,1.0
4841,2019-07-21 17:00:00,7,2019-07-21 18:00:00,0.15111,0.15111,0.15111,0.0,1.0,448.66817381679505,-0.0,57.665938267524325,0.0,391.0022355492707,391.0022355492707,0.0,0.0
4842,2019-07-21 18:00:00,7,2019-07-21 19:00:00,0.15111,0.15111,0.15111,0.0,0.7910654410596945,448.34302169105075,-0.0,57.34078614178003,0.0,391.0022355492707,391.0022355492707,0.0,0.0
4843,2019-07-21 19:00:00,7,2019-07-21 20:00:00,0.15111,0.15111,0.15111,0.0,0.5833089695315059,466.9675464554467,-0.0,108.52830188345598,0.0,358.43924457199074,358.43924457199074,0.0,0.0
4844,2019-07-21 20:00:00,7,2019-07-21 21:00:00,0.15111,0.15111,0.15111,0.0,0.19009048444652046,429.6672092565104,-0.0,38.66497370723965,0.0,391.0022355492707,391.0022355492707,0.0,0.0
4845,2019-07-21 21:00:00,7,2019-07-21 22:00:00,0.12561,0.12561,0.12561,0.0,0.05,349.09060711891556,-0.0,0.0,0.0,349.09060711891556,349.09060711891556,0.0,1.0
4846,2019-07-21 22:00:00,7,2019-07-21 23:00:00,0.12561,0.12561,0.12561,0.0,0.05,273.59701310151155,-0.0,0.0,0.0,273.59701310151155,273.59701310151155,0.0,1.0
4847,2019-07-21 23:00:00,7,2019-07-22 00:00:00,0.10547,0.10547,0.10547,0.0,0.05,259.97704032469215,-0.0,0.0,0.0,259.97704032469215,259.97704032469215,0.0,1.0
4848,2019-07-22 00:00:00,7,2019-07-22 01:00:00,0.10547,0.10547,0.10547,0.0,0.05,267.7590180792956,-123.24321746997515,0.0,0.0,391.0022355492707,391.0022355492707,0.0,1.0
4849,2019-07-22 01:00:00,7,2019-07-22 02:00:00,0.10547,0.10547,0.10547,0.0,0.42794586690792374,249.8422907463123,-0.0,0.0,0.0,249.8422907463123,249.8422907463123,0.0,0.0
4850,2019-07-22 02:00:00,7,2019-07-22 03:00:00,0.10547,0.10547,0.10547,0.0,0.42794586690792374,248.4503063859806,-142.5519291632901,0.0,0.0,391.0022355492707,391.0022355492707,0.0,1.0
4851,2019-07-22 03:00:00,7,2019-07-22 04:00:00,0.10547,0.10547,0.10547,0.0,0.8651051163420135,255.7994637562892,-0.0,0.0,0.0,255.7994637562892,255.7994637562892,0.0,1.0
4852,2019-07-22 04:00:00,7,2019-07-22 05:00:00,0.10547,0.10547,0.10547,0.0,0.8651051163420135,261.374022842422,-0.0,0.0,0.0,261.374022842422,261.374022842422,0.0,1.0
4853,2019-07-22 05:00:00,7,2019-07-22 06:00:00,0.10547,0.10547,0.10547,0.0,0.8651051163420135,330.41591463152713,-0.0,0.0,0.0,330.41591463152713,330.41591463152713,0.0,1.0
4854,2019-07-22 06:00:00,7,2019-07-22 07:00:00,0.10547,0.10547,0.10547,0.0,0.8651051163420135,371.67863191796715,-0.0,0.0,0.0,371.67863191796715,371.67863191796715,0.0,1.0
4855,2019-07-22 07:00:00,7,2019-07-22 08:00:00,0.10547,0.10547,0.10547,0.0,0.8651051163420135,411.89208217899164,-0.0,20.88984662972092,0.0,391.0022355492707,391.0022355492707,0.0,0.0
4856,2019-07-22 08:00:00,7,2019-07-22 09:00:00,0.10547,0.10547,0.10547,0.0,0.7894172662343291,399.1199455112148,-0.0,8.117709961944058,0.0,391.0022355492707,391.0022355492707,0.0,0.0
4857,2019-07-22 09:00:00,7,2019-07-22 10:00:00,0.10547,0.10547,0.10547,0.0,0.7600052736185897,303.2461295653822,-0.0,0.0,0.0,303.2461295653822,303.2461295653822,0.0,1.0
4858,2019-07-22 10:00:00,7,2019-07-22 11:00:00,0.10547,0.10547,0.10547,0.0,0.7600052736185897,300.9249685804428,-78.25914990698163,0.0,0.0,379.1841184874244,379.1841184874244,0.0,1.0
4859,2019-07-22 11:00:00,7,2019-07-22 12:00:00,0.10547,0.10547,0.10547,0.0,1.0,324.67955897631674,-0.0,0.0,0.0,324.67955897631674,324.67955897631674,0.0,1.0
4860,2019-07-22 12:00:00,7,2019-07-22 13:00:00,0.10547,0.10547,0.10547,0.0,1.0,318.76741111016423,-0.0,0.0,0.0,318.76741111016423,318.76741111016423,0.0,1.0
4861,2019-07-22 13:00:00,7,2019-07-22 14:00:00,0.10547,0.10547,0.10547,0.0,1.0,321.7355435595067,-0.0,0.0,0.0,321.7355435595067,321.7355435595067,0.0,1.0
4862,2019-07-22 14:00:00,7,2019-07-22 15:00:00,0.12561,0.12561,0.12561,0.0,1.0,332.2337291557663,-0.0,0.0,0.0,332.2337291557663,332.2337291557663,0.0,1.0
4863,2019-07-22 15:00:00,7,2019-07-22 16:00:00,0.12561,0.12561,0.12561,0.0,1.0,332.8132294034938,-0.0,0.0,0.0,332.8132294034938,332.8132294034938,0.0,1.0
4864,2019-07-22 16:00:00,7,2019-07-22 17:00:00,0.15111,0.15111,0.15111,0.0,1.0,378.51887198613247,-0.0,0.0,0.0,378.51887198613247,378.51887198613247,0.0,1.0
4865,2019-07-22 17:00:00,7,2019-07-22 18:00:00,0.15111,0.15111,0.15111,0.0,1.0,457.5851834659906,-0.0,66.58294791671989,0.0,391.0022355492707,391.0022355492707,0.0,0.0
4866,2019-07-22 18:00:00,7,2019-07-22 19:00:00,0.15111,0.15111,0.15111,0.0,0.7587574350843482,439.33812244053695,-0.0,119.41908337549263,0.0,319.91903906504433,319.91903906504433,0.0,0.0
4867,2019-07-22 19:00:00,7,2019-07-22 20:00:00,0.15111,0.15111,0.15111,0.0,0.32607959676734594,435.91961775990916,-0.0,44.917382210638436,0.0,391.0022355492707,391.0022355492707,0.0,0.0
4868,2019-07-22 20:00:00,7,2019-07-22 21:00:00,0.15111,0.15111,0.15111,0.0,0.16333545832300378,422.28282204641977,-0.0,31.280586497149045,0.0,391.0022355492707,391.0022355492707,0.0,0.0
4869,2019-07-22 21:00:00,7,2019-07-22 22:00:00,0.12561,0.12561,0.12561,0.0,0.05,358.1164528030759,-0.0,0.0,0.0,358.1164528030759,358.1164528030759,0.0,0.0
4870,2019-07-22 22:00:00,7,2019-07-22 23:00:00,0.12561,0.12561,0.12561,0.0,0.05,279.48264422494475,-0.0,0.0,0.0,279.48264422494475,279.48264422494475,0.0,1.0
4871,2019-07-22 23:00:00,7,2019-07-23 00:00:00,0.10547,0.10547,0.10547,0.0,0.05,263.85453123393506,-18.066065381555426,0.0,0.0,281.92059661549047,281.92059661549047,0.0,1.0
4872,2019-07-23 00:00:00,7,2019-07-23 01:00:00,0.10547,0.10547,0.10547,0.0,0.10540260050343664,276.689876573156,-0.0,0.0,0.0,276.689876573156,276.689876573156,0.0,1.0
4873,2019-07-23 01:00:00,7,2019-07-23 02:00:00,0.10547,0.10547,0.10547,0.0,0.10540260050343664,260.36123307184596,-0.0,0.0,0.0,260.36123307184596,260.36123307184596,0.0,1.0
4874,2019-07-23 02:00:00,7,2019-07-23 03:00:00,0.10547,0.10547,0.10547,0.0,0.10540260050343664,249.49502036739915,-141.50721518187157,0.0,0.0,391.0022355492707,391.0022355492707,0.0,1.0
4875,2019-07-23 03:00:00,7,2019-07-23 04:00:00,0.10547,0.10547,0.10547,0.0,0.5393580603945095,261.65771394756706,-74.17552080481084,0.0,0.0,335.8332347523779,335.8332347523779,0.0,1.0
4876,2019-07-23 04:00:00,7,2019-07-23 05:00:00,0.10547,0.10547,0.10547,0.0,0.7668296575292627,266.0338678220515,-0.0,0.0,0.0,266.0338678220515,266.0338678220515,0.0,0.0
4877,2019-07-23 05:00:00,7,2019-07-23 06:00:00,0.10547,0.10547,0.10547,0.0,0.7668296575292627,319.2827398704969,-0.0,0.0,0.0,319.2827398704969,319.2827398704969,0.0,1.0
4878,2019-07-23 06:00:00,7,2019-07-23 07:00:00,0.10547,0.10547,0.10547,0.0,0.7668296575292627,383.7995497180469,-0.0,0.0,0.0,383.7995497180469,383.7995497180469,0.0,1.0
4879,2019-07-23 07:00:00,7,2019-07-23 08:00:00,0.10547,0.10547,0.10547,0.0,0.7668296575292627,406.29335328821924,-0.0,15.291117738948515,0.0,391.0022355492707,391.0022355492707,0.0,0.0
4880,2019-07-23 08:00:00,7,2019-07-23 09:00:00,0.10547,0.10547,0.10547,0.0,0.7114270570258261,336.30926733996756,-0.0,0.0,0.0,336.30926733996756,336.30926733996756,0.0,0.0
4881,2019-07-23 09:00:00,7,2019-07-23 10:00:00,0.10547,0.10547,0.10547,0.0,0.7114270570258261,296.90236284030095,-94.09987270896977,0.0,0.0,391.0022355492707,391.0022355492707,0.0,1.0
4882,2019-07-23 10:00:00,7,2019-07-23 11:00:00,0.10547,0.10547,0.10547,0.0,1.0,298.36737939174145,-0.0,0.0,0.0,298.36737939174145,298.36737939174145,0.0,1.0
4883,2019-07-23 11:00:00,7,2019-07-23 12:00:00,0.10547,0.10547,0.10547,0.0,1.0,312.9497891951772,-0.0,0.0,0.0,312.9497891951772,312.9497891951772,0.0,0.0
4884,2019-07-23 12:00:00,7,2019-07-23 13:00:00,0.10547,0.10547,0.10547,0.0,1.0,304.082028702018,-0.0,0.0,0.0,304.082028702018,304.082028702018,0.0,1.0
4885,2019-07-23 13:00:00,7,2019-07-23 14:00:00,0.10547,0.10547,0.10547,0.0,1.0,317.76677676851057,-0.0,0.0,0.0,317.76677676851057,317.76677676851057,0.0,1.0
4886,2019-07-23 14:00:00,7,2019-07-23 15:00:00,0.12561,0.12561,0.12561,0.0,1.0,326.6576035738599,-0.0,0.0,0.0,326.6576035738599,326.6576035738599,0.0,1.0
4887,2019-07-23 15:00:00,7,2019-07-23 16:00:00,0.12561,0.12561,0.12561,0.0,1.0,323.9743914735644,-0.0,0.0,0.0,323.9743914735644,323.9743914735644,0.0,1.0
4888,2019-07-23 16:00:00,7,2019-07-23 17:00:00,0.15111,0.15111,0.15111,0.0,1.0,355.28061047604405,-0.0,0.0,0.0,355.28061047604405,355.28061047604405,0.0,1.0
4889,2019-07-23 17:00:00,7,2019-07-23 18:00:00,0.15111,0.15111,0.15111,0.0,1.0,444.51093995447883,-0.0,53.50870440520811,0.0,391.0022355492707,391.0022355492707,0.0,0.0
4890,2019-07-23 18:00:00,7,2019-07-23 19:00:00,0.15111,0.15111,0.15111,0.0,0.8061278825898257,450.0535787286287,-0.0,96.64938350217459,0.0,353.4041952264541,353.4041952264541,0.0,0.0
4891,2019-07-23 19:00:00,7,2019-07-23 20:00:00,0.15111,0.15111,0.15111,0.0,0.45594895685730913,469.22867650760816,-0.0,78.22644095833743,0.0,391.0022355492707,391.0022355492707,0.0,0.0
4892,2019-07-23 20:00:00,7,2019-07-23 21:00:00,0.15111,0.15111,0.15111,0.0,0.1725198229502895,424.8177066835506,-0.0,33.8154711342799,0.0,391.0022355492707,391.0022355492707,0.0,0.0
4893,2019-07-23 21:00:00,7,2019-07-23 22:00:00,0.12561,0.12561,0.12561,0.0,0.05,360.4960152621215,-0.0,0.0,0.0,360.4960152621215,360.4960152621215,0.0,1.0
4894,2019-07-23 22:00:00,7,2019-07-23 23:00:00,0.12561,0.12561,0.12561,0.0,0.05,283.91187744238863,-0.0,0.0,0.0,283.91187744238863,283.91187744238863,0.0,1.0
4895,2019-07-23 23:00:00,7,2019-07-24 00:00:00,0.10547,0.10547,0.10547,0.0,0.05,263.8093768860348,-0.0,0.0,0.0,263.8093768860348,263.8093768860348,0.0,1.0
4896,2019-07-24 00:00:00,7,2019-07-24 01:00:00,0.10547,0.10547,0.10547,0.0,0.05,254.18985275703008,-14.652625276479183,0.0,0.0,268.8424780335092,268.8424780335092,0.0,1.0
4897,2019-07-24 01:00:00,7,2019-07-24 02:00:00,0.10547,0.10547,0.10547,0.0,0.09493471751453617,245.87225213009773,-145.129983419173,0.0,0.0,391.0022355492707,391.0022355492707,0.0,1.0
4898,2019-07-24 02:00:00,7,2019-07-24 03:00:00,0.10547,0.10547,0.10547,0.0,0.54,240.15914489816936,-150.0,0.0,0.0,390.15914489816936,390.15914489816936,0.0,1.0
4899,2019-07-24 03:00:00,7,2019-07-24 04:00:00,0.10547,0.10547,0.10547,0.0,1.0,244.7423211299808,-0.0,0.0,0.0,244.7423211299808,244.7423211299808,0.0,1.0
4900,2019-07-24 04:00:00,7,2019-07-24 05:00:00,0.10547,0.10547,0.10547,0.0,1.0,264.77725961284386,-0.0,0.0,0.0,264.77725961284386,264.77725961284386,0.0,1.0
4901,2019-07-24 05:00:00,7,2019-07-24 06:00:00,0.10547,0.10547,0.10547,0.0,1.0,350.6924857311369,-0.0,0.0,0.0,350.6924857311369,350.6924857311369,0.0,1.0
4902,2019-07-24 06:00:00,7,2019-07-24 07:00:00,0.10547,0.10547,0.10547,0.0,1.0,395.1518584719078,-0.0,4.149622922637093,0.0,391.0022355492707,391.0022355492707,0.0,0.0
4903,2019-07-24 07:00:00,7,2019-07-24 08:00:00,0.10547,0.10547,0.10547,0.0,0.9849651343382715,358.7976136596925,-4.90267358534626,0.0,0.0,363.7002872450388,363.7002872450388,0.0,1.0
4904,2019-07-24 08:00:00,7,2019-07-24 09:00:00,0.10547,0.10547,0.10547,0.0,1.0,336.5563950708269,-0.0,0.0,0.0,336.5563950708269,336.5563950708269,0.0,0.0
4905,2019-07-24 09:00:00,7,2019-07-24 10:00:00,0.10547,0.10547,0.10547,0.0,1.0,284.9045151213648,-0.0,0.0,0.0,284.9045151213648,284.9045151213648,0.0,1.0
4906,2019-07-24 10:00:00,7,2019-07-24 11:00:00,0.10547,0.10547,0.10547,0.0,1.0,287.48677592086705,-0.0,0.0,0.0,287.48677592086705,287.48677592086705,0.0,1.0
4907,2019-07-24 11:00:00,7,2019-07-24 12:00:00,0.10547,0.10547,0.10547,0.0,1.0,290.43559105484974,-0.0,0.0,0.0,290.43559105484974,290.43559105484974,0.0,1.0
4908,2019-07-24 12:00:00,7,2019-07-24 13:00:00,0.10547,0.10547,0.10547,0.0,1.0,283.4405775235307,-0.0,0.0,0.0,283.4405775235307,283.4405775235307,0.0,1.0
4909,2019-07-24 13:00:00,7,2019-07-24 14:00:00,0.10547,0.10547,0.10547,0.0,1.0,288.6501962546452,-0.0,0.0,0.0,288.6501962546452,288.6501962546452,0.0,1.0
4910,2019-07-24 14:00:00,7,2019-07-24 15:00:00,0.12561,0.12561,0.12561,0.0,1.0,311.4807795847312,-0.0,0.0,0.0,311.4807795847312,311.4807795847312,0.0,1.0
4911,2019-07-24 15:00:00,7,2019-07-24 16:00:00,0.12561,0.12561,0.12561,0.0,1.0,359.14606237525277,-0.0,0.0,0.0,359.14606237525277,359.14606237525277,0.0,1.0
4912,2019-07-24 16:00:00,7,2019-07-24 17:00:00,0.15111,0.15111,0.15111,0.0,1.0,389.99932356329316,-0.0,123.66832568330163,0.0,266.3309978799915,266.3309978799915,0.0,0.0
4913,2019-07-24 17:00:00,7,2019-07-24 18:00:00,0.15111,0.15111,0.15111,0.0,0.5519263562199217,421.2895206449759,-0.0,30.28728509570516,0.0,391.0022355492707,391.0022355492707,0.0,0.0
4914,2019-07-24 18:00:00,7,2019-07-24 19:00:00,0.15111,0.15111,0.15111,0.0,0.44218981601809143,418.7272906614745,-0.0,27.72505511220379,0.0,391.0022355492707,391.0022355492707,0.0,0.0
4915,2019-07-24 19:00:00,7,2019-07-24 20:00:00,0.15111,0.15111,0.15111,0.0,0.341736717785469,444.88627833447345,-0.0,53.88404278520272,0.0,391.0022355492707,391.0022355492707,0.0,0.0
4916,2019-07-24 20:00:00,7,2019-07-24 21:00:00,0.15111,0.15111,0.15111,0.0,0.14650467870864753,417.63752687285745,-0.0,26.635291323586728,0.0,391.0022355492707,391.0022355492707,0.0,0.0
4917,2019-07-24 21:00:00,7,2019-07-24 22:00:00,0.12561,0.12561,0.12561,0.0,0.05,346.31546688370855,-0.0,0.0,0.0,346.31546688370855,346.31546688370855,0.0,1.0
4918,2019-07-24 22:00:00,7,2019-07-24 23:00:00,0.12561,0.12561,0.12561,0.0,0.05,275.74860582210994,-0.0,0.0,0.0,275.74860582210994,275.74860582210994,0.0,1.0
4919,2019-07-24 23:00:00,7,2019-07-25 00:00:00,0.10547,0.10547,0.10547,0.0,0.05,265.2205814939252,-35.375419049241586,0.0,0.0,300.5960005431668,300.5960005431668,0.0,1.0
4920,2019-07-25 00:00:00,7,2019-07-25 01:00:00,0.10547,0.10547,0.10547,0.0,0.1584846184176742,252.672070503415,-0.0,0.0,0.0,252.672070503415,252.672070503415,0.0,1.0
4921,2019-07-25 01:00:00,7,2019-07-25 02:00:00,0.10547,0.10547,0.10547,0.0,0.1584846184176742,246.1702273211101,-0.0,0.0,0.0,246.1702273211101,246.1702273211101,0.0,1.0
4922,2019-07-25 02:00:00,7,2019-07-25 03:00:00,0.10547,0.10547,0.10547,0.0,0.1584846184176742,235.11675438714744,-0.0,0.0,0.0,235.11675438714744,235.11675438714744,0.0,1.0
4923,2019-07-25 03:00:00,7,2019-07-25 04:00:00,0.10547,0.10547,0.10547,0.0,0.1584846184176742,232.82272865120933,-150.0,0.0,0.0,382.82272865120933,382.82272865120933,0.0,1.0
4924,2019-07-25 04:00:00,7,2019-07-25 05:00:00,0.10547,0.10547,0.10547,0.0,0.6184846184176742,258.1779303369213,-0.0,0.0,0.0,258.1779303369213,258.1779303369213,0.0,1.0
4925,2019-07-25 05:00:00,7,2019-07-25 06:00:00,0.10547,0.10547,0.10547,0.0,0.6184846184176742,357.0117672289617,-0.0,0.0,0.0,357.0117672289617,357.0117672289617,0.0,0.0
4926,2019-07-25 06:00:00,7,2019-07-25 07:00:00,0.10547,0.10547,0.10547,0.0,0.6184846184176742,420.9439902325488,-0.0,29.941754683278077,0.0,391.0022355492707,391.0022355492707,0.0,0.0
4927,2019-07-25 07:00:00,7,2019-07-25 08:00:00,0.10547,0.10547,0.10547,0.0,0.51,371.17508098870104,-0.0,0.0,0.0,371.17508098870104,371.17508098870104,0.0,0.0
4928,2019-07-25 08:00:00,7,2019-07-25 09:00:00,0.10547,0.10547,0.10547,0.0,0.51,337.3467184184757,-0.0,0.0,0.0,337.3467184184757,337.3467184184757,0.0,0.0
4929,2019-07-25 09:00:00,7,2019-07-25 10:00:00,0.10547,0.10547,0.10547,0.0,0.51,280.3602507616701,-51.260426472367726,0.0,0.0,331.6206772340378,331.6206772340378,0.0,1.0
4930,2019-07-25 10:00:00,7,2019-07-25 11:00:00,0.10547,0.10547,0.10547,0.0,0.6671986411819277,287.1799885403237,-0.0,0.0,0.0,287.1799885403237,287.1799885403237,0.0,1.0
4931,2019-07-25 11:00:00,7,2019-07-25 12:00:00,0.10547,0.10547,0.10547,0.0,0.6671986411819277,290.0857783019431,-0.0,0.0,0.0,290.0857783019431,290.0857783019431,0.0,0.0
4932,2019-07-25 12:00:00,7,2019-07-25 13:00:00,0.10547,0.10547,0.10547,0.0,0.6671986411819277,282.48005332598626,-108.52218222328445,0.0,0.0,391.0022355492707,391.0022355492707,0.0,1.0
4933,2019-07-25 13:00:00,7,2019-07-25 14:00:00,0.10547,0.10547,0.10547,0.0,1.0,295.65549675207615,-0.0,0.0,0.0,295.65549675207615,295.65549675207615,0.0,1.0
4934,2019-07-25 14:00:00,7,2019-07-25 15:00:00,0.12561,0.12561,0.12561,0.0,1.0,303.95783469288006,-0.0,0.0,0.0,303.95783469288006,303.95783469288006,0.0,1.0
4935,2019-07-25 15:00:00,7,2019-07-25 16:00:00,0.12561,0.12561,0.12561,0.0,1.0,356.7563993201488,-0.0,0.0,0.0,356.7563993201488,356.7563993201488,0.0,1.0
4936,2019-07-25 16:00:00,7,2019-07-25 17:00:00,0.15111,0.15111,0.15111,0.0,1.0,390.0094428058005,-0.0,0.0,0.0,390.0094428058005,390.0094428058005,0.0,1.0
4937,2019-07-25 17:00:00,7,2019-07-25 18:00:00,0.15111,0.15111,0.15111,0.0,1.0,444.9332415612286,-0.0,53.93100601195789,0.0,391.0022355492707,391.0022355492707,0.0,0.0
4938,2019-07-25 18:00:00,7,2019-07-25 19:00:00,0.15111,0.15111,0.15111,0.0,0.8045978043045005,440.75611308770794,-0.0,49.75387753843722,0.0,391.0022355492707,391.0022355492707,0.0,0.0
4939,2019-07-25 19:00:00,7,2019-07-25 20:00:00,0.15111,0.15111,0.15111,0.0,0.6243301320637858,451.3672759200726,-0.0,60.365040370801864,0.0,391.0022355492707,391.0022355492707,0.0,0.0
4940,2019-07-25 20:00:00,7,2019-07-25 21:00:00,0.15111,0.15111,0.15111,0.0,0.4056162176768226,418.9740274623916,-0.0,98.15007607880304,0.0,320.82395138358856,320.82395138358856,0.0,0.0
4941,2019-07-25 21:00:00,7,2019-07-25 22:00:00,0.12561,0.12561,0.12561,0.0,0.05,344.5650598971936,-0.0,0.0,0.0,344.5650598971936,344.5650598971936,0.0,1.0
4942,2019-07-25 22:00:00,7,2019-07-25 23:00:00,0.12561,0.12561,0.12561,0.0,0.05,278.92201500547054,-0.0,0.0,0.0,278.92201500547054,278.92201500547054,0.0,1.0
4943,2019-07-25 23:00:00,7,2019-07-26 00:00:00,0.10547,0.10547,0.10547,0.0,0.05,266.0067812989361,-36.33881717035913,0.0,0.0,302.3455984692953,302.3455984692953,0.0,1.0
4944,2019-07-26 00:00:00,7,2019-07-26 01:00:00,0.10547,0.10547,0.10547,0.0,0.16143903932243467,256.30938997370185,-115.47315271389235,0.0,0.0,371.7825426875942,371.7825426875942,0.0,1.0
4945,2019-07-26 01:00:00,7,2019-07-26 02:00:00,0.10547,0.10547,0.10547,0.0,0.5155567076450379,247.6802108136763,-0.0,0.0,0.0,247.6802108136763,247.6802108136763,0.0,1.0
4946,2019-07-26 02:00:00,7,2019-07-26 03:00:00,0.10547,0.10547,0.10547,0.0,0.5155567076450379,245.91918372907992,-0.0,0.0,0.0,245.91918372907992,245.91918372907992,0.0,1.0
4947,2019-07-26 03:00:00,7,2019-07-26 04:00:00,0.10547,0.10547,0.10547,0.0,0.5155567076450379,250.36863415022015,-0.0,0.0,0.0,250.36863415022015,250.36863415022015,0.0,1.0
4948,2019-07-26 04:00:00,7,2019-07-26 05:00:00,0.10547,0.10547,0.10547,0.0,0.5155567076450379,267.801024245974,-0.0,0.0,0.0,267.801024245974,267.801024245974,0.0,1.0
4949,2019-07-26 05:00:00,7,2019-07-26 06:00:00,0.10547,0.10547,0.10547,0.0,0.5155567076450379,358.3577642324561,-0.0,0.0,0.0,358.3577642324561,358.3577642324561,0.0,0.0
4950,2019-07-26 06:00:00,7,2019-07-26 07:00:00,0.10547,0.10547,0.10547,0.0,0.5155567076450379,421.7594104022627,-0.0,30.757174852991966,0.0,391.0022355492707,391.0022355492707,0.0,0.0
4951,2019-07-26 07:00:00,7,2019-07-26 08:00:00,0.10547,0.10547,0.10547,0.0,0.4041176683226032,372.5606048660828,-0.0,0.0,0.0,372.5606048660828,372.5606048660828,0.0,0.0
4952,2019-07-26 08:00:00,7,2019-07-26 09:00:00,0.10547,0.10547,0.10547,0.0,0.4041176683226032,336.35678387996313,-0.0,0.0,0.0,336.35678387996313,336.35678387996313,0.0,0.0
4953,2019-07-26 09:00:00,7,2019-07-26 10:00:00,0.10547,0.10547,0.10547,0.0,0.4041176683226032,283.98665557954934,-107.01557996972139,0.0,0.0,391.0022355492707,391.0022355492707,0.0,1.0
4954,2019-07-26 10:00:00,7,2019-07-26 11:00:00,0.10547,0.10547,0.10547,0.0,0.7322987802297488,289.00531643054404,-0.0,0.0,0.0,289.00531643054404,289.00531643054404,0.0,1.0
4955,2019-07-26 11:00:00,7,2019-07-26 12:00:00,0.10547,0.10547,0.10547,0.0,0.7322987802297488,291.4565950573355,-0.0,0.0,0.0,291.4565950573355,291.4565950573355,0.0,1.0
4956,2019-07-26 12:00:00,7,2019-07-26 13:00:00,0.10547,0.10547,0.10547,0.0,0.7322987802297488,290.91055264625396,-87.29387601203842,0.0,0.0,378.2044286582924,378.2044286582924,0.0,1.0
4957,2019-07-26 13:00:00,7,2019-07-26 14:00:00,0.10547,0.10547,0.10547,0.0,1.0,303.7083595372323,-0.0,0.0,0.0,303.7083595372323,303.7083595372323,0.0,1.0
4958,2019-07-26 14:00:00,7,2019-07-26 15:00:00,0.12561,0.12561,0.12561,0.0,1.0,309.6049841941523,-0.0,0.0,0.0,309.6049841941523,309.6049841941523,0.0,1.0
4959,2019-07-26 15:00:00,7,2019-07-26 16:00:00,0.12561,0.12561,0.12561,0.0,1.0,359.48961010602966,-0.0,0.0,0.0,359.48961010602966,359.48961010602966,0.0,1.0
4960,2019-07-26 16:00:00,7,2019-07-26 17:00:00,0.15111,0.15111,0.15111,0.0,1.0,390.285884291347,-0.0,0.0,0.0,390.285884291347,390.285884291347,0.0,1.0
4961,2019-07-26 17:00:00,7,2019-07-26 18:00:00,0.15111,0.15111,0.15111,0.0,1.0,444.87311669986985,-0.0,53.87088115059913,0.0,391.0022355492707,391.0022355492707,0.0,0.0
4962,2019-07-26 18:00:00,7,2019-07-26 19:00:00,0.15111,0.15111,0.15111,0.0,0.8048156480050757,447.6785970757016,-0.0,122.73026632492933,0.0,324.94833075077224,324.94833075077224,0.0,0.0
4963,2019-07-26 19:00:00,7,2019-07-26 20:00:00,0.15111,0.15111,0.15111,0.0,0.3601407700162013,454.06522138312494,-0.0,63.06298583385421,0.0,391.0022355492707,391.0022355492707,0.0,0.0
4964,2019-07-26 20:00:00,7,2019-07-26 21:00:00,0.15111,0.15111,0.15111,0.0,0.13165169090803389,413.5381022398881,-0.0,22.535866690617354,0.0,391.0022355492707,391.0022355492707,0.0,0.0
4965,2019-07-26 21:00:00,7,2019-07-26 22:00:00,0.12561,0.12561,0.12561,0.0,0.05,343.42771238719365,-0.0,0.0,0.0,343.42771238719365,343.42771238719365,0.0,1.0
4966,2019-07-26 22:00:00,7,2019-07-26 23:00:00,0.12561,0.12561,0.12561,0.0,0.05,281.4651875979294,-0.0,0.0,0.0,281.4651875979294,281.4651875979294,0.0,1.0
4967,2019-07-26 23:00:00,7,2019-07-27 00:00:00,0.10547,0.10547,0.10547,0.0,0.05,265.96107393355675,-0.0,0.0,0.0,265.96107393355675,265.96107393355675,0.0,0.0
4968,2019-07-27 00:00:00,7,2019-07-27 01:00:00,0.10547,0.10547,0.10547,0.0,0.05,258.9824621126369,-33.06063023988274,0.0,0.0,292.04309235251964,292.04309235251964,0.0,1.0
4969,2019-07-27 01:00:00,7,2019-07-27 02:00:00,0.10547,0.10547,0.10547,0.0,0.1513859327356404,249.40658484894703,-0.0,0.0,0.0,249.40658484894703,249.40658484894703,0.0,1.0
4970,2019-07-27 02:00:00,7,2019-07-27 03:00:00,0.10547,0.10547,0.10547,0.0,0.1513859327356404,247.7847334667221,-0.0,0.0,0.0,247.7847334667221,247.7847334667221,0.0,1.0
4971,2019-07-27 03:00:00,7,2019-07-27 04:00:00,0.10547,0.10547,0.10547,0.0,0.1513859327356404,254.90198421034512,-0.0,0.0,0.0,254.90198421034512,254.90198421034512,0.0,1.0
4972,2019-07-27 04:00:00,7,2019-07-27 05:00:00,0.10547,0.10547,0.10547,0.0,0.1513859327356404,273.02424899762457,-0.0,0.0,0.0,273.02424899762457,273.02424899762457,0.0,1.0
4973,2019-07-27 05:00:00,7,2019-07-27 06:00:00,0.10547,0.10547,0.10547,0.0,0.1513859327356404,363.323006302062,-0.0,0.0,0.0,363.323006302062,363.323006302062,0.0,1.0
4974,2019-07-27 06:00:00,7,2019-07-27 07:00:00,0.10547,0.10547,0.10547,0.0,0.1513859327356404,418.9847529843075,-0.0,27.982517435036755,0.0,391.0022355492707,391.0022355492707,0.0,0.0
4975,2019-07-27 07:00:00,7,2019-07-27 08:00:00,0.10547,0.10547,0.10547,0.0,0.05,371.01954157346637,-0.0,0.0,0.0,371.01954157346637,371.01954157346637,0.0,0.0
4976,2019-07-27 08:00:00,7,2019-07-27 09:00:00,0.10547,0.10547,0.10547,0.0,0.05,334.72079669306544,-0.0,0.0,0.0,334.72079669306544,334.72079669306544,0.0,0.0
4977,2019-07-27 09:00:00,7,2019-07-27 10:00:00,0.10547,0.10547,0.10547,0.0,0.05,282.9777753481179,-0.0,0.0,0.0,282.9777753481179,282.9777753481179,0.0,1.0
4978,2019-07-27 10:00:00,7,2019-07-27 11:00:00,0.10547,0.10547,0.10547,0.0,0.05,287.6564184181658,-102.76416577701413,0.0,0.0,390.4205841951799,390.4205841951799,0.0,1.0
4979,2019-07-27 11:00:00,7,2019-07-27 12:00:00,0.10547,0.10547,0.10547,0.0,0.36514344171617663,290.40966221802046,-100.59257333125026,0.0,0.0,391.0022355492707,391.0022355492707,0.0,1.0
4980,2019-07-27 12:00:00,7,2019-07-27 13:00:00,0.10547,0.10547,0.10547,0.0,0.6736273332653442,284.57636596188297,-9.513847623153683,0.0,0.0,294.0902135850366,294.0902135850366,0.0,1.0
4981,2019-07-27 13:00:00,7,2019-07-27 14:00:00,0.10547,0.10547,0.10547,0.0,0.7028031326430154,294.0902135850366,-96.9120219642341,0.0,0.0,391.0022355492707,391.0022355492707,0.0,1.0
4982,2019-07-27 14:00:00,7,2019-07-27 15:00:00,0.12561,0.12561,0.12561,0.0,1.0,299.4693589238186,-0.0,0.0,0.0,299.4693589238186,299.4693589238186,0.0,1.0
4983,2019-07-27 15:00:00,7,2019-07-27 16:00:00,0.12561,0.12561,0.12561,0.0,1.0,329.0848448960092,-0.0,0.0,0.0,329.0848448960092,329.0848448960092,0.0,1.0
4984,2019-07-27 16:00:00,7,2019-07-27 17:00:00,0.15111,0.15111,0.15111,0.0,1.0,348.9015456909972,-0.0,0.0,0.0,348.9015456909972,348.9015456909972,0.0,1.0
4985,2019-07-27 17:00:00,7,2019-07-27 18:00:00,0.15111,0.15111,0.15111,0.0,1.0,401.52878055705844,-0.0,143.4535632684264,0.0,258.0752172886321,258.0752172886321,0.0,0.0
4986,2019-07-27 18:00:00,7,2019-07-27 19:00:00,0.15111,0.15111,0.15111,0.0,0.48024071279555663,417.19940376869306,-0.0,26.197168219422338,0.0,391.0022355492707,391.0022355492707,0.0,0.0
4987,2019-07-27 19:00:00,7,2019-07-27 20:00:00,0.15111,0.15111,0.15111,0.0,0.38532343663822927,450.13797643369213,-0.0,59.13574088442141,0.0,391.0022355492707,391.0022355492707,0.0,0.0
4988,2019-07-27 20:00:00,7,2019-07-27 21:00:00,0.15111,0.15111,0.15111,0.0,0.17106350589757202,424.4157631770006,-0.0,33.41352762772988,0.0,391.0022355492707,391.0022355492707,0.0,0.0
4989,2019-07-27 21:00:00,7,2019-07-27 22:00:00,0.12561,0.12561,0.12561,0.0,0.05,353.09007006301056,-0.0,0.0,0.0,353.09007006301056,353.09007006301056,0.0,1.0
4990,2019-07-27 22:00:00,7,2019-07-27 23:00:00,0.12561,0.12561,0.12561,0.0,0.05,274.94251476719506,-0.0,0.0,0.0,274.94251476719506,274.94251476719506,0.0,1.0
4991,2019-07-27 23:00:00,7,2019-07-28 00:00:00,0.10547,0.10547,0.10547,0.0,0.05,236.96408697378698,-0.0,0.0,0.0,236.96408697378698,236.96408697378698,0.0,1.0
4992,2019-07-28 00:00:00,7,2019-07-28 01:00:00,0.10547,0.10547,0.10547,0.0,0.05,251.78734417901086,-0.0,0.0,0.0,251.78734417901086,251.78734417901086,0.0,1.0
4993,2019-07-28 01:00:00,7,2019-07-28 02:00:00,0.10547,0.10547,0.10547,0.0,0.05,242.196968324723,-144.226868344186,0.0,0.0,386.42383666890896,386.42383666890896,0.0,1.0
4994,2019-07-28 02:00:00,7,2019-07-28 03:00:00,0.10547,0.10547,0.10547,0.0,0.49229572958883705,238.77441906555728,-0.0,0.0,0.0,238.77441906555728,238.77441906555728,0.0,1.0
4995,2019-07-28 03:00:00,7,2019-07-28 04:00:00,0.10547,0.10547,0.10547,0.0,0.49229572958883705,246.0428038638637,-0.0,0.0,0.0,246.0428038638637,246.0428038638637,0.0,1.0
4996,2019-07-28 04:00:00,7,2019-07-28 05:00:00,0.10547,0.10547,0.10547,0.0,0.49229572958883705,271.3940185884405,-0.0,0.0,0.0,271.3940185884405,271.3940185884405,0.0,1.0
4997,2019-07-28 05:00:00,7,2019-07-28 06:00:00,0.10547,0.10547,0.10547,0.0,0.49229572958883705,359.1578626333235,-0.0,0.0,0.0,359.1578626333235,359.1578626333235,0.0,1.0
4998,2019-07-28 06:00:00,7,2019-07-28 07:00:00,0.10547,0.10547,0.10547,0.0,0.49229572958883705,401.4935586239604,-0.0,10.49132307468966,0.0,391.0022355492707,391.0022355492707,0.0,0.0
4999,2019-07-28 07:00:00,7,2019-07-28 08:00:00,0.10547,0.10547,0.10547,0.0,0.45428368946314984,355.13566370187027,-0.0,0.0,0.0,355.13566370187027,355.13566370187027,0.0,0.0
5000,2019-07-28 08:00:00,7,2019-07-28 09:00:00,0.10547,0.10547,0.10547,0.0,0.45428368946314984,341.7734043377609,-0.0,0.0,0.0,341.7734043377609,341.7734043377609,0.0,0.0
5001,2019-07-28 09:00:00,7,2019-07-28 10:00:00,0.10547,0.10547,0.10547,0.0,0.45428368946314984,296.41229711154796,-0.0,0.0,0.0,296.41229711154796,296.41229711154796,0.0,1.0
5002,2019-07-28 10:00:00,7,2019-07-28 11:00:00,0.10547,0.10547,0.10547,0.0,0.45428368946314984,309.6693201984771,-0.0,0.0,0.0,309.6693201984771,309.6693201984771,0.0,0.0
5003,2019-07-28 11:00:00,7,2019-07-28 12:00:00,0.10547,0.10547,0.10547,0.0,0.45428368946314984,313.2292516628194,-77.7729838864513,0.0,0.0,391.0022355492707,391.0022355492707,0.0,1.0
5004,2019-07-28 12:00:00,7,2019-07-28 13:00:00,0.10547,0.10547,0.10547,0.0,0.6927875067149338,300.3789617188245,-2.516506799036138,0.0,0.0,302.89546851786065,302.89546851786065,0.0,1.0
5005,2019-07-28 13:00:00,7,2019-07-28 14:00:00,0.10547,0.10547,0.10547,0.0,0.700504794231978,290.8242486084883,-97.66148014174632,0.0,0.0,388.4857287502346,388.4857287502346,0.0,1.0
5006,2019-07-28 14:00:00,7,2019-07-28 15:00:00,0.12561,0.12561,0.12561,0.0,1.0,271.35553281694735,-0.0,0.0,0.0,271.35553281694735,271.35553281694735,0.0,1.0
5007,2019-07-28 15:00:00,7,2019-07-28 16:00:00,0.12561,0.12561,0.12561,0.0,1.0,295.74020616146663,-0.0,0.0,0.0,295.74020616146663,295.74020616146663,0.0,1.0
5008,2019-07-28 16:00:00,7,2019-07-28 17:00:00,0.15111,0.15111,0.15111,0.0,1.0,330.7743814319865,-0.0,0.0,0.0,330.7743814319865,330.7743814319865,0.0,1.0
5009,2019-07-28 17:00:00,7,2019-07-28 18:00:00,0.15111,0.15111,0.15111,0.0,1.0,387.1098129174825,-0.0,43.74390588891955,0.0,343.3659070285629,343.3659070285629,0.0,0.0
5010,2019-07-28 18:00:00,7,2019-07-28 19:00:00,0.15111,0.15111,0.15111,0.0,0.8415075873589871,399.1719474603193,-0.0,150.0,0.0,249.1719474603193,249.1719474603193,0.0,0.0
5011,2019-07-28 19:00:00,7,2019-07-28 20:00:00,0.15111,0.15111,0.15111,0.0,0.29802932648942193,434.86873016941456,-0.0,46.38300141917995,0.0,388.4857287502346,388.4857287502346,0.0,0.0
5012,2019-07-28 20:00:00,7,2019-07-28 21:00:00,0.15111,0.15111,0.15111,0.0,0.12997497352137866,410.5588214421351,-0.0,22.073092691900513,0.0,388.4857287502346,388.4857287502346,0.0,0.0
5013,2019-07-28 21:00:00,7,2019-07-28 22:00:00,0.12561,0.12561,0.12561,0.0,0.05,341.1358979407777,-0.0,0.0,0.0,341.1358979407777,341.1358979407777,0.0,1.0
5014,2019-07-28 22:00:00,7,2019-07-28 23:00:00,0.12561,0.12561,0.12561,0.0,0.05,268.11996443198564,-0.0,0.0,0.0,268.11996443198564,268.11996443198564,0.0,1.0
5015,2019-07-28 23:00:00,7,2019-07-29 00:00:00,0.10547,0.10547,0.10547,0.0,0.05,235.2681388436739,-0.0,0.0,0.0,235.2681388436739,235.2681388436739,0.0,1.0
5016,2019-07-29 00:00:00,7,2019-07-29 01:00:00,0.10547,0.10547,0.10547,0.0,0.05,253.83709192976752,-137.16514361950317,0.0,0.0,391.0022355492707,391.0022355492707,0.0,1.0
5017,2019-07-29 01:00:00,7,2019-07-29 02:00:00,0.10547,0.10547,0.10547,0.0,0.4706397737664764,234.5283150268069,-0.0,0.0,0.0,234.5283150268069,234.5283150268069,0.0,0.0
5018,2019-07-29 02:00:00,7,2019-07-29 03:00:00,0.10547,0.10547,0.10547,0.0,0.4706397737664764,233.3798672913445,-150.0,0.0,0.0,383.3798672913445,383.3798672913445,0.0,1.0
5019,2019-07-29 03:00:00,7,2019-07-29 04:00:00,0.10547,0.10547,0.10547,0.0,0.9306397737664764,238.59791553326735,-20.100958277112852,0.0,0.0,258.6988738103802,258.6988738103802,0.0,1.0
5020,2019-07-29 04:00:00,7,2019-07-29 05:00:00,0.10547,0.10547,0.10547,0.0,0.9922827124829559,248.84894248487265,-0.0,0.0,0.0,248.84894248487265,248.84894248487265,0.0,1.0
5021,2019-07-29 05:00:00,7,2019-07-29 06:00:00,0.10547,0.10547,0.10547,0.0,0.9922827124829559,319.0326543445957,-0.0,0.0,0.0,319.0326543445957,319.0326543445957,0.0,1.0
5022,2019-07-29 06:00:00,7,2019-07-29 07:00:00,0.10547,0.10547,0.10547,0.0,0.9922827124829559,344.1367255301344,-0.0,0.0,0.0,344.1367255301344,344.1367255301344,0.0,0.0
5023,2019-07-29 07:00:00,7,2019-07-29 08:00:00,0.10547,0.10547,0.10547,0.0,0.9922827124829559,388.4857287502346,-2.516506799036108,0.0,0.0,391.0022355492707,391.0022355492707,0.0,1.0
5024,2019-07-29 08:00:00,7,2019-07-29 09:00:00,0.10547,0.10547,0.10547,0.0,1.0,347.5031484071607,-0.0,0.0,0.0,347.5031484071607,347.5031484071607,0.0,0.0
5025,2019-07-29 09:00:00,7,2019-07-29 10:00:00,0.10547,0.10547,0.10547,0.0,1.0,295.199790617309,-0.0,0.0,0.0,295.199790617309,295.199790617309,0.0,0.0
5026,2019-07-29 10:00:00,7,2019-07-29 11:00:00,0.10547,0.10547,0.10547,0.0,1.0,289.09871116761104,-0.0,0.0,0.0,289.09871116761104,289.09871116761104,0.0,0.0
5027,2019-07-29 11:00:00,7,2019-07-29 12:00:00,0.10547,0.10547,0.10547,0.0,1.0,290.59229156852115,-0.0,0.0,0.0,290.59229156852115,290.59229156852115,0.0,1.0
5028,2019-07-29 12:00:00,7,2019-07-29 13:00:00,0.10547,0.10547,0.10547,0.0,1.0,281.561237192697,-0.0,0.0,0.0,281.561237192697,281.561237192697,0.0,1.0
5029,2019-07-29 13:00:00,7,2019-07-29 14:00:00,0.10547,0.10547,0.10547,0.0,1.0,284.02282195611747,-0.0,0.0,0.0,284.02282195611747,284.02282195611747,0.0,1.0
5030,2019-07-29 14:00:00,7,2019-07-29 15:00:00,0.12561,0.12561,0.12561,0.0,1.0,287.75673434494666,-0.0,0.0,0.0,287.75673434494666,287.75673434494666,0.0,1.0
5031,2019-07-29 15:00:00,7,2019-07-29 16:00:00,0.12561,0.12561,0.12561,0.0,1.0,321.5444155263892,-0.0,0.0,0.0,321.5444155263892,321.5444155263892,0.0,1.0
5032,2019-07-29 16:00:00,7,2019-07-29 17:00:00,0.15111,0.15111,0.15111,0.0,1.0,341.6941053852387,-0.0,0.0,0.0,341.6941053852387,341.6941053852387,0.0,1.0
5033,2019-07-29 17:00:00,7,2019-07-29 18:00:00,0.15111,0.15111,0.15111,0.0,1.0,408.2395086121055,-0.0,71.60278705873776,0.0,336.63672155336775,336.63672155336775,0.0,0.0
5034,2019-07-29 18:00:00,7,2019-07-29 19:00:00,0.15111,0.15111,0.15111,0.0,0.7405696121060227,403.0229958380078,-0.0,12.020760288737051,0.0,391.0022355492707,391.0022355492707,0.0,0.0
5035,2019-07-29 19:00:00,7,2019-07-29 20:00:00,0.15111,0.15111,0.15111,0.0,0.6970161327990043,419.5786882017959,-0.0,28.576452652525177,0.0,391.0022355492707,391.0022355492707,0.0,0.0
5036,2019-07-29 20:00:00,7,2019-07-29 21:00:00,0.15111,0.15111,0.15111,0.0,0.5934782608695653,405.40733281640627,-0.0,150.00000000000003,0.0,255.40733281640624,255.40733281640624,0.0,0.0
5037,2019-07-29 21:00:00,7,2019-07-29 22:00:00,0.12561,0.12561,0.12561,0.0,0.05,353.135990916117,-0.0,0.0,0.0,353.135990916117,353.135990916117,0.0,0.0
5038,2019-07-29 22:00:00,7,2019-07-29 23:00:00,0.12561,0.12561,0.12561,0.0,0.05,298.0580291342052,-0.0,0.0,0.0,298.0580291342052,298.0580291342052,0.0,1.0
5039,2019-07-29 23:00:00,7,2019-07-30 00:00:00,0.10547,0.10547,0.10547,0.0,0.05,265.7277762276076,-14.192537679287568,0.0,0.0,279.92031390689516,279.92031390689516,0.0,1.0
5040,2019-07-30 00:00:00,7,2019-07-30 01:00:00,0.10547,0.10547,0.10547,0.0,0.09352378221648187,272.65277931474196,-0.0,0.0,0.0,272.65277931474196,272.65277931474196,0.0,1.0
5041,2019-07-30 01:00:00,7,2019-07-30 02:00:00,0.10547,0.10547,0.10547,0.0,0.09352378221648187,252.78665866797186,-138.21557688129886,0.0,0.0,391.0022355492707,391.0022355492707,0.0,1.0
5042,2019-07-30 02:00:00,7,2019-07-30 03:00:00,0.10547,0.10547,0.10547,0.0,0.5173848846524651,251.40222479840244,-12.973178587955257,0.0,0.0,264.3754033863577,264.3754033863577,0.0,1.0
5043,2019-07-30 03:00:00,7,2019-07-30 04:00:00,0.10547,0.10547,0.10547,0.0,0.5571692989888613,258.1850976560257,-0.0,0.0,0.0,258.1850976560257,258.1850976560257,0.0,1.0
5044,2019-07-30 04:00:00,7,2019-07-30 05:00:00,0.10547,0.10547,0.10547,0.0,0.5571692989888613,246.60092000216022,-144.40131554711047,0.0,0.0,391.0022355492707,391.0022355492707,0.0,1.0
5045,2019-07-30 05:00:00,7,2019-07-30 06:00:00,0.10547,0.10547,0.10547,0.0,1.0,310.44826478829435,-0.0,0.0,0.0,310.44826478829435,310.44826478829435,0.0,1.0
5046,2019-07-30 06:00:00,7,2019-07-30 07:00:00,0.10547,0.10547,0.10547,0.0,1.0,382.57487971800936,-0.0,0.0,0.0,382.57487971800936,382.57487971800936,0.0,1.0
5047,2019-07-30 07:00:00,7,2019-07-30 08:00:00,0.10547,0.10547,0.10547,0.0,1.0,403.01479944101976,-0.0,12.01256389174904,0.0,391.0022355492707,391.0022355492707,0.0,0.0
5048,2019-07-30 08:00:00,7,2019-07-30 09:00:00,0.10547,0.10547,0.10547,0.0,0.956476217783518,338.88549810846575,-14.192537679287621,0.0,0.0,353.0780357877534,353.0780357877534,0.0,1.0
5049,2019-07-30 09:00:00,7,2019-07-30 10:00:00,0.10547,0.10547,0.10547,0.0,1.0,297.3686452600135,-0.0,0.0,0.0,297.3686452600135,297.3686452600135,0.0,1.0
5050,2019-07-30 10:00:00,7,2019-07-30 11:00:00,0.10547,0.10547,0.10547,0.0,1.0,298.25884890927,-0.0,0.0,0.0,298.25884890927,298.25884890927,0.0,0.0
5051,2019-07-30 11:00:00,7,2019-07-30 12:00:00,0.10547,0.10547,0.10547,0.0,1.0,301.8048473905824,-0.0,0.0,0.0,301.8048473905824,301.8048473905824,0.0,1.0
5052,2019-07-30 12:00:00,7,2019-07-30 13:00:00,0.10547,0.10547,0.10547,0.0,1.0,287.449061140811,-0.0,0.0,0.0,287.449061140811,287.449061140811,0.0,1.0
5053,2019-07-30 13:00:00,7,2019-07-30 14:00:00,0.10547,0.10547,0.10547,0.0,1.0,299.61778300232163,-0.0,0.0,0.0,299.61778300232163,299.61778300232163,0.0,1.0
5054,2019-07-30 14:00:00,7,2019-07-30 15:00:00,0.12561,0.12561,0.12561,0.0,1.0,293.0440015283157,-0.0,0.0,0.0,293.0440015283157,293.0440015283157,0.0,1.0
5055,2019-07-30 15:00:00,7,2019-07-30 16:00:00,0.12561,0.12561,0.12561,0.0,1.0,323.02285557632155,-0.0,0.0,0.0,323.02285557632155,323.02285557632155,0.0,1.0
5056,2019-07-30 16:00:00,7,2019-07-30 17:00:00,0.15111,0.15111,0.15111,0.0,1.0,364.3893501310669,-0.0,0.0,0.0,364.3893501310669,364.3893501310669,0.0,1.0
5057,2019-07-30 17:00:00,7,2019-07-30 18:00:00,0.15111,0.15111,0.15111,0.0,1.0,445.70143686030394,-0.0,100.56417050667383,0.0,345.13726635363014,345.13726635363014,0.0,0.0
5058,2019-07-30 18:00:00,7,2019-07-30 19:00:00,0.15111,0.15111,0.15111,0.0,0.6356370633816165,450.2600131250644,-0.0,59.25777757579368,0.0,391.0022355492707,391.0022355492707,0.0,0.0
5059,2019-07-30 19:00:00,7,2019-07-30 20:00:00,0.15111,0.15111,0.15111,0.0,0.4209349707156974,468.57075892491474,-0.0,77.56852337564402,0.0,391.0022355492707,391.0022355492707,0.0,0.0
5060,2019-07-30 20:00:00,7,2019-07-30 21:00:00,0.15111,0.15111,0.15111,0.0,0.13988959616626262,415.8117640911592,-0.0,24.809528541888483,0.0,391.0022355492707,391.0022355492707,0.0,0.0
5061,2019-07-30 21:00:00,7,2019-07-30 22:00:00,0.12561,0.12561,0.12561,0.0,0.05,349.6148118380158,-0.0,0.0,0.0,349.6148118380158,349.6148118380158,0.0,1.0
5062,2019-07-30 22:00:00,7,2019-07-30 23:00:00,0.12561,0.12561,0.12561,0.0,0.05,281.0772593697148,-0.0,0.0,0.0,281.0772593697148,281.0772593697148,0.0,1.0
5063,2019-07-30 23:00:00,7,2019-07-31 00:00:00,0.10547,0.10547,0.10547,0.0,0.05,274.27239268411967,-31.753342827826764,0.0,0.0,306.02573551194644,306.02573551194644,0.0,1.0
5064,2019-07-31 00:00:00,7,2019-07-31 01:00:00,0.10547,0.10547,0.10547,0.0,0.1473769180053354,262.41704381801276,-66.14935577551715,0.0,0.0,328.5663995935299,328.5663995935299,0.0,1.0
5065,2019-07-31 01:00:00,7,2019-07-31 02:00:00,0.10547,0.10547,0.10547,0.0,0.350234942383588,251.96902178229547,-0.0,0.0,0.0,251.96902178229547,251.96902178229547,0.0,1.0
5066,2019-07-31 02:00:00,7,2019-07-31 03:00:00,0.10547,0.10547,0.10547,0.0,0.350234942383588,250.12712724860447,-140.87510830066626,0.0,0.0,391.0022355492707,391.0022355492707,0.0,1.0
5067,2019-07-31 03:00:00,7,2019-07-31 04:00:00,0.10547,0.10547,0.10547,0.0,0.7822519411722978,257.04895738425375,-0.0,0.0,0.0,257.04895738425375,257.04895738425375,0.0,1.0
5068,2019-07-31 04:00:00,7,2019-07-31 05:00:00,0.10547,0.10547,0.10547,0.0,0.7822519411722978,280.69995302141336,-0.0,0.0,0.0,280.69995302141336,280.69995302141336,0.0,1.0
5069,2019-07-31 05:00:00,7,2019-07-31 06:00:00,0.10547,0.10547,0.10547,0.0,0.7822519411722978,367.21278862916984,-0.0,0.0,0.0,367.21278862916984,367.21278862916984,0.0,1.0
5070,2019-07-31 06:00:00,7,2019-07-31 07:00:00,0.10547,0.10547,0.10547,0.0,0.7822519411722978,417.8782649187433,-0.0,26.876029369472576,0.0,391.0022355492707,391.0022355492707,0.0,0.0
5071,2019-07-31 07:00:00,7,2019-07-31 08:00:00,0.10547,0.10547,0.10547,0.0,0.6848750231669624,372.27339613241736,-0.0,0.0,0.0,372.27339613241736,372.27339613241736,0.0,0.0
5072,2019-07-31 08:00:00,7,2019-07-31 09:00:00,0.10547,0.10547,0.10547,0.0,0.6848750231669624,336.5856213984915,-0.0,0.0,0.0,336.5856213984915,336.5856213984915,0.0,0.0
5073,2019-07-31 09:00:00,7,2019-07-31 10:00:00,0.10547,0.10547,0.10547,0.0,0.6848750231669624,288.2440909298019,-102.7581446194688,0.0,0.0,391.0022355492707,391.0022355492707,0.0,1.0
5074,2019-07-31 10:00:00,7,2019-07-31 11:00:00,0.10547,0.10547,0.10547,0.0,1.0,318.85485595818335,-0.0,0.0,0.0,318.85485595818335,318.85485595818335,0.0,1.0
5075,2019-07-31 11:00:00,7,2019-07-31 12:00:00,0.10547,0.10547,0.10547,0.0,1.0,323.5328908870835,-0.0,0.0,0.0,323.5328908870835,323.5328908870835,0.0,0.0
5076,2019-07-31 12:00:00,7,2019-07-31 13:00:00,0.10547,0.10547,0.10547,0.0,1.0,307.77393074303893,-0.0,0.0,0.0,307.77393074303893,307.77393074303893,0.0,1.0
5077,2019-07-31 13:00:00,7,2019-07-31 14:00:00,0.10547,0.10547,0.10547,0.0,1.0,294.4672250915526,-0.0,0.0,0.0,294.4672250915526,294.4672250915526,0.0,1.0
5078,2019-07-31 14:00:00,7,2019-07-31 15:00:00,0.12561,0.12561,0.12561,0.0,1.0,298.89639614205953,-0.0,0.0,0.0,298.89639614205953,298.89639614205953,0.0,1.0
5079,2019-07-31 15:00:00,7,2019-07-31 16:00:00,0.12561,0.12561,0.12561,0.0,1.0,332.99391693824543,-0.0,0.0,0.0,332.99391693824543,332.99391693824543,0.0,1.0
5080,2019-07-31 16:00:00,7,2019-07-31 17:00:00,0.15111,0.15111,0.15111,0.0,1.0,363.780796369486,-0.0,0.0,0.0,363.780796369486,363.780796369486,0.0,1.0
5081,2019-07-31 17:00:00,7,2019-07-31 18:00:00,0.15111,0.15111,0.15111,0.0,1.0,423.34618918487166,-0.0,32.34395363560094,0.0,391.0022355492707,391.0022355492707,0.0,0.0
5082,2019-07-31 18:00:00,7,2019-07-31 19:00:00,0.15111,0.15111,0.15111,0.0,0.8828117621898518,455.61814866984025,-0.0,64.61591312056953,0.0,391.0022355492707,391.0022355492707,0.0,0.0
5083,2019-07-31 19:00:00,7,2019-07-31 20:00:00,0.15111,0.15111,0.15111,0.0,0.6486961349414113,487.68103579019606,-0.0,96.67880024092534,0.0,391.0022355492707,391.0022355492707,0.0,0.0
5084,2019-07-31 20:00:00,7,2019-07-31 21:00:00,0.15111,0.15111,0.15111,0.0,0.29841062682211666,449.85134450397373,-0.0,68.5613330029042,0.0,381.29001150106956,381.29001150106956,0.0,0.0
5085,2019-07-31 21:00:00,7,2019-07-31 22:00:00,0.12561,0.12561,0.12561,0.0,0.05,359.6776402674311,-0.0,0.0,0.0,359.6776402674311,359.6776402674311,0.0,1.0
5086,2019-07-31 22:00:00,7,2019-07-31 23:00:00,0.12561,0.12561,0.12561,0.0,0.05,275.9155679764291,-0.0,0.0,0.0,275.9155679764291,275.9155679764291,0.0,1.0
5087,2019-07-31 23:00:00,7,2019-08-01 00:00:00,0.10547,0.10547,0.10547,0.0,0.05,255.42259016583364,-24.086009416443336,0.0,0.0,279.508599582277,279.508599582277,0.0,1.0
5088,2019-08-01 00:00:00,8,2019-08-01 01:00:00,0.10547,0.10547,0.10547,0.0,0.12386376221042625,254.44104086630406,-0.0,0.0,0.0,254.44104086630406,254.44104086630406,0.0,1.0
5089,2019-08-01 01:00:00,8,2019-08-01 02:00:00,0.10547,0.10547,0.10547,0.0,0.12386376221042625,243.6641703400216,-0.0,0.0,0.0,243.6641703400216,243.6641703400216,0.0,1.0
5090,2019-08-01 02:00:00,8,2019-08-01 03:00:00,0.10547,0.10547,0.10547,0.0,0.12386376221042625,240.22076728689396,-0.0,0.0,0.0,240.22076728689396,240.22076728689396,0.0,1.0
5091,2019-08-01 03:00:00,8,2019-08-01 04:00:00,0.10547,0.10547,0.10547,0.0,0.12386376221042625,247.66535905925193,-0.0,0.0,0.0,247.66535905925193,247.66535905925193,0.0,1.0
5092,2019-08-01 04:00:00,8,2019-08-01 05:00:00,0.10547,0.10547,0.10547,0.0,0.12386376221042625,270.706608405795,-82.15630352120644,0.0,0.0,352.86291192700145,352.86291192700145,0.0,1.0
5093,2019-08-01 05:00:00,8,2019-08-01 06:00:00,0.10547,0.10547,0.10547,0.0,0.3758097596754593,359.7746957918361,-0.0,3.801829825686525,0.0,355.9728659661496,355.9728659661496,0.0,0.0
5094,2019-08-01 06:00:00,8,2019-08-01 07:00:00,0.10547,0.10547,0.10547,0.0,0.3620350139302183,411.38863391934836,-0.0,55.41576795319878,0.0,355.9728659661496,355.9728659661496,0.0,0.0
5095,2019-08-01 07:00:00,8,2019-08-01 08:00:00,0.10547,0.10547,0.10547,0.0,0.16125324598384588,362.7771213179429,-0.0,6.8042553517933015,0.0,355.9728659661496,355.9728659661496,0.0,0.0
5096,2019-08-01 08:00:00,8,2019-08-01 09:00:00,0.10547,0.10547,0.10547,0.0,0.1366001468831455,325.3990642149876,-0.0,0.0,0.0,325.3990642149876,325.3990642149876,0.0,0.0
5097,2019-08-01 09:00:00,8,2019-08-01 10:00:00,0.10547,0.10547,0.10547,0.0,0.1366001468831455,280.45051200387695,-75.52235396227263,0.0,0.0,355.9728659661496,355.9728659661496,0.0,1.0
5098,2019-08-01 10:00:00,8,2019-08-01 11:00:00,0.10547,0.10547,0.10547,0.0,0.36820203236744825,287.6647623107652,-68.3081036553844,0.0,0.0,355.9728659661496,355.9728659661496,0.0,1.0
5099,2019-08-01 11:00:00,8,2019-08-01 12:00:00,0.10547,0.10547,0.10547,0.0,0.5776802169106271,294.6176919130304,-0.0,0.0,0.0,294.6176919130304,294.6176919130304,0.0,0.0
5100,2019-08-01 12:00:00,8,2019-08-01 13:00:00,0.10547,0.10547,0.10547,0.0,0.5776802169106271,286.658555000263,-69.31431096588659,0.0,0.0,355.9728659661496,355.9728659661496,0.0,1.0
5101,2019-08-01 13:00:00,8,2019-08-01 14:00:00,0.10547,0.10547,0.10547,0.0,0.7902441038726793,287.57420418550157,-68.39866178064801,0.0,0.0,355.9728659661496,355.9728659661496,0.0,1.0
5102,2019-08-01 14:00:00,8,2019-08-01 15:00:00,0.12561,0.12561,0.12561,0.0,1.0,287.6205156976952,-0.0,0.0,0.0,287.6205156976952,287.6205156976952,0.0,1.0
5103,2019-08-01 15:00:00,8,2019-08-01 16:00:00,0.12561,0.12561,0.12561,0.0,1.0,329.1780415498398,-0.0,0.0,0.0,329.1780415498398,329.1780415498398,0.0,0.0
5104,2019-08-01 16:00:00,8,2019-08-01 17:00:00,0.15111,0.15111,0.15111,0.0,1.0,352.095519613077,-0.0,0.0,0.0,352.095519613077,352.095519613077,0.0,1.0
5105,2019-08-01 17:00:00,8,2019-08-01 18:00:00,0.15111,0.15111,0.15111,0.0,1.0,406.1213438645698,-0.0,50.148477898420225,0.0,355.9728659661496,355.9728659661496,0.0,0.0
5106,2019-08-01 18:00:00,8,2019-08-01 19:00:00,0.15111,0.15111,0.15111,0.0,0.8183026163100716,418.64295360303163,-0.0,62.67008763688205,0.0,355.9728659661496,355.9728659661496,0.0,0.0
5107,2019-08-01 19:00:00,8,2019-08-01 20:00:00,0.15111,0.15111,0.15111,0.0,0.5912370813938324,446.84395844960056,-0.0,90.87109248345098,0.0,355.9728659661496,355.9728659661496,0.0,0.0
5108,2019-08-01 20:00:00,8,2019-08-01 21:00:00,0.15111,0.15111,0.15111,0.0,0.2619939926856767,414.48320794739635,-0.0,58.510341981246775,0.0,355.9728659661496,355.9728659661496,0.0,0.0
5109,2019-08-01 21:00:00,8,2019-08-01 22:00:00,0.12561,0.12561,0.12561,0.0,0.05,342.72890764787763,-0.0,0.0,0.0,342.72890764787763,342.72890764787763,0.0,1.0
5110,2019-08-01 22:00:00,8,2019-08-01 23:00:00,0.12561,0.12561,0.12561,0.0,0.05,271.95590192585576,-0.0,0.0,0.0,271.95590192585576,271.95590192585576,0.0,1.0
5111,2019-08-01 23:00:00,8,2019-08-02 00:00:00,0.10547,0.10547,0.10547,0.0,0.05,245.8254489682877,-0.0,0.0,0.0,245.8254489682877,245.8254489682877,0.0,0.0
5112,2019-08-02 00:00:00,8,2019-08-02 01:00:00,0.10547,0.10547,0.10547,0.0,0.05,249.53336546862022,-0.0,0.0,0.0,249.53336546862022,249.53336546862022,0.0,1.0
5113,2019-08-02 01:00:00,8,2019-08-02 02:00:00,0.10547,0.10547,0.10547,0.0,0.05,239.3918834304433,-0.0,0.0,0.0,239.3918834304433,239.3918834304433,0.0,1.0
5114,2019-08-02 02:00:00,8,2019-08-02 03:00:00,0.10547,0.10547,0.10547,0.0,0.05,237.5622197676215,-0.0,0.0,0.0,237.5622197676215,237.5622197676215,0.0,1.0
5115,2019-08-02 03:00:00,8,2019-08-02 04:00:00,0.10547,0.10547,0.10547,0.0,0.05,244.57324844421078,-77.70772361689666,0.0,0.0,322.28097206110743,322.28097206110743,0.0,1.0
5116,2019-08-02 04:00:00,8,2019-08-02 05:00:00,0.10547,0.10547,0.10547,0.0,0.2883036857584831,271.40334578131035,-0.0,0.0,0.0,271.40334578131035,271.40334578131035,0.0,1.0
5117,2019-08-02 05:00:00,8,2019-08-02 06:00:00,0.10547,0.10547,0.10547,0.0,0.2883036857584831,356.09993795787244,-0.0,0.0,0.0,356.09993795787244,356.09993795787244,0.0,1.0
5118,2019-08-02 06:00:00,8,2019-08-02 07:00:00,0.10547,0.10547,0.10547,0.0,0.2883036857584831,401.3504407044594,-0.0,27.332042379769547,0.0,374.0183983246899,374.0183983246899,0.0,0.0
5119,2019-08-02 07:00:00,8,2019-08-02 08:00:00,0.10547,0.10547,0.10547,0.0,0.18927454670134708,352.4422903599336,-0.0,0.0,0.0,352.4422903599336,352.4422903599336,0.0,0.0
5120,2019-08-02 08:00:00,8,2019-08-02 09:00:00,0.10547,0.10547,0.10547,0.0,0.18927454670134708,327.50021913276936,-0.0,0.0,0.0,327.50021913276936,327.50021913276936,0.0,0.0
5121,2019-08-02 09:00:00,8,2019-08-02 10:00:00,0.10547,0.10547,0.10547,0.0,0.18927454670134708,281.8440616001431,-92.17433672454675,0.0,0.0,374.0183983246899,374.0183983246899,0.0,1.0
5122,2019-08-02 10:00:00,8,2019-08-02 11:00:00,0.10547,0.10547,0.10547,0.0,0.4719425126566238,286.55697624770744,-87.46142207698243,0.0,0.0,374.0183983246899,374.0183983246899,0.0,1.0
5123,2019-08-02 11:00:00,8,2019-08-02 12:00:00,0.10547,0.10547,0.10547,0.0,0.74015754035937,289.287161485354,-84.73123683933588,0.0,0.0,374.0183983246899,374.0183983246899,0.0,1.0
5124,2019-08-02 12:00:00,8,2019-08-02 13:00:00,0.10547,0.10547,0.10547,0.0,1.0,297.30504315451543,-0.0,0.0,0.0,297.30504315451543,297.30504315451543,0.0,1.0
5125,2019-08-02 13:00:00,8,2019-08-02 14:00:00,0.10547,0.10547,0.10547,0.0,1.0,305.64307563723645,-0.0,0.0,0.0,305.64307563723645,305.64307563723645,0.0,1.0
5126,2019-08-02 14:00:00,8,2019-08-02 15:00:00,0.12561,0.12561,0.12561,0.0,1.0,324.028652030876,-0.0,0.0,0.0,324.028652030876,324.028652030876,0.0,1.0
5127,2019-08-02 15:00:00,8,2019-08-02 16:00:00,0.12561,0.12561,0.12561,0.0,1.0,326.8315611778326,-0.0,0.0,0.0,326.8315611778326,326.8315611778326,0.0,1.0
5128,2019-08-02 16:00:00,8,2019-08-02 17:00:00,0.15111,0.15111,0.15111,0.0,1.0,377.9078966041645,-0.0,3.8894982794746333,0.0,374.0183983246899,374.0183983246899,0.0,0.0
5129,2019-08-02 17:00:00,8,2019-08-02 18:00:00,0.15111,0.15111,0.15111,0.0,0.9859076149294398,445.0746422992743,-0.0,71.05624397458442,0.0,374.0183983246899,374.0183983246899,0.0,0.0
5130,2019-08-02 18:00:00,8,2019-08-02 19:00:00,0.15111,0.15111,0.15111,0.0,0.7284574556012353,444.5446395951367,-0.0,70.52624127044683,0.0,374.0183983246899,374.0183983246899,0.0,0.0
5131,2019-08-02 19:00:00,8,2019-08-02 20:00:00,0.15111,0.15111,0.15111,0.0,0.4729275959257034,448.0246126911877,-0.0,74.00621436649786,0.0,374.0183983246899,374.0183983246899,0.0,0.0
5132,2019-08-02 20:00:00,8,2019-08-02 21:00:00,0.15111,0.15111,0.15111,0.0,0.2047891380760735,416.74020043368614,-0.0,42.721802108996286,0.0,374.0183983246899,374.0183983246899,0.0,0.0
5133,2019-08-02 21:00:00,8,2019-08-02 22:00:00,0.12561,0.12561,0.12561,0.0,0.05,346.85911041688576,-0.0,0.0,0.0,346.85911041688576,346.85911041688576,0.0,1.0
5134,2019-08-02 22:00:00,8,2019-08-02 23:00:00,0.12561,0.12561,0.12561,0.0,0.05,275.37597420228144,-0.0,0.0,0.0,275.37597420228144,275.37597420228144,0.0,1.0
5135,2019-08-02 23:00:00,8,2019-08-03 00:00:00,0.10547,0.10547,0.10547,0.0,0.05,254.90019675705707,-48.51591726967173,0.0,0.0,303.4161140267288,303.4161140267288,0.0,1.0
5136,2019-08-03 00:00:00,8,2019-08-03 01:00:00,0.10547,0.10547,0.10547,0.0,0.19878214629365998,260.362064321782,-0.0,0.0,0.0,260.362064321782,260.362064321782,0.0,1.0
5137,2019-08-03 01:00:00,8,2019-08-03 02:00:00,0.10547,0.10547,0.10547,0.0,0.19878214629365998,252.14915191088633,-0.0,0.0,0.0,252.14915191088633,252.14915191088633,0.0,0.0
5138,2019-08-03 02:00:00,8,2019-08-03 03:00:00,0.10547,0.10547,0.10547,0.0,0.19878214629365998,251.61111004266218,-0.0,0.0,0.0,251.61111004266218,251.61111004266218,0.0,0.0
5139,2019-08-03 03:00:00,8,2019-08-03 04:00:00,0.10547,0.10547,0.10547,0.0,0.19878214629365998,257.3555202602232,-0.0,0.0,0.0,257.3555202602232,257.3555202602232,0.0,1.0
5140,2019-08-03 04:00:00,8,2019-08-03 05:00:00,0.10547,0.10547,0.10547,0.0,0.19878214629365998,277.9706201386021,-119.41733205720203,0.0,0.0,397.38795219580413,397.38795219580413,0.0,1.0
5141,2019-08-03 05:00:00,8,2019-08-03 06:00:00,0.10547,0.10547,0.10547,0.0,0.5649952979357462,361.3925567281321,-0.0,0.0,0.0,361.3925567281321,361.3925567281321,0.0,0.0
5142,2019-08-03 06:00:00,8,2019-08-03 07:00:00,0.10547,0.10547,0.10547,0.0,0.5649952979357462,415.08227070174,-0.0,17.694318505935883,0.0,397.38795219580413,397.38795219580413,0.0,0.0
5143,2019-08-03 07:00:00,8,2019-08-03 08:00:00,0.10547,0.10547,0.10547,0.0,0.5008854482765582,371.0455921342066,-0.0,0.0,0.0,371.0455921342066,371.0455921342066,0.0,0.0
5144,2019-08-03 08:00:00,8,2019-08-03 09:00:00,0.10547,0.10547,0.10547,0.0,0.5008854482765582,336.2692098081507,-0.0,0.0,0.0,336.2692098081507,336.2692098081507,0.0,0.0
5145,2019-08-03 09:00:00,8,2019-08-03 10:00:00,0.10547,0.10547,0.10547,0.0,0.5008854482765582,287.18119693772815,-85.74120250604241,0.0,0.0,372.9223994437706,372.9223994437706,0.0,1.0
5146,2019-08-03 10:00:00,8,2019-08-03 11:00:00,0.10547,0.10547,0.10547,0.0,0.7638251359617549,290.9419903142909,-0.0,0.0,0.0,290.9419903142909,290.9419903142909,0.0,1.0
5147,2019-08-03 11:00:00,8,2019-08-03 12:00:00,0.10547,0.10547,0.10547,0.0,0.7638251359617549,299.40667847572206,-0.0,0.0,0.0,299.40667847572206,299.40667847572206,0.0,1.0
5148,2019-08-03 12:00:00,8,2019-08-03 13:00:00,0.10547,0.10547,0.10547,0.0,0.7638251359617549,311.4282016203761,-77.01354262116688,0.0,0.0,388.441744241543,388.441744241543,0.0,1.0
5149,2019-08-03 13:00:00,8,2019-08-03 14:00:00,0.10547,0.10547,0.10547,0.0,1.0,320.3744095746373,-0.0,0.0,0.0,320.3744095746373,320.3744095746373,0.0,1.0
5150,2019-08-03 14:00:00,8,2019-08-03 15:00:00,0.12561,0.12561,0.12561,0.0,1.0,320.4543143240101,-0.0,0.0,0.0,320.4543143240101,320.4543143240101,0.0,1.0
5151,2019-08-03 15:00:00,8,2019-08-03 16:00:00,0.12561,0.12561,0.12561,0.0,1.0,323.4639234890151,-0.0,0.0,0.0,323.4639234890151,323.4639234890151,0.0,1.0
5152,2019-08-03 16:00:00,8,2019-08-03 17:00:00,0.15111,0.15111,0.15111,0.0,1.0,369.16571739602114,-0.0,0.0,0.0,369.16571739602114,369.16571739602114,0.0,1.0
5153,2019-08-03 17:00:00,8,2019-08-03 18:00:00,0.15111,0.15111,0.15111,0.0,1.0,444.3347861385808,-0.0,46.946833942776685,0.0,397.38795219580413,397.38795219580413,0.0,0.0
5154,2019-08-03 18:00:00,8,2019-08-03 19:00:00,0.15111,0.15111,0.15111,0.0,0.8299027755696496,463.8230922237659,-0.0,66.4351400279618,0.0,397.38795219580413,397.38795219580413,0.0,0.0
5155,2019-08-03 19:00:00,8,2019-08-03 20:00:00,0.15111,0.15111,0.15111,0.0,0.5891957464828316,488.90715413302416,-0.0,91.51920193722005,0.0,397.38795219580413,397.38795219580413,0.0,0.0
5156,2019-08-03 20:00:00,8,2019-08-03 21:00:00,0.15111,0.15111,0.15111,0.0,0.25760443511609227,454.6867762878456,-0.0,57.29882409204147,0.0,397.38795219580413,397.38795219580413,0.0,0.0
5157,2019-08-03 21:00:00,8,2019-08-03 22:00:00,0.12561,0.12561,0.12561,0.0,0.05,365.5221254639122,-0.0,0.0,0.0,365.5221254639122,365.5221254639122,0.0,0.0
5158,2019-08-03 22:00:00,8,2019-08-03 23:00:00,0.12561,0.12561,0.12561,0.0,0.05,282.85972420860446,-0.0,0.0,0.0,282.85972420860446,282.85972420860446,0.0,1.0
5159,2019-08-03 23:00:00,8,2019-08-04 00:00:00,0.10547,0.10547,0.10547,0.0,0.05,252.59583762464348,-29.091841830966903,0.0,0.0,281.68767945561035,281.68767945561035,0.0,1.0
5160,2019-08-04 00:00:00,8,2019-08-04 01:00:00,0.10547,0.10547,0.10547,0.0,0.13921498161496518,264.831362257522,-0.0,0.0,0.0,264.831362257522,264.831362257522,0.0,1.0
5161,2019-08-04 01:00:00,8,2019-08-04 02:00:00,0.10547,0.10547,0.10547,0.0,0.13921498161496518,255.22966863448343,-83.47227160509522,0.0,0.0,338.7019402395787,338.7019402395787,0.0,1.0
5162,2019-08-04 02:00:00,8,2019-08-04 03:00:00,0.10547,0.10547,0.10547,0.0,0.39519661453725724,246.3788963607904,-0.0,0.0,0.0,246.3788963607904,246.3788963607904,0.0,0.0
5163,2019-08-04 03:00:00,8,2019-08-04 04:00:00,0.10547,0.10547,0.10547,0.0,0.39519661453725724,253.215489215502,0.0,0.0,0.0,253.215489215502,253.215489215502,0.0,0.0
5164,2019-08-04 04:00:00,8,2019-08-04 05:00:00,0.10547,0.10547,0.10547,0.0,0.39519661453725724,274.0573221840176,-123.33063001178652,0.0,0.0,397.38795219580413,397.38795219580413,0.0,1.0
5165,2019-08-04 05:00:00,8,2019-08-04 06:00:00,0.10547,0.10547,0.10547,0.0,0.7734105465734026,360.9639811745275,-36.42397102127666,0.0,0.0,397.38795219580413,397.38795219580413,0.0,1.0
5166,2019-08-04 06:00:00,8,2019-08-04 07:00:00,0.10547,0.10547,0.10547,0.0,0.8851107243719843,422.0112871215345,-0.0,24.623334925730376,0.0,397.38795219580413,397.38795219580413,0.0,0.0
5167,2019-08-04 07:00:00,8,2019-08-04 08:00:00,0.10547,0.10547,0.10547,0.0,0.7958957427570192,371.55002034527297,-0.0,0.0,0.0,371.55002034527297,371.55002034527297,0.0,0.0
5168,2019-08-04 08:00:00,8,2019-08-04 09:00:00,0.10547,0.10547,0.10547,0.0,0.7958957427570192,337.5110311695541,-0.0,0.0,0.0,337.5110311695541,337.5110311695541,0.0,0.0
5169,2019-08-04 09:00:00,8,2019-08-04 10:00:00,0.10547,0.10547,0.10547,0.0,0.7958957427570192,305.7214631086192,-0.0,0.0,0.0,305.7214631086192,305.7214631086192,0.0,1.0
5170,2019-08-04 10:00:00,8,2019-08-04 11:00:00,0.10547,0.10547,0.10547,0.0,0.7958957427570192,325.7468074756503,-0.0,0.0,0.0,325.7468074756503,325.7468074756503,0.0,0.0
5171,2019-08-04 11:00:00,8,2019-08-04 12:00:00,0.10547,0.10547,0.10547,0.0,0.7958957427570192,339.97616921369644,-0.0,0.0,0.0,339.97616921369644,339.97616921369644,0.0,1.0
5172,2019-08-04 12:00:00,8,2019-08-04 13:00:00,0.10547,0.10547,0.10547,0.0,0.7958957427570192,330.8322161383104,-0.3703062308090303,0.0,0.0,331.20252236911944,331.20252236911944,0.0,1.0
5173,2019-08-04 13:00:00,8,2019-08-04 14:00:00,0.10547,0.10547,0.10547,0.0,0.7970313485315003,331.20252236911944,-66.1854298266847,0.0,0.0,397.38795219580413,397.38795219580413,0.0,1.0
5174,2019-08-04 14:00:00,8,2019-08-04 15:00:00,0.12561,0.12561,0.12561,0.0,1.0,304.3546940398521,-0.0,0.0,0.0,304.3546940398521,304.3546940398521,0.0,0.0
5175,2019-08-04 15:00:00,8,2019-08-04 16:00:00,0.12561,0.12561,0.12561,0.0,1.0,326.9474825157532,-0.0,0.0,0.0,326.9474825157532,326.9474825157532,0.0,1.0
5176,2019-08-04 16:00:00,8,2019-08-04 17:00:00,0.15111,0.15111,0.15111,0.0,1.0,361.70181425050987,-0.0,0.0,0.0,361.70181425050987,361.70181425050987,0.0,1.0
5177,2019-08-04 17:00:00,8,2019-08-04 18:00:00,0.15111,0.15111,0.15111,0.0,1.0,437.5644072215908,-0.0,40.17645502578665,0.0,397.38795219580413,397.38795219580413,0.0,0.0
5178,2019-08-04 18:00:00,8,2019-08-04 19:00:00,0.15111,0.15111,0.15111,0.0,0.8544331339645411,456.9103640613969,-0.0,59.522411865592744,0.0,397.38795219580413,397.38795219580413,0.0,0.0
5179,2019-08-04 19:00:00,8,2019-08-04 20:00:00,0.15111,0.15111,0.15111,0.0,0.6387722214080457,487.2387438255076,-0.0,107.08999774388528,0.0,380.14874608162233,380.14874608162233,0.0,0.0
5180,2019-08-04 20:00:00,8,2019-08-04 21:00:00,0.15111,0.15111,0.15111,0.0,0.25076498320556284,452.7990875605395,-0.0,55.411135364735344,0.0,397.38795219580413,397.38795219580413,0.0,0.0
5181,2019-08-04 21:00:00,8,2019-08-04 22:00:00,0.12561,0.12561,0.12561,0.0,0.05,366.9503529731655,-0.0,0.0,0.0,366.9503529731655,366.9503529731655,0.0,1.0
5182,2019-08-04 22:00:00,8,2019-08-04 23:00:00,0.12561,0.12561,0.12561,0.0,0.05,284.79662305768994,-0.0,0.0,0.0,284.79662305768994,284.79662305768994,0.0,1.0
5183,2019-08-04 23:00:00,8,2019-08-05 00:00:00,0.10547,0.10547,0.10547,0.0,0.05,249.751963067829,-0.0,0.0,0.0,249.751963067829,249.751963067829,0.0,0.0
5184,2019-08-05 00:00:00,8,2019-08-05 01:00:00,0.10547,0.10547,0.10547,0.0,0.05,270.14602640745653,-9.782608695652174,0.0,0.0,279.9286351031087,279.9286351031087,0.0,1.0
5185,2019-08-05 01:00:00,8,2019-08-05 02:00:00,0.10547,0.10547,0.10547,0.0,0.08,245.7538777235493,-150.0,0.0,0.0,395.7538777235493,395.7538777235493,0.0,1.0
5186,2019-08-05 02:00:00,8,2019-08-05 03:00:00,0.10547,0.10547,0.10547,0.0,0.54,238.43188743341562,-150.0,0.0,0.0,388.4318874334156,388.4318874334156,0.0,1.0
5187,2019-08-05 03:00:00,8,2019-08-05 04:00:00,0.10547,0.10547,0.10547,0.0,1.0,241.64830339561627,-0.0,0.0,0.0,241.64830339561627,241.64830339561627,0.0,1.0
5188,2019-08-05 04:00:00,8,2019-08-05 05:00:00,0.10547,0.10547,0.10547,0.0,1.0,247.3378327469968,-0.0,0.0,0.0,247.3378327469968,247.3378327469968,0.0,1.0
5189,2019-08-05 05:00:00,8,2019-08-05 06:00:00,0.10547,0.10547,0.10547,0.0,1.0,324.2576005854381,-0.0,0.0,0.0,324.2576005854381,324.2576005854381,0.0,1.0
5190,2019-08-05 06:00:00,8,2019-08-05 07:00:00,0.10547,0.10547,0.10547,0.0,1.0,372.5529833044135,-0.0,0.0,0.0,372.5529833044135,372.5529833044135,0.0,1.0
5191,2019-08-05 07:00:00,8,2019-08-05 08:00:00,0.10547,0.10547,0.10547,0.0,1.0,411.064156982268,-0.0,13.67620478646387,0.0,397.38795219580413,397.38795219580413,0.0,0.0
5192,2019-08-05 08:00:00,8,2019-08-05 09:00:00,0.10547,0.10547,0.10547,0.0,0.9504485333823773,351.1807835247681,-0.0,0.0,0.0,351.1807835247681,351.1807835247681,0.0,1.0
5193,2019-08-05 09:00:00,8,2019-08-05 10:00:00,0.10547,0.10547,0.10547,0.0,0.9504485333823773,309.70789820908004,-0.0,0.0,0.0,309.70789820908004,309.70789820908004,0.0,1.0
5194,2019-08-05 10:00:00,8,2019-08-05 11:00:00,0.10547,0.10547,0.10547,0.0,0.9504485333823773,329.30298337622474,-0.0,0.0,0.0,329.30298337622474,329.30298337622474,0.0,1.0
5195,2019-08-05 11:00:00,8,2019-08-05 12:00:00,0.10547,0.10547,0.10547,0.0,0.9504485333823773,337.2879252952603,-0.0,0.0,0.0,337.2879252952603,337.2879252952603,0.0,1.0
5196,2019-08-05 12:00:00,8,2019-08-05 13:00:00,0.10547,0.10547,0.10547,0.0,0.9504485333823773,328.03829435767256,-0.0,0.0,0.0,328.03829435767256,328.03829435767256,0.0,1.0
5197,2019-08-05 13:00:00,8,2019-08-05 14:00:00,0.10547,0.10547,0.10547,0.0,0.9504485333823773,329.24593308786064,-16.158086940529127,0.0,0.0,345.40402002838977,345.40402002838977,0.0,1.0
5198,2019-08-05 14:00:00,8,2019-08-05 15:00:00,0.12561,0.12561,0.12561,0.0,1.0,328.9018861214511,-0.0,0.0,0.0,328.9018861214511,328.9018861214511,0.0,1.0
5199,2019-08-05 15:00:00,8,2019-08-05 16:00:00,0.12561,0.12561,0.12561,0.0,1.0,353.0774706072202,-0.0,0.0,0.0,353.0774706072202,353.0774706072202,0.0,1.0
5200,2019-08-05 16:00:00,8,2019-08-05 17:00:00,0.15111,0.15111,0.15111,0.0,1.0,370.8492321947623,-0.0,148.73243565556297,0.0,222.11679653919933,222.11679653919933,0.0,0.0
5201,2019-08-05 17:00:00,8,2019-08-05 18:00:00,0.15111,0.15111,0.15111,0.0,0.46111436356680086,425.714060732409,-0.0,28.326108536604863,0.0,397.38795219580413,397.38795219580413,0.0,0.0
5202,2019-08-05 18:00:00,8,2019-08-05 19:00:00,0.15111,0.15111,0.15111,0.0,0.3584835355356238,420.6501243015008,-0.0,23.262172105696663,0.0,397.38795219580413,397.38795219580413,0.0,0.0
5203,2019-08-05 19:00:00,8,2019-08-05 20:00:00,0.15111,0.15111,0.15111,0.0,0.27420030326860695,432.5459280344137,-0.0,35.15797583860956,0.0,397.38795219580413,397.38795219580413,0.0,0.0
5204,2019-08-05 20:00:00,8,2019-08-05 21:00:00,0.15111,0.15111,0.15111,0.0,0.1468163328388622,424.1092600593301,-0.0,26.721307863525965,0.0,397.38795219580413,397.38795219580413,0.0,0.0
5205,2019-08-05 21:00:00,8,2019-08-05 22:00:00,0.12561,0.12561,0.12561,0.0,0.05,365.79601050345656,-0.0,0.0,0.0,365.79601050345656,365.79601050345656,0.0,1.0
5206,2019-08-05 22:00:00,8,2019-08-05 23:00:00,0.12561,0.12561,0.12561,0.0,0.05,277.8248125840298,-0.0,0.0,0.0,277.8248125840298,277.8248125840298,0.0,1.0
5207,2019-08-05 23:00:00,8,2019-08-06 00:00:00,0.10547,0.10547,0.10547,0.0,0.05,237.48510516855566,-0.0,0.0,0.0,237.48510516855566,237.48510516855566,0.0,1.0
5208,2019-08-06 00:00:00,8,2019-08-06 01:00:00,0.10547,0.10547,0.10547,0.0,0.05,267.06386549108936,-128.7549225132973,0.0,0.0,395.81878800438665,395.81878800438665,0.0,1.0
5209,2019-08-06 01:00:00,8,2019-08-06 02:00:00,0.10547,0.10547,0.10547,0.0,0.4448484290407784,249.53840268103062,-0.0,0.0,0.0,249.53840268103062,249.53840268103062,0.0,0.0
5210,2019-08-06 02:00:00,8,2019-08-06 03:00:00,0.10547,0.10547,0.10547,0.0,0.4448484290407784,250.96437521838348,-144.85441278600317,0.0,0.0,395.81878800438665,395.81878800438665,0.0,1.0
5211,2019-08-06 03:00:00,8,2019-08-06 04:00:00,0.10547,0.10547,0.10547,0.0,0.889068628251188,261.8998356039668,-0.0,0.0,0.0,261.8998356039668,261.8998356039668,0.0,1.0
5212,2019-08-06 04:00:00,8,2019-08-06 05:00:00,0.10547,0.10547,0.10547,0.0,0.889068628251188,272.36160363208074,-0.0,0.0,0.0,272.36160363208074,272.36160363208074,0.0,1.0
5213,2019-08-06 05:00:00,8,2019-08-06 06:00:00,0.10547,0.10547,0.10547,0.0,0.889068628251188,329.4067727105509,-0.0,0.0,0.0,329.4067727105509,329.4067727105509,0.0,1.0
5214,2019-08-06 06:00:00,8,2019-08-06 07:00:00,0.10547,0.10547,0.10547,0.0,0.889068628251188,369.664703682261,-0.0,0.0,0.0,369.664703682261,369.664703682261,0.0,0.0
5215,2019-08-06 07:00:00,8,2019-08-06 08:00:00,0.10547,0.10547,0.10547,0.0,0.889068628251188,395.81878800438665,-0.0,0.0,0.0,395.81878800438665,395.81878800438665,0.0,1.0
5216,2019-08-06 08:00:00,8,2019-08-06 09:00:00,0.10547,0.10547,0.10547,0.0,0.889068628251188,347.3209748662407,-36.17327339635173,0.0,0.0,383.49424826259246,383.49424826259246,0.0,1.0
5217,2019-08-06 09:00:00,8,2019-08-06 10:00:00,0.10547,0.10547,0.10547,0.0,1.0,308.7039418055774,-0.0,0.0,0.0,308.7039418055774,308.7039418055774,0.0,1.0
5218,2019-08-06 10:00:00,8,2019-08-06 11:00:00,0.10547,0.10547,0.10547,0.0,1.0,309.9242785070304,-0.0,0.0,0.0,309.9242785070304,309.9242785070304,0.0,1.0
5219,2019-08-06 11:00:00,8,2019-08-06 12:00:00,0.10547,0.10547,0.10547,0.0,1.0,322.4795784477344,-0.0,0.0,0.0,322.4795784477344,322.4795784477344,0.0,1.0
5220,2019-08-06 12:00:00,8,2019-08-06 13:00:00,0.10547,0.10547,0.10547,0.0,1.0,320.21437951895194,-0.0,0.0,0.0,320.21437951895194,320.21437951895194,0.0,1.0
5221,2019-08-06 13:00:00,8,2019-08-06 14:00:00,0.10547,0.10547,0.10547,0.0,1.0,308.9741856776505,-0.0,0.0,0.0,308.9741856776505,308.9741856776505,0.0,1.0
5222,2019-08-06 14:00:00,8,2019-08-06 15:00:00,0.12561,0.12561,0.12561,0.0,1.0,316.67894428210866,-0.0,0.0,0.0,316.67894428210866,316.67894428210866,0.0,1.0
5223,2019-08-06 15:00:00,8,2019-08-06 16:00:00,0.12561,0.12561,0.12561,0.0,1.0,356.01930120980904,-0.0,0.0,0.0,356.01930120980904,356.01930120980904,0.0,1.0
5224,2019-08-06 16:00:00,8,2019-08-06 17:00:00,0.15111,0.15111,0.15111,0.0,1.0,387.6366993950653,-0.0,0.0,0.0,387.6366993950653,387.6366993950653,0.0,1.0
5225,2019-08-06 17:00:00,8,2019-08-06 18:00:00,0.15111,0.15111,0.15111,0.0,1.0,427.6929179334393,-0.0,79.31714166930556,0.0,348.3757762641337,348.3757762641337,0.0,0.0
5226,2019-08-06 18:00:00,8,2019-08-06 19:00:00,0.15111,0.15111,0.15111,0.0,0.712619051922806,420.8829316633341,-0.0,23.49497946752996,0.0,397.38795219580413,397.38795219580413,0.0,0.0
5227,2019-08-06 19:00:00,8,2019-08-06 20:00:00,0.15111,0.15111,0.15111,0.0,0.6274923147216105,440.1399747294238,-0.0,150.00000000000003,0.0,290.1399747294238,290.1399747294238,0.0,0.0
5228,2019-08-06 20:00:00,8,2019-08-06 21:00:00,0.15111,0.15111,0.15111,0.0,0.08401405385204519,406.7758310589686,-0.0,9.387878863164474,0.0,397.38795219580413,397.38795219580413,0.0,0.0
5229,2019-08-06 21:00:00,8,2019-08-06 22:00:00,0.12561,0.12561,0.12561,0.0,0.05,350.3311896153558,-0.0,0.0,0.0,350.3311896153558,350.3311896153558,0.0,1.0
5230,2019-08-06 22:00:00,8,2019-08-06 23:00:00,0.12561,0.12561,0.12561,0.0,0.05,281.7885162051563,-0.0,0.0,0.0,281.7885162051563,281.7885162051563,0.0,1.0
5231,2019-08-06 23:00:00,8,2019-08-07 00:00:00,0.10547,0.10547,0.10547,0.0,0.05,262.67653001010234,-7.326340161600857,0.0,0.0,270.0028701717032,270.0028701717032,0.0,1.0
5232,2019-08-07 00:00:00,8,2019-08-07 01:00:00,0.10547,0.10547,0.10547,0.0,0.07246744316224264,259.7647397022802,-0.0,0.0,0.0,259.7647397022802,259.7647397022802,0.0,1.0
5233,2019-08-07 01:00:00,8,2019-08-07 02:00:00,0.10547,0.10547,0.10547,0.0,0.07246744316224264,251.10539018933665,-0.0,0.0,0.0,251.10539018933665,251.10539018933665,0.0,1.0
5234,2019-08-07 02:00:00,8,2019-08-07 03:00:00,0.10547,0.10547,0.10547,0.0,0.07246744316224264,250.53782573512174,-146.8501264606824,0.0,0.0,397.38795219580413,397.38795219580413,0.0,1.0
5235,2019-08-07 03:00:00,8,2019-08-07 04:00:00,0.10547,0.10547,0.10547,0.0,0.522807830975002,254.93342197904462,-124.07145508502569,0.0,0.0,379.00487706407034,379.00487706407034,0.0,1.0
5236,2019-08-07 04:00:00,8,2019-08-07 05:00:00,0.10547,0.10547,0.10547,0.0,0.9032936265690807,281.03819622454495,-0.0,0.0,0.0,281.03819622454495,281.03819622454495,0.0,1.0
5237,2019-08-07 05:00:00,8,2019-08-07 06:00:00,0.10547,0.10547,0.10547,0.0,0.9032936265690807,365.85326520746094,-31.534686988343196,0.0,0.0,397.38795219580413,397.38795219580413,0.0,1.0
5238,2019-08-07 06:00:00,8,2019-08-07 07:00:00,0.10547,0.10547,0.10547,0.0,1.0,403.5889665085831,-0.0,6.201014312778966,0.0,397.38795219580413,397.38795219580413,0.0,0.0
5239,2019-08-07 07:00:00,8,2019-08-07 08:00:00,0.10547,0.10547,0.10547,0.0,0.9775325568377574,362.4565393073266,-7.326340161600836,0.0,0.0,369.7828794689274,369.7828794689274,0.0,1.0
5240,2019-08-07 08:00:00,8,2019-08-07 09:00:00,0.10547,0.10547,0.10547,0.0,1.0,361.1165412228292,-0.0,0.0,0.0,361.1165412228292,361.1165412228292,0.0,0.0
5241,2019-08-07 09:00:00,8,2019-08-07 10:00:00,0.10547,0.10547,0.10547,0.0,1.0,336.489980976427,-0.0,0.0,0.0,336.489980976427,336.489980976427,0.0,1.0
5242,2019-08-07 10:00:00,8,2019-08-07 11:00:00,0.10547,0.10547,0.10547,0.0,1.0,340.83784648591353,-0.0,0.0,0.0,340.83784648591353,340.83784648591353,0.0,0.0
5243,2019-08-07 11:00:00,8,2019-08-07 12:00:00,0.10547,0.10547,0.10547,0.0,1.0,322.41983254058204,-0.0,0.0,0.0,322.41983254058204,322.41983254058204,0.0,0.0
5244,2019-08-07 12:00:00,8,2019-08-07 13:00:00,0.10547,0.10547,0.10547,0.0,1.0,321.67950964685946,-0.0,0.0,0.0,321.67950964685946,321.67950964685946,0.0,1.0
5245,2019-08-07 13:00:00,8,2019-08-07 14:00:00,0.10547,0.10547,0.10547,0.0,1.0,322.08256600748035,-0.0,0.0,0.0,322.08256600748035,322.08256600748035,0.0,1.0
5246,2019-08-07 14:00:00,8,2019-08-07 15:00:00,0.12561,0.12561,0.12561,0.0,1.0,300.2317907391834,-0.0,0.0,0.0,300.2317907391834,300.2317907391834,0.0,0.0
5247,2019-08-07 15:00:00,8,2019-08-07 16:00:00,0.12561,0.12561,0.12561,0.0,1.0,331.99000957195636,-0.0,0.0,0.0,331.99000957195636,331.99000957195636,0.0,1.0
5248,2019-08-07 16:00:00,8,2019-08-07 17:00:00,0.15111,0.15111,0.15111,0.0,1.0,366.56331264509856,-0.0,0.0,0.0,366.56331264509856,366.56331264509856,0.0,1.0
5249,2019-08-07 17:00:00,8,2019-08-07 18:00:00,0.15111,0.15111,0.15111,0.0,1.0,428.47196499674277,-0.0,32.22317991060903,0.0,396.24878508613375,396.24878508613375,0.0,0.0
5250,2019-08-07 18:00:00,8,2019-08-07 19:00:00,0.15111,0.15111,0.15111,0.0,0.8832493481499673,447.56752263457906,-0.0,50.17957043877493,0.0,397.38795219580413,397.38795219580413,0.0,0.0
5251,2019-08-07 19:00:00,8,2019-08-07 20:00:00,0.15111,0.15111,0.15111,0.0,0.701439310328319,499.2420442702631,-0.0,101.85409207445895,0.0,397.38795219580413,397.38795219580413,0.0,0.0
5252,2019-08-07 20:00:00,8,2019-08-07 21:00:00,0.15111,0.15111,0.15111,0.0,0.33240274484114885,472.87617706148313,-0.0,75.488224865679,0.0,397.38795219580413,397.38795219580413,0.0,0.0
5253,2019-08-07 21:00:00,8,2019-08-07 22:00:00,0.12561,0.12561,0.12561,0.0,0.05889468373361627,399.8428849062822,-0.0,2.45493271047809,0.0,397.38795219580413,397.38795219580413,0.0,0.0
5254,2019-08-07 22:00:00,8,2019-08-07 23:00:00,0.12561,0.12561,0.12561,0.0,0.05,330.03318381246345,-0.0,0.0,0.0,330.03318381246345,330.03318381246345,0.0,1.0
5255,2019-08-07 23:00:00,8,2019-08-08 00:00:00,0.10547,0.10547,0.10547,0.0,0.05,243.65277146108585,-0.0,0.0,0.0,243.65277146108585,243.65277146108585,0.0,1.0
5256,2019-08-08 00:00:00,8,2019-08-08 01:00:00,0.10547,0.10547,0.10547,0.0,0.05,251.61672698861264,-0.0,0.0,0.0,251.61672698861264,251.61672698861264,0.0,1.0
5257,2019-08-08 01:00:00,8,2019-08-08 02:00:00,0.10547,0.10547,0.10547,0.0,0.05,247.24033437669328,-150.0,0.0,0.0,397.2403343766933,397.2403343766933,0.0,1.0
5258,2019-08-08 02:00:00,8,2019-08-08 03:00:00,0.10547,0.10547,0.10547,0.0,0.51,243.29768690106678,-0.0,0.0,0.0,243.29768690106678,243.29768690106678,0.0,1.0
5259,2019-08-08 03:00:00,8,2019-08-08 04:00:00,0.10547,0.10547,0.10547,0.0,0.51,248.4014932577677,-0.0,0.0,0.0,248.4014932577677,248.4014932577677,0.0,1.0
5260,2019-08-08 04:00:00,8,2019-08-08 05:00:00,0.10547,0.10547,0.10547,0.0,0.51,276.65446787565605,-120.73348432014808,0.0,0.0,397.38795219580413,397.38795219580413,0.0,1.0
5261,2019-08-08 05:00:00,8,2019-08-08 06:00:00,0.10547,0.10547,0.10547,0.0,0.8802493519151208,361.4914696445374,-0.0,0.0,0.0,361.4914696445374,361.4914696445374,0.0,1.0
5262,2019-08-08 06:00:00,8,2019-08-08 07:00:00,0.10547,0.10547,0.10547,0.0,0.8802493519151208,402.4990984625725,-0.0,5.111146266768344,0.0,397.38795219580413,397.38795219580413,0.0,0.0
5263,2019-08-08 07:00:00,8,2019-08-08 08:00:00,0.10547,0.10547,0.10547,0.0,0.8617307060210326,375.13293937667265,-0.0,0.0,0.0,375.13293937667265,375.13293937667265,0.0,0.0
5264,2019-08-08 08:00:00,8,2019-08-08 09:00:00,0.10547,0.10547,0.10547,0.0,0.8617307060210326,362.5029488960228,-0.0,0.0,0.0,362.5029488960228,362.5029488960228,0.0,0.0
5265,2019-08-08 09:00:00,8,2019-08-08 10:00:00,0.10547,0.10547,0.10547,0.0,0.8617307060210326,302.5866962955829,-0.0,0.0,0.0,302.5866962955829,302.5866962955829,0.0,0.0
5266,2019-08-08 10:00:00,8,2019-08-08 11:00:00,0.10547,0.10547,0.10547,0.0,0.8617307060210326,317.42822786863724,-0.0,0.0,0.0,317.42822786863724,317.42822786863724,0.0,1.0
5267,2019-08-08 11:00:00,8,2019-08-08 12:00:00,0.10547,0.10547,0.10547,0.0,0.8617307060210326,337.4910109314281,-0.0,0.0,0.0,337.4910109314281,337.4910109314281,0.0,1.0
5268,2019-08-08 12:00:00,8,2019-08-08 13:00:00,0.10547,0.10547,0.10547,0.0,0.8617307060210326,329.2363156930248,-45.0878132540111,0.0,0.0,374.3241289470359,374.3241289470359,0.0,1.0
5269,2019-08-08 13:00:00,8,2019-08-08 14:00:00,0.10547,0.10547,0.10547,0.0,1.0,329.86868277874214,-0.0,0.0,0.0,329.86868277874214,329.86868277874214,0.0,1.0
5270,2019-08-08 14:00:00,8,2019-08-08 15:00:00,0.12561,0.12561,0.12561,0.0,1.0,296.48325211439396,-0.0,0.0,0.0,296.48325211439396,296.48325211439396,0.0,1.0
5271,2019-08-08 15:00:00,8,2019-08-08 16:00:00,0.12561,0.12561,0.12561,0.0,1.0,352.3271488810986,-0.0,0.0,0.0,352.3271488810986,352.3271488810986,0.0,1.0
5272,2019-08-08 16:00:00,8,2019-08-08 17:00:00,0.15111,0.15111,0.15111,0.0,1.0,382.4073964728586,-0.0,0.0,0.0,382.4073964728586,382.4073964728586,0.0,1.0
5273,2019-08-08 17:00:00,8,2019-08-08 18:00:00,0.15111,0.15111,0.15111,0.0,1.0,436.70469555677926,-0.0,77.13009001664223,0.0,359.57460554013704,359.57460554013704,0.0,0.0
5274,2019-08-08 18:00:00,8,2019-08-08 19:00:00,0.15111,0.15111,0.15111,0.0,0.7205431521136151,451.04413429829015,-0.0,53.656182102486014,0.0,397.38795219580413,397.38795219580413,0.0,0.0
5275,2019-08-08 19:00:00,8,2019-08-08 20:00:00,0.15111,0.15111,0.15111,0.0,0.5261366952205498,476.55760777128836,-0.0,79.16965557548423,0.0,397.38795219580413,397.38795219580413,0.0,0.0
5276,2019-08-08 20:00:00,8,2019-08-08 21:00:00,0.15111,0.15111,0.15111,0.0,0.23929011704850553,449.63202450119167,-0.0,52.24407230538753,0.0,397.38795219580413,397.38795219580413,0.0,0.0
5277,2019-08-08 21:00:00,8,2019-08-08 22:00:00,0.12561,0.12561,0.12561,0.0,0.05,369.5777268644694,-0.0,0.0,0.0,369.5777268644694,369.5777268644694,0.0,1.0
5278,2019-08-08 22:00:00,8,2019-08-08 23:00:00,0.12561,0.12561,0.12561,0.0,0.05,287.63691111927653,-0.0,0.0,0.0,287.63691111927653,287.63691111927653,0.0,1.0
5279,2019-08-08 23:00:00,8,2019-08-09 00:00:00,0.10547,0.10547,0.10547,0.0,0.05,237.7213538929821,-0.0,0.0,0.0,237.7213538929821,237.7213538929821,0.0,1.0
5280,2019-08-09 00:00:00,8,2019-08-09 01:00:00,0.10547,0.10547,0.10547,0.0,0.05,242.09829807885822,-0.0,0.0,0.0,242.09829807885822,242.09829807885822,0.0,1.0
5281,2019-08-09 01:00:00,8,2019-08-09 02:00:00,0.10547,0.10547,0.10547,0.0,0.05,235.54381989905372,-150.0,0.0,0.0,385.5438198990537,385.5438198990537,0.0,1.0
5282,2019-08-09 02:00:00,8,2019-08-09 03:00:00,0.10547,0.10547,0.10547,0.0,0.51,235.23601952069825,-0.0,0.0,0.0,235.23601952069825,235.23601952069825,0.0,1.0
5283,2019-08-09 03:00:00,8,2019-08-09 04:00:00,0.10547,0.10547,0.10547,0.0,0.51,242.70386353113938,-34.05843108196049,0.0,0.0,276.76229461309987,276.76229461309987,0.0,1.0
5284,2019-08-09 04:00:00,8,2019-08-09 05:00:00,0.10547,0.10547,0.10547,0.0,0.6144458553180122,271.66377458211247,-125.72417761369167,0.0,0.0,397.38795219580413,397.38795219580413,0.0,1.0
5285,2019-08-09 05:00:00,8,2019-08-09 06:00:00,0.10547,0.10547,0.10547,0.0,1.0,354.06912317918795,-0.0,0.0,0.0,354.06912317918795,354.06912317918795,0.0,0.0
5286,2019-08-09 06:00:00,8,2019-08-09 07:00:00,0.10547,0.10547,0.10547,0.0,1.0,401.5709732058684,-0.0,4.183021010064294,0.0,397.38795219580413,397.38795219580413,0.0,0.0
5287,2019-08-09 07:00:00,8,2019-08-09 08:00:00,0.10547,0.10547,0.10547,0.0,0.9848441267751294,378.03854680408216,-0.0,0.0,0.0,378.03854680408216,378.03854680408216,0.0,0.0
5288,2019-08-09 08:00:00,8,2019-08-09 09:00:00,0.10547,0.10547,0.10547,0.0,0.9848441267751294,364.64872741660366,-0.0,0.0,0.0,364.64872741660366,364.64872741660366,0.0,0.0
5289,2019-08-09 09:00:00,8,2019-08-09 10:00:00,0.10547,0.10547,0.10547,0.0,0.9848441267751294,309.20997964789694,-4.942132573327399,0.0,0.0,314.15211222122434,314.15211222122434,0.0,1.0
5290,2019-08-09 10:00:00,8,2019-08-09 11:00:00,0.10547,0.10547,0.10547,0.0,1.0,321.238576873184,-0.0,0.0,0.0,321.238576873184,321.238576873184,0.0,1.0
5291,2019-08-09 11:00:00,8,2019-08-09 12:00:00,0.10547,0.10547,0.10547,0.0,1.0,322.45588881094835,-0.0,0.0,0.0,322.45588881094835,322.45588881094835,0.0,0.0
5292,2019-08-09 12:00:00,8,2019-08-09 13:00:00,0.10547,0.10547,0.10547,0.0,1.0,314.80043746767603,-0.0,0.0,0.0,314.80043746767603,314.80043746767603,0.0,1.0
5293,2019-08-09 13:00:00,8,2019-08-09 14:00:00,0.10547,0.10547,0.10547,0.0,1.0,316.0710953589966,-0.0,0.0,0.0,316.0710953589966,316.0710953589966,0.0,1.0
5294,2019-08-09 14:00:00,8,2019-08-09 15:00:00,0.12561,0.12561,0.12561,0.0,1.0,318.6772774354877,-0.0,0.0,0.0,318.6772774354877,318.6772774354877,0.0,1.0
5295,2019-08-09 15:00:00,8,2019-08-09 16:00:00,0.12561,0.12561,0.12561,0.0,1.0,351.3823031010209,-0.0,0.0,0.0,351.3823031010209,351.3823031010209,0.0,1.0
5296,2019-08-09 16:00:00,8,2019-08-09 17:00:00,0.15111,0.15111,0.15111,0.0,1.0,375.7134326380923,-0.0,0.0,0.0,375.7134326380923,375.7134326380923,0.0,1.0
5297,2019-08-09 17:00:00,8,2019-08-09 18:00:00,0.15111,0.15111,0.15111,0.0,1.0,426.8363355854714,-0.0,87.1336756412268,0.0,339.7026599442446,339.7026599442446,0.0,0.0
5298,2019-08-09 18:00:00,8,2019-08-09 19:00:00,0.15111,0.15111,0.15111,0.0,0.6842982766622218,442.4086322797651,-0.0,45.02068008396094,0.0,397.38795219580413,397.38795219580413,0.0,0.0
5299,2019-08-09 19:00:00,8,2019-08-09 20:00:00,0.15111,0.15111,0.15111,0.0,0.521179870560914,474.7937940585381,-0.0,77.40584186273395,0.0,397.38795219580413,397.38795219580413,0.0,0.0
5300,2019-08-09 20:00:00,8,2019-08-09 21:00:00,0.15111,0.15111,0.15111,0.0,0.24072392178289248,450.02775460788246,-0.0,52.639802412078325,0.0,397.38795219580413,397.38795219580413,0.0,0.0
5301,2019-08-09 21:00:00,8,2019-08-09 22:00:00,0.12561,0.12561,0.12561,0.0,0.05,377.6018826413383,-0.0,0.0,0.0,377.6018826413383,377.6018826413383,0.0,1.0
5302,2019-08-09 22:00:00,8,2019-08-09 23:00:00,0.12561,0.12561,0.12561,0.0,0.05,286.5675394392508,-0.0,0.0,0.0,286.5675394392508,286.5675394392508,0.0,1.0
5303,2019-08-09 23:00:00,8,2019-08-10 00:00:00,0.10547,0.10547,0.10547,0.0,0.05,233.70287525395284,-16.333681163634186,0.0,0.0,250.03655641758704,250.03655641758704,0.0,1.0
5304,2019-08-10 00:00:00,8,2019-08-10 01:00:00,0.10547,0.10547,0.10547,0.0,0.10008995556847818,242.62168052048446,-0.0,0.0,0.0,242.62168052048446,242.62168052048446,0.0,1.0
5305,2019-08-10 01:00:00,8,2019-08-10 02:00:00,0.10547,0.10547,0.10547,0.0,0.10008995556847818,237.13973085891087,-0.0,0.0,0.0,237.13973085891087,237.13973085891087,0.0,1.0
5306,2019-08-10 02:00:00,8,2019-08-10 03:00:00,0.10547,0.10547,0.10547,0.0,0.10008995556847818,238.7120378967025,-0.0,0.0,0.0,238.7120378967025,238.7120378967025,0.0,1.0
5307,2019-08-10 03:00:00,8,2019-08-10 04:00:00,0.10547,0.10547,0.10547,0.0,0.10008995556847818,247.33286793797564,-0.0,0.0,0.0,247.33286793797564,247.33286793797564,0.0,1.0
5308,2019-08-10 04:00:00,8,2019-08-10 05:00:00,0.10547,0.10547,0.10547,0.0,0.10008995556847818,276.7540359250001,-0.0,0.0,0.0,276.7540359250001,276.7540359250001,0.0,1.0
5309,2019-08-10 05:00:00,8,2019-08-10 06:00:00,0.10547,0.10547,0.10547,0.0,0.10008995556847818,360.35331087806134,-0.0,0.0,0.0,360.35331087806134,360.35331087806134,0.0,0.0
5310,2019-08-10 06:00:00,8,2019-08-10 07:00:00,0.10547,0.10547,0.10547,0.0,0.10008995556847818,411.2127799327041,-0.0,13.824827736899977,0.0,397.38795219580413,397.38795219580413,0.0,0.0
5311,2019-08-10 07:00:00,8,2019-08-10 08:00:00,0.10547,0.10547,0.10547,0.0,0.049999999999999996,368.08383717928564,-0.0,0.0,0.0,368.08383717928564,368.08383717928564,0.0,0.0
5312,2019-08-10 08:00:00,8,2019-08-10 09:00:00,0.10547,0.10547,0.10547,0.0,0.049999999999999996,333.5901322559244,-0.0,0.0,0.0,333.5901322559244,333.5901322559244,0.0,0.0
5313,2019-08-10 09:00:00,8,2019-08-10 10:00:00,0.10547,0.10547,0.10547,0.0,0.049999999999999996,280.8244011174757,-86.48418110320264,0.0,0.0,367.3085822206783,367.3085822206783,0.0,1.0
5314,2019-08-10 10:00:00,8,2019-08-10 11:00:00,0.10547,0.10547,0.10547,0.0,0.3152181553831548,285.95044388136625,-111.43750831443788,0.0,0.0,397.38795219580413,397.38795219580413,0.0,1.0
5315,2019-08-10 11:00:00,8,2019-08-10 12:00:00,0.10547,0.10547,0.10547,0.0,0.656959847547431,291.19144292670563,-0.0,0.0,0.0,291.19144292670563,291.19144292670563,0.0,0.0
5316,2019-08-10 12:00:00,8,2019-08-10 13:00:00,0.10547,0.10547,0.10547,0.0,0.656959847547431,285.5270329177925,-111.86091927801164,0.0,0.0,397.38795219580413,397.38795219580413,0.0,1.0
5317,2019-08-10 13:00:00,8,2019-08-10 14:00:00,0.10547,0.10547,0.10547,0.0,1.0,291.6625224723073,-0.0,0.0,0.0,291.6625224723073,291.6625224723073,0.0,1.0
5318,2019-08-10 14:00:00,8,2019-08-10 15:00:00,0.12561,0.12561,0.12561,0.0,1.0,313.9643724536083,-0.0,0.0,0.0,313.9643724536083,313.9643724536083,0.0,1.0
5319,2019-08-10 15:00:00,8,2019-08-10 16:00:00,0.12561,0.12561,0.12561,0.0,1.0,348.5608554776734,-0.0,0.0,0.0,348.5608554776734,348.5608554776734,0.0,1.0
5320,2019-08-10 16:00:00,8,2019-08-10 17:00:00,0.15111,0.15111,0.15111,0.0,1.0,375.6392547395465,-0.0,113.33795122659407,0.0,262.3013035129525,262.3013035129525,0.0,0.0
5321,2019-08-10 17:00:00,8,2019-08-10 18:00:00,0.15111,0.15111,0.15111,0.0,0.5893552491790071,424.0548725913895,-0.0,26.66692039558535,0.0,397.38795219580413,397.38795219580413,0.0,0.0
5322,2019-08-10 18:00:00,8,2019-08-10 19:00:00,0.15111,0.15111,0.15111,0.0,0.49273597238340794,429.7203856081187,-0.0,32.33243341231457,0.0,397.38795219580413,397.38795219580413,0.0,0.0
5323,2019-08-10 19:00:00,8,2019-08-10 20:00:00,0.15111,0.15111,0.15111,0.0,0.37558947451270297,458.7873008340344,-0.0,61.399348638230265,0.0,397.38795219580413,397.38795219580413,0.0,0.0
5324,2019-08-10 20:00:00,8,2019-08-10 21:00:00,0.15111,0.15111,0.15111,0.0,0.15312806640317303,425.8512985230799,-0.0,28.463346327275758,0.0,397.38795219580413,397.38795219580413,0.0,0.0
5325,2019-08-10 21:00:00,8,2019-08-10 22:00:00,0.12561,0.12561,0.12561,0.0,0.05,342.509462753945,-0.0,0.0,0.0,342.509462753945,342.509462753945,0.0,1.0
5326,2019-08-10 22:00:00,8,2019-08-10 23:00:00,0.12561,0.12561,0.12561,0.0,0.05,272.52916029243545,-0.0,0.0,0.0,272.52916029243545,272.52916029243545,0.0,1.0
5327,2019-08-10 23:00:00,8,2019-08-11 00:00:00,0.10547,0.10547,0.10547,0.0,0.05,265.0474622412715,-0.0,0.0,0.0,265.0474622412715,265.0474622412715,0.0,1.0
5328,2019-08-11 00:00:00,8,2019-08-11 01:00:00,0.10547,0.10547,0.10547,0.0,0.05,258.95741000344464,-138.4305421923595,0.0,0.0,397.38795219580413,397.38795219580413,0.0,1.0
5329,2019-08-11 01:00:00,8,2019-08-11 02:00:00,0.10547,0.10547,0.10547,0.0,0.4745203293899025,249.0586353015651,-0.0,0.0,0.0,249.0586353015651,249.0586353015651,0.0,1.0
5330,2019-08-11 02:00:00,8,2019-08-11 03:00:00,0.10547,0.10547,0.10547,0.0,0.4745203293899025,244.18472568194107,-86.23465883827852,0.0,0.0,330.4193845202196,330.4193845202196,0.0,1.0
5331,2019-08-11 03:00:00,8,2019-08-11 04:00:00,0.10547,0.10547,0.10547,0.0,0.7389732831606233,250.73872964336275,-0.0,0.0,0.0,250.73872964336275,250.73872964336275,0.0,1.0
5332,2019-08-11 04:00:00,8,2019-08-11 05:00:00,0.10547,0.10547,0.10547,0.0,0.7389732831606233,277.88452360692224,-0.0,0.0,0.0,277.88452360692224,277.88452360692224,0.0,1.0
5333,2019-08-11 05:00:00,8,2019-08-11 06:00:00,0.10547,0.10547,0.10547,0.0,0.7389732831606233,362.69118957093485,-0.0,0.0,0.0,362.69118957093485,362.69118957093485,0.0,1.0
5334,2019-08-11 06:00:00,8,2019-08-11 07:00:00,0.10547,0.10547,0.10547,0.0,0.7389732831606233,415.063821228727,-0.0,17.67586903292289,0.0,397.38795219580413,397.38795219580413,0.0,0.0
5335,2019-08-11 07:00:00,8,2019-08-11 08:00:00,0.10547,0.10547,0.10547,0.0,0.6749302794181491,370.34100437018304,-0.0,0.0,0.0,370.34100437018304,370.34100437018304,0.0,1.0
5336,2019-08-11 08:00:00,8,2019-08-11 09:00:00,0.10547,0.10547,0.10547,0.0,0.6749302794181491,334.05947133691586,-0.0,0.0,0.0,334.05947133691586,334.05947133691586,0.0,0.0
5337,2019-08-11 09:00:00,8,2019-08-11 10:00:00,0.10547,0.10547,0.10547,0.0,0.6749302794181491,285.12100476795314,-0.0,0.0,0.0,285.12100476795314,285.12100476795314,0.0,1.0
5338,2019-08-11 10:00:00,8,2019-08-11 11:00:00,0.10547,0.10547,0.10547,0.0,0.6749302794181491,291.3869563538962,-106.00099584190792,0.0,0.0,397.38795219580413,397.38795219580413,0.0,1.0
5339,2019-08-11 11:00:00,8,2019-08-11 12:00:00,0.10547,0.10547,0.10547,0.0,1.0,305.18169079534545,-0.0,0.0,0.0,305.18169079534545,305.18169079534545,0.0,1.0
5340,2019-08-11 12:00:00,8,2019-08-11 13:00:00,0.10547,0.10547,0.10547,0.0,1.0,327.69163438844765,-0.0,0.0,0.0,327.69163438844765,327.69163438844765,0.0,1.0
5341,2019-08-11 13:00:00,8,2019-08-11 14:00:00,0.10547,0.10547,0.10547,0.0,1.0,330.5725674767887,-0.0,0.0,0.0,330.5725674767887,330.5725674767887,0.0,1.0
5342,2019-08-11 14:00:00,8,2019-08-11 15:00:00,0.12561,0.12561,0.12561,0.0,1.0,321.60174499364604,-0.0,0.0,0.0,321.60174499364604,321.60174499364604,0.0,0.0
5343,2019-08-11 15:00:00,8,2019-08-11 16:00:00,0.12561,0.12561,0.12561,0.0,1.0,331.0360960999205,-0.0,0.0,0.0,331.0360960999205,331.0360960999205,0.0,1.0
5344,2019-08-11 16:00:00,8,2019-08-11 17:00:00,0.15111,0.15111,0.15111,0.0,1.0,367.02655421689974,-0.0,0.0,0.0,367.02655421689974,367.02655421689974,0.0,1.0
5345,2019-08-11 17:00:00,8,2019-08-11 18:00:00,0.15111,0.15111,0.15111,0.0,1.0,440.96003383427404,-0.0,43.57208163846991,0.0,397.38795219580413,397.38795219580413,0.0,0.0
5346,2019-08-11 18:00:00,8,2019-08-11 19:00:00,0.15111,0.15111,0.15111,0.0,0.842130138991051,457.07640604230954,-0.0,59.68845384650541,0.0,397.38795219580413,397.38795219580413,0.0,0.0
5347,2019-08-11 19:00:00,8,2019-08-11 20:00:00,0.15111,0.15111,0.15111,0.0,0.6258676250544373,465.0461474058322,-0.0,67.65819521002805,0.0,397.38795219580413,397.38795219580413,0.0,0.0
5348,2019-08-11 20:00:00,8,2019-08-11 21:00:00,0.15111,0.15111,0.15111,0.0,0.3807292366123066,426.9195396459084,-0.0,91.28126930499663,0.0,335.6382703409118,335.6382703409118,0.0,0.0
5349,2019-08-11 21:00:00,8,2019-08-11 22:00:00,0.12561,0.12561,0.12561,0.0,0.05,348.91455743795564,-0.0,0.0,0.0,348.91455743795564,348.91455743795564,0.0,1.0
5350,2019-08-11 22:00:00,8,2019-08-11 23:00:00,0.12561,0.12561,0.12561,0.0,0.05,274.15680216085326,-0.0,0.0,0.0,274.15680216085326,274.15680216085326,0.0,1.0
5351,2019-08-11 23:00:00,8,2019-08-12 00:00:00,0.10547,0.10547,0.10547,0.0,0.05,250.4826742422182,-0.0,0.0,0.0,250.4826742422182,250.4826742422182,0.0,1.0
5352,2019-08-12 00:00:00,8,2019-08-12 01:00:00,0.10547,0.10547,0.10547,0.0,0.05,260.50640591968477,-136.88154627611937,0.0,0.0,397.38795219580413,397.38795219580413,0.0,1.0
5353,2019-08-12 01:00:00,8,2019-08-12 02:00:00,0.10547,0.10547,0.10547,0.0,0.4697700752467661,242.10055455654665,-0.0,0.0,0.0,242.10055455654665,242.10055455654665,0.0,0.0
5354,2019-08-12 02:00:00,8,2019-08-12 03:00:00,0.10547,0.10547,0.10547,0.0,0.4697700752467661,243.9565482174033,-150.0,0.0,0.0,393.95654821740334,393.95654821740334,0.0,1.0
5355,2019-08-12 03:00:00,8,2019-08-12 04:00:00,0.10547,0.10547,0.10547,0.0,0.9297700752467661,250.76426378422332,-0.0,0.0,0.0,250.76426378422332,250.76426378422332,0.0,1.0
5356,2019-08-12 04:00:00,8,2019-08-12 05:00:00,0.10547,0.10547,0.10547,0.0,0.9297700752467661,259.84691128928694,-0.0,0.0,0.0,259.84691128928694,259.84691128928694,0.0,1.0
5357,2019-08-12 05:00:00,8,2019-08-12 06:00:00,0.10547,0.10547,0.10547,0.0,0.9297700752467661,325.17936999536784,-0.0,0.0,0.0,325.17936999536784,325.17936999536784,0.0,1.0
5358,2019-08-12 06:00:00,8,2019-08-12 07:00:00,0.10547,0.10547,0.10547,0.0,0.9297700752467661,350.25156890677545,-0.0,0.0,0.0,350.25156890677545,350.25156890677545,0.0,1.0
5359,2019-08-12 07:00:00,8,2019-08-12 08:00:00,0.10547,0.10547,0.10547,0.0,0.9297700752467661,409.3232821034251,-0.0,11.93532990762094,0.0,397.38795219580413,397.38795219580413,0.0,0.0
5360,2019-08-12 08:00:00,8,2019-08-12 09:00:00,0.10547,0.10547,0.10547,0.0,0.8865261263061105,381.62277673231665,-0.0,0.0,0.0,381.62277673231665,381.62277673231665,0.0,0.0
5361,2019-08-12 09:00:00,8,2019-08-12 10:00:00,0.10547,0.10547,0.10547,0.0,0.8865261263061105,323.9265813329428,-0.0,0.0,0.0,323.9265813329428,323.9265813329428,0.0,1.0
5362,2019-08-12 10:00:00,8,2019-08-12 11:00:00,0.10547,0.10547,0.10547,0.0,0.8865261263061105,323.79106244433126,-0.0,0.0,0.0,323.79106244433126,323.79106244433126,0.0,1.0
5363,2019-08-12 11:00:00,8,2019-08-12 12:00:00,0.10547,0.10547,0.10547,0.0,0.8865261263061105,326.8655700000261,-0.0,0.0,0.0,326.8655700000261,326.8655700000261,0.0,1.0
5364,2019-08-12 12:00:00,8,2019-08-12 13:00:00,0.10547,0.10547,0.10547,0.0,0.8865261263061105,321.275854306425,-0.0,0.0,0.0,321.275854306425,321.275854306425,0.0,1.0
5365,2019-08-12 13:00:00,8,2019-08-12 14:00:00,0.10547,0.10547,0.10547,0.0,0.8865261263061105,322.7573073933723,-37.00235011757266,0.0,0.0,359.759657510945,359.759657510945,0.0,1.0
5366,2019-08-12 14:00:00,8,2019-08-12 15:00:00,0.12561,0.12561,0.12561,0.0,1.0,323.433109897949,-0.0,0.0,0.0,323.433109897949,323.433109897949,0.0,1.0
5367,2019-08-12 15:00:00,8,2019-08-12 16:00:00,0.12561,0.12561,0.12561,0.0,1.0,348.20038695476654,-0.0,0.0,0.0,348.20038695476654,348.20038695476654,0.0,1.0
5368,2019-08-12 16:00:00,8,2019-08-12 17:00:00,0.15111,0.15111,0.15111,0.0,1.0,360.8791359961994,-0.0,0.0,0.0,360.8791359961994,360.8791359961994,0.0,1.0
5369,2019-08-12 17:00:00,8,2019-08-12 18:00:00,0.15111,0.15111,0.15111,0.0,1.0,433.439431740883,-0.0,50.68766618654015,0.0,382.7517655543428,382.7517655543428,0.0,0.0
5370,2019-08-12 18:00:00,8,2019-08-12 19:00:00,0.15111,0.15111,0.15111,0.0,0.816349035556014,426.7034578530318,-0.0,29.315505657227675,0.0,397.38795219580413,397.38795219580413,0.0,0.0
5371,2019-08-12 19:00:00,8,2019-08-12 20:00:00,0.15111,0.15111,0.15111,0.0,0.7101334353486674,439.92931495301,-0.0,150.0,0.0,289.92931495301,289.92931495301,0.0,0.0
5372,2019-08-12 20:00:00,8,2019-08-12 21:00:00,0.15111,0.15111,0.15111,0.0,0.1666551744791021,429.5847803520363,-0.0,32.196828156232186,0.0,397.38795219580413,397.38795219580413,0.0,0.0
5373,2019-08-12 21:00:00,8,2019-08-12 22:00:00,0.12561,0.12561,0.12561,0.0,0.05,372.9919870506409,-0.0,0.0,0.0,372.9919870506409,372.9919870506409,0.0,1.0
5374,2019-08-12 22:00:00,8,2019-08-12 23:00:00,0.12561,0.12561,0.12561,0.0,0.05,287.912255463457,-0.0,0.0,0.0,287.912255463457,287.912255463457,0.0,1.0
5375,2019-08-12 23:00:00,8,2019-08-13 00:00:00,0.10547,0.10547,0.10547,0.0,0.05,236.42481050786358,-0.0,0.0,0.0,236.42481050786358,236.42481050786358,0.0,0.0
5376,2019-08-13 00:00:00,8,2019-08-13 01:00:00,0.10547,0.10547,0.10547,0.0,0.05,263.9585249672973,-0.0,0.0,0.0,263.9585249672973,263.9585249672973,0.0,1.0
5377,2019-08-13 01:00:00,8,2019-08-13 02:00:00,0.10547,0.10547,0.10547,0.0,0.05,248.26149481404414,-149.12645738176,0.0,0.0,397.38795219580413,397.38795219580413,0.0,1.0
5378,2019-08-13 02:00:00,8,2019-08-13 03:00:00,0.10547,0.10547,0.10547,0.0,0.5073211359707307,248.63930254302556,-148.74864965277857,0.0,0.0,397.38795219580413,397.38795219580413,0.0,1.0
5379,2019-08-13 03:00:00,8,2019-08-13 04:00:00,0.10547,0.10547,0.10547,0.0,0.9634836615725849,254.79578308632043,-0.0,0.0,0.0,254.79578308632043,254.79578308632043,0.0,1.0
5380,2019-08-13 04:00:00,8,2019-08-13 05:00:00,0.10547,0.10547,0.10547,0.0,0.9634836615725849,266.7163140705064,-0.0,0.0,0.0,266.7163140705064,266.7163140705064,0.0,1.0
5381,2019-08-13 05:00:00,8,2019-08-13 06:00:00,0.10547,0.10547,0.10547,0.0,0.9634836615725849,323.38263702926463,-0.0,0.0,0.0,323.38263702926463,323.38263702926463,0.0,1.0
5382,2019-08-13 06:00:00,8,2019-08-13 07:00:00,0.10547,0.10547,0.10547,0.0,0.9634836615725849,361.92560908141286,-0.0,0.0,0.0,361.92560908141286,361.92560908141286,0.0,1.0
5383,2019-08-13 07:00:00,8,2019-08-13 08:00:00,0.10547,0.10547,0.10547,0.0,0.9634836615725849,407.1453433296263,-0.0,9.757391133822182,0.0,397.38795219580413,397.38795219580413,0.0,0.0
5384,2019-08-13 08:00:00,8,2019-08-13 09:00:00,0.10547,0.10547,0.10547,0.0,0.9281307951456931,364.0360137960178,-0.0,0.0,0.0,364.0360137960178,364.0360137960178,0.0,1.0
5385,2019-08-13 09:00:00,8,2019-08-13 10:00:00,0.10547,0.10547,0.10547,0.0,0.9281307951456931,313.5191276512513,-0.0,0.0,0.0,313.5191276512513,313.5191276512513,0.0,1.0
5386,2019-08-13 10:00:00,8,2019-08-13 11:00:00,0.10547,0.10547,0.10547,0.0,0.9281307951456931,312.0600854114728,-0.0,0.0,0.0,312.0600854114728,312.0600854114728,0.0,1.0
5387,2019-08-13 11:00:00,8,2019-08-13 12:00:00,0.10547,0.10547,0.10547,0.0,0.9281307951456931,316.0055646380407,-23.435610278578352,0.0,0.0,339.44117491661905,339.44117491661905,0.0,1.0
5388,2019-08-13 12:00:00,8,2019-08-13 13:00:00,0.10547,0.10547,0.10547,0.0,1.0,298.47557945286917,-0.0,0.0,0.0,298.47557945286917,298.47557945286917,0.0,1.0
5389,2019-08-13 13:00:00,8,2019-08-13 14:00:00,0.10547,0.10547,0.10547,0.0,1.0,289.0365125301402,-0.0,0.0,0.0,289.0365125301402,289.0365125301402,0.0,1.0
5390,2019-08-13 14:00:00,8,2019-08-13 15:00:00,0.12561,0.12561,0.12561,0.0,1.0,288.024749677872,-0.0,0.0,0.0,288.024749677872,288.024749677872,0.0,1.0
5391,2019-08-13 15:00:00,8,2019-08-13 16:00:00,0.12561,0.12561,0.12561,0.0,1.0,328.3756689484403,-0.0,0.0,0.0,328.3756689484403,328.3756689484403,0.0,1.0
5392,2019-08-13 16:00:00,8,2019-08-13 17:00:00,0.15111,0.15111,0.15111,0.0,1.0,348.30435997446443,-0.0,0.0,0.0,348.30435997446443,348.30435997446443,0.0,1.0
5393,2019-08-13 17:00:00,8,2019-08-13 18:00:00,0.15111,0.15111,0.15111,0.0,1.0,412.19626850028504,-0.0,71.20108744468934,0.0,340.9951810555957,340.9951810555957,0.0,0.0
5394,2019-08-13 18:00:00,8,2019-08-13 19:00:00,0.15111,0.15111,0.15111,0.0,0.742025045490256,423.98527955556114,-0.0,26.597327359757003,0.0,397.38795219580413,397.38795219580413,0.0,0.0
5395,2019-08-13 19:00:00,8,2019-08-13 20:00:00,0.15111,0.15111,0.15111,0.0,0.6456579173751945,447.5709101810798,-0.0,150.00000000000003,0.0,297.57091018107974,297.57091018107974,0.0,0.0
5396,2019-08-13 20:00:00,8,2019-08-13 21:00:00,0.15111,0.15111,0.15111,0.0,0.10217965650562917,411.7895373913578,-0.0,14.40158519555365,0.0,397.38795219580413,397.38795219580413,0.0,0.0
5397,2019-08-13 21:00:00,8,2019-08-13 22:00:00,0.12561,0.12561,0.12561,0.0,0.05,349.3392135221022,-0.0,0.0,0.0,349.3392135221022,349.3392135221022,0.0,1.0
5398,2019-08-13 22:00:00,8,2019-08-13 23:00:00,0.12561,0.12561,0.12561,0.0,0.05,277.4446097161888,-0.0,0.0,0.0,277.4446097161888,277.4446097161888,0.0,1.0
5399,2019-08-13 23:00:00,8,2019-08-14 00:00:00,0.10547,0.10547,0.10547,0.0,0.05,246.13334287257368,-0.0,0.0,0.0,246.13334287257368,246.13334287257368,0.0,1.0
5400,2019-08-14 00:00:00,8,2019-08-14 01:00:00,0.10547,0.10547,0.10547,0.0,0.05,245.30746281397197,-9.782608695652174,0.0,0.0,255.09007150962415,255.09007150962415,0.0,1.0
5401,2019-08-14 01:00:00,8,2019-08-14 02:00:00,0.10547,0.10547,0.10547,0.0,0.08,239.302820700989,-150.0,0.0,0.0,389.302820700989,389.302820700989,0.0,1.0
5402,2019-08-14 02:00:00,8,2019-08-14 03:00:00,0.10547,0.10547,0.10547,0.0,0.54,242.71292702743895,-150.0,0.0,0.0,392.7129270274389,392.7129270274389,0.0,1.0
5403,2019-08-14 03:00:00,8,2019-08-14 04:00:00,0.10547,0.10547,0.10547,0.0,1.0,248.6723682708353,-0.0,0.0,0.0,248.6723682708353,248.6723682708353,0.0,0.0
5404,2019-08-14 04:00:00,8,2019-08-14 05:00:00,0.10547,0.10547,0.10547,0.0,1.0,274.15933049915986,-0.0,0.0,0.0,274.15933049915986,274.15933049915986,0.0,1.0
5405,2019-08-14 05:00:00,8,2019-08-14 06:00:00,0.10547,0.10547,0.10547,0.0,1.0,357.96131425017245,-0.0,0.0,0.0,357.96131425017245,357.96131425017245,0.0,0.0
5406,2019-08-14 06:00:00,8,2019-08-14 07:00:00,0.10547,0.10547,0.10547,0.0,1.0,397.668834479557,-0.0,0.2808822837528737,0.0,397.38795219580413,397.38795219580413,0.0,0.0
5407,2019-08-14 07:00:00,8,2019-08-14 08:00:00,0.10547,0.10547,0.10547,0.0,0.9989823105661128,359.6303742973956,-0.0,0.0,0.0,359.6303742973956,359.6303742973956,0.0,0.0
5408,2019-08-14 08:00:00,8,2019-08-14 09:00:00,0.10547,0.10547,0.10547,0.0,0.9989823105661128,339.8038058271464,-0.0,0.0,0.0,339.8038058271464,339.8038058271464,0.0,0.0
5409,2019-08-14 09:00:00,8,2019-08-14 10:00:00,0.10547,0.10547,0.10547,0.0,0.9989823105661128,289.33800821596276,-0.0,0.0,0.0,289.33800821596276,289.33800821596276,0.0,0.0
5410,2019-08-14 10:00:00,8,2019-08-14 11:00:00,0.10547,0.10547,0.10547,0.0,0.9989823105661128,292.57129962646314,-0.331855250180638,0.0,0.0,292.9031548766438,292.9031548766438,0.0,1.0
5411,2019-08-14 11:00:00,8,2019-08-14 12:00:00,0.10547,0.10547,0.10547,0.0,1.0,299.52853255580294,-0.0,0.0,0.0,299.52853255580294,299.52853255580294,0.0,1.0
5412,2019-08-14 12:00:00,8,2019-08-14 13:00:00,0.10547,0.10547,0.10547,0.0,1.0,300.3772879499304,-0.0,0.0,0.0,300.3772879499304,300.3772879499304,0.0,1.0
5413,2019-08-14 13:00:00,8,2019-08-14 14:00:00,0.10547,0.10547,0.10547,0.0,1.0,315.97465392313455,-0.0,0.0,0.0,315.97465392313455,315.97465392313455,0.0,1.0
5414,2019-08-14 14:00:00,8,2019-08-14 15:00:00,0.12561,0.12561,0.12561,0.0,1.0,329.01772492434395,-0.0,0.0,0.0,329.01772492434395,329.01772492434395,0.0,1.0
5415,2019-08-14 15:00:00,8,2019-08-14 16:00:00,0.12561,0.12561,0.12561,0.0,1.0,357.0861574581336,-0.0,0.0,0.0,357.0861574581336,357.0861574581336,0.0,1.0
5416,2019-08-14 16:00:00,8,2019-08-14 17:00:00,0.15111,0.15111,0.15111,0.0,1.0,373.7598798783286,-0.0,116.69534743322735,0.0,257.06453244510124,257.06453244510124,0.0,0.0
5417,2019-08-14 17:00:00,8,2019-08-14 18:00:00,0.15111,0.15111,0.15111,0.0,0.5771907701694662,413.82875556357646,-0.0,16.440803367772332,0.0,397.38795219580413,397.38795219580413,0.0,0.0
5418,2019-08-14 18:00:00,8,2019-08-14 19:00:00,0.15111,0.15111,0.15111,0.0,0.5176226420253635,432.12349870758305,-0.0,34.73554651177892,0.0,397.38795219580413,397.38795219580413,0.0,0.0
5419,2019-08-14 19:00:00,8,2019-08-14 20:00:00,0.15111,0.15111,0.15111,0.0,0.3917692126348602,459.7730743678565,-0.0,62.38512217205238,0.0,397.38795219580413,397.38795219580413,0.0,0.0
5420,2019-08-14 20:00:00,8,2019-08-14 21:00:00,0.15111,0.15111,0.15111,0.0,0.16573616128684437,429.3311327109732,-0.0,31.943180515169047,0.0,397.38795219580413,397.38795219580413,0.0,0.0
5421,2019-08-14 21:00:00,8,2019-08-14 22:00:00,0.12561,0.12561,0.12561,0.0,0.05,353.6273898410646,-0.0,0.0,0.0,353.6273898410646,353.6273898410646,0.0,1.0
5422,2019-08-14 22:00:00,8,2019-08-14 23:00:00,0.12561,0.12561,0.12561,0.0,0.05,282.3581049042965,-0.0,0.0,0.0,282.3581049042965,282.3581049042965,0.0,1.0
5423,2019-08-14 23:00:00,8,2019-08-15 00:00:00,0.10547,0.10547,0.10547,0.0,0.05,238.5747180535617,-0.0,0.0,0.0,238.5747180535617,238.5747180535617,0.0,1.0
5424,2019-08-15 00:00:00,8,2019-08-15 01:00:00,0.10547,0.10547,0.10547,0.0,0.05,248.46535371330296,-8.968954392525504,0.0,0.0,257.43430810582845,257.43430810582845,0.0,1.0
5425,2019-08-15 01:00:00,8,2019-08-15 02:00:00,0.10547,0.10547,0.10547,0.0,0.07750479347041155,240.570280686878,-0.0,0.0,0.0,240.570280686878,240.570280686878,0.0,1.0
5426,2019-08-15 02:00:00,8,2019-08-15 03:00:00,0.10547,0.10547,0.10547,0.0,0.07750479347041155,239.7860845158661,-0.0,0.0,0.0,239.7860845158661,239.7860845158661,0.0,1.0
5427,2019-08-15 03:00:00,8,2019-08-15 04:00:00,0.10547,0.10547,0.10547,0.0,0.07750479347041155,247.27637980974512,-0.0,0.0,0.0,247.27637980974512,247.27637980974512,0.0,1.0
5428,2019-08-15 04:00:00,8,2019-08-15 05:00:00,0.10547,0.10547,0.10547,0.0,0.07750479347041155,274.4946508693413,-0.0,0.0,0.0,274.4946508693413,274.4946508693413,0.0,1.0
5429,2019-08-15 05:00:00,8,2019-08-15 06:00:00,0.10547,0.10547,0.10547,0.0,0.07750479347041155,360.04163954339316,-0.0,0.0,0.0,360.04163954339316,360.04163954339316,0.0,0.0
5430,2019-08-15 06:00:00,8,2019-08-15 07:00:00,0.10547,0.10547,0.10547,0.0,0.07750479347041155,396.88886145630426,-0.0,0.0,0.0,396.88886145630426,396.88886145630426,0.0,1.0
5431,2019-08-15 07:00:00,8,2019-08-15 08:00:00,0.10547,0.10547,0.10547,0.0,0.07750479347041155,358.89109351788204,-0.0,0.0,0.0,358.89109351788204,358.89109351788204,0.0,0.0
5432,2019-08-15 08:00:00,8,2019-08-15 09:00:00,0.10547,0.10547,0.10547,0.0,0.07750479347041155,338.04336846555566,-0.0,0.0,0.0,338.04336846555566,338.04336846555566,0.0,0.0
5433,2019-08-15 09:00:00,8,2019-08-15 10:00:00,0.10547,0.10547,0.10547,0.0,0.07750479347041155,290.1724472613415,-107.21550493446261,0.0,0.0,397.38795219580413,397.38795219580413,0.0,1.0
5434,2019-08-15 10:00:00,8,2019-08-15 11:00:00,0.10547,0.10547,0.10547,0.0,0.4062990086027636,298.1578265334186,-99.23012566238555,0.0,0.0,397.38795219580413,397.38795219580413,0.0,1.0
5435,2019-08-15 11:00:00,8,2019-08-15 12:00:00,0.10547,0.10547,0.10547,0.0,0.710604727300746,305.04471644388065,-0.0,0.0,0.0,305.04471644388065,305.04471644388065,0.0,0.0
5436,2019-08-15 12:00:00,8,2019-08-15 13:00:00,0.10547,0.10547,0.10547,0.0,0.710604727300746,303.0199284895256,-94.36802370627849,0.0,0.0,397.38795219580413,397.38795219580413,0.0,1.0
5437,2019-08-15 13:00:00,8,2019-08-15 14:00:00,0.10547,0.10547,0.10547,0.0,1.0,306.0899643345267,-0.0,0.0,0.0,306.0899643345267,306.0899643345267,0.0,1.0
5438,2019-08-15 14:00:00,8,2019-08-15 15:00:00,0.12561,0.12561,0.12561,0.0,1.0,323.0903947475148,-0.0,0.0,0.0,323.0903947475148,323.0903947475148,0.0,1.0
5439,2019-08-15 15:00:00,8,2019-08-15 16:00:00,0.12561,0.12561,0.12561,0.0,1.0,359.43463874521194,-0.0,0.0,0.0,359.43463874521194,359.43463874521194,0.0,1.0
5440,2019-08-15 16:00:00,8,2019-08-15 17:00:00,0.15111,0.15111,0.15111,0.0,1.0,378.16587674162463,-0.0,118.26486028590598,0.0,259.90101645571866,259.90101645571866,0.0,0.0
5441,2019-08-15 17:00:00,8,2019-08-15 18:00:00,0.15111,0.15111,0.15111,0.0,0.5715041293988914,421.92588526658994,-0.0,24.53793307078581,0.0,397.38795219580413,397.38795219580413,0.0,0.0
5442,2019-08-15 18:00:00,8,2019-08-15 19:00:00,0.15111,0.15111,0.15111,0.0,0.482598574794595,431.654557820845,-0.0,34.26660562504088,0.0,397.38795219580413,397.38795219580413,0.0,0.0
5443,2019-08-15 19:00:00,8,2019-08-15 20:00:00,0.15111,0.15111,0.15111,0.0,0.3584442065879251,456.2800852907914,-0.0,58.89213309498729,0.0,397.38795219580413,397.38795219580413,0.0,0.0
5444,2019-08-15 20:00:00,8,2019-08-15 21:00:00,0.15111,0.15111,0.15111,0.0,0.1450669127655074,423.6264201190842,-0.0,26.23846792328004,0.0,397.38795219580413,397.38795219580413,0.0,0.0
5445,2019-08-15 21:00:00,8,2019-08-15 22:00:00,0.12561,0.12561,0.12561,0.0,0.05,349.2391334239184,-0.0,0.0,0.0,349.2391334239184,349.2391334239184,0.0,1.0
5446,2019-08-15 22:00:00,8,2019-08-15 23:00:00,0.12561,0.12561,0.12561,0.0,0.05,275.61130179960105,-0.0,0.0,0.0,275.61130179960105,275.61130179960105,0.0,1.0
5447,2019-08-15 23:00:00,8,2019-08-16 00:00:00,0.10547,0.10547,0.10547,0.0,0.05,258.9688660815664,-0.0,0.0,0.0,258.9688660815664,258.9688660815664,0.0,1.0
5448,2019-08-16 00:00:00,8,2019-08-16 01:00:00,0.10547,0.10547,0.10547,0.0,0.05,259.05297281879774,-32.15547272210969,0.0,0.0,291.2084455409074,291.2084455409074,0.0,1.0
5449,2019-08-16 01:00:00,8,2019-08-16 02:00:00,0.10547,0.10547,0.10547,0.0,0.14861011634780308,244.09352989752028,-0.0,0.0,0.0,244.09352989752028,244.09352989752028,0.0,1.0
5450,2019-08-16 02:00:00,8,2019-08-16 03:00:00,0.10547,0.10547,0.10547,0.0,0.14861011634780308,246.4341074791599,-0.0,0.0,0.0,246.4341074791599,246.4341074791599,0.0,1.0
5451,2019-08-16 03:00:00,8,2019-08-16 04:00:00,0.10547,0.10547,0.10547,0.0,0.14861011634780308,259.04796594007513,-138.339986255729,0.0,0.0,397.38795219580413,397.38795219580413,0.0,1.0
5452,2019-08-16 04:00:00,8,2019-08-16 05:00:00,0.10547,0.10547,0.10547,0.0,0.5728527408653721,279.97537534049854,-0.0,0.0,0.0,279.97537534049854,279.97537534049854,0.0,1.0
5453,2019-08-16 05:00:00,8,2019-08-16 06:00:00,0.10547,0.10547,0.10547,0.0,0.5728527408653721,364.20668806625986,-0.0,0.0,0.0,364.20668806625986,364.20668806625986,0.0,1.0
5454,2019-08-16 06:00:00,8,2019-08-16 07:00:00,0.10547,0.10547,0.10547,0.0,0.5728527408653721,405.17680763028096,-0.0,7.7888554344768295,0.0,397.38795219580413,397.38795219580413,0.0,0.0
5455,2019-08-16 07:00:00,8,2019-08-16 08:00:00,0.10547,0.10547,0.10547,0.0,0.5446322501607458,357.2566736808334,-0.0,0.0,0.0,357.2566736808334,357.2566736808334,0.0,0.0
5456,2019-08-16 08:00:00,8,2019-08-16 09:00:00,0.10547,0.10547,0.10547,0.0,0.5446322501607458,349.7549347546732,-0.0,0.0,0.0,349.7549347546732,349.7549347546732,0.0,0.0
5457,2019-08-16 09:00:00,8,2019-08-16 10:00:00,0.10547,0.10547,0.10547,0.0,0.5446322501607458,300.0087054633629,-0.0,0.0,0.0,300.0087054633629,300.0087054633629,0.0,1.0
5458,2019-08-16 10:00:00,8,2019-08-16 11:00:00,0.10547,0.10547,0.10547,0.0,0.5446322501607458,307.3608844124786,-0.0,0.0,0.0,307.3608844124786,307.3608844124786,0.0,1.0
5459,2019-08-16 11:00:00,8,2019-08-16 12:00:00,0.10547,0.10547,0.10547,0.0,0.5446322501607458,312.8122826115029,-0.0,0.0,0.0,312.8122826115029,312.8122826115029,0.0,0.0
5460,2019-08-16 12:00:00,8,2019-08-16 13:00:00,0.10547,0.10547,0.10547,0.0,0.5446322501607458,325.62656733144587,-71.76138486435826,0.0,0.0,397.38795219580413,397.38795219580413,0.0,1.0
5461,2019-08-16 13:00:00,8,2019-08-16 14:00:00,0.10547,0.10547,0.10547,0.0,0.7647004970781113,320.6598534169274,-76.72809877887677,0.0,0.0,397.38795219580413,397.38795219580413,0.0,1.0
5462,2019-08-16 14:00:00,8,2019-08-16 15:00:00,0.12561,0.12561,0.12561,0.0,1.0,312.3669834534189,-0.0,0.0,0.0,312.3669834534189,312.3669834534189,0.0,1.0
5463,2019-08-16 15:00:00,8,2019-08-16 16:00:00,0.12561,0.12561,0.12561,0.0,1.0,324.3512503828471,-0.0,0.0,0.0,324.3512503828471,324.3512503828471,0.0,1.0
5464,2019-08-16 16:00:00,8,2019-08-16 17:00:00,0.15111,0.15111,0.15111,0.0,1.0,372.6880776521529,-0.0,0.0,0.0,372.6880776521529,372.6880776521529,0.0,1.0
5465,2019-08-16 17:00:00,8,2019-08-16 18:00:00,0.15111,0.15111,0.15111,0.0,1.0,440.6264136574374,-0.0,43.23846146163328,0.0,397.38795219580413,397.38795219580413,0.0,0.0
5466,2019-08-16 18:00:00,8,2019-08-16 19:00:00,0.15111,0.15111,0.15111,0.0,0.8433389077477055,459.141411363044,-0.0,61.753459167239896,0.0,397.38795219580413,397.38795219580413,0.0,0.0
5467,2019-08-16 19:00:00,8,2019-08-16 20:00:00,0.15111,0.15111,0.15111,0.0,0.6195944904750972,466.503340376148,-0.0,130.1387265964176,0.0,336.3646137797304,336.3646137797304,0.0,0.0
5468,2019-08-16 20:00:00,8,2019-08-16 21:00:00,0.15111,0.15111,0.15111,0.0,0.148077365125758,424.45730497051335,-0.0,27.069352774709216,0.0,397.38795219580413,397.38795219580413,0.0,0.0
5469,2019-08-16 21:00:00,8,2019-08-16 22:00:00,0.12561,0.12561,0.12561,0.0,0.05,345.6059885560748,-0.0,0.0,0.0,345.6059885560748,345.6059885560748,0.0,1.0
5470,2019-08-16 22:00:00,8,2019-08-16 23:00:00,0.12561,0.12561,0.12561,0.0,0.05,271.95967509520057,-0.0,0.0,0.0,271.95967509520057,271.95967509520057,0.0,1.0
5471,2019-08-16 23:00:00,8,2019-08-17 00:00:00,0.10547,0.10547,0.10547,0.0,0.05,241.26662768557648,-0.0,0.0,0.0,241.26662768557648,241.26662768557648,0.0,1.0
5472,2019-08-17 00:00:00,8,2019-08-17 01:00:00,0.10547,0.10547,0.10547,0.0,0.05,253.15787982527928,-144.23007237052485,0.0,0.0,397.38795219580413,397.38795219580413,0.0,1.0
5473,2019-08-17 01:00:00,8,2019-08-17 02:00:00,0.10547,0.10547,0.10547,0.0,0.49230555526960956,244.6554640923779,-150.0,0.0,0.0,394.6554640923779,394.6554640923779,0.0,1.0
5474,2019-08-17 02:00:00,8,2019-08-17 03:00:00,0.10547,0.10547,0.10547,0.0,0.9523055552696095,240.8970527311779,-0.0,0.0,0.0,240.8970527311779,240.8970527311779,0.0,0.0
5475,2019-08-17 03:00:00,8,2019-08-17 04:00:00,0.10547,0.10547,0.10547,0.0,0.9523055552696095,246.0547275456941,-15.552536325127349,0.0,0.0,261.60726387082144,261.60726387082144,0.0,1.0
5476,2019-08-17 04:00:00,8,2019-08-17 05:00:00,0.10547,0.10547,0.10547,0.0,1.0,278.6507301026086,0.0,0.0,0.0,278.6507301026086,278.6507301026086,0.0,1.0
5477,2019-08-17 05:00:00,8,2019-08-17 06:00:00,0.10547,0.10547,0.10547,0.0,1.0,365.0375871214929,0.0,0.0,0.0,365.0375871214929,365.0375871214929,0.0,1.0
5478,2019-08-17 06:00:00,8,2019-08-17 07:00:00,0.10547,0.10547,0.10547,0.0,1.0,398.46514318996054,-0.0,1.0771909941564104,0.0,397.38795219580413,397.38795219580413,0.0,0.0
5479,2019-08-17 07:00:00,8,2019-08-17 08:00:00,0.10547,0.10547,0.10547,0.0,0.9960971340791435,356.4796328147929,-1.2726736698445382,0.0,0.0,357.7523064846375,357.7523064846375,0.0,1.0
5480,2019-08-17 08:00:00,8,2019-08-17 09:00:00,0.10547,0.10547,0.10547,0.0,1.0,332.62613726287356,-0.0,0.0,0.0,332.62613726287356,332.62613726287356,0.0,0.0
5481,2019-08-17 09:00:00,8,2019-08-17 10:00:00,0.10547,0.10547,0.10547,0.0,1.0,284.1259718006801,-0.0,0.0,0.0,284.1259718006801,284.1259718006801,0.0,1.0
5482,2019-08-17 10:00:00,8,2019-08-17 11:00:00,0.10547,0.10547,0.10547,0.0,1.0,291.93855556865856,-0.0,0.0,0.0,291.93855556865856,291.93855556865856,0.0,1.0
5483,2019-08-17 11:00:00,8,2019-08-17 12:00:00,0.10547,0.10547,0.10547,0.0,1.0,302.04716987924144,-0.0,0.0,0.0,302.04716987924144,302.04716987924144,0.0,1.0
5484,2019-08-17 12:00:00,8,2019-08-17 13:00:00,0.10547,0.10547,0.10547,0.0,1.0,300.37441882825914,-0.0,0.0,0.0,300.37441882825914,300.37441882825914,0.0,1.0
5485,2019-08-17 13:00:00,8,2019-08-17 14:00:00,0.10547,0.10547,0.10547,0.0,1.0,319.2199697351395,-0.0,0.0,0.0,319.2199697351395,319.2199697351395,0.0,1.0
5486,2019-08-17 14:00:00,8,2019-08-17 15:00:00,0.12561,0.12561,0.12561,0.0,1.0,321.8442435297726,-0.0,0.0,0.0,321.8442435297726,321.8442435297726,0.0,1.0
5487,2019-08-17 15:00:00,8,2019-08-17 16:00:00,0.12561,0.12561,0.12561,0.0,1.0,348.27737140539614,-0.0,0.0,0.0,348.27737140539614,348.27737140539614,0.0,0.0
5488,2019-08-17 16:00:00,8,2019-08-17 17:00:00,0.15111,0.15111,0.15111,0.0,1.0,384.89826632391885,-0.0,0.0,0.0,384.89826632391885,384.89826632391885,0.0,1.0
5489,2019-08-17 17:00:00,8,2019-08-17 18:00:00,0.15111,0.15111,0.15111,0.0,1.0,423.8991783809486,-0.0,142.15750302200553,0.0,281.7416753589431,281.7416753589431,0.0,0.0
5490,2019-08-17 18:00:00,8,2019-08-17 19:00:00,0.15111,0.15111,0.15111,0.0,0.48493658325360317,430.5614234966685,-0.0,33.173471300864364,0.0,397.38795219580413,397.38795219580413,0.0,0.0
5491,2019-08-17 19:00:00,8,2019-08-17 20:00:00,0.15111,0.15111,0.15111,0.0,0.3647428466562685,455.77884215430765,-0.0,58.39088995850351,0.0,397.38795219580413,397.38795219580413,0.0,0.0
5492,2019-08-17 20:00:00,8,2019-08-17 21:00:00,0.15111,0.15111,0.15111,0.0,0.1531816511544442,425.86608791443075,-0.0,28.478135718626604,0.0,397.38795219580413,397.38795219580413,0.0,0.0
5493,2019-08-17 21:00:00,8,2019-08-17 22:00:00,0.12561,0.12561,0.12561,0.0,0.05,349.59263903505905,-0.0,0.0,0.0,349.59263903505905,349.59263903505905,0.0,1.0
5494,2019-08-17 22:00:00,8,2019-08-17 23:00:00,0.12561,0.12561,0.12561,0.0,0.05,272.78974426307485,-0.0,0.0,0.0,272.78974426307485,272.78974426307485,0.0,1.0
5495,2019-08-17 23:00:00,8,2019-08-18 00:00:00,0.10547,0.10547,0.10547,0.0,0.05,238.35703163454224,-0.0,0.0,0.0,238.35703163454224,238.35703163454224,0.0,1.0
5496,2019-08-18 00:00:00,8,2019-08-18 01:00:00,0.10547,0.10547,0.10547,0.0,0.05,247.78864351955738,-0.0,0.0,0.0,247.78864351955738,247.78864351955738,0.0,1.0
5497,2019-08-18 01:00:00,8,2019-08-18 02:00:00,0.10547,0.10547,0.10547,0.0,0.05,238.19785280564855,-0.0,0.0,0.0,238.19785280564855,238.19785280564855,0.0,1.0
5498,2019-08-18 02:00:00,8,2019-08-18 03:00:00,0.10547,0.10547,0.10547,0.0,0.05,237.30658592690605,-0.0,0.0,0.0,237.30658592690605,237.30658592690605,0.0,1.0
5499,2019-08-18 03:00:00,8,2019-08-18 04:00:00,0.10547,0.10547,0.10547,0.0,0.05,245.99114085402653,0.0,0.0,0.0,245.99114085402653,245.99114085402653,0.0,0.0
5500,2019-08-18 04:00:00,8,2019-08-18 05:00:00,0.10547,0.10547,0.10547,0.0,0.05,275.02124159191095,-122.36671060389318,0.0,0.0,397.38795219580413,397.38795219580413,0.0,1.0
5501,2019-08-18 05:00:00,8,2019-08-18 06:00:00,0.10547,0.10547,0.10547,0.0,0.4252579125186058,360.44210566236114,-36.94584653344299,0.0,0.0,397.38795219580413,397.38795219580413,0.0,1.0
5502,2019-08-18 06:00:00,8,2019-08-18 07:00:00,0.10547,0.10547,0.10547,0.0,0.5385585085544976,396.1532442816436,0.0,0.0,0.0,396.1532442816436,396.1532442816436,0.0,0.0
5503,2019-08-18 07:00:00,8,2019-08-18 08:00:00,0.10547,0.10547,0.10547,0.0,0.5385585085544976,357.25474634804533,-40.1332058477588,0.0,0.0,397.38795219580413,397.38795219580413,0.0,1.0
5504,2019-08-18 08:00:00,8,2019-08-18 09:00:00,0.10547,0.10547,0.10547,0.0,0.6616336731542912,339.00053598888394,-4.707151305934733,0.0,0.0,343.7076872948187,343.7076872948187,0.0,1.0
5505,2019-08-18 09:00:00,8,2019-08-18 10:00:00,0.10547,0.10547,0.10547,0.0,0.6760689371591578,291.7582577911817,-105.62969440462246,0.0,0.0,397.38795219580413,397.38795219580413,0.0,1.0
5506,2019-08-18 10:00:00,8,2019-08-18 11:00:00,0.10547,0.10547,0.10547,0.0,1.0,301.6657849357085,-0.0,0.0,0.0,301.6657849357085,301.6657849357085,0.0,0.0
5507,2019-08-18 11:00:00,8,2019-08-18 12:00:00,0.10547,0.10547,0.10547,0.0,1.0,310.4859090287758,-0.0,0.0,0.0,310.4859090287758,310.4859090287758,0.0,1.0
5508,2019-08-18 12:00:00,8,2019-08-18 13:00:00,0.10547,0.10547,0.10547,0.0,1.0,298.35319845805464,-0.0,0.0,0.0,298.35319845805464,298.35319845805464,0.0,1.0
5509,2019-08-18 13:00:00,8,2019-08-18 14:00:00,0.10547,0.10547,0.10547,0.0,1.0,292.4471115356632,-0.0,0.0,0.0,292.4471115356632,292.4471115356632,0.0,1.0
5510,2019-08-18 14:00:00,8,2019-08-18 15:00:00,0.12561,0.12561,0.12561,0.0,1.0,292.828071138212,-0.0,0.0,0.0,292.828071138212,292.828071138212,0.0,1.0
5511,2019-08-18 15:00:00,8,2019-08-18 16:00:00,0.12561,0.12561,0.12561,0.0,1.0,327.1046513751308,-0.0,0.0,0.0,327.1046513751308,327.1046513751308,0.0,1.0
5512,2019-08-18 16:00:00,8,2019-08-18 17:00:00,0.15111,0.15111,0.15111,0.0,1.0,350.0369475144081,-0.0,0.0,0.0,350.0369475144081,350.0369475144081,0.0,1.0
5513,2019-08-18 17:00:00,8,2019-08-18 18:00:00,0.15111,0.15111,0.15111,0.0,1.0,413.64816181627054,-0.0,16.260209620466412,0.0,397.38795219580413,397.38795219580413,0.0,0.0
5514,2019-08-18 18:00:00,8,2019-08-18 19:00:00,0.15111,0.15111,0.15111,0.0,0.9410861970272957,448.4471600537347,-0.0,51.05920785793057,0.0,397.38795219580413,397.38795219580413,0.0,0.0
5515,2019-08-18 19:00:00,8,2019-08-18 20:00:00,0.15111,0.15111,0.15111,0.0,0.7560890671072573,468.2360162179447,-0.0,70.84806402214059,0.0,397.38795219580413,397.38795219580413,0.0,0.0
5516,2019-08-18 20:00:00,8,2019-08-18 21:00:00,0.15111,0.15111,0.15111,0.0,0.4993931829690668,431.871178307017,-0.0,124.03251849946245,0.0,307.8386598075545,307.8386598075545,0.0,0.0
5517,2019-08-18 21:00:00,8,2019-08-18 22:00:00,0.12561,0.12561,0.12561,0.0,0.05,356.60702613760117,-0.0,0.0,0.0,356.60702613760117,356.60702613760117,0.0,1.0
5518,2019-08-18 22:00:00,8,2019-08-18 23:00:00,0.12561,0.12561,0.12561,0.0,0.05,277.3963713361229,-0.0,0.0,0.0,277.3963713361229,277.3963713361229,0.0,1.0
5519,2019-08-18 23:00:00,8,2019-08-19 00:00:00,0.10547,0.10547,0.10547,0.0,0.05,235.3604277865426,-0.0,0.0,0.0,235.3604277865426,235.3604277865426,0.0,1.0
5520,2019-08-19 00:00:00,8,2019-08-19 01:00:00,0.10547,0.10547,0.10547,0.0,0.05,254.95477648744543,-142.4331757083587,0.0,0.0,397.38795219580413,397.38795219580413,0.0,1.0
5521,2019-08-19 01:00:00,8,2019-08-19 02:00:00,0.10547,0.10547,0.10547,0.0,0.48679507217230006,236.63225596254034,-0.0,0.0,0.0,236.63225596254034,236.63225596254034,0.0,0.0
5522,2019-08-19 02:00:00,8,2019-08-19 03:00:00,0.10547,0.10547,0.10547,0.0,0.48679507217230006,237.0530484148754,-150.0,0.0,0.0,387.05304841487543,387.05304841487543,0.0,1.0
5523,2019-08-19 03:00:00,8,2019-08-19 04:00:00,0.10547,0.10547,0.10547,0.0,0.9467950721723001,244.19072463725965,-0.0,0.0,0.0,244.19072463725965,244.19072463725965,0.0,1.0
5524,2019-08-19 04:00:00,8,2019-08-19 05:00:00,0.10547,0.10547,0.10547,0.0,0.9467950721723001,256.7805572389739,-0.0,0.0,0.0,256.7805572389739,256.7805572389739,0.0,1.0
5525,2019-08-19 05:00:00,8,2019-08-19 06:00:00,0.10547,0.10547,0.10547,0.0,0.9467950721723001,326.12857374674394,-0.0,0.0,0.0,326.12857374674394,326.12857374674394,0.0,1.0
5526,2019-08-19 06:00:00,8,2019-08-19 07:00:00,0.10547,0.10547,0.10547,0.0,0.9467950721723001,348.23316949793474,-0.0,0.0,0.0,348.23316949793474,348.23316949793474,0.0,1.0
5527,2019-08-19 07:00:00,8,2019-08-19 08:00:00,0.10547,0.10547,0.10547,0.0,0.9467950721723001,406.70566244063514,-0.0,9.317710244831005,0.0,397.38795219580413,397.38795219580413,0.0,0.0
5528,2019-08-19 08:00:00,8,2019-08-19 09:00:00,0.10547,0.10547,0.10547,0.0,0.9130352524446514,388.97781333898286,-0.0,0.0,0.0,388.97781333898286,388.97781333898286,0.0,1.0
5529,2019-08-19 09:00:00,8,2019-08-19 10:00:00,0.10547,0.10547,0.10547,0.0,0.9130352524446514,338.7282434679512,-0.0,0.0,0.0,338.7282434679512,338.7282434679512,0.0,1.0
5530,2019-08-19 10:00:00,8,2019-08-19 11:00:00,0.10547,0.10547,0.10547,0.0,0.9130352524446514,319.3147895930697,-0.0,0.0,0.0,319.3147895930697,319.3147895930697,0.0,1.0
5531,2019-08-19 11:00:00,8,2019-08-19 12:00:00,0.10547,0.10547,0.10547,0.0,0.9130352524446514,309.41622389476174,-0.0,0.0,0.0,309.41622389476174,309.41622389476174,0.0,1.0
5532,2019-08-19 12:00:00,8,2019-08-19 13:00:00,0.10547,0.10547,0.10547,0.0,0.9130352524446514,301.0014539594055,-28.358069855004963,0.0,0.0,329.3595238144105,329.3595238144105,0.0,1.0
5533,2019-08-19 13:00:00,8,2019-08-19 14:00:00,0.10547,0.10547,0.10547,0.0,1.0,318.66984784361813,-0.0,0.0,0.0,318.66984784361813,318.66984784361813,0.0,1.0
5534,2019-08-19 14:00:00,8,2019-08-19 15:00:00,0.12561,0.12561,0.12561,0.0,1.0,333.27372724082295,-0.0,0.0,0.0,333.27372724082295,333.27372724082295,0.0,1.0
5535,2019-08-19 15:00:00,8,2019-08-19 16:00:00,0.12561,0.12561,0.12561,0.0,1.0,356.53696226855897,-0.0,0.0,0.0,356.53696226855897,356.53696226855897,0.0,1.0
5536,2019-08-19 16:00:00,8,2019-08-19 17:00:00,0.15111,0.15111,0.15111,0.0,1.0,361.85989191360926,-0.0,31.269621588447762,0.0,330.5902703251615,330.5902703251615,0.0,0.0
5537,2019-08-19 17:00:00,8,2019-08-19 18:00:00,0.15111,0.15111,0.15111,0.0,0.8867042696070735,425.19409969623774,-0.0,150.00000000000003,0.0,275.1940996962377,275.1940996962377,0.0,0.0
5538,2019-08-19 18:00:00,8,2019-08-19 19:00:00,0.15111,0.15111,0.15111,0.0,0.3432260087375081,423.0093481940793,-0.0,25.621395998275148,0.0,397.38795219580413,397.38795219580413,0.0,0.0
5539,2019-08-19 19:00:00,8,2019-08-19 20:00:00,0.15111,0.15111,0.15111,0.0,0.2503948638162213,430.4756699525527,-0.0,33.08771775674859,0.0,397.38795219580413,397.38795219580413,0.0,0.0
5540,2019-08-19 20:00:00,8,2019-08-19 21:00:00,0.15111,0.15111,0.15111,0.0,0.13051182846568293,419.6092168523326,-0.0,22.22126465652849,0.0,397.38795219580413,397.38795219580413,0.0,0.0
5541,2019-08-19 21:00:00,8,2019-08-19 22:00:00,0.12561,0.12561,0.12561,0.0,0.05,361.47177255929284,-0.0,0.0,0.0,361.47177255929284,361.47177255929284,0.0,1.0
5542,2019-08-19 22:00:00,8,2019-08-19 23:00:00,0.12561,0.12561,0.12561,0.0,0.05,282.7258063990763,-0.0,0.0,0.0,282.7258063990763,282.7258063990763,0.0,1.0
5543,2019-08-19 23:00:00,8,2019-08-20 00:00:00,0.10547,0.10547,0.10547,0.0,0.05,263.0714415337402,-0.0,0.0,0.0,263.0714415337402,263.0714415337402,0.0,1.0
5544,2019-08-20 00:00:00,8,2019-08-20 01:00:00,0.10547,0.10547,0.10547,0.0,0.05,285.3432267042621,-0.0,0.0,0.0,285.3432267042621,285.3432267042621,0.0,1.0
5545,2019-08-20 01:00:00,8,2019-08-20 02:00:00,0.10547,0.10547,0.10547,0.0,0.05,265.33536320463725,-132.05258899116689,0.0,0.0,397.38795219580413,397.38795219580413,0.0,1.0
5546,2019-08-20 02:00:00,8,2019-08-20 03:00:00,0.10547,0.10547,0.10547,0.0,0.45496127290624516,261.1362558292285,-136.25169636657563,0.0,0.0,397.38795219580413,397.38795219580413,0.0,1.0
5547,2019-08-20 03:00:00,8,2019-08-20 04:00:00,0.10547,0.10547,0.10547,0.0,0.8727998084304104,268.72052551795815,-0.0,0.0,0.0,268.72052551795815,268.72052551795815,0.0,1.0
5548,2019-08-20 04:00:00,8,2019-08-20 05:00:00,0.10547,0.10547,0.10547,0.0,0.8727998084304104,277.42401132814246,-0.0,0.0,0.0,277.42401132814246,277.42401132814246,0.0,1.0
5549,2019-08-20 05:00:00,8,2019-08-20 06:00:00,0.10547,0.10547,0.10547,0.0,0.8727998084304104,337.8085659336836,-0.0,0.0,0.0,337.8085659336836,337.8085659336836,0.0,1.0
5550,2019-08-20 06:00:00,8,2019-08-20 07:00:00,0.10547,0.10547,0.10547,0.0,0.8727998084304104,379.38057213366534,-0.0,0.0,0.0,379.38057213366534,379.38057213366534,0.0,1.0
5551,2019-08-20 07:00:00,8,2019-08-20 08:00:00,0.10547,0.10547,0.10547,0.0,0.8727998084304104,411.31020734417865,-0.0,13.922255148374518,0.0,397.38795219580413,397.38795219580413,0.0,0.0
5552,2019-08-20 08:00:00,8,2019-08-20 09:00:00,0.10547,0.10547,0.10547,0.0,0.8223568549942708,345.5751501241778,-0.0,0.0,0.0,345.5751501241778,345.5751501241778,0.0,1.0
5553,2019-08-20 09:00:00,8,2019-08-20 10:00:00,0.10547,0.10547,0.10547,0.0,0.8223568549942708,300.80730233526674,-0.0,0.0,0.0,300.80730233526674,300.80730233526674,0.0,1.0
5554,2019-08-20 10:00:00,8,2019-08-20 11:00:00,0.10547,0.10547,0.10547,0.0,0.8223568549942708,300.5685487839956,-0.0,0.0,0.0,300.5685487839956,300.5685487839956,0.0,1.0
5555,2019-08-20 11:00:00,8,2019-08-20 12:00:00,0.10547,0.10547,0.10547,0.0,0.8223568549942708,311.92020530130236,-0.0,0.0,0.0,311.92020530130236,311.92020530130236,0.0,1.0
5556,2019-08-20 12:00:00,8,2019-08-20 13:00:00,0.10547,0.10547,0.10547,0.0,0.8223568549942708,310.5222605134829,-57.92711250186821,0.0,0.0,368.44937301535106,368.44937301535106,0.0,1.0
5557,2019-08-20 13:00:00,8,2019-08-20 14:00:00,0.10547,0.10547,0.10547,0.0,1.0,311.5326462142476,-0.0,0.0,0.0,311.5326462142476,311.5326462142476,0.0,1.0
5558,2019-08-20 14:00:00,8,2019-08-20 15:00:00,0.12561,0.12561,0.12561,0.0,1.0,322.53569188279585,-0.0,0.0,0.0,322.53569188279585,322.53569188279585,0.0,1.0
5559,2019-08-20 15:00:00,8,2019-08-20 16:00:00,0.12561,0.12561,0.12561,0.0,1.0,324.5780414608664,-0.0,0.0,0.0,324.5780414608664,324.5780414608664,0.0,1.0
5560,2019-08-20 16:00:00,8,2019-08-20 17:00:00,0.15111,0.15111,0.15111,0.0,1.0,359.5382759036349,-0.0,0.0,0.0,359.5382759036349,359.5382759036349,0.0,1.0
5561,2019-08-20 17:00:00,8,2019-08-20 18:00:00,0.15111,0.15111,0.15111,0.0,1.0,445.2936799372442,-0.0,109.85100518080665,0.0,335.44267475643755,335.44267475643755,0.0,0.0
5562,2019-08-20 18:00:00,8,2019-08-20 19:00:00,0.15111,0.15111,0.15111,0.0,0.601989111663744,458.04626037892086,-0.0,60.65830818311673,0.0,397.38795219580413,397.38795219580413,0.0,0.0
5563,2019-08-20 19:00:00,8,2019-08-20 20:00:00,0.15111,0.15111,0.15111,0.0,0.3822126327394081,468.52154078437354,-0.0,71.13358858856941,0.0,397.38795219580413,397.38795219580413,0.0,0.0
5564,2019-08-20 20:00:00,8,2019-08-20 21:00:00,0.15111,0.15111,0.15111,0.0,0.1244822393025624,417.94505024331136,-0.0,20.557098047507225,0.0,397.38795219580413,397.38795219580413,0.0,0.0
5565,2019-08-20 21:00:00,8,2019-08-20 22:00:00,0.12561,0.12561,0.12561,0.0,0.05,352.45912348220554,-0.0,0.0,0.0,352.45912348220554,352.45912348220554,0.0,1.0
5566,2019-08-20 22:00:00,8,2019-08-20 23:00:00,0.12561,0.12561,0.12561,0.0,0.05,280.92542803248386,-0.0,0.0,0.0,280.92542803248386,280.92542803248386,0.0,1.0
5567,2019-08-20 23:00:00,8,2019-08-21 00:00:00,0.10547,0.10547,0.10547,0.0,0.05,270.9914844477328,-18.757962951871946,0.0,0.0,289.7494473996047,289.7494473996047,0.0,1.0
5568,2019-08-21 00:00:00,8,2019-08-21 01:00:00,0.10547,0.10547,0.10547,0.0,0.10752441971907398,259.2775322153358,-0.0,0.0,0.0,259.2775322153358,259.2775322153358,0.0,1.0
5569,2019-08-21 01:00:00,8,2019-08-21 02:00:00,0.10547,0.10547,0.10547,0.0,0.10752441971907398,251.66080919994369,-0.0,0.0,0.0,251.66080919994369,251.66080919994369,0.0,1.0
5570,2019-08-21 02:00:00,8,2019-08-21 03:00:00,0.10547,0.10547,0.10547,0.0,0.10752441971907398,250.89210573532176,-61.72817021777152,0.0,0.0,312.62027595309326,312.62027595309326,0.0,1.0
5571,2019-08-21 03:00:00,8,2019-08-21 04:00:00,0.10547,0.10547,0.10547,0.0,0.29682414172023996,258.52701127793404,-138.8609409178701,0.0,0.0,397.38795219580413,397.38795219580413,0.0,1.0
5572,2019-08-21 04:00:00,8,2019-08-21 05:00:00,0.10547,0.10547,0.10547,0.0,0.7226643605350416,285.7388122605007,-0.0,0.0,0.0,285.7388122605007,285.7388122605007,0.0,1.0
5573,2019-08-21 05:00:00,8,2019-08-21 06:00:00,0.10547,0.10547,0.10547,0.0,0.7226643605350416,373.0220722077178,-0.0,0.0,0.0,373.0220722077178,373.0220722077178,0.0,1.0
5574,2019-08-21 06:00:00,8,2019-08-21 07:00:00,0.10547,0.10547,0.10547,0.0,0.7226643605350416,413.26469203826855,-0.0,15.876739842464417,0.0,397.38795219580413,397.38795219580413,0.0,0.0
5575,2019-08-21 07:00:00,8,2019-08-21 08:00:00,0.10547,0.10547,0.10547,0.0,0.6651399408159676,368.196836088982,-0.0,0.0,0.0,368.196836088982,368.196836088982,0.0,1.0
5576,2019-08-21 08:00:00,8,2019-08-21 09:00:00,0.10547,0.10547,0.10547,0.0,0.6651399408159676,336.2683629814561,-0.0,0.0,0.0,336.2683629814561,336.2683629814561,0.0,0.0
5577,2019-08-21 09:00:00,8,2019-08-21 10:00:00,0.10547,0.10547,0.10547,0.0,0.6651399408159676,288.06318870456073,-0.0,0.0,0.0,288.06318870456073,288.06318870456073,0.0,1.0
5578,2019-08-21 10:00:00,8,2019-08-21 11:00:00,0.10547,0.10547,0.10547,0.0,0.6651399408159676,288.1944546357936,-109.19349756001054,0.0,0.0,397.38795219580413,397.38795219580413,0.0,1.0
5579,2019-08-21 11:00:00,8,2019-08-21 12:00:00,0.10547,0.10547,0.10547,0.0,1.0,319.61918627013426,-0.0,0.0,0.0,319.61918627013426,319.61918627013426,0.0,1.0
5580,2019-08-21 12:00:00,8,2019-08-21 13:00:00,0.10547,0.10547,0.10547,0.0,1.0,309.7199931470458,-0.0,0.0,0.0,309.7199931470458,309.7199931470458,0.0,0.0
5581,2019-08-21 13:00:00,8,2019-08-21 14:00:00,0.10547,0.10547,0.10547,0.0,1.0,320.0494117241821,-0.0,0.0,0.0,320.0494117241821,320.0494117241821,0.0,0.0
5582,2019-08-21 14:00:00,8,2019-08-21 15:00:00,0.12561,0.12561,0.12561,0.0,1.0,321.29427095824246,-0.0,0.0,0.0,321.29427095824246,321.29427095824246,0.0,1.0
5583,2019-08-21 15:00:00,8,2019-08-21 16:00:00,0.12561,0.12561,0.12561,0.0,1.0,341.7851395698692,-0.0,0.0,0.0,341.7851395698692,341.7851395698692,0.0,1.0
5584,2019-08-21 16:00:00,8,2019-08-21 17:00:00,0.15111,0.15111,0.15111,0.0,1.0,389.3091513764331,-0.0,0.0,0.0,389.3091513764331,389.3091513764331,0.0,0.0
5585,2019-08-21 17:00:00,8,2019-08-21 18:00:00,0.15111,0.15111,0.15111,0.0,1.0,442.3801358275365,-0.0,146.60726138767293,0.0,295.7728744398636,295.7728744398636,0.0,0.0
5586,2019-08-21 18:00:00,8,2019-08-21 19:00:00,0.15111,0.15111,0.15111,0.0,0.46881427033451833,443.0298996111624,-0.0,45.64194741535829,0.0,397.38795219580413,397.38795219580413,0.0,0.0
5587,2019-08-21 19:00:00,8,2019-08-21 20:00:00,0.15111,0.15111,0.15111,0.0,0.30344489564119126,451.3192201450717,-0.0,53.93126794926758,0.0,397.38795219580413,397.38795219580413,0.0,0.0
5588,2019-08-21 20:00:00,8,2019-08-21 21:00:00,0.15111,0.15111,0.15111,0.0,0.10804175089746816,413.40747544350535,-0.0,16.019523247701215,0.0,397.38795219580413,397.38795219580413,0.0,0.0
5589,2019-08-21 21:00:00,8,2019-08-21 22:00:00,0.12561,0.12561,0.12561,0.0,0.05,348.63435424407186,-0.0,0.0,0.0,348.63435424407186,348.63435424407186,0.0,1.0
5590,2019-08-21 22:00:00,8,2019-08-21 23:00:00,0.12561,0.12561,0.12561,0.0,0.05,289.36416227030605,-0.0,0.0,0.0,289.36416227030605,289.36416227030605,0.0,1.0
5591,2019-08-21 23:00:00,8,2019-08-22 00:00:00,0.10547,0.10547,0.10547,0.0,0.05,264.33999727454943,-0.0,0.0,0.0,264.33999727454943,264.33999727454943,0.0,1.0
5592,2019-08-22 00:00:00,8,2019-08-22 01:00:00,0.10547,0.10547,0.10547,0.0,0.05,253.77755262481307,-0.0,0.0,0.0,253.77755262481307,253.77755262481307,0.0,1.0
5593,2019-08-22 01:00:00,8,2019-08-22 02:00:00,0.10547,0.10547,0.10547,0.0,0.05,246.34765719109342,-0.0,0.0,0.0,246.34765719109342,246.34765719109342,0.0,1.0
5594,2019-08-22 02:00:00,8,2019-08-22 03:00:00,0.10547,0.10547,0.10547,0.0,0.05,244.3298265736647,-0.0,0.0,0.0,244.3298265736647,244.3298265736647,0.0,0.0
5595,2019-08-22 03:00:00,8,2019-08-22 04:00:00,0.10547,0.10547,0.10547,0.0,0.05,251.56158456260718,-0.0,0.0,0.0,251.56158456260718,251.56158456260718,0.0,1.0
5596,2019-08-22 04:00:00,8,2019-08-22 05:00:00,0.10547,0.10547,0.10547,0.0,0.05,276.43939366660425,-29.061276598112514,0.0,0.0,305.50067026471675,305.50067026471675,0.0,1.0
5597,2019-08-22 05:00:00,8,2019-08-22 06:00:00,0.10547,0.10547,0.10547,0.0,0.1391212482342117,365.3873891201058,-0.0,0.0,0.0,365.3873891201058,365.3873891201058,0.0,0.0
5598,2019-08-22 06:00:00,8,2019-08-22 07:00:00,0.10547,0.10547,0.10547,0.0,0.1391212482342117,421.98541670844656,-0.0,24.597464512642432,0.0,397.38795219580413,397.38795219580413,0.0,0.0
5599,2019-08-22 07:00:00,8,2019-08-22 08:00:00,0.10547,0.10547,0.10547,0.0,0.05,375.5907701678248,-0.0,0.0,0.0,375.5907701678248,375.5907701678248,0.0,1.0
5600,2019-08-22 08:00:00,8,2019-08-22 09:00:00,0.10547,0.10547,0.10547,0.0,0.05,339.89333982359767,-0.0,0.0,0.0,339.89333982359767,339.89333982359767,0.0,0.0
5601,2019-08-22 09:00:00,8,2019-08-22 10:00:00,0.10547,0.10547,0.10547,0.0,0.05,286.41812861408056,-110.96982358172357,0.0,0.0,397.38795219580413,397.38795219580413,0.0,1.0
5602,2019-08-22 10:00:00,8,2019-08-22 11:00:00,0.10547,0.10547,0.10547,0.0,0.3903074589839523,289.9378073234326,-0.0,0.0,0.0,289.9378073234326,289.9378073234326,0.0,1.0
5603,2019-08-22 11:00:00,8,2019-08-22 12:00:00,0.10547,0.10547,0.10547,0.0,0.3903074589839523,285.30403022058556,-0.0,0.0,0.0,285.30403022058556,285.30403022058556,0.0,0.0
5604,2019-08-22 12:00:00,8,2019-08-22 13:00:00,0.10547,0.10547,0.10547,0.0,0.3903074589839523,277.1914818386638,-103.60462405914932,0.0,0.0,380.7961058978131,380.7961058978131,0.0,1.0
5605,2019-08-22 13:00:00,8,2019-08-22 14:00:00,0.10547,0.10547,0.10547,0.0,0.7080283060986768,302.17979114102485,-95.20816105477928,0.0,0.0,397.38795219580413,397.38795219580413,0.0,1.0
5606,2019-08-22 14:00:00,8,2019-08-22 15:00:00,0.12561,0.12561,0.12561,0.0,1.0,314.68597891399645,-0.0,0.0,0.0,314.68597891399645,314.68597891399645,0.0,1.0
5607,2019-08-22 15:00:00,8,2019-08-22 16:00:00,0.12561,0.12561,0.12561,0.0,1.0,351.37998516933567,-0.0,0.0,0.0,351.37998516933567,351.37998516933567,0.0,1.0
5608,2019-08-22 16:00:00,8,2019-08-22 17:00:00,0.15111,0.15111,0.15111,0.0,1.0,379.15802719391223,-0.0,0.0,0.0,379.15802719391223,379.15802719391223,0.0,1.0
5609,2019-08-22 17:00:00,8,2019-08-22 18:00:00,0.15111,0.15111,0.15111,0.0,1.0,423.80525768907484,-0.0,68.80187006142326,0.0,355.0033876276516,355.0033876276516,0.0,0.0
5610,2019-08-22 18:00:00,8,2019-08-22 19:00:00,0.15111,0.15111,0.15111,0.0,0.7507178620962925,426.9544122974356,-0.0,29.566460101631492,0.0,397.38795219580413,397.38795219580413,0.0,0.0
5611,2019-08-22 19:00:00,8,2019-08-22 20:00:00,0.15111,0.15111,0.15111,0.0,0.6435930066555987,444.8016971941383,-0.0,150.0,0.0,294.8016971941383,294.8016971941383,0.0,0.0
5612,2019-08-22 20:00:00,8,2019-08-22 21:00:00,0.15111,0.15111,0.15111,0.0,0.10011474578603353,411.2196220327494,-0.0,13.831669836945252,0.0,397.38795219580413,397.38795219580413,0.0,0.0
5613,2019-08-22 21:00:00,8,2019-08-22 22:00:00,0.12561,0.12561,0.12561,0.0,0.05,352.8355297283922,-0.0,0.0,0.0,352.8355297283922,352.8355297283922,0.0,1.0
5614,2019-08-22 22:00:00,8,2019-08-22 23:00:00,0.12561,0.12561,0.12561,0.0,0.05,288.8887681483252,-0.0,0.0,0.0,288.8887681483252,288.8887681483252,0.0,1.0
5615,2019-08-22 23:00:00,8,2019-08-23 00:00:00,0.10547,0.10547,0.10547,0.0,0.05,260.5914054106613,-0.0,0.0,0.0,260.5914054106613,260.5914054106613,0.0,0.0
5616,2019-08-23 00:00:00,8,2019-08-23 01:00:00,0.10547,0.10547,0.10547,0.0,0.05,252.89523082268303,-0.0,0.0,0.0,252.89523082268303,252.89523082268303,0.0,1.0
5617,2019-08-23 01:00:00,8,2019-08-23 02:00:00,0.10547,0.10547,0.10547,0.0,0.05,245.5617019930808,-0.0,0.0,0.0,245.5617019930808,245.5617019930808,0.0,1.0
5618,2019-08-23 02:00:00,8,2019-08-23 03:00:00,0.10547,0.10547,0.10547,0.0,0.05,242.6447791671615,-0.0,0.0,0.0,242.6447791671615,242.6447791671615,0.0,1.0
5619,2019-08-23 03:00:00,8,2019-08-23 04:00:00,0.10547,0.10547,0.10547,0.0,0.05,249.0132312502334,-0.0,0.0,0.0,249.0132312502334,249.0132312502334,0.0,1.0
5620,2019-08-23 04:00:00,8,2019-08-23 05:00:00,0.10547,0.10547,0.10547,0.0,0.05,275.14563067997386,-115.58569401241398,0.0,0.0,390.73132469238783,390.73132469238783,0.0,1.0
5621,2019-08-23 05:00:00,8,2019-08-23 06:00:00,0.10547,0.10547,0.10547,0.0,0.4044627949714029,363.94501485782513,-0.0,0.0,0.0,363.94501485782513,363.94501485782513,0.0,0.0
5622,2019-08-23 06:00:00,8,2019-08-23 07:00:00,0.10547,0.10547,0.10547,0.0,0.4044627949714029,421.26113407064224,-0.0,23.87318187483811,0.0,397.38795219580413,397.38795219580413,0.0,0.0
5623,2019-08-23 07:00:00,8,2019-08-23 08:00:00,0.10547,0.10547,0.10547,0.0,0.31796575919300396,376.45937879460274,-0.0,0.0,0.0,376.45937879460274,376.45937879460274,0.0,0.0
5624,2019-08-23 08:00:00,8,2019-08-23 09:00:00,0.10547,0.10547,0.10547,0.0,0.31796575919300396,344.99890707422736,-0.0,0.0,0.0,344.99890707422736,344.99890707422736,0.0,0.0
5625,2019-08-23 09:00:00,8,2019-08-23 10:00:00,0.10547,0.10547,0.10547,0.0,0.31796575919300396,286.51155941949014,-0.0,0.0,0.0,286.51155941949014,286.51155941949014,0.0,1.0
5626,2019-08-23 10:00:00,8,2019-08-23 11:00:00,0.10547,0.10547,0.10547,0.0,0.31796575919300396,282.877776158794,-114.51017603701013,0.0,0.0,397.38795219580413,397.38795219580413,0.0,1.0
5627,2019-08-23 11:00:00,8,2019-08-23 12:00:00,0.10547,0.10547,0.10547,0.0,0.669130299039835,289.495658404446,-107.89229379135816,0.0,0.0,397.38795219580413,397.38795219580413,0.0,1.0
5628,2019-08-23 12:00:00,8,2019-08-23 13:00:00,0.10547,0.10547,0.10547,0.0,1.0,305.14336586192763,-0.0,0.0,0.0,305.14336586192763,305.14336586192763,0.0,0.0
5629,2019-08-23 13:00:00,8,2019-08-23 14:00:00,0.10547,0.10547,0.10547,0.0,1.0,321.4500796345096,-0.0,0.0,0.0,321.4500796345096,321.4500796345096,0.0,1.0
5630,2019-08-23 14:00:00,8,2019-08-23 15:00:00,0.12561,0.12561,0.12561,0.0,1.0,304.363558757617,-0.0,0.0,0.0,304.363558757617,304.363558757617,0.0,0.0
5631,2019-08-23 15:00:00,8,2019-08-23 16:00:00,0.12561,0.12561,0.12561,0.0,1.0,325.6853490683724,-0.0,0.0,0.0,325.6853490683724,325.6853490683724,0.0,1.0
5632,2019-08-23 16:00:00,8,2019-08-23 17:00:00,0.15111,0.15111,0.15111,0.0,1.0,382.8719605592036,-0.0,0.0,0.0,382.8719605592036,382.8719605592036,0.0,1.0
5633,2019-08-23 17:00:00,8,2019-08-23 18:00:00,0.15111,0.15111,0.15111,0.0,1.0,416.9480254859797,-0.0,19.56007329017558,0.0,397.38795219580413,397.38795219580413,0.0,0.0
5634,2019-08-23 18:00:00,8,2019-08-23 19:00:00,0.15111,0.15111,0.15111,0.0,0.9291301692384943,412.9587167412951,-0.0,15.570764545490988,0.0,397.38795219580413,397.38795219580413,0.0,0.0
5635,2019-08-23 19:00:00,8,2019-08-23 20:00:00,0.15111,0.15111,0.15111,0.0,0.8727143556678749,442.9842914368384,-0.0,77.06916216433348,0.0,365.91512927250494,365.91512927250494,0.0,0.0
5636,2019-08-23 20:00:00,8,2019-08-23 21:00:00,0.15111,0.15111,0.15111,0.0,0.5934782608695652,432.9639019744955,-0.0,150.0,0.0,282.9639019744955,282.9639019744955,0.0,0.0
5637,2019-08-23 21:00:00,8,2019-08-23 22:00:00,0.12561,0.12561,0.12561,0.0,0.05,360.97482680145055,-0.0,0.0,0.0,360.97482680145055,360.97482680145055,0.0,1.0
5638,2019-08-23 22:00:00,8,2019-08-23 23:00:00,0.12561,0.12561,0.12561,0.0,0.05,286.3837267210486,-0.0,0.0,0.0,286.3837267210486,286.3837267210486,0.0,1.0
5639,2019-08-23 23:00:00,8,2019-08-24 00:00:00,0.10547,0.10547,0.10547,0.0,0.05,262.3094846631893,-0.0,0.0,0.0,262.3094846631893,262.3094846631893,0.0,1.0
5640,2019-08-24 00:00:00,8,2019-08-24 01:00:00,0.10547,0.10547,0.10547,0.0,0.05,255.37629028587764,-0.0,0.0,0.0,255.37629028587764,255.37629028587764,0.0,1.0
5641,2019-08-24 01:00:00,8,2019-08-24 02:00:00,0.10547,0.10547,0.10547,0.0,0.05,246.01468369465064,-0.0,0.0,0.0,246.01468369465064,246.01468369465064,0.0,1.0
5642,2019-08-24 02:00:00,8,2019-08-24 03:00:00,0.10547,0.10547,0.10547,0.0,0.05,242.53198756430106,-0.0,0.0,0.0,242.53198756430106,242.53198756430106,0.0,1.0
5643,2019-08-24 03:00:00,8,2019-08-24 04:00:00,0.10547,0.10547,0.10547,0.0,0.05,248.72839520455506,-148.65955699124908,0.0,0.0,397.38795219580413,397.38795219580413,0.0,1.0
5644,2019-08-24 04:00:00,8,2019-08-24 05:00:00,0.10547,0.10547,0.10547,0.0,0.5058893081064971,272.69857560566743,-73.90538889168042,0.0,0.0,346.6039644973479,346.6039644973479,0.0,1.0
5645,2019-08-24 05:00:00,8,2019-08-24 06:00:00,0.10547,0.10547,0.10547,0.0,0.7325325007076504,365.16800232717156,-0.0,0.0,0.0,365.16800232717156,365.16800232717156,0.0,1.0
5646,2019-08-24 06:00:00,8,2019-08-24 07:00:00,0.10547,0.10547,0.10547,0.0,0.7325325007076504,420.70073633985817,-0.0,23.312784144054035,0.0,397.38795219580413,397.38795219580413,0.0,0.0
5647,2019-08-24 07:00:00,8,2019-08-24 08:00:00,0.10547,0.10547,0.10547,0.0,0.6480658914900633,375.1645628367315,-0.0,0.0,0.0,375.1645628367315,375.1645628367315,0.0,1.0
5648,2019-08-24 08:00:00,8,2019-08-24 09:00:00,0.10547,0.10547,0.10547,0.0,0.6480658914900633,339.73673529845837,-0.0,0.0,0.0,339.73673529845837,339.73673529845837,0.0,0.0
5649,2019-08-24 09:00:00,8,2019-08-24 10:00:00,0.10547,0.10547,0.10547,0.0,0.6480658914900633,282.6268298556074,-114.76112234019672,0.0,0.0,397.38795219580413,397.38795219580413,0.0,1.0
5650,2019-08-24 10:00:00,8,2019-08-24 11:00:00,0.10547,0.10547,0.10547,0.0,1.0,288.73159608538646,-0.0,0.0,0.0,288.73159608538646,288.73159608538646,0.0,0.0
5651,2019-08-24 11:00:00,8,2019-08-24 12:00:00,0.10547,0.10547,0.10547,0.0,1.0,314.0545706758404,-0.0,0.0,0.0,314.0545706758404,314.0545706758404,0.0,1.0
5652,2019-08-24 12:00:00,8,2019-08-24 13:00:00,0.10547,0.10547,0.10547,0.0,1.0,327.3932915537613,-0.0,0.0,0.0,327.3932915537613,327.3932915537613,0.0,1.0
5653,2019-08-24 13:00:00,8,2019-08-24 14:00:00,0.10547,0.10547,0.10547,0.0,1.0,326.42793152815335,-0.0,0.0,0.0,326.42793152815335,326.42793152815335,0.0,1.0
5654,2019-08-24 14:00:00,8,2019-08-24 15:00:00,0.12561,0.12561,0.12561,0.0,1.0,327.33731127767425,-0.0,0.0,0.0,327.33731127767425,327.33731127767425,0.0,1.0
5655,2019-08-24 15:00:00,8,2019-08-24 16:00:00,0.12561,0.12561,0.12561,0.0,1.0,359.67168080402126,-0.0,0.0,0.0,359.67168080402126,359.67168080402126,0.0,1.0
5656,2019-08-24 16:00:00,8,2019-08-24 17:00:00,0.15111,0.15111,0.15111,0.0,1.0,388.13825991968076,-0.0,119.95947681174668,0.0,268.17878310793407,268.17878310793407,0.0,0.0
5657,2019-08-24 17:00:00,8,2019-08-24 18:00:00,0.15111,0.15111,0.15111,0.0,0.5653642144501932,440.5906248403279,-0.0,43.20267264452377,0.0,397.38795219580413,397.38795219580413,0.0,0.0
5658,2019-08-24 18:00:00,8,2019-08-24 19:00:00,0.15111,0.15111,0.15111,0.0,0.4088327918251071,424.1018900566049,-0.0,26.71393786080074,0.0,397.38795219580413,397.38795219580413,0.0,0.0
5659,2019-08-24 19:00:00,8,2019-08-24 20:00:00,0.15111,0.15111,0.15111,0.0,0.31204316189466963,436.207510924518,-0.0,38.819558728713844,0.0,397.38795219580413,397.38795219580413,0.0,0.0
5660,2019-08-24 20:00:00,8,2019-08-24 21:00:00,0.15111,0.15111,0.15111,0.0,0.17139258679063402,430.8923061500191,-0.0,33.50435395421499,0.0,397.38795219580413,397.38795219580413,0.0,0.0
5661,2019-08-24 21:00:00,8,2019-08-24 22:00:00,0.12561,0.12561,0.12561,0.0,0.05,365.8056143129929,-0.0,0.0,0.0,365.8056143129929,365.8056143129929,0.0,1.0
5662,2019-08-24 22:00:00,8,2019-08-24 23:00:00,0.12561,0.12561,0.12561,0.0,0.05,295.07782185554805,-0.0,0.0,0.0,295.07782185554805,295.07782185554805,0.0,1.0
5663,2019-08-24 23:00:00,8,2019-08-25 00:00:00,0.10547,0.10547,0.10547,0.0,0.05,261.10942130714244,-0.0,0.0,0.0,261.10942130714244,261.10942130714244,0.0,1.0
5664,2019-08-25 00:00:00,8,2019-08-25 01:00:00,0.10547,0.10547,0.10547,0.0,0.05,255.45542213952595,-10.955448776612851,0.0,0.0,266.41087091613883,266.41087091613883,0.0,1.0
5665,2019-08-25 01:00:00,8,2019-08-25 02:00:00,0.10547,0.10547,0.10547,0.0,0.08359670958161275,247.22138417678832,-150.0,0.0,0.0,397.2213841767883,397.2213841767883,0.0,1.0
5666,2019-08-25 02:00:00,8,2019-08-25 03:00:00,0.10547,0.10547,0.10547,0.0,0.5435967095816128,244.07661814634446,-0.0,0.0,0.0,244.07661814634446,244.07661814634446,0.0,0.0
5667,2019-08-25 03:00:00,8,2019-08-25 04:00:00,0.10547,0.10547,0.10547,0.0,0.5435967095816128,248.56079227676483,-148.82715991903933,0.0,0.0,397.38795219580413,397.38795219580413,0.0,1.0
5668,2019-08-25 04:00:00,8,2019-08-25 05:00:00,0.10547,0.10547,0.10547,0.0,1.0,267.1047148546143,-0.0,0.0,0.0,267.1047148546143,267.1047148546143,0.0,0.0
5669,2019-08-25 05:00:00,8,2019-08-25 06:00:00,0.10547,0.10547,0.10547,0.0,1.0,360.4603191334713,-0.0,0.0,0.0,360.4603191334713,360.4603191334713,0.0,0.0
5670,2019-08-25 06:00:00,8,2019-08-25 07:00:00,0.10547,0.10547,0.10547,0.0,1.0,419.5851102222937,-0.0,22.197158026489547,0.0,397.38795219580413,397.38795219580413,0.0,0.0
5671,2019-08-25 07:00:00,8,2019-08-25 08:00:00,0.10547,0.10547,0.10547,0.0,0.9195755143967771,372.55207832690814,-24.835873868895987,0.0,0.0,397.38795219580413,397.38795219580413,0.0,1.0
5672,2019-08-25 08:00:00,8,2019-08-25 09:00:00,0.10547,0.10547,0.10547,0.0,0.9957388609280582,337.97722059466855,6.178632484870436e-14,0.0,0.0,337.97722059466855,337.97722059466855,0.0,0.0
5673,2019-08-25 09:00:00,8,2019-08-25 10:00:00,0.10547,0.10547,0.10547,0.0,0.9957388609280581,286.19789127304887,-1.389501871285404,0.0,0.0,287.58739314433427,287.58739314433427,0.0,1.0
5674,2019-08-25 10:00:00,8,2019-08-25 11:00:00,0.10547,0.10547,0.10547,0.0,1.0,290.5112392094995,-0.0,0.0,0.0,290.5112392094995,290.5112392094995,0.0,1.0
5675,2019-08-25 11:00:00,8,2019-08-25 12:00:00,0.10547,0.10547,0.10547,0.0,1.0,303.29247679723153,-0.0,0.0,0.0,303.29247679723153,303.29247679723153,0.0,0.0
5676,2019-08-25 12:00:00,8,2019-08-25 13:00:00,0.10547,0.10547,0.10547,0.0,1.0,321.9385715523277,-0.0,0.0,0.0,321.9385715523277,321.9385715523277,0.0,1.0
5677,2019-08-25 13:00:00,8,2019-08-25 14:00:00,0.10547,0.10547,0.10547,0.0,1.0,318.49107906146526,-0.0,0.0,0.0,318.49107906146526,318.49107906146526,0.0,1.0
5678,2019-08-25 14:00:00,8,2019-08-25 15:00:00,0.12561,0.12561,0.12561,0.0,1.0,304.22127404837823,-0.0,0.0,0.0,304.22127404837823,304.22127404837823,0.0,1.0
5679,2019-08-25 15:00:00,8,2019-08-25 16:00:00,0.12561,0.12561,0.12561,0.0,1.0,326.9938082535437,-0.0,0.0,0.0,326.9938082535437,326.9938082535437,0.0,1.0
5680,2019-08-25 16:00:00,8,2019-08-25 17:00:00,0.15111,0.15111,0.15111,0.0,1.0,364.28650779102173,-0.0,0.0,0.0,364.28650779102173,364.28650779102173,0.0,1.0
5681,2019-08-25 17:00:00,8,2019-08-25 18:00:00,0.15111,0.15111,0.15111,0.0,1.0,441.4866576488943,-0.0,150.0,0.0,291.4866576488943,291.4866576488943,0.0,0.0
5682,2019-08-25 18:00:00,8,2019-08-25 19:00:00,0.15111,0.15111,0.15111,0.0,0.45652173913043487,445.391947939521,-0.0,48.00399574371687,0.0,397.38795219580413,397.38795219580413,0.0,0.0
5683,2019-08-25 19:00:00,8,2019-08-25 20:00:00,0.15111,0.15111,0.15111,0.0,0.28259421831986653,443.78622245114076,-0.0,46.39827025533663,0.0,397.38795219580413,397.38795219580413,0.0,0.0
5684,2019-08-25 20:00:00,8,2019-08-25 21:00:00,0.15111,0.15111,0.15111,0.0,0.11448454348169035,414.3669301123683,-0.0,17.797734000946537,0.0,396.5691961114218,396.5691961114218,0.0,0.0
5685,2019-08-25 21:00:00,8,2019-08-25 22:00:00,0.12561,0.12561,0.12561,0.0,0.05,359.58353452138186,-0.0,0.0,0.0,359.58353452138186,359.58353452138186,0.0,1.0
5686,2019-08-25 22:00:00,8,2019-08-25 23:00:00,0.12561,0.12561,0.12561,0.0,0.05,293.3985380354934,-0.0,0.0,0.0,293.3985380354934,293.3985380354934,0.0,1.0
5687,2019-08-25 23:00:00,8,2019-08-26 00:00:00,0.10547,0.10547,0.10547,0.0,0.05,258.15028336597425,-0.0,0.0,0.0,258.15028336597425,258.15028336597425,0.0,1.0
5688,2019-08-26 00:00:00,8,2019-08-26 01:00:00,0.10547,0.10547,0.10547,0.0,0.05,259.4913594586797,-137.89659273712442,0.0,0.0,397.38795219580413,397.38795219580413,0.0,1.0
5689,2019-08-26 01:00:00,8,2019-08-26 02:00:00,0.10547,0.10547,0.10547,0.0,0.47288288439384824,242.50941261323015,-150.0,0.0,0.0,392.50941261323015,392.50941261323015,0.0,1.0
5690,2019-08-26 02:00:00,8,2019-08-26 03:00:00,0.10547,0.10547,0.10547,0.0,0.9328828843938481,238.44906621651828,-0.0,0.0,0.0,238.44906621651828,238.44906621651828,0.0,0.0
5691,2019-08-26 03:00:00,8,2019-08-26 04:00:00,0.10547,0.10547,0.10547,0.0,0.9328828843938481,245.62299578276603,-0.0,0.0,0.0,245.62299578276603,245.62299578276603,0.0,1.0
5692,2019-08-26 04:00:00,8,2019-08-26 05:00:00,0.10547,0.10547,0.10547,0.0,0.9328828843938481,253.41190546269755,-0.0,0.0,0.0,253.41190546269755,253.41190546269755,0.0,1.0
5693,2019-08-26 05:00:00,8,2019-08-26 06:00:00,0.10547,0.10547,0.10547,0.0,0.9328828843938481,326.24626026557473,-0.0,0.0,0.0,326.24626026557473,326.24626026557473,0.0,1.0
5694,2019-08-26 06:00:00,8,2019-08-26 07:00:00,0.10547,0.10547,0.10547,0.0,0.9328828843938481,367.28850848049507,-0.0,0.0,0.0,367.28850848049507,367.28850848049507,0.0,0.0
5695,2019-08-26 07:00:00,8,2019-08-26 08:00:00,0.10547,0.10547,0.10547,0.0,0.9328828843938481,400.35976609971993,-0.0,2.971813903915802,0.0,397.38795219580413,397.38795219580413,0.0,0.0
5696,2019-08-26 08:00:00,8,2019-08-26 09:00:00,0.10547,0.10547,0.10547,0.0,0.9221154427129937,348.1531623923422,-0.0,0.0,0.0,348.1531623923422,348.1531623923422,0.0,1.0
5697,2019-08-26 09:00:00,8,2019-08-26 10:00:00,0.10547,0.10547,0.10547,0.0,0.9221154427129937,297.96748423413896,-0.0,0.0,0.0,297.96748423413896,297.96748423413896,0.0,1.0
5698,2019-08-26 10:00:00,8,2019-08-26 11:00:00,0.10547,0.10547,0.10547,0.0,0.9221154427129937,303.5590853236597,-0.0,0.0,0.0,303.5590853236597,303.5590853236597,0.0,1.0
5699,2019-08-26 11:00:00,8,2019-08-26 12:00:00,0.10547,0.10547,0.10547,0.0,0.9221154427129937,336.7777331490585,-25.39713824576291,0.0,0.0,362.1748713948214,362.1748713948214,0.0,1.0
5700,2019-08-26 12:00:00,8,2019-08-26 13:00:00,0.10547,0.10547,0.10547,0.0,1.0,329.7283357373307,-0.0,0.0,0.0,329.7283357373307,329.7283357373307,0.0,1.0
5701,2019-08-26 13:00:00,8,2019-08-26 14:00:00,0.10547,0.10547,0.10547,0.0,1.0,298.99256819754675,-0.0,0.0,0.0,298.99256819754675,298.99256819754675,0.0,1.0
5702,2019-08-26 14:00:00,8,2019-08-26 15:00:00,0.12561,0.12561,0.12561,0.0,1.0,300.4426124713388,-0.0,0.0,0.0,300.4426124713388,300.4426124713388,0.0,1.0
5703,2019-08-26 15:00:00,8,2019-08-26 16:00:00,0.12561,0.12561,0.12561,0.0,1.0,329.68515936276924,-0.0,0.0,0.0,329.68515936276924,329.68515936276924,0.0,1.0
5704,2019-08-26 16:00:00,8,2019-08-26 17:00:00,0.15111,0.15111,0.15111,0.0,1.0,361.2552083736078,-0.0,0.0,0.0,361.2552083736078,361.2552083736078,0.0,1.0
5705,2019-08-26 17:00:00,8,2019-08-26 18:00:00,0.15111,0.15111,0.15111,0.0,1.0,449.65852260887743,-0.0,52.27057041307329,0.0,397.38795219580413,397.38795219580413,0.0,0.0
5706,2019-08-26 18:00:00,8,2019-08-26 19:00:00,0.15111,0.15111,0.15111,0.0,0.8106138753149519,450.3928859291877,-0.0,53.00493373338354,0.0,397.38795219580413,397.38795219580413,0.0,0.0
5707,2019-08-26 19:00:00,8,2019-08-26 20:00:00,0.15111,0.15111,0.15111,0.0,0.618567013962113,427.6024855523638,-0.0,145.12994092686583,0.0,282.472544625498,282.472544625498,0.0,0.0
5708,2019-08-26 20:00:00,8,2019-08-26 21:00:00,0.15111,0.15111,0.15111,0.0,0.0927338946618746,409.1825071224815,-0.0,11.794554926677392,0.0,397.38795219580413,397.38795219580413,0.0,0.0
5709,2019-08-26 21:00:00,8,2019-08-26 22:00:00,0.12561,0.12561,0.12561,0.0,0.05,359.47778175894337,-0.0,0.0,0.0,359.47778175894337,359.47778175894337,0.0,1.0
5710,2019-08-26 22:00:00,8,2019-08-26 23:00:00,0.12561,0.12561,0.12561,0.0,0.05,288.2335589291351,-0.0,0.0,0.0,288.2335589291351,288.2335589291351,0.0,1.0
5711,2019-08-26 23:00:00,8,2019-08-27 00:00:00,0.10547,0.10547,0.10547,0.0,0.05,270.2664244175954,-0.0,0.0,0.0,270.2664244175954,270.2664244175954,0.0,0.0
5712,2019-08-27 00:00:00,8,2019-08-27 01:00:00,0.10547,0.10547,0.10547,0.0,0.05,283.6974852867749,-113.69046690902923,0.0,0.0,397.38795219580413,397.38795219580413,0.0,1.0
5713,2019-08-27 01:00:00,8,2019-08-27 02:00:00,0.10547,0.10547,0.10547,0.0,0.39865076518768966,265.4083018739665,-0.0,0.0,0.0,265.4083018739665,265.4083018739665,0.0,0.0
5714,2019-08-27 02:00:00,8,2019-08-27 03:00:00,0.10547,0.10547,0.10547,0.0,0.39865076518768966,261.45805081376534,-135.9299013820388,0.0,0.0,397.38795219580413,397.38795219580413,0.0,1.0
5715,2019-08-27 03:00:00,8,2019-08-27 04:00:00,0.10547,0.10547,0.10547,0.0,0.8155024627592753,261.33585396820064,-60.16224040458414,0.0,0.0,321.49809437278475,321.49809437278475,0.0,1.0
5716,2019-08-27 04:00:00,8,2019-08-27 05:00:00,0.10547,0.10547,0.10547,0.0,1.0,267.9238397846172,-0.0,0.0,0.0,267.9238397846172,267.9238397846172,0.0,1.0
5717,2019-08-27 05:00:00,8,2019-08-27 06:00:00,0.10547,0.10547,0.10547,0.0,1.0,329.2612376734981,-0.0,0.0,0.0,329.2612376734981,329.2612376734981,0.0,1.0
5718,2019-08-27 06:00:00,8,2019-08-27 07:00:00,0.10547,0.10547,0.10547,0.0,1.0,374.21236668728613,-0.0,0.0,0.0,374.21236668728613,374.21236668728613,0.0,1.0
5719,2019-08-27 07:00:00,8,2019-08-27 08:00:00,0.10547,0.10547,0.10547,0.0,1.0,396.12102123364457,-0.0,0.0,0.0,396.12102123364457,396.12102123364457,0.0,0.0
5720,2019-08-27 08:00:00,8,2019-08-27 09:00:00,0.10547,0.10547,0.10547,0.0,1.0,342.55234432615595,-0.0,0.0,0.0,342.55234432615595,342.55234432615595,0.0,1.0
5721,2019-08-27 09:00:00,8,2019-08-27 10:00:00,0.10547,0.10547,0.10547,0.0,1.0,309.0999193741407,-0.0,0.0,0.0,309.0999193741407,309.0999193741407,0.0,1.0
5722,2019-08-27 10:00:00,8,2019-08-27 11:00:00,0.10547,0.10547,0.10547,0.0,1.0,313.79990322407895,-0.0,0.0,0.0,313.79990322407895,313.79990322407895,0.0,1.0
5723,2019-08-27 11:00:00,8,2019-08-27 12:00:00,0.10547,0.10547,0.10547,0.0,1.0,319.0724214534039,-0.0,0.0,0.0,319.0724214534039,319.0724214534039,0.0,1.0
5724,2019-08-27 12:00:00,8,2019-08-27 13:00:00,0.10547,0.10547,0.10547,0.0,1.0,298.6388469453296,-0.0,0.0,0.0,298.6388469453296,298.6388469453296,0.0,1.0
5725,2019-08-27 13:00:00,8,2019-08-27 14:00:00,0.10547,0.10547,0.10547,0.0,1.0,304.87819836001535,-0.0,0.0,0.0,304.87819836001535,304.87819836001535,0.0,1.0
5726,2019-08-27 14:00:00,8,2019-08-27 15:00:00,0.12561,0.12561,0.12561,0.0,1.0,316.95412885502975,-0.0,0.0,0.0,316.95412885502975,316.95412885502975,0.0,1.0
5727,2019-08-27 15:00:00,8,2019-08-27 16:00:00,0.12561,0.12561,0.12561,0.0,1.0,351.734819747804,-0.0,0.0,0.0,351.734819747804,351.734819747804,0.0,0.0
5728,2019-08-27 16:00:00,8,2019-08-27 17:00:00,0.15111,0.15111,0.15111,0.0,1.0,378.80136175997217,-0.0,0.0,0.0,378.80136175997217,378.80136175997217,0.0,1.0
5729,2019-08-27 17:00:00,8,2019-08-27 18:00:00,0.15111,0.15111,0.15111,0.0,1.0,443.09367132794824,-0.0,76.84316976204121,0.0,366.25050156590703,366.25050156590703,0.0,0.0
5730,2019-08-27 18:00:00,8,2019-08-27 19:00:00,0.15111,0.15111,0.15111,0.0,0.721582718253474,430.98357185032137,-0.0,33.595619654517236,0.0,397.38795219580413,397.38795219580413,0.0,0.0
5731,2019-08-27 19:00:00,8,2019-08-27 20:00:00,0.15111,0.15111,0.15111,0.0,0.5998594586356578,435.6718105658575,-0.0,150.00000000000003,0.0,285.6718105658575,285.6718105658575,0.0,0.0
5732,2019-08-27 20:00:00,8,2019-08-27 21:00:00,0.15111,0.15111,0.15111,0.0,0.05638119776609254,399.14916277924567,-0.0,1.7612105834415388,0.0,397.38795219580413,397.38795219580413,0.0,0.0
5733,2019-08-27 21:00:00,8,2019-08-27 22:00:00,0.12561,0.12561,0.12561,0.0,0.05,340.0782171753734,-0.0,0.0,0.0,340.0782171753734,340.0782171753734,0.0,1.0
5734,2019-08-27 22:00:00,8,2019-08-27 23:00:00,0.12561,0.12561,0.12561,0.0,0.05,272.52045256162336,-0.0,0.0,0.0,272.52045256162336,272.52045256162336,0.0,1.0
5735,2019-08-27 23:00:00,8,2019-08-28 00:00:00,0.10547,0.10547,0.10547,0.0,0.05,263.5361935789474,-0.0,0.0,0.0,263.5361935789474,263.5361935789474,0.0,1.0
5736,2019-08-28 00:00:00,8,2019-08-28 01:00:00,0.10547,0.10547,0.10547,0.0,0.05,248.40156644881583,-148.98638574698828,0.0,0.0,397.38795219580413,397.38795219580413,0.0,1.0
5737,2019-08-28 01:00:00,8,2019-08-28 02:00:00,0.10547,0.10547,0.10547,0.0,0.5068915829574308,241.28587515250902,-0.0,0.0,0.0,241.28587515250902,241.28587515250902,0.0,0.0
5738,2019-08-28 02:00:00,8,2019-08-28 03:00:00,0.10547,0.10547,0.10547,0.0,0.5068915829574309,237.39500000318714,-150.0,0.0,0.0,387.39500000318714,387.39500000318714,0.0,1.0
5739,2019-08-28 03:00:00,8,2019-08-28 04:00:00,0.10547,0.10547,0.10547,0.0,0.9668915829574308,244.27212021734124,-0.0,0.0,0.0,244.27212021734124,244.27212021734124,0.0,1.0
5740,2019-08-28 04:00:00,8,2019-08-28 05:00:00,0.10547,0.10547,0.10547,0.0,0.9668915829574308,271.1731956723249,-0.0,0.0,0.0,271.1731956723249,271.1731956723249,0.0,1.0
5741,2019-08-28 05:00:00,8,2019-08-28 06:00:00,0.10547,0.10547,0.10547,0.0,0.9668915829574308,362.1007034649841,-0.0,0.0,0.0,362.1007034649841,362.1007034649841,0.0,1.0
5742,2019-08-28 06:00:00,8,2019-08-28 07:00:00,0.10547,0.10547,0.10547,0.0,0.9668915829574308,414.29890799005244,-0.0,16.91095579424831,0.0,397.38795219580413,397.38795219580413,0.0,0.0
5743,2019-08-28 07:00:00,8,2019-08-28 08:00:00,0.10547,0.10547,0.10547,0.0,0.9056200039927631,365.6538726817026,-0.0,0.0,0.0,365.6538726817026,365.6538726817026,0.0,1.0
5744,2019-08-28 08:00:00,8,2019-08-28 09:00:00,0.10547,0.10547,0.10547,0.0,0.9056200039927631,329.1267571237292,-0.0,0.0,0.0,329.1267571237292,329.1267571237292,0.0,1.0
5745,2019-08-28 09:00:00,8,2019-08-28 10:00:00,0.10547,0.10547,0.10547,0.0,0.9056200039927631,285.89311770691785,-0.0,0.0,0.0,285.89311770691785,285.89311770691785,0.0,1.0
5746,2019-08-28 10:00:00,8,2019-08-28 11:00:00,0.10547,0.10547,0.10547,0.0,0.9056200039927631,300.63999889530777,-0.0,0.0,0.0,300.63999889530777,300.63999889530777,0.0,1.0
5747,2019-08-28 11:00:00,8,2019-08-28 12:00:00,0.10547,0.10547,0.10547,0.0,0.9056200039927631,311.5957255114234,-0.0,0.0,0.0,311.5957255114234,311.5957255114234,0.0,1.0
5748,2019-08-28 12:00:00,8,2019-08-28 13:00:00,0.10547,0.10547,0.10547,0.0,0.9056200039927631,310.11149276279656,-30.776085654533755,0.0,0.0,340.8875784173303,340.8875784173303,0.0,1.0
5749,2019-08-28 13:00:00,8,2019-08-28 14:00:00,0.10547,0.10547,0.10547,0.0,1.0,312.3151993516659,-0.0,0.0,0.0,312.3151993516659,312.3151993516659,0.0,1.0
5750,2019-08-28 14:00:00,8,2019-08-28 15:00:00,0.12561,0.12561,0.12561,0.0,1.0,320.46988459871454,-0.0,0.0,0.0,320.46988459871454,320.46988459871454,0.0,1.0
5751,2019-08-28 15:00:00,8,2019-08-28 16:00:00,0.12561,0.12561,0.12561,0.0,1.0,347.17454646420276,-0.0,0.0,0.0,347.17454646420276,347.17454646420276,0.0,1.0
5752,2019-08-28 16:00:00,8,2019-08-28 17:00:00,0.15111,0.15111,0.15111,0.0,1.0,371.70519498208546,-0.0,0.0,0.0,371.70519498208546,371.70519498208546,0.0,1.0
5753,2019-08-28 17:00:00,8,2019-08-28 18:00:00,0.15111,0.15111,0.15111,0.0,1.0,426.0554820540264,-0.0,28.66752985822228,0.0,397.38795219580413,397.38795219580413,0.0,0.0
5754,2019-08-28 18:00:00,8,2019-08-28 19:00:00,0.15111,0.15111,0.15111,0.0,0.8961321381948467,433.14304830676735,-0.0,35.75509611096322,0.0,397.38795219580413,397.38795219580413,0.0,0.0
5755,2019-08-28 19:00:00,8,2019-08-28 20:00:00,0.15111,0.15111,0.15111,0.0,0.7665846885174439,445.3346829233081,-0.0,47.94673072750396,0.0,397.38795219580413,397.38795219580413,0.0,0.0
5756,2019-08-28 20:00:00,8,2019-08-28 21:00:00,0.15111,0.15111,0.15111,0.0,0.5928646496496759,419.7002137430274,-0.0,149.83064330331055,0.0,269.8695704397169,269.8695704397169,0.0,0.0
5757,2019-08-28 21:00:00,8,2019-08-28 22:00:00,0.12561,0.12561,0.12561,0.0,0.05,348.1914080243885,-0.0,0.0,0.0,348.1914080243885,348.1914080243885,0.0,1.0
5758,2019-08-28 22:00:00,8,2019-08-28 23:00:00,0.12561,0.12561,0.12561,0.0,0.05,273.6699805551548,-0.0,0.0,0.0,273.6699805551548,273.6699805551548,0.0,1.0
5759,2019-08-28 23:00:00,8,2019-08-29 00:00:00,0.10547,0.10547,0.10547,0.0,0.05,259.70137091296533,-0.0,0.0,0.0,259.70137091296533,259.70137091296533,0.0,1.0
5760,2019-08-29 00:00:00,8,2019-08-29 01:00:00,0.10547,0.10547,0.10547,0.0,0.05,260.20604846528533,-137.1819037305188,0.0,0.0,397.38795219580413,397.38795219580413,0.0,1.0
5761,2019-08-29 01:00:00,8,2019-08-29 02:00:00,0.10547,0.10547,0.10547,0.0,0.4706911714402577,252.78959222304522,-0.0,0.0,0.0,252.78959222304522,252.78959222304522,0.0,0.0
5762,2019-08-29 02:00:00,8,2019-08-29 03:00:00,0.10547,0.10547,0.10547,0.0,0.4706911714402577,246.1362779282462,-0.0,0.0,0.0,246.1362779282462,246.1362779282462,0.0,0.0
5763,2019-08-29 03:00:00,8,2019-08-29 04:00:00,0.10547,0.10547,0.10547,0.0,0.4706911714402577,249.27599391543066,-0.0,0.0,0.0,249.27599391543066,249.27599391543066,0.0,1.0
5764,2019-08-29 04:00:00,8,2019-08-29 05:00:00,0.10547,0.10547,0.10547,0.0,0.4706911714402577,269.9021937245486,-0.0,0.0,0.0,269.9021937245486,269.9021937245486,0.0,1.0
5765,2019-08-29 05:00:00,8,2019-08-29 06:00:00,0.10547,0.10547,0.10547,0.0,0.4706911714402577,362.6614095989848,-0.0,0.0,0.0,362.6614095989848,362.6614095989848,0.0,0.0
5766,2019-08-29 06:00:00,8,2019-08-29 07:00:00,0.10547,0.10547,0.10547,0.0,0.4706911714402577,412.21813411731614,-0.0,14.830181921512008,0.0,397.38795219580413,397.38795219580413,0.0,0.0
5767,2019-08-29 07:00:00,8,2019-08-29 08:00:00,0.10547,0.10547,0.10547,0.0,0.4169586282463736,353.8014209609039,-0.0,0.0,0.0,353.8014209609039,353.8014209609039,0.0,1.0
5768,2019-08-29 08:00:00,8,2019-08-29 09:00:00,0.10547,0.10547,0.10547,0.0,0.4169586282463736,330.49236212606945,-0.0,0.0,0.0,330.49236212606945,330.49236212606945,0.0,1.0
5769,2019-08-29 09:00:00,8,2019-08-29 10:00:00,0.10547,0.10547,0.10547,0.0,0.4169586282463736,282.78019173649835,-0.0,0.0,0.0,282.78019173649835,282.78019173649835,0.0,1.0
5770,2019-08-29 10:00:00,8,2019-08-29 11:00:00,0.10547,0.10547,0.10547,0.0,0.4169586282463736,285.8534716121936,-80.2598181475147,0.0,0.0,366.11328975970827,366.11328975970827,0.0,1.0
5771,2019-08-29 11:00:00,8,2019-08-29 12:00:00,0.10547,0.10547,0.10547,0.0,0.6630887372320854,287.52558390191894,-109.8623682938852,0.0,0.0,397.38795219580413,397.38795219580413,0.0,1.0
5772,2019-08-29 12:00:00,8,2019-08-29 13:00:00,0.10547,0.10547,0.10547,0.0,1.0,278.5110347892495,-0.0,0.0,0.0,278.5110347892495,278.5110347892495,0.0,1.0
5773,2019-08-29 13:00:00,8,2019-08-29 14:00:00,0.10547,0.10547,0.10547,0.0,1.0,279.388220117346,-0.0,0.0,0.0,279.388220117346,279.388220117346,0.0,1.0
5774,2019-08-29 14:00:00,8,2019-08-29 15:00:00,0.12561,0.12561,0.12561,0.0,1.0,281.59033471997395,-0.0,0.0,0.0,281.59033471997395,281.59033471997395,0.0,1.0
5775,2019-08-29 15:00:00,8,2019-08-29 16:00:00,0.12561,0.12561,0.12561,0.0,1.0,319.6857197732053,-0.0,0.0,0.0,319.6857197732053,319.6857197732053,0.0,1.0
5776,2019-08-29 16:00:00,8,2019-08-29 17:00:00,0.15111,0.15111,0.15111,0.0,1.0,349.4129397423849,-0.0,0.0,0.0,349.4129397423849,349.4129397423849,0.0,1.0
5777,2019-08-29 17:00:00,8,2019-08-29 18:00:00,0.15111,0.15111,0.15111,0.0,1.0,399.8082848117093,-0.0,2.4203326159051812,0.0,397.38795219580413,397.38795219580413,0.0,0.0
5778,2019-08-29 18:00:00,8,2019-08-29 19:00:00,0.15111,0.15111,0.15111,0.0,0.9912306789278797,417.7027346785786,-0.0,92.65561006779055,0.0,325.04712461078805,325.04712461078805,0.0,0.0
5779,2019-08-29 19:00:00,8,2019-08-29 20:00:00,0.15111,0.15111,0.15111,0.0,0.6555219467982039,440.60777446863676,-0.0,150.0,0.0,290.60777446863676,290.60777446863676,0.0,0.0
5780,2019-08-29 20:00:00,8,2019-08-29 21:00:00,0.15111,0.15111,0.15111,0.0,0.11204368592863873,414.5120095121084,-0.0,17.124057316304288,0.0,397.38795219580413,397.38795219580413,0.0,0.0
5781,2019-08-29 21:00:00,8,2019-08-29 22:00:00,0.12561,0.12561,0.12561,0.0,0.05,358.55507652101653,-0.0,0.0,0.0,358.55507652101653,358.55507652101653,0.0,1.0
5782,2019-08-29 22:00:00,8,2019-08-29 23:00:00,0.12561,0.12561,0.12561,0.0,0.05,291.3391332755366,-0.0,0.0,0.0,291.3391332755366,291.3391332755366,0.0,1.0
5783,2019-08-29 23:00:00,8,2019-08-30 00:00:00,0.10547,0.10547,0.10547,0.0,0.05,259.4852432075667,-32.02790792100258,0.0,0.0,291.5131511285693,291.5131511285693,0.0,1.0
5784,2019-08-30 00:00:00,8,2019-08-30 01:00:00,0.10547,0.10547,0.10547,0.0,0.1482189176244079,246.57063997474802,-0.0,1.3028669227628874e-14,0.0,246.57063997474802,246.57063997474802,0.0,1.0
5785,2019-08-30 01:00:00,8,2019-08-30 02:00:00,0.10547,0.10547,0.10547,0.0,0.1482189176244077,237.19976943374405,-0.0,0.0,0.0,237.19976943374405,237.19976943374405,0.0,0.0
5786,2019-08-30 02:00:00,8,2019-08-30 03:00:00,0.10547,0.10547,0.10547,0.0,0.1482189176244077,229.05607371962236,-150.0,0.0,0.0,379.05607371962236,379.05607371962236,0.0,1.0
5787,2019-08-30 03:00:00,8,2019-08-30 04:00:00,0.10547,0.10547,0.10547,0.0,0.6082189176244077,230.38996905839892,-0.0,2.842170943040401e-14,0.0,230.3899690583989,230.3899690583989,0.0,0.0
5788,2019-08-30 04:00:00,8,2019-08-30 05:00:00,0.10547,0.10547,0.10547,0.0,0.6082189176244076,233.64786631174027,-0.0,0.0,0.0,233.64786631174027,233.64786631174027,0.0,1.0
5789,2019-08-30 05:00:00,8,2019-08-30 06:00:00,0.10547,0.10547,0.10547,0.0,0.6082189176244077,329.63306200316435,-17.35152669279418,-7.105427357601002e-15,0.0,346.98458869595856,346.98458869595856,0.0,1.0
5790,2019-08-30 06:00:00,8,2019-08-30 07:00:00,0.10547,0.10547,0.10547,0.0,0.6614302661489765,424.4963734601407,-0.0,27.10842126433657,0.0,397.38795219580413,397.38795219580413,0.0,0.0
5791,2019-08-30 07:00:00,8,2019-08-30 08:00:00,0.10547,0.10547,0.10547,0.0,0.5632113485245686,377.8816605907494,-19.50629160505477,0.0,0.0,397.38795219580413,397.38795219580413,0.0,1.0
5792,2019-08-30 08:00:00,8,2019-08-30 09:00:00,0.10547,0.10547,0.10547,0.0,0.6230306427800698,332.8856780514501,0.0,0.0,0.0,332.8856780514501,332.8856780514501,0.0,0.0
5793,2019-08-30 09:00:00,8,2019-08-30 10:00:00,0.10547,0.10547,0.10547,0.0,0.6230306427800698,274.4631617980009,-122.92479039780326,0.0,0.0,397.38795219580413,397.38795219580413,0.0,1.0
5794,2019-08-30 10:00:00,8,2019-08-30 11:00:00,0.10547,0.10547,0.10547,0.0,0.9999999999999998,278.89218326388817,-0.0,0.0,0.0,278.89218326388817,278.89218326388817,0.0,1.0
5795,2019-08-30 11:00:00,8,2019-08-30 12:00:00,0.10547,0.10547,0.10547,0.0,1.0,280.61192393183023,-0.0,0.0,0.0,280.61192393183023,280.61192393183023,0.0,1.0
5796,2019-08-30 12:00:00,8,2019-08-30 13:00:00,0.10547,0.10547,0.10547,0.0,1.0,272.1513486552547,-0.0,0.0,0.0,272.1513486552547,272.1513486552547,0.0,1.0
5797,2019-08-30 13:00:00,8,2019-08-30 14:00:00,0.10547,0.10547,0.10547,0.0,1.0,275.25849031829694,-0.0,0.0,0.0,275.25849031829694,275.25849031829694,0.0,1.0
5798,2019-08-30 14:00:00,8,2019-08-30 15:00:00,0.12561,0.12561,0.12561,0.0,1.0,283.8998551516855,-0.0,0.0,0.0,283.8998551516855,283.8998551516855,0.0,1.0
5799,2019-08-30 15:00:00,8,2019-08-30 16:00:00,0.12561,0.12561,0.12561,0.0,1.0,337.4796163540023,-0.0,0.0,0.0,337.4796163540023,337.4796163540023,0.0,1.0
5800,2019-08-30 16:00:00,8,2019-08-30 17:00:00,0.15111,0.15111,0.15111,0.0,1.0,357.9297894321947,-0.0,150.0,0.0,207.9297894321947,207.9297894321947,0.0,0.0
5801,2019-08-30 17:00:00,8,2019-08-30 18:00:00,0.15111,0.15111,0.15111,0.0,0.4565217391304348,401.2174105574322,-0.0,3.829458361628042,0.0,397.38795219580413,397.38795219580413,0.0,0.0
5802,2019-08-30 18:00:00,8,2019-08-30 19:00:00,0.15111,0.15111,0.15111,0.0,0.4426468899941013,415.03747731849853,-0.0,45.18701705767968,0.0,369.85046026081886,369.85046026081886,0.0,0.0
5803,2019-08-30 19:00:00,8,2019-08-30 20:00:00,0.15111,0.15111,0.15111,0.0,0.27892581369816044,440.2149904936175,-0.0,42.827038297813374,0.0,397.38795219580413,397.38795219580413,0.0,0.0
5804,2019-08-30 20:00:00,8,2019-08-30 21:00:00,0.15111,0.15111,0.15111,0.0,0.12375538508289456,417.74443847868304,-0.0,20.356486282878905,0.0,397.38795219580413,397.38795219580413,0.0,0.0
5805,2019-08-30 21:00:00,8,2019-08-30 22:00:00,0.12561,0.12561,0.12561,0.0,0.05,361.09852207204233,-0.0,0.0,0.0,361.09852207204233,361.09852207204233,0.0,1.0
5806,2019-08-30 22:00:00,8,2019-08-30 23:00:00,0.12561,0.12561,0.12561,0.0,0.05,293.19572106364694,-0.0,0.0,0.0,293.19572106364694,293.19572106364694,0.0,0.0
5807,2019-08-30 23:00:00,8,2019-08-31 00:00:00,0.10547,0.10547,0.10547,0.0,0.05,264.87494160417805,-0.0,0.0,0.0,264.87494160417805,264.87494160417805,0.0,0.0
5808,2019-08-31 00:00:00,8,2019-08-31 01:00:00,0.10547,0.10547,0.10547,0.0,0.05,254.93093781293857,-9.782608695652174,0.0,0.0,264.71354650859075,264.71354650859075,0.0,1.0
5809,2019-08-31 01:00:00,8,2019-08-31 02:00:00,0.10547,0.10547,0.10547,0.0,0.08,246.2021496432317,-150.0,0.0,0.0,396.2021496432317,396.2021496432317,0.0,1.0
5810,2019-08-31 02:00:00,8,2019-08-31 03:00:00,0.10547,0.10547,0.10547,0.0,0.54,244.43356949734468,-150.0,0.0,0.0,394.4335694973447,394.4335694973447,0.0,1.0
5811,2019-08-31 03:00:00,8,2019-08-31 04:00:00,0.10547,0.10547,0.10547,0.0,1.0,243.8238479334055,-0.0,0.0,0.0,243.8238479334055,243.8238479334055,0.0,1.0
5812,2019-08-31 04:00:00,8,2019-08-31 05:00:00,0.10547,0.10547,0.10547,0.0,1.0,235.8866482648149,-0.0,0.0,0.0,235.8866482648149,235.8866482648149,0.0,1.0
5813,2019-08-31 05:00:00,8,2019-08-31 06:00:00,0.10547,0.10547,0.10547,0.0,1.0,327.12157278680274,-0.0,0.0,0.0,327.12157278680274,327.12157278680274,0.0,1.0
5814,2019-08-31 06:00:00,8,2019-08-31 07:00:00,0.10547,0.10547,0.10547,0.0,1.0,420.32623662354797,-0.0,22.938284427743838,0.0,397.38795219580413,397.38795219580413,0.0,0.0
5815,2019-08-31 07:00:00,8,2019-08-31 08:00:00,0.10547,0.10547,0.10547,0.0,0.9168902738125223,373.8003315094029,-0.0,0.0,0.0,373.8003315094029,373.8003315094029,0.0,1.0
5816,2019-08-31 08:00:00,8,2019-08-31 09:00:00,0.10547,0.10547,0.10547,0.0,0.9168902738125223,344.68764068962196,-0.0,0.0,0.0,344.68764068962196,344.68764068962196,0.0,1.0
5817,2019-08-31 09:00:00,8,2019-08-31 10:00:00,0.10547,0.10547,0.10547,0.0,0.9168902738125223,288.169955094731,-0.0,0.0,0.0,288.169955094731,288.169955094731,0.0,1.0
5818,2019-08-31 10:00:00,8,2019-08-31 11:00:00,0.10547,0.10547,0.10547,0.0,0.9168902738125223,279.3833574673703,-0.0,0.0,0.0,279.3833574673703,279.3833574673703,0.0,1.0
5819,2019-08-31 11:00:00,8,2019-08-31 12:00:00,0.10547,0.10547,0.10547,0.0,0.9168902738125223,280.70785082096717,-0.0,0.0,0.0,280.70785082096717,280.70785082096717,0.0,1.0
5820,2019-08-31 12:00:00,8,2019-08-31 13:00:00,0.10547,0.10547,0.10547,0.0,0.9168902738125223,272.6585158810663,-27.10099766982968,0.0,0.0,299.759513550896,299.759513550896,0.0,1.0
5821,2019-08-31 13:00:00,8,2019-08-31 14:00:00,0.10547,0.10547,0.10547,0.0,1.0,275.2557064568079,-0.0,0.0,0.0,275.2557064568079,275.2557064568079,0.0,1.0
5822,2019-08-31 14:00:00,8,2019-08-31 15:00:00,0.12561,0.12561,0.12561,0.0,1.0,288.8591829782184,-0.0,0.0,0.0,288.8591829782184,288.8591829782184,0.0,1.0
5823,2019-08-31 15:00:00,8,2019-08-31 16:00:00,0.12561,0.12561,0.12561,0.0,1.0,340.24771565355263,-0.0,0.0,0.0,340.24771565355263,340.24771565355263,0.0,1.0
5824,2019-08-31 16:00:00,8,2019-08-31 17:00:00,0.15111,0.15111,0.15111,0.0,1.0,363.85599306795297,-0.0,0.0,0.0,363.85599306795297,363.85599306795297,0.0,1.0
5825,2019-08-31 17:00:00,8,2019-08-31 18:00:00,0.15111,0.15111,0.15111,0.0,1.0,399.764841719662,-0.0,64.45908781800428,0.0,335.30575390165774,335.30575390165774,0.0,0.0
5826,2019-08-31 18:00:00,8,2019-08-31 19:00:00,0.15111,0.15111,0.15111,0.0,0.7664525803695497,410.9607154631597,-0.0,13.572763267355583,0.0,397.38795219580413,397.38795219580413,0.0,0.0
5827,2019-08-31 19:00:00,8,2019-08-31 20:00:00,0.15111,0.15111,0.15111,0.0,0.7172759018646382,449.1920513679253,-0.0,150.0,0.0,299.1920513679253,299.1920513679253,0.0,0.0
5828,2019-08-31 20:00:00,8,2019-08-31 21:00:00,0.15111,0.15111,0.15111,0.0,0.17379764099507297,431.5561011104443,-0.0,34.16814891464014,0.0,397.38795219580413,397.38795219580413,0.0,0.0
5829,2019-08-31 21:00:00,8,2019-08-31 22:00:00,0.12561,0.12561,0.12561,0.0,0.05,358.90836324912243,-0.0,0.0,0.0,358.90836324912243,358.90836324912243,0.0,1.0
5830,2019-08-31 22:00:00,8,2019-08-31 23:00:00,0.12561,0.12561,0.12561,0.0,0.05,284.1318708468142,-0.0,0.0,0.0,284.1318708468142,284.1318708468142,0.0,1.0
5831,2019-08-31 23:00:00,8,2019-09-01 00:00:00,0.10547,0.10547,0.10547,0.0,0.05,261.5305267381723,-1.7539875397161415,0.0,0.0,263.28451427788843,263.28451427788843,0.0,1.0
5832,2019-09-01 00:00:00,9,2019-09-01 01:00:00,0.10547,0.10547,0.10547,0.0,0.05537889512179617,255.59848866402555,-42.23107620691006,0.0,0.0,297.82956487093566,297.82956487093566,0.0,1.0
5833,2019-09-01 01:00:00,9,2019-09-01 02:00:00,0.10547,0.10547,0.10547,0.0,0.18488752882298704,246.76086347867195,-0.0,0.0,0.0,246.76086347867195,246.76086347867195,0.0,1.0
5834,2019-09-01 02:00:00,9,2019-09-01 03:00:00,0.10547,0.10547,0.10547,0.0,0.18488752882298704,244.87778543040739,-0.0,0.0,0.0,244.87778543040739,244.87778543040739,0.0,1.0
5835,2019-09-01 03:00:00,9,2019-09-01 04:00:00,0.10547,0.10547,0.10547,0.0,0.18488752882298704,250.53393201038242,-130.6957162002137,0.0,0.0,381.2296482105961,381.2296482105961,0.0,1.0
5836,2019-09-01 04:00:00,9,2019-09-01 05:00:00,0.10547,0.10547,0.10547,0.0,0.5856877251703091,277.35948239720443,-0.0,0.0,0.0,277.35948239720443,277.35948239720443,0.0,1.0
5837,2019-09-01 05:00:00,9,2019-09-01 06:00:00,0.10547,0.10547,0.10547,0.0,0.5856877251703091,367.5537038950041,-0.0,0.0,0.0,367.5537038950041,367.5537038950041,0.0,1.0
5838,2019-09-01 06:00:00,9,2019-09-01 07:00:00,0.10547,0.10547,0.10547,0.0,0.5856877251703091,398.8725272494199,-0.0,17.642879038823793,0.0,381.2296482105961,381.2296482105961,0.0,0.0
5839,2019-09-01 07:00:00,9,2019-09-01 08:00:00,0.10547,0.10547,0.10547,0.0,0.5217642503919621,357.4700449630839,-0.0,0.0,0.0,357.4700449630839,357.4700449630839,0.0,1.0
5840,2019-09-01 08:00:00,9,2019-09-01 09:00:00,0.10547,0.10547,0.10547,0.0,0.5217642503919621,337.7691184452262,-0.0,0.0,0.0,337.7691184452262,337.7691184452262,0.0,0.0
5841,2019-09-01 09:00:00,9,2019-09-01 10:00:00,0.10547,0.10547,0.10547,0.0,0.5217642503919621,295.38471543305604,-85.84493277754004,0.0,0.0,381.2296482105961,381.2296482105961,0.0,1.0
5842,2019-09-01 10:00:00,9,2019-09-01 11:00:00,0.10547,0.10547,0.10547,0.0,0.7850220442430849,306.3776406366171,-0.0,0.0,0.0,306.3776406366171,306.3776406366171,0.0,1.0
5843,2019-09-01 11:00:00,9,2019-09-01 12:00:00,0.10547,0.10547,0.10547,0.0,0.7850220442430849,312.97900932742215,-0.0,0.0,0.0,312.97900932742215,312.97900932742215,0.0,0.0
5844,2019-09-01 12:00:00,9,2019-09-01 13:00:00,0.10547,0.10547,0.10547,0.0,0.7850220442430849,311.1281408985585,-70.1015073120376,0.0,0.0,381.2296482105961,381.2296482105961,0.0,1.0
5845,2019-09-01 13:00:00,9,2019-09-01 14:00:00,0.10547,0.10547,0.10547,0.0,1.0000000000000002,317.8898269921407,6.178632484870436e-14,0.0,0.0,317.8898269921406,317.8898269921406,0.0,1.0
5846,2019-09-01 14:00:00,9,2019-09-01 15:00:00,0.12561,0.12561,0.12561,0.0,1.0,306.03192545124716,-0.0,0.0,0.0,306.03192545124716,306.03192545124716,0.0,1.0
5847,2019-09-01 15:00:00,9,2019-09-01 16:00:00,0.12561,0.12561,0.12561,0.0,1.0,353.5689222980484,-0.0,0.0,0.0,353.5689222980484,353.5689222980484,0.0,1.0
5848,2019-09-01 16:00:00,9,2019-09-01 17:00:00,0.15111,0.15111,0.15111,0.0,1.0,395.17691226538244,-0.0,13.947264054786377,0.0,381.2296482105961,381.2296482105961,0.0,0.0
5849,2019-09-01 17:00:00,9,2019-09-01 18:00:00,0.15111,0.15111,0.15111,0.0,0.9494664345841073,432.100530998039,-0.0,50.87088278744291,0.0,381.2296482105961,381.2296482105961,0.0,0.0
5850,2019-09-01 18:00:00,9,2019-09-01 19:00:00,0.15111,0.15111,0.15111,0.0,0.7651516418759807,447.30432432760443,-0.0,66.07467611700834,0.0,381.2296482105961,381.2296482105961,0.0,0.0
5851,2019-09-01 19:00:00,9,2019-09-01 20:00:00,0.15111,0.15111,0.15111,0.0,0.5257506414520375,462.01111688358594,-0.0,80.78146867298985,0.0,381.2296482105961,381.2296482105961,0.0,0.0
5852,2019-09-01 20:00:00,9,2019-09-01 21:00:00,0.15111,0.15111,0.15111,0.0,0.23306416075279893,431.7553565783686,-0.0,50.52570836777251,0.0,381.2296482105961,381.2296482105961,0.0,0.0
5853,2019-09-01 21:00:00,9,2019-09-01 22:00:00,0.12561,0.12561,0.12561,0.0,0.05,351.53293382092465,-0.0,0.0,0.0,351.53293382092465,351.53293382092465,0.0,1.0
5854,2019-09-01 22:00:00,9,2019-09-01 23:00:00,0.12561,0.12561,0.12561,0.0,0.05,277.20129725862165,-0.0,0.0,0.0,277.20129725862165,277.20129725862165,0.0,0.0
5855,2019-09-01 23:00:00,9,2019-09-02 00:00:00,0.10547,0.10547,0.10547,0.0,0.05,236.85829627815338,-23.378668414059522,0.0,0.0,260.2369646922129,260.2369646922129,0.0,1.0
5856,2019-09-02 00:00:00,9,2019-09-02 01:00:00,0.10547,0.10547,0.10547,0.0,0.1216945831364492,255.61552676855402,-10.648063236186808,0.0,0.0,266.2635900047408,266.2635900047408,0.0,1.0
5857,2019-09-02 01:00:00,9,2019-09-02 02:00:00,0.10547,0.10547,0.10547,0.0,0.15434864372742207,237.5826810137753,-144.32167074208576,0.0,0.0,381.90435175586106,381.90435175586106,0.0,1.0
5858,2019-09-02 02:00:00,9,2019-09-02 03:00:00,0.10547,0.10547,0.10547,0.0,0.5969351006698185,240.39449198459812,-0.0,0.0,0.0,240.39449198459812,240.39449198459812,0.0,1.0
5859,2019-09-02 03:00:00,9,2019-09-02 04:00:00,0.10547,0.10547,0.10547,0.0,0.5969351006698185,250.32700437863505,-0.0,0.0,0.0,250.32700437863505,250.32700437863505,0.0,1.0
5860,2019-09-02 04:00:00,9,2019-09-02 05:00:00,0.10547,0.10547,0.10547,0.0,0.5969351006698185,261.2353214715491,-0.0,0.0,0.0,261.2353214715491,261.2353214715491,0.0,1.0
5861,2019-09-02 05:00:00,9,2019-09-02 06:00:00,0.10547,0.10547,0.10547,0.0,0.5969351006698185,333.01464801619915,-0.0,0.0,0.0,333.01464801619915,333.01464801619915,0.0,1.0
5862,2019-09-02 06:00:00,9,2019-09-02 07:00:00,0.10547,0.10547,0.10547,0.0,0.5969351006698185,349.5570973871742,-0.0,0.0,0.0,349.5570973871742,349.5570973871742,0.0,1.0
5863,2019-09-02 07:00:00,9,2019-09-02 08:00:00,0.10547,0.10547,0.10547,0.0,0.5969351006698185,401.0173531562561,-0.0,19.113001400395035,0.0,381.90435175586106,381.90435175586106,0.0,0.0
5864,2019-09-02 08:00:00,9,2019-09-02 09:00:00,0.10547,0.10547,0.10547,0.0,0.5276850955959234,374.4351176024309,-0.0,0.0,0.0,374.4351176024309,374.4351176024309,0.0,1.0
5865,2019-09-02 09:00:00,9,2019-09-02 10:00:00,0.10547,0.10547,0.10547,0.0,0.5276850955959234,320.9847120665768,-60.91963968928428,0.0,0.0,381.90435175586106,381.90435175586106,0.0,1.0
5866,2019-09-02 10:00:00,9,2019-09-02 11:00:00,0.10547,0.10547,0.10547,0.0,0.7145053239763951,318.84331188538516,-0.0,0.0,0.0,318.84331188538516,318.84331188538516,0.0,1.0
5867,2019-09-02 11:00:00,9,2019-09-02 12:00:00,0.10547,0.10547,0.10547,0.0,0.7145053239763951,335.2344237272838,-46.66992802857726,0.0,0.0,381.90435175586106,381.90435175586106,0.0,1.0
5868,2019-09-02 12:00:00,9,2019-09-02 13:00:00,0.10547,0.10547,0.10547,0.0,0.8576264365973653,309.964340319602,-3.089316242435218e-14,0.0,0.0,309.964340319602,309.964340319602,0.0,1.0
5869,2019-09-02 13:00:00,9,2019-09-02 14:00:00,0.10547,0.10547,0.10547,0.0,0.8576264365973653,335.4781897767411,-46.42616197911997,0.0,0.0,381.90435175586106,381.90435175586106,0.0,1.0
5870,2019-09-02 14:00:00,9,2019-09-02 15:00:00,0.12561,0.12561,0.12561,0.0,1.0,334.7307478788477,-0.0,0.0,0.0,334.7307478788477,334.7307478788477,0.0,1.0
5871,2019-09-02 15:00:00,9,2019-09-02 16:00:00,0.12561,0.12561,0.12561,0.0,1.0,356.0391589068976,-0.0,0.0,0.0,356.0391589068976,356.0391589068976,0.0,1.0
5872,2019-09-02 16:00:00,9,2019-09-02 17:00:00,0.15111,0.15111,0.15111,0.0,1.0,382.382776364986,-0.0,0.47842460912498386,0.0,381.90435175586106,381.90435175586106,0.0,0.0
5873,2019-09-02 17:00:00,9,2019-09-02 18:00:00,0.15111,0.15111,0.15111,0.0,0.9982665775031704,444.05802679479797,-0.0,62.15367503893691,0.0,381.90435175586106,381.90435175586106,0.0,0.0
5874,2019-09-02 18:00:00,9,2019-09-02 19:00:00,0.15111,0.15111,0.15111,0.0,0.7730721027244133,451.2381467444539,-0.0,69.33379498859284,0.0,381.90435175586106,381.90435175586106,0.0,0.0
5875,2019-09-02 19:00:00,9,2019-09-02 20:00:00,0.15111,0.15111,0.15111,0.0,0.5218627005918305,454.25070650349295,-0.0,72.34635474763189,0.0,381.90435175586106,381.90435175586106,0.0,0.0
5876,2019-09-02 20:00:00,9,2019-09-02 21:00:00,0.15111,0.15111,0.15111,0.0,0.25973822686852654,439.7921023715744,-0.0,57.887750615713344,0.0,381.90435175586106,381.90435175586106,0.0,0.0
5877,2019-09-02 21:00:00,9,2019-09-02 22:00:00,0.12561,0.12561,0.12561,0.0,0.05,376.00958573543005,-0.0,0.0,0.0,376.00958573543005,376.00958573543005,0.0,1.0
5878,2019-09-02 22:00:00,9,2019-09-02 23:00:00,0.12561,0.12561,0.12561,0.0,0.05,287.90257601687523,-0.0,0.0,0.0,287.90257601687523,287.90257601687523,0.0,1.0
5879,2019-09-02 23:00:00,9,2019-09-03 00:00:00,0.10547,0.10547,0.10547,0.0,0.05,246.03423161764331,-0.0,0.0,0.0,246.03423161764331,246.03423161764331,0.0,0.0
5880,2019-09-03 00:00:00,9,2019-09-03 01:00:00,0.10547,0.10547,0.10547,0.0,0.05,276.2511938389138,-107.0081406963411,0.0,0.0,383.25933453525494,383.25933453525494,0.0,1.0
5881,2019-09-03 01:00:00,9,2019-09-03 02:00:00,0.10547,0.10547,0.10547,0.0,0.37815829813544605,259.43428007986273,-80.10099293014417,0.0,0.0,339.5352730100069,339.5352730100069,0.0,1.0
5882,2019-09-03 02:00:00,9,2019-09-03 03:00:00,0.10547,0.10547,0.10547,0.0,0.6238013431212215,260.58585946608804,-122.6734750691669,0.0,0.0,383.25933453525494,383.25933453525494,0.0,1.0
5883,2019-09-03 03:00:00,9,2019-09-03 04:00:00,0.10547,0.10547,0.10547,0.0,1.0,267.4563917480664,-0.0,0.0,0.0,267.4563917480664,267.4563917480664,0.0,1.0
5884,2019-09-03 04:00:00,9,2019-09-03 05:00:00,0.10547,0.10547,0.10547,0.0,1.0,280.3412201427275,-0.0,0.0,0.0,280.3412201427275,280.3412201427275,0.0,1.0
5885,2019-09-03 05:00:00,9,2019-09-03 06:00:00,0.10547,0.10547,0.10547,0.0,1.0,343.08512422418266,-0.0,0.0,0.0,343.08512422418266,343.08512422418266,0.0,0.0
5886,2019-09-03 06:00:00,9,2019-09-03 07:00:00,0.10547,0.10547,0.10547,0.0,1.0,362.8102055064428,-0.0,0.0,0.0,362.8102055064428,362.8102055064428,0.0,1.0
5887,2019-09-03 07:00:00,9,2019-09-03 08:00:00,0.10547,0.10547,0.10547,0.0,1.0,395.46784614403174,-0.0,12.208511608776803,0.0,383.25933453525494,383.25933453525494,0.0,0.0
5888,2019-09-03 08:00:00,9,2019-09-03 09:00:00,0.10547,0.10547,0.10547,0.0,0.9557662622870405,360.95785462158346,-0.0,0.0,0.0,360.95785462158346,360.95785462158346,0.0,1.0
5889,2019-09-03 09:00:00,9,2019-09-03 10:00:00,0.10547,0.10547,0.10547,0.0,0.9557662622870405,354.63459069036486,-0.0,0.0,0.0,354.63459069036486,354.63459069036486,0.0,1.0
5890,2019-09-03 10:00:00,9,2019-09-03 11:00:00,0.10547,0.10547,0.10547,0.0,0.9557662622870405,332.62444781655824,-14.424044906399827,0.0,0.0,347.04849272295803,347.04849272295803,0.0,1.0
5891,2019-09-03 11:00:00,9,2019-09-03 12:00:00,0.10547,0.10547,0.10547,0.0,1.0,338.0604119871847,-0.0,0.0,0.0,338.0604119871847,338.0604119871847,0.0,0.0
5892,2019-09-03 12:00:00,9,2019-09-03 13:00:00,0.10547,0.10547,0.10547,0.0,1.0,310.8684944007639,-0.0,0.0,0.0,310.8684944007639,310.8684944007639,0.0,1.0
5893,2019-09-03 13:00:00,9,2019-09-03 14:00:00,0.10547,0.10547,0.10547,0.0,1.0,322.57132800719825,-0.0,0.0,0.0,322.57132800719825,322.57132800719825,0.0,1.0
5894,2019-09-03 14:00:00,9,2019-09-03 15:00:00,0.12561,0.12561,0.12561,0.0,1.0,309.63387945602517,-0.0,0.0,0.0,309.63387945602517,309.63387945602517,0.0,0.0
5895,2019-09-03 15:00:00,9,2019-09-03 16:00:00,0.12561,0.12561,0.12561,0.0,1.0,332.1044624376803,-0.0,0.0,0.0,332.1044624376803,332.1044624376803,0.0,1.0
5896,2019-09-03 16:00:00,9,2019-09-03 17:00:00,0.15111,0.15111,0.15111,0.0,1.0,356.0585343035383,-0.0,0.0,0.0,356.0585343035383,356.0585343035383,0.0,1.0
5897,2019-09-03 17:00:00,9,2019-09-03 18:00:00,0.15111,0.15111,0.15111,0.0,1.0,428.7173894261699,-0.0,45.458054890915,0.0,383.25933453525494,383.25933453525494,0.0,0.0
5898,2019-09-03 18:00:00,9,2019-09-03 19:00:00,0.15111,0.15111,0.15111,0.0,0.8352969025691486,459.24016689711056,-0.0,75.98083236185562,0.0,383.25933453525494,383.25933453525494,0.0,0.0
5899,2019-09-03 19:00:00,9,2019-09-03 20:00:00,0.15111,0.15111,0.15111,0.0,0.5600040316928601,470.97205504166624,-0.0,87.7127205064113,0.0,383.25933453525494,383.25933453525494,0.0,0.0
5900,2019-09-03 20:00:00,9,2019-09-03 21:00:00,0.15111,0.15111,0.15111,0.0,0.24220431971310902,436.307726776073,-0.0,53.04839224081809,0.0,383.25933453525494,383.25933453525494,0.0,0.0
5901,2019-09-03 21:00:00,9,2019-09-03 22:00:00,0.12561,0.12561,0.12561,0.0,0.05,371.05224788391564,-0.0,0.0,0.0,371.05224788391564,371.05224788391564,0.0,1.0
5902,2019-09-03 22:00:00,9,2019-09-03 23:00:00,0.12561,0.12561,0.12561,0.0,0.05,291.8368296006865,-0.0,0.0,0.0,291.8368296006865,291.8368296006865,0.0,1.0
5903,2019-09-03 23:00:00,9,2019-09-04 00:00:00,0.10547,0.10547,0.10547,0.0,0.05,256.8156332725336,-67.29183038624642,0.0,0.0,324.10746365878003,324.10746365878003,0.0,1.0
5904,2019-09-04 00:00:00,9,2019-09-04 01:00:00,0.10547,0.10547,0.10547,0.0,0.25636161318448897,275.8797478874979,-0.0,5.684341886080802e-14,0.0,275.87974788749784,275.87974788749784,0.0,1.0
5905,2019-09-04 01:00:00,9,2019-09-04 02:00:00,0.10547,0.10547,0.10547,0.0,0.2563616131844888,253.46922781819381,-129.79010671706112,0.0,0.0,383.25933453525494,383.25933453525494,0.0,1.0
5906,2019-09-04 02:00:00,9,2019-09-04 03:00:00,0.10547,0.10547,0.10547,0.0,0.6543846071168096,249.1877768503812,-112.70067159234473,-1.4210854715202004e-14,0.0,361.8884484427259,361.8884484427259,0.0,1.0
5907,2019-09-04 03:00:00,9,2019-09-04 04:00:00,0.10547,0.10547,0.10547,0.0,1.0000000000000002,255.1197204812187,-0.0,0.0,0.0,255.1197204812187,255.1197204812187,0.0,0.0
5908,2019-09-04 04:00:00,9,2019-09-04 05:00:00,0.10547,0.10547,0.10547,0.0,1.0000000000000002,267.12393700023375,-0.0,0.0,0.0,267.12393700023375,267.12393700023375,0.0,1.0
5909,2019-09-04 05:00:00,9,2019-09-04 06:00:00,0.10547,0.10547,0.10547,0.0,1.0000000000000002,328.5390670438754,-0.0,0.0,0.0,328.5390670438754,328.5390670438754,0.0,1.0
5910,2019-09-04 06:00:00,9,2019-09-04 07:00:00,0.10547,0.10547,0.10547,0.0,1.0000000000000002,373.1300818878545,-0.0,7.105427357601002e-14,0.0,373.13008188785443,373.13008188785443,0.0,1.0
5911,2019-09-04 07:00:00,9,2019-09-04 08:00:00,0.10547,0.10547,0.10547,0.0,1.0,440.2151397741739,-0.0,56.95580523891903,0.0,383.2593345352549,383.2593345352549,0.0,0.0
5912,2019-09-04 08:00:00,9,2019-09-04 09:00:00,0.10547,0.10547,0.10547,0.0,0.7936383868155108,372.23972595788103,-0.0,0.0,0.0,372.23972595788103,372.23972595788103,0.0,0.0
5913,2019-09-04 09:00:00,9,2019-09-04 10:00:00,0.10547,0.10547,0.10547,0.0,0.7936383868155108,323.0718050805609,-0.0,5.6646387946212495e-14,0.0,323.07180508056086,323.07180508056086,0.0,1.0
5914,2019-09-04 10:00:00,9,2019-09-04 11:00:00,0.10547,0.10547,0.10547,0.0,0.7936383868155107,323.0094614775346,-0.0,0.0,0.0,323.0094614775346,323.0094614775346,0.0,1.0
5915,2019-09-04 11:00:00,9,2019-09-04 12:00:00,0.10547,0.10547,0.10547,0.0,0.7936383868155107,314.59702244481014,-0.0,0.0,0.0,314.59702244481014,314.59702244481014,0.0,0.0
5916,2019-09-04 12:00:00,9,2019-09-04 13:00:00,0.10547,0.10547,0.10547,0.0,0.7936383868155107,310.26460142848043,-67.2918303862465,0.0,0.0,377.5564318147269,377.5564318147269,0.0,1.0
5917,2019-09-04 13:00:00,9,2019-09-04 14:00:00,0.10547,0.10547,0.10547,0.0,1.0,297.8782088357492,-0.0,0.0,0.0,297.8782088357492,297.8782088357492,0.0,1.0
5918,2019-09-04 14:00:00,9,2019-09-04 15:00:00,0.12561,0.12561,0.12561,0.0,1.0,303.98614110450234,-0.0,0.0,0.0,303.98614110450234,303.98614110450234,0.0,1.0
5919,2019-09-04 15:00:00,9,2019-09-04 16:00:00,0.12561,0.12561,0.12561,0.0,1.0,326.5936782843476,-0.0,0.0,0.0,326.5936782843476,326.5936782843476,0.0,1.0
5920,2019-09-04 16:00:00,9,2019-09-04 17:00:00,0.15111,0.15111,0.15111,0.0,1.0,374.43688733391303,-0.0,0.0,0.0,374.43688733391303,374.43688733391303,0.0,0.0
5921,2019-09-04 17:00:00,9,2019-09-04 18:00:00,0.15111,0.15111,0.15111,0.0,1.0,441.3197698769703,-0.0,58.06043534171539,0.0,383.25933453525494,383.25933453525494,0.0,0.0
5922,2019-09-04 18:00:00,9,2019-09-04 19:00:00,0.15111,0.15111,0.15111,0.0,0.7896361038343646,449.57706370683337,-0.0,66.31772917157843,0.0,383.25933453525494,383.25933453525494,0.0,0.0
5923,2019-09-04 19:00:00,9,2019-09-04 20:00:00,0.15111,0.15111,0.15111,0.0,0.5493544764011093,455.9216236428041,-0.0,72.66228910754916,0.0,383.25933453525494,383.25933453525494,0.0,0.0
5924,2019-09-04 20:00:00,9,2019-09-04 21:00:00,0.15111,0.15111,0.15111,0.0,0.28608531296796025,416.17384379365535,-0.0,65.15954637915704,0.0,351.0142974144983,351.0142974144983,0.0,0.0
5925,2019-09-04 21:00:00,9,2019-09-04 22:00:00,0.12561,0.12561,0.12561,0.0,0.05,352.37494156350493,-0.0,0.0,0.0,352.37494156350493,352.37494156350493,0.0,0.0
5926,2019-09-04 22:00:00,9,2019-09-04 23:00:00,0.12561,0.12561,0.12561,0.0,0.05,281.4236282538409,-0.0,0.0,0.0,281.4236282538409,281.4236282538409,0.0,1.0
5927,2019-09-04 23:00:00,9,2019-09-05 00:00:00,0.10547,0.10547,0.10547,0.0,0.05,250.5911396935384,-0.0,0.0,0.0,250.5911396935384,250.5911396935384,0.0,1.0
5928,2019-09-05 00:00:00,9,2019-09-05 01:00:00,0.10547,0.10547,0.10547,0.0,0.05,249.52305072585796,-0.0,0.0,0.0,249.52305072585796,249.52305072585796,0.0,1.0
5929,2019-09-05 01:00:00,9,2019-09-05 02:00:00,0.10547,0.10547,0.10547,0.0,0.05,240.90921127441425,-5.142980992392054,0.0,0.0,246.0521922668063,246.0521922668063,0.0,1.0
5930,2019-09-05 02:00:00,9,2019-09-05 03:00:00,0.10547,0.10547,0.10547,0.0,0.06577180837666896,239.6639509455648,-0.0,0.0,0.0,239.6639509455648,239.6639509455648,0.0,1.0
5931,2019-09-05 03:00:00,9,2019-09-05 04:00:00,0.10547,0.10547,0.10547,0.0,0.06577180837666896,247.95492523103994,-135.30440930421503,0.0,0.0,383.259334535255,383.259334535255,0.0,1.0
5932,2019-09-05 04:00:00,9,2019-09-05 05:00:00,0.10547,0.10547,0.10547,0.0,0.48070533024292844,276.1230465304207,-107.13628800483423,0.0,0.0,383.25933453525494,383.25933453525494,0.0,1.0
5933,2019-09-05 05:00:00,9,2019-09-05 06:00:00,0.10547,0.10547,0.10547,0.0,0.8092566134577533,362.9087706896132,-0.0,0.0,0.0,362.9087706896132,362.9087706896132,0.0,1.0
5934,2019-09-05 06:00:00,9,2019-09-05 07:00:00,0.10547,0.10547,0.10547,0.0,0.8092566134577533,397.5836215382127,-0.0,14.32428700295776,0.0,383.25933453525494,383.25933453525494,0.0,0.0
5935,2019-09-05 07:00:00,9,2019-09-05 08:00:00,0.10547,0.10547,0.10547,0.0,0.7573570228673266,359.90850710448734,-0.0,0.0,0.0,359.90850710448734,359.90850710448734,0.0,1.0
5936,2019-09-05 08:00:00,9,2019-09-05 09:00:00,0.10547,0.10547,0.10547,0.0,0.7573570228673266,339.1707932326648,-0.0,0.0,0.0,339.1707932326648,339.1707932326648,0.0,0.0
5937,2019-09-05 09:00:00,9,2019-09-05 10:00:00,0.10547,0.10547,0.10547,0.0,0.7573570228673266,292.75743966702936,-0.0,0.0,0.0,292.75743966702936,292.75743966702936,0.0,1.0
5938,2019-09-05 10:00:00,9,2019-09-05 11:00:00,0.10547,0.10547,0.10547,0.0,0.7573570228673266,304.29077700467286,-0.0,0.0,0.0,304.29077700467286,304.29077700467286,0.0,1.0
5939,2019-09-05 11:00:00,9,2019-09-05 12:00:00,0.10547,0.10547,0.10547,0.0,0.7573570228673266,314.6006475322099,-0.0,0.0,0.0,314.6006475322099,314.6006475322099,0.0,0.0
5940,2019-09-05 12:00:00,9,2019-09-05 13:00:00,0.10547,0.10547,0.10547,0.0,0.7573570228673266,304.32045305442546,-78.93888148082954,0.0,0.0,383.259334535255,383.259334535255,0.0,1.0
5941,2019-09-05 13:00:00,9,2019-09-05 14:00:00,0.10547,0.10547,0.10547,0.0,0.9994362594085373,304.1366246006875,-0.18382845373785056,0.0,0.0,304.32045305442534,304.32045305442534,0.0,1.0
5942,2019-09-05 14:00:00,9,2019-09-05 15:00:00,0.12561,0.12561,0.12561,0.0,1.0,311.64402897660375,-0.0,0.0,0.0,311.64402897660375,311.64402897660375,0.0,1.0
5943,2019-09-05 15:00:00,9,2019-09-05 16:00:00,0.12561,0.12561,0.12561,0.0,1.0,344.71011927960546,-0.0,0.0,0.0,344.71011927960546,344.71011927960546,0.0,1.0
5944,2019-09-05 16:00:00,9,2019-09-05 17:00:00,0.15111,0.15111,0.15111,0.0,1.0,373.32626846243767,-0.0,0.0,0.0,373.32626846243767,373.32626846243767,0.0,1.0
5945,2019-09-05 17:00:00,9,2019-09-05 18:00:00,0.15111,0.15111,0.15111,0.0,1.0,424.94829215326723,-0.0,41.68895761801224,0.0,383.259334535255,383.259334535255,0.0,0.0
5946,2019-09-05 18:00:00,9,2019-09-05 19:00:00,0.15111,0.15111,0.15111,0.0,0.8489530521086514,440.97822454837296,-0.0,57.71889001311797,0.0,383.259334535255,383.259334535255,0.0,0.0
5947,2019-09-05 19:00:00,9,2019-09-05 20:00:00,0.15111,0.15111,0.15111,0.0,0.6398266390176441,460.90149831605794,-0.0,113.23139682226515,0.0,347.6701014937928,347.6701014937928,0.0,0.0
5948,2019-09-05 20:00:00,9,2019-09-05 21:00:00,0.15111,0.15111,0.15111,0.0,0.22956795487900233,432.82009008185963,-0.0,49.56075554660464,0.0,383.259334535255,383.259334535255,0.0,0.0
5949,2019-09-05 21:00:00,9,2019-09-05 22:00:00,0.12561,0.12561,0.12561,0.0,0.05,356.11032808446697,-0.0,0.0,0.0,356.11032808446697,356.11032808446697,0.0,1.0
5950,2019-09-05 22:00:00,9,2019-09-05 23:00:00,0.12561,0.12561,0.12561,0.0,0.05,278.71733098942985,-0.0,0.0,0.0,278.71733098942985,278.71733098942985,0.0,1.0
5951,2019-09-05 23:00:00,9,2019-09-06 00:00:00,0.10547,0.10547,0.10547,0.0,0.05,234.73819934008105,-17.1424638332728,0.0,0.0,251.88066317335387,251.88066317335387,0.0,1.0
5952,2019-09-06 00:00:00,9,2019-09-06 01:00:00,0.10547,0.10547,0.10547,0.0,0.10257022242203659,245.23669947478677,-138.02263506046822,0.0,0.0,383.259334535255,383.259334535255,0.0,1.0
5953,2019-09-06 01:00:00,9,2019-09-06 02:00:00,0.10547,0.10547,0.10547,0.0,0.5258396366074725,239.8345478975922,-143.4247866376628,0.0,0.0,383.259334535255,383.259334535255,0.0,1.0
5954,2019-09-06 02:00:00,9,2019-09-06 03:00:00,0.10547,0.10547,0.10547,0.0,0.9656756489629718,239.79495464346724,-0.0,0.0,0.0,239.79495464346724,239.79495464346724,0.0,0.0
5955,2019-09-06 03:00:00,9,2019-09-06 04:00:00,0.10547,0.10547,0.10547,0.0,0.9656756489629716,248.23699047438515,-9.139415365469233,0.0,0.0,257.3764058398544,257.3764058398544,0.0,1.0
5956,2019-09-06 04:00:00,9,2019-09-06 05:00:00,0.10547,0.10547,0.10547,0.0,0.9937031894170774,275.02576596678495,-0.0,0.0,0.0,275.02576596678495,275.02576596678495,0.0,0.0
5957,2019-09-06 05:00:00,9,2019-09-06 06:00:00,0.10547,0.10547,0.10547,0.0,0.9937031894170774,365.6567965389206,-0.0,0.0,0.0,365.6567965389206,365.6567965389206,0.0,1.0
5958,2019-09-06 06:00:00,9,2019-09-06 07:00:00,0.10547,0.10547,0.10547,0.0,0.9937031894170774,397.7687159237371,-0.0,14.509381388482097,0.0,383.259334535255,383.259334535255,0.0,0.0
5959,2019-09-06 07:00:00,9,2019-09-06 08:00:00,0.10547,0.10547,0.10547,0.0,0.9411329669950408,364.063562903203,-19.195771632051926,0.0,0.0,383.2593345352549,383.2593345352549,0.0,1.0
5960,2019-09-06 08:00:00,9,2019-09-06 09:00:00,0.10547,0.10547,0.10547,0.0,1.0,370.548393872022,-0.0,0.0,0.0,370.548393872022,370.548393872022,0.0,0.0
5961,2019-09-06 09:00:00,9,2019-09-06 10:00:00,0.10547,0.10547,0.10547,0.0,1.0,317.8475061386166,-0.0,0.0,0.0,317.8475061386166,317.8475061386166,0.0,0.0
5962,2019-09-06 10:00:00,9,2019-09-06 11:00:00,0.10547,0.10547,0.10547,0.0,1.0,317.26661546333816,-0.0,0.0,0.0,317.26661546333816,317.26661546333816,0.0,0.0
5963,2019-09-06 11:00:00,9,2019-09-06 12:00:00,0.10547,0.10547,0.10547,0.0,1.0,322.04415008337656,-0.0,0.0,0.0,322.04415008337656,322.04415008337656,0.0,1.0
5964,2019-09-06 12:00:00,9,2019-09-06 13:00:00,0.10547,0.10547,0.10547,0.0,1.0,316.73547574195516,-0.0,0.0,0.0,316.73547574195516,316.73547574195516,0.0,1.0
5965,2019-09-06 13:00:00,9,2019-09-06 14:00:00,0.10547,0.10547,0.10547,0.0,1.0,320.5548175735072,-0.0,0.0,0.0,320.5548175735072,320.5548175735072,0.0,1.0
5966,2019-09-06 14:00:00,9,2019-09-06 15:00:00,0.12561,0.12561,0.12561,0.0,1.0,328.292757216337,-0.0,0.0,0.0,328.292757216337,328.292757216337,0.0,1.0
5967,2019-09-06 15:00:00,9,2019-09-06 16:00:00,0.12561,0.12561,0.12561,0.0,1.0,357.71412256535547,-0.0,0.0,0.0,357.71412256535547,357.71412256535547,0.0,1.0
5968,2019-09-06 16:00:00,9,2019-09-06 17:00:00,0.15111,0.15111,0.15111,0.0,1.0,375.05795125214513,-0.0,47.964959118201556,0.0,327.09299213394354,327.09299213394354,0.0,0.0
5969,2019-09-06 17:00:00,9,2019-09-06 18:00:00,0.15111,0.15111,0.15111,0.0,0.8262139162384001,421.5466357285471,-0.0,38.28730119329208,0.0,383.259334535255,383.259334535255,0.0,0.0
5970,2019-09-06 18:00:00,9,2019-09-06 19:00:00,0.15111,0.15111,0.15111,0.0,0.6874918104656028,439.9468446884752,-0.0,56.68751015322022,0.0,383.259334535255,383.259334535255,0.0,0.0
5971,2019-09-06 19:00:00,9,2019-09-06 20:00:00,0.15111,0.15111,0.15111,0.0,0.4821022809249498,458.68184748055745,-0.0,75.42251294530246,0.0,383.259334535255,383.259334535255,0.0,0.0
5972,2019-09-06 20:00:00,9,2019-09-06 21:00:00,0.15111,0.15111,0.15111,0.0,0.20883230648544818,427.0970511252387,-0.0,43.8377165899837,0.0,383.259334535255,383.259334535255,0.0,0.0
5973,2019-09-06 21:00:00,9,2019-09-06 22:00:00,0.12561,0.12561,0.12561,0.0,0.05,344.56276954290894,-0.0,0.0,0.0,344.56276954290894,344.56276954290894,0.0,1.0
5974,2019-09-06 22:00:00,9,2019-09-06 23:00:00,0.12561,0.12561,0.12561,0.0,0.05,272.7422214975646,-0.0,0.0,0.0,272.7422214975646,272.7422214975646,0.0,1.0
5975,2019-09-06 23:00:00,9,2019-09-07 00:00:00,0.10547,0.10547,0.10547,0.0,0.05,262.244809608557,-0.0,0.0,0.0,262.244809608557,262.244809608557,0.0,0.0
5976,2019-09-07 00:00:00,9,2019-09-07 01:00:00,0.10547,0.10547,0.10547,0.0,0.05,256.1057468224086,-127.15358771284639,0.0,0.0,383.259334535255,383.259334535255,0.0,1.0
5977,2019-09-07 01:00:00,9,2019-09-07 02:00:00,0.10547,0.10547,0.10547,0.0,0.43993766898606224,242.8200541861315,-0.0,0.0,0.0,242.8200541861315,242.8200541861315,0.0,0.0
5978,2019-09-07 02:00:00,9,2019-09-07 03:00:00,0.10547,0.10547,0.10547,0.0,0.43993766898606224,239.03307625964726,-144.22625827560773,0.0,0.0,383.259334535255,383.259334535255,0.0,1.0
5979,2019-09-07 03:00:00,9,2019-09-07 04:00:00,0.10547,0.10547,0.10547,0.0,0.8822315276979261,247.16356150639027,-38.40276270719801,0.0,0.0,285.56632421358825,285.56632421358825,0.0,1.0
5980,2019-09-07 04:00:00,9,2019-09-07 05:00:00,0.10547,0.10547,0.10547,0.0,1.0,272.09887329721914,-0.0,0.0,0.0,272.09887329721914,272.09887329721914,0.0,0.0
5981,2019-09-07 05:00:00,9,2019-09-07 06:00:00,0.10547,0.10547,0.10547,0.0,1.0,363.58590165301575,-0.0,0.0,0.0,363.58590165301575,363.58590165301575,0.0,1.0
5982,2019-09-07 06:00:00,9,2019-09-07 07:00:00,0.10547,0.10547,0.10547,0.0,1.0,413.13752031119634,-0.0,29.878185775941347,0.0,383.259334535255,383.259334535255,0.0,0.0
5983,2019-09-07 07:00:00,9,2019-09-07 08:00:00,0.10547,0.10547,0.10547,0.0,0.8917457037103573,363.4143918842535,-19.844942651001475,0.0,0.0,383.259334535255,383.259334535255,0.0,1.0
5984,2019-09-07 08:00:00,9,2019-09-07 09:00:00,0.10547,0.10547,0.10547,0.0,0.9526035278400953,331.89245725272724,-0.0,0.0,0.0,331.89245725272724,331.89245725272724,0.0,0.0
5985,2019-09-07 09:00:00,9,2019-09-07 10:00:00,0.10547,0.10547,0.10547,0.0,0.9526035278400955,281.6299098911529,-15.455371356490595,0.0,0.0,297.0852812476435,297.0852812476435,0.0,1.0
5986,2019-09-07 10:00:00,9,2019-09-07 11:00:00,0.10547,0.10547,0.10547,0.0,1.0,288.75969799938565,-0.0,0.0,0.0,288.75969799938565,288.75969799938565,0.0,0.0
5987,2019-09-07 11:00:00,9,2019-09-07 12:00:00,0.10547,0.10547,0.10547,0.0,1.0,293.0218997423025,-0.0,0.0,0.0,293.0218997423025,293.0218997423025,0.0,1.0
5988,2019-09-07 12:00:00,9,2019-09-07 13:00:00,0.10547,0.10547,0.10547,0.0,1.0,285.8630888451391,-0.0,0.0,0.0,285.8630888451391,285.8630888451391,0.0,1.0
5989,2019-09-07 13:00:00,9,2019-09-07 14:00:00,0.10547,0.10547,0.10547,0.0,1.0,314.3586567776593,-0.0,0.0,0.0,314.3586567776593,314.3586567776593,0.0,1.0
5990,2019-09-07 14:00:00,9,2019-09-07 15:00:00,0.12561,0.12561,0.12561,0.0,1.0,324.48363502941226,-0.0,0.0,0.0,324.48363502941226,324.48363502941226,0.0,1.0
5991,2019-09-07 15:00:00,9,2019-09-07 16:00:00,0.12561,0.12561,0.12561,0.0,1.0,356.4642046414299,-0.0,0.0,0.0,356.4642046414299,356.4642046414299,0.0,1.0
5992,2019-09-07 16:00:00,9,2019-09-07 17:00:00,0.15111,0.15111,0.15111,0.0,1.0,370.29786289544785,-0.0,0.0,0.0,370.29786289544785,370.29786289544785,0.0,1.0
5993,2019-09-07 17:00:00,9,2019-09-07 18:00:00,0.15111,0.15111,0.15111,0.0,1.0,413.8158331178328,-0.0,111.19170306285989,0.0,302.62413005497297,302.62413005497297,0.0,0.0
5994,2019-09-07 18:00:00,9,2019-09-07 19:00:00,0.15111,0.15111,0.15111,0.0,0.597131510641812,432.8206117600628,-0.0,49.56127722480778,0.0,383.259334535255,383.259334535255,0.0,0.0
5995,2019-09-07 19:00:00,9,2019-09-07 20:00:00,0.15111,0.15111,0.15111,0.0,0.4175616656243925,449.405635741479,-0.0,66.146301206224,0.0,383.259334535255,383.259334535255,0.0,0.0
5996,2019-09-07 20:00:00,9,2019-09-07 21:00:00,0.15111,0.15111,0.15111,0.0,0.17790115400763895,418.56005304136335,-0.0,35.30071850610835,0.0,383.259334535255,383.259334535255,0.0,0.0
5997,2019-09-07 21:00:00,9,2019-09-07 22:00:00,0.12561,0.12561,0.12561,0.0,0.05,346.26341382291076,-0.0,0.0,0.0,346.26341382291076,346.26341382291076,0.0,1.0
5998,2019-09-07 22:00:00,9,2019-09-07 23:00:00,0.12561,0.12561,0.12561,0.0,0.05,282.623109737527,-0.0,0.0,0.0,282.623109737527,282.623109737527,0.0,1.0
5999,2019-09-07 23:00:00,9,2019-09-08 00:00:00,0.10547,0.10547,0.10547,0.0,0.05,270.74084348637456,-44.52311097650572,0.0,0.0,315.2639544628803,315.2639544628803,0.0,1.0
6000,2019-09-08 00:00:00,9,2019-09-08 01:00:00,0.10547,0.10547,0.10547,0.0,0.18653754032795086,265.1343284900209,-28.993937053419277,0.0,0.0,294.1282655434402,294.1282655434402,0.0,1.0
6001,2019-09-08 01:00:00,9,2019-09-08 02:00:00,0.10547,0.10547,0.10547,0.0,0.27545228062510335,253.83801835567044,-0.0,0.0,0.0,253.83801835567044,253.83801835567044,0.0,1.0
6002,2019-09-08 02:00:00,9,2019-09-08 03:00:00,0.10547,0.10547,0.10547,0.0,0.27545228062510335,246.4207797803279,-0.0,0.0,0.0,246.4207797803279,246.4207797803279,0.0,0.0
6003,2019-09-08 03:00:00,9,2019-09-08 04:00:00,0.10547,0.10547,0.10547,0.0,0.27545228062510335,253.17728502531307,-0.0,0.0,0.0,253.17728502531307,253.17728502531307,0.0,0.0
6004,2019-09-08 04:00:00,9,2019-09-08 05:00:00,0.10547,0.10547,0.10547,0.0,0.27545228062510335,281.2800132520566,-0.0,0.0,0.0,281.2800132520566,281.2800132520566,0.0,1.0
6005,2019-09-08 05:00:00,9,2019-09-08 06:00:00,0.10547,0.10547,0.10547,0.0,0.27545228062510335,373.1808893642012,-0.0,0.0,0.0,373.1808893642012,373.1808893642012,0.0,0.0
6006,2019-09-08 06:00:00,9,2019-09-08 07:00:00,0.10547,0.10547,0.10547,0.0,0.27545228062510335,420.94369566576944,-0.0,37.684361130514446,0.0,383.259334535255,383.259334535255,0.0,0.0
6007,2019-09-08 07:00:00,9,2019-09-08 08:00:00,0.10547,0.10547,0.10547,0.0,0.13891474029715245,376.25194482895296,-0.0,0.0,0.0,376.25194482895296,376.25194482895296,0.0,1.0
6008,2019-09-08 08:00:00,9,2019-09-08 09:00:00,0.10547,0.10547,0.10547,0.0,0.13891474029715245,333.98232482676883,-0.0,0.0,0.0,333.98232482676883,333.98232482676883,0.0,0.0
6009,2019-09-08 09:00:00,9,2019-09-08 10:00:00,0.10547,0.10547,0.10547,0.0,0.13891474029715245,279.9341408906507,-103.32519364460427,0.0,0.0,383.259334535255,383.259334535255,0.0,1.0
6010,2019-09-08 10:00:00,9,2019-09-08 11:00:00,0.10547,0.10547,0.10547,0.0,0.45577866747393886,285.26633986003037,-0.0,0.0,0.0,285.26633986003037,285.26633986003037,0.0,1.0
6011,2019-09-08 11:00:00,9,2019-09-08 12:00:00,0.10547,0.10547,0.10547,0.0,0.45577866747393886,291.43322036475934,-91.82611417049566,0.0,0.0,383.259334535255,383.259334535255,0.0,1.0
6012,2019-09-08 12:00:00,9,2019-09-08 13:00:00,0.10547,0.10547,0.10547,0.0,0.7373787509301256,297.62197070812203,-85.63736382713296,0.0,0.0,383.259334535255,383.259334535255,0.0,1.0
6013,2019-09-08 13:00:00,9,2019-09-08 14:00:00,0.10547,0.10547,0.10547,0.0,1.0,294.4230467059308,-0.0,0.0,0.0,294.4230467059308,294.4230467059308,0.0,1.0
6014,2019-09-08 14:00:00,9,2019-09-08 15:00:00,0.12561,0.12561,0.12561,0.0,1.0,301.66534842221375,-0.0,0.0,0.0,301.66534842221375,301.66534842221375,0.0,1.0
6015,2019-09-08 15:00:00,9,2019-09-08 16:00:00,0.12561,0.12561,0.12561,0.0,1.0,332.43332055449537,-0.0,0.0,0.0,332.43332055449537,332.43332055449537,0.0,0.0
6016,2019-09-08 16:00:00,9,2019-09-08 17:00:00,0.15111,0.15111,0.15111,0.0,1.0,389.7093861976586,-0.0,39.50921368493495,0.0,350.20017251272367,350.20017251272367,0.0,0.0
6017,2019-09-08 17:00:00,9,2019-09-08 18:00:00,0.15111,0.15111,0.15111,0.0,0.8568506750545836,442.9761028386073,-0.0,59.716768303352296,0.0,383.259334535255,383.259334535255,0.0,0.0
6018,2019-09-08 18:00:00,9,2019-09-08 19:00:00,0.15111,0.15111,0.15111,0.0,0.6404855725062056,444.6780400155186,-0.0,61.41870548026361,0.0,383.259334535255,383.259334535255,0.0,0.0
6019,2019-09-08 19:00:00,9,2019-09-08 20:00:00,0.15111,0.15111,0.15111,0.0,0.4179540309110476,451.9078565529654,-0.0,68.64852201771043,0.0,383.259334535255,383.259334535255,0.0,0.0
6020,2019-09-08 20:00:00,9,2019-09-08 21:00:00,0.15111,0.15111,0.15111,0.0,0.16922750186137214,416.1661250489937,-0.0,32.90679051373871,0.0,383.259334535255,383.259334535255,0.0,0.0
6021,2019-09-08 21:00:00,9,2019-09-08 22:00:00,0.12561,0.12561,0.12561,0.0,0.05,343.76349957757594,-0.0,0.0,0.0,343.76349957757594,343.76349957757594,0.0,1.0
6022,2019-09-08 22:00:00,9,2019-09-08 23:00:00,0.12561,0.12561,0.12561,0.0,0.05,289.7581271535386,-0.0,0.0,0.0,289.7581271535386,289.7581271535386,0.0,1.0
6023,2019-09-08 23:00:00,9,2019-09-09 00:00:00,0.10547,0.10547,0.10547,0.0,0.05,265.6746406889749,-0.0,0.0,0.0,265.6746406889749,265.6746406889749,0.0,1.0
6024,2019-09-09 00:00:00,9,2019-09-09 01:00:00,0.10547,0.10547,0.10547,0.0,0.05,266.12026104168956,-117.13907349356543,0.0,0.0,383.259334535255,383.259334535255,0.0,1.0
6025,2019-09-09 01:00:00,9,2019-09-09 02:00:00,0.10547,0.10547,0.10547,0.0,0.409226492046934,249.3621683267526,-0.0,0.0,0.0,249.3621683267526,249.3621683267526,0.0,0.0
6026,2019-09-09 02:00:00,9,2019-09-09 03:00:00,0.10547,0.10547,0.10547,0.0,0.409226492046934,242.72621464906635,-140.53311988618864,0.0,0.0,383.259334535255,383.259334535255,0.0,1.0
6027,2019-09-09 03:00:00,9,2019-09-09 04:00:00,0.10547,0.10547,0.10547,0.0,0.8401947263645791,245.68148558674483,-13.89329101544602,0.0,0.0,259.5747766021908,259.5747766021908,0.0,1.0
6028,2019-09-09 04:00:00,9,2019-09-09 05:00:00,0.10547,0.10547,0.10547,0.0,0.882800818811947,248.3738047422252,-0.0,0.0,0.0,248.3738047422252,248.3738047422252,0.0,1.0
6029,2019-09-09 05:00:00,9,2019-09-09 06:00:00,0.10547,0.10547,0.10547,0.0,0.882800818811947,320.7468851778175,-0.0,0.0,0.0,320.7468851778175,320.7468851778175,0.0,1.0
6030,2019-09-09 06:00:00,9,2019-09-09 07:00:00,0.10547,0.10547,0.10547,0.0,0.882800818811947,375.73156501873484,-0.0,0.0,0.0,375.73156501873484,375.73156501873484,0.0,1.0
6031,2019-09-09 07:00:00,9,2019-09-09 08:00:00,0.10547,0.10547,0.10547,0.0,0.882800818811947,415.48919142579234,-0.0,32.22985689053735,0.0,383.259334535255,383.259334535255,0.0,0.0
6032,2019-09-09 08:00:00,9,2019-09-09 09:00:00,0.10547,0.10547,0.10547,0.0,0.7660259750056523,362.31193754123325,-20.947396994021744,0.0,0.0,383.259334535255,383.259334535255,0.0,1.0
6033,2019-09-09 09:00:00,9,2019-09-09 10:00:00,0.10547,0.10547,0.10547,0.0,0.8302646591206523,309.1913382715008,-0.0,0.0,0.0,309.1913382715008,309.1913382715008,0.0,1.0
6034,2019-09-09 10:00:00,9,2019-09-09 11:00:00,0.10547,0.10547,0.10547,0.0,0.8302646591206523,327.9108538137286,-55.348480721526414,0.0,0.0,383.259334535255,383.259334535255,0.0,1.0
6035,2019-09-09 11:00:00,9,2019-09-09 12:00:00,0.10547,0.10547,0.10547,0.0,1.0,307.8977775585766,-0.0,0.0,0.0,307.8977775585766,307.8977775585766,0.0,1.0
6036,2019-09-09 12:00:00,9,2019-09-09 13:00:00,0.10547,0.10547,0.10547,0.0,1.0,301.89415322539804,-0.0,0.0,0.0,301.89415322539804,301.89415322539804,0.0,1.0
6037,2019-09-09 13:00:00,9,2019-09-09 14:00:00,0.10547,0.10547,0.10547,0.0,1.0,288.2875075538127,-0.0,0.0,0.0,288.2875075538127,288.2875075538127,0.0,1.0
6038,2019-09-09 14:00:00,9,2019-09-09 15:00:00,0.12561,0.12561,0.12561,0.0,1.0,290.82319731841665,-0.0,0.0,0.0,290.82319731841665,290.82319731841665,0.0,1.0
6039,2019-09-09 15:00:00,9,2019-09-09 16:00:00,0.12561,0.12561,0.12561,0.0,1.0,330.89438995362997,-0.0,0.0,0.0,330.89438995362997,330.89438995362997,0.0,1.0
6040,2019-09-09 16:00:00,9,2019-09-09 17:00:00,0.15111,0.15111,0.15111,0.0,1.0,343.14232220844553,-0.0,0.0,0.0,343.14232220844553,343.14232220844553,0.0,1.0
6041,2019-09-09 17:00:00,9,2019-09-09 18:00:00,0.15111,0.15111,0.15111,0.0,1.0,404.4138767909863,-0.0,21.154542255731315,0.0,383.259334535255,383.259334535255,0.0,0.0
6042,2019-09-09 18:00:00,9,2019-09-09 19:00:00,0.15111,0.15111,0.15111,0.0,0.9233531077690894,408.3795666543132,-0.0,25.120232119058187,0.0,383.259334535255,383.259334535255,0.0,0.0
6043,2019-09-09 19:00:00,9,2019-09-09 20:00:00,0.15111,0.15111,0.15111,0.0,0.8323377740043857,437.80417468493954,-0.0,65.92522562521047,0.0,371.87894905972905,371.87894905972905,0.0,0.0
6044,2019-09-09 20:00:00,9,2019-09-09 21:00:00,0.15111,0.15111,0.15111,0.0,0.5934782608695652,430.46947263484066,-0.0,150.0,0.0,280.46947263484066,280.46947263484066,0.0,0.0
6045,2019-09-09 21:00:00,9,2019-09-09 22:00:00,0.12561,0.12561,0.12561,0.0,0.05,376.3316938480989,-0.0,0.0,0.0,376.3316938480989,376.3316938480989,0.0,1.0
6046,2019-09-09 22:00:00,9,2019-09-09 23:00:00,0.12561,0.12561,0.12561,0.0,0.05,301.5209486942554,-0.0,0.0,0.0,301.5209486942554,301.5209486942554,0.0,1.0
6047,2019-09-09 23:00:00,9,2019-09-10 00:00:00,0.10547,0.10547,0.10547,0.0,0.05,259.93930532079395,-0.0,0.0,0.0,259.93930532079395,259.93930532079395,0.0,1.0
6048,2019-09-10 00:00:00,9,2019-09-10 01:00:00,0.10547,0.10547,0.10547,0.0,0.05,267.3325994750523,-43.29615913205182,0.0,0.0,310.62875860710415,310.62875860710415,0.0,1.0
6049,2019-09-10 01:00:00,9,2019-09-10 02:00:00,0.10547,0.10547,0.10547,0.0,0.18277488800495892,251.26975842729908,-131.9895761079559,0.0,0.0,383.259334535255,383.259334535255,0.0,1.0
6050,2019-09-10 02:00:00,9,2019-09-10 03:00:00,0.10547,0.10547,0.10547,0.0,0.5875429214026904,248.76246107961055,-134.49687345564445,0.0,0.0,383.259334535255,383.259334535255,0.0,1.0
6051,2019-09-10 03:00:00,9,2019-09-10 04:00:00,0.10547,0.10547,0.10547,0.0,1.0,258.22359458342527,-0.0,0.0,0.0,258.22359458342527,258.22359458342527,0.0,1.0
6052,2019-09-10 04:00:00,9,2019-09-10 05:00:00,0.10547,0.10547,0.10547,0.0,1.0,266.86418718110383,-0.0,0.0,0.0,266.86418718110383,266.86418718110383,0.0,1.0
6053,2019-09-10 05:00:00,9,2019-09-10 06:00:00,0.10547,0.10547,0.10547,0.0,1.0,331.9018162311093,-0.0,0.0,0.0,331.9018162311093,331.9018162311093,0.0,1.0
6054,2019-09-10 06:00:00,9,2019-09-10 07:00:00,0.10547,0.10547,0.10547,0.0,1.0,385.0351377992469,-0.0,1.775803263991918,0.0,383.259334535255,383.259334535255,0.0,0.0
6055,2019-09-10 07:00:00,9,2019-09-10 08:00:00,0.10547,0.10547,0.10547,0.0,0.9935659302029279,417.809492594411,-0.0,34.55015805915599,0.0,383.259334535255,383.259334535255,0.0,0.0
6056,2019-09-10 08:00:00,9,2019-09-10 09:00:00,0.10547,0.10547,0.10547,0.0,0.8683841981045365,356.4000903438814,-0.0,0.0,0.0,356.4000903438814,356.4000903438814,0.0,0.0
6057,2019-09-10 09:00:00,9,2019-09-10 10:00:00,0.10547,0.10547,0.10547,0.0,0.8683841981045365,303.24419688502337,-42.91819627025979,0.0,0.0,346.16239315528316,346.16239315528316,0.0,1.0
6058,2019-09-10 10:00:00,9,2019-09-10 11:00:00,0.10547,0.10547,0.10547,0.0,1.0,288.32232958761983,-0.0,0.0,0.0,288.32232958761983,288.32232958761983,0.0,1.0
6059,2019-09-10 11:00:00,9,2019-09-10 12:00:00,0.10547,0.10547,0.10547,0.0,1.0,288.85895609406384,-0.0,0.0,0.0,288.85895609406384,288.85895609406384,0.0,0.0
6060,2019-09-10 12:00:00,9,2019-09-10 13:00:00,0.10547,0.10547,0.10547,0.0,1.0,272.8314689667535,-0.0,0.0,0.0,272.8314689667535,272.8314689667535,0.0,1.0
6061,2019-09-10 13:00:00,9,2019-09-10 14:00:00,0.10547,0.10547,0.10547,0.0,1.0,275.51427415666,-0.0,0.0,0.0,275.51427415666,275.51427415666,0.0,1.0
6062,2019-09-10 14:00:00,9,2019-09-10 15:00:00,0.12561,0.12561,0.12561,0.0,1.0,279.6033479992796,-0.0,0.0,0.0,279.6033479992796,279.6033479992796,0.0,1.0
6063,2019-09-10 15:00:00,9,2019-09-10 16:00:00,0.12561,0.12561,0.12561,0.0,1.0,326.6632483950478,-0.0,0.0,0.0,326.6632483950478,326.6632483950478,0.0,1.0
6064,2019-09-10 16:00:00,9,2019-09-10 17:00:00,0.15111,0.15111,0.15111,0.0,1.0,345.0533029853731,-0.0,0.0,0.0,345.0533029853731,345.0533029853731,0.0,1.0
6065,2019-09-10 17:00:00,9,2019-09-10 18:00:00,0.15111,0.15111,0.15111,0.0,1.0,401.21784903229087,-0.0,74.72909766514132,0.0,326.4887513671496,326.4887513671496,0.0,0.0
6066,2019-09-10 18:00:00,9,2019-09-10 19:00:00,0.15111,0.15111,0.15111,0.0,0.7292423997639808,406.00747150551615,-0.0,22.748136970261157,0.0,383.259334535255,383.259334535255,0.0,0.0
6067,2019-09-10 19:00:00,9,2019-09-10 20:00:00,0.15111,0.15111,0.15111,0.0,0.6468216136398461,423.1064467512258,-0.0,150.0,0.0,273.1064467512258,273.1064467512258,0.0,0.0
6068,2019-09-10 20:00:00,9,2019-09-10 21:00:00,0.15111,0.15111,0.15111,0.0,0.10334335277028092,397.9820998998525,-0.0,14.722765364597535,0.0,383.259334535255,383.259334535255,0.0,0.0
6069,2019-09-10 21:00:00,9,2019-09-10 22:00:00,0.12561,0.12561,0.12561,0.0,0.05,352.31416278961166,-0.0,0.0,0.0,352.31416278961166,352.31416278961166,0.0,1.0
6070,2019-09-10 22:00:00,9,2019-09-10 23:00:00,0.12561,0.12561,0.12561,0.0,0.05,292.1275185703496,-0.0,0.0,0.0,292.1275185703496,292.1275185703496,0.0,1.0
6071,2019-09-10 23:00:00,9,2019-09-11 00:00:00,0.10547,0.10547,0.10547,0.0,0.05,271.9545172682433,-37.63166165521468,0.0,0.0,309.58617892345796,309.58617892345796,0.0,1.0
6072,2019-09-11 00:00:00,9,2019-09-11 01:00:00,0.10547,0.10547,0.10547,0.0,0.16540376240932503,253.83296872751453,-86.15726468877189,0.0,0.0,339.9902334162864,339.9902334162864,0.0,1.0
6073,2019-09-11 01:00:00,9,2019-09-11 02:00:00,0.10547,0.10547,0.10547,0.0,0.4296193741215588,244.87099320089598,-138.388341334359,0.0,0.0,383.259334535255,383.259334535255,0.0,1.0
6074,2019-09-11 02:00:00,9,2019-09-11 03:00:00,0.10547,0.10547,0.10547,0.0,0.8540102875469263,243.24446288001093,-0.0,0.0,0.0,243.24446288001093,243.24446288001093,0.0,1.0
6075,2019-09-11 03:00:00,9,2019-09-11 04:00:00,0.10547,0.10547,0.10547,0.0,0.8540102875469263,247.08104082772246,-0.0,0.0,0.0,247.08104082772246,247.08104082772246,0.0,1.0
6076,2019-09-11 04:00:00,9,2019-09-11 05:00:00,0.10547,0.10547,0.10547,0.0,0.8540102875469263,259.5273072241059,-0.0,0.0,0.0,259.5273072241059,259.5273072241059,0.0,1.0
6077,2019-09-11 05:00:00,9,2019-09-11 06:00:00,0.10547,0.10547,0.10547,0.0,0.8540102875469263,356.7875572354123,-26.4717772998427,0.0,0.0,383.259334535255,383.259334535255,0.0,1.0
6078,2019-09-11 06:00:00,9,2019-09-11 07:00:00,0.10547,0.10547,0.10547,0.0,0.9351904045997774,415.1107729602287,-0.0,31.851438424973708,0.0,383.259334535255,383.259334535255,0.0,0.0
6079,2019-09-11 07:00:00,9,2019-09-11 08:00:00,0.10547,0.10547,0.10547,0.0,0.8197866421904524,364.4747692688454,-0.0,0.0,0.0,364.4747692688454,364.4747692688454,0.0,0.0
6080,2019-09-11 08:00:00,9,2019-09-11 09:00:00,0.10547,0.10547,0.10547,0.0,0.8197866421904524,327.34349201303957,-0.0,0.0,0.0,327.34349201303957,327.34349201303957,0.0,0.0
6081,2019-09-11 09:00:00,9,2019-09-11 10:00:00,0.10547,0.10547,0.10547,0.0,0.8197866421904524,279.0776808155681,-0.0,0.0,0.0,279.0776808155681,279.0776808155681,0.0,1.0
6082,2019-09-11 10:00:00,9,2019-09-11 11:00:00,0.10547,0.10547,0.10547,0.0,0.8197866421904524,284.80657574303353,-0.0,0.0,0.0,284.80657574303353,284.80657574303353,0.0,1.0
6083,2019-09-11 11:00:00,9,2019-09-11 12:00:00,0.10547,0.10547,0.10547,0.0,0.8197866421904524,291.58967587604633,-0.0,0.0,0.0,291.58967587604633,291.58967587604633,0.0,0.0
6084,2019-09-11 12:00:00,9,2019-09-11 13:00:00,0.10547,0.10547,0.10547,0.0,0.8197866421904524,307.008405594077,-58.76522537267856,0.0,0.0,365.77363096675555,365.77363096675555,0.0,1.0
6085,2019-09-11 13:00:00,9,2019-09-11 14:00:00,0.10547,0.10547,0.10547,0.0,1.0,324.4941091625764,-0.0,0.0,0.0,324.4941091625764,324.4941091625764,0.0,1.0
6086,2019-09-11 14:00:00,9,2019-09-11 15:00:00,0.12561,0.12561,0.12561,0.0,1.0,327.97397685243493,-0.0,0.0,0.0,327.97397685243493,327.97397685243493,0.0,1.0
6087,2019-09-11 15:00:00,9,2019-09-11 16:00:00,0.12561,0.12561,0.12561,0.0,1.0,357.65349398109527,-0.0,0.0,0.0,357.65349398109527,357.65349398109527,0.0,1.0
6088,2019-09-11 16:00:00,9,2019-09-11 17:00:00,0.15111,0.15111,0.15111,0.0,1.0,392.6462317570064,-0.0,9.386897221751383,0.0,383.259334535255,383.259334535255,0.0,0.0
6089,2019-09-11 17:00:00,9,2019-09-11 18:00:00,0.15111,0.15111,0.15111,0.0,0.9659895028197413,425.97066481839005,-0.0,120.75159791451443,0.0,305.2190669038756,305.2190669038756,0.0,0.0
6090,2019-09-11 18:00:00,9,2019-09-11 19:00:00,0.15111,0.15111,0.15111,0.0,0.5284837132743991,414.22570054432396,-0.0,30.966366009068963,0.0,383.259334535255,383.259334535255,0.0,0.0
6091,2019-09-11 19:00:00,9,2019-09-11 20:00:00,0.15111,0.15111,0.15111,0.0,0.41628673498067104,440.52212684129086,-0.0,57.26279230603586,0.0,383.259334535255,383.259334535255,0.0,0.0
6092,2019-09-11 20:00:00,9,2019-09-11 21:00:00,0.15111,0.15111,0.15111,0.0,0.20881284981387443,427.09168108388434,-0.0,43.832346548629346,0.0,383.259334535255,383.259334535255,0.0,0.0
6093,2019-09-11 21:00:00,9,2019-09-11 22:00:00,0.12561,0.12561,0.12561,0.0,0.05,362.2439086485794,-0.0,0.0,0.0,362.2439086485794,362.2439086485794,0.0,1.0
6094,2019-09-11 22:00:00,9,2019-09-11 23:00:00,0.12561,0.12561,0.12561,0.0,0.05,295.21669089502427,-0.0,0.0,0.0,295.21669089502427,295.21669089502427,0.0,1.0
6095,2019-09-11 23:00:00,9,2019-09-12 00:00:00,0.10547,0.10547,0.10547,0.0,0.05,259.80099207065047,-46.48773734636099,0.0,0.0,306.28872941701144,306.28872941701144,0.0,1.0
6096,2019-09-12 00:00:00,9,2019-09-12 01:00:00,0.10547,0.10547,0.10547,0.0,0.19256239452884036,244.49796265104308,-0.0,0.0,0.0,244.49796265104308,244.49796265104308,0.0,1.0
6097,2019-09-12 01:00:00,9,2019-09-12 02:00:00,0.10547,0.10547,0.10547,0.0,0.19256239452884036,234.32800359682096,-0.0,0.0,0.0,234.32800359682096,234.32800359682096,0.0,1.0
6098,2019-09-12 02:00:00,9,2019-09-12 03:00:00,0.10547,0.10547,0.10547,0.0,0.19256239452884036,237.99126618661052,-114.38018832505401,0.0,0.0,352.3714545116645,352.3714545116645,0.0,1.0
6099,2019-09-12 03:00:00,9,2019-09-12 04:00:00,0.10547,0.10547,0.10547,0.0,0.5433283053923393,248.5500161630729,-0.0,0.0,0.0,248.5500161630729,248.5500161630729,0.0,1.0
6100,2019-09-12 04:00:00,9,2019-09-12 05:00:00,0.10547,0.10547,0.10547,0.0,0.5433283053923393,264.8383384401469,-0.0,0.0,0.0,264.8383384401469,264.8383384401469,0.0,1.0
6101,2019-09-12 05:00:00,9,2019-09-12 06:00:00,0.10547,0.10547,0.10547,0.0,0.5433283053923393,357.5868217618518,-0.0,0.0,0.0,357.5868217618518,357.5868217618518,0.0,1.0
6102,2019-09-12 06:00:00,9,2019-09-12 07:00:00,0.10547,0.10547,0.10547,0.0,0.5433283053923393,422.60655542521494,-0.0,39.34722088995994,0.0,383.259334535255,383.259334535255,0.0,0.0
6103,2019-09-12 07:00:00,9,2019-09-12 08:00:00,0.10547,0.10547,0.10547,0.0,0.400765910863499,375.64408925588293,-0.0,0.0,0.0,375.64408925588293,375.64408925588293,0.0,0.0
6104,2019-09-12 08:00:00,9,2019-09-12 09:00:00,0.10547,0.10547,0.10547,0.0,0.400765910863499,340.54386186432345,0.0,0.0,0.0,340.54386186432345,340.54386186432345,0.0,0.0
6105,2019-09-12 09:00:00,9,2019-09-12 10:00:00,0.10547,0.10547,0.10547,0.0,0.400765910863499,286.6437508924555,-0.0,0.0,0.0,286.6437508924555,286.6437508924555,0.0,1.0
6106,2019-09-12 10:00:00,9,2019-09-12 11:00:00,0.10547,0.10547,0.10547,0.0,0.400765910863499,304.5132273620571,-78.74610717319791,0.0,0.0,383.259334535255,383.259334535255,0.0,1.0
6107,2019-09-12 11:00:00,9,2019-09-12 12:00:00,0.10547,0.10547,0.10547,0.0,0.6422539728613059,326.28357918218336,-56.975755353071634,0.0,0.0,383.259334535255,383.259334535255,0.0,1.0
6108,2019-09-12 12:00:00,9,2019-09-12 13:00:00,0.10547,0.10547,0.10547,0.0,0.8169796226107255,325.2669713093848,-57.99236322587018,0.0,0.0,383.259334535255,383.259334535255,0.0,1.0
6109,2019-09-12 13:00:00,9,2019-09-12 14:00:00,0.10547,0.10547,0.10547,0.0,0.9948228698367275,323.57877669092636,-1.6881946184584373,0.0,0.0,325.26697130938476,325.26697130938476,0.0,1.0
6110,2019-09-12 14:00:00,9,2019-09-12 15:00:00,0.12561,0.12561,0.12561,0.0,1.0,294.00787106982625,-0.0,0.0,0.0,294.00787106982625,294.00787106982625,0.0,1.0
6111,2019-09-12 15:00:00,9,2019-09-12 16:00:00,0.12561,0.12561,0.12561,0.0,1.0,325.96246689241957,-0.0,0.0,0.0,325.96246689241957,325.96246689241957,0.0,1.0
6112,2019-09-12 16:00:00,9,2019-09-12 17:00:00,0.15111,0.15111,0.15111,0.0,1.0,391.53242004747534,-0.0,8.273085512220348,0.0,383.259334535255,383.259334535255,0.0,0.0
6113,2019-09-12 17:00:00,9,2019-09-12 18:00:00,0.15111,0.15111,0.15111,0.0,0.9700250524919553,429.4598589674229,-0.0,117.87743759978396,0.0,311.582421367639,311.582421367639,0.0,0.0
6114,2019-09-12 18:00:00,9,2019-09-12 19:00:00,0.15111,0.15111,0.15111,0.0,0.5429328872753467,419.9416172361361,-0.0,36.6822827008811,0.0,383.259334535255,383.259334535255,0.0,0.0
6115,2019-09-12 19:00:00,9,2019-09-12 20:00:00,0.15111,0.15111,0.15111,0.0,0.41002606589534274,435.7397269748043,-0.0,52.48039243954929,0.0,383.259334535255,383.259334535255,0.0,0.0
6116,2019-09-12 20:00:00,9,2019-09-12 21:00:00,0.15111,0.15111,0.15111,0.0,0.21987971647668586,430.1461362828203,-0.0,46.8868017475653,0.0,383.259334535255,383.259334535255,0.0,0.0
6117,2019-09-12 21:00:00,9,2019-09-12 22:00:00,0.12561,0.12561,0.12561,0.0,0.05,364.66021859276356,-0.0,0.0,0.0,364.66021859276356,364.66021859276356,0.0,1.0
6118,2019-09-12 22:00:00,9,2019-09-12 23:00:00,0.12561,0.12561,0.12561,0.0,0.05,289.5415031483268,-0.0,0.0,0.0,289.5415031483268,289.5415031483268,0.0,1.0
6119,2019-09-12 23:00:00,9,2019-09-13 00:00:00,0.10547,0.10547,0.10547,0.0,0.05,268.2013826528496,-0.0,0.0,0.0,268.2013826528496,268.2013826528496,0.0,1.0
6120,2019-09-13 00:00:00,9,2019-09-13 01:00:00,0.10547,0.10547,0.10547,0.0,0.05,261.4935411766512,-121.76579335860379,0.0,0.0,383.259334535255,383.259334535255,0.0,1.0
6121,2019-09-13 01:00:00,9,2019-09-13 02:00:00,0.10547,0.10547,0.10547,0.0,0.42341509963305163,250.77964323377591,-132.47969130147908,0.0,0.0,383.259334535255,383.259334535255,0.0,1.0
6122,2019-09-13 02:00:00,9,2019-09-13 03:00:00,0.10547,0.10547,0.10547,0.0,0.8296861529575875,249.10518025032204,-0.0,0.0,0.0,249.10518025032204,249.10518025032204,0.0,0.0
6123,2019-09-13 03:00:00,9,2019-09-13 04:00:00,0.10547,0.10547,0.10547,0.0,0.8296861529575875,254.80151767882768,-0.0,0.0,0.0,254.80151767882768,254.80151767882768,0.0,1.0
6124,2019-09-13 04:00:00,9,2019-09-13 05:00:00,0.10547,0.10547,0.10547,0.0,0.8296861529575875,274.35654236692073,-0.0,0.0,0.0,274.35654236692073,274.35654236692073,0.0,1.0
6125,2019-09-13 05:00:00,9,2019-09-13 06:00:00,0.10547,0.10547,0.10547,0.0,0.8296861529575875,363.46422154592256,-0.0,0.0,0.0,363.46422154592256,363.46422154592256,0.0,0.0
6126,2019-09-13 06:00:00,9,2019-09-13 07:00:00,0.10547,0.10547,0.10547,0.0,0.8296861529575875,419.50845285350016,-0.0,36.249118318245166,0.0,383.259334535255,383.259334535255,0.0,0.0
6127,2019-09-13 07:00:00,9,2019-09-13 08:00:00,0.10547,0.10547,0.10547,0.0,0.6983487677465543,370.4354352688749,-0.0,0.0,0.0,370.4354352688749,370.4354352688749,0.0,1.0
6128,2019-09-13 08:00:00,9,2019-09-13 09:00:00,0.10547,0.10547,0.10547,0.0,0.6983487677465543,334.2212280736999,-0.0,0.0,0.0,334.2212280736999,334.2212280736999,0.0,1.0
6129,2019-09-13 09:00:00,9,2019-09-13 10:00:00,0.10547,0.10547,0.10547,0.0,0.6983487677465543,279.3992437115902,-98.36453225655836,0.0,0.0,377.7637759681486,377.7637759681486,0.0,1.0
6130,2019-09-13 10:00:00,9,2019-09-13 11:00:00,0.10547,0.10547,0.10547,0.0,1.0,286.7013280249856,-0.0,0.0,0.0,286.7013280249856,286.7013280249856,0.0,1.0
6131,2019-09-13 11:00:00,9,2019-09-13 12:00:00,0.10547,0.10547,0.10547,0.0,1.0,297.4861663341578,-0.0,0.0,0.0,297.4861663341578,297.4861663341578,0.0,1.0
6132,2019-09-13 12:00:00,9,2019-09-13 13:00:00,0.10547,0.10547,0.10547,0.0,1.0,313.18823659724376,-0.0,0.0,0.0,313.18823659724376,313.18823659724376,0.0,1.0
6133,2019-09-13 13:00:00,9,2019-09-13 14:00:00,0.10547,0.10547,0.10547,0.0,1.0,309.78779490959613,-0.0,0.0,0.0,309.78779490959613,309.78779490959613,0.0,1.0
6134,2019-09-13 14:00:00,9,2019-09-13 15:00:00,0.12561,0.12561,0.12561,0.0,1.0,322.83766558934917,-0.0,0.0,0.0,322.83766558934917,322.83766558934917,0.0,1.0
6135,2019-09-13 15:00:00,9,2019-09-13 16:00:00,0.12561,0.12561,0.12561,0.0,1.0,326.093074790178,-0.0,0.0,0.0,326.093074790178,326.093074790178,0.0,0.0
6136,2019-09-13 16:00:00,9,2019-09-13 17:00:00,0.15111,0.15111,0.15111,0.0,1.0,384.32001268491024,-0.0,1.0606781496552458,0.0,383.259334535255,383.259334535255,0.0,0.0
6137,2019-09-13 17:00:00,9,2019-09-13 18:00:00,0.15111,0.15111,0.15111,0.0,0.9961569632258868,436.7705233693815,-0.0,53.51118883412653,0.0,383.259334535255,383.259334535255,0.0,0.0
6138,2019-09-13 18:00:00,9,2019-09-13 19:00:00,0.15111,0.15111,0.15111,0.0,0.8022758442616601,425.1564834140144,-0.0,130.22510977339437,0.0,294.93137364062005,294.93137364062005,0.0,0.0
6139,2019-09-13 19:00:00,9,2019-09-13 20:00:00,0.15111,0.15111,0.15111,0.0,0.33044573638704294,435.1819944097784,-0.0,51.92265987452339,0.0,383.259334535255,383.259334535255,0.0,0.0
6140,2019-09-13 20:00:00,9,2019-09-13 21:00:00,0.15111,0.15111,0.15111,0.0,0.1423201571315234,408.73969790355545,-0.0,25.48036336830046,0.0,383.259334535255,383.259334535255,0.0,0.0
6141,2019-09-13 21:00:00,9,2019-09-13 22:00:00,0.12561,0.12561,0.12561,0.0,0.05,344.75758277560107,-0.0,0.0,0.0,344.75758277560107,344.75758277560107,0.0,1.0
6142,2019-09-13 22:00:00,9,2019-09-13 23:00:00,0.12561,0.12561,0.12561,0.0,0.05,279.76676221837215,-0.0,0.0,0.0,279.76676221837215,279.76676221837215,0.0,1.0
6143,2019-09-13 23:00:00,9,2019-09-14 00:00:00,0.10547,0.10547,0.10547,0.0,0.05,253.83110593294225,-32.8812512420694,0.0,0.0,286.7123571750117,286.7123571750117,0.0,1.0
6144,2019-09-14 00:00:00,9,2019-09-14 01:00:00,0.10547,0.10547,0.10547,0.0,0.15083583714234616,245.20921629745197,-0.0,0.0,0.0,245.20921629745197,245.20921629745197,0.0,1.0
6145,2019-09-14 01:00:00,9,2019-09-14 02:00:00,0.10547,0.10547,0.10547,0.0,0.15083583714234616,236.9092444673204,-0.0,0.0,0.0,236.9092444673204,236.9092444673204,0.0,1.0
6146,2019-09-14 02:00:00,9,2019-09-14 03:00:00,0.10547,0.10547,0.10547,0.0,0.15083583714234616,234.64773304297464,-72.16841001227235,0.0,0.0,306.816143055247,306.816143055247,0.0,1.0
6147,2019-09-14 03:00:00,9,2019-09-14 04:00:00,0.10547,0.10547,0.10547,0.0,0.3721522945133147,243.70261709178635,-0.0,0.0,0.0,243.70261709178635,243.70261709178635,0.0,1.0
6148,2019-09-14 04:00:00,9,2019-09-14 05:00:00,0.10547,0.10547,0.10547,0.0,0.3721522945133147,268.5044326075722,-114.7549019276828,0.0,0.0,383.259334535255,383.259334535255,0.0,1.0
6149,2019-09-14 05:00:00,9,2019-09-14 06:00:00,0.10547,0.10547,0.10547,0.0,0.724067327091542,364.0043577482592,-0.0,0.0,0.0,364.0043577482592,364.0043577482592,0.0,0.0
6150,2019-09-14 06:00:00,9,2019-09-14 07:00:00,0.10547,0.10547,0.10547,0.0,0.724067327091542,411.09002558654254,-0.0,27.830691051287545,0.0,383.259334535255,383.259334535255,0.0,0.0
6151,2019-09-14 07:00:00,9,2019-09-14 08:00:00,0.10547,0.10547,0.10547,0.0,0.6232314899491959,363.5820002914099,-0.0,0.0,0.0,363.5820002914099,363.5820002914099,0.0,0.0
6152,2019-09-14 08:00:00,9,2019-09-14 09:00:00,0.10547,0.10547,0.10547,0.0,0.6232314899491959,329.663287139366,-0.0,0.0,0.0,329.663287139366,329.663287139366,0.0,0.0
6153,2019-09-14 09:00:00,9,2019-09-14 10:00:00,0.10547,0.10547,0.10547,0.0,0.6232314899491959,283.64811713820853,-0.0,0.0,0.0,283.64811713820853,283.64811713820853,0.0,1.0
6154,2019-09-14 10:00:00,9,2019-09-14 11:00:00,0.10547,0.10547,0.10547,0.0,0.6232314899491959,291.5876542524996,-0.0,0.0,0.0,291.5876542524996,291.5876542524996,0.0,1.0
6155,2019-09-14 11:00:00,9,2019-09-14 12:00:00,0.10547,0.10547,0.10547,0.0,0.6232314899491959,315.4234115718085,-67.83592296344648,0.0,0.0,383.259334535255,383.259334535255,0.0,1.0
6156,2019-09-14 12:00:00,9,2019-09-14 13:00:00,0.10547,0.10547,0.10547,0.0,0.8312616537037649,323.5458565451009,-0.0,0.0,0.0,323.5458565451009,323.5458565451009,0.0,1.0
6157,2019-09-14 13:00:00,9,2019-09-14 14:00:00,0.10547,0.10547,0.10547,0.0,0.8312616537037649,328.23596074300445,-55.02337379225058,0.0,0.0,383.25933453525505,383.25933453525505,0.0,1.0
6158,2019-09-14 14:00:00,9,2019-09-14 15:00:00,0.12561,0.12561,0.12561,0.0,1.0,300.8357414067015,-0.0,0.0,0.0,300.8357414067015,300.8357414067015,0.0,1.0
6159,2019-09-14 15:00:00,9,2019-09-14 16:00:00,0.12561,0.12561,0.12561,0.0,1.0,336.0695390748417,-0.0,0.0,0.0,336.0695390748417,336.0695390748417,0.0,1.0
6160,2019-09-14 16:00:00,9,2019-09-14 17:00:00,0.15111,0.15111,0.15111,0.0,1.0,379.29903558962604,-0.0,77.86455902825871,0.0,301.4344765613673,301.4344765613673,0.0,0.0
6161,2019-09-14 17:00:00,9,2019-09-14 18:00:00,0.15111,0.15111,0.15111,0.0,0.717882032506309,435.8793564828442,-0.0,52.62002194758918,0.0,383.259334535255,383.259334535255,0.0,0.0
6162,2019-09-14 18:00:00,9,2019-09-14 19:00:00,0.15111,0.15111,0.15111,0.0,0.5272297790730149,424.79971134828884,-0.0,41.540376813033845,0.0,383.259334535255,383.259334535255,0.0,0.0
6163,2019-09-14 19:00:00,9,2019-09-14 20:00:00,0.15111,0.15111,0.15111,0.0,0.376721167431588,435.53568949075793,-0.0,52.27635495550294,0.0,383.259334535255,383.259334535255,0.0,0.0
6164,2019-09-14 20:00:00,9,2019-09-14 21:00:00,0.15111,0.15111,0.15111,0.0,0.18731408425947593,421.15802179087035,-0.0,37.89868725561536,0.0,383.259334535255,383.259334535255,0.0,0.0
6165,2019-09-14 21:00:00,9,2019-09-14 22:00:00,0.12561,0.12561,0.12561,0.0,0.05,356.7374539676148,-0.0,0.0,0.0,356.7374539676148,356.7374539676148,0.0,1.0
6166,2019-09-14 22:00:00,9,2019-09-14 23:00:00,0.12561,0.12561,0.12561,0.0,0.05,290.1371476322846,-0.0,0.0,0.0,290.1371476322846,290.1371476322846,0.0,1.0
6167,2019-09-14 23:00:00,9,2019-09-15 00:00:00,0.10547,0.10547,0.10547,0.0,0.05,259.7689590248606,-37.42096282871652,0.0,0.0,297.18992185357706,297.18992185357706,0.0,1.0
6168,2019-09-15 00:00:00,9,2019-09-15 01:00:00,0.10547,0.10547,0.10547,0.0,0.16475761934139732,249.25518901235827,-0.0,0.0,0.0,249.25518901235827,249.25518901235827,0.0,1.0
6169,2019-09-15 01:00:00,9,2019-09-15 02:00:00,0.10547,0.10547,0.10547,0.0,0.16475761934139732,239.82669180556192,-143.43264272969316,0.0,0.0,383.2593345352551,383.2593345352551,0.0,1.0
6170,2019-09-15 02:00:00,9,2019-09-15 03:00:00,0.10547,0.10547,0.10547,0.0,0.6046177237124564,238.7554080602547,-11.564736865623267,0.0,0.0,250.32014492587797,250.32014492587797,0.0,1.0
6171,2019-09-15 03:00:00,9,2019-09-15 04:00:00,0.10547,0.10547,0.10547,0.0,0.6400829167670343,247.36134667566253,-0.0,0.0,0.0,247.36134667566253,247.36134667566253,0.0,1.0
6172,2019-09-15 04:00:00,9,2019-09-15 05:00:00,0.10547,0.10547,0.10547,0.0,0.6400829167670343,265.89506826363584,-117.36426627161921,0.0,0.0,383.25933453525505,383.25933453525505,0.0,1.0
6173,2019-09-15 05:00:00,9,2019-09-15 06:00:00,0.10547,0.10547,0.10547,0.0,1.0,359.5300740054877,-0.0,0.0,0.0,359.5300740054877,359.5300740054877,0.0,0.0
6174,2019-09-15 06:00:00,9,2019-09-15 07:00:00,0.10547,0.10547,0.10547,0.0,1.0,414.93243747348066,-0.0,31.67310293822561,0.0,383.25933453525505,383.25933453525505,0.0,0.0
6175,2019-09-15 07:00:00,9,2019-09-15 08:00:00,0.10547,0.10547,0.10547,0.0,0.8852423806586028,359.00927859884,-24.250055936415038,0.0,0.0,383.25933453525505,383.25933453525505,0.0,1.0
6176,2019-09-15 08:00:00,9,2019-09-15 09:00:00,0.10547,0.10547,0.10547,0.0,0.959609218863609,327.37763749041653,-0.0,0.0,0.0,327.37763749041653,327.37763749041653,0.0,0.0
6177,2019-09-15 09:00:00,9,2019-09-15 10:00:00,0.10547,0.10547,0.10547,0.0,0.959609218863609,282.13531985415364,-13.170906892301389,0.0,0.0,295.306226746455,295.306226746455,0.0,1.0
6178,2019-09-15 10:00:00,9,2019-09-15 11:00:00,0.10547,0.10547,0.10547,0.0,0.9999999999999998,286.8804541282264,-0.0,0.0,0.0,286.8804541282264,286.8804541282264,0.0,1.0
6179,2019-09-15 11:00:00,9,2019-09-15 12:00:00,0.10547,0.10547,0.10547,0.0,0.9999999999999998,288.536116410261,-6.178632484870436e-14,0.0,0.0,288.536116410261,288.536116410261,0.0,0.0
6180,2019-09-15 12:00:00,9,2019-09-15 13:00:00,0.10547,0.10547,0.10547,0.0,1.0,280.31501806194757,-0.0,0.0,0.0,280.31501806194757,280.31501806194757,0.0,1.0
6181,2019-09-15 13:00:00,9,2019-09-15 14:00:00,0.10547,0.10547,0.10547,0.0,1.0,286.72909880988976,-0.0,0.0,0.0,286.72909880988976,286.72909880988976,0.0,1.0
6182,2019-09-15 14:00:00,9,2019-09-15 15:00:00,0.12561,0.12561,0.12561,0.0,1.0,314.77569658025305,-0.0,0.0,0.0,314.77569658025305,314.77569658025305,0.0,1.0
6183,2019-09-15 15:00:00,9,2019-09-15 16:00:00,0.12561,0.12561,0.12561,0.0,1.0,355.3494449974084,-0.0,0.0,0.0,355.3494449974084,355.3494449974084,0.0,1.0
6184,2019-09-15 16:00:00,9,2019-09-15 17:00:00,0.15111,0.15111,0.15111,0.0,1.0,364.88640880328614,-0.0,0.0,0.0,364.88640880328614,364.88640880328614,0.0,0.0
6185,2019-09-15 17:00:00,9,2019-09-15 18:00:00,0.15111,0.15111,0.15111,0.0,1.0,405.193253705904,-0.0,21.933919170648892,0.0,383.2593345352551,383.2593345352551,0.0,0.0
6186,2019-09-15 18:00:00,9,2019-09-15 19:00:00,0.15111,0.15111,0.15111,0.0,0.9205292783672142,412.8875562290112,-0.0,29.628221693756075,0.0,383.2593345352551,383.2593345352551,0.0,0.0
6187,2019-09-15 19:00:00,9,2019-09-15 20:00:00,0.15111,0.15111,0.15111,0.0,0.813180649042011,433.82109544094095,-0.0,150.0,0.0,283.82109544094095,283.82109544094095,0.0,0.0
6188,2019-09-15 20:00:00,9,2019-09-15 21:00:00,0.15111,0.15111,0.15111,0.0,0.26970238817244585,410.74968124679,-0.0,60.63785913559505,0.0,350.1118221111949,350.1118221111949,0.0,0.0
6189,2019-09-15 21:00:00,9,2019-09-15 22:00:00,0.12561,0.12561,0.12561,0.0,0.05,343.39353058929873,-0.0,0.0,0.0,343.39353058929873,343.39353058929873,0.0,1.0
6190,2019-09-15 22:00:00,9,2019-09-15 23:00:00,0.12561,0.12561,0.12561,0.0,0.05,274.00556901681466,-0.0,0.0,0.0,274.00556901681466,274.00556901681466,0.0,1.0
6191,2019-09-15 23:00:00,9,2019-09-16 00:00:00,0.10547,0.10547,0.10547,0.0,0.05,261.591019269149,-29.14771272169696,0.0,0.0,290.73873199084596,290.73873199084596,0.0,1.0
6192,2019-09-16 00:00:00,9,2019-09-16 01:00:00,0.10547,0.10547,0.10547,0.0,0.139386319013204,262.4173246843013,-0.0,0.0,0.0,262.4173246843013,262.4173246843013,0.0,1.0
6193,2019-09-16 01:00:00,9,2019-09-16 02:00:00,0.10547,0.10547,0.10547,0.0,0.139386319013204,239.36907818514257,-24.658957116821487,0.0,0.0,264.02803530196405,264.02803530196405,0.0,1.0
6194,2019-09-16 02:00:00,9,2019-09-16 03:00:00,0.10547,0.10547,0.10547,0.0,0.21500712083812326,233.6668346962916,-0.0,0.0,0.0,233.6668346962916,233.6668346962916,0.0,1.0
6195,2019-09-16 03:00:00,9,2019-09-16 04:00:00,0.10547,0.10547,0.10547,0.0,0.21500712083812326,241.59678749119314,-0.0,0.0,0.0,241.59678749119314,241.59678749119314,0.0,1.0
6196,2019-09-16 04:00:00,9,2019-09-16 05:00:00,0.10547,0.10547,0.10547,0.0,0.21500712083812326,243.90134464561538,-0.0,0.0,0.0,243.90134464561538,243.90134464561538,0.0,1.0
6197,2019-09-16 05:00:00,9,2019-09-16 06:00:00,0.10547,0.10547,0.10547,0.0,0.21500712083812326,307.29440324565616,-0.0,0.0,0.0,307.29440324565616,307.29440324565616,0.0,1.0
6198,2019-09-16 06:00:00,9,2019-09-16 07:00:00,0.10547,0.10547,0.10547,0.0,0.21500712083812326,370.4871411402234,-0.0,0.0,0.0,370.4871411402234,370.4871411402234,0.0,1.0
6199,2019-09-16 07:00:00,9,2019-09-16 08:00:00,0.10547,0.10547,0.10547,0.0,0.21500712083812326,407.9299585828994,-0.0,24.67062404764431,0.0,383.2593345352551,383.2593345352551,0.0,0.0
6200,2019-09-16 08:00:00,9,2019-09-16 09:00:00,0.10547,0.10547,0.10547,0.0,0.12562080182491922,361.9050563817327,-21.354278153522387,0.0,0.0,383.2593345352551,383.2593345352551,0.0,1.0
6201,2019-09-16 09:00:00,9,2019-09-16 10:00:00,0.10547,0.10547,0.10547,0.0,0.19110725482905455,297.40562276022473,-0.0,0.0,0.0,297.40562276022473,297.40562276022473,0.0,1.0
6202,2019-09-16 10:00:00,9,2019-09-16 11:00:00,0.10547,0.10547,0.10547,0.0,0.19110725482905455,291.52992667608555,-91.72940785916956,0.0,0.0,383.2593345352551,383.2593345352551,0.0,1.0
6203,2019-09-16 11:00:00,9,2019-09-16 12:00:00,0.10547,0.10547,0.10547,0.0,0.47241077226384126,294.68674736804087,-88.57258716721424,0.0,0.0,383.2593345352551,383.2593345352551,0.0,1.0
6204,2019-09-16 12:00:00,9,2019-09-16 13:00:00,0.10547,0.10547,0.10547,0.0,0.7440333729099649,287.6571655639828,-83.46737839892448,0.0,0.0,371.1245439629073,371.1245439629073,0.0,1.0
6205,2019-09-16 13:00:00,9,2019-09-16 14:00:00,0.10547,0.10547,0.10547,0.0,1.0,299.7919561363306,-0.0,0.0,0.0,299.7919561363306,299.7919561363306,0.0,0.0
6206,2019-09-16 14:00:00,9,2019-09-16 15:00:00,0.12561,0.12561,0.12561,0.0,1.0,323.32722308095026,-0.0,0.0,0.0,323.32722308095026,323.32722308095026,0.0,1.0
6207,2019-09-16 15:00:00,9,2019-09-16 16:00:00,0.12561,0.12561,0.12561,0.0,1.0,329.69563107588004,-0.0,0.0,0.0,329.69563107588004,329.69563107588004,0.0,1.0
6208,2019-09-16 16:00:00,9,2019-09-16 17:00:00,0.15111,0.15111,0.15111,0.0,1.0,380.9800584224664,-0.0,0.0,0.0,380.9800584224664,380.9800584224664,0.0,1.0
6209,2019-09-16 17:00:00,9,2019-09-16 18:00:00,0.15111,0.15111,0.15111,0.0,1.0,428.4917569497399,-0.0,45.2324224144848,0.0,383.2593345352551,383.2593345352551,0.0,0.0
6210,2019-09-16 18:00:00,9,2019-09-16 19:00:00,0.15111,0.15111,0.15111,0.0,0.8361144115417217,419.7699867521645,-0.0,36.51065221690942,0.0,383.2593345352551,383.2593345352551,0.0,0.0
6211,2019-09-16 19:00:00,9,2019-09-16 20:00:00,0.15111,0.15111,0.15111,0.0,0.7038294397413253,427.3303064947824,-0.0,44.0709719595273,0.0,383.2593345352551,383.2593345352551,0.0,0.0
6212,2019-09-16 20:00:00,9,2019-09-16 21:00:00,0.15111,0.15111,0.15111,0.0,0.5441520051053569,411.8947650146679,-0.0,136.3859534090785,0.0,275.50881160558936,275.50881160558936,0.0,0.0
6213,2019-09-16 21:00:00,9,2019-09-16 22:00:00,0.12561,0.12561,0.12561,0.0,0.05,354.7409406071994,-0.0,0.0,0.0,354.7409406071994,354.7409406071994,0.0,1.0
6214,2019-09-16 22:00:00,9,2019-09-16 23:00:00,0.12561,0.12561,0.12561,0.0,0.05,292.2586103967994,-0.0,0.0,0.0,292.2586103967994,292.2586103967994,0.0,1.0
6215,2019-09-16 23:00:00,9,2019-09-17 00:00:00,0.10547,0.10547,0.10547,0.0,0.05,268.34588856843277,-0.0,0.0,0.0,268.34588856843277,268.34588856843277,0.0,0.0
6216,2019-09-17 00:00:00,9,2019-09-17 01:00:00,0.10547,0.10547,0.10547,0.0,0.05,273.474396767922,-0.0,0.0,0.0,273.474396767922,273.474396767922,0.0,1.0
6217,2019-09-17 01:00:00,9,2019-09-17 02:00:00,0.10547,0.10547,0.10547,0.0,0.05,251.05367783718486,-132.20565669807024,0.0,0.0,383.2593345352551,383.2593345352551,0.0,1.0
6218,2019-09-17 02:00:00,9,2019-09-17 03:00:00,0.10547,0.10547,0.10547,0.0,0.45543068054074876,235.6464354888151,-0.0,0.0,0.0,235.6464354888151,235.6464354888151,0.0,1.0
6219,2019-09-17 03:00:00,9,2019-09-17 04:00:00,0.10547,0.10547,0.10547,0.0,0.45543068054074876,212.81787622308443,-0.0,0.0,0.0,212.81787622308443,212.81787622308443,0.0,1.0
6220,2019-09-17 04:00:00,9,2019-09-17 05:00:00,0.10547,0.10547,0.10547,0.0,0.45543068054074876,198.06779488562844,-0.0,0.0,0.0,198.06779488562844,198.06779488562844,0.0,1.0
6221,2019-09-17 05:00:00,9,2019-09-17 06:00:00,0.10547,0.10547,0.10547,0.0,0.45543068054074876,264.4294521045378,-113.1211170365875,0.0,0.0,377.5505691411253,377.5505691411253,0.0,1.0
6222,2019-09-17 06:00:00,9,2019-09-17 07:00:00,0.10547,0.10547,0.10547,0.0,0.8023354394529505,375.0339961929961,-0.0,0.0,0.0,375.0339961929961,375.0339961929961,0.0,0.0
6223,2019-09-17 07:00:00,9,2019-09-17 08:00:00,0.10547,0.10547,0.10547,0.0,0.8023354394529505,416.3287562490252,-0.0,33.06942171377011,0.0,383.2593345352551,383.2593345352551,0.0,0.0
6224,2019-09-17 08:00:00,9,2019-09-17 09:00:00,0.10547,0.10547,0.10547,0.0,0.6825186941132036,352.8396786214004,-0.0,0.0,0.0,352.8396786214004,352.8396786214004,0.0,1.0
6225,2019-09-17 09:00:00,9,2019-09-17 10:00:00,0.10547,0.10547,0.10547,0.0,0.6825186941132036,298.4757795836036,-0.0,0.0,0.0,298.4757795836036,298.4757795836036,0.0,1.0
6226,2019-09-17 10:00:00,9,2019-09-17 11:00:00,0.10547,0.10547,0.10547,0.0,0.6825186941132036,291.2916998641668,-0.0,0.0,0.0,291.2916998641668,291.2916998641668,0.0,1.0
6227,2019-09-17 11:00:00,9,2019-09-17 12:00:00,0.10547,0.10547,0.10547,0.0,0.6825186941132036,294.360613864993,-0.0,0.0,0.0,294.360613864993,294.360613864993,0.0,1.0
6228,2019-09-17 12:00:00,9,2019-09-17 13:00:00,0.10547,0.10547,0.10547,0.0,0.6825186941132036,279.7328217460824,-103.52651278917273,0.0,0.0,383.2593345352551,383.2593345352551,0.0,1.0
6229,2019-09-17 13:00:00,9,2019-09-17 14:00:00,0.10547,0.10547,0.10547,0.0,1.0,303.44742116575816,-0.0,0.0,0.0,303.44742116575816,303.44742116575816,0.0,1.0
6230,2019-09-17 14:00:00,9,2019-09-17 15:00:00,0.12561,0.12561,0.12561,0.0,1.0,297.87609811335074,-0.0,0.0,0.0,297.87609811335074,297.87609811335074,0.0,1.0
6231,2019-09-17 15:00:00,9,2019-09-17 16:00:00,0.12561,0.12561,0.12561,0.0,1.0,351.21977514656817,-0.0,0.0,0.0,351.21977514656817,351.21977514656817,0.0,1.0
6232,2019-09-17 16:00:00,9,2019-09-17 17:00:00,0.15111,0.15111,0.15111,0.0,1.0,362.93449977656553,-0.0,0.0,0.0,362.93449977656553,362.93449977656553,0.0,1.0
6233,2019-09-17 17:00:00,9,2019-09-17 18:00:00,0.15111,0.15111,0.15111,0.0,1.0,403.89653185741565,-0.0,150.0,0.0,253.89653185741565,253.89653185741565,0.0,0.0
6234,2019-09-17 18:00:00,9,2019-09-17 19:00:00,0.15111,0.15111,0.15111,0.0,0.4565217391304348,408.28406537597766,-0.0,25.024730840722555,0.0,383.2593345352551,383.2593345352551,0.0,0.0
6235,2019-09-17 19:00:00,9,2019-09-17 20:00:00,0.15111,0.15111,0.15111,0.0,0.36585242449013566,432.21855998451673,-0.0,57.13874667386349,0.0,375.0798133106532,375.0798133106532,0.0,0.0
6236,2019-09-17 20:00:00,9,2019-09-17 21:00:00,0.15111,0.15111,0.15111,0.0,0.15882798001961582,413.2958570206691,-0.0,30.03652248541397,0.0,383.2593345352551,383.2593345352551,0.0,0.0
6237,2019-09-17 21:00:00,9,2019-09-17 22:00:00,0.12561,0.12561,0.12561,0.0,0.05,363.9067220129451,-0.0,0.0,0.0,363.9067220129451,363.9067220129451,0.0,1.0
6238,2019-09-17 22:00:00,9,2019-09-17 23:00:00,0.12561,0.12561,0.12561,0.0,0.05,298.2110418725849,-0.0,0.0,0.0,298.2110418725849,298.2110418725849,0.0,1.0
6239,2019-09-17 23:00:00,9,2019-09-18 00:00:00,0.10547,0.10547,0.10547,0.0,0.05,275.90695210594475,-0.0,0.0,0.0,275.90695210594475,275.90695210594475,0.0,0.0
6240,2019-09-18 00:00:00,9,2019-09-18 01:00:00,0.10547,0.10547,0.10547,0.0,0.05,252.92743003751494,-0.0,0.0,0.0,252.92743003751494,252.92743003751494,0.0,1.0
6241,2019-09-18 01:00:00,9,2019-09-18 02:00:00,0.10547,0.10547,0.10547,0.0,0.05,242.52963700444343,-140.72969753081168,0.0,0.0,383.2593345352551,383.2593345352551,0.0,1.0
6242,2019-09-18 02:00:00,9,2019-09-18 03:00:00,0.10547,0.10547,0.10547,0.0,0.48157107242782243,233.19994576056158,-150.0,0.0,0.0,383.1999457605616,383.1999457605616,0.0,1.0
6243,2019-09-18 03:00:00,9,2019-09-18 04:00:00,0.10547,0.10547,0.10547,0.0,0.9415710724278226,222.98961282933843,-0.0,0.0,0.0,222.98961282933843,222.98961282933843,0.0,1.0
6244,2019-09-18 04:00:00,9,2019-09-18 05:00:00,0.10547,0.10547,0.10547,0.0,0.9415710724278226,219.8079716102793,-0.0,0.0,0.0,219.8079716102793,219.8079716102793,0.0,1.0
6245,2019-09-18 05:00:00,9,2019-09-18 06:00:00,0.10547,0.10547,0.10547,0.0,0.9415710724278226,305.1390953612374,-0.0,0.0,0.0,305.1390953612374,305.1390953612374,0.0,1.0
6246,2019-09-18 06:00:00,9,2019-09-18 07:00:00,0.10547,0.10547,0.10547,0.0,0.9415710724278226,415.94290102898117,-0.0,32.68356649372606,0.0,383.2593345352551,383.2593345352551,0.0,0.0
6247,2019-09-18 07:00:00,9,2019-09-18 08:00:00,0.10547,0.10547,0.10547,0.0,0.8231523532476556,377.4438844466897,-5.815450088565399,0.0,0.0,383.2593345352551,383.2593345352551,0.0,1.0
6248,2019-09-18 08:00:00,9,2019-09-18 09:00:00,0.10547,0.10547,0.10547,0.0,0.8409864001859229,346.77100200725147,-36.48833252800364,0.0,0.0,383.2593345352551,383.2593345352551,0.0,1.0
6249,2019-09-18 09:00:00,9,2019-09-18 10:00:00,0.10547,0.10547,0.10547,0.0,0.9528839532718006,291.43395481359823,-0.0,0.0,0.0,291.43395481359823,291.43395481359823,0.0,1.0
6250,2019-09-18 10:00:00,9,2019-09-18 11:00:00,0.10547,0.10547,0.10547,0.0,0.9528839532718006,285.8817988350296,-0.0,0.0,0.0,285.8817988350296,285.8817988350296,0.0,1.0
6251,2019-09-18 11:00:00,9,2019-09-18 12:00:00,0.10547,0.10547,0.10547,0.0,0.9528839532718006,294.6420129346843,-15.363928280934557,0.0,0.0,310.00594121561886,310.00594121561886,0.0,1.0
6252,2019-09-18 12:00:00,9,2019-09-18 13:00:00,0.10547,0.10547,0.10547,0.0,1.0,306.8142811301598,-0.0,0.0,0.0,306.8142811301598,306.8142811301598,0.0,0.0
6253,2019-09-18 13:00:00,9,2019-09-18 14:00:00,0.10547,0.10547,0.10547,0.0,1.0,314.7145471106374,-0.0,0.0,0.0,314.7145471106374,314.7145471106374,0.0,1.0
6254,2019-09-18 14:00:00,9,2019-09-18 15:00:00,0.12561,0.12561,0.12561,0.0,1.0,306.9452992871546,-0.0,0.0,0.0,306.9452992871546,306.9452992871546,0.0,0.0
6255,2019-09-18 15:00:00,9,2019-09-18 16:00:00,0.12561,0.12561,0.12561,0.0,1.0,326.08825496435423,-0.0,0.0,0.0,326.08825496435423,326.08825496435423,0.0,1.0
6256,2019-09-18 16:00:00,9,2019-09-18 17:00:00,0.15111,0.15111,0.15111,0.0,1.0,374.16228345757213,-0.0,0.0,0.0,374.16228345757213,374.16228345757213,0.0,1.0
6257,2019-09-18 17:00:00,9,2019-09-18 18:00:00,0.15111,0.15111,0.15111,0.0,1.0,401.7513108280919,-0.0,18.491976292836796,0.0,383.2593345352551,383.2593345352551,0.0,0.0
6258,2019-09-18 18:00:00,9,2019-09-18 19:00:00,0.15111,0.15111,0.15111,0.0,0.9330000858955189,411.782487827775,-0.0,28.523153292519908,0.0,383.2593345352551,383.2593345352551,0.0,0.0
6259,2019-09-18 19:00:00,9,2019-09-18 20:00:00,0.15111,0.15111,0.15111,0.0,0.8296553275892873,459.28901656584634,-0.0,76.02968203059123,0.0,383.2593345352551,383.2593345352551,0.0,0.0
6260,2019-09-18 20:00:00,9,2019-09-18 21:00:00,0.15111,0.15111,0.15111,0.0,0.554185465159609,437.30554050608754,-0.0,139.15518838405208,0.0,298.15035212203543,298.15035212203543,0.0,0.0
6261,2019-09-18 21:00:00,9,2019-09-18 22:00:00,0.12561,0.12561,0.12561,0.0,0.05,369.0011663433665,-0.0,0.0,0.0,369.0011663433665,369.0011663433665,0.0,1.0
6262,2019-09-18 22:00:00,9,2019-09-18 23:00:00,0.12561,0.12561,0.12561,0.0,0.05,296.56044084679286,-0.0,0.0,0.0,296.56044084679286,296.56044084679286,0.0,1.0
6263,2019-09-18 23:00:00,9,2019-09-19 00:00:00,0.10547,0.10547,0.10547,0.0,0.05,243.10326624627785,-28.74528822137468,0.0,0.0,271.84855446765255,271.84855446765255,0.0,1.0
6264,2019-09-19 00:00:00,9,2019-09-19 01:00:00,0.10547,0.10547,0.10547,0.0,0.13815221721221568,225.95355225705802,-0.0,0.0,0.0,225.95355225705802,225.95355225705802,0.0,1.0
6265,2019-09-19 01:00:00,9,2019-09-19 02:00:00,0.10547,0.10547,0.10547,0.0,0.13815221721221568,212.89420145615685,-0.0,0.0,0.0,212.89420145615685,212.89420145615685,0.0,0.0
6266,2019-09-19 02:00:00,9,2019-09-19 03:00:00,0.10547,0.10547,0.10547,0.0,0.13815221721221568,177.2405599042426,-0.0,0.0,0.0,177.2405599042426,177.2405599042426,0.0,1.0
6267,2019-09-19 03:00:00,9,2019-09-19 04:00:00,0.10547,0.10547,0.10547,0.0,0.13815221721221568,196.57366207329036,-0.0,0.0,0.0,196.57366207329036,196.57366207329036,0.0,0.0
6268,2019-09-19 04:00:00,9,2019-09-19 05:00:00,0.10547,0.10547,0.10547,0.0,0.13815221721221568,241.5070385645301,-0.0,0.0,0.0,241.5070385645301,241.5070385645301,0.0,1.0
6269,2019-09-19 05:00:00,9,2019-09-19 06:00:00,0.10547,0.10547,0.10547,0.0,0.13815221721221568,342.7027634906393,-0.0,0.0,0.0,342.7027634906393,342.7027634906393,0.0,0.0
6270,2019-09-19 06:00:00,9,2019-09-19 07:00:00,0.10547,0.10547,0.10547,0.0,0.13815221721221568,407.58934648582664,-0.0,24.33001195057153,0.0,383.2593345352551,383.2593345352551,0.0,0.0
6271,2019-09-19 07:00:00,9,2019-09-19 08:00:00,0.10547,0.10547,0.10547,0.0,0.05,378.9470045101553,-0.0,0.0,0.0,378.9470045101553,378.9470045101553,0.0,0.0
6272,2019-09-19 08:00:00,9,2019-09-19 09:00:00,0.10547,0.10547,0.10547,0.0,0.05,362.42003144171787,-0.0,0.0,0.0,362.42003144171787,362.42003144171787,0.0,0.0
6273,2019-09-19 09:00:00,9,2019-09-19 10:00:00,0.10547,0.10547,0.10547,0.0,0.05,293.1531394867314,-59.60969822802189,0.0,0.0,352.7628377147533,352.7628377147533,0.0,1.0
6274,2019-09-19 10:00:00,9,2019-09-19 11:00:00,0.10547,0.10547,0.10547,0.0,0.23280307456593383,287.46593061369595,-95.79340392155916,0.0,0.0,383.2593345352551,383.2593345352551,0.0,1.0
6275,2019-09-19 11:00:00,9,2019-09-19 12:00:00,0.10547,0.10547,0.10547,0.0,0.5265695132587153,301.3526565306988,-81.90667800455628,0.0,0.0,383.2593345352551,383.2593345352551,0.0,1.0
6276,2019-09-19 12:00:00,9,2019-09-19 13:00:00,0.10547,0.10547,0.10547,0.0,0.777749992472688,310.7865059937403,-72.4728285415148,0.0,0.0,383.2593345352551,383.2593345352551,0.0,1.0
6277,2019-09-19 13:00:00,9,2019-09-19 14:00:00,0.10547,0.10547,0.10547,0.0,1.0,318.452477162694,-0.0,0.0,0.0,318.452477162694,318.452477162694,0.0,1.0
6278,2019-09-19 14:00:00,9,2019-09-19 15:00:00,0.12561,0.12561,0.12561,0.0,1.0,308.2025004395333,-0.0,0.0,0.0,308.2025004395333,308.2025004395333,0.0,1.0
6279,2019-09-19 15:00:00,9,2019-09-19 16:00:00,0.12561,0.12561,0.12561,0.0,1.0,324.04388735234437,-0.0,0.0,0.0,324.04388735234437,324.04388735234437,0.0,1.0
6280,2019-09-19 16:00:00,9,2019-09-19 17:00:00,0.15111,0.15111,0.15111,0.0,1.0,380.29091548056925,-0.0,0.0,0.0,380.29091548056925,380.29091548056925,0.0,1.0
6281,2019-09-19 17:00:00,9,2019-09-19 18:00:00,0.15111,0.15111,0.15111,0.0,1.0000000000000002,403.7906198415593,-0.0,20.5312853063042,0.0,383.2593345352551,383.2593345352551,0.0,0.0
6282,2019-09-19 18:00:00,9,2019-09-19 19:00:00,0.15111,0.15111,0.15111,0.0,0.9256112851220863,411.55716347021564,-0.0,41.374980398259495,0.0,370.18218307195616,370.18218307195616,0.0,0.0
6283,2019-09-19 19:00:00,9,2019-09-19 20:00:00,0.15111,0.15111,0.15111,0.0,0.7757019358530302,457.79500771897796,-0.0,150.0,0.0,307.79500771897796,307.79500771897796,0.0,0.0
6284,2019-09-19 20:00:00,9,2019-09-19 21:00:00,0.15111,0.15111,0.15111,0.0,0.2322236749834649,433.5530688306914,-0.0,50.29373429543631,0.0,383.2593345352551,383.2593345352551,0.0,0.0
6285,2019-09-19 21:00:00,9,2019-09-19 22:00:00,0.12561,0.12561,0.12561,0.0,0.05,366.9968453812354,-0.0,0.0,0.0,366.9968453812354,366.9968453812354,0.0,1.0
6286,2019-09-19 22:00:00,9,2019-09-19 23:00:00,0.12561,0.12561,0.12561,0.0,0.05,294.923637977378,-0.0,0.0,0.0,294.923637977378,294.923637977378,0.0,1.0
6287,2019-09-19 23:00:00,9,2019-09-20 00:00:00,0.10547,0.10547,0.10547,0.0,0.05,265.77358217695365,-0.0,0.0,0.0,265.77358217695365,265.77358217695365,0.0,1.0
6288,2019-09-20 00:00:00,9,2019-09-20 01:00:00,0.10547,0.10547,0.10547,0.0,0.05,255.0976082211066,-0.0,0.0,0.0,255.0976082211066,255.0976082211066,0.0,1.0
6289,2019-09-20 01:00:00,9,2019-09-20 02:00:00,0.10547,0.10547,0.10547,0.0,0.05,241.80308286012874,-141.45625167512637,0.0,0.0,383.2593345352551,383.2593345352551,0.0,1.0
6290,2019-09-20 02:00:00,9,2019-09-20 03:00:00,0.10547,0.10547,0.10547,0.0,0.48379917180372084,235.73983157081742,-147.5195029644377,0.0,0.0,383.2593345352551,383.2593345352551,0.0,1.0
6291,2019-09-20 03:00:00,9,2019-09-20 04:00:00,0.10547,0.10547,0.10547,0.0,0.9361923142279965,234.46252644563592,-0.0,0.0,0.0,234.46252644563592,234.46252644563592,0.0,1.0
6292,2019-09-20 04:00:00,9,2019-09-20 05:00:00,0.10547,0.10547,0.10547,0.0,0.9361923142279965,244.64425884884466,-0.0,0.0,0.0,244.64425884884466,244.64425884884466,0.0,1.0
6293,2019-09-20 05:00:00,9,2019-09-20 06:00:00,0.10547,0.10547,0.10547,0.0,0.9361923142279965,329.88871828748796,-0.0,0.0,0.0,329.88871828748796,329.88871828748796,0.0,1.0
6294,2019-09-20 06:00:00,9,2019-09-20 07:00:00,0.10547,0.10547,0.10547,0.0,0.9361923142279965,421.43632118937194,-0.0,38.17698665411683,0.0,383.2593345352551,383.2593345352551,0.0,0.0
6295,2019-09-20 07:00:00,9,2019-09-20 08:00:00,0.10547,0.10547,0.10547,0.0,0.7978698988145297,376.7576168675448,-6.501717667710295,0.0,0.0,383.2593345352551,383.2593345352551,0.0,1.0
6296,2019-09-20 08:00:00,9,2019-09-20 09:00:00,0.10547,0.10547,0.10547,0.0,0.8178084996621747,340.98407310821847,-42.27526142703664,0.0,0.0,383.2593345352551,383.2593345352551,0.0,1.0
6297,2019-09-20 09:00:00,9,2019-09-20 10:00:00,0.10547,0.10547,0.10547,0.0,0.9474526347050871,284.6491448184425,-0.0,0.0,0.0,284.6491448184425,284.6491448184425,0.0,1.0
6298,2019-09-20 10:00:00,9,2019-09-20 11:00:00,0.10547,0.10547,0.10547,0.0,0.9474526347050871,286.7399236110705,-0.0,0.0,0.0,286.7399236110705,286.7399236110705,0.0,1.0
6299,2019-09-20 11:00:00,9,2019-09-20 12:00:00,0.10547,0.10547,0.10547,0.0,0.9474526347050871,305.8516130434476,-17.13501042225421,0.0,0.0,322.9866234657018,322.9866234657018,0.0,1.0
6300,2019-09-20 12:00:00,9,2019-09-20 13:00:00,0.10547,0.10547,0.10547,0.0,1.0,317.16860125429986,-0.0,0.0,0.0,317.16860125429986,317.16860125429986,0.0,1.0
6301,2019-09-20 13:00:00,9,2019-09-20 14:00:00,0.10547,0.10547,0.10547,0.0,1.0,317.3045887283399,-0.0,0.0,0.0,317.3045887283399,317.3045887283399,0.0,1.0
6302,2019-09-20 14:00:00,9,2019-09-20 15:00:00,0.12561,0.12561,0.12561,0.0,1.0,292.9115876387471,-0.0,0.0,0.0,292.9115876387471,292.9115876387471,0.0,1.0
6303,2019-09-20 15:00:00,9,2019-09-20 16:00:00,0.12561,0.12561,0.12561,0.0,1.0,340.579009636069,-0.0,0.0,0.0,340.579009636069,340.579009636069,0.0,1.0
6304,2019-09-20 16:00:00,9,2019-09-20 17:00:00,0.15111,0.15111,0.15111,0.0,1.0,384.229299211315,-0.0,0.9699646760598739,0.0,383.2593345352551,383.2593345352551,0.0,0.0
6305,2019-09-20 17:00:00,9,2019-09-20 18:00:00,0.15111,0.15111,0.15111,0.0,0.9964856352316671,418.6293774149459,-0.0,35.3700428796908,0.0,383.2593345352551,383.2593345352551,0.0,0.0
6306,2019-09-20 18:00:00,9,2019-09-20 19:00:00,0.15111,0.15111,0.15111,0.0,0.868333305957425,411.01613365383173,-0.0,33.789026332914815,0.0,377.2271073209169,377.2271073209169,0.0,0.0
6307,2019-09-20 19:00:00,9,2019-09-20 20:00:00,0.15111,0.15111,0.15111,0.0,0.7459092975048351,435.75686614561823,-0.0,150.0,0.0,285.75686614561823,285.75686614561823,0.0,0.0
6308,2019-09-20 20:00:00,9,2019-09-20 21:00:00,0.15111,0.15111,0.15111,0.0,0.20243103663526987,425.3303006465896,-0.0,42.070966111334485,0.0,383.2593345352551,383.2593345352551,0.0,0.0
6309,2019-09-20 21:00:00,9,2019-09-20 22:00:00,0.12561,0.12561,0.12561,0.0,0.05,364.75916555595745,-0.0,0.0,0.0,364.75916555595745,364.75916555595745,0.0,1.0
6310,2019-09-20 22:00:00,9,2019-09-20 23:00:00,0.12561,0.12561,0.12561,0.0,0.05,298.22438812135437,-0.0,0.0,0.0,298.22438812135437,298.22438812135437,0.0,1.0
6311,2019-09-20 23:00:00,9,2019-09-21 00:00:00,0.10547,0.10547,0.10547,0.0,0.05,258.98783801940357,-47.1473569445034,0.0,0.0,306.135194963907,306.135194963907,0.0,1.0
6312,2019-09-21 00:00:00,9,2019-09-21 01:00:00,0.10547,0.10547,0.10547,0.0,0.19458522796314376,248.5950809347524,-0.0,0.0,0.0,248.5950809347524,248.5950809347524,0.0,1.0
6313,2019-09-21 01:00:00,9,2019-09-21 02:00:00,0.10547,0.10547,0.10547,0.0,0.19458522796314376,241.20628185321237,-0.0,0.0,0.0,241.20628185321237,241.20628185321237,0.0,1.0
6314,2019-09-21 02:00:00,9,2019-09-21 03:00:00,0.10547,0.10547,0.10547,0.0,0.19458522796314376,238.04174283585002,-46.28166388628559,0.0,0.0,284.3234067221356,284.3234067221356,0.0,1.0
6315,2019-09-21 03:00:00,9,2019-09-21 04:00:00,0.10547,0.10547,0.10547,0.0,0.3365156638810862,243.99991402963315,-0.0,0.0,0.0,243.99991402963315,243.99991402963315,0.0,0.0
6316,2019-09-21 04:00:00,9,2019-09-21 05:00:00,0.10547,0.10547,0.10547,0.0,0.3365156638810862,235.90686302251385,-0.0,0.0,0.0,235.90686302251385,235.90686302251385,0.0,1.0
6317,2019-09-21 05:00:00,9,2019-09-21 06:00:00,0.10547,0.10547,0.10547,0.0,0.3365156638810862,331.3274190280932,-51.93191550716193,0.0,0.0,383.2593345352551,383.2593345352551,0.0,1.0
6318,2019-09-21 06:00:00,9,2019-09-21 07:00:00,0.10547,0.10547,0.10547,0.0,0.4957735381030495,423.1648574530828,-0.0,39.90552291782768,0.0,383.2593345352551,383.2593345352551,0.0,0.0
6319,2019-09-21 07:00:00,9,2019-09-21 08:00:00,0.10547,0.10547,0.10547,0.0,0.3511883101399057,375.33889190333036,-0.0,0.0,0.0,375.33889190333036,375.33889190333036,0.0,0.0
6320,2019-09-21 08:00:00,9,2019-09-21 09:00:00,0.10547,0.10547,0.10547,0.0,0.3511883101399057,358.12978398151296,-0.0,0.0,0.0,358.12978398151296,358.12978398151296,0.0,0.0
6321,2019-09-21 09:00:00,9,2019-09-21 10:00:00,0.10547,0.10547,0.10547,0.0,0.3511883101399057,293.7940118240785,-89.46532271117661,0.0,0.0,383.2593345352551,383.2593345352551,0.0,1.0
6322,2019-09-21 10:00:00,9,2019-09-21 11:00:00,0.10547,0.10547,0.10547,0.0,0.6255486331208473,299.8870003172269,-0.0,0.0,0.0,299.8870003172269,299.8870003172269,0.0,0.0
6323,2019-09-21 11:00:00,9,2019-09-21 12:00:00,0.10547,0.10547,0.10547,0.0,0.6255486331208473,331.82853492705385,-0.0,0.0,0.0,331.82853492705385,331.82853492705385,0.0,0.0
6324,2019-09-21 12:00:00,9,2019-09-21 13:00:00,0.10547,0.10547,0.10547,0.0,0.6255486331208473,329.3667506368746,-53.89258389838051,0.0,0.0,383.2593345352551,383.2593345352551,0.0,1.0
6325,2019-09-21 13:00:00,9,2019-09-21 14:00:00,0.10547,0.10547,0.10547,0.0,0.7908192237425475,315.0482118426076,-68.2111226926475,0.0,0.0,383.2593345352551,383.2593345352551,0.0,1.0
6326,2019-09-21 14:00:00,9,2019-09-21 15:00:00,0.12561,0.12561,0.12561,0.0,0.9999999999999998,309.62284227751917,-0.0,0.0,0.0,309.62284227751917,309.62284227751917,0.0,1.0
6327,2019-09-21 15:00:00,9,2019-09-21 16:00:00,0.12561,0.12561,0.12561,0.0,0.9999999999999998,326.769146260026,-0.0,-5.2295945351943376e-14,0.0,326.76914626002605,326.76914626002605,0.0,1.0
6328,2019-09-21 16:00:00,9,2019-09-21 17:00:00,0.15111,0.15111,0.15111,0.0,1.0,389.55509669744225,-0.0,82.78056019927473,0.0,306.77453649816755,306.77453649816755,0.0,0.0
6329,2019-09-21 17:00:00,9,2019-09-21 18:00:00,0.15111,0.15111,0.15111,0.0,0.7000704340605989,425.14283885527,-0.0,41.88350432001488,0.0,383.2593345352551,383.2593345352551,0.0,0.0
6330,2019-09-21 18:00:00,9,2019-09-21 19:00:00,0.15111,0.15111,0.15111,0.0,0.5483186068141681,410.5829499647323,-0.0,27.323615429477172,0.0,383.2593345352551,383.2593345352551,0.0,0.0
6331,2019-09-21 19:00:00,9,2019-09-21 20:00:00,0.15111,0.15111,0.15111,0.0,0.4493200001856277,447.9630643558888,-0.0,64.70372982063367,0.0,383.2593345352551,383.2593345352551,0.0,0.0
6332,2019-09-21 20:00:00,9,2019-09-21 21:00:00,0.15111,0.15111,0.15111,0.0,0.21488619648767962,428.7679247658547,-0.0,45.508590230599566,0.0,383.2593345352551,383.2593345352551,0.0,0.0
6333,2019-09-21 21:00:00,9,2019-09-21 22:00:00,0.12561,0.12561,0.12561,0.0,0.05,366.718459245821,-0.0,0.0,0.0,366.718459245821,366.718459245821,0.0,1.0
6334,2019-09-21 22:00:00,9,2019-09-21 23:00:00,0.12561,0.12561,0.12561,0.0,0.05,298.4750856654698,-0.0,0.0,0.0,298.4750856654698,298.4750856654698,0.0,1.0
6335,2019-09-21 23:00:00,9,2019-09-22 00:00:00,0.10547,0.10547,0.10547,0.0,0.05,249.2514051447587,-0.0,0.0,0.0,249.2514051447587,249.2514051447587,0.0,1.0
6336,2019-09-22 00:00:00,9,2019-09-22 01:00:00,0.10547,0.10547,0.10547,0.0,0.05,245.4706366258758,-137.78869790937927,0.0,0.0,383.2593345352551,383.2593345352551,0.0,1.0
6337,2019-09-22 01:00:00,9,2019-09-22 02:00:00,0.10547,0.10547,0.10547,0.0,0.4725520069220965,239.95842820990634,-0.0,0.0,0.0,239.95842820990634,239.95842820990634,0.0,0.0
6338,2019-09-22 02:00:00,9,2019-09-22 03:00:00,0.10547,0.10547,0.10547,0.0,0.47255200692209653,219.05029183641315,-150.0,0.0,0.0,369.0502918364132,369.0502918364132,0.0,1.0
6339,2019-09-22 03:00:00,9,2019-09-22 04:00:00,0.10547,0.10547,0.10547,0.0,0.9325520069220965,194.98300994233486,-0.0,0.0,0.0,194.98300994233486,194.98300994233486,0.0,1.0
6340,2019-09-22 04:00:00,9,2019-09-22 05:00:00,0.10547,0.10547,0.10547,0.0,0.9325520069220965,250.51469284136874,-0.0,0.0,0.0,250.51469284136874,250.51469284136874,0.0,1.0
6341,2019-09-22 05:00:00,9,2019-09-22 06:00:00,0.10547,0.10547,0.10547,0.0,0.9325520069220965,367.1772490619913,-0.0,0.0,0.0,367.1772490619913,367.1772490619913,0.0,1.0
6342,2019-09-22 06:00:00,9,2019-09-22 07:00:00,0.10547,0.10547,0.10547,0.0,0.9325520069220965,424.14100003167556,-0.0,40.88166549642045,0.0,383.2593345352551,383.2593345352551,0.0,0.0
6343,2019-09-22 07:00:00,9,2019-09-22 08:00:00,0.10547,0.10547,0.10547,0.0,0.7844300304857906,376.9709707310149,-6.288363804240191,0.0,0.0,383.2593345352551,383.2593345352551,0.0,1.0
6344,2019-09-22 08:00:00,9,2019-09-22 09:00:00,0.10547,0.10547,0.10547,0.0,0.8037143461521272,347.0754671369577,-0.0,0.0,0.0,347.0754671369577,347.0754671369577,0.0,0.0
6345,2019-09-22 09:00:00,9,2019-09-22 10:00:00,0.10547,0.10547,0.10547,0.0,0.8037143461521272,309.01994384858426,-0.0,0.0,0.0,309.01994384858426,309.01994384858426,0.0,0.0
6346,2019-09-22 10:00:00,9,2019-09-22 11:00:00,0.10547,0.10547,0.10547,0.0,0.8037143461521272,308.3544518630918,-64.00619147213241,0.0,0.0,372.3606433352242,372.3606433352242,0.0,1.0
6347,2019-09-22 11:00:00,9,2019-09-22 12:00:00,0.10547,0.10547,0.10547,0.0,1.0,332.2529502625892,-0.0,0.0,0.0,332.2529502625892,332.2529502625892,0.0,1.0
6348,2019-09-22 12:00:00,9,2019-09-22 13:00:00,0.10547,0.10547,0.10547,0.0,1.0,319.22800557113374,-0.0,0.0,0.0,319.22800557113374,319.22800557113374,0.0,1.0
6349,2019-09-22 13:00:00,9,2019-09-22 14:00:00,0.10547,0.10547,0.10547,0.0,1.0,306.7973489071173,-0.0,0.0,0.0,306.7973489071173,306.7973489071173,0.0,1.0
6350,2019-09-22 14:00:00,9,2019-09-22 15:00:00,0.12561,0.12561,0.12561,0.0,1.0,293.31510292326266,-0.0,0.0,0.0,293.31510292326266,293.31510292326266,0.0,1.0
6351,2019-09-22 15:00:00,9,2019-09-22 16:00:00,0.12561,0.12561,0.12561,0.0,1.0,338.1722971959991,-0.0,0.0,0.0,338.1722971959991,338.1722971959991,0.0,1.0
6352,2019-09-22 16:00:00,9,2019-09-22 17:00:00,0.15111,0.15111,0.15111,0.0,1.0,378.1413665967433,-0.0,0.0,0.0,378.1413665967433,378.1413665967433,0.0,1.0
6353,2019-09-22 17:00:00,9,2019-09-22 18:00:00,0.15111,0.15111,0.15111,0.0,1.0,437.12959699407276,-0.0,121.98256118111263,0.0,315.1470358129601,315.1470358129601,0.0,0.0
6354,2019-09-22 18:00:00,9,2019-09-22 19:00:00,0.15111,0.15111,0.15111,0.0,0.5580341986191572,413.642965098267,-0.0,30.383630563011877,0.0,383.2593345352551,383.2593345352551,0.0,0.0
6355,2019-09-22 19:00:00,9,2019-09-22 20:00:00,0.15111,0.15111,0.15111,0.0,0.44794858063723003,445.91047672231326,-0.0,62.651142187058156,0.0,383.2593345352551,383.2593345352551,0.0,0.0
6356,2019-09-22 20:00:00,9,2019-09-22 21:00:00,0.15111,0.15111,0.15111,0.0,0.22095168865513534,430.44200060407246,-0.0,47.182666068817355,0.0,383.2593345352551,383.2593345352551,0.0,0.0
6357,2019-09-22 21:00:00,9,2019-09-22 22:00:00,0.12561,0.12561,0.12561,0.0,0.05,361.64401840721297,-0.0,0.0,0.0,361.64401840721297,361.64401840721297,0.0,1.0
6358,2019-09-22 22:00:00,9,2019-09-22 23:00:00,0.12561,0.12561,0.12561,0.0,0.05,296.3415971482887,-0.0,0.0,0.0,296.3415971482887,296.3415971482887,0.0,1.0
6359,2019-09-22 23:00:00,9,2019-09-23 00:00:00,0.10547,0.10547,0.10547,0.0,0.05,258.94430223889697,-18.619520581617635,0.0,0.0,277.5638228205146,277.5638228205146,0.0,1.0
6360,2019-09-23 00:00:00,9,2019-09-23 01:00:00,0.10547,0.10547,0.10547,0.0,0.10709986311696075,257.4302760316076,-0.0,0.0,0.0,257.4302760316076,257.4302760316076,0.0,1.0
6361,2019-09-23 01:00:00,9,2019-09-23 02:00:00,0.10547,0.10547,0.10547,0.0,0.10709986311696075,232.6529503009145,-150.0,0.0,0.0,382.65295030091454,382.65295030091454,0.0,1.0
6362,2019-09-23 02:00:00,9,2019-09-23 03:00:00,0.10547,0.10547,0.10547,0.0,0.5670998631169607,212.52619983221086,-0.0,0.0,0.0,212.52619983221086,212.52619983221086,0.0,1.0
6363,2019-09-23 03:00:00,9,2019-09-23 04:00:00,0.10547,0.10547,0.10547,0.0,0.5670998631169607,202.29939695691388,-0.0,0.0,0.0,202.29939695691388,202.29939695691388,0.0,1.0
6364,2019-09-23 04:00:00,9,2019-09-23 05:00:00,0.10547,0.10547,0.10547,0.0,0.5670998631169607,213.8581862874742,-0.0,0.0,0.0,213.8581862874742,213.8581862874742,0.0,1.0
6365,2019-09-23 05:00:00,9,2019-09-23 06:00:00,0.10547,0.10547,0.10547,0.0,0.5670998631169607,315.34180296684036,-0.0,0.0,0.0,315.34180296684036,315.34180296684036,0.0,1.0
6366,2019-09-23 06:00:00,9,2019-09-23 07:00:00,0.10547,0.10547,0.10547,0.0,0.5670998631169607,375.73238795414784,-0.0,0.0,0.0,375.73238795414784,375.73238795414784,0.0,1.0
6367,2019-09-23 07:00:00,9,2019-09-23 08:00:00,0.10547,0.10547,0.10547,0.0,0.5670998631169607,399.0188967555363,-0.0,15.759562220281168,0.0,383.2593345352551,383.2593345352551,0.0,0.0
6368,2019-09-23 08:00:00,9,2019-09-23 09:00:00,0.10547,0.10547,0.10547,0.0,0.51,348.41402911383994,-34.84530542141516,0.0,0.0,383.2593345352551,383.2593345352551,0.0,1.0
6369,2019-09-23 09:00:00,9,2019-09-23 10:00:00,0.10547,0.10547,0.10547,0.0,0.6168589366256731,299.5433129259171,-0.0,0.0,0.0,299.5433129259171,299.5433129259171,0.0,1.0
6370,2019-09-23 10:00:00,9,2019-09-23 11:00:00,0.10547,0.10547,0.10547,0.0,0.6168589366256731,296.51106782698696,-43.02681906328664,0.0,0.0,339.5378868902736,339.5378868902736,0.0,1.0
6371,2019-09-23 11:00:00,9,2019-09-23 12:00:00,0.10547,0.10547,0.10547,0.0,0.7488078484197522,301.34885032430475,-81.91048421095036,0.0,0.0,383.2593345352551,383.2593345352551,0.0,1.0
6372,2019-09-23 12:00:00,9,2019-09-23 13:00:00,0.10547,0.10547,0.10547,0.0,1.0,285.4735697649535,-0.0,0.0,0.0,285.4735697649535,285.4735697649535,0.0,1.0
6373,2019-09-23 13:00:00,9,2019-09-23 14:00:00,0.10547,0.10547,0.10547,0.0,1.0,282.98712988489274,-0.0,0.0,0.0,282.98712988489274,282.98712988489274,0.0,1.0
6374,2019-09-23 14:00:00,9,2019-09-23 15:00:00,0.12561,0.12561,0.12561,0.0,1.0,281.3872143365305,-0.0,0.0,0.0,281.3872143365305,281.3872143365305,0.0,1.0
6375,2019-09-23 15:00:00,9,2019-09-23 16:00:00,0.12561,0.12561,0.12561,0.0,1.0,309.0074533491591,-0.0,0.0,0.0,309.0074533491591,309.0074533491591,0.0,1.0
6376,2019-09-23 16:00:00,9,2019-09-23 17:00:00,0.15111,0.15111,0.15111,0.0,1.0,333.3229124823367,-0.0,0.0,0.0,333.3229124823367,333.3229124823367,0.0,1.0
6377,2019-09-23 17:00:00,9,2019-09-23 18:00:00,0.15111,0.15111,0.15111,0.0,1.0,411.6319885296375,-0.0,28.372653994382404,0.0,383.2593345352551,383.2593345352551,0.0,0.0
6378,2019-09-23 18:00:00,9,2019-09-23 19:00:00,0.15111,0.15111,0.15111,0.0,0.897200529005861,414.2275808002247,-0.0,150.0,0.0,264.2275808002247,264.2275808002247,0.0,0.0
6379,2019-09-23 19:00:00,9,2019-09-23 20:00:00,0.15111,0.15111,0.15111,0.0,0.35372226813629565,423.5651813472159,-0.0,40.305846811960805,0.0,383.2593345352551,383.2593345352551,0.0,0.0
6380,2019-09-23 20:00:00,9,2019-09-23 21:00:00,0.15111,0.15111,0.15111,0.0,0.2076865912813652,410.9577880599201,-0.0,43.5214991936568,0.0,367.43628886626334,367.43628886626334,0.0,0.0
6381,2019-09-23 21:00:00,9,2019-09-23 22:00:00,0.12561,0.12561,0.12561,0.0,0.05,352.9436134671433,-0.0,0.0,0.0,352.9436134671433,352.9436134671433,0.0,1.0
6382,2019-09-23 22:00:00,9,2019-09-23 23:00:00,0.12561,0.12561,0.12561,0.0,0.05,273.5843163527264,-0.0,0.0,0.0,273.5843163527264,273.5843163527264,0.0,1.0
6383,2019-09-23 23:00:00,9,2019-09-24 00:00:00,0.10547,0.10547,0.10547,0.0,0.05,242.5915211314875,-6.15859612492705,0.0,0.0,248.75011725641454,248.75011725641454,0.0,1.0
6384,2019-09-24 00:00:00,9,2019-09-24 01:00:00,0.10547,0.10547,0.10547,0.0,0.06888636144977629,265.90760307951007,-29.716772701471697,0.0,0.0,295.6243757809818,295.6243757809818,0.0,1.0
6385,2019-09-24 01:00:00,9,2019-09-24 02:00:00,0.10547,0.10547,0.10547,0.0,0.1600177977342895,247.12053443314034,-136.13880010211477,0.0,0.0,383.2593345352551,383.2593345352551,0.0,1.0
6386,2019-09-24 02:00:00,9,2019-09-24 03:00:00,0.10547,0.10547,0.10547,0.0,0.5775101180474415,245.49089476811648,-137.76843976713863,0.0,0.0,383.2593345352551,383.2593345352551,0.0,1.0
6387,2019-09-24 03:00:00,9,2019-09-24 04:00:00,0.10547,0.10547,0.10547,0.0,1.0,251.48710417503187,-0.0,0.0,0.0,251.48710417503187,251.48710417503187,0.0,1.0
6388,2019-09-24 04:00:00,9,2019-09-24 05:00:00,0.10547,0.10547,0.10547,0.0,1.0,266.9251120185014,-0.0,0.0,0.0,266.9251120185014,266.9251120185014,0.0,1.0
6389,2019-09-24 05:00:00,9,2019-09-24 06:00:00,0.10547,0.10547,0.10547,0.0,1.0,332.04740512576507,-0.0,0.0,0.0,332.04740512576507,332.04740512576507,0.0,1.0
6390,2019-09-24 06:00:00,9,2019-09-24 07:00:00,0.10547,0.10547,0.10547,0.0,1.0,353.7242417779608,-0.0,0.0,0.0,353.7242417779608,353.7242417779608,0.0,1.0
6391,2019-09-24 07:00:00,9,2019-09-24 08:00:00,0.10547,0.10547,0.10547,0.0,1.0,388.47197029539336,-0.0,5.212635760138255,0.0,383.2593345352551,383.2593345352551,0.0,0.0
6392,2019-09-24 08:00:00,9,2019-09-24 09:00:00,0.10547,0.10547,0.10547,0.0,0.9811136385502237,339.03605263923646,-6.158596124927036,0.0,0.0,345.1946487641635,345.1946487641635,0.0,1.0
6393,2019-09-24 09:00:00,9,2019-09-24 10:00:00,0.10547,0.10547,0.10547,0.0,1.0,294.7898882930671,-0.0,0.0,0.0,294.7898882930671,294.7898882930671,0.0,1.0
6394,2019-09-24 10:00:00,9,2019-09-24 11:00:00,0.10547,0.10547,0.10547,0.0,1.0,288.5721144198141,-0.0,0.0,0.0,288.5721144198141,288.5721144198141,0.0,1.0
6395,2019-09-24 11:00:00,9,2019-09-24 12:00:00,0.10547,0.10547,0.10547,0.0,1.0,286.7384978187773,-0.0,0.0,0.0,286.7384978187773,286.7384978187773,0.0,0.0
6396,2019-09-24 12:00:00,9,2019-09-24 13:00:00,0.10547,0.10547,0.10547,0.0,1.0,270.572764866584,-0.0,0.0,0.0,270.572764866584,270.572764866584,0.0,1.0
6397,2019-09-24 13:00:00,9,2019-09-24 14:00:00,0.10547,0.10547,0.10547,0.0,1.0,271.37669265841345,-0.0,0.0,0.0,271.37669265841345,271.37669265841345,0.0,1.0
6398,2019-09-24 14:00:00,9,2019-09-24 15:00:00,0.12561,0.12561,0.12561,0.0,1.0,269.57457084261654,-0.0,0.0,0.0,269.57457084261654,269.57457084261654,0.0,1.0
6399,2019-09-24 15:00:00,9,2019-09-24 16:00:00,0.12561,0.12561,0.12561,0.0,1.0,301.717724334943,-0.0,0.0,0.0,301.717724334943,301.717724334943,0.0,1.0
6400,2019-09-24 16:00:00,9,2019-09-24 17:00:00,0.15111,0.15111,0.15111,0.0,1.0,325.67593857668436,-0.0,0.0,0.0,325.67593857668436,325.67593857668436,0.0,1.0
6401,2019-09-24 17:00:00,9,2019-09-24 18:00:00,0.15111,0.15111,0.15111,0.0,1.0,395.42491286237856,-0.0,79.45008350410245,0.0,315.9748293582761,315.9748293582761,0.0,0.0
6402,2019-09-24 18:00:00,9,2019-09-24 19:00:00,0.15111,0.15111,0.15111,0.0,0.7121373786083245,405.7332240204313,-0.0,22.473889485176187,0.0,383.2593345352551,383.2593345352551,0.0,0.0
6403,2019-09-24 19:00:00,9,2019-09-24 20:00:00,0.15111,0.15111,0.15111,0.0,0.6307102427924688,424.36118514438556,-0.0,150.00000000000006,0.0,274.3611851443855,274.3611851443855,0.0,0.0
6404,2019-09-24 20:00:00,9,2019-09-24 21:00:00,0.15111,0.15111,0.15111,0.0,0.08723198192290345,393.53536154597646,-0.0,10.27602701072135,0.0,383.2593345352551,383.2593345352551,0.0,0.0
6405,2019-09-24 21:00:00,9,2019-09-24 22:00:00,0.12561,0.12561,0.12561,0.0,0.05,337.5356358501052,-0.0,0.0,0.0,337.5356358501052,337.5356358501052,0.0,1.0
6406,2019-09-24 22:00:00,9,2019-09-24 23:00:00,0.12561,0.12561,0.12561,0.0,0.05,270.7510699137929,-0.0,0.0,0.0,270.7510699137929,270.7510699137929,0.0,1.0
6407,2019-09-24 23:00:00,9,2019-09-25 00:00:00,0.10547,0.10547,0.10547,0.0,0.05,258.2587984128222,-0.0,0.0,0.0,258.2587984128222,258.2587984128222,0.0,1.0
6408,2019-09-25 00:00:00,9,2019-09-25 01:00:00,0.10547,0.10547,0.10547,0.0,0.05,246.7035785291893,-0.0,0.0,0.0,246.7035785291893,246.7035785291893,0.0,1.0
6409,2019-09-25 01:00:00,9,2019-09-25 02:00:00,0.10547,0.10547,0.10547,0.0,0.05,234.33652459955272,-0.0,0.0,0.0,234.33652459955272,234.33652459955272,0.0,1.0
6410,2019-09-25 02:00:00,9,2019-09-25 03:00:00,0.10547,0.10547,0.10547,0.0,0.05,230.7461332424165,-12.071661434229245,0.0,0.0,242.81779467664575,242.81779467664575,0.0,1.0
6411,2019-09-25 03:00:00,9,2019-09-25 04:00:00,0.10547,0.10547,0.10547,0.0,0.08701976173163635,238.9646975177685,-0.0,0.0,0.0,238.9646975177685,238.9646975177685,0.0,1.0
6412,2019-09-25 04:00:00,9,2019-09-25 05:00:00,0.10547,0.10547,0.10547,0.0,0.08701976173163635,267.77467047392423,-0.0,0.0,0.0,267.77467047392423,267.77467047392423,0.0,1.0
6413,2019-09-25 05:00:00,9,2019-09-25 06:00:00,0.10547,0.10547,0.10547,0.0,0.08701976173163635,358.0754201516407,-0.0,0.0,0.0,358.0754201516407,358.0754201516407,0.0,0.0
6414,2019-09-25 06:00:00,9,2019-09-25 07:00:00,0.10547,0.10547,0.10547,0.0,0.08701976173163635,393.47678877318674,-0.0,10.217454237931634,0.0,383.2593345352551,383.2593345352551,0.0,0.0
6415,2019-09-25 07:00:00,9,2019-09-25 08:00:00,0.10547,0.10547,0.10547,0.0,0.05,344.8401011379913,-0.0,0.0,0.0,344.8401011379913,344.8401011379913,0.0,1.0
6416,2019-09-25 08:00:00,9,2019-09-25 09:00:00,0.10547,0.10547,0.10547,0.0,0.05,320.8778230371925,-0.0,0.0,0.0,320.8778230371925,320.8778230371925,0.0,0.0
6417,2019-09-25 09:00:00,9,2019-09-25 10:00:00,0.10547,0.10547,0.10547,0.0,0.05,273.90056705517947,-94.60216906772916,0.0,0.0,368.50273612290863,368.50273612290863,0.0,1.0
6418,2019-09-25 10:00:00,9,2019-09-25 11:00:00,0.10547,0.10547,0.10547,0.0,0.34011331847436943,277.73658416278647,-0.0,0.0,0.0,277.73658416278647,277.73658416278647,0.0,0.0
6419,2019-09-25 11:00:00,9,2019-09-25 12:00:00,0.10547,0.10547,0.10547,0.0,0.34011331847436943,279.0879783304975,-104.17135620475761,0.0,0.0,383.2593345352551,383.2593345352551,0.0,1.0
6420,2019-09-25 12:00:00,9,2019-09-25 13:00:00,0.10547,0.10547,0.10547,0.0,0.6595721441689595,269.9471110815619,-111.0090834231654,0.0,0.0,380.9561945047273,380.9561945047273,0.0,1.0
6421,2019-09-25 13:00:00,9,2019-09-25 14:00:00,0.10547,0.10547,0.10547,0.0,1.0,272.2502511120897,-0.0,0.0,0.0,272.2502511120897,272.2502511120897,0.0,1.0
6422,2019-09-25 14:00:00,9,2019-09-25 15:00:00,0.12561,0.12561,0.12561,0.0,1.0,273.43067128823174,-0.0,0.0,0.0,273.43067128823174,273.43067128823174,0.0,1.0
6423,2019-09-25 15:00:00,9,2019-09-25 16:00:00,0.12561,0.12561,0.12561,0.0,1.0,304.46451456954753,-0.0,0.0,0.0,304.46451456954753,304.46451456954753,0.0,1.0
6424,2019-09-25 16:00:00,9,2019-09-25 17:00:00,0.15111,0.15111,0.15111,0.0,1.0,335.6793485647541,-0.0,0.0,0.0,335.6793485647541,335.6793485647541,0.0,1.0
6425,2019-09-25 17:00:00,9,2019-09-25 18:00:00,0.15111,0.15111,0.15111,0.0,1.0,394.4100530827547,-0.0,11.150718547499594,0.0,383.2593345352551,383.2593345352551,0.0,0.0
6426,2019-09-25 18:00:00,9,2019-09-25 19:00:00,0.15111,0.15111,0.15111,0.0,0.9595988458423929,406.06237054804086,-0.0,81.19058109019082,0.0,324.87178945785,324.87178945785,0.0,0.0
6427,2019-09-25 19:00:00,9,2019-09-25 20:00:00,0.15111,0.15111,0.15111,0.0,0.6654300737764841,429.6804898317559,-0.0,150.00000000000003,0.0,279.68048983175584,279.68048983175584,0.0,0.0
6428,2019-09-25 20:00:00,9,2019-09-25 21:00:00,0.15111,0.15111,0.15111,0.0,0.12195181290691887,403.1180348975647,-0.0,19.858700362309605,0.0,383.2593345352551,383.2593345352551,0.0,0.0
6429,2019-09-25 21:00:00,9,2019-09-25 22:00:00,0.12561,0.12561,0.12561,0.0,0.05,336.1774161740356,-0.0,0.0,0.0,336.1774161740356,336.1774161740356,0.0,1.0
6430,2019-09-25 22:00:00,9,2019-09-25 23:00:00,0.12561,0.12561,0.12561,0.0,0.05,269.4456807396288,-0.0,0.0,0.0,269.4456807396288,269.4456807396288,0.0,1.0
6431,2019-09-25 23:00:00,9,2019-09-26 00:00:00,0.10547,0.10547,0.10547,0.0,0.05,244.09013072812175,-0.0,0.0,0.0,244.09013072812175,244.09013072812175,0.0,1.0
6432,2019-09-26 00:00:00,9,2019-09-26 01:00:00,0.10547,0.10547,0.10547,0.0,0.05,241.25889152628554,-69.00760115496365,0.0,0.0,310.2664926812492,310.2664926812492,0.0,1.0
6433,2019-09-26 01:00:00,9,2019-09-26 02:00:00,0.10547,0.10547,0.10547,0.0,0.2616233102085552,234.7158144379184,-0.0,0.0,0.0,234.7158144379184,234.7158144379184,0.0,1.0
6434,2019-09-26 02:00:00,9,2019-09-26 03:00:00,0.10547,0.10547,0.10547,0.0,0.2616233102085552,237.45082821129787,-145.8085063239572,0.0,0.0,383.2593345352551,383.2593345352551,0.0,1.0
6435,2019-09-26 03:00:00,9,2019-09-26 04:00:00,0.10547,0.10547,0.10547,0.0,0.7087693962686906,245.96552107316404,-0.0,0.0,0.0,245.96552107316404,245.96552107316404,0.0,1.0
6436,2019-09-26 04:00:00,9,2019-09-26 05:00:00,0.10547,0.10547,0.10547,0.0,0.7087693962686906,268.8496269013601,-0.0,0.0,0.0,268.8496269013601,268.8496269013601,0.0,1.0
6437,2019-09-26 05:00:00,9,2019-09-26 06:00:00,0.10547,0.10547,0.10547,0.0,0.7087693962686906,360.8990712449982,-22.36026329025691,0.0,0.0,383.2593345352551,383.2593345352551,0.0,1.0
6438,2019-09-26 06:00:00,9,2019-09-26 07:00:00,0.10547,0.10547,0.10547,0.0,0.7773408703588118,409.5350563434736,-0.0,26.27572180821852,0.0,383.2593345352551,383.2593345352551,0.0,0.0
6439,2019-09-26 07:00:00,9,2019-09-26 08:00:00,0.10547,0.10547,0.10547,0.0,0.6821389797493244,363.10520529372303,-0.0,0.0,0.0,363.10520529372303,363.10520529372303,0.0,0.0
6440,2019-09-26 08:00:00,9,2019-09-26 09:00:00,0.10547,0.10547,0.10547,0.0,0.6821389797493244,328.2066761389602,-0.0,0.0,0.0,328.2066761389602,328.2066761389602,0.0,0.0
6441,2019-09-26 09:00:00,9,2019-09-26 10:00:00,0.10547,0.10547,0.10547,0.0,0.6821389797493244,274.9348983528091,-0.0,0.0,0.0,274.9348983528091,274.9348983528091,0.0,1.0
6442,2019-09-26 10:00:00,9,2019-09-26 11:00:00,0.10547,0.10547,0.10547,0.0,0.6821389797493244,278.9541460800261,-0.0,0.0,0.0,278.9541460800261,278.9541460800261,0.0,1.0
6443,2019-09-26 11:00:00,9,2019-09-26 12:00:00,0.10547,0.10547,0.10547,0.0,0.6821389797493244,283.7453357495121,-0.0,0.0,0.0,283.7453357495121,283.7453357495121,0.0,1.0
6444,2019-09-26 12:00:00,9,2019-09-26 13:00:00,0.10547,0.10547,0.10547,0.0,0.6821389797493244,279.60900184481744,-1.561569970809953,0.0,0.0,281.1705718156274,281.1705718156274,0.0,1.0
6445,2019-09-26 13:00:00,9,2019-09-26 14:00:00,0.10547,0.10547,0.10547,0.0,0.6869277943264749,281.17057181562734,-102.08876271962777,0.0,0.0,383.2593345352551,383.2593345352551,0.0,1.0
6446,2019-09-26 14:00:00,9,2019-09-26 15:00:00,0.12561,0.12561,0.12561,0.0,1.0,281.31295827503453,-0.0,0.0,0.0,281.31295827503453,281.31295827503453,0.0,1.0
6447,2019-09-26 15:00:00,9,2019-09-26 16:00:00,0.12561,0.12561,0.12561,0.0,1.0,315.51858933093376,-0.0,0.0,0.0,315.51858933093376,315.51858933093376,0.0,1.0
6448,2019-09-26 16:00:00,9,2019-09-26 17:00:00,0.15111,0.15111,0.15111,0.0,1.0,341.124490970437,-0.0,0.0,0.0,341.124490970437,341.124490970437,0.0,1.0
6449,2019-09-26 17:00:00,9,2019-09-26 18:00:00,0.15111,0.15111,0.15111,0.0,1.0,397.4954511992881,-0.0,43.98763843379646,0.0,353.5078127654916,353.5078127654916,0.0,0.0
6450,2019-09-26 18:00:00,9,2019-09-26 19:00:00,0.15111,0.15111,0.15111,0.0,0.8406244984282737,405.73214902898775,-0.0,150.00000000000003,0.0,255.73214902898772,255.73214902898772,0.0,0.0
6451,2019-09-26 19:00:00,9,2019-09-26 20:00:00,0.15111,0.15111,0.15111,0.0,0.2971462375587084,429.2870551643676,-0.0,46.02772062911248,0.0,383.2593345352551,383.2593345352551,0.0,0.0
6452,2019-09-26 20:00:00,9,2019-09-26 21:00:00,0.15111,0.15111,0.15111,0.0,0.13037913383004002,405.44397547234615,-0.0,22.184640937091046,0.0,383.2593345352551,383.2593345352551,0.0,0.0
6453,2019-09-26 21:00:00,9,2019-09-26 22:00:00,0.12561,0.12561,0.12561,0.0,0.05,334.707343315424,-0.0,0.0,0.0,334.707343315424,334.707343315424,0.0,0.0
6454,2019-09-26 22:00:00,9,2019-09-26 23:00:00,0.12561,0.12561,0.12561,0.0,0.05,274.8869807315154,-0.0,0.0,0.0,274.8869807315154,274.8869807315154,0.0,1.0
6455,2019-09-26 23:00:00,9,2019-09-27 00:00:00,0.10547,0.10547,0.10547,0.0,0.05,250.95518687140594,-45.46856900532523,0.0,0.0,296.4237558767312,296.4237558767312,0.0,1.0
6456,2019-09-27 00:00:00,9,2019-09-27 01:00:00,0.10547,0.10547,0.10547,0.0,0.18943694494966404,242.0921158148743,-141.16721872038087,0.0,0.0,383.2593345352552,383.2593345352552,0.0,1.0
6457,2019-09-27 01:00:00,9,2019-09-27 02:00:00,0.10547,0.10547,0.10547,0.0,0.6223497490254987,233.75764391039453,-123.14682096994608,0.0,0.0,356.9044648803406,356.9044648803406,0.0,1.0
6458,2019-09-27 02:00:00,9,2019-09-27 03:00:00,0.10547,0.10547,0.10547,0.0,1.0,223.8781337590318,0.0,0.0,0.0,223.8781337590318,223.8781337590318,0.0,0.0
6459,2019-09-27 03:00:00,9,2019-09-27 04:00:00,0.10547,0.10547,0.10547,0.0,1.0,226.82178407052575,-0.0,0.0,0.0,226.82178407052575,226.82178407052575,0.0,0.0
6460,2019-09-27 04:00:00,9,2019-09-27 05:00:00,0.10547,0.10547,0.10547,0.0,1.0,230.03272322882887,-0.0,0.0,0.0,230.03272322882887,230.03272322882887,0.0,1.0
6461,2019-09-27 05:00:00,9,2019-09-27 06:00:00,0.10547,0.10547,0.10547,0.0,1.0,315.38023190858974,-0.0,0.0,0.0,315.38023190858974,315.38023190858974,0.0,0.0
6462,2019-09-27 06:00:00,9,2019-09-27 07:00:00,0.10547,0.10547,0.10547,0.0,1.0,421.7439313413624,-0.0,38.48459680610728,0.0,383.2593345352551,383.2593345352551,0.0,0.0
6463,2019-09-27 07:00:00,9,2019-09-27 08:00:00,0.10547,0.10547,0.10547,0.0,0.860563055050336,378.97338758436075,-0.0,0.0,0.0,378.97338758436075,378.97338758436075,0.0,0.0
6464,2019-09-27 08:00:00,9,2019-09-27 09:00:00,0.10547,0.10547,0.10547,0.0,0.860563055050336,334.65553053832167,-0.0,0.0,0.0,334.65553053832167,334.65553053832167,0.0,0.0
6465,2019-09-27 09:00:00,9,2019-09-27 10:00:00,0.10547,0.10547,0.10547,0.0,0.860563055050336,275.3446037592177,-0.0,0.0,0.0,275.3446037592177,275.3446037592177,0.0,0.0
6466,2019-09-27 10:00:00,9,2019-09-27 11:00:00,0.10547,0.10547,0.10547,0.0,0.860563055050336,281.3261322755713,-45.46856900532521,-7.105427357601002e-15,0.0,326.7947012808965,326.7947012808965,0.0,1.0
6467,2019-09-27 11:00:00,9,2019-09-27 12:00:00,0.10547,0.10547,0.10547,0.0,1.0,284.33381594980995,-0.0,0.0,0.0,284.33381594980995,284.33381594980995,0.0,1.0
6468,2019-09-27 12:00:00,9,2019-09-27 13:00:00,0.10547,0.10547,0.10547,0.0,1.0,276.3622510490902,-0.0,0.0,0.0,276.3622510490902,276.3622510490902,0.0,1.0
6469,2019-09-27 13:00:00,9,2019-09-27 14:00:00,0.10547,0.10547,0.10547,0.0,1.0,279.0311847950599,-0.0,0.0,0.0,279.0311847950599,279.0311847950599,0.0,1.0
6470,2019-09-27 14:00:00,9,2019-09-27 15:00:00,0.12561,0.12561,0.12561,0.0,1.0,280.57737818468235,-0.0,0.0,0.0,280.57737818468235,280.57737818468235,0.0,1.0
6471,2019-09-27 15:00:00,9,2019-09-27 16:00:00,0.12561,0.12561,0.12561,0.0,1.0,309.6315203938102,-0.0,0.0,0.0,309.6315203938102,309.6315203938102,0.0,1.0
6472,2019-09-27 16:00:00,9,2019-09-27 17:00:00,0.15111,0.15111,0.15111,0.0,1.0,340.69883958745356,-0.0,0.0,0.0,340.69883958745356,340.69883958745356,0.0,1.0
6473,2019-09-27 17:00:00,9,2019-09-27 18:00:00,0.15111,0.15111,0.15111,0.0,1.0,396.2441914730348,-0.0,12.984856937779568,0.0,383.2593345352552,383.2593345352552,0.0,0.0
6474,2019-09-27 18:00:00,9,2019-09-27 19:00:00,0.15111,0.15111,0.15111,0.0,0.952953416892103,406.3849875381589,-0.0,23.125653002903675,0.0,383.2593345352552,383.2593345352552,0.0,0.0
6475,2019-09-27 19:00:00,9,2019-09-27 20:00:00,0.15111,0.15111,0.15111,0.0,0.8691648190554956,430.0983868811798,-0.0,76.08949005931676,0.0,354.00889682186306,354.00889682186306,0.0,0.0
6476,2019-09-27 20:00:00,9,2019-09-27 21:00:00,0.15111,0.15111,0.15111,0.0,0.5934782608695652,405.8012448424353,-0.0,150.0,0.0,255.80124484243532,255.80124484243532,0.0,0.0
6477,2019-09-27 21:00:00,9,2019-09-27 22:00:00,0.12561,0.12561,0.12561,0.0,0.05,341.9535784185475,-0.0,0.0,0.0,341.9535784185475,341.9535784185475,0.0,1.0
6478,2019-09-27 22:00:00,9,2019-09-27 23:00:00,0.12561,0.12561,0.12561,0.0,0.05,278.8082221231696,-0.0,0.0,0.0,278.8082221231696,278.8082221231696,0.0,1.0
6479,2019-09-27 23:00:00,9,2019-09-28 00:00:00,0.10547,0.10547,0.10547,0.0,0.05,251.36389333540663,-0.0,0.0,0.0,251.36389333540663,251.36389333540663,0.0,0.0
6480,2019-09-28 00:00:00,9,2019-09-28 01:00:00,0.10547,0.10547,0.10547,0.0,0.05,243.83993285134653,-16.77550292798272,0.0,0.0,260.61543577932923,260.61543577932923,0.0,1.0
6481,2019-09-28 01:00:00,9,2019-09-28 02:00:00,0.10547,0.10547,0.10547,0.0,0.10144487564581368,238.38146313599108,-144.87787139926414,0.0,0.0,383.2593345352552,383.2593345352552,0.0,1.0
6482,2019-09-28 02:00:00,9,2019-09-28 03:00:00,0.10547,0.10547,0.10547,0.0,0.5457370146035571,235.1301001668499,-148.12923436840532,0.0,0.0,383.2593345352552,383.2593345352552,0.0,1.0
6483,2019-09-28 03:00:00,9,2019-09-28 04:00:00,0.10547,0.10547,0.10547,0.0,1.0,242.99782455305805,-0.0,0.0,0.0,242.99782455305805,242.99782455305805,0.0,1.0
6484,2019-09-28 04:00:00,9,2019-09-28 05:00:00,0.10547,0.10547,0.10547,0.0,1.0,263.4028461039784,-0.0,0.0,0.0,263.4028461039784,263.4028461039784,0.0,1.0
6485,2019-09-28 05:00:00,9,2019-09-28 06:00:00,0.10547,0.10547,0.10547,0.0,1.0,356.2039716200398,-0.0,0.0,0.0,356.2039716200398,356.2039716200398,0.0,1.0
6486,2019-09-28 06:00:00,9,2019-09-28 07:00:00,0.10547,0.10547,0.10547,0.0,1.0,419.71843554215144,-0.0,36.45910100689622,0.0,383.2593345352552,383.2593345352552,0.0,0.0
6487,2019-09-28 07:00:00,9,2019-09-28 08:00:00,0.10547,0.10547,0.10547,0.0,0.8679018079460282,368.570017598485,-14.68931693677024,0.0,0.0,383.2593345352552,383.2593345352552,0.0,1.0
6488,2019-09-28 08:00:00,9,2019-09-28 09:00:00,0.10547,0.10547,0.10547,0.0,0.9129490465521237,326.07487614552684,-28.38618047213358,0.0,0.0,354.46105661766046,354.46105661766046,0.0,1.0
6489,2019-09-28 09:00:00,9,2019-09-28 10:00:00,0.10547,0.10547,0.10547,0.0,1.0,275.554031119301,-0.0,0.0,0.0,275.554031119301,275.554031119301,0.0,1.0
6490,2019-09-28 10:00:00,9,2019-09-28 11:00:00,0.10547,0.10547,0.10547,0.0,1.0,282.2239184646931,-0.0,0.0,0.0,282.2239184646931,282.2239184646931,0.0,1.0
6491,2019-09-28 11:00:00,9,2019-09-28 12:00:00,0.10547,0.10547,0.10547,0.0,1.0,286.8323809406716,-0.0,0.0,0.0,286.8323809406716,286.8323809406716,0.0,0.0
6492,2019-09-28 12:00:00,9,2019-09-28 13:00:00,0.10547,0.10547,0.10547,0.0,1.0,278.25780991864207,-0.0,0.0,0.0,278.25780991864207,278.25780991864207,0.0,1.0
6493,2019-09-28 13:00:00,9,2019-09-28 14:00:00,0.10547,0.10547,0.10547,0.0,1.0,278.86429525168177,-0.0,0.0,0.0,278.86429525168177,278.86429525168177,0.0,1.0
6494,2019-09-28 14:00:00,9,2019-09-28 15:00:00,0.12561,0.12561,0.12561,0.0,1.0,280.0858312078848,-0.0,0.0,0.0,280.0858312078848,280.0858312078848,0.0,1.0
6495,2019-09-28 15:00:00,9,2019-09-28 16:00:00,0.12561,0.12561,0.12561,0.0,1.0,317.6632525576728,-0.0,0.0,0.0,317.6632525576728,317.6632525576728,0.0,1.0
6496,2019-09-28 16:00:00,9,2019-09-28 17:00:00,0.15111,0.15111,0.15111,0.0,1.0,342.0845327762109,-0.0,0.0,0.0,342.0845327762109,342.0845327762109,0.0,1.0
6497,2019-09-28 17:00:00,9,2019-09-28 18:00:00,0.15111,0.15111,0.15111,0.0,1.0,398.2233996440694,-0.0,14.964065108814168,0.0,383.2593345352552,383.2593345352552,0.0,0.0
6498,2019-09-28 18:00:00,9,2019-09-28 19:00:00,0.15111,0.15111,0.15111,0.0,0.9457823727941516,407.4591869444656,-0.0,76.21459525071953,0.0,331.2445916937461,331.2445916937461,0.0,0.0
6499,2019-09-28 19:00:00,9,2019-09-28 20:00:00,0.15111,0.15111,0.15111,0.0,0.6696425349292258,430.83545150200734,-0.0,150.0,0.0,280.83545150200734,280.83545150200734,0.0,0.0
6500,2019-09-28 20:00:00,9,2019-09-28 21:00:00,0.15111,0.15111,0.15111,0.0,0.1261642740596605,404.2806741757215,-0.0,21.021339640466294,0.0,383.2593345352552,383.2593345352552,0.0,0.0
6501,2019-09-28 21:00:00,9,2019-09-28 22:00:00,0.12561,0.12561,0.12561,0.0,0.05,335.0666431320847,-0.0,0.0,0.0,335.0666431320847,335.0666431320847,0.0,1.0
6502,2019-09-28 22:00:00,9,2019-09-28 23:00:00,0.12561,0.12561,0.12561,0.0,0.05,266.1425044983743,-0.0,0.0,0.0,266.1425044983743,266.1425044983743,0.0,1.0
6503,2019-09-28 23:00:00,9,2019-09-29 00:00:00,0.10547,0.10547,0.10547,0.0,0.05,254.48143376334716,-33.59515201121353,0.0,0.0,288.0765857745607,288.0765857745607,0.0,1.0
6504,2019-09-29 00:00:00,9,2019-09-29 01:00:00,0.10547,0.10547,0.10547,0.0,0.15302513283438815,250.34224454643672,-132.91708998881847,0.0,0.0,383.2593345352552,383.2593345352552,0.0,1.0
6505,2019-09-29 01:00:00,9,2019-09-29 02:00:00,0.10547,0.10547,0.10547,0.0,0.5606375421334314,240.08289474486594,-28.087666052502474,0.0,0.0,268.1705607973684,268.1705607973684,0.0,1.0
6506,2019-09-29 02:00:00,9,2019-09-29 03:00:00,0.10547,0.10547,0.10547,0.0,0.6467730513611057,234.99302813738188,-0.0,0.0,0.0,234.99302813738188,234.99302813738188,0.0,0.0
6507,2019-09-29 03:00:00,9,2019-09-29 04:00:00,0.10547,0.10547,0.10547,0.0,0.6467730513611057,241.24270272454402,-0.0,0.0,0.0,241.24270272454402,241.24270272454402,0.0,1.0
6508,2019-09-29 04:00:00,9,2019-09-29 05:00:00,0.10547,0.10547,0.10547,0.0,0.6467730513611057,268.0766338921375,-115.1827006431177,0.0,0.0,383.2593345352552,383.2593345352552,0.0,1.0
6509,2019-09-29 05:00:00,9,2019-09-29 06:00:00,0.10547,0.10547,0.10547,0.0,1.0,364.3502380483083,-0.0,0.0,0.0,364.3502380483083,364.3502380483083,0.0,0.0
6510,2019-09-29 06:00:00,9,2019-09-29 07:00:00,0.10547,0.10547,0.10547,0.0,1.0,411.69427119754636,-0.0,28.434936662291136,0.0,383.2593345352552,383.2593345352552,0.0,0.0
6511,2019-09-29 07:00:00,9,2019-09-29 08:00:00,0.10547,0.10547,0.10547,0.0,0.8969748671656119,359.2711084631824,-23.988226072072848,0.0,0.0,383.2593345352552,383.2593345352552,0.0,1.0
6512,2019-09-29 08:00:00,9,2019-09-29 09:00:00,0.10547,0.10547,0.10547,0.0,0.9705387604533019,323.60699117476673,-0.0,0.0,0.0,323.60699117476673,323.60699117476673,0.0,0.0
6513,2019-09-29 09:00:00,9,2019-09-29 10:00:00,0.10547,0.10547,0.10547,0.0,0.9705387604533019,278.21835375659714,-9.606925939140702,0.0,0.0,287.82527969573783,287.82527969573783,0.0,1.0
6514,2019-09-29 10:00:00,9,2019-09-29 11:00:00,0.10547,0.10547,0.10547,0.0,1.0,285.6272272483069,-0.0,0.0,0.0,285.6272272483069,285.6272272483069,0.0,1.0
6515,2019-09-29 11:00:00,9,2019-09-29 12:00:00,0.10547,0.10547,0.10547,0.0,1.0,290.47634944325523,-0.0,0.0,0.0,290.47634944325523,290.47634944325523,0.0,1.0
6516,2019-09-29 12:00:00,9,2019-09-29 13:00:00,0.10547,0.10547,0.10547,0.0,1.0,284.70168156405833,-0.0,0.0,0.0,284.70168156405833,284.70168156405833,0.0,1.0
6517,2019-09-29 13:00:00,9,2019-09-29 14:00:00,0.10547,0.10547,0.10547,0.0,1.0,288.5821818200461,-0.0,0.0,0.0,288.5821818200461,288.5821818200461,0.0,1.0
6518,2019-09-29 14:00:00,9,2019-09-29 15:00:00,0.12561,0.12561,0.12561,0.0,1.0,290.6237091258315,-0.0,0.0,0.0,290.6237091258315,290.6237091258315,0.0,1.0
6519,2019-09-29 15:00:00,9,2019-09-29 16:00:00,0.12561,0.12561,0.12561,0.0,1.0,323.71850755686205,-0.0,0.0,0.0,323.71850755686205,323.71850755686205,0.0,1.0
6520,2019-09-29 16:00:00,9,2019-09-29 17:00:00,0.15111,0.15111,0.15111,0.0,1.0,346.00095793476214,-0.0,0.0,0.0,346.00095793476214,346.00095793476214,0.0,1.0
6521,2019-09-29 17:00:00,9,2019-09-29 18:00:00,0.15111,0.15111,0.15111,0.0,1.0,404.44805048606105,-0.0,150.0,0.0,254.44805048606105,254.44805048606105,0.0,0.0
6522,2019-09-29 18:00:00,9,2019-09-29 19:00:00,0.15111,0.15111,0.15111,0.0,0.4565217391304348,410.74921362336386,-0.0,37.67775967041327,0.0,373.0714539529506,373.0714539529506,0.0,0.0
6523,2019-09-29 19:00:00,9,2019-09-29 20:00:00,0.15111,0.15111,0.15111,0.0,0.3200081171361838,433.7388223953759,-0.0,50.479487860120685,0.0,383.2593345352552,383.2593345352552,0.0,0.0
6524,2019-09-29 20:00:00,9,2019-09-29 21:00:00,0.15111,0.15111,0.15111,0.0,0.13711142199081902,407.3020870047213,-0.0,24.042752469466052,0.0,383.2593345352552,383.2593345352552,0.0,0.0
6525,2019-09-29 21:00:00,9,2019-09-29 22:00:00,0.12561,0.12561,0.12561,0.0,0.05,337.07649902298016,-0.0,0.0,0.0,337.07649902298016,337.07649902298016,0.0,1.0
6526,2019-09-29 22:00:00,9,2019-09-29 23:00:00,0.12561,0.12561,0.12561,0.0,0.05,267.4532035176594,-0.0,0.0,0.0,267.4532035176594,267.4532035176594,0.0,1.0
6527,2019-09-29 23:00:00,9,2019-09-30 00:00:00,0.10547,0.10547,0.10547,0.0,0.05,251.21451353818486,-0.0,0.0,0.0,251.21451353818486,251.21451353818486,0.0,0.0
6528,2019-09-30 00:00:00,9,2019-09-30 01:00:00,0.10547,0.10547,0.10547,0.0,0.05,260.9569629114598,-0.0,0.0,0.0,260.9569629114598,260.9569629114598,0.0,1.0
6529,2019-09-30 01:00:00,9,2019-09-30 02:00:00,0.10547,0.10547,0.10547,0.0,0.05,240.079298593293,-143.18003594196222,0.0,0.0,383.2593345352552,383.2593345352552,0.0,1.0
6530,2019-09-30 02:00:00,9,2019-09-30 03:00:00,0.10547,0.10547,0.10547,0.0,0.48908544355535083,236.71107956033387,-146.54825497492135,0.0,0.0,383.2593345352552,383.2593345352552,0.0,1.0
6531,2019-09-30 03:00:00,9,2019-09-30 04:00:00,0.10547,0.10547,0.10547,0.0,0.9385000921451095,242.39346472217676,-0.0,0.0,0.0,242.39346472217676,242.39346472217676,0.0,1.0
6532,2019-09-30 04:00:00,9,2019-09-30 05:00:00,0.10547,0.10547,0.10547,0.0,0.9385000921451095,253.75878072950076,-0.0,0.0,0.0,253.75878072950076,253.75878072950076,0.0,1.0
6533,2019-09-30 05:00:00,9,2019-09-30 06:00:00,0.10547,0.10547,0.10547,0.0,0.9385000921451095,332.7871649170691,-0.0,0.0,0.0,332.7871649170691,332.7871649170691,0.0,1.0
6534,2019-09-30 06:00:00,9,2019-09-30 07:00:00,0.10547,0.10547,0.10547,0.0,0.9385000921451095,357.2011002155105,-0.0,0.0,0.0,357.2011002155105,357.2011002155105,0.0,1.0
6535,2019-09-30 07:00:00,9,2019-09-30 08:00:00,0.10547,0.10547,0.10547,0.0,0.9385000921451095,389.68290400919176,-0.0,6.4235694739365385,0.0,383.2593345352552,383.2593345352552,0.0,0.0
6536,2019-09-30 08:00:00,9,2019-09-30 09:00:00,0.10547,0.10547,0.10547,0.0,0.9152262897033104,348.67655720612817,-0.0,0.0,0.0,348.67655720612817,348.67655720612817,0.0,1.0
6537,2019-09-30 09:00:00,9,2019-09-30 10:00:00,0.10547,0.10547,0.10547,0.0,0.9152262897033104,295.59780586977325,-0.0,0.0,0.0,295.59780586977325,295.59780586977325,0.0,1.0
6538,2019-09-30 10:00:00,9,2019-09-30 11:00:00,0.10547,0.10547,0.10547,0.0,0.9152262897033104,291.8389057325108,-0.0,0.0,0.0,291.8389057325108,291.8389057325108,0.0,1.0
6539,2019-09-30 11:00:00,9,2019-09-30 12:00:00,0.10547,0.10547,0.10547,0.0,0.9152262897033104,297.1535710187911,-0.0,0.0,0.0,297.1535710187911,297.1535710187911,0.0,1.0
6540,2019-09-30 12:00:00,9,2019-09-30 13:00:00,0.10547,0.10547,0.10547,0.0,0.9152262897033104,286.1172868511701,-27.643601183703108,0.0,0.0,313.76088803487323,313.76088803487323,0.0,1.0
6541,2019-09-30 13:00:00,9,2019-09-30 14:00:00,0.10547,0.10547,0.10547,0.0,1.0,287.85019879345674,-0.0,0.0,0.0,287.85019879345674,287.85019879345674,0.0,0.0
6542,2019-09-30 14:00:00,9,2019-09-30 15:00:00,0.12561,0.12561,0.12561,0.0,1.0,290.1165401420565,-0.0,0.0,0.0,290.1165401420565,290.1165401420565,0.0,1.0
6543,2019-09-30 15:00:00,9,2019-09-30 16:00:00,0.12561,0.12561,0.12561,0.0,1.0,326.2293920245093,-0.0,0.0,0.0,326.2293920245093,326.2293920245093,0.0,1.0
6544,2019-09-30 16:00:00,9,2019-09-30 17:00:00,0.15111,0.15111,0.15111,0.0,1.0,346.2709073542093,-0.0,0.0,0.0,346.2709073542093,346.2709073542093,0.0,1.0
6545,2019-09-30 17:00:00,9,2019-09-30 18:00:00,0.15111,0.15111,0.15111,0.0,1.0,419.1786921501758,-0.0,150.0,0.0,269.1786921501758,269.1786921501758,0.0,0.0
6546,2019-09-30 18:00:00,9,2019-09-30 19:00:00,0.15111,0.15111,0.15111,0.0,0.4565217391304348,408.1190820770923,-0.0,24.859747541837066,0.0,383.2593345352552,383.2593345352552,0.0,0.0
6547,2019-09-30 19:00:00,9,2019-09-30 20:00:00,0.15111,0.15111,0.15111,0.0,0.3664501900658077,418.2053637044944,-0.0,61.59302506827158,0.0,356.61233863622283,356.61233863622283,0.0,0.0
6548,2019-09-30 20:00:00,9,2019-09-30 21:00:00,0.15111,0.15111,0.15111,0.0,0.14328705576047593,409.00656192514657,-0.0,25.74722738989135,0.0,383.2593345352552,383.2593345352552,0.0,0.0
6549,2019-09-30 21:00:00,9,2019-09-30 22:00:00,0.12561,0.12561,0.12561,0.0,0.05,358.0474357928756,-0.0,0.0,0.0,358.0474357928756,358.0474357928756,0.0,1.0
6550,2019-09-30 22:00:00,9,2019-09-30 23:00:00,0.12561,0.12561,0.12561,0.0,0.05,293.52573077717994,-0.0,0.0,0.0,293.52573077717994,293.52573077717994,0.0,1.0
6551,2019-09-30 23:00:00,9,2019-10-01 00:00:00,0.10547,0.10547,0.10547,0.0,0.05,259.1843477012069,-0.0,0.0,0.0,259.1843477012069,259.1843477012069,0.0,1.0
6552,2019-10-01 00:00:00,10,2019-10-01 01:00:00,0.10531,0.10531,0.10531,0.0,0.05,266.9079340396617,-0.0,0.0,0.0,266.9079340396617,266.9079340396617,0.0,1.0
6553,2019-10-01 01:00:00,10,2019-10-01 02:00:00,0.10531,0.10531,0.10531,0.0,0.05,245.32390463685957,-0.0,0.0,0.0,245.32390463685957,245.32390463685957,0.0,1.0
6554,2019-10-01 02:00:00,10,2019-10-01 03:00:00,0.10531,0.10531,0.10531,0.0,0.05,228.7771633935909,-0.0,0.0,0.0,228.7771633935909,228.7771633935909,0.0,1.0
6555,2019-10-01 03:00:00,10,2019-10-01 04:00:00,0.10531,0.10531,0.10531,0.0,0.05,205.23256622688373,-0.0,0.0,0.0,205.23256622688373,205.23256622688373,0.0,1.0
6556,2019-10-01 04:00:00,10,2019-10-01 05:00:00,0.10531,0.10531,0.10531,0.0,0.05,203.46179480880284,-103.09172169013705,0.0,0.0,306.55351649893987,306.55351649893987,0.0,1.0
6557,2019-10-01 05:00:00,10,2019-10-01 06:00:00,0.10531,0.10531,0.10531,0.0,0.3661479465164203,282.71600208313697,-0.0,0.0,0.0,282.71600208313697,282.71600208313697,0.0,1.0
6558,2019-10-01 06:00:00,10,2019-10-01 07:00:00,0.10531,0.10531,0.10531,0.0,0.3661479465164203,383.0894451299979,-0.0,16.640139363022456,0.0,366.44930576697544,366.44930576697544,0.0,0.0
6559,2019-10-01 07:00:00,10,2019-10-01 08:00:00,0.10531,0.10531,0.10531,0.0,0.30585758650546935,418.33965053272675,-0.0,51.89034476575131,0.0,366.44930576697544,366.44930576697544,0.0,0.0
6560,2019-10-01 08:00:00,10,2019-10-01 09:00:00,0.10531,0.10531,0.10531,0.0,0.11784909097738491,355.050912315139,-0.0,0.0,0.0,355.050912315139,355.050912315139,0.0,0.0
6561,2019-10-01 09:00:00,10,2019-10-01 10:00:00,0.10531,0.10531,0.10531,0.0,0.11784909097738491,300.3497205086618,-66.09958525831365,0.0,0.0,366.44930576697544,366.44930576697544,0.0,1.0
6562,2019-10-01 10:00:00,10,2019-10-01 11:00:00,0.10531,0.10531,0.10531,0.0,0.3205544857695468,301.6229180218397,-64.82638774513572,0.0,0.0,366.44930576697544,366.44930576697544,0.0,1.0
6563,2019-10-01 11:00:00,10,2019-10-01 12:00:00,0.10531,0.10531,0.10531,0.0,0.519355408187963,326.45274394828596,-0.0,0.0,0.0,326.45274394828596,326.45274394828596,0.0,1.0
6564,2019-10-01 12:00:00,10,2019-10-01 13:00:00,0.10531,0.10531,0.10531,0.0,0.519355408187963,277.4967929441025,-64.43765316593041,0.0,0.0,341.9344461100329,341.9344461100329,0.0,1.0
6565,2019-10-01 13:00:00,10,2019-10-01 14:00:00,0.10531,0.10531,0.10531,0.0,0.7169642112301496,274.1550268202851,-92.29427894669034,0.0,0.0,366.44930576697544,366.44930576697544,0.0,1.0
6566,2019-10-01 14:00:00,10,2019-10-01 15:00:00,0.10531,0.10531,0.10531,0.0,1.0,269.70031991454016,-0.0,0.0,0.0,269.70031991454016,269.70031991454016,0.0,1.0
6567,2019-10-01 15:00:00,10,2019-10-01 16:00:00,0.10531,0.10531,0.10531,0.0,1.0,298.66988647722764,-0.0,0.0,0.0,298.66988647722764,298.66988647722764,0.0,1.0
6568,2019-10-01 16:00:00,10,2019-10-01 17:00:00,0.13592,0.13592,0.13592,0.0,1.0,327.31761073565536,-0.0,0.0,0.0,327.31761073565536,327.31761073565536,0.0,1.0
6569,2019-10-01 17:00:00,10,2019-10-01 18:00:00,0.13592,0.13592,0.13592,0.0,1.0,418.0946221545813,-0.0,51.6453163876059,0.0,366.4493057669754,366.4493057669754,0.0,0.0
6570,2019-10-01 18:00:00,10,2019-10-01 19:00:00,0.13592,0.13592,0.13592,0.0,0.8128792884507032,431.9309584643587,-0.0,65.48165269738324,0.0,366.44930576697544,366.44930576697544,0.0,0.0
6571,2019-10-01 19:00:00,10,2019-10-01 20:00:00,0.13592,0.13592,0.13592,0.0,0.5756269236051119,453.6211527069891,-0.0,87.17184694001365,0.0,366.44930576697544,366.44930576697544,0.0,0.0
6572,2019-10-01 20:00:00,10,2019-10-01 21:00:00,0.13592,0.13592,0.13592,0.0,0.2597868984601349,422.7799280362864,-0.0,56.33062226931092,0.0,366.44930576697544,366.44930576697544,0.0,0.0
6573,2019-10-01 21:00:00,10,2019-10-01 22:00:00,0.10531,0.10531,0.10531,0.0,0.05569044096263153,368.01986747266176,-0.0,1.570561705686302,0.0,366.44930576697544,366.44930576697544,0.0,0.0
6574,2019-10-01 22:00:00,10,2019-10-01 23:00:00,0.10531,0.10531,0.10531,0.0,0.05,302.08716640018446,-64.362139366791,0.0,0.0,366.44930576697544,366.44930576697544,0.0,1.0
6575,2019-10-01 23:00:00,10,2019-10-02 00:00:00,0.10531,0.10531,0.10531,0.0,0.2473772273914924,269.56047886664635,-0.0,0.0,0.0,269.56047886664635,269.56047886664635,0.0,0.0
6576,2019-10-02 00:00:00,10,2019-10-02 01:00:00,0.10531,0.10531,0.10531,0.0,0.2473772273914924,246.14863129304328,-61.101414199279404,0.0,0.0,307.25004549232267,307.25004549232267,0.0,1.0
6577,2019-10-02 01:00:00,10,2019-10-02 02:00:00,0.10531,0.10531,0.10531,0.0,0.43475489760261593,239.14118991802044,-0.0,0.0,0.0,239.14118991802044,239.14118991802044,0.0,1.0
6578,2019-10-02 02:00:00,10,2019-10-02 03:00:00,0.10531,0.10531,0.10531,0.0,0.43475489760261593,235.8912134983258,-0.0,0.0,0.0,235.8912134983258,235.8912134983258,0.0,1.0
6579,2019-10-02 03:00:00,10,2019-10-02 04:00:00,0.10531,0.10531,0.10531,0.0,0.43475489760261593,245.4465054902021,-0.0,0.0,0.0,245.4465054902021,245.4465054902021,0.0,1.0
6580,2019-10-02 04:00:00,10,2019-10-02 05:00:00,0.10531,0.10531,0.10531,0.0,0.43475489760261593,270.6862502962553,-0.0,0.0,0.0,270.6862502962553,270.6862502962553,0.0,1.0
6581,2019-10-02 05:00:00,10,2019-10-02 06:00:00,0.10531,0.10531,0.10531,0.0,0.43475489760261593,349.0149464789905,-0.0,0.0,0.0,349.0149464789905,349.0149464789905,0.0,0.0
6582,2019-10-02 06:00:00,10,2019-10-02 07:00:00,0.10531,0.10531,0.10531,0.0,0.43475489760261593,419.1354902291075,-0.0,52.686184462132076,0.0,366.44930576697544,366.44930576697544,0.0,0.0
6583,2019-10-02 07:00:00,10,2019-10-02 08:00:00,0.10531,0.10531,0.10531,0.0,0.2438629249137316,379.7492554955708,-0.0,13.29994972859538,0.0,366.44930576697544,366.44930576697544,0.0,0.0
6584,2019-10-02 08:00:00,10,2019-10-02 09:00:00,0.10531,0.10531,0.10531,0.0,0.19567470125940054,346.6297160090004,-0.0,0.0,0.0,346.6297160090004,346.6297160090004,0.0,0.0
6585,2019-10-02 09:00:00,10,2019-10-02 10:00:00,0.10531,0.10531,0.10531,0.0,0.19567470125940054,290.24281252146443,-0.0,0.0,0.0,290.24281252146443,290.24281252146443,0.0,1.0
6586,2019-10-02 10:00:00,10,2019-10-02 11:00:00,0.10531,0.10531,0.10531,0.0,0.19567470125940054,288.5389751564204,-0.0,0.0,0.0,288.5389751564204,288.5389751564204,0.0,1.0
6587,2019-10-02 11:00:00,10,2019-10-02 12:00:00,0.10531,0.10531,0.10531,0.0,0.19567470125940054,284.9825011845554,-81.46680458242002,0.0,0.0,366.44930576697544,366.44930576697544,0.0,1.0
6588,2019-10-02 12:00:00,10,2019-10-02 13:00:00,0.10531,0.10531,0.10531,0.0,0.4455062353121553,274.04635351834327,-34.81021360433386,0.0,0.0,308.8565671226771,308.8565671226771,0.0,1.0
6589,2019-10-02 13:00:00,10,2019-10-02 14:00:00,0.10531,0.10531,0.10531,0.0,0.5522575570321124,275.84663976620607,0.0,0.0,0.0,275.84663976620607,275.84663976620607,0.0,0.0
6590,2019-10-02 14:00:00,10,2019-10-02 15:00:00,0.10531,0.10531,0.10531,0.0,0.5522575570321124,278.03907387826695,-88.4102318887085,0.0,0.0,366.44930576697544,366.44930576697544,0.0,1.0
6591,2019-10-02 15:00:00,10,2019-10-02 16:00:00,0.10531,0.10531,0.10531,0.0,0.8233822681574852,308.8565671226771,-57.59273864429832,0.0,0.0,366.44930576697544,366.44930576697544,0.0,1.0
6592,2019-10-02 16:00:00,10,2019-10-02 17:00:00,0.13592,0.13592,0.13592,0.0,1.0,333.5310667449095,-0.0,0.0,0.0,333.5310667449095,333.5310667449095,0.0,1.0
6593,2019-10-02 17:00:00,10,2019-10-02 18:00:00,0.13592,0.13592,0.13592,0.0,1.0,396.0303109750258,-0.0,32.76057754569885,0.0,363.26973342932695,363.26973342932695,0.0,0.0
6594,2019-10-02 18:00:00,10,2019-10-02 19:00:00,0.13592,0.13592,0.13592,0.0,0.8813022552692071,431.96410114405415,-0.0,65.51479537707871,0.0,366.44930576697544,366.44930576697544,0.0,0.0
6595,2019-10-02 19:00:00,10,2019-10-02 20:00:00,0.13592,0.13592,0.13592,0.0,0.643929808250806,461.5150773620504,-0.0,95.06577159507498,0.0,366.44930576697544,366.44930576697544,0.0,0.0
6596,2019-10-02 20:00:00,10,2019-10-02 21:00:00,0.13592,0.13592,0.13592,0.0,0.2994886068193749,435.3081612491229,-0.0,68.85885548214748,0.0,366.44930576697544,366.44930576697544,0.0,0.0
6597,2019-10-02 21:00:00,10,2019-10-02 22:00:00,0.10531,0.10531,0.10531,0.0,0.05,365.3516876355827,-0.0,0.0,0.0,365.3516876355827,365.3516876355827,0.0,1.0
6598,2019-10-02 22:00:00,10,2019-10-02 23:00:00,0.10531,0.10531,0.10531,0.0,0.05,296.617332462884,-0.0,0.0,0.0,296.617332462884,296.617332462884,0.0,1.0
6599,2019-10-02 23:00:00,10,2019-10-03 00:00:00,0.10531,0.10531,0.10531,0.0,0.05,258.5316612351059,-0.0,0.0,0.0,258.5316612351059,258.5316612351059,0.0,1.0
6600,2019-10-03 00:00:00,10,2019-10-03 01:00:00,0.10531,0.10531,0.10531,0.0,0.05,249.81391464815312,-122.72456818678961,0.0,0.0,372.5384828349427,372.5384828349427,0.0,1.0
6601,2019-10-03 01:00:00,10,2019-10-03 02:00:00,0.10531,0.10531,0.10531,0.0,0.42635534243948814,240.98891869292578,-0.0,0.0,0.0,240.98891869292578,240.98891869292578,0.0,0.0
6602,2019-10-03 02:00:00,10,2019-10-03 03:00:00,0.10531,0.10531,0.10531,0.0,0.42635534243948814,236.65533628551134,-135.8831465494314,0.0,0.0,372.5384828349427,372.5384828349427,0.0,1.0
6603,2019-10-03 03:00:00,10,2019-10-03 04:00:00,0.10531,0.10531,0.10531,0.0,0.843063658524411,240.81617603876617,-15.224790901835691,0.0,0.0,256.04096694060183,256.04096694060183,0.0,1.0
6604,2019-10-03 04:00:00,10,2019-10-03 05:00:00,0.10531,0.10531,0.10531,0.0,0.8897530172900406,260.19514075133264,-0.0,0.0,0.0,260.19514075133264,260.19514075133264,0.0,1.0
6605,2019-10-03 05:00:00,10,2019-10-03 06:00:00,0.10531,0.10531,0.10531,0.0,0.8897530172900406,344.92467475665126,-0.0,0.0,0.0,344.92467475665126,344.92467475665126,0.0,0.0
6606,2019-10-03 06:00:00,10,2019-10-03 07:00:00,0.10531,0.10531,0.10531,0.0,0.8897530172900406,421.467600227684,-0.0,48.92911739274126,0.0,372.5384828349427,372.5384828349427,0.0,0.0
6607,2019-10-03 07:00:00,10,2019-10-03 08:00:00,0.10531,0.10531,0.10531,0.0,0.712473606446775,380.16722215681284,-0.0,7.628739321870114,0.0,372.5384828349427,372.5384828349427,0.0,0.0
6608,2019-10-03 08:00:00,10,2019-10-03 09:00:00,0.10531,0.10531,0.10531,0.0,0.6848332465849267,348.13324984970455,-24.40523298523817,0.0,0.0,372.5384828349427,372.5384828349427,0.0,1.0
6609,2019-10-03 09:00:00,10,2019-10-03 10:00:00,0.10531,0.10531,0.10531,0.0,0.7596759610729905,295.30720874798465,-0.0,0.0,0.0,295.30720874798465,295.30720874798465,0.0,0.0
6610,2019-10-03 10:00:00,10,2019-10-03 11:00:00,0.10531,0.10531,0.10531,0.0,0.7596759610729905,294.17194840222226,-78.36653443272047,0.0,0.0,372.5384828349427,372.5384828349427,0.0,1.0
6611,2019-10-03 11:00:00,10,2019-10-03 12:00:00,0.10531,0.10531,0.10531,0.0,1.0,292.6525581030494,-0.0,0.0,0.0,292.6525581030494,292.6525581030494,0.0,1.0
6612,2019-10-03 12:00:00,10,2019-10-03 13:00:00,0.10531,0.10531,0.10531,0.0,1.0,272.9009867152611,-0.0,0.0,0.0,272.9009867152611,272.9009867152611,0.0,1.0
6613,2019-10-03 13:00:00,10,2019-10-03 14:00:00,0.10531,0.10531,0.10531,0.0,1.0,271.1526797404367,-0.0,0.0,0.0,271.1526797404367,271.1526797404367,0.0,1.0
6614,2019-10-03 14:00:00,10,2019-10-03 15:00:00,0.10531,0.10531,0.10531,0.0,1.0,269.64392604282244,-0.0,0.0,0.0,269.64392604282244,269.64392604282244,0.0,1.0
6615,2019-10-03 15:00:00,10,2019-10-03 16:00:00,0.10531,0.10531,0.10531,0.0,1.0,303.28220109910393,-0.0,0.0,0.0,303.28220109910393,303.28220109910393,0.0,1.0
6616,2019-10-03 16:00:00,10,2019-10-03 17:00:00,0.13592,0.13592,0.13592,0.0,1.0,346.87209991325915,-0.0,0.0,0.0,346.87209991325915,346.87209991325915,0.0,1.0
6617,2019-10-03 17:00:00,10,2019-10-03 18:00:00,0.13592,0.13592,0.13592,0.0,1.0,419.26450646544305,-0.0,46.726023630500336,0.0,372.5384828349427,372.5384828349427,0.0,0.0
6618,2019-10-03 18:00:00,10,2019-10-03 19:00:00,0.13592,0.13592,0.13592,0.0,0.8307028129329698,433.7835497439535,-0.0,61.24506690901075,0.0,372.5384828349427,372.5384828349427,0.0,0.0
6619,2019-10-03 19:00:00,10,2019-10-03 20:00:00,0.13592,0.13592,0.13592,0.0,0.6088003965959744,461.521110263495,-0.0,88.98262742855229,0.0,372.5384828349427,372.5384828349427,0.0,0.0
6620,2019-10-03 20:00:00,10,2019-10-03 21:00:00,0.13592,0.13592,0.13592,0.0,0.28639957257948057,437.78476486687936,-0.0,65.24628203193663,0.0,372.5384828349427,372.5384828349427,0.0,0.0
6621,2019-10-03 21:00:00,10,2019-10-03 22:00:00,0.10531,0.10531,0.10531,0.0,0.05,369.46494267535746,-3.0735401595852565,0.0,0.0,372.5384828349427,372.5384828349427,0.0,1.0
6622,2019-10-03 22:00:00,10,2019-10-03 23:00:00,0.10531,0.10531,0.10531,0.0,0.059425523156061456,299.45372276388764,-55.11242163963803,0.0,0.0,354.56614440352564,354.56614440352564,0.0,1.0
6623,2019-10-03 23:00:00,10,2019-10-04 00:00:00,0.10531,0.10531,0.10531,0.0,0.2284369495176181,249.40126824075227,-0.0,0.0,0.0,249.40126824075227,249.40126824075227,0.0,1.0
6624,2019-10-04 00:00:00,10,2019-10-04 01:00:00,0.10531,0.10531,0.10531,0.0,0.2284369495176181,231.67195061501536,-0.0,0.0,0.0,231.67195061501536,231.67195061501536,0.0,1.0
6625,2019-10-04 01:00:00,10,2019-10-04 02:00:00,0.10531,0.10531,0.10531,0.0,0.2284369495176181,223.13813214607396,-0.0,0.0,0.0,223.13813214607396,223.13813214607396,0.0,1.0
6626,2019-10-04 02:00:00,10,2019-10-04 03:00:00,0.10531,0.10531,0.10531,0.0,0.2284369495176181,218.0799688925805,-0.0,0.0,0.0,218.0799688925805,218.0799688925805,0.0,1.0
6627,2019-10-04 03:00:00,10,2019-10-04 04:00:00,0.10531,0.10531,0.10531,0.0,0.2284369495176181,221.58756783288626,-0.0,0.0,0.0,221.58756783288626,221.58756783288626,0.0,1.0
6628,2019-10-04 04:00:00,10,2019-10-04 05:00:00,0.10531,0.10531,0.10531,0.0,0.2284369495176181,238.0216750559208,-0.0,0.0,0.0,238.0216750559208,238.0216750559208,0.0,1.0
6629,2019-10-04 05:00:00,10,2019-10-04 06:00:00,0.10531,0.10531,0.10531,0.0,0.2284369495176181,325.8306023715704,-0.0,0.0,0.0,325.8306023715704,325.8306023715704,0.0,1.0
6630,2019-10-04 06:00:00,10,2019-10-04 07:00:00,0.10531,0.10531,0.10531,0.0,0.2284369495176181,414.4378950984534,-0.0,39.85039536575886,0.0,374.58749973269454,374.58749973269454,0.0,0.0
6631,2019-10-04 07:00:00,10,2019-10-04 08:00:00,0.10531,0.10531,0.10531,0.0,0.08405145906197006,379.88766863829466,-0.0,5.300168905600117,0.0,374.58749973269454,374.58749973269454,0.0,0.0
6632,2019-10-04 08:00:00,10,2019-10-04 09:00:00,0.10531,0.10531,0.10531,0.0,0.06484794853443342,348.71930828225356,-0.0,0.0,0.0,348.71930828225356,348.71930828225356,0.0,0.0
6633,2019-10-04 09:00:00,10,2019-10-04 10:00:00,0.10531,0.10531,0.10531,0.0,0.06484794853443342,295.1441641609119,-79.44333557178265,0.0,0.0,374.58749973269454,374.58749973269454,0.0,1.0
6634,2019-10-04 10:00:00,10,2019-10-04 11:00:00,0.10531,0.10531,0.10531,0.0,0.3084741776212336,293.3275732652621,-81.25992646743242,0.0,0.0,374.58749973269454,374.58749973269454,0.0,1.0
6635,2019-10-04 11:00:00,10,2019-10-04 12:00:00,0.10531,0.10531,0.10531,0.0,0.557671285454693,291.26868464602785,-0.0,0.0,0.0,291.26868464602785,291.26868464602785,0.0,1.0
6636,2019-10-04 12:00:00,10,2019-10-04 13:00:00,0.10531,0.10531,0.10531,0.0,0.557671285454693,281.2895267942248,-51.957195853048276,0.0,0.0,333.2467226472731,333.2467226472731,0.0,1.0
6637,2019-10-04 13:00:00,10,2019-10-04 14:00:00,0.10531,0.10531,0.10531,0.0,0.7170066860707077,282.80057364911005,-0.0,0.0,0.0,282.80057364911005,282.80057364911005,0.0,1.0
6638,2019-10-04 14:00:00,10,2019-10-04 15:00:00,0.10531,0.10531,0.10531,0.0,0.7170066860707077,282.30707127749054,-92.280428455204,0.0,0.0,374.58749973269454,374.58749973269454,0.0,1.0
6639,2019-10-04 15:00:00,10,2019-10-04 16:00:00,0.10531,0.10531,0.10531,0.0,1.0,311.77224475330496,-0.0,0.0,0.0,311.77224475330496,311.77224475330496,0.0,1.0
6640,2019-10-04 16:00:00,10,2019-10-04 17:00:00,0.13592,0.13592,0.13592,0.0,1.0,351.7424196628638,-0.0,0.0,0.0,351.7424196628638,351.7424196628638,0.0,1.0
6641,2019-10-04 17:00:00,10,2019-10-04 18:00:00,0.13592,0.13592,0.13592,0.0,1.0,421.2602925178375,-0.0,46.67279278514301,0.0,374.58749973269454,374.58749973269454,0.0,0.0
6642,2019-10-04 18:00:00,10,2019-10-04 19:00:00,0.13592,0.13592,0.13592,0.0,0.8308956783146992,436.39622017448085,-0.0,61.80872044178632,0.0,374.58749973269454,374.58749973269454,0.0,0.0
6643,2019-10-04 19:00:00,10,2019-10-04 20:00:00,0.13592,0.13592,0.13592,0.0,0.6069510390328647,463.65811908038756,-0.0,89.07061934769304,0.0,374.58749973269454,374.58749973269454,0.0,0.0
6644,2019-10-04 20:00:00,10,2019-10-04 21:00:00,0.13592,0.13592,0.13592,0.0,0.28423140371513633,439.23536715807217,-0.0,64.64786742537764,0.0,374.58749973269454,374.58749973269454,0.0,0.0
6645,2019-10-04 21:00:00,10,2019-10-04 22:00:00,0.10531,0.10531,0.10531,0.0,0.05,370.129206315647,-4.458293417047497,0.0,0.0,374.5874997326945,374.5874997326945,0.0,1.0
6646,2019-10-04 22:00:00,10,2019-10-04 23:00:00,0.10531,0.10531,0.10531,0.0,0.06367209981227899,299.8685512219581,-58.28462136283288,0.0,0.0,358.153172584791,358.153172584791,0.0,1.0
6647,2019-10-04 23:00:00,10,2019-10-05 00:00:00,0.10531,0.10531,0.10531,0.0,0.2424116053249665,207.9981579204714,-0.0,0.0,0.0,207.9981579204714,207.9981579204714,0.0,1.0
6648,2019-10-05 00:00:00,10,2019-10-05 01:00:00,0.10531,0.10531,0.10531,0.0,0.2424116053249665,187.46591845391313,-0.0,0.0,0.0,187.46591845391313,187.46591845391313,0.0,1.0
6649,2019-10-05 01:00:00,10,2019-10-05 02:00:00,0.10531,0.10531,0.10531,0.0,0.2424116053249665,205.1366497859017,-150.0,0.0,0.0,355.1366497859017,355.1366497859017,0.0,1.0
6650,2019-10-05 02:00:00,10,2019-10-05 03:00:00,0.10531,0.10531,0.10531,0.0,0.7024116053249665,180.4666535114758,-0.0,0.0,0.0,180.4666535114758,180.4666535114758,0.0,0.0
6651,2019-10-05 03:00:00,10,2019-10-05 04:00:00,0.10531,0.10531,0.10531,0.0,0.7024116053249665,202.605732203618,-0.0,0.0,0.0,202.605732203618,202.605732203618,0.0,0.0
6652,2019-10-05 04:00:00,10,2019-10-05 05:00:00,0.10531,0.10531,0.10531,0.0,0.7024116053249665,252.78575149145576,-0.0,0.0,0.0,252.78575149145576,252.78575149145576,0.0,1.0
6653,2019-10-05 05:00:00,10,2019-10-05 06:00:00,0.10531,0.10531,0.10531,0.0,0.7024116053249665,351.5934535173118,-0.0,0.0,0.0,351.5934535173118,351.5934535173118,0.0,1.0
6654,2019-10-05 06:00:00,10,2019-10-05 07:00:00,0.10531,0.10531,0.10531,0.0,0.7024116053249665,423.38213561366456,-0.0,48.79463588097002,0.0,374.58749973269454,374.58749973269454,0.0,0.0
6655,2019-10-05 07:00:00,10,2019-10-05 08:00:00,0.10531,0.10531,0.10531,0.0,0.5256194463359446,378.89846692141526,-0.0,4.310967188720724,0.0,374.58749973269454,374.58749973269454,0.0,0.0
6656,2019-10-05 08:00:00,10,2019-10-05 09:00:00,0.10531,0.10531,0.10531,0.0,0.51,348.38115766276763,-0.0,0.0,0.0,348.38115766276763,348.38115766276763,0.0,0.0
6657,2019-10-05 09:00:00,10,2019-10-05 10:00:00,0.10531,0.10531,0.10531,0.0,0.51,296.3765511268925,-0.0,0.0,0.0,296.3765511268925,296.3765511268925,0.0,1.0
6658,2019-10-05 10:00:00,10,2019-10-05 11:00:00,0.10531,0.10531,0.10531,0.0,0.51,295.9234617204945,-78.66403801220002,0.0,0.0,374.58749973269454,374.58749973269454,0.0,1.0
6659,2019-10-05 11:00:00,10,2019-10-05 12:00:00,0.10531,0.10531,0.10531,0.0,0.7512363832374134,294.8532863160455,-0.0,0.0,0.0,294.8532863160455,294.8532863160455,0.0,0.0
6660,2019-10-05 12:00:00,10,2019-10-05 13:00:00,0.10531,0.10531,0.10531,0.0,0.7512363832374134,285.226668650507,-0.0,0.0,0.0,285.226668650507,285.226668650507,0.0,0.0
6661,2019-10-05 13:00:00,10,2019-10-05 14:00:00,0.10531,0.10531,0.10531,0.0,0.7512363832374134,284.8956198291521,-81.11857068345216,0.0,0.0,366.0141905126043,366.0141905126043,0.0,1.0
6662,2019-10-05 14:00:00,10,2019-10-05 15:00:00,0.10531,0.10531,0.10531,0.0,1.0,283.5387750837823,-0.0,0.0,0.0,283.5387750837823,283.5387750837823,0.0,1.0
6663,2019-10-05 15:00:00,10,2019-10-05 16:00:00,0.10531,0.10531,0.10531,0.0,1.0,312.105854617933,-0.0,0.0,0.0,312.105854617933,312.105854617933,0.0,1.0
6664,2019-10-05 16:00:00,10,2019-10-05 17:00:00,0.13592,0.13592,0.13592,0.0,1.0,351.72255063863867,-0.0,0.0,0.0,351.72255063863867,351.72255063863867,0.0,1.0
6665,2019-10-05 17:00:00,10,2019-10-05 18:00:00,0.13592,0.13592,0.13592,0.0,1.0,420.62638848029997,-0.0,46.56283868811511,0.0,374.06354979218486,374.06354979218486,0.0,0.0
6666,2019-10-05 18:00:00,10,2019-10-05 19:00:00,0.13592,0.13592,0.13592,0.0,0.8312940627242207,435.79096511168643,-0.0,61.727415319501574,0.0,374.06354979218486,374.06354979218486,0.0,0.0
6667,2019-10-05 19:00:00,10,2019-10-05 20:00:00,0.13592,0.13592,0.13592,0.0,0.6076440072187796,462.98945609750973,-0.0,88.92590630532487,0.0,374.06354979218486,374.06354979218486,0.0,0.0
6668,2019-10-05 20:00:00,10,2019-10-05 21:00:00,0.13592,0.13592,0.13592,0.0,0.2854486945183272,439.0473894792432,-0.0,64.98383968705832,0.0,374.06354979218486,374.06354979218486,0.0,0.0
6669,2019-10-05 21:00:00,10,2019-10-05 22:00:00,0.10531,0.10531,0.10531,0.0,0.05,365.582578155331,-0.0,0.0,0.0,365.582578155331,365.582578155331,0.0,1.0
6670,2019-10-05 22:00:00,10,2019-10-05 23:00:00,0.10531,0.10531,0.10531,0.0,0.05,286.2541788928008,-0.0,0.0,0.0,286.2541788928008,286.2541788928008,0.0,1.0
6671,2019-10-05 23:00:00,10,2019-10-06 00:00:00,0.10531,0.10531,0.10531,0.0,0.05,220.4032092886618,-0.0,0.0,0.0,220.4032092886618,220.4032092886618,0.0,1.0
6672,2019-10-06 00:00:00,10,2019-10-06 01:00:00,0.10531,0.10531,0.10531,0.0,0.05,192.54966587965353,-9.78260869565213,0.0,0.0,202.33227457530566,202.33227457530566,0.0,1.0
6673,2019-10-06 01:00:00,10,2019-10-06 02:00:00,0.10531,0.10531,0.10531,0.0,0.07999999999999986,176.49206762742955,-150.0,0.0,0.0,326.49206762742955,326.49206762742955,0.0,1.0
6674,2019-10-06 02:00:00,10,2019-10-06 03:00:00,0.10531,0.10531,0.10531,0.0,0.5399999999999999,166.61587942895113,-150.0,0.0,0.0,316.61587942895113,316.61587942895113,0.0,1.0
6675,2019-10-06 03:00:00,10,2019-10-06 04:00:00,0.10531,0.10531,0.10531,0.0,1.0,166.7535198451052,-0.0,0.0,0.0,166.7535198451052,166.7535198451052,0.0,0.0
6676,2019-10-06 04:00:00,10,2019-10-06 05:00:00,0.10531,0.10531,0.10531,0.0,1.0,237.18732487174705,-0.0,0.0,0.0,237.18732487174705,237.18732487174705,0.0,1.0
6677,2019-10-06 05:00:00,10,2019-10-06 06:00:00,0.10531,0.10531,0.10531,0.0,1.0,341.6622117332777,-0.0,0.0,0.0,341.6622117332777,341.6622117332777,0.0,1.0
6678,2019-10-06 06:00:00,10,2019-10-06 07:00:00,0.10531,0.10531,0.10531,0.0,1.0,364.0744963286661,-0.0,0.0,0.0,364.0744963286661,364.0744963286661,0.0,0.0
6679,2019-10-06 07:00:00,10,2019-10-06 08:00:00,0.10531,0.10531,0.10531,0.0,1.0,371.5992746029314,-0.0,0.0,0.0,371.5992746029314,371.5992746029314,0.0,1.0
6680,2019-10-06 08:00:00,10,2019-10-06 09:00:00,0.10531,0.10531,0.10531,0.0,1.0,350.17458396321047,-0.0,0.0,0.0,350.17458396321047,350.17458396321047,0.0,1.0
6681,2019-10-06 09:00:00,10,2019-10-06 10:00:00,0.10531,0.10531,0.10531,0.0,1.0,298.1516340724174,-0.0,0.0,0.0,298.1516340724174,298.1516340724174,0.0,1.0
6682,2019-10-06 10:00:00,10,2019-10-06 11:00:00,0.10531,0.10531,0.10531,0.0,1.0,295.2671654791239,-0.0,0.0,0.0,295.2671654791239,295.2671654791239,0.0,1.0
6683,2019-10-06 11:00:00,10,2019-10-06 12:00:00,0.10531,0.10531,0.10531,0.0,1.0,295.1321188848904,-0.0,0.0,0.0,295.1321188848904,295.1321188848904,0.0,1.0
6684,2019-10-06 12:00:00,10,2019-10-06 13:00:00,0.10531,0.10531,0.10531,0.0,1.0,284.8838390010382,-0.0,0.0,0.0,284.8838390010382,284.8838390010382,0.0,0.0
6685,2019-10-06 13:00:00,10,2019-10-06 14:00:00,0.10531,0.10531,0.10531,0.0,1.0,284.53663654550985,-0.0,0.0,0.0,284.53663654550985,284.53663654550985,0.0,1.0
6686,2019-10-06 14:00:00,10,2019-10-06 15:00:00,0.10531,0.10531,0.10531,0.0,1.0,284.1294369642699,-0.0,0.0,0.0,284.1294369642699,284.1294369642699,0.0,0.0
6687,2019-10-06 15:00:00,10,2019-10-06 16:00:00,0.10531,0.10531,0.10531,0.0,1.0,313.7475662065471,-0.0,0.0,0.0,313.7475662065471,313.7475662065471,0.0,0.0
6688,2019-10-06 16:00:00,10,2019-10-06 17:00:00,0.13592,0.13592,0.13592,0.0,1.0,351.3185777128984,-0.0,0.0,0.0,351.3185777128984,351.3185777128984,0.0,1.0
6689,2019-10-06 17:00:00,10,2019-10-06 18:00:00,0.13592,0.13592,0.13592,0.0,1.0,421.14380171811285,-0.0,150.0,0.0,271.14380171811285,271.14380171811285,0.0,0.0
6690,2019-10-06 18:00:00,10,2019-10-06 19:00:00,0.13592,0.13592,0.13592,0.0,0.4565217391304348,416.6741403634146,-0.0,100.15719437724943,0.0,316.5169459861652,316.5169459861652,0.0,0.0
6691,2019-10-06 19:00:00,10,2019-10-06 20:00:00,0.13592,0.13592,0.13592,0.0,0.09363335370561804,386.6303053554451,-0.0,12.042805622750564,0.0,374.58749973269454,374.58749973269454,0.0,0.0
6692,2019-10-06 20:00:00,10,2019-10-06 21:00:00,0.13592,0.13592,0.13592,0.0,0.05000000000000006,356.5886101520248,-0.0,0.0,0.0,356.5886101520248,356.5886101520248,0.0,1.0
6693,2019-10-06 21:00:00,10,2019-10-06 22:00:00,0.10531,0.10531,0.10531,0.0,0.05,279.0823387614066,-0.0,0.0,0.0,279.0823387614066,279.0823387614066,0.0,1.0
6694,2019-10-06 22:00:00,10,2019-10-06 23:00:00,0.10531,0.10531,0.10531,0.0,0.05,216.96375211180094,-0.0,0.0,0.0,216.96375211180094,216.96375211180094,0.0,0.0
6695,2019-10-06 23:00:00,10,2019-10-07 00:00:00,0.10531,0.10531,0.10531,0.0,0.05,209.44729590606886,-42.345607614499784,0.0,0.0,251.79290352056864,251.79290352056864,0.0,1.0
6696,2019-10-07 00:00:00,10,2019-10-07 01:00:00,0.10531,0.10531,0.10531,0.0,0.1798598633511327,214.65965063723954,-0.0,0.0,0.0,214.65965063723954,214.65965063723954,0.0,1.0
6697,2019-10-07 01:00:00,10,2019-10-07 02:00:00,0.10531,0.10531,0.10531,0.0,0.1798598633511327,181.12280426114728,-0.0,0.0,0.0,181.12280426114728,181.12280426114728,0.0,1.0
6698,2019-10-07 02:00:00,10,2019-10-07 03:00:00,0.10531,0.10531,0.10531,0.0,0.1798598633511327,192.20079084554033,-0.0,0.0,0.0,192.20079084554033,192.20079084554033,0.0,1.0
6699,2019-10-07 03:00:00,10,2019-10-07 04:00:00,0.10531,0.10531,0.10531,0.0,0.1798598633511327,215.1212983662489,-150.0,0.0,0.0,365.1212983662489,365.1212983662489,0.0,1.0
6700,2019-10-07 04:00:00,10,2019-10-07 05:00:00,0.10531,0.10531,0.10531,0.0,0.6398598633511327,214.44424211939983,-0.0,0.0,0.0,214.44424211939983,214.44424211939983,0.0,1.0
6701,2019-10-07 05:00:00,10,2019-10-07 06:00:00,0.10531,0.10531,0.10531,0.0,0.6398598633511327,298.89907816932157,-0.0,0.0,0.0,298.89907816932157,298.89907816932157,0.0,1.0
6702,2019-10-07 06:00:00,10,2019-10-07 07:00:00,0.10531,0.10531,0.10531,0.0,0.6398598633511327,294.06117348732806,-0.0,0.0,0.0,294.06117348732806,294.06117348732806,0.0,1.0
6703,2019-10-07 07:00:00,10,2019-10-07 08:00:00,0.10531,0.10531,0.10531,0.0,0.6398598633511327,410.42882201760716,-0.0,35.84132228491262,0.0,374.58749973269454,374.58749973269454,0.0,0.0
6704,2019-10-07 08:00:00,10,2019-10-07 09:00:00,0.10531,0.10531,0.10531,0.0,0.51,367.650705326235,-0.0,0.0,0.0,367.650705326235,367.650705326235,0.0,1.0
6705,2019-10-07 09:00:00,10,2019-10-07 10:00:00,0.10531,0.10531,0.10531,0.0,0.51,308.2419738439396,-0.0,0.0,0.0,308.2419738439396,308.2419738439396,0.0,1.0
6706,2019-10-07 10:00:00,10,2019-10-07 11:00:00,0.10531,0.10531,0.10531,0.0,0.51,297.67330211668383,-0.0,0.0,0.0,297.67330211668383,297.67330211668383,0.0,0.0
6707,2019-10-07 11:00:00,10,2019-10-07 12:00:00,0.10531,0.10531,0.10531,0.0,0.51,295.1065562886853,-0.0,0.0,0.0,295.1065562886853,295.1065562886853,0.0,1.0
6708,2019-10-07 12:00:00,10,2019-10-07 13:00:00,0.10531,0.10531,0.10531,0.0,0.51,284.5153611527218,-69.6120396678389,0.0,0.0,354.12740082056075,354.12740082056075,0.0,1.0
6709,2019-10-07 13:00:00,10,2019-10-07 14:00:00,0.10531,0.10531,0.10531,0.0,0.7234769216480393,284.4169307048813,-90.17056902781326,0.0,0.0,374.58749973269454,374.58749973269454,0.0,1.0
6710,2019-10-07 14:00:00,10,2019-10-07 15:00:00,0.10531,0.10531,0.10531,0.0,1.0,284.0520200681599,-0.0,0.0,0.0,284.0520200681599,284.0520200681599,0.0,1.0
6711,2019-10-07 15:00:00,10,2019-10-07 16:00:00,0.10531,0.10531,0.10531,0.0,1.0,314.6105355932037,-0.0,0.0,0.0,314.6105355932037,314.6105355932037,0.0,1.0
6712,2019-10-07 16:00:00,10,2019-10-07 17:00:00,0.13592,0.13592,0.13592,0.0,1.0,346.2157714287245,-0.0,0.0,0.0,346.2157714287245,346.2157714287245,0.0,1.0
6713,2019-10-07 17:00:00,10,2019-10-07 18:00:00,0.13592,0.13592,0.13592,0.0,1.0,432.23877850305337,-0.0,57.65127877035883,0.0,374.58749973269454,374.58749973269454,0.0,0.0
6714,2019-10-07 18:00:00,10,2019-10-07 19:00:00,0.13592,0.13592,0.13592,0.0,0.7911185551798593,431.69127561570616,-0.0,69.87756407790802,0.0,361.81371153779816,361.81371153779816,0.0,0.0
6715,2019-10-07 19:00:00,10,2019-10-07 20:00:00,0.13592,0.13592,0.13592,0.0,0.5379389751874389,444.96188092632593,-0.0,70.3743811936314,0.0,374.58749973269454,374.58749973269454,0.0,0.0
6716,2019-10-07 20:00:00,10,2019-10-07 21:00:00,0.13592,0.13592,0.13592,0.0,0.2829593331815281,434.70665089617773,-0.0,60.119151163483195,0.0,374.58749973269454,374.58749973269454,0.0,0.0
6717,2019-10-07 21:00:00,10,2019-10-07 22:00:00,0.10531,0.10531,0.10531,0.0,0.06513632171963249,378.7651245273131,-0.0,4.177624794618566,0.0,374.58749973269454,374.58749973269454,0.0,0.0
6718,2019-10-07 22:00:00,10,2019-10-07 23:00:00,0.10531,0.10531,0.10531,0.0,0.05,285.9867289090417,-0.0,0.0,0.0,285.9867289090417,285.9867289090417,0.0,1.0
6719,2019-10-07 23:00:00,10,2019-10-08 00:00:00,0.10531,0.10531,0.10531,0.0,0.05,208.46224576169078,-0.0,0.0,0.0,208.46224576169078,208.46224576169078,0.0,1.0
6720,2019-10-08 00:00:00,10,2019-10-08 01:00:00,0.10531,0.10531,0.10531,0.0,0.05,222.46111172680745,-150.0,0.0,0.0,372.4611117268074,372.4611117268074,0.0,1.0
6721,2019-10-08 01:00:00,10,2019-10-08 02:00:00,0.10531,0.10531,0.10531,0.0,0.51,233.46484150666933,-141.1226582260252,0.0,0.0,374.58749973269454,374.58749973269454,0.0,1.0
6722,2019-10-08 02:00:00,10,2019-10-08 03:00:00,0.10531,0.10531,0.10531,0.0,0.942776151893144,204.57789395028988,-0.0,0.0,0.0,204.57789395028988,204.57789395028988,0.0,0.0
6723,2019-10-08 03:00:00,10,2019-10-08 04:00:00,0.10531,0.10531,0.10531,0.0,0.942776151893144,204.03907757677743,-0.0,0.0,0.0,204.03907757677743,204.03907757677743,0.0,1.0
6724,2019-10-08 04:00:00,10,2019-10-08 05:00:00,0.10531,0.10531,0.10531,0.0,0.942776151893144,227.97885550324884,-0.0,0.0,0.0,227.97885550324884,227.97885550324884,0.0,1.0
6725,2019-10-08 05:00:00,10,2019-10-08 06:00:00,0.10531,0.10531,0.10531,0.0,0.942776151893144,309.6344313143278,-0.0,0.0,0.0,309.6344313143278,309.6344313143278,0.0,1.0
6726,2019-10-08 06:00:00,10,2019-10-08 07:00:00,0.10531,0.10531,0.10531,0.0,0.942776151893144,370.8470699102832,-0.0,0.0,0.0,370.8470699102832,370.8470699102832,0.0,0.0
6727,2019-10-08 07:00:00,10,2019-10-08 08:00:00,0.10531,0.10531,0.10531,0.0,0.942776151893144,418.6666389071749,-0.0,44.07913917448036,0.0,374.58749973269454,374.58749973269454,0.0,0.0
6728,2019-10-08 08:00:00,10,2019-10-08 09:00:00,0.10531,0.10531,0.10531,0.0,0.78306912589865,355.5317800862308,-19.05571964646373,0.0,0.0,374.58749973269454,374.58749973269454,0.0,1.0
6729,2019-10-08 09:00:00,10,2019-10-08 10:00:00,0.10531,0.10531,0.10531,0.0,0.8415066661478053,305.0066592646697,-0.0,0.0,0.0,305.0066592646697,305.0066592646697,0.0,0.0
6730,2019-10-08 10:00:00,10,2019-10-08 11:00:00,0.10531,0.10531,0.10531,0.0,0.8415066661478053,300.0222313658113,-51.68260886484609,0.0,0.0,351.7048402306574,351.7048402306574,0.0,1.0
6731,2019-10-08 11:00:00,10,2019-10-08 12:00:00,0.10531,0.10531,0.10531,0.0,1.0,297.3221137471188,-0.0,0.0,0.0,297.3221137471188,297.3221137471188,0.0,1.0
6732,2019-10-08 12:00:00,10,2019-10-08 13:00:00,0.10531,0.10531,0.10531,0.0,1.0,277.91470184369336,-0.0,0.0,0.0,277.91470184369336,277.91470184369336,0.0,1.0
6733,2019-10-08 13:00:00,10,2019-10-08 14:00:00,0.10531,0.10531,0.10531,0.0,1.0,279.9111407698258,-0.0,0.0,0.0,279.9111407698258,279.9111407698258,0.0,0.0
6734,2019-10-08 14:00:00,10,2019-10-08 15:00:00,0.10531,0.10531,0.10531,0.0,1.0,276.27596225288715,-0.0,0.0,0.0,276.27596225288715,276.27596225288715,0.0,0.0
6735,2019-10-08 15:00:00,10,2019-10-08 16:00:00,0.10531,0.10531,0.10531,0.0,1.0,306.0317787017844,-0.0,0.0,0.0,306.0317787017844,306.0317787017844,0.0,1.0
6736,2019-10-08 16:00:00,10,2019-10-08 17:00:00,0.13592,0.13592,0.13592,0.0,1.0,337.01575443701074,-0.0,0.0,0.0,337.01575443701074,337.01575443701074,0.0,1.0
6737,2019-10-08 17:00:00,10,2019-10-08 18:00:00,0.13592,0.13592,0.13592,0.0,1.0,421.95726459701956,-0.0,47.36976486432502,0.0,374.58749973269454,374.58749973269454,0.0,0.0
6738,2019-10-08 18:00:00,10,2019-10-08 19:00:00,0.13592,0.13592,0.13592,0.0,0.8283704171582427,433.1538063177959,-0.0,64.83023513567498,0.0,368.32357118212093,368.32357118212093,0.0,0.0
6739,2019-10-08 19:00:00,10,2019-10-08 20:00:00,0.13592,0.13592,0.13592,0.0,0.5934782608695652,415.00161499590007,-0.0,150.0,0.0,265.00161499590007,265.00161499590007,0.0,0.0
6740,2019-10-08 20:00:00,10,2019-10-08 21:00:00,0.13592,0.13592,0.13592,0.0,0.05,356.6352627028718,-0.0,0.0,0.0,356.6352627028718,356.6352627028718,0.0,1.0
6741,2019-10-08 21:00:00,10,2019-10-08 22:00:00,0.10531,0.10531,0.10531,0.0,0.05,294.5517971089508,-4.91166943201157,0.0,0.0,299.4634665409624,299.4634665409624,0.0,1.0
6742,2019-10-08 22:00:00,10,2019-10-08 23:00:00,0.10531,0.10531,0.10531,0.0,0.06506245292483548,242.8099421736893,-0.0,0.0,0.0,242.8099421736893,242.8099421736893,0.0,1.0
6743,2019-10-08 23:00:00,10,2019-10-09 00:00:00,0.10531,0.10531,0.10531,0.0,0.06506245292483548,225.82108967584958,-0.0,0.0,0.0,225.82108967584958,225.82108967584958,0.0,0.0
6744,2019-10-09 00:00:00,10,2019-10-09 01:00:00,0.10531,0.10531,0.10531,0.0,0.06506245292483548,204.7293117033054,-0.0,0.0,0.0,204.7293117033054,204.7293117033054,0.0,1.0
6745,2019-10-09 01:00:00,10,2019-10-09 02:00:00,0.10531,0.10531,0.10531,0.0,0.06506245292483548,202.55226503569043,-0.0,0.0,0.0,202.55226503569043,202.55226503569043,0.0,1.0
6746,2019-10-09 02:00:00,10,2019-10-09 03:00:00,0.10531,0.10531,0.10531,0.0,0.06506245292483548,203.49807989978157,-107.58340648179357,0.0,0.0,311.08148638157513,311.08148638157513,0.0,1.0
6747,2019-10-09 03:00:00,10,2019-10-09 04:00:00,0.10531,0.10531,0.10531,0.0,0.39498489946900245,211.93394600387893,-0.0,0.0,0.0,211.93394600387893,211.93394600387893,0.0,1.0
6748,2019-10-09 04:00:00,10,2019-10-09 05:00:00,0.10531,0.10531,0.10531,0.0,0.39498489946900245,227.09712624371494,-0.0,0.0,0.0,227.09712624371494,227.09712624371494,0.0,1.0
6749,2019-10-09 05:00:00,10,2019-10-09 06:00:00,0.10531,0.10531,0.10531,0.0,0.39498489946900245,299.387402256646,-0.0,0.0,0.0,299.387402256646,299.387402256646,0.0,1.0
6750,2019-10-09 06:00:00,10,2019-10-09 07:00:00,0.10531,0.10531,0.10531,0.0,0.39498489946900245,343.8714912256168,-30.71600850707773,0.0,0.0,374.58749973269454,374.58749973269454,0.0,1.0
6751,2019-10-09 07:00:00,10,2019-10-09 08:00:00,0.10531,0.10531,0.10531,0.0,0.4891806588907075,378.74473673994913,-0.0,4.157237007254594,0.0,374.58749973269454,374.58749973269454,0.0,0.0
6752,2019-10-09 08:00:00,10,2019-10-09 09:00:00,0.10531,0.10531,0.10531,0.0,0.47411820596587195,326.6693855673769,-0.0,0.0,0.0,326.6693855673769,326.6693855673769,0.0,1.0
6753,2019-10-09 09:00:00,10,2019-10-09 10:00:00,0.10531,0.10531,0.10531,0.0,0.47411820596587195,301.84745768331993,-0.0,0.0,0.0,301.84745768331993,301.84745768331993,0.0,0.0
6754,2019-10-09 10:00:00,10,2019-10-09 11:00:00,0.10531,0.10531,0.10531,0.0,0.47411820596587195,300.9608507304597,-0.0,0.0,0.0,300.9608507304597,300.9608507304597,0.0,0.0
6755,2019-10-09 11:00:00,10,2019-10-09 12:00:00,0.10531,0.10531,0.10531,0.0,0.47411820596587195,298.64081186573907,-75.94668786695547,0.0,0.0,374.58749973269454,374.58749973269454,0.0,1.0
6756,2019-10-09 12:00:00,10,2019-10-09 13:00:00,0.10531,0.10531,0.10531,0.0,0.7070213820912021,279.05099389286914,-95.5365058398254,0.0,0.0,374.58749973269454,374.58749973269454,0.0,1.0
6757,2019-10-09 13:00:00,10,2019-10-09 14:00:00,0.10531,0.10531,0.10531,0.0,1.0,278.9029123972044,-0.0,0.0,0.0,278.9029123972044,278.9029123972044,0.0,1.0
6758,2019-10-09 14:00:00,10,2019-10-09 15:00:00,0.10531,0.10531,0.10531,0.0,1.0,278.9429107726223,-0.0,0.0,0.0,278.9429107726223,278.9429107726223,0.0,1.0
6759,2019-10-09 15:00:00,10,2019-10-09 16:00:00,0.10531,0.10531,0.10531,0.0,1.0,309.21921388041477,-0.0,0.0,0.0,309.21921388041477,309.21921388041477,0.0,1.0
6760,2019-10-09 16:00:00,10,2019-10-09 17:00:00,0.13592,0.13592,0.13592,0.0,1.0,341.20717941837086,-0.0,0.0,0.0,341.20717941837086,341.20717941837086,0.0,1.0
6761,2019-10-09 17:00:00,10,2019-10-09 18:00:00,0.13592,0.13592,0.13592,0.0,1.0,422.3917673864365,-0.0,47.80426765374199,0.0,374.58749973269454,374.58749973269454,0.0,0.0
6762,2019-10-09 18:00:00,10,2019-10-09 19:00:00,0.13592,0.13592,0.13592,0.0,0.8267961316893406,431.2143841324009,-0.0,56.62688439970634,0.0,374.58749973269454,374.58749973269454,0.0,0.0
6763,2019-10-09 19:00:00,10,2019-10-09 20:00:00,0.13592,0.13592,0.13592,0.0,0.6216262606759119,422.26134825906763,-0.0,47.67384852637309,0.0,374.58749973269454,374.58749973269454,0.0,0.0
6764,2019-10-09 20:00:00,10,2019-10-09 21:00:00,0.13592,0.13592,0.13592,0.0,0.4488949254354297,368.6853247866348,-0.0,110.0949994201786,0.0,258.5903253664562,258.5903253664562,0.0,0.0
6765,2019-10-09 21:00:00,10,2019-10-09 22:00:00,0.10531,0.10531,0.10531,0.0,0.05,300.07787212356163,-18.162528859344278,0.0,0.0,318.2404009829059,318.2404009829059,0.0,1.0
6766,2019-10-09 22:00:00,10,2019-10-09 23:00:00,0.10531,0.10531,0.10531,0.0,0.10569842183532245,248.9582549808168,-0.0,0.0,0.0,248.9582549808168,248.9582549808168,0.0,0.0
6767,2019-10-09 23:00:00,10,2019-10-10 00:00:00,0.10531,0.10531,0.10531,0.0,0.10569842183532245,198.58436191628866,-0.0,0.0,0.0,198.58436191628866,198.58436191628866,0.0,1.0
6768,2019-10-10 00:00:00,10,2019-10-10 01:00:00,0.10531,0.10531,0.10531,0.0,0.10569842183532245,206.79422546258672,-0.0,0.0,0.0,206.79422546258672,206.79422546258672,0.0,1.0
6769,2019-10-10 01:00:00,10,2019-10-10 02:00:00,0.10531,0.10531,0.10531,0.0,0.10569842183532245,200.31674915115443,-0.0,0.0,0.0,200.31674915115443,200.31674915115443,0.0,1.0
6770,2019-10-10 02:00:00,10,2019-10-10 03:00:00,0.10531,0.10531,0.10531,0.0,0.10569842183532245,207.17043732826008,-150.0,0.0,0.0,357.17043732826005,357.17043732826005,0.0,1.0
6771,2019-10-10 03:00:00,10,2019-10-10 04:00:00,0.10531,0.10531,0.10531,0.0,0.5656984218353225,217.18509338736726,-0.0,0.0,0.0,217.18509338736726,217.18509338736726,0.0,1.0
6772,2019-10-10 04:00:00,10,2019-10-10 05:00:00,0.10531,0.10531,0.10531,0.0,0.5656984218353225,248.9524659215423,-0.0,0.0,0.0,248.9524659215423,248.9524659215423,0.0,1.0
6773,2019-10-10 05:00:00,10,2019-10-10 06:00:00,0.10531,0.10531,0.10531,0.0,0.5656984218353225,344.93117441291787,-29.65632531977667,0.0,0.0,374.58749973269454,374.58749973269454,0.0,1.0
6774,2019-10-10 06:00:00,10,2019-10-10 07:00:00,0.10531,0.10531,0.10531,0.0,0.6566444861493043,389.96026415924354,-0.0,15.372764426548997,0.0,374.58749973269454,374.58749973269454,0.0,0.0
6775,2019-10-10 07:00:00,10,2019-10-10 08:00:00,0.10531,0.10531,0.10531,0.0,0.6009460643139818,351.6846960787076,-0.0,0.0,0.0,351.6846960787076,351.6846960787076,0.0,1.0
6776,2019-10-10 08:00:00,10,2019-10-10 09:00:00,0.10531,0.10531,0.10531,0.0,0.6009460643139818,325.2717039479084,-0.0,0.0,0.0,325.2717039479084,325.2717039479084,0.0,0.0
6777,2019-10-10 09:00:00,10,2019-10-10 10:00:00,0.10531,0.10531,0.10531,0.0,0.6009460643139818,275.39011589727266,-0.0,0.0,0.0,275.39011589727266,275.39011589727266,0.0,1.0
6778,2019-10-10 10:00:00,10,2019-10-10 11:00:00,0.10531,0.10531,0.10531,0.0,0.6009460643139818,275.13971893686164,-0.0,0.0,0.0,275.13971893686164,275.13971893686164,0.0,1.0
6779,2019-10-10 11:00:00,10,2019-10-10 12:00:00,0.10531,0.10531,0.10531,0.0,0.6009460643139818,273.5931170532304,-0.0,0.0,0.0,273.5931170532304,273.5931170532304,0.0,1.0
6780,2019-10-10 12:00:00,10,2019-10-10 13:00:00,0.10531,0.10531,0.10531,0.0,0.6009460643139818,264.94232633715404,-49.84370794047929,0.0,0.0,314.78603427763335,314.78603427763335,0.0,1.0
6781,2019-10-10 13:00:00,10,2019-10-10 14:00:00,0.10531,0.10531,0.10531,0.0,0.7538001019981183,265.7996924420294,-0.0,0.0,0.0,265.7996924420294,265.7996924420294,0.0,1.0
6782,2019-10-10 14:00:00,10,2019-10-10 15:00:00,0.10531,0.10531,0.10531,0.0,0.7538001019981183,264.90486258782295,-0.0,0.0,0.0,264.90486258782295,264.90486258782295,0.0,1.0
6783,2019-10-10 15:00:00,10,2019-10-10 16:00:00,0.10531,0.10531,0.10531,0.0,0.7538001019981183,294.3049242972983,-80.28257543539621,0.0,0.0,374.58749973269454,374.58749973269454,0.0,1.0
6784,2019-10-10 16:00:00,10,2019-10-10 17:00:00,0.13592,0.13592,0.13592,0.0,1.0,336.2039002117885,-0.0,0.0,0.0,336.2039002117885,336.2039002117885,0.0,1.0
6785,2019-10-10 17:00:00,10,2019-10-10 18:00:00,0.13592,0.13592,0.13592,0.0,1.0,406.81954569926876,-0.0,32.23204596657422,0.0,374.58749973269454,374.58749973269454,0.0,0.0
6786,2019-10-10 18:00:00,10,2019-10-10 19:00:00,0.13592,0.13592,0.13592,0.0,0.8832172247587892,416.9366139754447,-0.0,119.63918162053228,0.0,297.2974323549124,297.2974323549124,0.0,0.0
6787,2019-10-10 19:00:00,10,2019-10-10 20:00:00,0.13592,0.13592,0.13592,0.0,0.44974192903222276,442.82206234548624,-0.0,68.2345626127917,0.0,374.58749973269454,374.58749973269454,0.0,0.0
6788,2019-10-10 20:00:00,10,2019-10-10 21:00:00,0.13592,0.13592,0.13592,0.0,0.20251525289891953,416.68170953279633,-0.0,42.094209800101794,0.0,374.58749973269454,374.58749973269454,0.0,0.0
6789,2019-10-10 21:00:00,10,2019-10-10 22:00:00,0.10531,0.10531,0.10531,0.0,0.05,350.88945311746824,-0.0,0.0,0.0,350.88945311746824,350.88945311746824,0.0,1.0
6790,2019-10-10 22:00:00,10,2019-10-10 23:00:00,0.10531,0.10531,0.10531,0.0,0.05,283.39507778461706,-33.01348546130724,0.0,0.0,316.4085632459243,316.4085632459243,0.0,1.0
6791,2019-10-10 23:00:00,10,2019-10-11 00:00:00,0.10531,0.10531,0.10531,0.0,0.15124135541467554,226.17899060722561,-0.0,0.0,0.0,226.17899060722561,226.17899060722561,0.0,1.0
6792,2019-10-11 00:00:00,10,2019-10-11 01:00:00,0.10531,0.10531,0.10531,0.0,0.15124135541467554,221.1200957815605,-0.0,0.0,0.0,221.1200957815605,221.1200957815605,0.0,1.0
6793,2019-10-11 01:00:00,10,2019-10-11 02:00:00,0.10531,0.10531,0.10531,0.0,0.15124135541467554,207.6264594304672,-0.0,0.0,0.0,207.6264594304672,207.6264594304672,0.0,1.0
6794,2019-10-11 02:00:00,10,2019-10-11 03:00:00,0.10531,0.10531,0.10531,0.0,0.15124135541467554,204.42545345283222,-0.0,0.0,0.0,204.42545345283222,204.42545345283222,0.0,1.0
6795,2019-10-11 03:00:00,10,2019-10-11 04:00:00,0.10531,0.10531,0.10531,0.0,0.15124135541467554,201.8517475399223,-0.0,0.0,0.0,201.8517475399223,201.8517475399223,0.0,1.0
6796,2019-10-11 04:00:00,10,2019-10-11 05:00:00,0.10531,0.10531,0.10531,0.0,0.15124135541467554,234.78163816590225,-104.51066575962895,0.0,0.0,339.2923039255312,339.2923039255312,0.0,1.0
6797,2019-10-11 05:00:00,10,2019-10-11 06:00:00,0.10531,0.10531,0.10531,0.0,0.471740730410871,356.6988953496094,-0.0,0.0,0.0,356.6988953496094,356.6988953496094,0.0,0.0
6798,2019-10-11 06:00:00,10,2019-10-11 07:00:00,0.10531,0.10531,0.10531,0.0,0.471740730410871,402.530113827145,-0.0,27.942614094450448,0.0,374.58749973269454,374.58749973269454,0.0,0.0
6799,2019-10-11 07:00:00,10,2019-10-11 08:00:00,0.10531,0.10531,0.10531,0.0,0.37049937499619545,361.832487418104,-0.0,0.0,0.0,361.832487418104,361.832487418104,0.0,1.0
6800,2019-10-11 08:00:00,10,2019-10-11 09:00:00,0.10531,0.10531,0.10531,0.0,0.37049937499619545,336.9687178957142,-0.0,0.0,0.0,336.9687178957142,336.9687178957142,0.0,0.0
6801,2019-10-11 09:00:00,10,2019-10-11 10:00:00,0.10531,0.10531,0.10531,0.0,0.37049937499619545,287.6275782415643,-0.0,0.0,0.0,287.6275782415643,287.6275782415643,0.0,1.0
6802,2019-10-11 10:00:00,10,2019-10-11 11:00:00,0.10531,0.10531,0.10531,0.0,0.37049937499619545,287.48766795959637,-0.0,0.0,0.0,287.48766795959637,287.48766795959637,0.0,0.0
6803,2019-10-11 11:00:00,10,2019-10-11 12:00:00,0.10531,0.10531,0.10531,0.0,0.37049937499619545,285.16149663708467,-0.0,0.0,0.0,285.16149663708467,285.16149663708467,0.0,1.0
6804,2019-10-11 12:00:00,10,2019-10-11 13:00:00,0.10531,0.10531,0.10531,0.0,0.37049937499619545,273.5410122508198,-101.04648748187475,0.0,0.0,374.58749973269454,374.58749973269454,0.0,1.0
6805,2019-10-11 13:00:00,10,2019-10-11 14:00:00,0.10531,0.10531,0.10531,0.0,0.6803752699406115,272.1101931062035,-1.4308191446162726,0.0,0.0,273.5410122508198,273.5410122508198,0.0,1.0
6806,2019-10-11 14:00:00,10,2019-10-11 15:00:00,0.10531,0.10531,0.10531,0.0,0.6847631153174347,271.7928634231624,-102.79463630953217,0.0,0.0,374.58749973269454,374.58749973269454,0.0,1.0
6807,2019-10-11 15:00:00,10,2019-10-11 16:00:00,0.10531,0.10531,0.10531,0.0,1.0,302.5247492865859,-0.0,0.0,0.0,302.5247492865859,302.5247492865859,0.0,0.0
6808,2019-10-11 16:00:00,10,2019-10-11 17:00:00,0.13592,0.13592,0.13592,0.0,1.0,342.12662267549064,-0.0,0.0,0.0,342.12662267549064,342.12662267549064,0.0,1.0
6809,2019-10-11 17:00:00,10,2019-10-11 18:00:00,0.13592,0.13592,0.13592,0.0,1.0,411.0578083572568,-0.0,36.47030862456228,0.0,374.58749973269454,374.58749973269454,0.0,0.0
6810,2019-10-11 18:00:00,10,2019-10-11 19:00:00,0.13592,0.13592,0.13592,0.0,0.867861200635644,422.6777413293797,-0.0,101.67788657532205,0.0,320.99985475405765,320.99985475405765,0.0,0.0
6811,2019-10-11 19:00:00,10,2019-10-11 20:00:00,0.13592,0.13592,0.13592,0.0,0.4994630608699844,449.2598865037589,-0.0,74.67238677106434,0.0,374.58749973269454,374.58749973269454,0.0,0.0
6812,2019-10-11 20:00:00,10,2019-10-11 21:00:00,0.13592,0.13592,0.13592,0.0,0.22891093488786718,423.9669177617459,-0.0,49.37941802905135,0.0,374.58749973269454,374.58749973269454,0.0,0.0
6813,2019-10-11 21:00:00,10,2019-10-11 22:00:00,0.10531,0.10531,0.10531,0.0,0.05,356.5275890095789,-18.059910723115653,0.0,0.0,374.58749973269454,374.58749973269454,0.0,1.0
6814,2019-10-11 22:00:00,10,2019-10-11 23:00:00,0.10531,0.10531,0.10531,0.0,0.10538372621755468,288.4615109322855,-14.74191048709583,0.0,0.0,303.2034214193813,303.2034214193813,0.0,1.0
6815,2019-10-11 23:00:00,10,2019-10-12 00:00:00,0.10531,0.10531,0.10531,0.0,0.1505922517113152,243.09796281346797,-0.0,0.0,0.0,243.09796281346797,243.09796281346797,0.0,1.0
6816,2019-10-12 00:00:00,10,2019-10-12 01:00:00,0.10531,0.10531,0.10531,0.0,0.1505922517113152,236.43694476962108,-4.499276876042714,0.0,0.0,240.93622164566378,240.93622164566378,0.0,1.0
6817,2019-10-12 01:00:00,10,2019-10-12 02:00:00,0.10531,0.10531,0.10531,0.0,0.16439003413117953,220.9806040961827,-0.0,0.0,0.0,220.9806040961827,220.9806040961827,0.0,1.0
6818,2019-10-12 02:00:00,10,2019-10-12 03:00:00,0.10531,0.10531,0.10531,0.0,0.16439003413117953,206.5137581383496,-0.0,0.0,0.0,206.5137581383496,206.5137581383496,0.0,1.0
6819,2019-10-12 03:00:00,10,2019-10-12 04:00:00,0.10531,0.10531,0.10531,0.0,0.16439003413117953,202.78919442192054,-0.0,0.0,0.0,202.78919442192054,202.78919442192054,0.0,1.0
6820,2019-10-12 04:00:00,10,2019-10-12 05:00:00,0.10531,0.10531,0.10531,0.0,0.16439003413117953,228.40399427596512,-0.0,0.0,0.0,228.40399427596512,228.40399427596512,0.0,0.0
6821,2019-10-12 05:00:00,10,2019-10-12 06:00:00,0.10531,0.10531,0.10531,0.0,0.16439003413117953,341.7875304092944,-32.79996932340015,0.0,0.0,374.58749973269454,374.58749973269454,0.0,1.0
6822,2019-10-12 06:00:00,10,2019-10-12 07:00:00,0.10531,0.10531,0.10531,0.0,0.26497660672294,402.35096120501754,-0.0,27.763461472323,0.0,374.58749973269454,374.58749973269454,0.0,0.0
6823,2019-10-12 07:00:00,10,2019-10-12 08:00:00,0.10531,0.10531,0.10531,0.0,0.1643843550116248,365.5662636218544,-0.0,0.0,0.0,365.5662636218544,365.5662636218544,0.0,0.0
6824,2019-10-12 08:00:00,10,2019-10-12 09:00:00,0.10531,0.10531,0.10531,0.0,0.1643843550116248,338.3011372188258,-0.0,0.0,0.0,338.3011372188258,338.3011372188258,0.0,0.0
6825,2019-10-12 09:00:00,10,2019-10-12 10:00:00,0.10531,0.10531,0.10531,0.0,0.1643843550116248,287.78747431014375,-86.80002542255079,0.0,0.0,374.58749973269454,374.58749973269454,0.0,1.0
6826,2019-10-12 10:00:00,10,2019-10-12 11:00:00,0.10531,0.10531,0.10531,0.0,0.4305710996407805,287.97342549626205,-86.61407423643249,0.0,0.0,374.58749973269454,374.58749973269454,0.0,1.0
6827,2019-10-12 11:00:00,10,2019-10-12 12:00:00,0.10531,0.10531,0.10531,0.0,0.6961875939658402,286.11311361337965,-0.0,0.0,0.0,286.11311361337965,286.11311361337965,0.0,0.0
6828,2019-10-12 12:00:00,10,2019-10-12 13:00:00,0.10531,0.10531,0.10531,0.0,0.6961875939658402,275.76263942934014,-30.861222120684687,0.0,0.0,306.6238615500248,306.6238615500248,0.0,1.0
6829,2019-10-12 13:00:00,10,2019-10-12 14:00:00,0.10531,0.10531,0.10531,0.0,0.7908286751359399,275.473532898538,-0.0,0.0,0.0,275.473532898538,275.473532898538,0.0,1.0
6830,2019-10-12 14:00:00,10,2019-10-12 15:00:00,0.10531,0.10531,0.10531,0.0,0.7908286751359399,275.51823689546853,-0.0,0.0,0.0,275.51823689546853,275.51823689546853,0.0,1.0
6831,2019-10-12 15:00:00,10,2019-10-12 16:00:00,0.10531,0.10531,0.10531,0.0,0.7908286751359399,306.3794590161532,-68.20804071654135,0.0,0.0,374.58749973269454,374.58749973269454,0.0,1.0
6832,2019-10-12 16:00:00,10,2019-10-12 17:00:00,0.13592,0.13592,0.13592,0.0,1.0,343.5025505742636,-0.0,0.0,0.0,343.5025505742636,343.5025505742636,0.0,1.0
6833,2019-10-12 17:00:00,10,2019-10-12 18:00:00,0.13592,0.13592,0.13592,0.0,1.0,413.2069178478075,-0.0,38.61941811511298,0.0,374.58749973269454,374.58749973269454,0.0,0.0
6834,2019-10-12 18:00:00,10,2019-10-12 19:00:00,0.13592,0.13592,0.13592,0.0,0.8600745720466921,423.5793466501807,-0.0,48.99184691748616,0.0,374.58749973269454,374.58749973269454,0.0,0.0
6835,2019-10-12 19:00:00,10,2019-10-12 20:00:00,0.13592,0.13592,0.13592,0.0,0.6825678803166698,449.0756841559261,-0.0,74.48818442323159,0.0,374.58749973269454,374.58749973269454,0.0,0.0
6836,2019-10-12 20:00:00,10,2019-10-12 21:00:00,0.13592,0.13592,0.13592,0.0,0.41268315414554085,423.2476531492308,-0.0,100.10055054416928,0.0,323.14710260506155,323.14710260506155,0.0,0.0
6837,2019-10-12 21:00:00,10,2019-10-12 22:00:00,0.10531,0.10531,0.10531,0.0,0.05,355.7203599173018,-0.0,0.0,0.0,355.7203599173018,355.7203599173018,0.0,1.0
6838,2019-10-12 22:00:00,10,2019-10-12 23:00:00,0.10531,0.10531,0.10531,0.0,0.05,287.70909365476035,-0.0,0.0,0.0,287.70909365476035,287.70909365476035,0.0,1.0
6839,2019-10-12 23:00:00,10,2019-10-13 00:00:00,0.10531,0.10531,0.10531,0.0,0.05,231.03578595601874,-0.0,0.0,0.0,231.03578595601874,231.03578595601874,0.0,1.0
6840,2019-10-13 00:00:00,10,2019-10-13 01:00:00,0.10531,0.10531,0.10531,0.0,0.05,221.85980890277872,-0.0,0.0,0.0,221.85980890277872,221.85980890277872,0.0,1.0
6841,2019-10-13 01:00:00,10,2019-10-13 02:00:00,0.10531,0.10531,0.10531,0.0,0.05,196.5249242645687,-0.0,0.0,0.0,196.5249242645687,196.5249242645687,0.0,1.0
6842,2019-10-13 02:00:00,10,2019-10-13 03:00:00,0.10531,0.10531,0.10531,0.0,0.05,189.43941433387562,-0.0,0.0,0.0,189.43941433387562,189.43941433387562,0.0,0.0
6843,2019-10-13 03:00:00,10,2019-10-13 04:00:00,0.10531,0.10531,0.10531,0.0,0.05,202.15975527803948,-0.0,0.0,0.0,202.15975527803948,202.15975527803948,0.0,1.0
6844,2019-10-13 04:00:00,10,2019-10-13 05:00:00,0.10531,0.10531,0.10531,0.0,0.05,240.45118073753613,-134.1363189951584,0.0,0.0,374.58749973269454,374.58749973269454,0.0,1.0
6845,2019-10-13 05:00:00,10,2019-10-13 06:00:00,0.10531,0.10531,0.10531,0.0,0.46135137825181916,342.0068093915491,-0.0,0.0,0.0,342.0068093915491,342.0068093915491,0.0,1.0
6846,2019-10-13 06:00:00,10,2019-10-13 07:00:00,0.10531,0.10531,0.10531,0.0,0.46135137825181916,408.36752376617466,-0.0,33.78002403348012,0.0,374.58749973269454,374.58749973269454,0.0,0.0
6847,2019-10-13 07:00:00,10,2019-10-13 08:00:00,0.10531,0.10531,0.10531,0.0,0.33895998682616657,367.6672472835008,-0.0,0.0,0.0,367.6672472835008,367.6672472835008,0.0,1.0
6848,2019-10-13 08:00:00,10,2019-10-13 09:00:00,0.10531,0.10531,0.10531,0.0,0.33895998682616657,337.8425127539436,-0.0,0.0,0.0,337.8425127539436,337.8425127539436,0.0,0.0
6849,2019-10-13 09:00:00,10,2019-10-13 10:00:00,0.10531,0.10531,0.10531,0.0,0.33895998682616657,287.3371235760307,-0.0,0.0,0.0,287.3371235760307,287.3371235760307,0.0,1.0
6850,2019-10-13 10:00:00,10,2019-10-13 11:00:00,0.10531,0.10531,0.10531,0.0,0.33895998682616657,287.0568216394033,-49.041718038798,0.0,0.0,336.0985396782013,336.0985396782013,0.0,1.0
6851,2019-10-13 11:00:00,10,2019-10-13 12:00:00,0.10531,0.10531,0.10531,0.0,0.48935458881181376,285.8211946028158,-0.0,0.0,0.0,285.8211946028158,285.8211946028158,0.0,1.0
6852,2019-10-13 12:00:00,10,2019-10-13 13:00:00,0.10531,0.10531,0.10531,0.0,0.48935458881181376,275.41782913949265,-99.16967059320189,0.0,0.0,374.58749973269454,374.58749973269454,0.0,1.0
6853,2019-10-13 13:00:00,10,2019-10-13 14:00:00,0.10531,0.10531,0.10531,0.0,0.7934749119642995,275.83623432436804,-0.0,0.0,0.0,275.83623432436804,275.83623432436804,0.0,0.0
6854,2019-10-13 14:00:00,10,2019-10-13 15:00:00,0.10531,0.10531,0.10531,0.0,0.7934749119642995,276.1516282718887,-67.3451374029458,0.0,0.0,343.4967656748345,343.4967656748345,0.0,1.0
6855,2019-10-13 15:00:00,10,2019-10-13 16:00:00,0.10531,0.10531,0.10531,0.0,1.0,306.82395714487336,-0.0,0.0,0.0,306.82395714487336,306.82395714487336,0.0,0.0
6856,2019-10-13 16:00:00,10,2019-10-13 17:00:00,0.13592,0.13592,0.13592,0.0,1.0,343.24681911469713,-0.0,0.0,0.0,343.24681911469713,343.24681911469713,0.0,1.0
6857,2019-10-13 17:00:00,10,2019-10-13 18:00:00,0.13592,0.13592,0.13592,0.0,1.0,412.1964883909835,-0.0,37.60898865828898,0.0,374.58749973269454,374.58749973269454,0.0,0.0
6858,2019-10-13 18:00:00,10,2019-10-13 19:00:00,0.13592,0.13592,0.13592,0.0,0.8637355483395326,422.1132611844119,-0.0,103.29148991545767,0.0,318.8217712689542,318.8217712689542,0.0,0.0
6859,2019-10-13 19:00:00,10,2019-10-13 20:00:00,0.13592,0.13592,0.13592,0.0,0.4894910196603382,446.8036609464537,-0.0,72.21616121375916,0.0,374.58749973269454,374.58749973269454,0.0,0.0
6860,2019-10-13 20:00:00,10,2019-10-13 21:00:00,0.13592,0.13592,0.13592,0.0,0.22783826163947174,423.67085994518874,-0.0,49.0833602124942,0.0,374.58749973269454,374.58749973269454,0.0,0.0
6861,2019-10-13 21:00:00,10,2019-10-13 22:00:00,0.10531,0.10531,0.10531,0.0,0.05,357.38815284242907,-0.0,0.0,0.0,357.38815284242907,357.38815284242907,0.0,1.0
6862,2019-10-13 22:00:00,10,2019-10-13 23:00:00,0.10531,0.10531,0.10531,0.0,0.05,287.2046225676541,-0.0,0.0,0.0,287.2046225676541,287.2046225676541,0.0,1.0
6863,2019-10-13 23:00:00,10,2019-10-14 00:00:00,0.10531,0.10531,0.10531,0.0,0.05,218.19743120363637,-0.0,0.0,0.0,218.19743120363637,218.19743120363637,0.0,1.0
6864,2019-10-14 00:00:00,10,2019-10-14 01:00:00,0.10531,0.10531,0.10531,0.0,0.05,213.28602906178259,-0.0,0.0,0.0,213.28602906178259,213.28602906178259,0.0,1.0
6865,2019-10-14 01:00:00,10,2019-10-14 02:00:00,0.10531,0.10531,0.10531,0.0,0.05,190.70529486549768,-0.0,0.0,0.0,190.70529486549768,190.70529486549768,0.0,1.0
6866,2019-10-14 02:00:00,10,2019-10-14 03:00:00,0.10531,0.10531,0.10531,0.0,0.05,195.73827965540852,-0.0,0.0,0.0,195.73827965540852,195.73827965540852,0.0,1.0
6867,2019-10-14 03:00:00,10,2019-10-14 04:00:00,0.10531,0.10531,0.10531,0.0,0.05,196.2356068871355,-150.0,0.0,0.0,346.23560688713553,346.23560688713553,0.0,1.0
6868,2019-10-14 04:00:00,10,2019-10-14 05:00:00,0.10531,0.10531,0.10531,0.0,0.51,211.5087719971781,-0.0,0.0,0.0,211.5087719971781,211.5087719971781,0.0,1.0
6869,2019-10-14 05:00:00,10,2019-10-14 06:00:00,0.10531,0.10531,0.10531,0.0,0.51,298.3004155747464,-0.0,0.0,0.0,298.3004155747464,298.3004155747464,0.0,1.0
6870,2019-10-14 06:00:00,10,2019-10-14 07:00:00,0.10531,0.10531,0.10531,0.0,0.51,363.0859257808007,-0.0,0.0,0.0,363.0859257808007,363.0859257808007,0.0,1.0
6871,2019-10-14 07:00:00,10,2019-10-14 08:00:00,0.10531,0.10531,0.10531,0.0,0.51,404.1103310127816,-0.0,29.522831280087075,0.0,374.58749973269454,374.58749973269454,0.0,0.0
6872,2019-10-14 08:00:00,10,2019-10-14 09:00:00,0.10531,0.10531,0.10531,0.0,0.4030332199996845,356.3105950049807,-10.220057215138782,0.0,0.0,366.53065222011946,366.53065222011946,0.0,1.0
6873,2019-10-14 09:00:00,10,2019-10-14 10:00:00,0.10531,0.10531,0.10531,0.0,0.43437472879277683,300.8117749394707,-0.0,0.0,0.0,300.8117749394707,300.8117749394707,0.0,1.0
6874,2019-10-14 10:00:00,10,2019-10-14 11:00:00,0.10531,0.10531,0.10531,0.0,0.43437472879277683,292.0553583746981,-0.0,0.0,0.0,292.0553583746981,292.0553583746981,0.0,1.0
6875,2019-10-14 11:00:00,10,2019-10-14 12:00:00,0.10531,0.10531,0.10531,0.0,0.43437472879277683,291.50303210201463,-0.0,0.0,0.0,291.50303210201463,291.50303210201463,0.0,1.0
6876,2019-10-14 12:00:00,10,2019-10-14 13:00:00,0.10531,0.10531,0.10531,0.0,0.43437472879277683,282.8129240687479,-31.65251296250059,0.0,0.0,314.4654370312485,314.4654370312485,0.0,1.0
6877,2019-10-14 13:00:00,10,2019-10-14 14:00:00,0.10531,0.10531,0.10531,0.0,0.531442435211112,282.4395499709411,0.0,0.0,0.0,282.4395499709411,282.4395499709411,0.0,0.0
6878,2019-10-14 14:00:00,10,2019-10-14 15:00:00,0.10531,0.10531,0.10531,0.0,0.531442435211112,282.2924262747013,-92.29507345799323,0.0,0.0,374.58749973269454,374.58749973269454,0.0,1.0
6879,2019-10-14 15:00:00,10,2019-10-14 16:00:00,0.10531,0.10531,0.10531,0.0,0.8144806604822912,314.0920629334417,-60.49543679925284,0.0,0.0,374.58749973269454,374.58749973269454,0.0,1.0
6880,2019-10-14 16:00:00,10,2019-10-14 17:00:00,0.13592,0.13592,0.13592,0.0,1.0,342.9850955282646,-0.0,0.0,0.0,342.9850955282646,342.9850955282646,0.0,1.0
6881,2019-10-14 17:00:00,10,2019-10-14 18:00:00,0.13592,0.13592,0.13592,0.0,1.0,427.86097722808654,-0.0,111.3877154286247,0.0,316.47326179946185,316.47326179946185,0.0,0.0
6882,2019-10-14 18:00:00,10,2019-10-14 19:00:00,0.13592,0.13592,0.13592,0.0,0.59642132091078,421.2839832017221,-0.0,46.696483469027555,0.0,374.58749973269454,374.58749973269454,0.0,0.0
6883,2019-10-14 19:00:00,10,2019-10-14 20:00:00,0.13592,0.13592,0.13592,0.0,0.4272311634143034,431.94997446024297,-0.0,57.36247472754843,0.0,374.58749973269454,374.58749973269454,0.0,0.0
6884,2019-10-14 20:00:00,10,2019-10-14 21:00:00,0.13592,0.13592,0.13592,0.0,0.21939611005362072,421.34082610749385,-0.0,46.753326374799315,0.0,374.58749973269454,374.58749973269454,0.0,0.0
6885,2019-10-14 21:00:00,10,2019-10-14 22:00:00,0.10531,0.10531,0.10531,0.0,0.05,366.73621110731693,-0.0,0.0,0.0,366.73621110731693,366.73621110731693,0.0,0.0
6886,2019-10-14 22:00:00,10,2019-10-14 23:00:00,0.10531,0.10531,0.10531,0.0,0.05,292.5241120061744,-0.0,0.0,0.0,292.5241120061744,292.5241120061744,0.0,1.0
6887,2019-10-14 23:00:00,10,2019-10-15 00:00:00,0.10531,0.10531,0.10531,0.0,0.05,210.79374810375296,-0.0,0.0,0.0,210.79374810375296,210.79374810375296,0.0,1.0
6888,2019-10-15 00:00:00,10,2019-10-15 01:00:00,0.10531,0.10531,0.10531,0.0,0.05,217.81243588812256,-0.0,0.0,0.0,217.81243588812256,217.81243588812256,0.0,1.0
6889,2019-10-15 01:00:00,10,2019-10-15 02:00:00,0.10531,0.10531,0.10531,0.0,0.05,193.9096593624838,-0.0,0.0,0.0,193.9096593624838,193.9096593624838,0.0,1.0
6890,2019-10-15 02:00:00,10,2019-10-15 03:00:00,0.10531,0.10531,0.10531,0.0,0.05,184.62612826849528,-150.0,0.0,0.0,334.6261282684953,334.6261282684953,0.0,1.0
6891,2019-10-15 03:00:00,10,2019-10-15 04:00:00,0.10531,0.10531,0.10531,0.0,0.51,212.14742475849957,-0.0,0.0,0.0,212.14742475849957,212.14742475849957,0.0,0.0
6892,2019-10-15 04:00:00,10,2019-10-15 05:00:00,0.10531,0.10531,0.10531,0.0,0.51,176.90822324401424,-150.0,0.0,0.0,326.90822324401427,326.90822324401427,0.0,1.0
6893,2019-10-15 05:00:00,10,2019-10-15 06:00:00,0.10531,0.10531,0.10531,0.0,0.97,307.7114904042943,-0.0,0.0,0.0,307.7114904042943,307.7114904042943,0.0,1.0
6894,2019-10-15 06:00:00,10,2019-10-15 07:00:00,0.10531,0.10531,0.10531,0.0,0.97,370.8576898610029,-0.0,0.0,0.0,370.8576898610029,370.8576898610029,0.0,0.0
6895,2019-10-15 07:00:00,10,2019-10-15 08:00:00,0.10531,0.10531,0.10531,0.0,0.97,401.9044642357059,-0.0,27.316964503011377,0.0,374.58749973269454,374.58749973269454,0.0,0.0
6896,2019-10-15 08:00:00,10,2019-10-15 09:00:00,0.10531,0.10531,0.10531,0.0,0.8710254909311183,346.1813619123169,-0.0,0.0,0.0,346.1813619123169,346.1813619123169,0.0,1.0
6897,2019-10-15 09:00:00,10,2019-10-15 10:00:00,0.10531,0.10531,0.10531,0.0,0.8710254909311183,301.33480673694885,-42.056905131157095,0.0,0.0,343.391711868106,343.391711868106,0.0,1.0
6898,2019-10-15 10:00:00,10,2019-10-15 11:00:00,0.10531,0.10531,0.10531,0.0,1.0,298.7626430933348,-0.0,0.0,0.0,298.7626430933348,298.7626430933348,0.0,0.0
6899,2019-10-15 11:00:00,10,2019-10-15 12:00:00,0.10531,0.10531,0.10531,0.0,1.0,298.4550928698358,-0.0,0.0,0.0,298.4550928698358,298.4550928698358,0.0,1.0
6900,2019-10-15 12:00:00,10,2019-10-15 13:00:00,0.10531,0.10531,0.10531,0.0,1.0,278.08765620478596,-0.0,0.0,0.0,278.08765620478596,278.08765620478596,0.0,1.0
6901,2019-10-15 13:00:00,10,2019-10-15 14:00:00,0.10531,0.10531,0.10531,0.0,1.0,277.78426906253276,-0.0,0.0,0.0,277.78426906253276,277.78426906253276,0.0,1.0
6902,2019-10-15 14:00:00,10,2019-10-15 15:00:00,0.10531,0.10531,0.10531,0.0,1.0,278.00866064310566,-0.0,0.0,0.0,278.00866064310566,278.00866064310566,0.0,1.0
6903,2019-10-15 15:00:00,10,2019-10-15 16:00:00,0.10531,0.10531,0.10531,0.0,1.0,308.48144612200485,-0.0,0.0,0.0,308.48144612200485,308.48144612200485,0.0,1.0
6904,2019-10-15 16:00:00,10,2019-10-15 17:00:00,0.13592,0.13592,0.13592,0.0,1.0,337.0293251177108,-0.0,0.0,0.0,337.0293251177108,337.0293251177108,0.0,1.0
6905,2019-10-15 17:00:00,10,2019-10-15 18:00:00,0.13592,0.13592,0.13592,0.0,1.0,417.32170136506454,-0.0,42.73420163237,0.0,374.58749973269454,374.58749973269454,0.0,0.0
6906,2019-10-15 18:00:00,10,2019-10-15 19:00:00,0.13592,0.13592,0.13592,0.0,0.8451659361146014,420.024377984721,-0.0,45.436878252026474,0.0,374.58749973269454,374.58749973269454,0.0,0.0
6907,2019-10-15 19:00:00,10,2019-10-15 20:00:00,0.13592,0.13592,0.13592,0.0,0.6805395656362446,439.82566725614714,-0.0,65.2381675234526,0.0,374.58749973269454,374.58749973269454,0.0,0.0
6908,2019-10-15 20:00:00,10,2019-10-15 21:00:00,0.13592,0.13592,0.13592,0.0,0.4441693934498222,410.38317907213894,-0.0,108.79075259215094,0.0,301.59242647998803,301.59242647998803,0.0,0.0
6909,2019-10-15 21:00:00,10,2019-10-15 22:00:00,0.10531,0.10531,0.10531,0.0,0.05,355.67208358639897,-18.915416146295573,0.0,0.0,374.58749973269454,374.58749973269454,0.0,1.0
6910,2019-10-15 22:00:00,10,2019-10-15 23:00:00,0.10531,0.10531,0.10531,0.0,0.10800727618197309,274.9558348758597,-0.0,0.0,0.0,274.9558348758597,274.9558348758597,0.0,0.0
6911,2019-10-15 23:00:00,10,2019-10-16 00:00:00,0.10531,0.10531,0.10531,0.0,0.10800727618197309,210.76564809507883,-15.037393294661676,0.0,0.0,225.8030413897405,225.8030413897405,0.0,1.0
6912,2019-10-16 00:00:00,10,2019-10-16 01:00:00,0.10531,0.10531,0.10531,0.0,0.15412194895226888,167.71811270134123,-0.0,0.0,0.0,167.71811270134123,167.71811270134123,0.0,1.0
6913,2019-10-16 01:00:00,10,2019-10-16 02:00:00,0.10531,0.10531,0.10531,0.0,0.15412194895226888,194.1856387558582,-124.14772176088057,0.0,0.0,318.33336051673876,318.33336051673876,0.0,1.0
6914,2019-10-16 02:00:00,10,2019-10-16 03:00:00,0.10531,0.10531,0.10531,0.0,0.5348416290189694,180.27805189266022,-0.0,0.0,0.0,180.27805189266022,180.27805189266022,0.0,0.0
6915,2019-10-16 03:00:00,10,2019-10-16 04:00:00,0.10531,0.10531,0.10531,0.0,0.5348416290189694,167.07995908848062,-0.0,0.0,0.0,167.07995908848062,167.07995908848062,0.0,0.0
6916,2019-10-16 04:00:00,10,2019-10-16 05:00:00,0.10531,0.10531,0.10531,0.0,0.5348416290189694,210.1565953645692,-0.0,0.0,0.0,210.1565953645692,210.1565953645692,0.0,1.0
6917,2019-10-16 05:00:00,10,2019-10-16 06:00:00,0.10531,0.10531,0.10531,0.0,0.5348416290189694,341.9750926504708,-0.0,0.0,0.0,341.9750926504708,341.9750926504708,0.0,0.0
6918,2019-10-16 06:00:00,10,2019-10-16 07:00:00,0.10531,0.10531,0.10531,0.0,0.5348416290189694,403.32515764352075,-0.0,28.737657910826215,0.0,374.58749973269454,374.58749973269454,0.0,0.0
6919,2019-10-16 07:00:00,10,2019-10-16 08:00:00,0.10531,0.10531,0.10531,0.0,0.4307196800667004,364.6607255929071,-0.0,0.0,0.0,364.6607255929071,364.6607255929071,0.0,0.0
6920,2019-10-16 08:00:00,10,2019-10-16 09:00:00,0.10531,0.10531,0.10531,0.0,0.4307196800667004,336.6000164228432,-0.0,0.0,0.0,336.6000164228432,336.6000164228432,0.0,1.0
6921,2019-10-16 09:00:00,10,2019-10-16 10:00:00,0.10531,0.10531,0.10531,0.0,0.4307196800667004,286.4797028725927,-0.0,0.0,0.0,286.4797028725927,286.4797028725927,0.0,1.0
6922,2019-10-16 10:00:00,10,2019-10-16 11:00:00,0.10531,0.10531,0.10531,0.0,0.4307196800667004,287.3397189369476,-87.24778079574696,0.0,0.0,374.58749973269454,374.58749973269454,0.0,1.0
6923,2019-10-16 11:00:00,10,2019-10-16 12:00:00,0.10531,0.10531,0.10531,0.0,0.6982795411736578,286.6218009730934,-0.0,0.0,0.0,286.6218009730934,286.6218009730934,0.0,1.0
6924,2019-10-16 12:00:00,10,2019-10-16 13:00:00,0.10531,0.10531,0.10531,0.0,0.6982795411736578,276.336837318338,-98.25066241435655,0.0,0.0,374.58749973269454,374.58749973269454,0.0,1.0
6925,2019-10-16 13:00:00,10,2019-10-16 14:00:00,0.10531,0.10531,0.10531,0.0,0.9995815725776844,276.05526134087734,-0.0,0.0,0.0,276.05526134087734,276.05526134087734,0.0,1.0
6926,2019-10-16 14:00:00,10,2019-10-16 15:00:00,0.10531,0.10531,0.10531,0.0,0.9995815725776844,276.2003935936699,-0.1364437246681034,0.0,0.0,276.336837318338,276.336837318338,0.0,1.0
6927,2019-10-16 15:00:00,10,2019-10-16 16:00:00,0.10531,0.10531,0.10531,0.0,1.0,307.5357738283221,-0.0,0.0,0.0,307.5357738283221,307.5357738283221,0.0,1.0
6928,2019-10-16 16:00:00,10,2019-10-16 17:00:00,0.13592,0.13592,0.13592,0.0,1.0,343.6666002535025,-0.0,50.66421040863714,0.0,293.0023898448654,293.0023898448654,0.0,0.0
6929,2019-10-16 17:00:00,10,2019-10-16 18:00:00,0.13592,0.13592,0.13592,0.0,0.816434020258561,415.57386384012165,-0.0,40.98636410742711,0.0,374.58749973269454,374.58749973269454,0.0,0.0
6930,2019-10-16 18:00:00,10,2019-10-16 19:00:00,0.13592,0.13592,0.13592,0.0,0.6679327010287527,422.98391784569645,-0.0,48.396418113001914,0.0,374.58749973269454,374.58749973269454,0.0,0.0
6931,2019-10-16 19:00:00,10,2019-10-16 20:00:00,0.13592,0.13592,0.13592,0.0,0.49258336003961534,448.7019240201718,-0.0,74.11442428747728,0.0,374.58749973269454,374.58749973269454,0.0,0.0
6932,2019-10-16 20:00:00,10,2019-10-16 21:00:00,0.13592,0.13592,0.13592,0.0,0.22405283725890057,422.6260828161511,-0.0,48.03858308345656,0.0,374.58749973269454,374.58749973269454,0.0,0.0
6933,2019-10-16 21:00:00,10,2019-10-16 22:00:00,0.10531,0.10531,0.10531,0.0,0.05,355.5048784616271,-0.0,0.0,0.0,355.5048784616271,355.5048784616271,0.0,1.0
6934,2019-10-16 22:00:00,10,2019-10-16 23:00:00,0.10531,0.10531,0.10531,0.0,0.05,261.0914060012516,-0.0,0.0,0.0,261.0914060012516,261.0914060012516,0.0,1.0
6935,2019-10-16 23:00:00,10,2019-10-17 00:00:00,0.10531,0.10531,0.10531,0.0,0.05,199.59552492844134,-0.0,0.0,0.0,199.59552492844134,199.59552492844134,0.0,1.0
6936,2019-10-17 00:00:00,10,2019-10-17 01:00:00,0.10531,0.10531,0.10531,0.0,0.05,179.3639799709799,-0.0,0.0,0.0,179.3639799709799,179.3639799709799,0.0,1.0
6937,2019-10-17 01:00:00,10,2019-10-17 02:00:00,0.10531,0.10531,0.10531,0.0,0.05,170.2407202987544,-0.0,0.0,0.0,170.2407202987544,170.2407202987544,0.0,1.0
6938,2019-10-17 02:00:00,10,2019-10-17 03:00:00,0.10531,0.10531,0.10531,0.0,0.05,163.46005834979582,-0.0,0.0,0.0,163.46005834979582,163.46005834979582,0.0,1.0
6939,2019-10-17 03:00:00,10,2019-10-17 04:00:00,0.10531,0.10531,0.10531,0.0,0.05,173.66614096681164,-38.6598410571038,0.0,0.0,212.32598202391543,212.32598202391543,0.0,1.0
6940,2019-10-17 04:00:00,10,2019-10-17 05:00:00,0.10531,0.10531,0.10531,0.0,0.16855684590845166,205.48175818751238,-0.0,0.0,0.0,205.48175818751238,205.48175818751238,0.0,1.0
6941,2019-10-17 05:00:00,10,2019-10-17 06:00:00,0.10531,0.10531,0.10531,0.0,0.16855684590845166,335.42362804524026,-0.0,0.0,0.0,335.42362804524026,335.42362804524026,0.0,0.0
6942,2019-10-17 06:00:00,10,2019-10-17 07:00:00,0.10531,0.10531,0.10531,0.0,0.16855684590845166,407.3091892034272,-0.0,32.721689470732656,0.0,374.58749973269454,374.58749973269454,0.0,0.0
6943,2019-10-17 07:00:00,10,2019-10-17 08:00:00,0.10531,0.10531,0.10531,0.0,0.05,361.8363231912823,-0.0,0.0,0.0,361.8363231912823,361.8363231912823,0.0,1.0
6944,2019-10-17 08:00:00,10,2019-10-17 09:00:00,0.10531,0.10531,0.10531,0.0,0.05,335.38030475725014,-39.207194975444395,0.0,0.0,374.58749973269454,374.58749973269454,0.0,1.0
6945,2019-10-17 09:00:00,10,2019-10-17 10:00:00,0.10531,0.10531,0.10531,0.0,0.17023539792469616,286.9509906808062,-0.0,0.0,0.0,286.9509906808062,286.9509906808062,0.0,1.0
6946,2019-10-17 10:00:00,10,2019-10-17 11:00:00,0.10531,0.10531,0.10531,0.0,0.17023539792469616,287.93801743490815,-86.64948229778639,0.0,0.0,374.58749973269454,374.58749973269454,0.0,1.0
6947,2019-10-17 11:00:00,10,2019-10-17 12:00:00,0.10531,0.10531,0.10531,0.0,0.4359604769712411,287.00895019110897,-0.0,0.0,0.0,287.00895019110897,287.00895019110897,0.0,1.0
6948,2019-10-17 12:00:00,10,2019-10-17 13:00:00,0.10531,0.10531,0.10531,0.0,0.4359604769712411,276.55128348099186,-98.03621625170268,0.0,0.0,374.58749973269454,374.58749973269454,0.0,1.0
6949,2019-10-17 13:00:00,10,2019-10-17 14:00:00,0.10531,0.10531,0.10531,0.0,0.7366048734764626,276.44333043134935,0.0,0.0,0.0,276.44333043134935,276.44333043134935,0.0,0.0
6950,2019-10-17 14:00:00,10,2019-10-17 15:00:00,0.10531,0.10531,0.10531,0.0,0.7366048734764626,276.5499965958187,-18.987412897459237,0.0,0.0,295.53740949327795,295.53740949327795,0.0,1.0
6951,2019-10-17 15:00:00,10,2019-10-17 16:00:00,0.10531,0.10531,0.10531,0.0,0.7948329396953376,307.6851974594351,-66.90230227325947,0.0,0.0,374.58749973269454,374.58749973269454,0.0,1.0
6952,2019-10-17 16:00:00,10,2019-10-17 17:00:00,0.13592,0.13592,0.13592,0.0,1.0,344.0249945550989,-0.0,0.0,0.0,344.0249945550989,344.0249945550989,0.0,1.0
6953,2019-10-17 17:00:00,10,2019-10-17 18:00:00,0.13592,0.13592,0.13592,0.0,1.0,415.88014404306466,-0.0,97.67116613088868,0.0,318.208977912176,318.208977912176,0.0,0.0
6954,2019-10-17 18:00:00,10,2019-10-17 19:00:00,0.13592,0.13592,0.13592,0.0,0.6461189632938816,417.93693078886923,-0.0,43.349431056174694,0.0,374.58749973269454,374.58749973269454,0.0,0.0
6955,2019-10-17 19:00:00,10,2019-10-17 20:00:00,0.13592,0.13592,0.13592,0.0,0.48905580729324866,448.28749782229335,-0.0,73.69999808959881,0.0,374.58749973269454,374.58749973269454,0.0,0.0
6956,2019-10-17 20:00:00,10,2019-10-17 21:00:00,0.13592,0.13592,0.13592,0.0,0.22202682870774576,422.0669044560324,-0.0,47.47940472333784,0.0,374.58749973269454,374.58749973269454,0.0,0.0
6957,2019-10-17 21:00:00,10,2019-10-17 22:00:00,0.10531,0.10531,0.10531,0.0,0.05,355.4985318737362,-0.0,0.0,0.0,355.4985318737362,355.4985318737362,0.0,0.0
6958,2019-10-17 22:00:00,10,2019-10-17 23:00:00,0.10531,0.10531,0.10531,0.0,0.05,262.08385099333674,-0.0,0.0,0.0,262.08385099333674,262.08385099333674,0.0,0.0
6959,2019-10-17 23:00:00,10,2019-10-18 00:00:00,0.10531,0.10531,0.10531,0.0,0.05,204.66259440693574,-0.0,0.0,0.0,204.66259440693574,204.66259440693574,0.0,1.0
6960,2019-10-18 00:00:00,10,2019-10-18 01:00:00,0.10531,0.10531,0.10531,0.0,0.05,186.7431895827338,-0.0,0.0,0.0,186.7431895827338,186.7431895827338,0.0,1.0
6961,2019-10-18 01:00:00,10,2019-10-18 02:00:00,0.10531,0.10531,0.10531,0.0,0.05,169.82121800260802,-0.0,0.0,0.0,169.82121800260802,169.82121800260802,0.0,1.0
6962,2019-10-18 02:00:00,10,2019-10-18 03:00:00,0.10531,0.10531,0.10531,0.0,0.05,169.47653005828886,-0.0,0.0,0.0,169.47653005828886,169.47653005828886,0.0,1.0
6963,2019-10-18 03:00:00,10,2019-10-18 04:00:00,0.10531,0.10531,0.10531,0.0,0.05,170.87339072861457,-0.0,0.0,0.0,170.87339072861457,170.87339072861457,0.0,1.0
6964,2019-10-18 04:00:00,10,2019-10-18 05:00:00,0.10531,0.10531,0.10531,0.0,0.05,206.3659183968844,-38.899141246327446,0.0,0.0,245.26505964321186,245.26505964321186,0.0,1.0
6965,2019-10-18 05:00:00,10,2019-10-18 06:00:00,0.10531,0.10531,0.10531,0.0,0.16929069982207084,340.9539181743198,-0.0,0.0,0.0,340.9539181743198,340.9539181743198,0.0,0.0
6966,2019-10-18 06:00:00,10,2019-10-18 07:00:00,0.10531,0.10531,0.10531,0.0,0.16929069982207084,407.5117328835861,-0.0,32.92423315089155,0.0,374.58749973269454,374.58749973269454,0.0,0.0
6967,2019-10-18 07:00:00,10,2019-10-18 08:00:00,0.10531,0.10531,0.10531,0.0,0.05,360.71945177153714,-0.0,0.0,0.0,360.71945177153714,360.71945177153714,0.0,1.0
6968,2019-10-18 08:00:00,10,2019-10-18 09:00:00,0.10531,0.10531,0.10531,0.0,0.05,335.6148537812673,-0.0,0.0,0.0,335.6148537812673,335.6148537812673,0.0,1.0
6969,2019-10-18 09:00:00,10,2019-10-18 10:00:00,0.10531,0.10531,0.10531,0.0,0.05,287.2481615444576,-87.33933818823692,0.0,0.0,374.58749973269454,374.58749973269454,0.0,1.0
6970,2019-10-18 10:00:00,10,2019-10-18 11:00:00,0.10531,0.10531,0.10531,0.0,0.31784063711059324,288.7169698079159,-85.87052992477862,0.0,0.0,374.58749973269454,374.58749973269454,0.0,1.0
6971,2019-10-18 11:00:00,10,2019-10-18 12:00:00,0.10531,0.10531,0.10531,0.0,0.5811769288799143,287.28463609178436,-0.0,0.0,0.0,287.28463609178436,287.28463609178436,0.0,0.0
6972,2019-10-18 12:00:00,10,2019-10-18 13:00:00,0.10531,0.10531,0.10531,0.0,0.5811769288799143,276.8744234672665,-0.0,0.0,0.0,276.8744234672665,276.8744234672665,0.0,1.0
6973,2019-10-18 13:00:00,10,2019-10-18 14:00:00,0.10531,0.10531,0.10531,0.0,0.5811769288799143,276.6533106231531,-97.93418910954142,0.0,0.0,374.58749973269454,374.58749973269454,0.0,1.0
6974,2019-10-18 14:00:00,10,2019-10-18 15:00:00,0.10531,0.10531,0.10531,0.0,0.8815084421491747,276.81408495317703,-38.638551473095205,0.0,0.0,315.45263642627225,315.45263642627225,0.0,1.0
6975,2019-10-18 15:00:00,10,2019-10-18 16:00:00,0.10531,0.10531,0.10531,0.0,1.0,307.76091867541305,-0.0,0.0,0.0,307.76091867541305,307.76091867541305,0.0,1.0
6976,2019-10-18 16:00:00,10,2019-10-18 17:00:00,0.13592,0.13592,0.13592,0.0,1.0,343.9834697631875,-0.0,0.0,0.0,343.9834697631875,343.9834697631875,0.0,1.0
6977,2019-10-18 17:00:00,10,2019-10-18 18:00:00,0.13592,0.13592,0.13592,0.0,1.0,415.32259322591494,-0.0,40.735093493220404,0.0,374.58749973269454,374.58749973269454,0.0,0.0
6978,2019-10-18 18:00:00,10,2019-10-18 19:00:00,0.13592,0.13592,0.13592,0.0,0.8524090815463029,423.11898295458354,-0.0,48.531483221889005,0.0,374.58749973269454,374.58749973269454,0.0,0.0
6979,2019-10-18 19:00:00,10,2019-10-18 20:00:00,0.13592,0.13592,0.13592,0.0,0.676570374220618,444.30871587080225,-0.0,69.7212161381077,0.0,374.58749973269454,374.58749973269454,0.0,0.0
6980,2019-10-18 20:00:00,10,2019-10-18 21:00:00,0.13592,0.13592,0.13592,0.0,0.4239572722709525,423.2301003848616,-0.0,103.2122071467829,0.0,320.0178932380787,320.0178932380787,0.0,0.0
6981,2019-10-18 21:00:00,10,2019-10-18 22:00:00,0.10531,0.10531,0.10531,0.0,0.05,355.7373299168377,-18.850169815856816,0.0,0.0,374.58749973269454,374.58749973269454,0.0,1.0
6982,2019-10-18 22:00:00,10,2019-10-18 23:00:00,0.10531,0.10531,0.10531,0.0,0.10780718743529424,263.01969316409594,-0.0,0.0,0.0,263.01969316409594,263.01969316409594,0.0,1.0
6983,2019-10-18 23:00:00,10,2019-10-19 00:00:00,0.10531,0.10531,0.10531,0.0,0.10780718743529424,206.149813500385,-0.0,0.0,0.0,206.149813500385,206.149813500385,0.0,1.0
6984,2019-10-19 00:00:00,10,2019-10-19 01:00:00,0.10531,0.10531,0.10531,0.0,0.10780718743529424,190.05319804353263,-0.0,0.0,0.0,190.05319804353263,190.05319804353263,0.0,1.0
6985,2019-10-19 01:00:00,10,2019-10-19 02:00:00,0.10531,0.10531,0.10531,0.0,0.10780718743529424,173.16636513712157,-0.0,0.0,0.0,173.16636513712157,173.16636513712157,0.0,1.0
6986,2019-10-19 02:00:00,10,2019-10-19 03:00:00,0.10531,0.10531,0.10531,0.0,0.10780718743529424,172.0688920733914,-0.0,0.0,0.0,172.0688920733914,172.0688920733914,0.0,1.0
6987,2019-10-19 03:00:00,10,2019-10-19 04:00:00,0.10531,0.10531,0.10531,0.0,0.10780718743529424,176.90440079046937,-0.0,0.0,0.0,176.90440079046937,176.90440079046937,0.0,1.0
6988,2019-10-19 04:00:00,10,2019-10-19 05:00:00,0.10531,0.10531,0.10531,0.0,0.10780718743529424,214.60357371156817,-19.626688549900653,0.0,0.0,234.23026226146882,234.23026226146882,0.0,1.0
6989,2019-10-19 05:00:00,10,2019-10-19 06:00:00,0.10531,0.10531,0.10531,0.0,0.16799569898832292,345.0276180861878,-0.0,0.0,0.0,345.0276180861878,345.0276180861878,0.0,1.0
6990,2019-10-19 06:00:00,10,2019-10-19 07:00:00,0.10531,0.10531,0.10531,0.0,0.16799569898832292,407.15431265347166,-0.0,32.566812920777124,0.0,374.58749973269454,374.58749973269454,0.0,0.0
6991,2019-10-19 07:00:00,10,2019-10-19 08:00:00,0.10531,0.10531,0.10531,0.0,0.05,361.33181341341714,-0.0,0.0,0.0,361.33181341341714,361.33181341341714,0.0,0.0
6992,2019-10-19 08:00:00,10,2019-10-19 09:00:00,0.10531,0.10531,0.10531,0.0,0.05,335.06294631895224,-0.0,0.0,0.0,335.06294631895224,335.06294631895224,0.0,0.0
6993,2019-10-19 09:00:00,10,2019-10-19 10:00:00,0.10531,0.10531,0.10531,0.0,0.05,287.17052004311114,-26.465556340078507,0.0,0.0,313.6360763831897,313.6360763831897,0.0,1.0
6994,2019-10-19 10:00:00,10,2019-10-19 11:00:00,0.10531,0.10531,0.10531,0.0,0.1311610394429074,288.60845437605946,-0.0,0.0,0.0,288.60845437605946,288.60845437605946,0.0,0.0
6995,2019-10-19 11:00:00,10,2019-10-19 12:00:00,0.10531,0.10531,0.10531,0.0,0.1311610394429074,287.1208146167291,-87.46668511596545,0.0,0.0,374.58749973269454,374.58749973269454,0.0,1.0
6996,2019-10-19 12:00:00,10,2019-10-19 13:00:00,0.10531,0.10531,0.10531,0.0,0.3993922071318681,276.7187099389469,-97.86878979374762,0.0,0.0,374.58749973269454,374.58749973269454,0.0,1.0
6997,2019-10-19 13:00:00,10,2019-10-19 14:00:00,0.10531,0.10531,0.10531,0.0,0.6995231624993609,276.49710107106404,-0.0,0.0,0.0,276.49710107106404,276.49710107106404,0.0,0.0
6998,2019-10-19 14:00:00,10,2019-10-19 15:00:00,0.10531,0.10531,0.10531,0.0,0.6995231624993609,276.82753115471684,-97.7599685779777,0.0,0.0,374.58749973269454,374.58749973269454,0.0,1.0
6999,2019-10-19 15:00:00,10,2019-10-19 16:00:00,0.10531,0.10531,0.10531,0.0,0.9993203994718258,307.9626595765469,-0.22160886788288073,0.0,0.0,308.1842684444298,308.1842684444298,0.0,1.0
7000,2019-10-19 16:00:00,10,2019-10-19 17:00:00,0.13592,0.13592,0.13592,0.0,1.0,343.9878468271712,-0.0,0.0,0.0,343.9878468271712,343.9878468271712,0.0,1.0
7001,2019-10-19 17:00:00,10,2019-10-19 18:00:00,0.13592,0.13592,0.13592,0.0,1.0,415.634893888613,-0.0,41.04739415591848,0.0,374.58749973269454,374.58749973269454,0.0,0.0
7002,2019-10-19 18:00:00,10,2019-10-19 19:00:00,0.13592,0.13592,0.13592,0.0,0.8512775574060925,423.36630476604375,-0.0,96.91550501880587,0.0,326.45079974723785,326.45079974723785,0.0,0.0
7003,2019-10-19 19:00:00,10,2019-10-19 20:00:00,0.13592,0.13592,0.13592,0.0,0.5001344232799843,449.27762059156095,-0.0,74.69012085886641,0.0,374.58749973269454,374.58749973269454,0.0,0.0
7004,2019-10-19 20:00:00,10,2019-10-19 21:00:00,0.13592,0.13592,0.13592,0.0,0.2295180433565553,424.1344796991038,-0.0,49.54697996640925,0.0,374.58749973269454,374.58749973269454,0.0,0.0
7005,2019-10-19 21:00:00,10,2019-10-19 22:00:00,0.10531,0.10531,0.10531,0.0,0.05,355.3605711502352,-19.226928582459323,0.0,0.0,374.58749973269454,374.58749973269454,0.0,1.0
7006,2019-10-19 22:00:00,10,2019-10-19 23:00:00,0.10531,0.10531,0.10531,0.0,0.10896258098620858,286.35744773715766,-20.46887232582977,0.0,0.0,306.8263200629874,306.8263200629874,0.0,1.0
7007,2019-10-19 23:00:00,10,2019-10-20 00:00:00,0.10531,0.10531,0.10531,0.0,0.17173378945208653,201.40877187591033,-0.0,0.0,0.0,201.40877187591033,201.40877187591033,0.0,1.0
7008,2019-10-20 00:00:00,10,2019-10-20 01:00:00,0.10531,0.10531,0.10531,0.0,0.17173378945208653,179.98613179556298,-0.0,0.0,0.0,179.98613179556298,179.98613179556298,0.0,1.0
7009,2019-10-20 01:00:00,10,2019-10-20 02:00:00,0.10531,0.10531,0.10531,0.0,0.17173378945208653,178.02521349543667,-150.0,0.0,0.0,328.0252134954367,328.0252134954367,0.0,1.0
7010,2019-10-20 02:00:00,10,2019-10-20 03:00:00,0.10531,0.10531,0.10531,0.0,0.6317337894520866,170.8805002621992,-0.0,0.0,0.0,170.8805002621992,170.8805002621992,0.0,0.0
7011,2019-10-20 03:00:00,10,2019-10-20 04:00:00,0.10531,0.10531,0.10531,0.0,0.6317337894520866,180.41792051380367,-0.0,0.0,0.0,180.41792051380367,180.41792051380367,0.0,0.0
7012,2019-10-20 04:00:00,10,2019-10-20 05:00:00,0.10531,0.10531,0.10531,0.0,0.6317337894520866,213.20379400648935,-0.0,0.0,0.0,213.20379400648935,213.20379400648935,0.0,1.0
7013,2019-10-20 05:00:00,10,2019-10-20 06:00:00,0.10531,0.10531,0.10531,0.0,0.6317337894520866,349.9096234952037,-0.0,0.0,0.0,349.9096234952037,349.9096234952037,0.0,0.0
7014,2019-10-20 06:00:00,10,2019-10-20 07:00:00,0.10531,0.10531,0.10531,0.0,0.6317337894520866,408.18602562147043,-0.0,33.598525888775896,0.0,374.58749973269454,374.58749973269454,0.0,0.0
7015,2019-10-20 07:00:00,10,2019-10-20 08:00:00,0.10531,0.10531,0.10531,0.0,0.51,361.45324734442073,-0.0,0.0,0.0,361.45324734442073,361.45324734442073,0.0,1.0
7016,2019-10-20 08:00:00,10,2019-10-20 09:00:00,0.10531,0.10531,0.10531,0.0,0.51,337.0548368388317,-0.0,0.0,0.0,337.0548368388317,337.0548368388317,0.0,1.0
7017,2019-10-20 09:00:00,10,2019-10-20 10:00:00,0.10531,0.10531,0.10531,0.0,0.51,287.8199108821915,-0.0,0.0,0.0,287.8199108821915,287.8199108821915,0.0,1.0
7018,2019-10-20 10:00:00,10,2019-10-20 11:00:00,0.10531,0.10531,0.10531,0.0,0.51,289.23276468381124,-0.0,0.0,0.0,289.23276468381124,289.23276468381124,0.0,1.0
7019,2019-10-20 11:00:00,10,2019-10-20 12:00:00,0.10531,0.10531,0.10531,0.0,0.51,287.30642739283695,-0.0,0.0,0.0,287.30642739283695,287.30642739283695,0.0,1.0
7020,2019-10-20 12:00:00,10,2019-10-20 13:00:00,0.10531,0.10531,0.10531,0.0,0.51,276.86095774340936,-61.96799150708771,0.0,0.0,338.8289492504971,338.8289492504971,0.0,1.0
7021,2019-10-20 13:00:00,10,2019-10-20 14:00:00,0.10531,0.10531,0.10531,0.0,0.700035173955069,276.75419021896886,-0.0,0.0,0.0,276.75419021896886,276.75419021896886,0.0,0.0
7022,2019-10-20 14:00:00,10,2019-10-20 15:00:00,0.10531,0.10531,0.10531,0.0,0.700035173955069,276.7728825441301,-97.81461718856445,0.0,0.0,374.58749973269454,374.58749973269454,0.0,1.0
7023,2019-10-20 15:00:00,10,2019-10-20 16:00:00,0.10531,0.10531,0.10531,0.0,1.0,307.90943990266237,-0.0,0.0,0.0,307.90943990266237,307.90943990266237,0.0,0.0
7024,2019-10-20 16:00:00,10,2019-10-20 17:00:00,0.13592,0.13592,0.13592,0.0,1.0,343.577142507412,-0.0,0.0,0.0,343.577142507412,343.577142507412,0.0,1.0
7025,2019-10-20 17:00:00,10,2019-10-20 18:00:00,0.13592,0.13592,0.13592,0.0,1.0,416.803217408261,-0.0,42.21571767556645,0.0,374.58749973269454,374.58749973269454,0.0,0.0
7026,2019-10-20 18:00:00,10,2019-10-20 19:00:00,0.13592,0.13592,0.13592,0.0,0.8470445011754839,422.992821474225,-0.0,48.405321741530486,0.0,374.58749973269454,374.58749973269454,0.0,0.0
7027,2019-10-20 19:00:00,10,2019-10-20 20:00:00,0.13592,0.13592,0.13592,0.0,0.6716629006626923,448.3068361024551,-0.0,122.227731659302,0.0,326.07910444315314,326.07910444315314,0.0,0.0
7028,2019-10-20 20:00:00,10,2019-10-20 21:00:00,0.13592,0.13592,0.13592,0.0,0.22880880044782997,423.9387286562956,-0.0,49.35122892360107,0.0,374.58749973269454,374.58749973269454,0.0,0.0
7029,2019-10-20 21:00:00,10,2019-10-20 22:00:00,0.10531,0.10531,0.10531,0.0,0.05,355.8291781308357,-0.0,0.0,0.0,355.8291781308357,355.8291781308357,0.0,1.0
7030,2019-10-20 22:00:00,10,2019-10-20 23:00:00,0.10531,0.10531,0.10531,0.0,0.05,265.90434199428887,-0.0,0.0,0.0,265.90434199428887,265.90434199428887,0.0,1.0
7031,2019-10-20 23:00:00,10,2019-10-21 00:00:00,0.10531,0.10531,0.10531,0.0,0.05,211.02065928574174,-0.0,0.0,0.0,211.02065928574174,211.02065928574174,0.0,1.0
7032,2019-10-21 00:00:00,10,2019-10-21 01:00:00,0.10531,0.10531,0.10531,0.0,0.05,200.64093239836149,-0.0,0.0,0.0,200.64093239836149,200.64093239836149,0.0,1.0
7033,2019-10-21 01:00:00,10,2019-10-21 02:00:00,0.10531,0.10531,0.10531,0.0,0.05,181.73402909333356,-0.0,0.0,0.0,181.73402909333356,181.73402909333356,0.0,1.0
7034,2019-10-21 02:00:00,10,2019-10-21 03:00:00,0.10531,0.10531,0.10531,0.0,0.05,178.35888382403968,-150.0,0.0,0.0,328.3588838240397,328.3588838240397,0.0,1.0
7035,2019-10-21 03:00:00,10,2019-10-21 04:00:00,0.10531,0.10531,0.10531,0.0,0.51,183.90647177648867,-111.07212478495185,0.0,0.0,294.9785965614405,294.9785965614405,0.0,1.0
7036,2019-10-21 04:00:00,10,2019-10-21 05:00:00,0.10531,0.10531,0.10531,0.0,0.8506211826738523,191.33650995703564,-0.0,0.0,0.0,191.33650995703564,191.33650995703564,0.0,1.0
7037,2019-10-21 05:00:00,10,2019-10-21 06:00:00,0.10531,0.10531,0.10531,0.0,0.8506211826738523,290.8124737391852,-0.0,0.0,0.0,290.8124737391852,290.8124737391852,0.0,1.0
7038,2019-10-21 06:00:00,10,2019-10-21 07:00:00,0.10531,0.10531,0.10531,0.0,0.8506211826738523,358.82215066280764,-0.0,0.0,0.0,358.82215066280764,358.82215066280764,0.0,0.0
7039,2019-10-21 07:00:00,10,2019-10-21 08:00:00,0.10531,0.10531,0.10531,0.0,0.8506211826738523,402.10639182237196,-0.0,27.518892089677422,0.0,374.58749973269454,374.58749973269454,0.0,0.0
7040,2019-10-21 08:00:00,10,2019-10-21 09:00:00,0.10531,0.10531,0.10531,0.0,0.7509150519141515,355.69883130308017,-0.0,0.0,0.0,355.69883130308017,355.69883130308017,0.0,1.0
7041,2019-10-21 09:00:00,10,2019-10-21 10:00:00,0.10531,0.10531,0.10531,0.0,0.7509150519141515,301.61434778783354,-0.0,0.0,0.0,301.61434778783354,301.61434778783354,0.0,1.0
7042,2019-10-21 10:00:00,10,2019-10-21 11:00:00,0.10531,0.10531,0.10531,0.0,0.7509150519141515,293.36414709600484,-81.2233526366897,0.0,0.0,374.58749973269454,374.58749973269454,0.0,1.0
7043,2019-10-21 11:00:00,10,2019-10-21 12:00:00,0.10531,0.10531,0.10531,0.0,1.0,291.768755107876,-0.0,0.0,0.0,291.768755107876,291.768755107876,0.0,1.0
7044,2019-10-21 12:00:00,10,2019-10-21 13:00:00,0.10531,0.10531,0.10531,0.0,1.0,281.37619481756485,-0.0,0.0,0.0,281.37619481756485,281.37619481756485,0.0,1.0
7045,2019-10-21 13:00:00,10,2019-10-21 14:00:00,0.10531,0.10531,0.10531,0.0,1.0,281.1650091724782,-0.0,0.0,0.0,281.1650091724782,281.1650091724782,0.0,1.0
7046,2019-10-21 14:00:00,10,2019-10-21 15:00:00,0.10531,0.10531,0.10531,0.0,1.0,281.1659692259152,-0.0,0.0,0.0,281.1659692259152,281.1659692259152,0.0,1.0
7047,2019-10-21 15:00:00,10,2019-10-21 16:00:00,0.10531,0.10531,0.10531,0.0,1.0,313.03048924756115,-0.0,0.0,0.0,313.03048924756115,313.03048924756115,0.0,1.0
7048,2019-10-21 16:00:00,10,2019-10-21 17:00:00,0.13592,0.13592,0.13592,0.0,1.0,341.87729008713796,-0.0,0.0,0.0,341.87729008713796,341.87729008713796,0.0,1.0
7049,2019-10-21 17:00:00,10,2019-10-21 18:00:00,0.13592,0.13592,0.13592,0.0,1.0,427.3879457216065,-0.0,52.800445988911974,0.0,374.58749973269454,374.58749973269454,0.0,0.0
7050,2019-10-21 18:00:00,10,2019-10-21 19:00:00,0.13592,0.13592,0.13592,0.0,0.808694036272058,419.0040873261747,-0.0,44.41658759348019,0.0,374.58749973269454,374.58749973269454,0.0,0.0
7051,2019-10-21 19:00:00,10,2019-10-21 20:00:00,0.13592,0.13592,0.13592,0.0,0.6477643710782893,430.453868036266,-0.0,55.86636830357145,0.0,374.58749973269454,374.58749973269454,0.0,0.0
7052,2019-10-21 20:00:00,10,2019-10-21 21:00:00,0.13592,0.13592,0.13592,0.0,0.4453499931667986,421.54631601272246,-0.0,109.11659811403642,0.0,312.429717898686,312.429717898686,0.0,0.0
7053,2019-10-21 21:00:00,10,2019-10-21 22:00:00,0.10531,0.10531,0.10531,0.0,0.05,366.38946519506464,-0.0,0.0,0.0,366.38946519506464,366.38946519506464,0.0,0.0
7054,2019-10-21 22:00:00,10,2019-10-21 23:00:00,0.10531,0.10531,0.10531,0.0,0.05,289.12250715806334,-28.059842420045197,0.0,0.0,317.18234957810853,317.18234957810853,0.0,1.0
7055,2019-10-21 23:00:00,10,2019-10-22 00:00:00,0.10531,0.10531,0.10531,0.0,0.13605018342147196,200.83642159388563,-0.0,0.0,0.0,200.83642159388563,200.83642159388563,0.0,1.0
7056,2019-10-22 00:00:00,10,2019-10-22 01:00:00,0.10531,0.10531,0.10531,0.0,0.13605018342147196,214.54122320433297,-54.078466887313006,0.0,0.0,268.61969009164596,268.61969009164596,0.0,1.0
7057,2019-10-22 01:00:00,10,2019-10-22 02:00:00,0.10531,0.10531,0.10531,0.0,0.3018908152092319,198.57046772468027,-0.0,0.0,0.0,198.57046772468027,198.57046772468027,0.0,0.0
7058,2019-10-22 02:00:00,10,2019-10-22 03:00:00,0.10531,0.10531,0.10531,0.0,0.3018908152092319,172.66768103688563,-0.0,0.0,0.0,172.66768103688563,172.66768103688563,0.0,1.0
7059,2019-10-22 03:00:00,10,2019-10-22 04:00:00,0.10531,0.10531,0.10531,0.0,0.3018908152092319,198.0002143421077,-0.0,0.0,0.0,198.0002143421077,198.0002143421077,0.0,0.0
7060,2019-10-22 04:00:00,10,2019-10-22 05:00:00,0.10531,0.10531,0.10531,0.0,0.3018908152092319,211.30353931913163,-0.0,0.0,0.0,211.30353931913163,211.30353931913163,0.0,1.0
7061,2019-10-22 05:00:00,10,2019-10-22 06:00:00,0.10531,0.10531,0.10531,0.0,0.3018908152092319,288.3980952705218,-0.0,0.0,0.0,288.3980952705218,288.3980952705218,0.0,1.0
7062,2019-10-22 06:00:00,10,2019-10-22 07:00:00,0.10531,0.10531,0.10531,0.0,0.3018908152092319,363.41886829184324,-0.0,0.0,0.0,363.41886829184324,363.41886829184324,0.0,1.0
7063,2019-10-22 07:00:00,10,2019-10-22 08:00:00,0.10531,0.10531,0.10531,0.0,0.3018908152092319,398.3373503570208,-0.0,23.749850624326257,0.0,374.58749973269454,374.58749973269454,0.0,0.0
7064,2019-10-22 08:00:00,10,2019-10-22 09:00:00,0.10531,0.10531,0.10531,0.0,0.21584063178775992,345.9369191860495,-0.0,0.0,0.0,345.9369191860495,345.9369191860495,0.0,0.0
7065,2019-10-22 09:00:00,10,2019-10-22 10:00:00,0.10531,0.10531,0.10531,0.0,0.21584063178775992,305.01563517101874,-69.5718645616758,0.0,0.0,374.58749973269454,374.58749973269454,0.0,1.0
7066,2019-10-22 10:00:00,10,2019-10-22 11:00:00,0.10531,0.10531,0.10531,0.0,0.4291943497768991,301.88703573324165,-0.0,0.0,0.0,301.88703573324165,301.88703573324165,0.0,0.0
7067,2019-10-22 11:00:00,10,2019-10-22 12:00:00,0.10531,0.10531,0.10531,0.0,0.4291943497768991,301.3737583759803,-0.0,0.0,0.0,301.3737583759803,301.3737583759803,0.0,1.0
7068,2019-10-22 12:00:00,10,2019-10-22 13:00:00,0.10531,0.10531,0.10531,0.0,0.4291943497768991,281.34123673462534,-30.82874243495025,0.0,0.0,312.1699791695756,312.1699791695756,0.0,1.0
7069,2019-10-22 13:00:00,10,2019-10-22 14:00:00,0.10531,0.10531,0.10531,0.0,0.5237358265774131,281.44370992935956,-0.0,0.0,0.0,281.44370992935956,281.44370992935956,0.0,0.0
7070,2019-10-22 14:00:00,10,2019-10-22 15:00:00,0.10531,0.10531,0.10531,0.0,0.5237358265774131,281.59901228936616,-92.98848744332838,0.0,0.0,374.58749973269454,374.58749973269454,0.0,1.0
7071,2019-10-22 15:00:00,10,2019-10-22 16:00:00,0.10531,0.10531,0.10531,0.0,0.8089005214036203,312.27245236430986,-62.31504736838468,0.0,0.0,374.58749973269454,374.58749973269454,0.0,1.0
7072,2019-10-22 16:00:00,10,2019-10-22 17:00:00,0.13592,0.13592,0.13592,0.0,1.0,340.41582177394963,-0.0,0.0,0.0,340.41582177394963,340.41582177394963,0.0,1.0
7073,2019-10-22 17:00:00,10,2019-10-22 18:00:00,0.13592,0.13592,0.13592,0.0,1.0,419.55114379565794,-0.0,111.52850393364001,0.0,308.0226398620179,308.0226398620179,0.0,0.0
7074,2019-10-22 18:00:00,10,2019-10-22 19:00:00,0.13592,0.13592,0.13592,0.0,0.5959112176317392,421.4180484176144,-0.0,46.83054868491985,0.0,374.58749973269454,374.58749973269454,0.0,0.0
7075,2019-10-22 19:00:00,10,2019-10-22 20:00:00,0.13592,0.13592,0.13592,0.0,0.4262353165994209,441.25559221698666,-0.0,66.66809248429212,0.0,374.58749973269454,374.58749973269454,0.0,0.0
7076,2019-10-22 20:00:00,10,2019-10-22 21:00:00,0.13592,0.13592,0.13592,0.0,0.18468425687372483,411.7603546298426,-0.0,37.172854897148056,0.0,374.58749973269454,374.58749973269454,0.0,0.0
7077,2019-10-22 21:00:00,10,2019-10-22 22:00:00,0.10531,0.10531,0.10531,0.0,0.05,357.613346110305,-16.974153622389565,0.0,0.0,374.58749973269454,374.58749973269454,0.0,1.0
7078,2019-10-22 22:00:00,10,2019-10-22 23:00:00,0.10531,0.10531,0.10531,0.0,0.10205407110866133,259.6961471208741,-21.200808483499408,0.0,0.0,280.8969556043735,280.8969556043735,0.0,1.0
7079,2019-10-22 23:00:00,10,2019-10-23 00:00:00,0.10531,0.10531,0.10531,0.0,0.16706988379139284,196.28119091904017,-0.0,0.0,0.0,196.28119091904017,196.28119091904017,0.0,1.0
7080,2019-10-23 00:00:00,10,2019-10-23 01:00:00,0.10531,0.10531,0.10531,0.0,0.16706988379139284,180.3347111722124,-0.0,0.0,0.0,180.3347111722124,180.3347111722124,0.0,1.0
7081,2019-10-23 01:00:00,10,2019-10-23 02:00:00,0.10531,0.10531,0.10531,0.0,0.16706988379139284,193.16209386441167,-150.0,0.0,0.0,343.16209386441164,343.16209386441164,0.0,1.0
7082,2019-10-23 02:00:00,10,2019-10-23 03:00:00,0.10531,0.10531,0.10531,0.0,0.6270698837913928,160.07418682385295,-0.0,0.0,0.0,160.07418682385295,160.07418682385295,0.0,0.0
7083,2019-10-23 03:00:00,10,2019-10-23 04:00:00,0.10531,0.10531,0.10531,0.0,0.6270698837913928,171.80828674463953,-0.0,0.0,0.0,171.80828674463953,171.80828674463953,0.0,0.0
7084,2019-10-23 04:00:00,10,2019-10-23 05:00:00,0.10531,0.10531,0.10531,0.0,0.6270698837913928,224.26130645472733,-0.0,0.0,0.0,224.26130645472733,224.26130645472733,0.0,1.0
7085,2019-10-23 05:00:00,10,2019-10-23 06:00:00,0.10531,0.10531,0.10531,0.0,0.6270698837913928,346.9968459239105,-0.0,0.0,0.0,346.9968459239105,346.9968459239105,0.0,0.0
7086,2019-10-23 06:00:00,10,2019-10-23 07:00:00,0.10531,0.10531,0.10531,0.0,0.6270698837913928,406.89878765911897,-0.0,32.31128792642443,0.0,374.58749973269454,374.58749973269454,0.0,0.0
7087,2019-10-23 07:00:00,10,2019-10-23 08:00:00,0.10531,0.10531,0.10531,0.0,0.51,361.5631233547738,-0.0,0.0,0.0,361.5631233547738,361.5631233547738,0.0,1.0
7088,2019-10-23 08:00:00,10,2019-10-23 09:00:00,0.10531,0.10531,0.10531,0.0,0.51,339.1623817238572,-0.0,0.0,0.0,339.1623817238572,339.1623817238572,0.0,1.0
7089,2019-10-23 09:00:00,10,2019-10-23 10:00:00,0.10531,0.10531,0.10531,0.0,0.51,292.98104565178636,-0.0,0.0,0.0,292.98104565178636,292.98104565178636,0.0,1.0
7090,2019-10-23 10:00:00,10,2019-10-23 11:00:00,0.10531,0.10531,0.10531,0.0,0.51,294.7038859722385,-68.10270311303069,0.0,0.0,362.80658908526914,362.80658908526914,0.0,1.0
7091,2019-10-23 11:00:00,10,2019-10-23 12:00:00,0.10531,0.10531,0.10531,0.0,0.7188482895466275,293.14387877268615,-0.0,0.0,0.0,293.14387877268615,293.14387877268615,0.0,1.0
7092,2019-10-23 12:00:00,10,2019-10-23 13:00:00,0.10531,0.10531,0.10531,0.0,0.7188482895466275,282.90759415007307,-0.0,0.0,0.0,282.90759415007307,282.90759415007307,0.0,1.0
7093,2019-10-23 13:00:00,10,2019-10-23 14:00:00,0.10531,0.10531,0.10531,0.0,0.7188482895466275,282.5333885470417,-0.0,0.0,0.0,282.5333885470417,282.5333885470417,0.0,1.0
7094,2019-10-23 14:00:00,10,2019-10-23 15:00:00,0.10531,0.10531,0.10531,0.0,0.7188482895466275,282.31921357150065,-91.67990558262147,0.0,0.0,373.9991191541221,373.9991191541221,0.0,1.0
7095,2019-10-23 15:00:00,10,2019-10-23 16:00:00,0.10531,0.10531,0.10531,0.0,1.0,312.43724251450163,-0.0,0.0,0.0,312.43724251450163,312.43724251450163,0.0,1.0
7096,2019-10-23 16:00:00,10,2019-10-23 17:00:00,0.13592,0.13592,0.13592,0.0,1.0,349.9970824868367,-0.0,0.0,0.0,349.9970824868367,349.9970824868367,0.0,1.0
7097,2019-10-23 17:00:00,10,2019-10-23 18:00:00,0.13592,0.13592,0.13592,0.0,1.0,417.486978126554,-0.0,42.899478393859454,0.0,374.58749973269454,374.58749973269454,0.0,0.0
7098,2019-10-23 18:00:00,10,2019-10-23 19:00:00,0.13592,0.13592,0.13592,0.0,0.8445671072686252,424.60646737907297,-0.0,50.01896764637843,0.0,374.58749973269454,374.58749973269454,0.0,0.0
7099,2019-10-23 19:00:00,10,2019-10-23 20:00:00,0.13592,0.13592,0.13592,0.0,0.6633389636223265,450.8024246279574,-0.0,119.23119285179345,0.0,331.5712317761639,331.5712317761639,0.0,0.0
7100,2019-10-23 20:00:00,10,2019-10-23 21:00:00,0.13592,0.13592,0.13592,0.0,0.2313418880723503,424.6378608406632,-0.0,50.05036110796868,0.0,374.58749973269454,374.58749973269454,0.0,0.0
7101,2019-10-23 21:00:00,10,2019-10-23 22:00:00,0.10531,0.10531,0.10531,0.0,0.05,357.3558377659854,-17.23166196670911,0.0,0.0,374.58749973269454,374.58749973269454,0.0,1.0
7102,2019-10-23 22:00:00,10,2019-10-23 23:00:00,0.10531,0.10531,0.10531,0.0,0.1028437633645746,289.8005219702034,-26.55732211905911,0.0,0.0,316.3578440892625,316.3578440892625,0.0,1.0
7103,2019-10-23 23:00:00,10,2019-10-24 00:00:00,0.10531,0.10531,0.10531,0.0,0.18428621786302254,206.26986922344682,-0.0,0.0,0.0,206.26986922344682,206.26986922344682,0.0,1.0
7104,2019-10-24 00:00:00,10,2019-10-24 01:00:00,0.10531,0.10531,0.10531,0.0,0.18428621786302254,175.94305060131248,-0.0,0.0,0.0,175.94305060131248,175.94305060131248,0.0,1.0
7105,2019-10-24 01:00:00,10,2019-10-24 02:00:00,0.10531,0.10531,0.10531,0.0,0.18428621786302254,169.76558500936858,-0.0,0.0,0.0,169.76558500936858,169.76558500936858,0.0,0.0
7106,2019-10-24 02:00:00,10,2019-10-24 03:00:00,0.10531,0.10531,0.10531,0.0,0.18428621786302254,182.98073408715658,-0.0,0.0,0.0,182.98073408715658,182.98073408715658,0.0,0.0
7107,2019-10-24 03:00:00,10,2019-10-24 04:00:00,0.10531,0.10531,0.10531,0.0,0.18428621786302254,170.84904585200064,-0.0,0.0,0.0,170.84904585200064,170.84904585200064,0.0,0.0
7108,2019-10-24 04:00:00,10,2019-10-24 05:00:00,0.10531,0.10531,0.10531,0.0,0.18428621786302254,211.8380539471139,-0.0,0.0,0.0,211.8380539471139,211.8380539471139,0.0,1.0
7109,2019-10-24 05:00:00,10,2019-10-24 06:00:00,0.10531,0.10531,0.10531,0.0,0.18428621786302254,349.4144033205114,-0.0,0.0,0.0,349.4144033205114,349.4144033205114,0.0,0.0
7110,2019-10-24 06:00:00,10,2019-10-24 07:00:00,0.10531,0.10531,0.10531,0.0,0.18428621786302254,411.65049586288876,-0.0,37.06299613019422,0.0,374.58749973269454,374.58749973269454,0.0,0.0
7111,2019-10-24 07:00:00,10,2019-10-24 08:00:00,0.10531,0.10531,0.10531,0.0,0.05,369.81571628388855,-0.0,0.0,0.0,369.81571628388855,369.81571628388855,0.0,0.0
7112,2019-10-24 08:00:00,10,2019-10-24 09:00:00,0.10531,0.10531,0.10531,0.0,0.05,341.4657019041127,-0.0,0.0,0.0,341.4657019041127,341.4657019041127,0.0,1.0
7113,2019-10-24 09:00:00,10,2019-10-24 10:00:00,0.10531,0.10531,0.10531,0.0,0.05,290.32722739935934,-0.0,0.0,0.0,290.32722739935934,290.32722739935934,0.0,1.0
7114,2019-10-24 10:00:00,10,2019-10-24 11:00:00,0.10531,0.10531,0.10531,0.0,0.05,290.5317324258866,-84.05576730680792,0.0,0.0,374.58749973269454,374.58749973269454,0.0,1.0
7115,2019-10-24 11:00:00,10,2019-10-24 12:00:00,0.10531,0.10531,0.10531,0.0,0.30777101974087767,288.67470986252744,-0.0,0.0,0.0,288.67470986252744,288.67470986252744,0.0,1.0
7116,2019-10-24 12:00:00,10,2019-10-24 13:00:00,0.10531,0.10531,0.10531,0.0,0.30777101974087767,277.64553065612614,-96.9419690765684,0.0,0.0,374.58749973269454,374.58749973269454,0.0,1.0
7117,2019-10-24 13:00:00,10,2019-10-24 14:00:00,0.10531,0.10531,0.10531,0.0,0.6050597249090208,277.1198329924027,0.0,0.0,0.0,277.1198329924027,277.1198329924027,0.0,0.0
7118,2019-10-24 14:00:00,10,2019-10-24 15:00:00,0.10531,0.10531,0.10531,0.0,0.6050597249090208,277.03018267253697,-97.55731706015757,0.0,0.0,374.58749973269454,374.58749973269454,0.0,1.0
7119,2019-10-24 15:00:00,10,2019-10-24 16:00:00,0.10531,0.10531,0.10531,0.0,0.9042354972268375,308.09256619949997,-31.227555252118204,0.0,0.0,339.3201214516182,339.3201214516182,0.0,1.0
7120,2019-10-24 16:00:00,10,2019-10-24 17:00:00,0.13592,0.13592,0.13592,0.0,1.0,347.2913593499929,-0.0,0.0,0.0,347.2913593499929,347.2913593499929,0.0,1.0
7121,2019-10-24 17:00:00,10,2019-10-24 18:00:00,0.13592,0.13592,0.13592,0.0,1.0,417.27993203568474,-0.0,42.6924323029902,0.0,374.58749973269454,374.58749973269454,0.0,0.0
7122,2019-10-24 18:00:00,10,2019-10-24 19:00:00,0.13592,0.13592,0.13592,0.0,0.8453172742645283,424.7685982818446,-0.0,50.18109854915008,0.0,374.58749973269454,374.58749973269454,0.0,0.0
7123,2019-10-24 19:00:00,10,2019-10-24 20:00:00,0.13592,0.13592,0.13592,0.0,0.663501699811086,450.3634486614936,-0.0,75.77594892879904,0.0,374.58749973269454,374.58749973269454,0.0,0.0
7124,2019-10-24 20:00:00,10,2019-10-24 21:00:00,0.13592,0.13592,0.13592,0.0,0.38895116021398796,424.52390250329836,-0.0,93.55052021906069,0.0,330.9733822842377,330.9733822842377,0.0,0.0
7125,2019-10-24 21:00:00,10,2019-10-24 22:00:00,0.10531,0.10531,0.10531,0.0,0.05,357.5920056199492,-16.995494112745348,0.0,0.0,374.58749973269454,374.58749973269454,0.0,1.0
7126,2019-10-24 22:00:00,10,2019-10-24 23:00:00,0.10531,0.10531,0.10531,0.0,0.10211951527908573,289.93776344284225,-25.013316222627225,0.0,0.0,314.9510796654695,314.9510796654695,0.0,1.0
7127,2019-10-24 23:00:00,10,2019-10-25 00:00:00,0.10531,0.10531,0.10531,0.0,0.17882701836180923,225.16677299662635,-0.0,0.0,0.0,225.16677299662635,225.16677299662635,0.0,0.0
7128,2019-10-25 00:00:00,10,2019-10-25 01:00:00,0.10531,0.10531,0.10531,0.0,0.17882701836180923,210.0920263387846,-0.0,0.0,0.0,210.0920263387846,210.0920263387846,0.0,1.0
7129,2019-10-25 01:00:00,10,2019-10-25 02:00:00,0.10531,0.10531,0.10531,0.0,0.17882701836180923,207.00681137421495,-88.71982728354735,0.0,0.0,295.7266386577623,295.7266386577623,0.0,1.0
7130,2019-10-25 02:00:00,10,2019-10-25 03:00:00,0.10531,0.10531,0.10531,0.0,0.4509011553646877,206.4659998067952,-0.0,0.0,0.0,206.4659998067952,206.4659998067952,0.0,1.0
7131,2019-10-25 03:00:00,10,2019-10-25 04:00:00,0.10531,0.10531,0.10531,0.0,0.4509011553646877,198.91382859869475,-0.0,0.0,0.0,198.91382859869475,198.91382859869475,0.0,0.0
7132,2019-10-25 04:00:00,10,2019-10-25 05:00:00,0.10531,0.10531,0.10531,0.0,0.4509011553646877,233.52543145620956,-0.0,0.0,0.0,233.52543145620956,233.52543145620956,0.0,0.0
7133,2019-10-25 05:00:00,10,2019-10-25 06:00:00,0.10531,0.10531,0.10531,0.0,0.4509011553646877,357.1126195244584,-0.0,0.0,0.0,357.1126195244584,357.1126195244584,0.0,1.0
7134,2019-10-25 06:00:00,10,2019-10-25 07:00:00,0.10531,0.10531,0.10531,0.0,0.4509011553646877,410.1437568005539,-0.0,35.55625706785935,0.0,374.58749973269454,374.58749973269454,0.0,0.0
7135,2019-10-25 07:00:00,10,2019-10-25 08:00:00,0.10531,0.10531,0.10531,0.0,0.3220741370028785,368.1221722640594,-0.0,0.0,0.0,368.1221722640594,368.1221722640594,0.0,1.0
7136,2019-10-25 08:00:00,10,2019-10-25 09:00:00,0.10531,0.10531,0.10531,0.0,0.3220741370028785,338.5749589457475,-36.012540786947056,0.0,0.0,374.58749973269454,374.58749973269454,0.0,1.0
7137,2019-10-25 09:00:00,10,2019-10-25 10:00:00,0.10531,0.10531,0.10531,0.0,0.4325125954161829,287.9239741184073,-86.66352561428727,0.0,0.0,374.58749973269454,374.58749973269454,0.0,1.0
7138,2019-10-25 10:00:00,10,2019-10-25 11:00:00,0.10531,0.10531,0.10531,0.0,0.6982807406333305,288.0939986499804,-0.0,0.0,0.0,288.0939986499804,288.0939986499804,0.0,1.0
7139,2019-10-25 11:00:00,10,2019-10-25 12:00:00,0.10531,0.10531,0.10531,0.0,0.6982807406333305,286.44578502966993,-0.0,0.0,0.0,286.44578502966993,286.44578502966993,0.0,0.0
7140,2019-10-25 12:00:00,10,2019-10-25 13:00:00,0.10531,0.10531,0.10531,0.0,0.6982807406333305,276.20078472182405,-98.38671501087049,0.0,0.0,374.58749973269454,374.58749973269454,0.0,1.0
7141,2019-10-25 13:00:00,10,2019-10-25 14:00:00,0.10531,0.10531,0.10531,0.0,1.0,276.4741966087639,-0.0,0.0,0.0,276.4741966087639,276.4741966087639,0.0,1.0
7142,2019-10-25 14:00:00,10,2019-10-25 15:00:00,0.10531,0.10531,0.10531,0.0,1.0,276.9327332149159,-0.0,0.0,0.0,276.9327332149159,276.9327332149159,0.0,1.0
7143,2019-10-25 15:00:00,10,2019-10-25 16:00:00,0.10531,0.10531,0.10531,0.0,1.0,307.371260323854,-0.0,0.0,0.0,307.371260323854,307.371260323854,0.0,1.0
7144,2019-10-25 16:00:00,10,2019-10-25 17:00:00,0.13592,0.13592,0.13592,0.0,1.0,347.1786295601939,-0.0,0.0,0.0,347.1786295601939,347.1786295601939,0.0,1.0
7145,2019-10-25 17:00:00,10,2019-10-25 18:00:00,0.13592,0.13592,0.13592,0.0,1.0,416.53839577888215,-0.0,87.6032857217562,0.0,328.93511005712594,328.93511005712594,0.0,0.0
7146,2019-10-25 18:00:00,10,2019-10-25 19:00:00,0.13592,0.13592,0.13592,0.0,0.6825967908632022,424.34121946434954,-0.0,49.753719731654996,0.0,374.58749973269454,374.58749973269454,0.0,0.0
7147,2019-10-25 19:00:00,10,2019-10-25 20:00:00,0.13592,0.13592,0.13592,0.0,0.5023296903861915,449.9899016907234,-0.0,75.40240195802886,0.0,374.58749973269454,374.58749973269454,0.0,0.0
7148,2019-10-25 20:00:00,10,2019-10-25 21:00:00,0.13592,0.13592,0.13592,0.0,0.22913258184260865,424.0280923212545,-0.0,49.44059258855998,0.0,374.58749973269454,374.58749973269454,0.0,0.0
7149,2019-10-25 21:00:00,10,2019-10-25 22:00:00,0.10531,0.10531,0.10531,0.0,0.05,356.77186318826125,-0.0,0.0,0.0,356.77186318826125,356.77186318826125,0.0,1.0
7150,2019-10-25 22:00:00,10,2019-10-25 23:00:00,0.10531,0.10531,0.10531,0.0,0.05,288.4699376919954,-0.0,0.0,0.0,288.4699376919954,288.4699376919954,0.0,1.0
7151,2019-10-25 23:00:00,10,2019-10-26 00:00:00,0.10531,0.10531,0.10531,0.0,0.05,217.11373305256322,-38.204076473806765,0.0,0.0,255.31780952636998,255.31780952636998,0.0,1.0
7152,2019-10-26 00:00:00,10,2019-10-26 01:00:00,0.10531,0.10531,0.10531,0.0,0.1671591678530074,204.49803942532657,-24.247472012804703,0.0,0.0,228.74551143813127,228.74551143813127,0.0,1.0
7153,2019-10-26 01:00:00,10,2019-10-26 02:00:00,0.10531,0.10531,0.10531,0.0,0.24151808202560848,198.60609245241625,-0.0,0.0,0.0,198.60609245241625,198.60609245241625,0.0,1.0
7154,2019-10-26 02:00:00,10,2019-10-26 03:00:00,0.10531,0.10531,0.10531,0.0,0.24151808202560848,200.3332734665217,-0.0,0.0,0.0,200.3332734665217,200.3332734665217,0.0,1.0
7155,2019-10-26 03:00:00,10,2019-10-26 04:00:00,0.10531,0.10531,0.10531,0.0,0.24151808202560848,206.34284235985697,-0.0,0.0,0.0,206.34284235985697,206.34284235985697,0.0,1.0
7156,2019-10-26 04:00:00,10,2019-10-26 05:00:00,0.10531,0.10531,0.10531,0.0,0.24151808202560848,220.9996346123873,-0.0,0.0,0.0,220.9996346123873,220.9996346123873,0.0,1.0
7157,2019-10-26 05:00:00,10,2019-10-26 06:00:00,0.10531,0.10531,0.10531,0.0,0.24151808202560848,347.64259542947804,-0.0,0.0,0.0,347.64259542947804,347.64259542947804,0.0,0.0
7158,2019-10-26 06:00:00,10,2019-10-26 07:00:00,0.10531,0.10531,0.10531,0.0,0.24151808202560848,406.9234300601246,-0.0,32.33593032743005,0.0,374.58749973269454,374.58749973269454,0.0,0.0
7159,2019-10-26 07:00:00,10,2019-10-26 08:00:00,0.10531,0.10531,0.10531,0.0,0.12435891417260109,364.92391213169765,-0.0,0.0,0.0,364.92391213169765,364.92391213169765,0.0,1.0
7160,2019-10-26 08:00:00,10,2019-10-26 09:00:00,0.10531,0.10531,0.10531,0.0,0.12435891417260109,337.4426571909879,-0.0,0.0,0.0,337.4426571909879,337.4426571909879,0.0,1.0
7161,2019-10-26 09:00:00,10,2019-10-26 10:00:00,0.10531,0.10531,0.10531,0.0,0.12435891417260109,287.9702462051088,-0.0,0.0,0.0,287.9702462051088,287.9702462051088,0.0,1.0
7162,2019-10-26 10:00:00,10,2019-10-26 11:00:00,0.10531,0.10531,0.10531,0.0,0.12435891417260109,288.2954878987719,-0.0,0.0,0.0,288.2954878987719,288.2954878987719,0.0,0.0
7163,2019-10-26 11:00:00,10,2019-10-26 12:00:00,0.10531,0.10531,0.10531,0.0,0.12435891417260109,286.5347815988915,-88.05271813380301,0.0,0.0,374.58749973269454,374.58749973269454,0.0,1.0
7164,2019-10-26 12:00:00,10,2019-10-26 13:00:00,0.10531,0.10531,0.10531,0.0,0.3943872497829303,275.7775779154886,-98.80992181720592,0.0,0.0,374.58749973269454,374.58749973269454,0.0,1.0
7165,2019-10-26 13:00:00,10,2019-10-26 14:00:00,0.10531,0.10531,0.10531,0.0,0.6974043433556951,275.57464006135365,-0.0,0.0,0.0,275.57464006135365,275.57464006135365,0.0,0.0
7166,2019-10-26 14:00:00,10,2019-10-26 15:00:00,0.10531,0.10531,0.10531,0.0,0.6974043433556951,275.915003000856,-98.67249673183852,0.0,0.0,374.58749973269454,374.58749973269454,0.0,1.0
7167,2019-10-26 15:00:00,10,2019-10-26 16:00:00,0.10531,0.10531,0.10531,0.0,1.0,306.6451195966756,-0.0,0.0,0.0,306.6451195966756,306.6451195966756,0.0,1.0
7168,2019-10-26 16:00:00,10,2019-10-26 17:00:00,0.13592,0.13592,0.13592,0.0,1.0,346.4648051560523,-0.0,0.0,0.0,346.4648051560523,346.4648051560523,0.0,1.0
7169,2019-10-26 17:00:00,10,2019-10-26 18:00:00,0.13592,0.13592,0.13592,0.0,1.0,415.3316328714054,-0.0,40.74413313871088,0.0,374.58749973269454,374.58749973269454,0.0,0.0
7170,2019-10-26 18:00:00,10,2019-10-26 19:00:00,0.13592,0.13592,0.13592,0.0,0.8523763292075692,422.3989565929104,-0.0,47.811456860215856,0.0,374.58749973269454,374.58749973269454,0.0,0.0
7171,2019-10-26 19:00:00,10,2019-10-26 20:00:00,0.13592,0.13592,0.13592,0.0,0.679146413047367,448.52960025836353,-0.0,125.35523400760124,0.0,323.1743662507623,323.1743662507623,0.0,0.0
7172,2019-10-26 20:00:00,10,2019-10-26 21:00:00,0.13592,0.13592,0.13592,0.0,0.22496078258504365,422.8766757261666,-0.0,48.28917599347204,0.0,374.58749973269454,374.58749973269454,0.0,0.0
7173,2019-10-26 21:00:00,10,2019-10-26 22:00:00,0.10531,0.10531,0.10531,0.0,0.05,355.5593173826837,-19.028182350010866,0.0,0.0,374.58749973269454,374.58749973269454,0.0,1.0
7174,2019-10-26 22:00:00,10,2019-10-26 23:00:00,0.10531,0.10531,0.10531,0.0,0.10835309254003332,285.2830225861554,-17.378641367053056,0.0,0.0,302.6616639532085,302.6616639532085,0.0,1.0
7175,2019-10-26 23:00:00,10,2019-10-27 00:00:00,0.10531,0.10531,0.10531,0.0,0.16164759273232937,198.92661682279913,-0.0,0.0,0.0,198.92661682279913,198.92661682279913,0.0,1.0
7176,2019-10-27 00:00:00,10,2019-10-27 01:00:00,0.10531,0.10531,0.10531,0.0,0.16164759273232937,193.74607021255224,-0.0,0.0,0.0,193.74607021255224,193.74607021255224,0.0,1.0
7177,2019-10-27 01:00:00,10,2019-10-27 02:00:00,0.10531,0.10531,0.10531,0.0,0.16164759273232937,164.5399587023961,-0.0,0.0,0.0,164.5399587023961,164.5399587023961,0.0,0.0
7178,2019-10-27 02:00:00,10,2019-10-27 03:00:00,0.10531,0.10531,0.10531,0.0,0.16164759273232937,182.30611642597432,-0.0,0.0,0.0,182.30611642597432,182.30611642597432,0.0,0.0
7179,2019-10-27 03:00:00,10,2019-10-27 04:00:00,0.10531,0.10531,0.10531,0.0,0.16164759273232937,169.85509404149573,-0.0,0.0,0.0,169.85509404149573,169.85509404149573,0.0,0.0
7180,2019-10-27 04:00:00,10,2019-10-27 05:00:00,0.10531,0.10531,0.10531,0.0,0.16164759273232937,210.18702320410912,-0.0,0.0,0.0,210.18702320410912,210.18702320410912,0.0,1.0
7181,2019-10-27 05:00:00,10,2019-10-27 06:00:00,0.10531,0.10531,0.10531,0.0,0.16164759273232937,357.2888117094102,-0.0,0.0,0.0,357.2888117094102,357.2888117094102,0.0,0.0
7182,2019-10-27 06:00:00,10,2019-10-27 07:00:00,0.10531,0.10531,0.10531,0.0,0.16164759273232937,405.40223532681745,-0.0,30.814735594122908,0.0,374.58749973269454,374.58749973269454,0.0,0.0
7183,2019-10-27 07:00:00,10,2019-10-27 08:00:00,0.10531,0.10531,0.10531,0.0,0.05,366.11197710181386,-0.0,0.0,0.0,366.11197710181386,366.11197710181386,0.0,1.0
7184,2019-10-27 08:00:00,10,2019-10-27 09:00:00,0.10531,0.10531,0.10531,0.0,0.05,339.34489377856346,-0.0,0.0,0.0,339.34489377856346,339.34489377856346,0.0,1.0
7185,2019-10-27 09:00:00,10,2019-10-27 10:00:00,0.10531,0.10531,0.10531,0.0,0.05,289.1922606677138,-0.0,0.0,0.0,289.1922606677138,289.1922606677138,0.0,1.0
7186,2019-10-27 10:00:00,10,2019-10-27 11:00:00,0.10531,0.10531,0.10531,0.0,0.05,289.2786511653107,-85.30884856738385,0.0,0.0,374.58749973269454,374.58749973269454,0.0,1.0
7187,2019-10-27 11:00:00,10,2019-10-27 12:00:00,0.10531,0.10531,0.10531,0.0,0.3116138022733105,287.0965667653682,-0.0,0.0,0.0,287.0965667653682,287.0965667653682,0.0,1.0
7188,2019-10-27 12:00:00,10,2019-10-27 13:00:00,0.10531,0.10531,0.10531,0.0,0.3116138022733105,276.5210585481909,-98.06644118450362,0.0,0.0,374.58749973269454,374.58749973269454,0.0,1.0
7189,2019-10-27 13:00:00,10,2019-10-27 14:00:00,0.10531,0.10531,0.10531,0.0,0.6123508885724549,276.6857862813458,0.0,0.0,0.0,276.6857862813458,276.6857862813458,0.0,0.0
7190,2019-10-27 14:00:00,10,2019-10-27 15:00:00,0.10531,0.10531,0.10531,0.0,0.6123508885724549,276.5857692020989,-58.96827421839097,0.0,0.0,335.55404342048985,335.55404342048985,0.0,1.0
7191,2019-10-27 15:00:00,10,2019-10-27 16:00:00,0.10531,0.10531,0.10531,0.0,0.7931869295088538,307.1484550073208,-67.43904472537372,0.0,0.0,374.58749973269454,374.58749973269454,0.0,1.0
7192,2019-10-27 16:00:00,10,2019-10-27 17:00:00,0.13592,0.13592,0.13592,0.0,1.0,346.7538777407284,-0.0,0.0,0.0,346.7538777407284,346.7538777407284,0.0,1.0
7193,2019-10-27 17:00:00,10,2019-10-27 18:00:00,0.13592,0.13592,0.13592,0.0,1.0,416.16924858967207,-0.0,92.26898722950655,0.0,323.90026136016553,323.90026136016553,0.0,0.0
7194,2019-10-27 18:00:00,10,2019-10-27 19:00:00,0.13592,0.13592,0.13592,0.0,0.6656920752554111,423.0852654696642,-0.0,48.497765736969654,0.0,374.58749973269454,374.58749973269454,0.0,0.0
7195,2019-10-27 19:00:00,10,2019-10-27 20:00:00,0.13592,0.13592,0.13592,0.0,0.4899755327301587,448.0889217573713,-0.0,73.50142202467674,0.0,374.58749973269454,374.58749973269454,0.0,0.0
7196,2019-10-27 20:00:00,10,2019-10-27 21:00:00,0.13592,0.13592,0.13592,0.0,0.2236660326407502,422.5193247415416,-0.0,47.931825008847056,0.0,374.58749973269454,374.58749973269454,0.0,0.0
7197,2019-10-27 21:00:00,10,2019-10-27 22:00:00,0.10531,0.10531,0.10531,0.0,0.05,356.26997641097904,-18.3175233217155,0.0,0.0,374.58749973269454,374.58749973269454,0.0,1.0
7198,2019-10-27 22:00:00,10,2019-10-27 23:00:00,0.10531,0.10531,0.10531,0.0,0.1061737381865942,286.0730038802229,-6.982005346154093,0.0,0.0,293.055009226377,293.055009226377,0.0,1.0
7199,2019-10-27 23:00:00,10,2019-10-28 00:00:00,0.10531,0.10531,0.10531,0.0,0.12758522124813343,199.6073843377222,-0.0,0.0,0.0,199.6073843377222,199.6073843377222,0.0,1.0
7200,2019-10-28 00:00:00,10,2019-10-28 01:00:00,0.10531,0.10531,0.10531,0.0,0.12758522124813343,202.65709141996297,-0.0,0.0,0.0,202.65709141996297,202.65709141996297,0.0,1.0
7201,2019-10-28 01:00:00,10,2019-10-28 02:00:00,0.10531,0.10531,0.10531,0.0,0.12758522124813343,162.12722004508558,-0.0,0.0,0.0,162.12722004508558,162.12722004508558,0.0,1.0
7202,2019-10-28 02:00:00,10,2019-10-28 03:00:00,0.10531,0.10531,0.10531,0.0,0.12758522124813343,166.16586352042978,-59.42559860611087,0.0,0.0,225.59146212654065,225.59146212654065,0.0,1.0
7203,2019-10-28 03:00:00,10,2019-10-28 04:00:00,0.10531,0.10531,0.10531,0.0,0.30982372364020677,178.2928489059266,-0.0,0.0,0.0,178.2928489059266,178.2928489059266,0.0,1.0
7204,2019-10-28 04:00:00,10,2019-10-28 05:00:00,0.10531,0.10531,0.10531,0.0,0.30982372364020677,194.59726292109212,-0.0,0.0,0.0,194.59726292109212,194.59726292109212,0.0,1.0
7205,2019-10-28 05:00:00,10,2019-10-28 06:00:00,0.10531,0.10531,0.10531,0.0,0.30982372364020677,291.90761226501485,-0.0,0.0,0.0,291.90761226501485,291.90761226501485,0.0,1.0
7206,2019-10-28 06:00:00,10,2019-10-28 07:00:00,0.10531,0.10531,0.10531,0.0,0.30982372364020677,356.61813951354236,-0.0,0.0,0.0,356.61813951354236,356.61813951354236,0.0,1.0
7207,2019-10-28 07:00:00,10,2019-10-28 08:00:00,0.10531,0.10531,0.10531,0.0,0.30982372364020677,396.00102079717936,-0.0,21.413521064484826,0.0,374.58749973269454,374.58749973269454,0.0,0.0
7208,2019-10-28 08:00:00,10,2019-10-28 09:00:00,0.10531,0.10531,0.10531,0.0,0.23223850239207336,354.5647479230856,-0.0,0.0,0.0,354.5647479230856,354.5647479230856,0.0,1.0
7209,2019-10-28 09:00:00,10,2019-10-28 10:00:00,0.10531,0.10531,0.10531,0.0,0.23223850239207336,300.7048045114044,-73.88269522129013,0.0,0.0,374.58749973269454,374.58749973269454,0.0,1.0
7210,2019-10-28 10:00:00,10,2019-10-28 11:00:00,0.10531,0.10531,0.10531,0.0,0.4588121010706965,292.2319769155621,-82.35552281713245,0.0,0.0,374.58749973269454,374.58749973269454,0.0,1.0
7211,2019-10-28 11:00:00,10,2019-10-28 12:00:00,0.10531,0.10531,0.10531,0.0,0.7113690377099027,291.0738429185564,-0.0,0.0,0.0,291.0738429185564,291.0738429185564,0.0,1.0
7212,2019-10-28 12:00:00,10,2019-10-28 13:00:00,0.10531,0.10531,0.10531,0.0,0.7113690377099027,280.7934166988687,-32.093632071983514,0.0,0.0,312.88704877085223,312.88704877085223,0.0,1.0
7213,2019-10-28 13:00:00,10,2019-10-28 14:00:00,0.10531,0.10531,0.10531,0.0,0.8097895093973188,280.46870768157584,-0.0,0.0,0.0,280.46870768157584,280.46870768157584,0.0,1.0
7214,2019-10-28 14:00:00,10,2019-10-28 15:00:00,0.10531,0.10531,0.10531,0.0,0.8097895093973188,280.6906550051304,-0.0,0.0,0.0,280.6906550051304,280.6906550051304,0.0,1.0
7215,2019-10-28 15:00:00,10,2019-10-28 16:00:00,0.10531,0.10531,0.10531,0.0,0.8097895093973188,312.56233975355934,-62.025159979135196,0.0,0.0,374.58749973269454,374.58749973269454,0.0,1.0
7216,2019-10-28 16:00:00,10,2019-10-28 17:00:00,0.13592,0.13592,0.13592,0.0,1.0,344.58061619225003,-0.0,0.0,0.0,344.58061619225003,344.58061619225003,0.0,1.0
7217,2019-10-28 17:00:00,10,2019-10-28 18:00:00,0.13592,0.13592,0.13592,0.0,1.0,426.63955774473527,-0.0,52.05205801204073,0.0,374.58749973269454,374.58749973269454,0.0,0.0
7218,2019-10-28 18:00:00,10,2019-10-28 19:00:00,0.13592,0.13592,0.13592,0.0,0.8114055869128959,419.50834133387093,-0.0,44.92084160117639,0.0,374.58749973269454,374.58749973269454,0.0,0.0
7219,2019-10-28 19:00:00,10,2019-10-28 20:00:00,0.13592,0.13592,0.13592,0.0,0.6486489144448655,430.2431308907875,-0.0,119.84083917511086,0.0,310.4022917156766,310.4022917156766,0.0,0.0
7220,2019-10-28 20:00:00,10,2019-10-28 21:00:00,0.13592,0.13592,0.13592,0.0,0.21444297540460885,419.9737609443666,-0.0,45.386261211672036,0.0,374.58749973269454,374.58749973269454,0.0,0.0
7221,2019-10-28 21:00:00,10,2019-10-28 22:00:00,0.10531,0.10531,0.10531,0.0,0.05,364.31031475577265,-0.0,0.0,0.0,364.31031475577265,364.31031475577265,0.0,0.0
7222,2019-10-28 22:00:00,10,2019-10-28 23:00:00,0.10531,0.10531,0.10531,0.0,0.05,291.43294998813616,-0.0,0.0,0.0,291.43294998813616,291.43294998813616,0.0,1.0
7223,2019-10-28 23:00:00,10,2019-10-29 00:00:00,0.10531,0.10531,0.10531,0.0,0.05,176.85604261049738,-25.92903622990111,0.0,0.0,202.78507884039848,202.78507884039848,0.0,1.0
7224,2019-10-29 00:00:00,10,2019-10-29 01:00:00,0.10531,0.10531,0.10531,0.0,0.12951571110503007,203.81733163964532,-0.0,0.0,0.0,203.81733163964532,203.81733163964532,0.0,1.0
7225,2019-10-29 01:00:00,10,2019-10-29 02:00:00,0.10531,0.10531,0.10531,0.0,0.12951571110503007,186.51963788728727,-150.0,0.0,0.0,336.5196378872873,336.5196378872873,0.0,1.0
7226,2019-10-29 02:00:00,10,2019-10-29 03:00:00,0.10531,0.10531,0.10531,0.0,0.5895157111050301,183.48588347724083,-0.0,0.0,0.0,183.48588347724083,183.48588347724083,0.0,0.0
7227,2019-10-29 03:00:00,10,2019-10-29 04:00:00,0.10531,0.10531,0.10531,0.0,0.5895157111050301,194.360775875372,-133.85357246575106,0.0,0.0,328.2143483411231,328.2143483411231,0.0,1.0
7228,2019-10-29 04:00:00,10,2019-10-29 05:00:00,0.10531,0.10531,0.10531,0.0,1.0,203.9108811459746,-0.0,0.0,0.0,203.9108811459746,203.9108811459746,0.0,1.0
7229,2019-10-29 05:00:00,10,2019-10-29 06:00:00,0.10531,0.10531,0.10531,0.0,1.0,290.46102788818695,-0.0,0.0,0.0,290.46102788818695,290.46102788818695,0.0,1.0
7230,2019-10-29 06:00:00,10,2019-10-29 07:00:00,0.10531,0.10531,0.10531,0.0,1.0,365.4278609729468,-0.0,0.0,0.0,365.4278609729468,365.4278609729468,0.0,1.0
7231,2019-10-29 07:00:00,10,2019-10-29 08:00:00,0.10531,0.10531,0.10531,0.0,1.0,396.53383599768284,-0.0,21.946336264988304,0.0,374.58749973269454,374.58749973269454,0.0,0.0
7232,2019-10-29 08:00:00,10,2019-10-29 09:00:00,0.10531,0.10531,0.10531,0.0,0.92048428889497,346.5464484335776,-25.92903622990109,0.0,0.0,372.4754846634787,372.4754846634787,0.0,1.0
7233,2019-10-29 09:00:00,10,2019-10-29 10:00:00,0.10531,0.10531,0.10531,0.0,1.0,300.39817890084385,-0.0,0.0,0.0,300.39817890084385,300.39817890084385,0.0,1.0
7234,2019-10-29 10:00:00,10,2019-10-29 11:00:00,0.10531,0.10531,0.10531,0.0,1.0,296.17912423344615,-0.0,0.0,0.0,296.17912423344615,296.17912423344615,0.0,1.0
7235,2019-10-29 11:00:00,10,2019-10-29 12:00:00,0.10531,0.10531,0.10531,0.0,1.0,294.69104501338626,-0.0,0.0,0.0,294.69104501338626,294.69104501338626,0.0,0.0
7236,2019-10-29 12:00:00,10,2019-10-29 13:00:00,0.10531,0.10531,0.10531,0.0,1.0,275.3403410686997,-0.0,0.0,0.0,275.3403410686997,275.3403410686997,0.0,0.0
7237,2019-10-29 13:00:00,10,2019-10-29 14:00:00,0.10531,0.10531,0.10531,0.0,1.0,275.2490560889156,-0.0,0.0,0.0,275.2490560889156,275.2490560889156,0.0,0.0
7238,2019-10-29 14:00:00,10,2019-10-29 15:00:00,0.10531,0.10531,0.10531,0.0,1.0,275.51075792703836,-0.0,0.0,0.0,275.51075792703836,275.51075792703836,0.0,1.0
7239,2019-10-29 15:00:00,10,2019-10-29 16:00:00,0.10531,0.10531,0.10531,0.0,1.0,307.312311108234,-0.0,0.0,0.0,307.312311108234,307.312311108234,0.0,1.0
7240,2019-10-29 16:00:00,10,2019-10-29 17:00:00,0.13592,0.13592,0.13592,0.0,1.0,340.802905483445,-0.0,0.0,0.0,340.802905483445,340.802905483445,0.0,1.0
7241,2019-10-29 17:00:00,10,2019-10-29 18:00:00,0.13592,0.13592,0.13592,0.0,1.0,418.1653838509944,-0.0,111.62583334644383,0.0,306.53955050455056,306.53955050455056,0.0,0.0
7242,2019-10-29 18:00:00,10,2019-10-29 19:00:00,0.13592,0.13592,0.13592,0.0,0.5955585748317254,421.10183251017395,-0.0,46.51433277747941,0.0,374.58749973269454,374.58749973269454,0.0,0.0
7243,2019-10-29 19:00:00,10,2019-10-29 20:00:00,0.13592,0.13592,0.13592,0.0,0.4270283836089737,441.3967798886353,-0.0,66.80928015594077,0.0,374.58749973269454,374.58749973269454,0.0,0.0
7244,2019-10-29 20:00:00,10,2019-10-29 21:00:00,0.13592,0.13592,0.13592,0.0,0.18496577434831882,411.83805345283054,-0.0,37.250553720136,0.0,374.58749973269454,374.58749973269454,0.0,0.0
7245,2019-10-29 21:00:00,10,2019-10-29 22:00:00,0.10531,0.10531,0.10531,0.0,0.05,357.1015611725609,-17.48593856013366,0.0,0.0,374.58749973269454,374.58749973269454,0.0,1.0
7246,2019-10-29 22:00:00,10,2019-10-29 23:00:00,0.10531,0.10531,0.10531,0.0,0.10362354491774323,292.5952762637296,-21.56929343052302,0.0,0.0,314.16456969425263,314.16456969425263,0.0,1.0
7247,2019-10-29 23:00:00,10,2019-10-30 00:00:00,0.10531,0.10531,0.10531,0.0,0.16976937810468049,226.88750263203931,-0.0,0.0,0.0,226.88750263203931,226.88750263203931,0.0,0.0
7248,2019-10-30 00:00:00,10,2019-10-30 01:00:00,0.10531,0.10531,0.10531,0.0,0.16976937810468049,196.71735600596625,-134.29281433396653,0.0,0.0,331.01017033993276,331.01017033993276,0.0,1.0
7249,2019-10-30 01:00:00,10,2019-10-30 02:00:00,0.10531,0.10531,0.10531,0.0,0.5816006753955112,196.6403737232147,-0.0,0.0,0.0,196.6403737232147,196.6403737232147,0.0,0.0
7250,2019-10-30 02:00:00,10,2019-10-30 03:00:00,0.10531,0.10531,0.10531,0.0,0.5816006753955112,184.11142651576398,-0.0,0.0,0.0,184.11142651576398,184.11142651576398,0.0,1.0
7251,2019-10-30 03:00:00,10,2019-10-30 04:00:00,0.10531,0.10531,0.10531,0.0,0.5816006753955112,189.30370263072874,-0.0,0.0,0.0,189.30370263072874,189.30370263072874,0.0,1.0
7252,2019-10-30 04:00:00,10,2019-10-30 05:00:00,0.10531,0.10531,0.10531,0.0,0.5816006753955112,213.02152248142724,0.0,0.0,0.0,213.02152248142724,213.02152248142724,0.0,0.0
7253,2019-10-30 05:00:00,10,2019-10-30 06:00:00,0.10531,0.10531,0.10531,0.0,0.5816006753955112,353.4756565678831,-0.0,0.0,0.0,353.4756565678831,353.4756565678831,0.0,0.0
7254,2019-10-30 06:00:00,10,2019-10-30 07:00:00,0.10531,0.10531,0.10531,0.0,0.5816006753955112,407.64384808958636,-0.0,33.05634835689182,0.0,374.58749973269454,374.58749973269454,0.0,0.0
7255,2019-10-30 07:00:00,10,2019-10-30 08:00:00,0.10531,0.10531,0.10531,0.0,0.46183129729083067,362.80108955455233,-0.0,0.0,0.0,362.80108955455233,362.80108955455233,0.0,0.0
7256,2019-10-30 08:00:00,10,2019-10-30 09:00:00,0.10531,0.10531,0.10531,0.0,0.46183129729083067,337.15349613011523,-0.0,0.0,0.0,337.15349613011523,337.15349613011523,0.0,0.0
7257,2019-10-30 09:00:00,10,2019-10-30 10:00:00,0.10531,0.10531,0.10531,0.0,0.46183129729083067,287.4042023102771,-87.18329742241741,0.0,0.0,374.58749973269454,374.58749973269454,0.0,1.0
7258,2019-10-30 10:00:00,10,2019-10-30 11:00:00,0.10531,0.10531,0.10531,0.0,0.7291934093862441,287.9937857425469,-0.0,0.0,0.0,287.9937857425469,287.9937857425469,0.0,0.0
7259,2019-10-30 11:00:00,10,2019-10-30 12:00:00,0.10531,0.10531,0.10531,0.0,0.7291934093862441,286.2810027934263,-88.30649693926824,0.0,0.0,374.58749973269454,374.58749973269454,0.0,1.0
7260,2019-10-30 12:00:00,10,2019-10-30 13:00:00,0.10531,0.10531,0.10531,0.0,1.0,275.60689294076525,-0.0,0.0,0.0,275.60689294076525,275.60689294076525,0.0,1.0
7261,2019-10-30 13:00:00,10,2019-10-30 14:00:00,0.10531,0.10531,0.10531,0.0,1.0,275.3548864300462,-0.0,0.0,0.0,275.3548864300462,275.3548864300462,0.0,1.0
7262,2019-10-30 14:00:00,10,2019-10-30 15:00:00,0.10531,0.10531,0.10531,0.0,1.0,275.2176176435974,-0.0,0.0,0.0,275.2176176435974,275.2176176435974,0.0,1.0
7263,2019-10-30 15:00:00,10,2019-10-30 16:00:00,0.10531,0.10531,0.10531,0.0,1.0,306.7461194998616,-0.0,0.0,0.0,306.7461194998616,306.7461194998616,0.0,1.0
7264,2019-10-30 16:00:00,10,2019-10-30 17:00:00,0.13592,0.13592,0.13592,0.0,1.0,345.64672155675055,-0.0,0.0,0.0,345.64672155675055,345.64672155675055,0.0,1.0
7265,2019-10-30 17:00:00,10,2019-10-30 18:00:00,0.13592,0.13592,0.13592,0.0,1.0,416.2233683584072,-0.0,41.63586862571265,0.0,374.58749973269454,374.58749973269454,0.0,0.0
7266,2019-10-30 18:00:00,10,2019-10-30 19:00:00,0.13592,0.13592,0.13592,0.0,0.8491454035300265,422.5260710917393,-0.0,47.93857135904477,0.0,374.58749973269454,374.58749973269454,0.0,0.0
7267,2019-10-30 19:00:00,10,2019-10-30 20:00:00,0.13592,0.13592,0.13592,0.0,0.6754549275914585,448.14352091875423,-0.0,73.5560211860597,0.0,374.58749973269454,374.58749973269454,0.0,0.0
7268,2019-10-30 20:00:00,10,2019-10-30 21:00:00,0.13592,0.13592,0.13592,0.0,0.40894760445356115,423.52539764464564,-0.0,99.06953882918287,0.0,324.45585881546276,324.45585881546276,0.0,0.0
7269,2019-10-30 21:00:00,10,2019-10-30 22:00:00,0.10531,0.10531,0.10531,0.0,0.05,353.18619948840666,-0.0,0.0,0.0,353.18619948840666,353.18619948840666,0.0,1.0
7270,2019-10-30 22:00:00,10,2019-10-30 23:00:00,0.10531,0.10531,0.10531,0.0,0.05,286.2644303405823,-0.0,0.0,0.0,286.2644303405823,286.2644303405823,0.0,1.0
7271,2019-10-30 23:00:00,10,2019-10-31 00:00:00,0.10531,0.10531,0.10531,0.0,0.05,188.27272484837758,-0.0,0.0,0.0,188.27272484837758,188.27272484837758,0.0,1.0
7272,2019-10-31 00:00:00,10,2019-10-31 01:00:00,0.10531,0.10531,0.10531,0.0,0.05,184.80051521920083,-9.782608695652174,0.0,0.0,194.58312391485302,194.58312391485302,0.0,1.0
7273,2019-10-31 01:00:00,10,2019-10-31 02:00:00,0.10531,0.10531,0.10531,0.0,0.08,179.17188808103964,-0.0,0.0,0.0,179.17188808103964,179.17188808103964,0.0,1.0
7274,2019-10-31 02:00:00,10,2019-10-31 03:00:00,0.10531,0.10531,0.10531,0.0,0.08,174.95554735198508,-150.0,0.0,0.0,324.95554735198505,324.95554735198505,0.0,1.0
7275,2019-10-31 03:00:00,10,2019-10-31 04:00:00,0.10531,0.10531,0.10531,0.0,0.54,178.8360606349583,-150.0,0.0,0.0,328.8360606349583,328.8360606349583,0.0,1.0
7276,2019-10-31 04:00:00,10,2019-10-31 05:00:00,0.10531,0.10531,0.10531,0.0,1.0,215.69395025935927,-0.0,0.0,0.0,215.69395025935927,215.69395025935927,0.0,0.0
7277,2019-10-31 05:00:00,10,2019-10-31 06:00:00,0.10531,0.10531,0.10531,0.0,1.0,349.8417556419505,-0.0,0.0,0.0,349.8417556419505,349.8417556419505,0.0,1.0
7278,2019-10-31 06:00:00,10,2019-10-31 07:00:00,0.10531,0.10531,0.10531,0.0,1.0,408.22259967221805,-0.0,33.63509993952351,0.0,374.58749973269454,374.58749973269454,0.0,0.0
7279,2019-10-31 07:00:00,10,2019-10-31 08:00:00,0.10531,0.10531,0.10531,0.0,0.8781336958712916,361.2303275143243,-0.0,0.0,0.0,361.2303275143243,361.2303275143243,0.0,0.0
7280,2019-10-31 08:00:00,10,2019-10-31 09:00:00,0.10531,0.10531,0.10531,0.0,0.8781336958712916,335.4917960920007,-39.09570364069384,0.0,0.0,374.58749973269454,374.58749973269454,0.0,1.0
7281,2019-10-31 09:00:00,10,2019-10-31 10:00:00,0.10531,0.10531,0.10531,0.0,0.9980271870360861,287.43635706337375,-0.0,0.0,0.0,287.43635706337375,287.43635706337375,0.0,0.0
7282,2019-10-31 10:00:00,10,2019-10-31 11:00:00,0.10531,0.10531,0.10531,0.0,0.9980271870360861,288.24831018492796,-0.0,0.0,0.0,288.24831018492796,288.24831018492796,0.0,0.0
7283,2019-10-31 11:00:00,10,2019-10-31 12:00:00,0.10531,0.10531,0.10531,0.0,0.9980271870360861,286.8839250036403,-0.0,0.0,0.0,286.8839250036403,286.8839250036403,0.0,0.0
7284,2019-10-31 12:00:00,10,2019-10-31 13:00:00,0.10531,0.10531,0.10531,0.0,0.9980271870360861,276.36808292525245,-0.6433085751893323,0.0,0.0,277.0113915004418,277.0113915004418,0.0,1.0
7285,2019-10-31 13:00:00,10,2019-10-31 14:00:00,0.10531,0.10531,0.10531,0.0,1.0,275.91360225175663,-0.0,0.0,0.0,275.91360225175663,275.91360225175663,0.0,1.0
7286,2019-10-31 14:00:00,10,2019-10-31 15:00:00,0.10531,0.10531,0.10531,0.0,1.0,275.8203316140303,-0.0,0.0,0.0,275.8203316140303,275.8203316140303,0.0,1.0
7287,2019-10-31 15:00:00,10,2019-10-31 16:00:00,0.10531,0.10531,0.10531,0.0,1.0,307.02155314421907,-0.0,0.0,0.0,307.02155314421907,307.02155314421907,0.0,1.0
7288,2019-10-31 16:00:00,10,2019-10-31 17:00:00,0.13592,0.13592,0.13592,0.0,1.0,346.17628165471194,-0.0,0.0,0.0,346.17628165471194,346.17628165471194,0.0,1.0
7289,2019-10-31 17:00:00,10,2019-10-31 18:00:00,0.13592,0.13592,0.13592,0.0,1.0,414.0702620075406,-0.0,93.76826318762912,0.0,320.30199881991143,320.30199881991143,0.0,0.0
7290,2019-10-31 18:00:00,10,2019-10-31 19:00:00,0.13592,0.13592,0.13592,0.0,0.6602599159868511,423.3281213040477,-0.0,48.74062157135319,0.0,374.58749973269454,374.58749973269454,0.0,0.0
7291,2019-10-31 19:00:00,10,2019-10-31 20:00:00,0.13592,0.13592,0.13592,0.0,0.4836634610181801,446.17839476120605,-0.0,71.59089502851151,0.0,374.58749973269454,374.58749973269454,0.0,0.0
7292,2019-10-31 20:00:00,10,2019-10-31 21:00:00,0.13592,0.13592,0.13592,0.0,0.22427616019023985,422.68771994520074,-0.0,48.1002202125062,0.0,374.58749973269454,374.58749973269454,0.0,0.0
7293,2019-10-31 21:00:00,10,2019-10-31 22:00:00,0.10531,0.10531,0.10531,0.0,0.05,355.15266422811715,-19.434835504577396,0.0,0.0,374.58749973269454,374.58749973269454,0.0,1.0
7294,2019-10-31 22:00:00,10,2019-10-31 23:00:00,0.10531,0.10531,0.10531,0.0,0.10960016221403734,266.83373609265493,-19.299964054073854,0.0,0.0,286.13370014672876,286.13370014672876,0.0,1.0
7295,2019-10-31 23:00:00,10,2019-11-01 00:00:00,0.10531,0.10531,0.10531,0.0,0.1687867186465305,209.48567567465824,-0.0,0.0,0.0,209.48567567465824,209.48567567465824,0.0,1.0
7296,2019-11-01 00:00:00,11,2019-11-01 01:00:00,0.10531,0.10531,0.10531,0.0,0.1687867186465305,190.47771005563396,-0.0,0.0,0.0,190.47771005563396,190.47771005563396,0.0,1.0
7297,2019-11-01 01:00:00,11,2019-11-01 02:00:00,0.10531,0.10531,0.10531,0.0,0.1687867186465305,175.2237596795379,-150.0,0.0,0.0,325.2237596795379,325.2237596795379,0.0,1.0
7298,2019-11-01 02:00:00,11,2019-11-01 03:00:00,0.10531,0.10531,0.10531,0.0,0.6287867186465305,173.19314406647223,-0.0,0.0,0.0,173.19314406647223,173.19314406647223,0.0,0.0
7299,2019-11-01 03:00:00,11,2019-11-01 04:00:00,0.10531,0.10531,0.10531,0.0,0.6287867186465305,176.7807949186416,-0.0,0.0,0.0,176.7807949186416,176.7807949186416,0.0,0.0
7300,2019-11-01 04:00:00,11,2019-11-01 05:00:00,0.10531,0.10531,0.10531,0.0,0.6287867186465305,213.9795794937118,-0.0,0.0,0.0,213.9795794937118,213.9795794937118,0.0,1.0
7301,2019-11-01 05:00:00,11,2019-11-01 06:00:00,0.10531,0.10531,0.10531,0.0,0.6287867186465305,350.0783970636223,-0.0,0.0,0.0,350.0783970636223,350.0783970636223,0.0,0.0
7302,2019-11-01 06:00:00,11,2019-11-01 07:00:00,0.10531,0.10531,0.10531,0.0,0.6287867186465305,407.37263407913696,-0.0,44.243052220328735,0.0,363.12958185880825,363.12958185880825,0.0,0.0
7303,2019-11-01 07:00:00,11,2019-11-01 08:00:00,0.10531,0.10531,0.10531,0.0,0.4684858048047597,362.327670077818,-0.0,0.0,0.0,362.327670077818,362.327670077818,0.0,0.0
7304,2019-11-01 08:00:00,11,2019-11-01 09:00:00,0.10531,0.10531,0.10531,0.0,0.4684858048047597,335.8852080418125,-0.0,0.0,0.0,335.8852080418125,335.8852080418125,0.0,1.0
7305,2019-11-01 09:00:00,11,2019-11-01 10:00:00,0.10531,0.10531,0.10531,0.0,0.4684858048047597,288.1567436902561,-0.0,0.0,0.0,288.1567436902561,288.1567436902561,0.0,1.0
7306,2019-11-01 10:00:00,11,2019-11-01 11:00:00,0.10531,0.10531,0.10531,0.0,0.4684858048047597,289.0205397077846,-0.0,0.0,0.0,289.0205397077846,289.0205397077846,0.0,1.0
7307,2019-11-01 11:00:00,11,2019-11-01 12:00:00,0.10531,0.10531,0.10531,0.0,0.4684858048047597,287.53551237738895,-0.0,0.0,0.0,287.53551237738895,287.53551237738895,0.0,1.0
7308,2019-11-01 12:00:00,11,2019-11-01 13:00:00,0.10531,0.10531,0.10531,0.0,0.4684858048047597,277.09760420755094,-86.03197765125728,0.0,0.0,363.12958185880825,363.12958185880825,0.0,1.0
7309,2019-11-01 13:00:00,11,2019-11-01 14:00:00,0.10531,0.10531,0.10531,0.0,0.732317202935282,276.2996754893446,-0.0,0.0,0.0,276.2996754893446,276.2996754893446,0.0,0.0
7310,2019-11-01 14:00:00,11,2019-11-01 15:00:00,0.10531,0.10531,0.10531,0.0,0.732317202935282,276.38619463789206,-86.74338722091616,0.0,0.0,363.12958185880825,363.12958185880825,0.0,1.0
7311,2019-11-01 15:00:00,11,2019-11-01 16:00:00,0.10531,0.10531,0.10531,0.0,0.9983302570794249,308.78726617234696,-0.5444813871440477,0.0,0.0,309.331747559491,309.331747559491,0.0,1.0
7312,2019-11-01 16:00:00,11,2019-11-01 17:00:00,0.13592,0.13592,0.13592,0.0,1.0,350.47899742809807,-0.0,0.0,0.0,350.47899742809807,350.47899742809807,0.0,1.0
7313,2019-11-01 17:00:00,11,2019-11-01 18:00:00,0.13592,0.13592,0.13592,0.0,1.0,416.5192946815927,-0.0,53.3897128227845,0.0,363.12958185880825,363.12958185880825,0.0,0.0
7314,2019-11-01 18:00:00,11,2019-11-01 19:00:00,0.13592,0.13592,0.13592,0.0,0.8065590115116504,423.71536910187893,-0.0,60.58578724307071,0.0,363.12958185880825,363.12958185880825,0.0,0.0
7315,2019-11-01 19:00:00,11,2019-11-01 20:00:00,0.13592,0.13592,0.13592,0.0,0.5870452896164666,449.5782111141192,-0.0,86.44862925531098,0.0,363.12958185880825,363.12958185880825,0.0,0.0
7316,2019-11-01 20:00:00,11,2019-11-01 21:00:00,0.13592,0.13592,0.13592,0.0,0.27382561840157177,424.905452537642,-0.0,61.775870678833805,0.0,363.12958185880825,363.12958185880825,0.0,0.0
7317,2019-11-01 21:00:00,11,2019-11-01 22:00:00,0.10531,0.10531,0.10531,0.0,0.05,347.4083600939827,-15.721221764825515,0.0,0.0,363.12958185880825,363.12958185880825,0.0,1.0
7318,2019-11-01 22:00:00,11,2019-11-01 23:00:00,0.10531,0.10531,0.10531,0.0,0.0982117467454649,256.90491529182407,-36.338698579094476,0.0,0.0,293.2436138709186,293.2436138709186,0.0,1.0
7319,2019-11-01 23:00:00,11,2019-11-02 00:00:00,0.10531,0.10531,0.10531,0.0,0.2096504223880213,204.83142385554902,-0.0,0.0,0.0,204.83142385554902,204.83142385554902,0.0,0.0
7320,2019-11-02 00:00:00,11,2019-11-02 01:00:00,0.10531,0.10531,0.10531,0.0,0.2096504223880213,188.0684391189508,-0.0,0.0,0.0,188.0684391189508,188.0684391189508,0.0,1.0
7321,2019-11-02 01:00:00,11,2019-11-02 02:00:00,0.10531,0.10531,0.10531,0.0,0.2096504223880213,175.16760819297693,-150.0,0.0,0.0,325.1676081929769,325.1676081929769,0.0,1.0
7322,2019-11-02 02:00:00,11,2019-11-02 03:00:00,0.10531,0.10531,0.10531,0.0,0.6696504223880213,173.46839851583997,-0.0,0.0,0.0,173.46839851583997,173.46839851583997,0.0,0.0
7323,2019-11-02 03:00:00,11,2019-11-02 04:00:00,0.10531,0.10531,0.10531,0.0,0.6696504223880213,181.14897082152115,-0.0,0.0,0.0,181.14897082152115,181.14897082152115,0.0,0.0
7324,2019-11-02 04:00:00,11,2019-11-02 05:00:00,0.10531,0.10531,0.10531,0.0,0.6696504223880213,215.86955245460143,-0.0,0.0,0.0,215.86955245460143,215.86955245460143,0.0,1.0
7325,2019-11-02 05:00:00,11,2019-11-02 06:00:00,0.10531,0.10531,0.10531,0.0,0.6696504223880213,352.0415531316848,-0.0,0.0,0.0,352.0415531316848,352.0415531316848,0.0,1.0
7326,2019-11-02 06:00:00,11,2019-11-02 07:00:00,0.10531,0.10531,0.10531,0.0,0.6696504223880213,407.1930984379021,-0.0,44.06351657909386,0.0,363.12958185880825,363.12958185880825,0.0,0.0
7327,2019-11-02 07:00:00,11,2019-11-02 08:00:00,0.10531,0.10531,0.10531,0.0,0.5100000000000001,360.80460417315004,-2.3249776856582116,0.0,0.0,363.12958185880825,363.12958185880825,0.0,1.0
7328,2019-11-02 08:00:00,11,2019-11-02 09:00:00,0.10531,0.10531,0.10531,0.0,0.5171299315693519,335.36590910816767,-0.0,0.0,0.0,335.36590910816767,335.36590910816767,0.0,0.0
7329,2019-11-02 09:00:00,11,2019-11-02 10:00:00,0.10531,0.10531,0.10531,0.0,0.5171299315693519,287.8168601257598,-0.0,0.0,0.0,287.8168601257598,287.8168601257598,0.0,1.0
7330,2019-11-02 10:00:00,11,2019-11-02 11:00:00,0.10531,0.10531,0.10531,0.0,0.5171299315693519,289.2941384276183,-73.83544343118996,0.0,0.0,363.12958185880825,363.12958185880825,0.0,1.0
7331,2019-11-02 11:00:00,11,2019-11-02 12:00:00,0.10531,0.10531,0.10531,0.0,0.7435586247583346,287.20567026604283,-0.0,0.0,0.0,287.20567026604283,287.20567026604283,0.0,1.0
7332,2019-11-02 12:00:00,11,2019-11-02 13:00:00,0.10531,0.10531,0.10531,0.0,0.7435586247583346,276.39428926395647,-83.62218757880395,0.0,0.0,360.0164768427604,360.0164768427604,0.0,1.0
7333,2019-11-02 13:00:00,11,2019-11-02 14:00:00,0.10531,0.10531,0.10531,0.0,1.0,275.850486668309,-0.0,0.0,0.0,275.850486668309,275.850486668309,0.0,1.0
7334,2019-11-02 14:00:00,11,2019-11-02 15:00:00,0.10531,0.10531,0.10531,0.0,1.0,276.095407029261,-0.0,0.0,0.0,276.095407029261,276.095407029261,0.0,1.0
7335,2019-11-02 15:00:00,11,2019-11-02 16:00:00,0.10531,0.10531,0.10531,0.0,1.0,307.03766048708854,-0.0,0.0,0.0,307.03766048708854,307.03766048708854,0.0,1.0
7336,2019-11-02 16:00:00,11,2019-11-02 17:00:00,0.13592,0.13592,0.13592,0.0,1.0,348.8028348708414,-0.0,0.0,0.0,348.8028348708414,348.8028348708414,0.0,1.0
7337,2019-11-02 17:00:00,11,2019-11-02 18:00:00,0.13592,0.13592,0.13592,0.0,1.0,415.2907046122726,-0.0,52.161122753464326,0.0,363.12958185880825,363.12958185880825,0.0,0.0
7338,2019-11-02 18:00:00,11,2019-11-02 19:00:00,0.13592,0.13592,0.13592,0.0,0.8110104248062887,424.16821192746147,-0.0,61.03863006865322,0.0,363.12958185880825,363.12958185880825,0.0,0.0
7339,2019-11-02 19:00:00,11,2019-11-02 20:00:00,0.13592,0.13592,0.13592,0.0,0.589855968035806,450.1336766194309,-0.0,87.00409476062265,0.0,363.12958185880825,363.12958185880825,0.0,0.0
7340,2019-11-02 20:00:00,11,2019-11-02 21:00:00,0.13592,0.13592,0.13592,0.0,0.2746237406422457,423.4695467168829,-0.0,61.99615241725982,0.0,361.4733942996231,361.4733942996231,0.0,0.0
7341,2019-11-02 21:00:00,11,2019-11-02 22:00:00,0.10531,0.10531,0.10531,0.0,0.05,355.550029206429,-0.0,0.0,0.0,355.550029206429,355.550029206429,0.0,1.0
7342,2019-11-02 22:00:00,11,2019-11-02 23:00:00,0.10531,0.10531,0.10531,0.0,0.05,282.2426910895498,-0.0,0.0,0.0,282.2426910895498,282.2426910895498,0.0,1.0
7343,2019-11-02 23:00:00,11,2019-11-03 00:00:00,0.10531,0.10531,0.10531,0.0,0.05,196.54778651188127,-0.0,0.0,0.0,196.54778651188127,196.54778651188127,0.0,1.0
7344,2019-11-03 00:00:00,11,2019-11-03 01:00:00,0.10531,0.10531,0.10531,0.0,0.05,185.4377246189738,-0.0,0.0,0.0,185.4377246189738,185.4377246189738,0.0,1.0
7345,2019-11-03 01:00:00,11,2019-11-03 02:00:00,0.10531,0.10531,0.10531,0.0,0.05,177.4881140460153,-0.0,0.0,0.0,177.4881140460153,177.4881140460153,0.0,1.0
7346,2019-11-03 02:00:00,11,2019-11-03 03:00:00,0.10531,0.10531,0.10531,0.0,0.05,171.14595490676484,-150.0,0.0,0.0,321.1459549067648,321.1459549067648,0.0,1.0
7347,2019-11-03 03:00:00,11,2019-11-03 04:00:00,0.10531,0.10531,0.10531,0.0,0.51,180.31558401887662,-125.8522144716727,0.0,0.0,306.16779849054933,306.16779849054933,0.0,1.0
7348,2019-11-03 04:00:00,11,2019-11-03 05:00:00,0.10531,0.10531,0.10531,0.0,0.8959467910464629,215.57989411842237,-0.0,0.0,0.0,215.57989411842237,215.57989411842237,0.0,0.0
7349,2019-11-03 05:00:00,11,2019-11-03 06:00:00,0.10531,0.10531,0.10531,0.0,0.8959467910464629,351.5917125099537,-0.0,0.0,0.0,351.5917125099537,351.5917125099537,0.0,0.0
7350,2019-11-03 06:00:00,11,2019-11-03 07:00:00,0.10531,0.10531,0.10531,0.0,0.8959467910464629,408.4572357195694,-0.0,45.32765386076113,0.0,363.12958185880825,363.12958185880825,0.0,0.0
7351,2019-11-03 07:00:00,11,2019-11-03 08:00:00,0.10531,0.10531,0.10531,0.0,0.731716161116169,361.75769608999207,-0.0,0.0,0.0,361.75769608999207,361.75769608999207,0.0,0.0
7352,2019-11-03 08:00:00,11,2019-11-03 09:00:00,0.10531,0.10531,0.10531,0.0,0.731716161116169,335.1751255455716,-0.0,0.0,0.0,335.1751255455716,335.1751255455716,0.0,1.0
7353,2019-11-03 09:00:00,11,2019-11-03 10:00:00,0.10531,0.10531,0.10531,0.0,0.731716161116169,288.0061777752722,-0.0,0.0,0.0,288.0061777752722,288.0061777752722,0.0,0.0
7354,2019-11-03 10:00:00,11,2019-11-03 11:00:00,0.10531,0.10531,0.10531,0.0,0.731716161116169,288.9116002570486,-0.0,0.0,0.0,288.9116002570486,288.9116002570486,0.0,1.0
7355,2019-11-03 11:00:00,11,2019-11-03 12:00:00,0.10531,0.10531,0.10531,0.0,0.731716161116169,287.44045514252554,-0.0,0.0,0.0,287.44045514252554,287.44045514252554,0.0,1.0
7356,2019-11-03 12:00:00,11,2019-11-03 13:00:00,0.10531,0.10531,0.10531,0.0,0.731716161116169,276.427980376313,-0.0,0.0,0.0,276.427980376313,276.427980376313,0.0,0.0
7357,2019-11-03 13:00:00,11,2019-11-03 14:00:00,0.10531,0.10531,0.10531,0.0,0.731716161116169,275.78276947168024,-87.34681238712801,0.0,0.0,363.12958185880825,363.12958185880825,0.0,1.0
7358,2019-11-03 14:00:00,11,2019-11-03 15:00:00,0.10531,0.10531,0.10531,0.0,0.9995797191033616,275.6457213532112,-0.13704811846904277,0.0,0.0,275.78276947168024,275.78276947168024,0.0,1.0
7359,2019-11-03 15:00:00,11,2019-11-03 16:00:00,0.10531,0.10531,0.10531,0.0,1.0,306.6617500228736,-0.0,0.0,0.0,306.6617500228736,306.6617500228736,0.0,0.0
7360,2019-11-03 16:00:00,11,2019-11-03 17:00:00,0.13592,0.13592,0.13592,0.0,1.0,349.1414093815625,-0.0,0.0,0.0,349.1414093815625,349.1414093815625,0.0,1.0
7361,2019-11-03 17:00:00,11,2019-11-03 18:00:00,0.13592,0.13592,0.13592,0.0,1.0,415.1245649886405,-0.0,57.448759175542584,0.0,357.6758058130979,357.6758058130979,0.0,0.0
7362,2019-11-03 18:00:00,11,2019-11-03 19:00:00,0.13592,0.13592,0.13592,0.0,0.7918523218277442,422.6370664504574,-0.0,59.50748459164913,0.0,363.12958185880825,363.12958185880825,0.0,0.0
7363,2019-11-03 19:00:00,11,2019-11-03 20:00:00,0.13592,0.13592,0.13592,0.0,0.5762454935971315,449.12198078873513,-0.0,85.99239892992688,0.0,363.12958185880825,363.12958185880825,0.0,0.0
7364,2019-11-03 20:00:00,11,2019-11-03 21:00:00,0.13592,0.13592,0.13592,0.0,0.26467883080754145,422.3809391616897,-0.0,59.251357302881445,0.0,363.12958185880825,363.12958185880825,0.0,0.0
7365,2019-11-03 21:00:00,11,2019-11-03 22:00:00,0.10531,0.10531,0.10531,0.0,0.05,355.14048267154305,-7.989099187265197,0.0,0.0,363.12958185880825,363.12958185880825,0.0,1.0
7366,2019-11-03 22:00:00,11,2019-11-03 23:00:00,0.10531,0.10531,0.10531,0.0,0.07449990417427994,266.3831821000026,-0.0,0.0,0.0,266.3831821000026,266.3831821000026,0.0,1.0
7367,2019-11-03 23:00:00,11,2019-11-04 00:00:00,0.10531,0.10531,0.10531,0.0,0.07449990417427994,212.74976784952676,-0.0,0.0,0.0,212.74976784952676,212.74976784952676,0.0,1.0
7368,2019-11-04 00:00:00,11,2019-11-04 01:00:00,0.10531,0.10531,0.10531,0.0,0.07449990417427994,203.3006785601063,-0.0,0.0,0.0,203.3006785601063,203.3006785601063,0.0,1.0
7369,2019-11-04 01:00:00,11,2019-11-04 02:00:00,0.10531,0.10531,0.10531,0.0,0.07449990417427994,175.18414643921747,-0.0,0.0,0.0,175.18414643921747,175.18414643921747,0.0,1.0
7370,2019-11-04 02:00:00,11,2019-11-04 03:00:00,0.10531,0.10531,0.10531,0.0,0.07449990417427994,170.9344653073333,-65.41981775306452,0.0,0.0,236.35428306039785,236.35428306039785,0.0,1.0
7371,2019-11-04 03:00:00,11,2019-11-04 04:00:00,0.10531,0.10531,0.10531,0.0,0.2751206786170111,174.9254803287044,-0.0,0.0,0.0,174.9254803287044,174.9254803287044,0.0,1.0
7372,2019-11-04 04:00:00,11,2019-11-04 05:00:00,0.10531,0.10531,0.10531,0.0,0.2751206786170111,188.82189964391748,-0.0,0.0,0.0,188.82189964391748,188.82189964391748,0.0,1.0
7373,2019-11-04 05:00:00,11,2019-11-04 06:00:00,0.10531,0.10531,0.10531,0.0,0.2751206786170111,282.42523781577546,-0.0,0.0,0.0,282.42523781577546,282.42523781577546,0.0,1.0
7374,2019-11-04 06:00:00,11,2019-11-04 07:00:00,0.10531,0.10531,0.10531,0.0,0.2751206786170111,345.6570208503985,-0.0,0.0,0.0,345.6570208503985,345.6570208503985,0.0,0.0
7375,2019-11-04 07:00:00,11,2019-11-04 08:00:00,0.10531,0.10531,0.10531,0.0,0.2751206786170111,398.4618717946063,-0.0,35.33228993579803,0.0,363.12958185880825,363.12958185880825,0.0,0.0
7376,2019-11-04 08:00:00,11,2019-11-04 09:00:00,0.10531,0.10531,0.10531,0.0,0.1471051353713661,352.8335300160834,-10.296051842724864,0.0,0.0,363.12958185880825,363.12958185880825,0.0,1.0
7377,2019-11-04 09:00:00,11,2019-11-04 10:00:00,0.10531,0.10531,0.10531,0.0,0.17867969435572234,300.9497343948306,-62.17984746397764,0.0,0.0,363.12958185880825,363.12958185880825,0.0,1.0
7378,2019-11-04 10:00:00,11,2019-11-04 11:00:00,0.10531,0.10531,0.10531,0.0,0.3693645599119204,292.51840809396634,-0.0,0.0,0.0,292.51840809396634,292.51840809396634,0.0,1.0
7379,2019-11-04 11:00:00,11,2019-11-04 12:00:00,0.10531,0.10531,0.10531,0.0,0.3693645599119204,291.25969622638394,-71.86988563242431,0.0,0.0,363.12958185880825,363.12958185880825,0.0,1.0
7380,2019-11-04 12:00:00,11,2019-11-04 13:00:00,0.10531,0.10531,0.10531,0.0,0.5897655425180216,280.88506839249493,-0.0,0.0,0.0,280.88506839249493,280.88506839249493,0.0,1.0
7381,2019-11-04 13:00:00,11,2019-11-04 14:00:00,0.10531,0.10531,0.10531,0.0,0.5897655425180216,280.6628615140652,-82.46672034474307,0.0,0.0,363.12958185880825,363.12958185880825,0.0,1.0
7382,2019-11-04 14:00:00,11,2019-11-04 15:00:00,0.10531,0.10531,0.10531,0.0,0.842663484908567,280.3303768466105,-51.30538535590206,0.0,0.0,331.6357622025125,331.6357622025125,0.0,1.0
7383,2019-11-04 15:00:00,11,2019-11-04 16:00:00,0.10531,0.10531,0.10531,0.0,1.0,311.8241965029062,-0.0,0.0,0.0,311.8241965029062,311.8241965029062,0.0,1.0
7384,2019-11-04 16:00:00,11,2019-11-04 17:00:00,0.13592,0.13592,0.13592,0.0,1.0,346.92973930820017,-0.0,0.0,0.0,346.92973930820017,346.92973930820017,0.0,1.0
7385,2019-11-04 17:00:00,11,2019-11-04 18:00:00,0.13592,0.13592,0.13592,0.0,1.0,426.02685499259667,-0.0,62.89727313378842,0.0,363.12958185880825,363.12958185880825,0.0,0.0
7386,2019-11-04 18:00:00,11,2019-11-04 19:00:00,0.13592,0.13592,0.13592,0.0,0.7721113292254043,419.83015716386745,-0.0,56.7005753050592,0.0,363.12958185880825,363.12958185880825,0.0,0.0
7387,2019-11-04 19:00:00,11,2019-11-04 20:00:00,0.13592,0.13592,0.13592,0.0,0.5666744621780884,430.40804325886336,-0.0,67.27846140005511,0.0,363.12958185880825,363.12958185880825,0.0,0.0
7388,2019-11-04 20:00:00,11,2019-11-04 21:00:00,0.13592,0.13592,0.13592,0.0,0.32291192087354087,419.03467552642104,-0.0,73.40384543796797,0.0,345.6308300884531,345.6308300884531,0.0,0.0
7389,2019-11-04 21:00:00,11,2019-11-04 22:00:00,0.10531,0.10531,0.10531,0.0,0.05695595914177284,365.04942658193755,-0.0,1.9198447231293017,0.0,363.12958185880825,363.12958185880825,0.0,0.0
7390,2019-11-04 22:00:00,11,2019-11-04 23:00:00,0.10531,0.10531,0.10531,0.0,0.05,274.0615374499991,-0.0,0.0,0.0,274.0615374499991,274.0615374499991,0.0,1.0
7391,2019-11-04 23:00:00,11,2019-11-05 00:00:00,0.10531,0.10531,0.10531,0.0,0.05,214.64678336393897,-41.60486722461321,0.0,0.0,256.25165058855214,256.25165058855214,0.0,1.0
7392,2019-11-05 00:00:00,11,2019-11-05 01:00:00,0.10531,0.10531,0.10531,0.0,0.17758825948881385,211.84708790464884,-133.20923766811964,0.0,0.0,345.05632557276846,345.05632557276846,0.0,1.0
7393,2019-11-05 01:00:00,11,2019-11-05 02:00:00,0.10531,0.10531,0.10531,0.0,0.586096588337714,183.67108372245835,-0.0,0.0,0.0,183.67108372245835,183.67108372245835,0.0,0.0
7394,2019-11-05 02:00:00,11,2019-11-05 03:00:00,0.10531,0.10531,0.10531,0.0,0.586096588337714,180.30764339517083,-0.0,0.0,0.0,180.30764339517083,180.30764339517083,0.0,1.0
7395,2019-11-05 03:00:00,11,2019-11-05 04:00:00,0.10531,0.10531,0.10531,0.0,0.586096588337714,188.41643817572654,-0.0,0.0,0.0,188.41643817572654,188.41643817572654,0.0,0.0
7396,2019-11-05 04:00:00,11,2019-11-05 05:00:00,0.10531,0.10531,0.10531,0.0,0.586096588337714,201.75000006440044,-0.0,0.0,0.0,201.75000006440044,201.75000006440044,0.0,1.0
7397,2019-11-05 05:00:00,11,2019-11-05 06:00:00,0.10531,0.10531,0.10531,0.0,0.586096588337714,287.6994594824789,-0.0,0.0,0.0,287.6994594824789,287.6994594824789,0.0,1.0
7398,2019-11-05 06:00:00,11,2019-11-05 07:00:00,0.10531,0.10531,0.10531,0.0,0.586096588337714,363.3267481373196,-0.0,0.19716627851136082,0.0,363.12958185880825,363.12958185880825,0.0,0.0
7399,2019-11-05 07:00:00,11,2019-11-05 08:00:00,0.10531,0.10531,0.10531,0.0,0.5853822177633975,398.1467751992095,-0.0,35.01719334040126,0.0,363.12958185880825,363.12958185880825,0.0,0.0
7400,2019-11-05 08:00:00,11,2019-11-05 09:00:00,0.10531,0.10531,0.10531,0.0,0.45850832884890025,342.9081551979477,-0.0,0.0,0.0,342.9081551979477,342.9081551979477,0.0,0.0
7401,2019-11-05 09:00:00,11,2019-11-05 10:00:00,0.10531,0.10531,0.10531,0.0,0.45850832884890025,299.6305807208807,-0.0,0.0,0.0,299.6305807208807,299.6305807208807,0.0,0.0
7402,2019-11-05 10:00:00,11,2019-11-05 11:00:00,0.10531,0.10531,0.10531,0.0,0.45850832884890025,296.1666196713523,-0.0,0.0,0.0,296.1666196713523,296.1666196713523,0.0,1.0
7403,2019-11-05 11:00:00,11,2019-11-05 12:00:00,0.10531,0.10531,0.10531,0.0,0.45850832884890025,295.23278848503725,-0.0,0.0,0.0,295.23278848503725,295.23278848503725,0.0,0.0
7404,2019-11-05 12:00:00,11,2019-11-05 13:00:00,0.10531,0.10531,0.10531,0.0,0.45850832884890025,275.2729751399121,-87.85660671889616,0.0,0.0,363.12958185880825,363.12958185880825,0.0,1.0
7405,2019-11-05 13:00:00,11,2019-11-05 14:00:00,0.10531,0.10531,0.10531,0.0,0.7279352561201818,275.02546548893184,-0.2475096509802261,0.0,0.0,275.2729751399121,275.2729751399121,0.0,1.0
7406,2019-11-05 14:00:00,11,2019-11-05 15:00:00,0.10531,0.10531,0.10531,0.0,0.7286942857165212,274.66032720115214,-88.46925465765611,0.0,0.0,363.12958185880825,363.12958185880825,0.0,1.0
7407,2019-11-05 15:00:00,11,2019-11-05 16:00:00,0.10531,0.10531,0.10531,0.0,1.0,307.4252467789886,-0.0,0.0,0.0,307.4252467789886,307.4252467789886,0.0,0.0
7408,2019-11-05 16:00:00,11,2019-11-05 17:00:00,0.13592,0.13592,0.13592,0.0,1.0,342.6818387077533,-0.0,0.0,0.0,342.6818387077533,342.6818387077533,0.0,1.0
7409,2019-11-05 17:00:00,11,2019-11-05 18:00:00,0.13592,0.13592,0.13592,0.0,1.0,417.3901854664367,-0.0,54.26060360762847,0.0,363.12958185880825,363.12958185880825,0.0,0.0
7410,2019-11-05 18:00:00,11,2019-11-05 19:00:00,0.13592,0.13592,0.13592,0.0,0.8034036101172881,419.1381585953137,-0.0,81.5782523106715,0.0,337.55990628464224,337.55990628464224,0.0,0.0
7411,2019-11-05 19:00:00,11,2019-11-05 20:00:00,0.13592,0.13592,0.13592,0.0,0.5078302321800726,440.70549268086404,-0.0,77.57591082205579,0.0,363.12958185880825,363.12958185880825,0.0,0.0
7412,2019-11-05 20:00:00,11,2019-11-05 21:00:00,0.13592,0.13592,0.13592,0.0,0.2267580915204502,411.9148151184525,-0.0,48.78523325964426,0.0,363.12958185880825,363.12958185880825,0.0,0.0
7413,2019-11-05 21:00:00,11,2019-11-05 22:00:00,0.10531,0.10531,0.10531,0.0,0.05,355.8387614373727,-0.0,0.0,0.0,355.8387614373727,355.8387614373727,0.0,1.0
7414,2019-11-05 22:00:00,11,2019-11-05 23:00:00,0.10531,0.10531,0.10531,0.0,0.05,276.1955547851634,-0.0,0.0,0.0,276.1955547851634,276.1955547851634,0.0,1.0
7415,2019-11-05 23:00:00,11,2019-11-06 00:00:00,0.10531,0.10531,0.10531,0.0,0.05,226.48586668812135,-0.0,0.0,0.0,226.48586668812135,226.48586668812135,0.0,1.0
7416,2019-11-06 00:00:00,11,2019-11-06 01:00:00,0.10531,0.10531,0.10531,0.0,0.05,207.28770011255716,-0.0,0.0,0.0,207.28770011255716,207.28770011255716,0.0,1.0
7417,2019-11-06 01:00:00,11,2019-11-06 02:00:00,0.10531,0.10531,0.10531,0.0,0.05,202.0438521725021,-0.0,0.0,0.0,202.0438521725021,202.0438521725021,0.0,1.0
7418,2019-11-06 02:00:00,11,2019-11-06 03:00:00,0.10531,0.10531,0.10531,0.0,0.05,180.13618942254482,-125.06048560662036,0.0,0.0,305.1966750291652,305.1966750291652,0.0,1.0
7419,2019-11-06 03:00:00,11,2019-11-06 04:00:00,0.10531,0.10531,0.10531,0.0,0.43351882252696916,165.66421111369365,-0.0,0.0,0.0,165.66421111369365,165.66421111369365,0.0,1.0
7420,2019-11-06 04:00:00,11,2019-11-06 05:00:00,0.10531,0.10531,0.10531,0.0,0.43351882252696916,175.39255310546991,-0.0,0.0,0.0,175.39255310546991,175.39255310546991,0.0,1.0
7421,2019-11-06 05:00:00,11,2019-11-06 06:00:00,0.10531,0.10531,0.10531,0.0,0.43351882252696916,218.14628507340592,-0.0,0.0,0.0,218.14628507340592,218.14628507340592,0.0,1.0
7422,2019-11-06 06:00:00,11,2019-11-06 07:00:00,0.10531,0.10531,0.10531,0.0,0.43351882252696916,341.4056269516848,-0.0,0.0,0.0,341.4056269516848,341.4056269516848,0.0,0.0
7423,2019-11-06 07:00:00,11,2019-11-06 08:00:00,0.10531,0.10531,0.10531,0.0,0.43351882252696916,405.3040925228678,-0.0,42.17451066405954,0.0,363.12958185880825,363.12958185880825,0.0,0.0
7424,2019-11-06 08:00:00,11,2019-11-06 09:00:00,0.10531,0.10531,0.10531,0.0,0.28071262446878237,367.39557734931725,-0.0,4.265995490508999,0.0,363.12958185880825,363.12958185880825,0.0,0.0
7425,2019-11-06 09:00:00,11,2019-11-06 10:00:00,0.10531,0.10531,0.10531,0.0,0.2652561190683874,339.97139546124725,-0.0,0.0,0.0,339.97139546124725,339.97139546124725,0.0,0.0
7426,2019-11-06 10:00:00,11,2019-11-06 11:00:00,0.10531,0.10531,0.10531,0.0,0.2652561190683874,289.9606622597349,-73.16891959907338,0.0,0.0,363.12958185880825,363.12958185880825,0.0,1.0
7427,2019-11-06 11:00:00,11,2019-11-06 12:00:00,0.10531,0.10531,0.10531,0.0,0.4896408058388791,291.3399564236901,-0.0,0.0,0.0,291.3399564236901,291.3399564236901,0.0,0.0
7428,2019-11-06 12:00:00,11,2019-11-06 13:00:00,0.10531,0.10531,0.10531,0.0,0.4896408058388791,289.7963597835057,-0.0,0.0,0.0,289.7963597835057,289.7963597835057,0.0,0.0
7429,2019-11-06 13:00:00,11,2019-11-06 14:00:00,0.10531,0.10531,0.10531,0.0,0.4896408058388791,280.2307418680546,-0.0,0.0,0.0,280.2307418680546,280.2307418680546,0.0,0.0
7430,2019-11-06 14:00:00,11,2019-11-06 15:00:00,0.10531,0.10531,0.10531,0.0,0.4896408058388791,279.60694549267464,-83.52263636613361,0.0,0.0,363.12958185880825,363.12958185880825,0.0,1.0
7431,2019-11-06 15:00:00,11,2019-11-06 16:00:00,0.10531,0.10531,0.10531,0.0,0.7457768906950222,279.16661449557256,-82.89883999075361,0.0,0.0,362.0654544863262,362.0654544863262,0.0,1.0
7432,2019-11-06 16:00:00,11,2019-11-06 17:00:00,0.13592,0.13592,0.13592,0.0,1.0,316.1987264831814,-0.0,0.0,0.0,316.1987264831814,316.1987264831814,0.0,1.0
7433,2019-11-06 17:00:00,11,2019-11-06 18:00:00,0.13592,0.13592,0.13592,0.0,1.0,363.19958881976635,-0.0,0.07000696095809644,0.0,363.12958185880825,363.12958185880825,0.0,0.0
7434,2019-11-06 18:00:00,11,2019-11-06 19:00:00,0.13592,0.13592,0.13592,0.0,0.9997463515907316,416.631538712094,-0.0,55.03153875631558,0.0,361.59999995577846,361.59999995577846,0.0,0.0
7435,2019-11-06 19:00:00,11,2019-11-06 20:00:00,0.13592,0.13592,0.13592,0.0,0.8003567184156751,424.15049475512683,-0.0,61.02091289631858,0.0,363.12958185880825,363.12958185880825,0.0,0.0
7436,2019-11-06 20:00:00,11,2019-11-06 21:00:00,0.13592,0.13592,0.13592,0.0,0.5792664542985788,449.015109879656,-0.0,85.88552802084774,0.0,363.12958185880825,363.12958185880825,0.0,0.0
7437,2019-11-06 21:00:00,11,2019-11-06 22:00:00,0.10531,0.10531,0.10531,0.0,0.2680870049476811,423.32159522436825,-0.0,60.19201336556,0.0,363.12958185880825,363.12958185880825,0.0,0.0
7438,2019-11-06 22:00:00,11,2019-11-06 23:00:00,0.10531,0.10531,0.10531,0.0,0.05,357.1937780617651,-0.0,0.0,0.0,357.1937780617651,357.1937780617651,0.0,1.0
7439,2019-11-06 23:00:00,11,2019-11-07 00:00:00,0.10531,0.10531,0.10531,0.0,0.05,286.9696696261442,-0.0,0.0,0.0,286.9696696261442,286.9696696261442,0.0,1.0
7440,2019-11-07 00:00:00,11,2019-11-07 01:00:00,0.10531,0.10531,0.10531,0.0,0.05,196.12377064600486,-0.0,0.0,0.0,196.12377064600486,196.12377064600486,0.0,1.0
7441,2019-11-07 01:00:00,11,2019-11-07 02:00:00,0.10531,0.10531,0.10531,0.0,0.05,184.40265737086838,-0.0,0.0,0.0,184.40265737086838,184.40265737086838,0.0,1.0
7442,2019-11-07 02:00:00,11,2019-11-07 03:00:00,0.10531,0.10531,0.10531,0.0,0.05,186.07452793545147,-0.0,0.0,0.0,186.07452793545147,186.07452793545147,0.0,1.0
7443,2019-11-07 03:00:00,11,2019-11-07 04:00:00,0.10531,0.10531,0.10531,0.0,0.05,189.49927614622564,-0.0,0.0,0.0,189.49927614622564,189.49927614622564,0.0,1.0
7444,2019-11-07 04:00:00,11,2019-11-07 05:00:00,0.10531,0.10531,0.10531,0.0,0.05,183.6565822800993,-150.0,0.0,0.0,333.6565822800993,333.6565822800993,0.0,1.0
7445,2019-11-07 05:00:00,11,2019-11-07 06:00:00,0.10531,0.10531,0.10531,0.0,0.51,213.16905741343444,-0.0,0.0,0.0,213.16905741343444,213.16905741343444,0.0,0.0
7446,2019-11-07 06:00:00,11,2019-11-07 07:00:00,0.10531,0.10531,0.10531,0.0,0.51,330.3874097423201,-0.0,0.0,0.0,330.3874097423201,330.3874097423201,0.0,1.0
7447,2019-11-07 07:00:00,11,2019-11-07 08:00:00,0.10531,0.10531,0.10531,0.0,0.51,408.3031168943436,-0.0,45.17353503553534,0.0,363.12958185880825,363.12958185880825,0.0,0.0
7448,2019-11-07 08:00:00,11,2019-11-07 09:00:00,0.10531,0.10531,0.10531,0.0,0.3463277716103792,366.53142347833074,-0.0,3.401841619522486,0.0,363.12958185880825,363.12958185880825,0.0,0.0
7449,2019-11-07 09:00:00,11,2019-11-07 10:00:00,0.10531,0.10531,0.10531,0.0,0.3340022584961673,337.0198393615328,-0.0,0.0,0.0,337.0198393615328,337.0198393615328,0.0,1.0
7450,2019-11-07 10:00:00,11,2019-11-07 11:00:00,0.10531,0.10531,0.10531,0.0,0.3340022584961673,287.2616346571569,-42.839297064187754,0.0,0.0,330.10093172134464,330.10093172134464,0.0,1.0
7451,2019-11-07 11:00:00,11,2019-11-07 12:00:00,0.10531,0.10531,0.10531,0.0,0.46537610282634306,287.7280424360492,-0.0,0.0,0.0,287.7280424360492,287.7280424360492,0.0,1.0
7452,2019-11-07 12:00:00,11,2019-11-07 13:00:00,0.10531,0.10531,0.10531,0.0,0.46537610282634306,286.3065616869082,-76.82302017190005,0.0,0.0,363.12958185880825,363.12958185880825,0.0,1.0
7453,2019-11-07 13:00:00,11,2019-11-07 14:00:00,0.10531,0.10531,0.10531,0.0,0.70096669802017,275.86929890856766,-87.2602829502406,0.0,0.0,363.12958185880825,363.12958185880825,0.0,1.0
7454,2019-11-07 14:00:00,11,2019-11-07 15:00:00,0.10531,0.10531,0.10531,0.0,0.9685648990675744,275.6575545777636,-10.250576391008329,0.0,0.0,285.90813096877196,285.90813096877196,0.0,1.0
7455,2019-11-07 15:00:00,11,2019-11-07 16:00:00,0.10531,0.10531,0.10531,0.0,1.0,276.2677296267039,-0.0,0.0,0.0,276.2677296267039,276.2677296267039,0.0,1.0
7456,2019-11-07 16:00:00,11,2019-11-07 17:00:00,0.13592,0.13592,0.13592,0.0,1.0,313.58264036213643,-0.0,0.0,0.0,313.58264036213643,313.58264036213643,0.0,1.0
7457,2019-11-07 17:00:00,11,2019-11-07 18:00:00,0.13592,0.13592,0.13592,0.0,1.0,362.11716406611606,-0.0,0.0,0.0,362.11716406611606,362.11716406611606,0.0,1.0
7458,2019-11-07 18:00:00,11,2019-11-07 19:00:00,0.13592,0.13592,0.13592,0.0,1.0,416.0136262346839,-0.0,56.44878390615975,0.0,359.56484232852415,359.56484232852415,0.0,0.0
7459,2019-11-07 19:00:00,11,2019-11-07 20:00:00,0.13592,0.13592,0.13592,0.0,0.795475420629856,423.5381527082073,-0.0,60.40857084939904,0.0,363.12958185880825,363.12958185880825,0.0,0.0
7460,2019-11-07 20:00:00,11,2019-11-07 21:00:00,0.13592,0.13592,0.13592,0.0,0.5766037871175406,447.64840318849105,-0.0,84.5188213296828,0.0,363.12958185880825,363.12958185880825,0.0,0.0
7461,2019-11-07 21:00:00,11,2019-11-07 22:00:00,0.10531,0.10531,0.10531,0.0,0.27037617360419713,423.95340577356666,-0.0,60.82382391475841,0.0,363.12958185880825,363.12958185880825,0.0,0.0
7462,2019-11-07 22:00:00,11,2019-11-07 23:00:00,0.10531,0.10531,0.10531,0.0,0.05,356.8441461632243,-6.285435695583942,0.0,0.0,363.12958185880825,363.12958185880825,0.0,1.0
7463,2019-11-07 23:00:00,11,2019-11-08 00:00:00,0.10531,0.10531,0.10531,0.0,0.06927533613312409,288.60316733257326,-41.91366283356034,0.0,0.0,330.5168301661336,330.5168301661336,0.0,1.0
7464,2019-11-08 00:00:00,11,2019-11-08 01:00:00,0.10531,0.10531,0.10531,0.0,0.19781056882270912,195.4809117250347,-0.0,0.0,0.0,195.4809117250347,195.4809117250347,0.0,1.0
7465,2019-11-08 01:00:00,11,2019-11-08 02:00:00,0.10531,0.10531,0.10531,0.0,0.19781056882270912,178.71770082759974,-0.0,0.0,0.0,178.71770082759974,178.71770082759974,0.0,1.0
7466,2019-11-08 02:00:00,11,2019-11-08 03:00:00,0.10531,0.10531,0.10531,0.0,0.19781056882270912,168.8057497155077,-0.0,0.0,0.0,168.8057497155077,168.8057497155077,0.0,1.0
7467,2019-11-08 03:00:00,11,2019-11-08 04:00:00,0.10531,0.10531,0.10531,0.0,0.19781056882270912,180.47176023192858,-150.0,0.0,0.0,330.47176023192856,330.47176023192856,0.0,1.0
7468,2019-11-08 04:00:00,11,2019-11-08 05:00:00,0.10531,0.10531,0.10531,0.0,0.657810568822709,160.63348724411642,-0.0,0.0,0.0,160.63348724411642,160.63348724411642,0.0,0.0
7469,2019-11-08 05:00:00,11,2019-11-08 06:00:00,0.10531,0.10531,0.10531,0.0,0.657810568822709,208.49102144885111,-111.5835101665079,0.0,0.0,320.074531615359,320.074531615359,0.0,1.0
7470,2019-11-08 06:00:00,11,2019-11-08 07:00:00,0.10531,0.10531,0.10531,0.0,1.0,340.47537638169445,-0.0,0.0,0.0,340.47537638169445,340.47537638169445,0.0,0.0
7471,2019-11-08 07:00:00,11,2019-11-08 08:00:00,0.10531,0.10531,0.10531,0.0,1.0,403.6666767458794,-0.0,40.537094887071135,0.0,363.12958185880825,363.12958185880825,0.0,0.0
7472,2019-11-08 08:00:00,11,2019-11-08 09:00:00,0.10531,0.10531,0.10531,0.0,0.8531264678004669,363.38820396680484,-0.0,0.2586221079965867,0.0,363.12958185880825,363.12958185880825,0.0,0.0
7473,2019-11-08 09:00:00,11,2019-11-08 10:00:00,0.10531,0.10531,0.10531,0.0,0.8521894311772908,336.2207558845578,-0.0,0.0,0.0,336.2207558845578,336.2207558845578,0.0,0.0
7474,2019-11-08 10:00:00,11,2019-11-08 11:00:00,0.10531,0.10531,0.10531,0.0,0.8521894311772908,286.86120043785473,-0.0,0.0,0.0,286.86120043785473,286.86120043785473,0.0,1.0
7475,2019-11-08 11:00:00,11,2019-11-08 12:00:00,0.10531,0.10531,0.10531,0.0,0.8521894311772908,286.498357358995,-0.0,0.0,0.0,286.498357358995,286.498357358995,0.0,1.0
7476,2019-11-08 12:00:00,11,2019-11-08 13:00:00,0.10531,0.10531,0.10531,0.0,0.8521894311772908,285.86449617985545,-48.199098529144294,0.0,0.0,334.06359470899974,334.06359470899974,0.0,1.0
7477,2019-11-08 13:00:00,11,2019-11-08 14:00:00,0.10531,0.10531,0.10531,0.0,1.0,277.13366984161433,-0.0,0.0,0.0,277.13366984161433,277.13366984161433,0.0,1.0
7478,2019-11-08 14:00:00,11,2019-11-08 15:00:00,0.10531,0.10531,0.10531,0.0,1.0,276.84119030434914,-0.0,0.0,0.0,276.84119030434914,276.84119030434914,0.0,1.0
7479,2019-11-08 15:00:00,11,2019-11-08 16:00:00,0.10531,0.10531,0.10531,0.0,1.0,276.2992020856025,-0.0,0.0,0.0,276.2992020856025,276.2992020856025,0.0,1.0
7480,2019-11-08 16:00:00,11,2019-11-08 17:00:00,0.13592,0.13592,0.13592,0.0,1.0,314.61145833921415,-0.0,0.0,0.0,314.61145833921415,314.61145833921415,0.0,1.0
7481,2019-11-08 17:00:00,11,2019-11-08 18:00:00,0.13592,0.13592,0.13592,0.0,1.0,362.4625952283355,-0.0,0.0,0.0,362.4625952283355,362.4625952283355,0.0,1.0
7482,2019-11-08 18:00:00,11,2019-11-08 19:00:00,0.13592,0.13592,0.13592,0.0,1.0,416.45133623303957,-0.0,53.32175437423132,0.0,363.12958185880825,363.12958185880825,0.0,0.0
7483,2019-11-08 19:00:00,11,2019-11-08 20:00:00,0.13592,0.13592,0.13592,0.0,0.8068052377745242,424.19668471152653,-0.0,61.85801098779238,0.0,362.33867372373413,362.33867372373413,0.0,0.0
7484,2019-11-08 20:00:00,11,2019-11-08 21:00:00,0.13592,0.13592,0.13592,0.0,0.5826820095578851,449.51854301396577,-0.0,86.38896115515752,0.0,363.12958185880825,363.12958185880825,0.0,0.0
7485,2019-11-08 21:00:00,11,2019-11-08 22:00:00,0.10531,0.10531,0.10531,0.0,0.2696785271116622,423.760855341627,-0.0,60.631273482818756,0.0,363.12958185880825,363.12958185880825,0.0,0.0
7486,2019-11-08 22:00:00,11,2019-11-08 23:00:00,0.10531,0.10531,0.10531,0.0,0.05,356.8477050540699,-0.0,0.0,0.0,356.8477050540699,356.8477050540699,0.0,1.0
7487,2019-11-08 23:00:00,11,2019-11-09 00:00:00,0.10531,0.10531,0.10531,0.0,0.05,288.19736759239385,-0.0,0.0,0.0,288.19736759239385,288.19736759239385,0.0,0.0
7488,2019-11-09 00:00:00,11,2019-11-09 01:00:00,0.10531,0.10531,0.10531,0.0,0.05,198.05754553204412,-0.0,0.0,0.0,198.05754553204412,198.05754553204412,0.0,1.0
7489,2019-11-09 01:00:00,11,2019-11-09 02:00:00,0.10531,0.10531,0.10531,0.0,0.05,188.7647872259756,-0.0,0.0,0.0,188.7647872259756,188.7647872259756,0.0,1.0
7490,2019-11-09 02:00:00,11,2019-11-09 03:00:00,0.10531,0.10531,0.10531,0.0,0.05,170.73643163324093,-0.0,0.0,0.0,170.73643163324093,170.73643163324093,0.0,1.0
7491,2019-11-09 03:00:00,11,2019-11-09 04:00:00,0.10531,0.10531,0.10531,0.0,0.05,171.0765395580627,-0.0,0.0,0.0,171.0765395580627,171.0765395580627,0.0,1.0
7492,2019-11-09 04:00:00,11,2019-11-09 05:00:00,0.10531,0.10531,0.10531,0.0,0.05,169.15173422832675,-0.0,0.0,0.0,169.15173422832675,169.15173422832675,0.0,1.0
7493,2019-11-09 05:00:00,11,2019-11-09 06:00:00,0.10531,0.10531,0.10531,0.0,0.05,224.83342176534362,-105.7599005753156,0.0,0.0,330.59332234065926,330.59332234065926,0.0,1.0
7494,2019-11-09 06:00:00,11,2019-11-09 07:00:00,0.10531,0.10531,0.10531,0.0,0.3743303617643012,335.0240517265562,-0.0,0.0,0.0,335.0240517265562,335.0240517265562,0.0,1.0
7495,2019-11-09 07:00:00,11,2019-11-09 08:00:00,0.10531,0.10531,0.10531,0.0,0.3743303617643012,404.72758915632727,-0.0,41.59800729751902,0.0,363.12958185880825,363.12958185880825,0.0,0.0
7496,2019-11-09 08:00:00,11,2019-11-09 09:00:00,0.10531,0.10531,0.10531,0.0,0.22361294401966703,362.5935850306484,-0.0,0.0,0.0,362.5935850306484,362.5935850306484,0.0,1.0
7497,2019-11-09 09:00:00,11,2019-11-09 10:00:00,0.10531,0.10531,0.10531,0.0,0.22361294401966703,335.39764006342733,-0.0,0.0,0.0,335.39764006342733,335.39764006342733,0.0,1.0
7498,2019-11-09 10:00:00,11,2019-11-09 11:00:00,0.10531,0.10531,0.10531,0.0,0.22361294401966703,286.05103337276523,-77.07854848604302,0.0,0.0,363.12958185880825,363.12958185880825,0.0,1.0
7499,2019-11-09 11:00:00,11,2019-11-09 12:00:00,0.10531,0.10531,0.10531,0.0,0.4599871593768656,287.03318760573035,-0.0,0.0,0.0,287.03318760573035,287.03318760573035,0.0,1.0
7500,2019-11-09 12:00:00,11,2019-11-09 13:00:00,0.10531,0.10531,0.10531,0.0,0.4599871593768656,285.4338597837259,-0.0,0.0,0.0,285.4338597837259,285.4338597837259,0.0,1.0
7501,2019-11-09 13:00:00,11,2019-11-09 14:00:00,0.10531,0.10531,0.10531,0.0,0.4599871593768656,275.0238889165209,-88.10569294228738,0.0,0.0,363.12958185880825,363.12958185880825,0.0,1.0
7502,2019-11-09 14:00:00,11,2019-11-09 15:00:00,0.10531,0.10531,0.10531,0.0,0.7301779510665469,275.14413111963876,-87.9854507391695,0.0,0.0,363.12958185880825,363.12958185880825,0.0,1.0
7503,2019-11-09 15:00:00,11,2019-11-09 16:00:00,0.10531,0.10531,0.10531,0.0,1.0,275.8590183495782,-0.0,0.0,0.0,275.8590183495782,275.8590183495782,0.0,1.0
7504,2019-11-09 16:00:00,11,2019-11-09 17:00:00,0.13592,0.13592,0.13592,0.0,1.0,312.5614959726866,-0.0,0.0,0.0,312.5614959726866,312.5614959726866,0.0,1.0
7505,2019-11-09 17:00:00,11,2019-11-09 18:00:00,0.13592,0.13592,0.13592,0.0,1.0,361.7174838594806,-0.0,0.0,0.0,361.7174838594806,361.7174838594806,0.0,1.0
7506,2019-11-09 18:00:00,11,2019-11-09 19:00:00,0.13592,0.13592,0.13592,0.0,1.0,416.0226040857928,-0.0,57.91064973283179,0.0,358.111954352961,358.111954352961,0.0,0.0
7507,2019-11-09 19:00:00,11,2019-11-09 20:00:00,0.13592,0.13592,0.13592,0.0,0.7901788053158268,422.69850441077506,-0.0,59.56892255196681,0.0,363.12958185880825,363.12958185880825,0.0,0.0
7508,2019-11-09 20:00:00,11,2019-11-09 21:00:00,0.13592,0.13592,0.13592,0.0,0.5743493757797153,448.82463719118,-0.0,85.69505533237174,0.0,363.12958185880825,363.12958185880825,0.0,0.0
7509,2019-11-09 21:00:00,11,2019-11-09 22:00:00,0.10531,0.10531,0.10531,0.0,0.26386004486532494,422.15495424163794,-0.0,59.02537238282969,0.0,363.12958185880825,363.12958185880825,0.0,0.0
7510,2019-11-09 22:00:00,11,2019-11-09 23:00:00,0.10531,0.10531,0.10531,0.0,0.05,355.3042356659371,-0.0,0.0,0.0,355.3042356659371,355.3042356659371,0.0,1.0
7511,2019-11-09 23:00:00,11,2019-11-10 00:00:00,0.10531,0.10531,0.10531,0.0,0.05,270.1296063837289,-0.0,0.0,0.0,270.1296063837289,270.1296063837289,0.0,1.0
7512,2019-11-10 00:00:00,11,2019-11-10 01:00:00,0.10531,0.10531,0.10531,0.0,0.05,213.10620379972653,-0.0,0.0,0.0,213.10620379972653,213.10620379972653,0.0,1.0
7513,2019-11-10 01:00:00,11,2019-11-10 02:00:00,0.10531,0.10531,0.10531,0.0,0.05,189.120804821383,-0.0,0.0,0.0,189.120804821383,189.120804821383,0.0,1.0
7514,2019-11-10 02:00:00,11,2019-11-10 03:00:00,0.10531,0.10531,0.10531,0.0,0.05,171.6251086926983,-0.0,0.0,0.0,171.6251086926983,171.6251086926983,0.0,1.0
7515,2019-11-10 03:00:00,11,2019-11-10 04:00:00,0.10531,0.10531,0.10531,0.0,0.05,171.8996229212131,-0.0,0.0,0.0,171.8996229212131,171.8996229212131,0.0,1.0
7516,2019-11-10 04:00:00,11,2019-11-10 05:00:00,0.10531,0.10531,0.10531,0.0,0.05,174.1109896473194,-0.0,0.0,0.0,174.1109896473194,174.1109896473194,0.0,1.0
7517,2019-11-10 05:00:00,11,2019-11-10 06:00:00,0.10531,0.10531,0.10531,0.0,0.05,210.42106923788242,-106.27898662714132,0.0,0.0,316.7000558650237,316.7000558650237,0.0,1.0
7518,2019-11-10 06:00:00,11,2019-11-10 07:00:00,0.10531,0.10531,0.10531,0.0,0.37592222565656674,336.3408592002729,-0.0,0.0,0.0,336.3408592002729,336.3408592002729,0.0,0.0
7519,2019-11-10 07:00:00,11,2019-11-10 08:00:00,0.10531,0.10531,0.10531,0.0,0.37592222565656674,403.6317996724622,-0.0,40.50221781365394,0.0,363.12958185880825,363.12958185880825,0.0,0.0
7520,2019-11-10 08:00:00,11,2019-11-10 09:00:00,0.10531,0.10531,0.10531,0.0,0.22917505966506696,362.9609836181819,-0.0,0.0,0.0,362.9609836181819,362.9609836181819,0.0,1.0
7521,2019-11-10 09:00:00,11,2019-11-10 10:00:00,0.10531,0.10531,0.10531,0.0,0.22917505966506696,336.4269503636268,-0.0,0.0,0.0,336.4269503636268,336.4269503636268,0.0,1.0
7522,2019-11-10 10:00:00,11,2019-11-10 11:00:00,0.10531,0.10531,0.10531,0.0,0.22917505966506696,286.9240103639955,-0.0,0.0,0.0,286.9240103639955,286.9240103639955,0.0,0.0
7523,2019-11-10 11:00:00,11,2019-11-10 12:00:00,0.10531,0.10531,0.10531,0.0,0.22917505966506696,287.64009872080163,-0.0,0.0,0.0,287.64009872080163,287.64009872080163,0.0,1.0
7524,2019-11-10 12:00:00,11,2019-11-10 13:00:00,0.10531,0.10531,0.10531,0.0,0.22917505966506696,286.00256341995095,-77.1270184388573,0.0,0.0,363.12958185880825,363.12958185880825,0.0,1.0
7525,2019-11-10 13:00:00,11,2019-11-10 14:00:00,0.10531,0.10531,0.10531,0.0,0.465697916210896,275.6681454857673,-0.0,0.0,0.0,275.6681454857673,275.6681454857673,0.0,0.0
7526,2019-11-10 14:00:00,11,2019-11-10 15:00:00,0.10531,0.10531,0.10531,0.0,0.465697916210896,275.7295306449205,-87.40005121388776,0.0,0.0,363.12958185880825,363.12958185880825,0.0,1.0
7527,2019-11-10 15:00:00,11,2019-11-10 16:00:00,0.10531,0.10531,0.10531,0.0,0.7337247399334852,276.30069270668383,-86.8288891521244,0.0,0.0,363.12958185880825,363.12958185880825,0.0,1.0
7528,2019-11-10 16:00:00,11,2019-11-10 17:00:00,0.13592,0.13592,0.13592,0.0,1.0,312.884908621767,-0.0,0.0,0.0,312.884908621767,312.884908621767,0.0,1.0
7529,2019-11-10 17:00:00,11,2019-11-10 18:00:00,0.13592,0.13592,0.13592,0.0,1.0,362.73679034292576,-0.0,0.0,0.0,362.73679034292576,362.73679034292576,0.0,1.0
7530,2019-11-10 18:00:00,11,2019-11-10 19:00:00,0.13592,0.13592,0.13592,0.0,1.0,416.0810177525265,-0.0,52.95143589371827,0.0,363.12958185880825,363.12958185880825,0.0,0.0
7531,2019-11-10 19:00:00,11,2019-11-10 20:00:00,0.13592,0.13592,0.13592,0.0,0.8081469713995715,422.71506285906486,-0.0,59.58548100025661,0.0,363.12958185880825,363.12958185880825,0.0,0.0
7532,2019-11-10 20:00:00,11,2019-11-10 21:00:00,0.13592,0.13592,0.13592,0.0,0.5922575474855983,448.02613239026886,-0.0,88.95662853470627,0.0,359.0695038555626,359.0695038555626,0.0,0.0
7533,2019-11-10 21:00:00,11,2019-11-10 22:00:00,0.10531,0.10531,0.10531,0.0,0.269950922359851,423.83603643012714,-0.0,60.706454571318886,0.0,363.12958185880825,363.12958185880825,0.0,0.0
7534,2019-11-10 22:00:00,11,2019-11-10 23:00:00,0.10531,0.10531,0.10531,0.0,0.05,355.68889541489943,-7.440686443908818,0.0,0.0,363.12958185880825,363.12958185880825,0.0,1.0
7535,2019-11-10 23:00:00,11,2019-11-11 00:00:00,0.10531,0.10531,0.10531,0.0,0.07281810509465371,262.6612970215156,-42.3499443564927,0.0,0.0,305.0112413780083,305.0112413780083,0.0,1.0
7536,2019-11-11 00:00:00,11,2019-11-11 01:00:00,0.10531,0.10531,0.10531,0.0,0.202691267787898,216.64232366261177,-0.0,0.0,0.0,216.64232366261177,216.64232366261177,0.0,1.0
7537,2019-11-11 01:00:00,11,2019-11-11 02:00:00,0.10531,0.10531,0.10531,0.0,0.202691267787898,204.97402421156022,-109.99197789525066,0.0,0.0,314.9660021068109,314.9660021068109,0.0,1.0
7538,2019-11-11 02:00:00,11,2019-11-11 03:00:00,0.10531,0.10531,0.10531,0.0,0.54,175.46860525129335,-0.0,0.0,0.0,175.46860525129335,175.46860525129335,0.0,0.0
7539,2019-11-11 03:00:00,11,2019-11-11 04:00:00,0.10531,0.10531,0.10531,0.0,0.54,171.97075407218915,-0.0,0.0,0.0,171.97075407218915,171.97075407218915,0.0,1.0
7540,2019-11-11 04:00:00,11,2019-11-11 05:00:00,0.10531,0.10531,0.10531,0.0,0.54,181.79133789051198,-0.0,0.0,0.0,181.79133789051198,181.79133789051198,0.0,1.0
7541,2019-11-11 05:00:00,11,2019-11-11 06:00:00,0.10531,0.10531,0.10531,0.0,0.54,193.1114369263848,-150.0,0.0,0.0,343.11143692638484,343.11143692638484,0.0,1.0
7542,2019-11-11 06:00:00,11,2019-11-11 07:00:00,0.10531,0.10531,0.10531,0.0,1.0,281.522985391175,-0.0,0.0,0.0,281.522985391175,281.522985391175,0.0,1.0
7543,2019-11-11 07:00:00,11,2019-11-11 08:00:00,0.10531,0.10531,0.10531,0.0,1.0,368.27831630762824,-0.0,5.148734448819994,0.0,363.12958185880825,363.12958185880825,0.0,0.0
7544,2019-11-11 08:00:00,11,2019-11-11 09:00:00,0.10531,0.10531,0.10531,0.0,0.9813451650405072,400.1236373194481,-0.0,36.994055460639856,0.0,363.12958185880825,363.12958185880825,0.0,0.0
7545,2019-11-11 09:00:00,11,2019-11-11 10:00:00,0.10531,0.10531,0.10531,0.0,0.8473087322121019,345.07666398264723,-0.0,0.0,0.0,345.07666398264723,345.07666398264723,0.0,0.0
7546,2019-11-11 10:00:00,11,2019-11-11 11:00:00,0.10531,0.10531,0.10531,0.0,0.8473087322121019,300.0252557870396,-49.790630800401544,0.0,0.0,349.8158865874411,349.8158865874411,0.0,1.0
7547,2019-11-11 11:00:00,11,2019-11-11 12:00:00,0.10531,0.10531,0.10531,0.0,1.0,296.54926862785584,-0.0,0.0,0.0,296.54926862785584,296.54926862785584,0.0,0.0
7548,2019-11-11 12:00:00,11,2019-11-11 13:00:00,0.10531,0.10531,0.10531,0.0,1.0,295.5487317846732,-0.0,0.0,0.0,295.5487317846732,295.5487317846732,0.0,1.0
7549,2019-11-11 13:00:00,11,2019-11-11 14:00:00,0.10531,0.10531,0.10531,0.0,1.0,275.74660681547715,-0.0,0.0,0.0,275.74660681547715,275.74660681547715,0.0,1.0
7550,2019-11-11 14:00:00,11,2019-11-11 15:00:00,0.10531,0.10531,0.10531,0.0,1.0,275.7214278880164,-0.0,0.0,0.0,275.7214278880164,275.7214278880164,0.0,1.0
7551,2019-11-11 15:00:00,11,2019-11-11 16:00:00,0.10531,0.10531,0.10531,0.0,1.0,276.7027649046568,-0.0,0.0,0.0,276.7027649046568,276.7027649046568,0.0,1.0
7552,2019-11-11 16:00:00,11,2019-11-11 17:00:00,0.13592,0.13592,0.13592,0.0,1.0,313.5497258492653,-0.0,0.0,0.0,313.5497258492653,313.5497258492653,0.0,1.0
7553,2019-11-11 17:00:00,11,2019-11-11 18:00:00,0.13592,0.13592,0.13592,0.0,1.0,353.74828206823486,-0.0,0.0,0.0,353.74828206823486,353.74828206823486,0.0,1.0
7554,2019-11-11 18:00:00,11,2019-11-11 19:00:00,0.13592,0.13592,0.13592,0.0,1.0,417.08520451356213,-0.0,53.95562265475388,0.0,363.12958185880825,363.12958185880825,0.0,0.0
7555,2019-11-11 19:00:00,11,2019-11-11 20:00:00,0.13592,0.13592,0.13592,0.0,0.8045086135697324,418.39005793440134,-0.0,55.26047607559309,0.0,363.12958185880825,363.12958185880825,0.0,0.0
7556,2019-11-11 20:00:00,11,2019-11-11 21:00:00,0.13592,0.13592,0.13592,0.0,0.6042894973538153,439.36896812636746,-0.0,106.27391981803797,0.0,333.0950483083295,333.0950483083295,0.0,0.0
7557,2019-11-11 21:00:00,11,2019-11-11 22:00:00,0.10531,0.10531,0.10531,0.0,0.21923906323048944,409.83956331042333,-0.0,46.70998145161508,0.0,363.12958185880825,363.12958185880825,0.0,0.0
7558,2019-11-11 22:00:00,11,2019-11-11 23:00:00,0.10531,0.10531,0.10531,0.0,0.05,355.13897375373745,-0.0,0.0,0.0,355.13897375373745,355.13897375373745,0.0,1.0
7559,2019-11-11 23:00:00,11,2019-11-12 00:00:00,0.10531,0.10531,0.10531,0.0,0.05,271.42208158960034,-0.0,0.0,0.0,271.42208158960034,271.42208158960034,0.0,1.0
7560,2019-11-12 00:00:00,11,2019-11-12 01:00:00,0.10531,0.10531,0.10531,0.0,0.05,213.25917148796168,-0.0,0.0,0.0,213.25917148796168,213.25917148796168,0.0,1.0
7561,2019-11-12 01:00:00,11,2019-11-12 02:00:00,0.10531,0.10531,0.10531,0.0,0.05,208.79671506904646,-150.0,0.0,0.0,358.79671506904646,358.79671506904646,0.0,1.0
7562,2019-11-12 02:00:00,11,2019-11-12 03:00:00,0.10531,0.10531,0.10531,0.0,0.51,189.77008348704607,-9.782608695652174,0.0,0.0,199.55269218269825,199.55269218269825,0.0,1.0
7563,2019-11-12 03:00:00,11,2019-11-12 04:00:00,0.10531,0.10531,0.10531,0.0,0.54,186.5268521919561,-0.0,0.0,0.0,186.5268521919561,186.5268521919561,0.0,0.0
7564,2019-11-12 04:00:00,11,2019-11-12 05:00:00,0.10531,0.10531,0.10531,0.0,0.54,192.08958568417646,-0.0,0.0,0.0,192.08958568417646,192.08958568417646,0.0,1.0
7565,2019-11-12 05:00:00,11,2019-11-12 06:00:00,0.10531,0.10531,0.10531,0.0,0.54,199.8016663562461,-150.0,0.0,0.0,349.8016663562461,349.8016663562461,0.0,1.0
7566,2019-11-12 06:00:00,11,2019-11-12 07:00:00,0.10531,0.10531,0.10531,0.0,1.0,275.50731080592186,-0.0,0.0,0.0,275.50731080592186,275.50731080592186,0.0,1.0
7567,2019-11-12 07:00:00,11,2019-11-12 08:00:00,0.10531,0.10531,0.10531,0.0,1.0,364.64145034309774,-0.0,1.5118684842894936,0.0,363.12958185880825,363.12958185880825,0.0,0.0
7568,2019-11-12 08:00:00,11,2019-11-12 09:00:00,0.10531,0.10531,0.10531,0.0,0.9945222156366323,400.16692128260877,-0.0,37.03733942380052,0.0,363.12958185880825,363.12958185880825,0.0,0.0
7569,2019-11-12 09:00:00,11,2019-11-12 10:00:00,0.10531,0.10531,0.10531,0.0,0.8603289568547465,345.0468940012005,-0.0,0.0,0.0,345.0468940012005,345.0468940012005,0.0,0.0
7570,2019-11-12 10:00:00,11,2019-11-12 11:00:00,0.10531,0.10531,0.10531,0.0,0.8603289568547465,300.05404480939967,-0.0,0.0,0.0,300.05404480939967,300.05404480939967,0.0,0.0
7571,2019-11-12 11:00:00,11,2019-11-12 12:00:00,0.10531,0.10531,0.10531,0.0,0.8603289568547465,295.5786605961322,-45.54490537345225,0.0,0.0,341.12356596958443,341.12356596958443,0.0,1.0
7572,2019-11-12 12:00:00,11,2019-11-12 13:00:00,0.10531,0.10531,0.10531,0.0,1.0,293.99273237096054,-0.0,0.0,0.0,293.99273237096054,293.99273237096054,0.0,1.0
7573,2019-11-12 13:00:00,11,2019-11-12 14:00:00,0.10531,0.10531,0.10531,0.0,1.0,273.12008806850406,-0.0,0.0,0.0,273.12008806850406,273.12008806850406,0.0,1.0
7574,2019-11-12 14:00:00,11,2019-11-12 15:00:00,0.10531,0.10531,0.10531,0.0,1.0,272.5186409057261,-0.0,0.0,0.0,272.5186409057261,272.5186409057261,0.0,1.0
7575,2019-11-12 15:00:00,11,2019-11-12 16:00:00,0.10531,0.10531,0.10531,0.0,1.0,273.47042211771867,-0.0,0.0,0.0,273.47042211771867,273.47042211771867,0.0,1.0
7576,2019-11-12 16:00:00,11,2019-11-12 17:00:00,0.13592,0.13592,0.13592,0.0,1.0,312.83436051868756,-0.0,0.0,0.0,312.83436051868756,312.83436051868756,0.0,1.0
7577,2019-11-12 17:00:00,11,2019-11-12 18:00:00,0.13592,0.13592,0.13592,0.0,1.0,354.6200021655193,-0.0,0.0,0.0,354.6200021655193,354.6200021655193,0.0,1.0
7578,2019-11-12 18:00:00,11,2019-11-12 19:00:00,0.13592,0.13592,0.13592,0.0,1.0,417.3402284271472,-0.0,54.21064656833897,0.0,363.12958185880825,363.12958185880825,0.0,0.0
7579,2019-11-12 19:00:00,11,2019-11-12 20:00:00,0.13592,0.13592,0.13592,0.0,0.8035846138828298,420.18529045911225,-0.0,83.36162634555576,0.0,336.8236641135565,336.8236641135565,0.0,0.0
7580,2019-11-12 20:00:00,11,2019-11-12 21:00:00,0.13592,0.13592,0.13592,0.0,0.501549735819222,440.94351532101587,-0.0,77.81393346220761,0.0,363.12958185880825,363.12958185880825,0.0,0.0
7581,2019-11-12 21:00:00,11,2019-11-12 22:00:00,0.10531,0.10531,0.10531,0.0,0.21961519428948426,409.9433754827059,-0.0,46.81379362389765,0.0,363.12958185880825,363.12958185880825,0.0,0.0
7582,2019-11-12 22:00:00,11,2019-11-12 23:00:00,0.10531,0.10531,0.10531,0.0,0.05,354.1481718429828,-8.981410015825475,0.0,0.0,363.12958185880825,363.12958185880825,0.0,1.0
7583,2019-11-12 23:00:00,11,2019-11-13 00:00:00,0.10531,0.10531,0.10531,0.0,0.07754299071519813,287.06452223055135,-37.73283353529276,0.0,0.0,324.79735576584415,324.79735576584415,0.0,1.0
7584,2019-11-13 00:00:00,11,2019-11-13 01:00:00,0.10531,0.10531,0.10531,0.0,0.1932570135567626,206.7606430388536,-0.0,0.0,0.0,206.7606430388536,206.7606430388536,0.0,1.0
7585,2019-11-13 01:00:00,11,2019-11-13 02:00:00,0.10531,0.10531,0.10531,0.0,0.1932570135567626,186.4510757941951,-0.0,0.0,0.0,186.4510757941951,186.4510757941951,0.0,1.0
7586,2019-11-13 02:00:00,11,2019-11-13 03:00:00,0.10531,0.10531,0.10531,0.0,0.1932570135567626,195.33551084216688,-113.06836514453391,0.0,0.0,308.40387598670077,308.40387598670077,0.0,1.0
7587,2019-11-13 03:00:00,11,2019-11-13 04:00:00,0.10531,0.10531,0.10531,0.0,0.54,170.26180383070746,-150.0,0.0,0.0,320.26180383070744,320.26180383070744,0.0,1.0
7588,2019-11-13 04:00:00,11,2019-11-13 05:00:00,0.10531,0.10531,0.10531,0.0,1.0,180.42557354965766,-0.0,0.0,0.0,180.42557354965766,180.42557354965766,0.0,0.0
7589,2019-11-13 05:00:00,11,2019-11-13 06:00:00,0.10531,0.10531,0.10531,0.0,1.0,211.98238358380954,-0.0,0.0,0.0,211.98238358380954,211.98238358380954,0.0,1.0
7590,2019-11-13 06:00:00,11,2019-11-13 07:00:00,0.10531,0.10531,0.10531,0.0,1.0,341.81766722703884,-0.0,0.0,0.0,341.81766722703884,341.81766722703884,0.0,1.0
7591,2019-11-13 07:00:00,11,2019-11-13 08:00:00,0.10531,0.10531,0.10531,0.0,1.0,401.9106298031895,-0.0,38.78104794438127,0.0,363.12958185880825,363.12958185880825,0.0,0.0
7592,2019-11-13 08:00:00,11,2019-11-13 09:00:00,0.10531,0.10531,0.10531,0.0,0.8594889567232563,363.88746965609346,-0.0,0.7578877972852069,0.0,363.12958185880825,363.12958185880825,0.0,0.0
7593,2019-11-13 09:00:00,11,2019-11-13 10:00:00,0.10531,0.10531,0.10531,0.0,0.8567429864432373,337.389731463303,-25.739850395505243,0.0,0.0,363.12958185880825,363.12958185880825,0.0,1.0
7594,2019-11-13 10:00:00,11,2019-11-13 11:00:00,0.10531,0.10531,0.10531,0.0,0.9356785276561201,286.58333001353066,-0.0,0.0,0.0,286.58333001353066,286.58333001353066,0.0,0.0
7595,2019-11-13 11:00:00,11,2019-11-13 12:00:00,0.10531,0.10531,0.10531,0.0,0.9356785276561201,287.43936196539795,-0.0,0.0,0.0,287.43936196539795,287.43936196539795,0.0,0.0
7596,2019-11-13 12:00:00,11,2019-11-13 13:00:00,0.10531,0.10531,0.10531,0.0,0.9356785276561201,286.11334578387726,-0.0,0.0,0.0,286.11334578387726,286.11334578387726,0.0,0.0
7597,2019-11-13 13:00:00,11,2019-11-13 14:00:00,0.10531,0.10531,0.10531,0.0,0.9356785276561201,273.3847224187527,-0.0,0.0,0.0,273.3847224187527,273.3847224187527,0.0,0.0
7598,2019-11-13 14:00:00,11,2019-11-13 15:00:00,0.10531,0.10531,0.10531,0.0,0.9356785276561201,273.4193806236637,-20.974393155613004,0.0,0.0,294.39377377927667,294.39377377927667,0.0,1.0
7599,2019-11-13 15:00:00,11,2019-11-13 16:00:00,0.10531,0.10531,0.10531,0.0,1.0,275.28050269516854,-0.0,0.0,0.0,275.28050269516854,275.28050269516854,0.0,1.0
7600,2019-11-13 16:00:00,11,2019-11-13 17:00:00,0.13592,0.13592,0.13592,0.0,1.0,315.3443132035214,-0.0,0.0,0.0,315.3443132035214,315.3443132035214,0.0,1.0
7601,2019-11-13 17:00:00,11,2019-11-13 18:00:00,0.13592,0.13592,0.13592,0.0,1.0,361.62528379027,-0.0,0.0,0.0,361.62528379027,361.62528379027,0.0,1.0
7602,2019-11-13 18:00:00,11,2019-11-13 19:00:00,0.13592,0.13592,0.13592,0.0,1.0,416.3516741004886,-0.0,55.97832563661812,0.0,360.37334846387046,360.37334846387046,0.0,0.0
7603,2019-11-13 19:00:00,11,2019-11-13 20:00:00,0.13592,0.13592,0.13592,0.0,0.7971799795774706,423.40411545991304,-0.0,60.27453360110479,0.0,363.12958185880825,363.12958185880825,0.0,0.0
7604,2019-11-13 20:00:00,11,2019-11-13 21:00:00,0.13592,0.13592,0.13592,0.0,0.57879398826912,448.5513400855451,-0.0,85.42175822673687,0.0,363.12958185880825,363.12958185880825,0.0,0.0
7605,2019-11-13 21:00:00,11,2019-11-13 22:00:00,0.10531,0.10531,0.10531,0.0,0.2692948642592038,423.6549643943485,-0.0,60.525382535540245,0.0,363.12958185880825,363.12958185880825,0.0,0.0
7606,2019-11-13 22:00:00,11,2019-11-13 23:00:00,0.10531,0.10531,0.10531,0.0,0.05,355.0703539270135,-0.0,0.0,0.0,355.0703539270135,355.0703539270135,0.0,1.0
7607,2019-11-13 23:00:00,11,2019-11-14 00:00:00,0.10531,0.10531,0.10531,0.0,0.05,286.9445543267848,-0.0,0.0,0.0,286.9445543267848,286.9445543267848,0.0,1.0
7608,2019-11-14 00:00:00,11,2019-11-14 01:00:00,0.10531,0.10531,0.10531,0.0,0.05,187.2288624403621,-0.0,0.0,0.0,187.2288624403621,187.2288624403621,0.0,1.0
7609,2019-11-14 01:00:00,11,2019-11-14 02:00:00,0.10531,0.10531,0.10531,0.0,0.05,184.75034813961875,-0.0,0.0,0.0,184.75034813961875,184.75034813961875,0.0,1.0
7610,2019-11-14 02:00:00,11,2019-11-14 03:00:00,0.10531,0.10531,0.10531,0.0,0.05,201.11473149346784,-0.0,0.0,0.0,201.11473149346784,201.11473149346784,0.0,0.0
7611,2019-11-14 03:00:00,11,2019-11-14 04:00:00,0.10531,0.10531,0.10531,0.0,0.05,163.5571734197593,-0.0,0.0,0.0,163.5571734197593,163.5571734197593,0.0,1.0
7612,2019-11-14 04:00:00,11,2019-11-14 05:00:00,0.10531,0.10531,0.10531,0.0,0.05,175.38194788677328,-26.914321450895475,0.0,0.0,202.29626933766875,202.29626933766875,0.0,1.0
7613,2019-11-14 05:00:00,11,2019-11-14 06:00:00,0.10531,0.10531,0.10531,0.0,0.13253725244941278,214.3565801380072,-148.77300172080106,0.0,0.0,363.12958185880825,363.12958185880825,0.0,1.0
7614,2019-11-14 06:00:00,11,2019-11-14 07:00:00,0.10531,0.10531,0.10531,0.0,0.5887744577265361,343.1781381920032,-19.951443666805062,0.0,0.0,363.12958185880825,363.12958185880825,0.0,1.0
7615,2019-11-14 07:00:00,11,2019-11-14 08:00:00,0.10531,0.10531,0.10531,0.0,0.649958884971405,402.6197058021391,-0.0,39.49012394333084,0.0,363.12958185880825,363.12958185880825,0.0,0.0
7616,2019-11-14 08:00:00,11,2019-11-14 09:00:00,0.10531,0.10531,0.10531,0.0,0.5068787257564382,365.64947631333087,-0.0,2.519894454522614,0.0,363.12958185880825,363.12958185880825,0.0,0.0
7617,2019-11-14 09:00:00,11,2019-11-14 10:00:00,0.10531,0.10531,0.10531,0.0,0.49774867338497947,336.5258286707783,-0.0,0.0,0.0,336.5258286707783,336.5258286707783,0.0,0.0
7618,2019-11-14 10:00:00,11,2019-11-14 11:00:00,0.10531,0.10531,0.10531,0.0,0.49774867338497947,287.14817213393417,-75.98140972487408,0.0,0.0,363.12958185880825,363.12958185880825,0.0,1.0
7619,2019-11-14 11:00:00,11,2019-11-14 12:00:00,0.10531,0.10531,0.10531,0.0,0.7307583298745932,286.99528591702403,-0.0,0.0,0.0,286.99528591702403,286.99528591702403,0.0,1.0
7620,2019-11-14 12:00:00,11,2019-11-14 13:00:00,0.10531,0.10531,0.10531,0.0,0.7307583298745932,285.63728459265667,-77.49229726615158,0.0,0.0,363.12958185880825,363.12958185880825,0.0,1.0
7621,2019-11-14 13:00:00,11,2019-11-14 14:00:00,0.10531,0.10531,0.10531,0.0,0.9684013748241248,275.2806159914407,-10.30389951387234,0.0,0.0,285.58451550531305,285.58451550531305,0.0,1.0
7622,2019-11-14 14:00:00,11,2019-11-14 15:00:00,0.10531,0.10531,0.10531,0.0,1.0,275.3333850787843,-0.0,0.0,0.0,275.3333850787843,275.3333850787843,0.0,1.0
7623,2019-11-14 15:00:00,11,2019-11-14 16:00:00,0.10531,0.10531,0.10531,0.0,1.0,275.76733896336003,-0.0,0.0,0.0,275.76733896336003,275.76733896336003,0.0,1.0
7624,2019-11-14 16:00:00,11,2019-11-14 17:00:00,0.13592,0.13592,0.13592,0.0,1.0,315.9964783172755,-0.0,0.0,0.0,315.9964783172755,315.9964783172755,0.0,1.0
7625,2019-11-14 17:00:00,11,2019-11-14 18:00:00,0.13592,0.13592,0.13592,0.0,1.0,361.0172033992229,-0.0,0.0,0.0,361.0172033992229,361.0172033992229,0.0,1.0
7626,2019-11-14 18:00:00,11,2019-11-14 19:00:00,0.13592,0.13592,0.13592,0.0,1.0,414.80296520444637,-0.0,59.434980614548145,0.0,355.36798458989824,355.36798458989824,0.0,0.0
7627,2019-11-14 19:00:00,11,2019-11-14 20:00:00,0.13592,0.13592,0.13592,0.0,0.7846558673385937,421.98966579602296,-0.0,58.86008393721471,0.0,363.12958185880825,363.12958185880825,0.0,0.0
7628,2019-11-14 20:00:00,11,2019-11-14 21:00:00,0.13592,0.13592,0.13592,0.0,0.5713946936530331,448.31008395313916,-0.0,85.1805020943309,0.0,363.12958185880825,363.12958185880825,0.0,0.0
7629,2019-11-14 21:00:00,11,2019-11-14 22:00:00,0.10531,0.10531,0.10531,0.0,0.2627696860648777,421.8540152127145,-0.0,58.72443335390625,0.0,363.12958185880825,363.12958185880825,0.0,0.0
7630,2019-11-14 22:00:00,11,2019-11-14 23:00:00,0.10531,0.10531,0.10531,0.0,0.05,352.68539745334897,-0.0,0.0,0.0,352.68539745334897,352.68539745334897,0.0,1.0
7631,2019-11-14 23:00:00,11,2019-11-15 00:00:00,0.10531,0.10531,0.10531,0.0,0.05,259.0295949745482,-0.0,0.0,0.0,259.0295949745482,259.0295949745482,0.0,1.0
7632,2019-11-15 00:00:00,11,2019-11-15 01:00:00,0.10531,0.10531,0.10531,0.0,0.05,212.1732985411902,-0.0,0.0,0.0,212.1732985411902,212.1732985411902,0.0,1.0
7633,2019-11-15 01:00:00,11,2019-11-15 02:00:00,0.10531,0.10531,0.10531,0.0,0.05,192.71609918070567,-0.0,0.0,0.0,192.71609918070567,192.71609918070567,0.0,1.0
7634,2019-11-15 02:00:00,11,2019-11-15 03:00:00,0.10531,0.10531,0.10531,0.0,0.05,178.61399755668106,-0.0,0.0,0.0,178.61399755668106,178.61399755668106,0.0,1.0
7635,2019-11-15 03:00:00,11,2019-11-15 04:00:00,0.10531,0.10531,0.10531,0.0,0.05,176.88276910189907,-150.0,0.0,0.0,326.88276910189904,326.88276910189904,0.0,1.0
7636,2019-11-15 04:00:00,11,2019-11-15 05:00:00,0.10531,0.10531,0.10531,0.0,0.51,181.48445615798218,-26.81054031730031,0.0,0.0,208.2949964752825,208.2949964752825,0.0,1.0
7637,2019-11-15 05:00:00,11,2019-11-15 06:00:00,0.10531,0.10531,0.10531,0.0,0.5922189903063876,217.78380803384513,0.0,0.0,0.0,217.78380803384513,217.78380803384513,0.0,0.0
7638,2019-11-15 06:00:00,11,2019-11-15 07:00:00,0.10531,0.10531,0.10531,0.0,0.5922189903063876,349.0704454519159,-14.059136406892378,0.0,0.0,363.12958185880825,363.12958185880825,0.0,1.0
7639,2019-11-15 07:00:00,11,2019-11-15 08:00:00,0.10531,0.10531,0.10531,0.0,0.6353336752875243,401.4487004171195,-0.0,38.31911855831123,0.0,363.12958185880825,363.12958185880825,0.0,0.0
7640,2019-11-15 08:00:00,11,2019-11-15 09:00:00,0.10531,0.10531,0.10531,0.0,0.4964962892066865,363.2563128990495,-0.0,0.12673104024122495,0.0,363.12958185880825,363.12958185880825,0.0,0.0
7641,2019-11-15 09:00:00,11,2019-11-15 10:00:00,0.10531,0.10531,0.10531,0.0,0.49603711877102985,336.43866680503777,-0.0,0.0,0.0,336.43866680503777,336.43866680503777,0.0,0.0
7642,2019-11-15 10:00:00,11,2019-11-15 11:00:00,0.10531,0.10531,0.10531,0.0,0.49603711877102985,286.62791268712516,-76.50166917168309,0.0,0.0,363.12958185880825,363.12958185880825,0.0,1.0
7643,2019-11-15 11:00:00,11,2019-11-15 12:00:00,0.10531,0.10531,0.10531,0.0,0.7306422375641913,287.52059360035446,-0.0,0.0,0.0,287.52059360035446,287.52059360035446,0.0,0.0
7644,2019-11-15 12:00:00,11,2019-11-15 13:00:00,0.10531,0.10531,0.10531,0.0,0.7306422375641913,285.617183075191,-0.0,0.0,0.0,285.617183075191,285.617183075191,0.0,0.0
7645,2019-11-15 13:00:00,11,2019-11-15 14:00:00,0.10531,0.10531,0.10531,0.0,0.7306422375641913,275.30714319580585,-0.4381028356984883,0.0,0.0,275.74524603150434,275.74524603150434,0.0,1.0
7646,2019-11-15 14:00:00,11,2019-11-15 15:00:00,0.10531,0.10531,0.10531,0.0,0.7319857529270001,275.2955288906098,-0.0,0.0,0.0,275.2955288906098,275.2955288906098,0.0,1.0
7647,2019-11-15 15:00:00,11,2019-11-15 16:00:00,0.10531,0.10531,0.10531,0.0,0.7319857529270001,275.73363172630826,-87.39595013249999,0.0,0.0,363.12958185880825,363.12958185880825,0.0,1.0
7648,2019-11-15 16:00:00,11,2019-11-15 17:00:00,0.13592,0.13592,0.13592,0.0,1.0,315.3043742231869,-0.0,0.0,0.0,315.3043742231869,315.3043742231869,0.0,1.0
7649,2019-11-15 17:00:00,11,2019-11-15 18:00:00,0.13592,0.13592,0.13592,0.0,1.0,361.5642035225578,-0.0,0.0,0.0,361.5642035225578,361.5642035225578,0.0,1.0
7650,2019-11-15 18:00:00,11,2019-11-15 19:00:00,0.13592,0.13592,0.13592,0.0,1.0,415.29779202810533,-0.0,57.43316484559062,0.0,357.8646271825147,357.8646271825147,0.0,0.0
7651,2019-11-15 19:00:00,11,2019-11-15 20:00:00,0.13592,0.13592,0.13592,0.0,0.7919088230232224,422.90942317337215,-0.0,59.779841314563896,0.0,363.12958185880825,363.12958185880825,0.0,0.0
7652,2019-11-15 20:00:00,11,2019-11-15 21:00:00,0.13592,0.13592,0.13592,0.0,0.5753151950719039,448.81481761188513,-0.0,85.68523575307688,0.0,363.12958185880825,363.12958185880825,0.0,0.0
7653,2019-11-15 21:00:00,11,2019-11-15 22:00:00,0.10531,0.10531,0.10531,0.0,0.26486144234336445,422.43133994557684,-0.0,59.30175808676859,0.0,363.12958185880825,363.12958185880825,0.0,0.0
7654,2019-11-15 22:00:00,11,2019-11-15 23:00:00,0.10531,0.10531,0.10531,0.0,0.05,355.22212630190637,-0.0,0.0,0.0,355.22212630190637,355.22212630190637,0.0,1.0
7655,2019-11-15 23:00:00,11,2019-11-16 00:00:00,0.10531,0.10531,0.10531,0.0,0.05,287.554013199742,-53.94040186070689,0.0,0.0,341.4944150604489,341.4944150604489,0.0,1.0
7656,2019-11-16 00:00:00,11,2019-11-16 01:00:00,0.10531,0.10531,0.10531,0.0,0.21541723237283444,210.6056984532424,-0.0,0.0,0.0,210.6056984532424,210.6056984532424,0.0,1.0
7657,2019-11-16 01:00:00,11,2019-11-16 02:00:00,0.10531,0.10531,0.10531,0.0,0.21541723237283444,214.44625670486684,-0.0,0.0,0.0,214.44625670486684,214.44625670486684,0.0,1.0
7658,2019-11-16 02:00:00,11,2019-11-16 03:00:00,0.10531,0.10531,0.10531,0.0,0.21541723237283444,180.53837627002736,-36.913568226438265,0.0,0.0,217.45194449646561,217.45194449646561,0.0,1.0
7659,2019-11-16 03:00:00,11,2019-11-16 04:00:00,0.10531,0.10531,0.10531,0.0,0.32861884160057847,188.03115708636312,-0.0,2.6147972675971688e-14,0.0,188.0311570863631,188.0311570863631,0.0,1.0
7660,2019-11-16 04:00:00,11,2019-11-16 05:00:00,0.10531,0.10531,0.10531,0.0,0.32861884160057836,182.05441048858214,-150.0,0.0,0.0,332.0544104885821,332.0544104885821,0.0,1.0
7661,2019-11-16 05:00:00,11,2019-11-16 06:00:00,0.10531,0.10531,0.10531,0.0,0.7886188416005784,217.19452763854153,-0.0,-7.080798493276562e-14,0.0,217.1945276385416,217.1945276385416,0.0,1.0
7662,2019-11-16 06:00:00,11,2019-11-16 07:00:00,0.10531,0.10531,0.10531,0.0,0.7886188416005786,345.30882268508077,-18.118538778869834,0.0,0.0,363.4273614639506,363.4273614639506,0.0,1.0
7663,2019-11-16 07:00:00,11,2019-11-16 08:00:00,0.10531,0.10531,0.10531,0.0,0.844182360522446,405.74836097793786,-0.0,42.32099951398719,0.0,363.42736146395066,363.42736146395066,0.0,0.0
7664,2019-11-16 08:00:00,11,2019-11-16 09:00:00,0.10531,0.10531,0.10531,0.0,0.6908454057616229,366.16595887458095,-0.0,2.738597410630348,0.0,363.4273614639506,363.4273614639506,0.0,0.0
7665,2019-11-16 09:00:00,11,2019-11-16 10:00:00,0.10531,0.10531,0.10531,0.0,0.6809229513752811,336.7066694347584,-26.720692029192207,0.0,0.0,363.4273614639506,363.4273614639506,0.0,1.0
7666,2019-11-16 10:00:00,11,2019-11-16 11:00:00,0.10531,0.10531,0.10531,0.0,0.7628664069314706,286.10118981116926,-77.32617165278135,0.0,0.0,363.4273614639506,363.4273614639506,0.0,1.0
7667,2019-11-16 11:00:00,11,2019-11-16 12:00:00,0.10531,0.10531,0.10531,0.0,1.0,286.46153233563706,-0.0,0.0,0.0,286.46153233563706,286.46153233563706,0.0,0.0
7668,2019-11-16 12:00:00,11,2019-11-16 13:00:00,0.10531,0.10531,0.10531,0.0,1.0,285.50498608421765,-0.0,0.0,0.0,285.50498608421765,285.50498608421765,0.0,1.0
7669,2019-11-16 13:00:00,11,2019-11-16 14:00:00,0.10531,0.10531,0.10531,0.0,1.0,274.37281128778767,-0.0,0.0,0.0,274.37281128778767,274.37281128778767,0.0,1.0
7670,2019-11-16 14:00:00,11,2019-11-16 15:00:00,0.10531,0.10531,0.10531,0.0,1.0,276.69940206200283,-0.0,0.0,0.0,276.69940206200283,276.69940206200283,0.0,1.0
7671,2019-11-16 15:00:00,11,2019-11-16 16:00:00,0.10531,0.10531,0.10531,0.0,1.0,277.2740679884925,-0.0,0.0,0.0,277.2740679884925,277.2740679884925,0.0,1.0
7672,2019-11-16 16:00:00,11,2019-11-16 17:00:00,0.13592,0.13592,0.13592,0.0,1.0,314.8959875497294,-0.0,0.0,0.0,314.8959875497294,314.8959875497294,0.0,1.0
7673,2019-11-16 17:00:00,11,2019-11-16 18:00:00,0.13592,0.13592,0.13592,0.0,1.0,359.9911784584592,-0.0,0.0,0.0,359.9911784584592,359.9911784584592,0.0,1.0
7674,2019-11-16 18:00:00,11,2019-11-16 19:00:00,0.13592,0.13592,0.13592,0.0,1.0,417.0775920032246,-0.0,53.650230539274006,0.0,363.4273614639506,363.4273614639506,0.0,0.0
7675,2019-11-16 19:00:00,11,2019-11-16 20:00:00,0.13592,0.13592,0.13592,0.0,0.8056151067417608,424.45446131647924,-0.0,61.027099852528636,0.0,363.4273614639506,363.4273614639506,0.0,0.0
7676,2019-11-16 20:00:00,11,2019-11-16 21:00:00,0.13592,0.13592,0.13592,0.0,0.5845024261166571,450.14698191201404,-0.0,86.71962044806344,0.0,363.4273614639506,363.4273614639506,0.0,0.0
7677,2019-11-16 21:00:00,11,2019-11-16 22:00:00,0.10531,0.10531,0.10531,0.0,0.2703009027541084,424.2304106240845,-0.0,60.80304916013393,0.0,363.4273614639506,363.4273614639506,0.0,0.0
7678,2019-11-16 22:00:00,11,2019-11-16 23:00:00,0.10531,0.10531,0.10531,0.0,0.05,356.6587547109598,-0.0,0.0,0.0,356.6587547109598,356.6587547109598,0.0,1.0
7679,2019-11-16 23:00:00,11,2019-11-17 00:00:00,0.10531,0.10531,0.10531,0.0,0.05,288.5688951967425,-0.0,0.0,0.0,288.5688951967425,288.5688951967425,0.0,1.0
7680,2019-11-17 00:00:00,11,2019-11-17 01:00:00,0.10531,0.10531,0.10531,0.0,0.05,217.0290525540934,-5.136355917226455,0.0,0.0,222.16540847131986,222.16540847131986,0.0,1.0
7681,2019-11-17 01:00:00,11,2019-11-17 02:00:00,0.10531,0.10531,0.10531,0.0,0.06575149147949447,201.02196427561742,-150.0,0.0,0.0,351.0219642756174,351.0219642756174,0.0,1.0
7682,2019-11-17 02:00:00,11,2019-11-17 03:00:00,0.10531,0.10531,0.10531,0.0,0.5257514914794945,191.72270206054702,-0.0,0.0,0.0,191.72270206054702,191.72270206054702,0.0,0.0
7683,2019-11-17 03:00:00,11,2019-11-17 04:00:00,0.10531,0.10531,0.10531,0.0,0.5257514914794945,195.64328012823285,-0.0,0.0,0.0,195.64328012823285,195.64328012823285,0.0,0.0
7684,2019-11-17 04:00:00,11,2019-11-17 05:00:00,0.10531,0.10531,0.10531,0.0,0.5257514914794945,202.92543907436814,-0.0,0.0,0.0,202.92543907436814,202.92543907436814,0.0,1.0
7685,2019-11-17 05:00:00,11,2019-11-17 06:00:00,0.10531,0.10531,0.10531,0.0,0.5257514914794945,239.8061316392077,-123.62122982474295,0.0,0.0,363.42736146395066,363.42736146395066,0.0,1.0
7686,2019-11-17 06:00:00,11,2019-11-17 07:00:00,0.10531,0.10531,0.10531,0.0,0.9048565962753728,333.36869563731204,-0.0,0.0,0.0,333.36869563731204,333.36869563731204,0.0,1.0
7687,2019-11-17 07:00:00,11,2019-11-17 08:00:00,0.10531,0.10531,0.10531,0.0,0.9048565962753728,409.3819190429129,-0.0,45.95455757896224,0.0,363.42736146395066,363.42736146395066,0.0,0.0
7688,2019-11-17 08:00:00,11,2019-11-17 09:00:00,0.10531,0.10531,0.10531,0.0,0.7383545760617416,366.59839071889184,-0.0,3.1710292549411747,0.0,363.42736146395066,363.42736146395066,0.0,0.0
7689,2019-11-17 09:00:00,11,2019-11-17 10:00:00,0.10531,0.10531,0.10531,0.0,0.7268653396307954,336.1430785836482,-0.0,0.0,0.0,336.1430785836482,336.1430785836482,0.0,0.0
7690,2019-11-17 10:00:00,11,2019-11-17 11:00:00,0.10531,0.10531,0.10531,0.0,0.7268653396307954,286.0015084323448,-0.0,0.0,0.0,286.0015084323448,286.0015084323448,0.0,1.0
7691,2019-11-17 11:00:00,11,2019-11-17 12:00:00,0.10531,0.10531,0.10531,0.0,0.7268653396307954,286.42092213606566,-0.0,0.0,0.0,286.42092213606566,286.42092213606566,0.0,1.0
7692,2019-11-17 12:00:00,11,2019-11-17 13:00:00,0.10531,0.10531,0.10531,0.0,0.7268653396307954,284.806192535054,-0.0,0.0,0.0,284.806192535054,284.806192535054,0.0,1.0
7693,2019-11-17 13:00:00,11,2019-11-17 14:00:00,0.10531,0.10531,0.10531,0.0,0.7268653396307954,274.36171134355783,-0.0,0.0,0.0,274.36171134355783,274.36171134355783,0.0,0.0
7694,2019-11-17 14:00:00,11,2019-11-17 15:00:00,0.10531,0.10531,0.10531,0.0,0.7268653396307954,273.96340777784843,-89.0656501203928,0.0,0.0,363.02905789824126,363.02905789824126,0.0,1.0
7695,2019-11-17 15:00:00,11,2019-11-17 16:00:00,0.10531,0.10531,0.10531,0.0,1.0,275.0975270342002,-0.0,0.0,0.0,275.0975270342002,275.0975270342002,0.0,1.0
7696,2019-11-17 16:00:00,11,2019-11-17 17:00:00,0.13592,0.13592,0.13592,0.0,1.0,316.2647165068138,-0.0,0.0,0.0,316.2647165068138,316.2647165068138,0.0,1.0
7697,2019-11-17 17:00:00,11,2019-11-17 18:00:00,0.13592,0.13592,0.13592,0.0,1.0,362.29898018217233,-0.0,0.0,0.0,362.29898018217233,362.29898018217233,0.0,1.0
7698,2019-11-17 18:00:00,11,2019-11-17 19:00:00,0.13592,0.13592,0.13592,0.0,1.0,416.6572837276052,-0.0,55.683219811669176,0.0,360.97406391593603,360.97406391593603,0.0,0.0
7699,2019-11-17 19:00:00,11,2019-11-17 20:00:00,0.13592,0.13592,0.13592,0.0,0.7982492035809088,423.8018197936335,-0.0,60.37445832968285,0.0,363.42736146395066,363.42736146395066,0.0,0.0
7700,2019-11-17 20:00:00,11,2019-11-17 21:00:00,0.13592,0.13592,0.13592,0.0,0.5795011661545216,449.5606961553007,-0.0,86.13333469135006,0.0,363.42736146395066,363.42736146395066,0.0,0.0
7701,2019-11-17 21:00:00,11,2019-11-17 22:00:00,0.10531,0.10531,0.10531,0.0,0.2674238665481808,423.43634863124856,-0.0,60.0089871672979,0.0,363.42736146395066,363.42736146395066,0.0,0.0
7702,2019-11-17 22:00:00,11,2019-11-17 23:00:00,0.10531,0.10531,0.10531,0.0,0.05,356.4495687615778,-6.977792702372881,0.0,0.0,363.42736146395066,363.42736146395066,0.0,1.0
7703,2019-11-17 23:00:00,11,2019-11-18 00:00:00,0.10531,0.10531,0.10531,0.0,0.07139856428727684,288.12055682521725,-36.32643934735204,0.0,0.0,324.4469961725693,324.4469961725693,0.0,1.0
7704,2019-11-18 00:00:00,11,2019-11-18 01:00:00,0.10531,0.10531,0.10531,0.0,0.18279964495248976,197.55511687866053,-1.5460410034866108,0.0,0.0,199.10115788214713,199.10115788214713,0.0,1.0
7705,2019-11-18 01:00:00,11,2019-11-18 02:00:00,0.10531,0.10531,0.10531,0.0,0.18754083736318203,199.62978415559112,-0.0,0.0,0.0,199.62978415559112,199.62978415559112,0.0,1.0
7706,2019-11-18 02:00:00,11,2019-11-18 03:00:00,0.10531,0.10531,0.10531,0.0,0.18754083736318203,159.47723169419794,-0.0,0.0,0.0,159.47723169419794,159.47723169419794,0.0,1.0
7707,2019-11-18 03:00:00,11,2019-11-18 04:00:00,0.10531,0.10531,0.10531,0.0,0.18754083736318203,187.9380618848643,-0.0,0.0,0.0,187.9380618848643,187.9380618848643,0.0,0.0
7708,2019-11-18 04:00:00,11,2019-11-18 05:00:00,0.10531,0.10531,0.10531,0.0,0.18754083736318203,188.02905962237023,-0.0,0.0,0.0,188.02905962237023,188.02905962237023,0.0,1.0
7709,2019-11-18 05:00:00,11,2019-11-18 06:00:00,0.10531,0.10531,0.10531,0.0,0.18754083736318203,207.9611645269852,-150.0,0.0,0.0,357.96116452698516,357.96116452698516,0.0,1.0
7710,2019-11-18 06:00:00,11,2019-11-18 07:00:00,0.10531,0.10531,0.10531,0.0,0.647540837363182,299.89739983242475,-0.0,0.0,0.0,299.89739983242475,299.89739983242475,0.0,1.0
7711,2019-11-18 07:00:00,11,2019-11-18 08:00:00,0.10531,0.10531,0.10531,0.0,0.647540837363182,360.0867737764159,-0.0,0.0,0.0,360.0867737764159,360.0867737764159,0.0,0.0
7712,2019-11-18 08:00:00,11,2019-11-18 09:00:00,0.10531,0.10531,0.10531,0.0,0.647540837363182,400.08006347083784,-0.0,36.65270200688718,0.0,363.42736146395066,363.42736146395066,0.0,0.0
7713,2019-11-18 09:00:00,11,2019-11-18 10:00:00,0.10531,0.10531,0.10531,0.0,0.5147411924106923,353.85360625603306,-0.0,0.0,0.0,353.85360625603306,353.85360625603306,0.0,1.0
7714,2019-11-18 10:00:00,11,2019-11-18 11:00:00,0.10531,0.10531,0.10531,0.0,0.5147411924106923,298.3051749469727,-0.0,0.0,0.0,298.3051749469727,298.3051749469727,0.0,0.0
7715,2019-11-18 11:00:00,11,2019-11-18 12:00:00,0.10531,0.10531,0.10531,0.0,0.5147411924106923,289.7840670549516,-0.0,0.0,0.0,289.7840670549516,289.7840670549516,0.0,0.0
7716,2019-11-18 12:00:00,11,2019-11-18 13:00:00,0.10531,0.10531,0.10531,0.0,0.5147411924106923,289.1717879314952,-74.25557353245546,0.0,0.0,363.42736146395066,363.42736146395066,0.0,1.0
7717,2019-11-18 13:00:00,11,2019-11-18 14:00:00,0.10531,0.10531,0.10531,0.0,0.742458284576889,279.1190764926508,-83.98099415971011,0.0,0.0,363.1000706523609,363.1000706523609,0.0,1.0
7718,2019-11-18 14:00:00,11,2019-11-18 15:00:00,0.10531,0.10531,0.10531,0.0,1.0,279.44636730424054,-0.0,0.0,0.0,279.44636730424054,279.44636730424054,0.0,1.0
7719,2019-11-18 15:00:00,11,2019-11-18 16:00:00,0.10531,0.10531,0.10531,0.0,1.0,280.1489680186874,-0.0,0.0,0.0,280.1489680186874,280.1489680186874,0.0,1.0
7720,2019-11-18 16:00:00,11,2019-11-18 17:00:00,0.13592,0.13592,0.13592,0.0,1.0,320.1283292671606,-0.0,0.0,0.0,320.1283292671606,320.1283292671606,0.0,1.0
7721,2019-11-18 17:00:00,11,2019-11-18 18:00:00,0.13592,0.13592,0.13592,0.0,1.0,354.122973663022,-0.0,0.0,0.0,354.122973663022,354.122973663022,0.0,0.0
7722,2019-11-18 18:00:00,11,2019-11-18 19:00:00,0.13592,0.13592,0.13592,0.0,1.0,426.83690622098055,-0.0,63.40954475702989,0.0,363.42736146395066,363.42736146395066,0.0,0.0
7723,2019-11-18 19:00:00,11,2019-11-18 20:00:00,0.13592,0.13592,0.13592,0.0,0.7702552726194569,420.39202152171316,-0.0,74.45447259564371,0.0,345.93754892606944,345.93754892606944,0.0,0.0
7724,2019-11-18 20:00:00,11,2019-11-18 21:00:00,0.13592,0.13592,0.13592,0.0,0.5004926907511826,430.44853431024086,-0.0,67.0211728462902,0.0,363.42736146395066,363.42736146395066,0.0,0.0
7725,2019-11-18 21:00:00,11,2019-11-18 22:00:00,0.10531,0.10531,0.10531,0.0,0.2576623543515805,419.64030875264973,-0.0,56.21294728869907,0.0,363.42736146395066,363.42736146395066,0.0,0.0
7726,2019-11-18 22:00:00,11,2019-11-18 23:00:00,0.10531,0.10531,0.10531,0.0,0.05399225547948248,364.5292239762878,-0.0,1.1018625123371635,0.0,363.42736146395066,363.42736146395066,0.0,0.0
7727,2019-11-18 23:00:00,11,2019-11-19 00:00:00,0.10531,0.10531,0.10531,0.0,0.05,275.63144191442746,-0.0,0.0,0.0,275.63144191442746,275.63144191442746,0.0,1.0
7728,2019-11-19 00:00:00,11,2019-11-19 01:00:00,0.10531,0.10531,0.10531,0.0,0.05,217.46354915950616,-0.0,0.0,0.0,217.46354915950616,217.46354915950616,0.0,1.0
7729,2019-11-19 01:00:00,11,2019-11-19 02:00:00,0.10531,0.10531,0.10531,0.0,0.05,207.68766585850886,-150.0,0.0,0.0,357.68766585850886,357.68766585850886,0.0,1.0
7730,2019-11-19 02:00:00,11,2019-11-19 03:00:00,0.10531,0.10531,0.10531,0.0,0.51,180.70726821247163,-0.0,0.0,0.0,180.70726821247163,180.70726821247163,0.0,0.0
7731,2019-11-19 03:00:00,11,2019-11-19 04:00:00,0.10531,0.10531,0.10531,0.0,0.51,173.7317592227169,-9.782608695652142,0.0,0.0,183.51436791836903,183.51436791836903,0.0,1.0
7732,2019-11-19 04:00:00,11,2019-11-19 05:00:00,0.10531,0.10531,0.10531,0.0,0.5399999999999999,179.3030597785905,-0.0,-2.6147972675971688e-14,0.0,179.30305977859052,179.30305977859052,0.0,1.0
7733,2019-11-19 05:00:00,11,2019-11-19 06:00:00,0.10531,0.10531,0.10531,0.0,0.54,193.55437067739697,-150.0,0.0,0.0,343.55437067739695,343.55437067739695,0.0,1.0
7734,2019-11-19 06:00:00,11,2019-11-19 07:00:00,0.10531,0.10531,0.10531,0.0,1.0,272.87700328171275,-0.0,0.0,0.0,272.87700328171275,272.87700328171275,0.0,1.0
7735,2019-11-19 07:00:00,11,2019-11-19 08:00:00,0.10531,0.10531,0.10531,0.0,1.0,365.1543825335016,-0.0,1.727021069550915,0.0,363.42736146395066,363.42736146395066,0.0,0.0
7736,2019-11-19 08:00:00,11,2019-11-19 09:00:00,0.10531,0.10531,0.10531,0.0,0.9937426772842357,397.1719712193832,-0.0,33.74460975543252,0.0,363.42736146395066,363.42736146395066,0.0,0.0
7737,2019-11-19 09:00:00,11,2019-11-19 10:00:00,0.10531,0.10531,0.10531,0.0,0.8714795984602047,342.0268620886929,-21.400499375257766,0.0,0.0,363.42736146395066,363.42736146395066,0.0,1.0
7738,2019-11-19 10:00:00,11,2019-11-19 11:00:00,0.10531,0.10531,0.10531,0.0,0.9371077965443286,298.34426635342624,-20.50832721380585,0.0,0.0,318.8525935672321,318.8525935672321,0.0,1.0
7739,2019-11-19 11:00:00,11,2019-11-19 12:00:00,0.10531,0.10531,0.10531,0.0,1.0,295.10072735975797,-0.0,0.0,0.0,295.10072735975797,295.10072735975797,0.0,1.0
7740,2019-11-19 12:00:00,11,2019-11-19 13:00:00,0.10531,0.10531,0.10531,0.0,1.0,294.51054847501655,-0.0,0.0,0.0,294.51054847501655,294.51054847501655,0.0,1.0
7741,2019-11-19 13:00:00,11,2019-11-19 14:00:00,0.10531,0.10531,0.10531,0.0,1.0,275.0144019316365,-0.0,0.0,0.0,275.0144019316365,275.0144019316365,0.0,1.0
7742,2019-11-19 14:00:00,11,2019-11-19 15:00:00,0.10531,0.10531,0.10531,0.0,1.0,274.98982801959414,-0.0,0.0,0.0,274.98982801959414,274.98982801959414,0.0,1.0
7743,2019-11-19 15:00:00,11,2019-11-19 16:00:00,0.10531,0.10531,0.10531,0.0,1.0,275.744171491486,-0.0,0.0,0.0,275.744171491486,275.744171491486,0.0,1.0
7744,2019-11-19 16:00:00,11,2019-11-19 17:00:00,0.13592,0.13592,0.13592,0.0,1.0,316.34251137437275,-0.0,0.0,0.0,316.34251137437275,316.34251137437275,0.0,1.0
7745,2019-11-19 17:00:00,11,2019-11-19 18:00:00,0.13592,0.13592,0.13592,0.0,1.0,350.72280756050867,-0.0,0.0,0.0,350.72280756050867,350.72280756050867,0.0,1.0
7746,2019-11-19 18:00:00,11,2019-11-19 19:00:00,0.13592,0.13592,0.13592,0.0,1.0,398.30475102704406,-0.0,85.00984331834583,0.0,313.29490770869825,313.29490770869825,0.0,0.0
7747,2019-11-19 19:00:00,11,2019-11-19 20:00:00,0.13592,0.13592,0.13592,0.0,0.6919933213103412,418.63687433452674,-0.0,55.20951287057608,0.0,363.42736146395066,363.42736146395066,0.0,0.0
7748,2019-11-19 20:00:00,11,2019-11-19 21:00:00,0.13592,0.13592,0.13592,0.0,0.4919588543879641,438.8453323958534,-0.0,75.41797093190274,0.0,363.42736146395066,363.42736146395066,0.0,0.0
7749,2019-11-19 21:00:00,11,2019-11-19 22:00:00,0.10531,0.10531,0.10531,0.0,0.21870533651875126,409.990034343126,-0.0,46.56267287917535,0.0,363.42736146395066,363.42736146395066,0.0,0.0
7750,2019-11-19 22:00:00,11,2019-11-19 23:00:00,0.10531,0.10531,0.10531,0.0,0.05,355.654751896811,-0.0,0.0,0.0,355.654751896811,355.654751896811,0.0,1.0
7751,2019-11-19 23:00:00,11,2019-11-20 00:00:00,0.10531,0.10531,0.10531,0.0,0.05,274.3996827976706,-22.615346195486048,0.0,0.0,297.01502899315665,297.01502899315665,0.0,1.0
7752,2019-11-20 00:00:00,11,2019-11-20 01:00:00,0.10531,0.10531,0.10531,0.0,0.11935372833282389,205.91771034813885,-0.0,0.0,0.0,205.91771034813885,205.91771034813885,0.0,1.0
7753,2019-11-20 01:00:00,11,2019-11-20 02:00:00,0.10531,0.10531,0.10531,0.0,0.11935372833282389,187.01508186295297,-0.0,0.0,0.0,187.01508186295297,187.01508186295297,0.0,1.0
7754,2019-11-20 02:00:00,11,2019-11-20 03:00:00,0.10531,0.10531,0.10531,0.0,0.11935372833282389,172.72938087562017,-0.0,0.0,0.0,172.72938087562017,172.72938087562017,0.0,1.0
7755,2019-11-20 03:00:00,11,2019-11-20 04:00:00,0.10531,0.10531,0.10531,0.0,0.11935372833282389,170.17406857213274,-150.0,0.0,0.0,320.17406857213274,320.17406857213274,0.0,1.0
7756,2019-11-20 04:00:00,11,2019-11-20 05:00:00,0.10531,0.10531,0.10531,0.0,0.579353728332824,174.1900198857079,-93.83192316063626,0.0,0.0,268.0219430463442,268.0219430463442,0.0,1.0
7757,2019-11-20 05:00:00,11,2019-11-20 06:00:00,0.10531,0.10531,0.10531,0.0,0.8671049593587751,212.46889230732467,-0.0,0.0,0.0,212.46889230732467,212.46889230732467,0.0,0.0
7758,2019-11-20 06:00:00,11,2019-11-20 07:00:00,0.10531,0.10531,0.10531,0.0,0.8671049593587751,339.9570327267586,-0.0,0.0,0.0,339.9570327267586,339.9570327267586,0.0,1.0
7759,2019-11-20 07:00:00,11,2019-11-20 08:00:00,0.10531,0.10531,0.10531,0.0,0.8671049593587751,402.4342767269694,-0.0,38.631143590473215,0.0,363.80313313649617,363.80313313649617,0.0,0.0
7760,2019-11-20 08:00:00,11,2019-11-20 09:00:00,0.10531,0.10531,0.10531,0.0,0.7271370477990896,362.19100989639514,-0.0,0.0,0.0,362.19100989639514,362.19100989639514,0.0,1.0
7761,2019-11-20 09:00:00,11,2019-11-20 10:00:00,0.10531,0.10531,0.10531,0.0,0.7271370477990896,336.11109360165415,-0.0,0.0,0.0,336.11109360165415,336.11109360165415,0.0,1.0
7762,2019-11-20 10:00:00,11,2019-11-20 11:00:00,0.10531,0.10531,0.10531,0.0,0.7271370477990896,286.5984329750989,-0.0,0.0,0.0,286.5984329750989,286.5984329750989,0.0,1.0
7763,2019-11-20 11:00:00,11,2019-11-20 12:00:00,0.10531,0.10531,0.10531,0.0,0.7271370477990896,287.06282711599783,-0.0,0.0,0.0,287.06282711599783,287.06282711599783,0.0,1.0
7764,2019-11-20 12:00:00,11,2019-11-20 13:00:00,0.10531,0.10531,0.10531,0.0,0.7271370477990896,285.75947223226365,-0.0,0.0,0.0,285.75947223226365,285.75947223226365,0.0,1.0
7765,2019-11-20 13:00:00,11,2019-11-20 14:00:00,0.10531,0.10531,0.10531,0.0,0.7271370477990896,275.5600804764859,-0.0,0.0,0.0,275.5600804764859,275.5600804764859,0.0,0.0
7766,2019-11-20 14:00:00,11,2019-11-20 15:00:00,0.10531,0.10531,0.10531,0.0,0.7271370477990896,274.82608350576453,-88.97704963073167,0.0,0.0,363.80313313649617,363.80313313649617,0.0,1.0
7767,2019-11-20 15:00:00,11,2019-11-20 16:00:00,0.10531,0.10531,0.10531,0.0,1.0,275.4135067570922,-0.0,0.0,0.0,275.4135067570922,275.4135067570922,0.0,1.0
7768,2019-11-20 16:00:00,11,2019-11-20 17:00:00,0.13592,0.13592,0.13592,0.0,1.0,316.6438020063334,-0.0,0.0,0.0,316.6438020063334,316.6438020063334,0.0,1.0
7769,2019-11-20 17:00:00,11,2019-11-20 18:00:00,0.13592,0.13592,0.13592,0.0,1.0,362.7256278560902,-0.0,0.0,0.0,362.7256278560902,362.7256278560902,0.0,1.0
7770,2019-11-20 18:00:00,11,2019-11-20 19:00:00,0.13592,0.13592,0.13592,0.0,1.0,417.2804716629629,-0.0,53.47733852646671,0.0,363.80313313649617,363.80313313649617,0.0,0.0
7771,2019-11-20 19:00:00,11,2019-11-20 20:00:00,0.13592,0.13592,0.13592,0.0,0.8062415270780192,425.0116333516905,-0.0,61.20850021519428,0.0,363.80313313649617,363.80313313649617,0.0,0.0
7772,2019-11-20 20:00:00,11,2019-11-20 21:00:00,0.13592,0.13592,0.13592,0.0,0.5844715987620979,450.70903903769596,-0.0,86.90590590119976,0.0,363.80313313649617,363.80313313649617,0.0,0.0
7773,2019-11-20 21:00:00,11,2019-11-20 22:00:00,0.10531,0.10531,0.10531,0.0,0.269595128105577,424.41138849363546,-0.0,60.608255357139264,0.0,363.80313313649617,363.80313313649617,0.0,0.0
7774,2019-11-20 22:00:00,11,2019-11-20 23:00:00,0.10531,0.10531,0.10531,0.0,0.05,357.0114904721978,-0.0,0.0,0.0,357.0114904721978,357.0114904721978,0.0,1.0
7775,2019-11-20 23:00:00,11,2019-11-21 00:00:00,0.10531,0.10531,0.10531,0.0,0.05,289.09451962271874,-0.0,0.0,0.0,289.09451962271874,289.09451962271874,0.0,1.0
7776,2019-11-21 00:00:00,11,2019-11-21 01:00:00,0.10531,0.10531,0.10531,0.0,0.05,196.6200494788559,-0.0,0.0,0.0,196.6200494788559,196.6200494788559,0.0,1.0
7777,2019-11-21 01:00:00,11,2019-11-21 02:00:00,0.10531,0.10531,0.10531,0.0,0.05,160.15776153227554,-0.0,0.0,0.0,160.15776153227554,160.15776153227554,0.0,1.0
7778,2019-11-21 02:00:00,11,2019-11-21 03:00:00,0.10531,0.10531,0.10531,0.0,0.05,182.04415121506207,-0.0,0.0,0.0,182.04415121506207,182.04415121506207,0.0,1.0
7779,2019-11-21 03:00:00,11,2019-11-21 04:00:00,0.10531,0.10531,0.10531,0.0,0.05,186.69124727154826,-150.0,0.0,0.0,336.69124727154826,336.69124727154826,0.0,1.0
7780,2019-11-21 04:00:00,11,2019-11-21 05:00:00,0.10531,0.10531,0.10531,0.0,0.51,185.7867781330609,-150.0,0.0,0.0,335.7867781330609,335.7867781330609,0.0,1.0
7781,2019-11-21 05:00:00,11,2019-11-21 06:00:00,0.10531,0.10531,0.10531,0.0,0.97,208.5147793265761,-0.0,0.0,0.0,208.5147793265761,208.5147793265761,0.0,0.0
7782,2019-11-21 06:00:00,11,2019-11-21 07:00:00,0.10531,0.10531,0.10531,0.0,0.97,330.78210825559984,-0.0,0.0,0.0,330.78210825559984,330.78210825559984,0.0,1.0
7783,2019-11-21 07:00:00,11,2019-11-21 08:00:00,0.10531,0.10531,0.10531,0.0,0.97,405.4712400873136,-0.0,41.668106950817446,0.0,363.80313313649617,363.80313313649617,0.0,0.0
7784,2019-11-21 08:00:00,11,2019-11-21 09:00:00,0.10531,0.10531,0.10531,0.0,0.8190285980042846,365.2934498025382,-0.0,1.4903166660420197,0.0,363.80313313649617,363.80313313649617,0.0,0.0
7785,2019-11-21 09:00:00,11,2019-11-21 10:00:00,0.10531,0.10531,0.10531,0.0,0.8136288999389151,336.37013236717814,-27.433000769318028,0.0,0.0,363.80313313649617,363.80313313649617,0.0,1.0
7786,2019-11-21 10:00:00,11,2019-11-21 11:00:00,0.10531,0.10531,0.10531,0.0,0.8977567689648237,284.2173540309108,-0.0,0.0,0.0,284.2173540309108,284.2173540309108,0.0,0.0
7787,2019-11-21 11:00:00,11,2019-11-21 12:00:00,0.10531,0.10531,0.10531,0.0,0.8977567689648237,286.5425138883801,-0.0,0.0,0.0,286.5425138883801,286.5425138883801,0.0,0.0
7788,2019-11-21 12:00:00,11,2019-11-21 13:00:00,0.10531,0.10531,0.10531,0.0,0.8977567689648237,285.0833982344354,-33.34018403320965,0.0,0.0,318.42358226764503,318.42358226764503,0.0,1.0
7789,2019-11-21 13:00:00,11,2019-11-21 14:00:00,0.10531,0.10531,0.10531,0.0,1.0,274.797471493912,-0.0,0.0,0.0,274.797471493912,274.797471493912,0.0,0.0
7790,2019-11-21 14:00:00,11,2019-11-21 15:00:00,0.10531,0.10531,0.10531,0.0,1.0,274.8902272964163,-0.0,0.0,0.0,274.8902272964163,274.8902272964163,0.0,1.0
7791,2019-11-21 15:00:00,11,2019-11-21 16:00:00,0.10531,0.10531,0.10531,0.0,1.0,275.55486774794053,-0.0,0.0,0.0,275.55486774794053,275.55486774794053,0.0,0.0
7792,2019-11-21 16:00:00,11,2019-11-21 17:00:00,0.13592,0.13592,0.13592,0.0,1.0,316.14726950892583,-0.0,0.0,0.0,316.14726950892583,316.14726950892583,0.0,1.0
7793,2019-11-21 17:00:00,11,2019-11-21 18:00:00,0.13592,0.13592,0.13592,0.0,1.0,360.91608616807207,-0.0,0.0,0.0,360.91608616807207,360.91608616807207,0.0,1.0
7794,2019-11-21 18:00:00,11,2019-11-21 19:00:00,0.13592,0.13592,0.13592,0.0,1.0,415.5143533371231,-0.0,60.81626333931611,0.0,354.698089997807,354.698089997807,0.0,0.0
7795,2019-11-21 19:00:00,11,2019-11-21 20:00:00,0.13592,0.13592,0.13592,0.0,0.7796512197850866,422.69720780180245,-0.0,58.89407466530628,0.0,363.80313313649617,363.80313313649617,0.0,0.0
7796,2019-11-21 20:00:00,11,2019-11-21 21:00:00,0.13592,0.13592,0.13592,0.0,0.5662668912876001,447.95044507579325,-0.0,84.14731193929708,0.0,363.80313313649617,363.80313313649617,0.0,0.0
7797,2019-11-21 21:00:00,11,2019-11-21 22:00:00,0.10531,0.10531,0.10531,0.0,0.2613853262901469,422.1454831925767,-0.0,58.342350056080534,0.0,363.80313313649617,363.80313313649617,0.0,0.0
7798,2019-11-21 22:00:00,11,2019-11-21 23:00:00,0.10531,0.10531,0.10531,0.0,0.05,355.4819113332279,-8.321221803268259,0.0,0.0,363.80313313649617,363.80313313649617,0.0,1.0
7799,2019-11-21 23:00:00,11,2019-11-22 00:00:00,0.10531,0.10531,0.10531,0.0,0.07551841353002266,287.4531629849515,-39.64282029276284,0.0,0.0,327.09598327771437,327.09598327771437,0.0,1.0
7800,2019-11-22 00:00:00,11,2019-11-22 01:00:00,0.10531,0.10531,0.10531,0.0,0.1970897290944954,204.18426523758444,-32.67466591819776,0.0,0.0,236.85893115578222,236.85893115578222,0.0,1.0
7801,2019-11-22 01:00:00,11,2019-11-22 02:00:00,0.10531,0.10531,0.10531,0.0,0.2972920379103019,173.46842184673187,-150.0,0.0,0.0,323.46842184673187,323.46842184673187,0.0,1.0
7802,2019-11-22 02:00:00,11,2019-11-22 03:00:00,0.10531,0.10531,0.10531,0.0,0.7572920379103019,197.46013832355112,-0.0,0.0,0.0,197.46013832355112,197.46013832355112,0.0,0.0
7803,2019-11-22 03:00:00,11,2019-11-22 04:00:00,0.10531,0.10531,0.10531,0.0,0.7572920379103019,159.74045996956932,-0.0,0.0,0.0,159.74045996956932,159.74045996956932,0.0,0.0
7804,2019-11-22 04:00:00,11,2019-11-22 05:00:00,0.10531,0.10531,0.10531,0.0,0.7572920379103019,175.7442672700269,-0.0,0.0,0.0,175.7442672700269,175.7442672700269,0.0,1.0
7805,2019-11-22 05:00:00,11,2019-11-22 06:00:00,0.10531,0.10531,0.10531,0.0,0.7572920379103019,215.90499285874404,-0.0,0.0,0.0,215.90499285874404,215.90499285874404,0.0,1.0
7806,2019-11-22 06:00:00,11,2019-11-22 07:00:00,0.10531,0.10531,0.10531,0.0,0.7572920379103019,347.2020531571505,-16.601079979345684,0.0,0.0,363.80313313649617,363.80313313649617,0.0,1.0
7807,2019-11-22 07:00:00,11,2019-11-22 08:00:00,0.10531,0.10531,0.10531,0.0,0.8082020165136286,404.3998983665769,-0.0,40.596765230080734,0.0,363.80313313649617,363.80313313649617,0.0,0.0
7808,2019-11-22 08:00:00,11,2019-11-22 09:00:00,0.10531,0.10531,0.10531,0.0,0.6611122874191332,362.8456733520396,-0.0,0.0,0.0,362.8456733520396,362.8456733520396,0.0,0.0
7809,2019-11-22 09:00:00,11,2019-11-22 10:00:00,0.10531,0.10531,0.10531,0.0,0.6611122874191332,333.72741802010614,-30.07571511639003,0.0,0.0,363.80313313649617,363.80313313649617,0.0,1.0
7810,2019-11-22 10:00:00,11,2019-11-22 11:00:00,0.10531,0.10531,0.10531,0.0,0.7533444804427293,283.3719854547775,-80.4311476817187,0.0,0.0,363.80313313649617,363.80313313649617,0.0,1.0
7811,2019-11-22 11:00:00,11,2019-11-22 12:00:00,0.10531,0.10531,0.10531,0.0,1.0,284.66795156065535,-0.0,0.0,0.0,284.66795156065535,284.66795156065535,0.0,1.0
7812,2019-11-22 12:00:00,11,2019-11-22 13:00:00,0.10531,0.10531,0.10531,0.0,1.0,283.9405957570573,-0.0,0.0,0.0,283.9405957570573,283.9405957570573,0.0,0.0
7813,2019-11-22 13:00:00,11,2019-11-22 14:00:00,0.10531,0.10531,0.10531,0.0,1.0,273.63604954411136,-0.0,0.0,0.0,273.63604954411136,273.63604954411136,0.0,1.0
7814,2019-11-22 14:00:00,11,2019-11-22 15:00:00,0.10531,0.10531,0.10531,0.0,1.0,273.57829890143387,-0.0,0.0,0.0,273.57829890143387,273.57829890143387,0.0,1.0
7815,2019-11-22 15:00:00,11,2019-11-22 16:00:00,0.10531,0.10531,0.10531,0.0,1.0,274.5168632129814,-0.0,0.0,0.0,274.5168632129814,274.5168632129814,0.0,1.0
7816,2019-11-22 16:00:00,11,2019-11-22 17:00:00,0.13592,0.13592,0.13592,0.0,1.0,308.16440741198454,-0.0,0.0,0.0,308.16440741198454,308.16440741198454,0.0,1.0
7817,2019-11-22 17:00:00,11,2019-11-22 18:00:00,0.13592,0.13592,0.13592,0.0,1.0,299.22675635237886,-0.0,0.0,0.0,299.22675635237886,299.22675635237886,0.0,1.0
7818,2019-11-22 18:00:00,11,2019-11-22 19:00:00,0.13592,0.13592,0.13592,0.0,1.0,385.18593075404925,-0.0,21.38279761755308,0.0,363.80313313649617,363.80313313649617,0.0,0.0
7819,2019-11-22 19:00:00,11,2019-11-22 20:00:00,0.13592,0.13592,0.13592,0.0,0.9225260955885758,402.4162705512799,-0.0,38.61313741478375,0.0,363.80313313649617,363.80313313649617,0.0,0.0
7820,2019-11-22 20:00:00,11,2019-11-22 21:00:00,0.13592,0.13592,0.13592,0.0,0.782623423795881,441.8310423756773,-0.0,142.18213857951093,0.0,299.6489037961664,299.6489037961664,0.0,0.0
7821,2019-11-22 21:00:00,11,2019-11-22 22:00:00,0.10531,0.10531,0.10531,0.0,0.2674707477831602,423.8250595246484,-0.0,60.021926388152224,0.0,363.80313313649617,363.80313313649617,0.0,0.0
7822,2019-11-22 22:00:00,11,2019-11-22 23:00:00,0.10531,0.10531,0.10531,0.0,0.05,342.36406485152025,-0.0,0.0,0.0,342.36406485152025,342.36406485152025,0.0,1.0
7823,2019-11-22 23:00:00,11,2019-11-23 00:00:00,0.10531,0.10531,0.10531,0.0,0.05,240.50432016153763,-38.68575969732631,0.0,0.0,279.19007985886395,279.19007985886395,0.0,1.0
7824,2019-11-23 00:00:00,11,2019-11-23 01:00:00,0.10531,0.10531,0.10531,0.0,0.16863632973846737,195.8027186770053,-0.0,0.0,0.0,195.8027186770053,195.8027186770053,0.0,1.0
7825,2019-11-23 01:00:00,11,2019-11-23 02:00:00,0.10531,0.10531,0.10531,0.0,0.16863632973846737,184.4550609274148,-0.0,0.0,0.0,184.4550609274148,184.4550609274148,0.0,1.0
7826,2019-11-23 02:00:00,11,2019-11-23 03:00:00,0.10531,0.10531,0.10531,0.0,0.16863632973846737,155.92913296354826,-0.0,0.0,0.0,155.92913296354826,155.92913296354826,0.0,1.0
7827,2019-11-23 03:00:00,11,2019-11-23 04:00:00,0.10531,0.10531,0.10531,0.0,0.16863632973846737,152.00339958858336,-70.17072923762616,0.0,0.0,222.17412882620954,222.17412882620954,0.0,1.0
7828,2019-11-23 04:00:00,11,2019-11-23 05:00:00,0.10531,0.10531,0.10531,0.0,0.38382656606718757,159.74103162623314,-0.0,0.0,0.0,159.74103162623314,159.74103162623314,0.0,1.0
7829,2019-11-23 05:00:00,11,2019-11-23 06:00:00,0.10531,0.10531,0.10531,0.0,0.38382656606718757,174.49089881179643,-150.0,0.0,0.0,324.49089881179646,324.49089881179646,0.0,1.0
7830,2019-11-23 06:00:00,11,2019-11-23 07:00:00,0.10531,0.10531,0.10531,0.0,0.8438265660671876,252.06096155359566,-0.0,0.0,0.0,252.06096155359566,252.06096155359566,0.0,1.0
7831,2019-11-23 07:00:00,11,2019-11-23 08:00:00,0.10531,0.10531,0.10531,0.0,0.8438265660671876,357.157415535305,-0.0,0.0,0.0,357.157415535305,357.157415535305,0.0,0.0
7832,2019-11-23 08:00:00,11,2019-11-23 09:00:00,0.10531,0.10531,0.10531,0.0,0.8438265660671876,396.54676014431317,-0.0,32.743627007817,0.0,363.80313313649617,363.80313313649617,0.0,0.0
7833,2019-11-23 09:00:00,11,2019-11-23 10:00:00,0.10531,0.10531,0.10531,0.0,0.7251902363287203,337.9506410011291,-0.0,0.0,0.0,337.9506410011291,337.9506410011291,0.0,1.0
7834,2019-11-23 10:00:00,11,2019-11-23 11:00:00,0.10531,0.10531,0.10531,0.0,0.7251902363287203,297.0652422307117,-0.0,0.0,0.0,297.0652422307117,297.0652422307117,0.0,1.0
7835,2019-11-23 11:00:00,11,2019-11-23 12:00:00,0.10531,0.10531,0.10531,0.0,0.7251902363287203,294.63437109936035,-0.0,0.0,0.0,294.63437109936035,294.63437109936035,0.0,1.0
7836,2019-11-23 12:00:00,11,2019-11-23 13:00:00,0.10531,0.10531,0.10531,0.0,0.7251902363287203,294.1970645058447,-0.0,0.0,0.0,294.1970645058447,294.1970645058447,0.0,1.0
7837,2019-11-23 13:00:00,11,2019-11-23 14:00:00,0.10531,0.10531,0.10531,0.0,0.7251902363287203,274.59038547631314,-0.8988499281472855,0.0,0.0,275.48923540446043,275.48923540446043,0.0,1.0
7838,2019-11-23 14:00:00,11,2019-11-23 15:00:00,0.10531,0.10531,0.10531,0.0,0.7279467094417053,274.19125367847016,-0.0,-2.6147972675971688e-14,0.0,274.19125367847016,274.19125367847016,0.0,1.0
7839,2019-11-23 15:00:00,11,2019-11-23 16:00:00,0.10531,0.10531,0.10531,0.0,0.7279467094417054,275.0901036066175,-88.71302952987867,0.0,0.0,363.80313313649617,363.80313313649617,0.0,1.0
7840,2019-11-23 16:00:00,11,2019-11-23 17:00:00,0.13592,0.13592,0.13592,0.0,1.0,296.83185844993983,-0.0,100.52500764896396,0.0,196.30685080097587,196.30685080097587,0.0,0.0
7841,2019-11-23 17:00:00,11,2019-11-23 18:00:00,0.13592,0.13592,0.13592,0.0,0.6357789577936088,286.02693054299885,-0.0,0.0,0.0,286.02693054299885,286.02693054299885,0.0,0.0
7842,2019-11-23 18:00:00,11,2019-11-23 19:00:00,0.13592,0.13592,0.13592,0.0,0.6357789577936088,375.6432223651609,-0.0,11.840089228664738,0.0,363.80313313649617,363.80313313649617,0.0,0.0
7843,2019-11-23 19:00:00,11,2019-11-23 20:00:00,0.13592,0.13592,0.13592,0.0,0.5928800837767076,396.6437173597576,-0.0,32.84058422326143,0.0,363.80313313649617,363.80313313649617,0.0,0.0
7844,2019-11-23 20:00:00,11,2019-11-23 21:00:00,0.13592,0.13592,0.13592,0.0,0.47389245977938366,435.37641250234094,-0.0,71.57327936584477,0.0,363.80313313649617,363.80313313649617,0.0,0.0
7845,2019-11-23 21:00:00,11,2019-11-23 22:00:00,0.10531,0.10531,0.10531,0.0,0.21456898381617795,409.2241726697613,-0.0,45.421039533265116,0.0,363.80313313649617,363.80313313649617,0.0,0.0
7846,2019-11-23 22:00:00,11,2019-11-23 23:00:00,0.10531,0.10531,0.10531,0.0,0.05,338.79926450649884,-0.0,0.0,0.0,338.79926450649884,338.79926450649884,0.0,0.0
7847,2019-11-23 23:00:00,11,2019-11-24 00:00:00,0.10531,0.10531,0.10531,0.0,0.05,246.96733693842197,-0.0,0.0,0.0,246.96733693842197,246.96733693842197,0.0,1.0
7848,2019-11-24 00:00:00,11,2019-11-24 01:00:00,0.10531,0.10531,0.10531,0.0,0.05,186.27671220240094,-0.0,0.0,0.0,186.27671220240094,186.27671220240094,0.0,1.0
7849,2019-11-24 01:00:00,11,2019-11-24 02:00:00,0.10531,0.10531,0.10531,0.0,0.05,162.5295017883402,-0.0,0.0,0.0,162.5295017883402,162.5295017883402,0.0,1.0
7850,2019-11-24 02:00:00,11,2019-11-24 03:00:00,0.10531,0.10531,0.10531,0.0,0.05,144.3806094651432,-0.0,0.0,0.0,144.3806094651432,144.3806094651432,0.0,1.0
7851,2019-11-24 03:00:00,11,2019-11-24 04:00:00,0.10531,0.10531,0.10531,0.0,0.05,143.96399630176978,-0.0,0.0,0.0,143.96399630176978,143.96399630176978,0.0,1.0
7852,2019-11-24 04:00:00,11,2019-11-24 05:00:00,0.10531,0.10531,0.10531,0.0,0.05,151.21892397820125,-150.0,0.0,0.0,301.21892397820125,301.21892397820125,0.0,1.0
7853,2019-11-24 05:00:00,11,2019-11-24 06:00:00,0.10531,0.10531,0.10531,0.0,0.51,184.21993613617153,-6.412654962792792,0.0,0.0,190.63259109896433,190.63259109896433,0.0,1.0
7854,2019-11-24 06:00:00,11,2019-11-24 07:00:00,0.10531,0.10531,0.10531,0.0,0.5296654752192312,310.7961456754829,-0.0,0.0,0.0,310.7961456754829,310.7961456754829,0.0,1.0
7855,2019-11-24 07:00:00,11,2019-11-24 08:00:00,0.10531,0.10531,0.10531,0.0,0.5296654752192312,406.4470412142252,-0.0,42.64390807772901,0.0,363.80313313649617,363.80313313649617,0.0,0.0
7856,2019-11-24 08:00:00,11,2019-11-24 09:00:00,0.10531,0.10531,0.10531,0.0,0.37515856189412616,358.4201357179841,-5.382997418512048,0.0,0.0,363.80313313649617,363.80313313649617,0.0,1.0
7857,2019-11-24 09:00:00,11,2019-11-24 10:00:00,0.10531,0.10531,0.10531,0.0,0.3916664206442298,331.603372951755,-32.199760184741194,0.0,0.0,363.80313313649617,363.80313313649617,0.0,1.0
7858,2019-11-24 10:00:00,11,2019-11-24 11:00:00,0.10531,0.10531,0.10531,0.0,0.4904123518774361,285.0036974772972,-78.79943565919899,0.0,0.0,363.80313313649617,363.80313313649617,0.0,1.0
7859,2019-11-24 11:00:00,11,2019-11-24 12:00:00,0.10531,0.10531,0.10531,0.0,0.7320639545656464,287.176374670058,-0.0,0.0,0.0,287.176374670058,287.176374670058,0.0,0.0
7860,2019-11-24 12:00:00,11,2019-11-24 13:00:00,0.10531,0.10531,0.10531,0.0,0.7320639545656464,286.1979302668334,-0.0,0.0,0.0,286.1979302668334,286.1979302668334,0.0,1.0
7861,2019-11-24 13:00:00,11,2019-11-24 14:00:00,0.10531,0.10531,0.10531,0.0,0.7320639545656464,275.98647969539604,-0.0,0.0,0.0,275.98647969539604,275.98647969539604,0.0,1.0
7862,2019-11-24 14:00:00,11,2019-11-24 15:00:00,0.10531,0.10531,0.10531,0.0,0.7320639545656464,276.4326835383374,-87.37044959815877,0.0,0.0,363.80313313649617,363.80313313649617,0.0,1.0
7863,2019-11-24 15:00:00,11,2019-11-24 16:00:00,0.10531,0.10531,0.10531,0.0,1.0,277.0147482861125,-0.0,0.0,0.0,277.0147482861125,277.0147482861125,0.0,1.0
7864,2019-11-24 16:00:00,11,2019-11-24 17:00:00,0.13592,0.13592,0.13592,0.0,1.0,312.9563578312669,-0.0,0.0,0.0,312.9563578312669,312.9563578312669,0.0,1.0
7865,2019-11-24 17:00:00,11,2019-11-24 18:00:00,0.13592,0.13592,0.13592,0.0,1.0,316.31809248376805,-0.0,0.0,0.0,316.31809248376805,316.31809248376805,0.0,1.0
7866,2019-11-24 18:00:00,11,2019-11-24 19:00:00,0.13592,0.13592,0.13592,0.0,1.0,406.79531847543825,-0.0,87.93215378263474,0.0,318.8631646928035,318.8631646928035,0.0,0.0
7867,2019-11-24 19:00:00,11,2019-11-24 20:00:00,0.13592,0.13592,0.13592,0.0,0.6814052399179901,422.6236751982427,-0.0,58.82054206174655,0.0,363.80313313649617,363.80313313649617,0.0,0.0
7868,2019-11-24 20:00:00,11,2019-11-24 21:00:00,0.13592,0.13592,0.13592,0.0,0.46828733389716926,447.241044272888,-0.0,83.43791113639185,0.0,363.80313313649617,363.80313313649617,0.0,0.0
7869,2019-11-24 21:00:00,11,2019-11-24 22:00:00,0.10531,0.10531,0.10531,0.0,0.16597606166386547,395.81252615572305,-0.0,32.00939301922688,0.0,363.80313313649617,363.80313313649617,0.0,0.0
7870,2019-11-24 22:00:00,11,2019-11-24 23:00:00,0.10531,0.10531,0.10531,0.0,0.05,319.4425305598656,-0.0,0.0,0.0,319.4425305598656,319.4425305598656,0.0,1.0
7871,2019-11-24 23:00:00,11,2019-11-25 00:00:00,0.10531,0.10531,0.10531,0.0,0.05,233.01089943825932,-0.0,0.0,0.0,233.01089943825932,233.01089943825932,0.0,1.0
7872,2019-11-25 00:00:00,11,2019-11-25 01:00:00,0.10531,0.10531,0.10531,0.0,0.05,183.25219785084985,-0.0,0.0,0.0,183.25219785084985,183.25219785084985,0.0,1.0
7873,2019-11-25 01:00:00,11,2019-11-25 02:00:00,0.10531,0.10531,0.10531,0.0,0.05,178.95362049741087,-150.0,0.0,0.0,328.95362049741084,328.95362049741084,0.0,1.0
7874,2019-11-25 02:00:00,11,2019-11-25 03:00:00,0.10531,0.10531,0.10531,0.0,0.51,157.77313779934545,-9.782608695652174,0.0,0.0,167.55574649499763,167.55574649499763,0.0,1.0
7875,2019-11-25 03:00:00,11,2019-11-25 04:00:00,0.10531,0.10531,0.10531,0.0,0.54,156.79413223327333,-0.0,0.0,0.0,156.79413223327333,156.79413223327333,0.0,0.0
7876,2019-11-25 04:00:00,11,2019-11-25 05:00:00,0.10531,0.10531,0.10531,0.0,0.54,162.59662908554438,-0.0,0.0,0.0,162.59662908554438,162.59662908554438,0.0,1.0
7877,2019-11-25 05:00:00,11,2019-11-25 06:00:00,0.10531,0.10531,0.10531,0.0,0.54,170.81281666612276,-150.0,0.0,0.0,320.8128166661228,320.8128166661228,0.0,1.0
7878,2019-11-25 06:00:00,11,2019-11-25 07:00:00,0.10531,0.10531,0.10531,0.0,1.0,257.5171896592321,-0.0,0.0,0.0,257.5171896592321,257.5171896592321,0.0,1.0
7879,2019-11-25 07:00:00,11,2019-11-25 08:00:00,0.10531,0.10531,0.10531,0.0,1.0,348.47299683373603,-0.0,0.0,0.0,348.47299683373603,348.47299683373603,0.0,1.0
7880,2019-11-25 08:00:00,11,2019-11-25 09:00:00,0.10531,0.10531,0.10531,0.0,1.0,394.7260361472298,-0.0,30.92290301073365,0.0,363.80313313649617,363.80313313649617,0.0,0.0
7881,2019-11-25 09:00:00,11,2019-11-25 10:00:00,0.10531,0.10531,0.10531,0.0,0.8879604963379215,349.84833225632946,-0.0,0.0,0.0,349.84833225632946,349.84833225632946,0.0,0.0
7882,2019-11-25 10:00:00,11,2019-11-25 11:00:00,0.10531,0.10531,0.10531,0.0,0.8879604963379215,298.36650238598503,-0.0,0.0,0.0,298.36650238598503,298.36650238598503,0.0,1.0
7883,2019-11-25 11:00:00,11,2019-11-25 12:00:00,0.10531,0.10531,0.10531,0.0,0.8879604963379215,291.09559833183636,-0.0,0.0,0.0,291.09559833183636,291.09559833183636,0.0,0.0
7884,2019-11-25 12:00:00,11,2019-11-25 13:00:00,0.10531,0.10531,0.10531,0.0,0.8879604963379215,290.92520464665034,-0.0,0.0,0.0,290.92520464665034,290.92520464665034,0.0,0.0
7885,2019-11-25 13:00:00,11,2019-11-25 14:00:00,0.10531,0.10531,0.10531,0.0,0.8879604963379215,280.4641347551594,-36.53462075937343,0.0,0.0,316.99875551453283,316.99875551453283,0.0,1.0
7886,2019-11-25 14:00:00,11,2019-11-25 15:00:00,0.10531,0.10531,0.10531,0.0,1.0,280.660586737577,-0.0,0.0,0.0,280.660586737577,280.660586737577,0.0,0.0
7887,2019-11-25 15:00:00,11,2019-11-25 16:00:00,0.10531,0.10531,0.10531,0.0,1.0,281.2945352285477,-0.0,0.0,0.0,281.2945352285477,281.2945352285477,0.0,1.0
7888,2019-11-25 16:00:00,11,2019-11-25 17:00:00,0.13592,0.13592,0.13592,0.0,1.0,321.8498348088362,-0.0,0.0,0.0,321.8498348088362,321.8498348088362,0.0,1.0
7889,2019-11-25 17:00:00,11,2019-11-25 18:00:00,0.13592,0.13592,0.13592,0.0,1.0,335.5586855546201,-0.0,96.93809629225417,0.0,238.62058926236597,238.62058926236597,0.0,0.0
7890,2019-11-25 18:00:00,11,2019-11-25 19:00:00,0.13592,0.13592,0.13592,0.0,0.6487750134338617,373.18266728048644,-0.0,9.37953414399027,0.0,363.80313313649617,363.80313313649617,0.0,0.0
7891,2019-11-25 19:00:00,11,2019-11-25 20:00:00,0.13592,0.13592,0.13592,0.0,0.6147911940715781,398.8874725318502,-0.0,35.08433939535405,0.0,363.80313313649617,363.80313313649617,0.0,0.0
7892,2019-11-25 20:00:00,11,2019-11-25 21:00:00,0.13592,0.13592,0.13592,0.0,0.48767402234928087,427.51438507639506,-0.0,63.71125193989889,0.0,363.80313313649617,363.80313313649617,0.0,0.0
7893,2019-11-25 21:00:00,11,2019-11-25 22:00:00,0.10531,0.10531,0.10531,0.0,0.2568361530018211,420.8899113649988,-0.0,57.086778228502624,0.0,363.80313313649617,363.80313313649617,0.0,0.0
7894,2019-11-25 22:00:00,11,2019-11-25 23:00:00,0.10531,0.10531,0.10531,0.0,0.05,361.2754730153314,-2.527660121164786,0.0,0.0,363.80313313649617,363.80313313649617,0.0,1.0
7895,2019-11-25 23:00:00,11,2019-11-26 00:00:00,0.10531,0.10531,0.10531,0.0,0.05775149103823868,257.90281612404254,-37.68571619371212,0.0,0.0,295.5885323177547,295.5885323177547,0.0,1.0
7896,2019-11-26 00:00:00,11,2019-11-26 01:00:00,0.10531,0.10531,0.10531,0.0,0.17332102069895586,204.5142053330726,-70.86614249941145,0.0,0.0,275.38034783248406,275.38034783248406,0.0,1.0
7897,2019-11-26 01:00:00,11,2019-11-26 02:00:00,0.10531,0.10531,0.10531,0.0,0.39064385769715104,195.43513026160605,-0.0,0.0,0.0,195.43513026160605,195.43513026160605,0.0,1.0
7898,2019-11-26 02:00:00,11,2019-11-26 03:00:00,0.10531,0.10531,0.10531,0.0,0.39064385769715104,185.65107012537288,-0.0,0.0,0.0,185.65107012537288,185.65107012537288,0.0,0.0
7899,2019-11-26 03:00:00,11,2019-11-26 04:00:00,0.10531,0.10531,0.10531,0.0,0.39064385769715104,195.42670836794682,-0.0,0.0,0.0,195.42670836794682,195.42670836794682,0.0,1.0
7900,2019-11-26 04:00:00,11,2019-11-26 05:00:00,0.10531,0.10531,0.10531,0.0,0.39064385769715104,184.4622936097531,-0.0,0.0,0.0,184.4622936097531,184.4622936097531,0.0,1.0
7901,2019-11-26 05:00:00,11,2019-11-26 06:00:00,0.10531,0.10531,0.10531,0.0,0.39064385769715104,189.9621193888648,-150.0,0.0,0.0,339.96211938886483,339.96211938886483,0.0,1.0
7902,2019-11-26 06:00:00,11,2019-11-26 07:00:00,0.10531,0.10531,0.10531,0.0,0.850643857697151,266.06149875962615,-0.0,0.0,0.0,266.06149875962615,266.06149875962615,0.0,1.0
7903,2019-11-26 07:00:00,11,2019-11-26 08:00:00,0.10531,0.10531,0.10531,0.0,0.850643857697151,361.4386001685648,-0.0,0.0,0.0,361.4386001685648,361.4386001685648,0.0,0.0
7904,2019-11-26 08:00:00,11,2019-11-26 09:00:00,0.10531,0.10531,0.10531,0.0,0.850643857697151,397.839734849408,-0.0,34.03660171291182,0.0,363.80313313649617,363.80313313649617,0.0,0.0
7905,2019-11-26 09:00:00,11,2019-11-26 10:00:00,0.10531,0.10531,0.10531,0.0,0.7273228369981951,343.1660335271249,-0.0,0.0,0.0,343.1660335271249,343.1660335271249,0.0,1.0
7906,2019-11-26 10:00:00,11,2019-11-26 11:00:00,0.10531,0.10531,0.10531,0.0,0.7273228369981951,298.9291442202223,-0.0,0.0,0.0,298.9291442202223,298.9291442202223,0.0,0.0
7907,2019-11-26 11:00:00,11,2019-11-26 12:00:00,0.10531,0.10531,0.10531,0.0,0.7273228369981951,295.30773503694985,-0.0,0.0,0.0,295.30773503694985,295.30773503694985,0.0,0.0
7908,2019-11-26 12:00:00,11,2019-11-26 13:00:00,0.10531,0.10531,0.10531,0.0,0.7273228369981951,294.89730460974056,-0.0,0.0,0.0,294.89730460974056,294.89730460974056,0.0,0.0
7909,2019-11-26 13:00:00,11,2019-11-26 14:00:00,0.10531,0.10531,0.10531,0.0,0.7273228369981951,275.10092213766,-88.70221099883616,0.0,0.0,363.80313313649617,363.80313313649617,0.0,1.0
7910,2019-11-26 14:00:00,11,2019-11-26 15:00:00,0.10531,0.10531,0.10531,0.0,0.9993429507279594,274.88666694025545,-0.21425519740454962,0.0,0.0,275.10092213766,275.10092213766,0.0,1.0
7911,2019-11-26 15:00:00,11,2019-11-26 16:00:00,0.10531,0.10531,0.10531,0.0,1.0,275.58496889584177,-0.0,0.0,0.0,275.58496889584177,275.58496889584177,0.0,1.0
7912,2019-11-26 16:00:00,11,2019-11-26 17:00:00,0.13592,0.13592,0.13592,0.0,1.0,316.8641188894966,-0.0,85.8819757783929,0.0,230.98214311110368,230.98214311110368,0.0,0.0
7913,2019-11-26 17:00:00,11,2019-11-26 18:00:00,0.13592,0.13592,0.13592,0.0,0.6888334210927793,310.35343775945125,-0.0,0.0,0.0,310.35343775945125,310.35343775945125,0.0,0.0
7914,2019-11-26 18:00:00,11,2019-11-26 19:00:00,0.13592,0.13592,0.13592,0.0,0.6888334210927793,373.8776079033578,-0.0,10.074474766861613,0.0,363.80313313649617,363.80313313649617,0.0,0.0
7915,2019-11-26 19:00:00,11,2019-11-26 20:00:00,0.13592,0.13592,0.13592,0.0,0.652331700922991,405.1979433407432,-0.0,41.39481020424705,0.0,363.80313313649617,363.80313313649617,0.0,0.0
7916,2019-11-26 20:00:00,11,2019-11-26 21:00:00,0.13592,0.13592,0.13592,0.0,0.5023505045307914,440.6197116247265,-0.0,76.81657848823033,0.0,363.80313313649617,363.80313313649617,0.0,0.0
7917,2019-11-26 21:00:00,11,2019-11-26 22:00:00,0.10531,0.10531,0.10531,0.0,0.22402956797923235,411.8352938987643,-0.0,48.03216076226812,0.0,363.80313313649617,363.80313313649617,0.0,0.0
7918,2019-11-26 22:00:00,11,2019-11-26 23:00:00,0.10531,0.10531,0.10531,0.0,0.05,350.12065972171206,-0.0,0.0,0.0,350.12065972171206,350.12065972171206,0.0,1.0
7919,2019-11-26 23:00:00,11,2019-11-27 00:00:00,0.10531,0.10531,0.10531,0.0,0.05,264.42502961058995,-0.0,0.0,0.0,264.42502961058995,264.42502961058995,0.0,1.0
7920,2019-11-27 00:00:00,11,2019-11-27 01:00:00,0.10531,0.10531,0.10531,0.0,0.05,227.348257665418,-136.45487547107814,0.0,0.0,363.80313313649617,363.80313313649617,0.0,1.0
7921,2019-11-27 01:00:00,11,2019-11-27 02:00:00,0.10531,0.10531,0.10531,0.0,0.46846161811130627,184.1231641969829,-150.0,0.0,0.0,334.1231641969829,334.1231641969829,0.0,1.0
7922,2019-11-27 02:00:00,11,2019-11-27 03:00:00,0.10531,0.10531,0.10531,0.0,0.9284616181113062,162.44175333154988,-0.0,0.0,0.0,162.44175333154988,162.44175333154988,0.0,0.0
7923,2019-11-27 03:00:00,11,2019-11-27 04:00:00,0.10531,0.10531,0.10531,0.0,0.9284616181113062,155.46328326743554,-0.0,0.0,0.0,155.46328326743554,155.46328326743554,0.0,1.0
7924,2019-11-27 04:00:00,11,2019-11-27 05:00:00,0.10531,0.10531,0.10531,0.0,0.9284616181113062,158.04797175198684,-0.0,0.0,0.0,158.04797175198684,158.04797175198684,0.0,1.0
7925,2019-11-27 05:00:00,11,2019-11-27 06:00:00,0.10531,0.10531,0.10531,0.0,0.9284616181113062,193.93266019002237,-0.0,0.0,0.0,193.93266019002237,193.93266019002237,0.0,1.0
7926,2019-11-27 06:00:00,11,2019-11-27 07:00:00,0.10531,0.10531,0.10531,0.0,0.9284616181113062,323.24199344829447,-0.0,0.0,0.0,323.24199344829447,323.24199344829447,0.0,1.0
7927,2019-11-27 07:00:00,11,2019-11-27 08:00:00,0.10531,0.10531,0.10531,0.0,0.9284616181113062,405.6987876572052,-0.0,41.895654520709,0.0,363.80313313649617,363.80313313649617,0.0,0.0
7928,2019-11-27 08:00:00,11,2019-11-27 09:00:00,0.10531,0.10531,0.10531,0.0,0.7766657683985925,360.8334698194642,-0.0,0.0,0.0,360.8334698194642,360.8334698194642,0.0,1.0
7929,2019-11-27 09:00:00,11,2019-11-27 10:00:00,0.10531,0.10531,0.10531,0.0,0.7766657683985925,334.0364228285144,-29.766710307981782,0.0,0.0,363.80313313649617,363.80313313649617,0.0,1.0
7930,2019-11-27 10:00:00,11,2019-11-27 11:00:00,0.10531,0.10531,0.10531,0.0,0.8679503466764035,286.9880750452611,-0.0,0.0,0.0,286.9880750452611,286.9880750452611,0.0,1.0
7931,2019-11-27 11:00:00,11,2019-11-27 12:00:00,0.10531,0.10531,0.10531,0.0,0.8679503466764035,286.46829986441503,-0.0,0.0,0.0,286.46829986441503,286.46829986441503,0.0,1.0
7932,2019-11-27 12:00:00,11,2019-11-27 13:00:00,0.10531,0.10531,0.10531,0.0,0.8679503466764035,285.79246852156086,-43.05966956204236,0.0,0.0,328.8521380836032,328.8521380836032,0.0,1.0
7933,2019-11-27 13:00:00,11,2019-11-27 14:00:00,0.10531,0.10531,0.10531,0.0,1.0,275.9108682597636,-0.0,0.0,0.0,275.9108682597636,275.9108682597636,0.0,1.0
7934,2019-11-27 14:00:00,11,2019-11-27 15:00:00,0.10531,0.10531,0.10531,0.0,1.0,275.66036228694844,-0.0,0.0,0.0,275.66036228694844,275.66036228694844,0.0,1.0
7935,2019-11-27 15:00:00,11,2019-11-27 16:00:00,0.10531,0.10531,0.10531,0.0,1.0,275.7861946971251,-0.0,0.0,0.0,275.7861946971251,275.7861946971251,0.0,1.0
7936,2019-11-27 16:00:00,11,2019-11-27 17:00:00,0.13592,0.13592,0.13592,0.0,1.0,316.6465435200017,-0.0,0.0,0.0,316.6465435200017,316.6465435200017,0.0,1.0
7937,2019-11-27 17:00:00,11,2019-11-27 18:00:00,0.13592,0.13592,0.13592,0.0,1.0,335.78444290974755,-0.0,0.0,0.0,335.78444290974755,335.78444290974755,0.0,1.0
7938,2019-11-27 18:00:00,11,2019-11-27 19:00:00,0.13592,0.13592,0.13592,0.0,1.0,403.36566134829064,-0.0,39.56252821179447,0.0,363.80313313649617,363.80313313649617,0.0,0.0
7939,2019-11-27 19:00:00,11,2019-11-27 20:00:00,0.13592,0.13592,0.13592,0.0,0.8566575064790055,418.65073428736116,-0.0,78.28763240243998,0.0,340.3631018849212,340.3631018849212,0.0,0.0
7940,2019-11-27 20:00:00,11,2019-11-27 21:00:00,0.13592,0.13592,0.13592,0.0,0.5730066644411795,448.93579732004133,-0.0,85.13266418354516,0.0,363.80313313649617,363.80313313649617,0.0,0.0
7941,2019-11-27 21:00:00,11,2019-11-27 22:00:00,0.10531,0.10531,0.10531,0.0,0.26455498261674054,423.0203083387166,-0.0,59.2171752022204,0.0,363.80313313649617,363.80313313649617,0.0,0.0
7942,2019-11-27 22:00:00,11,2019-11-27 23:00:00,0.10531,0.10531,0.10531,0.0,0.05,346.17965133930926,-0.0,0.0,0.0,346.17965133930926,346.17965133930926,0.0,1.0
7943,2019-11-27 23:00:00,11,2019-11-28 00:00:00,0.10531,0.10531,0.10531,0.0,0.05,245.39552430342056,-0.0,0.0,0.0,245.39552430342056,245.39552430342056,0.0,1.0
7944,2019-11-28 00:00:00,11,2019-11-28 01:00:00,0.10531,0.10531,0.10531,0.0,0.05,188.67733630084132,-0.0,0.0,0.0,188.67733630084132,188.67733630084132,0.0,1.0
7945,2019-11-28 01:00:00,11,2019-11-28 02:00:00,0.10531,0.10531,0.10531,0.0,0.05,169.1493735959828,-150.0,0.0,0.0,319.1493735959828,319.1493735959828,0.0,1.0
7946,2019-11-28 02:00:00,11,2019-11-28 03:00:00,0.10531,0.10531,0.10531,0.0,0.51,154.52459174430902,-0.0,0.0,0.0,154.52459174430902,154.52459174430902,0.0,0.0
7947,2019-11-28 03:00:00,11,2019-11-28 04:00:00,0.10531,0.10531,0.10531,0.0,0.51,154.85257888059496,-9.782608695652174,0.0,0.0,164.63518757624715,164.63518757624715,0.0,1.0
7948,2019-11-28 04:00:00,11,2019-11-28 05:00:00,0.10531,0.10531,0.10531,0.0,0.54,161.0058221759868,-0.0,0.0,0.0,161.0058221759868,161.0058221759868,0.0,1.0
7949,2019-11-28 05:00:00,11,2019-11-28 06:00:00,0.10531,0.10531,0.10531,0.0,0.54,194.92751921647823,-150.0,0.0,0.0,344.92751921647823,344.92751921647823,0.0,1.0
7950,2019-11-28 06:00:00,11,2019-11-28 07:00:00,0.10531,0.10531,0.10531,0.0,1.0,322.17833230137745,-0.0,0.0,0.0,322.17833230137745,322.17833230137745,0.0,1.0
7951,2019-11-28 07:00:00,11,2019-11-28 08:00:00,0.10531,0.10531,0.10531,0.0,1.0,407.335380909733,-0.0,43.532247773236804,0.0,363.80313313649617,363.80313313649617,0.0,0.0
7952,2019-11-28 08:00:00,11,2019-11-28 09:00:00,0.10531,0.10531,0.10531,0.0,0.8422744645897217,361.7039524133249,-0.0,0.0,0.0,361.7039524133249,361.7039524133249,0.0,0.0
7953,2019-11-28 09:00:00,11,2019-11-28 10:00:00,0.10531,0.10531,0.10531,0.0,0.8422744645897217,333.93200022475054,-0.0,0.0,0.0,333.93200022475054,333.93200022475054,0.0,1.0
7954,2019-11-28 10:00:00,11,2019-11-28 11:00:00,0.10531,0.10531,0.10531,0.0,0.8422744645897217,284.93012162721755,-0.0,0.0,0.0,284.93012162721755,284.93012162721755,0.0,0.0
7955,2019-11-28 11:00:00,11,2019-11-28 12:00:00,0.10531,0.10531,0.10531,0.0,0.8422744645897217,286.7418181361538,-51.43223980769945,0.0,0.0,338.1740579438533,338.1740579438533,0.0,1.0
7956,2019-11-28 12:00:00,11,2019-11-28 13:00:00,0.10531,0.10531,0.10531,0.0,1.0,287.2490806188776,-0.0,0.0,0.0,287.2490806188776,287.2490806188776,0.0,1.0
7957,2019-11-28 13:00:00,11,2019-11-28 14:00:00,0.10531,0.10531,0.10531,0.0,1.0,277.866062495445,-0.0,0.0,0.0,277.866062495445,277.866062495445,0.0,0.0
7958,2019-11-28 14:00:00,11,2019-11-28 15:00:00,0.10531,0.10531,0.10531,0.0,1.0,278.0658021265942,-0.0,0.0,0.0,278.0658021265942,278.0658021265942,0.0,1.0
7959,2019-11-28 15:00:00,11,2019-11-28 16:00:00,0.10531,0.10531,0.10531,0.0,1.0,277.7774563279465,-0.0,0.0,0.0,277.7774563279465,277.7774563279465,0.0,1.0
7960,2019-11-28 16:00:00,11,2019-11-28 17:00:00,0.13592,0.13592,0.13592,0.0,1.0,317.569943752218,-0.0,0.0,0.0,317.569943752218,317.569943752218,0.0,1.0
7961,2019-11-28 17:00:00,11,2019-11-28 18:00:00,0.13592,0.13592,0.13592,0.0,1.0,361.8953402410398,-0.0,0.0,0.0,361.8953402410398,361.8953402410398,0.0,1.0
7962,2019-11-28 18:00:00,11,2019-11-28 19:00:00,0.13592,0.13592,0.13592,0.0,1.0,416.3815822636621,-0.0,52.578449127165925,0.0,363.80313313649617,363.80313313649617,0.0,0.0
7963,2019-11-28 19:00:00,11,2019-11-28 20:00:00,0.13592,0.13592,0.13592,0.0,0.8094983727276597,415.7207012301416,-0.0,51.9175680936454,0.0,363.80313313649617,363.80313313649617,0.0,0.0
7964,2019-11-28 20:00:00,11,2019-11-28 21:00:00,0.13592,0.13592,0.13592,0.0,0.6213912419535822,446.1840333465016,-0.0,98.33640774177908,0.0,347.84762560472257,347.84762560472257,0.0,0.0
7965,2019-11-28 21:00:00,11,2019-11-28 22:00:00,0.10531,0.10531,0.10531,0.0,0.2650999095558319,423.1707081739058,-0.0,59.36757503740961,0.0,363.80313313649617,363.80313313649617,0.0,0.0
7966,2019-11-28 22:00:00,11,2019-11-28 23:00:00,0.10531,0.10531,0.10531,0.0,0.05,348.1799767487006,-0.0,0.0,0.0,348.1799767487006,348.1799767487006,0.0,1.0
7967,2019-11-28 23:00:00,11,2019-11-29 00:00:00,0.10531,0.10531,0.10531,0.0,0.05,246.45579478848512,-0.0,0.0,0.0,246.45579478848512,246.45579478848512,0.0,1.0
7968,2019-11-29 00:00:00,11,2019-11-29 01:00:00,0.10531,0.10531,0.10531,0.0,0.05,187.2006773136787,-0.0,0.0,0.0,187.2006773136787,187.2006773136787,0.0,1.0
7969,2019-11-29 01:00:00,11,2019-11-29 02:00:00,0.10531,0.10531,0.10531,0.0,0.05,171.34018764835298,-0.0,0.0,0.0,171.34018764835298,171.34018764835298,0.0,1.0
7970,2019-11-29 02:00:00,11,2019-11-29 03:00:00,0.10531,0.10531,0.10531,0.0,0.05,158.15550441386762,-0.0,0.0,0.0,158.15550441386762,158.15550441386762,0.0,1.0
7971,2019-11-29 03:00:00,11,2019-11-29 04:00:00,0.10531,0.10531,0.10531,0.0,0.05,159.08127016108267,-150.0,0.0,0.0,309.08127016108267,309.08127016108267,0.0,1.0
7972,2019-11-29 04:00:00,11,2019-11-29 05:00:00,0.10531,0.10531,0.10531,0.0,0.51,171.0103943344981,-0.0,0.0,0.0,171.0103943344981,171.0103943344981,0.0,1.0
7973,2019-11-29 05:00:00,11,2019-11-29 06:00:00,0.10531,0.10531,0.10531,0.0,0.51,204.1879801243231,-0.0,0.0,0.0,204.1879801243231,204.1879801243231,0.0,0.0
7974,2019-11-29 06:00:00,11,2019-11-29 07:00:00,0.10531,0.10531,0.10531,0.0,0.51,334.52704821744027,-0.0,0.0,0.0,334.52704821744027,334.52704821744027,0.0,0.0
7975,2019-11-29 07:00:00,11,2019-11-29 08:00:00,0.10531,0.10531,0.10531,0.0,0.51,406.5067302117262,-0.0,42.70359707523005,0.0,363.80313313649617,363.80313313649617,0.0,0.0
7976,2019-11-29 08:00:00,11,2019-11-29 09:00:00,0.10531,0.10531,0.10531,0.0,0.35527682219119544,363.11517255957676,-0.6879605769194086,0.0,0.0,363.80313313649617,363.80313313649617,0.0,1.0
7977,2019-11-29 09:00:00,11,2019-11-29 10:00:00,0.10531,0.10531,0.10531,0.0,0.35738656796041496,336.3059312112989,-27.49720192519726,0.0,0.0,363.80313313649617,363.80313313649617,0.0,1.0
7978,2019-11-29 10:00:00,11,2019-11-29 11:00:00,0.10531,0.10531,0.10531,0.0,0.44171132053101986,287.0179357444632,-76.78519739203296,0.0,0.0,363.80313313649617,363.80313313649617,0.0,1.0
7979,2019-11-29 11:00:00,11,2019-11-29 12:00:00,0.10531,0.10531,0.10531,0.0,0.6771859258665875,287.8459023228542,-18.70152842132783,0.0,0.0,306.54743074418207,306.54743074418207,0.0,1.0
7980,2019-11-29 12:00:00,11,2019-11-29 13:00:00,0.10531,0.10531,0.10531,0.0,0.7345372796919929,287.3431577591074,-0.8102849389154041,0.0,0.0,288.1534426980228,288.1534426980228,0.0,1.0
7981,2019-11-29 13:00:00,11,2019-11-29 14:00:00,0.10531,0.10531,0.10531,0.0,0.7370221535046668,278.0494875401919,-85.7536455963043,0.0,0.0,363.80313313649617,363.80313313649617,0.0,1.0
7982,2019-11-29 14:00:00,11,2019-11-29 15:00:00,0.10531,0.10531,0.10531,0.0,1.0,278.3400988616332,-0.0,0.0,0.0,278.3400988616332,278.3400988616332,0.0,1.0
7983,2019-11-29 15:00:00,11,2019-11-29 16:00:00,0.10531,0.10531,0.10531,0.0,1.0,277.2392026012765,-0.0,0.0,0.0,277.2392026012765,277.2392026012765,0.0,1.0
7984,2019-11-29 16:00:00,11,2019-11-29 17:00:00,0.13592,0.13592,0.13592,0.0,1.0,318.15988759705886,-0.0,0.0,0.0,318.15988759705886,318.15988759705886,0.0,1.0
7985,2019-11-29 17:00:00,11,2019-11-29 18:00:00,0.13592,0.13592,0.13592,0.0,1.0,362.47211924045155,-0.0,0.0,0.0,362.47211924045155,362.47211924045155,0.0,1.0
7986,2019-11-29 18:00:00,11,2019-11-29 19:00:00,0.13592,0.13592,0.13592,0.0,1.0,417.06365210872156,-0.0,53.260518972225384,0.0,363.80313313649617,363.80313313649617,0.0,0.0
7987,2019-11-29 19:00:00,11,2019-11-29 20:00:00,0.13592,0.13592,0.13592,0.0,0.8070271051730964,424.29801563588074,-0.0,60.49488249938457,0.0,363.80313313649617,363.80313313649617,0.0,0.0
7988,2019-11-29 20:00:00,11,2019-11-29 21:00:00,0.13592,0.13592,0.13592,0.0,0.5878427482912683,449.94017226928395,-0.0,88.16543333714567,0.0,361.7747389321383,361.7747389321383,0.0,0.0
7989,2019-11-29 21:00:00,11,2019-11-29 22:00:00,0.10531,0.10531,0.10531,0.0,0.2684027724320448,424.08229832774055,-0.0,60.279165191244374,0.0,363.80313313649617,363.80313313649617,0.0,0.0
7990,2019-11-29 22:00:00,11,2019-11-29 23:00:00,0.10531,0.10531,0.10531,0.0,0.05,344.9816100146483,-0.0,0.0,0.0,344.9816100146483,344.9816100146483,0.0,0.0
7991,2019-11-29 23:00:00,11,2019-11-30 00:00:00,0.10531,0.10531,0.10531,0.0,0.05,250.55626673068363,-0.0,0.0,0.0,250.55626673068363,250.55626673068363,0.0,1.0
7992,2019-11-30 00:00:00,11,2019-11-30 01:00:00,0.10531,0.10531,0.10531,0.0,0.05,192.35752986940062,-0.0,0.0,0.0,192.35752986940062,192.35752986940062,0.0,1.0
7993,2019-11-30 01:00:00,11,2019-11-30 02:00:00,0.10531,0.10531,0.10531,0.0,0.05,173.61273546458364,-0.0,0.0,0.0,173.61273546458364,173.61273546458364,0.0,1.0
7994,2019-11-30 02:00:00,11,2019-11-30 03:00:00,0.10531,0.10531,0.10531,0.0,0.05,160.90693474174722,-0.0,0.0,0.0,160.90693474174722,160.90693474174722,0.0,1.0
7995,2019-11-30 03:00:00,11,2019-11-30 04:00:00,0.10531,0.10531,0.10531,0.0,0.05,162.7429487595241,-150.0,0.0,0.0,312.7429487595241,312.7429487595241,0.0,1.0
7996,2019-11-30 04:00:00,11,2019-11-30 05:00:00,0.10531,0.10531,0.10531,0.0,0.51,163.54870453015795,-150.0,0.0,0.0,313.5487045301579,313.5487045301579,0.0,1.0
7997,2019-11-30 05:00:00,11,2019-11-30 06:00:00,0.10531,0.10531,0.10531,0.0,0.97,198.47787194872402,-0.0,0.0,0.0,198.47787194872402,198.47787194872402,0.0,0.0
7998,2019-11-30 06:00:00,11,2019-11-30 07:00:00,0.10531,0.10531,0.10531,0.0,0.97,325.25976076970466,-0.0,0.0,0.0,325.25976076970466,325.25976076970466,0.0,1.0
7999,2019-11-30 07:00:00,11,2019-11-30 08:00:00,0.10531,0.10531,0.10531,0.0,0.97,404.82427902851737,-0.0,41.021145892021195,0.0,363.80313313649617,363.80313313649617,0.0,0.0
8000,2019-11-30 08:00:00,11,2019-11-30 09:00:00,0.10531,0.10531,0.10531,0.0,0.8213726598115174,362.9515463149593,-0.8515868215368982,0.0,0.0,363.80313313649617,363.80313313649617,0.0,1.0
8001,2019-11-30 09:00:00,11,2019-11-30 10:00:00,0.10531,0.10531,0.10531,0.0,0.8239841927308972,337.42576230961805,-26.37737082687812,0.0,0.0,363.80313313649617,363.80313313649617,0.0,1.0
8002,2019-11-30 10:00:00,11,2019-11-30 11:00:00,0.10531,0.10531,0.10531,0.0,0.9048747965999901,287.66781701379335,-31.0190880652206,0.0,0.0,318.68690507901397,318.68690507901397,0.0,1.0
8003,2019-11-30 11:00:00,11,2019-11-30 12:00:00,0.10531,0.10531,0.10531,0.0,1.0,288.62507005674354,-0.0,0.0,0.0,288.62507005674354,288.62507005674354,0.0,1.0
8004,2019-11-30 12:00:00,11,2019-11-30 13:00:00,0.10531,0.10531,0.10531,0.0,1.0,288.51270361118407,-0.0,0.0,0.0,288.51270361118407,288.51270361118407,0.0,1.0
8005,2019-11-30 13:00:00,11,2019-11-30 14:00:00,0.10531,0.10531,0.10531,0.0,1.0,278.95296950030445,-0.0,0.0,0.0,278.95296950030445,278.95296950030445,0.0,1.0
8006,2019-11-30 14:00:00,11,2019-11-30 15:00:00,0.10531,0.10531,0.10531,0.0,1.0,279.4970984150352,-0.0,0.0,0.0,279.4970984150352,279.4970984150352,0.0,1.0
8007,2019-11-30 15:00:00,11,2019-11-30 16:00:00,0.10531,0.10531,0.10531,0.0,1.0,279.33284166972027,-0.0,0.0,0.0,279.33284166972027,279.33284166972027,0.0,1.0
8008,2019-11-30 16:00:00,11,2019-11-30 17:00:00,0.13592,0.13592,0.13592,0.0,1.0,317.61541435294185,-0.0,0.0,0.0,317.61541435294185,317.61541435294185,0.0,1.0
8009,2019-11-30 17:00:00,11,2019-11-30 18:00:00,0.13592,0.13592,0.13592,0.0,1.0,363.85464199221315,-0.0,0.05150885571697472,0.0,363.80313313649617,363.80313313649617,0.0,0.0
8010,2019-11-30 18:00:00,11,2019-11-30 19:00:00,0.13592,0.13592,0.13592,0.0,0.9998133737111704,416.8530349250395,-0.0,82.12165107858141,0.0,334.7313838464581,334.7313838464581,0.0,0.0
8011,2019-11-30 19:00:00,11,2019-11-30 20:00:00,0.13592,0.13592,0.13592,0.0,0.7022711596583392,401.97342926042006,-0.0,38.17029612392389,0.0,363.80313313649617,363.80313313649617,0.0,0.0
8012,2019-11-30 20:00:00,11,2019-11-30 21:00:00,0.13592,0.13592,0.13592,0.0,0.5639729852962961,445.64024249932083,-0.0,81.83710936282466,0.0,363.80313313649617,363.80313313649617,0.0,0.0
8013,2019-11-30 21:00:00,11,2019-11-30 22:00:00,0.10531,0.10531,0.10531,0.0,0.26746171948896036,423.8225677154492,-0.0,60.01943457895305,0.0,363.80313313649617,363.80313313649617,0.0,0.0
8014,2019-11-30 22:00:00,11,2019-11-30 23:00:00,0.10531,0.10531,0.10531,0.0,0.05,344.6568868807234,-19.14624625577278,0.0,0.0,363.80313313649617,363.80313313649617,0.0,1.0
8015,2019-11-30 23:00:00,11,2019-12-01 00:00:00,0.10531,0.10531,0.10531,0.0,0.10871515518436986,242.9559778442359,-32.43959264415264,0.0,0.0,275.39557048838856,275.39557048838856,0.0,1.0
8016,2019-12-01 00:00:00,12,2019-12-01 01:00:00,0.10531,0.10531,0.10531,0.0,0.20819657262643795,185.07896455100902,-0.0,0.0,0.0,185.07896455100902,185.07896455100902,0.0,1.0
8017,2019-12-01 01:00:00,12,2019-12-01 02:00:00,0.10531,0.10531,0.10531,0.0,0.20819657262643795,168.41016147770046,-108.19676979572675,0.0,0.0,276.6069312734272,276.6069312734272,0.0,1.0
8018,2019-12-01 02:00:00,12,2019-12-01 03:00:00,0.10531,0.10531,0.10531,0.0,0.54,154.57193778469534,-0.0,0.0,0.0,154.57193778469534,154.57193778469534,0.0,0.0
8019,2019-12-01 03:00:00,12,2019-12-01 04:00:00,0.10531,0.10531,0.10531,0.0,0.54,150.96043289088774,-0.0,0.0,0.0,150.96043289088774,150.96043289088774,0.0,0.0
8020,2019-12-01 04:00:00,12,2019-12-01 05:00:00,0.10531,0.10531,0.10531,0.0,0.54,161.3886891095617,-0.0,0.0,0.0,161.3886891095617,161.3886891095617,0.0,1.0
8021,2019-12-01 05:00:00,12,2019-12-01 06:00:00,0.10531,0.10531,0.10531,0.0,0.54,198.0563326515219,-150.0,0.0,0.0,348.05633265152187,348.05633265152187,0.0,1.0
8022,2019-12-01 06:00:00,12,2019-12-01 07:00:00,0.10531,0.10531,0.10531,0.0,1.0,328.7733010116047,-0.0,0.0,0.0,328.7733010116047,328.7733010116047,0.0,1.0
8023,2019-12-01 07:00:00,12,2019-12-01 08:00:00,0.10531,0.10531,0.10531,0.0,1.0,407.46538718139306,-0.0,53.29852920182793,0.0,354.1668579795651,354.1668579795651,0.0,0.0
8024,2019-12-01 08:00:00,12,2019-12-01 09:00:00,0.10531,0.10531,0.10531,0.0,0.8068893869498989,351.4206039605116,-0.0,0.0,0.0,351.4206039605116,351.4206039605116,0.0,0.0
8025,2019-12-01 09:00:00,12,2019-12-01 10:00:00,0.10531,0.10531,0.10531,0.0,0.8068893869498989,336.64915729290675,-0.0,0.0,0.0,336.64915729290675,336.64915729290675,0.0,0.0
8026,2019-12-01 10:00:00,12,2019-12-01 11:00:00,0.10531,0.10531,0.10531,0.0,0.8068893869498989,287.9951644257823,-62.97085208155473,0.0,0.0,350.96601650733703,350.96601650733703,0.0,1.0
8027,2019-12-01 11:00:00,12,2019-12-01 12:00:00,0.10531,0.10531,0.10531,0.0,1.0,288.16097573472086,-0.0,0.0,0.0,288.16097573472086,288.16097573472086,0.0,0.0
8028,2019-12-01 12:00:00,12,2019-12-01 13:00:00,0.10531,0.10531,0.10531,0.0,1.0,287.83273877462346,-0.0,0.0,0.0,287.83273877462346,287.83273877462346,0.0,1.0
8029,2019-12-01 13:00:00,12,2019-12-01 14:00:00,0.10531,0.10531,0.10531,0.0,1.0,280.13940938693986,-0.0,0.0,0.0,280.13940938693986,280.13940938693986,0.0,1.0
8030,2019-12-01 14:00:00,12,2019-12-01 15:00:00,0.10531,0.10531,0.10531,0.0,1.0,279.1191937874074,-0.0,0.0,0.0,279.1191937874074,279.1191937874074,0.0,1.0
8031,2019-12-01 15:00:00,12,2019-12-01 16:00:00,0.10531,0.10531,0.10531,0.0,1.0,278.286410753833,-0.0,0.0,0.0,278.286410753833,278.286410753833,0.0,1.0
8032,2019-12-01 16:00:00,12,2019-12-01 17:00:00,0.13592,0.13592,0.13592,0.0,1.0,317.99898631800886,-0.0,0.0,0.0,317.99898631800886,317.99898631800886,0.0,1.0
8033,2019-12-01 17:00:00,12,2019-12-01 18:00:00,0.13592,0.13592,0.13592,0.0,1.0,359.65994751563505,-0.0,5.493089536069903,0.0,354.1668579795652,354.1668579795652,0.0,0.0
8034,2019-12-01 18:00:00,12,2019-12-01 19:00:00,0.13592,0.13592,0.13592,0.0,0.9800975016809061,415.1049738129015,-0.0,60.938115833336354,0.0,354.1668579795652,354.1668579795652,0.0,0.0
8035,2019-12-01 19:00:00,12,2019-12-01 20:00:00,0.13592,0.13592,0.13592,0.0,0.7593072269224409,393.63897045660667,-0.0,39.47211247704153,0.0,354.1668579795652,354.1668579795652,0.0,0.0
8036,2019-12-01 20:00:00,12,2019-12-01 21:00:00,0.13592,0.13592,0.13592,0.0,0.6162923266433049,441.0334091561577,-0.0,86.86655117659254,0.0,354.1668579795651,354.1668579795651,0.0,0.0
8037,2019-12-01 21:00:00,12,2019-12-01 22:00:00,0.10531,0.10531,0.10531,0.0,0.30155844556869416,423.59698895652474,-0.0,69.43013097695959,0.0,354.1668579795652,354.1668579795652,0.0,0.0
8038,2019-12-01 22:00:00,12,2019-12-01 23:00:00,0.10531,0.10531,0.10531,0.0,0.05,346.0976714958708,-0.0,0.0,0.0,346.0976714958708,346.0976714958708,0.0,1.0
8039,2019-12-01 23:00:00,12,2019-12-02 00:00:00,0.10531,0.10531,0.10531,0.0,0.05,246.7351292392475,-0.0,0.0,0.0,246.7351292392475,246.7351292392475,0.0,1.0
8040,2019-12-02 00:00:00,12,2019-12-02 01:00:00,0.10531,0.10531,0.10531,0.0,0.05,193.58134748347004,-9.782608695652174,0.0,0.0,203.36395617912223,203.36395617912223,0.0,1.0
8041,2019-12-02 01:00:00,12,2019-12-02 02:00:00,0.10531,0.10531,0.10531,0.0,0.08,185.29647026509983,-150.0,0.0,0.0,335.29647026509986,335.29647026509986,0.0,1.0
8042,2019-12-02 02:00:00,12,2019-12-02 03:00:00,0.10531,0.10531,0.10531,0.0,0.54,161.4731442172118,-0.0,0.0,0.0,161.4731442172118,161.4731442172118,0.0,1.0
8043,2019-12-02 03:00:00,12,2019-12-02 04:00:00,0.10531,0.10531,0.10531,0.0,0.54,161.3561067593934,-0.0,0.0,0.0,161.3561067593934,161.3561067593934,0.0,0.0
8044,2019-12-02 04:00:00,12,2019-12-02 05:00:00,0.10531,0.10531,0.10531,0.0,0.54,166.91902118796258,-0.0,0.0,0.0,166.91902118796258,166.91902118796258,0.0,1.0
8045,2019-12-02 05:00:00,12,2019-12-02 06:00:00,0.10531,0.10531,0.10531,0.0,0.54,182.0236490407415,-150.0,0.0,0.0,332.0236490407415,332.0236490407415,0.0,1.0
8046,2019-12-02 06:00:00,12,2019-12-02 07:00:00,0.10531,0.10531,0.10531,0.0,1.0,266.6051623391888,-0.0,0.0,0.0,266.6051623391888,266.6051623391888,0.0,1.0
8047,2019-12-02 07:00:00,12,2019-12-02 08:00:00,0.10531,0.10531,0.10531,0.0,1.0,350.3118700833434,-0.0,0.0,0.0,350.3118700833434,350.3118700833434,0.0,0.0
8048,2019-12-02 08:00:00,12,2019-12-02 09:00:00,0.10531,0.10531,0.10531,0.0,1.0,397.8070615147803,-0.0,43.64020353521511,0.0,354.1668579795652,354.1668579795652,0.0,0.0
8049,2019-12-02 09:00:00,12,2019-12-02 10:00:00,0.10531,0.10531,0.10531,0.0,0.8418833205245829,351.5876314500452,-0.0,0.0,0.0,351.5876314500452,351.5876314500452,0.0,0.0
8050,2019-12-02 10:00:00,12,2019-12-02 11:00:00,0.10531,0.10531,0.10531,0.0,0.8418833205245829,298.93026531824876,-51.55978678546209,0.0,0.0,350.4900521037108,350.4900521037108,0.0,1.0
8051,2019-12-02 11:00:00,12,2019-12-02 12:00:00,0.10531,0.10531,0.10531,0.0,1.0,291.7587763301646,-0.0,0.0,0.0,291.7587763301646,291.7587763301646,0.0,0.0
8052,2019-12-02 12:00:00,12,2019-12-02 13:00:00,0.10531,0.10531,0.10531,0.0,1.0,291.13728590035646,-0.0,0.0,0.0,291.13728590035646,291.13728590035646,0.0,0.0
8053,2019-12-02 13:00:00,12,2019-12-02 14:00:00,0.10531,0.10531,0.10531,0.0,1.0,280.68389067161155,-0.0,0.0,0.0,280.68389067161155,280.68389067161155,0.0,0.0
8054,2019-12-02 14:00:00,12,2019-12-02 15:00:00,0.10531,0.10531,0.10531,0.0,1.0,280.6710951894226,-0.0,0.0,0.0,280.6710951894226,280.6710951894226,0.0,1.0
8055,2019-12-02 15:00:00,12,2019-12-02 16:00:00,0.10531,0.10531,0.10531,0.0,1.0,281.27133986483216,-0.0,0.0,0.0,281.27133986483216,281.27133986483216,0.0,1.0
8056,2019-12-02 16:00:00,12,2019-12-02 17:00:00,0.13592,0.13592,0.13592,0.0,1.0,320.9735946568674,-0.0,0.0,0.0,320.9735946568674,320.9735946568674,0.0,1.0
8057,2019-12-02 17:00:00,12,2019-12-02 18:00:00,0.13592,0.13592,0.13592,0.0,1.0,339.49799517682294,-0.0,0.0,0.0,339.49799517682294,339.49799517682294,0.0,1.0
8058,2019-12-02 18:00:00,12,2019-12-02 19:00:00,0.13592,0.13592,0.13592,0.0,1.0,396.45881636991345,-0.0,42.29195839034827,0.0,354.1668579795652,354.1668579795652,0.0,0.0
8059,2019-12-02 19:00:00,12,2019-12-02 20:00:00,0.13592,0.13592,0.13592,0.0,0.8467682667016366,417.7233064553776,-0.0,67.87309945407023,0.0,349.85020700130735,349.85020700130735,0.0,0.0
8060,2019-12-02 20:00:00,12,2019-12-02 21:00:00,0.13592,0.13592,0.13592,0.0,0.6008512396941359,430.2505629566739,-0.0,76.08370497710871,0.0,354.1668579795652,354.1668579795652,0.0,0.0
8061,2019-12-02 21:00:00,12,2019-12-02 22:00:00,0.10531,0.10531,0.10531,0.0,0.3251856419509884,420.56734770011343,-0.0,66.40048972054825,0.0,354.1668579795652,354.1668579795652,0.0,0.0
8062,2019-12-02 22:00:00,12,2019-12-02 23:00:00,0.10531,0.10531,0.10531,0.0,0.0846041574562484,363.71760543748974,-0.0,9.550747457924558,0.0,354.1668579795652,354.1668579795652,0.0,0.0
8063,2019-12-02 23:00:00,12,2019-12-03 00:00:00,0.10531,0.10531,0.10531,0.0,0.05,257.46017408701096,-55.352311783829926,0.0,0.0,312.8124858708409,312.8124858708409,0.0,1.0
8064,2019-12-03 00:00:00,12,2019-12-03 01:00:00,0.10531,0.10531,0.10531,0.0,0.21974708947041174,204.158915726456,-0.0,0.0,0.0,204.158915726456,204.158915726456,0.0,1.0
8065,2019-12-03 01:00:00,12,2019-12-03 02:00:00,0.10531,0.10531,0.10531,0.0,0.21974708947041174,191.86316606774554,-0.0,0.0,0.0,191.86316606774554,191.86316606774554,0.0,1.0
8066,2019-12-03 02:00:00,12,2019-12-03 03:00:00,0.10531,0.10531,0.10531,0.0,0.21974708947041174,164.1997180170993,-22.60251890779017,0.0,0.0,186.80223692488946,186.80223692488946,0.0,1.0
8067,2019-12-03 03:00:00,12,2019-12-03 04:00:00,0.10531,0.10531,0.10531,0.0,0.28906148078763494,160.0096102743175,-0.0,0.0,0.0,160.0096102743175,160.0096102743175,0.0,1.0
8068,2019-12-03 04:00:00,12,2019-12-03 05:00:00,0.10531,0.10531,0.10531,0.0,0.28906148078763494,166.12307878148653,-0.0,0.0,0.0,166.12307878148653,166.12307878148653,0.0,1.0
8069,2019-12-03 05:00:00,12,2019-12-03 06:00:00,0.10531,0.10531,0.10531,0.0,0.28906148078763494,179.25535860471172,-150.0,0.0,0.0,329.2553586047117,329.2553586047117,0.0,1.0
8070,2019-12-03 06:00:00,12,2019-12-03 07:00:00,0.10531,0.10531,0.10531,0.0,0.7490614807876349,259.3972360862983,-0.0,0.0,0.0,259.3972360862983,259.3972360862983,0.0,1.0
8071,2019-12-03 07:00:00,12,2019-12-03 08:00:00,0.10531,0.10531,0.10531,0.0,0.7490614807876349,357.1711929230167,-0.0,3.0043349434515108,0.0,354.1668579795652,354.1668579795652,0.0,0.0
8072,2019-12-03 08:00:00,12,2019-12-03 09:00:00,0.10531,0.10531,0.10531,0.0,0.7381762092533903,398.0127197299473,-0.0,43.84586175038214,0.0,354.1668579795652,354.1668579795652,0.0,0.0
8073,2019-12-03 09:00:00,12,2019-12-03 10:00:00,0.10531,0.10531,0.10531,0.0,0.5793143913172232,342.65208536884336,-0.0,0.0,0.0,342.65208536884336,342.65208536884336,0.0,0.0
8074,2019-12-03 10:00:00,12,2019-12-03 11:00:00,0.10531,0.10531,0.10531,0.0,0.5793143913172232,298.6842517054505,-0.0,0.0,0.0,298.6842517054505,298.6842517054505,0.0,1.0
8075,2019-12-03 11:00:00,12,2019-12-03 12:00:00,0.10531,0.10531,0.10531,0.0,0.5793143913172232,295.87203525219473,-58.294822727370445,0.0,0.0,354.1668579795652,354.1668579795652,0.0,1.0
8076,2019-12-03 12:00:00,12,2019-12-03 13:00:00,0.10531,0.10531,0.10531,0.0,0.7580851810144925,295.07383184859094,-59.09302613097424,0.0,0.0,354.1668579795652,354.1668579795652,0.0,1.0
8077,2019-12-03 13:00:00,12,2019-12-03 14:00:00,0.10531,0.10531,0.10531,0.0,0.9393037944828135,275.2815909190736,-19.79224092951736,0.0,0.0,295.073831848591,295.073831848591,0.0,1.0
8078,2019-12-03 14:00:00,12,2019-12-03 15:00:00,0.10531,0.10531,0.10531,0.0,1.0,275.1551449724417,-0.0,0.0,0.0,275.1551449724417,275.1551449724417,0.0,1.0
8079,2019-12-03 15:00:00,12,2019-12-03 16:00:00,0.10531,0.10531,0.10531,0.0,1.0,275.7631791728473,-0.0,0.0,0.0,275.7631791728473,275.7631791728473,0.0,1.0
8080,2019-12-03 16:00:00,12,2019-12-03 17:00:00,0.13592,0.13592,0.13592,0.0,1.0,316.6699564311566,-0.0,0.0,0.0,316.6699564311566,316.6699564311566,0.0,1.0
8081,2019-12-03 17:00:00,12,2019-12-03 18:00:00,0.13592,0.13592,0.13592,0.0,1.0,353.9411554195603,-0.0,0.0,0.0,353.9411554195603,353.9411554195603,0.0,1.0
8082,2019-12-03 18:00:00,12,2019-12-03 19:00:00,0.13592,0.13592,0.13592,0.0,1.0,389.4693160460306,-0.0,35.30245806646542,0.0,354.1668579795652,354.1668579795652,0.0,0.0
8083,2019-12-03 19:00:00,12,2019-12-03 20:00:00,0.13592,0.13592,0.13592,0.0,0.872092543237444,416.0481578205761,-0.0,61.8812998410109,0.0,354.1668579795652,354.1668579795652,0.0,0.0
8084,2019-12-03 20:00:00,12,2019-12-03 21:00:00,0.13592,0.13592,0.13592,0.0,0.6478849351178394,440.2551172688482,-0.0,106.8709824718454,0.0,333.38413479700284,333.38413479700284,0.0,0.0
8085,2019-12-03 21:00:00,12,2019-12-03 22:00:00,0.10531,0.10531,0.10531,0.0,0.2606712305097039,411.0900574779062,-0.0,56.923199498341035,0.0,354.1668579795652,354.1668579795652,0.0,0.0
8086,2019-12-03 22:00:00,12,2019-12-03 23:00:00,0.10531,0.10531,0.10531,0.0,0.05442775406643938,355.38891810190245,-0.0,1.2220601223372682,0.0,354.1668579795652,354.1668579795652,0.0,0.0
8087,2019-12-03 23:00:00,12,2019-12-04 00:00:00,0.10531,0.10531,0.10531,0.0,0.05,260.6835796033578,-69.82375006405695,0.0,0.0,330.50732966741475,330.50732966741475,0.0,1.0
8088,2019-12-04 00:00:00,12,2019-12-04 01:00:00,0.10531,0.10531,0.10531,0.0,0.26412616686310797,192.40875507165796,-0.0,0.0,0.0,192.40875507165796,192.40875507165796,0.0,1.0
8089,2019-12-04 01:00:00,12,2019-12-04 02:00:00,0.10531,0.10531,0.10531,0.0,0.26412616686310797,171.52614997792452,-0.0,0.0,0.0,171.52614997792452,171.52614997792452,0.0,1.0
8090,2019-12-04 02:00:00,12,2019-12-04 03:00:00,0.10531,0.10531,0.10531,0.0,0.26412616686310797,157.23154725804827,-89.95885863159522,0.0,0.0,247.1904058896435,247.1904058896435,0.0,1.0
8091,2019-12-04 03:00:00,12,2019-12-04 04:00:00,0.10531,0.10531,0.10531,0.0,0.54,152.7350748263093,-0.0,0.0,0.0,152.7350748263093,152.7350748263093,0.0,1.0
8092,2019-12-04 04:00:00,12,2019-12-04 05:00:00,0.10531,0.10531,0.10531,0.0,0.54,160.20633031189206,-0.0,0.0,0.0,160.20633031189206,160.20633031189206,0.0,1.0
8093,2019-12-04 05:00:00,12,2019-12-04 06:00:00,0.10531,0.10531,0.10531,0.0,0.54,198.49347166983256,-150.0,0.0,0.0,348.49347166983256,348.49347166983256,0.0,1.0
8094,2019-12-04 06:00:00,12,2019-12-04 07:00:00,0.10531,0.10531,0.10531,0.0,1.0,328.73764673161327,-0.0,0.0,0.0,328.73764673161327,328.73764673161327,0.0,1.0
8095,2019-12-04 07:00:00,12,2019-12-04 08:00:00,0.10531,0.10531,0.10531,0.0,1.0,406.0914247914387,-0.0,43.3017077957784,0.0,362.78971699566034,362.78971699566034,0.0,0.0
8096,2019-12-04 08:00:00,12,2019-12-04 09:00:00,0.10531,0.10531,0.10531,0.0,0.8431097543631217,361.34111322190944,-1.4486037737509037,0.0,0.0,362.78971699566034,362.78971699566034,0.0,1.0
8097,2019-12-04 09:00:00,12,2019-12-04 10:00:00,0.10531,0.10531,0.10531,0.0,0.8475521392692912,337.60615938815283,-25.18355760750751,0.0,0.0,362.78971699566034,362.78971699566034,0.0,1.0
8098,2019-12-04 10:00:00,12,2019-12-04 11:00:00,0.10531,0.10531,0.10531,0.0,0.9247817159323142,287.51528024034445,6.178632484870436e-14,0.0,0.0,287.51528024034445,287.51528024034445,0.0,0.0
8099,2019-12-04 11:00:00,12,2019-12-04 12:00:00,0.10531,0.10531,0.10531,0.0,0.9247817159323141,287.503792258406,-24.527701326419333,0.0,0.0,312.03149358482534,312.03149358482534,0.0,1.0
8100,2019-12-04 12:00:00,12,2019-12-04 13:00:00,0.10531,0.10531,0.10531,0.0,1.0,286.5451223188304,-0.0,0.0,0.0,286.5451223188304,286.5451223188304,0.0,0.0
8101,2019-12-04 13:00:00,12,2019-12-04 14:00:00,0.10531,0.10531,0.10531,0.0,1.0,276.35407037207153,-0.0,0.0,0.0,276.35407037207153,276.35407037207153,0.0,1.0
8102,2019-12-04 14:00:00,12,2019-12-04 15:00:00,0.10531,0.10531,0.10531,0.0,1.0,277.54055467374303,-0.0,0.0,0.0,277.54055467374303,277.54055467374303,0.0,1.0
8103,2019-12-04 15:00:00,12,2019-12-04 16:00:00,0.10531,0.10531,0.10531,0.0,1.0,277.7289216625729,-0.0,0.0,0.0,277.7289216625729,277.7289216625729,0.0,1.0
8104,2019-12-04 16:00:00,12,2019-12-04 17:00:00,0.13592,0.13592,0.13592,0.0,1.0,319.02147127589114,-0.0,0.0,0.0,319.02147127589114,319.02147127589114,0.0,1.0
8105,2019-12-04 17:00:00,12,2019-12-04 18:00:00,0.13592,0.13592,0.13592,0.0,1.0,362.98454931440443,-0.0,0.19483231874410878,0.0,362.78971699566034,362.78971699566034,0.0,0.0
8106,2019-12-04 18:00:00,12,2019-12-04 19:00:00,0.13592,0.13592,0.13592,0.0,0.9992940858016518,416.37877661235285,-0.0,53.58905961669253,0.0,362.78971699566034,362.78971699566034,0.0,0.0
8107,2019-12-04 19:00:00,12,2019-12-04 20:00:00,0.13592,0.13592,0.13592,0.0,0.8051308263208818,423.28672902354936,-0.0,60.49701202788904,0.0,362.78971699566034,362.78971699566034,0.0,0.0
8108,2019-12-04 20:00:00,12,2019-12-04 21:00:00,0.13592,0.13592,0.13592,0.0,0.5859387537560665,449.74859056644425,-0.0,86.95887357078394,0.0,362.78971699566034,362.78971699566034,0.0,0.0
8109,2019-12-04 21:00:00,12,2019-12-04 22:00:00,0.10531,0.10531,0.10531,0.0,0.2708703712532262,423.74993946155075,-0.0,60.960222465890446,0.0,362.78971699566034,362.78971699566034,0.0,0.0
8110,2019-12-04 22:00:00,12,2019-12-04 23:00:00,0.10531,0.10531,0.10531,0.0,0.05,356.36744116308824,-0.0,0.0,0.0,356.36744116308824,356.36744116308824,0.0,1.0
8111,2019-12-04 23:00:00,12,2019-12-05 00:00:00,0.10531,0.10531,0.10531,0.0,0.05,283.76537880691495,-0.0,0.0,0.0,283.76537880691495,283.76537880691495,0.0,1.0
8112,2019-12-05 00:00:00,12,2019-12-05 01:00:00,0.10531,0.10531,0.10531,0.0,0.05,175.32505787298155,-0.0,0.0,0.0,175.32505787298155,175.32505787298155,0.0,1.0
8113,2019-12-05 01:00:00,12,2019-12-05 02:00:00,0.10531,0.10531,0.10531,0.0,0.05,174.02959014658538,-0.0,0.0,0.0,174.02959014658538,174.02959014658538,0.0,1.0
8114,2019-12-05 02:00:00,12,2019-12-05 03:00:00,0.10531,0.10531,0.10531,0.0,0.05,188.03784783759878,-0.0,0.0,0.0,188.03784783759878,188.03784783759878,0.0,1.0
8115,2019-12-05 03:00:00,12,2019-12-05 04:00:00,0.10531,0.10531,0.10531,0.0,0.05,157.25290556049504,-0.0,0.0,0.0,157.25290556049504,157.25290556049504,0.0,1.0
8116,2019-12-05 04:00:00,12,2019-12-05 05:00:00,0.10531,0.10531,0.10531,0.0,0.05,177.87773451938048,-150.0,0.0,0.0,327.8777345193805,327.8777345193805,0.0,1.0
8117,2019-12-05 05:00:00,12,2019-12-05 06:00:00,0.10531,0.10531,0.10531,0.0,0.51,213.78064737065426,-0.0,0.0,0.0,213.78064737065426,213.78064737065426,0.0,0.0
8118,2019-12-05 06:00:00,12,2019-12-05 07:00:00,0.10531,0.10531,0.10531,0.0,0.51,337.0597890588016,-0.0,0.0,0.0,337.0597890588016,337.0597890588016,0.0,0.0
8119,2019-12-05 07:00:00,12,2019-12-05 08:00:00,0.10531,0.10531,0.10531,0.0,0.51,406.09245603512494,-0.0,43.3027390394646,0.0,362.78971699566034,362.78971699566034,0.0,0.0
8120,2019-12-05 08:00:00,12,2019-12-05 09:00:00,0.10531,0.10531,0.10531,0.0,0.3531060179729544,361.64397498116085,-1.1457420144994899,0.0,0.0,362.78971699566034,362.78971699566034,0.0,1.0
8121,2019-12-05 09:00:00,12,2019-12-05 10:00:00,0.10531,0.10531,0.10531,0.0,0.3566196268174195,334.86984649961346,-27.919870496046883,0.0,0.0,362.78971699566034,362.78971699566034,0.0,1.0
8122,2019-12-05 10:00:00,12,2019-12-05 11:00:00,0.10531,0.10531,0.10531,0.0,0.44224056300529657,286.8983144562654,-18.929889547453225,0.0,0.0,305.8282040037186,305.8282040037186,0.0,1.0
8123,2019-12-05 11:00:00,12,2019-12-05 12:00:00,0.10531,0.10531,0.10531,0.0,0.5002922242841531,288.45765123461734,-0.0,0.0,0.0,288.45765123461734,288.45765123461734,0.0,1.0
8124,2019-12-05 12:00:00,12,2019-12-05 13:00:00,0.10531,0.10531,0.10531,0.0,0.5002922242841531,286.90167525142147,-75.88804174423888,0.0,0.0,362.78971699566034,362.78971699566034,0.0,1.0
8125,2019-12-05 13:00:00,12,2019-12-05 14:00:00,0.10531,0.10531,0.10531,0.0,0.7330155522998191,275.90173039248424,-86.8879866031761,0.0,0.0,362.78971699566034,362.78971699566034,0.0,1.0
8126,2019-12-05 14:00:00,12,2019-12-05 15:00:00,0.10531,0.10531,0.10531,0.0,0.9994720445495591,275.85061521340805,-0.17215938601331043,0.0,0.0,276.0227745994214,276.0227745994214,0.0,1.0
8127,2019-12-05 15:00:00,12,2019-12-05 16:00:00,0.10531,0.10531,0.10531,0.0,1.0,275.7295710064709,-0.0,0.0,0.0,275.7295710064709,275.7295710064709,0.0,1.0
8128,2019-12-05 16:00:00,12,2019-12-05 17:00:00,0.13592,0.13592,0.13592,0.0,1.0,317.0794312807824,-0.0,0.0,0.0,317.0794312807824,317.0794312807824,0.0,1.0
8129,2019-12-05 17:00:00,12,2019-12-05 18:00:00,0.13592,0.13592,0.13592,0.0,1.0,359.45630438094594,-0.0,0.0,0.0,359.45630438094594,359.45630438094594,0.0,1.0
8130,2019-12-05 18:00:00,12,2019-12-05 19:00:00,0.13592,0.13592,0.13592,0.0,1.0,415.55303308440364,-0.0,52.763316088743295,0.0,362.78971699566034,362.78971699566034,0.0,0.0
8131,2019-12-05 19:00:00,12,2019-12-05 20:00:00,0.13592,0.13592,0.13592,0.0,0.8088285648958576,411.69519024602243,-0.0,48.90547325036209,0.0,362.78971699566034,362.78971699566034,0.0,0.0
8132,2019-12-05 20:00:00,12,2019-12-05 21:00:00,0.13592,0.13592,0.13592,0.0,0.6316348212351255,448.57244071249784,-0.0,100.74675371915401,0.0,347.8256869933438,347.8256869933438,0.0,0.0
8133,2019-12-05 21:00:00,12,2019-12-05 22:00:00,0.10531,0.10531,0.10531,0.0,0.2666103512381907,422.574173937401,-0.0,59.78445694174064,0.0,362.78971699566034,362.78971699566034,0.0,0.0
8134,2019-12-05 22:00:00,12,2019-12-05 23:00:00,0.10531,0.10531,0.10531,0.0,0.05,350.432138430717,-12.35757856494337,0.0,0.0,362.78971699566034,362.78971699566034,0.0,1.0
8135,2019-12-05 23:00:00,12,2019-12-06 00:00:00,0.10531,0.10531,0.10531,0.0,0.08789657426582634,252.5726802200669,-39.319193079610216,0.0,0.0,291.8918732996771,291.8918732996771,0.0,1.0
8136,2019-12-06 00:00:00,12,2019-12-06 01:00:00,0.10531,0.10531,0.10531,0.0,0.20847543304329766,193.64151009745382,-0.0,0.0,0.0,193.64151009745382,193.64151009745382,0.0,1.0
8137,2019-12-06 01:00:00,12,2019-12-06 02:00:00,0.10531,0.10531,0.10531,0.0,0.20847543304329766,175.84150772718965,-108.10583705109859,0.0,0.0,283.94734477828825,283.94734477828825,0.0,1.0
8138,2019-12-06 02:00:00,12,2019-12-06 03:00:00,0.10531,0.10531,0.10531,0.0,0.54,164.3729165233876,-0.0,0.0,0.0,164.3729165233876,164.3729165233876,0.0,0.0
8139,2019-12-06 03:00:00,12,2019-12-06 04:00:00,0.10531,0.10531,0.10531,0.0,0.54,162.04157814928118,-0.0,0.0,0.0,162.04157814928118,162.04157814928118,0.0,0.0
8140,2019-12-06 04:00:00,12,2019-12-06 05:00:00,0.10531,0.10531,0.10531,0.0,0.54,168.74052188311842,-0.0,0.0,0.0,168.74052188311842,168.74052188311842,0.0,1.0
8141,2019-12-06 05:00:00,12,2019-12-06 06:00:00,0.10531,0.10531,0.10531,0.0,0.54,208.73896159017434,-150.0,0.0,0.0,358.7389615901743,358.7389615901743,0.0,1.0
8142,2019-12-06 06:00:00,12,2019-12-06 07:00:00,0.10531,0.10531,0.10531,0.0,1.0,335.6603163310589,-0.0,0.0,0.0,335.6603163310589,335.6603163310589,0.0,1.0
8143,2019-12-06 07:00:00,12,2019-12-06 08:00:00,0.10531,0.10531,0.10531,0.0,1.0,406.5289365156105,-0.0,42.29761979813995,0.0,364.2313167174706,364.2313167174706,0.0,0.0
8144,2019-12-06 08:00:00,12,2019-12-06 09:00:00,0.10531,0.10531,0.10531,0.0,0.8467477543545654,360.7496369394989,-0.0,0.0,0.0,360.7496369394989,360.7496369394989,0.0,0.0
8145,2019-12-06 09:00:00,12,2019-12-06 10:00:00,0.10531,0.10531,0.10531,0.0,0.8467477543545654,335.22661526215296,-29.004701455317587,0.0,0.0,364.2313167174706,364.2313167174706,0.0,1.0
8146,2019-12-06 10:00:00,12,2019-12-06 11:00:00,0.10531,0.10531,0.10531,0.0,0.935695505484206,286.4407824140602,-0.0,0.0,0.0,286.4407824140602,286.4407824140602,0.0,0.0
8147,2019-12-06 11:00:00,12,2019-12-06 12:00:00,0.10531,0.10531,0.10531,0.0,0.935695505484206,288.247698621252,-0.0,0.0,0.0,288.247698621252,288.247698621252,0.0,0.0
8148,2019-12-06 12:00:00,12,2019-12-06 13:00:00,0.10531,0.10531,0.10531,0.0,0.935695505484206,289.96802715668707,-0.0,0.0,0.0,289.96802715668707,289.96802715668707,0.0,1.0
8149,2019-12-06 13:00:00,12,2019-12-06 14:00:00,0.10531,0.10531,0.10531,0.0,0.935695505484206,280.3372374488562,-0.0,0.0,0.0,280.3372374488562,280.3372374488562,0.0,0.0
8150,2019-12-06 14:00:00,12,2019-12-06 15:00:00,0.10531,0.10531,0.10531,0.0,0.935695505484206,280.53044225201967,-0.0,0.0,0.0,280.53044225201967,280.53044225201967,0.0,0.0
8151,2019-12-06 15:00:00,12,2019-12-06 16:00:00,0.10531,0.10531,0.10531,0.0,0.935695505484206,279.54679757335447,-20.968856907324135,0.0,0.0,300.51565448067856,300.51565448067856,0.0,1.0
8152,2019-12-06 16:00:00,12,2019-12-06 17:00:00,0.13592,0.13592,0.13592,0.0,1.0,318.87961034788515,-0.0,0.0,0.0,318.87961034788515,318.87961034788515,0.0,1.0
8153,2019-12-06 17:00:00,12,2019-12-06 18:00:00,0.13592,0.13592,0.13592,0.0,1.0,363.2524549043435,-0.0,0.0,0.0,363.2524549043435,363.2524549043435,0.0,1.0
8154,2019-12-06 18:00:00,12,2019-12-06 19:00:00,0.13592,0.13592,0.13592,0.0,1.0,419.3361013440989,-0.0,55.10478462662833,0.0,364.2313167174706,364.2313167174706,0.0,0.0
8155,2019-12-06 19:00:00,12,2019-12-06 20:00:00,0.13592,0.13592,0.13592,0.0,0.8003449832368539,424.9768144218198,-0.0,60.74549770434925,0.0,364.2313167174706,364.2313167174706,0.0,0.0
8156,2019-12-06 20:00:00,12,2019-12-06 21:00:00,0.13592,0.13592,0.13592,0.0,0.5802526002500812,450.2834274237027,-0.0,86.0521107062321,0.0,364.2313167174706,364.2313167174706,0.0,0.0
8157,2019-12-06 21:00:00,12,2019-12-06 22:00:00,0.10531,0.10531,0.10531,0.0,0.26846959044489227,424.52892368026085,-0.0,60.29760696279026,0.0,364.2313167174706,364.2313167174706,0.0,0.0
8158,2019-12-06 22:00:00,12,2019-12-06 23:00:00,0.10531,0.10531,0.10531,0.0,0.05,356.93283899706813,-7.298477720402436,0.0,0.0,364.2313167174706,364.2313167174706,0.0,1.0
8159,2019-12-06 23:00:00,12,2019-12-07 00:00:00,0.10531,0.10531,0.10531,0.0,0.07238199834256748,252.68942417895963,-0.0,0.0,0.0,252.68942417895963,252.68942417895963,0.0,0.0
8160,2019-12-07 00:00:00,12,2019-12-07 01:00:00,0.10531,0.10531,0.10531,0.0,0.07238199834256748,173.82545299722784,-0.0,0.0,0.0,173.82545299722784,173.82545299722784,0.0,1.0
8161,2019-12-07 01:00:00,12,2019-12-07 02:00:00,0.10531,0.10531,0.10531,0.0,0.07238199834256748,171.33799960358883,-0.0,0.0,0.0,171.33799960358883,171.33799960358883,0.0,1.0
8162,2019-12-07 02:00:00,12,2019-12-07 03:00:00,0.10531,0.10531,0.10531,0.0,0.07238199834256748,187.58069474752457,-0.0,0.0,0.0,187.58069474752457,187.58069474752457,0.0,1.0
8163,2019-12-07 03:00:00,12,2019-12-07 04:00:00,0.10531,0.10531,0.10531,0.0,0.07238199834256748,155.41278113395484,-108.46220813354677,0.0,0.0,263.87498926750163,263.87498926750163,0.0,1.0
8164,2019-12-07 04:00:00,12,2019-12-07 05:00:00,0.10531,0.10531,0.10531,0.0,0.4049994366187776,159.19944148343532,-0.0,0.0,0.0,159.19944148343532,159.19944148343532,0.0,1.0
8165,2019-12-07 05:00:00,12,2019-12-07 06:00:00,0.10531,0.10531,0.10531,0.0,0.4049994366187776,197.47532161283425,-0.0,0.0,0.0,197.47532161283425,197.47532161283425,0.0,0.0
8166,2019-12-07 06:00:00,12,2019-12-07 07:00:00,0.10531,0.10531,0.10531,0.0,0.4049994366187776,330.4523592592318,-0.0,0.0,0.0,330.4523592592318,330.4523592592318,0.0,0.0
8167,2019-12-07 07:00:00,12,2019-12-07 08:00:00,0.10531,0.10531,0.10531,0.0,0.4049994366187776,405.0122413879518,-0.0,40.78092467048123,0.0,364.2313167174706,364.2313167174706,0.0,0.0
8168,2019-12-07 08:00:00,12,2019-12-07 09:00:00,0.10531,0.10531,0.10531,0.0,0.257242463175005,363.64981311958167,-0.0,0.0,0.0,363.64981311958167,363.64981311958167,0.0,0.0
8169,2019-12-07 09:00:00,12,2019-12-07 10:00:00,0.10531,0.10531,0.10531,0.0,0.257242463175005,335.9687444787307,-0.0,0.0,0.0,335.9687444787307,335.9687444787307,0.0,1.0
8170,2019-12-07 10:00:00,12,2019-12-07 11:00:00,0.10531,0.10531,0.10531,0.0,0.257242463175005,285.7880987115107,-0.0,0.0,0.0,285.7880987115107,285.7880987115107,0.0,1.0
8171,2019-12-07 11:00:00,12,2019-12-07 12:00:00,0.10531,0.10531,0.10531,0.0,0.257242463175005,287.68180618419444,-76.54951053327613,0.0,0.0,364.2313167174706,364.2313167174706,0.0,1.0
8172,2019-12-07 12:00:00,12,2019-12-07 13:00:00,0.10531,0.10531,0.10531,0.0,0.4919942954770518,286.5130541469829,-77.7182625704877,0.0,0.0,364.2313167174706,364.2313167174706,0.0,1.0
8173,2019-12-07 13:00:00,12,2019-12-07 14:00:00,0.10531,0.10531,0.10531,0.0,0.7303303006932141,276.29554520438825,-87.93577151308233,0.0,0.0,364.2313167174706,364.2313167174706,0.0,1.0
8174,2019-12-07 14:00:00,12,2019-12-07 15:00:00,0.10531,0.10531,0.10531,0.0,1.0,276.40147937846916,-0.0,0.0,0.0,276.40147937846916,276.40147937846916,0.0,1.0
8175,2019-12-07 15:00:00,12,2019-12-07 16:00:00,0.10531,0.10531,0.10531,0.0,1.0,276.4674289336619,-0.0,0.0,0.0,276.4674289336619,276.4674289336619,0.0,1.0
8176,2019-12-07 16:00:00,12,2019-12-07 17:00:00,0.13592,0.13592,0.13592,0.0,1.0,316.86558733367383,-0.0,0.0,0.0,316.86558733367383,316.86558733367383,0.0,1.0
8177,2019-12-07 17:00:00,12,2019-12-07 18:00:00,0.13592,0.13592,0.13592,0.0,1.0,361.40163153288864,-0.0,0.0,0.0,361.40163153288864,361.40163153288864,0.0,1.0
8178,2019-12-07 18:00:00,12,2019-12-07 19:00:00,0.13592,0.13592,0.13592,0.0,1.0,406.09406100995477,-0.0,41.862744292484194,0.0,364.2313167174706,364.2313167174706,0.0,0.0
8179,2019-12-07 19:00:00,12,2019-12-07 20:00:00,0.13592,0.13592,0.13592,0.0,0.8483233902446226,416.08074289693656,-0.0,77.48908955807215,0.0,338.5916533388644,338.5916533388644,0.0,0.0
8180,2019-12-07 20:00:00,12,2019-12-07 21:00:00,0.13592,0.13592,0.13592,0.0,0.5675658193820423,448.5994899499796,-0.0,84.36817323250904,0.0,364.2313167174706,364.2313167174706,0.0,0.0
8181,2019-12-07 21:00:00,12,2019-12-07 22:00:00,0.10531,0.10531,0.10531,0.0,0.26188403230773416,422.7113096344052,-0.0,58.479992916934634,0.0,364.2313167174706,364.2313167174706,0.0,0.0
8182,2019-12-07 22:00:00,12,2019-12-07 23:00:00,0.10531,0.10531,0.10531,0.0,0.05,352.99939079186765,-0.0,0.0,0.0,352.99939079186765,352.99939079186765,0.0,1.0
8183,2019-12-07 23:00:00,12,2019-12-08 00:00:00,0.10531,0.10531,0.10531,0.0,0.05,249.78358296422434,-0.0,0.0,0.0,249.78358296422434,249.78358296422434,0.0,1.0
8184,2019-12-08 00:00:00,12,2019-12-08 01:00:00,0.10531,0.10531,0.10531,0.0,0.05,192.40224106733902,-0.0,0.0,0.0,192.40224106733902,192.40224106733902,0.0,1.0
8185,2019-12-08 01:00:00,12,2019-12-08 02:00:00,0.10531,0.10531,0.10531,0.0,0.05,176.40574979992584,-0.0,0.0,0.0,176.40574979992584,176.40574979992584,0.0,1.0
8186,2019-12-08 02:00:00,12,2019-12-08 03:00:00,0.10531,0.10531,0.10531,0.0,0.05,161.92233849997166,-0.0,0.0,0.0,161.92233849997166,161.92233849997166,0.0,1.0
8187,2019-12-08 03:00:00,12,2019-12-08 04:00:00,0.10531,0.10531,0.10531,0.0,0.05,158.72007998593986,-150.0,0.0,0.0,308.72007998593983,308.72007998593983,0.0,1.0
8188,2019-12-08 04:00:00,12,2019-12-08 05:00:00,0.10531,0.10531,0.10531,0.0,0.51,165.21400879464616,-92.6464452480449,0.0,0.0,257.86045404269106,257.86045404269106,0.0,1.0
8189,2019-12-08 05:00:00,12,2019-12-08 06:00:00,0.10531,0.10531,0.10531,0.0,0.7941157654273376,202.6425614817868,-0.0,0.0,0.0,202.6425614817868,202.6425614817868,0.0,0.0
8190,2019-12-08 06:00:00,12,2019-12-08 07:00:00,0.10531,0.10531,0.10531,0.0,0.7941157654273376,331.1337068262868,-0.0,0.0,0.0,331.1337068262868,331.1337068262868,0.0,0.0
8191,2019-12-08 07:00:00,12,2019-12-08 08:00:00,0.10531,0.10531,0.10531,0.0,0.7941157654273376,406.9977387401395,-0.0,42.766422022668905,0.0,364.2313167174706,364.2313167174706,0.0,0.0
8192,2019-12-08 08:00:00,12,2019-12-08 09:00:00,0.10531,0.10531,0.10531,0.0,0.6391649609973779,359.9647342426224,-0.0,0.0,0.0,359.9647342426224,359.9647342426224,0.0,0.0
8193,2019-12-08 09:00:00,12,2019-12-08 10:00:00,0.10531,0.10531,0.10531,0.0,0.6391649609973779,334.9335330195203,-29.29778369795025,0.0,0.0,364.2313167174706,364.2313167174706,0.0,1.0
8194,2019-12-08 10:00:00,12,2019-12-08 11:00:00,0.10531,0.10531,0.10531,0.0,0.729011497671092,285.73085572068925,-0.0,0.0,0.0,285.73085572068925,285.73085572068925,0.0,1.0
8195,2019-12-08 11:00:00,12,2019-12-08 12:00:00,0.10531,0.10531,0.10531,0.0,0.729011497671092,286.8358764753086,-0.0,0.0,0.0,286.8358764753086,286.8358764753086,0.0,1.0
8196,2019-12-08 12:00:00,12,2019-12-08 13:00:00,0.10531,0.10531,0.10531,0.0,0.729011497671092,285.93922065243635,-0.0,0.0,0.0,285.93922065243635,285.93922065243635,0.0,1.0
8197,2019-12-08 13:00:00,12,2019-12-08 14:00:00,0.10531,0.10531,0.10531,0.0,0.729011497671092,275.86550074065275,-0.0,0.0,0.0,275.86550074065275,275.86550074065275,0.0,0.0
8198,2019-12-08 14:00:00,12,2019-12-08 15:00:00,0.10531,0.10531,0.10531,0.0,0.729011497671092,275.68483426513905,-0.4774128896155515,0.0,0.0,276.1622471547546,276.1622471547546,0.0,1.0
8199,2019-12-08 15:00:00,12,2019-12-08 16:00:00,0.10531,0.10531,0.10531,0.0,0.7304755638659131,276.3429136302683,-87.88840308720228,0.0,0.0,364.2313167174706,364.2313167174706,0.0,1.0
8200,2019-12-08 16:00:00,12,2019-12-08 17:00:00,0.13592,0.13592,0.13592,0.0,1.0,317.62961097131415,-0.0,0.0,0.0,317.62961097131415,317.62961097131415,0.0,1.0
8201,2019-12-08 17:00:00,12,2019-12-08 18:00:00,0.13592,0.13592,0.13592,0.0,1.0,362.65118951642336,-0.0,0.0,0.0,362.65118951642336,362.65118951642336,0.0,1.0
8202,2019-12-08 18:00:00,12,2019-12-08 19:00:00,0.13592,0.13592,0.13592,0.0,1.0,417.01562133021525,-0.0,57.65539603351871,0.0,359.3602252966965,359.3602252966965,0.0,0.0
8203,2019-12-08 19:00:00,12,2019-12-08 20:00:00,0.13592,0.13592,0.13592,0.0,0.7911036375597148,424.02131090207587,-0.0,59.78999418460529,0.0,364.2313167174706,364.2313167174706,0.0,0.0
8204,2019-12-08 20:00:00,12,2019-12-08 21:00:00,0.13592,0.13592,0.13592,0.0,0.5744732238473769,449.44969454823735,-0.0,85.21837783076677,0.0,364.2313167174706,364.2313167174706,0.0,0.0
8205,2019-12-08 21:00:00,12,2019-12-08 22:00:00,0.10531,0.10531,0.10531,0.0,0.26571098533010595,423.7675486685798,-0.0,59.536231951109244,0.0,364.2313167174706,364.2313167174706,0.0,0.0
8206,2019-12-08 22:00:00,12,2019-12-08 23:00:00,0.10531,0.10531,0.10531,0.0,0.05,356.7766442185124,-0.0,0.0,0.0,356.7766442185124,356.7766442185124,0.0,1.0
8207,2019-12-08 23:00:00,12,2019-12-09 00:00:00,0.10531,0.10531,0.10531,0.0,0.05,288.7038789266651,-0.0,0.0,0.0,288.7038789266651,288.7038789266651,0.0,1.0
8208,2019-12-09 00:00:00,12,2019-12-09 01:00:00,0.10531,0.10531,0.10531,0.0,0.05,205.30969172552958,-0.0,0.0,0.0,205.30969172552958,205.30969172552958,0.0,1.0
8209,2019-12-09 01:00:00,12,2019-12-09 02:00:00,0.10531,0.10531,0.10531,0.0,0.05,165.4187798931734,-150.0,0.0,0.0,315.4187798931734,315.4187798931734,0.0,1.0
8210,2019-12-09 02:00:00,12,2019-12-09 03:00:00,0.10531,0.10531,0.10531,0.0,0.51,193.3325501420159,-9.782608695652174,0.0,0.0,203.11515883766808,203.11515883766808,0.0,1.0
8211,2019-12-09 03:00:00,12,2019-12-09 04:00:00,0.10531,0.10531,0.10531,0.0,0.54,153.96804850164423,-0.0,0.0,0.0,153.96804850164423,153.96804850164423,0.0,0.0
8212,2019-12-09 04:00:00,12,2019-12-09 05:00:00,0.10531,0.10531,0.10531,0.0,0.54,164.67890069631147,-0.0,0.0,0.0,164.67890069631147,164.67890069631147,0.0,1.0
8213,2019-12-09 05:00:00,12,2019-12-09 06:00:00,0.10531,0.10531,0.10531,0.0,0.54,173.23539938864548,-150.0,0.0,0.0,323.2353993886455,323.2353993886455,0.0,1.0
8214,2019-12-09 06:00:00,12,2019-12-09 07:00:00,0.10531,0.10531,0.10531,0.0,1.0,277.02453387154435,-0.0,0.0,0.0,277.02453387154435,277.02453387154435,0.0,1.0
8215,2019-12-09 07:00:00,12,2019-12-09 08:00:00,0.10531,0.10531,0.10531,0.0,1.0,358.4478170397831,-0.0,0.0,0.0,358.4478170397831,358.4478170397831,0.0,1.0
8216,2019-12-09 08:00:00,12,2019-12-09 09:00:00,0.10531,0.10531,0.10531,0.0,1.0,401.80339907306194,-0.0,37.57208235559136,0.0,364.2313167174706,364.2313167174706,0.0,0.0
8217,2019-12-09 09:00:00,12,2019-12-09 10:00:00,0.10531,0.10531,0.10531,0.0,0.8638692668275674,353.9247232146206,-10.306593502849978,0.0,0.0,364.2313167174706,364.2313167174706,0.0,1.0
8218,2019-12-09 10:00:00,12,2019-12-09 11:00:00,0.10531,0.10531,0.10531,0.0,0.8954761535696408,299.1207307382625,-0.0,0.0,0.0,299.1207307382625,299.1207307382625,0.0,1.0
8219,2019-12-09 11:00:00,12,2019-12-09 12:00:00,0.10531,0.10531,0.10531,0.0,0.8954761535696408,291.9788309478269,-34.083862966421485,0.0,0.0,326.06269391424837,326.06269391424837,0.0,1.0
8220,2019-12-09 12:00:00,12,2019-12-09 13:00:00,0.10531,0.10531,0.10531,0.0,1.0,292.2960936310885,-0.0,0.0,0.0,292.2960936310885,292.2960936310885,0.0,1.0
8221,2019-12-09 13:00:00,12,2019-12-09 14:00:00,0.10531,0.10531,0.10531,0.0,1.0,281.2386714678605,-0.0,0.0,0.0,281.2386714678605,281.2386714678605,0.0,1.0
8222,2019-12-09 14:00:00,12,2019-12-09 15:00:00,0.10531,0.10531,0.10531,0.0,1.0,281.9228076161313,-0.0,0.0,0.0,281.9228076161313,281.9228076161313,0.0,1.0
8223,2019-12-09 15:00:00,12,2019-12-09 16:00:00,0.10531,0.10531,0.10531,0.0,1.0,282.19656628779455,-0.0,0.0,0.0,282.19656628779455,282.19656628779455,0.0,1.0
8224,2019-12-09 16:00:00,12,2019-12-09 17:00:00,0.13592,0.13592,0.13592,0.0,1.0,322.1938558188243,-0.0,0.0,0.0,322.1938558188243,322.1938558188243,0.0,1.0
8225,2019-12-09 17:00:00,12,2019-12-09 18:00:00,0.13592,0.13592,0.13592,0.0,1.0,358.6047617256318,-0.0,0.0,0.0,358.6047617256318,358.6047617256318,0.0,1.0
8226,2019-12-09 18:00:00,12,2019-12-09 19:00:00,0.13592,0.13592,0.13592,0.0,1.0,417.778566183404,-0.0,100.59875719287437,0.0,317.17980899052964,317.17980899052964,0.0,0.0
8227,2019-12-09 19:00:00,12,2019-12-09 20:00:00,0.13592,0.13592,0.13592,0.0,0.6355117493011798,407.7235339382826,-0.0,43.49221722081205,0.0,364.2313167174706,364.2313167174706,0.0,0.0
8228,2019-12-09 20:00:00,12,2019-12-09 21:00:00,0.13592,0.13592,0.13592,0.0,0.4779312521243245,424.6987513469263,-0.0,60.46743462945574,0.0,364.2313167174706,364.2313167174706,0.0,0.0
8229,2019-12-09 21:00:00,12,2019-12-09 22:00:00,0.10531,0.10531,0.10531,0.0,0.25884634404658635,420.9257752099893,-0.0,56.69445849251872,0.0,364.2313167174706,364.2313167174706,0.0,0.0
8230,2019-12-09 22:00:00,12,2019-12-09 23:00:00,0.10531,0.10531,0.10531,0.0,0.053431639363547535,365.1784491818097,-0.0,0.9471324643391199,0.0,364.2313167174706,364.2313167174706,0.0,0.0
8231,2019-12-09 23:00:00,12,2019-12-10 00:00:00,0.10531,0.10531,0.10531,0.0,0.05,267.4757768103919,-0.0,0.0,0.0,267.4757768103919,267.4757768103919,0.0,1.0
8232,2019-12-10 00:00:00,12,2019-12-10 01:00:00,0.10531,0.10531,0.10531,0.0,0.05,211.95329641025145,-93.20646886976887,0.0,0.0,305.15976528002034,305.15976528002034,0.0,1.0
8233,2019-12-10 01:00:00,12,2019-12-10 02:00:00,0.10531,0.10531,0.10531,0.0,0.33583317120062456,203.4150629679997,-0.0,0.0,0.0,203.4150629679997,203.4150629679997,0.0,1.0
8234,2019-12-10 02:00:00,12,2019-12-10 03:00:00,0.10531,0.10531,0.10531,0.0,0.33583317120062456,179.4157631366745,-0.0,0.0,0.0,179.4157631366745,179.4157631366745,0.0,1.0
8235,2019-12-10 03:00:00,12,2019-12-10 04:00:00,0.10531,0.10531,0.10531,0.0,0.33583317120062456,176.32657410200872,-0.0,0.0,0.0,176.32657410200872,176.32657410200872,0.0,1.0
8236,2019-12-10 04:00:00,12,2019-12-10 05:00:00,0.10531,0.10531,0.10531,0.0,0.33583317120062456,183.76607241439507,-0.0,0.0,0.0,183.76607241439507,183.76607241439507,0.0,1.0
8237,2019-12-10 05:00:00,12,2019-12-10 06:00:00,0.10531,0.10531,0.10531,0.0,0.33583317120062456,197.18315695128686,-150.0,0.0,0.0,347.18315695128683,347.18315695128683,0.0,1.0
8238,2019-12-10 06:00:00,12,2019-12-10 07:00:00,0.10531,0.10531,0.10531,0.0,0.7958331712006246,280.14259112409036,-0.0,0.0,0.0,280.14259112409036,280.14259112409036,0.0,1.0
8239,2019-12-10 07:00:00,12,2019-12-10 08:00:00,0.10531,0.10531,0.10531,0.0,0.7958331712006246,360.55076472625313,-3.680551991217442,0.0,0.0,364.2313167174706,364.2313167174706,0.0,1.0
8240,2019-12-10 08:00:00,12,2019-12-10 09:00:00,0.10531,0.10531,0.10531,0.0,0.8071201973070247,401.022355061001,-0.0,36.79103834353043,0.0,364.2313167174706,364.2313167174706,0.0,0.0
8241,2019-12-10 09:00:00,12,2019-12-10 10:00:00,0.10531,0.10531,0.10531,0.0,0.6738193337435087,346.29757828400835,-17.933738433462224,0.0,0.0,364.2313167174706,364.2313167174706,0.0,1.0
8242,2019-12-10 10:00:00,12,2019-12-10 11:00:00,0.10531,0.10531,0.10531,0.0,0.7288161316061261,300.0754080225207,-0.0,0.0,0.0,300.0754080225207,300.0754080225207,0.0,0.0
8243,2019-12-10 11:00:00,12,2019-12-10 12:00:00,0.10531,0.10531,0.10531,0.0,0.7288161316061261,295.81882563211684,-0.0,0.0,0.0,295.81882563211684,295.81882563211684,0.0,0.0
8244,2019-12-10 12:00:00,12,2019-12-10 13:00:00,0.10531,0.10531,0.10531,0.0,0.7288161316061261,295.3993987052741,-68.83191801219647,0.0,0.0,364.2313167174706,364.2313167174706,0.0,1.0
8245,2019-12-10 13:00:00,12,2019-12-10 14:00:00,0.10531,0.10531,0.10531,0.0,0.9399006801768619,276.00946780416353,-19.597604290153715,0.0,0.0,295.60707209431723,295.60707209431723,0.0,1.0
8246,2019-12-10 14:00:00,12,2019-12-10 15:00:00,0.10531,0.10531,0.10531,0.0,1.0,275.8017944151204,-0.0,0.0,0.0,275.8017944151204,275.8017944151204,0.0,1.0
8247,2019-12-10 15:00:00,12,2019-12-10 16:00:00,0.10531,0.10531,0.10531,0.0,1.0,276.3882022101855,-0.0,0.0,0.0,276.3882022101855,276.3882022101855,0.0,1.0
8248,2019-12-10 16:00:00,12,2019-12-10 17:00:00,0.13592,0.13592,0.13592,0.0,1.0,317.72181880088465,-0.0,0.0,0.0,317.72181880088465,317.72181880088465,0.0,1.0
8249,2019-12-10 17:00:00,12,2019-12-10 18:00:00,0.13592,0.13592,0.13592,0.0,1.0,355.02734444481194,-0.0,0.0,0.0,355.02734444481194,355.02734444481194,0.0,0.0
8250,2019-12-10 18:00:00,12,2019-12-10 19:00:00,0.13592,0.13592,0.13592,0.0,1.0,418.44377075019923,-0.0,54.21245403272866,0.0,364.2313167174706,364.2313167174706,0.0,0.0
8251,2019-12-10 19:00:00,12,2019-12-10 20:00:00,0.13592,0.13592,0.13592,0.0,0.8035780650988092,421.5565758611609,-0.0,83.0650536200957,0.0,338.49152224106524,338.49152224106524,0.0,0.0
8252,2019-12-10 20:00:00,12,2019-12-10 21:00:00,0.13592,0.13592,0.13592,0.0,0.502617725895564,441.69371752119963,-0.0,77.46240080372905,0.0,364.2313167174706,364.2313167174706,0.0,0.0
8253,2019-12-10 21:00:00,12,2019-12-10 22:00:00,0.10531,0.10531,0.10531,0.0,0.22195685341828475,411.69140826091717,-0.0,47.460091543446595,0.0,364.2313167174706,364.2313167174706,0.0,0.0
8254,2019-12-10 22:00:00,12,2019-12-10 23:00:00,0.10531,0.10531,0.10531,0.0,0.05,357.4172199312046,-6.814096786265961,0.0,0.0,364.2313167174706,364.2313167174706,0.0,1.0
8255,2019-12-10 23:00:00,12,2019-12-11 00:00:00,0.10531,0.10531,0.10531,0.0,0.07089656347788229,292.2277947291781,-42.8210174830116,0.0,0.0,335.04881221218966,335.04881221218966,0.0,1.0
8256,2019-12-11 00:00:00,12,2019-12-11 01:00:00,0.10531,0.10531,0.10531,0.0,0.20221435042578453,164.28716236595648,-0.0,0.0,0.0,164.28716236595648,164.28716236595648,0.0,1.0
8257,2019-12-11 01:00:00,12,2019-12-11 02:00:00,0.10531,0.10531,0.10531,0.0,0.20221435042578453,167.88204146819658,-0.0,0.0,0.0,167.88204146819658,167.88204146819658,0.0,0.0
8258,2019-12-11 02:00:00,12,2019-12-11 03:00:00,0.10531,0.10531,0.10531,0.0,0.20221435042578453,162.9496739359575,-0.0,0.0,0.0,162.9496739359575,162.9496739359575,0.0,0.0
8259,2019-12-11 03:00:00,12,2019-12-11 04:00:00,0.10531,0.10531,0.10531,0.0,0.20221435042578453,161.14190609102158,-0.0,0.0,0.0,161.14190609102158,161.14190609102158,0.0,0.0
8260,2019-12-11 04:00:00,12,2019-12-11 05:00:00,0.10531,0.10531,0.10531,0.0,0.20221435042578453,168.8382344333341,-0.0,0.0,0.0,168.8382344333341,168.8382344333341,0.0,1.0
8261,2019-12-11 05:00:00,12,2019-12-11 06:00:00,0.10531,0.10531,0.10531,0.0,0.20221435042578453,202.4143582133781,-137.4463225695676,0.0,0.0,339.8606807829457,339.8606807829457,0.0,1.0
8262,2019-12-11 06:00:00,12,2019-12-11 07:00:00,0.10531,0.10531,0.10531,0.0,0.6237164063057918,333.95881991,-0.0,0.0,0.0,333.95881991,333.95881991,0.0,1.0
8263,2019-12-11 07:00:00,12,2019-12-11 08:00:00,0.10531,0.10531,0.10531,0.0,0.6237164063057918,406.2424774349871,-0.0,42.01116071751653,0.0,364.2313167174706,364.2313167174706,0.0,0.0
8264,2019-12-11 08:00:00,12,2019-12-11 09:00:00,0.10531,0.10531,0.10531,0.0,0.4715020558800074,359.5725298184977,-0.0,0.0,0.0,359.5725298184977,359.5725298184977,0.0,0.0
8265,2019-12-11 09:00:00,12,2019-12-11 10:00:00,0.10531,0.10531,0.10531,0.0,0.4715020558800074,332.7514647287067,-0.0,0.0,0.0,332.7514647287067,332.7514647287067,0.0,1.0
8266,2019-12-11 10:00:00,12,2019-12-11 11:00:00,0.10531,0.10531,0.10531,0.0,0.4715020558800074,285.3635982994765,-0.0,0.0,0.0,285.3635982994765,285.3635982994765,0.0,0.0
8267,2019-12-11 11:00:00,12,2019-12-11 12:00:00,0.10531,0.10531,0.10531,0.0,0.4715020558800074,287.52231883793075,-0.0,0.0,0.0,287.52231883793075,287.52231883793075,0.0,0.0
8268,2019-12-11 12:00:00,12,2019-12-11 13:00:00,0.10531,0.10531,0.10531,0.0,0.4715020558800074,288.0425492036267,-0.0,0.0,0.0,288.0425492036267,288.0425492036267,0.0,1.0
8269,2019-12-11 13:00:00,12,2019-12-11 14:00:00,0.10531,0.10531,0.10531,0.0,0.4715020558800074,277.7372492343406,-0.4743005006925463,0.0,0.0,278.21154973503315,278.21154973503315,0.0,1.0
8270,2019-12-11 14:00:00,12,2019-12-11 15:00:00,0.10531,0.10531,0.10531,0.0,0.4729565774154645,278.21154973503315,-86.01976698243743,0.0,0.0,364.2313167174706,364.2313167174706,0.0,1.0
8271,2019-12-11 15:00:00,12,2019-12-11 16:00:00,0.10531,0.10531,0.10531,0.0,0.7367505294949394,278.389098074516,-85.84221864295455,0.0,0.0,364.2313167174706,364.2313167174706,0.0,1.0
8272,2019-12-11 16:00:00,12,2019-12-11 17:00:00,0.13592,0.13592,0.13592,0.0,1.0,318.19796294534973,-0.0,0.0,0.0,318.19796294534973,318.19796294534973,0.0,1.0
8273,2019-12-11 17:00:00,12,2019-12-11 18:00:00,0.13592,0.13592,0.13592,0.0,1.0,336.39207709670876,-0.0,0.0,0.0,336.39207709670876,336.39207709670876,0.0,1.0
8274,2019-12-11 18:00:00,12,2019-12-11 19:00:00,0.13592,0.13592,0.13592,0.0,1.0,383.5056477404492,-0.0,19.27433102297863,0.0,364.2313167174706,364.2313167174706,0.0,0.0
8275,2019-12-11 19:00:00,12,2019-12-11 20:00:00,0.13592,0.13592,0.13592,0.0,0.9301654673080484,411.9100214067896,-0.0,47.678704689319034,0.0,364.2313167174706,364.2313167174706,0.0,0.0
8276,2019-12-11 20:00:00,12,2019-12-11 21:00:00,0.13592,0.13592,0.13592,0.0,0.7574165372742838,449.14352747967615,-0.0,135.6028057020615,0.0,313.54072177761464,313.54072177761464,0.0,0.0
8277,2019-12-11 21:00:00,12,2019-12-11 22:00:00,0.10531,0.10531,0.10531,0.0,0.2661020238610176,423.87547530311144,-0.0,59.64415858564087,0.0,364.2313167174706,364.2313167174706,0.0,0.0
8278,2019-12-11 22:00:00,12,2019-12-11 23:00:00,0.10531,0.10531,0.10531,0.0,0.05,339.61656046352437,-0.0,0.0,0.0,339.61656046352437,339.61656046352437,0.0,0.0
8279,2019-12-11 23:00:00,12,2019-12-12 00:00:00,0.10531,0.10531,0.10531,0.0,0.05,240.7617533949554,-50.283179782402016,0.0,0.0,291.0449331773574,291.0449331773574,0.0,1.0
8280,2019-12-12 00:00:00,12,2019-12-12 01:00:00,0.10531,0.10531,0.10531,0.0,0.20420175133269952,184.15816089803832,-0.0,0.0,0.0,184.15816089803832,184.15816089803832,0.0,1.0
8281,2019-12-12 01:00:00,12,2019-12-12 02:00:00,0.10531,0.10531,0.10531,0.0,0.20420175133269952,165.76959309116256,-0.0,0.0,0.0,165.76959309116256,165.76959309116256,0.0,1.0
8282,2019-12-12 02:00:00,12,2019-12-12 03:00:00,0.10531,0.10531,0.10531,0.0,0.20420175133269952,152.21632880117895,-0.0,0.0,0.0,152.21632880117895,152.21632880117895,0.0,1.0
8283,2019-12-12 03:00:00,12,2019-12-12 04:00:00,0.10531,0.10531,0.10531,0.0,0.20420175133269952,148.4169727375588,-0.0,0.0,0.0,148.4169727375588,148.4169727375588,0.0,1.0
8284,2019-12-12 04:00:00,12,2019-12-12 05:00:00,0.10531,0.10531,0.10531,0.0,0.20420175133269952,157.44085230062277,-0.0,0.0,0.0,157.44085230062277,157.44085230062277,0.0,1.0
8285,2019-12-12 05:00:00,12,2019-12-12 06:00:00,0.10531,0.10531,0.10531,0.0,0.20420175133269952,194.83596104048044,-130.87630890384483,0.0,0.0,325.71226994432527,325.71226994432527,0.0,1.0
8286,2019-12-12 06:00:00,12,2019-12-12 07:00:00,0.10531,0.10531,0.10531,0.0,0.6055557653044904,327.74531737905954,-0.0,0.0,0.0,327.74531737905954,327.74531737905954,0.0,1.0
8287,2019-12-12 07:00:00,12,2019-12-12 08:00:00,0.10531,0.10531,0.10531,0.0,0.6055557653044904,406.79100008529565,-0.0,42.55968336782507,0.0,364.2313167174706,364.2313167174706,0.0,0.0
8288,2019-12-12 08:00:00,12,2019-12-12 09:00:00,0.10531,0.10531,0.10531,0.0,0.45135401397179087,362.6649195657324,-0.0,0.0,0.0,362.6649195657324,362.6649195657324,0.0,0.0
8289,2019-12-12 09:00:00,12,2019-12-12 10:00:00,0.10531,0.10531,0.10531,0.0,0.45135401397179087,333.6536463677838,-0.0,0.0,0.0,333.6536463677838,333.6536463677838,0.0,0.0
8290,2019-12-12 10:00:00,12,2019-12-12 11:00:00,0.10531,0.10531,0.10531,0.0,0.45135401397179087,287.46005840296505,-0.0,0.0,0.0,287.46005840296505,287.46005840296505,0.0,1.0
8291,2019-12-12 11:00:00,12,2019-12-12 12:00:00,0.10531,0.10531,0.10531,0.0,0.45135401397179087,287.93350103832336,-0.0,0.0,0.0,287.93350103832336,287.93350103832336,0.0,0.0
8292,2019-12-12 12:00:00,12,2019-12-12 13:00:00,0.10531,0.10531,0.10531,0.0,0.45135401397179087,286.2251394021812,-78.00617731528939,0.0,0.0,364.2313167174706,364.2313167174706,0.0,1.0
8293,2019-12-12 13:00:00,12,2019-12-12 14:00:00,0.10531,0.10531,0.10531,0.0,0.6905729577386783,274.8070512741447,-89.42426544332585,0.0,0.0,364.2313167174706,364.2313167174706,0.0,1.0
8294,2019-12-12 14:00:00,12,2019-12-12 15:00:00,0.10531,0.10531,0.10531,0.0,0.9648073717648776,274.44555938206497,-0.0,0.0,0.0,274.44555938206497,274.44555938206497,0.0,1.0
8295,2019-12-12 15:00:00,12,2019-12-12 16:00:00,0.10531,0.10531,0.10531,0.0,0.9648073717648776,275.11077426106885,-11.475857033192073,0.0,0.0,286.58663129426094,286.58663129426094,0.0,1.0
8296,2019-12-12 16:00:00,12,2019-12-12 17:00:00,0.13592,0.13592,0.13592,0.0,1.0,316.5348921099284,-0.0,0.0,0.0,316.5348921099284,316.5348921099284,0.0,1.0
8297,2019-12-12 17:00:00,12,2019-12-12 18:00:00,0.13592,0.13592,0.13592,0.0,1.0,361.1395586980934,-0.0,0.0,0.0,361.1395586980934,361.1395586980934,0.0,1.0
8298,2019-12-12 18:00:00,12,2019-12-12 19:00:00,0.13592,0.13592,0.13592,0.0,1.0,416.49081065860054,-0.0,56.9320435222651,0.0,359.5587671363354,359.5587671363354,0.0,0.0
8299,2019-12-12 19:00:00,12,2019-12-12 20:00:00,0.13592,0.13592,0.13592,0.0,0.7937244799917932,423.13206421373525,-0.0,58.90074749626467,0.0,364.2313167174706,364.2313167174706,0.0,0.0
8300,2019-12-12 20:00:00,12,2019-12-12 21:00:00,0.13592,0.13592,0.13592,0.0,0.5803159745705443,449.9065343555534,-0.0,85.67521763808281,0.0,364.2313167174706,364.2313167174706,0.0,0.0
8301,2019-12-12 21:00:00,12,2019-12-12 22:00:00,0.10531,0.10531,0.10531,0.0,0.26989851936009934,424.923308060858,-0.0,60.69199134338743,0.0,364.2313167174706,364.2313167174706,0.0,0.0
8302,2019-12-12 22:00:00,12,2019-12-12 23:00:00,0.10531,0.10531,0.10531,0.0,0.05,350.2079960928106,-14.023320624659958,0.0,0.0,364.2313167174706,364.2313167174706,0.0,1.0
8303,2019-12-12 23:00:00,12,2019-12-13 00:00:00,0.10531,0.10531,0.10531,0.0,0.09300484991562387,242.1196828026424,-35.410365564180296,0.0,0.0,277.5300483668227,277.5300483668227,0.0,1.0
8304,2019-12-13 00:00:00,12,2019-12-13 01:00:00,0.10531,0.10531,0.10531,0.0,0.2015966376457768,186.56652560360357,-50.93267178106092,0.0,0.0,237.49919738466448,237.49919738466448,0.0,1.0
8305,2019-12-13 01:00:00,12,2019-12-13 02:00:00,0.10531,0.10531,0.10531,0.0,0.35779016444103023,171.3632189527901,-0.0,0.0,0.0,171.3632189527901,171.3632189527901,0.0,0.0
8306,2019-12-13 02:00:00,12,2019-12-13 03:00:00,0.10531,0.10531,0.10531,0.0,0.35779016444103023,159.9718106107858,-0.0,0.0,0.0,159.9718106107858,159.9718106107858,0.0,0.0
8307,2019-12-13 03:00:00,12,2019-12-13 04:00:00,0.10531,0.10531,0.10531,0.0,0.35779016444103023,153.32323726176904,-0.0,0.0,0.0,153.32323726176904,153.32323726176904,0.0,0.0
8308,2019-12-13 04:00:00,12,2019-12-13 05:00:00,0.10531,0.10531,0.10531,0.0,0.35779016444103023,160.92569438216663,-0.0,0.0,0.0,160.92569438216663,160.92569438216663,0.0,1.0
8309,2019-12-13 05:00:00,12,2019-12-13 06:00:00,0.10531,0.10531,0.10531,0.0,0.35779016444103023,192.831815294572,-0.0,0.0,0.0,192.831815294572,192.831815294572,0.0,0.0
8310,2019-12-13 06:00:00,12,2019-12-13 07:00:00,0.10531,0.10531,0.10531,0.0,0.35779016444103023,320.8441240752289,-0.0,0.0,0.0,320.8441240752289,320.8441240752289,0.0,0.0
8311,2019-12-13 07:00:00,12,2019-12-13 08:00:00,0.10531,0.10531,0.10531,0.0,0.35779016444103023,406.071988707705,-0.0,41.8406719902344,0.0,364.2313167174706,364.2313167174706,0.0,0.0
8312,2019-12-13 08:00:00,12,2019-12-13 09:00:00,0.10531,0.10531,0.10531,0.0,0.20619352679525346,363.82415898438114,-0.0,0.0,0.0,363.82415898438114,363.82415898438114,0.0,1.0
8313,2019-12-13 09:00:00,12,2019-12-13 10:00:00,0.10531,0.10531,0.10531,0.0,0.20619352679525346,332.92322205481526,-0.0,0.0,0.0,332.92322205481526,332.92322205481526,0.0,0.0
8314,2019-12-13 10:00:00,12,2019-12-13 11:00:00,0.10531,0.10531,0.10531,0.0,0.20619352679525346,283.9152477102065,-80.3160690072641,0.0,0.0,364.2313167174706,364.2313167174706,0.0,1.0
8315,2019-12-13 11:00:00,12,2019-12-13 12:00:00,0.10531,0.10531,0.10531,0.0,0.45249613841753006,285.4177460409983,-0.0,0.0,0.0,285.4177460409983,285.4177460409983,0.0,0.0
8316,2019-12-13 12:00:00,12,2019-12-13 13:00:00,0.10531,0.10531,0.10531,0.0,0.45249613841753006,284.2571141981509,-79.9742025193197,0.0,0.0,364.2313167174706,364.2313167174706,0.0,1.0
8317,2019-12-13 13:00:00,12,2019-12-13 14:00:00,0.10531,0.10531,0.10531,0.0,0.6977503594767772,274.2574392106596,-8.782750891299212,0.0,0.0,283.0401901019588,283.0401901019588,0.0,1.0
8318,2019-12-13 14:00:00,12,2019-12-13 15:00:00,0.10531,0.10531,0.10531,0.0,0.7246841288767615,274.45440222076235,-89.77691449670823,0.0,0.0,364.2313167174706,364.2313167174706,0.0,1.0
8319,2019-12-13 15:00:00,12,2019-12-13 16:00:00,0.10531,0.10531,0.10531,0.0,1.0,275.47436330685167,-0.0,0.0,0.0,275.47436330685167,275.47436330685167,0.0,1.0
8320,2019-12-13 16:00:00,12,2019-12-13 17:00:00,0.13592,0.13592,0.13592,0.0,1.0,300.2542386249993,-0.0,0.0,0.0,300.2542386249993,300.2542386249993,0.0,1.0
8321,2019-12-13 17:00:00,12,2019-12-13 18:00:00,0.13592,0.13592,0.13592,0.0,1.0,317.6164551429707,-0.0,0.0,0.0,317.6164551429707,317.6164551429707,0.0,1.0
8322,2019-12-13 18:00:00,12,2019-12-13 19:00:00,0.13592,0.13592,0.13592,0.0,1.0,401.62466014826555,-0.0,37.39334343079497,0.0,364.2313167174706,364.2313167174706,0.0,0.0
8323,2019-12-13 19:00:00,12,2019-12-13 20:00:00,0.13592,0.13592,0.13592,0.0,0.8645168716275543,409.87392754215296,-0.0,45.64261082468238,0.0,364.2313167174706,364.2313167174706,0.0,0.0
8324,2019-12-13 20:00:00,12,2019-12-13 21:00:00,0.13592,0.13592,0.13592,0.0,0.6991450932772559,443.5116132324179,-0.0,118.94178785742788,0.0,324.56982537499005,324.56982537499005,0.0,0.0
8325,2019-12-13 21:00:00,12,2019-12-13 22:00:00,0.10531,0.10531,0.10531,0.0,0.2681965865474448,424.45357460456535,-0.0,60.22225788709477,0.0,364.2313167174706,364.2313167174706,0.0,0.0
8326,2019-12-13 22:00:00,12,2019-12-13 23:00:00,0.10531,0.10531,0.10531,0.0,0.05,335.6169306571645,-0.0,0.0,0.0,335.6169306571645,335.6169306571645,0.0,1.0
8327,2019-12-13 23:00:00,12,2019-12-14 00:00:00,0.10531,0.10531,0.10531,0.0,0.05,235.54461970593775,-0.0,0.0,0.0,235.54461970593775,235.54461970593775,0.0,1.0
8328,2019-12-14 00:00:00,12,2019-12-14 01:00:00,0.10531,0.10531,0.10531,0.0,0.05,179.51161519510458,-0.0,0.0,0.0,179.51161519510458,179.51161519510458,0.0,1.0
8329,2019-12-14 01:00:00,12,2019-12-14 02:00:00,0.10531,0.10531,0.10531,0.0,0.05,164.94193748340322,-0.0,0.0,0.0,164.94193748340322,164.94193748340322,0.0,1.0
8330,2019-12-14 02:00:00,12,2019-12-14 03:00:00,0.10531,0.10531,0.10531,0.0,0.05,153.46110686901534,-0.0,0.0,0.0,153.46110686901534,153.46110686901534,0.0,1.0
8331,2019-12-14 03:00:00,12,2019-12-14 04:00:00,0.10531,0.10531,0.10531,0.0,0.05,149.95357559265466,-0.0,0.0,0.0,149.95357559265466,149.95357559265466,0.0,0.0
8332,2019-12-14 04:00:00,12,2019-12-14 05:00:00,0.10531,0.10531,0.10531,0.0,0.05,155.45500306935406,-0.0,0.0,0.0,155.45500306935406,155.45500306935406,0.0,1.0
8333,2019-12-14 05:00:00,12,2019-12-14 06:00:00,0.10531,0.10531,0.10531,0.0,0.05,191.2135933790887,-100.43766734845182,0.0,0.0,291.65126072754055,291.65126072754055,0.0,1.0
8334,2019-12-14 06:00:00,12,2019-12-14 07:00:00,0.10531,0.10531,0.10531,0.0,0.3580088465352523,321.4439519670127,-0.0,0.0,0.0,321.4439519670127,321.4439519670127,0.0,1.0
8335,2019-12-14 07:00:00,12,2019-12-14 08:00:00,0.10531,0.10531,0.10531,0.0,0.3580088465352523,405.788570926418,-0.0,41.55725420894743,0.0,364.2313167174706,364.2313167174706,0.0,0.0
8336,2019-12-14 08:00:00,12,2019-12-14 09:00:00,0.10531,0.10531,0.10531,0.0,0.20743908490863117,364.2706412808219,-0.0,0.039324563351328834,0.0,364.2313167174706,364.2313167174706,0.0,0.0
8337,2019-12-14 09:00:00,12,2019-12-14 10:00:00,0.10531,0.10531,0.10531,0.0,0.20729660460663357,332.09790450503414,-0.0,0.0,0.0,332.09790450503414,332.09790450503414,0.0,1.0
8338,2019-12-14 10:00:00,12,2019-12-14 11:00:00,0.10531,0.10531,0.10531,0.0,0.20729660460663357,284.18547714913103,-80.04583956833955,0.0,0.0,364.2313167174706,364.2313167174706,0.0,1.0
8339,2019-12-14 11:00:00,12,2019-12-14 12:00:00,0.10531,0.10531,0.10531,0.0,0.4527705126162082,285.48451678090504,-0.0,0.0,0.0,285.48451678090504,285.48451678090504,0.0,1.0
8340,2019-12-14 12:00:00,12,2019-12-14 13:00:00,0.10531,0.10531,0.10531,0.0,0.4527705126162082,284.6581291783742,-0.0,-7.844391802791507e-14,0.0,284.65812917837434,284.65812917837434,0.0,1.0
8341,2019-12-14 13:00:00,12,2019-12-14 14:00:00,0.10531,0.10531,0.10531,0.0,0.4527705126162085,274.4258422099623,-89.80547450750828,0.0,0.0,364.2313167174706,364.2313167174706,0.0,1.0
8342,2019-12-14 14:00:00,12,2019-12-14 15:00:00,0.10531,0.10531,0.10531,0.0,0.7281739677725673,275.59239316504676,-0.7902486186422379,0.0,0.0,276.382641783689,276.382641783689,0.0,1.0
8343,2019-12-14 15:00:00,12,2019-12-14 16:00:00,0.10531,0.10531,0.10531,0.0,0.7305973968697367,276.38264178368905,-87.84867493378152,0.0,0.0,364.2313167174706,364.2313167174706,0.0,1.0
8344,2019-12-14 16:00:00,12,2019-12-14 17:00:00,0.13592,0.13592,0.13592,0.0,1.0,314.4369456474336,-0.0,0.0,0.0,314.4369456474336,314.4369456474336,0.0,1.0
8345,2019-12-14 17:00:00,12,2019-12-14 18:00:00,0.13592,0.13592,0.13592,0.0,1.0,333.5514894331374,-0.0,43.70929807490951,0.0,289.8421913582279,289.8421913582279,0.0,0.0
8346,2019-12-14 18:00:00,12,2019-12-14 19:00:00,0.13592,0.13592,0.13592,0.0,0.8416329779894582,394.2757118489827,-0.0,30.044395131512147,0.0,364.2313167174706,364.2313167174706,0.0,0.0
8347,2019-12-14 19:00:00,12,2019-12-14 20:00:00,0.13592,0.13592,0.13592,0.0,0.7327764738897766,412.60368353891806,-0.0,48.372366821447486,0.0,364.2313167174706,364.2313167174706,0.0,0.0
8348,2019-12-14 20:00:00,12,2019-12-14 21:00:00,0.13592,0.13592,0.13592,0.0,0.5575142752613437,444.8314677100307,-0.0,80.60015099256015,0.0,364.2313167174706,364.2313167174706,0.0,0.0
8349,2019-12-14 21:00:00,12,2019-12-14 22:00:00,0.10531,0.10531,0.10531,0.0,0.26548474267960404,423.7051056970413,-0.0,59.47378897957071,0.0,364.2313167174706,364.2313167174706,0.0,0.0
8350,2019-12-14 22:00:00,12,2019-12-14 23:00:00,0.10531,0.10531,0.10531,0.0,0.05,338.15706211217747,-0.0,0.0,0.0,338.15706211217747,338.15706211217747,0.0,1.0
8351,2019-12-14 23:00:00,12,2019-12-15 00:00:00,0.10531,0.10531,0.10531,0.0,0.05,236.47435727857683,-0.0,0.0,0.0,236.47435727857683,236.47435727857683,0.0,1.0
8352,2019-12-15 00:00:00,12,2019-12-15 01:00:00,0.10531,0.10531,0.10531,0.0,0.05,180.8468571078235,-0.0,0.0,0.0,180.8468571078235,180.8468571078235,0.0,1.0
8353,2019-12-15 01:00:00,12,2019-12-15 02:00:00,0.10531,0.10531,0.10531,0.0,0.05,165.06924679445302,-0.0,0.0,0.0,165.06924679445302,165.06924679445302,0.0,1.0
8354,2019-12-15 02:00:00,12,2019-12-15 03:00:00,0.10531,0.10531,0.10531,0.0,0.05,151.511680940547,-9.782608695652174,0.0,0.0,161.29428963619918,161.29428963619918,0.0,1.0
8355,2019-12-15 03:00:00,12,2019-12-15 04:00:00,0.10531,0.10531,0.10531,0.0,0.08,148.5156580309253,-0.0,0.0,0.0,148.5156580309253,148.5156580309253,0.0,1.0
8356,2019-12-15 04:00:00,12,2019-12-15 05:00:00,0.10531,0.10531,0.10531,0.0,0.08,156.4302926403612,-150.0,0.0,0.0,306.4302926403612,306.4302926403612,0.0,1.0
8357,2019-12-15 05:00:00,12,2019-12-15 06:00:00,0.10531,0.10531,0.10531,0.0,0.54,192.04311685709825,-150.0,0.0,0.0,342.04311685709825,342.04311685709825,0.0,1.0
8358,2019-12-15 06:00:00,12,2019-12-15 07:00:00,0.10531,0.10531,0.10531,0.0,1.0,321.9103783311262,-0.0,0.0,0.0,321.9103783311262,321.9103783311262,0.0,1.0
8359,2019-12-15 07:00:00,12,2019-12-15 08:00:00,0.10531,0.10531,0.10531,0.0,1.0,406.4996843819993,-0.0,42.26836766452874,0.0,364.2313167174706,364.2313167174706,0.0,0.0
8360,2019-12-15 08:00:00,12,2019-12-15 09:00:00,0.10531,0.10531,0.10531,0.0,0.8468537403459103,364.17613660474836,-0.0,0.0,0.0,364.17613660474836,364.17613660474836,0.0,0.0
8361,2019-12-15 09:00:00,12,2019-12-15 10:00:00,0.10531,0.10531,0.10531,0.0,0.8468537403459103,332.47138914490137,-31.75992757256921,0.0,0.0,364.2313167174706,364.2313167174706,0.0,1.0
8362,2019-12-15 10:00:00,12,2019-12-15 11:00:00,0.10531,0.10531,0.10531,0.0,0.9442508515684559,284.12831232644857,-18.17907014072091,0.0,0.0,302.3073824671695,302.3073824671695,0.0,1.0
8363,2019-12-15 11:00:00,12,2019-12-15 12:00:00,0.10531,0.10531,0.10531,0.0,1.0,285.88746179208914,-0.0,0.0,0.0,285.88746179208914,285.88746179208914,0.0,0.0
8364,2019-12-15 12:00:00,12,2019-12-15 13:00:00,0.10531,0.10531,0.10531,0.0,1.0,285.94174157180584,-0.0,0.0,0.0,285.94174157180584,285.94174157180584,0.0,1.0
8365,2019-12-15 13:00:00,12,2019-12-15 14:00:00,0.10531,0.10531,0.10531,0.0,1.0,275.3086398390012,-0.0,0.0,0.0,275.3086398390012,275.3086398390012,0.0,1.0
8366,2019-12-15 14:00:00,12,2019-12-15 15:00:00,0.10531,0.10531,0.10531,0.0,1.0,275.04498350994436,-0.0,0.0,0.0,275.04498350994436,275.04498350994436,0.0,1.0
8367,2019-12-15 15:00:00,12,2019-12-15 16:00:00,0.10531,0.10531,0.10531,0.0,1.0,275.5880618413171,-0.0,0.0,0.0,275.5880618413171,275.5880618413171,0.0,1.0
8368,2019-12-15 16:00:00,12,2019-12-15 17:00:00,0.13592,0.13592,0.13592,0.0,1.0,316.18477882209197,-0.0,0.0,0.0,316.18477882209197,316.18477882209197,0.0,1.0
8369,2019-12-15 17:00:00,12,2019-12-15 18:00:00,0.13592,0.13592,0.13592,0.0,1.0,362.06750222248763,-0.0,0.0,0.0,362.06750222248763,362.06750222248763,0.0,1.0
8370,2019-12-15 18:00:00,12,2019-12-15 19:00:00,0.13592,0.13592,0.13592,0.0,0.9999999999999998,386.17969087287383,-0.0,21.948374155403258,0.0,364.2313167174706,364.2313167174706,0.0,0.0
8371,2019-12-15 19:00:00,12,2019-12-15 20:00:00,0.13592,0.13592,0.13592,0.0,0.920476905234046,404.26773048913196,-0.0,40.03641377166139,0.0,364.2313167174706,364.2313167174706,0.0,0.0
8372,2019-12-15 20:00:00,12,2019-12-15 21:00:00,0.13592,0.13592,0.13592,0.0,0.7754174350468671,447.29466523977356,-0.0,141.11701210247145,0.0,306.1776531373021,306.1776531373021,0.0,0.0
8373,2019-12-15 21:00:00,12,2019-12-15 22:00:00,0.10531,0.10531,0.10531,0.0,0.26412391293646337,423.3295166879345,-0.0,59.098199970463895,0.0,364.2313167174706,364.2313167174706,0.0,0.0
8374,2019-12-15 22:00:00,12,2019-12-15 23:00:00,0.10531,0.10531,0.10531,0.0,0.05,344.2376905750044,-0.0,0.0,0.0,344.2376905750044,344.2376905750044,0.0,1.0
8375,2019-12-15 23:00:00,12,2019-12-16 00:00:00,0.10531,0.10531,0.10531,0.0,0.05,241.35626262689553,-0.0,0.0,0.0,241.35626262689553,241.35626262689553,0.0,0.0
8376,2019-12-16 00:00:00,12,2019-12-16 01:00:00,0.10531,0.10531,0.10531,0.0,0.05,185.05993722383707,-0.0,0.0,0.0,185.05993722383707,185.05993722383707,0.0,1.0
8377,2019-12-16 01:00:00,12,2019-12-16 02:00:00,0.10531,0.10531,0.10531,0.0,0.05,176.296499736585,-0.0,0.0,0.0,176.296499736585,176.296499736585,0.0,1.0
8378,2019-12-16 02:00:00,12,2019-12-16 03:00:00,0.10531,0.10531,0.10531,0.0,0.05,153.31634645866856,-0.0,0.0,0.0,153.31634645866856,153.31634645866856,0.0,1.0
8379,2019-12-16 03:00:00,12,2019-12-16 04:00:00,0.10531,0.10531,0.10531,0.0,0.05,150.49049736325185,-150.0,0.0,0.0,300.49049736325185,300.49049736325185,0.0,1.0
8380,2019-12-16 04:00:00,12,2019-12-16 05:00:00,0.10531,0.10531,0.10531,0.0,0.51,156.41466651244386,-0.0,0.0,0.0,156.41466651244386,156.41466651244386,0.0,0.0
8381,2019-12-16 05:00:00,12,2019-12-16 06:00:00,0.10531,0.10531,0.10531,0.0,0.51,168.742878254425,-150.0,0.0,0.0,318.742878254425,318.742878254425,0.0,1.0
8382,2019-12-16 06:00:00,12,2019-12-16 07:00:00,0.10531,0.10531,0.10531,0.0,0.97,260.0941000403599,-0.0,0.0,0.0,260.0941000403599,260.0941000403599,0.0,1.0
8383,2019-12-16 07:00:00,12,2019-12-16 08:00:00,0.10531,0.10531,0.10531,0.0,0.97,339.715377480645,-0.0,0.0,0.0,339.715377480645,339.715377480645,0.0,1.0
8384,2019-12-16 08:00:00,12,2019-12-16 09:00:00,0.10531,0.10531,0.10531,0.0,0.97,399.916697746211,-0.0,35.68538102874044,0.0,364.2313167174706,364.2313167174706,0.0,0.0
8385,2019-12-16 09:00:00,12,2019-12-16 10:00:00,0.10531,0.10531,0.10531,0.0,0.8407051412002159,349.9394777644527,-14.291838953017873,0.0,0.0,364.2313167174706,364.2313167174706,0.0,1.0
8386,2019-12-16 10:00:00,12,2019-12-16 11:00:00,0.10531,0.10531,0.10531,0.0,0.8845334473228039,299.43715463227096,-0.0,0.0,0.0,299.43715463227096,299.43715463227096,0.0,0.0
8387,2019-12-16 11:00:00,12,2019-12-16 12:00:00,0.10531,0.10531,0.10531,0.0,0.8845334473228039,289.75432425240604,-0.0,0.0,0.0,289.75432425240604,289.75432425240604,0.0,0.0
8388,2019-12-16 12:00:00,12,2019-12-16 13:00:00,0.10531,0.10531,0.10531,0.0,0.8845334473228039,289.78513487029335,-37.652136742563926,0.0,0.0,327.4372716128573,327.4372716128573,0.0,1.0
8389,2019-12-16 13:00:00,12,2019-12-16 14:00:00,0.10531,0.10531,0.10531,0.0,1.0,280.22261326992026,-0.0,0.0,0.0,280.22261326992026,280.22261326992026,0.0,1.0
8390,2019-12-16 14:00:00,12,2019-12-16 15:00:00,0.10531,0.10531,0.10531,0.0,1.0,280.45499822139993,-0.0,0.0,0.0,280.45499822139993,280.45499822139993,0.0,1.0
8391,2019-12-16 15:00:00,12,2019-12-16 16:00:00,0.10531,0.10531,0.10531,0.0,1.0,281.20307579321815,-0.0,0.0,0.0,281.20307579321815,281.20307579321815,0.0,1.0
8392,2019-12-16 16:00:00,12,2019-12-16 17:00:00,0.13592,0.13592,0.13592,0.0,1.0,321.22138741154396,-0.0,0.0,0.0,321.22138741154396,321.22138741154396,0.0,1.0
8393,2019-12-16 17:00:00,12,2019-12-16 18:00:00,0.13592,0.13592,0.13592,0.0,1.0,318.91067600120834,-0.0,0.0,0.0,318.91067600120834,318.91067600120834,0.0,0.0
8394,2019-12-16 18:00:00,12,2019-12-16 19:00:00,0.13592,0.13592,0.13592,0.0,1.0,400.55325003092605,-0.0,36.321933313455474,0.0,364.2313167174706,364.2313167174706,0.0,0.0
8395,2019-12-16 19:00:00,12,2019-12-16 20:00:00,0.13592,0.13592,0.13592,0.0,0.8683987923425527,414.9153219718679,-0.0,50.684005254397334,0.0,364.2313167174706,364.2313167174706,0.0,0.0
8396,2019-12-16 20:00:00,12,2019-12-16 21:00:00,0.13592,0.13592,0.13592,0.0,0.684761092145461,431.1550110079038,-0.0,118.25803767446155,0.0,312.89697333344225,312.89697333344225,0.0,0.0
8397,2019-12-16 21:00:00,12,2019-12-16 22:00:00,0.10531,0.10531,0.10531,0.0,0.2562899411510351,421.16734047515627,-0.0,56.93602375768569,0.0,364.2313167174706,364.2313167174706,0.0,0.0
8398,2019-12-16 22:00:00,12,2019-12-16 23:00:00,0.10531,0.10531,0.10531,0.0,0.05,363.73649651212855,-0.0,0.0,0.0,363.73649651212855,363.73649651212855,0.0,1.0
8399,2019-12-16 23:00:00,12,2019-12-17 00:00:00,0.10531,0.10531,0.10531,0.0,0.05,253.55655990542428,-0.0,0.0,0.0,253.55655990542428,253.55655990542428,0.0,1.0
8400,2019-12-17 00:00:00,12,2019-12-17 01:00:00,0.10531,0.10531,0.10531,0.0,0.05,197.10420710184107,-0.0,0.0,0.0,197.10420710184107,197.10420710184107,0.0,1.0
8401,2019-12-17 01:00:00,12,2019-12-17 02:00:00,0.10531,0.10531,0.10531,0.0,0.05,187.48557601715402,-150.0,0.0,0.0,337.485576017154,337.485576017154,0.0,1.0
8402,2019-12-17 02:00:00,12,2019-12-17 03:00:00,0.10531,0.10531,0.10531,0.0,0.51,160.72203583364706,-0.0,0.0,0.0,160.72203583364706,160.72203583364706,0.0,0.0
8403,2019-12-17 03:00:00,12,2019-12-17 04:00:00,0.10531,0.10531,0.10531,0.0,0.51,156.58965849517196,-9.782608695652174,0.0,0.0,166.37226719082415,166.37226719082415,0.0,1.0
8404,2019-12-17 04:00:00,12,2019-12-17 05:00:00,0.10531,0.10531,0.10531,0.0,0.54,163.95075238646206,-0.0,0.0,0.0,163.95075238646206,163.95075238646206,0.0,1.0
8405,2019-12-17 05:00:00,12,2019-12-17 06:00:00,0.10531,0.10531,0.10531,0.0,0.54,177.4911977045877,-150.0,0.0,0.0,327.4911977045877,327.4911977045877,0.0,1.0
8406,2019-12-17 06:00:00,12,2019-12-17 07:00:00,0.10531,0.10531,0.10531,0.0,1.0,258.89218325655105,-0.0,0.0,0.0,258.89218325655105,258.89218325655105,0.0,1.0
8407,2019-12-17 07:00:00,12,2019-12-17 08:00:00,0.10531,0.10531,0.10531,0.0,1.0,346.82742141821177,-0.0,0.0,0.0,346.82742141821177,346.82742141821177,0.0,0.0
8408,2019-12-17 08:00:00,12,2019-12-17 09:00:00,0.10531,0.10531,0.10531,0.0,1.0,400.72345856438733,-0.0,36.49214184691675,0.0,364.2313167174706,364.2313167174706,0.0,0.0
8409,2019-12-17 09:00:00,12,2019-12-17 10:00:00,0.10531,0.10531,0.10531,0.0,0.8677820947575481,342.39266256201967,-0.0,0.0,0.0,342.39266256201967,342.39266256201967,0.0,1.0
8410,2019-12-17 10:00:00,12,2019-12-17 11:00:00,0.10531,0.10531,0.10531,0.0,0.8677820947575481,297.45247973086293,-43.11453431819085,0.0,0.0,340.5670140490538,340.5670140490538,0.0,1.0
8411,2019-12-17 11:00:00,12,2019-12-17 12:00:00,0.10531,0.10531,0.10531,0.0,1.0,295.237115954531,-0.0,0.0,0.0,295.237115954531,295.237115954531,0.0,1.0
8412,2019-12-17 12:00:00,12,2019-12-17 13:00:00,0.10531,0.10531,0.10531,0.0,1.0,294.70583149278616,-0.0,0.0,0.0,294.70583149278616,294.70583149278616,0.0,1.0
8413,2019-12-17 13:00:00,12,2019-12-17 14:00:00,0.10531,0.10531,0.10531,0.0,1.0,275.5367853779292,-0.0,0.0,0.0,275.5367853779292,275.5367853779292,0.0,1.0
8414,2019-12-17 14:00:00,12,2019-12-17 15:00:00,0.10531,0.10531,0.10531,0.0,1.0,274.98975683142044,-0.0,0.0,0.0,274.98975683142044,274.98975683142044,0.0,1.0
8415,2019-12-17 15:00:00,12,2019-12-17 16:00:00,0.10531,0.10531,0.10531,0.0,1.0,275.2001384999084,-0.0,0.0,0.0,275.2001384999084,275.2001384999084,0.0,1.0
8416,2019-12-17 16:00:00,12,2019-12-17 17:00:00,0.13592,0.13592,0.13592,0.0,1.0,316.3910722431544,-0.0,0.0,0.0,316.3910722431544,316.3910722431544,0.0,1.0
8417,2019-12-17 17:00:00,12,2019-12-17 18:00:00,0.13592,0.13592,0.13592,0.0,1.0,294.5316594805944,-0.0,0.0,0.0,294.5316594805944,294.5316594805944,0.0,1.0
8418,2019-12-17 18:00:00,12,2019-12-17 19:00:00,0.13592,0.13592,0.13592,0.0,1.0,371.8217973668182,-0.0,7.590480649347626,0.0,364.2313167174706,364.2313167174706,0.0,0.0
8419,2019-12-17 19:00:00,12,2019-12-17 20:00:00,0.13592,0.13592,0.13592,0.0,0.9724982585168566,400.2477227499652,-0.0,61.65480442059871,0.0,338.5929183293665,338.5929183293665,0.0,0.0
8420,2019-12-17 20:00:00,12,2019-12-17 21:00:00,0.13592,0.13592,0.13592,0.0,0.7491112859784554,435.1656077292389,-0.0,150.0,0.0,285.1656077292389,285.1656077292389,0.0,0.0
8421,2019-12-17 21:00:00,12,2019-12-17 22:00:00,0.10531,0.10531,0.10531,0.0,0.20563302510889014,407.18603164752426,-0.0,42.95471493005368,0.0,364.2313167174706,364.2313167174706,0.0,0.0
8422,2019-12-17 22:00:00,12,2019-12-17 23:00:00,0.10531,0.10531,0.10531,0.0,0.05,356.20827194591607,-8.02304477155451,0.0,0.0,364.2313167174706,364.2313167174706,0.0,1.0
8423,2019-12-17 23:00:00,12,2019-12-18 00:00:00,0.10531,0.10531,0.10531,0.0,0.07460400396610051,258.2724661395305,-0.0,0.0,0.0,258.2724661395305,258.2724661395305,0.0,1.0
8424,2019-12-18 00:00:00,12,2019-12-18 01:00:00,0.10531,0.10531,0.10531,0.0,0.07460400396610051,186.75127098360088,-0.0,0.0,0.0,186.75127098360088,186.75127098360088,0.0,1.0
8425,2019-12-18 01:00:00,12,2019-12-18 02:00:00,0.10531,0.10531,0.10531,0.0,0.07460400396610051,168.55282080227633,-0.0,0.0,0.0,168.55282080227633,168.55282080227633,0.0,1.0
8426,2019-12-18 02:00:00,12,2019-12-18 03:00:00,0.10531,0.10531,0.10531,0.0,0.07460400396610051,155.70468330584544,-0.0,0.0,0.0,155.70468330584544,155.70468330584544,0.0,1.0
8427,2019-12-18 03:00:00,12,2019-12-18 04:00:00,0.10531,0.10531,0.10531,0.0,0.07460400396610051,157.7559735521294,-0.0,0.0,0.0,157.7559735521294,157.7559735521294,0.0,1.0
8428,2019-12-18 04:00:00,12,2019-12-18 05:00:00,0.10531,0.10531,0.10531,0.0,0.07460400396610051,165.10365688577897,-0.0,0.0,0.0,165.10365688577897,165.10365688577897,0.0,1.0
8429,2019-12-18 05:00:00,12,2019-12-18 06:00:00,0.10531,0.10531,0.10531,0.0,0.07460400396610051,201.7089937388289,-150.0,0.0,0.0,351.7089937388289,351.7089937388289,0.0,1.0
8430,2019-12-18 06:00:00,12,2019-12-18 07:00:00,0.10531,0.10531,0.10531,0.0,0.5346040039661005,331.9852644263645,-0.0,0.0,0.0,331.9852644263645,331.9852644263645,0.0,1.0
8431,2019-12-18 07:00:00,12,2019-12-18 08:00:00,0.10531,0.10531,0.10531,0.0,0.5346040039661005,405.98918714822,-0.0,41.75787043074945,0.0,364.2313167174706,364.2313167174706,0.0,0.0
8432,2019-12-18 08:00:00,12,2019-12-18 09:00:00,0.10531,0.10531,0.10531,0.0,0.3833073719706315,348.45409229832865,-11.852886830867094,0.0,0.0,360.3069791291957,360.3069791291957,0.0,1.0
8433,2019-12-18 09:00:00,12,2019-12-18 10:00:00,0.10531,0.10531,0.10531,0.0,0.419656224918624,332.70602749296387,-31.525289224506707,0.0,0.0,364.2313167174706,364.2313167174706,0.0,1.0
8434,2019-12-18 10:00:00,12,2019-12-18 11:00:00,0.10531,0.10531,0.10531,0.0,0.5163337785404445,284.69593805512795,-0.0,0.0,0.0,284.69593805512795,284.69593805512795,0.0,0.0
8435,2019-12-18 11:00:00,12,2019-12-18 12:00:00,0.10531,0.10531,0.10531,0.0,0.5163337785404445,285.7890820470649,-78.4422346704057,0.0,0.0,364.2313167174706,364.2313167174706,0.0,1.0
8436,2019-12-18 12:00:00,12,2019-12-18 13:00:00,0.10531,0.10531,0.10531,0.0,0.7568899648630221,284.95630525976037,-0.0,0.0,0.0,284.95630525976037,284.95630525976037,0.0,0.0
8437,2019-12-18 13:00:00,12,2019-12-18 14:00:00,0.10531,0.10531,0.10531,0.0,0.7568899648630221,274.75771037712275,-79.27501145771019,0.0,0.0,354.03272183483296,354.03272183483296,0.0,1.0
8438,2019-12-18 14:00:00,12,2019-12-18 15:00:00,0.10531,0.10531,0.10531,0.0,1.0,274.72778601142215,-0.0,0.0,0.0,274.72778601142215,274.72778601142215,0.0,0.0
8439,2019-12-18 15:00:00,12,2019-12-18 16:00:00,0.10531,0.10531,0.10531,0.0,1.0,275.51276280946115,-0.0,0.0,0.0,275.51276280946115,275.51276280946115,0.0,1.0
8440,2019-12-18 16:00:00,12,2019-12-18 17:00:00,0.13592,0.13592,0.13592,0.0,1.0,295.23442111198625,-0.0,0.0,0.0,295.23442111198625,295.23442111198625,0.0,0.0
8441,2019-12-18 17:00:00,12,2019-12-18 18:00:00,0.13592,0.13592,0.13592,0.0,1.0,293.1551870635863,-0.0,0.0,0.0,293.1551870635863,293.1551870635863,0.0,1.0
8442,2019-12-18 18:00:00,12,2019-12-18 19:00:00,0.13592,0.13592,0.13592,0.0,1.0,378.6341185587946,-0.0,14.402801841324049,0.0,364.2313167174706,364.2313167174706,0.0,0.0
8443,2019-12-18 19:00:00,12,2019-12-18 20:00:00,0.13592,0.13592,0.13592,0.0,0.9478159353575216,395.0776786919054,-0.0,123.24695593565121,0.0,271.8307227562542,271.8307227562542,0.0,0.0
8444,2019-12-18 20:00:00,12,2019-12-18 21:00:00,0.13592,0.13592,0.13592,0.0,0.501268993561684,432.5052198600402,-0.0,68.27390314256962,0.0,364.2313167174706,364.2313167174706,0.0,0.0
8445,2019-12-18 21:00:00,12,2019-12-18 22:00:00,0.10531,0.10531,0.10531,0.0,0.25389977927701146,420.50765579792574,-0.0,56.27633908045516,0.0,364.2313167174706,364.2313167174706,0.0,0.0
8446,2019-12-18 22:00:00,12,2019-12-18 23:00:00,0.10531,0.10531,0.10531,0.0,0.05,324.8337720891881,-0.0,0.0,0.0,324.8337720891881,324.8337720891881,0.0,1.0
8447,2019-12-18 23:00:00,12,2019-12-19 00:00:00,0.10531,0.10531,0.10531,0.0,0.05,225.11004784637618,-0.0,0.0,0.0,225.11004784637618,225.11004784637618,0.0,0.0
8448,2019-12-19 00:00:00,12,2019-12-19 01:00:00,0.10531,0.10531,0.10531,0.0,0.05,168.38094472854888,-0.0,0.0,0.0,168.38094472854888,168.38094472854888,0.0,0.0
8449,2019-12-19 01:00:00,12,2019-12-19 02:00:00,0.10531,0.10531,0.10531,0.0,0.05,153.25566472663246,-0.0,0.0,0.0,153.25566472663246,153.25566472663246,0.0,0.0
8450,2019-12-19 02:00:00,12,2019-12-19 03:00:00,0.10531,0.10531,0.10531,0.0,0.05,141.19738669139352,-0.0,0.0,0.0,141.19738669139352,141.19738669139352,0.0,1.0
8451,2019-12-19 03:00:00,12,2019-12-19 04:00:00,0.10531,0.10531,0.10531,0.0,0.05,138.81892326866125,-0.0,0.0,0.0,138.81892326866125,138.81892326866125,0.0,1.0
8452,2019-12-19 04:00:00,12,2019-12-19 05:00:00,0.10531,0.10531,0.10531,0.0,0.05,148.13206622494906,-0.0,0.0,0.0,148.13206622494906,148.13206622494906,0.0,1.0
8453,2019-12-19 05:00:00,12,2019-12-19 06:00:00,0.10531,0.10531,0.10531,0.0,0.05,185.38826123425048,-150.0,0.0,0.0,335.3882612342505,335.3882612342505,0.0,1.0
8454,2019-12-19 06:00:00,12,2019-12-19 07:00:00,0.10531,0.10531,0.10531,0.0,0.51,314.5394970196467,-0.0,0.0,0.0,314.5394970196467,314.5394970196467,0.0,1.0
8455,2019-12-19 07:00:00,12,2019-12-19 08:00:00,0.10531,0.10531,0.10531,0.0,0.51,397.6539079162187,-0.0,33.42259119874814,0.0,364.2313167174706,364.2313167174706,0.0,0.0
8456,2019-12-19 08:00:00,12,2019-12-19 09:00:00,0.10531,0.10531,0.10531,0.0,0.38890365507699953,352.55131054726144,-0.0,0.0,0.0,352.55131054726144,352.55131054726144,0.0,0.0
8457,2019-12-19 09:00:00,12,2019-12-19 10:00:00,0.10531,0.10531,0.10531,0.0,0.38890365507699953,329.44559526692433,-0.0,0.0,0.0,329.44559526692433,329.44559526692433,0.0,1.0
8458,2019-12-19 10:00:00,12,2019-12-19 11:00:00,0.10531,0.10531,0.10531,0.0,0.38890365507699953,285.86666272018306,-0.0,0.0,0.0,285.86666272018306,285.86666272018306,0.0,1.0
8459,2019-12-19 11:00:00,12,2019-12-19 12:00:00,0.10531,0.10531,0.10531,0.0,0.38890365507699953,287.47993434177664,-0.0,0.0,0.0,287.47993434177664,287.47993434177664,0.0,1.0
8460,2019-12-19 12:00:00,12,2019-12-19 13:00:00,0.10531,0.10531,0.10531,0.0,0.38890365507699953,286.7489391286705,-77.48237758880009,0.0,0.0,364.2313167174706,364.2313167174706,0.0,1.0
8461,2019-12-19 13:00:00,12,2019-12-19 14:00:00,0.10531,0.10531,0.10531,0.0,0.6265162796826532,276.1824946942142,-0.0,0.0,0.0,276.1824946942142,276.1824946942142,0.0,0.0
8462,2019-12-19 14:00:00,12,2019-12-19 15:00:00,0.10531,0.10531,0.10531,0.0,0.6265162796826532,275.5313551237375,-33.460679327862685,0.0,0.0,308.9920344516002,308.9920344516002,0.0,1.0
8463,2019-12-19 15:00:00,12,2019-12-19 16:00:00,0.10531,0.10531,0.10531,0.0,0.7291290296214321,275.9038263766332,-88.32749034083736,0.0,0.0,364.2313167174706,364.2313167174706,0.0,1.0
8464,2019-12-19 16:00:00,12,2019-12-19 17:00:00,0.13592,0.13592,0.13592,0.0,1.0,294.2998486826259,-0.0,0.0,0.0,294.2998486826259,294.2998486826259,0.0,1.0
8465,2019-12-19 17:00:00,12,2019-12-19 18:00:00,0.13592,0.13592,0.13592,0.0,1.0,285.821520359434,-0.0,0.0,0.0,285.821520359434,285.821520359434,0.0,1.0
8466,2019-12-19 18:00:00,12,2019-12-19 19:00:00,0.13592,0.13592,0.13592,0.0,1.0,368.02233030971246,-0.0,128.01550240897663,0.0,240.00682790073583,240.00682790073583,0.0,0.0
8467,2019-12-19 19:00:00,12,2019-12-19 20:00:00,0.13592,0.13592,0.13592,0.0,0.536175715909505,385.87745299860774,-0.0,21.64613628113716,0.0,364.2313167174706,364.2313167174706,0.0,0.0
8468,2019-12-19 20:00:00,12,2019-12-19 21:00:00,0.13592,0.13592,0.13592,0.0,0.45774768590538484,426.2896249272938,-0.0,62.058308209823224,0.0,364.2313167174706,364.2313167174706,0.0,0.0
8469,2019-12-19 21:00:00,12,2019-12-19 22:00:00,0.10531,0.10531,0.10531,0.0,0.23289874311617031,414.7113698175336,-0.0,50.480053100063,0.0,364.2313167174706,364.2313167174706,0.0,0.0
8470,2019-12-19 22:00:00,12,2019-12-19 23:00:00,0.10531,0.10531,0.10531,0.0,0.05,320.0331927589451,-0.0,0.0,0.0,320.0331927589451,320.0331927589451,0.0,1.0
8471,2019-12-19 23:00:00,12,2019-12-20 00:00:00,0.10531,0.10531,0.10531,0.0,0.05,223.12488246490588,-0.0,0.0,0.0,223.12488246490588,223.12488246490588,0.0,1.0
8472,2019-12-20 00:00:00,12,2019-12-20 01:00:00,0.10531,0.10531,0.10531,0.0,0.05,168.03674532264537,-0.0,0.0,0.0,168.03674532264537,168.03674532264537,0.0,1.0
8473,2019-12-20 01:00:00,12,2019-12-20 02:00:00,0.10531,0.10531,0.10531,0.0,0.05,154.78006651528995,-0.0,0.0,0.0,154.78006651528995,154.78006651528995,0.0,1.0
8474,2019-12-20 02:00:00,12,2019-12-20 03:00:00,0.10531,0.10531,0.10531,0.0,0.05,144.97221629760267,-0.0,0.0,0.0,144.97221629760267,144.97221629760267,0.0,1.0
8475,2019-12-20 03:00:00,12,2019-12-20 04:00:00,0.10531,0.10531,0.10531,0.0,0.05,141.37727874152628,-0.0,0.0,0.0,141.37727874152628,141.37727874152628,0.0,1.0
8476,2019-12-20 04:00:00,12,2019-12-20 05:00:00,0.10531,0.10531,0.10531,0.0,0.05,147.04873057234207,-0.0,0.0,0.0,147.04873057234207,147.04873057234207,0.0,1.0
8477,2019-12-20 05:00:00,12,2019-12-20 06:00:00,0.10531,0.10531,0.10531,0.0,0.05,182.4578768220181,-43.20668248152462,0.0,0.0,225.66455930354275,225.66455930354275,0.0,1.0
8478,2019-12-20 06:00:00,12,2019-12-20 07:00:00,0.10531,0.10531,0.10531,0.0,0.18250049294334217,309.07107537339834,-0.0,0.0,0.0,309.07107537339834,309.07107537339834,0.0,1.0
8479,2019-12-20 07:00:00,12,2019-12-20 08:00:00,0.10531,0.10531,0.10531,0.0,0.18250049294334217,400.801452769833,-0.0,36.57013605236244,0.0,364.2313167174706,364.2313167174706,0.0,0.0
8480,2019-12-20 08:00:00,12,2019-12-20 09:00:00,0.10531,0.10531,0.10531,0.0,0.05,359.19257838610747,-0.0,0.0,0.0,359.19257838610747,359.19257838610747,0.0,0.0
8481,2019-12-20 09:00:00,12,2019-12-20 10:00:00,0.10531,0.10531,0.10531,0.0,0.05,330.6753413102287,-33.555975407241874,0.0,0.0,364.2313167174706,364.2313167174706,0.0,1.0
8482,2019-12-20 10:00:00,12,2019-12-20 11:00:00,0.10531,0.10531,0.10531,0.0,0.15290499124887508,282.0190434180244,-82.21227329944617,0.0,0.0,364.2313167174706,364.2313167174706,0.0,1.0
8483,2019-12-20 11:00:00,12,2019-12-20 12:00:00,0.10531,0.10531,0.10531,0.0,0.40502262936717665,285.034490190733,-79.1968265267376,0.0,0.0,364.2313167174706,364.2313167174706,0.0,1.0
8484,2019-12-20 12:00:00,12,2019-12-20 13:00:00,0.10531,0.10531,0.10531,0.0,0.6478928973825052,284.77477145247724,-0.0,0.0,0.0,284.77477145247724,284.77477145247724,0.0,0.0
8485,2019-12-20 13:00:00,12,2019-12-20 14:00:00,0.10531,0.10531,0.10531,0.0,0.6478928973825052,274.8651686285889,-25.793003877424038,0.0,0.0,300.65817250601293,300.65817250601293,0.0,1.0
8486,2019-12-20 14:00:00,12,2019-12-20 15:00:00,0.10531,0.10531,0.10531,0.0,0.7269914426066056,275.20678713266807,-89.02452958480251,0.0,0.0,364.2313167174706,364.2313167174706,0.0,1.0
8487,2019-12-20 15:00:00,12,2019-12-20 16:00:00,0.10531,0.10531,0.10531,0.0,1.0,276.694866154516,-0.0,0.0,0.0,276.694866154516,276.694866154516,0.0,0.0
8488,2019-12-20 16:00:00,12,2019-12-20 17:00:00,0.13592,0.13592,0.13592,0.0,1.0,301.91503114828834,-0.0,0.0,0.0,301.91503114828834,301.91503114828834,0.0,0.0
8489,2019-12-20 17:00:00,12,2019-12-20 18:00:00,0.13592,0.13592,0.13592,0.0,1.0,288.5519153924621,-0.0,0.0,0.0,288.5519153924621,288.5519153924621,0.0,1.0
8490,2019-12-20 18:00:00,12,2019-12-20 19:00:00,0.13592,0.13592,0.13592,0.0,1.0,371.4884348872685,-0.0,118.72718478461549,0.0,252.76125010265304,252.76125010265304,0.0,0.0
8491,2019-12-20 19:00:00,12,2019-12-20 20:00:00,0.13592,0.13592,0.13592,0.0,0.5698290406354511,390.83755827247506,-0.0,26.606241555004488,0.0,364.2313167174706,364.2313167174706,0.0,0.0
8492,2019-12-20 20:00:00,12,2019-12-20 21:00:00,0.13592,0.13592,0.13592,0.0,0.47342961471152184,428.21904445822446,-0.0,63.98772774075388,0.0,364.2313167174706,364.2313167174706,0.0,0.0
8493,2019-12-20 21:00:00,12,2019-12-20 22:00:00,0.10531,0.10531,0.10531,0.0,0.24159002144792083,417.1101626370967,-0.0,52.878845919626144,0.0,364.2313167174706,364.2313167174706,0.0,0.0
8494,2019-12-20 22:00:00,12,2019-12-20 23:00:00,0.10531,0.10531,0.10531,0.0,0.05,322.46368038344247,-0.0,0.0,0.0,322.46368038344247,322.46368038344247,0.0,1.0
8495,2019-12-20 23:00:00,12,2019-12-21 00:00:00,0.10531,0.10531,0.10531,0.0,0.05,225.4000538919217,-0.0,0.0,0.0,225.4000538919217,225.4000538919217,0.0,1.0
8496,2019-12-21 00:00:00,12,2019-12-21 01:00:00,0.10531,0.10531,0.10531,0.0,0.05,169.14080759395674,-0.0,0.0,0.0,169.14080759395674,169.14080759395674,0.0,1.0
8497,2019-12-21 01:00:00,12,2019-12-21 02:00:00,0.10531,0.10531,0.10531,0.0,0.05,154.53262005343916,-0.0,0.0,0.0,154.53262005343916,154.53262005343916,0.0,1.0
8498,2019-12-21 02:00:00,12,2019-12-21 03:00:00,0.10531,0.10531,0.10531,0.0,0.05,142.35095052968535,-0.0,0.0,0.0,142.35095052968535,142.35095052968535,0.0,1.0
8499,2019-12-21 03:00:00,12,2019-12-21 04:00:00,0.10531,0.10531,0.10531,0.0,0.05,139.3620318185306,-0.0,0.0,0.0,139.3620318185306,139.3620318185306,0.0,1.0
8500,2019-12-21 04:00:00,12,2019-12-21 05:00:00,0.10531,0.10531,0.10531,0.0,0.05,147.37786320851328,-0.0,0.0,0.0,147.37786320851328,147.37786320851328,0.0,1.0
8501,2019-12-21 05:00:00,12,2019-12-21 06:00:00,0.10531,0.10531,0.10531,0.0,0.05,184.2960765630928,-45.5759469325268,0.0,0.0,229.8720234956196,229.8720234956196,0.0,1.0
8502,2019-12-21 06:00:00,12,2019-12-21 07:00:00,0.10531,0.10531,0.10531,0.0,0.18976623725974884,312.02110110275856,-0.0,0.0,0.0,312.02110110275856,312.02110110275856,0.0,1.0
8503,2019-12-21 07:00:00,12,2019-12-21 08:00:00,0.10531,0.10531,0.10531,0.0,0.18976623725974884,402.80679820116126,-0.0,38.57548148369068,0.0,364.2313167174706,364.2313167174706,0.0,0.0
8504,2019-12-21 08:00:00,12,2019-12-21 09:00:00,0.10531,0.10531,0.10531,0.0,0.05,358.4505267866188,-0.0,0.0,0.0,358.4505267866188,358.4505267866188,0.0,1.0
8505,2019-12-21 09:00:00,12,2019-12-21 10:00:00,0.10531,0.10531,0.10531,0.0,0.05,328.69348118929344,-35.53783552817714,0.0,0.0,364.2313167174706,364.2313167174706,0.0,1.0
8506,2019-12-21 10:00:00,12,2019-12-21 11:00:00,0.10531,0.10531,0.10531,0.0,0.15898269561974324,282.6567591060384,-0.0,0.0,0.0,282.6567591060384,282.6567591060384,0.0,1.0
8507,2019-12-21 11:00:00,12,2019-12-21 12:00:00,0.10531,0.10531,0.10531,0.0,0.15898269561974324,285.62523714668174,-17.739004499465754,0.0,0.0,303.3642416461475,303.3642416461475,0.0,1.0
8508,2019-12-21 12:00:00,12,2019-12-21 13:00:00,0.10531,0.10531,0.10531,0.0,0.2133823094181049,285.36184450693077,-78.86947221053981,0.0,0.0,364.2313167174706,364.2313167174706,0.0,1.0
8509,2019-12-21 13:00:00,12,2019-12-21 14:00:00,0.10531,0.10531,0.10531,0.0,0.45524869086376035,275.5054113037477,-88.7259054137229,0.0,0.0,364.2313167174706,364.2313167174706,0.0,1.0
8510,2019-12-21 14:00:00,12,2019-12-21 15:00:00,0.10531,0.10531,0.10531,0.0,0.7273414674658439,275.32092567372405,-0.4974650907107233,0.0,0.0,275.81839076443475,275.81839076443475,0.0,1.0
8511,2019-12-21 15:00:00,12,2019-12-21 16:00:00,0.10531,0.10531,0.10531,0.0,0.7288670270773568,275.81839076443475,-88.41292595303582,0.0,0.0,364.2313167174706,364.2313167174706,0.0,1.0
8512,2019-12-21 16:00:00,12,2019-12-21 17:00:00,0.13592,0.13592,0.13592,0.0,1.0,308.00713204016375,-0.0,0.0,0.0,308.00713204016375,308.00713204016375,0.0,1.0
8513,2019-12-21 17:00:00,12,2019-12-21 18:00:00,0.13592,0.13592,0.13592,0.0,1.0,290.31812390472487,-0.0,0.0,0.0,290.31812390472487,290.31812390472487,0.0,1.0
8514,2019-12-21 18:00:00,12,2019-12-21 19:00:00,0.13592,0.13592,0.13592,0.0,1.0,374.06050666951705,-0.0,9.829189952046477,0.0,364.2313167174706,364.2313167174706,0.0,0.0
8515,2019-12-21 19:00:00,12,2019-12-21 20:00:00,0.13592,0.13592,0.13592,0.0,0.964386992927368,391.6398487581013,-0.0,130.79948999920686,0.0,260.84035875889447,260.84035875889447,0.0,0.0
8516,2019-12-21 20:00:00,12,2019-12-21 21:00:00,0.13592,0.13592,0.13592,0.0,0.4904757972780678,428.8407579231401,-0.0,64.6094412056695,0.0,364.2313167174706,364.2313167174706,0.0,0.0
8517,2019-12-21 21:00:00,12,2019-12-21 22:00:00,0.10531,0.10531,0.10531,0.0,0.2563836189966565,421.1931955605478,-0.0,56.961878843077216,0.0,364.2313167174706,364.2313167174706,0.0,0.0
8518,2019-12-21 22:00:00,12,2019-12-21 23:00:00,0.10531,0.10531,0.10531,0.0,0.05,327.8637476616516,-0.0,0.0,0.0,327.8637476616516,327.8637476616516,0.0,1.0
8519,2019-12-21 23:00:00,12,2019-12-22 00:00:00,0.10531,0.10531,0.10531,0.0,0.05,227.067513231579,-0.0,0.0,0.0,227.067513231579,227.067513231579,0.0,1.0
8520,2019-12-22 00:00:00,12,2019-12-22 01:00:00,0.10531,0.10531,0.10531,0.0,0.05,170.4076583718821,-0.0,0.0,0.0,170.4076583718821,170.4076583718821,0.0,1.0
8521,2019-12-22 01:00:00,12,2019-12-22 02:00:00,0.10531,0.10531,0.10531,0.0,0.05,154.79453143269254,-0.0,0.0,0.0,154.79453143269254,154.79453143269254,0.0,1.0
8522,2019-12-22 02:00:00,12,2019-12-22 03:00:00,0.10531,0.10531,0.10531,0.0,0.05,142.74651618690027,-0.0,0.0,0.0,142.74651618690027,142.74651618690027,0.0,0.0
8523,2019-12-22 03:00:00,12,2019-12-22 04:00:00,0.10531,0.10531,0.10531,0.0,0.0500000000000001,141.00459222426062,-0.0,0.0,0.0,141.00459222426062,141.00459222426062,0.0,1.0
8524,2019-12-22 04:00:00,12,2019-12-22 05:00:00,0.10531,0.10531,0.10531,0.0,0.05000000000000014,149.96121677419058,-0.0,0.0,0.0,149.96121677419058,149.96121677419058,0.0,1.0
8525,2019-12-22 05:00:00,12,2019-12-22 06:00:00,0.10531,0.10531,0.10531,0.0,0.05000000000000014,186.50306767911545,-0.0,0.0,0.0,186.50306767911545,186.50306767911545,0.0,1.0
8526,2019-12-22 06:00:00,12,2019-12-22 07:00:00,0.10531,0.10531,0.10531,0.0,0.05000000000000014,313.48853487137575,-48.20009383281865,0.0,0.0,361.6886287041944,361.6886287041944,0.0,1.0
8527,2019-12-22 07:00:00,12,2019-12-22 08:00:00,0.10531,0.10531,0.10531,0.0,0.19781362108731068,405.0278761375687,-0.0,40.79655942009789,0.0,364.2313167174708,364.2313167174708,0.0,0.0
8528,2019-12-22 08:00:00,12,2019-12-22 09:00:00,0.10531,0.10531,0.10531,0.0,0.0499999999999995,359.84076720584846,-0.0,0.0,0.0,359.84076720584846,359.84076720584846,0.0,1.0
8529,2019-12-22 09:00:00,12,2019-12-22 10:00:00,0.10531,0.10531,0.10531,0.0,0.05,332.35999167231523,-0.0,0.0,0.0,332.35999167231523,332.35999167231523,0.0,1.0
8530,2019-12-22 10:00:00,12,2019-12-22 11:00:00,0.10531,0.10531,0.10531,0.0,0.04999999999999962,278.6729885538693,-0.0,0.0,0.0,278.6729885538693,278.6729885538693,0.0,1.0
8531,2019-12-22 11:00:00,12,2019-12-22 12:00:00,0.10531,0.10531,0.10531,0.0,0.049999999999999385,285.0009682268238,-43.094647110693025,0.0,0.0,328.0956153375168,328.0956153375168,0.0,1.0
8532,2019-12-22 12:00:00,12,2019-12-22 13:00:00,0.10531,0.10531,0.10531,0.0,0.18215691780612425,284.79176068894685,-79.43955602852395,0.0,0.0,364.2313167174708,364.2313167174708,0.0,1.0
8533,2019-12-22 13:00:00,12,2019-12-22 14:00:00,0.10531,0.10531,0.10531,0.0,0.42577155629359775,274.7836464959051,-89.44767022156572,0.0,0.0,364.2313167174708,364.2313167174708,0.0,1.0
8534,2019-12-22 14:00:00,12,2019-12-22 15:00:00,0.10531,0.10531,0.10531,0.0,0.7000777449730659,275.2235019193114,-89.00781479815942,0.0,0.0,364.2313167174708,364.2313167174708,0.0,1.0
8535,2019-12-22 15:00:00,12,2019-12-22 16:00:00,0.10531,0.10531,0.10531,0.0,0.9730350436874213,275.9988401522363,-8.792920536710431,0.0,0.0,284.79176068894674,284.79176068894674,0.0,1.0
8536,2019-12-22 16:00:00,12,2019-12-22 17:00:00,0.13592,0.13592,0.13592,0.0,1.0,284.6917207655169,-0.0,0.0,0.0,284.6917207655169,284.6917207655169,0.0,1.0
8537,2019-12-22 17:00:00,12,2019-12-22 18:00:00,0.13592,0.13592,0.13592,0.0,1.0,293.25963877233164,-0.0,0.0,0.0,293.25963877233164,293.25963877233164,0.0,1.0
8538,2019-12-22 18:00:00,12,2019-12-22 19:00:00,0.13592,0.13592,0.13592,0.0,1.0,377.3425239835708,-0.0,117.61693025777979,0.0,259.725593725791,259.725593725791,0.0,0.0
8539,2019-12-22 19:00:00,12,2019-12-22 20:00:00,0.13592,0.13592,0.13592,0.0,0.573851701964566,390.42884646090357,-0.0,26.197529743432767,0.0,364.2313167174708,364.2313167174708,0.0,0.0
8540,2019-12-22 20:00:00,12,2019-12-22 21:00:00,0.13592,0.13592,0.13592,0.0,0.4789331159376357,427.92644603531846,-0.0,63.69512931784766,0.0,364.2313167174708,364.2313167174708,0.0,0.0
8541,2019-12-22 21:00:00,12,2019-12-22 22:00:00,0.10531,0.10531,0.10531,0.0,0.24815366188746305,418.9217273984106,-0.0,54.690410680939806,0.0,364.2313167174708,364.2313167174708,0.0,0.0
8542,2019-12-22 22:00:00,12,2019-12-22 23:00:00,0.10531,0.10531,0.10531,0.0,0.05,324.35077737656644,-39.88053934090436,0.0,0.0,364.2313167174708,364.2313167174708,0.0,1.0
8543,2019-12-22 23:00:00,12,2019-12-23 00:00:00,0.10531,0.10531,0.10531,0.0,0.17230032064544004,225.22342901865386,-3.715444748922598,0.0,0.0,228.93887376757647,228.93887376757647,0.0,1.0
8544,2019-12-23 00:00:00,12,2019-12-23 01:00:00,0.10531,0.10531,0.10531,0.0,0.18369435120880268,171.7491817811507,-141.18371481872546,0.0,0.0,312.93289659987613,312.93289659987613,0.0,1.0
8545,2019-12-23 01:00:00,12,2019-12-23 02:00:00,0.10531,0.10531,0.10531,0.0,0.6166577433195608,165.91020381565335,-0.0,0.0,0.0,165.91020381565335,165.91020381565335,0.0,1.0
8546,2019-12-23 02:00:00,12,2019-12-23 03:00:00,0.10531,0.10531,0.10531,0.0,0.6166577433195608,144.13845147888566,-0.0,0.0,0.0,144.13845147888566,144.13845147888566,0.0,1.0
8547,2019-12-23 03:00:00,12,2019-12-23 04:00:00,0.10531,0.10531,0.10531,0.0,0.6166577433195608,139.38742839097995,-0.0,0.0,0.0,139.38742839097995,139.38742839097995,0.0,1.0
8548,2019-12-23 04:00:00,12,2019-12-23 05:00:00,0.10531,0.10531,0.10531,0.0,0.6166577433195608,147.30315975573555,-0.0,0.0,0.0,147.30315975573555,147.30315975573555,0.0,1.0
8549,2019-12-23 05:00:00,12,2019-12-23 06:00:00,0.10531,0.10531,0.10531,0.0,0.6166577433195608,160.2256241251297,-0.0,0.0,0.0,160.2256241251297,160.2256241251297,0.0,1.0
8550,2019-12-23 06:00:00,12,2019-12-23 07:00:00,0.10531,0.10531,0.10531,0.0,0.6166577433195608,252.90561340373384,-0.0,0.0,0.0,252.90561340373384,252.90561340373384,0.0,1.0
8551,2019-12-23 07:00:00,12,2019-12-23 08:00:00,0.10531,0.10531,0.10531,0.0,0.6166577433195608,329.012381536785,-0.0,0.0,0.0,329.012381536785,329.012381536785,0.0,1.0
8552,2019-12-23 08:00:00,12,2019-12-23 09:00:00,0.10531,0.10531,0.10531,0.0,0.6166577433195608,401.13095765110035,-0.0,36.89964093362954,0.0,364.2313167174708,364.2313167174708,0.0,0.0
8553,2019-12-23 09:00:00,12,2019-12-23 10:00:00,0.10531,0.10531,0.10531,0.0,0.4829633921107581,346.32622386839375,-0.0,0.0,0.0,346.32622386839375,346.32622386839375,0.0,0.0
8554,2019-12-23 10:00:00,12,2019-12-23 11:00:00,0.10531,0.10531,0.10531,0.0,0.4829633921107581,296.73015156946417,-0.0,0.0,0.0,296.73015156946417,296.73015156946417,0.0,0.0
8555,2019-12-23 11:00:00,12,2019-12-23 12:00:00,0.10531,0.10531,0.10531,0.0,0.4829633921107581,289.848068008491,-0.0,0.0,0.0,289.848068008491,289.848068008491,0.0,1.0
8556,2019-12-23 12:00:00,12,2019-12-23 13:00:00,0.10531,0.10531,0.10531,0.0,0.4829633921107581,289.9154628243308,-0.37196420501514205,0.0,0.0,290.28742702934596,290.28742702934596,0.0,1.0
8557,2019-12-23 13:00:00,12,2019-12-23 14:00:00,0.10531,0.10531,0.10531,0.0,0.4841040823394712,279.98205113347984,0.0,0.0,0.0,279.98205113347984,279.98205113347984,0.0,0.0
8558,2019-12-23 14:00:00,12,2019-12-23 15:00:00,0.10531,0.10531,0.10531,0.0,0.4841040823394712,279.88168842453507,-84.34962829293573,0.0,0.0,364.2313167174708,364.2313167174708,0.0,1.0
8559,2019-12-23 15:00:00,12,2019-12-23 16:00:00,0.10531,0.10531,0.10531,0.0,0.7427762757711409,280.354015338495,-83.8773013789758,0.0,0.0,364.2313167174708,364.2313167174708,0.0,1.0
8560,2019-12-23 16:00:00,12,2019-12-23 17:00:00,0.13592,0.13592,0.13592,0.0,1.0,309.0936894604267,-0.0,0.0,0.0,309.0936894604267,309.0936894604267,0.0,1.0
8561,2019-12-23 17:00:00,12,2019-12-23 18:00:00,0.13592,0.13592,0.13592,0.0,1.0,287.0521864173677,-0.0,0.0,0.0,287.0521864173677,287.0521864173677,0.0,1.0
8562,2019-12-23 18:00:00,12,2019-12-23 19:00:00,0.13592,0.13592,0.13592,0.0,1.0,377.40271762757857,-0.0,13.171400910107764,0.0,364.2313167174708,364.2313167174708,0.0,0.0
8563,2019-12-23 19:00:00,12,2019-12-23 20:00:00,0.13592,0.13592,0.13592,0.0,0.9522775329343922,394.16310769855835,-0.0,54.64619819460404,0.0,339.5169095039543,339.5169095039543,0.0,0.0
8564,2019-12-23 20:00:00,12,2019-12-23 21:00:00,0.13592,0.13592,0.13592,0.0,0.7542840612148124,420.85720561078824,-0.0,150.0,0.0,270.85720561078824,270.85720561078824,0.0,0.0
8565,2019-12-23 21:00:00,12,2019-12-23 22:00:00,0.10531,0.10531,0.10531,0.0,0.21080580034524724,408.61371761275905,-0.0,44.38240089528824,0.0,364.2313167174708,364.2313167174708,0.0,0.0
8566,2019-12-23 22:00:00,12,2019-12-23 23:00:00,0.10531,0.10531,0.10531,0.0,0.05,348.04928241497936,-16.182034302491445,0.0,0.0,364.2313167174708,364.2313167174708,0.0,1.0
8567,2019-12-23 23:00:00,12,2019-12-24 00:00:00,0.10531,0.10531,0.10531,0.0,0.0996249051943071,243.9228096805103,-0.0,0.0,0.0,243.9228096805103,243.9228096805103,0.0,1.0
8568,2019-12-24 00:00:00,12,2019-12-24 01:00:00,0.10531,0.10531,0.10531,0.0,0.0996249051943071,190.8860917883222,-0.0,0.0,0.0,190.8860917883222,190.8860917883222,0.0,1.0
8569,2019-12-24 01:00:00,12,2019-12-24 02:00:00,0.10531,0.10531,0.10531,0.0,0.0996249051943071,183.68513258681742,-0.0,0.0,0.0,183.68513258681742,183.68513258681742,0.0,1.0
8570,2019-12-24 02:00:00,12,2019-12-24 03:00:00,0.10531,0.10531,0.10531,0.0,0.0996249051943071,156.66044292057683,-150.0,0.0,0.0,306.6604429205768,306.6604429205768,0.0,1.0
8571,2019-12-24 03:00:00,12,2019-12-24 04:00:00,0.10531,0.10531,0.10531,0.0,0.5596249051943071,152.10629729824583,-143.6005743931607,0.0,0.0,295.7068716914066,295.7068716914066,0.0,1.0
8572,2019-12-24 04:00:00,12,2019-12-24 05:00:00,0.10531,0.10531,0.10531,0.0,1.0,159.1007144368839,-0.0,0.0,0.0,159.1007144368839,159.1007144368839,0.0,0.0
8573,2019-12-24 05:00:00,12,2019-12-24 06:00:00,0.10531,0.10531,0.10531,0.0,1.0,173.9675409951472,-0.0,0.0,0.0,173.9675409951472,173.9675409951472,0.0,0.0
8574,2019-12-24 06:00:00,12,2019-12-24 07:00:00,0.10531,0.10531,0.10531,0.0,1.0,257.6329659755582,-0.0,0.0,0.0,257.6329659755582,257.6329659755582,0.0,1.0
8575,2019-12-24 07:00:00,12,2019-12-24 08:00:00,0.10531,0.10531,0.10531,0.0,1.0,333.5060094521124,-0.0,0.0,0.0,333.5060094521124,333.5060094521124,0.0,1.0
8576,2019-12-24 08:00:00,12,2019-12-24 09:00:00,0.10531,0.10531,0.10531,0.0,1.0,401.34326384212574,-0.0,37.11194712465493,0.0,364.2313167174708,364.2313167174708,0.0,0.0
8577,2019-12-24 09:00:00,12,2019-12-24 10:00:00,0.10531,0.10531,0.10531,0.0,0.8655364234613951,338.75537866506454,-0.0,0.0,0.0,338.75537866506454,338.75537866506454,0.0,1.0
8578,2019-12-24 10:00:00,12,2019-12-24 11:00:00,0.10531,0.10531,0.10531,0.0,0.8655364234613951,295.25802873469945,-0.0,0.0,0.0,295.25802873469945,295.25802873469945,0.0,1.0
8579,2019-12-24 11:00:00,12,2019-12-24 12:00:00,0.10531,0.10531,0.10531,0.0,0.8655364234613951,294.231003040639,-0.0,0.0,0.0,294.231003040639,294.231003040639,0.0,1.0
8580,2019-12-24 12:00:00,12,2019-12-24 13:00:00,0.10531,0.10531,0.10531,0.0,0.8655364234613951,294.9876685973265,-0.0,0.0,0.0,294.9876685973265,294.9876685973265,0.0,1.0
8581,2019-12-24 13:00:00,12,2019-12-24 14:00:00,0.10531,0.10531,0.10531,0.0,0.8655364234613951,275.4899985390264,-0.0,0.0,0.0,275.4899985390264,275.4899985390264,0.0,0.0
8582,2019-12-24 14:00:00,12,2019-12-24 15:00:00,0.10531,0.10531,0.10531,0.0,0.8655364234613951,275.34146407308884,-43.84681843650157,0.0,0.0,319.1882825095904,319.1882825095904,0.0,1.0
8583,2019-12-24 15:00:00,12,2019-12-24 16:00:00,0.10531,0.10531,0.10531,0.0,1.0,275.5502256766973,-0.0,0.0,0.0,275.5502256766973,275.5502256766973,0.0,0.0
8584,2019-12-24 16:00:00,12,2019-12-24 17:00:00,0.13592,0.13592,0.13592,0.0,1.0,313.24608366534966,-0.0,0.0,0.0,313.24608366534966,313.24608366534966,0.0,1.0
8585,2019-12-24 17:00:00,12,2019-12-24 18:00:00,0.13592,0.13592,0.13592,0.0,1.0,281.5426719089224,-0.0,0.0,0.0,281.5426719089224,281.5426719089224,0.0,1.0
8586,2019-12-24 18:00:00,12,2019-12-24 19:00:00,0.13592,0.13592,0.13592,0.0,1.0,365.1122124600951,-0.0,0.8808957426243182,0.0,364.2313167174708,364.2313167174708,0.0,0.0
8587,2019-12-24 19:00:00,12,2019-12-24 20:00:00,0.13592,0.13592,0.13592,0.0,0.9968083487586076,390.992819548651,-0.0,71.289935060768,0.0,319.702884487883,319.702884487883,0.0,0.0
8588,2019-12-24 20:00:00,12,2019-12-24 21:00:00,0.13592,0.13592,0.13592,0.0,0.7385114825964046,428.77566224725024,-0.0,150.0,0.0,278.77566224725024,278.77566224725024,0.0,0.0
8589,2019-12-24 21:00:00,12,2019-12-24 22:00:00,0.10531,0.10531,0.10531,0.0,0.1950332217268395,404.2604859140785,-0.0,40.02916919660771,0.0,364.2313167174708,364.2313167174708,0.0,0.0
8590,2019-12-24 22:00:00,12,2019-12-24 23:00:00,0.10531,0.10531,0.10531,0.0,0.05,341.3934454189791,-0.0,0.0,0.0,341.3934454189791,341.3934454189791,0.0,0.0
8591,2019-12-24 23:00:00,12,2019-12-25 00:00:00,0.10531,0.10531,0.10531,0.0,0.05,245.0532209948049,-0.0,0.0,0.0,245.0532209948049,245.0532209948049,0.0,1.0
8592,2019-12-25 00:00:00,12,2019-12-25 01:00:00,0.10531,0.10531,0.10531,0.0,0.05,191.17554052525617,-0.0,0.0,0.0,191.17554052525617,191.17554052525617,0.0,1.0
8593,2019-12-25 01:00:00,12,2019-12-25 02:00:00,0.10531,0.10531,0.10531,0.0,0.05,180.27306080343678,-0.0,0.0,0.0,180.27306080343678,180.27306080343678,0.0,1.0
8594,2019-12-25 02:00:00,12,2019-12-25 03:00:00,0.10531,0.10531,0.10531,0.0,0.05,166.85647683050888,-0.0,0.0,0.0,166.85647683050888,166.85647683050888,0.0,1.0
8595,2019-12-25 03:00:00,12,2019-12-25 04:00:00,0.10531,0.10531,0.10531,0.0,0.05,172.73605831656232,-57.21652988479033,0.0,0.0,229.95258820135265,229.95258820135265,0.0,1.0
8596,2019-12-25 04:00:00,12,2019-12-25 05:00:00,0.10531,0.10531,0.10531,0.0,0.2254640249800237,182.08252594014402,-0.0,0.0,0.0,182.08252594014402,182.08252594014402,0.0,1.0
8597,2019-12-25 05:00:00,12,2019-12-25 06:00:00,0.10531,0.10531,0.10531,0.0,0.2254640249800237,203.0505529653025,-150.0,0.0,0.0,353.0505529653025,353.0505529653025,0.0,1.0
8598,2019-12-25 06:00:00,12,2019-12-25 07:00:00,0.10531,0.10531,0.10531,0.0,0.6854640249800237,305.5813345662718,-0.0,0.0,0.0,305.5813345662718,305.5813345662718,0.0,1.0
8599,2019-12-25 07:00:00,12,2019-12-25 08:00:00,0.10531,0.10531,0.10531,0.0,0.6854640249800237,372.4787589526735,-0.0,8.247442235202698,0.0,364.2313167174708,364.2313167174708,0.0,0.0
8600,2019-12-25 08:00:00,12,2019-12-25 09:00:00,0.10531,0.10531,0.10531,0.0,0.6555819878959559,402.339031441921,-0.0,38.107714724450204,0.0,364.2313167174708,364.2313167174708,0.0,0.0
8601,2019-12-25 09:00:00,12,2019-12-25 10:00:00,0.10531,0.10531,0.10531,0.0,0.5175105577349044,343.2409819698339,-20.990334747636894,0.0,0.0,364.2313167174708,364.2313167174708,0.0,1.0
8602,2019-12-25 10:00:00,12,2019-12-25 11:00:00,0.10531,0.10531,0.10531,0.0,0.5818809176276576,297.95169269681895,-66.27962402065185,0.0,0.0,364.2313167174708,364.2313167174708,0.0,1.0
8603,2019-12-25 11:00:00,12,2019-12-25 12:00:00,0.10531,0.10531,0.10531,0.0,0.7851384312909899,294.3815540056706,-0.0,0.0,0.0,294.3815540056706,294.3815540056706,0.0,0.0
8604,2019-12-25 12:00:00,12,2019-12-25 13:00:00,0.10531,0.10531,0.10531,0.0,0.7851384312909899,294.1677617036632,-0.0,0.0,0.0,294.1677617036632,294.1677617036632,0.0,0.0
8605,2019-12-25 13:00:00,12,2019-12-25 14:00:00,0.10531,0.10531,0.10531,0.0,0.7851384312909899,274.8380596961114,-70.06355501380763,0.0,0.0,344.901614709919,344.901614709919,0.0,1.0
8606,2019-12-25 14:00:00,12,2019-12-25 15:00:00,0.10531,0.10531,0.10531,0.0,1.0,274.84055428235285,-0.0,0.0,0.0,274.84055428235285,274.84055428235285,0.0,1.0
8607,2019-12-25 15:00:00,12,2019-12-25 16:00:00,0.10531,0.10531,0.10531,0.0,1.0,275.39360247708953,-0.0,0.0,0.0,275.39360247708953,275.39360247708953,0.0,1.0
8608,2019-12-25 16:00:00,12,2019-12-25 17:00:00,0.13592,0.13592,0.13592,0.0,1.0,316.53289117929086,-0.0,0.0,0.0,316.53289117929086,316.53289117929086,0.0,1.0
8609,2019-12-25 17:00:00,12,2019-12-25 18:00:00,0.13592,0.13592,0.13592,0.0,1.0,354.62287808347253,-0.0,0.0,0.0,354.62287808347253,354.62287808347253,0.0,1.0
8610,2019-12-25 18:00:00,12,2019-12-25 19:00:00,0.13592,0.13592,0.13592,0.0,1.0,417.78716165674035,-0.0,53.55584493926955,0.0,364.2313167174708,364.2313167174708,0.0,0.0
8611,2019-12-25 19:00:00,12,2019-12-25 20:00:00,0.13592,0.13592,0.13592,0.0,0.8059570835533711,420.6878418253908,-0.0,85.47541424807551,0.0,335.21242757731534,335.21242757731534,0.0,0.0
8612,2019-12-25 20:00:00,12,2019-12-25 21:00:00,0.13592,0.13592,0.13592,0.0,0.4962635536690396,440.19260226855135,-0.0,75.96128555108055,0.0,364.2313167174708,364.2313167174708,0.0,0.0
8613,2019-12-25 21:00:00,12,2019-12-25 22:00:00,0.10531,0.10531,0.10531,0.0,0.22104150457092175,411.4387719790452,-0.0,47.20745526157441,0.0,364.2313167174708,364.2313167174708,0.0,0.0
8614,2019-12-25 22:00:00,12,2019-12-25 23:00:00,0.10531,0.10531,0.10531,0.0,0.05,356.5033025795369,-7.728014137933886,0.0,0.0,364.2313167174708,364.2313167174708,0.0,1.0
8615,2019-12-25 23:00:00,12,2019-12-26 00:00:00,0.10531,0.10531,0.10531,0.0,0.07369924335633059,291.9211254933158,-42.9599290628265,0.0,0.0,334.8810545561423,334.8810545561423,0.0,1.0
8616,2019-12-26 00:00:00,12,2019-12-26 01:00:00,0.10531,0.10531,0.10531,0.0,0.20544302581566518,163.87070148848866,-70.32184113174979,0.0,0.0,234.19254262023847,234.19254262023847,0.0,1.0
8617,2019-12-26 01:00:00,12,2019-12-26 02:00:00,0.10531,0.10531,0.10531,0.0,0.42109667195303124,165.328487369805,-0.0,0.0,0.0,165.328487369805,165.328487369805,0.0,0.0
8618,2019-12-26 02:00:00,12,2019-12-26 03:00:00,0.10531,0.10531,0.10531,0.0,0.42109667195303124,180.02789782902101,-0.0,0.0,0.0,180.02789782902101,180.02789782902101,0.0,0.0
8619,2019-12-26 03:00:00,12,2019-12-26 04:00:00,0.10531,0.10531,0.10531,0.0,0.42109667195303124,152.14431978933328,-0.0,0.0,0.0,152.14431978933328,152.14431978933328,0.0,0.0
8620,2019-12-26 04:00:00,12,2019-12-26 05:00:00,0.10531,0.10531,0.10531,0.0,0.42109667195303124,191.86929843940268,-0.0,0.0,0.0,191.86929843940268,191.86929843940268,0.0,1.0
8621,2019-12-26 05:00:00,12,2019-12-26 06:00:00,0.10531,0.10531,0.10531,0.0,0.42109667195303124,207.41865100618185,-150.0,0.0,0.0,357.41865100618185,357.41865100618185,0.0,1.0
8622,2019-12-26 06:00:00,12,2019-12-26 07:00:00,0.10531,0.10531,0.10531,0.0,0.8810966719530313,339.46965836405843,-0.0,0.0,0.0,339.46965836405843,339.46965836405843,0.0,1.0
8623,2019-12-26 07:00:00,12,2019-12-26 08:00:00,0.10531,0.10531,0.10531,0.0,0.8810966719530313,407.0660344146203,-0.0,42.83471769714947,0.0,364.2313167174708,364.2313167174708,0.0,0.0
8624,2019-12-26 08:00:00,12,2019-12-26 09:00:00,0.10531,0.10531,0.10531,0.0,0.7258984194271273,364.2988741454449,-0.0,0.06755742797412267,0.0,364.2313167174708,364.2313167174708,0.0,0.0
8625,2019-12-26 09:00:00,12,2019-12-26 10:00:00,0.10531,0.10531,0.10531,0.0,0.725653646137366,334.51876115147144,-0.0,0.0,0.0,334.51876115147144,334.51876115147144,0.0,0.0
8626,2019-12-26 10:00:00,12,2019-12-26 11:00:00,0.10531,0.10531,0.10531,0.0,0.725653646137366,284.78942700823507,-0.0,0.0,0.0,284.78942700823507,284.78942700823507,0.0,0.0
8627,2019-12-26 11:00:00,12,2019-12-26 12:00:00,0.10531,0.10531,0.10531,0.0,0.725653646137366,285.79298123249066,-0.0,0.0,0.0,285.79298123249066,285.79298123249066,0.0,1.0
8628,2019-12-26 12:00:00,12,2019-12-26 13:00:00,0.10531,0.10531,0.10531,0.0,0.725653646137366,284.84652697099654,-0.0,0.0,0.0,284.84652697099654,284.84652697099654,0.0,0.0
8629,2019-12-26 13:00:00,12,2019-12-26 14:00:00,0.10531,0.10531,0.10531,0.0,0.725653646137366,274.7705491535684,-0.384793674840475,0.0,0.0,275.1553428284089,275.1553428284089,0.0,1.0
8630,2019-12-26 14:00:00,12,2019-12-26 15:00:00,0.10531,0.10531,0.10531,0.0,0.7268336800735434,274.5899552869202,-0.0,0.0,0.0,274.5899552869202,274.5899552869202,0.0,0.0
8631,2019-12-26 15:00:00,12,2019-12-26 16:00:00,0.10531,0.10531,0.10531,0.0,0.7268336800735434,275.1553428284089,-89.07597388906191,0.0,0.0,364.2313167174708,364.2313167174708,0.0,1.0
8632,2019-12-26 16:00:00,12,2019-12-26 17:00:00,0.13592,0.13592,0.13592,0.0,1.0,315.44273229205476,-0.0,0.0,0.0,315.44273229205476,315.44273229205476,0.0,1.0
8633,2019-12-26 17:00:00,12,2019-12-26 18:00:00,0.13592,0.13592,0.13592,0.0,1.0,317.88771371166695,-0.0,0.0,0.0,317.88771371166695,317.88771371166695,0.0,1.0
8634,2019-12-26 18:00:00,12,2019-12-26 19:00:00,0.13592,0.13592,0.13592,0.0,1.0,385.4828430123747,-0.0,21.251526294903897,0.0,364.2313167174708,364.2313167174708,0.0,0.0
8635,2019-12-26 19:00:00,12,2019-12-26 20:00:00,0.13592,0.13592,0.13592,0.0,0.923001716322812,406.72829283500425,-0.0,99.21845856408959,0.0,307.50983427091467,307.50983427091467,0.0,0.0
8636,2019-12-26 20:00:00,12,2019-12-26 21:00:00,0.13592,0.13592,0.13592,0.0,0.5635145476123425,447.38344120950745,-0.0,83.15212449203665,0.0,364.2313167174708,364.2313167174708,0.0,0.0
8637,2019-12-26 21:00:00,12,2019-12-26 22:00:00,0.10531,0.10531,0.10531,0.0,0.2622387342353982,422.8092073664407,-0.0,58.57789064896991,0.0,364.2313167174708,364.2313167174708,0.0,0.0
8638,2019-12-26 22:00:00,12,2019-12-26 23:00:00,0.10531,0.10531,0.10531,0.0,0.05,343.07355923639494,-0.0,0.0,0.0,343.07355923639494,343.07355923639494,0.0,0.0
8639,2019-12-26 23:00:00,12,2019-12-27 00:00:00,0.10531,0.10531,0.10531,0.0,0.05,242.0142171787061,-50.00390596287407,0.0,0.0,292.0181231415802,292.0181231415802,0.0,1.0
8640,2019-12-27 00:00:00,12,2019-12-27 01:00:00,0.10531,0.10531,0.10531,0.0,0.2033453116194805,180.5465154512253,-15.096883128772221,0.0,0.0,195.64339857999752,195.64339857999752,0.0,1.0
8641,2019-12-27 01:00:00,12,2019-12-27 02:00:00,0.10531,0.10531,0.10531,0.0,0.24964241988104865,164.72670072397412,-0.0,0.0,0.0,164.72670072397412,164.72670072397412,0.0,0.0
8642,2019-12-27 02:00:00,12,2019-12-27 03:00:00,0.10531,0.10531,0.10531,0.0,0.24964241988104865,151.11208236090027,-0.0,0.0,0.0,151.11208236090027,151.11208236090027,0.0,0.0
8643,2019-12-27 03:00:00,12,2019-12-27 04:00:00,0.10531,0.10531,0.10531,0.0,0.24964241988104865,146.3680946006031,-0.0,0.0,0.0,146.3680946006031,146.3680946006031,0.0,1.0
8644,2019-12-27 04:00:00,12,2019-12-27 05:00:00,0.10531,0.10531,0.10531,0.0,0.24964241988104865,158.51184333362554,-0.0,0.0,0.0,158.51184333362554,158.51184333362554,0.0,1.0
8645,2019-12-27 05:00:00,12,2019-12-27 06:00:00,0.10531,0.10531,0.10531,0.0,0.24964241988104865,193.674431036127,-0.0,0.0,0.0,193.674431036127,193.674431036127,0.0,0.0
8646,2019-12-27 06:00:00,12,2019-12-27 07:00:00,0.10531,0.10531,0.10531,0.0,0.24964241988104865,323.86256950888065,-0.0,0.0,0.0,323.86256950888065,323.86256950888065,0.0,1.0
8647,2019-12-27 07:00:00,12,2019-12-27 08:00:00,0.10531,0.10531,0.10531,0.0,0.24964241988104865,406.5546227244474,-0.0,42.32330600697662,0.0,364.2313167174708,364.2313167174708,0.0,0.0
8648,2019-12-27 08:00:00,12,2019-12-27 09:00:00,0.10531,0.10531,0.10531,0.0,0.09629710826156815,363.7085663679553,-0.0,0.0,0.0,363.7085663679553,363.7085663679553,0.0,0.0
8649,2019-12-27 09:00:00,12,2019-12-27 10:00:00,0.10531,0.10531,0.10531,0.0,0.09629710826156815,327.6035812923917,-36.627735425079095,0.0,0.0,364.2313167174708,364.2313167174708,0.0,1.0
8650,2019-12-27 10:00:00,12,2019-12-27 11:00:00,0.10531,0.10531,0.10531,0.0,0.20862216356514404,282.72438947131826,-0.0,0.0,0.0,282.72438947131826,282.72438947131826,0.0,1.0
8651,2019-12-27 11:00:00,12,2019-12-27 12:00:00,0.10531,0.10531,0.10531,0.0,0.20862216356514404,284.70171158019195,-79.52960513727885,0.0,0.0,364.2313167174708,364.2313167174708,0.0,1.0
8652,2019-12-27 12:00:00,12,2019-12-27 13:00:00,0.10531,0.10531,0.10531,0.0,0.4525129526527993,284.10422351576483,-0.02384304865988502,0.0,0.0,284.1280665644247,284.1280665644247,0.0,1.0
8653,2019-12-27 13:00:00,12,2019-12-27 14:00:00,0.10531,0.10531,0.10531,0.0,0.4525860713353562,274.6773908127526,-0.0,0.0,0.0,274.6773908127526,274.6773908127526,0.0,1.0
8654,2019-12-27 14:00:00,12,2019-12-27 15:00:00,0.10531,0.10531,0.10531,0.0,0.4525860713353562,274.7012338614125,-89.5300828560583,0.0,0.0,364.2313167174708,364.2313167174708,0.0,1.0
8655,2019-12-27 15:00:00,12,2019-12-27 16:00:00,0.10531,0.10531,0.10531,0.0,0.727144992093935,275.25685761766704,-88.97445909980377,0.0,0.0,364.2313167174708,364.2313167174708,0.0,1.0
8656,2019-12-27 16:00:00,12,2019-12-27 17:00:00,0.13592,0.13592,0.13592,0.0,1.0,304.46222680135776,-0.0,0.0,0.0,304.46222680135776,304.46222680135776,0.0,1.0
8657,2019-12-27 17:00:00,12,2019-12-27 18:00:00,0.13592,0.13592,0.13592,0.0,1.0,294.74891223269134,-0.0,0.0,0.0,294.74891223269134,294.74891223269134,0.0,1.0
8658,2019-12-27 18:00:00,12,2019-12-27 19:00:00,0.13592,0.13592,0.13592,0.0,1.0,382.210149152146,-0.0,17.978832434675212,0.0,364.2313167174708,364.2313167174708,0.0,0.0
8659,2019-12-27 19:00:00,12,2019-12-27 20:00:00,0.13592,0.13592,0.13592,0.0,0.934859302772916,396.3079549043548,-0.0,115.52564762394579,0.0,280.782307280409,280.782307280409,0.0,0.0
8660,2019-12-27 20:00:00,12,2019-12-27 21:00:00,0.13592,0.13592,0.13592,0.0,0.5162881157296341,433.492794418959,-0.0,69.26147770148822,0.0,364.2313167174708,364.2313167174708,0.0,0.0
8661,2019-12-27 21:00:00,12,2019-12-27 22:00:00,0.10531,0.10531,0.10531,0.0,0.26534073275322756,423.6653589573616,-0.0,59.4340422398908,0.0,364.2313167174708,364.2313167174708,0.0,0.0
8662,2019-12-27 22:00:00,12,2019-12-27 23:00:00,0.10531,0.10531,0.10531,0.0,0.05,330.04562485126957,-0.0,0.0,0.0,330.04562485126957,330.04562485126957,0.0,1.0
8663,2019-12-27 23:00:00,12,2019-12-28 00:00:00,0.10531,0.10531,0.10531,0.0,0.05,227.4848105903246,-0.0,0.0,0.0,227.4848105903246,227.4848105903246,0.0,1.0
8664,2019-12-28 00:00:00,12,2019-12-28 01:00:00,0.10531,0.10531,0.10531,0.0,0.05,172.02555324392645,-0.0,0.0,0.0,172.02555324392645,172.02555324392645,0.0,1.0
8665,2019-12-28 01:00:00,12,2019-12-28 02:00:00,0.10531,0.10531,0.10531,0.0,0.05,158.22789215576378,-0.0,0.0,0.0,158.22789215576378,158.22789215576378,0.0,1.0
8666,2019-12-28 02:00:00,12,2019-12-28 03:00:00,0.10531,0.10531,0.10531,0.0,0.05,144.85401356748187,-0.0,0.0,0.0,144.85401356748187,144.85401356748187,0.0,0.0
8667,2019-12-28 03:00:00,12,2019-12-28 04:00:00,0.10531,0.10531,0.10531,0.0,0.05,141.98251196261253,-0.0,0.0,0.0,141.98251196261253,141.98251196261253,0.0,1.0
8668,2019-12-28 04:00:00,12,2019-12-28 05:00:00,0.10531,0.10531,0.10531,0.0,0.05,149.67202406271423,-0.0,0.0,0.0,149.67202406271423,149.67202406271423,0.0,1.0
8669,2019-12-28 05:00:00,12,2019-12-28 06:00:00,0.10531,0.10531,0.10531,0.0,0.05,186.66769395474975,-106.27849517869032,0.0,0.0,292.94618913344004,292.94618913344004,0.0,1.0
8670,2019-12-28 06:00:00,12,2019-12-28 07:00:00,0.10531,0.10531,0.10531,0.0,0.37592071854798365,318.06400170976957,-0.0,0.0,0.0,318.06400170976957,318.06400170976957,0.0,0.0
8671,2019-12-28 07:00:00,12,2019-12-28 08:00:00,0.10531,0.10531,0.10531,0.0,0.37592071854798365,404.85174591926653,-0.0,40.62042920179573,0.0,364.2313167174708,364.2313167174708,0.0,0.0
8672,2019-12-28 08:00:00,12,2019-12-28 09:00:00,0.10531,0.10531,0.10531,0.0,0.2287452504255354,362.65083503568115,-0.0,0.0,0.0,362.65083503568115,362.65083503568115,0.0,1.0
8673,2019-12-28 09:00:00,12,2019-12-28 10:00:00,0.10531,0.10531,0.10531,0.0,0.2287452504255354,329.4096270908594,-0.0,0.0,0.0,329.4096270908594,329.4096270908594,0.0,1.0
8674,2019-12-28 10:00:00,12,2019-12-28 11:00:00,0.10531,0.10531,0.10531,0.0,0.2287452504255354,281.09019660663375,-83.14112011083705,0.0,0.0,364.2313167174708,364.2313167174708,0.0,1.0
8675,2019-12-28 11:00:00,12,2019-12-28 12:00:00,0.10531,0.10531,0.10531,0.0,0.48371135209876903,285.0956408537713,-0.0,0.0,0.0,285.0956408537713,285.0956408537713,0.0,0.0
8676,2019-12-28 12:00:00,12,2019-12-28 13:00:00,0.10531,0.10531,0.10531,0.0,0.48371135209876903,284.954233399351,-79.27708331811982,0.0,0.0,364.2313167174708,364.2313167174708,0.0,1.0
8677,2019-12-28 13:00:00,12,2019-12-28 14:00:00,0.10531,0.10531,0.10531,0.0,0.7268277409410031,275.15340615475446,-89.07791056271634,0.0,0.0,364.2313167174708,364.2313167174708,0.0,1.0
8678,2019-12-28 14:00:00,12,2019-12-28 15:00:00,0.10531,0.10531,0.10531,0.0,1.0,275.528249416943,-0.0,0.0,0.0,275.528249416943,275.528249416943,0.0,1.0
8679,2019-12-28 15:00:00,12,2019-12-28 16:00:00,0.10531,0.10531,0.10531,0.0,1.0,276.188828172099,-0.0,0.0,0.0,276.188828172099,276.188828172099,0.0,1.0
8680,2019-12-28 16:00:00,12,2019-12-28 17:00:00,0.13592,0.13592,0.13592,0.0,1.0,314.7136686136217,-0.0,0.0,0.0,314.7136686136217,314.7136686136217,0.0,1.0
8681,2019-12-28 17:00:00,12,2019-12-28 18:00:00,0.13592,0.13592,0.13592,0.0,1.0,297.1311123226426,-0.0,96.69898765107754,0.0,200.43212467156505,200.43212467156505,0.0,0.0
8682,2019-12-28 18:00:00,12,2019-12-28 19:00:00,0.13592,0.13592,0.13592,0.0,0.6496413490902988,373.80554040654306,-0.0,9.574223689072255,0.0,364.2313167174708,364.2313167174708,0.0,0.0
8683,2019-12-28 19:00:00,12,2019-12-28 20:00:00,0.13592,0.13592,0.13592,0.0,0.6149521328255442,392.5099639137643,-0.0,28.27864719629349,0.0,364.2313167174708,364.2313167174708,0.0,0.0
8684,2019-12-28 20:00:00,12,2019-12-28 21:00:00,0.13592,0.13592,0.13592,0.0,0.512493266172307,433.37443226834125,-0.0,69.14311555087045,0.0,364.2313167174708,364.2313167174708,0.0,0.0
8685,2019-12-28 21:00:00,12,2019-12-28 22:00:00,0.10531,0.10531,0.10531,0.0,0.2619747315677039,422.7363426301571,-0.0,58.50502591268628,0.0,364.2313167174708,364.2313167174708,0.0,0.0
8686,2019-12-28 22:00:00,12,2019-12-28 23:00:00,0.10531,0.10531,0.10531,0.0,0.05,333.25484654584704,-0.0,0.0,0.0,333.25484654584704,333.25484654584704,0.0,1.0
8687,2019-12-28 23:00:00,12,2019-12-29 00:00:00,0.10531,0.10531,0.10531,0.0,0.05,235.35533127763577,-0.0,0.0,0.0,235.35533127763577,235.35533127763577,0.0,1.0
8688,2019-12-29 00:00:00,12,2019-12-29 01:00:00,0.10531,0.10531,0.10531,0.0,0.05,176.116522723069,-0.0,0.0,0.0,176.116522723069,176.116522723069,0.0,1.0
8689,2019-12-29 01:00:00,12,2019-12-29 02:00:00,0.10531,0.10531,0.10531,0.0,0.05,159.21224557487074,-0.0,0.0,0.0,159.21224557487074,159.21224557487074,0.0,1.0
8690,2019-12-29 02:00:00,12,2019-12-29 03:00:00,0.10531,0.10531,0.10531,0.0,0.05,147.7698754884948,-0.0,0.0,0.0,147.7698754884948,147.7698754884948,0.0,1.0
8691,2019-12-29 03:00:00,12,2019-12-29 04:00:00,0.10531,0.10531,0.10531,0.0,0.05,146.02215622031082,-0.0,0.0,0.0,146.02215622031082,146.02215622031082,0.0,1.0
8692,2019-12-29 04:00:00,12,2019-12-29 05:00:00,0.10531,0.10531,0.10531,0.0,0.05,152.39783383348788,-107.70391286958196,0.0,0.0,260.1017467030698,260.1017467030698,0.0,1.0
8693,2019-12-29 05:00:00,12,2019-12-29 06:00:00,0.10531,0.10531,0.10531,0.0,0.380291999466718,186.92698411525188,-0.0,0.0,0.0,186.92698411525188,186.92698411525188,0.0,0.0
8694,2019-12-29 06:00:00,12,2019-12-29 07:00:00,0.10531,0.10531,0.10531,0.0,0.380291999466718,318.2621049863404,-0.0,0.0,0.0,318.2621049863404,318.2621049863404,0.0,0.0
8695,2019-12-29 07:00:00,12,2019-12-29 08:00:00,0.10531,0.10531,0.10531,0.0,0.380291999466718,405.3055245064296,-0.0,41.0742077889588,0.0,364.2313167174708,364.2313167174708,0.0,0.0
8696,2019-12-29 08:00:00,12,2019-12-29 09:00:00,0.10531,0.10531,0.10531,0.0,0.23147240602846147,363.6046967100653,-0.0,0.0,0.0,363.6046967100653,363.6046967100653,0.0,0.0
8697,2019-12-29 09:00:00,12,2019-12-29 10:00:00,0.10531,0.10531,0.10531,0.0,0.23147240602846147,328.5669755258728,-0.0,0.0,0.0,328.5669755258728,328.5669755258728,0.0,0.0
8698,2019-12-29 10:00:00,12,2019-12-29 11:00:00,0.10531,0.10531,0.10531,0.0,0.23147240602846147,282.14512757705495,-82.08618914041585,0.0,0.0,364.2313167174708,364.2313167174708,0.0,1.0
8699,2019-12-29 11:00:00,12,2019-12-29 12:00:00,0.10531,0.10531,0.10531,0.0,0.4832033860590701,285.17480581607424,-0.0,0.0,0.0,285.17480581607424,285.17480581607424,0.0,0.0
8700,2019-12-29 12:00:00,12,2019-12-29 13:00:00,0.10531,0.10531,0.10531,0.0,0.4832033860590701,284.7500600965546,-79.48125662091621,0.0,0.0,364.2313167174708,364.2313167174708,0.0,1.0
8701,2019-12-29 13:00:00,12,2019-12-29 14:00:00,0.10531,0.10531,0.10531,0.0,0.7269459063632132,275.191938357649,-0.0,0.0,0.0,275.191938357649,275.191938357649,0.0,0.0
8702,2019-12-29 14:00:00,12,2019-12-29 15:00:00,0.10531,0.10531,0.10531,0.0,0.7269459063632132,275.1819625904757,-89.03937835982177,0.0,0.0,364.2213409502974,364.2213409502974,0.0,1.0
8703,2019-12-29 15:00:00,12,2019-12-29 16:00:00,0.10531,0.10531,0.10531,0.0,1.0,275.79913359549573,-0.0,0.0,0.0,275.79913359549573,275.79913359549573,0.0,1.0
8704,2019-12-29 16:00:00,12,2019-12-29 17:00:00,0.13592,0.13592,0.13592,0.0,1.0,316.8760825053209,-0.0,0.0,0.0,316.8760825053209,316.8760825053209,0.0,1.0
8705,2019-12-29 17:00:00,12,2019-12-29 18:00:00,0.13592,0.13592,0.13592,0.0,1.0,315.5367696581054,-0.0,0.0,0.0,315.5367696581054,315.5367696581054,0.0,1.0
8706,2019-12-29 18:00:00,12,2019-12-29 19:00:00,0.13592,0.13592,0.13592,0.0,1.0,370.43901984528685,-0.0,6.207703127816046,0.0,364.2313167174708,364.2313167174708,0.0,0.0
8707,2019-12-29 19:00:00,12,2019-12-29 20:00:00,0.13592,0.13592,0.13592,0.0,0.9775083220006665,393.75843201713093,-0.0,47.013759656681636,0.0,346.7446723604493,346.7446723604493,0.0,0.0
8708,2019-12-29 20:00:00,12,2019-12-29 21:00:00,0.13592,0.13592,0.13592,0.0,0.807168613099646,435.8256327819949,-0.0,150.0,0.0,285.8256327819949,285.8256327819949,0.0,0.0
8709,2019-12-29 21:00:00,12,2019-12-29 22:00:00,0.10531,0.10531,0.10531,0.0,0.2636903522300809,423.20985393297315,-0.0,58.97853721550234,0.0,364.2313167174708,364.2313167174708,0.0,0.0
8710,2019-12-29 22:00:00,12,2019-12-29 23:00:00,0.10531,0.10531,0.10531,0.0,0.05,332.2125406202711,-0.0,0.0,0.0,332.2125406202711,332.2125406202711,0.0,0.0
8711,2019-12-29 23:00:00,12,2019-12-30 00:00:00,0.10531,0.10531,0.10531,0.0,0.05,230.56021521061436,-0.0,0.0,0.0,230.56021521061436,230.56021521061436,0.0,1.0
8712,2019-12-30 00:00:00,12,2019-12-30 01:00:00,0.10531,0.10531,0.10531,0.0,0.05,176.24866658573904,-0.0,0.0,0.0,176.24866658573904,176.24866658573904,0.0,1.0
8713,2019-12-30 01:00:00,12,2019-12-30 02:00:00,0.10531,0.10531,0.10531,0.0,0.05,194.26716397276098,-0.0,0.0,0.0,194.26716397276098,194.26716397276098,0.0,1.0
8714,2019-12-30 02:00:00,12,2019-12-30 03:00:00,0.10531,0.10531,0.10531,0.0,0.05,174.47594954541023,-0.0,0.0,0.0,174.47594954541023,174.47594954541023,0.0,1.0
8715,2019-12-30 03:00:00,12,2019-12-30 04:00:00,0.10531,0.10531,0.10531,0.0,0.05,158.34615261744082,-150.0,0.0,0.0,308.3461526174408,308.3461526174408,0.0,1.0
8716,2019-12-30 04:00:00,12,2019-12-30 05:00:00,0.10531,0.10531,0.10531,0.0,0.51,160.92413899248703,-150.0,0.0,0.0,310.92413899248703,310.92413899248703,0.0,1.0
8717,2019-12-30 05:00:00,12,2019-12-30 06:00:00,0.10531,0.10531,0.10531,0.0,0.97,170.6183220782882,-0.0,0.0,0.0,170.6183220782882,170.6183220782882,0.0,0.0
8718,2019-12-30 06:00:00,12,2019-12-30 07:00:00,0.10531,0.10531,0.10531,0.0,0.97,261.85202202317504,-0.0,0.0,0.0,261.85202202317504,261.85202202317504,0.0,1.0
8719,2019-12-30 07:00:00,12,2019-12-30 08:00:00,0.10531,0.10531,0.10531,0.0,0.97,337.23428999900227,-0.0,0.0,0.0,337.23428999900227,337.23428999900227,0.0,0.0
8720,2019-12-30 08:00:00,12,2019-12-30 09:00:00,0.10531,0.10531,0.10531,0.0,0.97,400.8975861221081,-0.0,36.66626940463732,0.0,364.2313167174708,364.2313167174708,0.0,0.0
8721,2019-12-30 09:00:00,12,2019-12-30 10:00:00,0.10531,0.10531,0.10531,0.0,0.837151197809285,351.9998458291446,-12.231470888326214,0.0,0.0,364.2313167174708,364.2313167174708,0.0,1.0
8722,2019-12-30 10:00:00,12,2019-12-30 11:00:00,0.10531,0.10531,0.10531,0.0,0.8746610418668187,297.3824345103452,-40.87139939125474,0.0,0.0,338.25383390159993,338.25383390159993,0.0,1.0
8723,2019-12-30 11:00:00,12,2019-12-30 12:00:00,0.10531,0.10531,0.10531,0.0,1.0,289.856802098375,-0.0,0.0,0.0,289.856802098375,289.856802098375,0.0,0.0
8724,2019-12-30 12:00:00,12,2019-12-30 13:00:00,0.10531,0.10531,0.10531,0.0,1.0,289.4048657249529,-0.0,0.0,0.0,289.4048657249529,289.4048657249529,0.0,0.0
8725,2019-12-30 13:00:00,12,2019-12-30 14:00:00,0.10531,0.10531,0.10531,0.0,1.0,279.9773428459649,-0.0,0.0,0.0,279.9773428459649,279.9773428459649,0.0,0.0
8726,2019-12-30 14:00:00,12,2019-12-30 15:00:00,0.10531,0.10531,0.10531,0.0,1.0,279.7436671789446,-0.0,0.0,0.0,279.7436671789446,279.7436671789446,0.0,0.0
8727,2019-12-30 15:00:00,12,2019-12-30 16:00:00,0.10531,0.10531,0.10531,0.0,1.0,280.0779981509852,-0.0,0.0,0.0,280.0779981509852,280.0779981509852,0.0,1.0
8728,2019-12-30 16:00:00,12,2019-12-30 17:00:00,0.13592,0.13592,0.13592,0.0,1.0,311.5214058716384,-0.0,0.0,0.0,311.5214058716384,311.5214058716384,0.0,1.0
8729,2019-12-30 17:00:00,12,2019-12-30 18:00:00,0.13592,0.13592,0.13592,0.0,1.0,289.79951976196884,-0.0,0.0,0.0,289.79951976196884,289.79951976196884,0.0,1.0
8730,2019-12-30 18:00:00,12,2019-12-30 19:00:00,0.13592,0.13592,0.13592,0.0,1.0,382.14586006281803,-0.0,126.73899450977375,0.0,255.40686555304427,255.40686555304427,0.0,0.0
8731,2019-12-30 19:00:00,12,2019-12-30 20:00:00,0.13592,0.13592,0.13592,0.0,0.5408007445298053,397.19028023797784,-0.0,32.95896352050704,0.0,364.2313167174708,364.2313167174708,0.0,0.0
8732,2019-12-30 20:00:00,12,2019-12-30 21:00:00,0.13592,0.13592,0.13592,0.0,0.42138421003521465,420.2678432989611,-0.0,56.03652658149031,0.0,364.2313167174708,364.2313167174708,0.0,0.0
8733,2019-12-30 21:00:00,12,2019-12-30 22:00:00,0.10531,0.10531,0.10531,0.0,0.21835331662401786,410.69683210569974,-0.0,46.46551538822894,0.0,364.2313167174708,364.2313167174708,0.0,0.0
8734,2019-12-30 22:00:00,12,2019-12-30 23:00:00,0.10531,0.10531,0.10531,0.0,0.05,346.088798764533,-18.142517952937794,0.0,0.0,364.2313167174708,364.2313167174708,0.0,1.0
8735,2019-12-30 23:00:00,12,2019-12-31 00:00:00,0.10531,0.10531,0.10531,0.0,0.1056370550556759,243.53761098815275,-0.0,0.0,0.0,243.53761098815275,243.53761098815275,0.0,1.0
8736,2019-12-31 00:00:00,12,2019-12-31 01:00:00,0.10531,0.10531,0.10531,0.0,0.1056370550556759,194.90466135888514,-0.0,0.0,0.0,194.90466135888514,194.90466135888514,0.0,1.0
8737,2019-12-31 01:00:00,12,2019-12-31 02:00:00,0.10531,0.10531,0.10531,0.0,0.1056370550556759,184.54034520014352,-150.0,0.0,0.0,334.5403452001435,334.5403452001435,0.0,1.0
8738,2019-12-31 02:00:00,12,2019-12-31 03:00:00,0.10531,0.10531,0.10531,0.0,0.565637055055676,158.06500674012582,-0.0,0.0,0.0,158.06500674012582,158.06500674012582,0.0,1.0
8739,2019-12-31 03:00:00,12,2019-12-31 04:00:00,0.10531,0.10531,0.10531,0.0,0.565637055055676,155.8892004671304,-0.0,0.0,0.0,155.8892004671304,155.8892004671304,0.0,0.0
8740,2019-12-31 04:00:00,12,2019-12-31 05:00:00,0.10531,0.10531,0.10531,0.0,0.565637055055676,184.27368096786418,-0.0,0.0,0.0,184.27368096786418,184.27368096786418,0.0,1.0
8741,2019-12-31 05:00:00,12,2019-12-31 06:00:00,0.10531,0.10531,0.10531,0.0,0.565637055055676,208.71416246684444,-141.64009074271436,0.0,0.0,350.3542532095588,350.3542532095588,0.0,1.0
8742,2019-12-31 06:00:00,12,2019-12-31 07:00:00,0.10531,0.10531,0.10531,0.0,1.0,278.891712878986,-0.0,0.0,0.0,278.891712878986,278.891712878986,0.0,1.0
8743,2019-12-31 07:00:00,12,2019-12-31 08:00:00,0.10531,0.10531,0.10531,0.0,1.0,353.8528462139882,-0.0,0.0,0.0,353.8528462139882,353.8528462139882,0.0,0.0
8744,2019-12-31 08:00:00,12,2019-12-31 09:00:00,0.10531,0.10531,0.10531,0.0,1.0,391.49492230843236,-0.0,27.26360559096156,0.0,364.2313167174708,364.2313167174708,0.0,0.0
8745,2019-12-31 09:00:00,12,2019-12-31 10:00:00,0.10531,0.10531,0.10531,0.0,0.9012188203226029,339.449011569756,-24.782305147714794,0.0,0.0,364.2313167174708,364.2313167174708,0.0,1.0
8746,2019-12-31 10:00:00,12,2019-12-31 11:00:00,0.10531,0.10531,0.10531,0.0,0.9772178894422618,296.81788508771757,-7.428949094914611,0.0,0.0,304.24683418263214,304.24683418263214,0.0,1.0
8747,2019-12-31 11:00:00,12,2019-12-31 12:00:00,0.10531,0.10531,0.10531,0.0,1.0,294.59496974758076,-0.0,0.0,0.0,294.59496974758076,294.59496974758076,0.0,0.0
8748,2019-12-31 12:00:00,12,2019-12-31 13:00:00,0.10531,0.10531,0.10531,0.0,1.0,294.45791637909036,-0.0,0.0,0.0,294.45791637909036,294.45791637909036,0.0,1.0
8749,2019-12-31 13:00:00,12,2019-12-31 14:00:00,0.10531,0.10531,0.10531,0.0,1.0,275.00655063924046,-0.0,0.0,0.0,275.00655063924046,275.00655063924046,0.0,1.0
8750,2019-12-31 14:00:00,12,2019-12-31 15:00:00,0.10531,0.10531,0.10531,0.0,1.0,275.1879055638993,-0.0,0.0,0.0,275.1879055638993,275.1879055638993,0.0,1.0
8751,2019-12-31 15:00:00,12,2019-12-31 16:00:00,0.10531,0.10531,0.10531,0.0,1.0,276.35968380417086,-0.0,0.0,0.0,276.35968380417086,276.35968380417086,0.0,0.0
8752,2019-12-31 16:00:00,12,2019-12-31 17:00:00,0.13592,0.13592,0.13592,0.0,1.0,314.2748507185685,-0.0,0.0,0.0,314.2748507185685,314.2748507185685,0.0,1.0
8753,2019-12-31 17:00:00,12,2019-12-31 18:00:00,0.13592,0.13592,0.13592,0.0,1.0,308.2428247905364,-0.0,0.0,0.0,308.2428247905364,308.2428247905364,0.0,1.0
8754,2019-12-31 18:00:00,12,2019-12-31 19:00:00,0.13592,0.13592,0.13592,0.0,1.0,362.2138968195349,-0.0,0.0,0.0,362.2138968195349,362.2138968195349,0.0,1.0
8755,2019-12-31 19:00:00,12,2019-12-31 20:00:00,0.13592,0.13592,0.13592,0.0,1.0,393.4511458637953,-0.0,148.9623160905093,0.0,244.48882977328603,244.48882977328603,0.0,0.0
8756,2019-12-31 20:00:00,12,2019-12-31 21:00:00,0.13592,0.13592,0.13592,0.0,0.4602814634401837,433.8886543710605,-0.0,69.6573376535897,0.0,364.2313167174708,364.2313167174708,0.0,0.0
8757,2019-12-31 21:00:00,12,2019-12-31 22:00:00,0.10531,0.10531,0.10531,0.0,0.20789980527500368,407.8116629733718,-0.0,43.58034625590102,0.0,364.2313167174708,364.2313167174708,0.0,0.0
8758,2019-12-31 22:00:00,12,2019-12-31 23:00:00,0.10531,0.10531,0.10531,0.0,0.05,346.6122778837631,-17.61903883370769,0.0,0.0,364.2313167174708,364.2313167174708,0.0,1.0
8759,2019-12-31 23:00:00,12,2020-01-01 00:00:00,0.10531,0.10531,0.10531,0.0,0.10403171909003692,251.64965644105848,-0.0,0.0,0.0,251.64965644105848,251.64965644105848,0.0,0.0
